1.000000000 -0.000000000 0.000000000 0.000000015 -0.000000000 1.000000000 -0.000000000 -0.000000000 0.000000000 -0.000000000 1.000000000 0.000000000
0.999991417 -0.002447186 -0.003349610 -0.003022066 0.002439792 0.999994576 -0.002209665 -0.005065608 0.003355000 0.002201474 0.999991953 0.666727066
0.999970138 -0.001943365 -0.007487140 -0.010661413 0.001917870 0.999992371 -0.003410870 -0.012914666 0.007493712 0.003396408 0.999966145 1.366861582
0.999936283 -0.001676576 -0.011163311 -0.030007504 0.001622136 0.999986827 -0.004883995 -0.014966149 0.011171353 0.004865574 0.999925792 2.066485882
0.999870539 -0.000451318 -0.016083315 -0.049297884 0.000361292 0.999984324 -0.005599910 -0.017124966 0.016085589 0.005593373 0.999854982 2.796822548
0.999793112 -0.001554808 -0.020280479 -0.064661443 0.001441230 0.999983132 -0.005613780 -0.031446315 0.020288868 0.005583389 0.999778569 3.523591757
0.999692559 0.000239193 -0.024795361 -0.089786455 -0.000413029 0.999975383 -0.007005946 -0.034472115 0.024793079 0.007014033 0.999667943 4.278893948
0.999565005 0.002986461 -0.029338792 -0.123096801 -0.003213666 0.999965131 -0.007700089 -0.043257497 0.029314768 0.007791022 0.999540031 5.032818317
0.999429047 0.003374879 -0.033617806 -0.155936062 -0.003578633 0.999975562 -0.006002577 -0.050607741 0.033596724 0.006119455 0.999416769 5.817329407
0.999264479 0.002612547 -0.038258206 -0.187289357 -0.002746070 0.999990284 -0.003437882 -0.057960175 0.038248856 0.003540415 0.999261975 6.624564171
0.999138772 0.002327276 -0.041428734 -0.222869813 -0.002355219 0.999997020 -0.000625700 -0.070265181 0.041427154 0.000722735 0.999141276 7.418310165
0.999024332 0.003693057 -0.044009171 -0.266015083 -0.003751089 0.999992132 -0.001236114 -0.078560047 0.044004258 0.001399991 0.999030352 8.233446121
0.998935282 0.002913527 -0.046041988 -0.314452261 -0.002981721 0.999994576 -0.001412492 -0.084795110 0.046037622 0.001548272 0.998938441 9.057425499
0.998842776 0.000302831 -0.048092593 -0.346788436 -0.000403391 0.999997795 -0.002081272 -0.090312399 0.048091851 0.002098264 0.998840690 9.896664619
0.998732150 0.000074695 -0.050339907 -0.388264209 -0.000143175 0.999999106 -0.001356744 -0.096075334 0.050339751 0.001362231 0.998731256 10.737703323
0.998683631 -0.001463558 -0.051273804 -0.443761379 0.001366001 0.999997199 -0.001937659 -0.099756718 0.051276483 0.001865068 0.998682797 11.577857971
0.998572767 0.000774842 -0.053402670 -0.492617965 -0.000984952 0.999991894 -0.003908235 -0.115446754 0.053399205 0.003955256 0.998565435 12.438133240
0.998490512 0.000795819 -0.054918986 -0.540872455 -0.001155473 0.999978065 -0.006517373 -0.121663272 0.054912604 0.006570992 0.998469591 13.317622185
0.998381019 0.004636263 -0.056690075 -0.598176599 -0.005108420 0.999953449 -0.008186670 -0.132718235 0.056649484 0.008463012 0.998358309 14.191804886
0.998309612 0.005747687 -0.057834927 -0.651882410 -0.006202283 0.999951243 -0.007683800 -0.145484522 0.057787944 0.008029519 0.998296678 15.086625099
0.998237252 0.004731680 -0.059160624 -0.707897961 -0.005106805 0.999967754 -0.006191231 -0.160381377 0.059129417 0.006482440 0.998229265 15.975992203
0.998152673 0.005457432 -0.060510077 -0.768000126 -0.005771392 0.999970734 -0.005014996 -0.169072583 0.060480945 0.005354960 0.998154998 16.876558304
0.998110890 0.004910466 -0.061241325 -0.831211090 -0.005211007 0.999975145 -0.004748735 -0.186346799 0.061216485 0.005058893 0.998111725 17.780550003
0.997994184 0.004855137 -0.063118435 -0.887316823 -0.005200032 0.999972463 -0.005301119 -0.203803033 0.063090973 0.005618704 0.997991920 18.688499451
0.997922719 0.003307482 -0.064336419 -0.948386610 -0.003687394 0.999976516 -0.005787226 -0.216809422 0.064315788 0.006012439 0.997911453 19.603343964
0.997902513 0.003175552 -0.064656861 -1.009922147 -0.003452787 0.999985397 -0.004176520 -0.228450879 0.064642660 0.004391007 0.997898877 20.518564224
0.997893333 0.004866256 -0.064692460 -1.071771145 -0.004937500 0.999987364 -0.000941444 -0.239598513 0.064687058 0.001258880 0.997904778 21.448560715
0.997949302 0.005819292 -0.063743725 -1.134503484 -0.005652047 0.999980092 0.002803729 -0.248769999 0.063758768 -0.002437697 0.997962415 22.380199432
0.998066485 0.005191349 -0.061938055 -1.202650905 -0.004861463 0.999973297 0.005475590 -0.252116084 0.061964825 -0.005163894 0.998065114 23.314254761
0.998148680 0.005027657 -0.060612336 -1.254180431 -0.004640367 0.999967933 0.006528704 -0.261701584 0.060643215 -0.006235354 0.998139977 24.256155014
0.998219490 0.005392084 -0.059402101 -1.307952881 -0.005185612 0.999980032 0.003629447 -0.267282158 0.059420481 -0.003314948 0.998227477 25.199882507
0.998276532 0.005998688 -0.058376350 -1.371641159 -0.006074365 0.999980867 -0.001118971 -0.272088647 0.058368526 0.001471642 0.998293996 26.139657974
0.998337567 0.005883678 -0.057336714 -1.421227574 -0.006115162 0.999973774 -0.003862645 -0.288053989 0.057312492 0.004206846 0.998347342 27.097501755
0.998371959 0.003202199 -0.056948546 -1.470409989 -0.003388284 0.999989212 -0.003171333 -0.294134378 0.056937773 0.003359127 0.998372078 28.056123734
0.998380542 0.001440523 -0.056869358 -1.532428622 -0.001336541 0.999997318 0.001866407 -0.305026919 0.056871887 -0.001787377 0.998379827 29.028945923
0.998347878 -0.002027848 -0.057423346 -1.588108420 0.002349324 0.999981880 0.005531392 -0.317996621 0.057411093 -0.005657159 0.998334706 29.988847733
0.998223245 -0.009407309 -0.058838058 -1.633189917 0.009710810 0.999940991 0.004874440 -0.324235260 0.058788724 -0.005437144 0.998255670 30.964656830
0.998132050 -0.011822421 -0.059938211 -1.691803694 0.011909608 0.999928474 0.001097586 -0.330012023 0.059920948 -0.001809376 0.998201549 31.931997299
0.998046696 -0.011446404 -0.061414458 -1.754188895 0.011278884 0.999931633 -0.003073709 -0.334902763 0.061445441 0.002375019 0.998107731 32.909069061
0.997941554 -0.010675696 -0.063234814 -1.830397367 0.010469677 0.999938726 -0.003588511 -0.345369548 0.063269258 0.002919076 0.997992218 33.891983032
0.997892380 -0.010382270 -0.064054750 -1.886332870 0.010274667 0.999945223 -0.002009014 -0.363435268 0.064072110 0.001346639 0.997944295 34.867713928
0.997825146 -0.007442820 -0.065495342 -1.954778671 0.007510086 0.999971509 0.000780893 -0.375575304 0.065487675 -0.001271070 0.997852623 35.867591858
0.997743189 -0.007498144 -0.066724740 -2.024689436 0.007659369 0.999968290 0.002160770 -0.386756837 0.066706426 -0.002666962 0.997769117 36.855548859
0.997695029 -0.006178034 -0.067574441 -2.096781492 0.006507493 0.999967933 0.004656439 -0.393761009 0.067543507 -0.005085446 0.997703433 37.831951141
0.997699976 -0.006024509 -0.067515135 -2.154284477 0.006584405 0.999945641 0.008073417 -0.409450680 0.067462839 -0.008499396 0.997685611 38.800930023
0.997687101 -0.000479992 -0.067971535 -2.236550570 0.001164495 0.999948978 0.010031177 -0.405508190 0.067963257 -0.010087128 0.997636795 39.810955048
0.997682869 -0.000220481 -0.068035409 -2.312539577 0.000860401 0.999955595 0.009376531 -0.409577966 0.068030320 -0.009413342 0.997638822 40.804729462
0.997685015 -0.000166251 -0.068004884 -2.383261919 0.000681802 0.999971151 0.007557957 -0.412466794 0.068001688 -0.007586826 0.997656405 41.791557312
0.997667909 0.001906985 -0.068227313 -2.446774721 -0.001533347 0.999983549 0.005528322 -0.419846535 0.068236716 -0.005410813 0.997654498 42.775337219
0.997608840 0.001383827 -0.069098949 -2.518327713 -0.000987576 0.999982893 0.005768387 -0.427206367 0.069105744 -0.005686353 0.997593164 43.771591187
0.997509360 -0.000850923 -0.070529506 -2.588521481 0.001333441 0.999976039 0.006794571 -0.431932092 0.070522040 -0.006871696 0.997486591 44.766769409
0.997452438 0.000034418 -0.071334332 -2.657950401 0.000533177 0.999968529 0.007937768 -0.441195399 0.071332328 -0.007955582 0.997420907 45.738983154
0.997441113 0.002538219 -0.071448132 -2.733507633 -0.002231188 0.999988019 0.004376740 -0.452724993 0.071458377 -0.004206127 0.997434735 46.709678650
0.997375488 0.003102493 -0.072336718 -2.814433098 -0.003103402 0.999995232 0.000099821 -0.459158927 0.072336674 0.000124930 0.997380257 47.678489685
0.997328937 0.003817165 -0.072942026 -2.885492802 -0.003918706 0.999991536 -0.001248994 -0.463455915 0.072936647 0.001531496 0.997335374 48.638877869
0.997349203 0.002651597 -0.072715871 -2.963455200 -0.002478955 0.999993980 0.002464351 -0.476915896 0.072721966 -0.002277559 0.997349620 49.620574951
0.997360945 0.000464426 -0.072602272 -3.037012815 -0.000044274 0.999983251 0.005788542 -0.488998890 0.072603740 -0.005770050 0.997344196 50.586753845
0.997291386 -0.001501783 -0.073536605 -3.096147060 0.001968583 0.999978304 0.006275788 -0.495589644 0.073525585 -0.006403552 0.997272789 51.540596008
0.997251332 -0.004880894 -0.073932670 -3.165981293 0.005258586 0.999974012 0.004914803 -0.502519846 0.073906757 -0.005290074 0.997251153 52.498760223
0.997222960 -0.007828447 -0.074061781 -3.236937284 0.008146550 0.999958873 0.003993976 -0.514697790 0.074027479 -0.004586233 0.997245610 53.450286865
0.997151017 -0.009151800 -0.074873224 -3.311394215 0.009547187 0.999942303 0.004924527 -0.522216320 0.074823841 -0.005625327 0.997180879 54.402103424
0.997007489 -0.012305756 -0.076321088 -3.378352165 0.013035147 0.999873996 0.009066060 -0.526417673 0.076199889 -0.010033785 0.997042120 55.357563019
0.996949017 -0.012818362 -0.076995954 -3.447097301 0.013937929 0.999804556 0.014020829 -0.528488338 0.076801196 -0.015051218 0.996932805 56.296573639
0.996961296 -0.011063414 -0.077109069 -3.532775879 0.012347418 0.999792635 0.016194968 -0.528002739 0.076913923 -0.017097853 0.996891201 57.241062164
0.996849895 -0.009781044 -0.078706451 -3.608614922 0.010778213 0.999866784 0.012254617 -0.531426072 0.078576103 -0.013064330 0.996822536 58.172069550
0.996762931 -0.007951236 -0.080002762 -3.685542583 0.008326701 0.999955714 0.004360581 -0.534964621 0.079964578 -0.005012626 0.996785164 59.077831268
0.996689796 -0.006615269 -0.081029236 -3.764254570 0.006611363 0.999978125 -0.000316510 -0.546901226 0.081029564 -0.000220251 0.996711612 60.003490448
0.996682107 -0.001339762 -0.081382334 -3.857511044 0.001373319 0.999999106 0.000356375 -0.554693162 0.081381768 -0.000466957 0.996682882 60.904884338
0.996547639 0.001073747 -0.083018132 -3.936875582 -0.000829138 0.999995291 0.002980889 -0.570307076 0.083020940 -0.002901764 0.996543527 61.802227020
0.996448457 0.003806513 -0.084117681 -4.011946201 -0.003455145 0.999984682 0.004322304 -0.582495749 0.084132835 -0.004016315 0.996446490 62.684066772
0.996347785 0.004475152 -0.085270129 -4.090320110 -0.004152048 0.999983549 0.003966158 -0.589907885 0.085286461 -0.003597627 0.996350110 63.550762177
0.996207833 0.006135413 -0.086787857 -4.170634270 -0.005729532 0.999971449 0.004925030 -0.600217342 0.086815588 -0.004409099 0.996214628 64.401733398
0.996086359 0.007295975 -0.088083282 -4.251797676 -0.006844311 0.999961793 0.005428629 -0.610539079 0.088119529 -0.004804514 0.996098340 65.241088867
0.995964110 0.006846205 -0.089491025 -4.325825214 -0.006327203 0.999961615 0.006081883 -0.624047041 0.089529216 -0.005491111 0.995969057 66.059959412
0.995868146 0.006597779 -0.090571105 -4.401305199 -0.005978511 0.999956906 0.007106977 -0.630287647 0.090614080 -0.006536133 0.995864630 66.863639832
0.995714605 0.009634838 -0.091975361 -4.483787060 -0.008771911 0.999913692 0.009781804 -0.636033416 0.092061661 -0.008933087 0.995713234 67.668975830
0.995576501 0.010927934 -0.093316600 -4.559315681 -0.009644741 0.999852717 0.014190920 -0.646885335 0.093457967 -0.013228131 0.995535314 68.457748413
0.995382369 0.013864958 -0.094981842 -4.642528057 -0.012428027 0.999799430 0.015703389 -0.645807028 0.095180511 -0.014450443 0.995355070 69.233772278
0.995242119 0.017011754 -0.095934816 -4.725929260 -0.015942637 0.999802113 0.011899755 -0.660037339 0.096118264 -0.010313688 0.995316505 69.977554321
0.995101988 0.017044773 -0.097371437 -4.799364090 -0.016682085 0.999850571 0.004537768 -0.666202128 0.097434230 -0.002891185 0.995237768 70.699722290
0.994969547 0.016106693 -0.098873854 -4.872476578 -0.016311390 0.999866128 -0.001262194 -0.672387898 0.098840289 0.002868614 0.995099127 71.412864685
0.994924247 0.016678518 -0.099234104 -4.947024822 -0.017024465 0.999851525 -0.002640301 -0.676091492 0.099175334 0.004316307 0.995060623 72.106216431
0.994802117 0.019424034 -0.099957883 -5.024381638 -0.019402308 0.999810994 0.001189610 -0.690182090 0.099962123 0.000755986 0.994991064 72.778999329
0.994675219 0.019782718 -0.101142906 -5.096748352 -0.019527115 0.999803126 0.003516732 -0.705535352 0.101192564 -0.001522977 0.994865656 73.431488037
0.994646072 0.016590385 -0.101999193 -5.162885189 -0.016678706 0.999860942 -0.000013049 -0.713435948 0.101984791 0.001714194 0.994784415 74.060531616
0.994723260 0.008505113 -0.102240592 -5.212033272 -0.009063493 0.999946594 -0.004998119 -0.729292274 0.102192603 0.005898403 0.994747162 74.672706604
0.994843543 0.004611647 -0.101316422 -5.265891075 -0.005654098 0.999934018 -0.010004317 -0.735409975 0.101263598 0.010525582 0.994803965 75.270164490
0.995143294 0.006817311 -0.098200090 -5.325389862 -0.007866988 0.999916077 -0.010305923 -0.746838987 0.098121576 0.011028409 0.995113373 75.854209900
0.995494485 0.011895929 -0.094069399 -5.390377045 -0.012613595 0.999895632 -0.007038189 -0.763574779 0.093975827 0.008193033 0.995540798 76.422126770
0.995936394 0.010305307 -0.089468099 -5.438996315 -0.010696760 0.999935150 -0.003896956 -0.774560928 0.089422122 0.004838140 0.995982111 76.978706360
0.996467233 0.006743082 -0.083711609 -5.477009296 -0.006770305 0.999977052 -0.000041314 -0.780228674 0.083709404 0.000607920 0.996490002 77.524391174
0.997148871 0.002256910 -0.075425051 -5.505533695 -0.002001119 0.999991894 0.003466756 -0.794856608 0.075432263 -0.003305938 0.997145414 78.054504395
0.997871459 0.005863321 -0.064946771 -5.535281181 -0.005652232 0.999978065 0.003433455 -0.804698944 0.064965472 -0.003059052 0.997882783 78.567787170
0.998700202 0.011039811 -0.049759131 -5.564884186 -0.010917359 0.999936700 0.002731997 -0.808280468 0.049786150 -0.002185207 0.998757422 79.072509766
0.999375701 0.015985616 -0.031506967 -5.580555916 -0.015888000 0.999868214 0.003346134 -0.816150069 0.031556312 -0.002843462 0.999497890 79.564392090
0.999851227 0.014506878 -0.009336546 -5.572398663 -0.014468917 0.999886811 0.004120722 -0.824811220 0.009395264 -0.003985018 0.999947906 80.041877747
0.999801815 0.011035380 0.016571293 -5.535812378 -0.011119198 0.999925792 0.004974544 -0.829277396 -0.016515169 -0.005157818 0.999850333 80.500656128
0.998905420 0.009854434 0.045724709 -5.487732887 -0.010167244 0.999926388 0.006613624 -0.838013649 -0.045656174 -0.007071279 0.998932242 80.958198547
0.996821105 0.009446347 0.079110861 -5.436464310 -0.010128070 0.999914944 0.008220483 -0.846350968 -0.079026476 -0.008995591 0.996831954 81.407905579
0.993139029 0.009528251 0.116551384 -5.357833862 -0.010602146 0.999906898 0.008597417 -0.848934293 -0.116458602 -0.009774124 0.993147492 81.848068237
0.987352967 0.009512867 0.158252016 -5.272521019 -0.010992715 0.999903679 0.008478504 -0.854324937 -0.158156127 -0.010110896 0.987362325 82.250473022
0.979055941 0.009134059 0.203386277 -5.157331467 -0.011060650 0.999904096 0.008337898 -0.859317303 -0.203290612 -0.010412855 0.979063094 82.668128967
0.967635632 0.011367690 0.252095640 -5.020591736 -0.013345309 0.999892116 0.006136294 -0.865844011 -0.251998663 -0.009301990 0.967682898 83.066856384
0.952060461 0.012501674 0.305654526 -4.873228073 -0.014263210 0.999891996 0.003530503 -0.874883056 -0.305577427 -0.007720867 0.952136040 83.451820374
0.932355344 0.012993134 0.361310005 -4.692060471 -0.014239785 0.999898374 0.000788038 -0.873336792 -0.361263037 -0.005879710 0.932445347 83.819442749
0.908315301 0.013108504 0.418080479 -4.501203537 -0.014079256 0.999900639 -0.000762520 -0.884451807 -0.418049037 -0.005193655 0.908409715 84.139091492
0.879058242 0.013564882 0.476520956 -4.286228180 -0.014009331 0.999898434 -0.002619998 -0.890698433 -0.476508170 -0.004372611 0.879159212 84.469947815
0.845558643 0.012346791 0.533739507 -4.043498993 -0.011346879 0.999922395 -0.005154912 -0.894015789 -0.533761799 -0.001697499 0.845633209 84.776603699
0.808907747 0.011948231 0.587813973 -3.777954102 -0.009719146 0.999928713 -0.006950302 -0.898528278 -0.587855220 -0.000090898 0.808966219 85.063201904
0.768501878 0.010832791 0.639755726 -3.505249023 -0.009011373 0.999940753 -0.006106850 -0.908306718 -0.639784038 -0.001071952 0.768554151 85.339645386
0.727103829 0.009497643 0.686461687 -3.207004547 -0.010072119 0.999944329 -0.003166438 -0.924192667 -0.686453640 -0.004611796 0.727159083 85.566711426
0.682000875 0.008521884 0.731301725 -2.916595459 -0.009346276 0.999951959 -0.002936281 -0.931374609 -0.731291652 -0.004832402 0.682047784 85.778762817
0.635311842 0.007406267 0.772220314 -2.597122192 -0.006204695 0.999970675 -0.004485943 -0.935677767 -0.772230864 -0.001941417 0.635339141 85.985427856
0.588442922 0.004765102 0.808524728 -2.262565613 -0.000624409 0.999984980 -0.005439046 -0.943505704 -0.808538496 0.002695718 0.588437021 86.169158936
0.541926563 0.006780161 0.840398490 -1.925823212 -0.003156888 0.999976873 -0.006031903 -0.957553744 -0.840419888 0.000615803 0.541935384 86.336791992
0.494080603 0.009953791 0.869359016 -1.595111847 -0.006566067 0.999948740 -0.007717312 -0.962002754 -0.869391322 -0.001895296 0.494120657 86.500358582
0.448958278 0.011902677 0.893473387 -1.248123169 -0.007205836 0.999927044 -0.009699996 -0.971522212 -0.893523574 -0.002083330 0.449011266 86.633537292
0.405271381 0.008914422 0.914152920 -0.903718948 -0.000310641 0.999953687 -0.009613396 -0.986118555 -0.914196372 0.003612061 0.405255377 86.758651733
0.365909696 0.001170986 0.930649519 -0.535348892 0.014769402 0.999865949 -0.007065060 -0.990400791 -0.930533171 0.016330315 0.365843296 86.842994690
0.330601633 -0.002353276 0.943767369 -0.164159775 0.019093167 0.999808848 -0.004195319 -0.992105067 -0.943577230 0.019406488 0.330583334 86.934127808
0.297400117 0.001830390 0.954751074 0.202032089 0.016134212 0.999845743 -0.006942567 -0.999921918 -0.954616606 0.017468877 0.297324657 87.031021118
0.266302764 0.008898073 0.963848233 0.564310074 0.005514147 0.999926984 -0.010754654 -1.016293287 -0.963873625 0.008178796 0.266234219 87.130790710
0.237264693 0.014257762 0.971340358 0.959983826 -0.000088852 0.999892592 -0.014655163 -1.026366711 -0.971445084 0.003390847 0.237240508 87.229286194
0.211463183 0.015866414 0.977257192 1.350322723 0.001364671 0.999862432 -0.016528718 -1.040373802 -0.977384984 0.004828850 0.211412489 87.293670654
0.187753707 0.017447438 0.982061088 1.760280609 0.008514538 0.999775708 -0.019389994 -1.048526168 -0.982179284 0.012002341 0.187563032 87.350967407
0.168029249 0.023345243 0.985505581 2.171306610 0.015340157 0.999536574 -0.026293123 -1.052723289 -0.985662699 0.019535825 0.167593271 87.386863708
0.148339301 0.030410007 0.988468826 2.598386765 0.017503766 0.999289811 -0.033369694 -1.048442125 -0.988781571 0.022251967 0.147701666 87.439254761
0.130690455 0.030897232 0.990941644 3.036428452 0.015165053 0.999334991 -0.033158980 -1.062726378 -0.991307199 0.019361248 0.130135000 87.492385864
0.115354605 0.026607722 0.992967963 3.497498512 0.013109442 0.999513328 -0.028306052 -1.086380839 -0.993237853 0.016282493 0.114949644 87.539672852
0.100612886 0.023290230 0.994653106 3.967332840 0.013113603 0.999608159 -0.024732744 -1.106931448 -0.994839251 0.015531918 0.100268036 87.585769653
0.087447219 0.020996995 0.995947778 4.456477642 0.016150312 0.999616623 -0.022492394 -1.121143818 -0.996038198 0.018051770 0.087074585 87.618743896
0.075866751 0.020350436 0.996910274 4.952336788 0.019916687 0.999561429 -0.021920256 -1.134037137 -0.996919096 0.021518171 0.075428143 87.643035889
0.065506980 0.020885943 0.997633398 5.465464592 0.022960860 0.999484777 -0.022432365 -1.149305105 -0.997588038 0.024376003 0.064993650 87.670570374
0.057712339 0.021576744 0.998099983 6.000649929 0.025001580 0.999421656 -0.023050962 -1.159806490 -0.998020172 0.026284406 0.057139494 87.693588257
0.052278016 0.021768212 0.998395264 6.540092468 0.026863612 0.999369979 -0.023196096 -1.178891659 -0.998271108 0.028033150 0.051660303 87.715118408
0.046913542 0.022849869 0.998637497 7.099180698 0.028227948 0.999308705 -0.024191307 -1.193036079 -0.998500049 0.029324390 0.046236105 87.733451843
0.040917352 0.023479931 0.998886645 7.684639931 0.028414136 0.999292195 -0.024653392 -1.212449670 -0.998758435 0.029391255 0.040221225 87.755508423
0.036145087 0.023598030 0.999067903 8.289779663 0.030807333 0.999219656 -0.024716185 -1.226528645 -0.998871505 0.031671982 0.035389885 87.775337219
0.033431742 0.023612197 0.999162078 8.913149834 0.032010529 0.999182701 -0.024683753 -1.242304206 -0.998928249 0.032808922 0.032648571 87.789031982
0.030447174 0.023022480 0.999271214 9.549353600 0.033215992 0.999159217 -0.024031967 -1.264252782 -0.998984337 0.033923499 0.029656859 87.803405762
0.028025573 0.022296242 0.999358594 10.205883026 0.035246123 0.999107480 -0.023279071 -1.284267902 -0.998985589 0.035875928 0.027214708 87.818794250
0.027370943 0.022021051 0.999382854 10.880932808 0.039572194 0.998949826 -0.023095308 -1.301862478 -0.998841763 0.040179901 0.026470777 87.830482483
0.028529182 0.021570284 0.999360144 11.571010590 0.043215878 0.998805821 -0.022792019 -1.319676995 -0.998658299 0.043838460 0.027562931 87.845291138
0.030901870 0.021388369 0.999293566 12.277059555 0.045159154 0.998720288 -0.022772586 -1.341802359 -0.998501718 0.045830958 0.029896440 87.868400574
0.034780361 0.021580366 0.999161839 13.004570007 0.047134299 0.998618901 -0.023209363 -1.359738946 -0.998282909 0.047902033 0.033715151 87.890022278
0.039319858 0.020993579 0.999005973 13.749147415 0.047637168 0.998603046 -0.022860060 -1.380733013 -0.998090506 0.048488677 0.038264856 87.917640686
0.043200463 0.019431071 0.998877406 14.503282547 0.049238101 0.998554528 -0.021554288 -1.399396896 -0.997852445 0.050113983 0.042181268 87.952827454
0.046927072 0.017892724 0.998737991 15.266080856 0.048308969 0.998628974 -0.020160632 -1.420139551 -0.997729480 0.049194094 0.045998357 87.997650146
0.051165592 0.015668472 0.998567224 16.055866241 0.045770518 0.998789489 -0.018017197 -1.440846086 -0.997640789 0.046626803 0.050386507 88.039978027
0.054874096 0.014697104 0.998385072 16.850183487 0.045110453 0.998834252 -0.017183118 -1.459116340 -0.997473776 0.045980509 0.054147128 88.097351074
0.059089608 0.015446728 0.998133183 17.657688141 0.042509813 0.998934269 -0.017975714 -1.481630564 -0.997347116 0.043492638 0.058370002 88.152091980
0.062249299 0.019741818 0.997865319 18.452894211 0.040234230 0.998942077 -0.022273028 -1.503271818 -0.997249305 0.041534837 0.061389148 88.198974609
0.063570075 0.025342993 0.997655511 19.252990723 0.034395333 0.999028027 -0.027569503 -1.524094462 -0.997384429 0.036067296 0.062636606 88.260681152
0.063238971 0.028119700 0.997602224 20.061630249 0.031427894 0.999051094 -0.030152783 -1.555616975 -0.997503519 0.033259369 0.062295225 88.323989868
0.063522123 0.027731748 0.997595072 20.884037018 0.029055847 0.999138713 -0.029624796 -1.587117672 -0.997557342 0.030867798 0.062661648 88.380958557
0.063585781 0.026076756 0.997635603 21.699396133 0.026282152 0.999268055 -0.027794560 -1.618689775 -0.997630239 0.027987348 0.062853888 88.440162659
0.063640006 0.024612878 0.997669339 22.514431000 0.027353847 0.999277234 -0.026397411 -1.654133201 -0.997597933 0.028970025 0.062920749 88.490989685
0.063475259 0.023768891 0.997700274 23.335441589 0.024505701 0.999377728 -0.025367949 -1.689030886 -0.997682452 0.026059585 0.062853299 88.560440063
0.063687138 0.024073806 0.997679532 24.161682129 0.022915214 0.999410093 -0.025578367 -1.724123001 -0.997706831 0.024491049 0.063097917 88.617454529
0.063492663 0.024753362 0.997675240 24.975023270 0.019860582 0.999463022 -0.026061658 -1.756298065 -0.997784674 0.021469137 0.062966935 88.679557800
0.062410012 0.025865078 0.997715414 25.790061951 0.016872285 0.999493897 -0.026966598 -1.791712284 -0.997908056 0.018516723 0.061942026 88.741180420
0.059564508 0.025706239 0.997893453 26.603038788 0.013959661 0.999549150 -0.026582148 -1.821016669 -0.998126924 0.015513604 0.059178803 88.794113159
0.055860665 0.024807537 0.998130381 27.409122467 0.011744875 0.999605775 -0.025501514 -1.846104860 -0.998369515 0.013147448 0.055547275 88.840850830
0.051213320 0.022292592 0.998438954 28.221429825 0.009909074 0.999690235 -0.022828802 -1.877192974 -0.998638570 0.011062744 0.050976556 88.885581970
0.044936106 0.020189814 0.998785794 29.028684616 0.007472700 0.999761045 -0.020545725 -1.907441139 -0.998961985 0.008386871 0.044774488 88.926338196
0.037298076 0.020469518 0.999094427 29.839345932 0.007514886 0.999756157 -0.020763623 -1.936086655 -0.999275923 0.008282525 0.037135150 88.958374023
0.028648868 0.021007787 0.999368727 30.640737534 0.007378663 0.999747396 -0.021227272 -1.966045737 -0.999562323 0.007982143 0.028486622 88.981521606
0.018681040 0.021742646 0.999589086 31.444925308 0.007998472 0.999728203 -0.021895157 -1.989104867 -0.999793530 0.008404208 0.018502055 88.998031616
0.008563647 0.020682821 0.999749422 32.239223480 0.009438665 0.999739885 -0.020763470 -2.019516468 -0.999918699 0.009614111 0.008366203 89.000495911
-0.002416182 0.019624459 0.999804497 33.034259796 0.008275076 0.999773622 -0.019603854 -2.048936844 -0.999962747 0.008226091 -0.002578028 89.002578735
-0.013557793 0.018825080 0.999730825 33.817756653 0.009531284 0.999779761 -0.018696744 -2.075300217 -0.999862611 0.009275232 -0.013734231 88.989677429
-0.024469441 0.019404814 0.999512196 34.593570709 0.009896099 0.999767303 -0.019167492 -2.099825621 -0.999651611 0.009422253 -0.024655780 88.969352722
-0.035745848 0.019986911 0.999161005 35.372032166 0.009795330 0.999759018 -0.019648431 -2.126180172 -0.999312878 0.009084763 -0.035933010 88.942543030
-0.045981515 0.020807574 0.998725533 36.146350861 0.009478758 0.999747097 -0.020392457 -2.156618595 -0.998897314 0.008529002 -0.046167120 88.896118164
-0.056330599 0.021976016 0.998170316 36.910045624 0.010242914 0.999717832 -0.021432046 -2.179720640 -0.998359621 0.009016893 -0.056539811 88.853347778
-0.065800667 0.022451593 0.997580111 37.664211273 0.011250169 0.999700010 -0.021757239 -2.212506771 -0.997769356 0.009791303 -0.066033512 88.795440674
-0.075539596 0.023118299 0.996874809 38.426643372 0.011939647 0.999680459 -0.022278618 -2.236612797 -0.997071326 0.010219415 -0.075791486 88.742805481
-0.084723234 0.023548437 0.996126235 39.166065216 0.012558852 0.999666512 -0.022563962 -2.264140606 -0.996325374 0.010598510 -0.084990725 88.676864624
-0.093614012 0.022956822 0.995343924 39.896507263 0.013976994 0.999665916 -0.021741940 -2.289363861 -0.995510459 0.011876565 -0.093903601 88.606163025
-0.100697078 0.021722637 0.994679928 40.630863190 0.015694199 0.999672055 -0.020242844 -2.318973541 -0.994793296 0.013572315 -0.101004951 88.522666931
-0.106055394 0.020108197 0.994156837 41.354999542 0.018508289 0.999662280 -0.018245107 -2.344741106 -0.994188011 0.016465152 -0.106391728 88.446289062
-0.109860338 0.018779544 0.993769526 42.061195374 0.021920277 0.999624133 -0.016466910 -2.366696835 -0.993705332 0.019974645 -0.110230684 88.361213684
-0.112442687 0.017758470 0.993499458 42.766235352 0.023263682 0.999613225 -0.015234807 -2.383473158 -0.993385851 0.021399414 -0.112812333 88.278129578
-0.114118300 0.016848858 0.993324220 43.453041077 0.023259375 0.999627411 -0.014283614 -2.405622959 -0.993194878 0.021474080 -0.114467695 88.198516846
-0.114910491 0.017340383 0.993224502 44.116371155 0.024326766 0.999596894 -0.014637167 -2.424729347 -0.993077934 0.022479976 -0.115285985 88.120719910
-0.113882303 0.018403631 0.993323803 44.768222809 0.024950745 0.999566078 -0.015658736 -2.444424152 -0.993180811 0.023000913 -0.114292063 88.047668457
-0.110795163 0.019974504 0.993642449 45.388206482 0.025942421 0.999515474 -0.017199880 -2.465321541 -0.993504643 0.023871830 -0.111259662 87.978622437
-0.105625376 0.020472379 0.994195282 46.013954163 0.026059275 0.999501705 -0.017813055 -2.488885403 -0.994064510 0.024026498 -0.106106266 87.912109375
-0.097629189 0.021389723 0.994993031 46.608299255 0.025681190 0.999490261 -0.018966550 -2.506114006 -0.994891465 0.023700917 -0.098128758 87.858985901
-0.086527996 0.021141196 0.996025145 47.191482544 0.024284493 0.999522507 -0.019105759 -2.532062292 -0.995953381 0.022534778 -0.087000094 87.819267273
-0.072871566 0.021241138 0.997115195 47.738739014 0.023844309 0.999524593 -0.019549865 -2.556390762 -0.997056246 0.022350894 -0.073343426 87.788940430
-0.055802908 0.022310842 0.998192549 48.285511017 0.022461388 0.999525428 -0.021084957 -2.584928989 -0.998189092 0.021244187 -0.056277566 87.772834778
-0.034511220 0.024886560 0.999094427 48.812858582 0.020687383 0.999493420 -0.024181906 -2.604126215 -0.999190152 0.019834103 -0.035008576 87.769210815
-0.009680765 0.027882015 0.999564350 49.337039948 0.018533785 0.999444485 -0.027699167 -2.628127575 -0.999781430 0.018257562 -0.010192147 87.781524658
0.018493973 0.029708356 0.999387503 49.851650238 0.016824033 0.999407649 -0.030020285 -2.647101879 -0.999687374 0.017368922 0.017983206 87.816780090
0.051437445 0.029193021 0.998249412 50.356273651 0.013886867 0.999455094 -0.029943835 -2.670454979 -0.998579621 0.015402791 0.051004007 87.863464355
0.090926819 0.026277097 0.995510817 50.828201294 0.012938758 0.999536276 -0.027565135 -2.697615385 -0.995773554 0.015387082 0.090544641 87.897979736
0.132212624 0.022893710 0.990956962 51.368015289 0.010950209 0.999638438 -0.024555244 -2.715383053 -0.991160929 0.014097698 0.131914183 88.008796692
0.178053439 0.018654482 0.983843982 51.862003326 0.008246971 0.999756813 -0.020448718 -2.734419823 -0.983986259 0.011754698 0.177856326 88.117843628
0.226424500 0.015510991 0.973905265 52.343803406 0.003853498 0.999851108 -0.016820123 -2.749142170 -0.974021137 0.007561432 0.226331025 88.259925842
0.278413832 0.013907204 0.960360587 52.815643311 -0.000087770 0.999895573 -0.014454277 -2.767846823 -0.960461259 0.003939979 0.278385967 88.426231384
0.332772911 0.013577737 0.942909241 53.256774902 -0.001517458 0.999902785 -0.013862891 -2.785917759 -0.943005741 0.003182369 0.332761168 88.621597290
0.387968540 0.014942055 0.921551406 53.670181274 0.001276269 0.999858916 -0.016749039 -2.790328503 -0.921671689 0.007674247 0.387894720 88.859855652
0.448638499 0.017358385 0.893544674 54.089618683 0.002407643 0.999784291 -0.020631097 -2.814723969 -0.893710017 0.011407241 0.448499918 89.096099854
0.508520603 0.020940585 0.860795200 54.486293793 0.003381602 0.999647975 -0.026316164 -2.828828096 -0.861043155 0.016293176 0.508270681 89.365165710
0.567954719 0.026085090 0.822646320 54.847816467 -0.000224482 0.999502480 -0.031537991 -2.827962637 -0.823059678 0.017727483 0.567677975 89.644638062
0.621221662 0.028927853 0.783100784 55.165424347 -0.004223046 0.999427497 -0.033568919 -2.844308853 -0.783623517 0.017546667 0.620988190 89.988021851
0.674854279 0.029274065 0.737370133 55.492294312 -0.005797605 0.999392331 -0.034370452 -2.866480350 -0.737928152 0.018920062 0.674613953 90.327507019
0.724074244 0.026931794 0.689195931 55.787685394 -0.005857748 0.999441504 -0.032901101 -2.887881756 -0.689697027 0.019785704 0.723827600 90.682891846
0.768528283 0.024037732 0.639364064 56.037441254 -0.008017146 0.999577343 -0.027943661 -2.897840261 -0.639765620 0.016349616 0.768396199 91.068145752
0.810130537 0.020945391 0.585875332 56.286979675 -0.009895871 0.999707758 -0.022056438 -2.896144867 -0.586166084 0.012070850 0.810100973 91.475936890
0.847050667 0.018839905 0.531178236 56.508445740 -0.012381332 0.999799788 -0.015716985 -2.904359102 -0.531368017 0.006736390 0.847114325 91.898963928
0.878126383 0.015711358 0.478170753 56.692291260 -0.013317254 0.999876022 -0.008396954 -2.911493063 -0.478243321 0.001005667 0.878226757 92.332000732
0.903977275 0.016588392 0.427258670 56.848682404 -0.017179072 0.999849498 -0.002472516 -2.928777456 -0.427235365 -0.005104807 0.904126048 92.748428345
0.923912644 0.017966628 0.382181466 56.966064453 -0.020163948 0.999795139 0.001744650 -2.946239710 -0.382071912 -0.009318192 0.924085617 93.160095215
0.939176321 0.023409836 0.342636555 57.089653015 -0.026475167 0.999640405 0.004271104 -2.951097012 -0.342413396 -0.013082681 0.939458370 93.609237671
0.951189935 0.027611168 0.307368577 57.202751160 -0.030159669 0.999538898 0.003543425 -2.953178406 -0.307129025 -0.012640604 0.951583982 94.069252014
0.960444808 0.030088175 0.276840001 57.309234619 -0.032329291 0.999471068 0.003533605 -2.950670242 -0.276587307 -0.012343874 0.960909665 94.534339905
0.966524780 0.024876487 0.255364358 57.417201996 -0.026757522 0.999634385 0.003894128 -2.956871748 -0.255174100 -0.010596687 0.966837168 94.999862671
0.970635653 0.022019733 0.239544272 57.531124115 -0.023856064 0.999704063 0.004768792 -2.965897083 -0.239368409 -0.010343344 0.970873773 95.484237671
0.973460674 0.026458934 0.227319539 57.618713379 -0.028216399 0.999591887 0.004484544 -2.970963001 -0.227108091 -0.010779666 0.973809958 95.987762451
0.975483894 0.031775482 0.217764914 57.711341858 -0.033775695 0.999414504 0.005468158 -2.971741915 -0.217463627 -0.012689263 0.975985944 96.489395142
0.976696074 0.037890214 0.211256683 57.813522339 -0.039478432 0.999214947 0.003303817 -2.956938267 -0.210965738 -0.011566905 0.977425098 96.978385925
0.977076411 0.043702137 0.208355069 57.909664154 -0.044657130 0.999002278 -0.000120515 -2.961688042 -0.208152503 -0.009186788 0.978053331 97.497695923
0.977176547 0.045400832 0.207520470 58.019050598 -0.045814428 0.998945951 -0.002815102 -2.967898130 -0.207429573 -0.006756582 0.978226662 98.034645081
0.976570904 0.044633836 0.210516676 58.129920959 -0.044303738 0.998998344 -0.006286412 -2.979940653 -0.210586458 -0.003187549 0.977570117 98.568931580
0.975867629 0.042725578 0.214142352 58.255725861 -0.040869273 0.999078691 -0.013090461 -2.979063034 -0.214504391 0.004022717 0.976714909 99.126846313
0.975102484 0.042421542 0.217659384 58.394855499 -0.039507844 0.999062061 -0.017722908 -2.984712601 -0.218207031 0.008682396 0.975863934 99.666290283
0.973814964 0.047283266 0.222370699 58.513664246 -0.044501342 0.998855889 -0.017507249 -2.993103504 -0.222944081 0.007153029 0.974805057 100.251266479
0.972369313 0.050258938 0.227973565 58.646041870 -0.048464715 0.998734236 -0.013465218 -3.005538940 -0.228361726 0.002044493 0.973574281 100.838409424
0.971426725 0.046933107 0.232653126 58.794410706 -0.046113178 0.998896062 -0.008964937 -3.015091896 -0.232817039 -0.002019594 0.972518504 101.433662415
0.970696628 0.042803448 0.236465633 58.947486877 -0.043259449 0.999058604 -0.003262007 -3.028671026 -0.236382619 -0.007062953 0.971634507 102.056503296
0.969914854 0.040453851 0.240059644 59.103122711 -0.042099103 0.999111891 0.001727133 -3.041409492 -0.239776582 -0.011781468 0.970756590 102.678443909
0.969292700 0.035779130 0.243292689 59.261474609 -0.037461683 0.999295354 0.002291124 -3.046738625 -0.243039265 -0.011334924 0.969950259 103.316734314
0.969321191 0.032235939 0.243674636 59.424110413 -0.032994330 0.999455035 -0.000969624 -3.051378727 -0.243573084 -0.007100003 0.969856560 103.958168030
0.969494283 0.031704359 0.243055031 59.590896606 -0.030750962 0.999497235 -0.007716589 -3.061321974 -0.243177503 0.000007015 0.969981730 104.602645874
0.969692230 0.033944678 0.241960123 59.753677368 -0.031394679 0.999403596 -0.014387676 -3.071233511 -0.242304236 0.006355360 0.970179498 105.243385315
0.970327199 0.036625043 0.239005566 59.915054321 -0.033226103 0.999281526 -0.018236108 -3.077945232 -0.239501774 0.009753766 0.970846891 105.919013977
0.970876157 0.035532087 0.236932471 60.075317383 -0.033140060 0.999351799 -0.014072159 -3.086643934 -0.237278908 0.005810368 0.971424222 106.613998413
0.971273422 0.031483799 0.235873938 60.243537903 -0.030836124 0.999503791 -0.006435063 -3.100667715 -0.235959470 -0.001023231 0.971762359 107.326904297
0.971899331 0.031777237 0.233241752 60.417541504 -0.032582603 0.999468982 -0.000400253 -3.115709543 -0.233130604 -0.007210616 0.972418666 108.046585083
0.972138822 0.035281043 0.231735021 60.577339172 -0.035998356 0.999351263 -0.001133835 -3.124433756 -0.231624663 -0.007239836 0.972778320 108.776504517
0.972455084 0.040828783 0.229486436 60.735961914 -0.040594451 0.999159157 -0.005744034 -3.132909298 -0.229528040 -0.003730060 0.973294973 109.503623962
0.973367572 0.041635886 0.225437194 60.905776978 -0.040193006 0.999131560 -0.010988228 -3.143129349 -0.225698933 0.001634587 0.974195719 110.242500305
0.974334836 0.040342096 0.221458673 61.076023102 -0.038190197 0.999172509 -0.013992113 -3.152002811 -0.221839905 0.005175455 0.975069463 110.998985291
0.975306332 0.038214091 0.217525288 61.248458862 -0.036362927 0.999260366 -0.012508138 -3.163503647 -0.217842430 0.004289411 0.975974619 111.770339966
0.976133525 0.034663968 0.214386702 61.414291382 -0.033254340 0.999395072 -0.010179312 -3.182540417 -0.214609861 0.002807078 0.976695836 112.542098999
0.976609290 0.033109471 0.212457180 61.585998535 -0.032281134 0.999451637 -0.007367400 -3.195173264 -0.212584615 0.000336711 0.977142632 113.336219788
0.976933181 0.030391542 0.211371496 61.756027222 -0.029992606 0.999537170 -0.005093866 -3.206409454 -0.211428508 -0.001363216 0.977392495 114.135528564
0.977124929 0.025219763 0.211165324 61.928581238 -0.024961930 0.999680817 -0.003886957 -3.218376637 -0.211195976 -0.001473052 0.977442563 114.923660278
0.977233350 0.026040416 0.210562885 62.097171783 -0.026137332 0.999655664 -0.002323172 -3.228509188 -0.210550889 -0.003233272 0.977577567 115.725990295
0.977013469 0.031391438 0.210853860 62.264362335 -0.031231336 0.999503732 -0.004090173 -3.241125345 -0.210877642 -0.002589094 0.977509022 116.547355652
0.976747274 0.036669228 0.211234599 62.433372498 -0.035880908 0.999327481 -0.007564953 -3.250776768 -0.211369947 -0.000190244 0.977406144 117.361434937
0.976180494 0.045330107 0.212171271 62.597892761 -0.044396698 0.998971939 -0.009163851 -3.259701014 -0.212368578 -0.000474132 0.977189600 118.195236206
0.975271761 0.051032837 0.215035781 62.766807556 -0.050321732 0.998694420 -0.008783871 -3.270092964 -0.215203285 -0.002254310 0.976566672 119.018188477
0.974445701 0.053825602 0.218078762 62.940216064 -0.053692121 0.998536110 -0.006542371 -3.294957638 -0.218111694 -0.005333927 0.975909293 119.849822998
0.973849475 0.054324351 0.220603868 63.126747131 -0.054020729 0.998512208 -0.007413649 -3.311900377 -0.220678404 -0.004697402 0.975335360 120.692527771
0.973471642 0.052857734 0.222618625 63.311416626 -0.051837400 0.998601019 -0.010428392 -3.321551323 -0.222858414 -0.001388227 0.974849939 121.526008606
0.973468244 0.046623059 0.224022105 63.507377625 -0.045750353 0.998911619 -0.009087496 -3.336907387 -0.224201947 -0.001402702 0.974541783 122.369590759
0.973776102 0.040156916 0.223936275 63.713607788 -0.038779151 0.999192119 -0.010548830 -3.359288692 -0.224178970 0.001588141 0.974546731 123.188812256
0.973564327 0.038853750 0.225083873 63.903213501 -0.037482314 0.999243498 -0.010364665 -3.381274700 -0.225316331 0.001654003 0.974284232 124.017463684
0.972981215 0.041358814 0.227149442 64.092140198 -0.040661111 0.999142945 -0.007752046 -3.394752026 -0.227275372 -0.001693553 0.973829031 124.864547729
0.972565293 0.043534771 0.228519931 64.278045654 -0.044281118 0.999017358 -0.001862925 -3.410668612 -0.228376478 -0.008307302 0.973537385 125.704681396
0.972197235 0.047353473 0.229325190 64.466072083 -0.049169283 0.998787999 0.002207159 -3.426763535 -0.228942782 -0.013421549 0.973347306 126.544174194
0.971952677 0.046488818 0.230535716 64.654327393 -0.046775270 0.998896480 -0.004225700 -3.443598032 -0.230477765 -0.006676191 0.973054707 127.360130310
0.972224951 0.042461500 0.230164304 64.847999573 -0.039211597 0.999056339 -0.018677695 -3.461989403 -0.230740175 0.009133808 0.972972512 128.163772583
