1.000000000 0.000000000 0.000000000 0.000000000 0.000000000 1.000000000 0.000000000 0.000000000 0.000000000 0.000000000 1.000000000 0.000000000
0.999042451 -0.000409418 0.043749765 0.046875849 0.000508650 0.999997258 -0.002257054 -0.021734247 -0.043748714 0.002277146 0.999039948 1.026420832
0.996026993 -0.004557498 0.088935286 0.138468504 0.005223773 0.999960124 -0.007260381 -0.039576408 -0.088898636 0.007696113 0.996010900 2.049483061
0.990856946 -0.003836362 0.134862527 0.267828554 0.005428912 0.999919832 -0.011442917 -0.060606129 -0.134807810 0.012070451 0.990798235 3.054994106
0.983463287 -0.000972894 0.181104943 0.443525672 0.003454606 0.999904335 -0.013388246 -0.096751645 -0.181074604 0.013792494 0.983372629 4.067644119
0.973939061 -0.003492996 0.226782933 0.681336999 0.006673881 0.999889791 -0.013260887 -0.129294097 -0.226711616 0.014428817 0.973855019 5.068994999
0.962237000 -0.003962673 0.272184253 0.954435527 0.008250093 0.999859154 -0.014609326 -0.158724323 -0.272088021 0.016303178 0.962134242 6.071034431
0.948697269 -0.006742019 0.316113979 1.279785514 0.012841507 0.999769330 -0.017216064 -0.192758784 -0.315925002 0.020392213 0.948564947 7.046155453
0.933554649 -0.008383017 0.358337075 1.654919386 0.016305888 0.999684691 -0.019093929 -0.223328501 -0.358064026 0.023668230 0.933396995 8.001372337
0.916275144 -0.008537148 0.400458366 2.064668417 0.018008128 0.999639869 -0.019893022 -0.257078886 -0.400144368 0.025438989 0.916098952 8.924695015
0.896687388 -0.008745769 0.442577899 2.507641792 0.018840987 0.999652803 -0.018418783 -0.292937130 -0.442263156 0.024854498 0.896540880 9.826008797
0.874959707 -0.008754066 0.484116614 3.010732174 0.019649535 0.999654889 -0.017436933 -0.332587630 -0.483796895 0.024769280 0.874829710 10.724761009
0.850981712 -0.008820320 0.525121272 3.547179461 0.020383187 0.999660373 -0.016240822 -0.368862331 -0.524799645 0.024524286 0.850872517 11.593084335
0.825558960 -0.009645329 0.564233482 4.132978439 0.022694219 0.999612451 -0.016117122 -0.407692432 -0.563859403 0.026110467 0.825457931 12.437246323
0.798304677 -0.011377506 0.602146387 4.749847889 0.026057657 0.999537766 -0.015660150 -0.440097511 -0.601689875 0.028192095 0.798232138 13.241423607
0.769363344 -0.009995905 0.638733149 5.386084557 0.026389975 0.999521315 -0.016145019 -0.473326027 -0.638266146 0.029277539 0.769258916 14.022403717
0.738929391 -0.013293115 0.673651636 6.066333771 0.031388905 0.999398947 -0.014709475 -0.506330967 -0.673051238 0.032014456 0.738902628 14.756175041
0.706863523 -0.012435328 0.707240582 6.795307636 0.031580836 0.999403238 -0.013991609 -0.537448883 -0.706644535 0.032225408 0.706834376 15.477912903
0.672705650 -0.010884415 0.739830077 7.543367386 0.032264326 0.999372125 -0.014634190 -0.571102083 -0.739206433 0.033714622 0.672634482 16.160247803
0.637338042 -0.012454896 0.770483732 8.328031540 0.037260696 0.999197781 -0.014669682 -0.601061821 -0.769683003 0.038058300 0.637290835 16.797801971
0.600449383 -0.010467185 0.799594402 9.143402100 0.037207823 0.999197066 -0.014860833 -0.625921607 -0.798796654 0.038674340 0.600356758 17.413139343
0.562706172 -0.009502607 0.826602399 9.963432312 0.040274575 0.999061704 -0.015931558 -0.658292115 -0.825675309 0.042255849 0.562560856 17.964464188
0.523556650 -0.007563941 0.851957262 10.820528984 0.044749454 0.998824418 -0.018632181 -0.682685435 -0.850814879 0.047879629 0.523279607 18.496212006
0.484846562 -0.006269436 0.874576747 11.689309120 0.046318926 0.998754978 -0.018518604 -0.702279329 -0.873371840 0.049488135 0.484533310 18.976936340
0.446290702 -0.008389505 0.894848704 12.599882126 0.051414050 0.998544693 -0.016280200 -0.736316562 -0.893409848 0.053273506 0.446072549 19.424049377
0.409351170 -0.008943615 0.912333071 13.525885582 0.055279266 0.998357952 -0.015016123 -0.760274053 -0.910700679 0.056579970 0.409173459 19.824497223
0.374130815 -0.006556552 0.927352667 14.457148552 0.057104196 0.998240232 -0.015980352 -0.786782444 -0.925616145 0.058934473 0.373846889 20.189098358
0.340682179 -0.007330006 0.940149963 15.423654556 0.057755705 0.998244166 -0.013145991 -0.808700979 -0.938402891 0.058777619 0.340507299 20.542652130
0.307413965 -0.008801873 0.951535165 16.415220261 0.060158256 0.998136699 -0.010202480 -0.830832720 -0.949672401 0.060379080 0.307370663 20.856311798
0.274925172 -0.008760419 0.961425841 17.400373459 0.060683381 0.998122871 -0.008257959 -0.853383064 -0.959548712 0.060612880 0.274940759 21.130134583
0.242735922 -0.006089143 0.970073283 18.404113770 0.058086772 0.998277307 -0.008268543 -0.877242088 -0.968351722 0.058355495 0.242671475 21.384763718
0.211870611 -0.004376600 0.977287948 19.439397812 0.057986673 0.998284519 -0.008100561 -0.888865829 -0.975575864 0.058385950 0.211760938 21.609445572
0.181308120 -0.004350965 0.983416736 20.474674225 0.059919357 0.998181164 -0.006630774 -0.911296368 -0.981599212 0.060127907 0.181239039 21.800155640
0.150897056 -0.004442762 0.988539517 21.550458908 0.061778065 0.998077691 -0.004944575 -0.920941412 -0.986617208 0.061816178 0.150881469 21.954799652
0.120684661 -0.005138239 0.992677510 22.644037247 0.060200810 0.998183966 -0.002152167 -0.933755577 -0.990863800 0.060019732 0.120774828 22.081460953
0.091620572 -0.005507885 0.995778739 23.731952667 0.060908683 0.998143315 -0.000083180 -0.944994092 -0.993929386 0.060659204 0.091785945 22.173795700
0.064526029 -0.005074756 0.997903049 24.850442886 0.063756324 0.997965038 0.000952486 -0.946550727 -0.995877266 0.063561164 0.064718269 22.237440109
0.039787851 -0.004671634 0.999197245 25.976089478 0.067803808 0.997696757 0.001964683 -0.953645825 -0.996904910 0.067671202 0.040012959 22.261743546
0.016914111 -0.004104493 0.999848485 27.161104202 0.072088540 0.997394085 0.002874920 -0.954092681 -0.997254789 0.072028995 0.017165920 22.278886795
-0.003022338 -0.004288493 0.999986351 28.313739777 0.077589333 0.996975183 0.004510085 -0.955083668 -0.996980846 0.077601895 -0.002680454 22.266201019
-0.020286836 -0.004793957 0.999782681 29.510305405 0.082126752 0.996600986 0.006445156 -0.952687502 -0.996415377 0.082239650 -0.019824173 22.224298477
-0.035660904 -0.004616032 0.999353230 30.719022751 0.085162535 0.996337771 0.007641043 -0.950352848 -0.995728672 0.085379951 -0.035137191 22.170484543
-0.050082069 -0.005307167 0.998731017 31.926269531 0.087399192 0.996126354 0.009676022 -0.946706355 -0.994913638 0.087772891 -0.049424235 22.112228394
-0.063305207 -0.006160511 0.997975171 33.141506195 0.087655053 0.996082067 0.011709102 -0.941983938 -0.994137287 0.088218808 -0.062517174 22.024105072
-0.075074404 -0.006173800 0.997158945 34.346393585 0.087459885 0.996086419 0.012751872 -0.942158222 -0.993335068 0.088168740 -0.074240670 21.929557800
-0.086126938 -0.003682737 0.996277392 35.565967560 0.087216519 0.996126115 0.011221938 -0.941560447 -0.992459238 0.087858349 -0.085472107 21.828073502
-0.096194148 0.000001575 0.995362580 36.807662964 0.087657921 0.996114552 0.008469889 -0.928208113 -0.991495252 0.088066161 -0.095820516 21.707849503
-0.105220772 0.002383694 0.994446039 38.069263458 0.088992804 0.996007442 0.007028752 -0.926415920 -0.990458846 0.089238115 -0.105012819 21.573602676
-0.112420619 0.003603884 0.993654311 39.358398438 0.088952728 0.996014953 0.006451539 -0.915257096 -0.989671111 0.089113526 -0.112293206 21.426210403
-0.117889769 0.004329713 0.993017256 40.664146423 0.088690855 0.996039987 0.006186375 -0.909919977 -0.989058077 0.088800855 -0.117806934 21.268367767
-0.122945219 0.006091791 0.992394745 41.990985870 0.090166815 0.995913804 0.005057138 -0.903817952 -0.988308787 0.090102807 -0.122992113 21.109115601
-0.127757251 0.007293866 0.991778672 43.335700989 0.088817388 0.996039450 0.004115925 -0.905104876 -0.987820625 0.088613026 -0.127899081 20.944635391
-0.131947115 0.008271459 0.991222322 44.718128204 0.089663275 0.995965540 0.003624537 -0.900091052 -0.987193227 0.089354470 -0.132156432 20.763528824
-0.135300577 0.007729966 0.990774453 46.127056122 0.089345947 0.995990813 0.004430457 -0.889537036 -0.986768007 0.089121126 -0.135448754 20.586402893
-0.137864470 0.005563603 0.990435481 47.555351257 0.089825280 0.995933533 0.006908816 -0.887799859 -0.986369550 0.089918628 -0.137803629 20.387001038
-0.139641091 0.003972421 0.990194201 48.996883392 0.089768156 0.995925009 0.008664045 -0.889829278 -0.986124694 0.090097763 -0.139428601 20.165220261
-0.142797872 0.004513656 0.989741564 50.436496735 0.092024773 0.995718360 0.008736232 -0.884183109 -0.985464573 0.092328258 -0.142601848 19.989469528
-0.143433899 0.004964996 0.989647448 51.920532227 0.091919690 0.995731592 0.008326795 -0.862602770 -0.985381901 0.092162400 -0.143278047 19.739185333
-0.144231677 0.006235446 0.989524424 53.393573761 0.093824841 0.995561063 0.007402291 -0.853882551 -0.985085845 0.093909606 -0.144176528 19.529579163
-0.144194901 0.006131035 0.989530325 54.879043579 0.093245417 0.995615482 0.007419032 -0.850826502 -0.985146165 0.093338951 -0.144134343 19.313646317
-0.143651977 0.007714131 0.989598215 56.392288208 0.092854828 0.995663226 0.005717575 -0.842527509 -0.985262454 0.092710294 -0.143745288 19.097545624
-0.142314047 0.007476096 0.989793360 57.932743073 0.093289487 0.995621562 0.005893192 -0.836336493 -0.985415518 0.093175992 -0.142388374 18.871862411
-0.140549541 0.006357758 0.990053236 59.501197815 0.092480935 0.995691657 0.006734778 -0.833178580 -0.985744953 0.092507623 -0.140532002 18.648962021
-0.139337301 0.007107452 0.990219474 61.084922791 0.093416460 0.995609045 0.005998822 -0.829083264 -0.985828817 0.093338646 -0.139389396 18.424037933
-0.138351336 0.007895287 0.990351677 62.677066803 0.093043208 0.995649219 0.005060541 -0.821735561 -0.986002982 0.092845634 -0.138484001 18.213792801
-0.137349248 0.008249736 0.990488291 64.284278870 0.094167106 0.995544970 0.004766130 -0.823525369 -0.986036420 0.093926027 -0.137514189 17.989601135
-0.136576787 0.008405074 0.990593851 65.903999329 0.093646824 0.995595455 0.004463917 -0.817796469 -0.986193240 0.093375631 -0.136762351 17.767202377
-0.135347888 0.006602911 0.990776122 67.556442261 0.095477216 0.995410919 0.006409147 -0.815042436 -0.986187220 0.095464006 -0.135357201 17.534235001
-0.135148004 0.004971788 0.990812957 69.243881226 0.097614169 0.995189548 0.008320935 -0.809293509 -0.986005306 0.097841941 -0.134983197 17.298313141
-0.134315744 0.005789605 0.990921736 70.934295654 0.099037588 0.995054603 0.007610422 -0.807707608 -0.985977113 0.099160694 -0.134224877 17.067417145
-0.133591548 0.008029253 0.991004050 72.618209839 0.101068661 0.994863868 0.005563959 -0.796179771 -0.985869348 0.100902736 -0.133716926 16.836917877
-0.132928804 0.007718975 0.991095543 74.324172974 0.099934019 0.994977891 0.005654247 -0.793702424 -0.986074567 0.099795766 -0.133032605 16.611520767
-0.132693321 0.007676140 0.991127431 76.085182190 0.100752786 0.994894683 0.005783584 -0.791763484 -0.986023009 0.100626297 -0.132789239 16.368116379
-0.132718533 0.006753697 0.991130769 77.817680359 0.100334793 0.994931400 0.006655856 -0.785266101 -0.986062229 0.100328244 -0.132723480 16.136970520
-0.132754609 0.006631250 0.991126776 79.534881592 0.101907745 0.994769275 0.006994219 -0.788508475 -0.985896051 0.101932026 -0.132735938 15.915410995
-0.132683456 0.006900355 0.991134465 81.305427551 0.103091098 0.994648159 0.006876016 -0.775700390 -0.985782623 0.103089489 -0.132684678 15.676572800
-0.132597327 0.007945965 0.991138160 83.055030823 0.103374608 0.994625270 0.005855838 -0.770149648 -0.985764503 0.103235006 -0.132706061 15.437020302
-0.133102134 0.008695190 0.991064191 84.855064392 0.102983616 0.994669974 0.005104107 -0.768089771 -0.985737383 0.102742754 -0.133288145 15.186988831
-0.134216130 0.009374666 0.990907669 86.636573792 0.102308400 0.994742811 0.004446488 -0.772202313 -0.985656619 0.101974972 -0.134469628 14.951495171
-0.136111468 0.009830902 0.990644753 88.435302734 0.101238564 0.994854093 0.004037191 -0.774002194 -0.985507190 0.100840978 -0.136406332 14.729379654
-0.136891693 0.008906103 0.990546107 90.247161865 0.100281030 0.994946957 0.004912986 -0.777037501 -0.985496998 0.100005515 -0.137093112 14.485877037
-0.137824401 0.008728781 0.990418196 92.081306458 0.100451559 0.994928241 0.005210085 -0.775549233 -0.985349596 0.100207113 -0.138002232 14.237487793
-0.138384536 0.007721434 0.990348458 93.943481445 0.098079488 0.995160818 0.005946003 -0.774153650 -0.985510111 0.097955711 -0.138472185 13.986182213
-0.140161142 0.008466389 0.990092516 95.768486023 0.097742282 0.995197475 0.005326718 -0.776367307 -0.985292494 0.097520515 -0.140315533 13.744223595
-0.142499626 0.009473897 0.989749491 97.643524170 0.097146936 0.995260060 0.004460129 -0.771578789 -0.985015869 0.096786693 -0.142744556 13.470564842
-0.147047877 0.010464236 0.989073992 99.523132324 0.097251654 0.995252192 0.003929026 -0.765072405 -0.984336853 0.096766852 -0.147367388 13.202805519
-0.151190534 0.009738618 0.988456666 101.410873413 0.095581867 0.995409966 0.004812713 -0.764058173 -0.983872712 0.095206186 -0.151427388 12.914999962
-0.155985996 0.008901577 0.987719178 103.310501099 0.094021350 0.995552838 0.005876185 -0.766279638 -0.983274281 0.093783289 -0.156129226 12.622372627
-0.160651371 0.009348618 0.986966968 105.212234497 0.092508972 0.995695949 0.005626647 -0.773117006 -0.982666373 0.092207231 -0.160824761 12.323434830
-0.164820090 0.011149633 0.986260593 107.141418457 0.093204670 0.995637536 0.004320367 -0.773775280 -0.981909990 0.092636168 -0.165140271 11.989018440
-0.169658840 0.012943112 0.985417843 109.091705322 0.092753559 0.995684922 0.002891359 -0.777735472 -0.981128216 0.091891550 -0.170127243 11.660324097
-0.174087450 0.012955282 0.984645069 111.023139954 0.091885507 0.995764613 0.003143976 -0.790412068 -0.980433881 0.091021925 -0.174540520 11.321999550
-0.178733960 0.012634320 0.983816326 112.960868835 0.089912266 0.995943308 0.003544675 -0.796555996 -0.979780555 0.089090712 -0.179144889 10.976324081
-0.183367282 0.012355933 0.982966721 114.926528931 0.088349715 0.996081650 0.003960387 -0.797535479 -0.979066253 0.087571040 -0.183740422 10.609441757
-0.189153314 0.011506902 0.981880069 116.854125977 0.087258704 0.996172428 0.005135468 -0.805288613 -0.978062868 0.086648993 -0.189433366 10.261000633
-0.194050565 0.011453377 0.980924606 118.828567505 0.087699980 0.996130407 0.005718244 -0.805816352 -0.977063537 0.087136686 -0.194304138 9.868367195
-0.199478015 0.012737346 0.979819536 120.789093018 0.088285044 0.996082544 0.005024883 -0.816122830 -0.975917101 0.087505765 -0.199821070 9.480709076
-0.204936102 0.013875836 0.978677094 122.751174927 0.088188440 0.996094346 0.004343980 -0.820805550 -0.974794328 0.087198243 -0.205359370 9.079670906
-0.211251989 0.014064916 0.977330446 124.757583618 0.088340394 0.996079087 0.004760230 -0.815535307 -0.973431349 0.087343372 -0.211666167 8.671607018
-0.216954425 0.013973248 0.976081729 126.749404907 0.087230265 0.996174991 0.005127844 -0.815953851 -0.972276449 0.086256377 -0.217343450 8.240054131
-0.222006977 0.014639478 0.974935114 128.735382080 0.086462580 0.996243894 0.004729342 -0.817686260 -0.971203983 0.085345343 -0.222438842 7.791379929
-0.227518052 0.015232408 0.973654687 130.737655640 0.085643031 0.996316016 0.004425638 -0.821868062 -0.970000446 0.084393665 -0.227984414 7.342983723
-0.231941283 0.014541532 0.972621083 132.714523315 0.086991787 0.996191859 0.005851026 -0.826264381 -0.968832135 0.085967138 -0.232323006 6.875918388
-0.235359460 0.014621113 0.971798420 134.711990356 0.089480661 0.995966136 0.006686558 -0.821758747 -0.967780471 0.088530906 -0.235718369 6.379113674
-0.238685966 0.015517376 0.970972836 136.719863892 0.091033190 0.995826900 0.006463338 -0.823419213 -0.966820538 0.089933462 -0.239102498 5.877722263
-0.241766125 0.016235620 0.970198691 138.725982666 0.091521956 0.995784104 0.006142798 -0.824000359 -0.966008723 0.090279609 -0.242232785 5.376175880
-0.245472804 0.016667586 0.969260097 140.764190674 0.091016196 0.995831728 0.005926058 -0.821430504 -0.965121329 0.089673065 -0.245966628 4.873953342
-0.249118984 0.016944630 0.968324602 142.781646729 0.089690253 0.995953679 0.005646327 -0.825899839 -0.964310765 0.088255897 -0.249630705 4.347576618
-0.254090399 0.017522492 0.967021704 144.812561035 0.088709757 0.996043503 0.005260615 -0.833071232 -0.963103592 0.087120913 -0.254639506 3.828141689
-0.258276731 0.016530268 0.965929568 146.862518311 0.086171530 0.996262312 0.005991764 -0.836439192 -0.962220132 0.084783182 -0.258735806 3.291704416
-0.262979060 0.017129518 0.964649439 148.915603638 0.086771071 0.996210396 0.005965250 -0.837545574 -0.960891664 0.085272402 -0.263468891 2.743553877
-0.267996341 0.017261999 0.963265240 150.969116211 0.086244397 0.996255100 0.006141439 -0.845895112 -0.959551811 0.084722102 -0.268481582 2.189660311
-0.273247093 0.017550727 0.961783767 153.026077271 0.085728049 0.996299446 0.006175146 -0.845685780 -0.958116233 0.084139168 -0.273740530 1.626635075
-0.277783066 0.016917652 0.960494876 155.062820435 0.085750230 0.996290267 0.007251537 -0.855196178 -0.956808925 0.084377006 -0.278203219 1.048359990
-0.282403678 0.017180301 0.959141791 157.120712280 0.086198315 0.996249497 0.007534715 -0.851731360 -0.955415010 0.084804244 -0.282825470 0.460142583
-0.287149191 0.017671980 0.957722783 159.209655762 0.086859159 0.996191144 0.007660734 -0.855009615 -0.953939557 0.085386775 -0.287590414 -0.140216008
-0.290786594 0.019067051 0.956597924 161.273681641 0.087447099 0.996146381 0.006726827 -0.852950752 -0.952783406 0.085607775 -0.291333377 -0.761767924
-0.294603258 0.020462750 0.955400527 163.338104248 0.087230206 0.996172667 0.005561927 -0.858533680 -0.951629996 0.084978350 -0.295260638 -1.388672709
-0.298192620 0.022244206 0.954246402 165.423370361 0.088555790 0.996061206 0.004453865 -0.860010445 -0.950388908 0.085832156 -0.298987955 -2.027656078
-0.301789045 0.022646865 0.953105628 167.508193970 0.087697238 0.996138752 0.004098858 -0.868042529 -0.949332595 0.084821709 -0.302609831 -2.675831556
-0.305694282 0.022659447 0.951860011 169.606323242 0.087981097 0.996111810 0.004542663 -0.876208901 -0.948055983 0.085134350 -0.306499392 -3.335598230
-0.309705526 0.022934368 0.950555861 171.697982788 0.087728396 0.996134043 0.004549204 -0.879144132 -0.946776748 0.084799655 -0.310520291 -4.004293919
-0.313960910 0.023845719 0.949136436 173.797241211 0.089801438 0.995948672 0.004683231 -0.886033654 -0.945179403 0.086704157 -0.314830303 -4.694632053
-0.316452205 0.024372701 0.948295295 175.880279541 0.092249900 0.995722353 0.005192725 -0.890873253 -0.944112182 0.089123406 -0.317346871 -5.402787209
-0.318948388 0.023885457 0.947471082 177.946472168 0.093217410 0.995625973 0.006280475 -0.897324145 -0.943176806 0.090323947 -0.319779843 -6.095469952
-0.321745098 0.023534877 0.946533680 180.029022217 0.092725262 0.995668769 0.006762535 -0.894183517 -0.942274868 0.089943409 -0.322533906 -6.800717831
-0.324897140 0.024193902 0.945439816 182.152435303 0.091896795 0.995749772 0.006098683 -0.895015419 -0.941274047 0.088864341 -0.325739771 -7.520803452
-0.327429026 0.026321085 0.944509089 184.252090454 0.091504410 0.995796680 0.003971107 -0.899440825 -0.940434575 0.087726995 -0.328461319 -8.246879578
-0.330672741 0.028541120 0.943313718 186.375839233 0.091289125 0.995822668 0.001870996 -0.903180599 -0.939319789 0.086732991 -0.331896901 -8.983239174
-0.334129304 0.029155480 0.942076206 188.498367310 0.090183444 0.995924413 0.001163671 -0.920730770 -0.938202858 0.085348472 -0.335396886 -9.725501060
-0.337511361 0.030512238 0.940826714 190.649765015 0.088800386 0.996049345 -0.000447012 -0.929911733 -0.937123537 0.083394893 -0.338887513 -10.485638618
-0.340510994 0.030817855 0.939735353 192.775634766 0.089868017 0.995953679 -0.000098010 -0.946971416 -0.935935795 0.084418789 -0.341902763 -11.269390106
-0.344524622 0.029720977 0.938306689 194.947967529 0.088947527 0.996035695 0.001109938 -0.960122943 -0.934553981 0.083842464 -0.345802426 -12.049133301
-0.347795129 0.029081905 0.937119424 197.101638794 0.089019954 0.996027589 0.002128142 -0.975625575 -0.933334887 0.084162489 -0.349002331 -12.851448059
-0.351436675 0.028987041 0.935762703 199.257705688 0.089003555 0.996028006 0.002572468 -0.985118091 -0.931971371 0.084190294 -0.352620751 -13.658790588
-0.355082631 0.029071789 0.934382677 201.413619995 0.088139087 0.996105015 0.002502308 -0.996409774 -0.930670619 0.083244182 -0.356261998 -14.468163490
-0.358843684 0.029567659 0.932929218 203.575866699 0.087276079 0.996182084 0.001997680 -1.014308929 -0.929308295 0.082139254 -0.360054255 -15.296784401
-0.362623543 0.030208074 0.931446016 205.755844116 0.086950928 0.996211410 0.001542567 -1.026450872 -0.927870512 0.081549451 -0.363876343 -16.124689102
-0.365382522 0.030797979 0.930347860 207.864242554 0.088596687 0.996065915 0.001821760 -1.051470757 -0.926631689 0.083091393 -0.366673678 -16.956007004
-0.368138582 0.030449608 0.929272115 210.006835938 0.089198686 0.996010125 0.002700339 -1.068122745 -0.925482273 0.083883941 -0.369385809 -17.793334961
-0.370987773 0.029931000 0.928155303 212.188385010 0.090422228 0.995895386 0.004026690 -1.079837799 -0.924225032 0.085419722 -0.372171372 -18.665502548
-0.374332458 0.030648965 0.926787913 214.382217407 0.091511622 0.995795846 0.004030760 -1.093546033 -0.922768056 0.086320706 -0.375563443 -19.540464401
-0.377513230 0.031984728 0.925451636 216.573516846 0.091709368 0.995781302 0.002994983 -1.102346420 -0.921451569 0.086003229 -0.378853887 -20.424634933
-0.379982799 0.032071576 0.924437404 218.749496460 0.091191910 0.995828986 0.002935356 -1.118837237 -0.920487344 0.085416608 -0.381322533 -21.316139221
-0.383221656 0.033115629 0.923062563 220.923873901 0.090542093 0.995890915 0.001861326 -1.137815118 -0.919207990 0.084289305 -0.384645313 -22.210149765
-0.386424690 0.034246907 0.921684921 223.099212646 0.090276755 0.995916367 0.000844234 -1.151455522 -0.917892098 0.083532952 -0.387938410 -23.110652924
-0.388855755 0.034241334 0.920662105 225.269882202 0.088237569 0.996099353 0.000221498 -1.174658656 -0.917063415 0.081323124 -0.390360445 -24.019248962
-0.392290711 0.035223078 0.919166684 227.441513062 0.089091413 0.996023357 -0.000144997 -1.193892598 -0.915516555 0.081832975 -0.393868774 -24.929983139
-0.394960165 0.034883063 0.918035746 229.592407227 0.090635955 0.995883346 0.001152597 -1.220206857 -0.914216399 0.083662271 -0.396495938 -25.852060318
-0.398258716 0.033725895 0.916652918 231.762817383 0.090733297 0.995871365 0.002780414 -1.242132783 -0.912774622 0.084278263 -0.399674505 -26.778762817
-0.401714563 0.033375036 0.915156543 233.891815186 0.089749321 0.995959640 0.003074251 -1.256099343 -0.911356390 0.083369650 -0.403086960 -27.697132111
-0.404671282 0.033664294 0.913842380 236.016677856 0.088466004 0.996076047 0.002481228 -1.275367737 -0.910172999 0.081848055 -0.406061560 -28.637247086
-0.408447325 0.032969438 0.912186265 238.200973511 0.086443022 0.996253133 0.002698484 -1.288227320 -0.908679485 0.079954326 -0.409766972 -29.597923279
-0.412835032 0.032172956 0.910237312 240.371139526 0.085491829 0.996332526 0.003558481 -1.305759788 -0.906784534 0.079286925 -0.414071500 -30.556848526
-0.416506797 0.032437574 0.908553779 242.515457153 0.085115626 0.996365130 0.003446756 -1.322972298 -0.905139446 0.078767724 -0.417753726 -31.530946732
-0.421021193 0.032019831 0.906485379 244.672134399 0.084404327 0.996423542 0.004005253 -1.340892076 -0.903115213 0.078197584 -0.422218025 -32.507400513
-0.425548613 0.031490818 0.904387414 246.833953857 0.083082952 0.996532857 0.004394358 -1.354871392 -0.901113451 0.077009194 -0.426689476 -33.497920990
-0.429930300 0.031385530 0.902316391 248.963119507 0.082392693 0.996589363 0.004593318 -1.366919756 -0.899094760 0.076319084 -0.431049883 -34.493331909
-0.433909327 0.032300409 0.900377333 251.105560303 0.082619905 0.996572852 0.004064788 -1.386701584 -0.897160232 0.076152846 -0.435090929 -35.509918213
-0.437860399 0.032542340 0.898453832 253.186141968 0.082551889 0.996578217 0.004135124 -1.404868841 -0.895244837 0.075979680 -0.439048529 -36.506122589
-0.441728503 0.032286894 0.896567643 255.326400757 0.082640141 0.996567786 0.004827774 -1.420800209 -0.893334508 0.076225042 -0.442880511 -37.543323517
-0.445591807 0.032570459 0.894643486 257.449005127 0.081281126 0.996682346 0.004198108 -1.437245011 -0.891538739 0.074588291 -0.446760833 -38.581489563
-0.449457377 0.033260863 0.892682314 259.565490723 0.081708737 0.996648133 0.004005026 -1.448501229 -0.889556944 0.074740015 -0.450668693 -39.640228271
-0.453081250 0.034285478 0.890809655 261.677642822 0.082507364 0.996584058 0.003608168 -1.450189829 -0.887642801 0.075133145 -0.454362333 -40.706588745
-0.456467718 0.035327964 0.889038324 263.787506104 0.083816998 0.996475160 0.003437778 -1.465247154 -0.885783136 0.076085746 -0.457819879 -41.780658722
-0.459806591 0.037563019 0.887224257 265.904754639 0.085955545 0.996296167 0.002365836 -1.475404143 -0.883849263 0.077349655 -0.461332291 -42.877231598
-0.462702602 0.038437922 0.885680020 268.028991699 0.087602526 0.996152282 0.002533542 -1.491139054 -0.882174671 0.078760080 -0.464289576 -43.986625671
-0.465564013 0.040437896 0.884089887 270.141387939 0.089419603 0.995992720 0.001532306 -1.501019597 -0.880485237 0.079768360 -0.467314392 -45.102203369
-0.468020648 0.043241836 0.882658839 272.243041992 0.091723181 0.995784461 -0.000148648 -1.524471402 -0.878944457 0.080890708 -0.470014006 -46.193023682
-0.471386850 0.043408465 0.880857646 274.382080078 0.091968797 0.995761812 0.000145748 -1.539497375 -0.877118111 0.081080116 -0.473381221 -47.305881500
-0.474408478 0.044405725 0.879184127 276.517028809 0.092514783 0.995711267 -0.000370199 -1.562967062 -0.875429988 0.081161901 -0.476482034 -48.430931091
-0.477688581 0.044362180 0.877408504 278.668426514 0.091484077 0.995806396 -0.000541644 -1.571203232 -0.873753011 0.080010191 -0.479743689 -49.593955994
-0.480708539 0.045828555 0.875681937 280.815246582 0.092770293 0.995686769 -0.001182416 -1.587277532 -0.871959269 0.080668874 -0.482886732 -50.764476776
-0.483719349 0.045916688 0.874017894 282.961791992 0.091965832 0.995761096 -0.001414624 -1.603275657 -0.870378017 0.079695493 -0.485891730 -51.950843811
-0.485936791 0.045797188 0.872793138 285.093719482 0.090647817 0.995881319 -0.001786743 -1.621519804 -0.869280398 0.078248568 -0.488086879 -53.134632111
-0.488410443 0.046798475 0.871358216 287.239501953 0.092523895 0.995709300 -0.001615904 -1.634346843 -0.867694974 0.079832241 -0.490644723 -54.329139709
-0.490434736 0.046650290 0.870228410 289.414581299 0.094248876 0.995548487 -0.000252478 -1.659322023 -0.866366506 0.081894219 -0.492648363 -55.539653778
-0.492765009 0.046949308 0.868894935 291.596893311 0.095051549 0.995472491 0.000116638 -1.668001533 -0.864955425 0.082647294 -0.494996518 -56.766151428
-0.493828893 0.046720866 0.868303061 293.737243652 0.095298782 0.995448649 0.000636968 -1.681702733 -0.864321232 0.083062783 -0.496033669 -57.990650177
-0.496849775 0.046266392 0.866602421 295.952514648 0.094489120 0.995525360 0.001024144 -1.680907965 -0.862677217 0.082393341 -0.498998195 -59.229553223
-0.499306768 0.047210719 0.865138233 298.168212891 0.096435651 0.995338321 0.001341214 -1.682411551 -0.861041784 0.084099829 -0.501532018 -60.507614136
-0.501469076 0.047229741 0.863885462 300.374053955 0.096841924 0.995298147 0.001800654 -1.687397838 -0.859738588 0.084563300 -0.503685057 -61.794006348
-0.503633440 0.047569923 0.862606823 302.571502686 0.095945597 0.995385945 0.001125623 -1.704896450 -0.858573139 0.083330229 -0.505873740 -63.060752869
-0.506144643 0.050155647 0.860988915 304.763641357 0.095493920 0.995428264 -0.001849734 -1.711357832 -0.857145429 0.081282981 -0.508620322 -64.328865051
-0.509522080 0.049490329 0.859033167 306.971374512 0.094187006 0.995553434 -0.001489932 -1.731094480 -0.855287135 0.080150604 -0.511917770 -65.630119324
-0.513699353 0.047417622 0.856658876 309.156066895 0.091803104 0.995777190 -0.000067917 -1.749836683 -0.853044629 0.078609064 -0.515883327 -66.914924622
-0.518850029 0.044909399 0.853684843 311.370758057 0.089361407 0.995997429 0.001915832 -1.764475942 -0.850181878 0.077280514 -0.520786464 -68.226112366
-0.523635805 0.043455224 0.850833237 313.570617676 0.088280477 0.996089578 0.003457222 -1.777926087 -0.847355962 0.076922297 -0.525424480 -69.555931091
-0.528560817 0.043903183 0.847759247 315.807189941 0.088806793 0.996041656 0.003786917 -1.780265927 -0.844237387 0.077288404 -0.530367672 -70.919609070
-0.532591462 0.046496686 0.845094264 318.033050537 0.092276126 0.995727777 0.003369371 -1.783612967 -0.841327071 0.079776518 -0.534606695 -72.320678711
-0.536679447 0.047198795 0.842464924 320.281768799 0.092526183 0.995705247 0.003158375 -1.780378103 -0.838697672 0.079645105 -0.538741827 -73.749664307
-0.542023718 0.047130410 0.839040458 322.522003174 0.093753532 0.995584607 0.004641390 -1.804654360 -0.835117102 0.081178747 -0.544049025 -75.155967712
-0.545461714 0.046752416 0.836830795 324.705780029 0.095003694 0.995456934 0.006310555 -1.813122630 -0.832733929 0.082944185 -0.547425270 -76.604850769
-0.549710035 0.044206586 0.834184945 326.931549072 0.092321210 0.995696485 0.008072018 -1.815078735 -0.830238342 0.081450246 -0.551425517 -78.058876038
-0.553992271 0.044027518 0.831357002 329.139526367 0.091537349 0.995767355 0.008263377 -1.818681121 -0.827474356 0.080678053 -0.555677593 -79.508102417
-0.558070719 0.043874361 0.828632653 331.332000732 0.091574915 0.995757878 0.008950936 -1.823618412 -0.824724853 0.080877215 -0.559721172 -80.975013733
-0.562052250 0.043833315 0.825939417 333.518493652 0.092495754 0.995661795 0.010102797 -1.826566935 -0.821913481 0.082074195 -0.563668370 -82.442123413
-0.566930413 0.043289434 0.822627485 335.737487793 0.092412941 0.995656729 0.011293438 -1.818460107 -0.818565667 0.082424015 -0.568468571 -83.936340332
-0.569835544 0.042202275 0.820674360 337.938171387 0.090988681 0.995779991 0.011971136 -1.812700510 -0.816705883 0.081493661 -0.571270764 -85.466392517
-0.573227406 0.041602805 0.818339467 340.139251709 0.091219410 0.995742321 0.013275416 -1.805278420 -0.814302981 0.082258277 -0.574581802 -86.993957520
-0.575488389 0.041047465 0.816779196 342.317077637 0.091954388 0.995653927 0.014752571 -1.797110677 -0.812623858 0.083596349 -0.576761663 -88.529579163
-0.578058898 0.040506177 0.814989090 344.506378174 0.089744925 0.995864153 0.014158732 -1.783241510 -0.811044872 0.081325717 -0.579303265 -90.089271545
-0.580930650 0.039412148 0.812998354 346.637542725 0.085762575 0.996230960 0.012987105 -1.774100780 -0.809422255 0.077269442 -0.582121074 -91.591773987
-0.584639847 0.038764182 0.810366452 348.796508789 0.082290627 0.996539712 0.011698823 -1.761247516 -0.807108700 0.073525153 -0.585806847 -93.093070984
-0.586684883 0.036357488 0.808998764 350.916412354 0.080415092 0.996669710 0.013525241 -1.757370949 -0.805812776 0.072990753 -0.587654710 -94.646461487
-0.590435565 0.035793103 0.806290686 353.077606201 0.081181325 0.996583283 0.015207326 -1.749263763 -0.802991569 0.074434683 -0.591323972 -96.195137024
-0.593366325 0.035676122 0.804141462 355.225677490 0.079878598 0.996695817 0.014722564 -1.734740615 -0.800959229 0.072969571 -0.594255567 -97.775093079
-0.596595824 0.034455344 0.801801801 357.407592773 0.077812321 0.996854186 0.015060521 -1.723952055 -0.798760712 0.071375117 -0.597400129 -99.364669800
-0.600002766 0.030527093 0.799415290 359.578460693 0.075297192 0.996990561 0.018442608 -1.714679122 -0.796446502 0.071259357 -0.600495696 -100.959510803
-0.603226185 0.028238613 0.797070086 361.746704102 0.072777681 0.997152686 0.019751335 -1.688549638 -0.794242740 0.069923438 -0.603563726 -102.561454773
-0.606391668 0.027007703 0.794707358 363.927001953 0.070959233 0.997273564 0.020252764 -1.661854267 -0.791993678 0.068672933 -0.606654823 -104.185401917
-0.609394133 0.027414193 0.792393386 366.074859619 0.070792742 0.997291744 0.019940523 -1.635865569 -0.789700687 0.068247341 -0.609684467 -105.796539307
-0.612129271 0.027009336 0.790296376 368.208740234 0.070795581 0.997274935 0.020752106 -1.614694357 -0.787582219 0.068652458 -0.612373412 -107.424201965
-0.614851117 0.026076473 0.788212001 370.340393066 0.070111014 0.997303188 0.021696815 -1.588105559 -0.785520554 0.068602659 -0.615021229 -109.059860229
-0.617723465 0.024665648 0.786008418 372.475097656 0.066942140 0.997529328 0.021306416 -1.563625216 -0.783540964 0.065778561 -0.617848396 -110.710700989
-0.620520771 0.021096688 0.783906221 374.600189209 0.057172071 0.998194933 0.018392315 -1.544684291 -0.782103181 0.056230355 -0.620606780 -112.368095398
-0.624295473 0.023596322 0.780831933 376.748657227 0.049753003 0.998715460 0.009598186 -1.537996173 -0.779602349 0.044840839 -0.624667585 -114.024780273
-0.626520813 0.034103498 0.778658211 378.855438232 0.060151141 0.998178244 0.004680573 -1.543126225 -0.777080119 0.049769655 -0.627430856 -115.712127686
-0.627262414 0.035141282 0.778014719 380.977813721 0.067558207 0.997670949 0.009405089 -1.553825855 -0.775872231 0.058460746 -0.628175616 -117.411796570
-0.628926814 0.026409445 0.777015924 383.085662842 0.067044646 0.997542143 0.020362036 -1.536497116 -0.774568260 0.064900964 -0.629151523 -119.113304138
-0.632556140 0.015126971 0.774366796 385.210632324 0.059982724 0.997763216 0.029507088 -1.495058417 -0.772188306 0.065113515 -0.632048547 -120.797653198
-0.635912597 0.009102914 0.771707416 387.337799072 0.054360256 0.997975111 0.033022732 -1.443447351 -0.769844234 0.062949777 -0.635119855 -122.491218567
-0.638105690 0.009094479 0.769895136 389.408050537 0.053410430 0.998044252 0.032478191 -1.381549716 -0.768094122 0.061844934 -0.637343526 -124.185241699
-0.640589774 0.013915001 0.767757297 391.489135742 0.058382519 0.997824371 0.030627532 -1.336623549 -0.765660644 0.064443290 -0.640008330 -125.903198242
-0.642834127 0.020482050 0.765731394 393.529479980 0.062977701 0.997671366 0.026183939 -1.291136742 -0.763411999 0.065055944 -0.642627180 -127.595268250
-0.645083666 0.023462160 0.763751507 395.590728760 0.063949898 0.997679532 0.023365349 -1.257120132 -0.761431098 0.063914448 -0.645087302 -129.325317383
-0.648023725 0.023343896 0.761262357 397.642608643 0.064111076 0.997654498 0.023981666 -1.226619244 -0.758917153 0.064346030 -0.648000360 -131.052032471
-0.650441647 0.022889297 0.759211242 399.658843994 0.065138288 0.997544408 0.025731413 -1.188889861 -0.756757915 0.066190511 -0.650335431 -132.771209717
-0.652577877 0.022577958 0.757385194 401.684692383 0.065787621 0.997469604 0.026948938 -1.142677665 -0.754860222 0.067412861 -0.652412057 -134.512161255
-0.654382169 0.022552624 0.755827546 403.757232666 0.066019572 0.997442067 0.027396586 -1.104513168 -0.753276408 0.067827240 -0.654197216 -136.286453247
-0.655275941 0.022558743 0.755052686 405.794372559 0.066205628 0.997422516 0.027656810 -1.062551379 -0.752482653 0.068111569 -0.655080557 -138.046508789
-0.656897664 0.023509450 0.753613174 407.841827393 0.067250952 0.997356772 0.027507056 -1.017148137 -0.750974536 0.068750516 -0.656742394 -139.793197632
-0.657406271 0.022778103 0.753192067 409.853820801 0.068081461 0.997250438 0.029264390 -0.966534615 -0.750454485 0.070517004 -0.657149494 -141.560012817
-0.658706903 0.021861637 0.752082050 411.889465332 0.069750413 0.997047544 0.032108169 -0.923405766 -0.749159634 0.073607899 -0.658286870 -143.314315796
-0.659620941 0.021515818 0.751290441 413.923583984 0.071255319 0.996878028 0.034011927 -0.866527081 -0.748213112 0.075968415 -0.659094632 -145.090820312
-0.661251247 0.022026097 0.749841094 415.941833496 0.069962680 0.997022986 0.032410033 -0.805312634 -0.746894956 0.073892064 -0.660823703 -146.848876953
-0.662815332 0.021745382 0.748467028 417.948944092 0.065910786 0.997392595 0.029390747 -0.758139968 -0.745876312 0.068812691 -0.662520409 -148.602188110
-0.664195061 0.021184269 0.747259080 419.945953369 0.063008927 0.997627854 0.027722927 -0.710786104 -0.744899154 0.065497436 -0.663954258 -150.351837158
-0.665652156 0.020533055 0.745979667 421.949188232 0.062693521 0.997626305 0.028483024 -0.668740392 -0.743624032 0.065727875 -0.665359318 -152.104705811
-0.666759133 0.019040449 0.745030046 423.915069580 0.059886765 0.997809649 0.028094571 -0.624245048 -0.742863297 0.063349746 -0.666438997 -153.829650879
-0.667847395 0.017915862 0.744082510 425.916961670 0.056952957 0.998009324 0.027087970 -0.581672490 -0.742115974 0.060468327 -0.667538285 -155.599166870
-0.668709695 0.017134501 0.743326187 427.910278320 0.056074031 0.998049498 0.027439058 -0.543734074 -0.741406083 0.060030054 -0.668366253 -157.365173340
-0.669225454 0.015711637 0.742893219 429.884155273 0.056132667 0.997988582 0.029459670 -0.494396091 -0.740936041 0.061415751 -0.668761373 -159.127975464
-0.668700635 0.014943079 0.743381500 431.865905762 0.059772268 0.997642577 0.033713371 -0.447082490 -0.741125345 0.066977754 -0.668017387 -160.904647827
-0.668316007 0.013834178 0.743748784 433.864990234 0.064203084 0.997168779 0.039143521 -0.383418292 -0.741101623 0.073911205 -0.667312264 -162.680114746
-0.666915774 0.012888913 0.745021641 435.858093262 0.067365512 0.996798813 0.043058433 -0.305810750 -0.742081702 0.078905113 -0.665649116 -164.444122314
-0.665204763 0.010249559 0.746590495 437.828704834 0.061476920 0.997262716 0.041084416 -0.227203816 -0.744125664 0.073227637 -0.664013922 -166.179229736
-0.664639831 0.009601893 0.747102261 439.828369141 0.054234192 0.997899652 0.035422824 -0.153825894 -0.745193124 0.064061895 -0.663764596 -167.923400879
-0.663506329 0.006812890 0.748139620 441.826843262 0.049074218 0.998201430 0.034432631 -0.101508945 -0.746559560 0.059560642 -0.662647307 -169.667709351
-0.661113143 0.007278515 0.750250816 443.839996338 0.047941037 0.998319268 0.032559998 -0.043073639 -0.748753011 0.057493646 -0.660350978 -171.408340454
-0.658232510 0.007679886 0.752775550 445.838745117 0.049773693 0.998203933 0.033338711 0.012427114 -0.751167476 0.059413042 -0.657432497 -173.147247314
-0.655550480 0.007825819 0.755110741 447.834869385 0.050623294 0.998152256 0.033604037 0.069861680 -0.753452480 0.060255330 -0.654735446 -174.863311768
-0.653001368 0.008717592 0.757306516 449.829406738 0.048001695 0.998399734 0.029897442 0.127176642 -0.755833983 0.055875070 -0.652374864 -176.568389893
-0.651209950 0.003713623 0.758888483 451.848632812 0.041284740 0.998680592 0.030539807 0.176618770 -0.757773697 0.051218338 -0.650504112 -178.283737183
-0.650632083 -0.002743661 0.759388149 453.868408203 0.032312050 0.998987734 0.031293806 0.221178189 -0.758705378 0.044898145 -0.649884880 -179.965286255
-0.649819970 -0.006086066 0.760063708 455.900726318 0.025351563 0.999237955 0.029675646 0.271543711 -0.759665191 0.038552623 -0.649170697 -181.671936035
-0.649393201 -0.006739310 0.760422945 457.926727295 0.023535017 0.999303639 0.028955063 0.314584523 -0.760088503 0.036699791 -0.648782372 -183.367034912
-0.648428380 -0.006377146 0.761248887 459.953918457 0.025798444 0.999206483 0.030345574 0.361970276 -0.760838270 0.039315969 -0.647749424 -185.069854736
-0.648003280 -0.007833957 0.761597335 461.989959717 0.026699962 0.999098837 0.032994546 0.409838736 -0.761169612 0.041715190 -0.647210062 -186.737854004
-0.646922588 -0.009668056 0.762494385 463.997802734 0.025666144 0.999077022 0.034443714 0.472607255 -0.762123644 0.041852705 -0.646077335 -188.422317505
-0.646497548 -0.010177801 0.762848020 466.048278809 0.023611743 0.999165058 0.033341158 0.529423475 -0.762550592 0.039567150 -0.645717621 -190.112167358
-0.646360993 -0.009165607 0.762976706 468.086120605 0.022279747 0.999274790 0.030878685 0.588544548 -0.762706399 0.036957704 -0.645688057 -191.785064697
-0.645304203 -0.007570953 0.763888180 470.113922119 0.023061145 0.999302089 0.029385354 0.636682034 -0.763577580 0.036578637 -0.644679248 -193.473861694
-0.644509256 -0.007451745 0.764560103 472.136260986 0.024777483 0.999223769 0.030625811 0.679028034 -0.764194906 0.038682494 -0.643824279 -195.147674561
