1.000000000 0.000000000 0.000000000 0.000000000 0.000000000 1.000000000 0.000000000 0.000000000 0.000000000 0.000000000 1.000000000 0.000000000
0.999040961 -0.000533673 0.043782540 0.045784090 0.000636066 0.999997079 -0.002324776 -0.020622039 -0.043781172 0.002350395 0.999038398 1.025971532
0.996024907 -0.004628401 0.088954948 0.138720363 0.005305368 0.999958694 -0.007375282 -0.038514078 -0.088917136 0.007817903 0.996008337 2.047282457
0.990869522 -0.004157747 0.134760335 0.271613210 0.005755907 0.999917686 -0.011471836 -0.060751751 -0.134701520 0.012142761 0.990811884 3.056300879
0.983524799 -0.001100539 0.180770040 0.449698925 0.003608807 0.999901652 -0.013547151 -0.093825802 -0.180737376 0.013976323 0.983431995 4.089361191
0.973990142 -0.003625673 0.226561368 0.685649276 0.006867847 0.999884903 -0.013523754 -0.124953732 -0.226486236 0.014727991 0.973903000 5.092280865
0.962309778 -0.004139671 0.271924078 0.958805442 0.008497821 0.999853551 -0.014851464 -0.154037416 -0.271822780 0.016602473 0.962204099 6.101145744
0.948754668 -0.006886630 0.315938592 1.286112785 0.013030897 0.999764740 -0.017339172 -0.189109564 -0.315744847 0.020567583 0.948621213 7.081550121
0.933573067 -0.008472091 0.358286917 1.657965183 0.016463153 0.999678969 -0.019258823 -0.219270930 -0.358008742 0.023878055 0.933412850 8.036233902
0.916204929 -0.008419547 0.400621474 2.067158699 0.017971054 0.999636590 -0.020090481 -0.250434518 -0.400306821 0.025606591 0.916023254 8.973663330
0.896760643 -0.009169853 0.442420721 2.526125908 0.019417014 0.999637842 -0.018638104 -0.289202601 -0.442089587 0.025304418 0.896613896 9.884009361
0.874999404 -0.008980148 0.484040707 3.020206451 0.020052860 0.999642193 -0.017703691 -0.325271904 -0.483708471 0.025197119 0.874866366 10.772088051
0.850958228 -0.009013526 0.525156081 3.544756651 0.020782607 0.999647617 -0.016518487 -0.358790815 -0.524822116 0.024970653 0.850845575 11.634202957
0.825444043 -0.009408534 0.564405382 4.131329536 0.022654252 0.999607623 -0.016468614 -0.397644430 -0.564029157 0.026380099 0.825333476 12.484295845
0.798107028 -0.011146523 0.602412641 4.742081642 0.026023768 0.999533474 -0.015983107 -0.432481468 -0.601953626 0.028433274 0.798024714 13.286666870
0.769416034 -0.010021216 0.638669312 5.409875870 0.026648039 0.999509990 -0.016420269 -0.468589932 -0.638191819 0.029653298 0.769306123 14.096322060
0.738830090 -0.013243852 0.673761547 6.086113453 0.031633042 0.999386311 -0.015043478 -0.499582589 -0.673148870 0.032427702 0.738795578 14.832686424
0.706825554 -0.012581433 0.707275987 6.831393719 0.032107916 0.999381959 -0.014309884 -0.534410894 -0.706658840 0.032823749 0.706792653 15.566694260
0.672726810 -0.011299981 0.739804804 7.585994244 0.033127058 0.999340653 -0.014859223 -0.568538785 -0.739149153 0.034503747 0.672657549 16.251506805
0.637248516 -0.012437098 0.770558000 8.395078659 0.038127061 0.999154091 -0.015404205 -0.589087009 -0.769714653 0.039195415 0.637183666 16.918834686
0.600535631 -0.010557177 0.799528301 9.185903549 0.038076818 0.999155998 -0.015406853 -0.617425561 -0.798690975 0.039695855 0.600430667 17.510608673
0.562704861 -0.009339120 0.826605141 10.043371201 0.040964033 0.999022722 -0.016598817 -0.647981405 -0.825642288 0.043201312 0.562537551 18.096401215
0.523873150 -0.007461631 0.851763666 10.888279915 0.045692384 0.998768032 -0.019353462 -0.670742989 -0.850569963 0.049057871 0.523568690 18.614856720
0.485048980 -0.006668739 0.874461532 11.780805588 0.047381364 0.998702407 -0.018665424 -0.699901164 -0.873202443 0.050486822 0.484735578 19.102233887
0.446583539 -0.008431843 0.894702137 12.679281235 0.052733544 0.998465419 -0.016911803 -0.725802958 -0.893186629 0.054733351 0.446342826 19.542797089
0.409798354 -0.008955204 0.912132144 13.631195068 0.056540471 0.998278379 -0.015601261 -0.751921237 -0.910422146 0.057965759 0.409599245 19.956609726
0.374716133 -0.006412208 0.927117407 14.560054779 0.058110662 0.998172343 -0.016583137 -0.778685391 -0.925316632 0.060089376 0.374403954 20.322216034
0.341198117 -0.007367322 0.939962506 15.527460098 0.058592651 0.998191416 -0.013444900 -0.803272963 -0.938163400 0.059662268 0.341012746 20.670368195
0.307754248 -0.008960670 0.951423645 16.523834229 0.061014332 0.998083353 -0.010336004 -0.828084886 -0.949507535 0.061231431 0.307711035 20.988430023
0.275197119 -0.008799127 0.961347580 17.510309219 0.061676610 0.998059750 -0.008520513 -0.849006772 -0.959407389 0.061637480 0.275205880 21.260404587
0.242949963 -0.006045978 0.970019937 18.514699936 0.059088342 0.998215854 -0.008577470 -0.873355031 -0.968237519 0.059400763 0.242873743 21.516006470
0.212079808 -0.004499485 0.977242112 19.552726746 0.058848143 0.998233438 -0.008175014 -0.888387978 -0.975478888 0.059242629 0.211969987 21.742189407
0.181558669 -0.004340118 0.983370483 20.583873749 0.060778819 0.998127937 -0.006816277 -0.909883618 -0.981500089 0.061005656 0.181482539 21.929979324
0.151049837 -0.004447796 0.988516092 21.652648926 0.062482167 0.998033226 -0.005056947 -0.923263311 -0.986549437 0.062528484 0.151030675 22.082244873
0.120352134 -0.005101142 0.992718160 22.734813690 0.060961641 0.998137474 -0.002261693 -0.936960697 -0.990857661 0.060789935 0.120438963 22.218864441
0.091180623 -0.005536604 0.995818973 23.825340271 0.061721798 0.998093307 -0.000102211 -0.952059805 -0.993919790 0.061473053 0.091348507 22.313976288
0.064055391 -0.005312566 0.997932196 24.951301575 0.064346343 0.997926891 0.001182267 -0.958517909 -0.995869696 0.064137548 0.064264439 22.377759933
0.039089102 -0.004799311 0.999224186 26.073833466 0.068555057 0.997645020 0.002109891 -0.966491163 -0.996881247 0.068419389 0.039326061 22.410531998
0.016463384 -0.004283484 0.999855220 27.251611710 0.072847202 0.997338355 0.003073216 -0.968397617 -0.997207165 0.072786063 0.016731601 22.417217255
-0.003652812 -0.004451678 0.999983370 28.407978058 0.078566886 0.996897578 0.004724935 -0.971156359 -0.996902168 0.078582838 -0.003291724 22.405763626
-0.020870300 -0.005068057 0.999769330 29.592111588 0.083016649 0.996525049 0.006784594 -0.971312881 -0.996329546 0.083139092 -0.020377045 22.363170624
-0.036594018 -0.004906045 0.999318182 30.815752029 0.086110204 0.996253133 0.008044266 -0.969786823 -0.995613337 0.086345859 -0.036034442 22.307540894
-0.050923031 -0.005628829 0.998686731 32.014591217 0.088333048 0.996039629 0.010118011 -0.968096137 -0.994788468 0.088732295 -0.050224137 22.248775482
-0.064032085 -0.006812174 0.997924566 33.226749420 0.088490091 0.995998919 0.012477017 -0.967875302 -0.994016826 0.089105353 -0.063173078 22.164880753
-0.075734347 -0.006692882 0.997105479 34.431716919 0.088167064 0.996015668 0.013382225 -0.965874016 -0.993222415 0.088925362 -0.074842505 22.070547104
-0.086855605 -0.003810561 0.996213615 35.658267975 0.088362560 0.996021807 0.011513781 -0.961035430 -0.992294371 0.089028008 -0.086173378 21.968441010
-0.097016588 -0.000509168 0.995282650 36.886730194 0.088723712 0.996014118 0.009158012 -0.955313027 -0.991320252 0.089193642 -0.096584722 21.851280212
-0.106434613 0.001772310 0.994318068 38.162498474 0.090128228 0.995899022 0.007872449 -0.958169699 -0.990226448 0.090454027 -0.106157847 21.722656250
-0.113667853 0.003026695 0.993514121 39.450199127 0.089965701 0.995918334 0.007258948 -0.945999861 -0.989437103 0.090207309 -0.113476217 21.576175690
-0.119281814 0.003741860 0.992853403 40.751533508 0.089669548 0.995946825 0.007019417 -0.938821375 -0.988802910 0.089865990 -0.119133867 21.420848846
-0.124249779 0.005259085 0.992237031 42.076828003 0.090893760 0.995841801 0.006103696 -0.935714781 -0.988079131 0.090946525 -0.124211170 21.255229950
-0.128891781 0.006783192 0.991635442 43.411682129 0.089766279 0.995950997 0.004855016 -0.930639327 -0.987587452 0.089641213 -0.128978774 21.087167740
-0.133646786 0.007219135 0.991002679 44.797950745 0.090185583 0.995912910 0.004907541 -0.930028319 -0.986916959 0.090030059 -0.133751631 20.918951035
-0.136166602 0.006726524 0.990663111 46.182868958 0.090187810 0.995908856 0.005634169 -0.921664000 -0.986572206 0.090112925 -0.136216179 20.728588104
-0.138746038 0.004695923 0.990316868 47.615913391 0.091358595 0.995785356 0.008077729 -0.924868703 -0.986105025 0.091594711 -0.138590261 20.527126312
-0.139946476 0.003312247 0.990153551 49.044624329 0.091339208 0.995773792 0.009578670 -0.918868661 -0.985937178 0.091780357 -0.139657572 20.298181534
-0.141357511 0.004220315 0.989949584 50.466548920 0.093847163 0.995544553 0.009156517 -0.907649040 -0.985500276 0.094198301 -0.141123742 20.099943161
-0.142762750 0.004008375 0.989748836 51.945655823 0.093382671 0.995585501 0.009437634 -0.894661427 -0.985341787 0.093772724 -0.142506838 19.878009796
-0.143343315 0.005633341 0.989656985 53.415176392 0.095682666 0.995378196 0.008192902 -0.881447673 -0.985036790 0.095867403 -0.143219844 19.670625687
-0.142994612 0.005598463 0.989707649 54.905101776 0.095190108 0.995425999 0.008122415 -0.874938846 -0.985135198 0.095371842 -0.142873466 19.448942184
-0.141925305 0.007230146 0.989850938 56.419307709 0.095084235 0.995448887 0.006362189 -0.863838077 -0.985300064 0.095022179 -0.141966864 19.225791931
-0.140698805 0.007428757 0.990024507 57.962104797 0.095847577 0.995377004 0.006152598 -0.852137566 -0.985401988 0.095757119 -0.140760377 19.003631592
-0.138617754 0.006262848 0.990326107 59.502056122 0.095273882 0.995426118 0.007040559 -0.847440541 -0.985752523 0.095328167 -0.138580441 18.780565262
-0.137161449 0.007041180 0.990523815 61.092498779 0.096167840 0.995345712 0.006241258 -0.838505745 -0.985869408 0.096112601 -0.137200162 18.554271698
-0.136329070 0.007722867 0.990633488 62.680355072 0.095761687 0.995389462 0.005418592 -0.828697920 -0.986024380 0.095603436 -0.136440054 18.349483490
-0.135012552 0.008307180 0.990809023 64.286231995 0.096825972 0.995289505 0.004849239 -0.825362504 -0.986101568 0.096590765 -0.135180905 18.122543335
-0.133748621 0.008069810 0.990982354 65.897171021 0.096460789 0.995324671 0.004913724 -0.824333549 -0.986309528 0.096248142 -0.133901700 17.900775909
-0.132606208 0.006663513 0.991146326 67.552078247 0.098707907 0.995095193 0.006516144 -0.816471338 -0.986241579 0.098698050 -0.132613569 17.673377991
-0.131145701 0.004886104 0.991351068 69.240547180 0.100879803 0.994862735 0.008441966 -0.811673641 -0.986216962 0.101114444 -0.130964905 17.426731110
-0.130184457 0.005636972 0.991473794 70.933586121 0.102178626 0.994735777 0.007760942 -0.810052454 -0.986210644 0.102317795 -0.130075127 17.199527740
-0.129396200 0.007961276 0.991560996 72.615608215 0.104082331 0.994552910 0.005597183 -0.795782864 -0.986115277 0.103928246 -0.129520014 16.979057312
-0.128529340 0.007889341 0.991674304 74.318077087 0.103323095 0.994632721 0.005478665 -0.791705310 -0.986308515 0.103167035 -0.128654629 16.759601593
-0.127968952 0.007423675 0.991750360 76.062477112 0.104147345 0.994543791 0.005993899 -0.794200540 -0.986294746 0.104055189 -0.128043860 16.522495270
-0.127305895 0.006316290 0.991843522 77.792823792 0.103998773 0.994552612 0.007014995 -0.789462805 -0.986396194 0.104043543 -0.127269343 16.293132782
-0.127203315 0.006648819 0.991854370 79.519088745 0.105510816 0.994394481 0.006865700 -0.785286307 -0.986248851 0.105524689 -0.127191782 16.078882217
-0.127383322 0.006415954 0.991832793 81.289916992 0.106340244 0.994303524 0.007225579 -0.778338492 -0.986136496 0.106392182 -0.127339929 15.859121323
-0.127134100 0.007641605 0.991856098 83.051132202 0.106950521 0.994246066 0.006048687 -0.770134091 -0.986102700 0.106848538 -0.127219856 15.626791000
-0.127507240 0.008579907 0.991800666 84.848403931 0.106551535 0.994294107 0.005096932 -0.765743732 -0.986097693 0.106327750 -0.127693921 15.386165619
-0.128773734 0.009134470 0.991631925 86.644790649 0.105828032 0.994373858 0.004583147 -0.772110939 -0.986011028 0.105532639 -0.129015952 15.161285400
-0.130435079 0.009513839 0.991411209 88.448043823 0.104954876 0.994467854 0.004265224 -0.778233588 -0.985885978 0.104609773 -0.130712017 14.939459801
-0.131137401 0.008630168 0.991326630 90.262275696 0.103994004 0.994564831 0.005098466 -0.782864809 -0.985894561 0.103760637 -0.131322175 14.701343536
-0.132154763 0.008541260 0.991192222 92.110450745 0.104164496 0.994545877 0.005317994 -0.779276729 -0.985740781 0.103949830 -0.132323653 14.458882332
-0.132648706 0.007570232 0.991134226 93.961021423 0.101769552 0.994789779 0.006022205 -0.778355360 -0.985924602 0.101666123 -0.132728025 14.213935852
-0.134611189 0.008403037 0.990862846 95.797119141 0.101558872 0.994815052 0.005360469 -0.781340003 -0.985680223 0.101352476 -0.134766623 13.977076530
-0.136822835 0.009285662 0.990551949 97.673851013 0.100931972 0.994882643 0.004615254 -0.779040933 -0.985440135 0.100609824 -0.137059838 13.710457802
-0.140998527 0.010251555 0.989956677 99.559722900 0.101426058 0.994834423 0.004143942 -0.775364161 -0.984800577 0.100991681 -0.141309977 13.441536903
-0.145511463 0.009397698 0.989311934 101.439483643 0.099346921 0.995039463 0.005160191 -0.774508595 -0.984355927 0.099035963 -0.145723283 13.172956467
-0.150281027 0.008621123 0.988605857 103.335792542 0.097833849 0.995183408 0.006193541 -0.776604116 -0.983790636 0.097649880 -0.150400639 12.893671989
-0.154767931 0.009426456 0.987905979 105.237205505 0.096602350 0.995307088 0.005636901 -0.778942049 -0.983216584 0.096306443 -0.154952228 12.601748466
-0.159148812 0.011016997 0.987193048 107.162231445 0.097192153 0.995255172 0.004561714 -0.781727433 -0.982458770 0.096673429 -0.159464419 12.286766052
-0.163864464 0.012816034 0.986399591 109.098640442 0.096904755 0.995288551 0.003166659 -0.787820339 -0.981711745 0.096105725 -0.164334342 11.973928452
-0.168512061 0.012928585 0.985614777 111.038276672 0.095768407 0.995398045 0.003316757 -0.795185328 -0.981036246 0.094949685 -0.168974742 11.647644043
-0.173403159 0.012684988 0.984769225 112.991889954 0.094096720 0.995555937 0.003745092 -0.801820278 -0.980345428 0.093312956 -0.173826173 11.310606003
-0.177819327 0.012236828 0.983987093 114.964035034 0.092480391 0.995705009 0.004329865 -0.804992378 -0.979707897 0.091769442 -0.178187296 10.948072433
-0.184016168 0.011400374 0.982857108 116.906906128 0.091290571 0.995808899 0.005541342 -0.807080150 -0.978674591 0.090745270 -0.184285700 10.608709335
-0.189058006 0.011263847 0.981901348 118.890228271 0.091629066 0.995773911 0.006219528 -0.806367576 -0.977681518 0.091146551 -0.189291090 10.224735260
-0.194461107 0.012736670 0.980827451 120.846214294 0.092212401 0.995724916 0.005352116 -0.809549868 -0.976566315 0.091485232 -0.194804266 9.847715378
-0.199641243 0.013995720 0.979769051 122.808441162 0.091977112 0.995750785 0.004517566 -0.812456489 -0.975542724 0.091018222 -0.200080216 9.454528809
-0.205694169 0.013854603 0.978518248 124.815460205 0.092202097 0.995726287 0.005283542 -0.809353709 -0.974263132 0.091308229 -0.206092492 9.050111771
-0.211170986 0.013669352 0.977353573 126.802154541 0.091019392 0.995832503 0.005738217 -0.810805976 -0.973202050 0.090169862 -0.211535156 8.627799988
-0.216557562 0.014484473 0.976162374 128.797256470 0.090113573 0.995917857 0.005213715 -0.809001505 -0.972102046 0.089094564 -0.216978818 8.195152283
-0.221916243 0.015062002 0.974949419 130.799453735 0.089378886 0.995985329 0.004957274 -0.813057005 -0.970960677 0.088239983 -0.222371563 7.756841660
-0.226524666 0.014334808 0.973899961 132.788513184 0.090528712 0.995873272 0.006398334 -0.816973984 -0.969789147 0.089615285 -0.226887584 7.302207947
-0.230348140 0.014491222 0.973000526 134.795654297 0.092820741 0.995657146 0.007145727 -0.808219314 -0.968671203 0.091960602 -0.230692878 6.826404572
-0.233712524 0.015144655 0.972187817 136.797912598 0.094071113 0.995540082 0.007106116 -0.809200764 -0.967744470 0.093115553 -0.234094843 6.341766357
-0.236862481 0.016013376 0.971411347 138.801467896 0.094506495 0.995502114 0.006633334 -0.805432081 -0.966935694 0.093375884 -0.237310499 5.858381271
-0.240524352 0.016042903 0.970510542 140.839538574 0.093923412 0.995556056 0.006820383 -0.806736171 -0.966088176 0.092794128 -0.240962282 5.364498138
-0.243710682 0.016391588 0.969709456 142.834747314 0.092684560 0.995674551 0.006463306 -0.816655934 -0.965409100 0.091452271 -0.244175762 4.863239288
-0.249594703 0.017024826 0.968200803 144.880645752 0.091582015 0.995778918 0.006099381 -0.819307685 -0.964010000 0.090192147 -0.250100285 4.362030029
-0.252676725 0.016290355 0.967413545 146.963058472 0.089771092 0.995939970 0.006676405 -0.825753629 -0.963377178 0.088532746 -0.253113240 3.842956543
-0.257326216 0.016851813 0.966177583 149.002395630 0.090301417 0.995892048 0.006680274 -0.829105854 -0.962096095 0.088966236 -0.257790864 3.311443329
-0.262223601 0.017190047 0.964854002 151.062347412 0.089588523 0.995956957 0.006603781 -0.832507312 -0.960839570 0.088171512 -0.262703449 2.767971039
-0.267181724 0.017321106 0.963490486 153.119812012 0.089046255 0.996004343 0.006787438 -0.833325386 -0.959523261 0.087608702 -0.267656505 2.216529846
-0.271798074 0.016520398 0.962212503 155.179061890 0.088800505 0.996017456 0.007982858 -0.838889003 -0.958248556 0.087614700 -0.272182643 1.647789001
-0.276314944 0.016499748 0.960925519 157.241714478 0.089330912 0.995964944 0.008585771 -0.839240313 -0.956906438 0.088212729 -0.276673853 1.071907043
-0.280674309 0.017351555 0.959646225 159.329757690 0.090183638 0.995889962 0.008369735 -0.836579561 -0.955556810 0.088893548 -0.281085491 0.480743408
-0.284182042 0.018677687 0.958588362 161.395675659 0.090678811 0.995852113 0.007478781 -0.833605886 -0.954472542 0.089048982 -0.284696996 -0.126464844
-0.288100451 0.019890010 0.957393527 163.466217041 0.090440102 0.995880544 0.006525801 -0.840211868 -0.953319848 0.088466883 -0.288712442 -0.738533020
-0.291680336 0.021209840 0.956280768 165.545486450 0.091062434 0.995828867 0.005688451 -0.842661202 -0.952171326 0.088740461 -0.292395175 -1.353626251
-0.295066953 0.021824911 0.955227315 167.632202148 0.090409137 0.995891213 0.005173118 -0.847416937 -0.951189637 0.087887682 -0.295827776 -1.991645813
-0.298800260 0.021768512 0.954067349 169.734680176 0.090836845 0.995849311 0.005726982 -0.855135679 -0.949982584 0.088375717 -0.299537450 -2.640148163
-0.302866966 0.022234375 0.952773452 171.819976807 0.090791814 0.995853961 0.005621112 -0.855491698 -0.948698223 0.088206463 -0.303629935 -3.288185120
-0.306999087 0.023094116 0.951429546 173.917388916 0.092959628 0.995652735 0.005827862 -0.860913634 -0.947158933 0.090233676 -0.307811320 -3.961906433
-0.309899122 0.023674151 0.950474679 176.019821167 0.095270976 0.995431662 0.006268862 -0.859630942 -0.945984125 0.092495382 -0.310738862 -4.651294708
-0.312504798 0.023269206 0.949631095 178.097229004 0.096348427 0.995320797 0.007317597 -0.864524245 -0.945017278 0.093782246 -0.313284427 -5.332122803
-0.315290600 0.022676896 0.948724151 180.193176270 0.095722079 0.995375931 0.008019451 -0.863819599 -0.944155216 0.093342334 -0.316003382 -6.026618958
-0.318223923 0.023413224 0.947726429 182.312149048 0.095049664 0.995445609 0.007323304 -0.863040447 -0.943238616 0.092411526 -0.318999976 -6.730194092
-0.320773900 0.025455212 0.946813583 184.416442871 0.094353482 0.995525181 0.005201478 -0.862744153 -0.942444444 0.091003664 -0.321740270 -7.442813873
-0.323877990 0.027802559 0.945690155 186.544662476 0.094374359 0.995532095 0.003053273 -0.861978829 -0.941380024 0.090237804 -0.325054854 -8.166606903
-0.326982468 0.028733820 0.944593489 188.677093506 0.093607202 0.995606959 0.002117660 -0.876121819 -0.940382898 0.089113198 -0.328235686 -8.899749756
-0.330963999 0.029987551 0.943166792 190.849136353 0.091935739 0.995764673 0.000601031 -0.881829262 -0.939154208 0.086909644 -0.332319230 -9.640861511
-0.334107220 0.030452469 0.942043006 192.988555908 0.092915662 0.995673597 0.000767564 -0.893237948 -0.937944055 0.087787002 -0.335491359 -10.409088135
-0.338018626 0.029189583 0.940686643 195.161636353 0.092034958 0.995753407 0.002172783 -0.905976892 -0.936628520 0.087310493 -0.339269727 -11.175491333
-0.341669172 0.028770048 0.939379811 197.327148438 0.092442691 0.995713115 0.003127717 -0.917949736 -0.935262799 0.087907441 -0.342864126 -11.958656311
-0.345571667 0.028947778 0.937945783 199.486068726 0.092304341 0.995725453 0.003277085 -0.921446860 -0.933841586 0.087708935 -0.346766531 -12.748367310
-0.349360168 0.029487852 0.936524391 201.654907227 0.091711991 0.995781481 0.002858498 -0.928375781 -0.932489336 0.086889125 -0.350590855 -13.542076111
-0.353535831 0.029583128 0.934953094 203.836242676 0.090341821 0.995907307 0.002649351 -0.946835876 -0.931048214 0.085402004 -0.354761511 -14.353477478
-0.357140332 0.030122984 0.933564901 206.019226074 0.090155981 0.995925009 0.002354539 -0.960714996 -0.929689586 0.085007362 -0.358400702 -15.171119690
-0.359745532 0.030838486 0.932540655 208.128967285 0.091865666 0.995768189 0.002509569 -0.982927322 -0.928516984 0.086571254 -0.361056238 -15.991348267
-0.362120897 0.030440584 0.931633890 210.277191162 0.092667386 0.995691001 0.003485689 -0.999560237 -0.927513480 0.087594338 -0.363381267 -16.826118469
-0.364498287 0.030646175 0.930699646 212.453552246 0.094745182 0.995492160 0.004326241 -1.007930040 -0.926371574 0.089756213 -0.365758777 -17.685539246
-0.367631048 0.031188846 0.929448724 214.651199341 0.095605001 0.995409548 0.004413045 -1.020372033 -0.925044298 0.090482332 -0.368925273 -18.547931671
-0.370563924 0.032333788 0.928243995 216.842666626 0.095949441 0.995379508 0.003631593 -1.031516075 -0.923837662 0.090410203 -0.371954262 -19.415561676
-0.373145998 0.032393269 0.927206993 219.023406982 0.095179126 0.995453894 0.003526395 -1.045300126 -0.922877550 0.089566611 -0.374532759 -20.288642883
-0.376152456 0.033602484 0.925948262 221.200592041 0.095046200 0.995469749 0.002485675 -1.064856052 -0.921669900 0.088942863 -0.377642155 -21.166843414
-0.378734261 0.034915596 0.924846530 223.377731323 0.095059194 0.995470643 0.001345866 -1.079366088 -0.920610726 0.088424906 -0.380337954 -22.058525085
-0.381309152 0.034805510 0.923792064 225.562500000 0.092775136 0.995686710 0.000780075 -1.099755168 -0.919780493 0.086002402 -0.382893533 -22.951892853
-0.384476632 0.035883512 0.922436953 227.742813110 0.093795702 0.995591402 0.000365270 -1.120176792 -0.918357253 0.086661048 -0.386147380 -23.853168488
-0.387486875 0.035342693 0.921197414 229.907928467 0.095155612 0.995460868 0.001833791 -1.144739151 -0.916951120 0.088367693 -0.389090985 -24.758934021
-0.390492022 0.034229111 0.919969678 232.080963135 0.095183529 0.995454192 0.003364139 -1.163973331 -0.915672481 0.088879645 -0.391974866 -25.668525696
-0.394079089 0.033630140 0.918460965 234.229660034 0.093874425 0.995576620 0.003824399 -1.180512667 -0.914269805 0.087727107 -0.395492941 -26.573280334
-0.397209048 0.033873063 0.917102754 236.374099731 0.092667639 0.995691359 0.003359814 -1.198349714 -0.913037598 0.086320296 -0.398636550 -27.494426727
-0.401055425 0.033495829 0.915441096 238.562500000 0.090944000 0.995850325 0.003404653 -1.208836675 -0.911528230 0.084619343 -0.402437389 -28.434783936
-0.405218422 0.032729551 0.913633764 240.734375000 0.090107575 0.995922804 0.004287424 -1.227392554 -0.909768462 0.084062673 -0.406515419 -29.374824524
-0.408892572 0.033077408 0.911982775 242.890090942 0.089797229 0.995951474 0.004138149 -1.243282795 -0.908153832 0.083585575 -0.410207361 -30.335578918
-0.412993222 0.032946505 0.910137892 245.047927856 0.089449905 0.995980918 0.004535694 -1.256554008 -0.906330705 0.083284959 -0.414280444 -31.297706604
-0.417415053 0.032158844 0.908146739 247.220825195 0.087945640 0.996112108 0.005148993 -1.270873427 -0.904450238 0.082016833 -0.418620437 -32.268775940
-0.421672702 0.032273706 0.906173587 249.347656250 0.087056875 0.996190667 0.005030773 -1.278847098 -0.902559280 0.081009977 -0.422876060 -33.240005493
-0.425584346 0.033159763 0.904311001 251.507629395 0.087537199 0.996150315 0.004669153 -1.296576858 -0.900674880 0.081147984 -0.426848739 -34.240150452
-0.429135919 0.033548228 0.902616680 253.602325439 0.087684453 0.996137321 0.004664103 -1.314262986 -0.898973763 0.081146978 -0.430420041 -35.220779419
-0.432599545 0.033444930 0.900965631 255.731719971 0.087533034 0.996148825 0.005050820 -1.327795625 -0.897326946 0.081049226 -0.433861047 -36.236602783
-0.436462492 0.034090631 0.899076462 257.856933594 0.086676009 0.996227264 0.004303094 -1.339829683 -0.895537674 0.079806492 -0.437770724 -37.250755310
-0.440282166 0.034052618 0.897213519 259.978424072 0.086644046 0.996228337 0.004707539 -1.356313825 -0.893669069 0.079810873 -0.441571951 -38.288436890
-0.443871856 0.034979321 0.895407259 262.106781006 0.087446973 0.996159315 0.004434040 -1.354978323 -0.891813219 0.080268785 -0.445225984 -39.328933716
-0.447367877 0.036578719 0.893601656 264.226837158 0.088992268 0.996025145 0.003781286 -1.362841487 -0.889911413 0.081215262 -0.448844850 -40.380287170
-0.450771809 0.038828555 0.891794324 266.361938477 0.091425285 0.995807767 0.002855101 -1.374231577 -0.887944937 0.082819551 -0.452432066 -41.457267761
-0.453712404 0.039225101 0.890284479 268.495513916 0.092762716 0.995682418 0.003405486 -1.392619967 -0.886307001 0.084130332 -0.455392092 -42.543952942
-0.456651032 0.041587170 0.888673365 270.621459961 0.094665103 0.995507061 0.002057660 -1.397951603 -0.884595037 0.085065991 -0.458536178 -43.641540527
-0.459388912 0.044058841 0.887141824 272.729278564 0.096840113 0.995299697 0.000716369 -1.425721288 -0.882940471 0.086240008 -0.461496294 -44.703506470
-0.462557942 0.044531751 0.885469973 274.875579834 0.097401194 0.995244861 0.000828605 -1.438043237 -0.881222546 0.086629130 -0.464695841 -45.796875000
-0.465797633 0.045595266 0.883715749 277.034667969 0.097827874 0.995203257 0.000216638 -1.453339577 -0.879467010 0.086552948 -0.468023866 -46.916038513
-0.469056875 0.045567334 0.881991625 279.195373535 0.096780546 0.995305657 0.000047786 -1.460822344 -0.877849102 0.085382059 -0.471265018 -48.057357788
-0.472208738 0.046889484 0.880238593 281.338439941 0.098004475 0.995185852 -0.000437583 -1.478158593 -0.876021564 0.086060703 -0.474530846 -49.199951172
-0.475253671 0.047038041 0.878590524 283.509338379 0.097157821 0.995268703 -0.000729440 -1.490956783 -0.874468029 0.085015275 -0.477575243 -50.370025635
-0.477661818 0.047181223 0.877276003 285.663116455 0.096082471 0.995372653 -0.001217367 -1.503107548 -0.873273969 0.083709359 -0.479984730 -51.538619995
-0.479977101 0.047728539 0.875981688 287.824645996 0.097495593 0.995235622 -0.000805371 -1.515151620 -0.871846676 0.085017800 -0.482343644 -52.716949463
-0.482350320 0.047506373 0.874689102 290.015502930 0.098989934 0.995088279 0.000542820 -1.535490632 -0.870367169 0.086847268 -0.484683782 -53.893531799
-0.484492868 0.047762450 0.873490393 292.197082520 0.100108966 0.994975865 0.001121468 -1.549360991 -0.869048178 0.087987572 -0.486840069 -55.093681335
-0.486053377 0.047140084 0.872656822 294.359771729 0.099646665 0.995021343 0.001751226 -1.562574387 -0.868229628 0.087808549 -0.488330781 -56.296859741
-0.488634259 0.046604432 0.871243119 296.582824707 0.098993205 0.995085478 0.002291078 -1.559319973 -0.866854548 0.087366655 -0.490846366 -57.525650024
-0.491194516 0.047500934 0.869753718 298.805145264 0.100809291 0.994902372 0.002596360 -1.556026220 -0.865196764 0.088954575 -0.493479192 -58.770637512
-0.493886352 0.047052890 0.868252456 301.006225586 0.100691676 0.994912028 0.003359352 -1.560760260 -0.863676727 0.089084931 -0.496111304 -59.999389648
-0.495770037 0.047624122 0.867147088 303.207336426 0.100199863 0.994963825 0.002642937 -1.574405074 -0.862654090 0.088198304 -0.498045176 -61.252471924
-0.498283386 0.050584260 0.865537465 305.384979248 0.100269310 0.994960248 -0.000423777 -1.581086397 -0.861196697 0.086575672 -0.500844300 -62.483772278
-0.502000749 0.049127143 0.863470733 307.656707764 0.097855337 0.995200574 0.000268787 -1.593613625 -0.859313428 0.084630147 -0.504398763 -63.797782898
-0.506229043 0.047478251 0.861091137 309.859375000 0.095688894 0.995410264 0.001370540 -1.602440834 -0.857073963 0.083090656 -0.508448780 -65.076141357
-0.511392772 0.045065619 0.858164608 312.093597412 0.093127385 0.995649040 0.003210496 -1.611225724 -0.854286075 0.081560448 -0.513364553 -66.372024536
-0.515843868 0.043522559 0.855576396 314.320678711 0.091807373 0.995765686 0.004698584 -1.616098046 -0.851749241 0.080971941 -0.517655313 -67.701408386
-0.521050334 0.044011906 0.852390468 316.591308594 0.092272066 0.995721340 0.004991593 -1.617370486 -0.848523676 0.081252687 -0.522881985 -69.045532227
-0.525023878 0.045733437 0.849857867 318.856170654 0.095141426 0.995450139 0.005208117 -1.621545196 -0.845752954 0.083591081 -0.526986241 -70.440345764
-0.528156877 0.047013495 0.847844362 321.107788086 0.096419543 0.995328844 0.004872080 -1.619213343 -0.843654871 0.084321998 -0.530222833 -71.859619141
-0.532483518 0.046900593 0.845139980 323.353149414 0.097008146 0.995266140 0.005888582 -1.628205895 -0.840862989 0.085121043 -0.534512579 -73.257003784
-0.536910295 0.045648053 0.842403471 325.575988770 0.097506285 0.995200932 0.008218327 -1.635144472 -0.837985575 0.086552143 -0.538784623 -74.675102234
-0.541431189 0.043786846 0.839604080 327.818450928 0.095643505 0.995367646 0.009766948 -1.636604071 -0.835287154 0.085590817 -0.543111086 -76.100395203
-0.545187771 0.043373369 0.837191164 330.016815186 0.094859093 0.995438457 0.010201364 -1.637969255 -0.832929790 0.084976844 -0.546815217 -77.518455505
-0.549222231 0.043132532 0.834562480 332.220245361 0.094825707 0.995433569 0.010957623 -1.634881735 -0.830278873 0.085156150 -0.550804317 -78.963539124
-0.553117394 0.043313839 0.831976593 334.441070557 0.095968232 0.995312274 0.011984592 -1.630041838 -0.827557385 0.086472198 -0.554681242 -80.419784546
-0.557826579 0.042729672 0.828856885 336.657653809 0.096167363 0.995274782 0.013412382 -1.620178699 -0.824367225 0.087190762 -0.559299946 -81.879432678
-0.561186671 0.041808780 0.826632738 338.869689941 0.094808199 0.995396793 0.014019253 -1.609667301 -0.822241366 0.086238980 -0.562567174 -83.365455627
-0.564078927 0.041380897 0.824683309 341.070404053 0.094957381 0.995368242 0.015004830 -1.591427326 -0.820242643 0.086773649 -0.565395713 -84.870246887
-0.566985250 0.040701773 0.822721779 343.261291504 0.095768414 0.995262504 0.016761826 -1.583694458 -0.818141878 0.088294454 -0.568197131 -86.360946655
-0.569893003 0.040161315 0.820736885 345.474761963 0.093418501 0.995495796 0.016153924 -1.562602520 -0.816391408 0.085878007 -0.571077943 -87.886566162
-0.572960734 0.039260838 0.818641901 347.638732910 0.089664340 0.995859146 0.014995406 -1.546056747 -0.814663291 0.081994757 -0.574108481 -89.377830505
-0.576550841 0.038869794 0.816136181 349.814788818 0.086501420 0.996158004 0.013664391 -1.527653694 -0.812469482 0.078475155 -0.577698052 -90.876838684
-0.579111576 0.036200050 0.814444184 351.994049072 0.084377125 0.996309936 0.015712917 -1.517311096 -0.810870051 0.077819981 -0.580029130 -92.415664673
-0.582580566 0.035791811 0.811984539 354.166503906 0.085321128 0.996203244 0.017303910 -1.499874592 -0.808282256 0.079360344 -0.583422422 -93.944183350
-0.585322440 0.036190607 0.809992552 356.337127686 0.085009061 0.996236563 0.016917806 -1.479228020 -0.806331873 0.078759059 -0.586196125 -95.501403809
-0.588558614 0.035139073 0.807690561 358.520355225 0.083204061 0.996382654 0.017281985 -1.463797092 -0.804161608 0.077374592 -0.589353323 -97.062080383
-0.591824830 0.031215236 0.805462003 360.689239502 0.080702297 0.996523738 0.020677442 -1.447784901 -0.802016556 0.077240057 -0.592286587 -98.626655579
-0.595346153 0.028871270 0.802950382 362.860992432 0.077975608 0.996713042 0.021976603 -1.412921429 -0.799676538 0.075694241 -0.595640600 -100.196075439
-0.598522902 0.027821330 0.800622404 365.061157227 0.076341912 0.996829391 0.022431644 -1.378989220 -0.797459722 0.074546911 -0.598749220 -101.805107117
-0.601248920 0.028292403 0.798560798 367.196716309 0.076256238 0.996843338 0.022097105 -1.348760605 -0.795414805 0.074181095 -0.601508439 -103.388931274
-0.604394138 0.027833289 0.796199203 369.353332520 0.076235153 0.996824026 0.023023359 -1.323141098 -0.793029666 0.074613549 -0.604596376 -104.993057251
-0.607020438 0.026884684 0.794231415 371.469726562 0.075675964 0.996841252 0.024095127 -1.299633980 -0.791074812 0.074730456 -0.607137620 -106.577308655
-0.609833479 0.025499091 0.792119205 373.616760254 0.072573811 0.997079611 0.023775861 -1.268754959 -0.789199710 0.071986422 -0.609903038 -108.200515747
-0.613051713 0.021969995 0.789737284 375.769104004 0.062600613 0.997821152 0.020836405 -1.241571903 -0.787558734 0.062211826 -0.613091290 -109.828689575
-0.616765499 0.024507057 0.786765337 377.918212891 0.054976765 0.998415530 0.011997925 -1.228036404 -0.785224617 0.050653722 -0.617135644 -111.453788757
-0.619527936 0.034857914 0.784200191 380.048919678 0.065294370 0.997839808 0.007229113 -1.227931976 -0.782254279 0.055682503 -0.620465636 -113.116134644
-0.620399177 0.035962738 0.783461273 382.167205811 0.072816186 0.997274578 0.011883654 -1.230916023 -0.780898631 0.064421266 -0.621326983 -114.782295227
-0.622198403 0.026966294 0.782395065 384.286987305 0.072203569 0.997123480 0.023052555 -1.210290909 -0.779523015 0.070834972 -0.622355580 -116.460823059
-0.625597894 0.016240824 0.779976547 386.422607422 0.065784901 0.997320652 0.031997867 -1.159439087 -0.777367115 0.071328484 -0.624990046 -118.133636475
-0.629093647 0.010065138 0.777264416 388.529815674 0.059810676 0.997578621 0.035490815 -1.100447655 -0.775025249 0.068815753 -0.628172278 -119.794029236
-0.631228805 0.009730063 0.775535583 390.613342285 0.058524560 0.997668087 0.035117686 -1.034647942 -0.773385525 0.067555174 -0.630326271 -121.472953796
-0.633994460 0.014788515 0.773196220 392.685760498 0.064062834 0.997385025 0.033452861 -0.986247063 -0.770679712 0.070742063 -0.633283913 -123.142814636
-0.635945737 0.021277752 0.771440327 394.737792969 0.068574779 0.997223616 0.029025139 -0.933413506 -0.768681049 0.071359776 -0.635639191 -124.822044373
-0.638324261 0.024403162 0.769380748 396.822387695 0.069557108 0.997237027 0.026078427 -0.888701439 -0.766618669 0.070162386 -0.638257861 -126.537178040
-0.641647518 0.024346516 0.766613126 398.891357422 0.069718152 0.997209907 0.026683465 -0.849610329 -0.763824463 0.070568234 -0.641554594 -128.244735718
-0.644073188 0.023689201 0.764596939 400.933166504 0.070459701 0.997108459 0.028460089 -0.803880692 -0.761711836 0.072203651 -0.643880069 -129.954589844
-0.646290064 0.023320142 0.762735426 402.972717285 0.071082272 0.997026682 0.029746821 -0.752479553 -0.759773970 0.073442034 -0.646026075 -131.676879883
-0.648226678 0.023547437 0.761083186 405.058349609 0.071436599 0.996993899 0.029997313 -0.699118614 -0.758089066 0.073814251 -0.647960126 -133.411285400
-0.649577320 0.023422750 0.759934604 407.115722656 0.071505100 0.996977091 0.030392304 -0.651959419 -0.756925464 0.074081354 -0.649288654 -135.149230957
-0.650700152 0.024112131 0.758951902 409.162048340 0.072346650 0.996917427 0.030355239 -0.601504326 -0.755880475 0.074659772 -0.650438786 -136.900238037
-0.652014434 0.023093568 0.757854879 411.209167480 0.073087364 0.996795654 0.032505490 -0.548582077 -0.754675746 0.076583654 -0.651612997 -138.646606445
-0.652574062 0.022990601 0.757376194 413.248901367 0.075571746 0.996530712 0.034864206 -0.488823891 -0.753946960 0.079987690 -0.652047575 -140.409362793
-0.653812230 0.022485850 0.756322622 415.296997070 0.077047497 0.996341288 0.036982909 -0.426206589 -0.752723873 0.082452647 -0.653152525 -142.159973145
-0.655254126 0.022908436 0.755061030 417.322845459 0.075723179 0.996497452 0.035480227 -0.358516693 -0.751603544 0.080424197 -0.654693842 -143.899108887
-0.656529307 0.022947798 0.753951252 419.332977295 0.071800418 0.996899784 0.032180376 -0.299909592 -0.750875473 0.075261399 -0.656141460 -145.634796143
-0.658233523 0.022322452 0.752482772 421.349304199 0.068902314 0.997151315 0.030691674 -0.245885849 -0.749653995 0.072050102 -0.657896459 -147.370300293
-0.659386098 0.021582350 0.751494586 423.363739014 0.068627968 0.997142375 0.031579267 -0.197016716 -0.748665571 0.072396480 -0.658982992 -149.109039307
-0.660601020 0.020319525 0.750462115 425.382080078 0.066426903 0.997294903 0.031470105 -0.145157814 -0.747792542 0.070640057 -0.660163820 -150.856079102
-0.661361814 0.019117014 0.749823332 427.410644531 0.063206464 0.997539878 0.030316951 -0.091618538 -0.747399151 0.067444161 -0.660943151 -152.622070312
-0.661996245 0.018311650 0.749283493 429.415588379 0.062106188 0.997603714 0.030490866 -0.042465210 -0.746929646 0.066719986 -0.661547184 -154.376693726
-0.661747277 0.017334862 0.749526501 431.389007568 0.063248806 0.997459531 0.032772567 0.012342453 -0.747054279 0.069093816 -0.661162555 -156.126449585
-0.661628664 0.016292699 0.749654591 433.370605469 0.065726042 0.997175872 0.036336120 0.072102547 -0.746945500 0.073312856 -0.660831034 -157.858413696
-0.660835266 0.015140839 0.750378251 435.364288330 0.070361204 0.996643066 0.041855086 0.140514374 -0.747225583 0.080456816 -0.659682214 -159.600769043
-0.659082234 0.013978618 0.751940966 437.373352051 0.073555559 0.996231914 0.045952033 0.223455429 -0.748465180 0.085595608 -0.657626987 -161.355865479
-0.657215714 0.011483830 0.753615081 439.369140625 0.067551486 0.996757269 0.043721676 0.314071655 -0.750669241 0.079642393 -0.655860305 -163.080474854
-0.656396747 0.010959786 0.754336238 441.382812500 0.060579740 0.997431219 0.038222622 0.394451141 -0.751979649 0.070786692 -0.655374587 -164.805404663
-0.654547274 0.008746461 0.755970418 443.395721436 0.056081332 0.997739851 0.037013594 0.453529358 -0.753938079 0.066622980 -0.653558433 -166.536437988
-0.652223051 0.007958977 0.757985353 445.420196533 0.053347427 0.997947454 0.035425209 0.518275261 -0.756147563 0.063541688 -0.651308894 -168.241180420
-0.649478972 0.009110280 0.760324955 447.442535400 0.055646900 0.997816443 0.035578348 0.585250854 -0.758340597 0.065417111 -0.648567736 -169.959106445
-0.646749377 0.009293460 0.762645960 449.462036133 0.056885194 0.997728467 0.036082417 0.648902893 -0.760578275 0.066719539 -0.645808935 -171.654113770
-0.644578040 0.010045988 0.764472485 451.479278564 0.054542538 0.997970164 0.032874074 0.706114769 -0.762590468 0.062886171 -0.643817604 -173.331649780
-0.643061280 0.005093430 0.765797913 453.521423340 0.047417846 0.998323977 0.033178054 0.766361237 -0.764345288 0.057647996 -0.642224848 -175.023025513
-0.642415226 -0.001357928 0.766355515 455.558471680 0.038480304 0.998679876 0.034026593 0.817694664 -0.765389919 0.051348794 -0.641514957 -176.683715820
-0.641742051 -0.004450506 0.766907752 457.603485107 0.031608041 0.998980045 0.032246619 0.874243736 -0.766268909 0.044934459 -0.640946925 -178.358276367
-0.641024470 -0.004996969 0.767504156 459.647827148 0.029773522 0.999064386 0.031371620 0.927592278 -0.766942739 0.042961281 -0.640275896 -180.041473389
-0.640089035 -0.004789864 0.768285811 461.693756104 0.032019421 0.998945475 0.032904543 0.980250359 -0.767633259 0.045661904 -0.639260650 -181.721435547
-0.638527870 -0.006041144 0.769574940 463.741699219 0.033414051 0.998808622 0.035564754 1.035966873 -0.768872857 0.048423707 -0.637565374 -183.388793945
-0.637355924 -0.007908199 0.770528972 465.759948730 0.032290097 0.998794854 0.036960255 1.104549408 -0.769892693 0.048437282 -0.636332512 -185.039642334
-0.635865331 -0.008100516 0.771757662 467.832885742 0.030124845 0.998922348 0.035305288 1.172901154 -0.771211863 0.045698475 -0.634935975 -186.729492188
-0.635296524 -0.007466524 0.772232056 469.877990723 0.028391894 0.999051452 0.033016913 1.233221054 -0.771746218 0.042900667 -0.634481847 -188.372009277
-0.633738160 -0.006070761 0.773523808 471.936126709 0.029169368 0.999070406 0.031738978 1.283862114 -0.772997439 0.042677406 -0.632972002 -190.049835205
-0.632677495 -0.005679250 0.774394572 473.966674805 0.031167246 0.998976171 0.032789804 1.334983826 -0.773787975 0.044881132 -0.631852746 -191.691940308
