1.000000000 0.000000000 0.000000000 0.000000954 0.000000000 1.000000000 0.000000000 0.000000000 0.000000000 0.000000000 0.999999940 -0.000000238
0.999995887 -0.002485122 -0.001390178 -0.006810239 0.002489183 0.999992609 0.002927521 -0.015550096 0.001382892 -0.002930970 0.999994636 1.523798943
0.999991894 -0.002817907 -0.002858675 -0.011011828 0.002828816 0.999988675 0.003819407 -0.034331754 0.002847879 -0.003827464 0.999988556 3.043808699
0.999989271 -0.001831294 -0.004251972 -0.027460512 0.001846021 0.999992311 0.003462150 -0.047376499 0.004245598 -0.003469963 0.999984920 4.555836678
0.999981940 -0.001071359 -0.005891534 -0.038014222 0.001091399 0.999993622 0.003399375 -0.063249722 0.005887853 -0.003405744 0.999976873 6.055764675
0.999972403 -0.001314224 -0.007300849 -0.053434029 0.001338929 0.999993443 0.003379972 -0.073956527 0.007296358 -0.003389655 0.999967635 7.556970596
0.999957442 -0.001838732 -0.009051387 -0.073000148 0.001875358 0.999990046 0.004039614 -0.093914971 0.009043872 -0.004056419 0.999950826 9.066956520
0.999932170 -0.003799287 -0.011004677 -0.090147659 0.003833598 0.999987900 0.003098398 -0.106563188 0.010992772 -0.003140377 0.999934673 10.566754341
0.999917269 -0.004466346 -0.012060885 -0.114388227 0.004507933 0.999983966 0.003423181 -0.121810347 0.012045404 -0.003477270 0.999921381 12.052361488
0.999900460 -0.004324309 -0.013429133 -0.135924816 0.004369738 0.999984920 0.003355365 -0.138021022 0.013414416 -0.003413714 0.999904215 13.538760185
0.999887049 -0.003990299 -0.014484975 -0.169407278 0.004039559 0.999986172 0.003373156 -0.153057158 0.014471316 -0.003431288 0.999889433 15.022822380
0.999880195 -0.002561205 -0.015263916 -0.191396177 0.002623468 0.999988317 0.004060435 -0.170541018 0.015253340 -0.004099994 0.999875247 16.486425400
0.999873221 -0.001500451 -0.015850924 -0.225386858 0.001573085 0.999988258 0.004570869 -0.182385325 0.015843885 -0.004595225 0.999863923 17.959177017
0.999863029 -0.000425377 -0.016541230 -0.247164816 0.000519870 0.999983549 0.005708727 -0.200322300 0.016538532 -0.005716544 0.999846816 19.442949295
0.999856591 -0.000413991 -0.016925441 -0.278138757 0.000508691 0.999984264 0.005591257 -0.209451169 0.016922861 -0.005599066 0.999841034 20.904279709
0.999845207 0.000406490 -0.017587295 -0.309285104 -0.000308970 0.999984503 0.005547278 -0.217310727 0.017589279 -0.005540986 0.999829948 22.371021271
0.999842823 0.001197161 -0.017688476 -0.342224538 -0.001091488 0.999981403 0.005982595 -0.228561863 0.017695310 -0.005962348 0.999825716 23.821657181
0.999844193 0.001760917 -0.017562266 -0.373478055 -0.001631552 0.999971628 0.007377677 -0.243611202 0.017574757 -0.007347875 0.999818623 25.276727676
0.999842227 0.002046144 -0.017640444 -0.401505381 -0.001936590 0.999978781 0.006225260 -0.259147018 0.017652813 -0.006190117 0.999825001 26.713235855
0.999841213 0.002400341 -0.017651577 -0.435142785 -0.002330224 0.999989331 0.003991798 -0.267333478 0.017660972 -0.003950033 0.999836266 28.144544601
0.999850750 0.000665558 -0.017259931 -0.464704603 -0.000598832 0.999992311 0.003870879 -0.282084703 0.017262373 -0.003859966 0.999843478 29.569959641
0.999852479 -0.000338825 -0.017171185 -0.494573355 0.000450750 0.999978721 0.006514710 -0.296394408 0.017168608 -0.006521489 0.999831259 30.980501175
0.999857068 -0.001733601 -0.016815763 -0.526039839 0.001864192 0.999968231 0.007753457 -0.307150453 0.016801786 -0.007783697 0.999828517 32.399581909
0.999856055 -0.002123156 -0.016833605 -0.555588663 0.002242387 0.999972522 0.007067232 -0.316331267 0.016818138 -0.007103962 0.999833286 33.801643372
0.999867618 -0.002511122 -0.016074682 -0.584769130 0.002596394 0.999982655 0.005286102 -0.331401050 0.016061136 -0.005327139 0.999856830 35.192623138
0.999877691 -0.001162728 -0.015595578 -0.615603447 0.001229630 0.999990046 0.004280905 -0.343107998 0.015590449 -0.004299559 0.999869227 36.544795990
0.999890506 -0.000944392 -0.014757128 -0.640674531 0.000998779 0.999992728 0.003678583 -0.363425612 0.014753547 -0.003692921 0.999884307 37.918743134
0.999911070 -0.000244110 -0.013327950 -0.670115232 0.000309677 0.999987841 0.004917673 -0.380213499 0.013326588 -0.004921364 0.999899030 39.260093689
0.999927998 -0.000154105 -0.011998426 -0.692960858 0.000235866 0.999976754 0.006813220 -0.396781385 0.011997097 -0.006815559 0.999904811 40.580230713
0.999945998 -0.000644925 -0.010378362 -0.712942660 0.000726915 0.999968529 0.007898215 -0.411348403 0.010372940 -0.007905333 0.999915004 41.871887207
0.999967217 -0.000068396 -0.008087982 -0.723362386 0.000137309 0.999963880 0.008520164 -0.425506353 0.008087108 -0.008520997 0.999930978 43.172080994
0.999989033 -0.000445733 -0.004650787 -0.741197169 0.000483271 0.999967396 0.008073312 -0.439761132 0.004647039 -0.008075474 0.999956608 44.441040039
0.999999106 -0.000911407 -0.000979642 -0.758475780 0.000917435 0.999980628 0.006170138 -0.451753020 0.000974001 -0.006171034 0.999980569 45.682895660
0.999996066 -0.001384940 0.002429943 -0.751637995 0.001373965 0.999988914 0.004512191 -0.465866506 -0.002436166 -0.004508835 0.999986827 46.915298462
0.999979913 -0.000810115 0.006276520 -0.747685134 0.000777574 0.999986231 0.005185274 -0.480626792 -0.006280635 -0.005180291 0.999966800 48.126659393
0.999929726 -0.000954930 0.011817016 -0.737822354 0.000894828 0.999986649 0.005090278 -0.492119938 -0.011821719 -0.005079346 0.999917209 49.349975586
0.999836087 0.000690582 0.018093502 -0.725048244 -0.000763026 0.999991775 0.003997247 -0.502969444 -0.018090591 -0.004010399 0.999828339 50.546894073
0.999678254 0.001948767 0.025291096 -0.699442983 -0.002045816 0.999990642 0.003811961 -0.514854610 -0.025283430 -0.003862477 0.999672771 51.759445190
0.999421418 0.003121378 0.033868287 -0.666982770 -0.003288874 0.999982655 0.004890935 -0.528204501 -0.033852439 -0.004999495 0.999414325 52.911891937
0.998997509 0.005645751 0.044407506 -0.626731396 -0.005897114 0.999967277 0.005531393 -0.540184498 -0.044374824 -0.005787724 0.998998225 54.081481934
0.998343468 0.007608176 0.057028171 -0.570936203 -0.007942108 0.999952555 0.005631201 -0.555100083 -0.056982629 -0.006074798 0.998356581 55.219650269
0.997368276 0.009567517 0.071866013 -0.500201702 -0.010013520 0.999932706 0.005848299 -0.564417005 -0.071805231 -0.006552541 0.997397125 56.351497650
0.996029913 0.012012146 0.088204093 -0.415934086 -0.012709226 0.999892116 0.007345662 -0.580589294 -0.088106342 -0.008437505 0.996075332 57.477565765
0.994285464 0.012272970 0.106045291 -0.304335594 -0.013202026 0.999880314 0.008063370 -0.589422941 -0.105933636 -0.009417307 0.994328558 58.592617035
0.992085099 0.012078478 0.124984346 -0.176478863 -0.013104092 0.999886751 0.007387043 -0.601537585 -0.124880984 -0.008966384 0.992131233 59.676235199
0.989326894 0.011352384 0.145269528 -0.020628929 -0.012399896 0.999903202 0.006307358 -0.604875922 -0.145183876 -0.008041366 0.989372075 60.771327972
0.986091197 0.008000218 0.166012540 0.154328346 -0.009161029 0.999938667 0.006227740 -0.621710896 -0.165952533 -0.007661965 0.986103952 61.814903259
0.982234597 0.002963063 0.187633634 0.353357315 -0.004621218 0.999954104 0.008400381 -0.628521025 -0.187600121 -0.009118240 0.982203066 62.852630615
0.977525413 -0.002314504 0.210804582 0.571837425 0.000268740 0.999952614 0.009732684 -0.635770261 -0.210817114 -0.009457298 0.977479756 63.882934570
0.972113967 -0.007049980 0.234402522 0.823773384 0.005004694 0.999944150 0.009319237 -0.645072043 -0.234455094 -0.007886250 0.972094953 64.891342163
0.965598226 -0.013484702 0.259688765 1.093548775 0.011949080 0.999900579 0.007491087 -0.654581010 -0.259763956 -0.004130339 0.965663254 65.883621216
0.958152056 -0.017358286 0.285733312 1.397199631 0.015633157 0.999843299 0.008317626 -0.660244286 -0.285832882 -0.003502638 0.958272994 66.863983154
0.949655712 -0.019482592 0.312689215 1.713836670 0.016998429 0.999798596 0.010668783 -0.667258263 -0.312834114 -0.004816444 0.949795544 67.824989319
0.939897180 -0.023846770 0.340623826 2.050136566 0.020434842 0.999698639 0.013601314 -0.674079657 -0.340845436 -0.005823242 0.940101266 68.764442444
0.928951085 -0.027333455 0.369192123 2.423259735 0.024006469 0.999619186 0.013603264 -0.681056023 -0.369423360 -0.003773768 0.929253578 69.684204102
0.916882873 -0.026353506 0.398285180 2.810373306 0.024578670 0.999652147 0.009562430 -0.683756709 -0.398398638 0.001021689 0.917211771 70.579193115
0.903824091 -0.027808333 0.426999539 3.234020233 0.028669346 0.999579191 0.004413553 -0.688117623 -0.426942587 0.008252721 0.904241085 71.456123352
0.889759064 -0.029210702 0.455494642 3.679061890 0.031791259 0.999492526 0.001996308 -0.695715785 -0.455321848 0.012704520 0.890236199 72.306427002
0.874039888 -0.029955991 0.484929830 4.149288177 0.031370841 0.999494255 0.005199667 -0.701879382 -0.484840363 0.010667939 0.874537587 73.145477295
0.856427729 -0.028845103 0.515460432 4.646759033 0.027025850 0.999573827 0.011033105 -0.711635411 -0.515558958 0.004481697 0.856842279 73.978240967
0.836781621 -0.029008374 0.546767533 5.172033310 0.025065342 0.999578118 0.014671529 -0.715698659 -0.546962500 0.001428048 0.837155879 74.784851074
0.815668881 -0.022920074 0.578064799 5.696584702 0.021166794 0.999728203 0.009771827 -0.716988683 -0.578131616 0.004265199 0.815932393 75.548721313
0.793860435 -0.016082751 0.607887387 6.259052277 0.018250722 0.999830067 0.002618069 -0.720633209 -0.607826054 0.009016000 0.794018984 76.278518677
0.771351814 -0.013548973 0.636264741 6.854068756 0.017286973 0.999850690 0.000334147 -0.723051608 -0.636174142 0.010741346 0.771470785 77.003646851
0.747762144 -0.016221900 0.663768470 7.471775055 0.018459998 0.999822915 0.003638829 -0.732033908 -0.663709998 0.009532183 0.747929275 77.718276978
0.723409891 -0.016720867 0.690216303 8.110710144 0.018773606 0.999813437 0.004544565 -0.744987667 -0.690163493 0.009670266 0.723588824 78.381561279
0.697969139 -0.014560102 0.715979755 8.764190674 0.019347681 0.999811649 0.001471101 -0.753439128 -0.715866327 0.012825761 0.698119462 79.021247864
0.672189415 -0.012401901 0.740275383 9.443046570 0.019238070 0.999814689 -0.000718679 -0.764213324 -0.740129232 0.014724556 0.672303379 79.624748230
0.644922316 -0.009854718 0.764184594 10.143646240 0.017494623 0.999845207 -0.001870598 -0.770360470 -0.764047861 0.014575511 0.644994855 80.218093872
0.616739154 -0.008218361 0.787124753 10.854057312 0.017191872 0.999847651 -0.003031019 -0.783693910 -0.786979914 0.015401496 0.616786361 80.781852722
0.587960243 -0.001998432 0.808887243 11.591789246 0.016000383 0.999830067 -0.009160112 -0.799844146 -0.808731377 0.018328289 0.587892413 81.326538086
0.557974398 0.007439035 0.829824865 12.352611542 0.014700264 0.999714315 -0.018846488 -0.814127922 -0.829727948 0.022714499 0.557705641 81.839683533
0.527239799 0.015791159 0.849569798 13.128349304 0.013598891 0.999542475 -0.027018156 -0.838025630 -0.849607766 0.025798254 0.526783824 82.321273804
0.495352358 0.020771943 0.868443668 13.940162659 0.010876517 0.999487281 -0.030110184 -0.865416646 -0.868624091 0.024360795 0.494872481 82.792144775
0.462923467 0.020191101 0.886168182 14.771854401 0.009116664 0.999579191 -0.027537566 -0.896509826 -0.886351466 0.020826684 0.462544501 83.230949402
0.429722011 0.019109137 0.902758956 15.615600586 0.004414120 0.999719560 -0.023262711 -0.927599788 -0.902950525 0.013981383 0.429517150 83.633911133
0.395103008 0.020357305 0.918411314 16.486127853 0.000053212 0.999753952 -0.022183223 -0.960742414 -0.918636739 0.008813526 0.395004779 84.031707764
0.359905452 0.023555484 0.932691276 17.358232498 -0.007289292 0.999721706 -0.022435579 -0.986540437 -0.932960272 0.001276028 0.359977007 84.383148193
0.323822349 0.025620906 0.945770919 18.255052567 -0.012362171 0.999662578 -0.022848144 -1.012158632 -0.946037173 -0.004293042 0.324029803 84.700286865
0.287606448 0.024447020 0.957436621 19.178627014 -0.014678569 0.999669433 -0.021116052 -1.048440695 -0.957636237 -0.007980686 0.287870169 84.999771118
0.251393586 0.024199422 0.967582345 20.111574173 -0.015416042 0.999660790 -0.020996373 -1.074447751 -0.967762351 -0.009637937 0.251681328 85.243637085
0.215638876 0.023540026 0.976189315 21.056602478 -0.014826041 0.999673188 -0.020831263 -1.104243040 -0.976360619 -0.009980994 0.215917438 85.445960999
0.179822177 0.022401473 0.983443975 22.015100479 -0.013187671 0.999705613 -0.020360535 -1.132511616 -0.983610690 -0.009308061 0.180064678 85.635040283
0.145796597 0.021501770 0.989080906 22.980228424 -0.004912732 0.999767125 -0.021009915 -1.160373449 -0.989302337 -0.001795916 0.145868301 85.757080078
0.111836046 0.024787422 0.993417442 23.934202194 -0.002680340 0.999692619 -0.024642253 -1.192409515 -0.993723035 0.000093195 0.111868128 85.862182617
0.078932427 0.029827848 0.996433675 24.922286987 -0.002050150 0.999554992 -0.029758886 -1.225329638 -0.996877909 0.000306102 0.078958452 85.949127197
0.049924977 0.033615693 0.998187065 25.896854401 0.004770393 0.999414027 -0.033895604 -1.261249661 -0.998741567 0.006453981 0.049735364 85.988014221
0.024519622 0.032077443 0.999184549 26.882089615 0.006685210 0.999457479 -0.032250252 -1.295875669 -0.999677062 0.007470523 0.024291877 86.005882263
0.001894258 0.028860250 0.999581695 27.911859512 0.008298999 0.999548554 -0.028875019 -1.333563447 -0.999963760 0.008350222 0.001653891 86.014709473
-0.016700897 0.026396602 0.999512076 28.905256271 0.008507241 0.999619007 -0.026257282 -1.368883610 -0.999824345 0.008064569 -0.016919099 85.992233276
-0.033496555 0.029314065 0.999008775 29.887641907 0.010781382 0.999522150 -0.028967632 -1.410094857 -0.999380708 0.009800380 -0.033796594 85.961761475
-0.048297700 0.033941496 0.998256028 30.911663055 0.012725116 0.999362230 -0.033363447 -1.441740751 -0.998751938 0.011091546 -0.048698809 85.911911011
-0.060273409 0.039306216 0.997407675 31.906301498 0.016949264 0.999120593 -0.038349479 -1.480564475 -0.998038054 0.014593874 -0.060886621 85.847686768
-0.068928979 0.042681556 0.996708035 32.903579712 0.022251774 0.998901606 -0.041236632 -1.526747227 -0.997373343 0.019336121 -0.069802999 85.770370483
-0.074871384 0.047913644 0.996041417 33.910476685 0.026628818 0.998584807 -0.046034332 -1.580507040 -0.996837497 0.023076748 -0.076041318 85.687240601
-0.078268975 0.052834447 0.995531261 34.909648895 0.028561583 0.998303533 -0.050736062 -1.632219195 -0.996522963 0.024462884 -0.079645231 85.605537415
-0.081331633 0.056661140 0.995075107 35.918357849 0.030232932 0.998063564 -0.054360241 -1.693510413 -0.996228397 0.025662836 -0.082887188 85.521453857
-0.083919138 0.059677579 0.994683921 36.917419434 0.030630121 0.997887790 -0.057285607 -1.754468679 -0.996001661 0.025659934 -0.085569829 85.436325073
-0.085922822 0.063274659 0.994290650 37.939304352 0.032174453 0.997636974 -0.060707234 -1.818360806 -0.995782137 0.026774611 -0.087755635 85.336845398
-0.087985612 0.067287512 0.993846655 38.947402954 0.033360247 0.997355282 -0.064571679 -1.883555651 -0.995563030 0.027473588 -0.089997672 85.242263794
-0.089936063 0.068480179 0.993590415 39.952705383 0.036379084 0.997193396 -0.065435618 -1.957309008 -0.995282948 0.030260883 -0.092174880 85.146072388
-0.092246354 0.067073949 0.993474543 40.968795776 0.036421426 0.997288346 -0.063949637 -2.030483246 -0.995069921 0.030284639 -0.094439134 85.054977417
-0.094461367 0.066895120 0.993278444 41.987396240 0.035678729 0.997326314 -0.063774645 -2.101685047 -0.994888961 0.029414667 -0.096595548 84.960380554
-0.096837685 0.068210214 0.992960095 43.010967255 0.035466760 0.997251809 -0.065046147 -2.170480251 -0.994668067 0.028918166 -0.098990723 84.865470886
-0.099118426 0.070418216 0.992580891 44.025192261 0.035046045 0.997121096 -0.067240648 -2.246707439 -0.994458318 0.028121246 -0.101300932 84.758384705
-0.101701930 0.072685823 0.992155969 45.055671692 0.033359900 0.997015476 -0.069622248 -2.324608803 -0.994255424 0.026017515 -0.103823185 84.653877258
-0.104281858 0.076000027 0.991639674 46.080158234 0.030473847 0.996851921 -0.073194824 -2.404198170 -0.994080782 0.022586184 -0.106269591 84.552207947
-0.106723577 0.080384552 0.991034031 47.117218018 0.026768919 0.996597588 -0.077953100 -2.481479645 -0.993928373 0.018209476 -0.108512260 84.451278687
-0.109191410 0.082773864 0.990568399 48.155582428 0.024493430 0.996448278 -0.080565266 -2.564522266 -0.993718922 0.015465379 -0.110831030 84.330337524
-0.112193115 0.081175841 0.990365207 49.206127167 0.022384483 0.996611118 -0.079151988 -2.652207613 -0.993434250 0.013288504 -0.113629997 84.216835022
-0.114727192 0.077102616 0.990400374 50.255752563 0.019735225 0.996963501 -0.075327449 -2.739203453 -0.993200958 0.010903669 -0.115900457 84.093803406
-0.117191724 0.075354643 0.990246415 51.306789398 0.020147391 0.997092307 -0.073491238 -2.826191902 -0.992904902 0.011338316 -0.118369184 83.974487305
-0.119385526 0.075789958 0.989951015 52.342994690 0.019416299 0.997069597 -0.073993392 -2.912820816 -0.992658079 0.010387444 -0.120507263 83.856391907
-0.120425209 0.078621745 0.989604115 53.402137756 0.020194458 0.996846616 -0.076739699 -2.996364594 -0.992516875 0.010743125 -0.121633209 83.729263306
-0.120971635 0.081585988 0.989297450 54.470619202 0.020890383 0.996605337 -0.079634175 -3.080696106 -0.992436171 0.011033325 -0.122265309 83.595558167
-0.121346980 0.082194939 0.989201069 55.521903992 0.019675136 0.996568918 -0.080393575 -3.172554016 -0.992415130 0.009707145 -0.122547843 83.468040466
-0.121578984 0.080738038 0.989292562 56.582588196 0.016629085 0.996711969 -0.079299934 -3.264460564 -0.992442489 0.006809823 -0.122521847 83.348808289
-0.121525578 0.080051951 0.989354908 57.641910553 0.012774722 0.996786058 -0.079084076 -3.354296446 -0.992506027 0.003027996 -0.122157641 83.224678040
-0.121596798 0.081136681 0.989257872 58.709461212 0.009116760 0.996702611 -0.080626689 -3.444617748 -0.992537677 -0.000785120 -0.121935554 83.099433899
-0.121636041 0.081608996 0.989214063 59.787837982 0.004873347 0.996651351 -0.081623301 -3.533972740 -0.992562771 -0.005107555 -0.121626429 82.974212646
-0.122230589 0.080993429 0.989191353 60.862777710 0.000979834 0.996674061 -0.081485018 -3.627972603 -0.992501199 -0.008990719 -0.121903412 82.853965759
-0.122415625 0.075951979 0.989568412 61.947235107 0.001334969 0.997079194 -0.076363303 -3.716736317 -0.992478013 -0.008027018 -0.122159444 82.726837158
-0.122744367 0.067262568 0.990156353 63.037704468 0.005159534 0.997730315 -0.067137487 -3.801988125 -0.992424846 -0.003132002 -0.122812815 82.591613770
-0.122367561 0.061565191 0.990573466 64.136421204 0.010900109 0.998097301 -0.060686290 -3.886238098 -0.992424965 0.003371326 -0.122805804 82.451362610
-0.121728942 0.064140461 0.990488827 65.232910156 0.019360725 0.997873425 -0.062239282 -3.959940672 -0.992374420 0.011600260 -0.122711882 82.310592651
-0.120363027 0.069845669 0.990269721 66.347068787 0.025399067 0.997411907 -0.067262277 -4.036858082 -0.992404997 0.017056035 -0.121825524 82.162345886
-0.119568139 0.075413801 0.989957631 67.436698914 0.028983055 0.996951103 -0.072445959 -4.121354103 -0.992402911 0.020029770 -0.121389292 82.032379150
-0.118952021 0.079749346 0.989692092 68.551986694 0.029898895 0.996604860 -0.076712795 -4.208532810 -0.992449701 0.020465558 -0.120932586 81.895477295
-0.119104512 0.077225953 0.989873827 69.662017822 0.026206935 0.996867776 -0.074618287 -4.290558815 -0.992535830 0.017054183 -0.120755285 81.779365540
-0.118375517 0.072374187 0.990327835 70.789085388 0.026353931 0.997217894 -0.069727585 -4.385104179 -0.992619097 0.017844995 -0.119953535 81.633308411
-0.118516311 0.070252605 0.990463734 71.918235779 0.023972115 0.997405648 -0.067876533 -4.469614029 -0.992662668 0.015699033 -0.119892955 81.512252808
-0.118483730 0.071127355 0.990405202 73.047599792 0.021658732 0.997379124 -0.069037102 -4.550561905 -0.992719650 0.013271146 -0.119713701 81.383422852
-0.118382573 0.076056041 0.990050972 74.157852173 0.023229128 0.997001588 -0.073812433 -4.641648293 -0.992696226 0.014259912 -0.119794339 81.253631592
-0.117447719 0.079013363 0.989930749 75.299072266 0.022552334 0.996784925 -0.076884784 -4.726100922 -0.992822945 0.013295305 -0.118852042 81.114471436
-0.117046140 0.077755205 0.990077972 76.445358276 0.022804759 0.996877909 -0.075593278 -4.816922188 -0.992864609 0.013730585 -0.118453905 80.975608826
-0.116132379 0.070963748 0.990695417 77.597587585 0.024460817 0.997346222 -0.068572789 -4.907959938 -0.992932498 0.016269699 -0.117560022 80.837516785
-0.117048971 0.069566071 0.990686595 78.755233765 0.023489216 0.997458518 -0.067266352 -4.988792419 -0.992848277 0.015396995 -0.118385553 80.701026917
-0.116233110 0.072559774 0.990567982 79.895721436 0.021272715 0.997281015 -0.070555374 -5.074761868 -0.992994130 0.012871197 -0.117460616 80.569282532
-0.116596028 0.075340241 0.990317702 81.039550781 0.020090483 0.997093618 -0.073490351 -5.162190914 -0.992976189 0.011327274 -0.117770776 80.452499390
-0.116315320 0.075353242 0.990349650 82.221817017 0.018916890 0.997105062 -0.073645450 -5.242457390 -0.993032157 0.010168240 -0.117404029 80.310821533
-0.115576759 0.072136514 0.990675569 83.405792236 0.018411122 0.997343659 -0.070474111 -5.329287052 -0.993127882 0.010094279 -0.116597869 80.168968201
-0.115290783 0.070998751 0.990791261 84.582206726 0.018549865 0.997422278 -0.069315434 -5.418749332 -0.993158519 0.010387612 -0.116310611 80.043090820
-0.113931604 0.071153328 0.990937233 85.790603638 0.020106198 0.997392893 -0.069305182 -5.513159752 -0.993285060 0.012027933 -0.115065180 79.893295288
-0.112492658 0.072099358 0.991033316 86.986869812 0.022068618 0.997299314 -0.070050195 -5.590634823 -0.993407488 0.013990598 -0.113779992 79.751358032
-0.112001009 0.070811018 0.991181791 88.178924561 0.021805778 0.997392774 -0.068790734 -5.690272331 -0.993468881 0.013908858 -0.113253087 79.632934570
-0.110158451 0.071259633 0.991356373 89.381523132 0.023302052 0.997337580 -0.069100283 -5.779230118 -0.993640840 0.015488657 -0.111525677 79.477645874
-0.109062999 0.069881506 0.991575420 90.582748413 0.023188744 0.997433245 -0.067743815 -5.861110687 -0.993764341 0.015605043 -0.110403538 79.348266602
-0.107772894 0.068867549 0.991787374 91.800643921 0.021814577 0.997521579 -0.066895232 -5.950385094 -0.993936121 0.014425924 -0.109008096 79.214302063
-0.106221713 0.068318389 0.991992712 93.013565063 0.022867158 0.997540891 -0.066251911 -6.035963058 -0.994079471 0.015646655 -0.107522748 79.086044312
-0.104318999 0.068420783 0.992187619 94.243370056 0.021008642 0.997559845 -0.066582397 -6.131459236 -0.994322002 0.013898704 -0.105501853 78.953651428
-0.103325367 0.071684189 0.992061019 95.467643738 0.021110816 0.997332931 -0.069866404 -6.213743210 -0.994423568 0.013724245 -0.104563102 78.828628540
-0.102706209 0.070231214 0.992229223 96.687080383 0.018469794 0.997467041 -0.068690144 -6.302107811 -0.994540334 0.011271365 -0.103743210 78.715927124
-0.101743735 0.069034435 0.992412448 97.935333252 0.015343702 0.997579575 -0.067820802 -6.397622108 -0.994692326 0.008326937 -0.102556720 78.587509155
-0.101828106 0.070160292 0.992324889 99.174057007 0.012492239 0.997521460 -0.069245800 -6.484524727 -0.994723558 0.005345189 -0.102452174 78.467727661
-0.101669528 0.069630042 0.992378414 100.399108887 0.009639053 0.997569680 -0.069006748 -6.575693607 -0.994771481 0.002549703 -0.102093600 78.339195251
-0.102686346 0.066793166 0.992468596 101.642539978 0.006835152 0.997766912 -0.066442512 -6.670147419 -0.994690239 -0.000039064 -0.102913566 78.214820862
-0.103976168 0.065621324 0.992412508 102.905792236 0.004799074 0.997842669 -0.065477550 -6.758696079 -0.994568169 -0.002045446 -0.104066767 78.090789795
-0.105903640 0.065126270 0.992241383 104.166915894 0.002558926 0.997867525 -0.065222427 -6.845365524 -0.994373143 -0.004368222 -0.105844453 77.972908020
-0.107050240 0.064722054 0.992144704 105.424652100 0.002720559 0.997894287 -0.064803556 -6.944045544 -0.994249880 -0.004238048 -0.107000880 77.835090637
-0.109652251 0.063398853 0.991945982 106.681579590 0.002352061 0.997977436 -0.063524343 -7.031629086 -0.993967175 -0.004632468 -0.109579593 77.704811096
-0.112678677 0.058616944 0.991900980 107.946479797 -0.000631947 0.998253942 -0.059064165 -7.117957592 -0.993631244 -0.007282103 -0.112444900 77.570510864
-0.117302462 0.058562730 0.991367996 109.202484131 -0.001525994 0.998247981 -0.059149709 -7.200775146 -0.993095100 -0.008451229 -0.117007568 77.432739258
-0.122436956 0.064590231 0.990372241 110.441909790 -0.005660958 0.997818351 -0.065775692 -7.285307407 -0.992460072 -0.013659835 -0.121804208 77.282440186
-0.129958838 0.067697033 0.989205658 111.661552429 -0.005017682 0.997608721 -0.068931311 -7.372866631 -0.991506755 -0.013921754 -0.129308388 77.136581421
-0.138419583 0.063840106 0.988313973 112.917732239 -0.002930063 0.997889459 -0.064869016 -7.464964867 -0.990369320 -0.011874964 -0.137940392 76.954864502
-0.149139896 0.061837442 0.986880660 114.145355225 -0.000760762 0.998035192 -0.062651351 -7.554695129 -0.988815784 -0.010094596 -0.148799807 76.772384644
-0.162100941 0.062510274 0.984792173 115.361793518 -0.000547700 0.997985661 -0.063437887 -7.646636009 -0.986774027 -0.010822712 -0.161740184 76.578277588
-0.176031262 0.062667958 0.982387662 116.580574036 0.001655534 0.997988939 -0.063366540 -7.735081196 -0.984383225 -0.009528114 -0.175781012 76.361404419
-0.190618619 0.060641952 0.979789257 117.799507141 0.002079910 0.998112857 -0.061371405 -7.822411537 -0.981661975 -0.009660660 -0.190385044 76.135002136
-0.205709115 0.063221954 0.976568818 118.999755859 0.006270889 0.997975647 -0.063286871 -7.910914421 -0.978593051 -0.006894735 -0.205689177 75.880584717
-0.221073627 0.066459320 0.972989976 120.175628662 0.006186656 0.997750819 -0.066744909 -8.002055168 -0.975237429 -0.008735985 -0.220987543 75.621482849
-0.236587659 0.070406459 0.969055831 121.343658447 0.005798681 0.997455597 -0.071054138 -8.090404510 -0.971592724 -0.011191286 -0.236393899 75.346679688
-0.252034456 0.068327360 0.965303004 122.515487671 0.002603563 0.997548461 -0.069930024 -8.187874794 -0.967714667 -0.015111547 -0.251594424 75.045837402
-0.268235803 0.062691808 0.961311221 123.677566528 -0.002952143 0.997822046 -0.065896593 -8.278551102 -0.963348806 -0.020513752 -0.267466426 74.742431641
-0.284029067 0.058509473 0.957028806 124.860801697 -0.007021911 0.997982800 -0.063097224 -8.367078781 -0.958789945 -0.024641622 -0.283045322 74.413742065
-0.299560785 0.059734739 0.952205420 126.008811951 -0.008970430 0.997817636 -0.065418199 -8.455560684 -0.954035103 -0.028138420 -0.298371226 74.072250366
-0.313365042 0.062094282 0.947600424 127.158287048 -0.008524637 0.997635782 -0.068192035 -8.539871216 -0.949594438 -0.029446952 -0.312094897 73.695083618
-0.327388078 0.064335421 0.942697108 128.292251587 -0.007127794 0.997482777 -0.070549719 -8.631607056 -0.944862962 -0.029816493 -0.326105446 73.313796997
-0.341638744 0.063867092 0.937658787 129.418853760 -0.004854226 0.997555077 -0.069715492 -8.731938362 -0.939818859 -0.028369118 -0.340493381 72.912963867
-0.355665952 0.061682314 0.932575464 130.542510986 -0.005238057 0.997672439 -0.067985661 -8.826860428 -0.934598446 -0.029065069 -0.354515076 72.495986938
-0.370160818 0.060568210 0.926991045 131.663421631 -0.005192586 0.997721732 -0.067263126 -8.920189857 -0.928953171 -0.029711653 -0.369003087 72.055206299
-0.384947628 0.061993707 0.920853972 132.762741089 -0.006604298 0.997530937 -0.069916576 -9.012447357 -0.922914684 -0.032995813 -0.383587837 71.607810974
-0.400114357 0.063844413 0.914238632 133.853622437 -0.005825909 0.997373223 -0.072199658 -9.105385780 -0.916446686 -0.034214403 -0.398691386 71.151870728
-0.414673299 0.065710254 0.907594740 134.944427490 -0.004565567 0.997226655 -0.074285604 -9.198322296 -0.909959018 -0.034947947 -0.413223177 70.662803650
-0.429244727 0.068234868 0.900607049 136.020736694 -0.001675729 0.997080207 -0.076342896 -9.297562599 -0.903186560 -0.034278959 -0.427877069 70.152595520
-0.444183022 0.071469933 0.893080950 137.094375610 -0.001800222 0.996739984 -0.080660731 -9.397804260 -0.895934105 -0.037435882 -0.442606330 69.633995056
-0.459084600 0.073684402 0.885331511 138.167602539 -0.001310530 0.996497333 -0.083616070 -9.501273155 -0.888391495 -0.039547112 -0.457379997 69.085632324
-0.474531472 0.071044713 0.877366722 139.233474731 -0.002576021 0.996621251 -0.082094587 -9.604728699 -0.880234659 -0.041216586 -0.472745091 68.524147034
-0.490653336 0.066373758 0.868823230 140.300582886 -0.005605980 0.996833563 -0.079318970 -9.709492683 -0.871336818 -0.043788724 -0.488727570 67.945602417
-0.506703675 0.066665269 0.859538913 141.359863281 -0.006039847 0.996706843 -0.080864444 -9.811086655 -0.862099051 -0.046165794 -0.504632294 67.336814880
-0.522678733 0.065748349 0.849990606 142.418151855 -0.007162869 0.996647775 -0.081497192 -9.913078308 -0.852499604 -0.048685219 -0.520455718 66.703285217
-0.538588345 0.064833209 0.840070963 143.454345703 -0.007588191 0.996621549 -0.081780083 -10.015325546 -0.842534840 -0.050420430 -0.536276758 66.048393250
-0.554067254 0.064118117 0.829998910 144.496368408 -0.008901170 0.996516109 -0.082923710 -10.126944542 -0.832424283 -0.053333279 -0.551566243 65.373886108
-0.569420278 0.063535593 0.819587588 145.516754150 -0.009315955 0.996445894 -0.083718315 -10.232382774 -0.821993828 -0.055306144 -0.566804528 64.675392151
-0.584273815 0.061173275 0.809247732 146.530426025 -0.009176238 0.996593356 -0.081960455 -10.338730812 -0.811504662 -0.055313192 -0.581722140 63.948318481
-0.599372923 0.057631232 0.798392534 147.534606934 -0.009083972 0.996850908 -0.078776337 -10.446834564 -0.800418317 -0.054468971 -0.596961975 63.213222504
-0.614303648 0.055675268 0.787103117 148.536727905 -0.008788831 0.996963084 -0.077378921 -10.551113129 -0.789020777 -0.054451864 -0.611948609 62.440666199
-0.628745139 0.054379884 0.775707603 149.514389038 -0.009252808 0.996958017 -0.077390134 -10.651380539 -0.777556419 -0.055836141 -0.626329303 61.656471252
-0.643873513 0.055197854 0.763138235 150.498962402 -0.010670585 0.996649563 -0.081090704 -10.762302399 -0.765057564 -0.060355298 -0.641127229 60.856220245
-0.659175873 0.054496199 0.750011504 151.456817627 -0.012778151 0.996414900 -0.083630547 -10.870162964 -0.751880229 -0.064711004 -0.656116307 60.037792206
-0.675138831 0.051141579 0.735915780 152.407730103 -0.014772708 0.996456802 -0.082800239 -10.980448723 -0.737542689 -0.066773117 -0.671991110 59.199245453
-0.691411793 0.043479327 0.721151352 153.339447021 -0.018355299 0.996807992 -0.077697441 -11.091457367 -0.722227633 -0.066957861 -0.688406706 58.335975647
-0.708226919 0.040992480 0.704793751 154.263687134 -0.019333053 0.996812284 -0.077404186 -11.196710587 -0.705720067 -0.068445541 -0.705176651 57.435775757
-0.725726783 0.038398832 0.686910629 155.162750244 -0.020801827 0.996760011 -0.077696957 -11.303153038 -0.687668443 -0.070675761 -0.722576618 56.517131805
-0.743183494 0.034677610 0.668188453 156.043670654 -0.023849132 0.996648431 -0.078249894 -11.408761024 -0.668662488 -0.074089736 -0.739865541 55.575157166
-0.759653628 0.032667097 0.649506748 156.881454468 -0.023598921 0.996695161 -0.077729955 -11.517889023 -0.649899542 -0.074375510 -0.756372213 54.615287781
-0.775589705 0.034811016 0.630276620 157.704284668 -0.021462332 0.996446729 -0.081445619 -11.623146057 -0.630872369 -0.076695599 -0.772086680 53.621788025
-0.790541053 0.034510415 0.611435831 158.503295898 -0.017469894 0.996734023 -0.078844532 -11.742958069 -0.612159729 -0.073011570 -0.787356138 52.604213715
-0.805115283 0.035855517 0.592033565 159.282791138 -0.013436524 0.996812344 -0.078642808 -11.855829239 -0.592966080 -0.071271405 -0.802067041 51.565395355
-0.819638312 0.037337989 0.571663260 160.025512695 -0.011230710 0.996634781 -0.081197202 -11.966849327 -0.572771311 -0.072972521 -0.816460669 50.518638611
-0.833363056 0.038167611 0.551406562 160.766113281 -0.011059220 0.996261835 -0.085674144 -12.089374542 -0.552615285 -0.077495798 -0.829825759 49.439926147
-0.846485376 0.038384184 0.531026423 161.467437744 -0.008528006 0.996292293 -0.085609131 -12.206415176 -0.532343507 -0.076995470 -0.843019605 48.353191376
-0.858025551 0.036623396 0.512299538 162.137908936 -0.007084291 0.996515691 -0.083104290 -12.329322815 -0.513558030 -0.074934885 -0.854776442 47.242424011
-0.868559778 0.038342010 0.494098961 162.783050537 -0.004214527 0.996395171 -0.084728725 -12.445813179 -0.495566428 -0.075674355 -0.865267098 46.127681732
-0.877930462 0.041299839 0.477003485 163.396774292 -0.001304473 0.996062696 -0.088641837 -12.559545517 -0.478786349 -0.078443602 -0.874419987 45.005928040
-0.886963189 0.038892381 0.460199714 163.998260498 -0.003147213 0.995915771 -0.090232544 -12.679747581 -0.461829662 -0.081481278 -0.883218050 43.877796173
-0.895211637 0.036457695 0.444147199 164.585006714 -0.003754884 0.995995522 -0.089324273 -12.807134628 -0.445625186 -0.081631854 -0.891489983 42.735477448
-0.902345419 0.034469604 0.429633230 165.148147583 -0.004687175 0.995953321 -0.089749932 -12.929777145 -0.430988401 -0.082999200 -0.898532271 41.578079224
-0.909032166 0.032466728 0.415459156 165.698043823 -0.005124984 0.996014178 -0.089048669 -13.057787895 -0.416694224 -0.083077349 -0.905242503 40.411193848
-0.915346026 0.029843967 0.401560456 166.227691650 -0.006246763 0.996077180 -0.088267751 -13.180328369 -0.402619451 -0.083304003 -0.911568880 39.240303040
-0.920925260 0.024932379 0.388940871 166.736358643 -0.008791130 0.996368945 -0.084685922 -13.298107147 -0.389639974 -0.081408635 -0.917362154 38.053504944
-0.926209986 0.021190945 0.376412004 167.256866455 -0.010358972 0.996611714 -0.081596009 -13.417517662 -0.376865715 -0.079474308 -0.922852039 36.849487305
-0.930467904 0.021836484 0.365722001 167.738723755 -0.007572527 0.996862769 -0.078786537 -13.524463654 -0.366295010 -0.076077804 -0.927383423 35.632331848
-0.933901191 0.025855526 0.356594890 168.195190430 -0.002853937 0.996810853 -0.079749793 -13.646396637 -0.357519567 -0.075496145 -0.930849016 34.485183716
-0.936162949 0.030976422 0.350198984 168.670806885 0.002468601 0.996665418 -0.081559651 -13.757402420 -0.351557612 -0.075488642 -0.933117747 33.246086121
-0.937972546 0.034135725 0.345024735 169.109664917 0.005461906 0.996472716 -0.083739497 -13.873661041 -0.346666187 -0.076660872 -0.934850574 32.047042847
-0.940009773 0.031177072 0.339719892 169.569519043 0.003208303 0.996579170 -0.082581520 -13.989984512 -0.341132373 -0.076537520 -0.936894178 30.841552734
-0.941614628 0.024420107 0.335805506 170.017913818 -0.002308154 0.996874690 -0.078965880 -14.105131149 -0.336684346 -0.075130530 -0.938615382 29.592531204
-0.943486512 0.018242950 0.330908418 170.461425781 -0.007809380 0.996982813 -0.077229686 -14.212718010 -0.331318885 -0.075449347 -0.940497220 28.382724762
-0.944923937 0.011879090 0.327074379 170.890487671 -0.014659016 0.996802151 -0.078553244 -14.325136185 -0.326961607 -0.079021417 -0.941727996 27.159637451
-0.946348667 0.009182503 0.323017120 171.325500488 -0.018069468 0.996528506 -0.081267029 -14.434283257 -0.322641999 -0.082743675 -0.942897379 25.956642151
-0.947216213 0.009326903 0.320459664 171.745910645 -0.018411115 0.996344566 -0.083418027 -14.551145554 -0.320066243 -0.084914938 -0.943581998 24.756757736
-0.947412074 0.010083097 0.319857091 172.160705566 -0.018229632 0.996180058 -0.085399240 -14.666076660 -0.319496304 -0.086739160 -0.943609238 23.550571442
-0.947272182 0.012962591 0.320167810 172.571014404 -0.015970485 0.996029615 -0.087577574 -14.782297134 -0.320031911 -0.088073030 -0.943304062 22.330554962
-0.946823537 0.013730779 0.321460605 172.987106323 -0.015778610 0.995905519 -0.089012802 -14.903624535 -0.321366608 -0.089351632 -0.942729890 21.113883972
-0.946341276 0.015475621 0.322798073 173.404129028 -0.014636642 0.995775282 -0.090649582 -15.030456543 -0.322837174 -0.090510115 -0.942116797 19.903793335
-0.945701897 0.016597327 0.324611038 173.825317383 -0.013546639 0.995815039 -0.090381861 -15.155664444 -0.324752778 -0.089871675 -0.941519320 18.702404022
-0.944959939 0.015829504 0.326802820 174.250534058 -0.014686789 0.995770037 -0.090699881 -15.277103424 -0.326856166 -0.090507433 -0.940730333 17.512516022
-0.943752885 0.014458162 0.330335319 174.677078247 -0.016384598 0.995771468 -0.090393111 -15.406005859 -0.330245376 -0.090721175 -0.939525187 16.330783844
-0.942015707 0.012770704 0.335325539 175.108230591 -0.018000344 0.995913744 -0.088496476 -15.520536423 -0.335085511 -0.089401051 -0.937936604 15.131553650
-0.940258145 0.010321701 0.340305835 175.555236816 -0.020117067 0.996109605 -0.085795701 -15.640855789 -0.339867473 -0.087516069 -0.936392546 13.955039978
-0.937637269 0.008082135 0.347521245 175.999984741 -0.022100197 0.996321142 -0.082798906 -15.757853508 -0.346911907 -0.085315622 -0.934009194 12.771251678
-0.935197234 0.010296243 0.353977710 176.454895020 -0.020390965 0.996353090 -0.082853429 -15.869148254 -0.353539884 -0.084702246 -0.931576610 11.606193542
-0.931695044 0.010597914 0.363086790 176.899261475 -0.020695345 0.996401966 -0.082188413 -15.992181778 -0.362651348 -0.084088758 -0.928123355 10.439933777
-0.927910984 0.013225073 0.372567117 177.366104126 -0.019791694 0.996213675 -0.084655687 -16.105072021 -0.372276008 -0.085926667 -0.924135864 9.286270142
-0.923611462 0.014639653 0.383050144 177.845748901 -0.018919811 0.996311665 -0.083697163 -16.217622757 -0.382862657 -0.084550887 -0.919927895 8.118873596
-0.919230223 0.016048696 0.393393159 178.347045898 -0.018758701 0.996249020 -0.084475435 -16.336425781 -0.393273294 -0.085031919 -0.915481210 7.007125854
-0.913008094 0.018614383 0.407516479 178.853179932 -0.018003341 0.996146560 -0.085836619 -16.453077316 -0.407543987 -0.085706189 -0.909154773 5.833145142
-0.907020509 0.020892203 0.420567751 179.387817383 -0.016880911 0.996161520 -0.085891858 -16.567363739 -0.420747846 -0.085005261 -0.903186262 4.688751221
-0.900279164 0.020640418 0.434823424 179.930694580 -0.017191716 0.996410251 -0.082892649 -16.685815811 -0.434973419 -0.082101896 -0.896692455 3.529647827
-0.893986523 0.023086557 0.447498709 180.502548218 -0.015798371 0.996427238 -0.082966961 -16.808328629 -0.447815269 -0.081241101 -0.890427589 2.412246704
-0.886971354 0.025540913 0.461117595 181.075515747 -0.014080669 0.996509790 -0.082280353 -16.918024063 -0.461609751 -0.079473160 -0.883515894 1.290275574
-0.879628599 0.026768712 0.474907249 181.671813965 -0.012751547 0.996729314 -0.079800382 -17.033123016 -0.475490212 -0.076250494 -0.876410246 0.189941406
-0.871960521 0.028618164 0.488738805 182.283020020 -0.010272211 0.997000933 -0.076706186 -17.143983841 -0.489468247 -0.071905196 -0.869051397 -0.901550293
-0.863677382 0.031432863 0.503063858 182.896759033 -0.007577468 0.997131109 -0.075312845 -17.247314453 -0.503987968 -0.068857953 -0.860961437 -1.962844849
-0.855250835 0.034215022 0.517083347 183.539215088 -0.005078057 0.997216761 -0.074384116 -17.347486496 -0.518189311 -0.066242866 -0.852696598 -2.991226196
-0.844239652 0.037732549 0.534636080 184.161621094 -0.001331573 0.997368038 -0.072493076 -17.449962616 -0.535964191 -0.061913427 -0.841967344 -4.023185730
-0.833552361 0.040405765 0.550960898 184.820709229 0.001282664 0.997460485 -0.071210116 -17.551345825 -0.552439034 -0.058650661 -0.831487417 -5.023010254
-0.821677625 0.042398147 0.568373203 185.496185303 0.003396236 0.997575760 -0.069504961 -17.659008026 -0.569942117 -0.055180345 -0.819829941 -6.033966064
-0.810307503 0.044183996 0.584336817 186.208190918 0.004200577 0.997565746 -0.069604874 -17.753917694 -0.585989714 -0.053946793 -0.808520675 -7.005287170
-0.797685802 0.046721190 0.601260900 186.937500000 0.006118860 0.997570097 -0.069398738 -17.847736359 -0.603042305 -0.051679347 -0.796033442 -7.970146179
-0.784234107 0.047153801 0.618670642 187.680114746 0.006843566 0.997704744 -0.067368016 -17.939376831 -0.620427191 -0.048598379 -0.782756805 -8.914535522
-0.768728375 0.049112335 0.637687027 188.448028564 0.009210696 0.997794092 -0.065743007 -18.034145355 -0.639509201 -0.044664964 -0.767484963 -9.855903625
