1.000000000 0.000000000 0.000000000 0.000000000 0.000000000 1.000000000 0.000000000 0.000000000 0.000000000 0.000000000 1.000000000 0.000000000
0.999998629 0.000764658 0.001456801 -0.006243565 -0.000757986 0.999989271 -0.004574739 -0.002350821 -0.001460284 0.004573629 0.999988496 0.964016736
0.999996662 -0.001457174 0.002145469 -0.002603513 0.001468654 0.999984562 -0.005359090 -0.000824645 -0.002137626 0.005362222 0.999983311 1.918580890
0.999993443 -0.002397612 0.002693575 -0.009867805 0.002401290 0.999996185 -0.001362947 -0.003343671 -0.002690296 0.001369406 0.999995470 2.852813005
0.999985576 -0.004989606 0.001982502 -0.006534712 0.004980012 0.999975920 0.004815630 -0.006906969 -0.002006483 -0.004805688 0.999986351 3.801489115
0.999963045 -0.008574450 0.000508294 -0.003727877 0.008571869 0.999951303 0.004881849 -0.003838299 -0.000550129 -0.004877312 0.999987960 4.739234447
0.999937296 -0.011197848 -0.000127730 -0.006345957 0.011198081 0.999935269 0.002002072 -0.001410668 0.000105303 -0.002003377 0.999997973 5.664316177
0.999928415 -0.011909642 -0.001185318 -0.008999631 0.011907646 0.999927640 -0.001678100 0.005090901 0.001205218 0.001663865 0.999997854 6.592000008
0.999932826 -0.011477066 -0.001611410 -0.016116276 0.011474082 0.999932468 -0.001848844 -0.002461604 0.001632521 0.001830230 0.999997020 7.516963959
0.999932408 -0.011322405 -0.002646030 -0.025792843 0.011322422 0.999935865 -0.000008899 -0.001753002 0.002645961 -0.000021061 0.999996543 8.430106163
0.999933958 -0.011094167 -0.002998771 -0.039326675 0.011102495 0.999934494 0.002774583 0.003070636 0.002967793 -0.002807694 0.999991715 9.371037483
0.999930382 -0.011191710 -0.003731989 -0.044819381 0.011207677 0.999927998 0.004285515 0.001023207 0.003683758 -0.004327043 0.999983788 10.283946037
0.999916553 -0.012108255 -0.004487845 -0.051775593 0.012129966 0.999914587 0.004842785 0.007602971 0.004428824 -0.004896819 0.999978244 11.201395988
0.999906003 -0.012701021 -0.005160737 -0.059157684 0.012727681 0.999905646 0.005166709 0.008804169 0.005094628 -0.005231908 0.999973357 12.103912354
0.999895990 -0.013195938 -0.005825229 -0.070189312 0.013218891 0.999904990 0.003919428 0.009972159 0.005772955 -0.003996023 0.999975443 13.009794235
0.999886334 -0.013367490 -0.006961562 -0.087652989 0.013380094 0.999908924 0.001767372 0.014864222 0.006937302 -0.001860318 0.999974191 13.920356750
0.999856114 -0.014587331 -0.008660018 -0.091287285 0.014588431 0.999893606 0.000063681 0.024842691 0.008658168 -0.000190008 0.999962509 14.805541992
0.999842823 -0.014329950 -0.010425014 -0.102273621 0.014325288 0.999897242 -0.000521702 0.024574297 0.010431421 0.000372278 0.999945462 15.707204819
0.999846578 -0.012997425 -0.011743163 -0.128613740 0.012979677 0.999914527 -0.001586324 0.028002670 0.011762777 0.001433658 0.999929845 16.595796585
0.999848187 -0.011383977 -0.013187321 -0.148067504 0.011370283 0.999934793 -0.001112972 0.020880800 0.013199130 0.000962859 0.999912441 17.494888306
0.999813557 -0.012546854 -0.014676866 -0.161043361 0.012537417 0.999921143 -0.000734814 0.026555825 0.014684928 0.000550667 0.999891937 18.374931335
0.999796569 -0.011879741 -0.016303245 -0.179762915 0.011893180 0.999929011 0.000727575 0.025012486 0.016293446 -0.000921324 0.999866843 19.256473541
0.999767423 -0.011780098 -0.018063618 -0.195690796 0.011800723 0.999929845 0.001035623 0.027931251 0.018050151 -0.001248545 0.999836266 20.136867523
0.999726892 -0.012945900 -0.019454744 -0.216621637 0.012987051 0.999913573 0.001990292 0.017719371 0.019427299 -0.002242408 0.999808729 21.008609772
0.999709368 -0.012621525 -0.020539209 -0.238875151 0.012628946 0.999920249 0.000231613 0.029800095 0.020534651 -0.000490935 0.999789000 21.882299423
0.999672771 -0.012721438 -0.022189403 -0.258071244 0.012740308 0.999918640 0.000709271 0.030483834 0.022178574 -0.000991739 0.999753535 22.746709824
0.999657571 -0.012392404 -0.023048781 -0.284506351 0.012462680 0.999918103 0.002907839 0.029761229 0.023010861 -0.003194093 0.999730170 23.602695465
0.999623299 -0.013476079 -0.023909949 -0.298987329 0.013607505 0.999893129 0.005342519 0.035111204 0.023835406 -0.005665862 0.999699831 24.459236145
0.999592066 -0.013798459 -0.025003435 -0.317381293 0.013979379 0.999877274 0.007075464 0.036615729 0.024902737 -0.007422111 0.999662340 25.298934937
0.999606192 -0.012711939 -0.025017563 -0.352076650 0.012863246 0.999899864 0.005896399 0.037666447 0.024940103 -0.006215883 0.999669611 26.124671936
0.999602675 -0.011022610 -0.025940359 -0.376637787 0.011109343 0.999933302 0.003201918 0.041142181 0.025903329 -0.003488827 0.999658346 26.935537338
0.999590516 -0.010511099 -0.026613435 -0.403763890 0.010549985 0.999943495 0.001321139 0.046302505 0.026598042 -0.001601370 0.999644876 27.738962173
0.999577582 -0.009587662 -0.027435401 -0.433263540 0.009613711 0.999953508 0.000817802 0.049970128 0.027426288 -0.001081213 0.999623179 28.529623032
0.999534369 -0.009985670 -0.028833408 -0.455028653 0.010010954 0.999949574 0.000732698 0.043157183 0.028824639 -0.001021006 0.999583960 29.318647385
0.999467611 -0.009679322 -0.031157931 -0.480806381 0.009680292 0.999953091 -0.000119717 0.043067362 0.031157631 -0.000181965 0.999514401 30.093660355
0.999415636 -0.009524398 -0.032828785 -0.512548506 0.009526848 0.999954581 -0.000081753 0.042241670 0.032828081 -0.000231050 0.999460936 30.860361099
0.999339879 -0.010133477 -0.034887899 -0.533880413 0.010172834 0.999947786 0.000950713 0.043129012 0.034876447 -0.001304993 0.999390721 31.626415253
0.999255240 -0.010192475 -0.037216559 -0.562144399 0.010319158 0.999941587 0.003213369 0.045376353 0.037181634 -0.003595019 0.999302030 32.379379272
0.999197483 -0.009272110 -0.038965799 -0.596973896 0.009462665 0.999944091 0.004708706 0.047302373 0.038919963 -0.005073648 0.999229431 33.120243073
0.999131322 -0.008387431 -0.040821958 -0.630033135 0.008602962 0.999949932 0.005106915 0.043640256 0.040777083 -0.005453668 0.999153376 33.844356537
0.999079406 -0.006018996 -0.042473387 -0.672512114 0.006212702 0.999970913 0.004430166 0.043230794 0.042445481 -0.004689964 0.999087751 34.550544739
0.999007046 -0.003913930 -0.044378974 -0.707482219 0.004087674 0.999984384 0.003824938 0.046840936 0.044363298 -0.004002547 0.999007463 35.262527466
0.998918355 -0.003852032 -0.046338737 -0.733884513 0.004073473 0.999980688 0.004685269 0.050387368 0.046319790 -0.004868961 0.998914719 35.976486206
0.998883963 -0.002336359 -0.047173928 -0.779810727 0.002650484 0.999974847 0.006597424 0.052474558 0.047157325 -0.006715094 0.998864889 36.655166626
0.998886704 0.000540227 -0.047170382 -0.818385124 -0.000203396 0.999974549 0.007145249 0.055559143 0.047173034 -0.007127700 0.998861313 37.344112396
0.998926342 0.003090079 -0.046222162 -0.847147942 -0.002866402 0.999983847 0.004904670 0.058759823 0.046236567 -0.004766913 0.998919129 38.011405945
0.999001563 0.004797432 -0.044417091 -0.882769465 -0.004718581 0.999987066 0.001879929 0.060288541 0.044425547 -0.001668467 0.999011219 38.652530670
0.999084175 0.005219304 -0.042467762 -0.910885453 -0.005239272 0.999986172 -0.000358903 0.070267171 0.042465299 0.000581075 0.999097705 39.307243347
0.999218702 0.006314535 -0.039013822 -0.943987668 -0.006296991 0.999980032 0.000572543 0.069893874 0.039016657 -0.000326425 0.999238551 39.942039490
0.999282479 0.011101283 -0.036212206 -0.970226943 -0.010985305 0.999933898 0.003400139 0.068176411 0.036247563 -0.002999897 0.999338329 40.590290070
0.999359488 0.015292102 -0.032353703 -0.997494221 -0.015079052 0.999863148 0.006818805 0.069647089 0.032453541 -0.006326574 0.999453127 41.214534760
0.999402225 0.020488329 -0.027845573 -1.026323318 -0.020272505 0.999762416 0.008011042 0.070698410 0.028003085 -0.007441756 0.999580145 41.815387726
0.999454618 0.024096034 -0.022576962 -1.046174645 -0.023912741 0.999679089 0.008353692 0.075278252 0.022770995 -0.007809258 0.999710143 42.401466370
0.999461293 0.028100906 -0.016952984 -1.056660175 -0.027932072 0.999558628 0.010114923 0.080054700 0.017229741 -0.009635943 0.999805152 42.978130341
0.999393344 0.033198569 -0.010521062 -1.067104936 -0.033082295 0.999391675 0.011039979 0.086977601 0.010881172 -0.010685220 0.999883711 43.527023315
0.999339581 0.036151662 -0.003667200 -1.072085142 -0.036110457 0.999290109 0.010740871 0.088044792 0.004052898 -0.010601353 0.999935567 44.056674957
0.999213219 0.039488290 0.003690619 -1.074461341 -0.039526235 0.999159634 0.010845849 0.088752240 -0.003259232 -0.010983193 0.999934375 44.568649292
0.998985708 0.043668419 0.010977041 -1.070533037 -0.043782745 0.998987019 0.010399940 0.089699477 -0.010511773 -0.010870000 0.999885619 45.059619904
0.998644710 0.048268653 0.019464597 -1.080184221 -0.048432898 0.998793900 0.008056747 0.090350032 -0.019052232 -0.008988556 0.999778092 45.539539337
0.998352289 0.050433364 0.027374130 -1.068829417 -0.050584592 0.998708010 0.004859673 0.094145462 -0.027093675 -0.006236375 0.999613404 45.984554291
0.998078942 0.050892539 0.035334975 -1.055344582 -0.051088322 0.998683333 0.004659256 0.095424056 -0.035051316 -0.006455510 0.999364674 46.409999847
0.997827053 0.050040763 0.042861678 -1.024938822 -0.050344303 0.998713732 0.006031105 0.097404882 -0.042504743 -0.008175842 0.999062836 46.814430237
0.997359633 0.051813729 0.050882395 -1.004271269 -0.052229553 0.998611450 0.006876190 0.094686002 -0.050455458 -0.009515597 0.998681009 47.200603485
0.996706128 0.054608565 0.059957914 -0.987301826 -0.055132370 0.998453736 0.007115723 0.094985023 -0.059476621 -0.010397905 0.998175621 47.562587738
0.995882750 0.059569634 0.068329580 -0.961508751 -0.060153045 0.998167932 0.006510791 0.096153468 -0.067816548 -0.010594215 0.997641623 47.880462646
0.994983852 0.063458972 0.077330910 -0.942371130 -0.064151511 0.997918963 0.006501907 0.096748114 -0.076757379 -0.011430187 0.996984303 48.181228638
0.994245172 0.062647760 0.086901516 -0.913829327 -0.063515730 0.997954309 0.007256306 0.092687666 -0.086269163 -0.012734159 0.996190488 48.460075378
0.993349075 0.061354395 0.097432621 -0.875453949 -0.062160343 0.998052299 0.005255086 0.094845474 -0.096920431 -0.011276580 0.995228291 48.738853455
0.992221892 0.059954226 0.109092832 -0.838074684 -0.060415424 0.998172879 0.000924205 0.089729816 -0.108838111 -0.007507907 0.994031131 48.996143341
0.990591884 0.061102480 0.122452013 -0.797304630 -0.061166596 0.998122454 -0.003238966 0.091226101 -0.122419998 -0.004281481 0.992469132 49.262790680
0.988478124 0.062564798 0.137828246 -0.755176067 -0.062387612 0.998036265 -0.005609516 0.091225803 -0.137908548 -0.003053891 0.990440309 49.527843475
0.985968947 0.064411707 0.154000700 -0.705303192 -0.064145438 0.997918069 -0.006702510 0.086041331 -0.154111817 -0.003269975 0.988048017 49.774364471
0.983123899 0.065040410 0.170988098 -0.651756287 -0.064631157 0.997877419 -0.007964962 0.086068362 -0.171143219 -0.003220613 0.985240936 50.032512665
0.979848325 0.063902609 0.189245045 -0.592220306 -0.063294023 0.997951925 -0.009264107 0.086769104 -0.189449459 -0.002900662 0.981886208 50.291614532
0.975956023 0.063222617 0.208597347 -0.526604652 -0.062619455 0.997992277 -0.009500813 0.082768589 -0.208779201 -0.003789878 0.977955461 50.537036896
0.971445203 0.063276663 0.228670359 -0.451872826 -0.062489681 0.997988343 -0.010688241 0.080264509 -0.228886664 -0.003906495 0.973445237 50.775238037
0.966105640 0.065559834 0.249683589 -0.373868942 -0.064359501 0.997842371 -0.012977669 0.077721953 -0.249995694 -0.003531713 0.968240499 51.012348175
0.959862411 0.066744864 0.272413731 -0.289895058 -0.065098062 0.997764826 -0.015089162 0.074221969 -0.272811979 -0.003250088 0.962061942 51.249221802
0.952569604 0.068213351 0.296577364 -0.196393967 -0.066415772 0.997661412 -0.016144821 0.064403415 -0.296985030 -0.004318354 0.954872370 51.488510132
0.944058657 0.070842393 0.322078735 -0.095428467 -0.069067821 0.997467935 -0.016949138 0.056927145 -0.322463989 -0.006244299 0.946561158 51.725585938
0.934151649 0.072983757 0.349333644 0.012351990 -0.071195476 0.997300386 -0.017975241 0.048471630 -0.349702448 -0.008079376 0.936825991 51.962955475
0.922975421 0.073607691 0.377754301 0.134906769 -0.071574971 0.997245789 -0.019438595 0.042534649 -0.378144711 -0.009096415 0.925701857 52.202526093
0.910378277 0.071574561 0.407539606 0.273885727 -0.068774991 0.997399688 -0.021537032 0.032170534 -0.408021420 -0.008421690 0.912933528 52.434791565
0.895307183 0.069304585 0.440024853 0.418132782 -0.065287158 0.997571051 -0.024280861 0.025952458 -0.440638870 -0.006989148 0.897657275 52.664493561
0.878134549 0.068265110 0.473518312 0.577068329 -0.062200256 0.997657299 -0.028478295 0.016212463 -0.474353105 -0.004445190 0.880323410 52.878772736
0.858527422 0.070279755 0.507928550 0.735235214 -0.061773740 0.997524142 -0.033609640 0.008005977 -0.509033144 -0.002521849 0.860743165 53.096244812
0.836791754 0.072217174 0.542737603 0.923931122 -0.061312579 0.997388005 -0.038181763 -0.000539064 -0.544077456 -0.001326457 0.839033961 53.322925568
0.812185824 0.074879758 0.578573406 1.119115829 -0.062159613 0.997190535 -0.041799739 -0.010840535 -0.580077887 -0.002014746 0.814558446 53.546974182
0.784581125 0.078964621 0.614977300 1.330015182 -0.065165579 0.996865511 -0.044862501 -0.020786762 -0.616592169 -0.004877079 0.787267566 53.781486511
0.754540324 0.083523542 0.650916934 1.554664612 -0.069092222 0.996465921 -0.047771819 -0.035700917 -0.652606428 -0.008927531 0.757644355 54.010810852
0.721501827 0.084643669 0.687219381 1.817924500 -0.068790607 0.996352315 -0.050496776 -0.052370071 -0.688986957 -0.010840711 0.724692643 54.244647980
0.684975088 0.081904843 0.723948061 2.085607529 -0.064985119 0.996568680 -0.051261429 -0.076611161 -0.725662529 -0.011933052 0.687947333 54.455017090
0.645941496 0.080175065 0.759165049 2.394805908 -0.061734162 0.996698558 -0.052733872 -0.098007560 -0.760886610 -0.012803422 0.648758590 54.672584534
0.603086770 0.079628661 0.793691218 2.724300385 -0.059988700 0.996714771 -0.054414965 -0.121460438 -0.795416713 -0.014795563 0.605882347 54.894443512
0.556847572 0.079701342 0.826782048 3.083192825 -0.056362849 0.996717155 -0.058121942 -0.135394692 -0.828700185 -0.014234720 0.559511781 55.099945068
0.508773446 0.078798331 0.857286632 3.490924835 -0.053490557 0.996771693 -0.059874222 -0.158530116 -0.859237075 -0.015394328 0.511345923 55.306335449
0.460172355 0.077335589 0.884454966 3.903470993 -0.051635783 0.996844053 -0.060297195 -0.174709320 -0.886326849 -0.017922422 0.462713271 55.486145020
0.410539806 0.074519686 0.908792496 4.331666946 -0.050741557 0.996977746 -0.058828652 -0.203999400 -0.910429776 -0.021962039 0.413080275 55.649002075
0.359724581 0.074639007 0.930068433 4.791030884 -0.054527026 0.996773362 -0.058902629 -0.226408362 -0.931463897 -0.029525144 0.362633765 55.817974091
0.310683995 0.074953713 0.947553456 5.251615524 -0.052107196 0.996729910 -0.061758783 -0.244842887 -0.949083924 -0.030186884 0.313573688 55.939067841
0.263554305 0.071663253 0.961978972 5.735814095 -0.041129503 0.997164547 -0.063016146 -0.277621031 -0.963767290 -0.022957530 0.265754580 56.030212402
0.219557926 0.065831043 0.973375916 6.256099701 -0.027312763 0.997744441 -0.061318368 -0.302941799 -0.975217044 -0.013122652 0.220860764 56.107727051
0.176977128 0.064785175 0.982080460 6.754992485 -0.018858658 0.997871280 -0.062428400 -0.335171223 -0.984034240 -0.007472315 0.177822173 56.162166595
0.138523251 0.066182531 0.988145351 7.283592701 -0.015497394 0.997787297 -0.064655818 -0.359221697 -0.990237892 -0.006357345 0.139242396 56.212802887
0.105866902 0.066897988 0.992127478 7.830237389 -0.006935565 0.997759819 -0.066537701 -0.395287693 -0.994356155 0.000163177 0.106093749 56.247646332
0.077525392 0.065468058 0.994838536 8.392039299 0.000479849 0.997839153 -0.065702915 -0.427891761 -0.996990323 0.005571018 0.077326462 56.260002136
0.052184749 0.063775353 0.996598899 8.943399429 0.007508498 0.997905433 -0.064252116 -0.459578753 -0.998609185 0.010835941 0.051596589 56.269104004
0.032184415 0.062865838 0.997502863 9.524640083 0.012088437 0.997922421 -0.063282311 -0.487828314 -0.999408901 0.014094953 0.031357601 56.272480011
0.016371392 0.064347550 0.997793257 10.114066124 0.015004400 0.997798681 -0.064594105 -0.520149410 -0.999753416 0.016028786 0.015369866 56.270668030
0.002853435 0.064499095 0.997913718 10.713834763 0.015167529 0.997800112 -0.064535134 -0.551886261 -0.999880910 0.015320032 0.001868866 56.268188477
-0.008670688 0.065322705 0.997826457 11.332255363 0.016632276 0.997735381 -0.065172210 -0.586187899 -0.999824226 0.016031040 -0.009737516 56.254936218
-0.017640051 0.068022154 0.997527838 11.954133987 0.021445978 0.997479260 -0.067639589 -0.622988224 -0.999614418 0.020199796 -0.019054387 56.234943390
-0.024188293 0.069984421 0.997254729 12.588593483 0.025849106 0.997256935 -0.069357604 -0.657779634 -0.999373198 0.024100505 -0.025930980 56.210052490
-0.029098719 0.069366053 0.997166753 13.247280121 0.025805466 0.997308850 -0.068622895 -0.690396249 -0.999243379 0.023735518 -0.030810434 56.196403503
-0.032540232 0.066956915 0.997225106 13.917398453 0.023695244 0.997524738 -0.066203840 -0.721760452 -0.999189496 0.021475203 -0.034046251 56.171253204
-0.035140738 0.059766766 0.997593641 14.595451355 0.021367718 0.998026967 -0.059040044 -0.762192786 -0.999153912 0.019241590 -0.036348484 56.155807495
-0.036099195 0.054347422 0.997869313 15.283082962 0.023170276 0.998297334 -0.053532518 -0.794015408 -0.999079525 0.021188429 -0.037296977 56.123806000
-0.036710121 0.051625066 0.997991621 15.971144676 0.025600988 0.998385608 -0.050703749 -0.829223573 -0.998997927 0.023688231 -0.037972506 56.096778870
-0.036450297 0.054132316 0.997868240 16.673280716 0.028789459 0.998174250 -0.053097278 -0.866327107 -0.998920619 0.026792679 -0.037942182 56.061569214
-0.035809193 0.061553162 0.997461200 17.377592087 0.029689746 0.997726321 -0.060503643 -0.898099065 -0.998917520 0.027447786 -0.037555270 56.041000366
-0.033556122 0.069744751 0.997000277 18.080530167 0.030524753 0.997168243 -0.068729125 -0.928749919 -0.998970568 0.028126905 -0.035590030 56.018978119
-0.031052457 0.070457205 0.997031212 18.806051254 0.031352513 0.997090220 -0.069484890 -0.964821577 -0.999025881 0.029101767 -0.033171106 55.992641449
-0.028867673 0.065803438 0.997414887 19.564878464 0.030771902 0.997416377 -0.064912930 -1.010251880 -0.999109447 0.028818469 -0.030817982 55.974178314
-0.026678607 0.059594251 0.997866035 20.325916290 0.030079998 0.997817278 -0.058787111 -1.053722620 -0.999191403 0.028447457 -0.028412968 55.955799103
-0.023853915 0.057607610 0.998054266 21.062797546 0.028350746 0.997975826 -0.056925487 -1.099746346 -0.999313414 0.026937691 -0.025438853 55.944385529
-0.020171506 0.063068308 0.997805357 21.794082642 0.035922196 0.997409761 -0.062317107 -1.141891003 -0.999150991 0.034586336 -0.022384813 55.918209076
-0.016987499 0.068895973 0.997479141 22.529243469 0.037867244 0.996951818 -0.068214640 -1.179654241 -0.999138355 0.036612991 -0.019544620 55.905044556
-0.014902784 0.069047652 0.997501969 23.273447037 0.031606603 0.997146904 -0.068550855 -1.229491115 -0.999389231 0.030506060 -0.017042628 55.921848297
-0.011639597 0.065685317 0.997772455 24.027523041 0.027333273 0.997488141 -0.065347746 -1.271413684 -0.999558568 0.026511764 -0.013405752 55.908760071
-0.006737828 0.062009264 0.998052835 24.767271042 0.031338040 0.997598350 -0.061769471 -1.320972562 -0.999486089 0.030860825 -0.008664895 55.896591187
-0.002934447 0.063385844 0.997984827 25.506771088 0.036099974 0.997345209 -0.063239083 -1.361432314 -0.999343932 0.035841655 -0.005214885 55.888175964
-0.000674360 0.067704163 0.997705221 26.245901108 0.035855096 0.997065604 -0.067636527 -1.413541079 -0.999356866 0.035727207 -0.003099922 55.901733398
0.003365166 0.068585768 0.997639537 27.015464783 0.031804841 0.997133136 -0.068658218 -1.453115702 -0.999488413 0.031960819 0.001174160 55.903450012
0.007161818 0.068031877 0.997657359 27.766092300 0.031115819 0.997184694 -0.068223000 -1.499658346 -0.999490082 0.031531531 0.005024788 55.912853241
0.010899967 0.064650118 0.997848511 28.509677887 0.035144478 0.997266531 -0.064996302 -1.548725009 -0.999322772 0.035777319 0.008598077 55.913913727
0.014673542 0.065215833 0.997763336 29.255836487 0.039554860 0.997051775 -0.065751031 -1.597717047 -0.999109626 0.040431190 0.012050677 55.918262482
0.017772486 0.066208467 0.997647524 30.022287369 0.042914029 0.996835113 -0.066919036 -1.648842812 -0.998920619 0.044002395 0.014874968 55.939708710
0.020535806 0.066286042 0.997589350 30.772714615 0.043437727 0.996798515 -0.067127682 -1.692451239 -0.998845041 0.044711538 0.017590746 55.956912994
0.024107980 0.064699203 0.997613549 31.517736435 0.044754025 0.996833265 -0.065730102 -1.740638018 -0.998707116 0.046231844 0.021136086 55.978179932
0.027844425 0.063835569 0.997571886 32.267810822 0.047100987 0.996766567 -0.065098725 -1.784816265 -0.998502016 0.048799250 0.024747677 55.994121552
0.030773148 0.064078495 0.997470260 33.013370514 0.045381840 0.996824265 -0.065437064 -1.834572315 -0.998495698 0.047280744 0.027767422 56.023021698
0.033163790 0.065637492 0.997292280 33.786285400 0.042136073 0.996862173 -0.067010388 -1.882082462 -0.998561323 0.044244304 0.030294018 56.063724518
0.036303360 0.065749466 0.997175515 34.542526245 0.043926250 0.996763945 -0.067321531 -1.925048828 -0.998374999 0.046246178 0.033297747 56.084423065
0.038908198 0.065638609 0.997084677 35.304660797 0.041877497 0.996856391 -0.067257740 -1.969455004 -0.998364866 0.044372283 0.036037106 56.120498657
0.041163892 0.065782808 0.996984541 36.054443359 0.039971847 0.996923089 -0.067429118 -2.016700029 -0.998352587 0.042626955 0.038407769 56.160102844
0.044285517 0.065450072 0.996872723 36.821533203 0.037441798 0.997041881 -0.067124508 -2.069948435 -0.998317063 0.040297352 0.041703943 56.195507050
0.047030456 0.067191027 0.996631026 37.581306458 0.036095932 0.996969163 -0.068917170 -2.120444059 -0.998241127 0.039215527 0.044462591 56.240772247
0.049798466 0.071401626 0.996203721 38.350009918 0.034004554 0.996741831 -0.073140033 -2.169455528 -0.998180211 0.037517730 0.047208238 56.300189972
0.053573400 0.073350482 0.995866299 39.121917725 0.034316558 0.996574163 -0.075248733 -2.222831488 -0.997974098 0.038206026 0.050872732 56.338592529
0.056379650 0.075480774 0.995552123 39.893714905 0.028385650 0.996613860 -0.077168807 -2.275049210 -0.998005807 0.032610141 0.054046161 56.395950317
0.058582328 0.074341401 0.995510697 40.671875000 0.024370890 0.996819675 -0.075873300 -2.334215403 -0.997985065 0.028706320 0.056584250 56.462909698
0.062230445 0.074454002 0.995280802 41.428234100 0.027293948 0.996713817 -0.076267757 -2.387375355 -0.997688472 0.031911321 0.059993796 56.512313843
0.066122681 0.076329954 0.994887710 42.247085571 0.025333403 0.996619940 -0.078146592 -2.445415974 -0.997489870 0.030371150 0.063965492 56.571125031
0.069775656 0.077616975 0.994538605 43.031436920 0.021774996 0.996612370 -0.079306535 -2.495454311 -0.997325003 0.027189745 0.067849189 56.639457703
0.073816851 0.075333394 0.994422436 43.824192047 0.020736029 0.996811330 -0.077053629 -2.552586555 -0.997056305 0.026308229 0.072019361 56.705158234
0.077929191 0.075532906 0.994093418 44.622577667 0.020463334 0.996794522 -0.077342309 -2.616050243 -0.996748805 0.026369696 0.076133728 56.785739899
0.083573088 0.079215951 0.993348062 45.408966064 0.016896047 0.996579349 -0.080895163 -2.667801142 -0.996358395 0.023544313 0.081948802 56.843353271
0.089357883 0.087717831 0.992129385 46.197250366 0.014852158 0.995886087 -0.089387678 -2.729517460 -0.995888829 0.022722758 0.087687485 56.925857544
0.096973687 0.092356920 0.990992606 46.995853424 0.014012378 0.995459974 -0.094144434 -2.792696714 -0.995188296 0.023015697 0.095239282 57.007297516
0.104077056 0.095560499 0.989967823 47.794830322 0.008961049 0.995242834 -0.097011790 -2.858412027 -0.994528890 0.018967854 0.102725640 57.104858398
0.110992290 0.093285494 0.989433527 48.599159241 0.005828443 0.995506644 -0.094511919 -2.934157133 -0.993804157 0.016256949 0.109949887 57.206829071
0.118256196 0.091995142 0.988712490 49.407623291 0.005724706 0.995619476 -0.093322515 -3.000349045 -0.992966652 0.016696054 0.117211536 57.315177917
0.126080096 0.088148579 0.988095880 50.235572815 0.005212292 0.995971680 -0.089516260 -3.074052095 -0.992006302 0.016436461 0.125112772 57.424224854
0.133348897 0.082787514 0.987605333 51.043281555 0.003256444 0.996462941 -0.083969712 -3.139497757 -0.991063714 0.014413351 0.132607654 57.540283203
0.140900970 0.075201437 0.987163365 51.855098724 0.000824230 0.997101665 -0.076076142 -3.200959206 -0.990023434 0.011532854 0.140430599 57.654113770
0.148236364 0.072666436 0.986278653 52.667549133 0.000492735 0.997291267 -0.073551871 -3.267770290 -0.988951862 0.011389038 0.147799030 57.784214020
0.155304596 0.074363351 0.985063732 53.470397949 0.000211326 0.997160137 -0.075309835 -3.328987837 -0.987866700 0.011904133 0.154847860 57.920364380
0.160934731 0.080948465 0.983639836 54.253173828 0.000899413 0.996618390 -0.082163684 -3.386076927 -0.986964583 0.014107687 0.160317719 58.052413940
0.166503817 0.084841989 0.982384086 55.029033661 -0.000569752 0.996299565 -0.085947223 -3.440072060 -0.986040652 0.013750820 0.165936008 58.181430817
0.171388134 0.087652497 0.981296539 55.799171448 -0.001568562 0.996057332 -0.088697009 -3.506662846 -0.985202372 0.013662387 0.170849890 58.330196381
0.176397488 0.087151781 0.980453134 56.581809998 -0.004765049 0.996136546 -0.087688550 -3.579164028 -0.984307468 0.010796133 0.176131278 58.479469299
0.181587636 0.084236041 0.979760289 57.350948334 -0.000837092 0.996337295 -0.085506111 -3.643432856 -0.983374476 0.014706704 0.180993035 58.623065948
0.185959697 0.077813007 0.979471385 58.110145569 -0.000140176 0.996861160 -0.079167932 -3.698896646 -0.982557356 0.014584742 0.185386896 58.772640228
0.189549029 0.071664646 0.979252458 58.862110138 -0.001638561 0.997354507 -0.072672248 -3.755279303 -0.981869876 0.012170387 0.189164996 58.920272827
0.192639902 0.068156093 0.978899658 59.601367950 -0.005539222 0.997644603 -0.068371132 -3.816812515 -0.981253803 0.007748666 0.192563668 59.076835632
0.195904300 0.068218872 0.978247225 60.343048096 -0.007450636 0.997652054 -0.068080008 -3.869127750 -0.980594695 0.006048600 0.195952579 59.230136871
0.197958216 0.070248008 0.977690041 61.036994934 -0.008483076 0.997514009 -0.069954775 -3.917096138 -0.980173767 0.005554304 0.198062032 59.381233215
0.199489594 0.074641518 0.977052987 61.737922668 -0.012632145 0.997207761 -0.073602051 -3.968278646 -0.979818523 0.002340571 0.199875459 59.533645630
0.201653510 0.078903466 0.976273596 62.426902771 -0.013679359 0.996879578 -0.077743329 -4.018451214 -0.979361355 0.002322419 0.202103585 59.684230804
0.203210428 0.083819799 0.975540757 63.105735779 -0.013818757 0.996475279 -0.082739994 -4.074336529 -0.979037583 0.003332873 0.203652486 59.840328217
0.204755083 0.085709020 0.975053489 63.783523560 -0.013679321 0.996312022 -0.084705129 -4.132455826 -0.978717685 0.004005738 0.205172390 59.987922668
0.206065267 0.085809067 0.974768639 64.448234558 -0.015985807 0.996309876 -0.084325962 -4.183012962 -0.978407621 0.001794189 0.206676632 60.135810852
0.207196951 0.082870938 0.974782884 65.131881714 -0.015900562 0.996559322 -0.081342489 -4.242432594 -0.978170156 0.001354314 0.207801744 60.282871246
0.207936659 0.080393337 0.974832833 65.786758423 -0.015925331 0.996762753 -0.078804910 -4.295603275 -0.978012621 0.000861893 0.208543822 60.422969818
0.207919642 0.079213269 0.974933147 66.438323975 -0.014782048 0.996856093 -0.077841982 -4.345419884 -0.978034198 0.001773370 0.208436891 60.566192627
0.206122205 0.078623310 0.975362420 67.069198608 -0.015203307 0.996903896 -0.077146836 -4.393682003 -0.978408158 0.001072940 0.206679359 60.706111908
0.204911560 0.078967929 0.975589693 67.690689087 -0.016331062 0.996877193 -0.077260852 -4.451953411 -0.978644252 -0.000100772 0.205561325 60.831203461
0.202110052 0.082046680 0.975920022 68.305778503 -0.017125051 0.996628344 -0.080241092 -4.499166965 -0.979213059 -0.000495146 0.202833638 60.976272583
0.199929267 0.085673295 0.976057589 68.905410767 -0.015068962 0.996320963 -0.084365278 -4.549788475 -0.979694545 0.002158912 0.200484708 61.097656250
0.197988153 0.086699717 0.976362526 69.508178711 -0.013227218 0.996226132 -0.085781351 -4.596611977 -0.980115056 0.004069131 0.198387757 61.224208832
0.195913970 0.085606217 0.976877272 70.096641541 -0.013626994 0.996323764 -0.084577441 -4.639776230 -0.980526328 0.003258002 0.196360305 61.341670990
0.193622455 0.082576931 0.977594674 70.681877136 -0.013789150 0.996582091 -0.081449702 -4.689197063 -0.980979204 0.002290293 0.194099352 61.461185455
0.191571042 0.078667656 0.978321016 71.259681702 -0.013149567 0.996898890 -0.077586628 -4.738192558 -0.981390655 0.001998854 0.192011401 61.576858521
0.189893335 0.077832155 0.978714705 71.815109253 -0.009673880 0.996952832 -0.077405550 -4.784583569 -0.981757045 0.005230829 0.190067619 61.675064087
0.187913656 0.079320386 0.978977501 72.375259399 -0.006497408 0.996812224 -0.079518266 -4.828979492 -0.982164085 0.008581749 0.187830016 61.784328461
0.185439974 0.081284165 0.979287982 72.922294617 -0.002142371 0.996603966 -0.082315773 -4.869820118 -0.982653260 0.013166635 0.184984356 61.884845734
0.183918282 0.083295420 0.979405880 73.466850281 -0.002825645 0.996443629 -0.084213808 -4.909061432 -0.982937515 0.012721006 0.183499575 61.982288361
0.182494789 0.085846931 0.979451776 74.005561829 -0.003515840 0.996231556 -0.086662546 -4.954036713 -0.983200550 0.012371871 0.182108909 62.082248688
0.181555599 0.083835058 0.979800582 74.561264038 -0.001140083 0.996376693 -0.085042104 -5.004867554 -0.983380020 0.014322816 0.180993363 62.183032990
0.182320923 0.082590654 0.979764163 75.096832275 0.004791422 0.996379435 -0.084882878 -5.042240620 -0.983227313 0.020170387 0.181265071 62.274505615
0.184462145 0.080721915 0.979519069 75.652572632 0.009872180 0.996419013 -0.083973765 -5.081870079 -0.982790053 0.025159966 0.183004677 62.373664856
0.186729312 0.079983152 0.979149997 76.202430725 0.012837866 0.996396482 -0.083840199 -5.125054359 -0.982327521 0.028225617 0.185029611 62.468418121
0.189934269 0.079957768 0.978535414 76.751831055 0.009925919 0.996470928 -0.083349936 -5.168162346 -0.981746614 0.025543874 0.188470319 62.582576752
0.195015281 0.080437183 0.977496207 77.315559387 0.009047920 0.996441424 -0.083801270 -5.214178085 -0.980758429 0.025186839 0.193593472 62.715469360
0.201685369 0.079279006 0.976236522 77.881958008 0.010345122 0.996490896 -0.083061069 -5.258471966 -0.979395688 0.026851492 0.200157464 62.836624146
0.209247649 0.080213860 0.974567115 78.421493530 0.007535268 0.996468127 -0.083634324 -5.289308071 -0.977833629 0.024843914 0.207904100 62.953605652
0.217429891 0.078136288 0.972943425 78.993080139 0.008034478 0.996613681 -0.081832729 -5.333010674 -0.976042867 0.025609978 0.216065824 63.093418121
0.226494521 0.077546209 0.970920622 79.569778442 0.004699944 0.996726990 -0.080703728 -5.380553246 -0.974001110 0.022842223 0.225388736 63.235801697
0.235839874 0.077633329 0.968686104 80.154083252 0.003371536 0.996732593 -0.080701903 -5.422277927 -0.971786141 0.022298686 0.234807536 63.390636444
0.245493084 0.081437372 0.965971529 80.742683411 -0.002237940 0.996510088 -0.083443202 -5.472068787 -0.969395757 0.018322943 0.244818568 63.561122894
0.255215526 0.083348662 0.963285029 81.346725464 -0.005517464 0.996386886 -0.084751002 -5.515200615 -0.966868401 0.016314883 0.254753262 63.732795715
0.265938222 0.086117357 0.960135758 81.931648254 -0.009190366 0.996182919 -0.086805001 -5.557590485 -0.963946283 0.014260767 0.265714586 63.899494171
0.276044071 0.087838203 0.957122803 82.544334412 -0.010660467 0.996033847 -0.088334598 -5.609646797 -0.961085796 0.014180864 0.275885612 64.088768005
0.285903156 0.088889025 0.954126835 83.170959473 -0.013490561 0.995963037 -0.088744178 -5.654722214 -0.958163500 0.012500538 0.285948157 64.290306091
0.296204388 0.089297444 0.950941086 83.802558899 -0.014874824 0.995930433 -0.088888854 -5.709387779 -0.955008745 0.012184184 0.296327293 64.495254517
0.306358933 0.090418160 0.947612047 84.432052612 -0.018930873 0.995860457 -0.088901579 -5.749211311 -0.951727808 0.009296671 0.306802422 64.713043213
0.316843867 0.085825630 0.944586694 85.092529297 -0.018186294 0.996264279 -0.084420837 -5.794717312 -0.948303342 0.009569688 0.317221105 64.942596436
0.327538729 0.078475408 0.941573143 85.753021240 -0.014699925 0.996847391 -0.077968679 -5.849857807 -0.944723427 0.011696705 0.327659726 65.172256470
0.338442713 0.074237339 0.938054025 86.415847778 -0.013375148 0.997161925 -0.074089460 -5.900469303 -0.940891862 0.012528433 0.338475138 65.422325134
0.348827809 0.071028814 0.934491277 87.100433350 -0.014276163 0.997410953 -0.070482180 -5.948424339 -0.937078178 0.011245199 0.348938644 65.685668945
0.358268023 0.068709262 0.931087077 87.786201477 -0.007979659 0.997477233 -0.070538059 -5.987538815 -0.933584750 0.017841773 0.357912362 65.950462341
0.366997898 0.063343823 0.928062558 88.487663269 -0.001311967 0.997713029 -0.067578949 -6.025428295 -0.930220842 0.023583738 0.366241693 66.218994141
0.374126613 0.054040164 0.925801754 89.208328247 0.008355930 0.998063803 -0.061634913 -6.066463947 -0.927339971 0.030795202 0.372950643 66.497398376
0.381108582 0.049248300 0.923217654 89.914855957 0.013801260 0.998166025 -0.058943570 -6.113233566 -0.924427271 0.035205472 0.379729897 66.788139343
0.388209909 0.049007609 0.920266986 90.618644714 0.015766352 0.998085678 -0.059802692 -6.164581299 -0.921436131 0.037725251 0.386694074 67.091903687
0.395863056 0.055798832 0.916612685 91.339637756 0.017924070 0.997492611 -0.068463370 -6.198813438 -0.918134630 0.043531552 0.393870294 67.399223328
0.403062373 0.060259860 0.913186431 92.044113159 0.021788321 0.996915102 -0.075401925 -6.239631653 -0.914913118 0.050288472 0.400505960 67.705413818
0.408233374 0.062384862 0.910743475 92.751388550 0.019788222 0.996823072 -0.077151120 -6.291560173 -0.912663102 0.049517654 0.405701935 68.031486511
0.412677944 0.063756764 0.908642888 93.458969116 0.012708277 0.997047246 -0.075731531 -6.353502274 -0.910788357 0.042800024 0.410649210 68.369438171
0.416791469 0.067620926 0.906483471 94.146820068 0.005943927 0.997005165 -0.077106513 -6.408872604 -0.908982754 0.037525412 0.415141344 68.701568604
0.420617282 0.070461400 0.904497802 94.823905945 0.005270182 0.996772885 -0.080100507 -6.469862938 -0.907222807 0.038458541 0.418888539 69.030548096
0.424676269 0.074746266 0.902254403 95.502403259 0.002072886 0.996503115 -0.083529875 -6.524647713 -0.905342877 0.037343431 0.423036337 69.350326538
0.428227514 0.077609099 0.900332093 96.166580200 -0.000812400 0.996337950 -0.085498437 -6.582703114 -0.903670609 0.035881359 0.426722318 69.674026489
0.431822777 0.076134972 0.898739398 96.817443848 -0.001982349 0.996508777 -0.083464831 -6.641387939 -0.901956379 0.034260396 0.430466115 70.002410889
0.436287552 0.073009253 0.896840513 97.478485107 -0.001168407 0.996747971 -0.080574036 -6.703951836 -0.899806499 0.034105577 0.434954017 70.323760986
0.439842135 0.070006326 0.895342410 98.119338989 -0.000815009 0.996987879 -0.077553533 -6.754179955 -0.898074746 0.033381607 0.438574374 70.634773254
0.443490058 0.069119185 0.893610179 98.752861023 -0.001773636 0.997087717 -0.076242760 -6.808861256 -0.896277606 0.032227967 0.442321062 70.958717346
0.446715176 0.070993431 0.891855061 99.364028931 -0.004142626 0.997000217 -0.077288203 -6.861796379 -0.894666672 0.030831197 0.445669204 71.274269104
0.449175537 0.071903400 0.890545547 99.977134705 -0.003743620 0.996899009 -0.078602239 -6.915794373 -0.893435657 0.031972345 0.448051840 71.593917847
0.451532096 0.069739684 0.889525294 100.571273804 -0.001281878 0.996990442 -0.077514373 -6.965860367 -0.892253935 0.033859964 0.450262576 71.894348145
0.453356236 0.068534993 0.888690650 101.160621643 0.000645823 0.997013986 -0.077218249 -7.017538071 -0.891329169 0.035581309 0.451958239 72.184730530
0.455330193 0.068403617 0.887691021 101.745941162 -0.000247076 0.997053921 -0.076704152 -7.063616753 -0.890322566 0.034706395 0.454005629 72.489387512
0.457212865 0.067353383 0.886803210 102.318855286 0.001341299 0.997074842 -0.076420143 -7.117475986 -0.889356256 0.036129739 0.455785096 72.789123535
0.459893197 0.069403887 0.885257840 102.881248474 0.000517245 0.996919692 -0.078426868 -7.163323879 -0.887974083 0.036525872 0.458440661 73.080390930
0.462600708 0.069351867 0.883850038 103.434295654 0.003073906 0.996804237 -0.079823762 -7.218194008 -0.886561394 0.039643399 0.460909098 73.366111755
0.465542555 0.068704650 0.882354736 103.987991333 0.005014671 0.996761441 -0.080258779 -7.264012337 -0.885011315 0.041788582 0.463690311 73.670463562
0.468906760 0.067036927 0.880699992 104.527595520 0.007848379 0.996759892 -0.080049835 -7.311416149 -0.883212805 0.044447973 0.466861367 73.949066162
0.471988589 0.066326343 0.879106104 105.056335449 0.009285497 0.996736646 -0.080186605 -7.355032444 -0.881555796 0.046010099 0.469832391 74.236587524
0.475147516 0.065524265 0.877463043 105.572761536 0.010467242 0.996731877 -0.080098651 -7.404070854 -0.879843950 0.047243293 0.472908825 74.520385742
0.478801250 0.064629115 0.875541151 106.088142395 0.010775579 0.996778905 -0.079471186 -7.454894066 -0.877857208 0.047485366 0.476562560 74.805343628
0.481929362 0.064499527 0.873832822 106.583854675 0.012253980 0.996693313 -0.080326341 -7.494537830 -0.876124322 0.049419548 0.479545325 75.080101013
0.485799313 0.065505244 0.871612251 107.094909668 0.012099639 0.996588290 -0.081641518 -7.543470383 -0.873986602 0.050207585 0.483349413 75.372131348
0.490234166 0.065680183 0.869112551 107.591819763 0.014188399 0.996423125 -0.083304390 -7.588670731 -0.871475279 0.053169973 0.487548769 75.648834229
0.495549202 0.068915009 0.865841687 108.086776733 0.012293525 0.996191025 -0.086325899 -7.634487152 -0.868492842 0.053422973 0.492814541 75.930763245
0.500548959 0.074887782 0.862463117 108.570854187 0.008522442 0.995777011 -0.091409601 -7.683736324 -0.865666330 0.053105280 0.497796893 76.228919983
0.506512046 0.081899844 0.858334422 109.054573059 0.003501616 0.995275021 -0.097032666 -7.731846809 -0.862225831 0.052153774 0.503832042 76.527244568
0.512017250 0.088003106 0.854455292 109.526672363 -0.002428337 0.994882226 -0.101011008 -7.791042328 -0.858971775 0.049644470 0.509610593 76.830871582
0.518498361 0.092707023 0.850038171 110.018371582 -0.005951781 0.994472444 -0.104828931 -7.838606358 -0.855057895 0.049294371 0.516184092 77.148460388
0.524030447 0.093164414 0.846588790 110.505874634 -0.009971657 0.994602263 -0.103280470 -7.886390686 -0.851641178 0.045680206 0.522130787 77.463081360
0.529057086 0.092403665 0.843540311 110.997886658 -0.016480306 0.994985104 -0.098657094 -7.938861847 -0.848426163 0.038293432 0.527926624 77.800277710
0.534964323 0.089926958 0.840075135 111.495002747 -0.022556815 0.995485127 -0.092198700 -7.991718292 -0.844573438 0.030373603 0.534577429 78.135650635
0.540989459 0.088051639 0.836407363 111.994750977 -0.029021040 0.995866477 -0.086067639 -8.045433998 -0.840528488 0.022288261 0.541308641 78.467552185
0.547008514 0.085925758 0.832705438 112.505851746 -0.031539820 0.996127367 -0.082070366 -8.094800949 -0.836532593 0.018629808 0.547600210 78.819992065
0.553498149 0.089456640 0.828032196 113.018630981 -0.036310967 0.995861471 -0.083316050 -8.138364792 -0.832058489 0.016048629 0.554455638 79.178710938
0.559249520 0.093498260 0.823709905 113.531326294 -0.040551890 0.995515406 -0.085467398 -8.187056541 -0.828006923 0.014394600 0.560533047 79.551788330
0.565819144 0.097088851 0.818793178 114.058609009 -0.043112237 0.995168447 -0.088210337 -8.227056503 -0.823401451 0.014611091 0.567271113 79.923637390
0.572057903 0.099230431 0.814188659 114.588836670 -0.045443051 0.994964540 -0.089333989 -8.276668549 -0.818953395 0.014104994 0.573686719 80.311988831
