1.000000000 0.000000000 0.000000000 0.000000000 0.000000000 1.000000000 0.000000000 0.000000000 0.000000000 0.000000000 1.000000000 0.000000000
0.999998629 0.000806246 0.001459250 -0.006333694 -0.000799565 0.999989212 -0.004572940 -0.002194493 -0.001462921 0.004571767 0.999988496 0.963966489
0.999996662 -0.001450185 0.002145916 -0.002609507 0.001461661 0.999984562 -0.005356169 -0.000838887 -0.002138116 0.005359287 0.999983370 1.918585062
0.999993443 -0.002447528 0.002713980 -0.011204011 0.002450913 0.999996185 -0.001244746 -0.004769503 -0.002710924 0.001251390 0.999995470 2.852507114
0.999985397 -0.004972723 0.002127863 -0.008826928 0.004962191 0.999975562 0.004926201 -0.008407581 -0.002152308 -0.004915570 0.999985576 3.800837994
0.999963045 -0.008592536 0.000406479 -0.003328013 0.008590404 0.999950707 0.004980424 -0.005039266 -0.000449254 -0.004976748 0.999987543 4.741500854
0.999939203 -0.011026707 -0.000035906 -0.008725277 0.011026757 0.999936998 0.002091472 -0.002815448 0.000012842 -0.002091740 0.999997795 5.665771008
0.999930441 -0.011748792 -0.001059467 -0.011709505 0.011747117 0.999929667 -0.001571983 0.003460914 0.001077862 0.001559428 0.999998152 6.590360165
0.999934435 -0.011364715 -0.001408103 -0.019631535 0.011362238 0.999933898 -0.001756171 -0.003092360 0.001427968 0.001740056 0.999997437 7.518627167
0.999933183 -0.011309780 -0.002388085 -0.029724525 0.011310063 0.999936044 0.000105130 -0.002096624 0.002386743 -0.000132132 0.999997139 8.432006836
0.999939144 -0.010692977 -0.002701314 -0.041881602 0.010700145 0.999939203 0.002652673 0.003216186 0.002672784 -0.002681415 0.999992788 9.374250412
0.999933779 -0.010910672 -0.003648469 -0.050010659 0.010925908 0.999931574 0.004182602 0.005718790 0.003602585 -0.004222188 0.999984622 10.296741486
0.999918401 -0.012024151 -0.004318757 -0.053075776 0.012045838 0.999914765 0.005031162 0.008215502 0.004257894 -0.005082775 0.999978006 11.208793640
0.999909341 -0.012371885 -0.005329989 -0.058231663 0.012399241 0.999909937 0.005130416 0.009733878 0.005266037 -0.005196038 0.999972582 12.122612953
0.999902964 -0.012648084 -0.005837761 -0.071427025 0.012670243 0.999912560 0.003774620 0.011986197 0.005789509 -0.003848220 0.999975860 13.021060944
0.999893904 -0.012794522 -0.006961302 -0.084149621 0.012805996 0.999916732 0.001606306 0.019876670 0.006940170 -0.001695282 0.999974489 13.927024841
0.999863803 -0.014085141 -0.008600203 -0.093078673 0.014084992 0.999900818 -0.000077720 0.028925400 0.008600445 -0.000043424 0.999962986 14.832513809
0.999851644 -0.013840851 -0.010249323 -0.109965339 0.013834427 0.999904096 -0.000697404 0.028338298 0.010257993 0.000555508 0.999947250 15.741945267
0.999848902 -0.012692614 -0.011883304 -0.122682549 0.012675249 0.999918461 -0.001535507 0.027410699 0.011901825 0.001384650 0.999928236 16.641754150
0.999846756 -0.011422418 -0.013268062 -0.143347546 0.011401618 0.999933660 -0.001642414 0.029976375 0.013285942 0.001490885 0.999910593 17.531059265
0.999821067 -0.011935755 -0.014677707 -0.162162825 0.011923099 0.999928534 -0.000949458 0.030997619 0.014687989 0.000774284 0.999891818 18.422075272
0.999801219 -0.011701880 -0.016144916 -0.181531042 0.011715516 0.999931097 0.000750184 0.026216280 0.016135026 -0.000939181 0.999869406 19.313081741
0.999782085 -0.011340856 -0.017526720 -0.202590138 0.011370796 0.999934018 0.001609503 0.024824368 0.017507311 -0.001808445 0.999845147 20.192724228
0.999737680 -0.012471563 -0.019208908 -0.220491499 0.012506778 0.999920368 0.001714190 0.022771932 0.019185999 -0.001953982 0.999813974 21.087726593
0.999728084 -0.011703184 -0.020168800 -0.245242670 0.011715351 0.999931216 0.000485246 0.029205944 0.020161729 -0.000721399 0.999796450 21.927394867
0.999695182 -0.011769436 -0.021704327 -0.266086191 0.011787189 0.999930263 0.000690081 0.032052420 0.021694690 -0.000945704 0.999764204 22.790538788
0.999676168 -0.011598622 -0.022650762 -0.290169120 0.011661694 0.999928415 0.002654412 0.033593465 0.022618350 -0.002917699 0.999739945 23.650617599
0.999641955 -0.012721356 -0.023540474 -0.306503177 0.012859849 0.999900818 0.005741179 0.034035016 0.023465103 -0.006041850 0.999706328 24.497629166
0.999610245 -0.013038258 -0.024684509 -0.323923856 0.013220446 0.999886453 0.007231907 0.037507124 0.024587415 -0.007555428 0.999669075 25.339414597
0.999616623 -0.012024382 -0.024941731 -0.356460869 0.012178759 0.999907613 0.006046874 0.039470188 0.024866715 -0.006348316 0.999670565 26.163112640
0.999620378 -0.010225127 -0.025581913 -0.382987529 0.010323018 0.999939859 0.003697420 0.039859377 0.025542567 -0.003960099 0.999665856 26.976646423
0.999601722 -0.009891436 -0.026429569 -0.407341450 0.009943938 0.999948859 0.001855761 0.045104820 0.026409861 -0.002117836 0.999648929 27.779195786
0.999592006 -0.008535385 -0.027257275 -0.436807752 0.008576943 0.999962211 0.001408070 0.049150229 0.027244223 -0.001641279 0.999627471 28.572790146
0.999549448 -0.009086274 -0.028606361 -0.459595829 0.009124327 0.999957681 0.001199984 0.043397307 0.028594246 -0.001460457 0.999590039 29.360347748
0.999479234 -0.009101024 -0.030960610 -0.485067338 0.009116175 0.999958396 0.000348187 0.043118864 0.030956155 -0.000630248 0.999520540 30.135862350
0.999431372 -0.008681341 -0.032580655 -0.517000794 0.008694443 0.999962270 0.000260532 0.044122528 0.032577161 -0.000543655 0.999469101 30.901828766
0.999363422 -0.009132537 -0.034486681 -0.540365696 0.009187888 0.999956667 0.001446909 0.043917540 0.034471970 -0.001762848 0.999404073 31.665807724
0.999284387 -0.009203631 -0.036685381 -0.569740891 0.009344764 0.999949455 0.003677497 0.047131423 0.036649678 -0.004017683 0.999320090 32.420463562
0.999221921 -0.008139703 -0.038591143 -0.601205945 0.008349777 0.999951184 0.005285566 0.047498453 0.038546234 -0.005603681 0.999241054 33.158302307
0.999156475 -0.007214606 -0.040425997 -0.635961056 0.007443987 0.999956965 0.005526422 0.047029432 0.040384397 -0.005822690 0.999167204 33.886730194
0.999098778 -0.004933616 -0.042157453 -0.677258670 0.005138405 0.999975502 0.004750753 0.047720175 0.042132989 -0.004963094 0.999099731 34.592857361
0.999024987 -0.003072547 -0.044039603 -0.714445353 0.003259208 0.999985993 0.004167303 0.049979780 0.044026189 -0.004306774 0.999021113 35.298530579
0.998940706 -0.002697246 -0.045937177 -0.738360047 0.002932614 0.999982893 0.005057063 0.055730756 0.045922752 -0.005186423 0.998931527 36.021881104
0.998906791 -0.000967936 -0.046735771 -0.783936083 0.001298771 0.999974310 0.007048993 0.058741983 0.046727754 -0.007101987 0.998882473 36.695182800
0.998904765 0.001729658 -0.046757285 -0.822541714 -0.001376820 0.999970257 0.007577305 0.060857575 0.046769004 -0.007504630 0.998877525 37.390781403
0.998933733 0.004192630 -0.045976706 -0.847747684 -0.003950380 0.999977827 0.005358554 0.063475065 0.045998152 -0.005171215 0.998928130 38.061882019
0.999014616 0.005800464 -0.044002615 -0.885263324 -0.005699378 0.999980807 0.002422371 0.065052487 0.044015825 -0.002169197 0.999028504 38.705589294
0.999084771 0.006274490 -0.042312272 -0.908256114 -0.006265451 0.999980330 0.000346251 0.073699668 0.042313613 -0.000080828 0.999104381 39.358413696
0.999216497 0.007314185 -0.038898543 -0.942817569 -0.007272228 0.999972761 0.001220027 0.073902793 0.038906407 -0.000936192 0.999242485 39.992313385
0.999275923 0.012009833 -0.036100853 -0.967913926 -0.011884119 0.999922574 0.003694826 0.074963525 0.036142427 -0.003263124 0.999341309 40.650512695
0.999348342 0.016141998 -0.032284476 -0.995246768 -0.015912099 0.999846280 0.007365319 0.074338876 0.032398406 -0.006846806 0.999451578 41.273300171
0.999378383 0.021281818 -0.028105380 -1.019435287 -0.021057442 0.999744236 0.008255379 0.078851022 0.028273884 -0.007658420 0.999570847 41.876060486
0.999432385 0.024965916 -0.022619475 -1.041066647 -0.024773570 0.999654770 0.008744307 0.082149558 0.022829978 -0.008178977 0.999705911 42.465011597
0.999438643 0.029012576 -0.016754739 -1.055903554 -0.028839095 0.999528885 0.010504531 0.085961528 0.017051606 -0.010015442 0.999804437 43.034271240
0.999369144 0.034061905 -0.010052999 -1.071843863 -0.033945043 0.999356687 0.011574488 0.089526728 0.010440781 -0.011225937 0.999882460 43.607631683
0.999287307 0.037636422 -0.002872225 -1.079912782 -0.037601274 0.999227285 0.011442615 0.089653954 0.003300665 -0.011326460 0.999930441 44.137447357
0.999147773 0.041015591 0.004628649 -1.084844112 -0.041066039 0.999091566 0.011386143 0.091948248 -0.004157434 -0.011566520 0.999924481 44.643119812
0.998929560 0.044812545 0.011469661 -1.073053837 -0.044937927 0.998930156 0.010917885 0.096448943 -0.010968134 -0.011421622 0.999874651 45.141174316
0.998619199 0.048944075 0.019083900 -1.067690969 -0.049101979 0.998762667 0.007895070 0.103507325 -0.018673869 -0.008821227 0.999786735 45.613883972
0.998297155 0.051475313 0.027440025 -1.063039184 -0.051635034 0.998652756 0.005143958 0.100584663 -0.027138269 -0.006552065 0.999610245 46.078384399
0.998040617 0.051851280 0.035017259 -1.043163657 -0.052049953 0.998633027 0.004785613 0.104395576 -0.034721255 -0.006598883 0.999375284 46.504631042
0.997765958 0.050986327 0.043169171 -1.022380590 -0.051298626 0.998664379 0.006157039 0.104941823 -0.042797588 -0.008357802 0.999048829 46.903953552
0.997281790 0.053075179 0.051109485 -0.999082327 -0.053497691 0.998543918 0.006933642 0.106756337 -0.050667062 -0.009649034 0.998669028 47.294113159
0.996611834 0.056145169 0.060104392 -0.987137437 -0.056681231 0.998365939 0.007249999 0.104645953 -0.059599124 -0.010632225 0.998165727 47.650447845
0.995788157 0.061121862 0.068337709 -0.955625951 -0.061706189 0.998073339 0.006470584 0.108583011 -0.067810550 -0.010660192 0.997641206 47.975032806
0.994862020 0.064871386 0.077725485 -0.939725637 -0.065586478 0.997824550 0.006680476 0.104127049 -0.077123024 -0.011743894 0.996952415 48.275306702
0.994128287 0.064132176 0.087155186 -0.910617530 -0.065020807 0.997856557 0.007392984 0.102194801 -0.086494252 -0.013016474 0.996167362 48.560504913
0.993250191 0.062846176 0.097490475 -0.867856503 -0.063679121 0.997955620 0.005452877 0.102946341 -0.096948475 -0.011624180 0.995221496 48.839099884
0.992092431 0.061401762 0.109464280 -0.835083008 -0.061885934 0.998082697 0.001028079 0.099233024 -0.109191254 -0.007794249 0.993990123 49.092224121
0.990479231 0.062510476 0.122651182 -0.792527556 -0.062595204 0.998033941 -0.003166050 0.101472326 -0.122607954 -0.004541470 0.992444813 49.358413696
0.988332927 0.063982412 0.138219088 -0.753333747 -0.063850120 0.997944951 -0.005395460 0.099460669 -0.138280258 -0.003492795 0.990387022 49.621105194
0.985826075 0.065880463 0.154293731 -0.702625632 -0.065633602 0.997821331 -0.006698886 0.096273378 -0.154398873 -0.003522918 0.988002241 49.872386932
0.983001053 0.066411346 0.171167761 -0.647780597 -0.066048868 0.997785807 -0.007817954 0.094692789 -0.171307966 -0.003620381 0.985210836 50.133335114
0.979722142 0.065373838 0.189395487 -0.589195788 -0.064810306 0.997855484 -0.009174122 0.094918817 -0.189589053 -0.003286690 0.981857955 50.384578705
0.975825012 0.064703658 0.208755404 -0.521360219 -0.064152256 0.997895658 -0.009418182 0.090188369 -0.208925515 -0.004201635 0.977922499 50.633060455
0.971345782 0.064544156 0.228738338 -0.444657415 -0.063810617 0.997905672 -0.010609418 0.087140583 -0.228944048 -0.004290521 0.973430097 50.865947723
0.966011465 0.066878825 0.249697804 -0.368759781 -0.065720275 0.997753680 -0.012983854 0.085265681 -0.250005215 -0.003867656 0.968236744 51.103919983
0.959726989 0.068127081 0.272548765 -0.285825044 -0.066544175 0.997669876 -0.015058207 0.079649009 -0.272939563 -0.003684764 0.962024093 51.348556519
0.952450275 0.069686398 0.296618074 -0.191897690 -0.067940816 0.997557700 -0.016202595 0.071608454 -0.297022760 -0.004720303 0.954858720 51.572292328
0.943886817 0.072476096 0.322218478 -0.093204454 -0.070749447 0.997347772 -0.017082850 0.064219207 -0.322601974 -0.006672498 0.946511209 51.809314728
0.934036255 0.074432500 0.349336386 0.014860899 -0.072677501 0.997190356 -0.018148540 0.055573743 -0.349705726 -0.008437505 0.936821580 52.043209076
0.922767520 0.075142756 0.377959877 0.134085998 -0.073142216 0.997127533 -0.019667847 0.049538206 -0.378352106 -0.009495972 0.925613105 52.282581329
0.910184741 0.073074862 0.407705575 0.278625607 -0.070280202 0.997287989 -0.021850856 0.040588055 -0.408196539 -0.008765309 0.912851930 52.521869659
0.895181060 0.070693560 0.440060496 0.422646672 -0.066615999 0.997472227 -0.024727240 0.033717543 -0.440696120 -0.007179710 0.897627652 52.747657776
0.877902091 0.069796570 0.473726124 0.579757750 -0.063756257 0.997549236 -0.028822064 0.022440178 -0.474576771 -0.004900055 0.880200386 52.966808319
0.858349383 0.071846105 0.508010209 0.742125988 -0.063283756 0.997411668 -0.034134325 0.016758366 -0.509147882 -0.002849624 0.860674322 53.187965393
0.836555898 0.073790923 0.542889595 0.930098295 -0.062773988 0.997272491 -0.038821362 0.009040480 -0.544273615 -0.001603108 0.838906229 53.415889740
0.811939180 0.076366313 0.578725219 1.124262452 -0.063440621 0.997077525 -0.042564601 -0.000849360 -0.580284476 -0.002154827 0.814410985 53.639633179
0.784343123 0.080477640 0.615084648 1.335405707 -0.066565081 0.996742845 -0.045531377 -0.013510126 -0.616745472 -0.005230943 0.787145257 53.872489929
0.754359782 0.085092038 0.650922954 1.563365102 -0.070460029 0.996330619 -0.048588838 -0.027472362 -0.652668953 -0.009210592 0.757587135 54.101825714
0.721242428 0.086013414 0.687321603 1.820340157 -0.069954991 0.996232033 -0.051263951 -0.046447720 -0.689141214 -0.011107842 0.724541903 54.336551666
0.684594214 0.083595686 0.724115014 2.100417852 -0.066352993 0.996424615 -0.052300986 -0.066379048 -0.725898147 -0.012242252 0.687693238 54.557971954
0.645448089 0.081970342 0.759392858 2.392482996 -0.063362844 0.996544063 -0.053713486 -0.091535136 -0.761171281 -0.013448022 0.648411393 54.764495850
0.602826238 0.081213705 0.793728411 2.725267410 -0.061088897 0.996584058 -0.055573530 -0.114099979 -0.795530379 -0.014986807 0.605728328 54.983364105
0.556573272 0.081150450 0.826825619 3.086252689 -0.057562798 0.996593237 -0.059064519 -0.133291662 -0.828801870 -0.014720660 0.559348464 55.193500519
0.507817626 0.079925694 0.857748866 3.458840847 -0.054368857 0.996675313 -0.060682692 -0.159002647 -0.859747171 -0.015819082 0.510474801 55.386444092
0.459324032 0.078625180 0.884782135 3.891017437 -0.052838638 0.996729493 -0.061142724 -0.176171139 -0.886695743 -0.018666364 0.461976290 55.575424194
0.410333306 0.076191522 0.908747137 4.327805042 -0.051698714 0.996844649 -0.060233910 -0.198395818 -0.910468936 -0.022265082 0.412977546 55.733181000
0.359715432 0.076168716 0.929947853 4.787948608 -0.054940838 0.996662259 -0.060381256 -0.218909487 -0.931443095 -0.029372048 0.362699568 55.898208618
0.310450047 0.077060297 0.947461069 5.251493931 -0.053325612 0.996551037 -0.063580014 -0.237738565 -0.949092746 -0.030785533 0.313488632 56.025180817
0.262742817 0.073134460 0.962090194 5.727669716 -0.042608012 0.997029960 -0.064154372 -0.281268895 -0.963924587 -0.024136662 0.265078545 56.117118835
0.218719140 0.067494847 0.973450720 6.238901138 -0.028784104 0.997617066 -0.062703095 -0.304041564 -0.975363195 -0.014305546 0.220140725 56.190097809
0.176622912 0.066380456 0.982037663 6.745792389 -0.019780530 0.997761190 -0.063885681 -0.335067987 -0.984079719 -0.008141557 0.177540541 56.240840912
0.137784138 0.067854196 0.988135278 7.307931423 -0.016283043 0.997670949 -0.066238500 -0.360288382 -0.990328372 -0.006963238 0.138568074 56.312057495
0.105397850 0.068745904 0.992051065 7.806310654 -0.007857952 0.997633994 -0.068297952 -0.394205660 -0.994399071 -0.000597033 0.105688676 56.322547913
0.076252356 0.067066312 0.994830549 8.368446350 -0.000407861 0.997737408 -0.067231014 -0.430648059 -0.997088432 0.004720771 0.076107174 56.347404480
0.051501937 0.065179616 0.996543646 8.938257217 0.006068539 0.997829020 -0.065577321 -0.468180239 -0.998654485 0.009424923 0.050994586 56.354675293
0.031539693 0.064249158 0.997435391 9.514381409 0.011131152 0.997847319 -0.064627670 -0.494270891 -0.999440491 0.013140943 0.030756619 56.355007172
0.015760815 0.066439249 0.997665942 10.092714310 0.014078249 0.997676253 -0.066662334 -0.518913984 -0.999776602 0.015096044 0.014788845 56.349971771
0.002372962 0.066478990 0.997785032 10.687717438 0.014880884 0.997674942 -0.066507056 -0.549020350 -0.999886394 0.015005741 0.001378181 56.344646454
-0.009496707 0.067096442 0.997701228 11.300863266 0.015451684 0.997637033 -0.066945046 -0.591614842 -0.999835491 0.014780406 -0.010511021 56.342239380
-0.018211829 0.069860548 0.997390628 11.916949272 0.020618070 0.997370064 -0.069482647 -0.628913403 -0.999621570 0.019298863 -0.019604322 56.314300537
-0.024599517 0.071831934 0.997113347 12.535873413 0.024856495 0.997150719 -0.071221404 -0.663204491 -0.999388397 0.023032732 -0.026314912 56.283115387
-0.029332940 0.071186021 0.997031689 13.189521790 0.025177451 0.997196972 -0.070457108 -0.701677799 -0.999252558 0.023036005 -0.031043004 56.270015717
-0.033050206 0.068579063 0.997098088 13.838344574 0.022729950 0.997436643 -0.067848936 -0.731433630 -0.999195218 0.020421572 -0.034524284 56.252902985
-0.035536449 0.061664980 0.997464061 14.534752846 0.020820519 0.997923553 -0.060951617 -0.772116542 -0.999151468 0.018601716 -0.036746554 56.229274750
-0.036690921 0.056146402 0.997748137 15.223171234 0.022215918 0.998219609 -0.055355955 -0.806420267 -0.999079704 0.020134829 -0.037872929 56.201972961
-0.037247125 0.053459655 0.997875094 15.904381752 0.024597783 0.998314559 -0.052565046 -0.842300236 -0.999003291 0.022587616 -0.038499333 56.176086426
-0.037183292 0.055564612 0.997762442 16.609518051 0.027913811 0.998121142 -0.054544326 -0.884486675 -0.998918533 0.025823215 -0.038664449 56.149494171
-0.036047745 0.063067846 0.997358024 17.311435699 0.028919976 0.997654498 -0.062041339 -0.914457440 -0.998931527 0.026607117 -0.037787113 56.119731903
-0.034002665 0.071348496 0.996871650 18.031242371 0.029855832 0.997075856 -0.070344724 -0.948083580 -0.998975635 0.027370527 -0.036033396 56.095386505
-0.032118220 0.072297007 0.996865809 18.750507355 0.030553751 0.996985316 -0.071321242 -0.981327474 -0.999016941 0.028167278 -0.034230333 56.079700470
-0.029662251 0.067879498 0.997252405 19.488826752 0.029730892 0.997309923 -0.066999093 -1.026093125 -0.999117732 0.027661862 -0.031600572 56.055725098
-0.027292348 0.061712500 0.997720778 20.233875275 0.029350668 0.997711658 -0.060909063 -1.067008018 -0.999196529 0.027621418 -0.029041199 56.038867950
-0.024112605 0.059644472 0.997928441 20.975099564 0.028098082 0.997864664 -0.058961745 -1.116781473 -0.999314308 0.026618149 -0.025737012 56.020637512
-0.021105468 0.065165550 0.997651219 21.727947235 0.035233077 0.997302115 -0.064397395 -1.164164305 -0.999156237 0.033791181 -0.023344513 55.998672485
-0.017916838 0.070612937 0.997342825 22.463285446 0.036854953 0.996871769 -0.069917500 -1.206120491 -0.999159992 0.035504322 -0.020463225 55.983837128
-0.015549022 0.071109764 0.997347295 23.205373764 0.030790484 0.997028887 -0.070607021 -1.250009775 -0.999404907 0.029610937 -0.017692327 55.987396240
-0.012269353 0.067447528 0.997647345 23.963428497 0.026606411 0.997391284 -0.067102998 -1.296432853 -0.999570727 0.025720501 -0.014031883 55.991069794
-0.007461395 0.064194873 0.997909427 24.703443527 0.030438026 0.997489452 -0.063940272 -1.344203711 -0.999508739 0.029897310 -0.009396627 55.969982147
-0.003709322 0.065021627 0.997876942 25.444816589 0.034925967 0.997283340 -0.064853124 -1.394998431 -0.999383032 0.034611251 -0.005970188 55.960254669
-0.001310356 0.069558948 0.997576952 26.177505493 0.034585215 0.996984243 -0.069472179 -1.440756083 -0.999400914 0.034410384 -0.003712115 55.967910767
0.002745106 0.070108056 0.997535586 26.922370911 0.030868853 0.997058094 -0.070159435 -1.488493681 -0.999519646 0.030985378 0.000572876 55.975559235
0.005973575 0.070052102 0.997525454 27.693695068 0.030096151 0.997078717 -0.070200965 -1.532023549 -0.999529183 0.030441027 0.003847826 55.989543915
0.009838705 0.067224756 0.997689426 28.437170029 0.033796258 0.997145295 -0.067521371 -1.578970909 -0.999380291 0.034382496 0.007538673 55.991966248
0.013627218 0.067619048 0.997618139 29.176807404 0.038523842 0.996934533 -0.068098933 -1.629286408 -0.999164760 0.039360084 0.010980498 55.996360779
0.016956260 0.068744831 0.997490227 29.925020218 0.040853254 0.996752858 -0.069388486 -1.675302625 -0.999021232 0.041927289 0.014092751 56.015071869
0.019778222 0.068272643 0.997470617 30.694826126 0.041722603 0.996740282 -0.069049977 -1.731059432 -0.998933375 0.042982750 0.016865237 56.019069672
0.023433642 0.066835716 0.997488737 31.445997238 0.043264478 0.996760190 -0.067803308 -1.777345061 -0.998788714 0.044744708 0.020466110 56.037181854
0.026816342 0.066050686 0.997455835 32.196659088 0.045058634 0.996720672 -0.067213401 -1.822479010 -0.998624325 0.046746422 0.023752248 56.059757233
0.029790362 0.066202827 0.997361362 32.951923370 0.043662716 0.996765554 -0.067467459 -1.870986104 -0.998602033 0.045557387 0.026803412 56.082038879
0.032880958 0.067731619 0.997161686 33.728927612 0.040406954 0.996795237 -0.069039151 -1.924181581 -0.998642087 0.042562339 0.030038757 56.121078491
0.035482824 0.068110056 0.997046649 34.476600647 0.042004012 0.996691644 -0.069580637 -1.967386603 -0.998487175 0.044348873 0.032504540 56.146205902
0.038589977 0.068055987 0.996934891 35.236164093 0.039951410 0.996775210 -0.069591559 -2.011322260 -0.998456180 0.042514484 0.035746600 56.176918030
0.041055232 0.068091191 0.996834040 36.000415802 0.038226694 0.996837676 -0.069665834 -2.063321590 -0.998425364 0.040965807 0.038322501 56.211383820
0.043768648 0.068294868 0.996704578 36.761116028 0.035512432 0.996923864 -0.069869347 -2.111964226 -0.998410344 0.038453486 0.041208692 56.257106781
0.046459295 0.070362300 0.996438980 37.513084412 0.034318626 0.996814787 -0.071988948 -2.157650709 -0.998330474 0.037540969 0.043896578 56.296436310
0.049568083 0.073962800 0.996028304 38.296840668 0.032546435 0.996604979 -0.075625323 -2.213335037 -0.998240292 0.036165766 0.046992570 56.344749451
0.053431436 0.076191641 0.995660543 39.069332123 0.032795724 0.996413112 -0.078009188 -2.265954733 -0.998032808 0.036821555 0.050741017 56.383380890
0.056248359 0.078207575 0.995349050 39.836479187 0.026996924 0.996443748 -0.079819210 -2.320226908 -0.998051703 0.031361066 0.053936962 56.437324524
0.058451351 0.077539608 0.995274365 40.608993530 0.022812176 0.996614873 -0.078983769 -2.375780821 -0.998029590 0.027321080 0.056484632 56.501228333
0.062569365 0.078114331 0.994979084 41.375465393 0.025970694 0.996467233 -0.079864345 -2.426851034 -0.997702539 0.030837355 0.060319647 56.547180176
0.065636128 0.079147853 0.994699657 42.164073944 0.023587625 0.996447682 -0.080843396 -2.496946096 -0.997564793 0.028768856 0.063536070 56.609615326
0.069486246 0.080339938 0.994342566 42.947952271 0.019989312 0.996439576 -0.081906252 -2.550192833 -0.997382641 0.025567582 0.067632906 56.675601959
0.073657468 0.078113057 0.994219780 43.740905762 0.018982448 0.996637523 -0.079709336 -2.607784271 -0.997102976 0.024743913 0.071927011 56.738800049
0.077828132 0.078179896 0.993896723 44.544639587 0.018866424 0.996626496 -0.079871990 -2.675088406 -0.996788263 0.024967566 0.076090612 56.820312500
0.083201170 0.081832230 0.993167162 45.325366974 0.015356790 0.996399045 -0.083385028 -2.730428219 -0.996414363 0.022189595 0.081644915 56.883754730
0.088776894 0.090259850 0.991953492 46.110969543 0.013197392 0.995691776 -0.091781132 -2.794473171 -0.995964110 0.021239245 0.087203227 56.968070984
0.096199788 0.094754733 0.990841568 46.914176941 0.012140382 0.995272815 -0.096357182 -2.862629890 -0.995287895 0.021298740 0.094594680 57.052768707
0.103716016 0.098565519 0.989710987 47.711933136 0.007016021 0.994980156 -0.099825524 -2.923843145 -0.994582176 0.017297339 0.102503859 57.142631531
0.110806659 0.096145526 0.989180446 48.510929108 0.003915212 0.995259583 -0.097174972 -3.000713825 -0.993834198 0.014640485 0.109904967 57.240432739
0.117997810 0.094663031 0.988491535 49.318225861 0.003840384 0.995394766 -0.095782571 -3.070744276 -0.993006408 0.015098319 0.117090873 57.349674225
0.125604138 0.091387346 0.987862289 50.143207550 0.003412794 0.995702505 -0.092546567 -3.139278650 -0.992074609 0.014995603 0.124752469 57.460510254
0.132645592 0.085645773 0.987456322 50.948226929 0.001174269 0.996245384 -0.086565837 -3.212629080 -0.991162837 0.012642115 0.132046983 57.582511902
0.140678734 0.078577928 0.986932158 51.762603760 -0.001056593 0.996856689 -0.079217523 -3.269288063 -0.990054786 0.010101432 0.140319571 57.693260193
0.147774220 0.075578339 0.986129165 52.562206268 -0.001773846 0.997094512 -0.076152943 -3.345515251 -0.989019513 0.009504199 0.147478938 57.818489075
0.154809549 0.077244148 0.984920025 53.363605499 -0.002089015 0.996962130 -0.077860229 -3.410034180 -0.987942040 0.009995995 0.154500619 57.955661774
0.160605624 0.083860554 0.983449697 54.143745422 -0.001214819 0.996400058 -0.084766492 -3.467626572 -0.987017930 0.012419260 0.160129309 58.086200714
0.166178748 0.087767594 0.982182026 54.921161652 -0.002601194 0.996066689 -0.088568248 -3.522529125 -0.986092269 0.012163312 0.165753409 58.214893341
0.170883447 0.090948448 0.981084764 55.691715240 -0.003314079 0.995778084 -0.091733322 -3.585047483 -0.985285699 0.012424313 0.170463413 58.365657806
0.176055476 0.090004832 0.980256915 56.465442657 -0.006793847 0.995898724 -0.090220809 -3.666696787 -0.984356821 0.009224155 0.175944850 58.511833191
0.181208953 0.086858682 0.979601383 57.234714508 -0.002845363 0.996134281 -0.087798245 -3.735513926 -0.983440518 0.013122508 0.180755585 58.656269073
0.185692981 0.080527693 0.979302585 57.992515564 -0.002128677 0.996666849 -0.081551932 -3.791275501 -0.982605577 0.013059003 0.185245439 58.804161072
0.189081952 0.074749604 0.979112148 58.743564606 -0.003631372 0.997144878 -0.075425029 -3.846190214 -0.981954575 0.010705994 0.188813552 58.953624725
0.192226142 0.070761129 0.978796184 59.481498718 -0.007579572 0.997474253 -0.070622884 -3.914205790 -0.981321394 0.006156710 0.192276970 59.109336853
0.195527405 0.070857488 0.978135109 60.218570709 -0.008680914 0.997472405 -0.070523009 -3.966686726 -0.980659723 0.005298076 0.195648313 59.259262085
0.197769865 0.072893724 0.977534473 60.933166504 -0.010662771 0.997332275 -0.072212785 -4.018475056 -0.980190456 0.003858289 0.198019519 59.408023834
0.199371770 0.077346601 0.976866663 61.633537292 -0.015080057 0.997004151 -0.075863324 -4.072673798 -0.979807854 0.000393799 0.199940860 59.560436249
0.201134816 0.081362054 0.976178885 62.323936462 -0.015708067 0.996684372 -0.079834603 -4.124185085 -0.979437590 0.000723636 0.201745972 59.715728760
0.202513769 0.086718053 0.975432277 63.002529144 -0.016491545 0.996232212 -0.085143320 -4.180773735 -0.979140460 0.001156312 0.203180850 59.876266479
0.204312205 0.088659935 0.974882603 63.680282593 -0.015714578 0.996058762 -0.087292381 -4.235775471 -0.978779554 0.002515031 0.204900220 60.019844055
0.206388980 0.088569351 0.974453211 64.368797302 -0.017731823 0.996069729 -0.086778529 -4.292649269 -0.978309333 0.000631300 0.207148328 60.161621094
0.206709951 0.085597761 0.974650681 65.032257080 -0.017723257 0.996329784 -0.083742850 -4.350070000 -0.978241742 0.000036498 0.207468346 60.308662415
0.207372040 0.083250090 0.974713385 65.690383911 -0.017737545 0.996528506 -0.081339642 -4.405430317 -0.978101254 -0.000421458 0.208128825 60.451858521
0.207505405 0.081814706 0.974806607 66.340065002 -0.016172858 0.996647179 -0.080205098 -4.455845833 -0.978100181 0.000877583 0.208132848 60.589061737
0.205450326 0.081024781 0.975307763 66.968292236 -0.016532682 0.996712089 -0.079320341 -4.507890224 -0.978527904 0.000171937 0.206114382 60.732952118
0.203949571 0.081598409 0.975574911 67.585502625 -0.018643321 0.996663272 -0.079464801 -4.572891235 -0.978803813 -0.001981146 0.204790324 60.863170624
0.201962084 0.084583245 0.975734055 68.196754456 -0.019094028 0.996414423 -0.082423784 -4.620260239 -0.979207158 -0.001984213 0.202852979 60.991077423
0.199637160 0.088365525 0.975877225 68.793861389 -0.017049205 0.996087849 -0.086707793 -4.670836926 -0.979721546 0.000672166 0.200362712 61.113967896
0.198091716 0.088982627 0.976136148 69.400978088 -0.014770710 0.996028721 -0.087798506 -4.719928265 -0.980072200 0.002973933 0.198619410 61.238758087
0.195946142 0.088210374 0.976639092 69.985603333 -0.015817869 0.996100664 -0.086794540 -4.765586376 -0.980487108 0.001558706 0.196577340 61.353588104
0.193484470 0.085121252 0.977403700 70.574630737 -0.015811507 0.996370435 -0.083643034 -4.815623283 -0.980975866 0.000729403 0.194128081 61.476799011
0.191417441 0.080917507 0.978167474 71.152740479 -0.015199409 0.996720791 -0.079477929 -4.869067192 -0.981390953 0.000345895 0.192019641 61.592819214
0.189960837 0.080138721 0.978515565 71.708015442 -0.011627358 0.996776938 -0.079377063 -4.915285587 -0.981722832 0.003700984 0.190280393 61.687179565
0.187752083 0.081744954 0.978808939 72.267250061 -0.008454307 0.996628284 -0.081611462 -4.960030556 -0.982180059 0.007047569 0.187810138 61.800590515
0.185325041 0.083846420 0.979093671 72.816665649 -0.004159149 0.996411145 -0.084542170 -5.000597477 -0.982668400 0.011595586 0.185008675 61.901489258
0.183658674 0.085708275 0.979246378 73.359832764 -0.004843465 0.996258318 -0.086288840 -5.043304920 -0.982978165 0.011104748 0.183386594 62.000511169
0.182355747 0.088221811 0.979266703 73.902389526 -0.005470566 0.996042013 -0.088714398 -5.089482307 -0.983217359 0.010820435 0.182116598 62.101333618
0.181151867 0.086599313 0.979634941 74.444190979 -0.003597938 0.996167123 -0.087395445 -5.136334896 -0.983448565 0.012307181 0.180769131 62.202812195
0.182101846 0.085151717 0.979585707 74.991302490 0.002599551 0.996197939 -0.087079011 -5.176365852 -0.983276248 0.018403731 0.181188166 62.291305542
0.184094027 0.083342008 0.979368985 75.546501160 0.007520719 0.996250033 -0.086192250 -5.217249393 -0.982879877 0.023233036 0.182776928 62.393245697
0.186283886 0.082627669 0.979015350 76.105743408 0.010482089 0.996233463 -0.086075358 -5.262291431 -0.982440054 0.026296580 0.184716150 62.499252319
0.189347982 0.082719088 0.978419662 76.661293030 0.007338716 0.996298194 -0.085650824 -5.307980061 -0.981882632 0.023398155 0.188040003 62.621299744
0.195017502 0.083357595 0.977251112 77.236808777 0.006019308 0.996261418 -0.086180322 -5.356086254 -0.980781317 0.022689046 0.193786666 62.744285583
0.201725230 0.081899077 0.976012170 77.780799866 0.007588354 0.996337295 -0.085173018 -5.401269913 -0.979412735 0.024587866 0.200364918 62.847126007
0.209211797 0.082656965 0.974370658 78.345939636 0.005666003 0.996301889 -0.085734002 -5.437908649 -0.977853954 0.023457348 0.207969785 62.977909088
0.217520371 0.080218583 0.972753763 78.914169312 0.005735541 0.996494770 -0.083458953 -5.489291668 -0.976038873 0.023733286 0.216297805 63.112979889
0.226533487 0.079800755 0.970728815 79.494583130 0.002479499 0.996587574 -0.082505152 -5.536960602 -0.974000216 0.021097101 0.225562587 63.260494232
0.235984743 0.079723030 0.968481004 80.080841064 0.001272842 0.996602774 -0.082348093 -5.579941273 -0.971755922 0.020665612 0.235081598 63.418231964
0.245805904 0.083264135 0.965736270 80.675636292 -0.004418867 0.996389747 -0.084782295 -5.634737015 -0.969308972 0.016572526 0.245286375 63.579410553
0.255283237 0.085088320 0.963114977 81.262466431 -0.007008353 0.996256769 -0.086158670 -5.673990726 -0.966840863 0.015245015 0.254923970 63.745689392
0.265641600 0.088727377 0.959980190 81.847640991 -0.011663176 0.995978713 -0.088827215 -5.706462383 -0.964001298 0.012399782 0.265608221 63.926284790
0.275616437 0.090531252 0.956995130 82.459152222 -0.013083005 0.995816350 -0.090435795 -5.758837700 -0.961178660 0.012405220 0.275647759 64.116798401
0.285564899 0.091196537 0.954010427 83.086402893 -0.015825342 0.995775163 -0.090451933 -5.808616638 -0.958228648 0.010732356 0.285801619 64.315986633
0.295669198 0.091908835 0.950858772 83.719619751 -0.017527651 0.995715499 -0.090794399 -5.864912033 -0.955129504 0.010178789 0.296013296 64.528800964
0.306013733 0.093208626 0.947453260 84.349395752 -0.021921275 0.995621741 -0.090867065 -5.904506683 -0.951774657 0.007037191 0.306717157 64.739051819
0.316645384 0.088606484 0.944396436 85.012413025 -0.021147542 0.996039450 -0.086361267 -5.950330734 -0.948308229 0.007374236 0.317265034 64.968696594
0.327520937 0.081049234 0.941361308 85.672119141 -0.017816257 0.996666789 -0.079612218 -6.010440826 -0.944675922 0.009303136 0.327873170 65.194053650
0.338311911 0.076778233 0.937896669 86.337051392 -0.016153404 0.996992946 -0.075789236 -6.060110092 -0.940895379 0.010490177 0.338534862 65.448425293
0.348518491 0.073694557 0.934400320 87.017768860 -0.017182896 0.997239053 -0.072241567 -6.109495163 -0.937144458 0.009121818 0.348822564 65.712570190
0.357804477 0.071455464 0.931058586 87.701133728 -0.010956916 0.997320473 -0.072330110 -6.149945259 -0.933732271 0.015678508 0.357628703 65.979843140
0.366549194 0.065945119 0.928058684 88.409324646 -0.004076076 0.997589171 -0.069275849 -6.189233303 -0.930389762 0.021610169 0.365934312 66.254417419
0.373560876 0.056775313 0.925866544 89.129287720 0.005535740 0.997970939 -0.063430361 -6.230085850 -0.927589178 0.028820459 0.372488618 66.534774780
0.380250990 0.052528266 0.923390508 89.829452515 0.010107453 0.998090267 -0.060939889 -6.277032852 -0.924828112 0.032505579 0.378993899 66.830329895
0.388142735 0.051894825 0.920137167 90.561492920 0.012865132 0.998010993 -0.061713763 -6.327739716 -0.921509445 0.035791431 0.386703104 67.128982544
0.395258188 0.058440488 0.916709244 91.268928528 0.015041121 0.997428536 -0.070071667 -6.366189003 -0.918446898 0.041484732 0.393362790 67.440391541
0.402464777 0.062945001 0.913268924 91.983901978 0.018540615 0.996868134 -0.076877482 -6.413340569 -0.915247679 0.047873046 0.400037289 67.754127502
0.407992631 0.064947158 0.910672247 92.694679260 0.016799139 0.996763647 -0.078613237 -6.464219093 -0.912830651 0.047372129 0.405581087 68.068588257
0.412313968 0.066657327 0.908600092 93.395866394 0.009536944 0.996949255 -0.077466644 -6.522849560 -0.910991848 0.040605851 0.410420388 68.405929565
0.415846109 0.070470095 0.906700671 94.070549011 0.002606320 0.996896863 -0.078675628 -6.579242706 -0.909431279 0.035080105 0.414371967 68.737091064
0.419755280 0.073483974 0.904657781 94.751480103 0.001883837 0.996644437 -0.081830010 -6.640974522 -0.907635391 0.036052804 0.418208390 69.070869446
0.424019963 0.077710547 0.902312636 95.439865112 -0.001402839 0.996367037 -0.085151628 -6.700131893 -0.905651748 0.034840189 0.422588527 69.391899109
0.427726805 0.080631673 0.900304496 96.112274170 -0.004410057 0.996187747 -0.087123834 -6.761530399 -0.903897285 0.033294801 0.426451772 69.716888428
0.431602091 0.079153739 0.898584545 96.768409729 -0.005788783 0.996365309 -0.084986538 -6.820014954 -0.902045488 0.031478658 0.430491567 70.039108276
0.435474098 0.076008834 0.896986604 97.415565491 -0.005051729 0.996619642 -0.081998982 -6.886370659 -0.900187075 0.031177105 0.434385985 70.362861633
0.439110190 0.072962552 0.895465672 98.054138184 -0.004677734 0.996869147 -0.078931078 -6.940195084 -0.898421049 0.030470690 0.438076645 70.672103882
0.442638606 0.072039351 0.893801630 98.686965942 -0.005709357 0.996973813 -0.077527463 -6.997406960 -0.896681845 0.029213615 0.441710383 71.000846863
0.446423799 0.073861405 0.891768038 99.315956116 -0.007625964 0.996865273 -0.078748576 -7.048012257 -0.894789100 0.028354647 0.445587665 71.316703796
0.448657721 0.074457332 0.890596688 99.908088684 -0.007356316 0.996797264 -0.079630218 -7.105826378 -0.893673360 0.029175201 0.447768539 71.621467590
0.450792402 0.072499648 0.889679670 100.517295837 -0.005025203 0.996886551 -0.078689665 -7.158709049 -0.892614603 0.031001881 0.449753165 71.933685303
0.452575594 0.071690060 0.888839543 101.116310120 -0.003128563 0.996884584 -0.078811519 -7.206977367 -0.891720533 0.032887377 0.451389939 72.239738464
0.454591781 0.071120091 0.887856007 101.707321167 -0.003744585 0.996950865 -0.077941671 -7.255725384 -0.890692055 0.032106996 0.453471988 72.548011780
0.456578791 0.070407070 0.886892676 102.285392761 -0.002182801 0.996949375 -0.078020327 -7.306289673 -0.889680326 0.033686519 0.455339611 72.848655701
0.459448725 0.072429985 0.885246217 102.849502563 -0.002990518 0.996790051 -0.080004297 -7.350353718 -0.888199329 0.034110527 0.458190531 73.135185242
0.462296307 0.072229311 0.883778811 103.405624390 0.000078350 0.996673584 -0.081496932 -7.404082298 -0.886725545 0.037744977 0.460752815 73.425743103
0.465163082 0.071873121 0.882302403 103.955970764 0.001661469 0.996625841 -0.082061939 -7.451214790 -0.885223508 0.039638102 0.463474065 73.721313477
0.467772216 0.069698311 0.881096721 104.497314453 0.004763027 0.996672571 -0.081369519 -7.509134769 -0.883836269 0.042259075 0.465883762 74.032310486
0.471282125 0.068965457 0.879282057 105.006256104 0.005514165 0.996688247 -0.081129581 -7.553644657 -0.881965280 0.043083426 0.469341099 74.282119751
0.474717587 0.068535045 0.877465785 105.528411865 0.006893774 0.996643543 -0.081573106 -7.597436428 -0.880111158 0.044773243 0.472651780 74.563224792
0.478258818 0.068048045 0.875578642 106.044532776 0.007237568 0.996654272 -0.081411086 -7.644685745 -0.878189087 0.045272630 0.476166189 74.848312378
0.481375068 0.067055985 0.873945951 106.551071167 0.009121857 0.996632218 -0.081493787 -7.692227840 -0.876467228 0.047201090 0.479142219 75.135467529
0.485304147 0.068121411 0.871687651 107.052429199 0.008563612 0.996542275 -0.082646355 -7.741044998 -0.874303520 0.047573414 0.483042657 75.413337708
0.488632619 0.068960138 0.869760096 107.543601990 0.010210925 0.996351302 -0.084733613 -7.784993172 -0.872429848 0.050284665 0.486145616 75.711189270
0.494460613 0.072095051 0.866204917 108.042129517 0.008225319 0.996121466 -0.087603435 -7.831640244 -0.869161069 0.050441265 0.491949856 75.986007690
0.500125706 0.077683538 0.862461329 108.527145386 0.004947287 0.995695472 -0.092553027 -7.879408836 -0.865938723 0.050554994 0.497588575 76.273429871
0.505741537 0.085138470 0.858473599 109.011360168 -0.000417237 0.995142281 -0.098446675 -7.926938057 -0.862684965 0.049430382 0.503320336 76.577453613
0.511351645 0.091041200 0.854535520 109.488555908 -0.005624317 0.994705856 -0.102609187 -7.983739853 -0.859353125 0.047663212 0.509156585 76.884658813
0.517864585 0.095483050 0.850117147 109.961402893 -0.009125013 0.994311452 -0.106119923 -8.036739349 -0.855413854 0.047198422 0.515790045 77.183555603
0.523491681 0.095680349 0.846641421 110.451080322 -0.013324830 0.994472563 -0.104148038 -8.089798927 -0.851926625 0.043239273 0.521873057 77.497154236
0.528963923 0.094890483 0.843322575 110.944320679 -0.020017385 0.994847715 -0.099384382 -8.144486427 -0.848408163 0.035689637 0.528138041 77.825500488
0.534652412 0.092630953 0.839980006 111.444618225 -0.026071694 0.995309234 -0.093165502 -8.195407867 -0.844669878 0.027911451 0.534559548 78.166175842
0.540374279 0.091015771 0.836487710 111.946655273 -0.032974061 0.995659530 -0.087033428 -8.250444412 -0.840778410 0.019448234 0.541029990 78.505767822
0.546468854 0.088897966 0.832747817 112.457328796 -0.035402115 0.995913506 -0.083084613 -8.300366402 -0.836730838 0.015922116 0.547382891 78.856231689
0.552826524 0.092387103 0.828159094 112.969665527 -0.040133037 0.995633602 -0.084279828 -8.343955040 -0.832329392 0.013355589 0.554120481 79.215881348
0.558759034 0.096674785 0.823676050 113.486427307 -0.044607837 0.995248139 -0.086551473 -8.393630028 -0.828129411 0.011619020 0.560416460 79.588516235
0.564928353 0.100099899 0.819045782 114.014396667 -0.047245737 0.994909883 -0.089005925 -8.436382294 -0.823786318 0.011585552 0.566782057 79.965240479
0.571204484 0.102202594 0.814419985 114.541740417 -0.049630929 0.994702756 -0.090017185 -8.486515999 -0.819305897 0.010997811 0.573251128 80.352813721
