1.000000000 0.000000000 0.000000000 0.000000000 0.000000000 1.000000000 0.000000000 0.000000000 0.000000000 0.000000000 1.000000000 0.000000000
1.000000000 -0.000064613 0.000122286 -0.014788317 0.000064436 0.999998927 0.001444909 -0.012695045 -0.000122379 -0.001444901 0.999998927 1.315555692
0.999998510 -0.001595282 -0.000664278 -0.009808197 0.001596458 0.999997139 0.001773953 -0.039839473 0.000661446 -0.001775010 0.999998212 2.619832277
0.999995887 -0.002768121 -0.000661216 -0.014438528 0.002768611 0.999995887 0.000741776 -0.055447038 0.000659160 -0.000743604 0.999999523 3.933097601
0.999995351 -0.002977992 -0.000546202 -0.023442293 0.002978423 0.999995232 0.000789368 -0.073432297 0.000543849 -0.000790991 0.999999583 5.254847527
0.999992907 -0.003705772 -0.000632723 -0.023486471 0.003706964 0.999991357 0.001892586 -0.101163790 0.000625704 -0.001894919 0.999998033 6.577466488
0.999986053 -0.005254060 -0.000445920 -0.028940447 0.005255352 0.999981880 0.002945171 -0.116044916 0.000430438 -0.002947473 0.999995589 7.900073528
0.999989092 -0.004636305 -0.000498882 -0.037274942 0.004638032 0.999983072 0.003517688 -0.135560244 0.000482565 -0.003519963 0.999993622 9.244000435
0.999993503 -0.003529601 -0.000725711 -0.046399709 0.003530705 0.999992549 0.001526052 -0.150205389 0.000720320 -0.001528604 0.999998569 10.590809822
0.999998450 -0.001365780 -0.001070390 -0.049900696 0.001365534 0.999999046 -0.000230767 -0.178593993 0.001070704 0.000229305 0.999999404 11.929067612
0.999996960 0.002399499 -0.000561377 -0.072204903 -0.002400123 0.999996543 -0.001112906 -0.201483846 0.000558704 0.001114250 0.999999285 13.262358665
0.999989450 0.004574740 -0.000479792 -0.088896818 -0.004575352 0.999988735 -0.001282173 -0.220913410 0.000473921 0.001284355 0.999999046 14.602726936
0.999983728 0.005652526 -0.000738310 -0.088328145 -0.005652902 0.999983847 -0.000506784 -0.241159469 0.000735434 0.000510949 0.999999583 15.962772369
0.999994755 0.003241640 0.000120483 -0.105052136 -0.003241913 0.999992013 0.002339150 -0.264878154 -0.000112899 -0.002339528 0.999997258 17.313220978
0.999999583 -0.000898879 0.000225371 -0.108646311 0.000897929 0.999990880 0.004179638 -0.283180624 -0.000229126 -0.004179434 0.999991238 18.667591095
0.999994576 -0.003268799 -0.000058351 -0.112723619 0.003268899 0.999993026 0.001810563 -0.299426407 0.000052432 -0.001810745 0.999998391 20.012283325
0.999988317 -0.004833503 -0.000156626 -0.117116362 0.004833535 0.999988317 0.000209754 -0.327635080 0.000155610 -0.000210509 0.999999940 21.380271912
0.999997199 -0.002088323 0.001089991 -0.140447930 0.002089867 0.999996841 -0.001417952 -0.344965905 -0.001087026 0.001420226 0.999998391 22.727066040
0.999999166 0.000406332 0.001299964 -0.141648993 -0.000407037 0.999999762 0.000542065 -0.363972247 -0.001299743 -0.000542594 0.999998987 24.100107193
0.999997616 0.001168918 0.001859623 -0.150359243 -0.001177003 0.999989867 0.004352327 -0.385473192 -0.001854516 -0.004354505 0.999988735 25.463956833
0.999996901 -0.001441336 0.002042596 -0.144847214 0.001428375 0.999978960 0.006332904 -0.399339706 -0.002051680 -0.006329966 0.999977827 26.850625992
0.999978662 -0.006303472 0.001722774 -0.138486817 0.006295918 0.999970675 0.004355071 -0.417784125 -0.001750176 -0.004344130 0.999988973 28.249546051
0.999979317 -0.006209665 0.001699010 -0.140012994 0.006206166 0.999978602 0.002057268 -0.430258125 -0.001711749 -0.002046681 0.999996424 29.623636246
0.999974787 -0.006572893 0.002689513 -0.152713612 0.006574559 0.999978185 -0.000610508 -0.450590789 -0.002685441 0.000628175 0.999996185 30.987003326
0.999988794 -0.003452759 0.003253574 -0.162952065 0.003455989 0.999993563 -0.000987355 -0.477212548 -0.003250143 0.000998588 0.999994218 32.368015289
0.999989450 -0.002509179 0.003852423 -0.172937885 0.002522063 0.999991357 -0.003343035 -0.500497043 -0.003844000 0.003352716 0.999987006 33.730712891
0.999991417 -0.001951841 0.003661017 -0.165910333 0.001961657 0.999994516 -0.002679559 -0.524913251 -0.003655767 0.002686717 0.999989748 35.127952576
0.999991238 -0.000855781 0.004091843 -0.190115616 0.000863425 0.999997854 -0.001866683 -0.544392824 -0.004090237 0.001870200 0.999989867 36.515167236
0.999993742 0.000381853 0.003506113 -0.191849738 -0.000381189 0.999999940 -0.000190086 -0.568721175 -0.003506186 0.000188749 0.999993801 37.914981842
0.999988437 0.002956081 0.003792780 -0.200383350 -0.002958033 0.999995410 0.000509175 -0.599942386 -0.003791258 -0.000520388 0.999992669 39.317462921
0.999976873 0.005368977 0.004163500 -0.210854664 -0.005369246 0.999985516 0.000053682 -0.619960546 -0.004163152 -0.000076035 0.999991298 40.709724426
0.999964237 0.007498498 0.003915977 -0.213572323 -0.007499997 0.999971807 0.000368204 -0.639562249 -0.003913106 -0.000397561 0.999992192 42.132621765
0.999960124 0.008208488 0.003535116 -0.215540946 -0.008209558 0.999966323 0.000287999 -0.658065736 -0.003532633 -0.000317009 0.999993742 43.535507202
0.999965549 0.007617678 0.003278960 -0.226726145 -0.007618390 0.999970973 0.000204243 -0.682943285 -0.003277309 -0.000229216 0.999994576 44.939327240
0.999976635 0.006444720 0.002256950 -0.221791655 -0.006444748 0.999979258 0.000004703 -0.705984056 -0.002256873 -0.000019248 0.999997437 46.340229034
0.999982417 0.005751151 0.001388184 -0.231709629 -0.005751406 0.999983430 0.000179438 -0.727646053 -0.001387129 -0.000187419 0.999999046 47.750511169
0.999982119 0.005956738 0.000356331 -0.235460296 -0.005957097 0.999981761 0.001017993 -0.744357467 -0.000350261 -0.001020098 0.999999464 49.181251526
0.999980032 0.006241207 -0.000941961 -0.246641636 -0.006240568 0.999980330 0.000679976 -0.766195476 0.000946186 -0.000674084 0.999999344 50.596065521
0.999978840 0.006111550 -0.002196182 -0.258474171 -0.006108223 0.999980211 0.001518512 -0.793620348 0.002205419 -0.001505065 0.999996424 52.003005981
0.999977052 0.005728160 -0.003606426 -0.269410014 -0.005718148 0.999979854 0.002780304 -0.818051755 0.003622279 -0.002759618 0.999989688 53.422325134
0.999980152 0.004929160 -0.003916660 -0.282815754 -0.004916118 0.999982357 0.003332635 -0.836642265 0.003933018 -0.003313313 0.999986708 54.873794556
0.999983549 0.003057151 -0.004852233 -0.287731647 -0.003038347 0.999987900 0.003877919 -0.858770907 0.004864029 -0.003863112 0.999980688 56.320518494
0.999986708 0.000619445 -0.005096348 -0.305709332 -0.000604481 0.999995470 0.002937214 -0.874647200 0.005098144 -0.002934094 0.999982715 57.751628876
0.999984920 -0.001185104 -0.005366058 -0.316774786 0.001204672 0.999992609 0.003644871 -0.904079914 0.005361699 -0.003651281 0.999978900 59.152015686
0.999984324 -0.002594666 -0.004974891 -0.328127742 0.002615638 0.999987662 0.004213746 -0.920156300 0.004963897 -0.004226692 0.999978721 60.579433441
0.999982297 -0.003757905 -0.004616080 -0.341244429 0.003780643 0.999980628 0.004926909 -0.942615271 0.004597477 -0.004944274 0.999977171 62.000888824
0.999977887 -0.005362045 -0.003944832 -0.360003710 0.005381789 0.999972880 0.005011637 -0.966820896 0.003917853 -0.005032757 0.999979675 63.399265289
0.999970496 -0.006894368 -0.003364814 -0.367604256 0.006907332 0.999968708 0.003856794 -0.989285052 0.003338118 -0.003879923 0.999986887 64.798095703
0.999970436 -0.006976195 -0.003214716 -0.364328533 0.006987254 0.999969661 0.003441876 -1.006642699 0.003190607 -0.003464236 0.999988914 66.211723328
0.999983311 -0.005216312 -0.002481462 -0.378842860 0.005224615 0.999980748 0.003352117 -1.031963229 0.002463928 -0.003365026 0.999991238 67.613807678
0.999996066 -0.002236462 -0.001698125 -0.399973571 0.002244351 0.999986768 0.004658198 -1.050604820 0.001687684 -0.004661992 0.999987721 69.012016296
0.999999225 0.000679773 -0.001021085 -0.415567130 -0.000673643 0.999981880 0.005991544 -1.071237803 0.001025139 -0.005990852 0.999981582 70.405418396
0.999986529 0.005183008 -0.000075882 -0.434531093 -0.005182400 0.999965131 0.006543430 -1.092215657 0.000109794 -0.006542949 0.999978602 71.774093628
0.999957502 0.009196077 0.000562111 -0.445847571 -0.009199354 0.999938905 0.006133923 -1.106255889 -0.000505669 -0.006138834 0.999981046 73.182075500
0.999918222 0.012696262 0.001536982 -0.476321816 -0.012704525 0.999904156 0.005491038 -1.128405213 -0.001467119 -0.005510115 0.999983668 74.546615601
0.999895096 0.014334152 0.002083774 -0.481541783 -0.014345262 0.999882340 0.005417940 -1.147052288 -0.002005867 -0.005447264 0.999983132 75.940765381
0.999893963 0.014376306 0.002309442 -0.488652229 -0.014389168 0.999880493 0.005652681 -1.160341620 -0.002227901 -0.005685314 0.999981284 77.348762512
0.999903023 0.013702129 0.002488327 -0.496326745 -0.013715258 0.999891698 0.005338230 -1.179552794 -0.002414912 -0.005371841 0.999982655 78.731056213
0.999925017 0.012021914 0.002302711 -0.501257658 -0.012031978 0.999917924 0.004407530 -1.197632909 -0.002249534 -0.004434906 0.999987662 80.113220215
0.999925792 0.012062541 0.001683441 -0.496951967 -0.012069697 0.999917805 0.004307500 -1.219658375 -0.001631343 -0.004327498 0.999989271 81.487144470
0.999930263 0.011719012 0.001457830 -0.503286600 -0.011725351 0.999921441 0.004418179 -1.236796379 -0.001405939 -0.004434965 0.999989152 82.875617981
0.999939322 0.010991044 0.000702747 -0.496362209 -0.010993765 0.999931574 0.003993173 -1.255788922 -0.000658810 -0.004000656 0.999991775 84.228828430
0.999934912 0.011405328 0.000200227 -0.514996350 -0.011406069 0.999926150 0.004199878 -1.268127799 -0.000152311 -0.004201889 0.999991179 85.594268799
0.999938488 0.011010481 -0.001300703 -0.508740366 -0.011004202 0.999928296 0.004739514 -1.287265539 0.001352794 -0.004724910 0.999987960 86.967071533
0.999959648 0.008712274 -0.002151402 -0.525446117 -0.008698850 0.999943137 0.006172075 -1.321500897 0.002205051 -0.006153112 0.999978662 88.352539062
0.999973357 0.006617789 -0.003063043 -0.547362447 -0.006596946 0.999955416 0.006765558 -1.333395958 0.003107679 -0.006745171 0.999972522 89.725540161
0.999983072 0.004059159 -0.004175207 -0.550025880 -0.004029870 0.999967396 0.006999653 -1.363674402 0.004203484 -0.006982708 0.999966800 91.101898193
0.999983490 0.003131640 -0.004824464 -0.561291456 -0.003101429 0.999975622 0.006257021 -1.377190232 0.004843941 -0.006241955 0.999968827 92.475143433
0.999987125 0.001874462 -0.004704625 -0.575552106 -0.001845507 0.999979377 0.006151610 -1.399105072 0.004716059 -0.006142848 0.999970019 93.809997559
0.999985039 0.002295709 -0.004961142 -0.589921415 -0.002269141 0.999983132 0.005354244 -1.411224842 0.004973350 -0.005342905 0.999973416 95.178779602
0.999985874 0.002250538 -0.004802447 -0.605129242 -0.002227497 0.999985933 0.004797781 -1.430650234 0.004813178 -0.004787016 0.999976933 96.547966003
0.999982476 0.002897877 -0.005151992 -0.616829515 -0.002874790 0.999985814 0.004483027 -1.454686284 0.005164910 -0.004468138 0.999976635 97.883491516
0.999978721 0.004468301 -0.004749443 -0.633482575 -0.004447775 0.999980748 0.004323428 -1.468113303 0.004768669 -0.004302212 0.999979377 99.234893799
0.999979317 0.004868627 -0.004212453 -0.653225482 -0.004843099 0.999969959 0.006049306 -1.488808274 0.004241778 -0.006028778 0.999972880 100.568321228
0.999972999 0.005808253 -0.004495289 -0.668921411 -0.005774972 0.999956071 0.007381665 -1.508010030 0.004537967 -0.007355506 0.999962628 101.919128418
0.999977648 0.005123527 -0.004293875 -0.682761312 -0.005097894 0.999969244 0.005959375 -1.521988869 0.004324276 -0.005937351 0.999972999 103.254562378
0.999977529 0.005192885 -0.004243268 -0.701292813 -0.005177456 0.999980092 0.003638791 -1.541675925 0.004262080 -0.003616740 0.999984384 104.560661316
0.999980330 0.004280556 -0.004586617 -0.709771037 -0.004270338 0.999988437 0.002235132 -1.555630803 0.004596131 -0.002215502 0.999986947 105.913261414
0.999989152 0.001833252 -0.004268094 -0.726407349 -0.001816289 0.999990463 0.003975058 -1.584568858 0.004275341 -0.003967264 0.999983013 107.218223572
0.999992132 -0.000613348 -0.003906439 -0.736262500 0.000635656 0.999983490 0.005711855 -1.598193884 0.003902870 -0.005714294 0.999976099 108.558082581
0.999994576 -0.001661051 -0.002826272 -0.744394481 0.001678495 0.999979496 0.006180796 -1.613573194 0.002815947 -0.006185507 0.999976933 109.881416321
0.999993563 -0.002778130 -0.002251308 -0.749976575 0.002789406 0.999983490 0.005021208 -1.631844282 0.002237321 -0.005027455 0.999984920 111.203170776
0.999998927 -0.000549643 -0.001303822 -0.768578947 0.000553036 0.999996424 0.002603727 -1.653166652 0.001302386 -0.002604446 0.999995768 112.531715393
0.999998927 0.001426516 0.000107170 -0.782768548 -0.001426568 0.999998868 0.000493196 -1.672398329 -0.000106467 -0.000493348 0.999999881 113.867134094
0.999986649 0.004974953 0.001366265 -0.796342075 -0.004975571 0.999987483 0.000449843 -1.694443941 -0.001364010 -0.000456635 0.999998987 115.162734985
0.999974012 0.006630369 0.002835909 -0.806363165 -0.006636134 0.999975979 0.002028740 -1.709726095 -0.002822390 -0.002047507 0.999993920 116.507545471
0.999974191 0.006029266 0.003930736 -0.810188890 -0.006047134 0.999971390 0.004549706 -1.735319495 -0.003903193 -0.004573358 0.999981940 117.840080261
0.999973774 0.005451725 0.004759475 -0.810560346 -0.005475213 0.999972880 0.004936146 -1.749746561 -0.004732436 -0.004962075 0.999976575 119.176246643
0.999963284 0.006277875 0.005831995 -0.812589645 -0.006303018 0.999970794 0.004302974 -1.764246106 -0.005804811 -0.004339574 0.999973714 120.513168335
0.999944031 0.007855299 0.007082294 -0.809433341 -0.007883228 0.999961197 0.003924159 -1.781560183 -0.007051194 -0.003979770 0.999967217 121.859825134
0.999911427 0.010395475 0.008309756 -0.817483187 -0.010425000 0.999939442 0.003517668 -1.800112844 -0.008272685 -0.003603986 0.999959230 123.191635132
0.999895811 0.010965193 0.009385604 -0.815385282 -0.010987272 0.999936938 0.002304006 -1.814085007 -0.009359748 -0.002406888 0.999953270 124.537918091
0.999873281 0.012104415 0.010336766 -0.809679687 -0.012124171 0.999924779 0.001850806 -1.844087243 -0.010313585 -0.001975897 0.999944866 125.865417480
0.999874473 0.011025061 0.011378221 -0.804606855 -0.011043787 0.999937773 0.001584272 -1.860542059 -0.011360046 -0.001709732 0.999934018 127.209732056
0.999866664 0.010779602 0.012264350 -0.798655510 -0.010816039 0.999937296 0.002908421 -1.884453297 -0.012232230 -0.003040685 0.999920547 128.541748047
0.999874115 0.009156583 0.012955907 -0.785309076 -0.009202895 0.999951541 0.003519390 -1.901245117 -0.012923053 -0.003638179 0.999909818 129.874526978
0.999863684 0.009291507 0.013655885 -0.784635127 -0.009345165 0.999948859 0.003870836 -1.918603659 -0.013619223 -0.003997925 0.999899268 131.233154297
0.999883294 0.007081180 0.013541549 -0.769236445 -0.007134613 0.999966979 0.003901649 -1.932525873 -0.013513473 -0.003997807 0.999900699 132.585159302
0.999894142 0.005350618 0.013529330 -0.759538770 -0.005414261 0.999974430 0.004671850 -1.954600692 -0.013503986 -0.004744607 0.999897480 133.946105957
0.999910772 0.003824058 0.012803998 -0.746034741 -0.003879110 0.999983370 0.004277524 -1.970343351 -0.012787428 -0.004326810 0.999908924 135.299118042
0.999925017 0.002545579 0.011980365 -0.745091677 -0.002599252 0.999986649 0.004466616 -1.988915086 -0.011968834 -0.004497421 0.999918222 136.624511719
0.999942183 0.000955944 0.010708473 -0.727540493 -0.001012011 0.999985814 0.005231537 -2.006925583 -0.010703319 -0.005242072 0.999928892 137.995513916
0.999952137 -0.000265815 0.009782746 -0.723412871 0.000215507 0.999986768 0.005143204 -2.020611048 -0.009783984 -0.005140848 0.999938905 139.337448120
0.999966860 -0.000592749 0.008120664 -0.711893916 0.000549593 0.999985695 0.005315610 -2.041991234 -0.008123701 -0.005310970 0.999952912 140.674774170
0.999974549 -0.001313651 0.007021333 -0.708163202 0.001280020 0.999987662 0.004792172 -2.059321880 -0.007027542 -0.004783062 0.999963880 142.019653320
0.999980807 -0.000917545 0.006127674 -0.713214278 0.000889558 0.999989152 0.004568441 -2.080676317 -0.006131798 -0.004562902 0.999970794 143.348693848
0.999979973 -0.003455211 0.005298061 -0.717168450 0.003443640 0.999991655 0.002191582 -2.098141909 -0.005305589 -0.002173293 0.999983549 144.681091309
0.999949157 -0.009190212 0.004153226 -0.705037534 0.009183394 0.999956429 0.001657850 -2.115344524 -0.004168281 -0.001619625 0.999989986 146.059204102
0.999864280 -0.016034847 0.003790458 -0.708836734 0.016019912 0.999863863 0.003937661 -2.130492210 -0.003853082 -0.003876403 0.999985039 147.403091431
0.999733686 -0.023000356 0.001857704 -0.699558914 0.022990188 0.999721467 0.005320960 -2.151102543 -0.001979571 -0.005276835 0.999984145 148.763580322
0.999645233 -0.026629029 0.000603626 -0.685072482 0.026627827 0.999643505 0.001913551 -2.166314363 -0.000654367 -0.001896799 0.999998033 150.121292114
0.999676168 -0.025416179 0.001257490 -0.692031801 0.025417693 0.999676168 -0.001203608 -2.190993547 -0.001226492 0.001235181 0.999998510 151.492416382
0.999757528 -0.021907574 0.002257410 -0.704493821 0.021914579 0.999754906 -0.003125189 -2.217784166 -0.002188391 0.003173901 0.999992549 152.822052002
0.999755681 -0.021858050 0.003291203 -0.710223317 0.021868594 0.999755681 -0.003201758 -2.245031118 -0.003220415 0.003272950 0.999989450 154.169265747
0.999683142 -0.024884008 0.003791863 -0.713093936 0.024883363 0.999690294 0.000217590 -2.269793034 -0.003796104 -0.000123167 0.999992788 155.502304077
0.999516308 -0.030800581 0.004290951 -0.699473441 0.030787250 0.999521017 0.003139402 -2.294644833 -0.004385591 -0.003005777 0.999985814 156.876800537
0.999391794 -0.034613628 0.004239337 -0.694136381 0.034593549 0.999390364 0.004720662 -2.312721968 -0.004400151 -0.004571137 0.999979794 158.209991455
0.999347091 -0.035864364 0.004373491 -0.688635826 0.035845492 0.999347925 0.004320315 -2.329012632 -0.004525585 -0.004160724 0.999981105 159.567306519
0.999401808 -0.034147888 0.005466431 -0.691884756 0.034119524 0.999404192 0.005199744 -2.347333670 -0.005640734 -0.005010121 0.999971569 160.908645630
0.999524415 -0.030189488 0.006281423 -0.681410551 0.030163072 0.999535859 0.004258788 -2.365597486 -0.006407079 -0.004067295 0.999971211 162.278808594
0.999624372 -0.026253683 0.007855698 -0.702506840 0.026239071 0.999653697 0.001958062 -2.380751848 -0.007904382 -0.001751201 0.999967158 163.615478516
0.999689341 -0.023338286 0.008743095 -0.696844518 0.023327434 0.999727011 0.001341106 -2.399082899 -0.008772006 -0.001136735 0.999960840 164.969635010
0.999737144 -0.021120477 0.008911153 -0.693018973 0.021100376 0.999774635 0.002344065 -2.419307709 -0.008958650 -0.002155420 0.999957561 166.325424194
0.999775827 -0.019614166 0.007957255 -0.676352680 0.019598162 0.999805868 0.002084344 -2.443464518 -0.007996591 -0.001927930 0.999966204 167.698379517
0.999826252 -0.016726878 0.008225681 -0.677974820 0.016735217 0.999859512 -0.000945581 -2.455055952 -0.008208709 0.001083075 0.999965668 169.059890747
0.999895334 -0.012273692 0.007660998 -0.677784622 0.012302062 0.999917567 -0.003666842 -2.477240324 -0.007615361 0.003760704 0.999963939 170.412155151
0.999943674 -0.007524221 0.007482777 -0.677946091 0.007560533 0.999959707 -0.004836523 -2.506673813 -0.007446085 0.004892826 0.999960244 171.781738281
0.999964893 -0.003077914 0.007788897 -0.681339562 0.003105761 0.999988794 -0.003565549 -2.533277512 -0.007777836 0.003589614 0.999963284 173.151382446
0.999963999 0.000055052 0.008479826 -0.688124359 -0.000038779 0.999998152 -0.001919178 -2.556760788 -0.008479916 0.001918780 0.999962211 174.511718750
0.999963284 0.001427815 0.008446238 -0.685028195 -0.001429809 0.999998927 0.000230029 -2.577771187 -0.008445901 -0.000242097 0.999964297 175.888748169
0.999968648 -0.001882385 0.007691938 -0.681306362 0.001873808 0.999997556 0.001122104 -2.598832607 -0.007694033 -0.001107655 0.999969721 177.266799927
0.999976397 -0.003584174 0.005858440 -0.677508414 0.003578548 0.999993145 0.000970492 -2.615523338 -0.005861878 -0.000949505 0.999982297 178.627349854
0.999985218 -0.003617451 0.004058103 -0.679458201 0.003630763 0.999988019 -0.003277616 -2.640415907 -0.004046198 0.003292301 0.999986351 180.027633667
0.999993801 -0.002775050 0.002178254 -0.672915280 0.002790684 0.999970138 -0.007207457 -2.670425415 -0.002158187 0.007213491 0.999971569 181.432189941
0.999996126 0.002261064 0.001583050 -0.688245654 -0.002248476 0.999966204 -0.007909107 -2.698527336 -0.001600879 0.007905520 0.999967456 182.830230713
0.999982178 0.005826488 0.001399302 -0.697238028 -0.005816417 0.999957860 -0.007096169 -2.729692936 -0.001440589 0.007087903 0.999973834 184.221496582
0.999965131 0.008121608 0.001912364 -0.714943528 -0.008114555 0.999960363 -0.003667001 -2.761988640 -0.001942070 0.003651355 0.999991477 185.597137451
0.999960363 0.008629714 0.002191385 -0.720106244 -0.008626654 0.999961793 -0.001403100 -2.789512634 -0.002203409 0.001384140 0.999996603 186.981109619
0.999965608 0.007967354 0.002331900 -0.725109994 -0.007965931 0.999968112 -0.000618566 -2.805823326 -0.002336753 0.000599969 0.999997020 188.395111084
0.999975145 0.006589653 0.002484400 -0.732993424 -0.006589184 0.999978244 -0.000197207 -2.828708410 -0.002485645 0.000180832 0.999996841 189.827713013
0.999988914 0.003895423 0.002622846 -0.736736357 -0.003896672 0.999992251 0.000470838 -2.854168415 -0.002620991 -0.000481053 0.999996424 191.265930176
0.999995470 0.000797149 0.002898513 -0.730897069 -0.000799073 0.999999464 0.000662628 -2.880027533 -0.002897983 -0.000664941 0.999995589 192.693817139
0.999991000 -0.002369400 0.003483049 -0.731924295 0.002362834 0.999995410 0.001888220 -2.903610706 -0.003487506 -0.001879974 0.999992192 194.120407104
0.999968767 -0.006861020 0.003930023 -0.733526528 0.006847351 0.999970496 0.003481075 -2.923478365 -0.003953790 -0.003454056 0.999986231 195.566711426
0.999940932 -0.010123819 0.003954716 -0.719835520 0.010107956 0.999940872 0.004010866 -2.947689056 -0.003995087 -0.003970655 0.999984086 196.998794556
0.999961674 -0.007291703 0.004849280 -0.735213578 0.007297056 0.999972701 -0.001087118 -2.964252472 -0.004841222 0.001122462 0.999987662 198.459808350
0.999987245 0.000281644 0.005040912 -0.740323424 -0.000250392 0.999980688 -0.006199197 -2.985571861 -0.005042561 0.006197856 0.999968112 199.884124756
0.999937356 0.009143656 0.006442268 -0.758662760 -0.009102967 0.999938607 -0.006317205 -3.014254093 -0.006499636 0.006258166 0.999959290 201.322891235
0.999828339 0.016950015 0.007475032 -0.771822095 -0.016930444 0.999853134 -0.002673413 -3.040165663 -0.007519248 0.002546400 0.999968469 202.754089355
0.999800563 0.018024305 0.008593122 -0.781487942 -0.018023392 0.999837577 -0.000183394 -3.071878433 -0.008595028 0.000028481 0.999963045 204.171569824
0.999841213 0.015934067 0.007967844 -0.774578869 -0.015936866 0.999872923 0.000288377 -3.092649698 -0.007962236 -0.000415314 0.999968231 205.613876343
0.999892712 0.012782892 0.007154413 -0.772753656 -0.012783923 0.999918222 0.000098291 -3.114355087 -0.007152572 -0.000189742 0.999974430 207.055862427
0.999914467 0.011264347 0.006649322 -0.776198864 -0.011261325 0.999936461 -0.000491782 -3.133914471 -0.006654439 0.000416859 0.999977827 208.509536743
0.999922216 0.011231729 0.005435019 -0.750462115 -0.011226717 0.999936461 -0.000951935 -3.160768986 -0.005445365 0.000890843 0.999984801 210.010696411
0.999898374 0.013162805 0.005462450 -0.761871815 -0.013157980 0.999913156 -0.000918069 -3.186073542 -0.005474059 0.000846100 0.999984682 211.453628540
0.999889970 0.013693247 0.005705096 -0.764467180 -0.013694094 0.999906301 0.000109527 -3.214099884 -0.005703060 -0.000187641 0.999983788 212.913009644
0.999891281 0.013733562 0.005371599 -0.764840066 -0.013731900 0.999905646 -0.000346238 -3.236751795 -0.005375848 0.000272438 0.999985516 214.395004272
0.999899983 0.013250303 0.004942079 -0.762024462 -0.013243236 0.999911249 -0.001460010 -3.264815569 -0.004960985 0.001394415 0.999986708 215.870010376
0.999906778 0.012771883 0.004822609 -0.766761303 -0.012762235 0.999916434 -0.002025750 -3.281344652 -0.004848079 0.001964014 0.999986291 217.342269897
0.999902546 0.013173640 0.004623589 -0.771920800 -0.013164175 0.999911189 -0.002071697 -3.306951523 -0.004650471 0.002010630 0.999987185 218.817337036
0.999898851 0.013482439 0.004518666 -0.777906299 -0.013472226 0.999906659 -0.002283381 -3.333284616 -0.004549029 0.002222274 0.999987185 220.298492432
0.999899149 0.013612999 0.004057293 -0.780195236 -0.013602849 0.999904394 -0.002518777 -3.360108614 -0.004091193 0.002463332 0.999988675 221.782196045
0.999892235 0.014225540 0.003628673 -0.781947553 -0.014216461 0.999895751 -0.002515407 -3.392540932 -0.003664078 0.002463549 0.999990225 223.265655518
0.999897063 0.013906617 0.003541571 -0.788977921 -0.013897265 0.999899864 -0.002651321 -3.419363022 -0.003578087 0.002601830 0.999990165 224.743423462
0.999889851 0.014463595 0.003322152 -0.796609342 -0.014455021 0.999892116 -0.002590880 -3.447027206 -0.003359267 0.002542573 0.999991119 226.246093750
0.999902368 0.013432899 0.003845537 -0.809527099 -0.013422424 0.999906182 -0.002736856 -3.476755619 -0.003881940 0.002684973 0.999988794 227.715072632
0.999921262 0.012115943 0.003260441 -0.802222133 -0.012106544 0.999922514 -0.002886107 -3.503208399 -0.003295156 0.002846407 0.999990523 229.241012573
0.999937594 0.010668037 0.003323755 -0.805163920 -0.010660782 0.999940872 -0.002191919 -3.537955284 -0.003346942 0.002156349 0.999992073 230.737579346
0.999949932 0.009284096 0.003727116 -0.805683613 -0.009278018 0.999955595 -0.001644582 -3.560424566 -0.003742220 0.001609920 0.999991715 232.256378174
0.999949813 0.009378137 0.003526435 -0.804974616 -0.009373481 0.999955118 -0.001334223 -3.587079763 -0.003538789 0.001301101 0.999992907 233.762329102
0.999940753 0.010092001 0.004084337 -0.817235351 -0.010084211 0.999947250 -0.001923665 -3.616345882 -0.004103534 0.001882364 0.999989808 235.270385742
0.999932408 0.010800680 0.004309234 -0.816828907 -0.010790610 0.999939024 -0.002353820 -3.646141768 -0.004334394 0.002307162 0.999987900 236.780670166
0.999911785 0.012345765 0.004900339 -0.821636140 -0.012337146 0.999922335 -0.001785219 -3.673552275 -0.004921998 0.001724605 0.999986410 238.284194946
0.999900699 0.012835539 0.005842636 -0.829677045 -0.012837509 0.999917507 0.000299623 -3.700016975 -0.005838308 -0.000374598 0.999982893 239.801177979
0.999895632 0.012854378 0.006608045 -0.831526577 -0.012858564 0.999917090 0.000591187 -3.722616434 -0.006599898 -0.000676095 0.999978065 241.312011719
0.999887824 0.013138078 0.007183171 -0.826363504 -0.013132772 0.999913394 -0.000785240 -3.749125242 -0.007192866 0.000690818 0.999973893 242.807754517
0.999884427 0.013301934 0.007358972 -0.815384090 -0.013286876 0.999909520 -0.002091130 -3.771731615 -0.007386122 0.001993110 0.999970734 244.326721191
0.999880791 0.013358981 0.007744211 -0.809664309 -0.013348246 0.999909818 -0.001436328 -3.805433989 -0.007762699 0.001332785 0.999969006 245.856933594
0.999886274 0.013204988 0.007282545 -0.794696033 -0.013201338 0.999912679 -0.000549033 -3.830509663 -0.007289160 0.000452831 0.999973357 247.401168823
0.999876022 0.013869999 0.007459440 -0.799685657 -0.013870337 0.999903798 -0.000006223 -3.858317614 -0.007458809 -0.000097243 0.999972165 248.925476074
0.999880254 0.013734654 0.007132255 -0.795629978 -0.013736195 0.999905527 0.000166924 -3.889310360 -0.007129289 -0.000264874 0.999974549 250.480712891
0.999857545 0.015107275 0.007537007 -0.793852210 -0.015108950 0.999885798 0.000165154 -3.909910440 -0.007533652 -0.000279006 0.999971628 252.027328491
0.999823511 0.016958075 0.008081498 -0.803298414 -0.016959207 0.999856114 0.000071098 -3.934006453 -0.008079130 -0.000208142 0.999967337 253.571334839
0.999819696 0.017180337 0.008086645 -0.796457350 -0.017183719 0.999852240 0.000348595 -3.957150698 -0.008079462 -0.000487491 0.999967217 255.121597290
0.999844313 0.015829856 0.007795178 -0.790761948 -0.015835581 0.999874353 0.000672967 -3.986763000 -0.007783546 -0.000796304 0.999969304 256.669067383
0.999868035 0.014382795 0.007550317 -0.781192541 -0.014392287 0.999895632 0.001204210 -4.007274628 -0.007532209 -0.001312717 0.999970734 258.200775146
0.999901712 0.011842169 0.007510327 -0.776878715 -0.011857351 0.999927700 0.001980294 -4.028796673 -0.007486335 -0.002069152 0.999969780 259.707946777
0.999914885 0.010069114 0.008294654 -0.798033118 -0.010081730 0.999948084 0.001480578 -4.054425716 -0.008279317 -0.001564076 0.999964416 261.222686768
0.999927223 0.009133515 0.007879969 -0.790263653 -0.009134158 0.999958277 0.000045632 -4.071550369 -0.007879224 -0.000117605 0.999968886 262.778045654
0.999943197 0.006846055 0.008160808 -0.778531611 -0.006866182 0.999973416 0.002440788 -4.106179714 -0.008143880 -0.002496683 0.999963641 264.340515137
0.999949515 0.004789005 0.008827182 -0.773490846 -0.004826606 0.999979317 0.004243360 -4.126953602 -0.008806678 -0.004285751 0.999952018 265.888458252
0.999956429 0.004219615 0.008316745 -0.758544743 -0.004243885 0.999986768 0.002902742 -4.139099598 -0.008304387 -0.002937911 0.999961138 267.477478027
0.999956191 0.003957356 0.008479556 -0.744143784 -0.003973606 0.999990284 0.001900282 -4.158020496 -0.008471955 -0.001933894 0.999962211 269.025421143
0.999949694 0.003915243 0.009234827 -0.736116529 -0.003932308 0.999990582 0.001830454 -4.185596943 -0.009227572 -0.001866676 0.999955595 270.575103760
0.999934614 0.005665695 0.009941672 -0.729883254 -0.005685857 0.999981880 0.002000886 -4.211901665 -0.009930155 -0.002057282 0.999948502 272.107421875
0.999911666 0.007203958 0.011166180 -0.734769404 -0.007220854 0.999972939 0.001473588 -4.231067657 -0.011155261 -0.001554088 0.999936581 273.625457764
0.999887526 0.008482818 0.012371883 -0.725798130 -0.008500895 0.999962866 0.001409140 -4.259331226 -0.012359470 -0.001514154 0.999922454 275.183868408
0.999878109 0.009459252 0.012421771 -0.697958350 -0.009468587 0.999954939 0.000692911 -4.277549744 -0.012414659 -0.000810443 0.999922633 276.728546143
0.999869525 0.009807747 0.012834744 -0.686199665 -0.009806895 0.999951899 -0.000129272 -4.302653313 -0.012835396 0.000003387 0.999917626 278.276672363
0.999866366 0.008575821 0.013922537 -0.674264193 -0.008573977 0.999963224 -0.000192168 -4.330564022 -0.013923674 0.000072771 0.999903083 279.832550049
0.999866843 0.008030343 0.014199683 -0.638573587 -0.008032011 0.999967754 0.000060464 -4.358906269 -0.014198739 -0.000174508 0.999899149 281.394744873
0.999867857 0.006766274 0.014780943 -0.622453928 -0.006780483 0.999976575 0.000911318 -4.380133629 -0.014774431 -0.001011420 0.999890268 282.965057373
0.999871492 0.005673611 0.014996065 -0.603809595 -0.005690037 0.999983251 0.001052937 -4.405645847 -0.014989841 -0.001138130 0.999886930 284.528961182
0.999872267 0.005429623 0.015027896 -0.588445306 -0.005411403 0.999984503 -0.001252766 -4.433062077 -0.015034464 0.001171284 0.999886274 286.117828369
0.999881387 0.004285344 0.014792445 -0.568673372 -0.004233065 0.999984682 -0.003563653 -4.460278511 -0.014807490 0.003500613 0.999884248 287.679443359
0.999897301 0.003966909 0.013769335 -0.548032820 -0.003920347 0.999986529 -0.003406909 -4.490664005 -0.013782666 0.003352579 0.999899387 289.241394043
0.999914527 0.002847977 0.012758142 -0.531447351 -0.002803225 0.999989867 -0.003524131 -4.517726898 -0.012768052 0.003488066 0.999912381 290.808776855
0.999930203 0.002539188 0.011546735 -0.522093117 -0.002491651 0.999988377 -0.004129427 -4.545967102 -0.011557087 0.004100368 0.999924779 292.349792480
0.999935091 0.002888853 0.011016001 -0.511262238 -0.002838921 0.999985635 -0.004545684 -4.575049877 -0.011028973 0.004514115 0.999929011 293.924468994
0.999946892 0.002771296 0.009921049 -0.490255594 -0.002732013 0.999988377 -0.003970955 -4.609106064 -0.009931937 0.003943640 0.999942899 295.489868164
0.999957263 0.002254650 0.008979320 -0.485234678 -0.002219708 0.999989867 -0.003899408 -4.639708042 -0.008988020 0.003879309 0.999952078 297.066162109
0.999969423 0.001748811 0.007637084 -0.474462211 -0.001731264 0.999995828 -0.002303693 -4.672958851 -0.007641083 0.002290401 0.999968171 298.622772217
0.999972463 0.003064988 0.006748831 -0.470441163 -0.003057144 0.999994636 -0.001172133 -4.696990967 -0.006752388 0.001151469 0.999976516 300.201904297
0.999965668 0.003297822 0.007591545 -0.466792941 -0.003289371 0.999993920 -0.001125478 -4.722176552 -0.007595211 0.001100468 0.999970555 301.799316406
0.999958992 0.003679785 0.008277583 -0.459402859 -0.003669659 0.999992430 -0.001238163 -4.750613689 -0.008282077 0.001207736 0.999964952 303.403717041
0.999959290 0.002282780 0.008730691 -0.457720667 -0.002269282 0.999996364 -0.001555655 -4.775310993 -0.008734210 0.001535779 0.999960661 304.979980469
0.999958992 0.000768872 0.009022836 -0.447731853 -0.000747282 0.999996841 -0.002395995 -4.806970596 -0.009024651 0.002389154 0.999956429 306.567047119
0.999955952 -0.000836953 0.009359478 -0.434074044 0.000878723 0.999989688 -0.004459640 -4.833898544 -0.009355647 0.004467666 0.999946237 308.160369873
0.999957621 -0.001296842 0.009112473 -0.426213056 0.001346031 0.999984562 -0.005393931 -4.866757870 -0.009105334 0.005405969 0.999943852 309.751953125
0.999976158 -0.000725914 0.006871445 -0.424550146 0.000770780 0.999978364 -0.006528958 -4.898909092 -0.006866556 0.006534098 0.999955058 311.363159180
0.999987721 0.000607583 0.004910164 -0.423061103 -0.000578999 0.999982834 -0.005820782 -4.931361675 -0.004913616 0.005817869 0.999971032 312.971801758
0.999990106 0.001458754 0.004200843 -0.420801222 -0.001447707 0.999995470 -0.002631436 -4.962183475 -0.004204663 0.002625328 0.999987721 314.600158691
0.999987543 0.000074050 0.004989521 -0.413465500 -0.000075918 0.999999940 0.000374288 -4.991157055 -0.004989493 -0.000374662 0.999987483 316.257141113
0.999990284 -0.001010867 0.004271735 -0.403495997 0.001005317 0.999998569 0.001301022 -5.017786503 -0.004273044 -0.001296715 0.999990046 317.878265381
0.999985099 -0.001407944 0.005266704 -0.409220427 0.001408458 0.999998987 -0.000093896 -5.039808273 -0.005266566 0.000101313 0.999986112 319.504394531
0.999979138 -0.003089271 0.005676068 -0.412181169 0.003088083 0.999995232 0.000218006 -5.065795422 -0.005676714 -0.000200473 0.999983847 321.117004395
0.999975741 -0.003022357 0.006276799 -0.423880607 0.003020520 0.999995351 0.000302065 -5.090122223 -0.006277683 -0.000283099 0.999980271 322.727630615
0.999971688 -0.003007964 0.006898399 -0.419881284 0.003006240 0.999995470 0.000260247 -5.116147041 -0.006899151 -0.000239501 0.999976158 324.356109619
0.999974966 -0.001777313 0.006854420 -0.412972361 0.001783151 0.999998093 -0.000845712 -5.140856266 -0.006852904 0.000857913 0.999976099 325.980590820
0.999968410 -0.000953850 0.007887775 -0.415325373 0.000962518 0.999998927 -0.001095278 -5.178761482 -0.007886721 0.001102836 0.999968231 327.589294434
0.999962986 -0.002609234 0.008202746 -0.403045833 0.002600476 0.999996066 0.001078169 -5.209794044 -0.008205526 -0.001056798 0.999965727 329.228057861
0.999957800 -0.003679653 0.008412314 -0.397632867 0.003663285 0.999991357 0.001960235 -5.239022732 -0.008419453 -0.001929336 0.999962687 330.819976807
0.999954998 -0.004770032 0.008203775 -0.386047006 0.004765675 0.999988496 0.000550417 -5.263363361 -0.008206304 -0.000511296 0.999966204 332.458465576
0.999960184 -0.003868813 0.008053819 -0.373402208 0.003863143 0.999992251 0.000719381 -5.290380955 -0.008056540 -0.000688239 0.999967337 334.095550537
0.999965906 -0.001600333 0.008096976 -0.392397761 0.001611727 0.999997735 -0.001400866 -5.319291592 -0.008094715 0.001413869 0.999966264 335.686157227
0.999973953 0.000004401 0.007220706 -0.387708336 0.000026952 0.999990582 -0.004341959 -5.348482609 -0.007220657 0.004342041 0.999964476 337.309295654
0.999977469 0.001228092 0.006603829 -0.388234288 -0.001203221 0.999992251 -0.003768791 -5.385456085 -0.006608406 0.003760761 0.999971092 338.915100098
0.999982417 0.002301044 0.005460381 -0.392448336 -0.002298156 0.999997139 -0.000535199 -5.413248539 -0.005461596 0.000522641 0.999984920 340.518066406
0.999986827 0.002822370 0.004268996 -0.394631445 -0.002834433 0.999991953 0.002822339 -5.445805073 -0.004260996 -0.002834402 0.999986887 342.121185303
0.999988496 0.003667506 0.003096587 -0.397930980 -0.003671758 0.999992251 0.001368267 -5.470499516 -0.003091546 -0.001379621 0.999994218 343.719146729
0.999993145 0.003356006 0.001578911 -0.405339748 -0.003355412 0.999994278 -0.000378493 -5.493122101 -0.001580172 0.000373193 0.999998689 345.307678223
0.999997973 0.001950551 -0.000447580 -0.406392306 -0.001950157 0.999997735 0.000879408 -5.518144608 0.000449294 -0.000878534 0.999999464 346.895904541
0.999998748 0.000522323 -0.001534194 -0.411639631 -0.000520356 0.999999106 0.001282478 -5.545547962 0.001534863 -0.001281678 0.999997973 348.495666504
0.999998868 0.000602750 -0.001373773 -0.435408294 -0.000602179 0.999999702 0.000416302 -5.566522598 0.001374024 -0.000415474 0.999998987 350.095092773
0.999998510 -0.000428514 -0.001685028 -0.442134172 0.000427363 0.999999702 -0.000683296 -5.590727806 0.001685319 0.000682575 0.999998271 351.689575195
0.999998510 -0.000443953 -0.001670998 -0.451711565 0.000442532 0.999999464 -0.000851050 -5.618602753 0.001671375 0.000850309 0.999998271 353.291931152
0.999997735 -0.001120253 -0.001764492 -0.462166756 0.001118427 0.999998868 -0.001034963 -5.647033691 0.001765649 0.001032987 0.999997854 354.887054443
0.999996841 -0.001408099 -0.002078252 -0.468254030 0.001404707 0.999997735 -0.001632573 -5.676153660 0.002080546 0.001629649 0.999996483 356.485748291
0.999996662 -0.001699025 -0.001956428 -0.475862920 0.001695044 0.999996483 -0.002034754 -5.711747646 0.001959879 0.002031431 0.999995947 358.101776123
0.999995232 -0.002280999 -0.002079756 -0.482827812 0.002276953 0.999995470 -0.001945819 -5.740067005 0.002084185 0.001941075 0.999995947 359.689300537
0.999994457 -0.002270128 -0.002472909 -0.487205923 0.002263507 0.999993861 -0.002676959 -5.771309376 0.002478971 0.002671347 0.999993384 361.288116455
0.999989331 -0.003908460 -0.002468836 -0.496882588 0.003898535 0.999984264 -0.004012568 -5.802837849 0.002484480 0.004002900 0.999988914 362.880493164
0.999982357 -0.005386112 -0.002507365 -0.506114900 0.005381234 0.999983609 -0.001948182 -5.835980892 0.002517817 0.001934655 0.999994934 364.497589111
0.999965310 -0.007757204 -0.003016777 -0.501368940 0.007754182 0.999969423 -0.001012029 -5.867739201 0.003024536 0.000988601 0.999994934 366.094635010
0.999972522 -0.007076299 -0.002215329 -0.524658501 0.007070922 0.999972045 -0.002425768 -5.888474464 0.002232433 0.002410037 0.999994576 367.692291260
0.999981403 -0.005961892 -0.001270566 -0.548569143 0.005957760 0.999976993 -0.003230863 -5.911665916 0.001289799 0.003223234 0.999993980 369.308776855
0.999987245 -0.004866839 -0.001310526 -0.558160603 0.004864142 0.999986053 -0.002053202 -5.956279278 0.001320501 0.002046801 0.999997020 370.910888672
0.999994516 -0.003123558 -0.001071322 -0.568638802 0.003122097 0.999994159 -0.001362387 -5.980399132 0.001075572 0.001359035 0.999998510 372.513214111
0.999994934 -0.003136578 -0.000486176 -0.580543041 0.003135741 0.999993622 -0.001713638 -6.011857033 0.000491547 0.001712105 0.999998391 374.130401611
0.999995887 -0.002844944 -0.000058367 -0.601673424 0.002844768 0.999991894 -0.002831248 -6.034442902 0.000066421 0.002831070 0.999995947 375.722747803
0.999996901 -0.002478562 0.000095157 -0.613269985 0.002478802 0.999993503 -0.002614507 -6.073588371 -0.000088677 0.002614736 0.999996543 377.314849854
0.999996781 -0.002515490 0.000205287 -0.608702660 0.002516004 0.999993563 -0.002546505 -6.106570244 -0.000198880 0.002547013 0.999996722 378.946105957
0.999999762 -0.000361808 0.000538585 -0.630806983 0.000363284 0.999996185 -0.002743064 -6.131319046 -0.000537590 0.002743259 0.999996066 380.582489014
0.999998629 0.001231848 0.001118092 -0.639224231 -0.001229731 0.999997497 -0.001892043 -6.163536072 -0.001120420 0.001890665 0.999997556 382.187652588
0.999994397 0.002877848 0.001714832 -0.659205437 -0.002872488 0.999991000 -0.003120105 -6.188260555 -0.001723796 0.003115162 0.999993682 383.813415527
