1.000000000 0.000000000 0.000000000 0.000000000 0.000000000 1.000000000 0.000000000 0.000000000 0.000000000 0.000000000 1.000000000 0.000000000
1.000000000 -0.000050762 0.000117438 -0.014596328 0.000050593 0.999998987 0.001440224 -0.012577926 -0.000117511 -0.001440218 0.999998927 1.315715790
0.999998510 -0.001585582 -0.000691801 -0.009765940 0.001586749 0.999997318 0.001689348 -0.038021788 0.000689121 -0.001690443 0.999998331 2.619356632
0.999995708 -0.002810572 -0.000721765 -0.014211849 0.002811072 0.999995828 0.000692358 -0.054183666 0.000719816 -0.000694384 0.999999464 3.932057142
0.999994993 -0.003061973 -0.000704322 -0.023352157 0.003062517 0.999995053 0.000773040 -0.072147198 0.000701952 -0.000775193 0.999999404 5.258226395
0.999993145 -0.003633353 -0.000737678 -0.023317212 0.003634634 0.999991894 0.001742535 -0.098986588 0.000731341 -0.001745204 0.999998212 6.576353550
0.999986470 -0.005184132 -0.000431986 -0.030682262 0.005185296 0.999982834 0.002739485 -0.112276100 0.000417777 -0.002741688 0.999996185 7.900694370
0.999989510 -0.004551902 -0.000512708 -0.037772734 0.004553609 0.999984026 0.003379286 -0.135428563 0.000497318 -0.003381586 0.999994099 9.239340782
0.999993920 -0.003429651 -0.000668999 -0.049162500 0.003430648 0.999993026 0.001493383 -0.152155742 0.000663873 -0.001495669 0.999998689 10.585359573
0.999998689 -0.001258074 -0.001006641 -0.051304784 0.001257751 0.999999106 -0.000320760 -0.179185614 0.001007044 0.000319494 0.999999404 11.926995277
0.999996901 0.002422425 -0.000505790 -0.071075149 -0.002423025 0.999996364 -0.001187903 -0.201661244 0.000502911 0.001189125 0.999999225 13.264185905
0.999989569 0.004532031 -0.000575527 -0.087155640 -0.004532822 0.999988794 -0.001380720 -0.221845910 0.000569263 0.001383314 0.999998868 14.607707024
0.999982834 0.005815541 -0.000697709 -0.092156745 -0.005815978 0.999982834 -0.000626232 -0.241097137 0.000694055 0.000630280 0.999999523 15.962344170
0.999994755 0.003247887 -0.000032524 -0.100527592 -0.003247800 0.999991834 0.002386637 -0.267757565 0.000040276 -0.002386518 0.999997079 17.322662354
0.999999583 -0.000950287 0.000008699 -0.102416061 0.000950241 0.999990344 0.004299046 -0.287294090 -0.000012784 -0.004299036 0.999990761 18.676055908
0.999994874 -0.003181331 -0.000110367 -0.111825123 0.003181529 0.999993145 0.001852940 -0.301629484 0.000104471 -0.001853281 0.999998271 20.018920898
0.999988079 -0.004870855 -0.000306535 -0.106112584 0.004870949 0.999988079 0.000308230 -0.330492020 0.000305030 -0.000309720 0.999999881 21.390489578
0.999997735 -0.001883856 0.000929562 -0.129578397 0.001885028 0.999997377 -0.001262026 -0.347340286 -0.000927182 0.001263775 0.999998748 22.735582352
0.999998569 0.000911464 0.001412132 -0.134537697 -0.000911627 0.999999583 0.000115206 -0.356964707 -0.001412026 -0.000116493 0.999998927 24.117036819
0.999998510 0.000757389 0.001494556 -0.127713352 -0.000764030 0.999989808 0.004447331 -0.394599855 -0.001491172 -0.004448466 0.999988973 25.486831665
0.999995589 -0.001062153 0.002764691 -0.144108072 0.001045033 0.999980330 0.006186263 -0.400254041 -0.002771208 -0.006183345 0.999976993 26.854438782
0.999982297 -0.005630349 0.001915771 -0.134551972 0.005622057 0.999974906 0.004306484 -0.416650176 -0.001939971 -0.004295638 0.999988914 28.214038849
0.999982595 -0.005644502 0.001699967 -0.130172759 0.005641111 0.999982119 0.001992942 -0.430956542 -0.001711186 -0.001983318 0.999996603 29.599210739
0.999976814 -0.006293943 0.002605852 -0.139118716 0.006295473 0.999980032 -0.000579104 -0.451909095 -0.002602154 0.000595496 0.999996424 30.961246490
0.999990106 -0.002960194 0.003326971 -0.152411416 0.002964029 0.999994934 -0.001148395 -0.476733208 -0.003323555 0.001158245 0.999993801 32.337593079
0.999990642 -0.002287572 0.003668348 -0.154426143 0.002299346 0.999992192 -0.003208705 -0.503315508 -0.003660980 0.003217109 0.999988139 33.712478638
0.999992251 -0.001760778 0.003520132 -0.150447235 0.001769839 0.999995112 -0.002572535 -0.526746511 -0.003515585 0.002578745 0.999990463 35.107162476
0.999992669 -0.000924561 0.003722689 -0.165859565 0.000930638 0.999998212 -0.001630973 -0.549679756 -0.003721175 0.001634425 0.999991715 36.488174438
0.999994397 0.000359981 0.003336349 -0.171510458 -0.000360458 0.999999940 0.000142429 -0.573625982 -0.003336297 -0.000143631 0.999994397 37.886123657
0.999989748 0.002912837 0.003456930 -0.175841257 -0.002914908 0.999995589 0.000594336 -0.603263259 -0.003455184 -0.000604406 0.999993801 39.285026550
0.999978662 0.005367344 0.003727171 -0.183540881 -0.005368212 0.999985635 0.000222825 -0.623658121 -0.003725922 -0.000242828 0.999993026 40.685932159
0.999966264 0.007381677 0.003605688 -0.186810091 -0.007384183 0.999972522 0.000682327 -0.646794140 -0.003600553 -0.000708929 0.999993265 42.091976166
0.999961138 0.008176734 0.003311814 -0.190028980 -0.008178271 0.999966502 0.000451311 -0.665593207 -0.003308013 -0.000478378 0.999994397 43.493885040
0.999969542 0.007254859 0.002868354 -0.194575325 -0.007256016 0.999973595 0.000393554 -0.689903915 -0.002865423 -0.000414355 0.999995828 44.914386749
0.999976754 0.006478727 0.002146455 -0.193892688 -0.006478883 0.999979019 0.000065252 -0.710548580 -0.002145987 -0.000079157 0.999997735 46.309371948
0.999985158 0.005371242 0.000938362 -0.195006788 -0.005371509 0.999985516 0.000280750 -0.734379649 -0.000936840 -0.000285786 0.999999523 47.733818054
0.999984086 0.005644924 -0.000063009 -0.199995875 -0.005644832 0.999983072 0.001395294 -0.755132854 0.000070884 -0.001394916 0.999999046 49.160522461
0.999981344 0.006000823 -0.001096900 -0.210155845 -0.005999376 0.999981165 0.001317286 -0.780288696 0.001104784 -0.001310681 0.999998510 50.572742462
0.999977231 0.006329754 -0.002355390 -0.224902913 -0.006325516 0.999978364 0.001802240 -0.799073279 0.002366747 -0.001787300 0.999995589 51.989845276
0.999972701 0.006744597 -0.003019656 -0.243876442 -0.006736756 0.999973953 0.002598949 -0.820347190 0.003037106 -0.002578536 0.999992073 53.406028748
0.999980211 0.005235161 -0.003479455 -0.257012665 -0.005222970 0.999980330 0.003503527 -0.839297354 0.003497728 -0.003485285 0.999987781 54.844673157
0.999985337 0.003212823 -0.004365163 -0.264220297 -0.003195844 0.999987245 0.003891072 -0.861602306 0.004377609 -0.003877064 0.999982893 56.269554138
0.999987483 0.000765356 -0.004947805 -0.277107477 -0.000748304 0.999993742 0.003447354 -0.879562378 0.004950413 -0.003443609 0.999981821 57.683639526
0.999987662 -0.000519855 -0.004943735 -0.289039284 0.000538324 0.999992907 0.003735181 -0.904036701 0.004941759 -0.003737796 0.999980807 59.096733093
0.999988616 -0.001864712 -0.004377971 -0.300328881 0.001883474 0.999989152 0.004285439 -0.919999361 0.004369932 -0.004293636 0.999981225 60.524700165
0.999987960 -0.003026847 -0.003839631 -0.314240187 0.003046582 0.999982059 0.005144267 -0.941594660 0.003823991 -0.005155903 0.999979377 61.940830231
0.999983370 -0.004793698 -0.003190423 -0.330695927 0.004809859 0.999975562 0.005077234 -0.965888858 0.003166006 -0.005092495 0.999982059 63.349502563
0.999976873 -0.006284290 -0.002596565 -0.337570250 0.006294711 0.999972105 0.004025079 -0.986498833 0.002571197 -0.004041330 0.999988556 64.742324829
0.999975085 -0.006678429 -0.002295904 -0.337161452 0.006687136 0.999970376 0.003805444 -1.007265210 0.002270422 -0.003820703 0.999990165 66.164062500
0.999989629 -0.004333061 -0.001413800 -0.349561721 0.004338161 0.999984026 0.003624332 -1.030863762 0.001398073 -0.003630429 0.999992430 67.555488586
0.999998152 -0.001692004 -0.000858436 -0.365551144 0.001696220 0.999986529 0.004934927 -1.050321817 0.000850074 -0.004936374 0.999987483 68.957229614
0.999998510 0.001749469 0.000100022 -0.383227497 -0.001750060 0.999979079 0.006242858 -1.069088817 -0.000089098 -0.006243024 0.999980569 70.356040955
0.999983311 0.005724345 0.000755669 -0.394426882 -0.005729448 0.999959528 0.006932239 -1.092649817 -0.000715956 -0.006936452 0.999975681 71.731567383
0.999956310 0.009251383 0.001314708 -0.402411371 -0.009260014 0.999934494 0.006717575 -1.107501745 -0.001252475 -0.006729456 0.999976575 73.141479492
0.999911785 0.013081988 0.002306390 -0.427371442 -0.013095737 0.999895871 0.006050247 -1.131999493 -0.002227001 -0.006079918 0.999979019 74.528045654
0.999886692 0.014746516 0.003033648 -0.435603440 -0.014764750 0.999872506 0.006078254 -1.151444674 -0.002943629 -0.006122356 0.999976933 75.915390015
0.999886215 0.014744120 0.003182096 -0.438253641 -0.014763913 0.999871254 0.006289109 -1.164731979 -0.003088959 -0.006335374 0.999975145 77.319763184
0.999895751 0.013992853 0.003542671 -0.449491113 -0.014013647 0.999884248 0.005913837 -1.181957006 -0.003459509 -0.005962866 0.999976218 78.697387695
0.999918163 0.012264372 0.003625520 -0.459243804 -0.012282871 0.999911368 0.005125078 -1.199229956 -0.003562343 -0.005169190 0.999980271 80.078239441
0.999920428 0.012247711 0.003025066 -0.453911066 -0.012263080 0.999911666 0.005115480 -1.223677635 -0.002962147 -0.005152170 0.999982297 81.467330933
0.999929011 0.011607984 0.002693260 -0.455198348 -0.011622705 0.999917150 0.005516463 -1.244251251 -0.002629002 -0.005547374 0.999981165 82.846092224
0.999937594 0.011004198 0.001933561 -0.452707648 -0.011013739 0.999926865 0.004994750 -1.260578990 -0.001878457 -0.005015734 0.999985635 84.226799011
0.999938309 0.011032137 0.001299544 -0.468491852 -0.011038904 0.999924898 0.005320968 -1.271458507 -0.001240745 -0.005334986 0.999984920 85.607467651
0.999944508 0.010516968 0.000560477 -0.469573110 -0.010520248 0.999925315 0.006214475 -1.292433977 -0.000495078 -0.006220027 0.999980450 86.961357117
0.999961495 0.008756338 -0.000524783 -0.485751480 -0.008752287 0.999935150 0.007280707 -1.322021961 0.000588501 -0.007275833 0.999973357 88.365562439
0.999977291 0.006509892 -0.001730273 -0.498861074 -0.006496348 0.999949098 0.007721066 -1.332993388 0.001780448 -0.007709651 0.999968708 89.737716675
0.999988735 0.003863544 -0.002747880 -0.502238631 -0.003841689 0.999961436 0.007914786 -1.351189017 0.002778353 -0.007904143 0.999964833 91.104309082
0.999990642 0.002951630 -0.003140982 -0.513571620 -0.002928855 0.999969661 0.007230984 -1.364536285 0.003162229 -0.007221719 0.999968886 92.476325989
0.999993324 0.001772169 -0.003178642 -0.521232426 -0.001749850 0.999973893 0.007010765 -1.386633158 0.003190983 -0.007005156 0.999970317 93.815933228
0.999990821 0.002105559 -0.003715968 -0.525097847 -0.002082673 0.999978960 0.006151768 -1.397414446 0.003728843 -0.006143973 0.999974132 95.196945190
0.999992967 0.001795618 -0.003292098 -0.546278119 -0.001776628 0.999981821 0.005762400 -1.418975353 0.003302385 -0.005756510 0.999978006 96.541687012
0.999992788 0.002386271 -0.002943694 -0.563761175 -0.002370380 0.999982655 0.005390215 -1.440516710 0.002956505 -0.005383198 0.999981165 97.884193420
0.999990582 0.003567732 -0.002465080 -0.580409288 -0.003554067 0.999978423 0.005525534 -1.459919214 0.002484741 -0.005516720 0.999981701 99.217323303
0.999989450 0.004177838 -0.001907681 -0.599857032 -0.004163928 0.999965131 0.007238512 -1.478681922 0.001937856 -0.007230492 0.999971986 100.550956726
0.999983072 0.005446480 -0.002049985 -0.611277342 -0.005428831 0.999948978 0.008518802 -1.497607827 0.002096278 -0.008507526 0.999961615 101.907188416
0.999987066 0.004852101 -0.001502077 -0.627114952 -0.004841151 0.999962330 0.007209507 -1.510201931 0.001537002 -0.007202142 0.999972880 103.243408203
0.999987125 0.004892146 -0.001340788 -0.639694989 -0.004885512 0.999976039 0.004907895 -1.531863928 0.001364765 -0.004901282 0.999987006 104.543617249
0.999991119 0.003965226 -0.001443420 -0.644846797 -0.003960298 0.999986410 0.003402217 -1.542622328 0.001456891 -0.003396470 0.999993205 105.898361206
0.999997735 0.001552109 -0.001463777 -0.655573308 -0.001544642 0.999985874 0.005088544 -1.569246769 0.001471654 -0.005086272 0.999985933 107.221366882
0.999999285 -0.000847628 -0.000862811 -0.663873374 0.000853634 0.999975264 0.006985190 -1.582921743 0.000856868 -0.006985921 0.999975204 108.562812805
0.999997973 -0.002000857 0.000245822 -0.673345685 0.001998961 0.999970019 0.007484674 -1.600337505 -0.000260790 -0.007484169 0.999971986 109.885353088
0.999994516 -0.003199655 0.000834749 -0.675174892 0.003194187 0.999973953 0.006471379 -1.618641615 -0.000855434 -0.006468676 0.999978721 111.206192017
0.999998331 -0.001015570 0.001529974 -0.683720648 0.001009437 0.999991477 0.004004066 -1.636456728 -0.001534027 -0.004002516 0.999990761 112.538497925
0.999994099 0.001019315 0.003295029 -0.693997622 -0.001025642 0.999997675 0.001918852 -1.653112292 -0.003293065 -0.001922220 0.999992728 113.881317139
0.999980867 0.004380357 0.004371854 -0.701720774 -0.004389305 0.999988258 0.002039525 -1.674104452 -0.004362870 -0.002058675 0.999988377 115.190338135
0.999965549 0.005745919 0.005997882 -0.708779275 -0.005767650 0.999976814 0.003612109 -1.688415647 -0.005976988 -0.003646579 0.999975502 116.531181335
0.999959648 0.005422244 0.007153402 -0.708642662 -0.005466439 0.999966025 0.006173062 -1.711710811 -0.007119687 -0.006211918 0.999955356 117.860969543
0.999954641 0.004825967 0.008214183 -0.708710670 -0.004881157 0.999965608 0.006712111 -1.725894690 -0.008181508 -0.006751902 0.999943793 119.197166443
0.999945998 0.005388267 0.008888130 -0.699949622 -0.005441170 0.999967515 0.005938759 -1.736371279 -0.008855843 -0.005986800 0.999942780 120.542045593
0.999925435 0.006812064 0.010139927 -0.691887975 -0.006868938 0.999960780 0.005584751 -1.751728058 -0.010101487 -0.005653985 0.999932945 121.889022827
0.999887943 0.009603447 0.011478245 -0.696710825 -0.009662334 0.999940395 0.005085786 -1.767241359 -0.011428719 -0.005196123 0.999921203 123.220626831
0.999875128 0.009913575 0.012302134 -0.686473131 -0.009963188 0.999942541 0.003978201 -1.780094028 -0.012261989 -0.004100273 0.999916434 124.566345215
0.999844432 0.011341888 0.013508628 -0.681790948 -0.011387900 0.999929607 0.003333993 -1.804856777 -0.013469864 -0.003487309 0.999903142 125.902168274
0.999840379 0.010281052 0.014610765 -0.673392057 -0.010330420 0.999941230 0.003307603 -1.821445823 -0.014575899 -0.003458011 0.999887764 127.247863770
0.999833584 0.009741602 0.015424366 -0.658766270 -0.009812335 0.999941587 0.004516848 -1.844441056 -0.015379465 -0.004667446 0.999870837 128.595626831
0.999834418 0.008280765 0.016202852 -0.642868042 -0.008367344 0.999951005 0.005282912 -1.861759901 -0.016158314 -0.005417613 0.999854743 129.913360596
0.999826550 0.007832229 0.016896440 -0.637787342 -0.007926636 0.999953330 0.005527730 -1.872703075 -0.016852356 -0.005660703 0.999841988 131.300689697
0.999843419 0.005449933 0.016833404 -0.617657900 -0.005544737 0.999968946 0.005590339 -1.884198666 -0.016802415 -0.005682800 0.999842644 132.650604248
0.999848366 0.004385354 0.016849404 -0.608321667 -0.004490390 0.999970615 0.006201000 -1.905247688 -0.016821722 -0.006275722 0.999838769 134.008544922
0.999863923 0.002547455 0.016297625 -0.594575167 -0.002642377 0.999979556 0.005805423 -1.917872906 -0.016282506 -0.005847698 0.999850273 135.356018066
0.999882698 0.001466889 0.015244662 -0.583378315 -0.001557590 0.999981105 0.005939574 -1.934561968 -0.015235662 -0.005962622 0.999866128 136.683471680
0.999898791 -0.000339957 0.014222223 -0.568293691 0.000240363 0.999975383 0.007003841 -1.952679873 -0.014224255 -0.006999714 0.999874294 138.051315308
0.999906421 -0.001841809 0.013557626 -0.558789253 0.001746176 0.999973536 0.007062314 -1.964841127 -0.013570277 -0.007037979 0.999883115 139.403060913
0.999928713 -0.002045889 0.011764166 -0.543546319 0.001963983 0.999973774 0.006969671 -1.980387688 -0.011778116 -0.006946069 0.999906480 140.753692627
0.999938667 -0.002673637 0.010739771 -0.537546992 0.002604760 0.999975979 0.006422057 -1.995733738 -0.010756682 -0.006393689 0.999921679 142.095306396
0.999952316 -0.002331157 0.009478124 -0.527557373 0.002273301 0.999978662 0.006110291 -2.012504101 -0.009492167 -0.006088454 0.999936402 143.433288574
0.999947906 -0.004944486 0.008927348 -0.528420806 0.004908551 0.999979794 0.004042565 -2.029898643 -0.008947157 -0.003998535 0.999951959 144.768844604
0.999914289 -0.010572732 0.007722430 -0.512049198 0.010547504 0.999938905 0.003300539 -2.044781208 -0.007756853 -0.003218803 0.999964714 146.140533447
0.999817848 -0.017738484 0.007048039 -0.507512212 0.017697711 0.999826550 0.005805334 -2.060176373 -0.007149793 -0.005679542 0.999958336 147.485809326
0.999675632 -0.024793139 0.005827456 -0.498325586 0.024750434 0.999667108 0.007289776 -2.076751232 -0.006006252 -0.007143178 0.999956429 148.835571289
0.999599993 -0.027960375 0.004253886 -0.479725778 0.027944811 0.999602735 0.003675296 -2.090065479 -0.004354959 -0.003554952 0.999984205 150.199996948
0.999604166 -0.027689345 0.004999551 -0.477263451 0.027687728 0.999616563 0.000393007 -2.106333971 -0.005008516 -0.000254425 0.999987423 151.551345825
0.999690711 -0.024236405 0.005592169 -0.484052122 0.024244998 0.999704897 -0.001473252 -2.136370659 -0.005554813 0.001608378 0.999983251 152.886703491
0.999681771 -0.024320014 0.006702028 -0.495296955 0.024330765 0.999702752 -0.001526586 -2.163868427 -0.006662910 0.001689166 0.999976397 154.213058472
0.999597967 -0.027451485 0.007088411 -0.478189826 0.027437387 0.999621332 0.002078094 -2.184684992 -0.007142774 -0.001882770 0.999972701 155.582626343
0.999440372 -0.032554276 0.007682694 -0.466532350 0.032519333 0.999460399 0.004629962 -2.201976299 -0.007829272 -0.004377534 0.999959767 156.941711426
0.999299943 -0.036610443 0.007691479 -0.455825925 0.036562249 0.999311447 0.006315395 -2.222676039 -0.007917392 -0.006029757 0.999950469 158.288589478
0.999260426 -0.037627701 0.007924967 -0.451804161 0.037581027 0.999275923 0.005958368 -2.233022928 -0.008143429 -0.005656134 0.999950826 159.627822876
0.999312997 -0.035941359 0.009032231 -0.449525714 0.035880122 0.999332607 0.006853285 -2.253036022 -0.009272521 -0.006524499 0.999935687 160.989013672
0.999426603 -0.032257520 0.010286741 -0.456504226 0.032194450 0.999462068 0.006239560 -2.270017147 -0.010482483 -0.005904806 0.999927580 162.326705933
0.999549210 -0.027977262 0.010892161 -0.437514067 0.027938467 0.999602735 0.003697941 -2.283985615 -0.010991294 -0.003391964 0.999933839 163.698837280
0.999618471 -0.025016628 0.011710078 -0.430589795 0.024981873 0.999683082 0.003104539 -2.298746347 -0.011784034 -0.002810816 0.999926567 165.051406860
0.999664545 -0.022899553 0.012101892 -0.428936720 0.022849686 0.999729931 0.004242998 -2.318991423 -0.012195789 -0.003965050 0.999917746 166.396286011
0.999715030 -0.021095935 0.011177268 -0.405978084 0.021055631 0.999771416 0.003711411 -2.337941647 -0.011253010 -0.003475009 0.999930620 167.765914917
0.999757826 -0.018799465 0.011434720 -0.412470460 0.018787349 0.999822795 0.001166358 -2.352435112 -0.011454620 -0.000951248 0.999933958 169.126754761
0.999826908 -0.015140497 0.010813312 -0.409105301 0.015159277 0.999883652 -0.001656772 -2.371544361 -0.010786968 0.001820407 0.999940157 170.473510742
0.999895096 -0.009675945 0.010775333 -0.408100724 0.009705441 0.999949276 -0.002688344 -2.402836084 -0.010748777 0.002792641 0.999938250 171.843612671
0.999924123 -0.005221194 0.011166863 -0.409479618 0.005238253 0.999985158 -0.001498912 -2.426299095 -0.011158870 0.001557293 0.999936521 173.208190918
0.999927998 -0.002031354 0.011827757 -0.413139582 0.002027960 0.999997854 0.000298953 -2.447628260 -0.011828340 -0.000274945 0.999929965 174.559753418
0.999930024 -0.000899958 0.011795413 -0.404518843 0.000871694 0.999996662 0.002401109 -2.466660023 -0.011797534 -0.002390658 0.999927521 175.943511963
0.999930203 -0.004564758 0.010898593 -0.394643188 0.004524398 0.999982834 0.003725050 -2.490278721 -0.010915410 -0.003675481 0.999933660 177.320297241
0.999940395 -0.006074470 0.009085651 -0.377042770 0.006044732 0.999976218 0.003297089 -2.499541283 -0.009105465 -0.003241972 0.999953270 178.722091675
0.999952316 -0.006546796 0.007250796 -0.374467850 0.006554888 0.999977827 -0.001092635 -2.520251513 -0.007243484 0.001140111 0.999973118 180.117187500
0.999971211 -0.005188011 0.005536580 -0.367581129 0.005215526 0.999974072 -0.004966914 -2.547734022 -0.005510668 0.004995647 0.999972343 181.514648438
0.999988139 -0.000289982 0.004866736 -0.376608133 0.000317295 0.999984205 -0.005612278 -2.573659420 -0.004865032 0.005613755 0.999972403 182.916488647
0.999983490 0.003247124 0.004736132 -0.382092357 -0.003224623 0.999983490 -0.004751011 -2.601613283 -0.004751480 0.004735659 0.999977469 184.313278198
0.999972999 0.005091967 0.005303418 -0.392711878 -0.005086096 0.999986410 -0.001119667 -2.629742384 -0.005309048 0.001092663 0.999985337 185.710037231
0.999968469 0.005680179 0.005554546 -0.395494342 -0.005685192 0.999983430 0.000887103 -2.650315285 -0.005549415 -0.000918654 0.999984205 187.111495972
0.999970615 0.005128592 0.005699568 -0.392110348 -0.005138126 0.999985397 0.001659359 -2.664898872 -0.005690976 -0.001688595 0.999982417 188.528335571
0.999975920 0.003893033 0.005745838 -0.393176079 -0.003905120 0.999990165 0.002093899 -2.682669640 -0.005737631 -0.002116287 0.999981225 189.975280762
0.999982178 0.001111416 0.005859664 -0.391374707 -0.001127679 0.999995530 0.002772749 -2.706587315 -0.005856556 -0.002779308 0.999978900 191.405364990
0.999981642 -0.001925298 0.005740724 -0.371248007 0.001909540 0.999994397 0.002749124 -2.725836039 -0.005745984 -0.002738110 0.999979734 192.859725952
0.999968171 -0.005115803 0.006116332 -0.369396091 0.005092772 0.999979973 0.003775194 -2.743762016 -0.006135522 -0.003743924 0.999974132 194.282516479
0.999929488 -0.009843742 0.006642908 -0.359093070 0.009806855 0.999936461 0.005563085 -2.764757156 -0.006697248 -0.005497547 0.999962449 195.751388550
0.999901593 -0.012211051 0.006908756 -0.346959829 0.012173985 0.999911368 0.005381912 -2.778049707 -0.006973864 -0.005297275 0.999961615 197.197845459
0.999920070 -0.010262810 0.007385434 -0.350985169 0.010254575 0.999946713 0.001151856 -2.802564621 -0.007396862 -0.001076030 0.999972045 198.647064209
0.999965191 -0.002959223 0.007801157 -0.356648684 0.002990152 0.999987721 -0.003955951 -2.821839094 -0.007789355 0.003979140 0.999961734 200.071151733
0.999936640 0.006409387 0.009255077 -0.369264245 -0.006372168 0.999971509 -0.004045444 -2.848369598 -0.009280741 0.003986212 0.999948978 201.520370483
0.999842048 0.014467764 0.010327581 -0.379097462 -0.014462272 0.999895215 -0.000606110 -2.868186474 -0.010335268 0.000456654 0.999946475 202.959594727
0.999831200 0.014661300 0.011082096 -0.369049311 -0.014685423 0.999889910 0.002098628 -2.901386976 -0.011050110 -0.002261019 0.999936342 204.389907837
0.999866664 0.012531844 0.010471283 -0.358654737 -0.012557875 0.999918222 0.002424005 -2.917174101 -0.010440051 -0.002555178 0.999942243 205.834640503
0.999912322 0.009311575 0.009412868 -0.344994545 -0.009335020 0.999953389 0.002449808 -2.937578917 -0.009389616 -0.002537462 0.999952674 207.289291382
0.999932587 0.007663788 0.008722443 -0.344368815 -0.007679682 0.999968886 0.001790279 -2.953723431 -0.008708450 -0.001857144 0.999960363 208.740814209
0.999935150 0.008175631 0.007928246 -0.323659062 -0.008185087 0.999965787 0.001161099 -2.973979712 -0.007918482 -0.001225917 0.999967873 210.246185303
0.999917150 0.009966115 0.008140887 -0.336601734 -0.009978717 0.999949098 0.001509069 -3.001328230 -0.008125432 -0.001590180 0.999965727 211.655349731
0.999911487 0.010270227 0.008460335 -0.335447431 -0.010291765 0.999943972 0.002505983 -3.026141644 -0.008434121 -0.002592833 0.999961078 213.116119385
0.999910653 0.010837672 0.007825480 -0.330710530 -0.010852018 0.999939501 0.001793111 -3.042274714 -0.007805575 -0.001877874 0.999967694 214.585754395
0.999920964 0.010160361 0.007406857 -0.327509761 -0.010167575 0.999947965 0.000937102 -3.071042299 -0.007396950 -0.001012338 0.999972105 216.054977417
0.999927163 0.009745581 0.007107886 -0.321020722 -0.009748886 0.999952376 0.000430683 -3.085541010 -0.007103351 -0.000499946 0.999974668 217.511611938
0.999926925 0.009947103 0.006870088 -0.321796179 -0.009950340 0.999950409 0.000437211 -3.109794140 -0.006865398 -0.000505539 0.999976277 218.988098145
0.999925613 0.010285025 0.006542875 -0.318774581 -0.010286951 0.999947071 0.000261104 -3.131824732 -0.006539844 -0.000328391 0.999978542 220.474517822
0.999929965 0.010172588 0.006034947 -0.312138915 -0.010172945 0.999948263 0.000028498 -3.155404329 -0.006034345 -0.000089889 0.999981821 221.969619751
0.999920487 0.011172974 0.005867518 -0.317218304 -0.011173016 0.999937594 -0.000025322 -3.184798956 -0.005867435 -0.000040238 0.999982774 223.419235229
0.999925315 0.010838040 0.005653374 -0.319793344 -0.010837593 0.999941289 -0.000109681 -3.206998825 -0.005654230 0.000048404 0.999984026 224.900711060
0.999919832 0.011467488 0.005353146 -0.318898082 -0.011466458 0.999934256 -0.000223255 -3.229495049 -0.005355355 0.000161855 0.999985576 226.401504517
0.999932349 0.010347588 0.005309875 -0.319133639 -0.010345134 0.999946415 -0.000489583 -3.249177456 -0.005314656 0.000434618 0.999985754 227.901733398
0.999945641 0.009020375 0.005227429 -0.318773150 -0.009018910 0.999959290 -0.000303623 -3.283003569 -0.005229956 0.000256460 0.999986291 229.390640259
0.999955714 0.007817519 0.005235573 -0.317904949 -0.007816100 0.999969423 -0.000291244 -3.305544615 -0.005237690 0.000250309 0.999986231 230.888977051
0.999960721 0.006687364 0.005815213 -0.323082685 -0.006691691 0.999977469 0.000725151 -3.330400705 -0.005810233 -0.000764036 0.999982834 232.391448975
0.999961674 0.006667696 0.005671484 -0.318648338 -0.006673331 0.999977291 0.000975294 -3.353157997 -0.005664852 -0.001013105 0.999983430 233.898345947
0.999956727 0.007064778 0.006043862 -0.331491232 -0.007069102 0.999974787 0.000694338 -3.384253263 -0.006038803 -0.000737033 0.999981523 235.403030396
0.999950469 0.007702475 0.006302358 -0.329492331 -0.007704379 0.999970257 0.000277979 -3.411138296 -0.006300030 -0.000326521 0.999980032 236.908432007
0.999939263 0.008748386 0.006707230 -0.328389764 -0.008756385 0.999960959 0.001164302 -3.437775135 -0.006696782 -0.001222962 0.999976814 238.410858154
0.999921620 0.009664293 0.007960719 -0.340152979 -0.009689143 0.999948382 0.003088997 -3.460371733 -0.007930455 -0.003165888 0.999963522 239.928054810
0.999917865 0.009469975 0.008635615 -0.335696220 -0.009498071 0.999949694 0.003218328 -3.476409674 -0.008604705 -0.003300086 0.999957502 241.441757202
0.999907315 0.010012645 0.009226083 -0.331758022 -0.010029945 0.999947965 0.001830796 -3.499639511 -0.009207270 -0.001923164 0.999955773 242.937606812
0.999897659 0.010493500 0.009726064 -0.321055651 -0.010494492 0.999944985 0.000051060 -3.516388416 -0.009724994 -0.000153125 0.999952674 244.452957153
0.999896646 0.010323056 0.010004587 -0.318118572 -0.010336337 0.999945879 0.001276574 -3.548375845 -0.009990864 -0.001379853 0.999949098 245.971069336
0.999906480 0.009782470 0.009550051 -0.304128170 -0.009806641 0.999948800 0.002487592 -3.574196339 -0.009525228 -0.002581013 0.999951303 247.500717163
0.999893546 0.010854381 0.009747573 -0.308036566 -0.010881283 0.999937117 0.002711194 -3.594753981 -0.009717533 -0.002816972 0.999948800 249.022476196
0.999906778 0.010274381 0.008993847 -0.294559240 -0.010303194 0.999941945 0.003163200 -3.624853611 -0.008960825 -0.003255571 0.999954522 250.557342529
0.999887049 0.011633946 0.009526134 -0.294130087 -0.011665123 0.999926746 0.003223839 -3.643301964 -0.009487931 -0.003334598 0.999949396 252.086410522
0.999865413 0.013116620 0.009854107 -0.299334288 -0.013151982 0.999907255 0.003532427 -3.670223236 -0.009806860 -0.003661553 0.999945164 253.610473633
0.999858260 0.013427088 0.010156244 -0.296375751 -0.013464964 0.999902606 0.003670232 -3.686892986 -0.010105975 -0.003806466 0.999941707 255.142776489
0.999878466 0.011941947 0.010022787 -0.293546438 -0.011983791 0.999919593 0.004125422 -3.713929653 -0.009972716 -0.004245031 0.999941289 256.688110352
0.999895811 0.010274908 0.010135750 -0.285459757 -0.010325638 0.999934375 0.004965551 -3.732447386 -0.010084063 -0.005069692 0.999936283 258.212585449
0.999917984 0.008008342 0.009997847 -0.274932384 -0.008060988 0.999953806 0.005236681 -3.743056774 -0.009955448 -0.005316844 0.999936342 259.731353760
0.999930382 0.005906598 0.010211273 -0.279741526 -0.005955684 0.999970913 0.004783515 -3.762277126 -0.010182721 -0.004843998 0.999936342 261.295013428
0.999939859 0.004630567 0.009939902 -0.273678303 -0.004669279 0.999981523 0.003875023 -3.780453205 -0.009921775 -0.003921202 0.999943018 262.845611572
0.999942899 0.002801774 0.010314280 -0.257278919 -0.002859036 0.999980509 0.005541123 -3.800607920 -0.010298554 -0.005570295 0.999931455 264.395690918
0.999938428 0.000733034 0.011071399 -0.254140854 -0.000814524 0.999972582 0.007357679 -3.817281723 -0.011065701 -0.007366245 0.999911606 265.943511963
0.999941468 -0.000149338 0.010816755 -0.237346172 0.000081360 0.999980271 0.006284718 -3.828762054 -0.010817482 -0.006283470 0.999921739 267.508941650
0.999938190 -0.000416258 0.011111417 -0.220772028 0.000360258 0.999987245 0.005041356 -3.840375423 -0.011113375 -0.005037041 0.999925554 269.059661865
0.999932051 -0.000267213 0.011648536 -0.207044125 0.000207587 0.999986887 0.005119647 -3.865617752 -0.011649751 -0.005116881 0.999919057 270.588317871
0.999918282 0.001209252 0.012730904 -0.201714516 -0.001280934 0.999983430 0.005623904 -3.890269756 -0.012723893 -0.005639752 0.999903142 272.120086670
0.999901891 0.003271815 0.013618474 -0.193877220 -0.003334154 0.999984026 0.004557296 -3.899580956 -0.013603346 -0.004602255 0.999896884 273.650543213
0.999885857 0.004283435 0.014489680 -0.178622007 -0.004354711 0.999978542 0.004891098 -3.924315929 -0.014468420 -0.004953639 0.999882996 275.210174561
0.999865949 0.005441000 0.015441108 -0.159627438 -0.005505350 0.999976277 0.004128003 -3.942449093 -0.015418282 -0.004212458 0.999872267 276.739532471
0.999853432 0.005926781 0.016055033 -0.148587227 -0.005982138 0.999976337 0.003402185 -3.963281393 -0.016034489 -0.003497731 0.999865294 278.286590576
0.999845505 0.004693462 0.016939454 -0.130938530 -0.004749513 0.999983370 0.003270216 -3.987557411 -0.016923824 -0.003350165 0.999851108 279.836395264
0.999832809 0.004392345 0.017749507 -0.101305485 -0.004455382 0.999983907 0.003513464 -4.009578228 -0.017733794 -0.003591957 0.999836266 281.387359619
0.999828517 0.003241727 0.018233951 -0.077368259 -0.003323407 0.999984562 0.004451112 -4.027798176 -0.018219246 -0.004510948 0.999823868 282.958587646
0.999826074 0.002220961 0.018514885 -0.056144238 -0.002307137 0.999986589 0.004634403 -4.047310829 -0.018504346 -0.004676313 0.999817789 284.527648926
0.999828994 0.001907949 0.018392259 -0.029602051 -0.001949563 0.999995589 0.002244900 -4.071576595 -0.018387893 -0.002280373 0.999828339 286.088867188
0.999836206 0.000643320 0.018087821 -0.002706528 -0.000643107 0.999999821 -0.000017596 -4.093589783 -0.018087825 0.000005961 0.999836385 287.656097412
0.999858439 0.000403329 0.016821120 0.029430866 -0.000408168 0.999999940 0.000284258 -4.124859810 -0.016821001 -0.000291083 0.999858499 289.211700439
0.999867260 -0.000692229 0.016273793 0.039292812 0.000692691 0.999999702 -0.000022755 -4.141410351 -0.016273772 0.000034025 0.999867558 290.787322998
0.999884725 -0.000730182 0.015167477 0.054563522 0.000742298 0.999999404 -0.000793223 -4.160853386 -0.015166888 0.000804390 0.999884665 292.345825195
0.999892473 -0.000627798 0.014648908 0.068790913 0.000642596 0.999999285 -0.001005501 -4.186469078 -0.014648264 0.001014807 0.999892175 293.927551270
0.999905407 -0.000512393 0.013744517 0.091737747 0.000517496 0.999999762 -0.000367691 -4.215270519 -0.013744326 0.000374769 0.999905467 295.508697510
0.999916732 -0.000922948 0.012867064 0.102236032 0.000925714 0.999999464 -0.000208968 -4.243844032 -0.012866864 0.000220862 0.999917209 297.068145752
0.999930561 -0.001528000 0.011687147 0.115687609 0.001513573 0.999998093 0.001243161 -4.270327568 -0.011689026 -0.001225386 0.999930859 298.635620117
0.999940038 -0.000028376 0.010950911 0.126425266 0.000002617 0.999997199 0.002352212 -4.289274693 -0.010950948 -0.002352042 0.999937236 300.206756592
0.999928057 0.000301789 0.011988828 0.131494999 -0.000332563 0.999996662 0.002564981 -4.313148499 -0.011988011 -0.002568784 0.999924779 301.791473389
0.999917150 0.000585360 0.012856633 0.142145395 -0.000617816 0.999996603 0.002520640 -4.336617947 -0.012855115 -0.002528374 0.999914110 303.383636475
0.999910474 -0.000636427 0.013367705 0.151663780 0.000605575 0.999997139 0.002311846 -4.356380939 -0.013369138 -0.002303544 0.999907970 304.970001221
0.999906242 -0.002363053 0.013484241 0.169740677 0.002345523 0.999996483 0.001315661 -4.378924370 -0.013487303 -0.001283910 0.999908209 306.560363770
0.999895275 -0.003961589 0.013917405 0.186407089 0.003972454 0.999991834 -0.000753119 -4.400504589 -0.013914309 0.000808326 0.999902785 308.150268555
0.999898612 -0.004536374 0.013497242 0.204593897 0.004559242 0.999988198 -0.001664056 -4.427965641 -0.013489532 0.001725424 0.999907553 309.749328613
0.999930620 -0.003894542 0.011119442 0.214807749 0.003927977 0.999987781 -0.002986731 -4.452118874 -0.011107676 0.003030200 0.999933779 311.359985352
0.999954164 -0.002770589 0.009179915 0.221407890 0.002789451 0.999993980 -0.002042484 -4.478132725 -0.009174204 0.002067998 0.999955773 312.953491211
0.999959826 -0.001819342 0.008784552 0.226889610 0.001808099 0.999997497 0.001287587 -4.503895760 -0.008786874 -0.001271651 0.999960601 314.580383301
0.999952376 -0.003565141 0.009076660 0.242588997 0.003526505 0.999984682 0.004269002 -4.528731346 -0.009091739 -0.004236789 0.999949694 316.199798584
0.999947906 -0.004607849 0.009102811 0.252610445 0.004561055 0.999976397 0.005154712 -4.547349930 -0.009126347 -0.005112925 0.999945343 317.827697754
0.999943018 -0.005486972 0.009152997 0.262925386 0.005453836 0.999978483 0.003641313 -4.565105915 -0.009172780 -0.003591187 0.999951422 319.428436279
0.999927998 -0.007143416 0.009647178 0.264552355 0.007104404 0.999966502 0.004072184 -4.586719990 -0.009675944 -0.004003353 0.999945164 321.038909912
0.999922931 -0.007485405 0.009901759 0.264202118 0.007442762 0.999962926 0.004336640 -4.606341839 -0.009933854 -0.004262608 0.999941587 322.636596680
0.999918163 -0.007293956 0.010509679 0.272899389 0.007249708 0.999964714 0.004242221 -4.627931118 -0.010540252 -0.004165682 0.999935746 324.250213623
0.999925256 -0.006199310 0.010535834 0.288218975 0.006165319 0.999975681 0.003255744 -4.646169186 -0.010555761 -0.003190543 0.999939203 325.873199463
0.999922395 -0.005100443 0.011368673 0.287373304 0.005068988 0.999983251 0.002793940 -4.677019596 -0.011382734 -0.002736095 0.999931395 327.488769531
0.999907494 -0.006628820 0.011880149 0.303362608 0.006570990 0.999966323 0.004900165 -4.700132847 -0.011912231 -0.004821647 0.999917388 329.127197266
0.999897420 -0.007725935 0.012069589 0.308167934 0.007656361 0.999953985 0.005800065 -4.720845222 -0.012113846 -0.005707060 0.999910295 330.735778809
0.999888778 -0.009059558 0.011852110 0.328637600 0.009007303 0.999949574 0.004454806 -4.740766525 -0.011891870 -0.004347555 0.999919832 332.366973877
0.999900579 -0.007414353 0.011989756 0.338285923 0.007362957 0.999963522 0.004325249 -4.759338379 -0.012021389 -0.004236539 0.999918699 334.008666992
0.999913156 -0.005826788 0.011816747 0.344290257 0.005796051 0.999979794 0.002633663 -4.784969807 -0.011831854 -0.002564943 0.999926686 335.616912842
0.999926865 -0.003302441 0.011630356 0.342818499 0.003307981 0.999994397 -0.000457055 -4.808735847 -0.011628783 0.000495495 0.999932289 337.235015869
0.999938607 -0.002234663 0.010849114 0.349084139 0.002235202 0.999997497 -0.000037539 -4.834593296 -0.010849001 0.000061787 0.999941170 338.847320557
0.999950171 -0.001301669 0.009900918 0.353845835 0.001267248 0.999993086 0.003482000 -4.860833168 -0.009905382 -0.003469280 0.999944985 340.424407959
0.999963701 -0.000721844 0.008489024 0.364307165 0.000666065 0.999978185 0.006571663 -4.887627125 -0.008493582 -0.006565771 0.999942362 342.046234131
0.999973714 -0.000089079 0.007243804 0.368687630 0.000051646 0.999986589 0.005167535 -4.905004501 -0.007244168 -0.005167025 0.999960423 343.651397705
0.999985576 -0.000522299 0.005334167 0.371347308 0.000503876 0.999993920 0.003454574 -4.923333168 -0.005335939 -0.003451837 0.999979734 345.243927002
0.999992192 -0.001963414 0.003420522 0.376357436 0.001947334 0.999987066 0.004698046 -4.943490028 -0.003429702 -0.004691348 0.999983072 346.849182129
0.999992609 -0.003119313 0.002258277 0.379073173 0.003107875 0.999982417 0.005050833 -4.963419914 -0.002273992 -0.005043777 0.999984682 348.449218750
0.999991536 -0.003356707 0.002370881 0.361974448 0.003346336 0.999984860 0.004365149 -4.983400345 -0.002385497 -0.004357178 0.999987662 350.038787842
0.999987543 -0.004598452 0.001945729 0.361833364 0.004591792 0.999983609 0.003413468 -5.004685402 -0.001961394 -0.003404491 0.999992192 351.629913330
0.999987900 -0.004520466 0.001929265 0.358525932 0.004514246 0.999984622 0.003216086 -5.023701191 -0.001943773 -0.003207338 0.999992967 353.219848633
0.999984503 -0.005236825 0.001852740 0.356519431 0.005231409 0.999982059 0.002916870 -5.042445183 -0.001867982 -0.002907132 0.999994040 354.816711426
0.999983609 -0.005488112 0.001613411 0.354751140 0.005484668 0.999982715 0.002131725 -5.063059807 -0.001625082 -0.002122841 0.999996483 356.414825439
0.999982953 -0.005608008 0.001608719 0.350865513 0.005605493 0.999983072 0.001564023 -5.088354588 -0.001617463 -0.001554979 0.999997497 358.012847900
0.999979973 -0.006101256 0.001684098 0.349100441 0.006098164 0.999979675 0.001835655 -5.112858295 -0.001695264 -0.001825348 0.999996841 359.600738525
0.999979198 -0.006277257 0.001483283 0.350351512 0.006275453 0.999979556 0.001217430 -5.140103340 -0.001490894 -0.001208096 0.999998152 361.193511963
0.999969065 -0.007722321 0.001440458 0.348900497 0.007722524 0.999970198 -0.000135089 -5.164989948 -0.001439371 0.000146209 0.999998927 362.780151367
0.999956667 -0.009201526 0.001393738 0.347407967 0.009199013 0.999956012 0.001798121 -5.190046787 -0.001410223 -0.001785222 0.999997437 364.389099121
0.999934673 -0.011393521 0.000851385 0.357669204 0.011391232 0.999931574 0.002648080 -5.216411591 -0.000881498 -0.002638209 0.999996126 365.988739014
0.999937057 -0.011154522 0.001211361 0.349909127 0.011152954 0.999936938 0.001295115 -5.231798172 -0.001225731 -0.001281523 0.999998450 367.574279785
0.999948323 -0.009864059 0.002435981 0.326483428 0.009863342 0.999951303 0.000306821 -5.248078346 -0.002438889 -0.000282778 0.999997020 369.176422119
0.999956548 -0.009078068 0.002097868 0.329678655 0.009074357 0.999957204 0.001771359 -5.287018299 -0.002113859 -0.001752246 0.999996245 370.764007568
0.999971867 -0.007216983 0.002080888 0.328516960 0.007212658 0.999971747 0.002078142 -5.299730301 -0.002095827 -0.002063075 0.999995649 372.368133545
0.999966443 -0.007747336 0.002673431 0.326451182 0.007740983 0.999967217 0.002378218 -5.332894325 -0.002691767 -0.002357443 0.999993622 373.949035645
0.999965668 -0.007659960 0.003185799 0.309948325 0.007656019 0.999969840 0.001247353 -5.348517895 -0.003195258 -0.001222919 0.999994159 375.541595459
0.999968469 -0.007275674 0.003181294 0.313265502 0.007271878 0.999972820 0.001202813 -5.378153324 -0.003189959 -0.001179641 0.999994218 377.142517090
0.999965608 -0.007474221 0.003604375 0.322188973 0.007468478 0.999970794 0.001603980 -5.408490181 -0.003616258 -0.001577005 0.999992192 378.766021729
0.999979138 -0.005133260 0.003915840 0.304937005 0.005129272 0.999986291 0.001027892 -5.422499657 -0.003921063 -0.001007785 0.999991834 380.367980957
0.999983668 -0.003277226 0.004671560 0.300687909 0.003271077 0.999993742 0.001323402 -5.444424629 -0.004675869 -0.001308099 0.999988198 381.966033936
0.999985695 -0.001917612 0.004993526 0.287490368 0.001914992 0.999998033 0.000529319 -5.464781284 -0.004994532 -0.000519749 0.999987364 383.599090576
