0.999999940 -0.000000000 -0.000000000 0.000000002 -0.000000000 1.000000000 0.000000000 -0.000000000 -0.000000000 0.000000000 1.000000000 -0.000000119
0.999997616 -0.001622384 -0.001435348 -0.002483397 0.001621047 0.999998271 -0.000932040 -0.007702762 0.001436857 0.000929711 0.999998510 0.564240396
0.999995410 -0.001811100 -0.002399490 -0.007897149 0.001804909 0.999995053 -0.002579510 -0.017665997 0.002404150 0.002575167 0.999993801 1.119493008
0.999986470 -0.002513163 -0.004535705 -0.008936151 0.002497115 0.999990642 -0.003540453 -0.035180632 0.004544560 0.003529079 0.999983430 1.685302496
0.999970138 -0.004370749 -0.006364292 -0.020190520 0.004335491 0.999975264 -0.005543134 -0.041415177 0.006388363 0.005515376 0.999964356 2.251634359
0.999943852 -0.007244232 -0.007722481 -0.026756264 0.007190292 0.999949634 -0.006989852 -0.065693036 0.007772730 0.006933934 0.999945700 2.807989597
0.999921799 -0.008474804 -0.009193146 -0.034361701 0.008405308 0.999935985 -0.007571985 -0.078714542 0.009256728 0.007494121 0.999929011 3.379504919
0.999909937 -0.008445861 -0.010430061 -0.048346397 0.008373643 0.999940813 -0.006948417 -0.091409683 0.010488128 0.006860454 0.999921381 3.958385944
0.999894619 -0.008883624 -0.011483319 -0.057917669 0.008799052 0.999933898 -0.007394549 -0.104640231 0.011548250 0.007292727 0.999906659 4.554767132
0.999884784 -0.008281243 -0.012720203 -0.067425191 0.008153398 0.999916077 -0.010069885 -0.121245548 0.012802525 0.009965012 0.999868393 5.146308422
0.999881506 -0.006593980 -0.013912907 -0.082815923 0.006401243 0.999883592 -0.013852564 -0.136001199 0.014002630 0.013761860 0.999807239 5.752758503
0.999869227 -0.005340827 -0.015260300 -0.098767363 0.005071572 0.999831736 -0.017628653 -0.147525951 0.015351883 0.017548954 0.999728143 6.365510464
0.999860585 -0.003431318 -0.016341016 -0.119187161 0.003142414 0.999838829 -0.017672649 -0.160689533 0.016399022 0.017618835 0.999710262 6.998043537
0.999843121 -0.001248710 -0.017667208 -0.128253773 0.001058913 0.999941707 -0.010748155 -0.171933174 0.017679602 0.010727761 0.999786079 7.635006428
0.999836326 -0.000340445 -0.018089378 -0.150385097 0.000339186 1.000000000 -0.000072636 -0.185608640 0.018089404 0.000066488 0.999836326 8.297320366
0.999816418 0.000432768 -0.019154703 -0.164236054 -0.000306401 0.999978125 0.006599611 -0.196619585 0.019157141 -0.006592531 0.999794722 8.980424881
0.999783695 0.002857152 -0.020596931 -0.182677776 -0.002747705 0.999981999 0.005340083 -0.209394932 0.020611817 -0.005282335 0.999773562 9.667585373
0.999762893 0.004739758 -0.021248415 -0.206629738 -0.004780237 0.999986947 -0.001854625 -0.214755327 0.021239350 0.001955756 0.999772429 10.358673096
0.999740124 0.004468746 -0.022350855 -0.227164283 -0.004643976 0.999958813 -0.007794229 -0.215024665 0.022315105 0.007896001 0.999719739 11.070464134
0.999720275 0.002036725 -0.023557622 -0.242878601 -0.002182794 0.999978542 -0.006176422 -0.217184514 0.023544537 0.006226117 0.999703348 11.809807777
0.999717534 0.001824501 -0.023695262 -0.268967360 -0.001750941 0.999993563 0.003124800 -0.230793357 0.023700811 -0.003082429 0.999714375 12.566757202
0.999711454 0.001405158 -0.023978662 -0.292128980 -0.001151107 0.999943137 0.010605438 -0.235883474 0.023992203 -0.010574778 0.999656260 13.343294144
0.999697030 0.000333305 -0.024611030 -0.314350367 -0.000012345 0.999914944 0.013040294 -0.236848459 0.024613284 -0.013036041 0.999612093 14.133376122
0.999689698 -0.001279743 -0.024874020 -0.331777215 0.001580322 0.999925852 0.012068185 -0.237499356 0.024856733 -0.012103751 0.999617755 14.940619469
0.999707043 -0.001682237 -0.024144815 -0.356151581 0.001915273 0.999951780 0.009631745 -0.238423184 0.024127446 -0.009675167 0.999662042 15.769353867
0.999724746 0.001054572 -0.023435745 -0.383096874 -0.000906363 0.999979496 0.006333775 -0.239699379 0.023441948 -0.006310792 0.999705195 16.606330872
0.999738038 -0.002379966 -0.022764320 -0.401434898 0.002393728 0.999997020 0.000577335 -0.242651418 0.022762876 -0.000631675 0.999740720 17.463514328
0.999741495 -0.005138378 -0.022150444 -0.418297023 0.005015309 0.999971747 -0.005608020 -0.252368957 0.022178639 0.005495478 0.999738812 18.331815720
0.999766648 -0.004166801 -0.021190144 -0.432477087 0.003933677 0.999931455 -0.011031333 -0.264993221 0.021234656 0.010945405 0.999714613 19.247169495
0.999779582 -0.002919374 -0.020784238 -0.459556222 0.002672763 0.999925911 -0.011883167 -0.279540688 0.020817386 0.011824997 0.999713421 20.152275085
0.999762356 -0.002927424 -0.021597404 -0.475769252 0.002682105 0.999931693 -0.011378946 -0.297356397 0.021629235 0.011318314 0.999702036 21.090200424
0.999770701 -0.001240587 -0.021373441 -0.507915616 0.000972798 0.999920964 -0.012534922 -0.325010389 0.021387301 0.012511255 0.999692976 22.029520035
0.999772131 0.001647512 -0.021281261 -0.526731312 -0.001961822 0.999889195 -0.014756900 -0.345010489 0.021254592 0.014795290 0.999664605 23.015373230
0.999754548 0.004938806 -0.021595335 -0.554482818 -0.005277862 0.999863267 -0.015671689 -0.367036343 0.021514984 0.015781822 0.999643922 23.979904175
0.999751508 0.006708012 -0.021254893 -0.593167067 -0.007040644 0.999853373 -0.015613636 -0.394489378 0.021147039 0.015759405 0.999652147 24.963407516
0.999741673 0.007698200 -0.021385470 -0.620972693 -0.008032592 0.999846220 -0.015594813 -0.420034677 0.021262128 0.015762568 0.999649644 25.941677094
0.999729872 0.007307454 -0.022063768 -0.635411024 -0.007650956 0.999850273 -0.015524517 -0.446034431 0.021947017 0.015689131 0.999635994 26.916255951
0.999710977 0.008840989 -0.022356205 -0.654872537 -0.009163570 0.999854803 -0.014368018 -0.480889559 0.022225935 0.014568729 0.999646723 27.954877853
0.999696612 0.009400955 -0.022765635 -0.680000424 -0.009678591 0.999879777 -0.012116084 -0.509532213 0.022648998 0.012332749 0.999667287 28.972473145
0.999686301 0.009927604 -0.022996686 -0.707859159 -0.010179683 0.999889135 -0.010870444 -0.537597358 0.022886220 0.011101133 0.999676347 29.992050171
0.999676108 0.010502547 -0.023184747 -0.733775854 -0.010789943 0.999866128 -0.012305847 -0.559141278 0.023052404 0.012552023 0.999655366 31.027736664
0.999666870 0.011601404 -0.023060197 -0.771002352 -0.011910656 0.999840379 -0.013318778 -0.586493611 0.022902003 0.013589001 0.999645352 32.044666290
0.999664187 0.011151441 -0.023394456 -0.802035213 -0.011443951 0.999857545 -0.012406994 -0.612313032 0.023252767 0.012670550 0.999649346 33.082336426
0.999657035 0.010811579 -0.023852505 -0.832345188 -0.011053337 0.999888659 -0.010027085 -0.634637117 0.023741441 0.010287296 0.999665260 34.135467529
0.999638736 0.011133873 -0.024461735 -0.864386320 -0.011288690 0.999917030 -0.006199981 -0.660986781 0.024390679 0.006473881 0.999681592 35.188167572
0.999624848 0.011306081 -0.024943987 -0.894376516 -0.011401241 0.999928236 -0.003675979 -0.688920557 0.024900634 0.003958993 0.999682069 36.271877289
0.999613225 0.011579771 -0.025283160 -0.928416312 -0.011663957 0.999926865 -0.003184728 -0.707000196 0.025244428 0.003478397 0.999675274 37.343135834
0.999593973 0.010893599 -0.026326936 -0.953088760 -0.011013372 0.999929607 -0.004408712 -0.731285214 0.026277058 0.004696872 0.999643624 38.435035706
0.999577761 0.011502473 -0.026680525 -0.994035661 -0.011644904 0.999918699 -0.005189163 -0.747015476 0.026618667 0.005497664 0.999630570 39.510997772
0.999571025 0.010665055 -0.027274443 -1.031733751 -0.010780296 0.999933481 -0.004081663 -0.768984973 0.027229099 0.004373938 0.999619603 40.592464447
0.999538362 0.011326881 -0.028189214 -1.067420959 -0.011401545 0.999931872 -0.002489410 -0.782498837 0.028159099 0.002809661 0.999599516 41.679397583
0.999535263 0.010673966 -0.028549841 -1.108632684 -0.010659393 0.999942958 0.000662586 -0.813748121 0.028555287 -0.000357954 0.999592125 42.771148682
0.999505997 0.012257586 -0.028936347 -1.151975274 -0.012250396 0.999924839 0.000425758 -0.833838999 0.028939392 -0.000071067 0.999581218 43.846240997
0.999474943 0.013337607 -0.029529398 -1.180128217 -0.013445565 0.999903619 -0.003460222 -0.856110215 0.029480401 0.003855445 0.999557912 44.937469482
0.999462783 0.014550220 -0.029369598 -1.220754266 -0.014783011 0.999860942 -0.007724593 -0.874998093 0.029253120 0.008154613 0.999538720 46.020351410
0.999445796 0.015103769 -0.029667001 -1.256316543 -0.015351122 0.999849141 -0.008127583 -0.898005128 0.029539768 0.008578500 0.999526858 47.099330902
0.999434173 0.015553379 -0.029823018 -1.292212248 -0.015715800 0.999862909 -0.005219494 -0.926562250 0.029737746 0.005685234 0.999541581 48.195671082
0.999447107 0.015704250 -0.029306095 -1.333105564 -0.015797583 0.999870837 -0.002955975 -0.951089740 0.029255889 0.003417306 0.999566138 49.316574097
0.999472022 0.014213694 -0.029217325 -1.369462490 -0.014271864 0.999896526 -0.001783303 -0.971793473 0.029188957 0.002199347 0.999571502 50.404132843
0.999481559 0.014092030 -0.028951351 -1.402351022 -0.014164573 0.999897063 -0.002302010 -0.997998595 0.028915931 0.002710899 0.999578238 51.493896484
0.999497592 0.013583039 -0.028635958 -1.443595529 -0.013720500 0.999895275 -0.004609245 -1.014696956 0.028570350 0.004999829 0.999579191 52.588127136
0.999504805 0.013287878 -0.028522119 -1.471096516 -0.013480307 0.999887645 -0.006564954 -1.038226128 0.028431678 0.006946190 0.999571502 53.675132751
0.999516606 0.012803625 -0.028326524 -1.508502364 -0.013067568 0.999872744 -0.009152372 -1.067776203 0.028205734 0.009518107 0.999556780 54.780265808
0.999548733 0.011034958 -0.027938904 -1.545541406 -0.011380307 0.999860406 -0.012232159 -1.102416873 0.027800022 0.012544592 0.999534786 55.864452362
0.999564171 0.009367192 -0.027995830 -1.573361516 -0.009754227 0.999858201 -0.013720238 -1.135592461 0.027863340 0.013987334 0.999513865 56.952545166
0.999597549 0.007294997 -0.027415875 -1.605875254 -0.007605225 0.999908030 -0.011228390 -1.167986631 0.027331442 0.011432373 0.999561071 58.036666870
0.999608815 0.006595445 -0.027178343 -1.647638559 -0.006758758 0.999959648 -0.005921531 -1.191040277 0.027138188 0.006102907 0.999613047 59.148738861
0.999622941 0.004997727 -0.027000155 -1.678422213 -0.004999300 0.999987543 0.000009232 -1.212230206 0.026999865 0.000125755 0.999635458 60.245422363
0.999634087 0.003620785 -0.026806835 -1.709432483 -0.003606449 0.999993324 0.000583131 -1.232358456 0.026808776 -0.000486240 0.999640465 61.337314606
0.999634147 0.000370238 -0.027046161 -1.733978629 -0.000434524 0.999997079 -0.002371049 -1.248719215 0.027045205 0.002381934 0.999631345 62.433197021
0.999638677 -0.001070881 -0.026860585 -1.769598842 0.000918385 0.999983430 -0.005689004 -1.268015504 0.026866233 0.005662279 0.999623001 63.522018433
0.999644160 0.001234881 -0.026646633 -1.809239507 -0.001487153 0.999954283 -0.009449570 -1.302246213 0.026633745 0.009485836 0.999600291 64.614334106
0.999646306 0.001332909 -0.026563734 -1.841311097 -0.001700573 0.999903023 -0.013823045 -1.327054262 0.026542732 0.013863330 0.999551535 65.707450867
0.999656260 0.004208418 -0.025881303 -1.883685708 -0.004588326 0.999882340 -0.014636997 -1.352635741 0.025816660 0.014750715 0.999557853 66.811851501
0.999656856 0.008253670 -0.024860522 -1.933347464 -0.008524634 0.999905169 -0.010813097 -1.390025616 0.024768917 0.011021312 0.999632478 67.909286499
0.999648809 0.009431619 -0.024763593 -1.966735601 -0.009644902 0.999917269 -0.008507470 -1.418266058 0.024681306 0.008743322 0.999657154 69.004623413
0.999655068 0.008630955 -0.024804626 -1.998219848 -0.008822664 0.999931991 -0.007629760 -1.447678924 0.024737086 0.007845970 0.999663234 70.089668274
0.999659956 0.007549739 -0.024956921 -2.024887562 -0.007733797 0.999943495 -0.007286722 -1.467738271 0.024900494 0.007477255 0.999661982 71.210784912
0.999666214 0.006371425 -0.025034491 -2.057364225 -0.006510169 0.999963880 -0.005464504 -1.500334859 0.024998769 0.005625659 0.999671638 72.300048828
0.999665380 0.004786980 -0.025416272 -2.089137316 -0.004880864 0.999981403 -0.003633095 -1.523145318 0.025398403 0.003755933 0.999670327 73.400039673
0.999652505 0.003487771 -0.026132673 -2.120740414 -0.003541837 0.999991834 -0.002022899 -1.546647310 0.026125405 0.002114754 0.999656379 74.491935730
0.999647677 0.002920811 -0.026382294 -2.157049179 -0.003005826 0.999990523 -0.003183346 -1.572601318 0.026372744 0.003261525 0.999646783 75.577812195
0.999626279 0.003127616 -0.027157214 -2.189223289 -0.003316664 0.999970496 -0.006918982 -1.599498630 0.027134771 0.007006469 0.999607205 76.661888123
0.999597132 0.003645490 -0.028147945 -2.218751907 -0.003901371 0.999951541 -0.009041004 -1.624279857 0.028113620 0.009147177 0.999562860 77.740447998
0.999577403 0.005453652 -0.028549211 -2.259334326 -0.005664202 0.999957323 -0.007299343 -1.652466893 0.028508183 0.007457969 0.999565721 78.822326660
0.999549866 0.006996118 -0.029170735 -2.298772573 -0.007086840 0.999970376 -0.003007856 -1.674701691 0.029148828 0.003213232 0.999569893 79.896209717
0.999528408 0.007416595 -0.029798964 -2.331349850 -0.007389018 0.999972105 0.001035435 -1.703285336 0.029805813 -0.000814761 0.999555290 80.985237122
0.999499083 0.008755493 -0.030410063 -2.374466181 -0.008713695 0.999960959 0.001506713 -1.720162630 0.030422065 -0.001240974 0.999536335 82.052284241
0.999479353 0.008826713 -0.031033462 -2.413656235 -0.008858810 0.999960363 -0.000896964 -1.735470414 0.031024313 0.001171416 0.999517918 83.120491028
0.999481797 0.008525061 -0.031041998 -2.460464001 -0.008578578 0.999961913 -0.001591258 -1.756892443 0.031027252 0.001856729 0.999516785 84.187583923
0.999455810 0.008051121 -0.031986516 -2.484199286 -0.008093899 0.999966562 -0.001208087 -1.789216399 0.031975713 0.001466325 0.999487579 85.242187500
0.999450862 0.006920816 -0.032403849 -2.524497747 -0.006960022 0.999975264 -0.001097251 -1.808250666 0.032395449 0.001322180 0.999474287 86.276153564
0.999431789 0.005713808 -0.033217266 -2.560480118 -0.005712940 0.999983728 0.000121099 -1.828638911 0.033217415 0.000068738 0.999448180 87.308807373
0.999417305 0.006174902 -0.033569604 -2.605132818 -0.006063221 0.999975860 0.003427703 -1.858820558 0.033589948 -0.003222166 0.999430537 88.298400879
0.999384463 0.005116516 -0.034705870 -2.640455246 -0.004980135 0.999979496 0.004014928 -1.872834325 0.034725696 -0.003839618 0.999389470 89.277839661
0.999304354 0.003951709 -0.037081629 -2.675396442 -0.003800059 0.999984145 0.004159220 -1.887877345 0.037097473 -0.004015415 0.999303579 90.233932495
0.999193311 0.003124233 -0.040035117 -2.720641375 -0.002989183 0.999989629 0.003432697 -1.913149118 0.040045422 -0.003310255 0.999192357 91.175865173
0.999053895 0.003061175 -0.043381285 -2.766802073 -0.002949168 0.999992132 0.002645695 -1.930941343 0.043389041 -0.002515253 0.999055028 92.096542358
0.998930037 0.002834807 -0.046158101 -2.818746805 -0.002700101 0.999991894 0.002980461 -1.947205186 0.046166174 -0.002852641 0.998929679 92.985237122
0.998754084 0.003904875 -0.049748898 -2.862018824 -0.003707730 0.999984860 0.004054465 -1.967125654 0.049763989 -0.003864958 0.998753488 93.856040955
0.998590767 0.004319380 -0.052894343 -2.911563158 -0.004037507 0.999977112 0.005434688 -1.987223268 0.052916609 -0.005213467 0.998585343 94.697402954
0.998432934 0.006114526 -0.055624850 -2.968543530 -0.005752632 0.999961317 0.006663781 -1.997764230 0.055663440 -0.006333350 0.998429418 95.507148743
0.998277247 0.007557281 -0.058183242 -3.020920038 -0.007137472 0.999947071 0.007419742 -2.013107061 0.058236226 -0.006991678 0.998278320 96.300498962
0.998107016 0.009915277 -0.060696259 -3.074026585 -0.009450390 0.999923885 0.007941555 -2.028979301 0.060770378 -0.007352918 0.998124599 97.059577942
0.997928023 0.011602056 -0.063284643 -3.135154009 -0.011181182 0.999913037 0.007000626 -2.047973871 0.063360363 -0.006278524 0.997970998 97.781532288
0.997721910 0.012936274 -0.066209443 -3.181950808 -0.012754642 0.999913752 0.003165298 -2.061765909 0.066244677 -0.002313609 0.997800708 98.478797913
0.997519672 0.015153432 -0.068736799 -3.239577055 -0.015222583 0.999884069 -0.000482279 -2.076945782 0.068721518 0.001527436 0.997634828 99.147453308
0.997374654 0.016935388 -0.070404522 -3.301988840 -0.017202439 0.999846995 -0.003188470 -2.090306520 0.070339747 0.004391229 0.997513473 99.780975342
0.997269332 0.018970510 -0.071370974 -3.345352411 -0.019300098 0.999806106 -0.003931073 -2.107429504 0.071282566 0.005297806 0.997442067 100.408210754
0.997278035 0.021197563 -0.070618629 -3.393529654 -0.021494549 0.999763012 -0.003448142 -2.123757124 0.070528790 0.004956672 0.997497380 100.996002197
0.997406483 0.025187325 -0.067421563 -3.441128016 -0.025381062 0.999675751 -0.002018348 -2.136709452 0.067348860 0.003724344 0.997722507 101.561851501
0.997699261 0.027696995 -0.061877612 -3.481829643 -0.027789855 0.999613523 -0.000640453 -2.150114298 0.061835948 0.002358549 0.998083472 102.103630066
0.998096168 0.028580038 -0.054654904 -3.505079269 -0.028540462 0.999591470 0.001504691 -2.165549994 0.054675579 0.000058050 0.998504102 102.622138977
0.998581409 0.028512990 -0.044967581 -3.527358770 -0.028354192 0.999589205 0.004165466 -2.181504488 0.045067880 -0.002884538 0.998979747 103.122901917
0.999061167 0.027951689 -0.033096928 -3.535767555 -0.027792325 0.999599874 0.005265452 -2.191690207 0.033230860 -0.004340668 0.999438286 103.608215332
0.999439359 0.026682027 -0.020227015 -3.528404951 -0.026576661 0.999631941 0.005460351 -2.205617189 0.020365259 -0.004919723 0.999780476 104.056159973
0.999634385 0.026585475 -0.004915102 -3.523388386 -0.026563039 0.999636769 0.004575016 -2.216002226 0.005034945 -0.004442784 0.999977410 104.494590759
0.999604106 0.025017980 0.012871144 -3.503155947 -0.025039647 0.999685407 0.001524819 -2.225462437 -0.012828953 -0.001846505 0.999916017 104.918457031
0.999112964 0.024734685 0.034079622 -3.471807003 -0.024660546 0.999692619 -0.002594151 -2.245220184 -0.034133308 0.001751427 0.999415755 105.334159851
0.998061180 0.022347281 0.058089338 -3.422627449 -0.021939909 0.999730051 -0.007641343 -2.251809359 -0.058244433 0.006352053 0.998282135 105.733535767
0.996127129 0.020345021 0.085536711 -3.368491173 -0.019508295 0.999753475 -0.010606653 -2.261070728 -0.085731439 0.008896899 0.996278524 106.134124756
0.993189871 0.017491862 0.115185373 -3.292323589 -0.016253309 0.999799669 -0.011683192 -2.273732901 -0.115366660 0.009731486 0.993275285 106.528076172
0.988878429 0.014913579 0.147975683 -3.216172695 -0.013065316 0.999824166 -0.013454531 -2.292236090 -0.148150310 0.011371547 0.988899529 106.908798218
0.982894063 0.012627925 0.183737993 -3.121128798 -0.010038008 0.999836743 -0.015019030 -2.302588224 -0.183897644 0.012917753 0.982860506 107.254608154
0.974985540 0.009641162 0.222058907 -3.000251293 -0.006302647 0.999856234 -0.015738105 -2.313348532 -0.222178712 0.013944866 0.974906266 107.620277405
0.964967251 0.007384758 0.262266308 -2.879435778 -0.003185712 0.999859869 -0.016432218 -2.329204559 -0.262350917 0.015021049 0.964855611 107.965209961
0.952529430 0.008316417 0.304332882 -2.748674154 -0.003145707 0.999842227 -0.017476680 -2.345273495 -0.304430246 0.015689710 0.952405453 108.299697876
0.937182546 0.010317060 0.348686635 -2.610090733 -0.004350055 0.999830425 -0.017891468 -2.358835459 -0.348812103 0.015250768 0.937068641 108.612075806
0.919320226 0.010650784 0.393366188 -2.439543962 -0.004324472 0.999846697 -0.016965307 -2.367105484 -0.393486559 0.013895450 0.919225395 108.935256958
0.898975134 0.009652955 0.437893420 -2.254460573 -0.003015978 0.999869823 -0.015849544 -2.377780676 -0.437989414 0.012927667 0.898887157 109.243202209
0.875952303 0.008371638 0.482325077 -2.061477661 -0.000581759 0.999866962 -0.016297994 -2.390682936 -0.482397377 0.013995670 0.875840724 109.517166138
0.850670755 0.009618690 0.525610864 -1.841188073 0.000048047 0.999831140 -0.018374693 -2.408340216 -0.525698900 0.015656069 0.850526690 109.809745789
0.822848201 0.011878943 0.568136930 -1.619048715 0.000801057 0.999756277 -0.022063684 -2.422089815 -0.568260550 0.018610176 0.822638273 110.079277039
0.792702615 0.015277745 0.609417200 -1.375108719 0.000149292 0.999681056 -0.025255635 -2.450942039 -0.609608531 0.020111186 0.792447507 110.340690613
0.758460462 0.021658171 0.651359081 -1.125413179 -0.003512890 0.999569058 -0.029145902 -2.463157654 -0.651709497 0.019817861 0.758209646 110.597640991
0.720904768 0.026270419 0.692536175 -0.854656756 -0.005391750 0.999463677 -0.032300685 -2.469331980 -0.693013310 0.019551735 0.720659673 110.844871521
0.681509435 0.026688715 0.731322587 -0.560774207 -0.003601770 0.999445021 -0.033117075 -2.485466719 -0.731800556 0.019935541 0.681227207 111.070007324
0.640830696 0.023864195 0.767311156 -0.246672839 0.000743822 0.999496996 -0.031706631 -2.498806715 -0.767681837 0.020889325 0.640490532 111.267265320
0.596851468 0.022018457 0.802049518 0.078885213 0.002768728 0.999560952 -0.029501056 -2.501483202 -0.802346945 0.019828405 0.596528351 111.463577271
0.551059246 0.020593008 0.834211886 0.402928084 0.002874578 0.999642670 -0.026575634 -2.522879601 -0.834461093 0.017042758 0.550803185 111.616462708
0.502842247 0.018023107 0.864190161 0.759639621 0.004719119 0.999710441 -0.023595335 -2.533125401 -0.864365220 0.015942948 0.502611637 111.781463623
0.452138543 0.014368447 0.891831934 1.131952763 0.007622279 0.999771476 -0.019971799 -2.542762995 -0.891915023 0.015827812 0.451925784 111.928787231
0.399620891 0.014213715 0.916570246 1.490132451 0.004205040 0.999840736 -0.017338412 -2.569105864 -0.916670799 0.010783006 0.399497628 112.061210632
0.348471045 0.019560490 0.937115371 1.884429216 0.000672033 0.999776781 -0.021118322 -2.572755098 -0.937319219 0.007988898 0.348380208 112.179351807
0.297650486 0.024910830 0.954349816 2.283362150 -0.000899918 0.999666393 -0.025813028 -2.590094566 -0.954674363 0.006824423 0.297573626 112.279609680
0.251125246 0.027297504 0.967569590 2.688741684 0.000634173 0.999597430 -0.028365681 -2.600513697 -0.967954278 0.007736944 0.251006842 112.349136353
0.209892020 0.026756287 0.977358341 3.110141277 0.007641893 0.999550104 -0.029004937 -2.618969917 -0.977694631 0.013556773 0.209593117 112.398139954
0.174716741 0.026491029 0.984262288 3.543314457 0.016264893 0.999424040 -0.029786285 -2.630873442 -0.984484315 0.021213081 0.174185202 112.436607361
0.144266441 0.027714821 0.989150703 3.998617649 0.020623986 0.999306500 -0.031007353 -2.645706654 -0.989323854 0.024873547 0.143594772 112.472816467
0.115919672 0.025819236 0.992922843 4.471560478 0.018693490 0.999428451 -0.028170787 -2.666434050 -0.993082583 0.021826740 0.115370765 112.520271301
0.090528980 0.022677962 0.995635569 4.989068985 0.012733341 0.999632716 -0.023926793 -2.677353144 -0.995812297 0.014843834 0.090206981 112.568862915
0.067148730 0.018684480 0.997568011 5.462417126 0.007243938 0.999789119 -0.019213689 -2.695297003 -0.997716665 0.008516497 0.066999234 112.588691711
0.044634037 0.016265055 0.998871028 5.987156868 0.011297121 0.999795258 -0.016784912 -2.713992119 -0.998939574 0.012033544 0.044441149 112.593315125
0.024313739 0.017003402 0.999559879 6.524852753 0.018999305 0.999666810 -0.017467376 -2.730634451 -0.999523759 0.019415637 0.023982586 112.579765320
0.007009537 0.019417061 0.999786854 7.077151775 0.023958072 0.999521077 -0.019579871 -2.748899937 -0.999688327 0.024090212 0.006540983 112.562248230
-0.007926831 0.024610272 0.999665737 7.675595760 0.023026023 0.999436438 -0.024422046 -2.768465281 -0.999703407 0.022824736 -0.008489036 112.569602966
-0.018235302 0.029662780 0.999393642 8.292918205 0.021906337 0.999331772 -0.029261230 -2.769627810 -0.999593735 0.021359466 -0.018872919 112.554542542
-0.024800546 0.029277548 0.999263585 8.914208412 0.023892337 0.999302983 -0.028685719 -2.788725138 -0.999406874 0.023163320 -0.025482766 112.537818909
-0.027532047 0.026506366 0.999269426 9.560092926 0.030159039 0.999215364 -0.025673984 -2.804067612 -0.999165893 0.029430149 -0.028309850 112.515899658
-0.026985908 0.024506509 0.999335349 10.206839561 0.031264711 0.999231100 -0.023659686 -2.834064007 -0.999146819 0.030605458 -0.027731348 112.490859985
-0.024748219 0.024113504 0.999402821 10.900384903 0.029987747 0.999277115 -0.023367884 -2.858777761 -0.999243736 0.029391525 -0.025453437 112.475555420
-0.023369087 0.024688872 0.999422014 11.586324692 0.026712311 0.999353528 -0.024062579 -2.877942801 -0.999369919 0.026134549 -0.024013476 112.465515137
-0.022142958 0.025726993 0.999423683 12.296898842 0.026058245 0.999343991 -0.025147606 -2.898045063 -0.999415100 0.025486382 -0.022798829 112.460258484
-0.021149743 0.026486538 0.999425411 13.026239395 0.025450153 0.999339342 -0.025945686 -2.925493479 -0.999452353 0.024886783 -0.021809857 112.444328308
-0.020652136 0.026413694 0.999437749 13.776418686 0.024655808 0.999360502 -0.025902169 -2.943972349 -0.999482691 0.024107015 -0.021290177 112.440849304
-0.020124447 0.024894256 0.999487519 14.533246994 0.024001738 0.999413908 -0.024409154 -2.971887112 -0.999509394 0.023498220 -0.020710157 112.431259155
-0.019289907 0.023265826 0.999543130 15.297692299 0.024613051 0.999437273 -0.022788363 -3.006666660 -0.999510825 0.024162224 -0.019851696 112.410781860
-0.019852608 0.021098837 0.999580145 16.083086014 0.025088711 0.999473035 -0.020598289 -3.030228138 -0.999487996 0.024669252 -0.020371486 112.398574829
-0.021478936 0.019331770 0.999582350 16.865602493 0.021843605 0.999583483 -0.018862421 -3.060904503 -0.999530613 0.021429332 -0.021892261 112.393135071
-0.022118341 0.018393613 0.999586284 17.654542923 0.022458469 0.999587595 -0.017896695 -3.080827475 -0.999503016 0.022053327 -0.022522314 112.368415833
-0.023291904 0.016089344 0.999599278 18.452205658 0.024823602 0.999571562 -0.015510479 -3.097218752 -0.999420464 0.024452381 -0.023681320 112.348228455
-0.024795504 0.014441194 0.999588251 19.266014099 0.026187466 0.999561965 -0.013791217 -3.120957613 -0.999349415 0.025834719 -0.025162818 112.331459045
-0.026450580 0.013259742 0.999562204 20.092487335 0.023623796 0.999641120 -0.012635655 -3.153494358 -0.999370992 0.023279227 -0.026754331 112.314666748
-0.026869752 0.018141264 0.999474287 20.918331146 0.020431167 0.999636412 -0.017594934 -3.177163124 -0.999430120 0.019947657 -0.027230630 112.290794373
-0.027864315 0.022695100 0.999353945 21.754322052 0.021791585 0.999518335 -0.022091232 -3.202315092 -0.999374151 0.021161949 -0.028345458 112.272850037
-0.029149728 0.024597336 0.999272346 22.587316513 0.021784002 0.999475241 -0.023966873 -3.226071835 -0.999337673 0.021069521 -0.029670263 112.253227234
-0.030680012 0.022252299 0.999281466 23.434654236 0.018376604 0.999595821 -0.021695092 -3.257741451 -0.999360323 0.017697796 -0.031076532 112.235839844
-0.031513020 0.017905086 0.999342918 24.278045654 0.015619707 0.999726236 -0.017419407 -3.289827824 -0.999381304 0.015060506 -0.031784069 112.217071533
-0.031751450 0.012491172 0.999417722 25.132518768 0.014196205 0.999826729 -0.012045270 -3.317819595 -0.999395013 0.013805482 -0.031923279 112.194511414
-0.031992868 0.006701589 0.999465644 25.983819962 0.010559753 0.999923944 -0.006366644 -3.342642069 -0.999432385 0.010350421 -0.032061208 112.174804688
-0.032019135 0.004934266 0.999475002 26.829713821 0.007452734 0.999961197 -0.004697911 -3.374094486 -0.999459445 0.007298398 -0.032054670 112.163795471
-0.031015428 0.012225805 0.999444067 27.665493011 0.010020562 0.999878705 -0.011920160 -3.400293350 -0.999468625 0.009645284 -0.031134183 112.129577637
-0.029536260 0.023397429 0.999289811 28.494153976 0.012776805 0.999653101 -0.023028292 -3.423651695 -0.999481976 0.012087560 -0.029824961 112.099494934
-0.029371597 0.028998926 0.999147832 29.328668594 0.014751627 0.999482810 -0.028575001 -3.443200588 -0.999459684 0.013899765 -0.029784188 112.083244324
-0.028435761 0.023075480 0.999329150 30.174913406 0.016033465 0.999615490 -0.022625862 -3.482195616 -0.999466956 0.015379327 -0.028794805 112.065452576
-0.027329043 0.015424319 0.999507368 31.004743576 0.019316554 0.999702334 -0.014899165 -3.513166666 -0.999439836 0.018899858 -0.027618857 112.035629272
-0.026281603 0.012794602 0.999572635 31.834920883 0.020762732 0.999709368 -0.012250441 -3.537311077 -0.999438941 0.020431899 -0.026539618 112.010620117
-0.026719047 0.013609329 0.999550223 32.654205322 0.019711796 0.999720037 -0.013084725 -3.561606169 -0.999448657 0.019353319 -0.026979834 111.995277405
-0.027750045 0.014017615 0.999516666 33.473133087 0.015843393 0.999782205 -0.013581475 -3.594566345 -0.999489307 0.015458848 -0.027966090 111.980682373
-0.029776992 0.014236839 0.999455094 34.285167694 0.014094976 0.999805093 -0.013821888 -3.618847370 -0.999457181 0.013675720 -0.029971857 111.961624146
-0.031921994 0.014108185 0.999390721 35.096527100 0.013765562 0.999811649 -0.013674435 -3.644525290 -0.999395549 0.013320659 -0.032110192 111.937164307
-0.033746030 0.014386863 0.999326825 35.899520874 0.012643373 0.999822497 -0.013967047 -3.671887398 -0.999350488 0.012163528 -0.033921942 111.912338257
-0.036169715 0.014393117 0.999241948 36.732830048 0.010132738 0.999850154 -0.014035100 -3.699806690 -0.999294341 0.009617412 -0.036310136 111.904296875
-0.038337123 0.013792179 0.999169648 37.504318237 0.009352156 0.999865830 -0.013442954 -3.723508358 -0.999221087 0.008829026 -0.038460977 111.875808716
-0.040232796 0.012818892 0.999108016 38.293964386 0.009732476 0.999875247 -0.012436819 -3.748025179 -0.999142945 0.009223427 -0.040352542 111.842590332
-0.042209737 0.012536585 0.999030113 39.074142456 0.009038468 0.999885142 -0.012165433 -3.778373241 -0.999067843 0.008516202 -0.042318206 111.811874390
-0.044079483 0.013799195 0.998932660 39.871635437 0.009543911 0.999864757 -0.013390929 -3.798226833 -0.998982370 0.008943459 -0.044205222 111.787704468
-0.045377512 0.014099027 0.998870373 40.657730103 0.009771744 0.999858856 -0.013669059 -3.823265314 -0.998922110 0.009140437 -0.045508876 111.757156372
-0.046110269 0.012595173 0.998857021 41.413101196 0.012069752 0.999854505 -0.012050577 -3.853659153 -0.998863399 0.011500299 -0.046255585 111.715065002
-0.047670003 0.011931525 0.998791814 42.188934326 0.012054368 0.999862671 -0.011368989 -3.878233433 -0.998790443 0.011497843 -0.047807284 111.684753418
-0.049219772 0.011735471 0.998718977 42.952098846 0.011035281 0.999876320 -0.011205219 -3.899551868 -0.998726964 0.010469626 -0.049343187 111.655090332
-0.050459005 0.010746540 0.998668253 43.711647034 0.008821355 0.999907851 -0.010314169 -3.922115326 -0.998687208 0.008289164 -0.050549157 111.624374390
-0.051853340 0.009677715 0.998607814 44.449928284 0.007808649 0.999926448 -0.009285023 -3.945804119 -0.998624206 0.007316318 -0.051925085 111.598815918
-0.053019352 0.009102819 0.998551965 45.174163818 0.007904798 0.999930978 -0.008695673 -3.974446058 -0.998562217 0.007432312 -0.053087644 111.574035645
-0.052245650 0.011754293 0.998565078 45.857749939 0.007603932 0.999906421 -0.011372238 -3.988432884 -0.998605311 0.006998870 -0.052330147 111.526679993
-0.052454729 0.014754235 0.998514235 46.559890747 0.007940185 0.999865353 -0.014357079 -4.010663986 -0.998591781 0.007175290 -0.052564818 111.497276306
-0.052422941 0.016492890 0.998488784 47.259792328 0.005910803 0.999851167 -0.016205065 -4.031333923 -0.998607516 0.005052352 -0.052512631 111.464294434
-0.052863568 0.016921835 0.998458385 47.959827423 0.006096300 0.999843240 -0.016622534 -4.060621738 -0.998583138 0.005208175 -0.052958451 111.433563232
-0.052795742 0.016783874 0.998464286 48.658950806 0.007437712 0.999837518 -0.016413674 -4.083353996 -0.998577654 0.006559718 -0.052912001 111.398399353
-0.053411141 0.015945697 0.998445272 49.346446991 0.007895667 0.999847949 -0.015545722 -4.110294819 -0.998541415 0.007053078 -0.053528920 111.366416931
-0.053241912 0.016797174 0.998440385 50.029136658 0.004998808 0.999850452 -0.016554331 -4.124970436 -0.998569131 0.004109627 -0.053317919 111.332809448
-0.053227697 0.016369086 0.998448133 50.715686798 0.001999405 0.999865294 -0.016285734 -4.158857822 -0.998580396 0.001129450 -0.053253263 111.306655884
-0.053245712 0.014791695 0.998471856 51.403457642 0.003330340 0.999887228 -0.014635069 -4.184448719 -0.998575926 0.002545996 -0.053288974 111.276435852
-0.054106455 0.014439058 0.998430729 52.081157684 0.004413142 0.999889016 -0.014220999 -4.203287601 -0.998525381 0.003636769 -0.054164182 111.239433289
-0.057547979 0.013575777 0.998250425 52.734378815 0.000605674 0.999907851 -0.013563401 -4.231083870 -0.998342514 -0.000175932 -0.057550900 111.203590393
-0.063042171 0.013311407 0.997922063 53.411968231 -0.002900841 0.999904335 -0.013521108 -4.252034187 -0.998006582 -0.003747214 -0.062997520 111.174949646
-0.068464845 0.017471984 0.997500479 54.076080322 0.000830809 0.999847293 -0.017456071 -4.269838333 -0.997653127 -0.000366395 -0.068468906 111.113609314
-0.074971177 0.020356383 0.996977925 54.743846893 0.003361842 0.999791086 -0.020161022 -4.289200306 -0.997179985 0.001840186 -0.075023964 111.059707642
-0.081995726 0.021966809 0.996390522 55.415233612 0.002323299 0.999758542 -0.021849874 -4.312463284 -0.996629894 0.000523318 -0.082026958 111.002098083
-0.088812493 0.021191861 0.995822906 56.109806061 -0.001571145 0.999769449 -0.021415969 -4.334489346 -0.996047080 -0.003466587 -0.088758729 110.953186035
-0.094409794 0.020158181 0.995329320 56.798164368 -0.001777632 0.999789953 -0.020417139 -4.359317303 -0.995531857 -0.003696908 -0.094354153 110.893371582
-0.099222444 0.021199802 0.994839370 57.495532990 -0.003553576 0.999759138 -0.021659065 -4.377293587 -0.995058894 -0.005684302 -0.099123210 110.835639954
-0.102841474 0.019679712 0.994502962 58.173069000 -0.005984438 0.999773920 -0.020402865 -4.409301758 -0.994679749 -0.008049801 -0.102700442 110.761474609
-0.105406322 0.016702913 0.994288862 58.878242493 -0.005256847 0.999835670 -0.017353378 -4.427859306 -0.994415343 -0.007055982 -0.105301179 110.690551758
-0.106393218 0.013527572 0.994231999 59.586143494 -0.003524007 0.999896049 -0.013981742 -4.450549603 -0.994317830 -0.004991243 -0.106334470 110.604133606
-0.107593521 0.010475722 0.994139731 60.306629181 -0.003919379 0.999932170 -0.010960951 -4.476644039 -0.994187236 -0.005075737 -0.107545167 110.528434753
-0.109347902 0.009839255 0.993954778 61.037830353 -0.005227094 0.999931395 -0.010473470 -4.499024391 -0.993989766 -0.006340746 -0.109288968 110.459739685
-0.110336430 0.014233341 0.993792295 61.778957367 -0.002475230 0.999890447 -0.014595494 -4.512739658 -0.993891180 -0.004070280 -0.110289112 110.384414673
-0.110399708 0.018106112 0.993722260 62.513214111 0.003333038 0.999835193 -0.017847201 -4.535301685 -0.993881643 0.001341789 -0.110441864 110.298263550
-0.111224808 0.023179961 0.993524849 63.263038635 0.010688759 0.999698043 -0.022127384 -4.559902668 -0.993737817 0.008158432 -0.111438990 110.211059570
-0.111452661 0.024266902 0.993473351 64.009582520 0.011353055 0.999667645 -0.023144566 -4.583974838 -0.993704855 0.008699435 -0.111691140 110.123413086
-0.112477794 0.021885321 0.993413091 64.769798279 0.009127952 0.999737978 -0.020991160 -4.609652996 -0.993612230 0.006706788 -0.112648107 110.051101685
-0.112136371 0.017225705 0.993543446 65.521575928 0.010396796 0.999815285 -0.016161012 -4.636398792 -0.993638456 0.008517431 -0.112294748 109.960441589
-0.111851893 0.015227509 0.993608236 66.267028809 0.012378132 0.999826312 -0.013929384 -4.661230564 -0.993647754 0.010740986 -0.112020977 109.873931885
-0.112716526 0.014553465 0.993520617 67.003982544 0.011801440 0.999841690 -0.013307169 -4.688570023 -0.993557155 0.010225034 -0.112870447 109.791496277
-0.114886537 0.015655065 0.993255258 67.747871399 0.011128419 0.999833405 -0.014471556 -4.711678028 -0.993316233 0.009390772 -0.115041628 109.715553284
-0.116761327 0.016150890 0.993028700 68.485435486 0.010636243 0.999830842 -0.015010900 -4.734719753 -0.993102968 0.008809401 -0.116913363 109.631332397
-0.119123682 0.016322605 0.992745221 69.225822449 0.011290348 0.999822557 -0.015084189 -4.761944771 -0.992815077 0.009411554 -0.119286820 109.543952942
-0.121028297 0.016803682 0.992506802 69.968460083 0.011895465 0.999809444 -0.015476763 -4.782743454 -0.992577732 0.009933204 -0.121205091 109.453765869
-0.123029284 0.016520774 0.992265522 70.716140747 0.011776831 0.999815285 -0.015186285 -4.805202484 -0.992333114 0.009817386 -0.123201169 109.362838745
-0.124633320 0.016750241 0.992061436 71.467185974 0.009464763 0.999832094 -0.015692374 -4.827342510 -0.992157698 0.007433834 -0.124770917 109.274208069
-0.125763744 0.018290605 0.991891503 72.219696045 0.009209739 0.999808490 -0.017268876 -4.852479458 -0.992017448 0.006963263 -0.125908136 109.184242249
-0.126691565 0.018513331 0.991769373 72.980384827 0.008018085 0.999812245 -0.017639218 -4.876105309 -0.991909742 0.005717350 -0.126816228 109.092765808
-0.127892837 0.018740216 0.991610885 73.747489929 0.008027465 0.999808252 -0.017859798 -4.900295258 -0.991755486 0.005675980 -0.128018752 108.995948792
-0.129039973 0.017314024 0.991488278 74.530670166 0.008645297 0.999829173 -0.016334513 -4.919177055 -0.991601646 0.006463904 -0.129167631 108.902153015
-0.129980087 0.014997335 0.991403103 75.310356140 0.006588282 0.999876499 -0.014261743 -4.942245483 -0.991494715 0.004677899 -0.130062863 108.804733276
-0.132010967 0.013017535 0.991162658 76.100593567 0.002970867 0.999914467 -0.012736790 -4.961495876 -0.991243720 0.001263216 -0.132038355 108.711753845
-0.133973256 0.012453161 0.990906656 76.889022827 0.004604072 0.999918044 -0.011943929 -4.981329441 -0.990974247 0.002962039 -0.134019569 108.601882935
-0.135779127 0.013164696 0.990651608 77.687614441 0.005796218 0.999905169 -0.012493234 -5.001996994 -0.990722120 0.004045712 -0.135842517 108.499702454
-0.138037905 0.014817030 0.990316093 78.485031128 0.005259257 0.999884963 -0.014227123 -5.019252777 -0.990413010 0.003244445 -0.138099924 108.390556335
-0.139549866 0.017669892 0.990057409 79.275611877 0.006222633 0.999836624 -0.016967338 -5.051819324 -0.990195513 0.003792974 -0.139637038 108.280906677
-0.139753103 0.021809774 0.989946187 80.078842163 0.008708378 0.999745846 -0.020796290 -5.074777603 -0.990148008 0.005714480 -0.139907524 108.165390015
-0.141123295 0.025407689 0.989665926 80.904739380 0.009435942 0.999659598 -0.024318723 -5.113956928 -0.989947021 0.005906491 -0.141315028 108.051757812
-0.141169742 0.026754482 0.989623785 81.731803894 0.011776528 0.999609292 -0.025344525 -5.141307831 -0.989915311 0.008076451 -0.141429693 107.939010620
-0.140434578 0.026117111 0.989745378 82.566215515 0.014971276 0.999593616 -0.024252718 -5.172085285 -0.989976764 0.011411830 -0.140768543 107.820190430
-0.140080214 0.023818970 0.989853621 83.383979797 0.015942058 0.999635220 -0.021798292 -5.208950520 -0.990011811 0.012726794 -0.140408859 107.696060181
-0.139397487 0.022263495 0.989986181 84.231880188 0.014927671 0.999680817 -0.020379592 -5.237867355 -0.990123928 0.011937324 -0.139685348 107.583076477
-0.137900993 0.019638814 0.990251184 85.077964783 0.014310589 0.999738574 -0.017834095 -5.268522739 -0.990342617 0.011711739 -0.138145953 107.480987549
-0.136504337 0.016607707 0.990500152 85.934349060 0.014786125 0.999782264 -0.014725612 -5.292668343 -0.990529180 0.012635550 -0.136720166 107.372512817
-0.134601235 0.012952119 0.990815163 86.781593323 0.015143705 0.999824643 -0.011012636 -5.321518421 -0.990784109 0.013522298 -0.134773776 107.254890442
-0.132970631 0.012850585 0.991036654 87.628303528 0.013069993 0.999851704 -0.011211245 -5.347601414 -0.991033792 0.011462078 -0.133118853 107.150306702
-0.131821468 0.016997213 0.991127729 88.481407166 0.013644717 0.999789357 -0.015330986 -5.375594139 -0.991179526 0.011502706 -0.132025599 107.042022705
-0.129741862 0.023586096 0.991267204 89.330589294 0.014692695 0.999652982 -0.021862576 -5.399472713 -0.991438925 0.011727897 -0.130043343 106.931488037
-0.128139570 0.026877698 0.991391838 90.179260254 0.012802181 0.999594271 -0.025445364 -5.426576614 -0.991673410 0.009431420 -0.128431663 106.827178955
-0.126685396 0.024348311 0.991644084 91.041503906 0.011603370 0.999666750 -0.023062930 -5.457733631 -0.991875052 0.008584676 -0.126925677 106.722976685
