1.000000000 0.000000000 -0.000000000 0.000000000 0.000000000 1.000000000 0.000000000 0.000000000 -0.000000000 0.000000000 1.000000000 0.000000000
0.999997735 -0.001591929 -0.001428043 -0.002704788 0.001590559 0.999998271 -0.000960806 -0.007319216 0.001429569 0.000958533 0.999998510 0.563887656
0.999995470 -0.001821849 -0.002407797 -0.007801447 0.001815609 0.999994993 -0.002591483 -0.017515684 0.002412505 0.002587100 0.999993742 1.119497418
0.999986470 -0.002525300 -0.004544717 -0.009010676 0.002509272 0.999990642 -0.003529206 -0.035276808 0.004553585 0.003517754 0.999983430 1.684548974
0.999970019 -0.004387565 -0.006377300 -0.020238265 0.004352493 0.999975383 -0.005503173 -0.041595578 0.006401287 0.005475251 0.999964535 2.251516342
0.999945283 -0.007448170 -0.007349825 -0.034561578 0.007398257 0.999949515 -0.006795222 -0.068702579 0.007400066 0.006740473 0.999949813 2.799277782
0.999923706 -0.008626913 -0.008841581 -0.040956099 0.008561244 0.999935687 -0.007438229 -0.080983937 0.008905178 0.007361965 0.999933243 3.370130062
0.999912202 -0.008606920 -0.010082193 -0.053731017 0.008538881 0.999940574 -0.006772005 -0.093443424 0.010139881 0.006685319 0.999926209 3.950518370
0.999896348 -0.009083981 -0.011167069 -0.063855946 0.009003655 0.999933422 -0.007222235 -0.106947184 0.011231931 0.007120942 0.999911487 4.545773983
0.999886811 -0.008500611 -0.012411250 -0.073248886 0.008377997 0.999915898 -0.009898162 -0.123740733 0.012494345 0.009793058 0.999873936 5.136047840
0.999885619 -0.006771784 -0.013529533 -0.090134956 0.006586617 0.999884605 -0.013684133 -0.138685048 0.013620637 0.013593454 0.999814808 5.739143848
0.999872684 -0.005665741 -0.014917901 -0.104282863 0.005406347 0.999834359 -0.017371418 -0.150926262 0.015013851 0.017288553 0.999737859 6.354023457
0.999864399 -0.003687690 -0.016054483 -0.122984946 0.003406584 0.999840975 -0.017501794 -0.162540451 0.016116470 0.017444730 0.999717891 6.989662170
0.999845445 -0.001548129 -0.017513735 -0.131154582 0.001361103 0.999941945 -0.010685763 -0.172033638 0.017529260 0.010660277 0.999789476 7.622588634
0.999841452 -0.000426577 -0.017803010 -0.153197199 0.000424554 0.999999821 -0.000117478 -0.184887946 0.017803060 0.000109900 0.999841511 8.281116486
0.999820173 0.000292527 -0.018965334 -0.167683646 -0.000169868 0.999978960 0.006468822 -0.194953188 0.018966831 -0.006464439 0.999799252 8.969917297
0.999788523 0.002488202 -0.020417226 -0.184726715 -0.002375916 0.999981821 0.005521970 -0.211328164 0.020430598 -0.005472291 0.999776244 9.649657249
0.999771714 0.004535075 -0.020881020 -0.211812139 -0.004571402 0.999988139 -0.001692376 -0.217422158 0.020873100 0.001787446 0.999780476 10.343304634
0.999746621 0.004206327 -0.022114065 -0.229643136 -0.004377084 0.999960959 -0.007678967 -0.216376275 0.022080900 0.007773817 0.999725938 11.051772118
0.999725938 0.001706877 -0.023347091 -0.245413795 -0.001846735 0.999980450 -0.005970124 -0.218834326 0.023336448 0.006011604 0.999709606 11.790322304
0.999722540 0.001343889 -0.023512339 -0.269820899 -0.001269552 0.999994159 0.003176289 -0.230673999 0.023516471 -0.003145558 0.999718428 12.546154022
0.999717295 0.001128431 -0.023748279 -0.292544961 -0.000875161 0.999942720 0.010672480 -0.236780673 0.023758959 -0.010648680 0.999661028 13.321344376
0.999704421 0.000003811 -0.024310412 -0.316245854 0.000313725 0.999914646 0.013057920 -0.237115666 0.024308389 -0.013061686 0.999619186 14.113406181
0.999697804 -0.001733622 -0.024522083 -0.334108174 0.002031087 0.999924600 0.012110859 -0.237025261 0.024499243 -0.012157005 0.999625921 14.916992188
0.999709547 -0.002430429 -0.023979567 -0.356703907 0.002660303 0.999950767 0.009559026 -0.235633239 0.023955151 -0.009620043 0.999666750 15.748152733
0.999727905 0.000295742 -0.023325251 -0.382344872 -0.000148234 0.999980092 0.006325461 -0.237623394 0.023326652 -0.006320284 0.999707937 16.584522247
0.999738634 -0.003041451 -0.022662520 -0.402219445 0.003052119 0.999995291 0.000436141 -0.239685297 0.022661082 -0.000505195 0.999743104 17.443565369
0.999741435 -0.005889331 -0.021965723 -0.418303162 0.005766159 0.999967396 -0.005666579 -0.249601334 0.021998376 0.005538457 0.999742746 18.311285019
0.999772549 -0.004575247 -0.020839319 -0.441938281 0.004345045 0.999929190 -0.011078507 -0.263663113 0.020888533 0.010985439 0.999721408 19.229730606
0.999785304 -0.003463585 -0.020432524 -0.468390405 0.003220712 0.999923944 -0.011907566 -0.278554797 0.020472214 0.011839204 0.999720275 20.135433197
0.999767244 -0.003366071 -0.021312164 -0.484783381 0.003126639 0.999931693 -0.011257960 -0.297617942 0.021348609 0.011188705 0.999709547 21.073427200
0.999780536 -0.001665394 -0.020887049 -0.517050743 0.001401758 0.999919295 -0.012630371 -0.322649509 0.020906392 0.012598320 0.999702096 22.011049271
0.999783337 0.001281635 -0.020779584 -0.537588954 -0.001590205 0.999888539 -0.014839959 -0.343154103 0.020758249 0.014869790 0.999673963 22.985731125
0.999765456 0.004590685 -0.021166507 -0.563264668 -0.004923365 0.999864638 -0.015692100 -0.366159946 0.021091608 0.015792631 0.999652863 23.950634003
0.999759138 0.006206174 -0.021054694 -0.594715953 -0.006538378 0.999854565 -0.015746268 -0.391071022 0.020953909 0.015880138 0.999654293 24.925262451
0.999752641 0.007374706 -0.020988084 -0.627845764 -0.007706147 0.999846101 -0.015755136 -0.418429166 0.020868666 0.015912976 0.999655545 25.906566620
0.999744713 0.006870124 -0.021522485 -0.644098163 -0.007212709 0.999847770 -0.015880700 -0.441754162 0.021410108 0.016031882 0.999642253 26.880638123
0.999727249 0.007953691 -0.021959683 -0.664376199 -0.008275709 0.999858975 -0.014612372 -0.477686584 0.021840366 0.014790121 0.999652088 27.903139114
0.999717176 0.008579220 -0.022182142 -0.692301810 -0.008852928 0.999885559 -0.012270660 -0.507824898 0.022074327 0.012463567 0.999678671 28.922914505
0.999705255 0.009242032 -0.022448802 -0.720226049 -0.009494181 0.999892712 -0.011151692 -0.534598589 0.022343334 0.011361538 0.999685764 29.940622330
0.999698162 0.009574298 -0.022625273 -0.744735658 -0.009851461 0.999877334 -0.012170706 -0.559716105 0.022505974 0.012389924 0.999669909 30.976995468
0.999685347 0.010564627 -0.022750676 -0.776905358 -0.010868831 0.999852598 -0.013289289 -0.587773979 0.022606930 0.013532381 0.999652803 31.992080688
0.999681711 0.010162515 -0.023092661 -0.806483090 -0.010448912 0.999869466 -0.012315338 -0.614681900 0.022964494 0.012552711 0.999657393 33.026607513
0.999667943 0.010018831 -0.023740951 -0.835108340 -0.010259846 0.999896884 -0.010051880 -0.635151207 0.023637796 0.010292122 0.999667525 34.081531525
0.999658644 0.009983676 -0.024143178 -0.871445537 -0.010131073 0.999930680 -0.005990594 -0.665082753 0.024081694 0.006233144 0.999690473 35.123611450
0.999645412 0.010293283 -0.024559285 -0.898388743 -0.010389362 0.999938905 -0.003787734 -0.688798487 0.024518797 0.004041546 0.999691308 36.209423065
0.999631464 0.010534656 -0.025020644 -0.930515468 -0.010625301 0.999937475 -0.003492616 -0.705110371 0.024982292 0.003757180 0.999680877 37.280002594
0.999619961 0.009810488 -0.025762737 -0.960068166 -0.009933442 0.999939919 -0.004648925 -0.729700983 0.025715578 0.004903071 0.999657273 38.369907379
0.999601960 0.010346681 -0.026250433 -0.998475969 -0.010491004 0.999930680 -0.005366080 -0.746081650 0.026193090 0.005639336 0.999641001 39.449050903
0.999586105 0.009875008 -0.027019743 -1.031914473 -0.009990124 0.999941468 -0.004128856 -0.770140052 0.026977390 0.004397077 0.999626338 40.531124115
0.999556601 0.010538757 -0.027845765 -1.068775058 -0.010616085 0.999940097 -0.002630666 -0.782936513 0.027816372 0.002925114 0.999608755 41.617431641
0.999553502 0.009850834 -0.028208176 -1.110957503 -0.009839879 0.999951422 0.000527112 -0.813694000 0.028211996 -0.000249311 0.999601960 42.710578918
0.999525726 0.011592954 -0.028530220 -1.153662920 -0.011584291 0.999932766 0.000468926 -0.836481690 0.028533734 -0.000138200 0.999592781 43.786911011
0.999492288 0.012784637 -0.029184761 -1.178088665 -0.012891508 0.999910891 -0.003476587 -0.858868599 0.029137708 0.003851057 0.999567926 44.864608765
0.999479055 0.013956489 -0.029100034 -1.218307376 -0.014181425 0.999871016 -0.007537760 -0.879354835 0.028991081 0.007946514 0.999548018 45.945896149
0.999476850 0.014345058 -0.028988106 -1.259325266 -0.014577518 0.999863207 -0.007823697 -0.904548943 0.028871905 0.008242179 0.999549150 47.026107788
0.999471605 0.015168734 -0.028749702 -1.298978686 -0.015327833 0.999868393 -0.005321587 -0.927081823 0.028665192 0.005759445 0.999572396 48.128524780
0.999467254 0.015104493 -0.028929746 -1.330458999 -0.015200324 0.999879718 -0.003095431 -0.952362180 0.028879505 0.003533524 0.999576628 49.224555969
0.999490619 0.013648503 -0.028846562 -1.366896868 -0.013708250 0.999904275 -0.001874436 -0.973520160 0.028818212 0.002268917 0.999582052 50.311931610
0.999492049 0.013641356 -0.028803511 -1.398241043 -0.013722237 0.999902487 -0.002612299 -0.997662008 0.028765064 0.003006221 0.999581635 51.405315399
0.999513984 0.012902299 -0.028377585 -1.441044092 -0.013039483 0.999904096 -0.004654611 -1.018124342 0.028314808 0.005022379 0.999586344 52.491348267
0.999530554 0.012942739 -0.027768442 -1.476169586 -0.013134528 0.999891043 -0.006735469 -1.044432402 0.027678235 0.007097031 0.999591649 53.572349548
0.999548316 0.012193637 -0.027465887 -1.510329843 -0.012450494 0.999880135 -0.009200292 -1.071919560 0.027350409 0.009538100 0.999580383 54.664337158
0.999569237 0.010786127 -0.027295938 -1.545413971 -0.011131571 0.999859452 -0.012535240 -1.106307745 0.027156897 0.012833687 0.999548793 55.754436493
0.999589801 0.008637474 -0.027306525 -1.568741322 -0.009020171 0.999862373 -0.013922930 -1.140092850 0.027182499 0.014163530 0.999530077 56.825382233
0.999602318 0.007127643 -0.027283391 -1.599441409 -0.007448902 0.999903858 -0.011691464 -1.169728160 0.027197434 0.011890046 0.999559343 57.914295197
0.999623835 0.005819660 -0.026802195 -1.634242654 -0.005970208 0.999966800 -0.005540458 -1.199090004 0.026769061 0.005698390 0.999625325 59.006221771
0.999636352 0.004120726 -0.026649438 -1.661353588 -0.004119085 0.999991536 0.000116469 -1.219210625 0.026649686 -0.000006656 0.999644816 60.102600098
0.999633551 0.002457340 -0.026959941 -1.687897801 -0.002443632 0.999996901 0.000541388 -1.235532165 0.026961187 -0.000475310 0.999636352 61.195083618
0.999646962 -0.000621806 -0.026561901 -1.718371034 0.000556255 0.999996781 -0.002475167 -1.252779603 0.026563350 0.002459517 0.999644041 62.285671234
0.999652207 -0.002103133 -0.026287319 -1.754250169 0.001952260 0.999981463 -0.005763756 -1.272993326 0.026298949 0.005710433 0.999637783 63.375663757
0.999652326 -0.000039243 -0.026367774 -1.791483402 -0.000216729 0.999952912 -0.009704839 -1.299620152 0.026366903 0.009707180 0.999605238 64.463302612
0.999659836 0.000260012 -0.026080200 -1.826270938 -0.000623567 0.999902725 -0.013932755 -1.328223705 0.026074035 0.013944278 0.999562681 65.543792725
0.999671221 0.002757943 -0.025492471 -1.863038778 -0.003134321 0.999886453 -0.014736203 -1.355945349 0.025448939 0.014811261 0.999566436 66.651664734
0.999677956 0.006607580 -0.024503889 -1.906215787 -0.006880192 0.999915123 -0.011057761 -1.385794997 0.024428744 0.011222789 0.999638677 67.751159668
0.999663830 0.008251341 -0.024578251 -1.938483715 -0.008474036 0.999923825 -0.008970366 -1.416744232 0.024502361 0.009175627 0.999657691 68.855018616
0.999664068 0.008240462 -0.024572358 -1.964881659 -0.008438567 0.999932528 -0.007969297 -1.450974107 0.024505027 0.008173971 0.999666333 69.933509827
0.999680877 0.006672067 -0.024363749 -1.994555712 -0.006846319 0.999951482 -0.007075743 -1.479872346 0.024315352 0.007240287 0.999678195 71.028175354
0.999684155 0.005810825 -0.024451986 -2.032249928 -0.005948900 0.999966621 -0.005577868 -1.506915331 0.024418760 0.005721567 0.999685466 72.121345520
0.999679327 0.003782667 -0.025039736 -2.059388638 -0.003876470 0.999985576 -0.003698745 -1.530221462 0.025025392 0.003794624 0.999679565 73.226150513
0.999660611 0.002206470 -0.025956646 -2.084894180 -0.002269322 0.999994516 -0.002392244 -1.548880577 0.025951229 0.002450336 0.999660254 74.317741394
0.999652267 0.001697203 -0.026316587 -2.119384527 -0.001784182 0.999992967 -0.003282027 -1.582024336 0.026310829 0.003327839 0.999648213 75.406280518
0.999635935 0.002009812 -0.026907075 -2.152656317 -0.002203764 0.999971807 -0.007180530 -1.605725527 0.026891880 0.007237213 0.999612153 76.487174988
0.999607563 0.002691318 -0.027887635 -2.180322409 -0.002955679 0.999951065 -0.009442630 -1.628920555 0.027860856 0.009521350 0.999566495 77.564506531
0.999592900 0.004791233 -0.028126484 -2.228549480 -0.005008878 0.999957979 -0.007672754 -1.660214901 0.028088540 0.007810512 0.999574900 78.657005310
0.999570847 0.005522220 -0.028771091 -2.264861107 -0.005620368 0.999978602 -0.003331606 -1.683409810 0.028752076 0.003491879 0.999580443 79.740966797
0.999550462 0.006405495 -0.029292699 -2.301470041 -0.006378417 0.999979138 0.001017760 -1.711365581 0.029298609 -0.000830462 0.999570310 80.800483704
0.999525428 0.008476235 -0.029614318 -2.346515179 -0.008440320 0.999963403 0.001337525 -1.729021072 0.029624568 -0.001086936 0.999560535 81.898666382
0.999515951 0.008145312 -0.030024558 -2.385899782 -0.008170702 0.999966264 -0.000723087 -1.747675657 0.030017657 0.000968059 0.999548912 82.964775085
0.999503374 0.008615858 -0.030310566 -2.431614876 -0.008669251 0.999961197 -0.001630584 -1.768483400 0.030295337 0.001892545 0.999539196 84.026557922
0.999482095 0.007272989 -0.031346872 -2.457249880 -0.007324501 0.999971986 -0.001528797 -1.796873212 0.031334881 0.001757605 0.999507368 85.077140808
0.999463141 0.006392068 -0.032132585 -2.494230986 -0.006439743 0.999978364 -0.001380474 -1.815598488 0.032123066 0.001586659 0.999482632 86.111160278
0.999454975 0.005198021 -0.032599326 -2.533115625 -0.005197082 0.999986410 0.000113524 -1.837637186 0.032599475 0.000055959 0.999468505 87.139122009
0.999443471 0.005336767 -0.032927252 -2.575892448 -0.005239523 0.999981642 0.003038794 -1.864729881 0.032942861 -0.002864580 0.999453127 88.138664246
0.999405324 0.004247232 -0.034220189 -2.606407642 -0.004118531 0.999984145 0.003830592 -1.884463310 0.034235917 -0.003687377 0.999406993 89.122055054
0.999329388 0.003049584 -0.036491204 -2.642369270 -0.002909858 0.999988198 0.003881537 -1.899278283 0.036502615 -0.003772749 0.999326468 90.077224731
0.999221087 0.002313883 -0.039397534 -2.688690662 -0.002190954 0.999992609 0.003163090 -1.925231457 0.039404560 -0.003074308 0.999218702 91.017753601
0.999077439 0.002474380 -0.042875096 -2.734153509 -0.002381837 0.999994695 0.002209353 -1.941515446 0.042880338 -0.002105193 0.999077976 91.937812805
0.998952687 0.002508239 -0.045686901 -2.783940077 -0.002383989 0.999993265 0.002773845 -1.960966706 0.045693558 -0.002662023 0.998951912 92.820297241
0.998777211 0.003344841 -0.049326252 -2.825064182 -0.003159075 0.999987543 0.003843542 -1.980299592 0.049338490 -0.003683017 0.998775303 93.701828003
0.998622775 0.003813540 -0.052329313 -2.877674103 -0.003543823 0.999979913 0.005246025 -2.000841618 0.052348275 -0.005053353 0.998616099 94.540260315
0.998461127 0.005414303 -0.055191148 -2.931019068 -0.005054758 0.999965131 0.006652061 -2.014060974 0.055225231 -0.006362847 0.998453617 95.355484009
0.998306155 0.006949321 -0.057763167 -2.984260798 -0.006535943 0.999951780 0.007342287 -2.028055668 0.057811402 -0.006952313 0.998303235 96.148651123
0.998135448 0.009167945 -0.060348816 -3.036002398 -0.008706167 0.999930799 0.007910333 -2.044533968 0.060417164 -0.007370174 0.998145938 96.904296875
0.997959912 0.011058162 -0.062878609 -3.095256805 -0.010642911 0.999919295 0.006935128 -2.062331200 0.062950224 -0.006251768 0.997996986 97.629585266
0.997775137 0.012328027 -0.065519340 -3.147246122 -0.012150371 0.999921322 0.003109297 -2.076720715 0.065552518 -0.002306294 0.997846425 98.327484131
0.997567058 0.014461433 -0.068198003 -3.201254368 -0.014530595 0.999894321 -0.000518180 -2.091533661 0.068183281 0.001507877 0.997671604 99.000579834
0.997399509 0.016082393 -0.070253454 -3.254269838 -0.016355794 0.999860764 -0.003318116 -2.102804899 0.070190296 0.004458538 0.997523606 99.636512756
0.997318566 0.018476844 -0.070811674 -3.307941675 -0.018809589 0.999814928 -0.004035053 -2.121994257 0.070723996 0.005356172 0.997481525 100.255599976
0.997325897 0.020521482 -0.070142046 -3.354021549 -0.020827929 0.999776423 -0.003640317 -2.137808323 0.070051663 0.005091495 0.997530401 100.840194702
0.997451663 0.024522154 -0.066999376 -3.400699615 -0.024720540 0.999692082 -0.002133452 -2.151919842 0.066926427 0.003784275 0.997750759 101.402557373
0.997751951 0.027161378 -0.061264664 -3.443472624 -0.027264837 0.999627829 -0.000853200 -2.164044142 0.061218694 0.002521652 0.998121262 101.945999146
0.998148918 0.027868208 -0.054056630 -3.466489077 -0.027839698 0.999611557 0.001280496 -2.180488586 0.054071318 0.000226795 0.998537064 102.467796326
0.998626709 0.027910857 -0.044337362 -3.487976074 -0.027766865 0.999606848 0.003860319 -2.194643974 0.044427685 -0.002623909 0.999009252 102.967430115
0.999099135 0.027354173 -0.032444548 -3.498287439 -0.027199108 0.999616385 0.005211218 -2.208345652 0.032574657 -0.004324062 0.999459982 103.451583862
0.999464750 0.026235078 -0.019548196 -3.491947651 -0.026135201 0.999644101 0.005347431 -2.221108675 0.019681532 -0.004833672 0.999794602 103.901023865
0.999649286 0.026114345 -0.004377745 -3.484329700 -0.026095189 0.999649882 0.004375730 -2.230443954 0.004490480 -0.004259958 0.999980867 104.339286804
0.999604285 0.024674673 0.013503455 -3.465637684 -0.024695717 0.999694049 0.001394170 -2.240701199 -0.013464928 -0.001727097 0.999907851 104.764488220
0.999100566 0.024310060 0.034741219 -3.435282230 -0.024227759 0.999702513 -0.002787933 -2.258934498 -0.034798659 0.001943722 0.999392390 105.172317505
0.998025298 0.021982560 0.058839161 -3.385761738 -0.021563545 0.999737382 -0.007746913 -2.266708374 -0.058994010 0.006462835 0.998237431 105.580146790
0.996083081 0.019901548 0.086152054 -3.330629349 -0.019051537 0.999761462 -0.010677457 -2.276856422 -0.086344019 0.008994308 0.996224880 105.979141235
0.993114054 0.017107667 0.115894467 -3.256618500 -0.015839780 0.999804258 -0.011852216 -2.288558960 -0.116074562 0.009934861 0.993190825 106.377075195
0.988850117 0.014839109 0.148172498 -3.167071342 -0.012943503 0.999821663 -0.013749346 -2.303022385 -0.148350105 0.011678174 0.988865912 106.765693665
0.982759535 0.012196072 0.184485480 -3.088541031 -0.009593269 0.999841452 -0.014994481 -2.319141150 -0.184639096 0.012966149 0.982720912 107.089469910
0.974774301 0.009166894 0.223004624 -2.970108032 -0.005804996 0.999859393 -0.015726332 -2.329127789 -0.223117426 0.014035083 0.974690616 107.452911377
0.964748502 0.006912226 0.263083100 -2.846412659 -0.002684984 0.999861360 -0.016424222 -2.344819069 -0.263160199 0.015138867 0.964633405 107.800666809
0.952300131 0.007760089 0.305064559 -2.714254379 -0.002603552 0.999846816 -0.017306294 -2.362765312 -0.305152088 0.015686536 0.952174485 108.135787964
0.936841369 0.009742021 0.349618882 -2.577747345 -0.003840201 0.999838173 -0.017569946 -2.377581596 -0.349733472 0.015117647 0.936727285 108.451148987
0.918829083 0.010299080 0.394521594 -2.409610748 -0.004072891 0.999853611 -0.016615774 -2.385523796 -0.394634962 0.013660213 0.918736517 108.773315430
0.898755074 0.009090494 0.438356936 -2.217063904 -0.002497365 0.999874830 -0.015614759 -2.395232201 -0.438444018 0.012939106 0.898665428 109.077102661
0.875680447 0.008018382 0.482824594 -2.024456024 -0.000170591 0.999867082 -0.016295636 -2.404492378 -0.482891142 0.014187404 0.875565529 109.352088928
0.850217521 0.009184672 0.526351511 -1.806491852 0.000489033 0.999833405 -0.018236725 -2.423326731 -0.526431382 0.015762584 0.850071549 109.646759033
0.823013544 0.009904786 0.567935467 -1.584587097 0.002389100 0.999778926 -0.020898245 -2.448952675 -0.568016708 0.018556396 0.822807729 109.897453308
0.791832268 0.014596452 0.610564291 -1.351112366 0.000864223 0.999686658 -0.025019804 -2.465277672 -0.610738099 0.020339150 0.791571379 110.165496826
0.757826746 0.020587541 0.652131140 -1.097965240 -0.002846404 0.999596953 -0.028249171 -2.482487202 -0.652449608 0.019551745 0.757579684 110.419052124
0.720426023 0.025465123 0.693064213 -0.825103760 -0.004414530 0.999473870 -0.032134660 -2.481221914 -0.693517685 0.020091090 0.720159292 110.663665771
0.681505084 0.025353970 0.731374145 -0.526714325 -0.002181486 0.999465644 -0.032614943 -2.498453379 -0.731810033 0.020631766 0.681196153 110.883255005
0.640604138 0.022914831 0.767529309 -0.216156006 0.001496483 0.999515533 -0.031089868 -2.514831066 -0.767869711 0.021064891 0.640259564 111.083702087
0.595737576 0.021233784 0.802898467 0.108657837 0.002643253 0.999593258 -0.028396908 -2.524486065 -0.803174675 0.019039366 0.595439076 111.298202515
0.551216900 0.019663580 0.834130287 0.437763214 0.003884319 0.999650836 -0.026132394 -2.533231258 -0.834352970 0.017644644 0.550948083 111.424491882
0.503110766 0.017339673 0.864048064 0.795951843 0.005632408 0.999711692 -0.023341756 -2.541065216 -0.864203751 0.016610155 0.502867937 111.590171814
0.452340126 0.013487162 0.891743541 1.164413452 0.008602137 0.999773026 -0.019484520 -2.551898956 -0.891804099 0.016484529 0.452121466 111.734725952
0.399787664 0.013683466 0.916505635 1.525577545 0.005105860 0.999839783 -0.017154869 -2.574180603 -0.916593671 0.011537852 0.399653733 111.869903564
0.348960996 0.018718157 0.936950386 1.912002563 0.001280387 0.999790013 -0.020450424 -2.586755991 -0.937136352 0.008336060 0.348863751 111.978240967
0.298406482 0.023713086 0.954144359 2.300891876 0.000892036 0.999683857 -0.025123853 -2.597556591 -0.954438508 0.008348251 0.298291028 112.067733765
0.251809567 0.025835022 0.967432022 2.698839188 0.002398290 0.999623954 -0.027318940 -2.610115767 -0.967773855 0.009199353 0.251652926 112.136871338
0.210667968 0.025594262 0.977222681 3.123516083 0.009435267 0.999557376 -0.028213270 -2.626401901 -0.977512181 0.015163990 0.210333243 112.189041138
0.175578743 0.025418334 0.984137297 3.563425064 0.017833097 0.999420345 -0.028994653 -2.638958216 -0.984303832 0.022641055 0.175023735 112.229553223
0.145155281 0.026921190 0.989042640 4.016819000 0.021886639 0.999297798 -0.030412491 -2.647242546 -0.989166737 0.026061356 0.144464105 112.265357971
0.117180303 0.025050871 0.992794633 4.453614235 0.020246005 0.999413788 -0.027607538 -2.670485973 -0.992904305 0.023335189 0.116604432 112.303993225
0.091563314 0.021603009 0.995564938 4.944380760 0.014127114 0.999635875 -0.022990631 -2.682167530 -0.995699108 0.016169557 0.091224790 112.346832275
0.067794144 0.017465148 0.997546434 5.451189041 0.009179475 0.999793530 -0.018128332 -2.700043917 -0.997657180 0.010385948 0.067619801 112.373069763
0.044940092 0.015049475 0.998876274 5.970954895 0.013432959 0.999787033 -0.015667554 -2.716695070 -0.998899460 0.014121968 0.044728354 112.380897522
0.024793923 0.015748823 0.999568522 6.518343925 0.020934619 0.999648392 -0.016269360 -2.735456944 -0.999473512 0.021328965 0.024455510 112.373222351
0.007627010 0.018271206 0.999804020 7.075431824 0.024967635 0.999517858 -0.018456435 -2.756061077 -0.999659121 0.025103509 0.007167145 112.356071472
-0.006877518 0.023607625 0.999697685 7.646026134 0.025656383 0.999396324 -0.023424000 -2.765402555 -0.999647141 0.025487529 -0.007479050 112.347618103
-0.017598676 0.028333012 0.999443591 8.256089211 0.024115205 0.999319613 -0.027904859 -2.772344828 -0.999554276 0.023610702 -0.018269956 112.337585449
-0.023966111 0.028201606 0.999314964 8.874183655 0.025969857 0.999282241 -0.027577855 -2.787653208 -0.999375343 0.025291134 -0.024681296 112.316406250
-0.026320070 0.025217200 0.999335468 9.542100906 0.031764597 0.999198020 -0.024377130 -2.808162212 -0.999148786 0.031101877 -0.027099973 112.291725159
-0.025941620 0.023299238 0.999391913 10.197690964 0.033268470 0.999194682 -0.022431076 -2.829347134 -0.999109745 0.032666337 -0.026695859 112.272865295
-0.024035875 0.022964278 0.999447346 10.867926598 0.031675797 0.999251604 -0.022198010 -2.853993177 -0.999209166 0.031124733 -0.024745299 112.260559082
-0.022325292 0.023450337 0.999475718 11.580934525 0.029159084 0.999314845 -0.022795234 -2.873222113 -0.999325395 0.028634891 -0.022993788 112.253692627
-0.021191193 0.024871435 0.999466062 12.297981262 0.028497282 0.999299407 -0.024263071 -2.886725426 -0.999369204 0.027967906 -0.021885112 112.245307922
-0.020595763 0.025666164 0.999458432 13.023892403 0.027552523 0.999305427 -0.025094459 -2.914107800 -0.999408126 0.027020760 -0.021288628 112.239875793
-0.019527242 0.025156671 0.999492824 13.769316673 0.027202839 0.999326646 -0.024621023 -2.940347910 -0.999439120 0.026708258 -0.020198422 112.226745605
-0.019064778 0.023783220 0.999535382 14.528450012 0.025815450 0.999395430 -0.023287496 -2.963519335 -0.999484956 0.025359487 -0.019667227 112.218086243
-0.018524161 0.022582866 0.999573350 15.295755386 0.026884511 0.999394655 -0.022080606 -2.989210129 -0.999466896 0.026464015 -0.019120075 112.205589294
-0.019220717 0.020386200 0.999607325 16.083784103 0.027306164 0.999429882 -0.019857526 -3.013109446 -0.999442399 0.026913766 -0.019766424 112.197723389
-0.020567251 0.018425986 0.999618590 16.863845825 0.024831584 0.999531150 -0.017913461 -3.042028904 -0.999480128 0.024453683 -0.021015154 112.192031860
-0.021369023 0.017814567 0.999612987 17.661087036 0.024494085 0.999550521 -0.017289836 -3.060199022 -0.999471545 0.024115141 -0.021795768 112.165252686
-0.022231642 0.015211483 0.999637187 18.457180023 0.026849335 0.999532700 -0.014612770 -3.078969240 -0.999392211 0.026514728 -0.022629671 112.143455505
-0.023797408 0.013733067 0.999622583 19.280076981 0.028208939 0.999516666 -0.013060059 -3.103562832 -0.999318779 0.027887495 -0.024173308 112.130477905
-0.025295146 0.012928601 0.999596417 20.111642838 0.025655270 0.999595404 -0.012279369 -3.128946543 -0.999350846 0.025334306 -0.025616599 112.110809326
-0.026125362 0.017328802 0.999508500 20.927944183 0.022379491 0.999609232 -0.016745592 -3.159090757 -0.999408066 0.021931000 -0.026502961 112.091163635
-0.027231140 0.022022299 0.999386489 21.763395309 0.023795074 0.999488235 -0.021376174 -3.182144880 -0.999345839 0.023198377 -0.027741222 112.074440002
-0.028480656 0.023682179 0.999313831 22.599704742 0.023967998 0.999448001 -0.023002267 -3.206448793 -0.999306917 0.023296429 -0.029032551 112.054954529
-0.030009845 0.021617882 0.999315858 23.451023102 0.020641875 0.999566257 -0.021003418 -3.235502720 -0.999336421 0.019997438 -0.030443057 112.041305542
-0.030950040 0.017081721 0.999375045 24.311756134 0.017303726 0.999713182 -0.016551621 -3.268938065 -0.999371171 0.016780635 -0.031236734 112.025177002
-0.031472962 0.011995555 0.999432683 25.166931152 0.015856404 0.999808133 -0.011500731 -3.292577267 -0.999378860 0.015485448 -0.031657122 112.006904602
-0.031680048 0.006271499 0.999478579 26.013868332 0.012304858 0.999906838 -0.005884171 -3.316900015 -0.999422371 0.012112026 -0.031754270 111.986747742
-0.031640422 0.004678262 0.999488413 26.867380142 0.009304183 0.999947071 -0.004385869 -3.345016718 -0.999455988 0.009160654 -0.031682272 111.975585938
-0.030754136 0.011619687 0.999459565 27.713924408 0.011627398 0.999868929 -0.011266664 -3.371327639 -0.999459386 0.011274616 -0.030885207 111.944778442
-0.029034454 0.022849046 0.999317229 28.525480270 0.014662581 0.999640822 -0.022430435 -3.397331238 -0.999470890 0.014001314 -0.029359052 111.913902283
-0.028369904 0.027839504 0.999209702 29.360748291 0.016623704 0.999486923 -0.027375242 -3.423834801 -0.999459267 0.015833933 -0.028818147 111.891181946
-0.027640365 0.022678111 0.999360621 30.198390961 0.018238785 0.999587655 -0.022178812 -3.452729702 -0.999451518 0.017614095 -0.028042585 111.875984192
-0.026554359 0.015075219 0.999533713 31.030437469 0.021488789 0.999663770 -0.014506293 -3.480868816 -0.999416411 0.021093566 -0.026869381 111.850143433
-0.026170995 0.011950857 0.999586046 31.865077972 0.022540279 0.999681354 -0.011361849 -3.511168242 -0.999403298 0.022233598 -0.026432034 111.832809448
-0.026049504 0.012688330 0.999580145 32.669178009 0.021275368 0.999700010 -0.012135408 -3.531074762 -0.999434173 0.020950308 -0.026311638 111.811264038
-0.027058719 0.013646873 0.999540687 33.488357544 0.018206781 0.999747634 -0.013156822 -3.555639505 -0.999468029 0.017842408 -0.027300352 111.798210144
-0.029099073 0.013931645 0.999479353 34.306533813 0.016446527 0.999774218 -0.013456927 -3.579915047 -0.999441206 0.016046384 -0.029321631 111.784667969
-0.031457387 0.013915386 0.999408245 35.108016968 0.015675807 0.999786973 -0.013427248 -3.606223583 -0.999382138 0.015244143 -0.031668816 111.764854431
-0.033898409 0.013933007 0.999328136 35.933986664 0.014326373 0.999806941 -0.013453713 -3.636207342 -0.999322593 0.013860689 -0.034091473 111.748542786
-0.035871252 0.014322282 0.999253869 36.736694336 0.012469382 0.999825895 -0.013882857 -3.660318613 -0.999278665 0.011962082 -0.036043596 111.723388672
-0.038293257 0.013304930 0.999177933 37.545536041 0.010455253 0.999861896 -0.012913343 -3.685552597 -0.999211907 0.009952162 -0.038427074 111.704666138
-0.040035300 0.012380835 0.999121606 38.330638885 0.011017441 0.999867857 -0.011948610 -3.709264040 -0.999137521 0.010529396 -0.040166415 111.669410706
-0.041580256 0.012106352 0.999061882 39.123119354 0.010089434 0.999880672 -0.011696356 -3.740422726 -0.999084175 0.009593629 -0.041697435 111.635154724
-0.043393493 0.013009806 0.998973429 39.906646729 0.010099390 0.999869764 -0.012582782 -3.763782740 -0.999006927 0.009543008 -0.043519225 111.604782104
-0.044816561 0.013438198 0.998904943 40.705451965 0.010551609 0.999860108 -0.012977644 -3.786522865 -0.998939455 0.009958438 -0.044952080 111.582992554
-0.045654301 0.012698501 0.998876631 41.480075836 0.012645786 0.999846458 -0.012132845 -3.804632664 -0.998877227 0.012077660 -0.045807865 111.545837402
-0.047360156 0.011943674 0.998806596 42.267097473 0.013723753 0.999841869 -0.011305319 -3.828831434 -0.998783529 0.013171950 -0.047516573 111.517242432
-0.048530631 0.010822190 0.998763084 42.997768402 0.011381857 0.999882340 -0.010281264 -3.865936279 -0.998756826 0.010868822 -0.048648097 111.477775574
-0.049989369 0.010113115 0.998698592 43.754493713 0.009701380 0.999906480 -0.009639747 -3.884586811 -0.998702645 0.009206869 -0.050082803 111.451156616
-0.050949406 0.008540829 0.998664737 44.491725922 0.008490844 0.999930978 -0.008118471 -3.909682989 -0.998665214 0.008065874 -0.051018406 111.424041748
-0.051619872 0.008330543 0.998632073 45.203208923 0.008995800 0.999928474 -0.007876356 -3.931318760 -0.998626292 0.008576917 -0.051691122 111.388740540
-0.051812917 0.011075196 0.998595357 45.906997681 0.008936692 0.999903619 -0.010626013 -3.951887846 -0.998616815 0.008373575 -0.051906895 111.358612061
-0.051591150 0.013855500 0.998572111 46.609264374 0.008755837 0.999871552 -0.013421160 -3.972604752 -0.998629808 0.008050921 -0.051705841 111.317924500
-0.051658232 0.015546299 0.998543799 47.306507111 0.007084368 0.999859333 -0.015200282 -3.993661880 -0.998639643 0.006288832 -0.051761098 111.287979126
-0.051764477 0.016504340 0.998522878 48.001102448 0.007035763 0.999844670 -0.016161447 -4.017362595 -0.998634517 0.006188782 -0.051872548 111.253532410
-0.051963490 0.015929949 0.998521984 48.703975677 0.008506216 0.999843478 -0.015508370 -4.043581009 -0.998612702 0.007687774 -0.052090865 111.220161438
-0.052322675 0.015490370 0.998510182 49.391387939 0.008366985 0.999851406 -0.015072746 -4.066581726 -0.998595119 0.007565872 -0.052444499 111.187042236
-0.052327026 0.015814142 0.998504758 50.071868896 0.005131861 0.999865592 -0.015566762 -4.086418152 -0.998616755 0.004309626 -0.052401144 111.154907227
-0.052605763 0.015683047 0.998492301 50.765911102 0.002362629 0.999875784 -0.015580309 -4.114788055 -0.998612463 0.001539454 -0.052636288 111.137023926
-0.052503888 0.014259052 0.998519003 51.435363770 0.004836718 0.999889970 -0.014024310 -4.136865616 -0.998608887 0.004093224 -0.052567072 111.102058411
-0.053393722 0.014004921 0.998475492 52.114162445 0.005161860 0.999892116 -0.013748760 -4.154917240 -0.998560190 0.004419892 -0.053460259 111.064476013
-0.056682229 0.013220760 0.998304784 52.780742645 0.001478471 0.999912262 -0.013158103 -4.179535866 -0.998391092 0.000730133 -0.056696806 111.029663086
-0.061804011 0.012519170 0.998009801 53.452682495 -0.002499647 0.999916196 -0.012697876 -4.205022335 -0.998085260 -0.003279454 -0.061767537 110.996360779
-0.067308992 0.016852735 0.997589827 54.100036621 0.001982251 0.999857605 -0.016757298 -4.219879627 -0.997730196 0.000849556 -0.067332812 110.941413879
-0.073344633 0.019876258 0.997108579 54.786857605 0.004772943 0.999796867 -0.019578759 -4.238889217 -0.997295201 0.003323144 -0.073424593 110.879615784
-0.081849858 0.021313693 0.996416748 55.488113403 0.002412745 0.999772549 -0.021187279 -4.265277863 -0.996641815 0.000669923 -0.081882671 110.842765808
-0.087311998 0.019727165 0.995985687 56.109237671 -0.001508948 0.999800086 -0.019934997 -4.297794342 -0.996179879 -0.003243454 -0.087264761 110.774452209
-0.092645362 0.018656332 0.995524466 56.799339294 -0.001522872 0.999820650 -0.018878568 -4.319031715 -0.995698035 -0.003265068 -0.092600316 110.713348389
-0.097422928 0.019350873 0.995054960 57.490402222 -0.003887739 0.999795854 -0.019823706 -4.340721130 -0.995235443 -0.005799798 -0.097327814 110.652389526
-0.101489782 0.018512974 0.994664371 58.179702759 -0.006221944 0.999795437 -0.019243326 -4.363233089 -0.994817138 -0.008141747 -0.101353809 110.588142395
-0.104003027 0.014752673 0.994467676 58.888355255 -0.006535765 0.999858201 -0.015516164 -4.390322685 -0.994555473 -0.008113333 -0.103891850 110.513465881
-0.105817392 0.011820843 0.994315445 59.602550507 -0.004136237 0.999915361 -0.012327611 -4.413183689 -0.994376957 -0.005417198 -0.105759546 110.440109253
-0.107264183 0.009598272 0.994184256 60.306259155 -0.004134687 0.999940455 -0.010099943 -4.430146694 -0.994221985 -0.005194003 -0.107218102 110.362800598
-0.108648807 0.009505964 0.994034827 61.033607483 -0.004946419 0.999936819 -0.010103051 -4.445097923 -0.994067907 -0.006014597 -0.108594917 110.290588379
-0.109308131 0.013460606 0.993916810 61.766395569 -0.003190036 0.999898434 -0.013892445 -4.461645126 -0.994002819 -0.004689189 -0.109254077 110.217330933
-0.109379940 0.017334875 0.993848920 62.499626160 0.002702457 0.999849439 -0.017142113 -4.486142635 -0.993996322 0.000810832 -0.109410308 110.129547119
-0.110279627 0.022091147 0.993655086 63.246078491 0.009591416 0.999730051 -0.021161713 -4.514153957 -0.993854344 0.007196856 -0.110461734 110.041610718
-0.110669211 0.023026543 0.993590534 63.996013641 0.010551169 0.999702334 -0.021992970 -4.536691666 -0.993801296 0.008049595 -0.110879257 109.952125549
-0.110798120 0.020459220 0.993632317 64.746551514 0.008271438 0.999772429 -0.019663313 -4.563706875 -0.993808508 0.006040109 -0.110942140 109.875480652
-0.111027084 0.015619089 0.993694663 65.496429443 0.008903027 0.999852061 -0.014721124 -4.588255882 -0.993777514 0.007212446 -0.111149721 109.796386719
-0.110982127 0.013949713 0.993724585 66.246002197 0.010714903 0.999860108 -0.012839173 -4.610496044 -0.993764639 0.009222744 -0.111116081 109.710777283
-0.111776374 0.013458235 0.993642330 66.981491089 0.011466499 0.999859214 -0.012252553 -4.635213852 -0.993667245 0.010024052 -0.111914955 109.622543335
-0.113450885 0.014099468 0.993443608 67.727905273 0.009926832 0.999865472 -0.013056969 -4.659244537 -0.993494034 0.008380422 -0.113575585 109.545166016
-0.115786381 0.014846936 0.993163288 68.462844849 0.008962132 0.999863148 -0.013902260 -4.681140900 -0.993233681 0.007291167 -0.115903601 109.466575623
-0.118075572 0.015285487 0.992887020 69.201698303 0.010344335 0.999846160 -0.014162459 -4.702721596 -0.992950678 0.008598514 -0.118215524 109.379180908
-0.119974889 0.015564092 0.992654920 69.943969727 0.010496882 0.999841094 -0.014408084 -4.723802567 -0.992721438 0.008691171 -0.120119192 109.291877747
-0.121831901 0.015208158 0.992434204 70.692016602 0.010530595 0.999846101 -0.014028997 -4.747612953 -0.992494881 0.008741745 -0.121973313 109.198463440
-0.123474985 0.015443738 0.992227554 71.441932678 0.008303599 0.999859869 -0.014529222 -4.769874573 -0.992312908 0.006445065 -0.123585962 109.110885620
-0.124519490 0.016929690 0.992072761 72.190246582 0.008040396 0.999838769 -0.016053030 -4.793760777 -0.992184579 0.005977742 -0.124635555 109.020652771
-0.125173241 0.017273109 0.991984546 72.954322815 0.007482909 0.999836564 -0.016465601 -4.814452171 -0.992106676 0.005361879 -0.125281990 108.928276062
-0.126766413 0.017575605 0.991776943 73.718475342 0.006749134 0.999835193 -0.016855750 -4.836594105 -0.991909623 0.004556892 -0.126864165 108.836723328
-0.127997056 0.016180053 0.991642535 74.499763489 0.007314403 0.999855101 -0.015369942 -4.853657722 -0.991747558 0.005285966 -0.128096879 108.743835449
-0.128812075 0.013639877 0.991575122 75.278167725 0.005247450 0.999900758 -0.013072720 -4.877372742 -0.991655052 0.003519318 -0.128870904 108.646423340
-0.130955219 0.011852628 0.991317391 76.070259094 0.001641738 0.999929667 -0.011738722 -4.893747807 -0.991386950 0.000090237 -0.130965501 108.556610107
-0.132741243 0.011203412 0.991087437 76.851196289 0.003608963 0.999934912 -0.010820057 -4.915461540 -0.991144180 0.002140530 -0.132773012 108.445030212
-0.134301230 0.011965032 0.990868330 77.646987915 0.004799422 0.999923170 -0.011423863 -4.935040474 -0.990928948 0.003221356 -0.134348348 108.340660095
-0.136817917 0.013343412 0.990506470 78.443939209 0.004213893 0.999907970 -0.012888002 -4.953051090 -0.990587294 0.002410578 -0.136861563 108.234146118
-0.138406739 0.016366009 0.990240276 79.239120483 0.005409990 0.999860883 -0.015768854 -4.984283447 -0.990360796 0.003174674 -0.138475999 108.128433228
-0.138717070 0.020346746 0.990122974 80.052810669 0.007465721 0.999781907 -0.019499278 -5.006366253 -0.990303993 0.004687100 -0.138838693 108.015220642
-0.139684841 0.024231005 0.989899516 80.859184265 0.008345331 0.999693751 -0.023293145 -5.042763710 -0.990160882 0.005007341 -0.139844283 107.892013550
-0.139630675 0.025606632 0.989872515 81.685653687 0.010545414 0.999647260 -0.024371965 -5.069368362 -0.990147471 0.007035543 -0.139851451 107.778991699
-0.139146492 0.024747448 0.989962637 82.518157959 0.014025951 0.999636590 -0.023017840 -5.101301193 -0.990172505 0.010682316 -0.139443055 107.663597107
-0.138819963 0.022796711 0.990055203 83.346984863 0.014667679 0.999672651 -0.020961538 -5.131930828 -0.990208983 0.011611932 -0.139108896 107.542602539
-0.137703001 0.021186035 0.990247130 84.197433472 0.013804815 0.999715090 -0.019468924 -5.161455154 -0.990377486 0.010989249 -0.137956247 107.427589417
-0.136506662 0.018516025 0.990466118 85.040000916 0.013420436 0.999768078 -0.016840300 -5.192152500 -0.990548253 0.010993674 -0.136723474 107.328254700
-0.135170639 0.015721850 0.990697682 85.897125244 0.013883421 0.999806046 -0.013972146 -5.213747501 -0.990725100 0.011865648 -0.135362655 107.221664429
-0.133388877 0.012166573 0.990989149 86.745346069 0.014328444 0.999843717 -0.010346649 -5.240966797 -0.990960240 0.012819204 -0.133542329 107.107048035
-0.131541982 0.011938471 0.991238713 87.594306946 0.012376791 0.999869227 -0.010399962 -5.267410278 -0.991233230 0.010900322 -0.131672576 107.000625610
-0.130222708 0.015900390 0.991357267 88.449180603 0.012772017 0.999815285 -0.014358345 -5.295645714 -0.991402388 0.010791848 -0.130401745 106.892906189
-0.128477335 0.022493642 0.991457283 89.296905518 0.013935865 0.999684989 -0.020874437 -5.319447517 -0.991614521 0.011134923 -0.128750324 106.786437988
-0.126708895 0.025710987 0.991606653 90.142204285 0.011745325 0.999632716 -0.024418263 -5.347713470 -0.991870403 0.008552731 -0.126964346 106.680175781
-0.125295550 0.023259373 0.991846800 91.004409790 0.010561605 0.999699771 -0.022109332 -5.376945496 -0.992063165 0.007705294 -0.125503600 106.577102661
