1.000000000 -0.000000000 0.000000000 0.000000000 -0.000000000 1.000000000 0.000000000 0.000000000 0.000000000 0.000000000 1.000000000 0.000000000
0.999997318 0.001040781 0.002068765 -0.009312497 -0.001038558 0.999998868 -0.001075421 -0.016912304 -0.002069882 0.001073270 0.999997258 1.206124306
0.999994397 0.000948903 0.003211582 -0.010713811 -0.000947559 0.999999464 -0.000420049 -0.041123260 -0.003211979 0.000417003 0.999994755 2.404354095
0.999990165 0.000528478 0.004406693 -0.009626494 -0.000527834 0.999999821 -0.000147384 -0.058814388 -0.004406771 0.000145057 0.999990284 3.604373932
0.999985099 0.000383082 0.005441775 -0.009233281 -0.000381865 0.999999881 -0.000224637 -0.078963332 -0.005441861 0.000222556 0.999985158 4.799320221
0.999982476 0.000065632 0.005924131 -0.001175288 -0.000066242 1.000000000 0.000102817 -0.102146491 -0.005924125 -0.000103208 0.999982476 5.996964931
0.999979258 0.000268720 0.006438245 0.003802279 -0.000262928 0.999999583 -0.000900422 -0.123717822 -0.006438484 0.000898710 0.999978900 7.197274208
0.999971867 0.000060922 0.007501512 0.005360145 -0.000054076 0.999999583 -0.000912818 -0.149027273 -0.007501565 0.000912386 0.999971390 8.376907349
0.999970853 -0.000303054 0.007631844 0.010859827 0.000299641 0.999999821 0.000448347 -0.169047609 -0.007631978 -0.000446047 0.999970794 9.576176643
0.999979436 -0.000525454 0.006400281 0.009924040 0.000515516 0.999998689 0.001554278 -0.192239329 -0.006401089 -0.001550947 0.999978304 10.769634247
0.999988616 -0.002303146 0.004175619 0.007183065 0.002298689 0.999996901 0.001071759 -0.212849200 -0.004178075 -0.001062149 0.999990702 11.971631050
0.999994636 -0.001984491 0.002595640 -0.004339145 0.001983227 0.999997914 0.000489637 -0.228830755 -0.002596607 -0.000484487 0.999996483 13.170795441
0.999997675 -0.001901650 0.001013840 -0.003275686 0.001901205 0.999998033 0.000439462 -0.251325965 -0.001014674 -0.000437533 0.999999404 14.363169670
0.999999821 -0.000513624 -0.000096557 0.001516315 0.000513646 0.999999762 0.000225295 -0.271752149 0.000096442 -0.000225345 0.999999940 15.571174622
0.999999642 -0.000651774 -0.000504698 -0.005534761 0.000651867 0.999999702 0.000185149 -0.289985865 0.000504577 -0.000185478 0.999999821 16.770313263
0.999997497 -0.001599521 -0.001563678 -0.006746979 0.001600280 0.999998569 0.000484566 -0.308049649 0.001562901 -0.000487067 0.999998689 17.954406738
0.999997199 -0.001663159 -0.001684584 -0.012233431 0.001665184 0.999997914 0.001201457 -0.335495949 0.001682582 -0.001204259 0.999997854 19.162767410
0.999995112 -0.001344745 -0.002820760 -0.017796826 0.001345828 0.999998987 0.000382291 -0.357367873 0.002820243 -0.000386085 0.999995947 20.357807159
0.999995172 -0.001702722 -0.002567910 -0.033297502 0.001701427 0.999998391 -0.000506414 -0.381182402 0.002568768 0.000502042 0.999996543 21.568960190
0.999994218 -0.000525936 -0.003351313 -0.042438213 0.000525888 0.999999881 -0.000015234 -0.399210185 0.003351320 0.000013471 0.999994338 22.769245148
0.999991655 -0.001172971 -0.003914378 -0.055891447 0.001172779 0.999999285 -0.000051203 -0.423968792 0.003914434 0.000046611 0.999992311 23.964179993
0.999987602 -0.001039906 -0.004876072 -0.068431929 0.001036553 0.999999225 -0.000690084 -0.444403231 0.004876785 0.000685021 0.999987841 25.157617569
0.999982774 -0.000802438 -0.005816484 -0.077312082 0.000803453 0.999999642 0.000172254 -0.470162272 0.005816343 -0.000176925 0.999983072 26.351375580
0.999975562 -0.002435923 -0.006554503 -0.090495810 0.002448058 0.999995351 0.001843978 -0.489585161 0.006549980 -0.001859979 0.999976814 27.555555344
0.999970615 -0.002317143 -0.007292475 -0.102415539 0.002331898 0.999995232 0.002015488 -0.511287928 0.007287771 -0.002032434 0.999971330 28.746683121
0.999961615 -0.002926221 -0.008249249 -0.118618116 0.002938364 0.999994576 0.001460242 -0.533774078 0.008244931 -0.001484425 0.999964893 29.945356369
0.999953091 -0.003254357 -0.009129543 -0.127340689 0.003256444 0.999994695 0.000213609 -0.548589706 0.009128800 -0.000243328 0.999958277 31.140708923
0.999947667 -0.002791391 -0.009837797 -0.146238908 0.002794866 0.999996006 0.000339435 -0.567369103 0.009836811 -0.000366912 0.999951541 32.333469391
0.999939263 -0.002851380 -0.010646768 -0.162239656 0.002860386 0.999995470 0.000830702 -0.587229609 0.010644353 -0.000861106 0.999943018 33.538440704
0.999932289 -0.003622939 -0.011058311 -0.177859709 0.003634582 0.999992847 0.001032908 -0.607152879 0.011054492 -0.001073031 0.999938369 34.740348816
0.999921501 -0.004083768 -0.011843178 -0.191431597 0.004099787 0.999990702 0.001328687 -0.630570352 0.011837643 -0.001377137 0.999929011 35.938915253
0.999914408 -0.004269607 -0.012367181 -0.206175134 0.004283052 0.999990284 0.001060947 -0.649071455 0.012362530 -0.001113826 0.999922991 37.142505646
0.999913156 -0.005024242 -0.012184255 -0.227740988 0.005047815 0.999985456 0.001904719 -0.671243966 0.012174509 -0.001966058 0.999924004 38.339508057
0.999920726 -0.004611497 -0.011720113 -0.254184961 0.004647880 0.999984443 0.003078959 -0.689457476 0.011705732 -0.003133189 0.999926627 39.560302734
0.999922633 -0.003898652 -0.011816845 -0.272016913 0.003939991 0.999986172 0.003477122 -0.700453699 0.011803127 -0.003523411 0.999924183 40.760826111
0.999923110 -0.003403627 -0.011924461 -0.288139969 0.003442338 0.999988794 0.003227307 -0.720202088 0.011913344 -0.003268107 0.999923766 41.961120605
0.999929667 -0.002286185 -0.011638245 -0.304524064 0.002322222 0.999992549 0.003083847 -0.734550655 0.011631110 -0.003110657 0.999927521 43.154056549
0.999933422 0.000012551 -0.011538095 -0.316455156 0.000042440 0.999988616 0.004765770 -0.748044729 0.011538025 -0.004765942 0.999922097 44.362014771
0.999952972 0.000224702 -0.009703930 -0.339905232 -0.000150498 0.999970734 0.007646833 -0.760953248 0.009705366 -0.007645013 0.999923646 45.557823181
0.999971211 0.000598265 -0.007563938 -0.350385010 -0.000514940 0.999939203 0.011013173 -0.776061237 0.007570067 -0.011008960 0.999910653 46.754047394
0.999978065 0.001221737 -0.006512376 -0.357561320 -0.001128592 0.999897301 0.014287300 -0.781393290 0.006529164 -0.014279635 0.999876678 47.959598541
0.999986529 -0.000134080 -0.005204335 -0.370114982 0.000213493 0.999883533 0.015261465 -0.786183298 0.005201683 -0.015262368 0.999869883 49.170898438
0.999994218 -0.001628155 -0.003030332 -0.376341045 0.001670790 0.999898911 0.014120190 -0.790112317 0.003007035 -0.014125167 0.999895692 50.392753601
0.999997437 -0.000757715 -0.002179299 -0.381745040 0.000784961 0.999921262 0.012528456 -0.795351803 0.002169635 -0.012530132 0.999919116 51.606544495
0.999999583 -0.000531036 -0.000657035 -0.396920443 0.000538834 0.999928772 0.011924691 -0.799741209 0.000650656 -0.011925043 0.999928653 52.796749115
0.999999464 -0.000590868 -0.000725493 -0.402479231 0.000599071 0.999935329 0.011359052 -0.803105652 0.000718734 -0.011359483 0.999935150 54.002052307
0.999998868 -0.000850092 -0.001230873 -0.412212938 0.000862429 0.999949038 0.010057891 -0.807626247 0.001222260 -0.010058943 0.999948680 55.217418671
0.999995649 -0.001081251 -0.002733277 -0.410815895 0.001110762 0.999940991 0.010818652 -0.816999972 0.002721418 -0.010821644 0.999937713 56.406665802
0.999991179 -0.001175061 -0.004013142 -0.421578288 0.001222553 0.999929011 0.011852115 -0.822258711 0.003998930 -0.011856918 0.999921739 57.609794617
0.999986827 -0.001358174 -0.004937998 -0.428576082 0.001419484 0.999921799 0.012433905 -0.834362805 0.004920723 -0.012440751 0.999910474 58.812156677
0.999982238 -0.000445270 -0.005937482 -0.441153020 0.000516940 0.999926984 0.012074756 -0.838053405 0.005931671 -0.012077612 0.999909461 60.009204865
0.999980271 0.000026747 -0.006274905 -0.455942065 0.000049426 0.999926329 0.012138951 -0.848898947 0.006274766 -0.012139020 0.999906600 61.225105286
0.999980330 -0.001126666 -0.006172518 -0.469092280 0.001196174 0.999935806 0.011268878 -0.851470590 0.006159425 -0.011276041 0.999917448 62.422771454
0.999976814 -0.001752533 -0.006573687 -0.472892195 0.001822446 0.999941647 0.010644252 -0.864340484 0.006554651 -0.010655985 0.999921739 63.635856628
0.999973893 -0.002045328 -0.006929161 -0.481032014 0.002126871 0.999928296 0.011781200 -0.870677888 0.006904569 -0.011795627 0.999906600 64.838256836
0.999971449 -0.002840545 -0.006991516 -0.498179108 0.002932873 0.999908149 0.013230971 -0.878686368 0.006953291 -0.013251099 0.999888003 66.041320801
0.999972939 -0.001847891 -0.007120944 -0.511983395 0.001930796 0.999930263 0.011653229 -0.886154234 0.007098913 -0.011666662 0.999906659 67.249374390
0.999976277 -0.000016408 -0.006894432 -0.533057213 0.000089571 0.999943793 0.010611759 -0.894388855 0.006893870 -0.010612126 0.999919891 68.448089600
0.999975085 0.001991785 -0.006767735 -0.543124795 -0.001919015 0.999940455 0.010742086 -0.902273417 0.006788728 -0.010728833 0.999919355 69.641601562
0.999969661 0.004078847 -0.006633559 -0.559953213 -0.004004595 0.999929607 0.011168459 -0.911818624 0.006678648 -0.011141556 0.999915600 70.830863953
0.999966145 0.005518069 -0.006092537 -0.575560987 -0.005447518 0.999918640 0.011536539 -0.918968916 0.006155700 -0.011502962 0.999914885 72.028442383
0.999969244 0.006068203 -0.004950183 -0.592003167 -0.006007030 0.999906600 0.012280252 -0.923863351 0.005024241 -0.012250140 0.999912381 73.223854065
0.999963045 0.007798715 -0.003591413 -0.596029758 -0.007750642 0.999882698 0.013210380 -0.932085335 0.003694015 -0.013182058 0.999906301 74.415458679
0.999979675 0.006338910 -0.000716567 -0.593131900 -0.006330718 0.999920487 0.010908468 -0.942593396 0.000785658 -0.010903709 0.999940217 75.596343994
0.999991417 0.003701540 0.001898755 -0.596174955 -0.003712493 0.999976397 0.005797830 -0.951532483 -0.001877249 -0.005804830 0.999981344 76.770645142
0.999979734 0.004665327 0.004335062 -0.587049723 -0.004688395 0.999974966 0.005326401 -0.963461876 -0.004310104 -0.005346619 0.999976456 77.961151123
0.999971330 0.003441277 0.006753660 -0.580485940 -0.003502470 0.999952734 0.009069934 -0.978366017 -0.006722130 -0.009093327 0.999936163 79.143325806
0.999935567 0.003987415 0.010633450 -0.574667037 -0.004096178 0.999939442 0.010226261 -0.988158047 -0.010592028 -0.010269159 0.999891162 80.314331055
0.999882638 0.004136268 0.014752012 -0.564304233 -0.004261976 0.999954820 0.008500213 -0.998140275 -0.014716184 -0.008562088 0.999855042 81.482025146
0.999826908 0.002890408 0.018378230 -0.544751763 -0.002990919 0.999980688 0.005443908 -1.011212707 -0.018362142 -0.005497933 0.999816298 82.650596619
0.999759972 0.001599739 0.021847678 -0.522555590 -0.001644182 0.999996543 0.002016400 -1.027009964 -0.021844380 -0.002051838 0.999759257 83.811218262
0.999676466 0.001158814 0.025409674 -0.498142838 -0.001188082 0.999998629 0.001136752 -1.044751167 -0.025408324 -0.001166573 0.999676466 84.965400696
0.999576926 0.000880263 0.029071670 -0.468641132 -0.000964836 0.999995291 0.002895236 -1.064764142 -0.029068980 -0.002922060 0.999573171 86.139686584
0.999449611 0.002280735 0.033096887 -0.445007622 -0.002401130 0.999990582 0.003598368 -1.087125778 -0.033088371 -0.003675858 0.999445677 87.305130005
0.999340713 0.001435336 0.036277074 -0.395753622 -0.001477086 0.999998271 0.001124088 -1.103212357 -0.036275391 -0.001176931 0.999341130 88.449455261
0.999216199 0.001194810 0.039567653 -0.355607837 -0.001149185 0.999998629 -0.001175814 -1.122909427 -0.039569005 0.001129423 0.999216199 89.599060059
0.999082744 0.001472659 0.042796243 -0.311028659 -0.001408309 0.999997854 -0.001533739 -1.140423298 -0.042798411 0.001472062 0.999082625 90.767951965
0.998961747 0.000702409 0.045552403 -0.260500938 -0.000687504 0.999999762 -0.000342876 -1.159287453 -0.045552630 0.000311203 0.998961866 91.922317505
0.998799682 -0.000507527 0.048979152 -0.220898390 0.000451740 0.999999225 0.001150057 -1.180482984 -0.048979700 -0.001126551 0.998799145 93.072319031
0.998668849 -0.001289699 0.051564403 -0.159662381 0.001143266 0.999995232 0.002869209 -1.196784735 -0.051567852 -0.002806438 0.998665571 94.233741760
0.998544693 -0.002847734 0.053855050 -0.094658814 0.002645948 0.999989212 0.003817771 -1.212893486 -0.053865343 -0.003669717 0.998541474 95.396217346
0.998404980 -0.003758481 0.056331772 -0.039599732 0.003671873 0.999991834 0.001640896 -1.233061910 -0.056337487 -0.001431436 0.998410761 96.537818909
0.998279035 -0.005296978 0.058402900 0.031315200 0.005421546 0.999983370 -0.001974667 -1.251134276 -0.058391467 0.002287902 0.998291135 97.695663452
0.998166025 -0.004504100 0.060367811 0.094262458 0.004792349 0.999977767 -0.004630959 -1.272263408 -0.060345620 0.004911770 0.998165429 98.854545593
0.998064816 -0.004557856 0.062013742 0.166287407 0.004914350 0.999972224 -0.005597330 -1.295047402 -0.061986510 0.005891257 0.998059511 100.014930725
0.998056889 -0.004287775 0.062160548 0.239518538 0.004606754 0.999976814 -0.004989131 -1.316535234 -0.062137723 0.005265795 0.998053610 101.195220947
0.998094440 -0.004592826 0.061532468 0.300867200 0.004793702 0.999983668 -0.003117321 -1.346719623 -0.061517138 0.003406349 0.998100221 102.362159729
0.998166800 -0.004698692 0.060340259 0.363437295 0.004802886 0.999987245 -0.001581846 -1.366170049 -0.060332049 0.001868753 0.998176634 103.560462952
0.998283505 -0.004453423 0.058396976 0.422765523 0.004506897 0.999989510 -0.000784025 -1.387684584 -0.058392871 0.001045868 0.998293102 104.737136841
0.998447001 -0.004531185 0.055524267 0.491636008 0.004562214 0.999989510 -0.000432125 -1.404709220 -0.055521719 0.000684767 0.998457193 105.946418762
0.998591661 -0.003865007 0.052912537 0.542783916 0.003891725 0.999992311 -0.000401930 -1.425521493 -0.052910585 0.000607285 0.998599112 107.141220093
0.998779476 -0.002379149 0.049333714 0.590321422 0.002436824 0.999996364 -0.001108961 -1.438291907 -0.049330898 0.001227825 0.998781800 108.344703674
0.998986483 -0.002241781 0.044954706 0.644325674 0.002273643 0.999997199 -0.000657611 -1.458490610 -0.044953108 0.000759156 0.998988748 109.543754578
0.999164164 -0.002267411 0.040814042 0.695719481 0.002249054 0.999997437 0.000495683 -1.480343342 -0.040815059 -0.000403476 0.999166608 110.771728516
0.999333560 -0.001449471 0.036477201 0.730928957 0.001400879 0.999998093 0.001357629 -1.500284910 -0.036479101 -0.001305624 0.999333560 111.975044250
0.999477744 -0.001308562 0.032289311 0.760130227 0.001246532 0.999997318 0.001941105 -1.517418623 -0.032291766 -0.001899841 0.999476731 113.194313049
0.999634624 -0.000681184 0.027022304 0.793063223 0.000627509 0.999997795 0.001994752 -1.532724261 -0.027023608 -0.001977067 0.999632895 114.412208557
0.999751568 -0.000063763 0.022288501 0.812680304 0.000019267 0.999998033 0.001996587 -1.554491162 -0.022288583 -0.001995662 0.999749601 115.654899597
0.999852359 0.000250577 0.017177844 0.827460229 -0.000279905 0.999998510 0.001704930 -1.570085406 -0.017177392 -0.001709487 0.999850988 116.878173828
0.999919772 0.001399021 0.012584803 0.839702725 -0.001412736 0.999998331 0.001080908 -1.591088176 -0.012583270 -0.001098601 0.999920189 118.090179443
0.999952912 0.003236806 0.009152160 0.844036043 -0.003245345 0.999994338 0.000918325 -1.606032848 -0.009149136 -0.000947984 0.999957740 119.326942444
0.999965549 0.004912468 0.006704531 0.848410308 -0.004920729 0.999987304 0.001216208 -1.626598835 -0.006698471 -0.001249157 0.999976814 120.549194336
0.999961436 0.006421734 0.005997513 0.842243552 -0.006427119 0.999978960 0.000878917 -1.652063370 -0.005991742 -0.000917430 0.999981642 121.793296814
0.999949515 0.008810024 0.004861462 0.839327097 -0.008815824 0.999960482 0.001173177 -1.668495178 -0.004850934 -0.001215976 0.999987543 123.034362793
0.999943197 0.009840546 0.004107507 0.834780097 -0.009848870 0.999949455 0.002011004 -1.687042475 -0.004087511 -0.002051344 0.999989569 124.265045166
0.999947846 0.009541883 0.003649185 0.829996645 -0.009550567 0.999951601 0.002369766 -1.703108430 -0.003626397 -0.002404494 0.999990523 125.505027771
0.999908864 0.013210404 0.002830522 0.823633730 -0.013222067 0.999904096 0.004142452 -1.715423346 -0.002775527 -0.004179500 0.999987423 126.754539490
0.999896944 0.014147232 0.002452167 0.810666621 -0.014164852 0.999872863 0.007323347 -1.728158355 -0.002348250 -0.007357327 0.999970198 127.974037170
0.999911726 0.013173961 0.001775672 0.811144590 -0.013185789 0.999889851 0.006822530 -1.741121650 -0.001685596 -0.006845341 0.999975145 129.224853516
0.999921501 0.012505608 0.000856026 0.810894012 -0.012510255 0.999905705 0.005656411 -1.754166245 -0.000785209 -0.005666676 0.999983668 130.468795776
0.999947965 0.010185930 0.000525523 0.800648808 -0.010189191 0.999926150 0.006627668 -1.764876604 -0.000457976 -0.006632677 0.999977887 131.691345215
0.999970496 0.007658308 -0.000712245 0.802047372 -0.007651828 0.999932945 0.008694493 -1.777628064 0.000778782 -0.008688785 0.999961913 132.948455811
0.999963403 0.000944590 -0.008502183 0.895269573 -0.000856883 0.999946475 0.010313576 -1.798624396 0.008511471 -0.010305915 0.999910593 134.035263062
0.999957323 -0.000916891 -0.009196702 0.884574175 0.001022547 0.999933481 0.011490394 -1.806397438 0.009185555 -0.011499309 0.999891639 135.302093506
0.999997318 -0.002118483 -0.000934213 0.794559181 0.002127131 0.999953985 0.009355735 -1.801428080 0.000914350 -0.009357697 0.999955773 136.733291626
0.999989569 -0.004466541 -0.000942235 0.791661680 0.004474362 0.999954164 0.008467776 -1.809653878 0.000904370 -0.008471903 0.999963641 138.006149292
0.999982893 -0.005746240 -0.001131265 0.790652812 0.005755601 0.999947727 0.008454029 -1.823697567 0.001082627 -0.008460394 0.999963582 139.273147583
0.999984622 -0.005531798 0.000384647 0.774079263 0.005528335 0.999948680 0.008486837 -1.830067635 -0.000431575 -0.008484581 0.999963939 140.580291748
0.999984741 -0.005389006 0.001173940 0.766341984 0.005376312 0.999929667 0.010561344 -1.840085506 -0.001230773 -0.010554872 0.999943614 141.853820801
0.999995232 -0.002687247 0.001609901 0.770889759 0.002667527 0.999922872 0.012128809 -1.849825859 -0.001642371 -0.012124456 0.999925077 143.158996582
0.999993861 -0.002754271 0.002210887 0.767723799 0.002731407 0.999943435 0.010278964 -1.855574131 -0.002239075 -0.010272861 0.999944687 144.433364868
0.999993324 -0.002547733 0.002609107 0.766819775 0.002525223 0.999960005 0.008594611 -1.869318247 -0.002630900 -0.008587967 0.999959588 145.710571289
0.999990821 -0.002796577 0.003235688 0.763376176 0.002777296 0.999978542 0.005947998 -1.879592896 -0.003252252 -0.005938957 0.999977052 146.986602783
0.999986231 -0.003746692 0.003667011 0.761917770 0.003738612 0.999990523 0.002207986 -1.899746656 -0.003675249 -0.002194246 0.999990821 148.249526978
0.999981821 -0.003408988 0.004969442 0.741267443 0.003417013 0.999992847 -0.001607194 -1.924521923 -0.004963928 0.001624146 0.999986291 149.571487427
0.999979377 -0.004144634 0.004896708 0.744918287 0.004156175 0.999988616 -0.002348928 -1.949229598 -0.004886917 0.002369231 0.999985218 150.845932007
0.999972284 -0.003460775 0.006597443 0.705606043 0.003479943 0.999989867 -0.002896121 -1.960284591 -0.006587354 0.002919000 0.999974072 152.231552124
0.999977231 -0.002633959 0.006221925 0.709104300 0.002648175 0.999993920 -0.002277648 -1.986359954 -0.006215889 0.002294072 0.999978065 153.494766235
0.998970985 0.022972101 0.039104283 0.181672737 -0.023016354 0.999734759 0.000681733 -1.996926665 -0.039078258 -0.001581069 0.999234855 155.589416504
0.998976707 0.023483824 0.038651392 0.225392967 -0.023553023 0.999721587 0.001335885 -2.018427610 -0.038609266 -0.002244875 0.999251902 156.856338501
0.999981761 -0.002012281 0.005697751 0.701622665 0.002015441 0.999997914 -0.000548931 -2.074941874 -0.005696634 0.000560405 0.999983609 157.232482910
0.999986708 -0.001453635 0.004950222 0.698175967 0.001455440 0.999998927 -0.000361066 -2.095259428 -0.004949692 0.000368266 0.999987662 158.499023438
0.999993265 -0.002472536 0.002709897 0.744597316 0.002470506 0.999996662 0.000752032 -2.116854668 -0.002711749 -0.000745332 0.999996066 159.709564209
0.999996424 -0.001188398 0.002403153 0.732423842 0.001186149 0.999998868 0.000937199 -2.135387659 -0.002404265 -0.000934345 0.999996662 160.957321167
0.999998808 -0.001067555 0.001107761 0.749301612 0.001067575 0.999999404 -0.000018018 -2.160891056 -0.001107741 0.000019201 0.999999404 162.222549438
0.999999404 -0.000893136 0.000643648 0.740030706 0.000893743 0.999999166 -0.000943810 -2.187056065 -0.000642805 0.000944385 0.999999344 163.487792969
0.999999821 0.000533162 -0.000249929 0.736472785 -0.000533361 0.999999523 -0.000794644 -2.215078354 0.000249505 0.000794777 0.999999642 164.736785889
0.999999642 0.000386779 -0.000807828 0.723704696 -0.000388177 0.999998450 -0.001731788 -2.236607552 0.000807157 0.001732101 0.999998212 166.013748169
0.999998391 0.000555507 -0.001691267 0.719289184 -0.000560230 0.999995947 -0.002793210 -2.261832714 0.001689707 0.002794152 0.999994636 167.282730103
0.999996781 0.000988988 -0.002325300 0.709211290 -0.000994953 0.999996245 -0.002565594 -2.284103155 0.002322753 0.002567899 0.999993980 168.556213379
0.999994636 0.000883930 -0.003159902 0.702227950 -0.000887267 0.999999046 -0.001054746 -2.315334558 0.003158966 0.001057545 0.999994457 169.835723877
0.999991715 0.000025634 -0.004085028 0.695748329 -0.000028682 0.999999702 -0.000746181 -2.337602615 0.004085008 0.000746292 0.999991417 171.101669312
0.999989808 0.001485038 -0.004251963 0.675138652 -0.001487792 0.999998689 -0.000644582 -2.358428955 0.004251000 0.000650902 0.999990702 172.377136230
0.999984503 0.002106382 -0.005145636 0.660844028 -0.002107860 0.999997795 -0.000282014 -2.380936384 0.005145031 0.000292856 0.999986708 173.647933960
0.999981761 0.002275802 -0.005580731 0.643445790 -0.002282184 0.999996781 -0.001137460 -2.407515287 0.005578125 0.001150176 0.999983788 174.921478271
0.999978960 0.002941240 -0.005768516 0.631227911 -0.002950219 0.999994457 -0.001548469 -2.432969570 0.005763930 0.001565455 0.999982119 176.164718628
0.999978125 0.002488850 -0.006118591 0.614994943 -0.002496784 0.999996066 -0.001289187 -2.456482172 0.006115357 0.001304436 0.999980450 177.430572510
0.999975502 0.002570449 -0.006503577 0.605236888 -0.002586394 0.999993622 -0.002444448 -2.478084326 0.006497253 0.002461210 0.999975860 178.686935425
0.999979079 0.001548203 -0.006276316 0.585270286 -0.001574985 0.999989688 -0.004264458 -2.501611948 0.006269648 0.004274254 0.999971211 179.974746704
0.999978781 -0.001366665 -0.006371747 0.571028948 0.001341213 0.999991119 -0.003997064 -2.527738810 0.006377151 0.003988433 0.999971688 181.237060547
0.999975801 -0.001452017 -0.006793316 0.560085297 0.001449632 0.999998868 -0.000355888 -2.555009604 0.006793825 0.000346031 0.999976814 182.503479004
0.999974549 -0.002035903 -0.006825835 0.546533167 0.002065720 0.999988377 0.004364046 -2.579807281 0.006816870 -0.004378035 0.999967158 183.771362305
0.999977350 -0.000815359 -0.006680821 0.532868028 0.000837165 0.999994338 0.003261744 -2.595046282 0.006678123 -0.003267264 0.999972343 185.023239136
0.999982238 0.000774948 -0.005912101 0.508703232 -0.000774905 0.999999702 0.000009567 -2.613008976 0.005912106 -0.000004985 0.999982536 186.266876221
0.999977827 0.000833939 -0.006601590 0.497991890 -0.000846244 0.999997914 -0.001861396 -2.638791800 0.006600024 0.001866941 0.999976456 187.518371582
0.999976218 0.001271350 -0.006777025 0.481087863 -0.001283600 0.999997556 -0.001803519 -2.659193516 0.006774715 0.001812175 0.999975383 188.765289307
0.999979079 0.000486215 -0.006435394 0.468479037 -0.000489306 0.999999702 -0.000478767 -2.686365604 0.006435161 0.000481906 0.999979138 190.027923584
0.999978840 0.000734521 -0.006450765 0.456518173 -0.000722524 0.999997973 0.001861852 -2.710492849 0.006452119 -0.001857151 0.999977469 191.278335571
0.999984682 -0.000067303 -0.005535828 0.442871273 0.000081167 0.999996781 0.002504262 -2.732105732 0.005535644 -0.002504673 0.999981523 192.532913208
0.999991834 0.000078107 -0.004040181 0.429303080 -0.000071380 0.999998510 0.001665015 -2.749822140 0.004040305 -0.001664713 0.999990404 193.777694702
0.999996245 -0.001067193 -0.002523580 0.420304507 0.001068013 0.999999404 0.000323890 -2.775902271 0.002523234 -0.000326584 0.999996722 195.006561279
0.999998510 -0.001415808 -0.000990464 0.406412810 0.001414760 0.999998510 -0.001058356 -2.799273014 0.000991960 0.001056953 0.999998927 196.238204956
0.999998331 -0.001800877 0.000275540 0.403485715 0.001801357 0.999996841 -0.001752922 -2.825206757 -0.000272383 0.001753416 0.999998450 197.457321167
0.999997079 -0.001608468 0.001773154 0.400312692 0.001610266 0.999998212 -0.001012863 -2.850020647 -0.001771522 0.001015715 0.999997914 198.668136597
0.999993742 -0.001962020 0.002936411 0.402849406 0.001959495 0.999997675 0.000862498 -2.873156548 -0.002938097 -0.000856738 0.999995291 199.900939941
0.999992549 -0.000784480 0.003767158 0.401394963 0.000778694 0.999998450 0.001537178 -2.898998499 -0.003768357 -0.001534233 0.999991715 201.115478516
0.999985099 -0.001269013 0.005316651 0.398140967 0.001262102 0.999998331 0.001303029 -2.918541908 -0.005318296 -0.001296299 0.999985039 202.322235107
0.999981880 -0.001520120 0.005830053 0.407208890 0.001513461 0.999998152 0.001146376 -2.933411598 -0.005831785 -0.001137532 0.999982417 203.533035278
0.999971628 -0.001021863 0.007456580 0.401531816 0.001010354 0.999998212 0.001547085 -2.961963415 -0.007458148 -0.001539508 0.999971032 204.724243164
0.999964118 -0.000708557 0.008438713 0.402295977 0.000697697 0.999998927 0.001289707 -2.980592012 -0.008439618 -0.001283773 0.999963582 205.920928955
0.999952257 -0.000774444 0.009736429 0.396936715 0.000758455 0.999998331 0.001645756 -3.009662151 -0.009737687 -0.001638292 0.999951243 207.091903687
0.999948323 -0.002009052 0.009965396 0.409560531 0.001996081 0.999997139 0.001311344 -3.025058985 -0.009968002 -0.001291384 0.999949455 208.251678467
0.999943912 -0.001978844 0.010406087 0.410692722 0.001954539 0.999995232 0.002345236 -3.049703598 -0.010410680 -0.002324765 0.999943137 209.407135010
0.999944806 -0.002628597 0.010176353 0.415387809 0.002594248 0.999990880 0.003387051 -3.071342945 -0.010185163 -0.003360464 0.999942482 210.534164429
0.999951959 -0.002357077 0.009515665 0.427433312 0.002325629 0.999991775 0.003314542 -3.093625069 -0.009523400 -0.003292253 0.999949276 211.662521362
0.999958098 -0.001827897 0.008980786 0.431361496 0.001806897 0.999995589 0.002345933 -3.113531351 -0.008985037 -0.002329606 0.999956965 212.759384155
0.999959946 -0.001586757 0.008810608 0.432857484 0.001576200 0.999998033 0.001205048 -3.131898642 -0.008812503 -0.001191113 0.999960482 213.855499268
0.999965072 -0.001597572 0.008218319 0.435621440 0.001588833 0.999998212 0.001069735 -3.151044369 -0.008220014 -0.001056640 0.999965668 214.921981812
0.999971330 -0.002127286 0.007265465 0.433060378 0.002119354 0.999997079 0.001099349 -3.177271128 -0.007267783 -0.001083920 0.999972939 215.993255615
0.999980867 -0.002551166 0.005643693 0.437250912 0.002542237 0.999995470 0.001588815 -3.194253683 -0.005647722 -0.001574437 0.999982774 217.049697876
0.999987245 -0.003606532 0.003544476 0.436826587 0.003595921 0.999989033 0.002995489 -3.207774401 -0.003555240 -0.002982705 0.999989271 218.092391968
0.999993145 -0.003345981 0.001574076 0.430451512 0.003338615 0.999983609 0.004658689 -3.224806547 -0.001589637 -0.004653402 0.999987960 219.117462158
0.999994695 -0.003168456 -0.000797914 0.425541967 0.003172463 0.999982119 0.005071355 -3.247815609 0.000781832 -0.005073859 0.999986887 220.126571655
0.999990880 -0.002659678 -0.003379635 0.418712080 0.002673345 0.999988258 0.004045675 -3.260720491 0.003368834 -0.004054673 0.999986053 221.122222900
0.999974489 -0.002732830 -0.006617404 0.413791806 0.002764015 0.999985158 0.004708043 -3.281575680 0.006604438 -0.004726212 0.999966979 222.089721680
0.999955297 -0.001961026 -0.009250564 0.392762512 0.002008450 0.999984860 0.005120148 -3.298386335 0.009240383 -0.005138499 0.999944091 223.035873413
0.999930680 -0.001513647 -0.011674935 0.374700010 0.001565144 0.999989033 0.004403058 -3.311903715 0.011668144 -0.004421025 0.999922156 223.964172363
0.999889731 -0.001287627 -0.014796067 0.356756955 0.001340712 0.999992728 0.003578406 -3.323668003 0.014791354 -0.003597849 0.999884188 224.866027832
0.999840498 -0.001968856 -0.017750833 0.332355708 0.002021259 0.999993682 0.002934652 -3.343345165 0.017744945 -0.002970062 0.999838114 225.747955322
0.999784768 -0.000833964 -0.020730939 0.301473230 0.000898033 0.999994874 0.003081360 -3.365138054 0.020728262 -0.003099315 0.999780357 226.606292725
0.999717534 -0.000373058 -0.023762295 0.279782623 0.000423035 0.999997735 0.002098193 -3.379308701 0.023761457 -0.002107653 0.999715388 227.440002441
0.999659896 0.001401665 -0.026040452 0.248858407 -0.001357447 0.999997675 0.001715648 -3.392928839 0.026042793 -0.001679716 0.999659419 228.255889893
0.999638855 0.002076215 -0.026790045 0.220720217 -0.002021445 0.999995828 0.002071337 -3.406658649 0.026794236 -0.002016435 0.999638975 229.058090210
0.999649584 0.001985383 -0.026395742 0.194076642 -0.001895554 0.999992371 0.003427721 -3.427857876 0.026402351 -0.003376486 0.999645710 229.836257935
0.999667645 0.001901214 -0.025706915 0.164723173 -0.001796440 0.999989927 0.004098231 -3.443543196 0.025714451 -0.004050687 0.999661028 230.594070435
0.999681950 0.001793139 -0.025154416 0.140419737 -0.001693472 0.999990642 0.003982945 -3.459821224 0.025161328 -0.003939080 0.999675572 231.343338013
0.999677777 0.001836322 -0.025317011 0.126508534 -0.001787341 0.999996424 0.001957214 -3.474609613 0.025320519 -0.001911333 0.999677479 232.073211670
0.999712467 0.002382154 -0.023858732 0.098172352 -0.002395571 0.999997020 -0.000533772 -3.486747503 0.023857392 0.000590773 0.999715209 232.811019897
0.999736845 0.002735614 -0.022776244 0.078267932 -0.002780865 0.999994159 -0.001955334 -3.500295162 0.022770766 0.002018157 0.999738693 233.539352417
0.999762833 0.003010365 -0.021565977 0.064228855 -0.003064194 0.999992371 -0.002463420 -3.516259432 0.021558397 0.002528919 0.999764442 234.259399414
0.999800384 0.001632671 -0.019912265 0.050691370 -0.001676764 0.999996245 -0.002197905 -3.535034418 0.019908605 0.002230854 0.999799311 234.985610962
0.999837041 0.002370141 -0.017896371 0.033735033 -0.002417424 0.999993622 -0.002620870 -3.546664715 0.017890045 0.002663706 0.999836445 235.696441650
0.999863327 0.002949082 -0.016267648 0.024330320 -0.002990279 0.999992371 -0.002508697 -3.564085722 0.016260123 0.002556999 0.999864578 236.406906128
0.999897420 0.002412068 -0.014118816 0.011116927 -0.002452511 0.999992907 -0.002847918 -3.580790281 0.014111846 0.002882252 0.999896348 237.112915039
0.999937654 0.002240920 -0.010944323 -0.002243276 -0.002268698 0.999994338 -0.002526342 -3.595537901 0.010938594 0.002551014 0.999936879 237.823348999
0.999965966 0.001212823 -0.008165694 -0.002538674 -0.001226323 0.999997914 -0.001648502 -3.613322973 0.008163675 0.001658459 0.999965310 238.520538330
0.999989450 0.000493061 -0.004576434 -0.015674798 -0.000501388 0.999998271 -0.001818403 -3.622962952 0.004575526 0.001820678 0.999987841 239.220046997
0.999998629 0.000353130 -0.001656762 -0.018951748 -0.000355306 0.999999046 -0.001312881 -3.642980337 0.001656297 0.001313468 0.999997795 239.916046143
0.999998987 -0.000423949 0.001343151 -0.015726034 0.000426519 0.999998033 -0.001913316 -3.654808044 -0.001342338 0.001913886 0.999997258 240.612243652
0.999989867 -0.000195775 0.004487688 -0.016344750 0.000207573 0.999996543 -0.002628608 -3.665023565 -0.004487157 0.002629513 0.999986470 241.301574707
0.999973655 0.000368520 0.007249678 -0.011797611 -0.000342910 0.999993682 -0.003533562 -3.677683592 -0.007250934 0.003530983 0.999967456 241.996566772
0.999948382 0.000261596 0.010157873 -0.007419117 -0.000225791 0.999993742 -0.003525816 -3.697378874 -0.010158732 0.003523341 0.999942243 242.686325073
0.999921501 0.000707839 0.012512768 0.004468746 -0.000672821 0.999995828 -0.002802564 -3.709634542 -0.012514699 0.002793925 0.999917805 243.387710571
0.999875188 0.000449416 0.015794018 0.005547146 -0.000418965 0.999997973 -0.001931225 -3.724843264 -0.015794855 0.001924367 0.999873459 244.082015991
0.999840856 0.000727181 0.017820127 0.022121279 -0.000686094 0.999997199 -0.002311624 -3.737214327 -0.017821755 0.002299030 0.999838531 244.803237915
0.999799430 0.000734616 0.020010561 0.032636765 -0.000659408 0.999992728 -0.003764748 -3.751270771 -0.020013180 0.003750798 0.999792755 245.505783081
0.999753773 0.000983212 0.022168722 0.042830158 -0.000843754 0.999979794 -0.006299251 -3.764467955 -0.022174470 0.006278994 0.999734402 246.214675903
0.999740541 -0.000544592 0.022770859 0.064719424 0.000724727 0.999968469 -0.007903230 -3.780566216 -0.022765838 0.007917685 0.999709487 246.942367554
0.999734998 -0.000364337 0.023018243 0.077702083 0.000558085 0.999964476 -0.008411245 -3.795028210 -0.023014363 0.008421864 0.999699652 247.660949707
0.999734342 -0.001453526 0.023000957 0.095247090 0.001658667 0.999958932 -0.008902193 -3.815100193 -0.022987071 0.008937980 0.999695837 248.388229370
0.999732018 0.000127361 0.023147989 0.109666422 0.000086177 0.999957561 -0.009223676 -3.831340075 -0.023148177 0.009223201 0.999689460 249.123672485
0.999724150 0.000272416 0.023486281 0.123267181 -0.000048589 0.999954581 -0.009530146 -3.848384619 -0.023487808 0.009526376 0.999678731 249.863021851
0.999720633 -0.000555897 0.023628861 0.138904482 0.000831267 0.999931812 -0.011645761 -3.866183519 -0.023620777 0.011662150 0.999652982 250.609741211
0.999699354 -0.004298688 0.024138404 0.157483369 0.004631029 0.999895036 -0.013729134 -3.886921406 -0.024076851 0.013836793 0.999614358 251.356857300
0.999666452 -0.007561722 0.024691179 0.179021746 0.007921995 0.999863088 -0.014526047 -3.904868126 -0.024577955 0.014716807 0.999589562 252.122558594
0.999668181 -0.005067972 0.025254974 0.195031419 0.005340567 0.999928117 -0.010737984 -3.920493841 -0.025198737 0.010869298 0.999623358 252.905517578
0.999667704 -0.001412607 0.025736108 0.203655466 0.001531332 0.999988198 -0.004594012 -3.936153173 -0.025729315 0.004631896 0.999658227 253.682052612
0.999648929 -0.002308589 0.026394397 0.225796729 0.002334375 0.999996722 -0.000946186 -3.955901861 -0.026392128 0.001007468 0.999651194 254.466857910
0.999579132 -0.003559770 0.028790567 0.249445200 0.003655677 0.999987841 -0.003279245 -3.966882229 -0.028778547 0.003383113 0.999580145 255.265838623
0.999458253 -0.002890950 0.032782495 0.269032449 0.003200428 0.999950707 -0.009391796 -3.983235359 -0.032753728 0.009491626 0.999418378 256.053222656
0.999318540 -0.000336440 0.036907922 0.289447933 0.000820293 0.999913871 -0.013095346 -3.997029781 -0.036900342 0.013116698 0.999232829 256.863708496
0.999205291 0.001805555 0.039818279 0.320188135 -0.001287506 0.999914348 -0.013032144 -4.012995720 -0.039838396 0.012970522 0.999121904 257.684661865
0.999076188 -0.000148717 0.042973455 0.356160730 0.000611410 0.999942005 -0.010754003 -4.033384800 -0.042969361 0.010770344 0.999018312 258.517700195
0.998927772 -0.003132182 0.046189006 0.395643413 0.003474649 0.999967039 -0.007336048 -4.055472374 -0.046164509 0.007488672 0.998905778 259.353027344
0.998774469 -0.005638087 0.049170926 0.436484247 0.005929340 0.999965727 -0.005779433 -4.074080944 -0.049136657 0.006063901 0.998773575 260.196197510
0.998639405 -0.005198801 0.051887568 0.478997648 0.005489360 0.999969959 -0.005458857 -4.089588165 -0.051857635 0.005736259 0.998637974 261.029907227
0.998496890 -0.002128344 0.054766107 0.518699288 0.002547917 0.999967933 -0.007592516 -4.105080605 -0.054748192 0.007720644 0.998470306 261.875000000
0.998370290 -0.001073033 0.057057489 0.561905921 0.001636485 0.999950409 -0.009829380 -4.123041630 -0.057044107 0.009906735 0.998322487 262.709197998
0.998216271 -0.000367755 0.059698995 0.604938030 0.000968749 0.999949217 -0.010038451 -4.142816544 -0.059692271 0.010078380 0.998165905 263.544219971
0.998022318 -0.000466822 0.062859006 0.652108550 0.000950476 0.999970138 -0.007664577 -4.169482231 -0.062853560 0.007709165 0.997992933 264.414794922
0.997831523 0.000951601 0.065812178 0.702343464 -0.000561990 0.999982178 -0.005938293 -4.193717480 -0.065816656 0.005888431 0.997814357 265.254364014
0.997649193 0.001958341 0.068500027 0.759535670 -0.001543806 0.999980211 -0.006104018 -4.210292816 -0.068510629 0.005983918 0.997632444 266.112670898
0.997461081 0.001926732 0.071188323 0.823265314 -0.001435107 0.999974787 -0.006956470 -4.225006104 -0.071199931 0.006836645 0.997438669 266.967773438
0.997286916 0.000157993 0.073613726 0.886772037 0.000398959 0.999971449 -0.007551114 -4.243123531 -0.073612817 0.007559996 0.997258306 267.815856934
0.997132123 -0.002344131 0.075644471 0.947594464 0.002895323 0.999970078 -0.007177766 -4.255783081 -0.075625375 0.007376197 0.997109056 268.663085938
0.997082829 -0.003100198 0.076264732 1.018886447 0.003663742 0.999967098 -0.007250512 -4.277640343 -0.076239735 0.007508776 0.997061253 269.513305664
0.997031391 -0.004762133 0.076848425 1.074914217 0.005304132 0.999962568 -0.006850271 -4.306284904 -0.076812938 0.007237551 0.997019231 270.376342773
0.997055113 -0.004530000 0.076554336 1.147150278 0.005059886 0.999964595 -0.006729167 -4.322701931 -0.076521143 0.007096707 0.997042716 271.226379395
0.997048378 -0.004542717 0.076640889 1.199856639 0.004998038 0.999971032 -0.005750221 -4.351011276 -0.076612547 0.006116303 0.997042179 272.089477539
0.997086465 -0.004385599 0.076153770 1.260827541 0.004792355 0.999975204 -0.005159326 -4.369936466 -0.076129258 0.005509249 0.997082710 272.943176270
0.997175813 -0.004043795 0.074993618 1.337549806 0.004532782 0.999969542 -0.006351324 -4.389811039 -0.074965648 0.006673316 0.997163832 273.826629639
0.997291327 -0.003890335 0.073450044 1.395495176 0.004419561 0.999965429 -0.007044089 -4.412146091 -0.073420100 0.007349626 0.997274101 274.679962158
0.997409105 -0.003669052 0.071844906 1.457261324 0.004245840 0.999959946 -0.007877151 -4.433495522 -0.071813129 0.008161783 0.997384727 275.553802490
0.997528195 -0.002625526 0.070217751 1.513070345 0.003224550 0.999959409 -0.008418960 -4.451722622 -0.070192784 0.008624571 0.997496247 276.405059814
0.997646630 -0.001154369 0.068555482 1.564663529 0.001738205 0.999962747 -0.008457218 -4.477809906 -0.068543166 0.008556479 0.997611463 277.258575439
0.997803092 -0.000440738 0.066248477 1.616773129 0.000987212 0.999965787 -0.008216340 -4.494293690 -0.066242591 0.008263689 0.997769356 278.101593018
0.997977734 -0.000725823 0.063560009 1.665203094 0.001145500 0.999977767 -0.006566656 -4.518285751 -0.063553825 0.006626185 0.997956395 278.966278076
0.998240829 -0.002106995 0.059252422 1.711738348 0.002362056 0.999988258 -0.004234953 -4.538404465 -0.059242800 0.004367461 0.998234034 279.805908203
0.998526394 -0.003651421 0.054146904 1.756668806 0.003779248 0.999990344 -0.002258528 -4.562737942 -0.054138124 0.002459835 0.998530388 280.652343750
0.998756051 -0.004452120 0.049663439 1.793425441 0.004502806 0.999989450 -0.000908743 -4.581641197 -0.049658865 0.001131238 0.998765528 281.493469238
0.998978794 -0.004299955 0.044977408 1.822196960 0.004336209 0.999990344 -0.000708524 -4.592996120 -0.044973932 0.000902832 0.998987675 282.311614990
0.999174118 -0.004975241 0.040327523 1.856855273 0.004974622 0.999987602 0.000115701 -4.611486912 -0.040327597 0.000085009 0.999186516 283.132659912
0.999344766 -0.005918508 0.035706647 1.878038406 0.005918415 0.999982476 0.000108302 -4.625436306 -0.035706658 0.000103095 0.999362350 283.932464600
0.999480486 -0.006393925 0.031590004 1.900571942 0.006400512 0.999979615 -0.000107376 -4.643984318 -0.031588666 0.000309513 0.999500930 284.721221924
0.999601722 -0.005923408 0.027590731 1.920371890 0.005931668 0.999982357 -0.000217578 -4.660728931 -0.027588954 0.000381150 0.999619305 285.495819092
0.999702334 -0.005733680 0.023712609 1.932710528 0.005742556 0.999983430 -0.000306213 -4.677375793 -0.023710458 0.000442293 0.999718785 286.242675781
