1.000000000 0.000000000 0.000000000 0.000000000 0.000000000 1.000000000 0.000000000 0.000000000 0.000000000 0.000000000 1.000000000 0.000000000
0.999997318 0.001027036 0.002079664 -0.009726709 -0.001024794 0.999998868 -0.001078779 -0.016785568 -0.002080769 0.001076645 0.999997258 1.206227422
0.999973714 0.002561679 0.006784446 -0.071982183 -0.002557561 0.999996483 -0.000615608 -0.036131460 -0.006785999 0.000598241 0.999976695 2.414166689
0.999965370 0.002219057 0.008012730 -0.072012573 -0.002217487 0.999997497 -0.000204800 -0.055997819 -0.008013164 0.000187025 0.999967873 3.615514040
0.999957621 0.002070508 0.008973816 -0.066829309 -0.002067579 0.999997914 -0.000335612 -0.075521387 -0.008974492 0.000317044 0.999959648 4.808796406
0.999952614 0.002001153 0.009517767 -0.066733614 -0.002000932 0.999998033 -0.000032740 -0.100713976 -0.009517812 0.000013694 0.999954641 6.013579845
0.999945164 0.002309537 0.010212130 -0.057526655 -0.002299991 0.999996960 -0.000946431 -0.122586280 -0.010214284 0.000922892 0.999947429 7.212732792
0.999931157 0.002522583 0.011453635 -0.070147134 -0.002510358 0.999996245 -0.001081565 -0.148336321 -0.011456321 0.001052738 0.999933779 8.399550438
0.999926865 0.002335070 0.011864892 -0.070241161 -0.002338356 0.999997258 0.000263056 -0.169198543 -0.011864246 -0.000290781 0.999929547 9.598647118
0.999942482 0.001835423 0.010566603 -0.063488275 -0.001850586 0.999997318 0.001425401 -0.192317516 -0.010563959 -0.001444873 0.999943078 10.796528816
0.999964893 0.000165261 0.008366355 -0.070350245 -0.000172345 0.999999642 0.000846137 -0.214298934 -0.008366211 -0.000847550 0.999964654 11.997471809
0.999977827 0.000586265 0.006627365 -0.073343374 -0.000588066 0.999999821 0.000269879 -0.230797499 -0.006627207 -0.000273771 0.999978006 13.192974091
0.999986649 0.000393988 0.005131529 -0.068390541 -0.000395393 0.999999940 0.000272713 -0.255246192 -0.005131420 -0.000274739 0.999986827 14.391612053
0.999984622 0.001702728 0.005281707 -0.096290633 -0.001702883 0.999998569 0.000024712 -0.280193567 -0.005281657 -0.000033706 0.999986053 15.580410957
0.999987423 0.001474098 0.004806824 -0.097185470 -0.001474455 0.999998987 0.000070710 -0.299827904 -0.004806715 -0.000077796 0.999988437 16.783470154
0.999991834 0.000596151 0.004019539 -0.094343796 -0.000597645 0.999999821 0.000370389 -0.317647249 -0.004019317 -0.000372788 0.999991894 17.971088409
0.999993324 0.000918349 0.003537941 -0.102446951 -0.000922425 0.999998868 0.001150699 -0.347147316 -0.003536880 -0.001153954 0.999993086 19.161907196
0.999996424 0.001127715 0.002428256 -0.102174684 -0.001128594 0.999999285 0.000360578 -0.369670928 -0.002427848 -0.000363317 0.999996960 20.357061386
0.999995530 0.000968440 0.002870142 -0.129176050 -0.000966760 0.999999344 -0.000586775 -0.392466068 -0.002870709 0.000583998 0.999995649 21.572587967
0.999995232 0.002276591 0.002111165 -0.131504685 -0.002276488 0.999997377 -0.000051322 -0.411603421 -0.002111276 0.000046515 0.999997795 22.768970490
0.999997556 0.001547211 0.001604186 -0.146139696 -0.001546907 0.999998808 -0.000190400 -0.436587751 -0.001604480 0.000187918 0.999998629 23.955265045
0.999998450 0.001636975 0.000663613 -0.152089790 -0.001636509 0.999998391 -0.000701716 -0.458677620 -0.000664761 0.000700629 0.999999523 25.150495529
0.999998271 0.001860752 -0.000189343 -0.159304112 -0.001860711 0.999998212 0.000221592 -0.487796843 0.000189755 -0.000221240 0.999999940 26.348646164
0.999999642 0.000239919 -0.000881650 -0.165579110 -0.000238263 0.999998331 0.001877769 -0.506692290 0.000882100 -0.001877558 0.999997854 27.549242020
0.999998271 0.000424215 -0.001826278 -0.171795338 -0.000421303 0.999998748 0.001594492 -0.523678660 0.001826952 -0.001593720 0.999997079 28.750158310
0.999997020 -0.000424096 -0.002380640 -0.184412777 0.000426925 0.999999225 0.001187881 -0.550620914 0.002380134 -0.001188894 0.999996424 29.927425385
0.999993026 -0.000984157 -0.003613610 -0.186893880 0.000985017 0.999999523 0.000236342 -0.571002901 0.003613377 -0.000239900 0.999993443 31.124784470
0.999992073 -0.000023817 -0.003958329 -0.207495600 0.000025218 0.999999881 0.000353797 -0.592831969 0.003958320 -0.000353894 0.999992073 32.322517395
0.999989092 -0.000559353 -0.004633067 -0.215253592 0.000563485 0.999999464 0.000890716 -0.613290250 0.004632566 -0.000893317 0.999988854 33.518920898
0.999985933 -0.000900002 -0.005225063 -0.225970581 0.000906059 0.999998868 0.001156913 -0.634532273 0.005224016 -0.001161631 0.999985695 34.707004547
0.999982536 -0.001716269 -0.005637772 -0.243094355 0.001723310 0.999997735 0.001244346 -0.657218456 0.005635624 -0.001254040 0.999983251 35.911300659
0.999979377 -0.001651004 -0.006195624 -0.255402297 0.001657396 0.999998093 0.001026688 -0.674330950 0.006193919 -0.001036935 0.999980211 37.114715576
0.999979019 -0.002549573 -0.005955894 -0.274854988 0.002561342 0.999994755 0.001969188 -0.703174293 0.005950843 -0.001984402 0.999980271 38.295520782
0.999979556 -0.002227646 -0.005986189 -0.279676527 0.002246204 0.999992728 0.003095167 -0.716095030 0.005979250 -0.003108550 0.999977231 39.499576569
0.999980927 -0.001457934 -0.005993809 -0.295142084 0.001480862 0.999991596 0.003822659 -0.735044479 0.005988186 -0.003831463 0.999974668 40.704544067
0.999979138 -0.001190832 -0.006338384 -0.302711755 0.001212596 0.999993384 0.003431006 -0.746750593 0.006334255 -0.003438620 0.999973953 41.902362823
0.999980569 -0.000281142 -0.006228032 -0.313800246 0.000301038 0.999994934 0.003194044 -0.759871840 0.006227101 -0.003195857 0.999975443 43.093994141
0.999982357 0.002197097 -0.005504795 -0.331514657 -0.002167703 0.999983430 0.005340093 -0.777603030 0.005516437 -0.005328066 0.999970615 44.313541412
0.999991775 0.002082035 -0.003481495 -0.352609038 -0.002052771 0.999962866 0.008387965 -0.793396592 0.003498827 -0.008380748 0.999958754 45.508903503
0.999995828 0.002408897 -0.001612550 -0.367273629 -0.002391337 0.999938846 0.010803815 -0.798754334 0.001638476 -0.010799915 0.999940276 46.708198547
0.999995291 0.003028436 -0.000472900 -0.360944390 -0.003021256 0.999890268 0.014508901 -0.806763291 0.000516787 -0.014507404 0.999894559 47.909133911
0.999994099 0.002671576 0.002137903 -0.394921362 -0.002704584 0.999874830 0.015588588 -0.806990981 -0.002095989 -0.015594278 0.999876201 49.133316040
0.999994397 0.000675621 0.003272379 -0.388771415 -0.000721377 0.999901712 0.014001428 -0.808102787 -0.003262599 -0.014003708 0.999896586 50.341342926
0.999988437 0.001799831 0.004476598 -0.388089418 -0.001854477 0.999923527 0.012232943 -0.812816024 -0.004454239 -0.012241101 0.999915123 51.548698425
0.999984503 0.001219677 0.005441871 -0.394718736 -0.001285159 0.999926627 0.012045871 -0.819283485 -0.005426780 -0.012052676 0.999912560 52.738471985
0.999985039 0.000935714 0.005392734 -0.393101513 -0.000997266 0.999934256 0.011422467 -0.822650611 -0.005381692 -0.011427676 0.999920130 53.940780640
0.999985635 0.000654711 0.005317900 -0.405474424 -0.000708675 0.999948204 0.010152056 -0.823438048 -0.005310978 -0.010155679 0.999934316 55.159698486
0.999993622 0.000913200 0.003453468 -0.404089600 -0.000950830 0.999940038 0.010910555 -0.830802560 -0.003443297 -0.010913769 0.999934494 56.373565674
0.999996960 0.000709915 0.002366015 -0.413756490 -0.000737858 0.999929726 0.011830029 -0.835728168 -0.002357450 -0.011831741 0.999927223 57.564895630
0.999998808 -0.000026988 0.001551262 -0.418250620 0.000008048 0.999925494 0.012208566 -0.844018281 -0.001551476 -0.012208539 0.999924302 58.774032593
0.999998868 0.001412657 0.000555080 -0.424007595 -0.001419310 0.999924898 0.012175479 -0.853489876 -0.000537837 -0.012176252 0.999925733 59.970169067
0.999998569 0.001715185 -0.000180400 -0.428202778 -0.001712942 0.999929249 0.011769900 -0.856085479 0.000200577 -0.011769574 0.999930739 61.172763824
0.999999881 0.000535998 0.000042930 -0.440605015 -0.000536455 0.999934077 0.011468759 -0.864653349 -0.000036780 -0.011468780 0.999934256 62.377887726
0.999999881 -0.000398557 -0.000261935 -0.444923103 0.000401353 0.999942005 0.010762221 -0.874440253 0.000257630 -0.010762325 0.999942064 63.587810516
0.999999285 -0.001062251 -0.000459977 -0.454290986 0.001067725 0.999926567 0.012069982 -0.885850906 0.000447122 -0.012070467 0.999927044 64.776397705
0.999998510 -0.001545194 -0.000700068 -0.461877942 0.001554487 0.999907970 0.013473724 -0.890778959 0.000679185 -0.013474792 0.999908984 65.967956543
0.999999583 -0.000528762 -0.000732187 -0.477196276 0.000537414 0.999929428 0.011868627 -0.897053897 0.000725860 -0.011869015 0.999929249 67.169746399
0.999998987 0.001399860 -0.000296095 -0.491527975 -0.001396626 0.999942243 0.010652929 -0.903426170 0.000310991 -0.010652504 0.999943197 68.367729187
0.999994814 0.003133621 -0.000737077 -0.495650053 -0.003125234 0.999933362 0.011117336 -0.913709342 0.000771868 -0.011114977 0.999937952 69.558914185
0.999985516 0.005378751 -0.000344223 -0.506942987 -0.005374603 0.999924123 0.011090734 -0.917452514 0.000403852 -0.011088724 0.999938488 70.745193481
0.999979198 0.006442869 -0.000401450 -0.516421795 -0.006437782 0.999912024 0.011594437 -0.926610887 0.000476118 -0.011591610 0.999932706 71.951263428
0.999974370 0.007091291 0.001008355 -0.527901411 -0.007103547 0.999893844 0.012719375 -0.935314894 -0.000918052 -0.012726213 0.999918580 73.148284912
0.999956787 0.008932560 0.002580627 -0.525762975 -0.008966197 0.999870956 0.013331736 -0.939496160 -0.002461207 -0.013354300 0.999907792 74.339942932
0.999955475 0.007863470 0.005230162 -0.525524020 -0.007921553 0.999906182 0.011179077 -0.948746383 -0.005141764 -0.011220009 0.999923825 75.514244080
0.999956965 0.005206487 0.007692412 -0.520374060 -0.005252927 0.999968112 0.006029423 -0.957434654 -0.007660775 -0.006069570 0.999952257 76.688995361
0.999918759 0.006952446 0.010684474 -0.519032657 -0.007012256 0.999959946 0.005570458 -0.966948390 -0.010645319 -0.005644928 0.999927402 77.866310120
0.999898136 0.005684310 0.013091912 -0.504396439 -0.005804464 0.999941230 0.009158008 -0.981099784 -0.013039087 -0.009233065 0.999872386 79.047958374
0.999844253 0.005852318 0.016653311 -0.493398070 -0.006023974 0.999929011 0.010276149 -0.988699317 -0.016591989 -0.010374868 0.999808490 80.222122192
0.999761522 0.006084029 0.020974861 -0.478209019 -0.006262211 0.999944806 0.008439829 -0.998257339 -0.020922355 -0.008569167 0.999744356 81.388343811
0.999693274 0.004471590 0.024360226 -0.452454329 -0.004610864 0.999973357 0.005664081 -1.011382341 -0.024334250 -0.005774666 0.999687195 82.554031372
0.999615073 0.003120313 0.027568612 -0.422336340 -0.003180610 0.999992609 0.002143536 -1.025587201 -0.027561720 -0.002230395 0.999617636 83.717025757
0.999507904 0.002890490 0.031237777 -0.392034292 -0.002931182 0.999994934 0.001256913 -1.042879462 -0.031233985 -0.001347858 0.999511242 84.869781494
0.999399424 0.002392783 0.034572631 -0.351557255 -0.002503069 0.999992073 0.003147045 -1.063485265 -0.034564819 -0.003231692 0.999397337 86.038551331
0.999260247 0.003691011 0.038278859 -0.318261147 -0.003840795 0.999985337 0.003840185 -1.085311890 -0.038264118 -0.003984365 0.999259710 87.205451965
0.999106169 0.003139440 0.042153534 -0.270421982 -0.003201511 0.999993861 0.001405056 -1.099088907 -0.042148869 -0.001538755 0.999110162 88.346618652
0.998978376 0.002931938 0.045093771 -0.218886375 -0.002897991 0.999995410 -0.000818164 -1.118310094 -0.045095965 0.000686647 0.998982430 89.493263245
0.998818219 0.003175914 0.048498958 -0.170576096 -0.003121858 0.999994457 -0.001190289 -1.135999441 -0.048502468 0.001037476 0.998822510 90.659400940
0.998667657 0.002455496 0.051547062 -0.115895748 -0.002458321 0.999997020 -0.000008602 -1.153867960 -0.051546928 -0.000118129 0.998670578 91.814468384
0.998519719 0.001342494 0.054373577 -0.062020302 -0.001420144 0.999997973 0.001389461 -1.171218157 -0.054371614 -0.001464623 0.998519659 92.984001160
0.998374164 0.000502561 0.056997735 0.002148628 -0.000683907 0.999994755 0.003162174 -1.186969995 -0.056995839 -0.003196015 0.998369396 94.145210266
0.998240411 -0.000992314 0.059288673 0.073553562 0.000759759 0.999991894 0.003944837 -1.200354815 -0.059292108 -0.003892851 0.998233140 95.307807922
0.998089254 -0.001972934 0.061757252 0.132340431 0.001867217 0.999996662 0.001769476 -1.219715953 -0.061760530 -0.001650781 0.998089612 96.463294983
0.997948349 -0.003361095 0.063936144 0.206490040 0.003479493 0.999992430 -0.001740554 -1.236760855 -0.063929804 0.001959448 0.997952521 97.621513367
0.997814655 -0.002558266 0.066025212 0.275913239 0.002862359 0.999985814 -0.004511542 -1.256104589 -0.066012725 0.004690671 0.997807741 98.786720276
0.997694969 -0.002514115 0.067810312 0.349404335 0.002890136 0.999980927 -0.005447636 -1.277839422 -0.067795314 0.005631061 0.997683346 99.961105347
0.997691870 -0.002247473 0.067866974 0.431671619 0.002583627 0.999984860 -0.004865771 -1.298276305 -0.067855015 0.005029883 0.997682512 101.143119812
0.997720182 -0.002646982 0.067433618 0.495522976 0.002839097 0.999992192 -0.002753271 -1.331309557 -0.067425787 0.002938445 0.997719944 102.320938110
0.997790635 -0.002704756 0.066382177 0.565766811 0.002798763 0.999995232 -0.001323192 -1.349770308 -0.066378281 0.001506058 0.997793317 103.522514343
0.997926474 -0.002408084 0.064319424 0.634987831 0.002449348 0.999996781 -0.000562707 -1.367063046 -0.064317860 0.000719081 0.997929215 104.711227417
0.998099446 -0.002361947 0.061579548 0.707530022 0.002385301 0.999997079 -0.000305722 -1.382877469 -0.061578654 0.000452027 0.998102129 105.915748596
0.998261034 -0.001733004 0.058922216 0.767187595 0.001748945 0.999998450 -0.000218960 -1.402354956 -0.058921739 0.000321630 0.998262525 107.123580933
0.998464823 0.000011476 0.055390667 0.815108299 0.000029054 0.999999702 -0.000730894 -1.417596340 -0.055390660 0.000731381 0.998464465 108.318687439
0.998683453 -0.000300648 0.051295716 0.874330044 0.000317335 0.999999821 -0.000317173 -1.437561631 -0.051295601 0.000333033 0.998683453 109.523475647
0.998881757 0.000542505 0.047275636 0.932656765 -0.000579132 0.999999523 0.000761056 -1.456236482 -0.047275200 -0.000787584 0.998881578 110.758087158
0.999075890 0.000712175 0.042973656 0.974256516 -0.000784178 0.999998331 0.001658679 -1.476381660 -0.042972401 -0.001690845 0.999074817 111.955146790
0.999257326 0.000773825 0.038526278 1.014841795 -0.000857153 0.999997318 0.002146413 -1.491129994 -0.038524516 -0.002177842 0.999255300 113.177742004
0.999439240 0.001163909 0.033465791 1.055359364 -0.001243194 0.999996483 0.002348416 -1.509393215 -0.033462945 -0.002388704 0.999437094 114.401107788
0.999582767 0.001926978 0.028820394 1.075109482 -0.001993661 0.999995410 0.002285206 -1.527297854 -0.028815854 -0.002341711 0.999582052 115.634468079
0.999714136 0.002387616 0.023787111 1.095893383 -0.002437894 0.999994874 0.002084912 -1.542831182 -0.023782007 -0.002142307 0.999714911 116.856376648
0.999809980 0.003422017 0.019197214 1.111732721 -0.003448297 0.999993086 0.001335979 -1.560221910 -0.019192517 -0.001401923 0.999814749 118.080741882
0.999860644 0.005476366 0.015771030 1.121998787 -0.005497549 0.999984086 0.001300089 -1.576882720 -0.015763657 -0.001386610 0.999874830 119.315757751
0.999882936 0.007264254 0.013471715 1.131372452 -0.007284478 0.999972463 0.001452804 -1.594801784 -0.013460789 -0.001550768 0.999908209 120.544021606
0.999880672 0.008659908 0.012792200 1.134494305 -0.008672136 0.999962032 0.000900811 -1.610174298 -0.012783912 -0.001011639 0.999917805 121.794792175
0.999872923 0.010850649 0.011676481 1.142179012 -0.010866204 0.999940157 0.001269505 -1.628067374 -0.011662007 -0.001396222 0.999931037 123.042655945
0.999868691 0.012072918 0.010805262 1.141766548 -0.012094583 0.999924958 0.001942085 -1.642956972 -0.010781006 -0.002072515 0.999939680 124.281776428
0.999876976 0.011840498 0.010282353 1.144125104 -0.011865379 0.999926865 0.002362208 -1.658708096 -0.010253631 -0.002483922 0.999944329 125.526206970
0.999833941 0.015657756 0.009334524 1.143907547 -0.015699977 0.999866784 0.004466966 -1.677873254 -0.009263339 -0.004612775 0.999946475 126.764617920
0.999821246 0.016796175 0.008688971 1.142687917 -0.016863428 0.999827981 0.007725255 -1.690682650 -0.008557722 -0.007870398 0.999932468 128.019454956
0.999849856 0.015386671 0.007966388 1.149538755 -0.015444484 0.999854505 0.007246955 -1.704871893 -0.007853722 -0.007368903 0.999942064 129.271316528
0.999856651 0.014993885 0.007862622 1.146551371 -0.015037929 0.999871373 0.005572604 -1.710109234 -0.007778057 -0.005690044 0.999953508 130.520187378
0.999889970 0.012677718 0.007694734 1.149825454 -0.012730618 0.999895394 0.006865134 -1.722066641 -0.007606896 -0.006962338 0.999946773 131.774368286
0.999923944 0.010327651 0.006732010 1.154090405 -0.010387252 0.999906659 0.008879299 -1.735457540 -0.006639679 -0.008948551 0.999937952 133.042312622
0.999956965 0.006928104 0.006166506 1.153509140 -0.006991009 0.999923170 0.010238641 -1.738186359 -0.006095097 -0.010281309 0.999928534 134.288024902
0.999972224 0.004803830 0.005696591 1.164125681 -0.004869761 0.999920726 0.011617053 -1.748422861 -0.005640334 -0.011644471 0.999916255 135.562744141
0.999982178 0.000656380 0.005928568 1.162976384 -0.000713500 0.999953449 0.009637699 -1.753646493 -0.005921965 -0.009641758 0.999935985 136.821655273
0.999982119 -0.002063075 0.005606394 1.177489519 0.002014634 0.999960780 0.008632266 -1.761768699 -0.005623983 -0.008620816 0.999947011 138.096664429
0.999976575 -0.003353602 0.005958425 1.175774455 0.003304903 0.999961197 0.008164208 -1.769091487 -0.005985574 -0.008144323 0.999948859 139.360702515
0.999972701 -0.003334855 0.006590129 1.178113461 0.003280540 0.999960721 0.008235521 -1.775972843 -0.006617335 -0.008213672 0.999944329 140.643478394
0.999969840 -0.002943333 0.007201938 1.177922249 0.002867433 0.999940455 0.010526351 -1.785519719 -0.007232493 -0.010505381 0.999918640 141.922286987
0.999970853 -0.000587100 0.007618712 1.182162762 0.000493593 0.999924600 0.012269273 -1.795213819 -0.007625342 -0.012265153 0.999895692 143.199981689
0.999961615 -0.000894256 0.008716559 1.181294322 0.000804370 0.999946535 0.010310157 -1.802407384 -0.008725313 -0.010302748 0.999908864 144.506637573
0.999958932 -0.000270289 0.009050697 1.187033176 0.000192175 0.999962747 0.008630496 -1.813019753 -0.009052693 -0.008628401 0.999921799 145.779922485
0.999954045 0.000057680 0.009583447 1.189450383 -0.000120589 0.999978423 0.006563847 -1.833157539 -0.009582862 -0.006564701 0.999932528 147.061874390
0.999946296 -0.001270441 0.010277561 1.191365600 0.001249829 0.999997199 0.002011715 -1.843084097 -0.010280088 -0.001998762 0.999945164 148.353012085
0.999941945 -0.001180667 0.010702726 1.197882533 0.001198345 0.999997914 -0.001645502 -1.861504078 -0.010700761 0.001658232 0.999941409 149.631729126
0.999938726 -0.001507930 0.010965647 1.207183719 0.001536862 0.999995351 -0.002630547 -1.883080125 -0.010961629 0.002647239 0.999936402 150.904586792
0.999935150 -0.001642274 0.011267245 1.211287856 0.001668190 0.999996006 -0.002291119 -1.908337593 -0.011263436 0.002309767 0.999933839 152.169982910
0.999942899 -0.001202815 0.010616746 1.226919174 0.001218634 0.999998152 -0.001483664 -1.937013030 -0.010614941 0.001496517 0.999942482 153.432952881
0.999945700 -0.001084176 0.010368828 1.238653302 0.001087432 0.999999344 -0.000308379 -1.961731434 -0.010368486 0.000319637 0.999946117 154.691009521
0.999944508 0.000095259 0.010525742 1.232379675 -0.000093571 1.000000000 -0.000160903 -1.979392767 -0.010525757 0.000159909 0.999944508 155.973159790
0.999952137 0.000551810 0.009768872 1.240737915 -0.000551573 0.999999821 -0.000027034 -2.004929066 -0.009768885 0.000021644 0.999952257 157.239669800
0.999958634 0.000592223 0.009077848 1.248210669 -0.000591145 0.999999821 -0.000121551 -2.026162863 -0.009077918 0.000116179 0.999958754 158.525299072
0.999965250 0.000219109 0.008337058 1.253526449 -0.000227220 0.999999583 0.000971953 -2.046221018 -0.008336841 -0.000973813 0.999964714 159.790512085
0.999964774 0.001401936 0.008277104 1.248140216 -0.001412756 0.999998152 0.001301436 -2.067272425 -0.008275265 -0.001313083 0.999964833 161.074661255
0.999971986 0.001419486 0.007353935 1.255865335 -0.001420439 0.999999046 0.000124403 -2.085829735 -0.007353751 -0.000134845 0.999972939 162.342788696
0.999973416 0.001970391 0.007032043 1.254359722 -0.001963974 0.999997675 -0.000919326 -2.107911587 -0.007033840 0.000905491 0.999974847 163.601730347
0.999976099 0.003029123 0.006205444 1.258078694 -0.003023005 0.999994993 -0.000995012 -2.128304720 -0.006208427 0.000976230 0.999980211 164.868057251
0.999980330 0.002683419 0.005668584 1.254761934 -0.002672239 0.999994457 -0.001978813 -2.149466515 -0.005673862 0.001963626 0.999981999 166.136383057
0.999986053 0.003018127 0.004338089 1.261480927 -0.003004830 0.999990761 -0.003068364 -2.174182177 -0.004347309 0.003055286 0.999985874 167.404190063
0.999986112 0.003121838 0.004281958 1.253764987 -0.003109914 0.999991238 -0.002788746 -2.196944714 -0.004290629 0.002775390 0.999986887 168.676651001
0.999988914 0.003459228 0.003235125 1.262103796 -0.003455011 0.999993145 -0.001308024 -2.222393274 -0.003239629 0.001296832 0.999993861 169.960235596
0.999991417 0.003041518 0.002825524 1.252569556 -0.003038961 0.999994993 -0.000908916 -2.248015642 -0.002828276 0.000900322 0.999995530 171.212646484
0.999990702 0.003783259 0.002088374 1.247762084 -0.003782394 0.999992728 -0.000418308 -2.270196438 -0.002089943 0.000410405 0.999997675 172.483337402
0.999990284 0.004235065 0.001285678 1.242306471 -0.004234531 0.999990940 -0.000418287 -2.291055441 -0.001287440 0.000412839 0.999998987 173.770217896
0.999990225 0.004330707 0.000917440 1.234832048 -0.004329657 0.999989927 -0.001143935 -2.313419580 -0.000922385 0.001139952 0.999998868 175.022094727
0.999986053 0.005200379 0.000905228 1.218407631 -0.005198676 0.999984801 -0.001873340 -2.333412170 -0.000914955 0.001868608 0.999997795 176.292587280
0.999985397 0.005396932 0.000530871 1.201241374 -0.005396107 0.999984264 -0.001543567 -2.353061199 -0.000539194 0.001540680 0.999998569 177.549804688
0.999984801 0.005494632 0.000338619 1.192845106 -0.005493653 0.999980867 -0.002828525 -2.374502659 -0.000354155 0.002826622 0.999995887 178.797119141
0.999989688 0.004526526 0.000392831 1.184206605 -0.004524706 0.999979556 -0.004517279 -2.396631956 -0.000413271 0.004515455 0.999989688 180.062820435
0.999999344 0.001175445 0.000131788 1.176749945 -0.001174859 0.999989748 -0.004362247 -2.425635338 -0.000136913 0.004362089 0.999990463 181.328201294
0.999998271 0.001769890 -0.000502840 1.182471275 -0.001770209 0.999998212 -0.000636423 -2.445856094 0.000501713 0.000637312 0.999999642 182.585983276
0.999999642 0.000796971 -0.000307471 1.173884749 -0.000795831 0.999992847 0.003689490 -2.468562126 0.000310407 -0.003689245 0.999993145 183.850448608
0.999998033 0.001895510 -0.000427408 1.168025970 -0.001894213 0.999993682 0.003013643 -2.484389305 0.000433118 -0.003012827 0.999995291 185.106277466
0.999993324 0.003618686 0.000149484 1.153218508 -0.003618634 0.999993384 -0.000344564 -2.501220703 -0.000150730 0.000344021 0.999999881 186.353988647
0.999993622 0.003553122 -0.000382829 1.143375516 -0.003553877 0.999991715 -0.001988644 -2.527527332 0.000375762 0.001989991 0.999997973 187.595031738
0.999991894 0.004022016 -0.000273723 1.132243752 -0.004022546 0.999990046 -0.001964564 -2.547713041 0.000265819 0.001965649 0.999998093 188.843643188
0.999994636 0.003249956 -0.000170130 1.125667334 -0.003250060 0.999994636 -0.000619927 -2.573807240 0.000168116 0.000620477 0.999999821 190.099563599
0.999993801 0.003502984 -0.000268085 1.120482564 -0.003502556 0.999992609 0.001580273 -2.597225428 0.000273619 -0.001579324 0.999998748 191.345916748
0.999996126 0.002638485 0.000875862 1.110981584 -0.002640480 0.999993920 0.002284051 -2.617039204 -0.000869831 -0.002286355 0.999997020 192.594238281
0.999994099 0.002565527 0.002270801 1.108321309 -0.002569073 0.999995530 0.001560093 -2.636704922 -0.002266788 -0.001565919 0.999996245 193.838745117
0.999991715 0.001664499 0.003728660 1.106053114 -0.001665116 0.999998629 0.000162367 -2.659801483 -0.003728384 -0.000168574 0.999993026 195.061737061
0.999987304 0.001391172 0.004837821 1.103964567 -0.001385347 0.999998331 -0.001207116 -2.683898211 -0.004839490 0.001200399 0.999987543 196.296646118
0.999977827 0.000946144 0.006587053 1.101897955 -0.000934082 0.999997854 -0.001833950 -2.707889795 -0.006588773 0.001827756 0.999976575 197.511459351
0.999966800 0.001073797 0.008071811 1.104871750 -0.001064957 0.999998868 -0.001099395 -2.734015942 -0.008072981 0.001090762 0.999966860 198.725982666
0.999959052 0.000493657 0.009030113 1.115233898 -0.000499484 0.999999583 0.000643029 -2.754193544 -0.009029791 -0.000647513 0.999958992 199.960815430
0.999949157 0.001467940 0.009973946 1.121423721 -0.001478571 0.999998331 0.001058621 -2.778592110 -0.009972375 -0.001073314 0.999949694 201.173934937
0.999932051 0.001170231 0.011591468 1.121891737 -0.001181587 0.999998808 0.000972893 -2.798018217 -0.011590315 -0.000986523 0.999932349 202.386459351
0.999924541 0.001114472 0.012234954 1.135659456 -0.001126010 0.999998927 0.000936153 -2.814424276 -0.012233899 -0.000949859 0.999924719 203.601333618
0.999901533 0.001507597 0.013952649 1.134067535 -0.001523538 0.999998212 0.001131969 -2.838551998 -0.013950918 -0.001153115 0.999902010 204.784667969
0.999888301 0.001931377 0.014820422 1.144891739 -0.001944063 0.999997735 0.000841609 -2.857103586 -0.014818763 -0.000870326 0.999889791 205.984298706
0.999871254 0.001528129 0.015973754 1.146667004 -0.001550668 0.999997854 0.001398755 -2.888521671 -0.015971582 -0.001423345 0.999871433 207.155044556
0.999866784 0.000544003 0.016310843 1.166107178 -0.000560571 0.999999285 0.001011218 -2.899672747 -0.016310276 -0.001020227 0.999866486 208.308319092
0.999861240 0.000558076 0.016650556 1.175200701 -0.000589785 0.999997973 0.001899528 -2.924564362 -0.016649459 -0.001909085 0.999859631 209.461517334
0.999867082 0.000082754 0.016305026 1.191035986 -0.000129415 0.999995887 0.002860731 -2.943260908 -0.016304724 -0.002862460 0.999862909 210.591888428
0.999871492 0.000183862 0.016034981 1.198373079 -0.000226844 0.999996424 0.002678741 -2.964797735 -0.016034432 -0.002682034 0.999867797 211.706604004
0.999879241 0.001004003 0.015517507 1.210519075 -0.001032385 0.999997795 0.001821120 -2.987355232 -0.015515646 -0.001836921 0.999877930 212.818771362
0.999891102 0.001430474 0.014690716 1.224721551 -0.001442191 0.999998689 0.000787057 -3.003890991 -0.014689569 -0.000808158 0.999891818 213.906494141
0.999894500 0.001037139 0.014490934 1.229645133 -0.001048935 0.999999046 0.000806362 -3.027031898 -0.014490085 -0.000821477 0.999894679 214.976928711
0.999913573 0.000401136 0.013146862 1.239865899 -0.000410150 0.999999642 0.000682933 -3.046385527 -0.013146583 -0.000688266 0.999913335 216.039031982
0.999931633 0.000048328 0.011691347 1.246630430 -0.000067525 0.999998629 0.001641639 -3.069970608 -0.011691253 -0.001642316 0.999930263 217.082870483
0.999954104 -0.000833510 0.009547947 1.249835253 0.000803114 0.999994576 0.003186831 -3.089802265 -0.009550553 -0.003179017 0.999949336 218.123245239
0.999969482 -0.000702649 0.007783963 1.251082897 0.000665805 0.999988556 0.004734822 -3.106679440 -0.007787201 -0.004729494 0.999958456 219.159515381
0.999984801 -0.000677762 0.005480144 1.251308799 0.000650880 0.999987781 0.004905562 -3.124652147 -0.005483402 -0.004901920 0.999972939 220.154464722
0.999996066 -0.000639125 0.002754636 1.251127481 0.000626956 0.999990106 0.004416402 -3.139358997 -0.002757430 -0.004414658 0.999986470 221.145385742
0.999999940 -0.000147984 -0.000153664 1.244279027 0.000148647 0.999990702 0.004324032 -3.154784203 0.000153025 -0.004324056 0.999990642 222.129287720
0.999994874 0.000126292 -0.003187879 1.239730716 -0.000109840 0.999986708 0.005160330 -3.175930262 0.003188488 -0.005159953 0.999981582 223.074920654
0.999982774 0.000528672 -0.005839020 1.224466324 -0.000499743 0.999987602 0.004954762 -3.194206238 0.005841566 -0.004951758 0.999970615 224.001037598
0.999961853 0.000890741 -0.008687418 1.208881378 -0.000854157 0.999990821 0.004213984 -3.206732035 0.008691092 -0.004206403 0.999953389 224.913360596
0.999930680 0.000372315 -0.011763517 1.190922499 -0.000331289 0.999993920 0.003489288 -3.223130465 0.011764743 -0.003485149 0.999924719 225.794631958
0.999884546 0.001155868 -0.015150446 1.174032927 -0.001104972 0.999993742 0.003367348 -3.244807482 0.015154242 -0.003350219 0.999879658 226.651672363
0.999843776 0.001643469 -0.017602433 1.145529270 -0.001594032 0.999994814 0.002822152 -3.261888981 0.017606972 -0.002793652 0.999841034 227.482238770
0.999789536 0.002900379 -0.020310488 1.123283386 -0.002845553 0.999992251 0.002727780 -3.279280186 0.020318244 -0.002669411 0.999789953 228.301437378
0.999767065 0.003824961 -0.021238921 1.104005814 -0.003757130 0.999987721 0.003232682 -3.292419910 0.021251028 -0.003152132 0.999769151 229.106704712
0.999773741 0.004341222 -0.020823818 1.081230640 -0.004256709 0.999982536 0.004101121 -3.309502840 0.020841258 -0.004011553 0.999774694 229.888732910
0.999780536 0.004130973 -0.020537324 1.063062668 -0.004038804 0.999981701 0.004527319 -3.322710037 0.020555649 -0.004443380 0.999778867 230.649337769
0.999788344 0.003853939 -0.020208718 1.045241356 -0.003762745 0.999982595 0.004548636 -3.340493679 0.020225892 -0.004471633 0.999785423 231.394592285
0.999796748 0.004854108 -0.019569045 1.026065826 -0.004804661 0.999985158 0.002573008 -3.352935076 0.019581245 -0.002478461 0.999805152 232.127685547
0.999812067 0.004608481 -0.018832389 1.012502193 -0.004600970 0.999989331 0.000442119 -3.366798162 0.018834226 -0.000355389 0.999822557 232.858505249
0.999834001 0.004896306 -0.017550664 0.994197845 -0.004912799 0.999987543 -0.000896770 -3.382175922 0.017546056 0.000982844 0.999845684 233.584335327
0.999851823 0.005562059 -0.016286265 0.981739759 -0.005584039 0.999983490 -0.001304413 -3.395743370 0.016278742 0.001395163 0.999866486 234.316635132
0.999882400 0.005113783 -0.014462086 0.969288349 -0.005136015 0.999985695 -0.001500532 -3.408708572 0.014454208 0.001574633 0.999894261 235.037521362
0.999908388 0.004973158 -0.012588489 0.955915689 -0.004990780 0.999986589 -0.001368758 -3.427637815 0.012581516 0.001431459 0.999919772 235.744552612
0.999930322 0.005119602 -0.010638791 0.946457386 -0.005138821 0.999985158 -0.001779860 -3.437982798 0.010629521 0.001834406 0.999941945 236.467071533
0.999947608 0.004781985 -0.009054713 0.945876122 -0.004800934 0.999986351 -0.002072060 -3.453222990 0.009044680 0.002115422 0.999956906 237.173324585
0.999973059 0.004925491 -0.005447785 0.927664757 -0.004933452 0.999986827 -0.001448895 -3.468879223 0.005440577 0.001475732 0.999984086 237.879547119
0.999989510 0.003680726 -0.002710407 0.933763146 -0.003681993 0.999993086 -0.000462578 -3.487222910 0.002708683 0.000472552 0.999996185 238.587539673
0.999995410 0.002998416 0.000414685 0.931215644 -0.002998131 0.999995291 -0.000685327 -3.495568037 -0.000416738 0.000684081 0.999999642 239.282241821
0.999992192 0.002417625 0.003122404 0.936301410 -0.002415280 0.999996841 -0.000754551 -3.509572268 -0.003124219 0.000747004 0.999994814 239.979812622
0.999977231 0.002282658 0.006348275 0.936081052 -0.002277347 0.999997079 -0.000843632 -3.524735689 -0.006350183 0.000829155 0.999979556 240.665359497
0.999951899 0.002135047 0.009573051 0.938642859 -0.002123894 0.999997020 -0.001175032 -3.539253950 -0.009575532 0.001154643 0.999953389 241.363830566
0.999920428 0.003028718 0.012244219 0.948411465 -0.003001612 0.999993026 -0.002231596 -3.550100803 -0.012250892 0.002194666 0.999922454 242.052978516
0.999874353 0.003525683 0.015455169 0.955350161 -0.003481301 0.999989748 -0.002897668 -3.562137127 -0.015465226 0.002843500 0.999876320 242.741027832
0.999828100 0.003549549 0.018196605 0.969655514 -0.003519479 0.999992371 -0.001684289 -3.577865362 -0.018202448 0.001619958 0.999832928 243.441680908
0.999786437 0.003699452 0.020331997 0.983783722 -0.003682345 0.999992788 -0.000878802 -3.591789484 -0.020335106 0.000803745 0.999792874 244.145812988
0.999727666 0.003554803 0.023064736 0.993996143 -0.003519028 0.999992549 -0.001591449 -3.602058649 -0.023070224 0.001509851 0.999732673 244.848495483
0.999669731 0.003591441 0.025448358 1.007007599 -0.003511504 0.999988794 -0.003185147 -3.614425182 -0.025459513 0.003094734 0.999670982 245.553848267
0.999617696 0.003832363 0.027384182 1.021714211 -0.003677695 0.999976993 -0.005696224 -3.626342058 -0.027405381 0.005593334 0.999608755 246.261734009
0.999600053 0.002428197 0.028172854 1.043048382 -0.002220726 0.999970198 -0.007393192 -3.639914513 -0.028189963 0.007327672 0.999575734 246.980484009
0.999598205 0.002891312 0.028198997 1.063347816 -0.002675843 0.999966979 -0.007675738 -3.655972481 -0.028220257 0.007597197 0.999572873 247.699111938
0.999601126 0.001362828 0.028213175 1.082946777 -0.001136586 0.999967098 -0.008033488 -3.673860550 -0.028223196 0.007998216 0.999569654 248.426330566
0.999595404 0.003134699 0.028270457 1.101734638 -0.002895300 0.999959648 -0.008505115 -3.689102173 -0.028295979 0.008419823 0.999564111 249.159698486
0.999587297 0.003517117 0.028510703 1.118752956 -0.003262799 0.999954522 -0.008961694 -3.705645084 -0.028540924 0.008864970 0.999553323 249.895629883
0.999580979 0.002416786 0.028845083 1.138557434 -0.002104125 0.999938786 -0.010864784 -3.722178936 -0.028869573 0.010799538 0.999524891 250.641860962
0.999565005 -0.001114459 0.029473264 1.158995628 0.001497788 0.999914467 -0.012987120 -3.742182970 -0.029456273 0.013025614 0.999481201 251.388854980
0.999542296 -0.004488408 0.029916193 1.184839249 0.004903133 0.999892592 -0.013803956 -3.759243488 -0.029851027 0.013944320 0.999457121 252.154510498
0.999532640 -0.002065905 0.030498523 1.204642773 0.002372341 0.999946952 -0.010014775 -3.774333477 -0.030476222 0.010082448 0.999484599 252.934890747
0.999511182 0.001684362 0.031214980 1.216946602 -0.001566738 0.999991536 -0.003792275 -3.790924072 -0.031221105 0.003741516 0.999505401 253.709442139
0.999487162 0.000807821 0.032009386 1.240114212 -0.000800109 0.999999642 -0.000253748 -3.808917284 -0.032009579 0.000228007 0.999487460 254.496978760
0.999412239 0.000063438 0.034279168 1.270677567 0.000033099 0.999996066 -0.002815632 -3.817675114 -0.034279212 0.002815112 0.999408305 255.298522949
0.999261498 0.000638881 0.038418036 1.294751167 -0.000298193 0.999960601 -0.008872992 -3.830018520 -0.038422190 0.008854983 0.999222398 256.083648682
0.999089003 0.002912787 0.042574048 1.315358162 -0.002382645 0.999919057 -0.012497673 -3.844785690 -0.042607009 0.012384848 0.999015152 256.889739990
0.998950541 0.004648054 0.045565635 1.350363731 -0.004095729 0.999917150 -0.012207406 -3.862229109 -0.045618597 0.012007969 0.998886764 257.704559326
0.998819530 0.003171113 0.048471902 1.395370483 -0.002693486 0.999947131 -0.009915831 -3.881206512 -0.048500784 0.009773566 0.998775244 258.535888672
0.998679936 -0.000030478 0.051365338 1.442372322 0.000367329 0.999978423 -0.006548528 -3.901754856 -0.051364042 0.006558751 0.998658419 259.369171143
0.998531580 -0.002799856 0.054101408 1.489059448 0.003091751 0.999981046 -0.005312395 -3.917417288 -0.054085512 0.005471862 0.998521328 260.208892822
0.998358071 -0.002155176 0.057240352 1.534489632 0.002427453 0.999985993 -0.004687616 -3.937313080 -0.057229452 0.004818867 0.998349428 261.050323486
0.998222351 0.000085291 0.059600119 1.583046913 0.000318780 0.999976993 -0.006770173 -3.953052044 -0.059599329 0.006777137 0.998199403 261.889739990
0.998053849 0.000701737 0.062353119 1.622343063 -0.000150197 0.999960840 -0.008849686 -3.977234840 -0.062356882 0.008823099 0.998014987 262.725555420
0.997879207 0.001382740 0.065077871 1.670958519 -0.000781835 0.999956846 -0.009258190 -3.990845203 -0.065087862 0.009187677 0.997837245 263.567718506
0.997692466 0.002318946 0.067855053 1.723495483 -0.001845877 0.999973536 -0.007033633 -4.013166428 -0.067869559 0.006892150 0.997670412 264.406036377
0.997476101 0.003837316 0.070898190 1.778299332 -0.003449222 0.999978483 -0.005595583 -4.031083107 -0.070918128 0.005336917 0.997467875 265.252075195
0.997260690 0.004344531 0.073839419 1.837507248 -0.003912222 0.999974370 -0.005998352 -4.048003197 -0.073863588 0.005693044 0.997252107 266.111785889
0.997071326 0.004650705 0.076336153 1.899759293 -0.004168315 0.999970376 -0.006477394 -4.066867828 -0.076364011 0.006140230 0.997061133 266.954559326
0.996896625 0.002556815 0.078680240 1.968133926 -0.002039136 0.999975801 -0.006659165 -4.086575508 -0.078695372 0.006478059 0.996877730 267.791442871
0.996735692 -0.000609858 0.080731601 2.036865234 0.001114644 0.999980032 -0.006207720 -4.103714943 -0.080726221 0.006277443 0.996716499 268.655273438
0.996681392 -0.001233546 0.081393331 2.109407425 0.001736397 0.999979794 -0.006107542 -4.123657227 -0.081384182 0.006228604 0.996663332 269.500854492
0.996633708 -0.001665983 0.081966810 2.172132492 0.002164328 0.999979734 -0.005991357 -4.145223618 -0.081955172 0.006148591 0.996617019 270.350280762
0.996602178 -0.002355618 0.082331724 2.246547699 0.002869499 0.999977112 -0.006123827 -4.162498474 -0.082315423 0.006339271 0.996586084 271.223754883
0.996608615 -0.002008583 0.082262337 2.310045242 0.002465746 0.999982059 -0.005456164 -4.181972504 -0.082249902 0.005640497 0.996595740 272.086608887
0.996655285 -0.001571466 0.081705660 2.375915527 0.001993299 0.999985099 -0.005081532 -4.199285507 -0.081696458 0.005227399 0.996643543 272.936462402
0.996764719 -0.002007396 0.080349423 2.447118759 0.002492634 0.999979258 -0.005939242 -4.220305443 -0.080335826 0.006120309 0.996748984 273.793151855
0.996900737 -0.001711527 0.078650877 2.511795044 0.002247647 0.999974906 -0.006728430 -4.241370678 -0.078637376 0.006884356 0.996879518 274.645111084
0.997030914 -0.001405560 0.076987989 2.579483032 0.001986329 0.999970078 -0.007467580 -4.262348175 -0.076975174 0.007598332 0.997004211 275.517852783
0.997149825 -0.000275180 0.075444676 2.638477325 0.000876881 0.999968052 -0.007942390 -4.281124115 -0.075440072 0.007985909 0.997118473 276.369873047
0.997285664 0.000991588 0.073623002 2.696023941 -0.000406373 0.999968350 -0.007963358 -4.307470322 -0.073628560 0.007911826 0.997254372 277.219726562
0.997435093 0.001518053 0.071562104 2.750936508 -0.000984665 0.999971449 -0.007488178 -4.325556755 -0.071571440 0.007398506 0.997408032 278.062408447
0.997650802 0.001145270 0.068495065 2.806545258 -0.000747876 0.999982834 -0.005827145 -4.348276615 -0.068500571 0.005762231 0.997634351 278.923889160
0.997925758 -0.000006392 0.064375184 2.855397224 0.000225943 0.999994099 -0.003403207 -4.367916107 -0.064374797 0.003410693 0.997919858 279.763732910
0.998243511 -0.001628800 0.059222370 2.903295517 0.001718066 0.999997497 -0.001456419 -4.392457008 -0.059219856 0.001555609 0.998243749 280.605895996
0.998500109 -0.002556677 0.054689936 2.949048042 0.002567264 0.999996603 -0.000123315 -4.409319401 -0.054689448 0.000263534 0.998503327 281.452423096
0.998754919 -0.002632241 0.049816407 2.984104156 0.002619833 0.999996424 0.000314383 -4.421433926 -0.049817063 -0.000183481 0.998758256 282.270721436
0.998972118 -0.003368656 0.045203391 3.019588470 0.003325973 0.999993920 0.001019429 -4.438298225 -0.045206554 -0.000868036 0.998977304 283.085144043
0.999159694 -0.003788739 0.040810607 3.049815178 0.003755293 0.999992549 0.000896155 -4.451050758 -0.040813703 -0.000742147 0.999166548 283.887908936
0.999318957 -0.004273010 0.036650982 3.066960812 0.004246393 0.999990642 0.000804013 -4.468200207 -0.036654066 -0.000647830 0.999327958 284.665100098
0.999457896 -0.003790727 0.032703917 3.090302467 0.003775616 0.999992669 0.000523825 -4.483033180 -0.032705665 -0.000400063 0.999464929 285.436767578
0.999575794 -0.003591824 0.028899657 3.105084419 0.003580354 0.999993503 0.000448655 -4.498679161 -0.028901076 -0.000344993 0.999582231 286.181701660
