1.000000000 0.000000000 0.000000000 0.000000000 0.000000000 1.000000000 0.000000000 0.000000000 0.000000000 0.000000000 1.000000000 0.000000000
0.999979019 0.000401509 -0.006466257 -0.008251063 -0.000398845 0.999999821 0.000413282 -0.002079373 0.006466422 -0.000410694 0.999979019 0.091634430
0.999907374 0.000954673 -0.013578217 -0.016413169 -0.000952302 0.999999523 0.000181079 -0.001958105 0.013578384 -0.000168132 0.999907792 0.188485980
0.999772429 0.001391292 -0.021288062 -0.026074847 -0.001403573 0.999998868 -0.000561963 -0.002149770 0.021287255 0.000591715 0.999773204 0.285414934
0.999541759 0.001706984 -0.030221134 -0.042944804 -0.001767705 0.999996483 -0.001982637 -0.001903507 0.030217644 0.002035150 0.999541283 0.390648156
0.999125361 0.001927151 -0.041771460 -0.058938894 -0.002072318 0.999991953 -0.003432256 -0.004848212 0.041764509 0.003515817 0.999121308 0.501260638
0.998479426 0.001735128 -0.055097878 -0.084340312 -0.001961319 0.999989867 -0.004051442 -0.007879253 0.055090290 0.004153347 0.998472750 0.626043916
0.997427881 0.001821780 -0.071653791 -0.108618461 -0.002143960 0.999987960 -0.004419690 -0.004344861 0.071644872 0.004561945 0.997419775 0.761431754
0.995904744 0.000200113 -0.090408586 -0.134605795 -0.000580290 0.999991119 -0.004178839 -0.009302854 0.090406947 0.004214189 0.995895982 0.917145073
0.993914187 -0.000759398 -0.110154703 -0.176423714 0.000280301 0.999990463 -0.004364734 -0.012743143 0.110156968 0.004307294 0.993904889 1.075034976
0.991255522 -0.000683672 -0.131953970 -0.221100837 0.000069104 0.999989152 -0.004661968 -0.014053337 0.131955713 0.004612083 0.991244853 1.228324652
0.987736046 0.002949449 -0.156105071 -0.275120437 -0.003943074 0.999973893 -0.006055820 -0.018369837 0.156083137 0.006597086 0.987721860 1.396731615
0.983346701 0.007345356 -0.181590885 -0.341835767 -0.008837705 0.999933481 -0.007410402 -0.025554972 0.181524381 0.008891842 0.983346164 1.572808266
0.977966309 0.010231252 -0.208511680 -0.414955944 -0.012268058 0.999888837 -0.008477394 -0.028605610 0.208401740 0.010848639 0.977983177 1.753281116
0.971279800 0.010957356 -0.237688109 -0.493779570 -0.013436533 0.999870777 -0.008812769 -0.029376542 0.237560838 0.011753368 0.971301556 1.938956141
0.963209629 0.012712409 -0.268450409 -0.581995487 -0.015491628 0.999846041 -0.008237027 -0.033984121 0.268304348 0.012092717 0.963258266 2.135504007
0.953838408 0.014770434 -0.299956769 -0.676990449 -0.017723929 0.999817491 -0.007127780 -0.037676953 0.299796790 0.012115165 0.953926086 2.313443422
0.942573071 0.016425086 -0.333595634 -0.775409281 -0.019542187 0.999791086 -0.005990149 -0.038230147 0.333427608 0.012165343 0.942697227 2.499286652
0.930017710 0.018601447 -0.367043495 -0.877699375 -0.022110786 0.999741137 -0.005358470 -0.042962577 0.366848797 0.013099093 0.930188358 2.680568218
0.916204929 0.021697562 -0.400122136 -1.004029989 -0.025729438 0.999657810 -0.004706804 -0.043470692 0.399883151 0.014607313 0.916449785 2.865804434
0.900127232 0.022426536 -0.435049504 -1.116466880 -0.026844623 0.999631524 -0.004011730 -0.044782892 0.434799284 0.015289807 0.900397539 3.035604239
0.881737351 0.018198999 -0.471389383 -1.241041660 -0.023024073 0.999724865 -0.004470175 -0.047037058 0.471178323 0.014794825 0.881913841 3.213901043
0.860570848 0.013757363 -0.509144902 -1.372563004 -0.018637812 0.999816239 -0.004486578 -0.053760227 0.508989751 0.013350364 0.860669076 3.382168770
0.835506022 0.015344878 -0.549267113 -1.533006668 -0.019211581 0.999814570 -0.001291457 -0.056923140 0.549145460 0.011631308 0.835645854 3.562723875
0.806400478 0.021059245 -0.590994835 -1.709746242 -0.023919696 0.999709427 0.002985259 -0.065056004 0.590885997 0.011729102 0.806669772 3.724353552
0.773857057 0.024096878 -0.632901669 -1.910273075 -0.027242335 0.999617517 0.004749536 -0.065655388 0.632774055 0.013566257 0.774217606 3.895986080
0.737953126 0.023087019 -0.674456894 -2.121311188 -0.026154779 0.999642253 0.005601180 -0.067902729 0.674344957 0.013506868 0.738292933 4.066700459
0.697942555 0.018853510 -0.715905488 -2.338226557 -0.020163771 0.999774456 0.006671411 -0.066361539 0.715869844 0.009779097 0.698165238 4.234299183
0.654824018 0.014947505 -0.755633533 -2.576144457 -0.014624983 0.999867916 0.007104948 -0.064120181 0.755639851 0.006398641 0.654956102 4.400750637
0.611281097 0.014668970 -0.791277587 -2.840420485 -0.012104675 0.999884486 0.009185039 -0.063970231 0.791320980 0.003963518 0.611387968 4.531769753
0.562954485 0.015145769 -0.826349139 -3.118553400 -0.009529678 0.999884546 0.011834277 -0.060601708 0.826432943 0.001212682 0.563033760 4.672689915
0.512390912 0.015440146 -0.858613551 -3.407969713 -0.007705858 0.999880731 0.013381913 -0.052691385 0.858717799 -0.000240416 0.512448728 4.786476612
0.459676147 0.016988395 -0.887924135 -3.719885349 -0.007649621 0.999855578 0.015169760 -0.045218822 0.888053656 -0.000180895 0.459739834 4.893674374
0.404915631 0.019238630 -0.914151609 -4.051201820 -0.006308319 0.999813557 0.018247198 -0.042958144 0.914332330 -0.001621817 0.404961526 4.991188526
0.349382013 0.021090101 -0.936742961 -4.405551910 -0.005956199 0.999776363 0.020287739 -0.035647728 0.936961412 -0.001508744 0.349429548 5.075158119
0.293993235 0.024298569 -0.955498576 -4.786118507 -0.003509039 0.999697447 0.024342876 -0.030777531 0.955801010 -0.003803762 0.293989599 5.151763916
0.240491137 0.025952594 -0.970304310 -5.129501343 0.001489932 0.999631405 0.027106287 -0.032167915 0.970650196 -0.007964508 0.240363851 5.207138538
0.189629450 0.026322937 -0.981502771 -5.515591621 0.003766990 0.999613643 0.027536448 -0.026906421 0.981848478 -0.008919032 0.189457044 5.241263390
0.141858846 0.027449401 -0.989506185 -5.931992054 0.001711225 0.999607205 0.027974932 -0.020524634 0.989885449 -0.005661759 0.141756177 5.265879631
0.099533655 0.027806470 -0.994645596 -6.365157604 0.000003268 0.999609411 0.027945569 -0.011201378 0.995034158 -0.002784774 0.099494711 5.266866207
0.061736360 0.026395954 -0.997743368 -6.802076340 -0.001644462 0.999651551 0.026344681 -0.002765278 0.998091161 0.000014327 0.061758265 5.252888680
0.027264535 0.023590311 -0.999349892 -7.272806644 0.000035712 0.999721527 0.023600059 0.004585524 0.999628246 -0.000679134 0.027256100 5.252399445
-0.003774996 0.020908723 -0.999774337 -7.748733521 0.000459901 0.999781370 0.020907136 0.009404604 0.999992847 -0.000380873 -0.003783785 5.221633434
-0.030686589 0.019082006 -0.999346912 -8.239348412 -0.000099656 0.999817669 0.019094056 0.015934810 0.999529064 0.000685523 -0.030679096 5.185699463
-0.051117606 0.016681790 -0.998553336 -8.748246193 -0.001140581 0.999858916 0.016761990 0.026930055 0.998692036 0.001995764 -0.051091366 5.136915684
-0.067781866 0.015652394 -0.997577310 -9.262465477 0.000067500 0.999876976 0.015683886 0.040103585 0.997700155 0.000995747 -0.067774579 5.097292423
-0.080684252 0.015949536 -0.996612072 -9.800209045 0.000461080 0.999872446 0.015964385 0.048783455 0.996739626 0.000828556 -0.080681309 5.042506695
-0.090266190 0.017392648 -0.995765746 -10.356552124 0.000514792 0.999848127 0.017417286 0.051885448 0.995917439 0.001059580 -0.090261444 4.982563496
-0.097191773 0.018658375 -0.995090663 -10.930317879 -0.001449914 0.999820530 0.018888677 0.050827868 0.995264590 0.003278620 -0.097147286 4.919473171
-0.101629317 0.019590588 -0.994629323 -11.521999359 -0.001405861 0.999802291 0.019836124 0.057970796 0.994821310 0.003414242 -0.101581670 4.851121426
-0.103055589 0.020330662 -0.994467735 -12.129624367 0.000795653 0.999792457 0.020357069 0.069116667 0.994675279 0.001306658 -0.103050373 4.785910606
-0.102297761 0.022502109 -0.994499266 -12.745854378 0.002576671 0.999746740 0.022355799 0.074908614 0.994750440 -0.000275549 -0.102329835 4.729150772
-0.100429185 0.024949729 -0.994631410 -13.407074928 0.001776938 0.999688447 0.024897166 0.083232760 0.994942665 0.000733004 -0.100442246 4.653011322
-0.098687589 0.024976758 -0.994805098 -14.060280800 -0.000490381 0.999683619 0.025147900 0.089731686 0.995118439 0.002969619 -0.098644115 4.582275391
-0.097128145 0.022567281 -0.995016038 -14.725494385 -0.001736092 0.999737501 0.022843838 0.100669712 0.995270431 0.003946219 -0.097063474 4.514905930
-0.095744595 0.022214044 -0.995158076 -15.405303955 -0.002579008 0.999742091 0.022564497 0.112583406 0.995402634 0.004726950 -0.095662616 4.443978786
-0.094074652 0.024940927 -0.995252669 -16.101919174 -0.002484528 0.999677181 0.025286647 0.123358153 0.995562017 0.004851567 -0.093982302 4.376625538
-0.092283219 0.028708361 -0.995318890 -16.824806213 -0.003339281 0.999569774 0.029140584 0.133647531 0.995727181 0.006012837 -0.092147656 4.306046009
-0.090650424 0.030562459 -0.995413721 -17.552436829 -0.003418548 0.999513507 0.030999659 0.145781353 0.995876849 0.006213002 -0.090501852 4.238092422
-0.088770017 0.029894244 -0.995603383 -18.288362503 -0.005680948 0.999518096 0.030518312 0.160119355 0.996035933 0.008365081 -0.088557415 4.163176060
-0.086916089 0.026923435 -0.995851755 -19.047140121 -0.007933274 0.999584496 0.027716745 0.172685325 0.996184051 0.010309397 -0.086666368 4.089606762
-0.085238352 0.026343530 -0.996012330 -19.821018219 -0.008914248 0.999590397 0.027201043 0.188407868 0.996320724 0.011197272 -0.084968589 4.014761448
-0.083902232 0.028435111 -0.996068299 -20.603475571 -0.006311009 0.999557614 0.029066321 0.205979481 0.996454000 0.008724925 -0.083685651 3.948842525
-0.082907110 0.030915136 -0.996077597 -21.398748398 -0.004144739 0.999499381 0.031366311 0.214732334 0.996548653 0.006728971 -0.082737461 3.884817362
-0.081216648 0.032440431 -0.996168435 -22.192171097 -0.003432147 0.999455214 0.032827288 0.231976852 0.996690512 0.006085119 -0.081061065 3.805149794
-0.080494754 0.027910033 -0.996364176 -22.984634399 -0.003497506 0.999593794 0.028283063 0.238021865 0.996748865 0.005761427 -0.080364436 3.746819735
-0.080105886 0.021053661 -0.996564031 -23.793169022 -0.002153988 0.999770880 0.021294553 0.246915296 0.996784031 0.003852407 -0.080042191 3.678206682
-0.080572441 0.016542742 -0.996611536 -24.616138458 0.001253492 0.999863207 0.016495377 0.257429749 0.996747851 0.000079829 -0.080582149 3.617336035
-0.081150115 0.017087556 -0.996555388 -25.446235657 0.002254827 0.999853730 0.016960496 0.269856870 0.996699393 -0.000870714 -0.081176758 3.549448729
-0.081183150 0.024435598 -0.996399581 -26.298120499 0.001222672 0.999701202 0.024416946 0.276838392 0.996698499 0.000763975 -0.081188768 3.472120285
-0.081435822 0.031551547 -0.996178985 -27.131689072 -0.000140773 0.999498427 0.031668186 0.286873043 0.996678591 0.002719159 -0.081390530 3.404620886
-0.081725962 0.037129402 -0.995962977 -27.976327896 -0.002102677 0.999297202 0.037426237 0.297301203 0.996652603 0.005152883 -0.081590451 3.327177763
-0.082147010 0.037653599 -0.995908618 -28.816617966 -0.003927588 0.999266088 0.038104493 0.306919754 0.996612549 0.007041689 -0.081938826 3.249567509
-0.082399584 0.033701252 -0.996029377 -29.650215149 -0.003999517 0.999408841 0.034146469 0.325125337 0.996591330 0.006797291 -0.082216091 3.178370953
-0.082491279 0.030777384 -0.996116400 -30.490106583 -0.003889443 0.999505520 0.031204188 0.345944464 0.996584177 0.006448412 -0.082330786 3.094101906
-0.082683526 0.032354090 -0.996050477 -31.321180344 -0.005473643 0.999442935 0.032918658 0.356704086 0.996560812 0.008173856 -0.082460396 3.021986008
-0.082829051 0.034702357 -0.995959282 -32.163024902 -0.006277667 0.999355555 0.035342764 0.367244840 0.996544003 0.009179709 -0.082557820 2.951913595
-0.082474492 0.033428818 -0.996032298 -32.988742828 -0.007717272 0.999385893 0.034180392 0.372111022 0.996563256 0.010505663 -0.082165860 2.872014523
-0.082344659 0.028227849 -0.996204078 -33.810764313 -0.008129425 0.999546528 0.028994529 0.384870946 0.996570766 0.010486110 -0.082077846 2.804610968
-0.081888251 0.023858447 -0.996355891 -34.645973206 -0.009674614 0.999647319 0.024732398 0.399683237 0.996594548 0.011664652 -0.081628546 2.723511219
-0.081296131 0.024992436 -0.996376514 -35.472660065 -0.009295011 0.999623060 0.025832269 0.401821882 0.996646583 0.011361394 -0.081033185 2.652474165
-0.080794163 0.027846036 -0.996341705 -36.301002502 -0.007902666 0.999560297 0.028576827 0.407335192 0.996699512 0.010182597 -0.080538578 2.583386898
-0.080397144 0.032659929 -0.996227682 -37.148983002 -0.007416715 0.999415755 0.033362985 0.421497166 0.996735334 0.010071025 -0.080107935 2.507233858
-0.079827242 0.038039945 -0.996082604 -37.978496552 -0.007002594 0.999225557 0.038721170 0.440892130 0.996784031 0.010066165 -0.079499036 2.444621563
-0.079651549 0.041004386 -0.995979071 -38.814437866 -0.007839363 0.999096870 0.041759688 0.454214662 0.996791899 0.011134065 -0.079258181 2.362963676
-0.079481341 0.040916383 -0.995996237 -39.641895294 -0.007241685 0.999107122 0.041622076 0.474573702 0.996810019 0.010520868 -0.079114065 2.297675133
-0.079270959 0.036554120 -0.996182680 -40.468132019 -0.007336576 0.999278963 0.037251551 0.494507253 0.996826112 0.010261536 -0.078945607 2.225633144
-0.079021119 0.032362841 -0.996347487 -41.295063019 -0.008377876 0.999416113 0.033126969 0.507282913 0.996837795 0.010965005 -0.078703836 2.153486490
-0.078674540 0.029750375 -0.996456325 -42.117717743 -0.012704244 0.999443471 0.030842612 0.517577767 0.996819437 0.015085751 -0.078252785 2.073776722
-0.078861333 0.027650461 -0.996502042 -42.949756622 -0.015387261 0.999462426 0.028950321 0.535288990 0.996766865 0.017616497 -0.078393452 1.989192247
-0.079805419 0.025853788 -0.996475160 -43.761848450 -0.013462114 0.999544501 0.027011577 0.538957834 0.996719539 0.015570330 -0.079421014 1.931620359
-0.081263326 0.022373538 -0.996441543 -44.590080261 -0.010061056 0.999678671 0.023266742 0.545044899 0.996641934 0.011915986 -0.081012107 1.871560097
-0.081746556 0.020857086 -0.996434927 -45.417781830 -0.005838200 0.999753773 0.021405518 0.553481877 0.996636033 0.007567213 -0.081604660 1.796101809
-0.083826274 0.024237020 -0.996185601 -46.237705231 -0.005501163 0.999677718 0.024784887 0.560354531 0.996465206 0.007557805 -0.083665915 1.724792957
-0.085679360 0.030886589 -0.995843947 -47.048320770 -0.002669488 0.999508679 0.031229932 0.563027024 0.996319175 0.005334154 -0.085554808 1.659297228
-0.087131433 0.034250382 -0.995607913 -47.859542847 -0.000902636 0.999405742 0.034460030 0.576104879 0.996196389 0.003901222 -0.087048717 1.577985525
-0.088375047 0.033802088 -0.995513558 -48.657531738 -0.001211927 0.999419630 0.034042291 0.578200579 0.996086478 0.004214980 -0.088282801 1.502299786
-0.089188501 0.029833134 -0.995567918 -49.455799103 -0.004611895 0.999528110 0.030364962 0.588797033 0.996004045 0.007299660 -0.089008853 1.417405486
-0.090270624 0.026231073 -0.995571792 -50.244377136 -0.009257202 0.999587715 0.027176252 0.596893847 0.995874226 0.011669425 -0.089990593 1.331898570
-0.091961198 0.024820907 -0.995453238 -51.036083221 -0.013565680 0.999565244 0.026176643 0.604528308 0.995670140 0.015911233 -0.091584511 1.248016119
-0.092784606 0.025867525 -0.995350063 -51.831630707 -0.015101586 0.999510944 0.027383395 0.612016320 0.995571673 0.017572120 -0.092348598 1.165238738
-0.093915887 0.027460456 -0.995201290 -52.618839264 -0.015068430 0.999465883 0.029000113 0.619786620 0.995466113 0.017719693 -0.093451940 1.088177085
-0.094710499 0.026826875 -0.995143294 -53.403423309 -0.016830292 0.999450803 0.028544780 0.627252996 0.995362520 0.019452041 -0.094206974 1.004584193
-0.095426939 0.026729375 -0.995077491 -54.178920746 -0.017550446 0.999438822 0.028529597 0.634542823 0.995281696 0.020186545 -0.094904281 0.925919831
-0.095925748 0.028586769 -0.994977891 -54.956443787 -0.015780358 0.999418139 0.030235726 0.642871380 0.995263398 0.018601492 -0.095418818 0.848224163
-0.096304886 0.031338129 -0.994858444 -55.723258972 -0.015276067 0.999339879 0.032958061 0.654698074 0.995234668 0.018371547 -0.095762588 0.776480556
-0.096409634 0.035668101 -0.994702458 -56.510799408 -0.014680075 0.999198139 0.037252150 0.664970100 0.995233417 0.018193772 -0.095808700 0.690854669
-0.096968323 0.037730869 -0.994572043 -57.271560669 -0.015059914 0.999111176 0.039371379 0.678523481 0.995173454 0.018795947 -0.096313901 0.614472926
-0.097772889 0.037728995 -0.994493306 -58.022804260 -0.014522972 0.999120712 0.039332367 0.690488040 0.995102763 0.018288640 -0.097138979 0.539808333
-0.098101288 0.036062077 -0.994522870 -58.762119293 -0.013925049 0.999195635 0.037605107 0.697795987 0.995078981 0.017537890 -0.097520210 0.466576427
-0.098188519 0.032177348 -0.994647503 -59.496269226 -0.013319801 0.999345124 0.033644207 0.716962993 0.995078683 0.016551983 -0.097695611 0.387726784
-0.097778402 0.029312408 -0.994776428 -60.223850250 -0.014037503 0.999426007 0.030829189 0.723705173 0.995109141 0.016978607 -0.097310834 0.307402730
-0.096825354 0.027033532 -0.994934201 -60.928695679 -0.014248615 0.999491036 0.028543998 0.733190954 0.995199323 0.016940219 -0.096390888 0.239121020
-0.094442040 0.026212152 -0.995185196 -61.623783112 -0.016927741 0.999466538 0.027931342 0.737983286 0.995386362 0.019484134 -0.093947954 0.165656105
-0.089761786 0.027014740 -0.995596826 -62.319976807 -0.017171482 0.999441445 0.028667223 0.745461047 0.995815217 0.019669091 -0.089247778 0.091610156
-0.084284544 0.028964115 -0.996020615 -62.963874817 -0.016655613 0.999396741 0.030471712 0.745610476 0.996302485 0.019157631 -0.083751298 0.045480844
-0.077138558 0.030461777 -0.996554911 -63.614784241 -0.015983384 0.999366879 0.031784922 0.750311971 0.996892273 0.018380165 -0.076602824 -0.003010477
-0.068307295 0.031598553 -0.997163832 -64.252372742 -0.017297665 0.999310553 0.032851491 0.756611109 0.997514427 0.019492604 -0.067713611 -0.046989642
-0.056445882 0.033613373 -0.997839689 -64.875152588 -0.019455865 0.999206245 0.034759995 0.761897564 0.998216093 0.021375893 -0.055747095 -0.086294085
-0.041370861 0.034982458 -0.998531342 -65.479331970 -0.022476431 0.999101400 0.035933670 0.770948291 0.998890996 0.023930028 -0.040547404 -0.115038112
-0.023062374 0.036086481 -0.999082446 -66.078254700 -0.023567561 0.999050915 0.036629360 0.781444013 0.999456227 0.024390697 -0.022190005 -0.124311686
-0.001076295 0.037121978 -0.999310195 -66.638755798 -0.024853475 0.999001026 0.037137263 0.790847123 0.999690533 0.024876300 -0.000152597 -0.107527807
0.024516001 0.037169542 -0.999008179 -67.163276672 -0.024401011 0.999033034 0.036571659 0.800057590 0.999401629 0.023480220 0.025399266 -0.081133209
0.053996880 0.036552835 -0.997871816 -67.689682007 -0.022988213 0.999110341 0.035354264 0.809727252 0.998276472 0.021030270 0.054789130 -0.035873413
0.088082716 0.036206976 -0.995454848 -68.196166992 -0.021814387 0.999169588 0.034411844 0.820223570 0.995874226 0.018684151 0.088799417 0.033403885
0.125441954 0.036519334 -0.991428554 -68.670005798 -0.021578509 0.999186277 0.034074843 0.826184630 0.991866231 0.017119136 0.126127914 0.120979734
0.166622132 0.036451615 -0.985346794 -69.115661621 -0.021271484 0.999216676 0.033367712 0.826330841 0.985791385 0.015399986 0.167267010 0.214419112
0.211818874 0.037342913 -0.976595223 -69.542243958 -0.020837240 0.999215066 0.033688352 0.836196303 0.977086842 0.013213720 0.212430775 0.327863723
0.260035127 0.036454033 -0.964910746 -69.961570740 -0.017155113 0.999303699 0.033130236 0.825779676 0.965446770 0.007938126 0.260479480 0.477344632
0.309324384 0.031228125 -0.950443625 -70.371353149 -0.009503094 0.999512255 0.029747529 0.830158889 0.950909197 -0.000169482 0.309470326 0.665834308
0.361687124 0.026818438 -0.931913674 -70.719894409 -0.005072297 0.999628007 0.026798489 0.821269512 0.932285666 -0.004965728 0.361688584 0.824461639
0.413949311 0.022042995 -0.910032988 -71.104377747 -0.000206325 0.999709010 0.024121298 0.829711974 0.910299838 -0.009797231 0.413833380 1.042236686
0.465172440 0.021218851 -0.884965777 -71.483024597 -0.000570036 0.999719679 0.023670673 0.843242049 0.885219872 -0.010506484 0.465054095 1.277953982
0.513180256 0.020122135 -0.858044982 -71.846389771 0.001158662 0.999707997 0.024137270 0.845443785 0.858280003 -0.013380952 0.513007045 1.535758376
0.558271587 0.015469848 -0.829514086 -72.206092834 0.008794917 0.999659657 0.024562012 0.857436597 0.829611659 -0.021007780 0.557945430 1.826927543
0.601621091 0.008942240 -0.798731565 -72.520790100 0.019524239 0.999473929 0.025895722 0.854567826 0.798542976 -0.031174038 0.601130068 2.135861635
0.645603120 0.005050962 -0.763656437 -72.823112488 0.019552320 0.999540985 0.023140879 0.848611593 0.763422787 -0.029871076 0.645208001 2.415671825
0.686868846 0.000268187 -0.726781368 -73.127159119 0.016926948 0.999722719 0.016366281 0.851143897 0.726584256 -0.023543676 0.686673880 2.736362934
0.727500439 -0.006591439 -0.686075628 -73.411621094 0.013409809 0.999899507 0.004612996 0.856934130 0.685976148 -0.012556100 0.727515638 3.075792789
0.766509831 -0.009283267 -0.642165601 -73.680541992 0.008747005 0.999953687 -0.004014811 0.862706661 0.642173052 -0.002539636 0.766555429 3.439577103
0.803270102 -0.008897565 -0.595548451 -73.909477234 0.006231590 0.999959171 -0.006534402 0.852145195 0.595582247 0.001537675 0.803292811 3.808445454
0.836964965 -0.010434555 -0.547156930 -74.139984131 0.006980236 0.999940395 -0.008391961 0.847337246 0.547211945 0.003204493 0.836987972 4.234753609
0.867293417 -0.008799938 -0.497719496 -74.360908508 0.004009464 0.999934852 -0.010692733 0.842468500 0.497781128 0.007278147 0.867272198 4.680459976
0.892855704 -0.007514241 -0.450280130 -74.560821533 0.003571389 0.999947488 -0.009605380 0.830143869 0.450328648 0.006968092 0.892835677 5.156054497
0.914368927 -0.001162355 -0.404880375 -74.780311584 -0.002689210 0.999956310 -0.008943961 0.824454069 0.404873133 0.009266888 0.914325953 5.648757935
0.931710124 0.003004746 -0.363190353 -74.962776184 -0.007445489 0.999913573 -0.010827797 0.818383157 0.363126457 0.012792498 0.931652069 6.163486481
0.945059955 0.008152858 -0.326795280 -75.138832092 -0.011883765 0.999884903 -0.009421648 0.810289204 0.326680869 0.012787580 0.945048273 6.705247402
0.954962671 0.008526439 -0.296603590 -75.291557312 -0.011258240 0.999908507 -0.007503413 0.796966910 0.296512514 0.010504715 0.954971194 7.253610611
0.962235630 0.008302976 -0.272091448 -75.453636169 -0.010360832 0.999927580 -0.006127297 0.788466632 0.272020906 0.008714998 0.962251902 7.831890583
0.967975736 0.008726028 -0.250892401 -75.596328735 -0.010108789 0.999939978 -0.004223148 0.781544268 0.250840545 0.006624123 0.968005776 8.426869392
0.972550809 0.010675088 -0.232445970 -75.740219116 -0.011356106 0.999934256 -0.001591779 0.773892045 0.232413694 0.004187767 0.972607970 9.047895432
0.976070881 0.015900379 -0.216870844 -75.889297485 -0.016350485 0.999866366 -0.000281159 0.767948091 0.216837347 0.003820375 0.976200223 9.686753273
0.978810072 0.019517146 -0.203837588 -76.027145386 -0.019692650 0.999805391 0.001167524 0.757748187 0.203820720 0.002871318 0.979004025 10.328495979
0.981439352 0.017977349 -0.190928161 -76.147895813 -0.018131090 0.999835193 0.000941837 0.750728250 0.190913618 0.002537380 0.981603622 10.991938591
0.984039247 0.018315423 -0.177006543 -76.268913269 -0.018495673 0.999828875 0.000631717 0.740680218 0.176987797 0.002652221 0.984209538 11.670703888
0.986542761 0.018640466 -0.162437379 -76.378700256 -0.018695589 0.999824524 0.001189365 0.735332966 0.162431031 0.001863502 0.986718178 12.370528221
0.988734066 0.019750655 -0.148373961 -76.484085083 -0.019728409 0.999804139 0.001621822 0.730444193 0.148376912 0.001323632 0.988930047 13.082604408
0.990614176 0.020492515 -0.135142788 -76.594680786 -0.020864340 0.999781430 -0.001335455 0.717431962 0.135085851 0.004142586 0.990825176 13.799262047
0.992062688 0.020885110 -0.123998165 -76.682640076 -0.021852927 0.999740422 -0.006450002 0.703153431 0.123831250 0.009108528 0.992261469 14.524237633
0.993233979 0.019603297 -0.114464104 -76.766822815 -0.021201545 0.999693811 -0.012762100 0.692903459 0.114178851 0.015102565 0.993345380 15.265551567
0.994126678 0.019077862 -0.106528141 -76.848007202 -0.020568436 0.999705136 -0.012911096 0.682265341 0.106250398 0.015026381 0.994225860 16.025598526
0.994816899 0.021124994 -0.099464118 -76.928466797 -0.021921774 0.999735773 -0.006924516 0.665856123 0.099291526 0.009069054 0.995017052 16.788631439
0.995186746 0.024936875 -0.094770961 -77.024078369 -0.024922317 0.999688506 0.001337422 0.646936238 0.094774798 0.001030927 0.995498240 17.598424911
0.995601535 0.026012750 -0.090005472 -77.101737976 -0.025663948 0.999657989 0.005030652 0.633529603 0.090105549 -0.002698629 0.995928645 18.364185333
0.995923579 0.024385214 -0.086842090 -77.169197083 -0.024120061 0.999700665 0.004101421 0.621884525 0.086916089 -0.001990066 0.996213675 19.138782501
0.996163070 0.024191100 -0.084106885 -77.232055664 -0.024005366 0.999706626 0.003219075 0.610270441 0.084160067 -0.001187707 0.996451557 19.911348343
0.996468484 0.023292160 -0.080673471 -77.302528381 -0.022918148 0.999721944 0.005559100 0.598260880 0.080780491 -0.003690581 0.996725142 20.680240631
0.996704161 0.021024540 -0.078350224 -77.364990234 -0.020473316 0.999759614 0.007832139 0.592245221 0.078496061 -0.006202235 0.996895075 21.454265594
0.996981502 0.018751003 -0.075341128 -77.423736572 -0.018092116 0.999791861 0.009418459 0.584081769 0.075502060 -0.008026947 0.997113347 22.222320557
0.997178018 0.018264508 -0.072818488 -77.481079102 -0.017881526 0.999822617 0.005907935 0.571375489 0.072913475 -0.004589155 0.997327745 22.982339859
0.997252107 0.020985736 -0.071047440 -77.543327332 -0.021108095 0.999776721 -0.000971787 0.557631135 0.071011178 0.002468794 0.997472465 23.734579086
0.997354031 0.022407472 -0.069157548 -77.601097107 -0.023072438 0.999694705 -0.008831320 0.543794990 0.068938546 0.010403587 0.997566581 24.485162735
0.997437418 0.023137249 -0.067698874 -77.659530640 -0.024078662 0.999623835 -0.013122995 0.531017363 0.067369789 0.014719465 0.997619450 25.244417191
0.997556090 0.025030795 -0.065232418 -77.720703125 -0.025812034 0.999604523 -0.011160935 0.506007850 0.064927250 0.012817440 0.997807682 26.009042740
0.997601748 0.028109673 -0.063249670 -77.774040222 -0.028633829 0.999562621 -0.007395779 0.488613069 0.063014112 0.009189123 0.997970343 26.760681152
0.997678816 0.031270728 -0.060490519 -77.835678101 -0.031466659 0.999502182 -0.002289013 0.471313864 0.060388811 0.004187135 0.998166144 27.530338287
0.997917056 0.028983807 -0.057632301 -77.885955811 -0.029086640 0.999576449 -0.000946026 0.461008847 0.057580464 0.002620385 0.998337448 28.291179657
0.998057663 0.026384244 -0.056434151 -77.932785034 -0.026468365 0.999649286 -0.000743568 0.443244606 0.056394741 0.002235843 0.998405993 29.056547165
0.998183310 0.024154749 -0.055197325 -77.975341797 -0.024222059 0.999706507 -0.000550597 0.425122321 0.055167824 0.001886589 0.998475313 29.805627823
0.998223305 0.024127370 -0.054481100 -78.016456604 -0.024297373 0.999701738 -0.002460003 0.414022654 0.054405499 0.003779379 0.998511791 30.548955917
0.998313606 0.021991512 -0.053726777 -78.057388306 -0.022220446 0.999746382 -0.003667311 0.400849581 0.053632505 0.004854958 0.998548985 31.306629181
0.998367846 0.020690225 -0.053232528 -78.098312378 -0.020911464 0.999774933 -0.003602350 0.387606770 0.053146008 0.004709640 0.998575687 32.065269470
0.998331070 0.024859769 -0.052126307 -78.151733398 -0.025032571 0.999683201 -0.002664716 0.374497056 0.052043546 0.003965124 0.998636901 32.841003418
0.998330891 0.024718788 -0.052195720 -78.194869995 -0.024925403 0.999683857 -0.003311162 0.359671533 0.052097369 0.004606635 0.998631358 33.617084503
0.998240948 0.024232866 -0.054109436 -78.235519409 -0.024447445 0.999695718 -0.003307129 0.344369590 0.054012828 0.004624149 0.998529494 34.391498566
0.998209655 0.021904737 -0.055659141 -78.287879944 -0.022089029 0.999752402 -0.002697950 0.330276549 0.055586260 0.003922575 0.998446167 35.178844452
0.997997880 0.023551226 -0.058699299 -78.347671509 -0.023764921 0.999713302 -0.002944987 0.319071770 0.058613114 0.004334075 0.998271406 35.984176636
0.997722626 0.027614182 -0.061538413 -78.400512695 -0.027841818 0.999608278 -0.002844458 0.297578812 0.061435755 0.004551322 0.998100698 36.755752563
0.997544587 0.027938941 -0.064220980 -78.462158203 -0.028492456 0.999564171 -0.007719095 0.283093780 0.063977323 0.009529955 0.997905910 37.552291870
0.997355998 0.028634457 -0.066791780 -78.522308350 -0.029441640 0.999504507 -0.011131997 0.268490970 0.066439919 0.013069024 0.997704864 38.340671539
0.997279108 0.028454784 -0.068006121 -78.597793579 -0.029392263 0.999485672 -0.012824419 0.254595250 0.067606233 0.014788381 0.997602522 39.137523651
0.997122288 0.028799418 -0.070126384 -78.666191101 -0.029671019 0.999494612 -0.011419041 0.235118404 0.069762081 0.013466905 0.997472703 39.970851898
0.996960938 0.027225653 -0.072990708 -78.718933105 -0.028074812 0.999549210 -0.010632952 0.214819655 0.072668329 0.012649838 0.997275889 40.795299530
0.996865034 0.026946332 -0.074390501 -78.786209106 -0.027722070 0.999571264 -0.009414904 0.201470241 0.074104920 0.011447648 0.997184694 41.622253418
0.996815085 0.026022119 -0.075382665 -78.856910706 -0.026485836 0.999635816 -0.005158126 0.183755428 0.075220995 0.007138271 0.997141302 42.447052002
0.996730804 0.025971087 -0.076505251 -78.922615051 -0.026105536 0.999658942 -0.000757691 0.171164215 0.076459482 0.002752425 0.997068882 43.316486359
0.996796489 0.025671475 -0.075746663 -78.990798950 -0.025636651 0.999670327 0.001432206 0.156192154 0.075758450 0.000514273 0.997126043 44.168983459
0.996872127 0.028915145 -0.073551454 -79.061874390 -0.028893486 0.999581575 0.001358732 0.144028261 0.073559977 0.000770677 0.997290492 45.023532867
0.997016430 0.028411908 -0.071771257 -79.131301880 -0.028475745 0.999594510 0.000133886 0.134472847 0.071745940 0.001910253 0.997421145 45.890781403
0.997184634 0.026112616 -0.070291355 -79.191413879 -0.026320597 0.999651611 -0.002034104 0.119613647 0.070213720 0.003878488 0.997524440 46.750297546
0.997382224 0.022129474 -0.068841077 -79.246696472 -0.022428699 0.999742091 -0.003576621 0.103264689 0.068744168 0.005111274 0.997621238 47.621608734
0.997569442 0.020879893 -0.066476680 -79.318229675 -0.021191480 0.999767482 -0.003985434 0.091046117 0.066377997 0.005384487 0.997780025 48.501041412
0.997671425 0.018572045 -0.065624990 -79.375953674 -0.018704351 0.999824107 -0.001402232 0.074103862 0.065587394 0.002626440 0.997843385 49.376781464
0.997800946 0.016175907 -0.064276792 -79.438972473 -0.016155235 0.999869168 0.000841391 0.063083738 0.064281978 0.000198866 0.997931778 50.251464844
0.997838080 0.015804850 -0.063792169 -79.492568970 -0.015741605 0.999874890 0.001493935 0.039807241 0.063807808 -0.000486514 0.997962058 51.129444122
0.997878194 0.017900884 -0.062598899 -79.551399231 -0.018071938 0.999834299 -0.002167410 0.028371388 0.062549718 0.003294094 0.998036444 52.011203766
0.997887135 0.020256022 -0.061733197 -79.616661072 -0.020760821 0.999755979 -0.007546656 0.004631720 0.061565269 0.008812342 0.998064160 52.868366241
0.997906208 0.022137692 -0.060771521 -79.674560547 -0.022983832 0.999647915 -0.013259707 -0.013497205 0.060456574 0.014628706 0.998063684 53.728408813
0.997836709 0.027076742 -0.059906393 -79.738677979 -0.028265491 0.999418318 -0.019085711 -0.037798300 0.059354763 0.020737708 0.998021543 54.575721741
0.997923791 0.027019760 -0.058464561 -79.800544739 -0.028232945 0.999400854 -0.020025063 -0.064884812 0.057888452 0.021634115 0.998088658 55.424259186
0.997969389 0.023957554 -0.059017900 -79.843811035 -0.024840936 0.999589443 -0.014280065 -0.086741991 0.058651548 0.015717126 0.998154819 56.288822174
0.997965693 0.023641163 -0.059207745 -79.913963318 -0.023993451 0.999698400 -0.005246141 -0.114977606 0.059065863 0.006656067 0.998231828 57.135463715
0.997922122 0.022167012 -0.060498353 -79.966369629 -0.022037715 0.999753237 0.002803750 -0.138619944 0.060545571 -0.001464679 0.998164356 57.990100861
0.997834086 0.020236563 -0.062591113 -80.025451660 -0.020221464 0.999795198 0.000874778 -0.157331705 0.062596001 0.000392801 0.998038828 58.828632355
0.997799695 0.015377209 -0.064492695 -80.084526062 -0.015593533 0.999874294 -0.002852172 -0.170361638 0.064440742 0.003851565 0.997914076 59.669422150
0.997648537 0.014077352 -0.067076832 -80.143264771 -0.014389939 0.999887824 -0.004179220 -0.194699928 0.067010470 0.005134624 0.997739077 60.503704071
0.997434080 0.015494611 -0.069893487 -80.209815979 -0.015993401 0.999850452 -0.006582466 -0.209360808 0.069781028 0.007683411 0.997532725 61.317283630
0.997175097 0.017014986 -0.073158383 -80.277961731 -0.017790683 0.999792099 -0.009964420 -0.229604289 0.072973609 0.011237810 0.997270525 62.137546539
0.996854007 0.017785789 -0.077238768 -80.346298218 -0.018865053 0.999734044 -0.013265924 -0.252902925 0.076982260 0.014681302 0.996924400 62.951709747
0.996577144 0.019783150 -0.080264822 -80.422042847 -0.021223526 0.999627948 -0.017131967 -0.279148191 0.079896025 0.018776830 0.996626377 63.765926361
0.996234238 0.024658835 -0.083122060 -80.512001038 -0.026172593 0.999509931 -0.017170910 -0.304082990 0.082657926 0.019281771 0.996391475 64.569221497
0.995838821 0.028375084 -0.086602762 -80.593017578 -0.029806439 0.999438882 -0.015279487 -0.327585191 0.086120620 0.017797228 0.996125758 65.373825073
0.995407581 0.031093283 -0.090537429 -80.676834106 -0.032065425 0.999442518 -0.009302500 -0.351285428 0.090197697 0.012162903 0.995849729 66.174049377
0.995007157 0.031452898 -0.094717398 -80.758552551 -0.031941127 0.999483228 -0.003642657 -0.373638541 0.094553865 0.006649851 0.995497584 66.990264893
0.994545043 0.031042993 -0.099581443 -80.844718933 -0.031203585 0.999513090 -0.000055218 -0.390652657 0.099531226 0.003162215 0.995029449 67.786026001
0.993895233 0.030519452 -0.106023051 -80.936744690 -0.030570997 0.999531925 0.001139318 -0.405874699 0.106008187 0.002108867 0.994363129 68.578598022
0.993320167 0.028391251 -0.111843944 -81.024581909 -0.028021749 0.999595463 0.004874650 -0.416290969 0.111937091 -0.001708025 0.993713856 69.364807129
0.992550969 0.029028516 -0.118321635 -81.124809265 -0.028695839 0.999578059 0.004514681 -0.429014206 0.118402749 -0.001085712 0.992965102 70.142921448
0.991704226 0.033699855 -0.124045156 -81.244789124 -0.033474401 0.999431968 0.003901894 -0.442334592 0.124106191 0.000282813 0.992268860 70.916816711
0.990903497 0.035002220 -0.129942611 -81.357009888 -0.035271816 0.999377728 0.000226796 -0.453855693 0.129869670 0.004358579 0.991521537 71.684242249
0.990078270 0.034148902 -0.136304319 -81.458419800 -0.034844022 0.999389052 -0.002716456 -0.463005334 0.136128277 0.007438893 0.990663290 72.435157776
0.989257574 0.035542473 -0.141796723 -81.575088501 -0.036463264 0.999327421 -0.003899864 -0.478192896 0.141562730 0.009028340 0.989888132 73.201812744
0.988523304 0.037379008 -0.146371111 -81.699073792 -0.037624009 0.999291301 0.001095221 -0.485965133 0.146308303 0.004424416 0.989229143 73.972602844
0.987633228 0.037965585 -0.152115911 -81.829208374 -0.037576042 0.999278903 0.005435762 -0.500183761 0.152212650 0.000347376 0.988347709 74.738258362
0.986673713 0.037519604 -0.158326700 -81.956420898 -0.036708821 0.999293566 0.008043318 -0.519690752 0.158516675 -0.002124142 0.987354040 75.496047974
0.985557675 0.035124939 -0.165657446 -82.087226868 -0.034914758 0.999381542 0.004181590 -0.527965128 0.165701881 0.001662693 0.986174464 76.246276855
0.984194160 0.032303963 -0.174121544 -82.230331421 -0.033397768 0.999436438 -0.003354727 -0.531757414 0.173915058 0.009116975 0.984718442 76.998352051
0.982616484 0.029950796 -0.183215261 -82.365325928 -0.031329758 0.999498367 -0.004635921 -0.548322618 0.182984516 0.010295421 0.983061850 77.722251892
0.980622649 0.029198663 -0.193718120 -82.522201538 -0.030110173 0.999544978 -0.001762060 -0.560250938 0.193578526 0.007560800 0.981055617 78.463897705
0.978379667 0.029526379 -0.204698429 -82.685012817 -0.029187554 0.999563038 0.004674986 -0.571655095 0.204747021 0.001400736 0.978813946 79.203704834
0.975841224 0.031338651 -0.216221780 -82.871864319 -0.029455915 0.999494910 0.011925358 -0.573780775 0.216486305 -0.005268246 0.976271451 79.943649292
0.973230839 0.032320488 -0.227545753 -83.039169312 -0.029463585 0.999438703 0.015941767 -0.588130057 0.227933258 -0.008810704 0.973636925 80.657791138
0.970299840 0.035555378 -0.239278346 -83.230201721 -0.033799794 0.999363124 0.011437722 -0.596295714 0.239532620 -0.003010456 0.970883727 81.369865417
0.967395067 0.035770968 -0.250733584 -83.438758850 -0.036280081 0.999338329 0.002592910 -0.605067015 0.250660390 0.006588272 0.968052745 82.074264526
0.964175761 0.033009261 -0.263202578 -83.641204834 -0.034841858 0.999390185 -0.002296850 -0.605022848 0.262966275 0.011385039 0.964737892 82.776489258
0.960967362 0.032339856 -0.274765193 -83.860527039 -0.032743618 0.999458849 0.003118341 -0.620626926 0.274717361 0.006000190 0.961506307 83.488372803
0.957467377 0.032669671 -0.286686063 -84.072540283 -0.031064482 0.999465883 0.010146976 -0.623506248 0.286864460 -0.000809646 0.957970858 84.224327087
0.953834832 0.032619733 -0.298554897 -84.307937622 -0.029348865 0.999450088 0.015433762 -0.627787530 0.298894167 -0.005959013 0.954267681 84.940864563
0.949791908 0.030340748 -0.311407626 -84.544914246 -0.027382623 0.999528885 0.013868172 -0.634160578 0.311681747 -0.004644719 0.950175226 85.647300720
0.946083307 0.027917206 -0.322718233 -84.791366577 -0.026165588 0.999609947 0.009765431 -0.639659762 0.322865009 -0.000794796 0.946444690 86.342308044
0.943292677 0.024091776 -0.331086725 -85.061798096 -0.024475234 0.999695837 0.003011716 -0.647966802 0.331058651 0.005262496 0.943595588 87.021842957
0.940289795 0.019636206 -0.339807928 -85.301429749 -0.021894095 0.999756336 -0.002811515 -0.657775462 0.339669943 0.010083428 0.940490603 87.753044128
0.937655032 0.019457497 -0.347022295 -85.570465088 -0.022523820 0.999734759 -0.004804414 -0.667123020 0.346836835 0.012321153 0.937844515 88.459808350
0.934689045 0.024882102 -0.354594320 -85.860717773 -0.028339488 0.999587953 -0.004559472 -0.685352266 0.354334772 0.014310712 0.935009062 89.164245605
0.931574047 0.025078638 -0.362685502 -86.138916016 -0.027816949 0.999610364 -0.002328962 -0.699215472 0.362485796 0.012258407 0.931908667 89.866966248
0.928587317 0.025987960 -0.370203346 -86.428703308 -0.026191566 0.999646902 0.004477640 -0.705106974 0.370189071 0.005538326 0.928939879 90.573089600
0.925787807 0.027595418 -0.377035111 -86.717674255 -0.024638688 0.999616265 0.012663630 -0.709526777 0.377239913 -0.002434184 0.926112354 91.283401489
0.923190534 0.037907097 -0.382468998 -87.036727905 -0.032862131 0.999265373 0.019717285 -0.721002519 0.382935464 -0.005634062 0.923757911 91.987686157
0.920476675 0.044568785 -0.388247967 -87.351173401 -0.041325588 0.999006093 0.016703892 -0.722440720 0.388606608 0.000669035 0.921403527 92.682250977
0.918187976 0.041528367 -0.393962383 -87.643684387 -0.041015346 0.999111176 0.009725950 -0.731641233 0.394016087 0.007228253 0.919075072 93.346771240
0.916281939 0.033016786 -0.399170607 -87.949546814 -0.035346746 0.999373913 0.001524474 -0.723512292 0.398970991 0.012712534 0.916875422 94.064407349
0.914694071 0.033400908 -0.402764440 -88.267944336 -0.036073245 0.999348700 0.000951342 -0.727558792 0.402533859 0.013658833 0.915303171 94.760086060
0.912556767 0.039668728 -0.407021523 -88.603691101 -0.040596832 0.999155283 0.006359155 -0.737967789 0.406930000 0.010720691 0.913396418 95.459281921
0.910084307 0.042441387 -0.412244052 -88.926910400 -0.041601527 0.999073565 0.011015710 -0.747215033 0.412329644 0.007124755 0.911006868 96.152832031
0.907848477 0.038660847 -0.417512149 -89.238433838 -0.038390316 0.999221683 0.009049240 -0.760369837 0.417537093 0.007813081 0.908626378 96.833343506
0.905658901 0.037678335 -0.422329545 -89.589126587 -0.040387109 0.999180853 0.002534836 -0.764552772 0.422079146 0.014760973 0.906438828 97.551681519
0.903576314 0.035206597 -0.426978052 -89.927665710 -0.040756185 0.999161601 -0.003862589 -0.773752809 0.426484108 0.020892141 0.904253721 98.242668152
