1.000000000 -0.000000000 0.000000000 0.000000000 -0.000000000 1.000000000 0.000000000 0.000000000 0.000000000 0.000000000 1.000000000 0.000000000
0.999979138 0.000411003 -0.006448244 -0.008552917 -0.000408456 0.999999821 0.000396312 -0.001921445 0.006448405 -0.000393670 0.999979138 0.091591276
0.999907553 0.000956951 -0.013564640 -0.016524300 -0.000954649 0.999999523 0.000176139 -0.002063537 0.013564802 -0.000163173 0.999907970 0.188315943
0.999772608 0.001394379 -0.021278385 -0.026162758 -0.001406676 0.999998868 -0.000562979 -0.002149442 0.021277575 0.000592782 0.999773443 0.285348892
0.999541998 0.001710150 -0.030212985 -0.043060713 -0.001770497 0.999996483 -0.001970745 -0.001988062 0.030209510 0.002023334 0.999541521 0.390532881
0.999125123 0.001924012 -0.041776333 -0.058922786 -0.002069335 0.999991953 -0.003435627 -0.004823631 0.041769385 0.003519071 0.999121070 0.501191676
0.998479486 0.001742292 -0.055096880 -0.084349021 -0.001968485 0.999989867 -0.004051363 -0.007823296 0.055089261 0.004153660 0.998472810 0.626028359
0.997427881 0.001851651 -0.071653560 -0.108703002 -0.002174754 0.999987841 -0.004431484 -0.004080911 0.071644485 0.004575915 0.997419715 0.761346638
0.995905638 0.000212174 -0.090398848 -0.135153770 -0.000592550 0.999991059 -0.004180938 -0.009322956 0.090397157 0.004217386 0.995896876 0.916517198
0.993912935 -0.000759204 -0.110165969 -0.176085144 0.000279749 0.999990404 -0.004367501 -0.012633950 0.110168226 0.004310098 0.993903637 1.075496197
0.991206467 -0.001050641 -0.132320091 -0.212490618 0.000450425 0.999989450 -0.004565943 -0.014787236 0.132323503 0.004466192 0.991196513 1.217747092
0.987684369 0.002512486 -0.156439245 -0.267589509 -0.003480455 0.999976397 -0.005913886 -0.019430675 0.156420663 0.006385533 0.987669885 1.386300564
0.983295560 0.006880208 -0.181885719 -0.334052801 -0.008338835 0.999938846 -0.007255950 -0.026583217 0.181824684 0.008651458 0.983292937 1.560745835
0.977899075 0.009815145 -0.208846569 -0.407415032 -0.011829848 0.999894798 -0.008399881 -0.029198792 0.208742112 0.010684859 0.977912366 1.742996454
0.971204162 0.010515100 -0.238016278 -0.486407965 -0.012959442 0.999878109 -0.008707168 -0.030410942 0.237895668 0.011540998 0.971222162 1.928421021
0.963125110 0.012269324 -0.268774062 -0.574712992 -0.015010596 0.999854207 -0.008146430 -0.035038799 0.268634915 0.011880492 0.963168859 2.125153065
0.953682065 0.014449400 -0.300469160 -0.662398517 -0.017348118 0.999825120 -0.006981466 -0.039758064 0.300315738 0.011870674 0.953765929 2.295439005
0.942397714 0.016266340 -0.334098548 -0.762596786 -0.019357117 0.999795020 -0.005923691 -0.039752156 0.333933800 0.012049659 0.942519486 2.484945059
0.929845095 0.018362364 -0.367492646 -0.863807201 -0.021799877 0.999748826 -0.005204893 -0.045429908 0.367304862 0.012851042 0.930011809 2.662132025
0.915965974 0.021291688 -0.400690496 -0.985060871 -0.025265153 0.999670088 -0.004635401 -0.045236491 0.400459647 0.014369377 0.916201830 2.843067169
0.899885476 0.022147726 -0.435563743 -1.101575017 -0.026475130 0.999641955 -0.003868044 -0.047737315 0.435322195 0.015012403 0.900149643 3.017857313
0.881501019 0.018044923 -0.471837223 -1.224638700 -0.022779223 0.999731123 -0.004323172 -0.050407421 0.471632421 0.014558965 0.881675065 3.191483736
0.860371888 0.013700530 -0.509482503 -1.357336640 -0.018580344 0.999817252 -0.004490789 -0.056678534 0.509327948 0.013330112 0.860469222 3.359629154
0.835330904 0.015300910 -0.549534440 -1.518629193 -0.019155478 0.999815583 -0.001279396 -0.060466442 0.549413681 0.011595313 0.835470140 3.539219379
0.806132019 0.020931233 -0.591365397 -1.695371151 -0.023824576 0.999711931 0.002907583 -0.067308828 0.591255784 0.011745139 0.806398571 3.703419447
0.773557663 0.024032786 -0.633269906 -1.898761392 -0.027202547 0.999618828 0.004707128 -0.068704486 0.633141637 0.013585323 0.773916781 3.879676104
0.737650871 0.023020063 -0.674789786 -2.107830048 -0.026064109 0.999644518 0.005610146 -0.072389632 0.674679160 0.013449463 0.737988651 4.044408321
0.697623610 0.018811714 -0.716217399 -2.325160265 -0.020152094 0.999774814 0.006630531 -0.070759043 0.716180921 0.009807664 0.697845757 4.211844921
0.654659152 0.014898916 -0.755777299 -2.563942432 -0.014506107 0.999869227 0.007145504 -0.068901300 0.755784988 0.006285520 0.654789805 4.376428604
0.611124456 0.014575888 -0.791400254 -2.826708555 -0.011873273 0.999886632 0.009247140 -0.069065079 0.791445374 0.003745355 0.611228406 4.505898476
0.562797785 0.015147982 -0.826455832 -3.104211569 -0.009418431 0.999884665 0.011912996 -0.065986179 0.826540947 0.001079309 0.562875628 4.644645691
0.511688173 0.015731195 -0.859027147 -3.400132179 -0.007548634 0.999876082 0.013814112 -0.061720006 0.859138072 -0.000584037 0.511743605 4.771105766
0.459585935 0.017021649 -0.887970209 -3.701240540 -0.006985634 0.999854624 0.015550835 -0.054317482 0.888105869 -0.000943911 0.459638029 4.864431381
0.404919028 0.019229073 -0.914150357 -4.034807205 -0.005504730 0.999811947 0.018592665 -0.052348949 0.914336085 -0.002496372 0.404948741 4.961447716
0.349265516 0.021175576 -0.936784506 -4.388048172 -0.005397354 0.999773443 0.020587094 -0.044311844 0.937008321 -0.002134205 0.349300712 5.049150467
0.293925464 0.024342351 -0.955518365 -4.767294884 -0.002441821 0.999691606 0.024716560 -0.039892480 0.955825210 -0.004931623 0.293894231 5.124220848
0.240380257 0.026056187 -0.970329106 -5.119279861 0.001915376 0.999624968 0.027317369 -0.040342197 0.970676839 -0.008425101 0.240240246 5.180173397
0.189447537 0.026489766 -0.981533408 -5.509638786 0.004111697 0.999605894 0.027771110 -0.035402581 0.981882215 -0.009296937 0.189263970 5.215504169
0.141811788 0.027537614 -0.989510536 -5.923510075 0.001311024 0.999606848 0.028006477 -0.027356058 0.989892781 -0.005268921 0.141719952 5.235470772
0.099399954 0.027902033 -0.994656205 -6.350944996 -0.000318600 0.999607563 0.028009085 -0.016888365 0.995047510 -0.002467205 0.099369809 5.237058640
0.061650291 0.026632505 -0.997742355 -6.793458462 -0.001413118 0.999645233 0.026595976 -0.010942787 0.998096704 -0.000229723 0.061666071 5.225800991
0.027175793 0.023637949 -0.999351263 -7.259368896 0.000594604 0.999719799 0.023662841 -0.004924715 0.999630511 -0.001237275 0.027154127 5.224473476
-0.004019879 0.020964567 -0.999772131 -7.734629631 0.000980385 0.999779880 0.020960782 -0.000003323 0.999991417 -0.000895902 -0.004039552 5.195574760
-0.030695280 0.019175671 -0.999344826 -8.226031303 0.000599919 0.999816120 0.019166285 0.005873218 0.999528587 -0.000011211 -0.030701147 5.156551838
-0.051244177 0.016745804 -0.998545766 -8.733346939 -0.000447457 0.999858975 0.016790789 0.017174415 0.998686135 0.001307236 -0.051229451 5.108774185
-0.067927457 0.015795108 -0.997565210 -9.250051498 0.000665991 0.999875069 0.015786335 0.030194305 0.997690022 0.000407956 -0.067929514 5.069756985
-0.080999248 0.016140806 -0.996583521 -9.787882805 0.001011851 0.999869645 0.016111793 0.039057367 0.996713638 0.000296649 -0.081005022 5.015440464
-0.090518989 0.017654005 -0.995738208 -10.345269203 0.000940275 0.999843895 0.017641319 0.040974647 0.995894313 0.000660606 -0.090521455 4.954900742
-0.097492956 0.018668631 -0.995061100 -10.919540405 -0.000844854 0.999822140 0.018840734 0.041291416 0.995235860 0.002677520 -0.097459823 4.892067909
-0.101870365 0.019719841 -0.994602144 -11.512016296 -0.000680908 0.999801934 0.019892674 0.047272772 0.994797468 0.002703707 -0.101836748 4.823167801
-0.103285745 0.020331750 -0.994443893 -12.118458748 0.001299242 0.999793053 0.020306166 0.059171140 0.994650900 0.000805315 -0.103290766 4.758103848
-0.102448292 0.022552084 -0.994482696 -12.734489441 0.003234925 0.999745309 0.022338172 0.065349072 0.994733036 -0.000928569 -0.102495149 4.699584007
-0.100734837 0.024969485 -0.994599879 -13.390377045 0.002314799 0.999688148 0.024862776 0.073927298 0.994910598 0.000202249 -0.100761212 4.627226830
-0.099069878 0.025042741 -0.994765282 -14.043478012 0.000047638 0.999683321 0.025161808 0.080073953 0.995080411 0.002445389 -0.099039719 4.557386398
-0.097346179 0.022715494 -0.994991302 -14.707800865 -0.001079037 0.999736488 0.022929395 0.090764865 0.995249987 0.003305721 -0.097296029 4.488618374
-0.096017398 0.022410454 -0.995127261 -15.386866570 -0.001792377 0.999740899 0.022687297 0.102161005 0.995378017 0.003962019 -0.095952377 4.417527199
-0.094427921 0.024927396 -0.995219529 -16.084888458 -0.001657525 0.999681234 0.025196411 0.116141111 0.995530307 0.004028847 -0.094356485 4.351795673
-0.092703693 0.028611509 -0.995282590 -16.805393219 -0.002571741 0.999576747 0.028974498 0.126341522 0.995690405 0.005245652 -0.092590876 4.283366203
-0.090784401 0.030544577 -0.995402038 -17.534591675 -0.002644961 0.999518633 0.030912129 0.138178349 0.995867014 0.005439139 -0.090659909 4.210184097
-0.089125380 0.029829342 -0.995573640 -18.273494720 -0.004567866 0.999528587 0.030356767 0.153715700 0.996009827 0.007253204 -0.088947125 4.137351036
-0.087099500 0.026954349 -0.995834768 -19.028146744 -0.007255248 0.999590158 0.027690565 0.164490581 0.996173143 0.009636864 -0.086868234 4.060287476
-0.085585028 0.026280899 -0.995984137 -19.803689957 -0.008018600 0.999601424 0.027065393 0.181689382 0.996298611 0.010302789 -0.085340187 3.986658573
-0.084094219 0.028577346 -0.996047854 -20.584024429 -0.005688033 0.999558568 0.029158302 0.197259456 0.996441483 0.008117599 -0.083894536 3.918571472
-0.083131589 0.030767743 -0.996063471 -21.382932663 -0.003680054 0.999506891 0.031181250 0.208757520 0.996531785 0.006257715 -0.082977369 3.855896950
-0.081405528 0.032510247 -0.996150613 -22.173284531 -0.002827954 0.999456167 0.032849234 0.223930120 0.996677041 0.005491178 -0.081269331 3.775819778
-0.080826767 0.027838144 -0.996339321 -22.975166321 -0.003113665 0.999597907 0.028181784 0.231003106 0.996723294 0.005380109 -0.080707595 3.717387676
-0.080333047 0.021002814 -0.996546745 -23.782924652 -0.001873325 0.999772906 0.021221820 0.239612848 0.996766269 0.003571669 -0.080275506 3.648198605
-0.080622591 0.016440738 -0.996609032 -24.605821609 0.001489901 0.999864817 0.016373917 0.251468360 0.996743619 -0.000164742 -0.080636181 3.585210800
-0.081172213 0.017034777 -0.996554494 -25.442705154 0.002372811 0.999854326 0.016897913 0.262357563 0.996697307 -0.000992995 -0.081200808 3.513160467
-0.081082620 0.024900392 -0.996396303 -26.284992218 0.001598857 0.999689877 0.024852589 0.262845546 0.996706128 0.000422019 -0.081097297 3.436144352
-0.081567086 0.031598650 -0.996166706 -27.122425079 0.000090114 0.999497414 0.031696916 0.279797196 0.996667802 0.002495657 -0.081528939 3.369161844
-0.082124829 0.036864683 -0.995939910 -27.967767715 -0.001887694 0.999308109 0.037145007 0.293152392 0.996620178 0.004930558 -0.081998430 3.295337200
-0.082315527 0.037488997 -0.995900929 -28.807279587 -0.003653206 0.999274194 0.037917927 0.301063836 0.996599495 0.006759466 -0.082118839 3.215250731
-0.082662486 0.033640198 -0.996009588 -29.643867493 -0.003533175 0.999413967 0.034048412 0.319907188 0.996571302 0.006333604 -0.082495183 3.142991543
-0.082614824 0.030679252 -0.996109128 -30.483953476 -0.003562163 0.999510527 0.031079454 0.340645373 0.996575058 0.006115926 -0.082465097 3.058039188
-0.082908213 0.032380812 -0.996030986 -31.311307907 -0.005283035 0.999443591 0.032931507 0.350416780 0.996543169 0.007992360 -0.082691029 2.988112211
-0.082964458 0.034750253 -0.995946348 -32.154254913 -0.006248819 0.999353945 0.035389692 0.360080421 0.996532857 0.009159577 -0.082693733 2.916118145
-0.082716189 0.033237163 -0.996018827 -32.982906342 -0.007260969 0.999397039 0.033952903 0.370076537 0.996546686 0.010040518 -0.082424998 2.836897373
-0.082485422 0.028008327 -0.996198654 -33.808944702 -0.007926696 0.999554932 0.028759021 0.381426930 0.996560752 0.010268762 -0.082226709 2.766967535
-0.082246333 0.023737140 -0.996329308 -34.641994476 -0.009266665 0.999654830 0.024581332 0.396290064 0.996568918 0.011254375 -0.081998006 2.688463688
-0.081565246 0.024812700 -0.996359050 -35.468879700 -0.009157584 0.999629259 0.025643807 0.399097383 0.996625900 0.011215889 -0.081307784 2.616234541
-0.080978595 0.027374640 -0.996339798 -36.298614502 -0.007874829 0.999573946 0.028103536 0.405525982 0.996684730 0.010121789 -0.080728516 2.546159267
-0.080551289 0.032207847 -0.996230006 -37.147434235 -0.007646555 0.999428332 0.032929521 0.418107510 0.996721208 0.010270242 -0.080258965 2.468827009
-0.080161408 0.037727263 -0.996067643 -37.976257324 -0.007221761 0.999235272 0.038428426 0.434204459 0.996755779 0.010273837 -0.079827636 2.409607172
-0.079874322 0.040763494 -0.995971143 -38.820556641 -0.007784939 0.999107659 0.041516181 0.449391723 0.996774495 0.011069653 -0.079485700 2.323977470
-0.079694711 0.040788352 -0.995984674 -39.651901245 -0.006896752 0.999116063 0.041468449 0.469792008 0.996795475 0.010173873 -0.079342961 2.256942987
-0.079599448 0.036312118 -0.996165454 -40.476894379 -0.007451570 0.999286771 0.037021320 0.489347398 0.996798992 0.010369875 -0.079272099 2.185689926
-0.078891248 0.032146193 -0.996364892 -41.307518005 -0.008463020 0.999422431 0.032914933 0.501106441 0.996847212 0.011028958 -0.078573637 2.105077505
-0.078722849 0.029563207 -0.996458173 -42.117733002 -0.012484139 0.999452591 0.030638328 0.512660682 0.996818364 0.014851856 -0.078310661 2.032520294
-0.079141736 0.027580954 -0.996481776 -42.949462891 -0.015414200 0.999463916 0.028887708 0.527907073 0.996744156 0.017646194 -0.078674160 1.950887680
-0.079926781 0.025612816 -0.996471524 -43.757087708 -0.013408825 0.999551833 0.026767496 0.531832874 0.996710598 0.015500953 -0.079547502 1.887354851
-0.081266321 0.021998059 -0.996449590 -44.586544037 -0.010024920 0.999687791 0.022887135 0.539023638 0.996641994 0.011849282 -0.081020430 1.825187206
-0.081584126 0.020643199 -0.996452630 -45.408084869 -0.005678001 0.999759555 0.021176592 0.547105908 0.996650338 0.007385532 -0.081447288 1.749101400
-0.083960339 0.024010126 -0.996179819 -46.233573914 -0.005486780 0.999683321 0.024557009 0.553342581 0.996454060 0.007527632 -0.083802022 1.680793047
-0.085662685 0.030394452 -0.995860398 -47.043186188 -0.002886380 0.999522746 0.030754508 0.557721913 0.996320009 0.005508946 -0.085534073 1.608147383
-0.087014794 0.034204081 -0.995619595 -47.857986450 -0.001299604 0.999405563 0.034447726 0.565822840 0.996206224 0.004291371 -0.086918607 1.531173229
-0.088452838 0.033549298 -0.995515168 -48.653850555 -0.001325296 0.999427855 0.033798900 0.568236947 0.996079504 0.004308961 -0.088357747 1.455343246
-0.089318544 0.029754784 -0.995558500 -49.453285217 -0.004516427 0.999531269 0.030278720 0.577862144 0.995992899 0.007200817 -0.089142270 1.370434761
-0.090406068 0.026107304 -0.995562792 -50.244312286 -0.009309945 0.999590456 0.027058359 0.585302532 0.995861471 0.011714874 -0.090125978 1.284299850
-0.091974571 0.024700977 -0.995455027 -51.037933350 -0.013500333 0.999569416 0.026050435 0.593676805 0.995669901 0.015834954 -0.091601484 1.197815895
-0.092903256 0.025603570 -0.995345831 -51.832637787 -0.015352873 0.999513566 0.027143780 0.602381170 0.995556772 0.017803168 -0.092464983 1.116580486
-0.093972772 0.027151737 -0.995204449 -52.619857788 -0.015298638 0.999470532 0.028712712 0.610219300 0.995457172 0.017923485 -0.093507648 1.038884640
-0.094901159 0.026620490 -0.995130658 -53.403057098 -0.017200571 0.999449313 0.028376361 0.617409170 0.995338023 0.019809764 -0.094391018 0.955642223
-0.095197223 0.026513532 -0.995105147 -54.181316376 -0.018058773 0.999434710 0.028356491 0.622511566 0.995294571 0.020669842 -0.094664611 0.871603966
-0.095799536 0.028297944 -0.994998217 -54.957267761 -0.016182052 0.999419451 0.029981706 0.631974936 0.995269120 0.018973351 -0.095286004 0.793691635
-0.095971897 0.031344440 -0.994890332 -55.736137390 -0.015675735 0.999332428 0.032996554 0.638356566 0.995260537 0.018762380 -0.095416509 0.715870857
-0.096285895 0.035591699 -0.994717181 -56.508068085 -0.015738809 0.999181032 0.037274901 0.651382685 0.995229185 0.019244712 -0.095646888 0.638116360
-0.096859023 0.037918586 -0.994575560 -57.272094727 -0.015631422 0.999092817 0.039613102 0.655670643 0.995175362 0.019383520 -0.096178442 0.559642792
-0.097503431 0.037714779 -0.994520426 -58.020565033 -0.015473421 0.999103487 0.039405607 0.670378447 0.995114863 0.019230815 -0.096832454 0.485197067
-0.097809076 0.035777744 -0.994561911 -58.771972656 -0.014389603 0.999198198 0.037359662 0.683280468 0.995101154 0.017965460 -0.097215816 0.406782627
-0.098178081 0.032373603 -0.994642258 -59.504550934 -0.014207930 0.999323249 0.033928391 0.691400647 0.995067418 0.017462831 -0.097651675 0.333584309
-0.097488336 0.029303677 -0.994805157 -60.227237701 -0.014731320 0.999414325 0.030883085 0.703382611 0.995127618 0.017665535 -0.096999563 0.251414776
-0.096208513 0.027076304 -0.994992971 -60.928508759 -0.015466934 0.999468505 0.028693637 0.710509658 0.995241046 0.018150061 -0.095738597 0.177256584
-0.094093487 0.026399503 -0.995213211 -61.636615753 -0.017771482 0.999444425 0.028191969 0.714593887 0.995404780 0.020339094 -0.093572065 0.108664989
-0.089839421 0.027355654 -0.995580435 -62.319183350 -0.018205956 0.999410570 0.029103767 0.719073296 0.995789945 0.020740161 -0.089288428 0.040556908
-0.084020928 0.028967645 -0.996042788 -62.985618591 -0.017351981 0.999383211 0.030528516 0.725887418 0.996312976 0.019848354 -0.083466448 -0.015852928
-0.076791734 0.030558472 -0.996578753 -63.634773254 -0.017157648 0.999341667 0.031965282 0.728378415 0.996899605 0.019553617 -0.076216847 -0.063753605
-0.068141639 0.031747144 -0.997170329 -64.272140503 -0.017715149 0.999297500 0.033025429 0.735040903 0.997518361 0.019915430 -0.067531362 -0.106750965
-0.055699863 0.033489134 -0.997885704 -64.881835938 -0.020177102 0.999195457 0.034659330 0.742847204 0.998243690 0.022064963 -0.054979328 -0.157377958
-0.040849179 0.034973025 -0.998553038 -65.493789673 -0.023496928 0.999077082 0.035952605 0.750413537 0.998888969 0.024931565 -0.039989732 -0.182276249
-0.022150412 0.036011327 -0.999105752 -66.078971863 -0.024808267 0.999023497 0.036558360 0.762892723 0.999446869 0.025595868 -0.021235403 -0.196998358
0.000068761 0.037235092 -0.999306500 -66.649284363 -0.026030783 0.998967946 0.037220683 0.765207529 0.999661148 0.026010174 0.001037963 -0.185987011
0.025661968 0.037849512 -0.998953819 -67.186737061 -0.025321424 0.998986900 0.037200280 0.767654419 0.999349952 0.024340302 0.026594397 -0.158455253
0.055034671 0.037137482 -0.997793496 -67.711517334 -0.023932647 0.999070048 0.035864949 0.778171539 0.998197615 0.021906026 0.055872295 -0.111529827
0.088993914 0.036860950 -0.995349884 -68.224609375 -0.022878964 0.999126911 0.034955226 0.790336728 0.995769382 0.019661771 0.089759603 -0.038300991
0.126744375 0.037255764 -0.991235554 -68.619972229 -0.022412548 0.999146879 0.034687329 0.791487575 0.991682172 0.017819688 0.127471253 0.024834633
0.167964756 0.037028082 -0.985097289 -69.085899353 -0.022139860 0.999184012 0.033782594 0.796414137 0.985544384 0.016135635 0.168647468 0.126240730
0.213120669 0.037753511 -0.976296246 -69.528266907 -0.021098459 0.999197960 0.034033429 0.803086042 0.976798058 0.013345119 0.213746294 0.246793747
0.261764944 0.036524002 -0.964440286 -69.958450317 -0.018115921 0.999293625 0.032926958 0.804865956 0.964961588 0.008852602 0.262241691 0.392234802
0.311549962 0.031523466 -0.949706793 -70.351249695 -0.010358702 0.999502897 0.029778181 0.801620245 0.950173318 0.000560341 0.311721563 0.564355850
0.362524539 0.026199613 -0.931605935 -70.750389099 -0.005039832 0.999645352 0.026151884 0.804430008 0.931960583 -0.004785561 0.362527966 0.770017624
0.414447606 0.021456053 -0.909820199 -71.125061035 -0.000240153 0.999724627 0.023466846 0.809093118 0.910073161 -0.009507278 0.414338648 0.987712860
0.466364533 0.021822616 -0.884323418 -71.487129211 -0.001570954 0.999714494 0.023841674 0.809445679 0.884591281 -0.009729678 0.466265619 1.198905945
0.514927804 0.020325603 -0.856992602 -71.857650757 -0.000178673 0.999721289 0.023603398 0.820282340 0.857233644 -0.012000925 0.514787912 1.454351425
0.559851825 0.015847037 -0.828441083 -72.204055786 0.007860593 0.999670446 0.024434548 0.825063586 0.828555465 -0.020191770 0.559542835 1.743190765
0.603325725 0.009233322 -0.797441542 -72.526908875 0.018398914 0.999505639 0.025493151 0.827473164 0.797282696 -0.030052733 0.602857590 2.054496765
0.645397007 0.004272596 -0.763835371 -72.834503174 0.019802762 0.999554634 0.022323320 0.829984605 0.763590574 -0.029533453 0.645025015 2.371257782
0.687083006 0.000895824 -0.726578355 -73.114059448 0.015795983 0.999744534 0.016169958 0.817574084 0.726407230 -0.022587122 0.686893284 2.662834167
0.727561951 -0.006320517 -0.686012805 -73.396881104 0.012829199 0.999907970 0.004393652 0.824831069 0.685922086 -0.011997648 0.727576137 3.004291534
0.766557813 -0.008721159 -0.642116070 -73.668823242 0.007990422 0.999959946 -0.004042400 0.827792287 0.642125547 -0.002032045 0.766596794 3.375637054
0.803200305 -0.009671587 -0.595630467 -73.916328430 0.006455185 0.999950826 -0.007532023 0.829174399 0.595674098 0.002204819 0.803223193 3.771408081
0.837397933 -0.009489900 -0.546511531 -74.164527893 0.005769569 0.999947011 -0.008523100 0.812605560 0.546563566 0.003984089 0.837408245 4.187862396
0.867825747 -0.008219250 -0.496800780 -74.386703491 0.003045355 0.999932289 -0.011223527 0.809086919 0.496859521 0.008227130 0.867792070 4.636253357
0.893512249 -0.006946288 -0.448985219 -74.594207764 0.002792845 0.999946892 -0.009912309 0.795476556 0.449030310 0.007602823 0.893484175 5.114156723
0.914364398 -0.001244891 -0.404890537 -74.783432007 -0.002570415 0.999957263 -0.008879276 0.784081221 0.404884338 0.009159629 0.914322078 5.609170914
0.931929588 0.004034559 -0.362616688 -74.984527588 -0.008471150 0.999907374 -0.010645762 0.774216294 0.362540156 0.012992881 0.931877613 6.117238998
0.945216119 0.008876689 -0.326324254 -75.152992249 -0.012666094 0.999874771 -0.009489405 0.768646717 0.326199114 0.013102794 0.945210338 6.656988144
0.955191195 0.009623106 -0.295832932 -75.316177368 -0.012429469 0.999893785 -0.007607124 0.754974127 0.295728266 0.010943305 0.955209434 7.214046478
0.962263525 0.009091062 -0.271967053 -75.454521179 -0.011215740 0.999917507 -0.006258800 0.742887020 0.271887690 0.009072929 0.962286294 7.792238235
0.968246043 0.009658233 -0.249812365 -75.632003784 -0.011178592 0.999926627 -0.004667913 0.741368651 0.249749005 0.007312239 0.968282998 8.405580521
0.972771049 0.011936286 -0.231460392 -75.773796082 -0.012786278 0.999915838 -0.002172469 0.733927846 0.231414989 0.005072833 0.972841918 9.022056580
0.976236582 0.017086949 -0.216033012 -75.914909363 -0.017655868 0.999843836 -0.000703698 0.725854039 0.215987265 0.004501227 0.976385832 9.653217316
0.979039669 0.020410586 -0.202644289 -76.050865173 -0.020709863 0.999785304 0.000643614 0.717673421 0.202613905 0.003566612 0.979252219 10.299868584
0.981689692 0.018424766 -0.189593196 -76.172622681 -0.018712590 0.999824882 0.000272053 0.713368833 0.189565003 0.003280708 0.981862664 10.963170052
0.984281540 0.019313335 -0.175546914 -76.311248779 -0.019614007 0.999807537 0.000022315 0.700286329 0.175513595 0.003421213 0.984471083 11.668353081
0.986748695 0.019805316 -0.161042899 -76.419868469 -0.019963035 0.999800563 0.000638760 0.695303321 0.161023423 0.002584610 0.986947238 12.368058205
0.988900363 0.021298176 -0.147046417 -76.526420593 -0.021406677 0.999770522 0.000844779 0.691283286 0.147030711 0.002312373 0.989129245 13.082145691
0.990768909 0.022144804 -0.133740589 -76.634223938 -0.022565419 0.999744058 -0.001629867 0.673365057 0.133670270 0.004632734 0.991015077 13.805175781
0.992130160 0.022411045 -0.123189397 -76.715278625 -0.023411714 0.999703586 -0.006681289 0.656191051 0.123003185 0.009512782 0.992360711 14.542695045
0.993254960 0.021118822 -0.114010379 -76.794662476 -0.022784716 0.999651492 -0.013328393 0.647149086 0.113689147 0.015836189 0.993390083 15.299067497
0.994162798 0.020857463 -0.105854735 -76.872795105 -0.022429224 0.999654770 -0.013679435 0.638754725 0.105532870 0.015973823 0.994287550 16.058601379
0.994818985 0.022634236 -0.099110015 -76.950798035 -0.023474291 0.999697566 -0.007317911 0.619201303 0.098914392 0.009606533 0.995049536 16.825649261
0.995225072 0.027506892 -0.093649760 -77.039756775 -0.027563738 0.999619782 0.000686710 0.601633191 0.093633041 0.001897906 0.995604932 17.606391907
0.995613337 0.027491357 -0.089432187 -77.115104675 -0.027174134 0.999619305 0.004763044 0.589758456 0.089529067 -0.002311915 0.995981514 18.385978699
0.995911062 0.027221551 -0.086139038 -77.186363220 -0.027008455 0.999628544 0.003638525 0.573049068 0.086206093 -0.001297164 0.996276438 19.159561157
0.996192276 0.026950683 -0.082913160 -77.254341125 -0.026825698 0.999636710 0.002621264 0.563591361 0.082953699 -0.000387079 0.996553302 19.925186157
0.996474802 0.025428317 -0.079945602 -77.316902161 -0.025122862 0.999672651 0.004824470 0.555169940 0.080042131 -0.002799001 0.996787548 20.695716858
0.996719539 0.023149582 -0.077551596 -77.383674622 -0.022660185 0.999717414 0.007184754 0.546665132 0.077696010 -0.005403851 0.996962488 21.480255127
0.997006595 0.020908061 -0.074434966 -77.442153931 -0.020290412 0.999753237 0.009044446 0.534768939 0.074605703 -0.007507055 0.997184873 22.242088318
0.997232080 0.020281574 -0.071531929 -77.499671936 -0.019957744 0.999787211 0.005238973 0.525573671 0.071622945 -0.003796855 0.997424662 23.000482559
0.997268140 0.023459245 -0.070041597 -77.554603577 -0.023636855 0.999719143 -0.001707867 0.509305596 0.069981843 0.003358765 0.997542620 23.748569489
0.997376978 0.024267271 -0.068192139 -77.615867615 -0.024972029 0.999643028 -0.009501366 0.496126473 0.067937225 0.011179340 0.997626960 24.500089645
0.997420073 0.025443116 -0.067125440 -77.668388367 -0.026402537 0.999560952 -0.013444576 0.474934995 0.066753894 0.015182172 0.997653961 25.252702713
0.997521758 0.026894728 -0.065015152 -77.722122192 -0.027734989 0.999542475 -0.012056118 0.457158208 0.064661160 0.013829432 0.997811437 26.009670258
0.997594059 0.030465232 -0.062273152 -77.787536621 -0.031008463 0.999488831 -0.007775328 0.431101143 0.062004432 0.009687614 0.998028874 26.781045914
0.997655511 0.033213239 -0.059835490 -77.842041016 -0.033427060 0.999437809 -0.002575780 0.412732720 0.059716303 0.004569865 0.998204887 27.531719208
0.997872829 0.030971084 -0.057363838 -77.887168884 -0.031070676 0.999516785 -0.000844844 0.399337471 0.057309967 0.002625380 0.998352945 28.290945053
0.998025298 0.028244203 -0.056104317 -77.934661865 -0.028331432 0.999598265 -0.000759870 0.381995946 0.056060325 0.002347885 0.998424530 29.054582596
0.998150170 0.026217062 -0.054852199 -77.977500916 -0.026298957 0.999653816 -0.000771683 0.365330130 0.054812979 0.002212812 0.998494148 29.807165146
0.998194277 0.026037015 -0.054131486 -78.019683838 -0.026214253 0.999652982 -0.002566594 0.350891799 0.054045882 0.003980976 0.998530507 30.551921844
0.998287022 0.023730950 -0.053477481 -78.059623718 -0.023977417 0.999704540 -0.003971799 0.339597851 0.053367428 0.005247248 0.998561144 31.309307098
0.998350263 0.022448953 -0.052846074 -78.100898743 -0.022687029 0.999734879 -0.003909444 0.325501084 0.052744303 0.005101915 0.998594999 32.068164825
0.998301864 0.026542878 -0.051853515 -78.154975891 -0.026736064 0.999637842 -0.003035395 0.312879533 0.051754180 0.004416600 0.998650014 32.845432281
0.998311579 0.026088957 -0.051897697 -78.193908691 -0.026327061 0.999645710 -0.003909511 0.301322460 0.051777307 0.005269224 0.998644769 33.620121002
0.998233497 0.025505595 -0.053658940 -78.235824585 -0.025746031 0.999661326 -0.003794195 0.285419017 0.053543996 0.005168996 0.998552144 34.396076202
0.998196244 0.023331281 -0.055315278 -78.287414551 -0.023541385 0.999717891 -0.003149666 0.270451605 0.055226192 0.004446183 0.998463988 35.183292389
0.997982144 0.024738139 -0.058477301 -78.344810486 -0.024985325 0.999681652 -0.003499609 0.258407772 0.058372106 0.004953622 0.998282611 35.986026764
0.997710705 0.028906761 -0.061136495 -78.403930664 -0.029163720 0.999569118 -0.003314706 0.237632871 0.061014339 0.005090086 0.998123884 36.764472961
0.997537076 0.029341754 -0.063708268 -78.465919495 -0.029925250 0.999518335 -0.008223811 0.222230971 0.063436285 0.010110043 0.997934699 37.560142517
0.997376978 0.029716991 -0.065999895 -78.532394409 -0.030562997 0.999462605 -0.011845583 0.211180925 0.065612428 0.013831666 0.997749329 38.353919983
0.997261167 0.029724291 -0.067726158 -78.599449158 -0.030722482 0.999433398 -0.013744802 0.200131297 0.067279242 0.015787872 0.997609198 39.146911621
0.997110844 0.030056650 -0.069759682 -78.664146423 -0.030962953 0.999449015 -0.011946864 0.175422072 0.069362149 0.014072313 0.997492313 39.977981567
0.996991575 0.028430259 -0.072106741 -78.723602295 -0.029320074 0.999505997 -0.011311723 0.156481028 0.071749531 0.013391867 0.997332811 40.801666260
0.996870458 0.028132433 -0.073877618 -78.785530090 -0.028922599 0.999535084 -0.009647403 0.138757110 0.073571861 0.011753943 0.997220635 41.628074646
0.996823728 0.027480591 -0.074748024 -78.858955383 -0.027989628 0.999591470 -0.005770775 0.121787786 0.074558914 0.007844612 0.997185707 42.457397461
0.996740222 0.027270064 -0.075928278 -78.924865723 -0.027442278 0.999622583 -0.001225601 0.108279228 0.075866222 0.003305252 0.997112572 43.331489563
0.996816039 0.026921611 -0.075052366 -78.993682861 -0.026931262 0.999636889 0.000883618 0.093412913 0.075048894 0.001140449 0.997179270 44.183757782
0.996874690 0.030218633 -0.072989404 -79.062873840 -0.030223183 0.999542534 0.001042425 0.078623369 0.072987497 0.001166804 0.997332215 45.035926819
0.997013867 0.029751977 -0.071261004 -79.130943298 -0.029848199 0.999554396 -0.000285499 0.070274532 0.071220756 0.002411659 0.997457683 45.903888702
0.997178078 0.027444905 -0.069875851 -79.189674377 -0.027691226 0.999613225 -0.002558690 0.056001335 0.069778614 0.004486417 0.997552454 46.763782501
0.997380853 0.023359764 -0.068452500 -79.243812561 -0.023707617 0.999709785 -0.004273537 0.040816590 0.068332799 0.005885188 0.997645259 47.635421753
0.997577250 0.022053998 -0.065977722 -79.315399170 -0.022384893 0.999740243 -0.004280111 0.025056258 0.065866202 0.005746646 0.997811913 48.511283875
0.997674704 0.019693144 -0.065247603 -79.371826172 -0.019840976 0.999801815 -0.001618500 0.007362284 0.065202810 0.002909313 0.997867763 49.388061523
0.997802377 0.017293245 -0.063963398 -79.433944702 -0.017294170 0.999850333 0.000539222 -0.003656782 0.063963145 0.000568156 0.997952104 50.264171600
0.997837067 0.016827408 -0.063545652 -79.486068726 -0.016786404 0.999858379 0.001179138 -0.025529236 0.063556500 -0.000109885 0.997978330 51.142196655
0.997892201 0.018933922 -0.062069383 -79.547157288 -0.019118963 0.999814272 -0.002388498 -0.041077420 0.062012639 0.003570166 0.998068988 52.023132324
0.997892201 0.021300355 -0.061298117 -79.610496521 -0.021818554 0.999731541 -0.007796776 -0.064536035 0.061115582 0.009117778 0.998089075 52.881885529
0.997901797 0.023310451 -0.060403891 -79.667007446 -0.024156185 0.999619544 -0.013308915 -0.084644496 0.060070675 0.014740119 0.998085260 53.740413666
0.997831881 0.028154364 -0.059486747 -79.732131958 -0.029331919 0.999388814 -0.019015465 -0.111133099 0.058915019 0.020719100 0.998048067 54.587673187
0.997896969 0.027894178 -0.058510751 -79.785766602 -0.029106852 0.999376595 -0.019976623 -0.139483094 0.057917040 0.021637678 0.998086870 55.440113068
0.997961998 0.024952963 -0.058731280 -79.833808899 -0.025834147 0.999564052 -0.014292345 -0.158646703 0.058349043 0.015780488 0.998171568 56.301486969
0.997956991 0.024752153 -0.058899637 -79.902038574 -0.025093807 0.999672174 -0.005067905 -0.190311432 0.058754906 0.006535567 0.998251021 57.141674042
0.997922659 0.023254307 -0.060079433 -79.955192566 -0.023118652 0.999728322 0.002952118 -0.213720381 0.060131766 -0.001557030 0.998189211 57.995750427
0.997811079 0.021532556 -0.062525377 -80.010269165 -0.021528937 0.999767900 0.000731689 -0.229008615 0.062526628 0.000616016 0.998043060 58.836585999
0.997779369 0.016328629 -0.064572714 -80.067962646 -0.016550677 0.999858797 -0.002905279 -0.241574764 0.064516157 0.003967549 0.997908831 59.678226471
0.997649014 0.014916549 -0.066886611 -80.126098633 -0.015246036 0.999873877 -0.004418267 -0.263859272 0.066812269 0.005427636 0.997750759 60.489566803
0.997420549 0.016965618 -0.069746122 -80.188629150 -0.017477365 0.999824584 -0.006733553 -0.283507556 0.069619648 0.007935163 0.997541904 61.312057495
0.997164249 0.018614966 -0.072917253 -80.260032654 -0.019392340 0.999762297 -0.009967532 -0.307310939 0.072714359 0.011353303 0.997288108 62.127559662
0.996861100 0.019546507 -0.076718345 -80.336311340 -0.020636464 0.999696732 -0.013440246 -0.327568591 0.076432362 0.014981255 0.996962070 62.942359924
0.996570051 0.021723105 -0.079850025 -80.407028198 -0.023161396 0.999584973 -0.017130483 -0.356714845 0.079444744 0.018921165 0.996659636 63.749084473
0.996233404 0.026504919 -0.082562260 -80.502235413 -0.028042110 0.999453366 -0.017514799 -0.379057527 0.082052879 0.019764049 0.996432006 64.544395447
0.995830119 0.030148087 -0.086102061 -80.581832886 -0.031598341 0.999379933 -0.015530239 -0.403401136 0.085580461 0.018186163 0.996165216 65.349327087
0.995421231 0.033014908 -0.089703575 -80.669296265 -0.033996586 0.999377310 -0.009437373 -0.428138852 0.089336142 0.012443777 0.995923758 66.150360107
0.995019674 0.033448972 -0.093899429 -80.752288818 -0.033953726 0.999416232 -0.003782568 -0.449965268 0.093718112 0.006951968 0.995574474 66.965400696
0.994553328 0.032730699 -0.098955825 -80.833457947 -0.032916591 0.999458015 -0.000246001 -0.468335271 0.098894142 0.003501950 0.995091796 67.758407593
0.993896842 0.032261021 -0.105490245 -80.922737122 -0.032357376 0.999475956 0.000798331 -0.481296778 0.105460726 0.002619930 0.994420052 68.548576355
0.993393421 0.029609483 -0.110871755 -81.017868042 -0.029283695 0.999560595 0.004566008 -0.494516611 0.110958248 -0.001289109 0.993824303 69.328796387
0.992574334 0.031477850 -0.117495403 -81.111595154 -0.031227669 0.999504387 0.003970059 -0.505274415 0.117562152 -0.000271472 0.993065476 70.108757019
0.991703451 0.036206767 -0.123342119 -81.222053528 -0.036084924 0.999343514 0.003222310 -0.517696857 0.123377815 0.001255215 0.992358923 70.879661560
0.990911365 0.038565192 -0.128869772 -81.340980530 -0.038927093 0.999242008 -0.000289728 -0.531108379 0.128760904 0.005303620 0.991661429 71.642517090
0.990085781 0.037370000 -0.135401905 -81.446945190 -0.038152169 0.999266863 -0.003185442 -0.540895283 0.135183603 0.008319737 0.990785658 72.400909424
0.989277780 0.038644139 -0.140841037 -81.563064575 -0.039610647 0.999206901 -0.004064423 -0.558142185 0.140572265 0.009599647 0.990023911 73.165557861
0.988560736 0.040499575 -0.145284265 -81.685844421 -0.040784366 0.999167502 0.001019002 -0.567647934 0.145204574 0.004917982 0.989389420 73.933662415
0.987664342 0.041105792 -0.151094541 -81.815551758 -0.040804457 0.999154210 0.005095632 -0.577835739 0.151176184 0.001132557 0.988506317 74.702430725
0.986707509 0.040696185 -0.157328144 -81.942283630 -0.040007316 0.999170899 0.007544329 -0.596765101 0.157504708 -0.001149771 0.987517595 75.460876465
0.985645533 0.038327117 -0.164420515 -82.073356628 -0.038226001 0.999262035 0.003780258 -0.605051160 0.164444059 0.002559144 0.986383080 76.206214905
0.984276891 0.036065169 -0.172911450 -82.212722778 -0.037222598 0.999301016 -0.003454852 -0.611646771 0.172665969 0.009836745 0.984931350 76.949111938
0.982688069 0.033544131 -0.182205781 -82.355941772 -0.035051543 0.999372661 -0.005058303 -0.624127507 0.181921780 0.011357329 0.983247459 77.693428040
0.980621040 0.033127245 -0.193092823 -82.502113342 -0.034207944 0.999412119 -0.002264531 -0.638525784 0.192904294 0.008825958 0.981177807 78.427284241
0.978352189 0.033310261 -0.204247996 -82.667465210 -0.033203281 0.999440789 0.003951696 -0.647647977 0.204265386 0.002915555 0.978911221 79.168762207
0.975937903 0.034250010 -0.215341821 -82.838607788 -0.032395374 0.999401391 0.012137146 -0.660359859 0.215628609 -0.004869023 0.976463318 79.880615234
0.973396480 0.034874499 -0.226457611 -83.019561768 -0.032183785 0.999360621 0.015564173 -0.668164849 0.226855621 -0.007861849 0.973896682 80.606399536
0.970526934 0.038135067 -0.237955883 -83.213081360 -0.036398668 0.999268949 0.011688286 -0.680544257 0.238227636 -0.002682518 0.971205652 81.322708130
0.967526734 0.037899986 -0.249911100 -83.409271240 -0.038551539 0.999253988 0.002289063 -0.685652852 0.249811351 0.007419726 0.968266010 82.018234253
0.964367151 0.035349727 -0.262195110 -83.615463257 -0.037363417 0.999298096 -0.002696981 -0.685253024 0.261915714 0.012397383 0.965011060 82.730636597
0.961028993 0.034081444 -0.274338692 -83.818969727 -0.034640983 0.999395847 0.002806265 -0.694906890 0.274268597 0.006806462 0.961629033 83.449607849
0.957746148 0.035289004 -0.285441577 -84.045196533 -0.033739347 0.999377072 0.010346429 -0.703028798 0.285628885 -0.000278643 0.958340228 84.172073364
0.954099059 0.035134990 -0.297423214 -84.277465820 -0.031926621 0.999367833 0.015639739 -0.706821084 0.297784686 -0.005426144 0.954617620 84.883995056
0.950076580 0.032889601 -0.310278416 -84.516632080 -0.030076554 0.999451637 0.013847354 -0.709446311 0.310563684 -0.003823942 0.950544953 85.596778870
0.946426868 0.031328749 -0.321394891 -84.770462036 -0.029748680 0.999508977 0.009827223 -0.716682673 0.321544945 0.000260324 0.946894288 86.294960022
0.943354189 0.026635990 -0.330716431 -85.014488220 -0.027170787 0.999626279 0.003006671 -0.723800957 0.330672890 0.006149470 0.943725348 86.988616943
0.940570176 0.022662079 -0.338842422 -85.269210815 -0.025141729 0.999679625 -0.002929802 -0.729935467 0.338667512 0.011274770 0.940838516 87.693504333
0.938093543 0.022197463 -0.345670223 -85.540229797 -0.025479203 0.999663055 -0.004952388 -0.738558650 0.345443904 0.013453205 0.938342869 88.393920898
0.934996605 0.027811889 -0.353564531 -85.825698853 -0.031455584 0.999494672 -0.004562182 -0.756577611 0.353259057 0.015387204 0.935398996 89.103363037
0.932015896 0.027645553 -0.361361414 -86.099761963 -0.030493068 0.999532580 -0.002178965 -0.771016955 0.361132264 0.013049848 0.932423294 89.800788879
0.928997993 0.027972093 -0.369026065 -86.386077881 -0.028361371 0.999588132 0.004370731 -0.774287760 0.368996352 0.006405686 0.929408789 90.507453918
0.926167667 0.029854611 -0.375928313 -86.672279358 -0.027008252 0.999552667 0.012840443 -0.782424927 0.376143515 -0.001739240 0.926559865 91.218208313
0.923696101 0.040138107 -0.381017715 -86.997406006 -0.035315279 0.999183178 0.019644067 -0.790891886 0.381494969 -0.004689402 0.924359024 91.920249939
0.920914888 0.046650976 -0.386961758 -87.305282593 -0.043619666 0.998910010 0.016616967 -0.789395094 0.387315214 0.001576331 0.921945930 92.608406067
0.918635190 0.043152224 -0.392743230 -87.607894897 -0.043015532 0.999032557 0.009153286 -0.789851546 0.392758250 0.008485529 0.919602633 93.297073364
0.916774809 0.035523791 -0.397821486 -87.908187866 -0.037978701 0.999277055 0.001709787 -0.793721855 0.397594720 0.013541254 0.917461216 93.988243103
0.914818466 0.035875432 -0.402268559 -88.212570190 -0.038741682 0.999248803 0.001011443 -0.796659946 0.402002603 0.014659273 0.915521145 94.686820984
0.912925303 0.042601347 -0.405896902 -88.560729980 -0.043779474 0.999020875 0.006386425 -0.807457209 0.405771554 0.011939624 0.913896620 95.383621216
0.910447001 0.044830147 -0.411189556 -88.881744385 -0.044362348 0.998958349 0.010685829 -0.814026713 0.411240250 0.008512451 0.911487281 96.093383789
0.908259332 0.040786855 -0.416415095 -89.201766968 -0.040936191 0.999124944 0.008574357 -0.822236538 0.416400462 0.009258705 0.909134150 96.791198730
0.906029284 0.039555755 -0.421362489 -89.537467957 -0.042382412 0.999097884 0.002658918 -0.834349155 0.421087533 0.015449302 0.906888485 97.480575562
0.903991163 0.036888458 -0.425956935 -89.877792358 -0.042650670 0.999082029 -0.003993928 -0.839280725 0.425418586 0.021777827 0.904734731 98.175178528
