1.000000000 0.000000000 0.000000000 0.000000000 0.000000000 1.000000000 0.000000000 0.000000000 0.000000000 0.000000000 1.000000000 0.000000000
0.999995649 0.002941640 0.000151327 -0.005911354 -0.002941847 0.999994695 0.001380513 -0.012899364 -0.000147265 -0.001380952 0.999999046 0.772509694
0.999984801 0.005474980 0.000624084 -0.012833370 -0.005476174 0.999983132 0.001924977 -0.029986015 -0.000613534 -0.001928365 0.999997973 1.539001465
0.999976993 0.006674852 0.001166100 -0.021114336 -0.006676978 0.999976039 0.001828619 -0.048439354 -0.001153867 -0.001836363 0.999997616 2.274857283
0.999962449 0.008601645 0.001049638 -0.024112487 -0.008603255 0.999961793 0.001539916 -0.061723221 -0.001036352 -0.001548889 0.999998271 3.002314568
0.999958277 0.008942804 0.001848156 -0.035129461 -0.008945137 0.999959171 0.001259123 -0.074959680 -0.001836820 -0.001275603 0.999997497 3.718868732
0.999957681 0.009042065 0.001657914 -0.025044795 -0.009045366 0.999957085 0.001995809 -0.085317291 -0.001639796 -0.002010721 0.999996662 4.421890259
0.999945104 0.010038200 0.002991227 -0.045733348 -0.010053329 0.999936581 0.005087101 -0.103174672 -0.002939971 -0.005116893 0.999982595 5.088873386
0.999941647 0.009859418 0.004412462 -0.042402510 -0.009898117 0.999911964 0.008836076 -0.107556909 -0.004324955 -0.008879233 0.999951243 5.757045746
0.999942482 0.009139368 0.005602465 -0.038848959 -0.009209231 0.999878466 0.012573821 -0.120019145 -0.005486867 -0.012624690 0.999905288 6.385544777
0.999941230 0.008384665 0.006862444 -0.041474119 -0.008484462 0.999856770 0.014644909 -0.126802742 -0.006738669 -0.014702273 0.999869168 6.991289139
0.999930620 0.009011076 0.007588773 -0.024195315 -0.009121143 0.999851882 0.014596237 -0.137446865 -0.007456121 -0.014664440 0.999864697 7.577136040
0.999916971 0.009652589 0.008540801 -0.020838857 -0.009755374 0.999879479 0.012075722 -0.146384493 -0.008423210 -0.012158038 0.999890625 8.130866051
0.999909937 0.009497107 0.009478776 -0.021166507 -0.009583074 0.999912977 0.009065637 -0.150694713 -0.009391854 -0.009155655 0.999914050 8.659905434
0.999907374 0.008110582 0.010932387 -0.008739875 -0.008194214 0.999937296 0.007627058 -0.157850757 -0.010869842 -0.007715932 0.999911249 9.158170700
0.999906838 0.004146273 0.013006111 -0.006741886 -0.004214109 0.999977648 0.005192682 -0.162091166 -0.012984290 -0.005247008 0.999902010 9.615015030
0.999888003 0.002132813 0.014810488 0.006806738 -0.002196981 0.999988258 0.004317616 -0.170278743 -0.014801105 -0.004349670 0.999880910 10.062377930
0.999841690 0.006520996 0.016557455 0.013415636 -0.006560204 0.999975801 0.002314752 -0.180661336 -0.016541962 -0.002423006 0.999860168 10.478601456
0.999744356 0.010925186 0.019795012 0.012496842 -0.010958868 0.999938607 0.001593907 -0.187823132 -0.019776385 -0.001810430 0.999802828 10.867562294
0.999674797 0.011199730 0.022909038 0.021488890 -0.011265867 0.999932706 0.002759941 -0.198572397 -0.022876585 -0.003017134 0.999733746 11.208148003
0.999638796 0.006750689 0.026015041 0.037759975 -0.006839694 0.999971032 0.003333812 -0.205963746 -0.025991783 -0.003510543 0.999655962 11.527522087
0.999580860 0.002840481 0.028813574 0.051286042 -0.002923274 0.999991715 0.002831718 -0.204904348 -0.028805295 -0.002914761 0.999580801 11.810598373
0.999515474 -0.000738429 0.031117247 0.066851035 0.000606610 0.999990821 0.004245425 -0.211638138 -0.031120095 -0.004224492 0.999506772 12.067481995
0.999440253 -0.001026241 0.033437945 0.077995986 0.000850814 0.999985814 0.005260159 -0.216326252 -0.033442866 -0.005228765 0.999426961 12.297749519
0.999357283 -0.000494520 0.035845000 0.081259891 0.000336759 0.999990225 0.004407122 -0.222623408 -0.035846829 -0.004392218 0.999347627 12.501882553
0.999299765 0.000180846 0.037413776 0.101244234 -0.000300131 0.999994874 0.003182684 -0.230361998 -0.037413012 -0.003191685 0.999294817 12.700958252
0.999177754 0.002702331 0.040454607 0.098215938 -0.002799737 0.999993324 0.002351339 -0.235687181 -0.040447988 -0.002462668 0.999178648 12.859531403
0.999093473 0.005701142 0.042186935 0.100902267 -0.005772893 0.999982178 0.001579177 -0.239771068 -0.042177174 -0.001821287 0.999108434 13.031329155
0.999032617 0.007018814 0.043412611 0.107904382 -0.007038841 0.999975204 0.000308474 -0.248442635 -0.043409366 -0.000613750 0.999057174 13.183463097
0.998942733 0.006031638 0.045574568 0.114445269 -0.005977042 0.999981284 -0.001334139 -0.256130755 -0.045581762 0.001060327 0.998960078 13.333509445
0.998888075 0.004615470 0.046917934 0.126420423 -0.004492752 0.999986172 -0.002720731 -0.259069741 -0.046929847 0.002506915 0.998895049 13.472241402
0.998828948 0.003718376 0.048237462 0.134254128 -0.003544797 0.999986887 -0.003683460 -0.261695236 -0.048250530 0.003508155 0.998829067 13.611038208
0.998750389 0.004804120 0.049745593 0.140177622 -0.004553840 0.999976397 -0.005143323 -0.263621122 -0.049769133 0.004910362 0.998748720 13.744618416
0.998683810 0.005198168 0.051024735 0.145594224 -0.004851874 0.999964356 -0.006908294 -0.270877779 -0.051058829 0.006651636 0.998673558 13.865818024
0.998641789 0.005456867 0.051814359 0.154601038 -0.004970738 0.999942422 -0.009506345 -0.270207912 -0.051863253 0.009235880 0.998611510 13.991147041
0.998601437 0.004842575 0.052647054 0.160594165 -0.004235850 0.999923289 -0.011629875 -0.275441378 -0.052699342 0.011390605 0.998545468 14.115252495
0.998625934 0.003890399 0.052259646 0.165502727 -0.003199832 0.999906480 -0.013291325 -0.281834066 -0.052306477 0.013105841 0.998545110 14.242502213
0.998734593 0.003441736 0.050173726 0.171822548 -0.002710272 0.999889135 -0.014639368 -0.285029501 -0.050218556 0.014484860 0.998633206 14.366735458
0.998887599 0.003583182 0.047018755 0.178062275 -0.002857069 0.999875784 -0.015501171 -0.288550556 -0.047068462 0.015349593 0.998773754 14.496188164
0.999059021 0.004024674 0.043186415 0.174191892 -0.003295522 0.999851048 -0.016941737 -0.287548959 -0.043248177 0.016783470 0.998923421 14.619201660
0.999283016 0.004135497 0.037632924 0.169525966 -0.003451975 0.999828219 -0.018209780 -0.289564043 -0.037701771 0.018066818 0.999125719 14.750126839
0.999525964 0.003885482 0.030541845 0.174806446 -0.003321563 0.999823570 -0.018492881 -0.296574712 -0.030608308 0.018382668 0.999362409 14.865034103
0.999720931 0.004309371 0.023228670 0.171133548 -0.003859578 0.999804854 -0.019373853 -0.297402412 -0.023307625 0.019278789 0.999542475 14.990127563
0.999883294 0.003513616 0.014872061 0.168937415 -0.003213681 0.999792039 -0.020143757 -0.300870329 -0.014939744 0.020093611 0.999686539 15.123684883
0.999982893 0.002702023 0.005190938 0.153827399 -0.002590196 0.999766946 -0.021430217 -0.303847343 -0.005247637 0.021416403 0.999756873 15.253107071
0.999966681 0.001246682 -0.008070168 0.149228692 -0.001432683 0.999732494 -0.023083271 -0.305491954 0.008039230 0.023094062 0.999700963 15.406652451
0.999710262 0.000355923 -0.024067651 0.126337036 -0.000958966 0.999685705 -0.025049234 -0.309223533 0.024051173 0.025065057 0.999396443 15.555859566
0.999061286 0.000839569 -0.043313101 0.099434182 -0.001972452 0.999656796 -0.026119562 -0.311164975 0.043276303 0.026180478 0.998720050 15.737115860
0.997889340 0.002241292 -0.064898632 0.060864545 -0.003921945 0.999659896 -0.025780769 -0.315248728 0.064818785 0.025980880 0.997558832 15.916529655
0.996055424 0.002451892 -0.088699512 0.024467845 -0.004622190 0.999694705 -0.024270864 -0.323540926 0.088612922 0.024585111 0.995762706 16.118892670
0.993337274 0.003202034 -0.115198493 -0.022999436 -0.005859403 0.999724269 -0.022736510 -0.331024557 0.115093961 0.023260020 0.993082225 16.323905945
0.989381194 0.004170341 -0.145284027 -0.088019945 -0.007206591 0.999766350 -0.020378692 -0.340731651 0.145165086 0.021209296 0.989180088 16.548406601
0.983951092 0.004238297 -0.178387776 -0.164796084 -0.007394597 0.999827504 -0.017032309 -0.345015079 0.178284839 0.018078065 0.983812869 16.800079346
0.976576507 0.005296169 -0.215105265 -0.249292478 -0.008287594 0.999881029 -0.013007258 -0.351530731 0.215010807 0.014485287 0.976504207 17.043567657
0.966943681 0.006954982 -0.254895180 -0.352419138 -0.009135893 0.999931037 -0.007373192 -0.362728298 0.254826337 0.009458155 0.966940522 17.299446106
0.955116570 0.010610658 -0.296039939 -0.482204229 -0.012005419 0.999923766 -0.002893951 -0.358170182 0.295986652 0.006318145 0.955171168 17.577835083
0.941002846 0.014156538 -0.338102311 -0.624808311 -0.014618539 0.999892473 0.001179905 -0.358595103 0.338082671 0.003832268 0.941108584 17.851865768
0.924333811 0.016604427 -0.381223410 -0.771748126 -0.015021647 0.999861836 0.007127366 -0.364197761 0.381289065 -0.000861461 0.924455464 18.119937897
0.904850185 0.019971821 -0.425261468 -0.930443227 -0.015086636 0.999775827 0.014852514 -0.369285464 0.425462872 -0.007023534 0.904948592 18.398900986
0.883118272 0.024363168 -0.468517512 -1.110696435 -0.016238738 0.999639630 0.021373086 -0.369651824 0.468869418 -0.011266829 0.883195579 18.663982391
0.858473003 0.029896064 -0.511986613 -1.327789783 -0.019209916 0.999473393 0.026151318 -0.373024642 0.512498796 -0.012614985 0.858595252 18.944694519
0.830398321 0.033032387 -0.556190133 -1.555970192 -0.020084193 0.999366879 0.029366925 -0.367904723 0.556807995 -0.013215614 0.830536008 19.221355438
0.799465299 0.036958966 -0.599574327 -1.799639821 -0.022490952 0.999247313 0.031606451 -0.369070351 0.600291133 -0.011783263 0.799694717 19.480506897
0.765278339 0.040206060 -0.642442584 -2.069250584 -0.023363709 0.999124706 0.034697458 -0.362368494 0.643275321 -0.011543373 0.765547872 19.756988525
0.728567123 0.044078242 -0.683554649 -2.395596981 -0.024592487 0.998967230 0.038205344 -0.343162507 0.684532762 -0.011024842 0.728898644 20.046354294
0.689934969 0.043683868 -0.722552061 -2.725510120 -0.021155635 0.998967826 0.040194720 -0.318671197 0.723562062 -0.012445697 0.690147161 20.304048538
0.648666978 0.043554898 -0.759825051 -3.074847698 -0.018644722 0.998970866 0.041346185 -0.304491073 0.760843992 -0.012653177 0.648811519 20.566078186
0.606527627 0.042494446 -0.793925941 -3.458208799 -0.013105266 0.998969316 0.043457374 -0.293407828 0.794954479 -0.015953485 0.606459260 20.809410095
0.561305404 0.042356055 -0.826524138 -3.862117529 -0.008300412 0.998927355 0.045554090 -0.276734650 0.827567041 -0.018709268 0.561054945 21.057411194
0.515707016 0.044102512 -0.855629086 -4.280923367 -0.006310252 0.998842657 0.047680974 -0.260027468 0.856741607 -0.019190185 0.515388668 21.253664017
0.465543628 0.043617476 -0.883949399 -4.736761570 -0.005090917 0.998900175 0.046608396 -0.236816004 0.885010242 -0.017198134 0.465253770 21.454435349
0.413595140 0.042710572 -0.909458518 -5.222222328 0.000282616 0.998892963 0.047039174 -0.217516080 0.910460830 -0.019712204 0.413125277 21.640125275
0.358806103 0.041457500 -0.932490945 -5.731743336 0.005366846 0.998905003 0.046475254 -0.191959366 0.933396697 -0.021680139 0.358190745 21.823843002
0.305596799 0.040434279 -0.951302052 -6.248738766 0.008507551 0.998942077 0.045192141 -0.171291590 0.952122986 -0.021903828 0.304929495 21.952041626
0.252310187 0.045631375 -0.966569901 -6.807223320 0.009091888 0.998731494 0.049523033 -0.135561064 0.967603743 -0.021283109 0.251575261 22.058048248
0.200640664 0.051295277 -0.978321135 -7.403075218 0.011629561 0.998433113 0.054734860 -0.112980783 0.979595900 -0.022359487 0.199729770 22.151891708
0.152768403 0.052534871 -0.986864686 -7.986226559 0.017269420 0.998291671 0.055816513 -0.088443987 0.988111079 -0.025569580 0.151600167 22.216747284
0.108264729 0.054014657 -0.992653668 -8.606189728 0.019827424 0.998206854 0.056479331 -0.066694185 0.993924379 -0.025796480 0.106999643 22.261940002
0.068382807 0.052249864 -0.996290028 -9.238948822 0.019513683 0.998366594 0.053698134 -0.038010627 0.997468293 -0.023113316 0.067251511 22.268419266
0.032486141 0.047808748 -0.998328030 -9.877845764 0.017218310 0.998680234 0.048385907 -0.005108618 0.999323845 -0.018761389 0.031620078 22.270904541
0.004307882 0.047652218 -0.998854697 -10.553728104 0.014764315 0.998751938 0.047711000 0.030955572 0.999881685 -0.014952938 0.003598952 22.245824814
-0.016684290 0.051946636 -0.998510480 -11.256068230 0.013817160 0.998566151 0.051718656 0.059947066 0.999765337 -0.012933690 -0.017378120 22.215997696
-0.029950960 0.058074959 -0.997862816 -11.982682228 0.015561348 0.998216748 0.057628490 0.090207435 0.999430239 -0.013802061 -0.030801276 22.196964264
-0.037800245 0.060501244 -0.997452080 -12.724671364 0.014861669 0.998089135 0.059976667 0.126036361 0.999174774 -0.012556671 -0.038627163 22.158142090
-0.041665133 0.057838775 -0.997456133 -13.493136406 0.016198892 0.998230934 0.057207044 0.159068137 0.999000311 -0.013774148 -0.042528342 22.119670868
-0.040689204 0.053912938 -0.997716308 -14.270032883 0.023474732 0.998319209 0.052988160 0.196149707 0.998896062 -0.021265078 -0.041886408 22.091110229
-0.036589816 0.052372225 -0.997957110 -15.082079887 0.035582509 0.998060822 0.051073048 0.240789086 0.998696625 -0.033641063 -0.038382400 22.081073761
-0.030991813 0.052402083 -0.998145103 -15.907802582 0.035866316 0.998039901 0.051282935 0.280683935 0.998875916 -0.034210432 -0.032810535 22.058046341
-0.025779927 0.051386584 -0.998346031 -16.764881134 0.034111518 0.998141706 0.050495211 0.305174619 0.999085426 -0.032753337 -0.027484894 22.029018402
-0.023058020 0.044755805 -0.998731792 -17.624351501 0.037821230 0.998321354 0.043864220 0.344456285 0.999018431 -0.036761843 -0.024712032 22.023485184
-0.020614928 0.033880673 -0.999213219 -18.519916534 0.035291877 0.998827457 0.033139482 0.382113010 0.999164402 -0.034580950 -0.021786470 21.998504639
-0.020262713 0.025779953 -0.999462306 -19.419408798 0.027595732 0.999301016 0.025216330 0.405593425 0.999413788 -0.027069939 -0.020959964 21.963142395
-0.021542719 0.022804210 -0.999507844 -20.337879181 0.022112975 0.999506116 0.022327565 0.429969311 0.999523401 -0.021621097 -0.022036349 21.929286957
-0.024777021 0.029156588 -0.999267757 -21.291547775 0.012861858 0.999501109 0.028844485 0.444533318 0.999610245 -0.012137758 -0.025139673 21.890943527
-0.029852236 0.037325926 -0.998857200 -22.257802963 0.008358175 0.999276936 0.037091818 0.469478369 0.999519408 -0.007241350 -0.030142628 21.845800400
-0.034082744 0.046757091 -0.998324692 -23.225513458 0.006765535 0.998892963 0.046552725 0.502972305 0.999396086 -0.005167556 -0.034361348 21.795654297
-0.036039073 0.056795321 -0.997735143 -24.266031265 0.005483054 0.998379946 0.056633968 0.544258475 0.999335289 -0.003429600 -0.036292106 21.763219833
-0.037199546 0.064795904 -0.997204959 -25.286087036 0.007513893 0.997885525 0.064559840 0.588468313 0.999279559 -0.005091296 -0.037607763 21.725954056
-0.038558200 0.065277755 -0.997121871 -26.313749313 0.008360515 0.997850120 0.065002136 0.644711435 0.999221385 -0.005830088 -0.039021060 21.682411194
-0.040160906 0.062566824 -0.997232437 -27.321798325 0.007011856 0.998030603 0.062334526 0.693142116 0.999168634 -0.004489039 -0.040520519 21.633295059
-0.042816512 0.057738062 -0.997413218 -28.337898254 0.006555932 0.998323500 0.057509322 0.739425004 0.999061465 -0.004076625 -0.043123253 21.582012177
-0.047341179 0.052390900 -0.997503936 -29.367301941 0.006635429 0.998617947 0.052134506 0.785447478 0.998856783 -0.004150756 -0.047623392 21.524864197
-0.052912802 0.047930796 -0.997448206 -30.393568039 0.006975282 0.998840749 0.047627687 0.823662817 0.998574734 -0.004437368 -0.053185798 21.465204239
-0.059584308 0.045925967 -0.997166276 -31.415992737 0.006068586 0.998939276 0.045645013 0.864201546 0.998204827 -0.003331663 -0.059799813 21.388317108
-0.066520788 0.048286442 -0.996616006 -32.469760895 0.006087555 0.998829365 0.047987361 0.906371713 0.997766495 -0.002874797 -0.066736870 21.317873001
-0.072740614 0.053142842 -0.995934129 -33.536521912 0.004462042 0.998586774 0.052958492 0.946541488 0.997340977 -0.000591666 -0.072874941 21.230411530
-0.079047069 0.056030549 -0.995295048 -34.600418091 0.001166179 0.998423755 0.056114059 0.987719178 0.996870279 0.003274960 -0.078987814 21.137763977
-0.083737396 0.058345225 -0.994778275 -35.668643951 -0.001252991 0.998277485 0.058655929 1.034787416 0.996487021 0.006158143 -0.083520047 21.040641785
-0.086357504 0.059514992 -0.994484961 -36.740688324 -0.005974154 0.998165309 0.060254004 1.085083485 0.996246338 0.011144591 -0.085843496 20.935880661
-0.088213690 0.060830966 -0.994242370 -37.813640594 -0.009887802 0.998030841 0.061940040 1.135212898 0.996052504 0.015294832 -0.087438494 20.833406448
-0.089446530 0.060374085 -0.994160116 -38.899940491 -0.010863109 0.998042583 0.061587241 1.186861873 0.995932400 0.016308434 -0.088615596 20.720720291
-0.090744257 0.059605669 -0.994088829 -39.980857849 -0.011479792 0.998078287 0.060892794 1.238117814 0.995808125 0.016937608 -0.089885600 20.610555649
-0.091720887 0.058683701 -0.994054019 -41.059047699 -0.012566333 0.998114288 0.060082879 1.291783571 0.995705485 0.018002469 -0.090810478 20.507646561
-0.092478238 0.057898592 -0.994029939 -42.146789551 -0.014971800 0.998114228 0.059529372 1.341365457 0.995602190 0.020387588 -0.091437005 20.393310547
-0.093140483 0.055302467 -0.994115949 -43.218078613 -0.019646067 0.998159826 0.057368100 1.388070583 0.995459199 0.024873761 -0.091882601 20.280813217
-0.093834840 0.050484046 -0.994307101 -44.313827515 -0.024277726 0.998300493 0.052977957 1.430861235 0.995291710 0.029110691 -0.092449732 20.175922394
-0.092889398 0.049980648 -0.994421244 -45.416584015 -0.026048096 0.998275459 0.052607536 1.479209781 0.995335639 0.030789459 -0.091427311 20.061571121
-0.091499880 0.054107111 -0.994333982 -46.532989502 -0.026498474 0.998036861 0.056747030 1.522467017 0.995452464 0.031540681 -0.089886501 19.961431503
-0.089484259 0.057240926 -0.994342029 -47.638679504 -0.026676336 0.997851193 0.059843644 1.568992972 0.995630980 0.031880464 -0.087765001 19.852373123
-0.087729387 0.056693017 -0.994529724 -48.745983124 -0.024860952 0.997943640 0.059080657 1.625451803 0.995834053 0.029908070 -0.086139530 19.745882034
-0.085780799 0.055857629 -0.994746983 -49.876483917 -0.025025165 0.997991264 0.058197834 1.679041624 0.995999694 0.029885964 -0.084210649 19.658128738
-0.081406057 0.056478657 -0.995079458 -50.991058350 -0.029419241 0.997821927 0.059041061 1.729699254 0.996246755 0.034080788 -0.079567187 19.551134109
-0.075679719 0.057260837 -0.995486677 -52.122074127 -0.034391623 0.997605920 0.059997290 1.782040715 0.996538877 0.038776971 -0.073529251 19.449254990
-0.069987379 0.056733347 -0.995933235 -53.243991852 -0.037998408 0.997505248 0.059493162 1.835217595 0.996823847 0.042007651 -0.067657001 19.362360001
-0.063663267 0.055510573 -0.996426344 -54.382316589 -0.039747354 0.997518480 0.058110941 1.896624207 0.997179568 0.043304842 -0.061298892 19.270690918
-0.058146540 0.054917920 -0.996796370 -55.516086578 -0.039224114 0.997589052 0.057249669 1.945261240 0.997537196 0.042427324 -0.055852238 19.203027725
-0.054152478 0.054662373 -0.997035384 -56.656467438 -0.037362993 0.997690260 0.056727588 1.993436575 0.997833371 0.040324166 -0.051985051 19.150365829
-0.046886992 0.054880090 -0.997391403 -57.806034088 -0.036780596 0.997717679 0.056627080 2.052776814 0.998222768 0.039339725 -0.044761457 19.075136185
-0.040881027 0.056382988 -0.997571886 -58.950897217 -0.035842456 0.997681201 0.057858016 2.107592344 0.998520970 0.038120713 -0.038765326 19.014804840
-0.035056569 0.057618406 -0.997722924 -60.101242065 -0.036532704 0.997595429 0.058894679 2.157376289 0.998717368 0.038514163 -0.032867320 18.964347839
-0.030851251 0.057219855 -0.997884929 -61.242431641 -0.035954438 0.997650385 0.058318011 2.197435617 0.998877108 0.037677579 -0.028721459 18.948633194
-0.026049022 0.052764270 -0.998267233 -62.384609222 -0.036421221 0.997892976 0.053694878 2.244738579 0.998996973 0.037756804 -0.024072394 18.912672043
-0.021525696 0.047086887 -0.998658895 -63.554412842 -0.036519922 0.998186588 0.047851797 2.293623924 0.999101043 0.037500992 -0.019767053 18.887037277
-0.017705025 0.046841249 -0.998745441 -64.722946167 -0.035752818 0.998233497 0.047451038 2.331799507 0.999203742 0.036548086 -0.015999043 18.859775543
-0.013899353 0.049146686 -0.998694897 -65.891273499 -0.035361808 0.998142362 0.049611643 2.374025583 0.999277890 0.036005229 -0.012135617 18.832689285
-0.012236572 0.049043894 -0.998721659 -67.058784485 -0.035374098 0.998149991 0.049449228 2.409484148 0.999299228 0.035933975 -0.010479050 18.816305161
-0.010910077 0.048538297 -0.998761714 -68.232650757 -0.037257042 0.998107791 0.048913501 2.458084822 0.999246120 0.037744556 -0.009081041 18.792217255
-0.010274206 0.049678709 -0.998712420 -69.396423340 -0.038396642 0.998008907 0.050038721 2.495387316 0.999209762 0.038861312 -0.008346253 18.782407761
-0.009418730 0.049269494 -0.998741090 -70.579467773 -0.039177783 0.998000324 0.049602423 2.536816597 0.999187827 0.039595656 -0.007469626 18.766675949
-0.009003509 0.047382362 -0.998836279 -71.755195618 -0.039510768 0.998079777 0.047702629 2.577553988 0.999178588 0.039894272 -0.007114107 18.757661819
-0.008621317 0.045776676 -0.998914480 -72.931823730 -0.037547883 0.998232245 0.046069484 2.620239496 0.999257684 0.037904307 -0.006887259 18.748918533
-0.007505286 0.045676399 -0.998928010 -74.125663757 -0.034401897 0.998353124 0.045908578 2.653724432 0.999379873 0.034709580 -0.005921571 18.733238220
-0.006946198 0.046233047 -0.998906553 -75.311790466 -0.032423124 0.998395026 0.046434827 2.695600510 0.999450088 0.032710221 -0.005436030 18.719520569
-0.007392571 0.049351037 -0.998754144 -76.510520935 -0.031748451 0.998266339 0.049561929 2.726537466 0.999468505 0.032075290 -0.005812935 18.717048645
-0.006636395 0.053086147 -0.998567879 -77.693969727 -0.034210954 0.997993231 0.053282961 2.766468763 0.999392569 0.034515560 -0.004806949 18.695297241
-0.006103757 0.053062461 -0.998572528 -78.871360779 -0.036662187 0.997907937 0.053251237 2.807338238 0.999309063 0.036934886 -0.004145602 18.678752899
-0.005937067 0.050817080 -0.998690307 -80.069549561 -0.037757892 0.997984350 0.051005621 2.849351168 0.999269307 0.038011272 -0.004006354 18.669836044
-0.005390848 0.048315570 -0.998817623 -81.250541687 -0.037531644 0.998118579 0.048484322 2.893228292 0.999280989 0.037748635 -0.003567343 18.657081604
-0.005179953 0.047904816 -0.998838603 -82.435516357 -0.035270777 0.998221636 0.048058145 2.929049730 0.999364376 0.035478748 -0.003481101 18.641834259
-0.005667232 0.049145624 -0.998775661 -83.611381531 -0.033944026 0.998206556 0.049310230 2.969901562 0.999407649 0.034181919 -0.003988868 18.640544891
-0.004217761 0.051739652 -0.998651683 -84.795883179 -0.033031788 0.998108447 0.051851016 3.009968519 0.999445438 0.033205945 -0.002500729 18.618152618
-0.004296167 0.054337844 -0.998513281 -85.947181702 -0.033926003 0.997939825 0.054452598 3.048619509 0.999415100 0.034109503 -0.002443851 18.615991592
-0.004019666 0.054734431 -0.998492777 -87.112609863 -0.035173457 0.997875273 0.054842182 3.090174198 0.999373078 0.035340894 -0.002085927 18.603609085
-0.003747852 0.052139379 -0.998632729 -88.282806396 -0.034912888 0.998024166 0.052238628 3.136264324 0.999383330 0.035060935 -0.001920110 18.591835022
-0.003592927 0.051009838 -0.998691678 -89.445610046 -0.033745296 0.998123169 0.051102202 3.173940182 0.999423981 0.033884745 -0.001864841 18.587985992
-0.003762904 0.052299172 -0.998624384 -90.609161377 -0.032110035 0.998110175 0.052393235 3.211942673 0.999477267 0.032263003 -0.002076465 18.582094193
-0.002651991 0.054613940 -0.998503983 -91.784919739 -0.029946120 0.998055398 0.054668933 3.264388323 0.999547899 0.030046303 -0.001011359 18.563365936
-0.003363625 0.057376400 -0.998346925 -92.926933289 -0.028268691 0.997948289 0.057448722 3.300199509 0.999594688 0.028415201 -0.001734768 18.573457718
-0.003096916 0.059148155 -0.998244405 -94.094627380 -0.028980337 0.997824550 0.059213191 3.347158432 0.999575198 0.029112836 -0.001376046 18.564037323
-0.002488513 0.060858373 -0.998143196 -95.258323669 -0.031840485 0.997635484 0.060906786 3.400250196 0.999489784 0.031932935 -0.000544868 18.547439575
-0.001866803 0.060621999 -0.998159051 -96.412666321 -0.033828009 0.997585595 0.060650449 3.439321756 0.999425948 0.033878956 0.000188425 18.536344528
-0.001862751 0.055944506 -0.998432159 -97.564620972 -0.036117572 0.997778714 0.055975273 3.495365143 0.999345839 0.036165211 0.000161966 18.523288727
-0.001226965 0.054269660 -0.998525560 -98.723022461 -0.037595645 0.997817814 0.054277394 3.543356895 0.999292314 0.037606798 0.000816015 18.508438110
-0.001279277 0.052905262 -0.998598695 -99.881271362 -0.037320368 0.997901261 0.052916128 3.578221560 0.999302506 0.037335761 0.000697852 18.508804321
-0.001024514 0.053359225 -0.998574853 -101.051322937 -0.036077067 0.997923315 0.053361427 3.623183012 0.999348462 0.036080323 0.000902659 18.508071899
-0.001098839 0.055444580 -0.998461187 -102.189552307 -0.036179923 0.997805834 0.055448007 3.664880753 0.999344707 0.036185183 0.000909553 18.498859406
-0.001145628 0.057548344 -0.998342097 -103.359748840 -0.034805592 0.997735500 0.057553321 3.711613655 0.999393523 0.034813821 0.000859970 18.497451782
-0.001624913 0.056347292 -0.998409927 -104.517684937 -0.038477011 0.997668386 0.056368068 3.763639927 0.999258161 0.038507432 0.000546952 18.485462189
-0.001796445 0.057560802 -0.998340368 -105.686233521 -0.041985258 0.997457385 0.057585437 3.815049887 0.999116600 0.042019032 0.000624828 18.473737717
-0.001687113 0.056859076 -0.998380780 -106.859405518 -0.045662802 0.997336507 0.056876756 3.864087343 0.998955488 0.045684833 0.000913726 18.449684143
-0.002482292 0.052928172 -0.998595238 -108.039047241 -0.046987116 0.997489154 0.052986342 3.910930157 0.998892367 0.047052644 0.000010883 18.452716827
-0.002689561 0.049111266 -0.998789668 -109.209182739 -0.046610940 0.997701466 0.049183279 3.957423210 0.998909473 0.046686806 -0.000394257 18.437604904
-0.003995799 0.048291724 -0.998825192 -110.404556274 -0.043097492 0.997897029 0.048419245 3.997829676 0.999062836 0.043240331 -0.001906143 18.433887482
-0.004331395 0.047398023 -0.998866618 -111.615097046 -0.038766954 0.998117208 0.047530565 4.044869423 0.999238908 0.038928892 -0.002485763 18.431526184
-0.004663678 0.049399182 -0.998768210 -112.836547852 -0.037850551 0.998054564 0.049540631 4.088279247 0.999272466 0.038034979 -0.002784820 18.418067932
-0.005808725 0.053043872 -0.998575270 -114.043495178 -0.036806479 0.997904122 0.053222317 4.135412216 0.999305546 0.037063196 -0.003844193 18.409723282
-0.006199794 0.053830903 -0.998530805 -115.287353516 -0.035314169 0.997915387 0.054016989 4.177312374 0.999356985 0.035597175 -0.004285877 18.395454407
-0.006551559 0.049396418 -0.998757780 -116.510032654 -0.035019774 0.998155236 0.049596343 4.216675758 0.999365151 0.035301205 -0.004809621 18.387311935
-0.008113673 0.045710292 -0.998921812 -117.748474121 -0.035275016 0.998319924 0.045969263 4.261182308 0.999344707 0.035609961 -0.006487609 18.378765106
-0.008132301 0.044522811 -0.998975277 -118.996055603 -0.034596514 0.998397768 0.044778705 4.300797939 0.999368310 0.034925215 -0.006578937 18.352098465
-0.008551346 0.045467608 -0.998929143 -120.222999573 -0.036349013 0.998291314 0.045749746 4.347587109 0.999302566 0.036701310 -0.006884031 18.336524963
-0.008835003 0.050412130 -0.998689413 -121.497993469 -0.040827908 0.997877359 0.050732333 4.391136169 0.999127090 0.041222621 -0.006758027 18.311992645
-0.008804977 0.053510036 -0.998528481 -122.769241333 -0.046695091 0.997455835 0.053864304 4.438585281 0.998870313 0.047100659 -0.006283919 18.274465561
-0.009420635 0.053360708 -0.998530805 -124.018058777 -0.053952560 0.997093499 0.053792913 4.488177299 0.998499036 0.054380052 -0.006514307 18.256013870
-0.009046346 0.050945170 -0.998660386 -125.286521912 -0.056712609 0.997067750 0.051377643 4.540170670 0.998349488 0.057101417 -0.006130586 18.226737976
-0.009653866 0.049954001 -0.998704851 -126.544204712 -0.059695512 0.996941268 0.050442830 4.586779594 0.998169899 0.060105164 -0.006642309 18.211488724
-0.009962916 0.049637705 -0.998717606 -127.815895081 -0.059420403 0.996972740 0.050143737 4.621193886 0.998183250 0.059843779 -0.006983265 18.185874939
-0.010799511 0.048873890 -0.998746574 -129.075912476 -0.057247560 0.997136295 0.049414113 4.661812782 0.998301566 0.057709452 -0.007970674 18.174793243
-0.010796645 0.049218308 -0.998729646 -130.340866089 -0.057330731 0.997114480 0.049758472 4.711162090 0.998296857 0.057795130 -0.007943769 18.151233673
-0.011560733 0.054279055 -0.998458862 -131.615676880 -0.057198543 0.996854782 0.054854129 4.757771492 0.998295844 0.057744544 -0.008419688 18.128566742
-0.012071337 0.058500178 -0.998214364 -132.877304077 -0.055929620 0.996684730 0.059086896 4.805626392 0.998361707 0.056543011 -0.008759426 18.112630844
-0.012221957 0.057655521 -0.998261690 -134.129684448 -0.056658898 0.996692240 0.058258574 4.853926659 0.998318791 0.057272434 -0.008914832 18.091682434
-0.011120195 0.055851229 -0.998377144 -135.391250610 -0.056342982 0.996817648 0.056391552 4.909047127 0.998349547 0.056878638 -0.007937981 18.070186615
-0.010172019 0.055299494 -0.998417974 -136.638656616 -0.055557340 0.996896088 0.055781227 4.959517956 0.998403728 0.056036860 -0.007068153 18.051677704
-0.009570959 0.054407205 -0.998472929 -137.887725830 -0.055399947 0.996956170 0.054855596 5.005147457 0.998418391 0.055840369 -0.006527670 18.040733337
-0.008558537 0.056850445 -0.998345971 -139.142074585 -0.055596545 0.996811211 0.057239663 5.048616886 0.998416662 0.055994470 -0.005370557 18.026893616
-0.007655242 0.060491994 -0.998139262 -140.389785767 -0.056581035 0.996543229 0.060829211 5.100349903 0.998368680 0.056941420 -0.004206080 18.008197784
-0.006478822 0.061144494 -0.998107851 -141.642303467 -0.058265198 0.996410131 0.061418679 5.160810471 0.998280168 0.058552876 -0.002892967 17.990608215
-0.005230586 0.058854081 -0.998252869 -142.920104980 -0.060337067 0.996429145 0.059062708 5.208084106 0.998164356 0.060540579 -0.001660826 17.974950790
-0.005278229 0.055807900 -0.998427570 -144.164947510 -0.058955882 0.996687353 0.056022305 5.261460781 0.998246610 0.059158869 -0.001970540 17.965320587
-0.005182868 0.054316517 -0.998510301 -145.403823853 -0.056147650 0.996932626 0.054522142 5.304054260 0.998409033 0.056346584 -0.002117226 17.961671829
-0.005662062 0.053732071 -0.998539269 -146.636276245 -0.054559123 0.997051418 0.053961370 5.349537373 0.998494506 0.054784965 -0.002713792 17.953905106
-0.005747355 0.054280590 -0.998509109 -147.880828857 -0.052494783 0.997132421 0.054507915 5.393123627 0.998604596 0.052729800 -0.002881427 17.949470520
-0.005851464 0.052983966 -0.998578191 -149.104995728 -0.050592963 0.997300684 0.053212650 5.439002514 0.998702168 0.050832402 -0.003155054 17.938190460
-0.005704082 0.052919503 -0.998582482 -150.362792969 -0.049189284 0.997375011 0.053136490 5.487480640 0.998773158 0.049422652 -0.003086037 17.928390503
-0.006168671 0.055302195 -0.998450577 -151.602615356 -0.046978816 0.997351050 0.055531546 5.539130211 0.998876810 0.047248580 -0.003554300 17.923856735
-0.006081059 0.056779109 -0.998368263 -152.833129883 -0.044416975 0.997385979 0.056993790 5.586217880 0.998994589 0.044691082 -0.003543206 17.912107468
-0.005721917 0.055417385 -0.998446941 -154.061004639 -0.042483885 0.997548282 0.055610977 5.633846760 0.999080837 0.042736109 -0.003353543 17.896572113
-0.007080437 0.055720109 -0.998421252 -155.284896851 -0.043323010 0.997491777 0.055975471 5.683163643 0.999036014 0.043650948 -0.004648715 17.891838074
-0.006819781 0.060168006 -0.998165011 -156.515106201 -0.043864567 0.997209311 0.060410101 5.737994671 0.999014199 0.044196062 -0.004161507 17.877529144
-0.006412222 0.066742666 -0.997749567 -157.741622925 -0.048552755 0.996572554 0.066975974 5.791937828 0.998800039 0.048872963 -0.003149704 17.865747452
-0.005299350 0.067131333 -0.997730076 -158.993087769 -0.053460289 0.996298373 0.067318939 5.846190453 0.998555899 0.053695694 -0.001690873 17.843526840
-0.003854460 0.062918417 -0.998011231 -160.221618652 -0.057355266 0.996361911 0.063035943 5.910984993 0.998346388 0.057484172 -0.000231734 17.821676254
-0.001859496 0.057973161 -0.998316407 -161.436401367 -0.059338450 0.996552646 0.057981260 5.955274582 0.998236179 0.059346363 0.001586952 17.804626465
-0.001222415 0.056410216 -0.998406947 -162.658782959 -0.061972536 0.996484339 0.056377459 6.007923603 0.998077095 0.061942726 0.002277767 17.794406891
0.000084684 0.053259049 -0.998580694 -163.841781616 -0.057101127 0.996951699 0.053167328 6.045016766 0.998368382 0.057015575 0.003125578 17.802482605
0.000372639 0.048693076 -0.998813689 -165.051834106 -0.053847454 0.997365773 0.048602391 6.091793537 0.998549104 0.053765461 0.002993655 17.799520493
-0.000057527 0.045157742 -0.998979867 -166.279022217 -0.047422029 0.997855842 0.045109656 6.131799221 0.998874962 0.047376253 0.002084069 17.802076340
-0.001488175 0.048175812 -0.998837769 -167.509307861 -0.045412403 0.997805119 0.048193663 6.173585892 0.998967230 0.045431338 0.000702870 17.803133011
-0.000643950 0.054672040 -0.998504221 -168.738006592 -0.046085607 0.997441888 0.054643597 6.216437817 0.998937309 0.046051860 0.001877291 17.795728683
0.000892679 0.058113974 -0.998309493 -169.947723389 -0.047148395 0.997202098 0.058007360 6.257176399 0.998887420 0.047016911 0.003630163 17.794992447
0.002419615 0.054515086 -0.998510003 -171.161666870 -0.047998387 0.997368276 0.054336458 6.309799671 0.998844445 0.047795400 0.005029884 17.792589188
0.003149783 0.055007774 -0.998481095 -172.400024414 -0.050273623 0.997232020 0.054780386 6.356372356 0.998730540 0.050024718 0.005906506 17.791606903
0.004058609 0.055568140 -0.998446703 -173.623138428 -0.049088199 0.997262299 0.055302687 6.408841610 0.998786211 0.048787493 0.006775239 17.791454315
0.004583315 0.053833663 -0.998539388 -174.836608887 -0.048760686 0.997374058 0.053547032 6.452359676 0.998799980 0.048444036 0.007196247 17.799198151
0.006214613 0.052449934 -0.998604238 -176.020660400 -0.048827711 0.997448266 0.052085347 6.493213654 0.998787940 0.048435867 0.008759765 17.801609039
0.007934322 0.054260213 -0.998495221 -177.180511475 -0.050258093 0.997286439 0.053795151 6.534250259 0.998704731 0.049755640 0.010639804 17.801612854
0.009285358 0.056099076 -0.998381972 -178.317459106 -0.050194114 0.997192621 0.055565409 6.568462372 0.998696327 0.049596958 0.012075133 17.805307388
0.009965722 0.057879191 -0.998273790 -179.406799316 -0.051365957 0.997034967 0.057294589 6.598394394 0.998630166 0.050706305 0.012909193 17.806962967
0.009956763 0.058856003 -0.998216748 -180.482757568 -0.051628593 0.996964991 0.058267228 6.635928154 0.998616695 0.050956372 0.012965199 17.813964844
0.009736604 0.060103096 -0.998144686 -181.538986206 -0.050668944 0.996939242 0.059536263 6.667186737 0.998668015 0.049995251 0.012752164 17.824691772
0.010313215 0.059086487 -0.998199582 -182.568939209 -0.051125690 0.996978164 0.058485970 6.706736565 0.998638928 0.050430458 0.013302888 17.826858521
0.011597305 0.059367400 -0.998168826 -183.545623779 -0.051731572 0.996934772 0.058692954 6.731410503 0.998593688 0.050956156 0.014632927 17.841098785
0.013107423 0.060275689 -0.998095632 -184.504364014 -0.052672226 0.996837199 0.059507959 6.766399384 0.998525798 0.051791929 0.016240822 17.850704193
0.012419721 0.058497582 -0.998210311 -185.449813843 -0.051086135 0.997020721 0.057792246 6.798102856 0.998616993 0.050276935 0.015371134 17.855998993
0.009308551 0.055461641 -0.998417497 -186.392410278 -0.048751883 0.997298479 0.054944955 6.829174042 0.998767495 0.048163272 0.011987264 17.865489960
0.004292894 0.051992513 -0.998638272 -187.311462402 -0.048502080 0.997482896 0.051723868 6.855578423 0.998813868 0.048213985 0.006803833 17.864809036
-0.000945678 0.048871174 -0.998804748 -188.239913940 -0.050284676 0.997539222 0.048856866 6.890072823 0.998734593 0.050270770 0.001514121 17.857645035
-0.004593881 0.048329577 -0.998820961 -189.184524536 -0.052142069 0.997461081 0.048503596 6.919527054 0.998629093 0.052303407 -0.002062213 17.849077225
-0.007436916 0.049180120 -0.998762190 -190.100875854 -0.053744014 0.997326553 0.049509615 6.941654682 0.998527050 0.054045696 -0.004773897 17.831134796
-0.009523388 0.050956756 -0.998655498 -191.027572632 -0.052401032 0.997303009 0.051387459 6.974651814 0.998580694 0.052819960 -0.006827517 17.819282532
-0.010938328 0.052187402 -0.998577356 -191.960159302 -0.050104372 0.997354031 0.052672308 7.009039879 0.998684108 0.050609246 -0.008294569 17.809555054
-0.012666564 0.052891593 -0.998519957 -192.866378784 -0.047685415 0.997431993 0.053438865 7.030719280 0.998782098 0.048291728 -0.010111878 17.799982071
-0.013007534 0.051778007 -0.998573840 -193.770217896 -0.048793364 0.997435927 0.052354582 7.061725616 0.998724163 0.049404792 -0.010447755 17.777393341
-0.013801882 0.050456833 -0.998630822 -194.683959961 -0.050524496 0.997415066 0.051093690 7.095988274 0.998627484 0.051160507 -0.011216897 17.758039474
-0.014081813 0.049676917 -0.998665988 -195.585098267 -0.053999670 0.997269809 0.050368894 7.128512859 0.998441577 0.054636922 -0.011360829 17.741996765
-0.012782945 0.048255023 -0.998753250 -196.477172852 -0.056756735 0.997189522 0.048905890 7.151970863 0.998306155 0.057311136 -0.010008220 17.715105057
-0.011733216 0.046090458 -0.998868287 -197.403030396 -0.056453209 0.997313321 0.046681836 7.176986694 0.998336315 0.056937046 -0.009099740 17.698740005
-0.011477160 0.043581344 -0.998983920 -198.311218262 -0.056379024 0.997432232 0.044161387 7.204553127 0.998343468 0.056828588 -0.008990617 17.687566757
-0.010137566 0.042987324 -0.999024153 -199.231414795 -0.056441907 0.997458160 0.043492682 7.237426758 0.998354375 0.056827743 -0.007685512 17.663663864
-0.009905384 0.045904655 -0.998896658 -200.159393311 -0.054044709 0.997461021 0.046374604 7.260238647 0.998489380 0.054444443 -0.007399331 17.656854630
-0.010293609 0.047016472 -0.998841047 -201.112930298 -0.053356495 0.997445107 0.047500629 7.295400143 0.998522460 0.053783610 -0.007758678 17.655315399
-0.009373414 0.043279123 -0.999019027 -202.052871704 -0.048444115 0.997870207 0.043683883 7.324623108 0.998781919 0.048806053 -0.007256833 17.646535873
-0.008937810 0.040388614 -0.999144018 -202.994964600 -0.046933040 0.998065889 0.040764861 7.350246906 0.998858035 0.047257215 -0.007024964 17.634389877
-0.009073146 0.040621337 -0.999133348 -203.943328857 -0.051623043 0.997823179 0.041036855 7.384393692 0.998625398 0.051950637 -0.006956398 17.623826981
-0.007253596 0.044493157 -0.998983324 -204.907730103 -0.052873868 0.997595072 0.044815239 7.414251328 0.998574853 0.053145189 -0.004883626 17.605873108
-0.005062565 0.043909632 -0.999022663 -205.874191284 -0.050495740 0.997749686 0.044109572 7.446285248 0.998711467 0.050669700 -0.002833924 17.597036362
-0.002218571 0.045286018 -0.998971641 -206.848403931 -0.049045827 0.997766852 0.045340333 7.481873512 0.998794019 0.049095981 0.000007473 17.583177567
-0.001284535 0.049736638 -0.998761535 -207.851058960 -0.050930578 0.997462928 0.049737468 7.521974564 0.998701334 0.050931390 0.001251839 17.587442398
-0.000310105 0.053751443 -0.998554289 -208.846405029 -0.047986653 0.997403264 0.053704381 7.558956623 0.998847961 0.047933936 0.002270052 17.597417831
0.001649734 0.054064926 -0.998535991 -209.853424072 -0.047844023 0.997398257 0.053924259 7.603827477 0.998853445 0.047685023 0.004232125 17.589630127
0.004222484 0.055179734 -0.998467505 -210.874465942 -0.051294003 0.997173965 0.054891333 7.642105579 0.998674691 0.050983615 0.007040940 17.581594467
0.006813269 0.057146493 -0.998342514 -211.892425537 -0.053932920 0.996933579 0.056697778 7.684656143 0.998521328 0.053457230 0.009874454 17.581428528
0.009262853 0.057331648 -0.998312175 -212.904281616 -0.055406831 0.996850789 0.056733619 7.728921413 0.998420954 0.054787796 0.012410246 17.601821899
0.013322413 0.054786928 -0.998409212 -213.937469482 -0.058737580 0.996816456 0.053915754 7.773376465 0.998184562 0.057925850 0.016498052 17.593370438
