1.000000000 0.000000000 0.000000000 0.000000000 0.000000000 1.000000000 0.000000000 0.000000000 0.000000000 0.000000000 1.000000000 0.000000000
0.999995530 0.002983420 0.000135917 -0.005675901 -0.002983601 0.999994636 0.001352095 -0.012439409 -0.000131883 -0.001352494 0.999999106 0.772712886
0.999985158 0.005416440 0.000558559 -0.011719692 -0.005417500 0.999983490 0.001912570 -0.029790547 -0.000548191 -0.001915568 0.999998033 1.540047884
0.999977052 0.006699392 0.001102642 -0.020049410 -0.006701366 0.999975920 0.001796929 -0.048001431 -0.001090578 -0.001804277 0.999997795 2.275873661
0.999961972 0.008661651 0.000993433 -0.023163486 -0.008663144 0.999961317 0.001507792 -0.061176557 -0.000980335 -0.001516341 0.999998450 3.003551960
0.999958873 0.008897694 0.001753485 -0.033042662 -0.008899817 0.999959648 0.001206882 -0.074488588 -0.001742676 -0.001222438 0.999997735 3.719981194
0.999957204 0.009076271 0.001799930 -0.028338807 -0.009079956 0.999956667 0.002049934 -0.086920880 -0.001781246 -0.002066189 0.999996305 4.415146351
0.999945879 0.009990447 0.002890260 -0.044830367 -0.010005082 0.999936998 0.005094421 -0.103312738 -0.002839183 -0.005123062 0.999982834 5.088357449
0.999943316 0.009732400 0.004299641 -0.040374357 -0.009769831 0.999913812 0.008771902 -0.106456600 -0.004213898 -0.008813412 0.999952257 5.757311344
0.999944091 0.009027202 0.005504291 -0.037175018 -0.009094418 0.999882758 0.012311597 -0.117247663 -0.005392507 -0.012360966 0.999908984 6.386711597
0.999942899 0.008290914 0.006738230 -0.040045388 -0.008388551 0.999858260 0.014593554 -0.126536787 -0.006616281 -0.014649246 0.999870718 6.989927292
0.999932826 0.008799572 0.007542414 -0.025506280 -0.008908523 0.999854684 0.014535476 -0.137380823 -0.007413412 -0.014601691 0.999865830 7.572782040
0.999918997 0.009492109 0.008472505 -0.022357643 -0.009593189 0.999882281 0.011970579 -0.146104902 -0.008357883 -0.012050889 0.999892414 8.124067307
0.999912262 0.009363456 0.009367765 -0.021235526 -0.009447736 0.999914885 0.008993203 -0.149388030 -0.009282761 -0.009080917 0.999915659 8.658001900
0.999911129 0.007879443 0.010754853 -0.008595042 -0.007961614 0.999939263 0.007619078 -0.158235878 -0.010694165 -0.007704028 0.999913096 9.156008720
0.999908864 0.003835455 0.012943581 -0.007136635 -0.003903527 0.999978602 0.005237885 -0.163898095 -0.012923215 -0.005287933 0.999902487 9.612959862
0.999887168 0.001999271 0.014889020 0.004039556 -0.002063839 0.999988496 0.004322565 -0.171303540 -0.014880208 -0.004352807 0.999879837 10.062370300
0.999839246 0.006346044 0.016767172 0.009944752 -0.006384341 0.999977171 0.002231413 -0.180337861 -0.016752625 -0.002338102 0.999856949 10.478426933
0.999745667 0.010816494 0.019791599 0.009976521 -0.010850250 0.999939919 0.001598940 -0.188795939 -0.019773114 -0.001813278 0.999802887 10.864539146
0.999680042 0.010975224 0.022790033 0.020814210 -0.011041622 0.999935210 0.002789706 -0.199739292 -0.022757940 -0.003040453 0.999736488 11.211454391
0.999637425 0.006708606 0.026075650 0.035218984 -0.006797698 0.999971390 0.003329559 -0.205788225 -0.026052568 -0.003505606 0.999654472 11.531345367
0.999578953 0.002767457 0.028881678 0.048575431 -0.002849997 0.999991953 0.002817116 -0.205243379 -0.028873648 -0.002898244 0.999578834 11.812043190
0.999511361 -0.000678669 0.031250589 0.064602226 0.000546274 0.999990880 0.004244913 -0.211550295 -0.031253181 -0.004225768 0.999502599 12.069508553
0.999432325 -0.001069707 0.033671100 0.074267626 0.000892489 0.999985695 0.005277799 -0.217357889 -0.033676267 -0.005244752 0.999419093 12.300701141
0.999355137 -0.000533936 0.035901677 0.078416377 0.000379221 0.999990642 0.004316066 -0.222360700 -0.035903640 -0.004299669 0.999346018 12.503529549
0.999296665 0.000182245 0.037498377 0.098901838 -0.000298363 0.999995112 0.003091060 -0.229858652 -0.037497632 -0.003100075 0.999291897 12.703045845
0.999175608 0.002566244 0.040516213 0.097231865 -0.002665580 0.999993503 0.002397944 -0.235974774 -0.040509798 -0.002503966 0.999175966 12.862075806
0.999091268 0.005530563 0.042263523 0.098871499 -0.005605836 0.999982893 0.001662740 -0.241166145 -0.042253599 -0.001898152 0.999105155 13.029208183
0.999028862 0.006899631 0.043515760 0.105689615 -0.006915460 0.999976039 0.000213235 -0.248047084 -0.043513253 -0.000513959 0.999052763 13.186475754
0.998939693 0.005979839 0.045646887 0.111919552 -0.005921145 0.999981463 -0.001420926 -0.255972803 -0.045654535 0.001149138 0.998956680 13.333829880
0.998879254 0.004781876 0.047089495 0.122014701 -0.004651794 0.999985039 -0.002871606 -0.257543087 -0.047102515 0.002649337 0.998886645 13.472827911
0.998818278 0.003927742 0.048441693 0.129163682 -0.003744510 0.999985456 -0.003872687 -0.259883881 -0.048456199 0.003686721 0.998818457 13.610344887
0.998744190 0.004875817 0.049862199 0.137087941 -0.004612810 0.999974787 -0.005388368 -0.262545228 -0.049887221 0.005151597 0.998741508 13.744935036
0.998674273 0.005406168 0.051190995 0.141267896 -0.005049022 0.999961972 -0.007103468 -0.269036025 -0.051227447 0.006835586 0.998663545 13.866641045
0.998632193 0.005569187 0.051988199 0.150474906 -0.005072360 0.999940157 -0.009683559 -0.268409729 -0.052039027 0.009406609 0.998600781 13.991423607
0.998588562 0.005003141 0.052876253 0.155211270 -0.004381737 0.999920011 -0.011861423 -0.273310363 -0.052931365 0.011612991 0.998530567 14.119089127
0.998626411 0.003989509 0.052244004 0.164750457 -0.003287138 0.999903142 -0.013523080 -0.279688627 -0.052292898 0.013332773 0.998542786 14.244826317
0.998727202 0.003430797 0.050322037 0.167766511 -0.002687948 0.999886453 -0.014822162 -0.283170253 -0.050367180 0.014668032 0.998623013 14.367848396
0.998881817 0.003662515 0.047136843 0.174453795 -0.002923244 0.999871850 -0.015742874 -0.285993993 -0.047188465 0.015587475 0.998764455 14.496857643
0.999051929 0.004221637 0.043328907 0.170044303 -0.003480641 0.999846637 -0.017162876 -0.285522044 -0.043394722 0.016995793 0.998913407 14.620871544
0.999278545 0.004203234 0.037745990 0.165411144 -0.003515461 0.999826908 -0.018269036 -0.289202243 -0.037816241 0.018123159 0.999120295 14.750128746
0.999519289 0.004113310 0.030729713 0.168852091 -0.003541002 0.999819696 -0.018655211 -0.295233011 -0.030800905 0.018537426 0.999353588 14.863637924
0.999713421 0.004373138 0.023534674 0.163024530 -0.003916930 0.999804318 -0.019395744 -0.299176991 -0.023614887 0.019298004 0.999534786 14.983790398
0.999875188 0.003768380 0.015348174 0.158562243 -0.003455519 0.999786735 -0.020360002 -0.301105946 -0.015421625 0.020304423 0.999674916 15.116989136
0.999979973 0.003088606 0.005529860 0.146261871 -0.002968189 0.999761105 -0.021653198 -0.302511513 -0.005595414 0.021636348 0.999750257 15.249986649
0.999968171 0.001784755 -0.007778805 0.142433405 -0.001965469 0.999726892 -0.023286087 -0.304991841 0.007735124 0.023300633 0.999698579 15.403169632
0.999718010 0.000774561 -0.023734732 0.117694288 -0.001373085 0.999681115 -0.025211271 -0.308254659 0.023707643 0.025236748 0.999400377 15.552979469
0.999075770 0.001158697 -0.042969279 0.090425789 -0.002291901 0.999650598 -0.026332531 -0.309101343 0.042923771 0.026406676 0.998729348 15.735123634
0.997903764 0.002431642 -0.064669430 0.057333231 -0.004108096 0.999658525 -0.025803108 -0.317688137 0.064584605 0.026014684 0.997573137 15.898251534
0.996083260 0.002675884 -0.088379577 0.019588828 -0.004842169 0.999692798 -0.024305854 -0.323652029 0.088287398 0.024638604 0.995790303 16.115230560
0.993364096 0.003676477 -0.114953294 -0.028676510 -0.006355657 0.999716461 -0.022948848 -0.328226060 0.114836328 0.023527166 0.993105769 16.323999405
0.989426374 0.004745453 -0.144958451 -0.095661640 -0.007797976 0.999759555 -0.020496983 -0.338509887 0.144826323 0.021410638 0.989225388 16.546609879
0.983974278 0.004782717 -0.178246573 -0.168436766 -0.007967096 0.999821126 -0.017153509 -0.341921628 0.178132653 0.018298719 0.983836293 16.802297592
0.976622701 0.005772615 -0.214883447 -0.256207228 -0.008796315 0.999875367 -0.013117742 -0.349866122 0.214780927 0.014701267 0.976551533 17.043663025
0.967002153 0.007355248 -0.254662037 -0.365124941 -0.009667718 0.999922574 -0.007830082 -0.353370667 0.254584730 0.010033706 0.966998339 17.311222076
0.955193877 0.011069598 -0.295773566 -0.490131378 -0.012546916 0.999916494 -0.003097180 -0.354481131 0.295714647 0.006669453 0.955253005 17.576396942
0.941080272 0.014537921 -0.337870479 -0.632250786 -0.015056477 0.999886096 0.001085953 -0.355941415 0.337847799 0.004065170 0.941192031 17.851579666
0.924299896 0.017075470 -0.381284922 -0.777056694 -0.015527836 0.999853969 0.007135348 -0.362641543 0.381351113 -0.000674672 0.924430072 18.122772217
0.904942870 0.020574745 -0.425035596 -0.937657356 -0.015688378 0.999764502 0.014993607 -0.369271547 0.425243974 -0.006900237 0.905052483 18.398576736
0.883262813 0.024749264 -0.468224764 -1.118897915 -0.016728997 0.999633551 0.021280589 -0.365925193 0.468579888 -0.010963419 0.883353233 18.662153244
0.858524799 0.030361140 -0.511872411 -1.329750538 -0.019812535 0.999464214 0.026052035 -0.368721247 0.512389123 -0.012224834 0.858666360 18.939962387
0.830475569 0.033426955 -0.556051195 -1.556986332 -0.020479562 0.999355197 0.029489432 -0.366533667 0.556678414 -0.013102570 0.830624700 19.215063095
0.799519300 0.037258226 -0.599483728 -1.799137115 -0.022964582 0.999240637 0.031475931 -0.363876522 0.600201249 -0.011398726 0.799767792 19.474491119
0.765382349 0.040789049 -0.642282069 -2.069407463 -0.023901850 0.999102533 0.034966569 -0.362514317 0.643131852 -0.011411065 0.765670359 19.749893188
0.728701472 0.044568073 -0.683379769 -2.387134552 -0.025155161 0.998948634 0.038325131 -0.341472983 0.684369326 -0.010737050 0.729056478 20.028900146
0.690122366 0.044599969 -0.722317040 -2.722070694 -0.021881571 0.998928726 0.040773280 -0.319924593 0.723361790 -0.012333120 0.690359056 20.292158127
0.648854077 0.044404566 -0.759616017 -3.070440292 -0.019374471 0.998936236 0.041844983 -0.304395020 0.760666192 -0.012434127 0.649024129 20.553398132
0.606781602 0.043312460 -0.793687642 -3.455410957 -0.013729656 0.998936415 0.044016685 -0.293395638 0.794750035 -0.015811449 0.606730998 20.797502518
0.561508298 0.043161102 -0.826344669 -3.861481667 -0.008674158 0.998890817 0.046279259 -0.277488887 0.827425778 -0.018818345 0.561259866 21.049835205
0.515749335 0.044898320 -0.855562270 -4.283996582 -0.006795697 0.998808861 0.048319049 -0.258224070 0.856712699 -0.019106383 0.515440047 21.249208450
0.465916604 0.044420283 -0.883712947 -4.741120815 -0.005643510 0.998867929 0.047233202 -0.234788656 0.884810567 -0.017019490 0.465639830 21.446397781
0.413880676 0.043696810 -0.909281790 -5.227125168 0.000107408 0.998844922 0.048049778 -0.218566179 0.910331070 -0.019984541 0.413397998 21.632078171
0.359109610 0.042769685 -0.932314813 -5.739376545 0.005385346 0.998837888 0.047895733 -0.196135998 0.933279812 -0.022220662 0.358461916 21.818872452
0.306020617 0.041415520 -0.951123595 -6.245447636 0.008066555 0.998904645 0.046091471 -0.171250701 0.951990664 -0.021777235 0.305351317 21.940162659
0.252437234 0.046946544 -0.966473758 -6.804080009 0.009147204 0.998661876 0.050899278 -0.139599860 0.967570066 -0.021689404 0.251669943 22.049953461
0.200921208 0.052269377 -0.978211999 -7.398256779 0.011349052 0.998384297 0.055678308 -0.112715423 0.979541719 -0.022288732 0.200003356 22.141994476
0.153161347 0.053565811 -0.986748338 -7.987476349 0.017106498 0.998236418 0.056844689 -0.088211954 0.988053143 -0.025586220 0.151974946 22.207820892
0.108650923 0.054976095 -0.992558658 -8.603520393 0.019297048 0.998164833 0.057398967 -0.065160632 0.993892610 -0.025389906 0.107390672 22.250368118
0.068601631 0.053227842 -0.996223152 -9.237195969 0.019155450 0.998321295 0.054659024 -0.036998987 0.997460186 -0.022832802 0.067466870 22.260585785
0.033006031 0.048888799 -0.998258710 -9.876293182 0.017284265 0.998625636 0.049478248 -0.002857924 0.999305606 -0.018887246 0.032115661 22.260225296
0.004739158 0.048734095 -0.998800576 -10.553948402 0.014720151 0.998700202 0.048799034 0.034362078 0.999880433 -0.014933760 0.004015628 22.235750198
-0.016676690 0.053054620 -0.998452365 -11.255421638 0.013963020 0.998506129 0.052824266 0.064184010 0.999763548 -0.013060478 -0.017392583 22.215478897
-0.029428735 0.059016183 -0.997823179 -11.980660439 0.015442498 0.998163164 0.058580849 0.098985910 0.999447584 -0.013684923 -0.030286040 22.181125641
-0.037579641 0.061760411 -0.997383416 -12.721730232 0.015137412 0.998008966 0.061228812 0.130452871 0.999179125 -0.012796843 -0.038439713 22.148977280
-0.041107886 0.058998995 -0.997411251 -13.481835365 0.016074952 0.998165011 0.058381051 0.165926754 0.999025404 -0.013633416 -0.041980855 22.109336853
-0.040392701 0.055000547 -0.997668922 -14.260963440 0.023505244 0.998259842 0.054081455 0.203338265 0.998907447 -0.021265959 -0.041615218 22.081886292
-0.036277782 0.053424615 -0.997912705 -15.075977325 0.035515577 0.998008132 0.052138612 0.249145389 0.998710454 -0.033549972 -0.038102925 22.069244385
-0.030583918 0.053457495 -0.998101711 -15.896742821 0.035881303 0.997983873 0.052351713 0.287655532 0.998887956 -0.034212068 -0.032440379 22.046937943
-0.025490860 0.052308675 -0.998305559 -16.758033752 0.033996198 0.998097777 0.051429730 0.318846047 0.999096811 -0.032627601 -0.027220666 22.019941330
-0.022575375 0.045666650 -0.998701692 -17.633277893 0.037666511 0.998285830 0.044796199 0.360941529 0.999035239 -0.036606312 -0.024256783 22.013444901
-0.020306919 0.034901854 -0.999184430 -18.507711411 0.035389584 0.998789310 0.034168813 0.395561099 0.999167383 -0.034666855 -0.021517495 21.989295959
-0.019715024 0.026542792 -0.999453187 -19.409013748 0.027696790 0.999278367 0.025991805 0.421659082 0.999421954 -0.027169218 -0.020435948 21.955776215
-0.021024451 0.023615740 -0.999500036 -20.325771332 0.022151403 0.999486566 0.023149472 0.448716640 0.999533534 -0.021653624 -0.021536779 21.922698975
-0.024576996 0.029887132 -0.999251068 -21.288745880 0.012842362 0.999479830 0.029578120 0.466629207 0.999615431 -0.012105800 -0.024948036 21.883100510
-0.029635321 0.038130734 -0.998833179 -22.255943298 0.008368476 0.999246538 0.037898216 0.490894377 0.999525785 -0.007235586 -0.029932087 21.836437225
-0.033827208 0.047596246 -0.998293757 -23.230461121 0.006714386 0.998853624 0.047395427 0.526286066 0.999405146 -0.005099674 -0.034108009 21.784301758
-0.035798989 0.057567608 -0.997699559 -24.267160416 0.005193763 0.998336732 0.057418011 0.568723083 0.999345541 -0.003126308 -0.036038432 21.752180099
-0.036843009 0.065401427 -0.997178674 -25.286396027 0.007212411 0.997847557 0.065178819 0.614982843 0.999294996 -0.004790678 -0.037235405 21.714000702
-0.038430974 0.066234238 -0.997063816 -26.312026978 0.008174049 0.997788310 0.065967321 0.669005752 0.999227881 -0.005614859 -0.038887389 21.673551559
-0.039974678 0.063399822 -0.997187316 -27.309234619 0.006655542 0.997979760 0.063183390 0.719652474 0.999178469 -0.004111086 -0.040315885 21.625467300
-0.042829689 0.058416300 -0.997373164 -28.332263947 0.006291586 0.998285115 0.058199544 0.769526958 0.999062598 -0.003782390 -0.043123782 21.575723648
-0.047358271 0.053444054 -0.997447252 -29.361701965 0.006418440 0.998563349 0.053199124 0.812461913 0.998857319 -0.003882637 -0.047633264 21.520513535
-0.052958373 0.048702940 -0.997408330 -30.378261566 0.006448129 0.998805761 0.048428804 0.854750693 0.998575926 -0.003866707 -0.053209167 21.463516235
-0.059575167 0.046900835 -0.997121394 -31.401607513 0.005562466 0.998895645 0.046651948 0.894493461 0.998208344 -0.002767157 -0.059770271 21.386003494
-0.066464245 0.049201131 -0.996574938 -32.452526093 0.006121678 0.998784840 0.048901957 0.937668562 0.997770011 -0.002850481 -0.066684663 21.317066193
-0.072695583 0.053928517 -0.995895088 -33.520275116 0.004530651 0.998544633 0.053741276 0.980419755 0.997343957 -0.000605300 -0.072834112 21.230104446
-0.078934349 0.057007670 -0.995248377 -34.584499359 0.001878949 0.998370290 0.057037462 1.023320913 0.996878147 0.002632195 -0.078912824 21.137107849
-0.083431214 0.059118472 -0.994758368 -35.655063629 -0.001486123 0.998230219 0.059449442 1.072971821 0.996512473 0.006438272 -0.083195701 21.034704208
-0.086388260 0.060457833 -0.994425356 -36.731189728 -0.005733313 0.998110294 0.061179925 1.123290300 0.996245027 0.010986579 -0.085878387 20.935680389
-0.087919034 0.061673991 -0.994216502 -37.807586670 -0.010047997 0.997975707 0.062795736 1.177335620 0.996076941 0.015510825 -0.087121382 20.825065613
-0.089088961 0.061201748 -0.994141519 -38.878673553 -0.011187072 0.997985959 0.062440939 1.228483081 0.995960832 0.016684333 -0.088224858 20.714231491
-0.090660833 0.060532551 -0.994040430 -39.958614349 -0.011772579 0.998016119 0.061848365 1.277752638 0.995812237 0.017309643 -0.089768343 20.609176636
-0.091538161 0.059593964 -0.994016767 -41.040203094 -0.012614633 0.998058200 0.060997926 1.333132267 0.995721579 0.018122796 -0.090608642 20.504131317
-0.092608824 0.058825698 -0.993963420 -42.132015228 -0.014959513 0.998058438 0.060461845 1.384653687 0.995590091 0.020468511 -0.091549009 20.394649506
-0.093014434 0.056266423 -0.994073629 -43.211772919 -0.019545818 0.998106360 0.058323573 1.434317350 0.995472908 0.024854917 -0.091738515 20.276195526
-0.093378522 0.051378593 -0.994304180 -44.297336578 -0.024399707 0.998249590 0.053873934 1.481615782 0.995331764 0.029291401 -0.091961443 20.167495728
-0.092536651 0.050840143 -0.994410515 -45.408130646 -0.026071602 0.998229504 0.053461537 1.524375916 0.995367885 0.030873027 -0.091047324 20.053775787
-0.090881824 0.054850817 -0.994349957 -46.520381927 -0.027096797 0.997976184 0.057527434 1.573060989 0.995492995 0.032171890 -0.089211613 19.947153091
-0.088619366 0.058275267 -0.994359314 -47.614128113 -0.027215876 0.997772753 0.060900837 1.614946008 0.995693743 0.032459352 -0.086835958 19.837913513
-0.087483361 0.057843227 -0.994485199 -48.738166809 -0.025287548 0.997862101 0.060264148 1.671468973 0.995844960 0.030420206 -0.085833617 19.742053986
-0.085071526 0.056940492 -0.994746506 -49.845245361 -0.025076104 0.997927129 0.059267089 1.723894835 0.996059239 0.029986307 -0.083467349 19.644432068
-0.081002645 0.057072502 -0.995078564 -50.980175018 -0.029389182 0.997788429 0.059620306 1.784377098 0.996280432 0.034073949 -0.079146191 19.541133881
-0.074977443 0.057861067 -0.995505154 -52.103485107 -0.034534354 0.997565627 0.060581811 1.837770700 0.996587038 0.038921393 -0.072796732 19.438232422
-0.068979517 0.057482876 -0.995960712 -53.224025726 -0.038359940 0.997447431 0.060225468 1.889912486 0.996880352 0.042359322 -0.066598415 19.342432022
-0.063547879 0.056712262 -0.996366084 -54.377784729 -0.039655622 0.997451961 0.059303295 1.947345018 0.997190535 0.043280117 -0.061137009 19.269397736
-0.058092255 0.055769723 -0.996752262 -55.511180878 -0.039385941 0.997532904 0.058108889 2.002817631 0.997533977 0.042633705 -0.055752400 19.205209732
-0.052412249 0.055531938 -0.997080266 -56.657146454 -0.037764039 0.997628212 0.057547547 2.051219940 0.997911155 0.040669974 -0.050190832 19.131534576
-0.047097590 0.056350414 -0.997299552 -57.797878265 -0.036622558 0.997638881 0.058099087 2.101365805 0.998218715 0.039259978 -0.044922687 19.077577591
-0.040961593 0.057610702 -0.997498453 -58.954402924 -0.035792883 0.997610927 0.059087008 2.159182787 0.998519421 0.038123645 -0.038801674 19.020717621
-0.035626598 0.059145801 -0.997613430 -60.111110687 -0.036411136 0.997507453 0.060439829 2.210265636 0.998701692 0.038477506 -0.033384226 18.981306076
-0.030594958 0.058117319 -0.997840822 -61.276916504 -0.036009856 0.997596025 0.059207160 2.264285803 0.998883009 0.037743542 -0.028428610 18.948606491
-0.025904100 0.053642597 -0.998224139 -62.427730560 -0.035973042 0.997862577 0.054556660 2.308852196 0.999017000 0.037322406 -0.023919044 18.912963867
-0.021833505 0.048212562 -0.998598516 -63.580707550 -0.035782263 0.998158991 0.048973694 2.354552269 0.999121010 0.036801379 -0.020068157 18.890607834
-0.017605104 0.048051696 -0.998689651 -64.769500732 -0.035333309 0.998190761 0.048650548 2.394094229 0.999220490 0.036143512 -0.015875425 18.851013184
-0.014740751 0.050802175 -0.998599887 -65.944564819 -0.034556113 0.998085976 0.051286135 2.424942970 0.999294043 0.035263732 -0.012957010 18.842672348
-0.012368873 0.050482374 -0.998648345 -67.112884521 -0.035231229 0.998082697 0.050890137 2.470182419 0.999302626 0.035813067 -0.010566599 18.817993164
-0.011652412 0.050374094 -0.998662412 -68.275321960 -0.037115417 0.998020172 0.050774772 2.514873028 0.999243081 0.037657432 -0.009759685 18.802740097
-0.010935706 0.051530093 -0.998611569 -69.460578918 -0.037407048 0.997951150 0.051905658 2.550638676 0.999240220 0.037922733 -0.008985710 18.781934738
-0.009577250 0.051073454 -0.998649001 -70.638511658 -0.038154427 0.997948885 0.051403552 2.593599081 0.999225914 0.038595192 -0.007608926 18.761678696
-0.008971014 0.049186084 -0.998749316 -71.802688599 -0.038390126 0.998036265 0.049495801 2.630426884 0.999222577 0.038786143 -0.007065136 18.749462128
-0.008165943 0.048087604 -0.998809755 -73.004722595 -0.036573574 0.998160362 0.048355348 2.673439503 0.999297619 0.036924910 -0.006392185 18.737306595
-0.007300241 0.047467269 -0.998846114 -74.192916870 -0.033651933 0.998295248 0.047687046 2.719494820 0.999406993 0.033961225 -0.005690430 18.722591400
-0.007623021 0.048969269 -0.998771191 -75.375190735 -0.030822882 0.998314083 0.049182110 2.751239777 0.999495804 0.031159921 -0.006100794 18.718292236
-0.007530836 0.051847134 -0.998626649 -76.561859131 -0.030471258 0.998179257 0.052053701 2.791941166 0.999507308 0.030821411 -0.005937277 18.705108643
-0.007391649 0.055261839 -0.998444557 -77.743896484 -0.032455344 0.997932434 0.055473775 2.836128950 0.999445796 0.032814901 -0.005582823 18.691860199
-0.006526396 0.055321462 -0.998447239 -78.921455383 -0.034770969 0.997852147 0.055515770 2.882158518 0.999373972 0.035079297 -0.004588796 18.673894882
-0.006709006 0.053115595 -0.998565853 -80.112075806 -0.035934325 0.997930527 0.053323235 2.926687241 0.999331653 0.036240537 -0.004786449 18.665609360
-0.006217358 0.050537329 -0.998702884 -81.295082092 -0.035712615 0.998073816 0.050727822 2.974305868 0.999342799 0.035981681 -0.004400562 18.650228500
-0.006183661 0.050067622 -0.998726666 -82.479293823 -0.033427961 0.998177230 0.050247047 3.014222145 0.999422014 0.033696115 -0.004498730 18.635555267
-0.006283394 0.051291805 -0.998663962 -83.656898499 -0.032131147 0.998157561 0.051467970 3.057654381 0.999463975 0.032411605 -0.004623753 18.630241394
-0.006082437 0.054350704 -0.998503327 -84.834014893 -0.031140307 0.998027265 0.054514475 3.096035719 0.999496460 0.031425282 -0.004377942 18.621463776
-0.005413526 0.056635708 -0.998380244 -86.010131836 -0.031673241 0.997884154 0.056779310 3.141065121 0.999483645 0.031929314 -0.003608236 18.611034393
-0.005336713 0.056954421 -0.998362482 -87.181327820 -0.032985460 0.997823358 0.057099991 3.182429790 0.999441683 0.033236168 -0.003446429 18.595943451
-0.005064014 0.054724898 -0.998488605 -88.350646973 -0.032718875 0.997957766 0.054861750 3.229694605 0.999451756 0.032947246 -0.003263135 18.585605621
-0.004885285 0.053131703 -0.998575509 -89.520408630 -0.031203622 0.998093128 0.053258687 3.276456833 0.999501050 0.031419367 -0.003218069 18.579261780
-0.004937049 0.054221097 -0.998516798 -90.686820984 -0.029103186 0.998098135 0.054342274 3.317506790 0.999564171 0.029328309 -0.003349653 18.573961258
-0.004262371 0.057247315 -0.998350918 -91.856552124 -0.027504582 0.997975528 0.057343230 3.366647482 0.999612570 0.027703641 -0.002679179 18.556703568
-0.004701614 0.059442028 -0.998220623 -93.026733398 -0.026008300 0.997886777 0.059544642 3.414159060 0.999650598 0.026241979 -0.003145692 18.554126740
-0.004133121 0.061398488 -0.998104811 -94.194442749 -0.027003141 0.997742534 0.061488021 3.464980841 0.999626815 0.027206104 -0.002465838 18.542819977
-0.003279299 0.063423373 -0.997981310 -95.350631714 -0.029378043 0.997549832 0.063492484 3.510914803 0.999562919 0.029526947 -0.001408009 18.528318405
-0.003234879 0.062890381 -0.998015165 -96.513175964 -0.031250544 0.997526646 0.062960878 3.560807943 0.999506295 0.031392187 -0.001261519 18.518047333
-0.003275828 0.058548868 -0.998279154 -97.665245056 -0.033714723 0.997710526 0.058626153 3.612555504 0.999426067 0.033848751 -0.001294369 18.500417709
-0.002208084 0.056947507 -0.998374760 -98.840797424 -0.035119750 0.997756839 0.056989938 3.663108349 0.999380648 0.035188507 -0.000203149 18.485061646
-0.002135699 0.055262178 -0.998469591 -100.006019592 -0.034978200 0.997856796 0.055303078 3.712299347 0.999385774 0.035042770 -0.000198150 18.478511810
-0.001672965 0.055925086 -0.998433590 -101.172874451 -0.033829156 0.997860312 0.055949662 3.756896496 0.999426246 0.033869758 0.000222513 18.472082138
-0.002128488 0.057675749 -0.998333216 -102.341789246 -0.033887375 0.997757792 0.057714771 3.804767609 0.999423325 0.033953737 -0.000169235 18.472492218
-0.002288017 0.059690017 -0.998214304 -103.507827759 -0.032459121 0.997686505 0.059732851 3.853555679 0.999470413 0.032537833 -0.000345238 18.472160339
-0.002724554 0.058695547 -0.998272181 -104.672798157 -0.036724646 0.997596622 0.058756061 3.904717445 0.999321699 0.036821280 -0.000562433 18.456081390
-0.002869871 0.059803203 -0.998206139 -105.840591431 -0.040250845 0.997394264 0.059870299 3.959815264 0.999185503 0.040350456 -0.000455263 18.443805695
-0.002961714 0.059244160 -0.998239040 -107.021209717 -0.043818150 0.997277021 0.059317060 4.012110710 0.999035120 0.043916672 -0.000357679 18.421598434
-0.003664318 0.055254072 -0.998465538 -108.198905945 -0.044589225 0.997470200 0.055362634 4.066145420 0.998998761 0.044723675 -0.001191312 18.419845581
-0.003934866 0.051560216 -0.998662114 -109.377975464 -0.044400875 0.997675955 0.051684245 4.108413219 0.999006033 0.044544846 -0.001636403 18.404262543
-0.005085567 0.050564889 -0.998707831 -110.574409485 -0.040850710 0.997876585 0.050730817 4.155851364 0.999152243 0.041055921 -0.003009156 18.398122787
-0.005298741 0.049997468 -0.998735249 -111.751892090 -0.036684141 0.998067260 0.050158650 4.197268486 0.999312878 0.036903519 -0.003454386 18.395168304
-0.005593455 0.051754341 -0.998644233 -112.971321106 -0.035804298 0.998009026 0.051921967 4.248921394 0.999343216 0.036046177 -0.003729291 18.381868362
-0.006261045 0.055943910 -0.998414338 -114.213775635 -0.035081159 0.997806966 0.056129884 4.285066605 0.999364913 0.035376962 -0.004284738 18.368566513
-0.007048075 0.055800878 -0.998416960 -115.418418884 -0.033088204 0.997882068 0.056004561 4.348961353 0.999427557 0.033430550 -0.005186798 18.364057541
-0.008191637 0.051255032 -0.998651922 -116.637176514 -0.032849964 0.998132646 0.051497839 4.401314735 0.999426782 0.033227533 -0.006492614 18.353685379
-0.008534778 0.047732629 -0.998823702 -117.870735168 -0.033361614 0.998290479 0.047992207 4.444731712 0.999406874 0.033731975 -0.006927750 18.330528259
-0.009075220 0.046335679 -0.998884797 -119.126274109 -0.032419708 0.998387039 0.046607140 4.490591049 0.999433100 0.032806516 -0.007558397 18.319742203
-0.009747487 0.047271878 -0.998834491 -120.367660522 -0.034374356 0.998275697 0.047580890 4.539518833 0.999361455 0.034798078 -0.008105740 18.298723221
-0.010418927 0.052148469 -0.998584926 -121.636047363 -0.039197072 0.997850478 0.052519061 4.584167004 0.999177217 0.039688803 -0.008352462 18.279373169
-0.010124250 0.055567600 -0.998403609 -122.881874084 -0.044786327 0.997427583 0.055967424 4.629718304 0.998945236 0.045281462 -0.007609537 18.235952377
-0.009965063 0.055290442 -0.998420596 -124.143203735 -0.052008744 0.997090101 0.055735845 4.685251713 0.998596847 0.052482013 -0.007060478 18.203596115
-0.009572556 0.053267140 -0.998534441 -125.400886536 -0.055484399 0.997013509 0.053717911 4.736053944 0.998413622 0.055917300 -0.006588471 18.171133041
-0.010525525 0.051885970 -0.998597562 -126.671653748 -0.057702173 0.996957242 0.052408949 4.788363934 0.998278379 0.058172885 -0.007499564 18.157142639
-0.011513374 0.051110834 -0.998626649 -127.933525085 -0.057487767 0.997007132 0.051690735 4.832574844 0.998279870 0.058003947 -0.008540668 18.140621185
-0.011427157 0.050714895 -0.998647749 -129.218048096 -0.055762362 0.997126579 0.051275697 4.876289368 0.998378634 0.056272890 -0.008566340 18.117656708
-0.012020500 0.051441766 -0.998603642 -130.472152710 -0.055833545 0.997083247 0.052035522 4.919856071 0.998367667 0.056381077 -0.009113264 18.100248337
-0.012669018 0.056472968 -0.998323679 -131.734893799 -0.055724934 0.996812403 0.057094637 4.968602657 0.998365760 0.056354858 -0.009481682 18.079593658
-0.013108402 0.060494129 -0.998082399 -133.016571045 -0.054933324 0.996617258 0.061126787 5.023798943 0.998403966 0.055629253 -0.009740916 18.055442810
-0.012870698 0.059437733 -0.998149037 -134.267089844 -0.054991476 0.996678829 0.060059275 5.072473049 0.998403847 0.055662688 -0.009559383 18.023872375
-0.012349076 0.057825536 -0.998250306 -135.527145386 -0.054657754 0.996794820 0.058417369 5.128438473 0.998428702 0.055283532 -0.009148878 18.013565063
-0.010876552 0.057101760 -0.998309076 -136.777160645 -0.053518530 0.996903896 0.057604466 5.182909012 0.998507559 0.054054577 -0.007786876 17.990364075
-0.010158912 0.056372289 -0.998358130 -138.028137207 -0.054157097 0.996913314 0.056841780 5.231575966 0.998480737 0.054645628 -0.007074594 17.974105835
-0.009415668 0.058694750 -0.998231590 -139.281433105 -0.054224838 0.996776998 0.059120681 5.282062531 0.998484373 0.054685593 -0.006202611 17.960407257
-0.008616810 0.061925903 -0.998043597 -140.530670166 -0.055111948 0.996534228 0.062308062 5.343359947 0.998443007 0.055541020 -0.005174089 17.941291809
-0.007546621 0.063020855 -0.997983634 -141.777267456 -0.056917485 0.996367037 0.063349165 5.398268700 0.998350382 0.057280798 -0.003932216 17.924358368
-0.006077641 0.060447801 -0.998152792 -143.032836914 -0.058976833 0.996412098 0.060701489 5.450445175 0.998240948 0.059236810 -0.002490815 17.907369614
-0.005994875 0.057523470 -0.998326123 -144.275634766 -0.057627790 0.996665061 0.057773806 5.504464149 0.998320162 0.057877675 -0.002659932 17.895620346
-0.005870264 0.056098081 -0.998407960 -145.510467529 -0.054414697 0.996927977 0.056334864 5.545875549 0.998501182 0.054658771 -0.002799670 17.889678955
-0.006425217 0.055461667 -0.998440087 -146.742889404 -0.052690405 0.997054994 0.055723790 5.593632698 0.998590231 0.052966252 -0.003483996 17.882432938
-0.006459659 0.056266654 -0.998394907 -147.972244263 -0.050331667 0.997131824 0.056521129 5.632658958 0.998711646 0.050615989 -0.003609137 17.873210907
-0.006512930 0.054507684 -0.998492122 -149.221221924 -0.048636202 0.997314215 0.054760639 5.692315578 0.998795331 0.048919506 -0.003844391 17.864206314
-0.006386303 0.054219294 -0.998508632 -150.461227417 -0.047569703 0.997382045 0.054462370 5.746306419 0.998847544 0.047846567 -0.003790389 17.851406097
-0.006699743 0.056983415 -0.998352647 -151.692489624 -0.045598414 0.997319162 0.057230428 5.796344757 0.998937368 0.045906730 -0.004083429 17.846458435
-0.006829040 0.058293980 -0.998276114 -152.930175781 -0.043389075 0.997341871 0.058536250 5.852164745 0.999034882 0.043714024 -0.004281566 17.833967209
-0.006554664 0.056682732 -0.998370707 -154.156509399 -0.041364111 0.997522235 0.056906134 5.905257225 0.999122620 0.041669711 -0.004193792 17.816890717
-0.007737183 0.057231475 -0.998330951 -155.392089844 -0.042040564 0.997459531 0.057507332 5.952530861 0.999085903 0.042415336 -0.005311485 17.809751511
-0.007624632 0.061798666 -0.998059511 -156.622467041 -0.043086041 0.997141302 0.062070969 6.008682251 0.999042273 0.043475699 -0.004940176 17.794820786
-0.007171984 0.068574108 -0.997620285 -157.854705811 -0.048087064 0.996468067 0.068840608 6.062721729 0.998817384 0.048466351 -0.003849126 17.778982162
-0.005983461 0.068697877 -0.997619569 -159.089828491 -0.052591700 0.996235132 0.068917975 6.120529175 0.998598158 0.052878879 -0.002347996 17.760334015
-0.004607088 0.064527743 -0.997905195 -160.320678711 -0.056341253 0.996313989 0.064684950 6.186772823 0.998400867 0.056521256 -0.000954532 17.737751007
-0.002726893 0.059720021 -0.998211563 -161.538848877 -0.058285858 0.996508598 0.059777375 6.232460022 0.998296201 0.058344610 0.000763460 17.723579407
-0.002099329 0.058238376 -0.998300493 -162.761917114 -0.060718916 0.996453226 0.058258303 6.287312508 0.998152673 0.060738016 0.001444288 17.712738037
-0.000865253 0.055077784 -0.998481691 -163.967163086 -0.055847201 0.996921122 0.055040095 6.328807831 0.998438954 0.055810031 0.002213351 17.720819473
-0.000612810 0.050513845 -0.998723149 -165.181915283 -0.053002026 0.997317851 0.050475284 6.379817009 0.998594165 0.052965283 0.002066169 17.713365555
-0.001014634 0.046902206 -0.998898983 -166.415008545 -0.046654720 0.997809529 0.046898443 6.422895432 0.998910546 0.046650939 0.001175798 17.717267990
-0.001953262 0.049850632 -0.998754799 -167.641830444 -0.044588894 0.997758985 0.049888130 6.468281269 0.999003470 0.044630814 0.000273900 17.712856293
-0.001239443 0.056305021 -0.998412848 -168.875854492 -0.045235135 0.997388482 0.056303404 6.512375832 0.998975635 0.045233130 0.001310759 17.703308105
0.000287117 0.059608620 -0.998221695 -170.084442139 -0.046550076 0.997140527 0.059530653 6.560573101 0.998915911 0.046450209 0.003061082 17.699148178
0.001890387 0.056072272 -0.998424888 -171.299240112 -0.047475744 0.997305930 0.055919532 6.614110947 0.998870611 0.047295254 0.004547367 17.694446564
0.002857154 0.056383815 -0.998405099 -172.520614624 -0.049777254 0.997179449 0.056172155 6.666343689 0.998756230 0.049537376 0.005655727 17.689289093
0.003819050 0.057572231 -0.998334050 -173.735916138 -0.048370253 0.997183383 0.057320833 6.712013245 0.998822153 0.048070766 0.006593076 17.689558029
0.004183955 0.055306759 -0.998460650 -174.939361572 -0.048273385 0.997316480 0.055041105 6.764180183 0.998825312 0.047968782 0.006842572 17.693849564
0.006370272 0.053730965 -0.998535097 -176.142089844 -0.048830949 0.997380853 0.053357333 6.809048176 0.998786747 0.048419524 0.008977321 17.687973022
0.007408010 0.055497006 -0.998431385 -177.305740356 -0.049866192 0.997236967 0.055060633 6.852306366 0.998728454 0.049380090 0.010154965 17.702409744
0.009182423 0.057577737 -0.998298824 -178.422409058 -0.050062116 0.997115433 0.057049014 6.883970261 0.998703897 0.049453102 0.012038401 17.696212769
0.009570482 0.058789454 -0.998224556 -179.511657715 -0.050867625 0.997006297 0.058230031 6.922377586 0.998659551 0.050220013 0.012532311 17.702592850
0.009995861 0.060493901 -0.998118460 -180.599578857 -0.051329281 0.996883452 0.059905000 6.951066971 0.998631716 0.050633904 0.013069820 17.700958252
0.009588774 0.061245788 -0.998076618 -181.648651123 -0.050508767 0.996878147 0.060686983 6.991757393 0.998677611 0.049829703 0.012652287 17.713764191
0.010515611 0.060453869 -0.998115540 -182.675247192 -0.051126357 0.996897757 0.059841461 7.029660225 0.998636842 0.050400753 0.013573772 17.711111069
0.011762134 0.060587469 -0.998093665 -183.650039673 -0.051843952 0.996857107 0.059901454 7.061553955 0.998585999 0.051040553 0.014866263 17.722078323
0.013109957 0.061332721 -0.998031259 -184.613647461 -0.052567605 0.996779025 0.060565252 7.096024513 0.998531222 0.051670104 0.016291846 17.732807159
0.012980324 0.059756514 -0.998128533 -185.551223755 -0.051287573 0.996938586 0.059018288 7.128384590 0.998599470 0.050425515 0.016005352 17.736177444
0.009288688 0.056691531 -0.998348534 -186.486480713 -0.048705760 0.997232258 0.056174986 7.159564018 0.998769999 0.048103534 0.012024182 17.749048233
0.004182587 0.053022210 -0.998584569 -187.410736084 -0.048545405 0.997426748 0.052757390 7.192713737 0.998812199 0.048256028 0.006745807 17.751274109
-0.000590777 0.050139938 -0.998742044 -188.333862305 -0.050268695 0.997478068 0.050106212 7.225715637 0.998735607 0.050235059 0.001931182 17.739171982
-0.004231992 0.049264301 -0.998776793 -189.269134521 -0.052320711 0.997406840 0.049418408 7.257313728 0.998621285 0.052465856 -0.001643474 17.726438522
-0.006714424 0.050233971 -0.998714864 -190.182266235 -0.054092281 0.997256935 0.050524302 7.282538891 0.998513341 0.054362010 -0.003978734 17.703414917
-0.008661088 0.051547665 -0.998632908 -191.116836548 -0.052992634 0.997243404 0.051935535 7.320794106 0.998557270 0.053370014 -0.005905567 17.690032959
-0.010792009 0.053222962 -0.998524308 -192.034866333 -0.049647972 0.997322381 0.053695481 7.348850727 0.998708487 0.050154183 -0.008120698 17.694229126
-0.012114175 0.053382263 -0.998500705 -192.949234009 -0.048132502 0.997385323 0.053906586 7.384848595 0.998767495 0.048713367 -0.009513078 17.678936005
-0.012915742 0.052179739 -0.998554230 -193.850723267 -0.048668541 0.997421086 0.052750032 7.419643402 0.998731494 0.049279485 -0.010342922 17.660335541
-0.013423627 0.051256828 -0.998595238 -194.767288208 -0.050447296 0.997378767 0.051872522 7.446273804 0.998636484 0.051072754 -0.010802671 17.635686874
-0.013603231 0.051049430 -0.998603404 -195.668502808 -0.054077189 0.997196734 0.051714160 7.471333504 0.998444080 0.054705150 -0.010804488 17.621992111
-0.013235198 0.049000639 -0.998710930 -196.586257935 -0.056724824 0.997153282 0.049675934 7.506558895 0.998302162 0.057309173 -0.010417968 17.607505798
-0.012523479 0.046823800 -0.998824656 -197.495742798 -0.056617618 0.997267306 0.047460675 7.529443741 0.998317361 0.057145439 -0.009838203 17.597324371
-0.011483614 0.044049393 -0.998963416 -198.417724609 -0.056730900 0.997391343 0.044632237 7.560634613 0.998323441 0.057184637 -0.008954696 17.570497513
-0.010158912 0.043823592 -0.998987615 -199.328277588 -0.056263559 0.997431457 0.044327490 7.586905956 0.998364210 0.056656919 -0.007667148 17.552967072
-0.010339322 0.046657499 -0.998857379 -200.258987427 -0.053968824 0.997428834 0.047149409 7.614323139 0.998489082 0.054394651 -0.007794688 17.550907135
-0.009688477 0.047800861 -0.998809934 -201.202911377 -0.053254843 0.997414589 0.048250664 7.643927574 0.998533905 0.053658936 -0.007117801 17.531560898
-0.009152082 0.044275124 -0.998977423 -202.128463745 -0.048450828 0.997826278 0.044667982 7.672243118 0.998783648 0.048810091 -0.006987021 17.528657913
-0.008530135 0.040913220 -0.999126315 -203.069869995 -0.046785731 0.998052120 0.041268673 7.705512047 0.998868465 0.047096882 -0.006599365 17.515356064
-0.008092565 0.041333906 -0.999112606 -204.011276245 -0.051405881 0.997807086 0.041696273 7.738021374 0.998645067 0.051697694 -0.005950011 17.496753693
-0.006757676 0.045207869 -0.998954833 -204.955230713 -0.052253749 0.997596860 0.045499898 7.767201424 0.998611033 0.052506603 -0.004379156 17.487361908
-0.004463949 0.045213286 -0.998967409 -205.931350708 -0.049715783 0.997731924 0.045379523 7.793669701 0.998753428 0.049867015 -0.002206011 17.475509644
-0.002231645 0.046089187 -0.998934865 -206.892929077 -0.048621062 0.997750759 0.046143185 7.835454464 0.998814881 0.048672240 0.000014280 17.471149445
-0.000964544 0.050475396 -0.998724759 -207.862701416 -0.049530342 0.997497082 0.050461188 7.873466492 0.998772144 0.049515851 0.001537934 17.469505310
0.000744922 0.054809984 -0.998496473 -208.861160278 -0.046660028 0.997411311 0.054715600 7.905469894 0.998910546 0.046549130 0.003300429 17.473749161
0.001989339 0.054949839 -0.998487175 -209.852523804 -0.046216089 0.997427225 0.054799426 7.950642109 0.998929560 0.046037149 0.004523787 17.473108292
0.003683839 0.056028958 -0.998422325 -210.868377686 -0.049495365 0.997215569 0.055778611 7.991600513 0.998767495 0.049211808 0.006446755 17.473100662
0.006799570 0.058187746 -0.998282492 -211.894210815 -0.052203581 0.996964872 0.057755373 8.033006668 0.998613298 0.051721212 0.009816541 17.470996857
0.010083705 0.058211170 -0.998253286 -212.921005249 -0.053263448 0.996918082 0.057595275 8.081773758 0.998529553 0.052589640 0.013153156 17.482847214
0.013086675 0.055518422 -0.998371959 -213.945144653 -0.056095425 0.996925771 0.054702718 8.125133514 0.998339713 0.055288222 0.016160773 17.483510971
