1.000000000 0.000000000 0.000000000 0.000000000 0.000000000 1.000000000 0.000000000 0.000000000 0.000000000 0.000000000 1.000000000 0.000000000
0.999933660 -0.002521329 0.011237494 0.015718559 0.002509832 0.999996305 0.001037074 -0.004101775 -0.011240067 -0.001008801 0.999936342 0.295461446
0.999828875 -0.004535329 0.017936118 0.026029777 0.004514739 0.999989092 0.001188261 -0.008808771 -0.017941311 -0.001107081 0.999838412 0.582386553
0.999776602 -0.007485867 0.019767078 0.038219500 0.007487868 0.999971986 -0.000027227 -0.012709158 -0.019766320 0.000175234 0.999804616 0.886200666
0.999815822 -0.008674189 0.017121237 0.050314870 0.008705901 0.999960542 -0.001778595 -0.010160434 -0.017105132 0.001927323 0.999851823 1.201207757
0.999876857 -0.011459779 0.010731071 0.051119976 0.011497842 0.999927759 -0.003492267 -0.009577715 -0.010690276 0.003615221 0.999936342 1.518572807
0.999911487 -0.013193067 -0.001712973 0.047657698 0.013183570 0.999898255 -0.005442918 -0.012067541 0.001784607 0.005419854 0.999983668 1.844889879
0.999754727 -0.012403193 -0.018345941 0.027592953 0.012300728 0.999908090 -0.005687696 -0.018254781 0.018414799 0.005460633 0.999815524 2.181441545
0.999249160 -0.008048185 -0.037899423 -0.004534468 0.007839131 0.999953210 -0.005661384 -0.022081709 0.037943222 0.005360034 0.999265492 2.526510954
0.998324037 -0.004327700 -0.057709046 -0.040907569 0.003929581 0.999967694 -0.007010455 -0.027471408 0.057737522 0.006771933 0.998308778 2.874337673
0.996922255 -0.004066222 -0.078291871 -0.078312844 0.003487699 0.999965549 -0.007524649 -0.029202081 0.078319773 0.007228430 0.996902108 3.239137411
0.995013535 -0.005485047 -0.099588513 -0.124086231 0.004785137 0.999962151 -0.007265531 -0.031159114 0.099624589 0.006752757 0.995002270 3.611793756
0.992892504 -0.007364742 -0.118785776 -0.189254612 0.006707137 0.999959826 -0.005934886 -0.043249272 0.118824720 0.005095992 0.992902100 3.999912977
0.990634859 -0.006067499 -0.136402816 -0.265680432 0.005317356 0.999968708 -0.005863152 -0.042066023 0.136434138 0.005082942 0.990636110 4.396204472
0.988234758 -0.005107292 -0.152859256 -0.330245823 0.004443048 0.999979138 -0.004686737 -0.054541718 0.152880013 0.003952435 0.988236845 4.806155205
0.985981762 -0.004294665 -0.166797072 -0.409669995 0.003487104 0.999980688 -0.005134152 -0.059498437 0.166815907 0.004480542 0.985977888 5.230918884
0.983978748 -0.006006034 -0.178184628 -0.503015757 0.005077029 0.999971032 -0.005669239 -0.069206834 0.178213522 0.004673762 0.983980715 5.654013157
0.982187986 -0.009777617 -0.187646404 -0.595073521 0.008392769 0.999931335 -0.008173185 -0.073945515 0.187713459 0.006452731 0.982202590 6.102941513
0.980562389 -0.009081098 -0.195997238 -0.687333524 0.007310481 0.999925673 -0.009755446 -0.082323097 0.196071252 0.008132990 0.980555892 6.566312790
0.978963315 -0.008744306 -0.203848854 -0.792103887 0.006461880 0.999908805 -0.011859600 -0.086421415 0.203933939 0.010292865 0.978930533 7.041605949
0.977318108 -0.009952077 -0.211542025 -0.899705291 0.007101643 0.999873519 -0.014230042 -0.101218097 0.211656868 0.012404982 0.977265239 7.501751423
0.975485086 -0.014007240 -0.219619364 -1.009614825 0.010747974 0.999813795 -0.016028382 -0.109246492 0.219802961 0.013274985 0.975453973 7.998302460
0.973617494 -0.020337092 -0.227278382 -1.126192331 0.016769378 0.999704123 -0.017617671 -0.120725110 0.227569431 0.013341555 0.973670483 8.506662369
0.971460104 -0.020315470 -0.236331701 -1.250341296 0.015981758 0.999667406 -0.020238804 -0.134172201 0.236664250 0.015884191 0.971461654 9.030450821
0.969430625 -0.017187208 -0.244762763 -1.399355412 0.011581711 0.999637067 -0.024322752 -0.144918799 0.245091990 0.020744450 0.969277799 9.554160118
0.967247903 -0.014079791 -0.253443122 -1.556266069 0.007390898 0.999599338 -0.027324939 -0.162669748 0.253726304 0.024556817 0.966964304 10.094046593
0.964956880 -0.016665976 -0.261878639 -1.713642120 0.009483365 0.999544024 -0.028667236 -0.185848266 0.262237012 0.025179155 0.964675069 10.650519371
0.962468624 -0.020107260 -0.270646870 -1.864799142 0.012132513 0.999442399 -0.031106535 -0.205272481 0.271121442 0.026655434 0.962175906 11.220856667
0.960268080 -0.019579893 -0.278391272 -2.043365002 0.010728322 0.999388337 -0.033283554 -0.229510039 0.278872699 0.028974460 0.959890842 11.796767235
0.957982183 -0.018370345 -0.286238879 -2.236970186 0.008063656 0.999277294 -0.037144624 -0.254745185 0.286714405 0.033275750 0.957438111 12.392844200
0.955606997 -0.019131551 -0.294022620 -2.424542189 0.007009659 0.999083519 -0.042226471 -0.285555542 0.294560969 0.038290914 0.954865336 12.983718872
0.953846693 -0.021180300 -0.299546003 -2.617501020 0.006568578 0.998742461 -0.049702711 -0.322778940 0.300222069 0.045441173 0.952786267 13.592269897
0.952467620 -0.022054993 -0.303840697 -2.822268009 0.004652566 0.998312771 -0.057880208 -0.357846826 0.304604590 0.053715382 0.950963020 14.212948799
0.951179206 -0.021873837 -0.307863057 -3.038579941 0.001379728 0.997776747 -0.066629760 -0.398819864 0.308636069 0.062952071 0.949094713 14.835438728
0.949936807 -0.020999504 -0.311735630 -3.262917995 -0.002623987 0.997167408 -0.075168319 -0.451190054 0.312431157 0.072223127 0.947190881 15.471852303
0.948719025 -0.020559773 -0.315451205 -3.495081902 -0.005674664 0.996614397 -0.082021624 -0.504797637 0.316069603 0.079605564 0.945390344 16.116359711
0.946990192 -0.018844470 -0.320709318 -3.726627827 -0.010199830 0.996011317 -0.088642411 -0.565979004 0.321100473 0.087214664 0.943020701 16.781524658
0.945466936 -0.017136700 -0.325266898 -3.971642733 -0.014513317 0.995406747 -0.094629504 -0.632062435 0.325394511 0.094189778 0.940875411 17.433931351
0.943839610 -0.015860951 -0.330022991 -4.228258610 -0.018226916 0.994826674 -0.099939048 -0.703525424 0.329900742 0.100341737 0.938667655 18.113136292
0.942006648 -0.013343646 -0.335328877 -4.477939606 -0.022425814 0.994472802 -0.102571428 -0.784450889 0.334844112 0.104142979 0.936500728 18.796850204
0.940407515 -0.011683952 -0.339848816 -4.748109818 -0.025372179 0.994212747 -0.104389131 -0.856891155 0.339101732 0.106791019 0.934668779 19.489385605
0.938151777 -0.011665863 -0.346027851 -5.020224571 -0.025831148 0.994288266 -0.103554562 -0.937801003 0.345259517 0.106088199 0.932491958 20.202964783
0.935780644 -0.010896193 -0.352414131 -5.284228325 -0.026694229 0.994464040 -0.101629898 -1.025664926 0.351570606 0.104510725 0.930309415 20.903335571
0.933295131 -0.011162587 -0.358936846 -5.574113846 -0.026489656 0.994653761 -0.099810250 -1.107305646 0.358132035 0.102660529 0.928009808 21.622493744
0.930024803 -0.010503094 -0.367346734 -5.864132404 -0.027053976 0.994922459 -0.096940130 -1.183174014 0.366499633 0.100094914 0.925018370 22.351432800
0.926656961 -0.008722750 -0.375806868 -6.173806667 -0.027662007 0.995437860 -0.091313265 -1.259649754 0.374888957 0.095011637 0.922188163 23.092399597
0.923207402 -0.005118840 -0.384268016 -6.501088142 -0.030368568 0.995812654 -0.086226031 -1.340273619 0.383100271 0.091274180 0.919186175 23.838134766
0.919485331 -0.001428158 -0.393121660 -6.831119537 -0.033581674 0.996052861 -0.082163833 -1.417505026 0.391687334 0.088750124 0.915808082 24.590702057
0.915830016 0.000140970 -0.401566058 -7.176682472 -0.035429318 0.996128738 -0.080452055 -1.490341902 0.400000066 0.087907612 0.912289500 25.327432632
0.911659479 -0.000883859 -0.410945565 -7.523394585 -0.035052761 0.996185958 -0.079905152 -1.558237195 0.409448802 0.087251075 0.908151388 26.090129852
0.908089399 0.000289949 -0.418776244 -7.897023201 -0.036687464 0.996210039 -0.078864656 -1.629638433 0.417166233 0.086980000 0.904658437 26.852109909
0.904050529 0.001548075 -0.427422851 -8.271883011 -0.038078777 0.996308804 -0.076932669 -1.705416560 0.425726026 0.085826755 0.900772512 27.633447647
0.900193095 0.000588483 -0.435490727 -8.655597687 -0.036765631 0.996531725 -0.074650750 -1.776092052 0.433936417 0.083211191 0.897092581 28.427452087
0.896403193 0.000864122 -0.443238944 -9.062447548 -0.035604659 0.996906936 -0.070063062 -1.851341963 0.441807449 0.078586116 0.893661320 29.216188431
0.892627358 0.003162024 -0.450784177 -9.467786789 -0.036156144 0.997256041 -0.064599909 -1.915448189 0.449343026 0.073962264 0.890292346 30.000152588
0.888872027 0.003158609 -0.458144665 -9.896705627 -0.034776907 0.997556388 -0.060595118 -1.977420092 0.456833780 0.069794163 0.886809826 30.808120728
0.885103583 0.002041398 -0.465389580 -10.329543114 -0.033177961 0.997722805 -0.058723237 -2.039822102 0.464209944 0.067416832 0.883155763 31.617300034
0.881674528 0.001791011 -0.471854687 -10.767066956 -0.032788530 0.997808039 -0.057478979 -2.103228092 0.470717520 0.066149160 0.879800737 32.449680328
0.878775895 0.002522362 -0.477228135 -11.230221748 -0.032984354 0.997915685 -0.055463504 -2.161374092 0.476093620 0.064481050 0.877027392 33.274440765
0.875498712 0.000165421 -0.483220607 -11.685743332 -0.030133398 0.998072505 -0.054253981 -2.214592934 0.482280254 0.062060367 0.873815894 34.108913422
0.873008251 -0.000630384 -0.487704962 -12.185264587 -0.029539326 0.998094916 -0.054166477 -2.276774168 0.486809999 0.061694261 0.871326447 34.958614349
0.870580316 -0.002129270 -0.492021739 -12.641551971 -0.028444560 0.998100400 -0.054649014 -2.332219124 0.491203457 0.061571691 0.868865967 35.805831909
0.869055867 -0.001942269 -0.494709998 -13.141558647 -0.029181475 0.998049736 -0.055181451 -2.389853001 0.493852347 0.062392130 0.867304444 36.674030304
0.868679285 -0.002001241 -0.495370895 -13.644176483 -0.028703086 0.998108447 -0.054365791 -2.449530363 0.494542688 0.061445110 0.866978705 37.532833099
0.868477464 -0.001612049 -0.495726079 -14.155342102 -0.028184382 0.998216689 -0.052623168 -2.510996103 0.494926900 0.059673764 0.866883218 38.417278290
0.868291438 -0.002860548 -0.496046215 -14.676424026 -0.026451714 0.998293638 -0.052058578 -2.572154760 0.495348692 0.058323294 0.866734147 39.296184540
0.867583930 -0.005108141 -0.497264653 -15.198585510 -0.024217764 0.998326778 -0.052508324 -2.635801554 0.496700853 0.057598013 0.866008520 40.202831268
0.866504014 -0.007426968 -0.499114841 -15.731399536 -0.022016352 0.998347640 -0.053077873 -2.696607113 0.498684317 0.056980878 0.864908755 41.117176056
0.864819407 -0.007836117 -0.502021790 -16.274116516 -0.020831438 0.998457253 -0.051470790 -2.752572775 0.501650631 0.054970786 0.863321960 42.054973602
0.862800539 -0.007380250 -0.505490422 -16.817298889 -0.019194121 0.998694241 -0.047342744 -2.816288471 0.505179942 0.050549798 0.861532450 42.965480804
0.860007226 -0.007161773 -0.510231435 -17.368171692 -0.017410900 0.998907506 -0.043367468 -2.875949860 0.509984672 0.046179932 0.858943045 43.885978699
0.855911076 -0.007700152 -0.517065763 -17.938049316 -0.015888223 0.999025643 -0.041177649 -2.941158056 0.516878963 0.043459665 0.854954600 44.816238403
0.850701690 -0.010898626 -0.525535882 -18.503870010 -0.014280595 0.998936892 -0.043832529 -2.995543480 0.525454879 0.044793371 0.849641502 45.719551086
0.844521701 -0.014947414 -0.535312533 -19.066497803 -0.011994173 0.998831809 -0.046812456 -3.058603525 0.535386741 0.045954775 0.843356013 46.615608215
0.838517129 -0.014871548 -0.544672251 -19.653472900 -0.012170748 0.998866975 -0.046009447 -3.118865967 0.544739366 0.045208782 0.837385952 47.501995087
0.832596302 -0.011357185 -0.553763807 -20.246315002 -0.013596279 0.999069393 -0.040932301 -3.179145336 0.553713381 0.041609209 0.831667006 48.382968903
0.827322066 -0.006686723 -0.561688066 -20.849647522 -0.016828295 0.999185264 -0.036681734 -3.233894348 0.561475754 0.039799865 0.826535463 49.262336731
0.823419094 -0.006604776 -0.567395389 -21.472675323 -0.017989332 0.999125719 -0.037736930 -3.291833401 0.567148566 0.041280370 0.822580338 50.133155823
0.819847047 -0.009243115 -0.572507918 -22.090599060 -0.018139871 0.998948455 -0.042104762 -3.346903801 0.572295189 0.044904687 0.818817258 51.022251129
0.817068636 -0.011252325 -0.576430500 -22.720687866 -0.021008298 0.998564422 -0.049271140 -3.404428005 0.576157510 0.052367728 0.815659344 51.886760712
0.813644826 -0.012531281 -0.581227362 -23.352357864 -0.020981485 0.998483360 -0.050898768 -3.462805748 0.580983579 0.053608518 0.812147796 52.773498535
0.810363770 -0.011006773 -0.585823596 -23.990425110 -0.020251602 0.998700023 -0.046777949 -3.526725054 0.585576952 0.049771026 0.809087396 53.636707306
0.807023942 -0.008397566 -0.590459049 -24.625625610 -0.020086218 0.998929977 -0.041660190 -3.586911678 0.590177119 0.045480855 0.805991650 54.512523651
0.804303825 -0.005611004 -0.594191790 -25.280405045 -0.021862911 0.998998940 -0.039027486 -3.636099815 0.593815923 0.044380721 0.803376019 55.365432739
0.801071763 -0.005470697 -0.598543286 -25.930614471 -0.023097331 0.998931110 -0.040043000 -3.683326244 0.598122537 0.045902077 0.800089121 56.225059509
0.797428131 -0.006988014 -0.603373528 -26.591178894 -0.022540510 0.998890102 -0.041358620 -3.739252090 0.602992833 0.046580877 0.796385586 57.096019745
0.793345869 -0.009641972 -0.608694851 -27.238906860 -0.021590289 0.998799860 -0.043961216 -3.802427292 0.608388245 0.048018347 0.792185605 57.934055328
0.789264977 -0.010909016 -0.613955915 -27.910781860 -0.020620992 0.998807251 -0.044256330 -3.861923695 0.613706410 0.047590349 0.788098752 58.783340454
0.784515738 -0.010749978 -0.620015919 -28.587903976 -0.020469757 0.998855948 -0.043219097 -3.922374249 0.619771183 0.046597634 0.783397973 59.641120911
0.779538333 -0.010546262 -0.626265764 -29.270450592 -0.020608116 0.998885036 -0.042472895 -3.984442711 0.626015365 0.046015404 0.778451800 60.477970123
0.774358213 -0.011732669 -0.632638633 -29.968896866 -0.020376308 0.998847067 -0.043465089 -4.042920113 0.632419288 0.046548396 0.773226321 61.316329956
0.769233584 -0.013083185 -0.638833821 -30.674932480 -0.019902198 0.998814642 -0.044420175 -4.101684093 0.638657749 0.046883684 0.768061399 62.150939941
0.763223290 -0.014713354 -0.645967305 -31.364883423 -0.018736467 0.998816311 -0.044887792 -4.164334774 0.645863116 0.046362549 0.762044191 62.978565216
0.757685900 -0.016208481 -0.652418077 -32.085044861 -0.018646223 0.998745799 -0.046467338 -4.221573830 0.652352989 0.047372784 0.756433368 63.800479889
0.751512110 -0.018093351 -0.659471095 -32.813980103 -0.017211476 0.998745859 -0.047015399 -4.288971901 0.659494698 0.046683110 0.750258207 64.627426147
0.745262146 -0.019263422 -0.666493297 -33.552284241 -0.016227297 0.998762488 -0.047011979 -4.352605820 0.666574180 0.045851633 0.744027197 65.452140808
0.738709211 -0.019186040 -0.673751056 -34.303077698 -0.015255660 0.998862803 -0.045170572 -4.416777611 0.673851430 0.043646436 0.737576544 66.278938293
0.732364535 -0.019701194 -0.680627704 -35.071029663 -0.014633466 0.998895109 -0.044659451 -4.475927830 0.680755496 0.042666938 0.731267095 67.098190308
0.725834787 -0.021394167 -0.687536240 -35.832431793 -0.013468484 0.998882473 -0.045301121 -4.544440269 0.687737107 0.042141199 0.724735618 67.891174316
0.719422877 -0.023364577 -0.694179118 -36.615585327 -0.012861037 0.998814642 -0.046946671 -4.604792595 0.694453299 0.042702377 0.718269646 68.697906494
0.713259935 -0.022926202 -0.700524569 -37.416534424 -0.013935951 0.998803437 -0.046877336 -4.667207718 0.700761020 0.043198194 0.712087035 69.501647949
0.707744777 -0.022451900 -0.706111252 -38.228290558 -0.013897907 0.998859048 -0.045690324 -4.731534958 0.706331372 0.042150564 0.706625283 70.307601929
0.702872336 -0.021413337 -0.710993588 -39.049255371 -0.015563666 0.998844504 -0.045468576 -4.805194855 0.711145759 0.043024275 0.701726854 71.104743958
0.698222041 -0.022355806 -0.715532184 -39.870605469 -0.015405137 0.998811603 -0.046238936 -4.872860909 0.715715647 0.043307912 0.697047770 71.892425537
0.692947388 -0.024063665 -0.720586538 -40.696235657 -0.016391439 0.998658717 -0.049112488 -4.938384533 0.720801771 0.045843821 0.691623449 72.676887512
0.687795758 -0.027205924 -0.725394189 -41.541416168 -0.015027747 0.998549640 -0.051699463 -5.001992702 0.725748718 0.046459712 0.686389446 73.466217041
0.682682633 -0.027803848 -0.730185866 -42.393272400 -0.015035450 0.998529732 -0.052079082 -5.071949482 0.730560303 0.046532158 0.681260943 74.253051758
0.677847326 -0.027012162 -0.734706402 -43.254577637 -0.015231377 0.998594403 -0.050766878 -5.144390583 0.735044897 0.045602787 0.676483154 75.036201477
0.672389209 -0.027428983 -0.739689410 -44.127723694 -0.014473530 0.998634875 -0.050187800 -5.213443279 0.740056276 0.044451654 0.671074331 75.837806702
0.666986465 -0.028703064 -0.744516850 -44.996864319 -0.014190180 0.998587012 -0.051210620 -5.278532982 0.744934738 0.044721611 0.665636659 76.621353149
0.662533402 -0.029426098 -0.748454094 -45.899116516 -0.013032316 0.998623908 -0.050797973 -5.356959820 0.748919010 0.043409452 0.661238134 77.406402588
0.657747686 -0.030582082 -0.752617180 -46.786804199 -0.011486007 0.998652041 -0.050617699 -5.425105095 0.753150761 0.041938242 0.656509757 78.191093445
0.653957784 -0.031247282 -0.755885363 -47.712142944 -0.010549813 0.998672843 -0.050410990 -5.501570225 0.756457508 0.040941108 0.652760148 78.974655151
0.649761677 -0.034018613 -0.759376287 -48.611801147 -0.008000109 0.998636663 -0.051582325 -5.573410034 0.760095775 0.039591316 0.648603678 79.746551514
0.645483732 -0.038703021 -0.762792766 -49.534919739 -0.005089602 0.998475134 -0.054968089 -5.647457123 0.763756931 0.039363321 0.644302487 80.527450562
0.641006887 -0.043079704 -0.766325116 -50.453433990 -0.000468828 0.998401463 -0.056518245 -5.720395565 0.767535031 0.036587857 0.639961958 81.294052124
0.634070098 -0.046477370 -0.771877587 -51.380504608 0.004055710 0.998378217 -0.056784123 -5.798218727 0.773264945 0.032874603 0.633230269 82.064163208
0.625571609 -0.050180625 -0.778551280 -52.318817139 0.008898380 0.998323202 -0.057195872 -5.880161762 0.780115902 0.028852271 0.624969423 82.819725037
0.616701066 -0.051098093 -0.785537124 -53.273979187 0.011726324 0.998376608 -0.055737015 -5.961767673 0.787110090 0.025161611 0.616299033 83.563514709
0.607784629 -0.049349993 -0.792566955 -54.250213623 0.011661456 0.998514175 -0.053230848 -6.039577007 0.794016242 0.023110405 0.607457042 84.311233521
0.598856509 -0.049203068 -0.799343467 -55.227264404 0.011555793 0.998537898 -0.052806921 -6.124805450 0.800772905 0.022386719 0.598549366 85.027664185
0.589475393 -0.051096868 -0.806168735 -56.225723267 0.010928196 0.998410463 -0.055290859 -6.188195229 0.807712317 0.023782624 0.589096904 85.750854492
0.579463720 -0.053157099 -0.813262701 -57.230514526 0.011530657 0.998305500 -0.057036228 -6.270999908 0.814916372 0.023672974 0.579094768 86.468597412
0.569665015 -0.054829687 -0.820046067 -58.258350372 0.011977324 0.998219967 -0.058422375 -6.353834629 0.821789682 0.023459218 0.569307745 87.167617798
0.559313595 -0.055626746 -0.827087641 -59.278137207 0.014825605 0.998257637 -0.057113245 -6.436207771 0.828823566 0.019682137 0.559163749 87.864044189
0.549440086 -0.055522874 -0.833686292 -60.325038910 0.015710779 0.998299718 -0.056131840 -6.518810272 0.835385382 0.017743219 0.549378216 88.545303345
0.538466632 -0.056059219 -0.840779960 -61.372985840 0.015945328 0.998283803 -0.056348845 -6.605372429 0.842495859 0.016935460 0.538436413 89.228431702
0.528252661 -0.057070613 -0.847167075 -62.416259766 0.015462311 0.998219848 -0.057604935 -6.689066887 0.848946273 0.017330799 0.528194726 89.870819092
0.518227816 -0.057413172 -0.853313446 -63.490615845 0.013917925 0.998178184 -0.058707546 -6.773415565 0.855129361 0.018547520 0.518082798 90.519126892
0.508413494 -0.058399364 -0.859130502 -64.570800781 0.012844425 0.998100996 -0.060244847 -6.860456467 0.861017227 0.019594258 0.508198142 91.151016235
0.498794705 -0.058401037 -0.864750326 -65.676109314 0.012562453 0.998109639 -0.060161352 -6.951607704 0.866629124 0.019144775 0.498585463 91.782264709
0.490289092 -0.056350868 -0.869736254 -66.792823792 0.011740673 0.998244107 -0.058058523 -7.038397789 0.871480823 0.018254166 0.490089804 92.401824951
0.481769204 -0.054883834 -0.874577582 -67.895111084 0.012492234 0.998365462 -0.055770624 -7.123682022 0.876209080 0.015943147 0.481667370 93.021385193
0.474489272 -0.054857712 -0.878550291 -68.988945007 0.012578581 0.998376787 -0.055546366 -7.212069511 0.880171537 0.015305235 0.474409103 93.590759277
0.466171503 -0.058591660 -0.882751942 -70.117546082 0.014787534 0.998181045 -0.058444001 -7.291824341 0.884570837 0.014191204 0.466190010 94.198341370
0.459762663 -0.061290428 -0.885924220 -71.250465393 0.016815167 0.998037398 -0.060320236 -7.382143497 0.887882590 0.012836024 0.459890962 94.770904541
0.453346133 -0.064651944 -0.888986707 -72.369224548 0.019022465 0.997840583 -0.062867709 -7.477719784 0.891131520 0.011590119 0.453597009 95.352539062
0.447729558 -0.067958429 -0.891582727 -73.509986877 0.021205787 0.997634292 -0.065392904 -7.577796936 0.893917501 0.010371625 0.448111475 95.926620483
0.442889303 -0.069221213 -0.893900156 -74.651107788 0.024566583 0.997577727 -0.065078028 -7.679869175 0.896239638 0.006862293 0.443517059 96.491424561
0.438758194 -0.066502586 -0.896140933 -75.799873352 0.025989842 0.997779727 -0.061320338 -7.777029514 0.898229122 0.003614244 0.439512461 97.054214478
0.434472263 -0.065056697 -0.898332596 -76.942893982 0.029427506 0.997880876 -0.058033500 -7.871915340 0.900204301 -0.001221741 0.435465962 97.615417480
0.431860000 -0.064268127 -0.899648011 -78.071807861 0.029904019 0.997930110 -0.056934197 -7.954921246 0.901444793 -0.002315487 0.432887852 98.147613525
0.429099470 -0.064251155 -0.900969088 -79.198249817 0.031726696 0.997923493 -0.056054998 -8.041308403 0.902699888 -0.004531597 0.430246949 98.680175781
0.426961124 -0.062885381 -0.902080715 -80.328392029 0.033056859 0.997997582 -0.053925849 -8.137948036 0.903665543 -0.006795714 0.428184986 99.205245972
0.423757285 -0.062674023 -0.903604865 -81.468299866 0.035697807 0.997983873 -0.052479185 -8.214084625 0.905072033 -0.010018269 0.425140232 99.751502991
0.420944870 -0.063991793 -0.904826283 -82.608306885 0.038612198 0.997868538 -0.052608747 -8.292992592 0.906264126 -0.012791944 0.422518432 100.289367676
0.418665469 -0.064115413 -0.905874431 -83.691268921 0.039885219 0.997840226 -0.052190889 -8.375545502 0.907264233 -0.014280479 0.420318484 100.801574707
0.416473269 -0.063460626 -0.906930447 -84.799194336 0.043296967 0.997813344 -0.049937490 -8.452987671 0.908116400 -0.018469708 0.418310314 101.318893433
0.414207280 -0.062724449 -0.908018649 -85.902435303 0.045268990 0.997807562 -0.048276760 -8.536174774 0.909056127 -0.021108503 0.416138679 101.821166992
0.412736356 -0.064347208 -0.908574820 -87.001998901 0.047680024 0.997660160 -0.048996925 -8.611859322 0.909601748 -0.023098061 0.414838701 102.321395874
0.411052018 -0.064930126 -0.909296513 -88.075500488 0.048888411 0.997594893 -0.049135000 -8.698869705 0.910300016 -0.024257025 0.413237721 102.808731079
0.410470903 -0.066218913 -0.909466088 -89.140464783 0.048512444 0.997533202 -0.050735921 -8.774656296 0.910582244 -0.023294806 0.412670732 103.286941528
0.410373420 -0.066416748 -0.909495711 -90.189125061 0.048191294 0.997530103 -0.051101156 -8.860907555 0.910643220 -0.022859223 0.412560552 103.777816772
0.412990898 -0.066466190 -0.908306539 -91.239372253 0.046089306 0.997580707 -0.052042924 -8.940443039 0.909568191 -0.020369969 0.415055066 104.241218567
0.417243809 -0.066532291 -0.906355917 -92.271728516 0.044029247 0.997625351 -0.052963044 -9.019533157 0.907727420 -0.017807668 0.419182360 104.717117310
0.422464997 -0.066849343 -0.903910637 -93.313598633 0.042627200 0.997638285 -0.053858168 -9.102455139 0.905376315 -0.015777988 0.424316823 105.187446594
0.428161144 -0.067176759 -0.901202142 -94.334991455 0.042834502 0.997621000 -0.054013271 -9.179541588 0.902686656 -0.015476165 0.430020064 105.674102783
0.434967428 -0.066128515 -0.898014605 -95.341064453 0.041647319 0.997709811 -0.053297386 -9.254043579 0.899482429 -0.014217279 0.436725378 106.162239075
0.443186343 -0.064381339 -0.894114614 -96.356796265 0.040313657 0.997839928 -0.051867850 -9.332048416 0.895522475 -0.013057908 0.444824517 106.654670715
0.452635735 -0.063956380 -0.889398932 -97.330757141 0.039299831 0.997886062 -0.051757053 -9.405897141 0.890829086 -0.011526132 0.454192400 107.134399414
0.462040812 -0.063876666 -0.884555280 -98.316543579 0.038327962 0.997909069 -0.052041993 -9.473059654 0.886030138 -0.009857677 0.463522971 107.644233704
0.471784174 -0.063993797 -0.879388750 -99.290679932 0.036993038 0.997921169 -0.052773047 -9.555427551 0.880937755 -0.007633768 0.473170757 108.164596558
0.482210129 -0.065857641 -0.873576581 -100.253952026 0.035964422 0.997817874 -0.055371825 -9.622905731 0.875316978 -0.004716816 0.483526409 108.690994263
0.493850797 -0.067208707 -0.866945446 -101.208656311 0.034509096 0.997738004 -0.057690285 -9.693003654 0.868861556 -0.001427110 0.495053023 109.228080750
0.506836176 -0.065117955 -0.859579384 -102.168701172 0.032155078 0.997876942 -0.056635089 -9.773910522 0.861442566 0.001064867 0.507853985 109.774154663
0.519309700 -0.061853670 -0.852344751 -103.088508606 0.030004779 0.998081923 -0.054148588 -9.856927872 0.854059219 0.002545471 0.520169556 110.326316833
0.531793535 -0.059386190 -0.844789267 -104.002098083 0.029231817 0.998230994 -0.051771317 -9.933923721 0.846369326 0.002836925 0.532588780 110.895568848
0.543472111 -0.058887772 -0.837359071 -104.903175354 0.029301407 0.998259187 -0.051185641 -10.003898621 0.838915586 0.003282173 0.544251621 111.478584290
0.555298269 -0.058252648 -0.829608619 -105.779144287 0.029376665 0.998295248 -0.050434060 -10.092078209 0.831132293 0.003634809 0.556062877 112.055870056
0.566830277 -0.059624985 -0.821674049 -106.658332825 0.029119197 0.998204350 -0.052347127 -10.153208733 0.823319852 0.005745451 0.567548692 112.648330688
0.576823413 -0.061292373 -0.814566135 -107.506195068 0.031979635 0.998110950 -0.052457366 -10.231503487 0.816242635 0.004209106 0.577693820 113.266799927
0.588524520 -0.060188860 -0.806235850 -108.361572266 0.032298755 0.998179257 -0.050941251 -10.320502281 0.807833970 0.003939767 0.589396954 113.874877930
0.599395037 -0.058067139 -0.798344374 -109.192504883 0.031349961 0.998302996 -0.049073543 -10.385779381 0.799839139 0.004386376 0.600198328 114.489135742
0.609223068 -0.054553855 -0.791120172 -109.996055603 0.031215925 0.998507500 -0.044816159 -10.459194183 0.792384148 0.002607487 0.610016704 115.108970642
0.619259238 -0.052861337 -0.783405185 -110.802200317 0.029619996 0.998593688 -0.043967724 -10.521437645 0.784627676 0.004022969 0.619954169 115.732521057
0.629163980 -0.052822266 -0.775475621 -111.581695557 0.028012929 0.998581052 -0.045291658 -10.579490662 0.776767492 0.006772539 0.629750848 116.366104126
0.638646960 -0.051770862 -0.767756343 -112.347671509 0.025694065 0.998612583 -0.045964569 -10.647805214 0.769070685 0.009628356 0.639091074 117.002388000
0.648019731 -0.051362213 -0.759889722 -113.121650696 0.025753763 0.998630762 -0.045536775 -10.711377144 0.761188030 0.009938717 0.648455143 117.643836975
0.657244802 -0.048838630 -0.752093136 -113.863800049 0.025069799 0.998762786 -0.042948414 -10.776109695 0.753260136 0.009372801 0.657656014 118.291252136
0.665901482 -0.047401838 -0.744532287 -114.591522217 0.025433604 0.998841763 -0.040845327 -10.833515167 0.745606005 0.008262822 0.666335762 118.939483643
0.673851550 -0.046852715 -0.737379670 -115.304504395 0.025747022 0.998870373 -0.039938863 -10.891433716 0.738418043 0.007927542 0.674296618 119.602127075
0.681737185 -0.046102457 -0.730143130 -116.006973267 0.024531903 0.998891830 -0.040166181 -10.941555023 0.731185794 0.009470974 0.682112694 120.252868652
0.688986182 -0.045084983 -0.723370731 -116.695266724 0.024063911 0.998936057 -0.039339866 -10.995775223 0.724374831 0.009697497 0.689338148 120.912849426
0.696268618 -0.042309038 -0.716533303 -117.371406555 0.022961697 0.999063373 -0.036679234 -11.047909737 0.717413962 0.009085781 0.696587861 121.561271667
0.703678250 -0.039785977 -0.709403992 -118.035362244 0.021906199 0.999171197 -0.034307789 -11.093341827 0.710180998 0.008601305 0.703966618 122.222885132
0.711305022 -0.038221888 -0.701843441 -118.689582825 0.020967480 0.999229848 -0.033167191 -11.143175125 0.702570736 0.008876102 0.711558580 122.874534607
0.718558252 -0.037100308 -0.694476426 -119.325241089 0.020298386 0.999269485 -0.032380693 -11.195991516 0.695170403 0.009170664 0.718786418 123.530647278
0.726573050 -0.034169484 -0.686239064 -119.950157166 0.017541699 0.999359548 -0.031187780 -11.236029625 0.686865330 0.010622399 0.726707101 124.185523987
0.735608637 -0.031323802 -0.676682055 -120.554946899 0.016734425 0.999465883 -0.028073849 -11.282880783 0.677199900 0.009327482 0.735739827 124.837097168
0.745155573 -0.027451124 -0.666325450 -121.141586304 0.014731872 0.999586225 -0.024705986 -11.321189880 0.666727841 0.008593582 0.745251715 125.487892151
0.755084217 -0.025102746 -0.655147016 -121.719718933 0.012770562 0.999640226 -0.023583813 -11.364456177 0.655503392 0.009441167 0.755133212 126.152305603
0.764832854 -0.024168191 -0.643775403 -122.269943237 0.011129880 0.999642611 -0.024305152 -11.398815155 0.644132733 0.011424233 0.764828444 126.809616089
0.774900198 -0.025423920 -0.631572127 -122.820205688 0.011285754 0.999587893 -0.026391465 -11.432374001 0.631982863 0.013322985 0.774867833 127.479301453
0.784927070 -0.024469746 -0.619104683 -123.352310181 0.010866956 0.999609828 -0.025731396 -11.467412949 0.619492829 0.013469487 0.784886658 128.157272339
0.795149863 -0.023021977 -0.605975807 -123.872032166 0.010533370 0.999652684 -0.024156701 -11.500438690 0.606321514 0.012825231 0.795116186 128.840087891
0.805333376 -0.020730071 -0.592459738 -124.374542236 0.010308548 0.999727070 -0.020967834 -11.537612915 0.592732728 0.010778697 0.805327177 129.521499634
0.814958632 -0.019227576 -0.579200089 -124.871246338 0.010366904 0.999773145 -0.018602591 -11.566165924 0.579426408 0.009155831 0.814973295 130.215286255
0.824170768 -0.018088108 -0.566052496 -125.358810425 0.011053401 0.999813199 -0.015855135 -11.587898254 0.566233516 0.006810532 0.824216723 130.926544189
0.832405984 -0.016848201 -0.553910255 -125.825973511 0.011277805 0.999845743 -0.013464079 -11.620770454 0.554051518 0.004960689 0.832467496 131.619796753
0.839669228 -0.017497040 -0.542816281 -126.284660339 0.013051917 0.999842346 -0.012039045 -11.642212868 0.542941332 0.003024026 0.839765191 132.338653564
0.846361220 -0.016850725 -0.532342553 -126.735992432 0.012643565 0.999853373 -0.011547506 -11.666045189 0.532459080 0.003042652 0.846450210 133.054916382
0.853008151 -0.016380496 -0.521640480 -127.176849365 0.012132079 0.999859571 -0.011558602 -11.685171127 0.521756589 0.003530998 0.853087187 133.781753540
0.859858871 -0.013977541 -0.510340571 -127.623870850 0.010009703 0.999894559 -0.010520694 -11.709847450 0.510433674 0.003937954 0.859907985 134.514923096
0.865978003 -0.012953892 -0.499914229 -128.046356201 0.009194965 0.999907851 -0.009981838 -11.730398178 0.499997467 0.004047358 0.866017342 135.260040283
0.872084379 -0.013709457 -0.489163339 -128.473632812 0.010042951 0.999898374 -0.010118834 -11.750782967 0.489252299 0.003911835 0.872133493 136.007919312
0.877110004 -0.014940371 -0.480057091 -128.886123657 0.010859386 0.999877393 -0.011277129 -11.768954277 0.480166674 0.004678159 0.877164781 136.766998291
0.881507754 -0.015526047 -0.471914172 -129.292816162 0.011462498 0.999868274 -0.011484549 -11.791986465 0.472030371 0.004714404 0.881569684 137.535385132
0.884984314 -0.014964536 -0.465380251 -129.697616577 0.011208816 0.999878407 -0.010836494 -11.806358337 0.465485871 0.004373767 0.885044575 138.310928345
0.888209343 -0.013034099 -0.459253937 -130.105041504 0.010829038 0.999913692 -0.007434931 -11.825617790 0.459311247 0.001630497 0.888273895 139.096832275
0.891326845 -0.008890838 -0.453274190 -130.514343262 0.008313433 0.999960124 -0.003266232 -11.837467194 0.453285158 -0.000856985 0.891365170 139.897964478
0.894705832 -0.006107582 -0.446614146 -130.923965454 0.006706980 0.999977410 -0.000238845 -11.857122421 0.446605533 -0.002781736 0.894726634 140.707946777
0.897977591 -0.003258395 -0.440029144 -131.330490112 0.004576736 0.999987602 0.001934988 -11.864391327 0.440017402 -0.003751473 0.897981405 141.533187866
0.901220739 -0.001783451 -0.433356524 -131.733581543 0.003974419 0.999983430 0.004149950 -11.868844032 0.433341980 -0.005462361 0.901212990 142.367141724
0.904592335 -0.000300867 -0.426277637 -132.144226074 0.003585644 0.999969721 0.006903220 -11.872357368 0.426262647 -0.007773079 0.904565990 143.227844238
0.908079147 -0.000518546 -0.418798357 -132.544128418 0.004643837 0.999950230 0.008831101 -11.876269341 0.418772936 -0.009964172 0.908036232 144.095764160
0.911516845 -0.000977746 -0.411261469 -132.936981201 0.005552741 0.999935269 0.009929778 -11.878538132 0.411225230 -0.011334789 0.911463320 144.984176636
0.915348232 -0.001145802 -0.402661592 -133.352966309 0.005623926 0.999934793 0.009939175 -11.878038406 0.402623922 -0.011362345 0.915294945 145.896057129
0.919249594 -0.003986009 -0.393655151 -133.744735718 0.008285535 0.999923110 0.009223235 -11.873757362 0.393588096 -0.011740097 0.919211924 146.814468384
0.923231304 -0.005322620 -0.384207934 -134.127639771 0.009155645 0.999924839 0.008148083 -11.877557755 0.384135693 -0.011040234 0.923210680 147.743041992
0.927763402 -0.006299607 -0.373115808 -134.511047363 0.009278231 0.999937773 0.006187859 -11.880546570 0.373053640 -0.009202723 0.927764118 148.688140869
0.933096945 -0.004195121 -0.359600604 -134.890853882 0.006610128 0.999963105 0.005486430 -11.879640579 0.359564334 -0.007496376 0.933090150 149.658874512
0.939340115 -0.000464097 -0.342986763 -135.255523682 0.002896845 0.999974191 0.006580539 -11.880765915 0.342974901 -0.007174944 0.939317048 150.626449585
0.945697486 0.003206721 -0.325032324 -135.600479126 -0.000028597 0.999952137 0.009782177 -11.893650055 0.325048089 -0.009241685 0.945652306 151.615798950
0.952299118 0.006380005 -0.305099785 -135.937789917 -0.003113641 0.999932528 0.011191281 -11.890170097 0.305150568 -0.009707475 0.952254653 152.639556885
0.958830297 0.007686713 -0.283875585 -136.249572754 -0.004440807 0.999917209 0.012076056 -11.890523911 0.283944994 -0.010318249 0.958785057 153.666976929
0.964870393 0.009347924 -0.262559950 -136.544036865 -0.005991715 0.999889791 0.013580389 -11.887229919 0.262658000 -0.011530131 0.964820087 154.722900391
0.970463216 0.009868161 -0.241046920 -136.803588867 -0.006122362 0.999848604 0.016283717 -11.883703232 0.241171122 -0.014326977 0.970376849 155.784317017
0.975688398 0.012428383 -0.218809724 -137.061889648 -0.008310176 0.999770820 0.019731265 -11.876254082 0.219004780 -0.017433221 0.975568056 156.874450684
0.980355859 0.014853938 -0.196676657 -137.290893555 -0.010314771 0.999656737 0.024083653 -11.870536804 0.196966901 -0.021581877 0.980172515 157.988632202
0.984565854 0.016963523 -0.174190298 -137.498962402 -0.012396943 0.999551177 0.027270760 -11.854476929 0.174574733 -0.024690431 0.984334290 159.114685059
0.988227487 0.018919071 -0.151817411 -137.684082031 -0.014947738 0.999516666 0.027257515 -11.839919090 0.152259782 -0.024667295 0.988032639 160.257232666
0.991377354 0.018046394 -0.129789203 -137.843368530 -0.014889949 0.999570310 0.025249276 -11.821928024 0.130189076 -0.023099005 0.991220117 161.419586182
0.993913889 0.018539608 -0.108588509 -137.993347168 -0.016013226 0.999581516 0.024091687 -11.797508240 0.108989708 -0.022206210 0.993794739 162.610687256
0.995950878 0.017228967 -0.088231549 -138.097534180 -0.014996793 0.999552071 0.025899801 -11.779858589 0.088638246 -0.024471745 0.995763183 163.800552368
0.997520447 0.017776158 -0.068094373 -138.194763184 -0.015926737 0.999491990 0.027607018 -11.762958527 0.068550505 -0.026454046 0.997296870 165.003051758
0.998691142 0.018614512 -0.047640264 -138.262878418 -0.017270060 0.999445200 0.028478667 -11.741002083 0.048143946 -0.027618643 0.998458564 166.220031738
0.999428332 0.020072937 -0.027209278 -138.299468994 -0.019285871 0.999396622 0.028886592 -11.721065521 0.027772699 -0.028345320 0.999212325 167.441024780
0.999759912 0.020824200 -0.006817348 -138.315673828 -0.020613419 0.999347687 0.029651770 -11.700126648 0.007430375 -0.029504122 0.999537110 168.683410645
0.999640167 0.022901595 0.013966716 -138.313049316 -0.023301139 0.999303460 0.029148657 -11.679544449 -0.013289435 -0.029463604 0.999477506 169.939254761
0.999143600 0.023896504 0.033778869 -138.278152466 -0.024840511 0.999304652 0.027808806 -11.655366898 -0.033090845 -0.028624075 0.999042332 171.209304810
0.998265445 0.024429301 0.053564556 -138.222885132 -0.025814136 0.999346137 0.025315942 -11.635578156 -0.052911080 -0.026654756 0.998243451 172.492584229
0.997056127 0.026510464 0.071948171 -138.130889893 -0.028206760 0.999345064 0.022663722 -11.618118286 -0.071300238 -0.024626423 0.997150838 173.779388428
0.995479465 0.026597699 0.091176450 -138.022338867 -0.028604377 0.999374926 0.020772858 -11.603494644 -0.090566948 -0.023287000 0.995618045 175.075439453
0.993556380 0.027010405 0.110072754 -137.887512207 -0.029108889 0.999423027 0.017502112 -11.591002464 -0.109536484 -0.020593433 0.993769407 176.385665894
0.991282463 0.028074447 0.128727898 -137.726501465 -0.029900057 0.999477684 0.012271018 -11.584562302 -0.128316149 -0.016013015 0.991604030 177.701904297
0.988737881 0.029845400 0.146651387 -137.543182373 -0.031025361 0.999501944 0.005764768 -11.589323044 -0.146406308 -0.010249756 0.989171445 179.019592285
0.985939264 0.031829938 0.164044619 -137.333511353 -0.032346189 0.999476612 0.000476033 -11.595278740 -0.163943648 -0.005775557 0.986452758 180.340759277
0.982762516 0.034200009 0.181682244 -137.097274780 -0.034064975 0.999412119 -0.003864606 -11.609356880 -0.181707636 -0.002391012 0.983349621 181.685241699
0.979183435 0.036529046 0.199663162 -136.841247559 -0.035932269 0.999332368 -0.006613007 -11.630981445 -0.199771419 -0.000699003 0.979842305 183.029266357
0.975486577 0.035834707 0.217121542 -136.551742554 -0.035277892 0.999356747 -0.006441341 -11.654135704 -0.217212752 -0.001376147 0.976123333 184.393966675
0.971576512 0.035133746 0.234103963 -136.232025146 -0.034390692 0.999382079 -0.007256803 -11.677071571 -0.234214276 -0.001000457 0.972184479 185.755554199
0.967312634 0.035235304 0.251126945 -135.893386841 -0.033268396 0.999373436 -0.012074750 -11.709839821 -0.251395077 0.003325467 0.967878759 187.114776611
0.962870240 0.036271498 0.267516792 -135.523651123 -0.032941401 0.999313951 -0.016927203 -11.732327461 -0.267947257 0.007486321 0.963404477 188.470764160
0.958081841 0.038480159 0.283898801 -135.123275757 -0.035101067 0.999239445 -0.016982103 -11.768672943 -0.284336299 0.006305092 0.958703876 189.851226807
0.952660561 0.040697791 0.301299721 -134.702499390 -0.037068035 0.999154985 -0.017756874 -11.808525085 -0.301767856 0.005747686 0.953364134 191.223358154
0.946786046 0.044511154 0.318771034 -134.264282227 -0.039941583 0.998984098 -0.020860780 -11.852781296 -0.319375783 0.007018479 0.947602153 192.595596313
0.940786421 0.045032073 0.335995615 -133.791320801 -0.038873181 0.998930395 -0.025037667 -11.898653030 -0.336763740 0.010493881 0.941530704 193.964447021
0.934380472 0.046047509 0.353288502 -133.292053223 -0.038895328 0.998869717 -0.027321631 -11.951640129 -0.354147345 0.011787522 0.935115337 195.335494995
0.927669644 0.046830736 0.370453447 -132.762329102 -0.037386145 0.998767674 -0.032638468 -12.014213562 -0.371525407 0.016427893 0.928277433 196.706558228
0.919681966 0.049936861 0.389475703 -132.210830688 -0.037812918 0.998533666 -0.038738701 -12.080963135 -0.390839130 0.020900078 0.920221686 198.071380615
0.910223961 0.053703461 0.410619289 -131.620452881 -0.039829582 0.998311758 -0.042275071 -12.155573845 -0.412196338 0.022124985 0.910826266 199.435913086
0.898966372 0.056514885 0.434356511 -131.010742188 -0.041646708 0.998177052 -0.043680415 -12.236777306 -0.436033279 0.021177705 0.899681270 200.773986816
