1.000000000 0.000000000 0.000000000 0.000000000 0.000000000 1.000000000 0.000000000 0.000000000 0.000000000 0.000000000 1.000000000 0.000000000
0.999933660 -0.002518329 0.011242159 0.015890023 0.002507541 0.999996364 0.000973580 -0.003621683 -0.011244570 -0.000945325 0.999936342 0.295408785
0.999827743 -0.004550552 0.017994976 0.025135634 0.004529835 0.999989033 0.001191851 -0.008770764 -0.018000202 -0.001110132 0.999837339 0.582637668
0.999777555 -0.007437902 0.019736882 0.039077871 0.007439847 0.999972343 -0.000025123 -0.012656656 -0.019736150 0.000171956 0.999805212 0.886771023
0.999815404 -0.008676450 0.017141977 0.050866619 0.008708829 0.999960423 -0.001815127 -0.009701773 -0.017125551 0.001964078 0.999851406 1.202841878
0.999882698 -0.011537164 0.010076797 0.056488600 0.011571964 0.999927282 -0.003401981 -0.010693267 -0.010036814 0.003518190 0.999943435 1.520069480
0.999911547 -0.013142966 -0.002025497 0.057603881 0.013131059 0.999897003 -0.005784535 -0.007428227 0.002101314 0.005757427 0.999981225 1.861390829
0.999748766 -0.012401640 -0.018671351 0.038600434 0.012289011 0.999905646 -0.006134953 -0.010603956 0.018745678 0.005903960 0.999806881 2.200194836
0.999227405 -0.007809392 -0.038517818 0.011508261 0.007592442 0.999954522 -0.005775560 -0.020248342 0.038561169 0.005478653 0.999241233 2.540419579
0.998304725 -0.004392509 -0.058037817 -0.034449626 0.003975300 0.999965429 -0.007302076 -0.020756721 0.058067888 0.007058979 0.998287678 2.894390106
0.996917307 -0.004120531 -0.078351825 -0.075305171 0.003518765 0.999963284 -0.007816821 -0.023816418 0.078381151 0.007517023 0.996895134 3.261188030
0.994993448 -0.005569013 -0.099784702 -0.119535208 0.004839020 0.999959707 -0.007556231 -0.023765253 0.099822760 0.007035539 0.994980335 3.632448435
0.992839038 -0.007292476 -0.119237036 -0.181203768 0.006590546 0.999958515 -0.006280114 -0.036029797 0.119277902 0.005449306 0.992845893 4.015976906
0.990594625 -0.005858157 -0.136703923 -0.258524567 0.005057360 0.999967992 -0.006204473 -0.035444539 0.136735901 0.005454757 0.990592480 4.411920071
0.988150001 -0.004901181 -0.153413311 -0.322000057 0.004172509 0.999978483 -0.005071337 -0.047983307 0.153434858 0.004371123 0.988149107 4.825212479
0.986057520 -0.003866222 -0.166359767 -0.411729246 0.003030530 0.999981463 -0.005276955 -0.053646892 0.166377082 0.004699223 0.986051023 5.241287231
0.983882010 -0.005637599 -0.178729996 -0.495353013 0.004602583 0.999970138 -0.006205078 -0.058965594 0.178759620 0.005282445 0.983878613 5.672106266
0.982032001 -0.009497426 -0.188475341 -0.587129354 0.008052745 0.999931991 -0.008429369 -0.067331828 0.188542560 0.006760166 0.982041776 6.125427246
0.980504811 -0.008514210 -0.196310282 -0.686025441 0.006614598 0.999924719 -0.010330201 -0.076120138 0.196383446 0.008830300 0.980487406 6.582444668
0.979032755 -0.007753826 -0.203555301 -0.794763923 0.005381235 0.999911010 -0.012206657 -0.079581156 0.203631863 0.010855338 0.978987336 7.048484802
0.977262735 -0.008706032 -0.211853445 -0.903209388 0.005616742 0.999868929 -0.015179646 -0.088420838 0.211957842 0.013644575 0.977183521 7.531979084
0.975566626 -0.012369503 -0.219355330 -1.021677613 0.008836892 0.999815047 -0.017078405 -0.098462306 0.219526023 0.014722702 0.975495577 8.029959679
0.973522782 -0.018973097 -0.227801651 -1.127143860 0.015146102 0.999713361 -0.018536249 -0.108802579 0.228088051 0.014595151 0.973531127 8.548638344
0.971424043 -0.019721113 -0.236529812 -1.246477723 0.015330433 0.999674618 -0.020387897 -0.130138427 0.236854896 0.016179191 0.971410275 9.058483124
0.969229400 -0.015902001 -0.245644957 -1.392753839 0.010008506 0.999631822 -0.025221799 -0.136665583 0.245955557 0.021987168 0.969031692 9.586367607
0.967092335 -0.012834933 -0.254101604 -1.552746892 0.005901189 0.999589622 -0.028030803 -0.155687168 0.254357100 0.025608875 0.966771245 10.129917145
0.964789927 -0.015153525 -0.262584686 -1.711936593 0.007445341 0.999512315 -0.030325243 -0.172167093 0.262916148 0.027302459 0.964432359 10.701762199
0.962292314 -0.018564651 -0.271383196 -1.860037088 0.010252340 0.999434769 -0.032015286 -0.193951830 0.271824241 0.028025752 0.961938739 11.263009071
0.960080206 -0.018212851 -0.279131144 -2.036983490 0.008979138 0.999370337 -0.034323260 -0.217510447 0.279580593 0.030446725 0.959639311 11.836860657
0.957824945 -0.017090326 -0.286843389 -2.228630781 0.006433792 0.999255002 -0.038052626 -0.243737221 0.287280053 0.034602266 0.957221389 12.426705360
0.955433309 -0.017750114 -0.294672847 -2.420593739 0.005251815 0.999054670 -0.043151513 -0.275415421 0.295160264 0.039680824 0.954623461 13.030506134
0.953438520 -0.020290144 -0.300904155 -2.604668617 0.005248417 0.998699486 -0.050712869 -0.307721823 0.301541805 0.046772331 0.952305019 13.634192467
0.952021539 -0.021001868 -0.305309445 -2.809843540 0.003110304 0.998254895 -0.058970138 -0.343236178 0.306015164 0.055191234 0.950425506 14.254353523
0.950814962 -0.020742882 -0.309064209 -3.025275230 -0.000168157 0.997720659 -0.067479469 -0.387176692 0.309759468 0.064212449 0.948644221 14.866558075
0.949472189 -0.020590330 -0.313174963 -3.248528957 -0.003501929 0.997088492 -0.076172642 -0.436624318 0.313831568 0.073420525 0.946635723 15.510331154
0.948404908 -0.019894842 -0.316436797 -3.486687660 -0.006851248 0.996510506 -0.083186194 -0.490064144 0.316987544 0.081062190 0.944959223 16.150184631
0.946661234 -0.018063730 -0.321723819 -3.723196745 -0.011521087 0.995891690 -0.089816444 -0.551893890 0.322024494 0.088732339 0.942563951 16.815906525
0.944958508 -0.017476646 -0.326723069 -3.957486391 -0.014690336 0.995299220 -0.095727079 -0.617279053 0.326860249 0.095257796 0.940259635 17.472684860
0.943318129 -0.016004492 -0.331504017 -4.206453323 -0.018709492 0.994683981 -0.101260960 -0.686518908 0.331362396 0.101723559 0.938003898 18.144027710
0.941468954 -0.013137330 -0.336843729 -4.465862274 -0.023349248 0.994299054 -0.104039453 -0.765309811 0.336290121 0.105814941 0.935794890 18.840904236
0.939718843 -0.012007899 -0.341737330 -4.735386372 -0.025735628 0.994065285 -0.105697826 -0.840889394 0.340978324 0.108121052 0.933832705 19.541255951
0.937299490 -0.011546561 -0.348333895 -5.000064373 -0.026687039 0.994139016 -0.104763389 -0.923082054 0.347501963 0.107490651 0.931497812 20.249717712
0.935121357 -0.011386291 -0.354144484 -5.280476093 -0.026937433 0.994306505 -0.103096992 -1.005335450 0.353302062 0.105947942 0.929490566 20.961212158
0.932625592 -0.011807325 -0.360652566 -5.571155548 -0.026601156 0.994495392 -0.101347536 -1.086652279 0.359863937 0.104113065 0.927177727 21.678567886
0.929374218 -0.010774593 -0.368981630 -5.856518269 -0.027513551 0.994771659 -0.098348118 -1.167367339 0.368112057 0.101554208 0.924218714 22.381277084
0.925996363 -0.009002759 -0.377425104 -6.169772625 -0.028048288 0.995312274 -0.092556559 -1.247308254 0.376489103 0.096293151 0.921403110 23.122591019
0.922517002 -0.005286614 -0.385920316 -6.494563103 -0.030891972 0.995686769 -0.087484837 -1.328375220 0.384718239 0.092628099 0.918374598 23.864381790
0.918932140 -0.001467781 -0.394413054 -6.828426838 -0.034276146 0.995912611 -0.083565265 -1.404217601 0.392923594 0.090309754 0.915125787 24.612049103
0.915037811 0.000080112 -0.403368324 -7.173892021 -0.036191311 0.995983005 -0.081901893 -1.478684306 0.401741445 0.089541756 0.911364973 25.365274429
0.911020041 -0.000230895 -0.412361950 -7.519798756 -0.036492266 0.996031225 -0.081179082 -1.549662232 0.410744131 0.089003786 0.907396019 26.095914841
0.907346845 0.000081609 -0.420382679 -7.891891479 -0.037096687 0.996114254 -0.079875484 -1.620936871 0.418742687 0.088069573 0.903824210 26.864950180
0.903348505 0.000598377 -0.428906977 -8.279500008 -0.037822057 0.996214569 -0.078269608 -1.689601541 0.427236587 0.086926870 0.899951398 27.653434753
0.899389684 -0.000204686 -0.437147677 -8.636629105 -0.036621224 0.996449411 -0.075811274 -1.764937878 0.435611069 0.084192745 0.896188915 28.394231796
0.895699143 0.000073161 -0.444660693 -9.038403511 -0.035638802 0.996794701 -0.071624763 -1.835388064 0.443230242 0.080001399 0.892830789 29.183277130
0.891746104 0.002820172 -0.452527285 -9.450659752 -0.036704127 0.997136712 -0.066114627 -1.902107596 0.451045066 0.075567074 0.889296293 29.972383499
0.888122201 0.003041083 -0.459597349 -9.879080772 -0.035323195 0.997472048 -0.061658125 -1.970002770 0.458247989 0.070994392 0.885984480 30.773712158
0.884341419 0.001676566 -0.466837674 -10.309941292 -0.033473242 0.997647464 -0.059826259 -2.032408476 0.465639085 0.068533406 0.882317066 31.578382492
0.880796373 0.001568742 -0.473492593 -10.739087105 -0.033542775 0.997688890 -0.059091173 -2.091338396 0.472305596 0.067929551 0.878813386 32.391845703
0.877786696 0.002252628 -0.479046285 -11.203728676 -0.033816587 0.997785687 -0.057272371 -2.150101185 0.477856517 0.066472642 0.875919282 33.217639923
0.874493539 -0.000011279 -0.485037118 -11.653189659 -0.030996321 0.997954607 -0.055907760 -2.204970121 0.484045714 0.063925348 0.872704566 34.043514252
0.871926188 -0.000709181 -0.489636779 -12.153120041 -0.030507706 0.997977316 -0.055772401 -2.269987583 0.488685966 0.063567117 0.870140970 34.893589020
0.869468510 -0.002777722 -0.493980587 -12.619452477 -0.028835854 0.997993648 -0.056366611 -2.323140860 0.493146002 0.063253351 0.867643893 35.747688293
0.868061066 -0.002458430 -0.496451378 -13.121417046 -0.029640255 0.997947276 -0.056768771 -2.383041143 0.495571822 0.063993707 0.866206288 36.609535217
0.867654085 -0.002513867 -0.497161984 -13.619566917 -0.029128281 0.998012424 -0.055881470 -2.446589947 0.496314317 0.062967256 0.865856349 37.463550568
0.867266893 -0.002555589 -0.497836947 -14.126901627 -0.028177725 0.998131812 -0.054211356 -2.509315968 0.497045487 0.061043624 0.865574598 38.351787567
0.867124856 -0.003425604 -0.498079062 -14.646079063 -0.026874978 0.998198032 -0.053652909 -2.574629784 0.497365326 0.059909634 0.865470171 39.226181030
0.866459966 -0.005644677 -0.499214739 -15.171993256 -0.024757516 0.998220086 -0.054257259 -2.638781309 0.498632431 0.059371058 0.864777923 40.132083893
0.865357280 -0.008118054 -0.501089692 -15.706678391 -0.022318810 0.998252511 -0.054715980 -2.703303576 0.500658154 0.058532599 0.863663912 41.040832520
0.863695204 -0.008611007 -0.503940940 -16.251972198 -0.020921024 0.998379827 -0.052915804 -2.763688564 0.503580153 0.056246087 0.862115681 41.977424622
0.861672282 -0.007663019 -0.507407248 -16.793928146 -0.019924048 0.998604178 -0.048915979 -2.828435898 0.507073760 0.052259151 0.860316873 42.880054474
0.858892143 -0.007507012 -0.512101531 -17.345932007 -0.017991526 0.998833120 -0.044817362 -2.892650366 0.511840343 0.047706760 0.857754886 43.793392181
0.854828298 -0.007944031 -0.518850207 -17.915855408 -0.016563071 0.998955607 -0.042583220 -2.961729765 0.518646598 0.044995092 0.853803933 44.713077545
0.849629283 -0.011079517 -0.527264178 -18.484001160 -0.014993030 0.998867691 -0.045149069 -3.020044088 0.527167380 0.046265256 0.848501146 45.615261078
0.843419611 -0.015237235 -0.537039161 -19.055377960 -0.012763530 0.998747349 -0.048382234 -3.078852415 0.537103593 0.047661051 0.842168689 46.519630432
0.837404191 -0.015133975 -0.546374559 -19.644779205 -0.012834729 0.998796523 -0.047336791 -3.142241478 0.546433389 0.046652604 0.836202264 47.406337738
0.831510663 -0.011525265 -0.555389225 -20.243066788 -0.014531545 0.998991251 -0.042486910 -3.202640295 0.555318713 0.043398984 0.830504477 48.288875580
0.826188624 -0.006708059 -0.563353717 -20.852212906 -0.017883694 0.999112904 -0.038124196 -3.260643005 0.563109815 0.041572627 0.825335741 49.173767090
0.822270811 -0.006480724 -0.569059610 -21.474220276 -0.019431310 0.999032378 -0.039455000 -3.316318512 0.568764627 0.043500271 0.821349204 50.039707184
0.818691075 -0.009374629 -0.574157715 -22.085363388 -0.019060271 0.998872161 -0.043487236 -3.378016472 0.573917806 0.046546213 0.817589045 50.922130585
0.815578997 -0.011779639 -0.578525841 -22.711029053 -0.021685548 0.998468280 -0.050901569 -3.433404207 0.578239262 0.054059908 0.814074337 51.792755127
0.812375963 -0.012682280 -0.582996130 -23.349199295 -0.021802370 0.998403847 -0.052099418 -3.498904228 0.582726300 0.055035017 0.810802817 52.674747467
0.809016287 -0.011075533 -0.587681830 -23.988166809 -0.021143822 0.998627007 -0.047927327 -3.566170454 0.587405801 0.051199831 0.807671368 53.537204742
0.805816412 -0.008774134 -0.592100620 -24.624561310 -0.020978512 0.998839617 -0.043352056 -3.620722294 0.591793835 0.047355194 0.804697216 54.391944885
0.803015113 -0.006056774 -0.595927894 -25.270118713 -0.022372132 0.998937190 -0.040299330 -3.675727606 0.595538616 0.045693148 0.802026093 55.240009308
0.799908638 -0.005617021 -0.600095570 -25.922777176 -0.023679798 0.998882055 -0.040914182 -3.725506783 0.599654436 0.046937749 0.798881352 56.099674225
0.796407044 -0.006846642 -0.604722142 -26.589475632 -0.023676680 0.998816311 -0.042490277 -3.783731461 0.604297340 0.048157368 0.795302212 56.955375671
0.792048931 -0.009853525 -0.610378027 -27.246978760 -0.022605363 0.998710573 -0.045456052 -3.837299824 0.610038877 0.049801238 0.790804863 57.820510864
0.788110316 -0.010901717 -0.615437448 -27.903152466 -0.021939306 0.998710334 -0.045785718 -3.896830082 0.615143001 0.049586471 0.786854625 58.641284943
0.783495069 -0.011137403 -0.621298075 -28.579679489 -0.020901864 0.998801231 -0.044263065 -3.967650414 0.621046364 0.047666185 0.782323182 59.481555939
0.778672278 -0.010736134 -0.627339065 -29.264022827 -0.021172464 0.998834610 -0.043373730 -4.025796890 0.627073586 0.047056235 0.777537465 60.315841675
0.773170352 -0.012256257 -0.634079993 -29.960973740 -0.020607317 0.998799801 -0.044433691 -4.088264942 0.633863568 0.047421500 0.771989882 61.173645020
0.767585456 -0.014088914 -0.640791774 -30.652826309 -0.019236794 0.998801529 -0.045003559 -4.158924580 0.640657902 0.046870850 0.766394556 61.998401642
0.761880219 -0.015362706 -0.647535801 -31.363246918 -0.018891558 0.998766303 -0.045923106 -4.217585087 0.647442520 0.047220863 0.760650039 62.830291748
0.756244421 -0.016753716 -0.654074728 -32.086887360 -0.018580314 0.998719037 -0.047064215 -4.281473637 0.654025376 0.047744952 0.754964352 63.660053253
0.749834418 -0.018682040 -0.661361694 -32.817443848 -0.018427342 0.998623729 -0.049101394 -4.334665298 0.661368847 0.049005054 0.748458207 64.494697571
0.743843734 -0.019883895 -0.668057680 -33.571357727 -0.016642483 0.998696387 -0.048255373 -4.411509991 0.668146431 0.047012605 0.742543101 65.316566467
0.737627566 -0.019565772 -0.674924135 -34.333702087 -0.016045151 0.998789907 -0.046490319 -4.477403641 0.675017059 0.045121808 0.736421108 66.139114380
0.730971038 -0.020131450 -0.682111382 -35.094524384 -0.015191235 0.998836994 -0.045758497 -4.537734032 0.682239234 0.043810248 0.729815125 66.949073792
0.724451184 -0.021787651 -0.688981533 -35.853755951 -0.014093834 0.998823225 -0.046405178 -4.604442596 0.689181864 0.043328676 0.723291755 67.743957520
0.717672944 -0.024119264 -0.695962548 -36.642478943 -0.013030345 0.998759925 -0.048049830 -4.666488647 0.696258485 0.043552693 0.716468632 68.564666748
0.711746871 -0.023465963 -0.702044010 -37.448825836 -0.014467558 0.998740077 -0.048050605 -4.727284431 0.702287018 0.044356730 0.710510612 69.362785339
0.706274450 -0.022875184 -0.707568467 -38.260650635 -0.014762717 0.998784542 -0.047025714 -4.792628765 0.707784235 0.043658696 0.705078304 70.160774231
0.701250553 -0.022461951 -0.712560892 -39.076683044 -0.015557581 0.998783290 -0.046795130 -4.857565403 0.712745130 0.043900840 0.700047970 70.958015442
0.696222246 -0.022936586 -0.717459798 -39.906002045 -0.016531741 0.998711944 -0.047970373 -4.919178486 0.717635989 0.045258895 0.694946289 71.755874634
0.691285789 -0.024958925 -0.722150266 -40.732940674 -0.017097373 0.998558462 -0.050878771 -4.989300251 0.722379148 0.047518644 0.689862549 72.529914856
0.686390638 -0.028206196 -0.726685882 -41.572994232 -0.015483405 0.998454213 -0.053379681 -5.054501534 0.727068245 0.047890887 0.684892833 73.310760498
0.681345880 -0.028120814 -0.731421173 -42.439414978 -0.016316967 0.998429894 -0.053586304 -5.133531570 0.731779695 0.048445385 0.679817200 74.105857849
0.676296234 -0.027425418 -0.736118913 -43.329120636 -0.016773129 0.998474240 -0.052609947 -5.202905655 0.736438692 0.047926933 0.674804449 74.916450500
0.671238303 -0.027543722 -0.740729630 -44.204135895 -0.015835075 0.998548448 -0.051480114 -5.274798393 0.741072416 0.046284936 0.669827819 75.697921753
0.665978670 -0.028907880 -0.745410383 -45.090248108 -0.015386815 0.998503923 -0.052470319 -5.346099854 0.745812058 0.046413615 0.664537549 76.485755920
0.661067724 -0.029952338 -0.749728143 -45.966926575 -0.014316767 0.998517454 -0.052515414 -5.416663170 0.750189602 0.045449931 0.659658849 77.258125305
0.656946838 -0.030524850 -0.753318608 -46.875804901 -0.013711999 0.998531044 -0.052418809 -5.492505550 0.753812075 0.044765882 0.655563295 78.027313232
0.652729809 -0.031446960 -0.756937802 -47.771869659 -0.012352983 0.998563468 -0.052137628 -5.567264557 0.757490039 0.043382231 0.651403725 78.801895142
0.648974955 -0.034256529 -0.760038018 -48.681476593 -0.009712619 0.998531282 -0.053299256 -5.643754482 0.760747790 0.041971847 0.647689164 79.565246582
0.644685686 -0.038780726 -0.763463438 -49.592872620 -0.006897597 0.998376608 -0.056537811 -5.717243671 0.764416635 0.041715175 0.643371582 80.326774597
0.639952123 -0.043102082 -0.767204881 -50.521690369 -0.002861368 0.998284996 -0.058471084 -5.789006233 0.768409371 0.039613951 0.638731301 81.104804993
0.633152485 -0.046261296 -0.772643387 -51.457771301 0.001800628 0.998297632 -0.058296591 -5.866941452 0.774024963 0.035519384 0.632157981 81.876983643
0.624944746 -0.050220937 -0.779051900 -52.379047394 0.006761274 0.998239398 -0.058926884 -5.953612804 0.780639708 0.031558663 0.624184072 82.611656189
0.615758121 -0.051147547 -0.786273301 -53.331878662 0.009546909 0.998301923 -0.057463616 -6.036725998 0.787877440 0.027877204 0.615200877 83.352996826
0.607317328 -0.049383517 -0.792922974 -54.304698944 0.009520344 0.998446941 -0.054891780 -6.115377426 0.794402242 0.025787838 0.606844366 84.085433960
0.598696589 -0.049334306 -0.799455106 -55.284687042 0.009391475 0.998465180 -0.054582104 -6.196980000 0.800920784 0.025170064 0.598241031 84.803474426
0.588798046 -0.051011581 -0.806668818 -56.272041321 0.008921666 0.998355865 -0.056621328 -6.273050308 0.808230817 0.026141696 0.588285148 85.519165039
0.578740418 -0.052941587 -0.813791513 -57.295890808 0.008982706 0.998243868 -0.058553021 -6.360786915 0.815462291 0.026576953 0.578199744 86.243499756
0.568971872 -0.054886192 -0.820523262 -58.327514648 0.009635723 0.998146653 -0.060086064 -6.438933849 0.822300553 0.026280945 0.568446338 86.953681946
0.558431685 -0.055171017 -0.827713847 -59.357162476 0.012318025 0.998227358 -0.058225974 -6.531642914 0.829459071 0.022319421 0.558121443 87.661972046
0.548507571 -0.055456582 -0.834304571 -60.402858734 0.013465369 0.998254597 -0.057501704 -6.612108231 0.836037219 0.020305894 0.548296809 88.335212708
0.538861096 -0.056213383 -0.840517044 -61.459114075 0.013748175 0.998225033 -0.057946779 -6.694592953 0.842282474 0.019669684 0.538677394 88.993682861
0.528030872 -0.056756280 -0.847326636 -62.535930634 0.013305981 0.998194575 -0.058569923 -6.790285587 0.849120975 0.019652206 0.527832687 89.662879944
0.517481446 -0.057869084 -0.853735328 -63.605655670 0.012205971 0.998108268 -0.060256664 -6.866949081 0.855607510 0.020761037 0.517208755 90.321708679
0.507716477 -0.058668498 -0.859524250 -64.691040039 0.011568926 0.998053014 -0.061290339 -6.959530354 0.861446559 0.021174345 0.507406592 90.955711365
0.497715324 -0.058747888 -0.865348518 -65.781311035 0.010490716 0.998038173 -0.061722238 -7.047672272 0.867277026 0.021641975 0.497355193 91.585121155
0.489193052 -0.056731246 -0.870328546 -66.900474548 0.009645846 0.998173177 -0.059642904 -7.135641575 0.872122228 0.020781845 0.488846540 92.204734802
0.481336325 -0.055419039 -0.874782383 -68.018699646 0.010054704 0.998282611 -0.057710562 -7.219377041 0.876478314 0.018982513 0.481066972 92.814697266
0.473856062 -0.055284046 -0.878865242 -69.125968933 0.009805046 0.998296797 -0.057510179 -7.311079502 0.880547702 0.018634241 0.473591059 93.406990051
0.465703398 -0.058199119 -0.883024991 -70.229232788 0.011600657 0.998150826 -0.059668791 -7.399712086 0.884864748 0.017544292 0.465517402 93.998252869
0.458595783 -0.061382290 -0.886522472 -71.371292114 0.014476436 0.997995198 -0.061611976 -7.492661953 0.888527036 0.015421307 0.458564997 94.587341309
0.452493459 -0.064525098 -0.889430225 -72.502021790 0.015834583 0.997802913 -0.064331383 -7.589863777 0.891627133 0.015025779 0.452521056 95.162490845
0.446881235 -0.068183511 -0.891991079 -73.643630981 0.017942842 0.997573733 -0.067264967 -7.688030720 0.894413292 0.014054595 0.447020471 95.735740662
0.442043066 -0.069330692 -0.894310474 -74.792968750 0.020644752 0.997530758 -0.067128405 -7.785418510 0.896756232 0.011210823 0.442382872 96.305412292
0.437768459 -0.066206403 -0.896646798 -75.916793823 0.022374300 0.997778475 -0.062749952 -7.900497437 0.898809254 0.007408104 0.438277245 96.862892151
0.433692366 -0.064673930 -0.898737013 -77.058502197 0.025722224 0.997902930 -0.059397548 -7.993603230 0.900693774 0.002642746 0.434446454 97.418403625
0.430609763 -0.063836865 -0.900277793 -78.187728882 0.026647523 0.997959852 -0.058017593 -8.085107803 0.902144670 0.000992763 0.431432366 97.950904846
0.427373648 -0.063543022 -0.901839256 -79.341110229 0.029234707 0.997976542 -0.056462739 -8.189920425 0.903602242 -0.002234327 0.428366601 98.506973267
0.425040483 -0.062589772 -0.903007746 -80.477272034 0.030794267 0.998028815 -0.054681238 -8.276812553 0.904650390 -0.004565721 0.426130116 99.038772583
0.423248976 -0.061699081 -0.903910160 -81.627250671 0.033131845 0.998065293 -0.052612193 -8.363080025 0.905407369 -0.007680155 0.424474329 99.563583374
0.420312196 -0.062371083 -0.905233383 -82.745544434 0.034132984 0.998015463 -0.052915413 -8.453642845 0.906737328 -0.008657321 0.421606988 100.083847046
0.418168098 -0.063231617 -0.906166136 -83.867362976 0.036093235 0.997943044 -0.052979812 -8.527590752 0.907652318 -0.010551999 0.419590205 100.593978882
0.415637553 -0.062176406 -0.907402635 -84.978393555 0.039954081 0.997945607 -0.050079498 -8.611294746 0.908652365 -0.015439508 0.417267919 101.119506836
0.413680017 -0.061566513 -0.908338249 -86.074066162 0.041610409 0.997946739 -0.048689697 -8.686019897 0.909470916 -0.017654367 0.415392488 101.616157532
0.411803961 -0.063393176 -0.909064889 -87.177947998 0.044673286 0.997782350 -0.049342968 -8.760951996 0.910176814 -0.020291286 0.413722754 102.116905212
0.410578609 -0.064880684 -0.909513950 -88.258567810 0.045835339 0.997672796 -0.050478261 -8.835250854 0.910672486 -0.020962587 0.412596941 102.603698730
0.410011619 -0.066288441 -0.909668267 -89.324089050 0.046177454 0.997585118 -0.051881630 -8.917162895 0.910910606 -0.020734092 0.412082493 103.089019775
0.410589278 -0.066673264 -0.909379542 -90.396537781 0.045254741 0.997584045 -0.052707445 -8.996376991 0.910696685 -0.019512622 0.412614644 103.563720703
0.412771791 -0.066811338 -0.908380806 -91.442413330 0.043711048 0.997610033 -0.053511679 -9.073416710 0.909785032 -0.017618161 0.414705724 104.037666321
0.417360216 -0.066786632 -0.906283617 -92.475677490 0.041029438 0.997663558 -0.054625873 -9.152565956 0.907814503 -0.014385639 0.419125289 104.495574951
0.422052175 -0.067886494 -0.904026151 -93.497695923 0.040720440 0.997605443 -0.055903021 -9.229999542 0.905656457 -0.013218345 0.423806041 104.977287292
0.427458495 -0.067757078 -0.901492178 -94.510864258 0.039892953 0.997629702 -0.056066923 -9.307078362 0.903154314 -0.011996897 0.429148346 105.464561462
0.434549093 -0.066408016 -0.898196518 -95.514678955 0.039444599 0.997724473 -0.054683223 -9.395185471 0.899783969 -0.011666454 0.436179608 105.941787720
0.443187356 -0.065242678 -0.894051611 -96.527351379 0.038245078 0.997816086 -0.053856459 -9.471768379 0.895612776 -0.010324568 0.444714636 106.428001404
0.451667875 -0.064396791 -0.889859080 -97.507110596 0.037588608 0.997879684 -0.053135026 -9.549650192 0.891393960 -0.009449175 0.453130722 106.930030823
0.461658657 -0.064340271 -0.884721220 -98.521430969 0.036527216 0.997898936 -0.053510629 -9.617757797 0.886305273 -0.007612754 0.463038921 107.436622620
0.471219331 -0.064502046 -0.879654408 -99.492912292 0.035139911 0.997903526 -0.054348860 -9.699914932 0.881315768 -0.005300744 0.472498029 107.958572388
0.481465727 -0.066283017 -0.873954952 -100.452827454 0.033987660 0.997798383 -0.056951664 -9.773296356 0.875805616 -0.002283412 0.482658505 108.479148865
0.493342459 -0.067166992 -0.867238045 -101.412361145 0.032074813 0.997740865 -0.059028074 -9.847084045 0.869243503 0.001304556 0.494382381 109.011924744
0.505675972 -0.065750614 -0.860214293 -102.360847473 0.029901136 0.997828305 -0.058691811 -9.920985222 0.862205148 0.003957653 0.506543756 109.563735962
0.518277228 -0.062784664 -0.852904916 -103.278106689 0.028277455 0.998014450 -0.056283444 -10.004248619 0.854745090 0.005052440 0.519023478 110.112579346
0.530479372 -0.060378566 -0.845544875 -104.190177917 0.027536603 0.998161197 -0.054000620 -10.083060265 0.847250521 0.005362775 0.531166494 110.684638977
0.542595923 -0.059991617 -0.837848842 -105.094200134 0.027963946 0.998183548 -0.053362284 -10.154397964 0.839528322 0.005524593 0.543287933 111.261672974
0.553934336 -0.059342910 -0.830442727 -105.974182129 0.027623879 0.998217344 -0.052905880 -10.242033958 0.832101882 0.006366335 0.554586291 111.846496582
0.565572977 -0.060838420 -0.822451115 -106.859016418 0.027597670 0.998112977 -0.054854456 -10.305056572 0.824236333 0.008326466 0.566184700 112.437698364
0.575438023 -0.062648922 -0.815442324 -107.702018738 0.030284302 0.998010159 -0.055304363 -10.383189201 0.817284584 0.007129133 0.576190293 113.054595947
0.587422907 -0.061617300 -0.806930900 -108.564361572 0.030535920 0.998074770 -0.053983767 -10.470659256 0.808703721 0.007070925 0.588173568 113.656913757
0.598169744 -0.059439816 -0.799161971 -109.395812988 0.029494425 0.998202801 -0.052167539 -10.538386345 0.800826371 0.007634219 0.598847866 114.272560120
0.607887089 -0.056297317 -0.792025208 -110.200706482 0.029826172 0.998398364 -0.048074480 -10.614787102 0.793463111 0.005600777 0.608592570 114.893615723
0.618155181 -0.054139864 -0.784189284 -111.013290405 0.028099108 0.998509586 -0.046786606 -10.686003685 0.785553694 0.006886363 0.618755102 115.514617920
0.628026009 -0.053992856 -0.776316941 -111.794685364 0.026607351 0.998496711 -0.047920600 -10.748888016 0.777737260 0.009439650 0.628518522 116.147514343
0.637696087 -0.053239297 -0.768446028 -112.561340332 0.024390204 0.998503983 -0.048937883 -10.814748764 0.769901872 0.012464938 0.638040602 116.777229309
0.647176087 -0.052432694 -0.760535300 -113.340164185 0.024139525 0.998541117 -0.048299767 -10.885496140 0.761958241 0.012899492 0.647497654 117.421890259
0.656132638 -0.050143521 -0.752977788 -114.078834534 0.023569291 0.998664856 -0.045966811 -10.949187279 0.754277468 0.012413173 0.656438410 118.073875427
0.664984465 -0.048536990 -0.745278299 -114.810928345 0.023874916 0.998757422 -0.043742370 -11.011802673 0.746475458 0.011294540 0.665317059 118.715980530
0.672929585 -0.048031464 -0.738145411 -115.529129028 0.024310384 0.998786569 -0.042828962 -11.072509766 0.739306808 0.010876284 0.673280776 119.380889893
0.680580676 -0.047191855 -0.731151760 -116.227745056 0.023076914 0.998809099 -0.042986900 -11.125621796 0.732309580 0.012383333 0.680859208 120.034164429
0.688073695 -0.046084471 -0.724175990 -116.921012878 0.022628037 0.998858690 -0.042064521 -11.185568810 0.725287974 0.012556809 0.688331127 120.689971924
0.695357144 -0.043432634 -0.717350662 -117.601470947 0.021663362 0.998985291 -0.039485268 -11.238492012 0.718337774 0.011916136 0.695592403 121.342185974
0.702661574 -0.040862136 -0.710349917 -118.263893127 0.020560628 0.999098718 -0.037134022 -11.286716461 0.711227119 0.011487406 0.702868462 122.003982544
0.710419834 -0.039425395 -0.702673018 -118.918708801 0.019816648 0.999154389 -0.036025174 -11.338449478 0.703499079 0.011668375 0.710600317 122.652755737
0.717674136 -0.038337335 -0.695322990 -119.559028625 0.019237380 0.999193847 -0.035235785 -11.394448280 0.696113348 0.011911620 0.717833102 123.311828613
0.725648344 -0.035271298 -0.687161088 -120.184623718 0.016318889 0.999286592 -0.034059484 -11.437132835 0.687872231 0.013501503 0.725706279 123.964675903
0.734799266 -0.032520339 -0.677504599 -120.790603638 0.015724879 0.999398291 -0.030916605 -11.487122536 0.678102374 0.012063821 0.734868467 124.614997864
0.744264007 -0.028730731 -0.667267323 -121.378112793 0.013862778 0.999523640 -0.027574381 -11.527885437 0.667741716 0.011272442 0.744307756 125.269088745
0.754293144 -0.026410196 -0.656006336 -121.958038330 0.011974692 0.999577940 -0.026473237 -11.573037148 0.656428576 0.012113107 0.754290879 125.930229187
0.764102876 -0.025506705 -0.644589901 -122.509254456 0.010389860 0.999575019 -0.027237386 -11.609626770 0.645010710 0.014114966 0.764043152 126.586097717
0.774152815 -0.026831793 -0.632429779 -123.056976318 0.010756812 0.999514580 -0.029238578 -11.647044182 0.632907331 0.015832197 0.774065673 127.253372192
0.784159005 -0.025814142 -0.620022774 -123.587554932 0.010299844 0.999538183 -0.028588476 -11.685093880 0.620474458 0.016031774 0.784062803 127.929244995
0.794360518 -0.024363482 -0.606957793 -124.107376099 0.009991998 0.999584258 -0.027046533 -11.718042374 0.607364357 0.015419978 0.794273734 128.612060547
0.804568589 -0.022077046 -0.593449354 -124.611877441 0.009773468 0.999665678 -0.023938421 -11.755847931 0.593779385 0.013460044 0.804515302 129.294921875
0.814270079 -0.020568706 -0.580121636 -125.116004944 0.009891328 0.999718606 -0.021562206 -11.787880898 0.580401838 0.011819286 0.814244449 129.996994019
0.823426187 -0.019131720 -0.567100763 -125.593955994 0.010535915 0.999774575 -0.018430339 -11.823923111 0.567325592 0.009201100 0.823442101 130.695404053
0.831642926 -0.018432477 -0.555004656 -126.065628052 0.011219972 0.999802709 -0.016392346 -11.847721100 0.555197299 0.007405443 0.831685722 131.399200439
0.839043617 -0.018928315 -0.543734848 -126.521949768 0.012926076 0.999806046 -0.014858535 -11.874691010 0.543910563 0.005438602 0.839125514 132.104461670
0.845454991 -0.018393748 -0.533729792 -126.967910767 0.012683065 0.999816477 -0.014365713 -11.906382561 0.533896029 0.005376237 0.845533013 132.832946777
0.852033734 -0.017821599 -0.523183286 -127.405151367 0.011926308 0.999821842 -0.014635036 -11.924067497 0.523350835 0.006229901 0.852094531 133.553146362
0.858901203 -0.015779283 -0.511897922 -127.851982117 0.010244749 0.999854565 -0.013631159 -11.946674347 0.512038648 0.006463554 0.858938098 134.293838501
0.865092754 -0.014631844 -0.501398325 -128.272399902 0.009380038 0.999871552 -0.012994382 -11.976243019 0.501524031 0.006538210 0.865118980 135.038909912
0.871162415 -0.015161639 -0.490760714 -128.696884155 0.010109425 0.999865115 -0.012944484 -11.998838425 0.490890831 0.006315439 0.871198237 135.783676147
0.876125395 -0.016561732 -0.481798649 -129.106689453 0.011220219 0.999839485 -0.013965915 -12.019081116 0.481952727 0.006830007 0.876170635 136.538391113
0.880522430 -0.016946541 -0.473701477 -129.519775391 0.011527964 0.999830663 -0.014340345 -12.044657707 0.473864228 0.007166183 0.880568743 137.310852051
0.884097695 -0.016099842 -0.467024684 -129.930541992 0.011036268 0.999846935 -0.013575808 -12.065247536 0.467171699 0.006848132 0.884140074 138.084381104
0.887385070 -0.014528090 -0.460799873 -130.341629028 0.010930941 0.999885380 -0.010474113 -12.081673622 0.460899204 0.004257596 0.887442291 138.870651245
0.890397489 -0.010460519 -0.455063403 -130.750381470 0.008511194 0.999943674 -0.006332268 -12.095866203 0.455103964 0.001765104 0.890436590 139.675582886
0.893876314 -0.007648502 -0.448248476 -131.163177490 0.006961640 0.999970734 -0.003180009 -12.119318962 0.448259652 -0.000278010 0.893903375 140.478652954
0.897206545 -0.004899198 -0.441583991 -131.571853638 0.005001513 0.999987066 -0.000932427 -12.130456924 0.441582918 -0.001372008 0.897219419 141.300979614
0.900499880 -0.003273172 -0.434843928 -131.979217529 0.004232316 0.999990284 0.001237363 -12.137129784 0.434835672 -0.002954642 0.900505006 142.134506226
0.903876126 -0.001937410 -0.427789956 -132.389816284 0.004034823 0.999983847 0.003996355 -12.142782211 0.427775294 -0.005338266 0.903869331 142.989685059
0.907350421 -0.002007319 -0.420370430 -132.789871216 0.004925543 0.999970675 0.005856577 -12.148076057 0.420346379 -0.007384520 0.907333612 143.854522705
0.910839081 -0.002434665 -0.412754476 -133.186218262 0.005749252 0.999960363 0.006788719 -12.151545525 0.412721604 -0.008556459 0.910817087 144.743331909
0.914692640 -0.003014646 -0.404139102 -133.604309082 0.006335286 0.999956250 0.006879623 -12.153462410 0.404100657 -0.008853077 0.914671659 145.657684326
0.918416262 -0.005556400 -0.395576179 -133.976562500 0.008792891 0.999941051 0.006369093 -12.156494141 0.395517468 -0.009327736 0.918411016 146.569061279
0.922756016 -0.006947047 -0.385322005 -134.371795654 0.009626615 0.999941051 0.005025355 -12.156888962 0.385264337 -0.008346524 0.922768533 147.488571167
0.927226007 -0.008069503 -0.374415100 -134.751419067 0.009998664 0.999944866 0.003210245 -12.166665077 0.374368548 -0.006720274 0.927255571 148.427505493
0.932270348 -0.005906525 -0.361714184 -135.113281250 0.007265269 0.999970734 0.002396488 -12.170596123 0.361689448 -0.004862126 0.932285905 149.379226685
0.938530624 -0.002658114 -0.345185906 -135.482955933 0.004192382 0.999984384 0.003698317 -12.175656319 0.345170647 -0.004918135 0.938527048 150.357498169
0.945019126 0.001284565 -0.327012509 -135.833007812 0.000958089 0.999977112 0.006696835 -12.182261467 0.327013642 -0.006641943 0.944996297 151.356750488
0.951716244 0.004293208 -0.306949079 -136.175720215 -0.001888534 0.999965191 0.008130694 -12.179942131 0.306973368 -0.007158429 0.951691210 152.381546021
0.958246648 0.005968146 -0.285880536 -136.482742310 -0.003543057 0.999953210 0.008999369 -12.181509972 0.285920918 -0.007610725 0.958222926 153.403701782
0.964386940 0.007540919 -0.264387786 -136.784042358 -0.004922004 0.999932051 0.010566640 -12.181009293 0.264449477 -0.008889012 0.964358568 154.465042114
0.970059335 0.008055205 -0.242734656 -137.057708740 -0.004985451 0.999899685 0.013258155 -12.175831795 0.242817119 -0.011651055 0.970002115 155.541061401
0.975290596 0.010831006 -0.220660031 -137.310531616 -0.007291777 0.999831498 0.016847549 -12.176145554 0.220805302 -0.014822253 0.975205183 156.623580933
0.980093002 0.013339021 -0.198090151 -137.547088623 -0.009367444 0.999736190 0.020972956 -12.165767670 0.198317617 -0.018699849 0.979959369 157.730712891
0.984454632 0.015468269 -0.174956843 -137.764282227 -0.011395920 0.999640822 0.024257109 -12.155214310 0.175269231 -0.021886228 0.984277189 158.850326538
0.988066852 0.017425904 -0.153036654 -137.948898315 -0.013886343 0.999611497 0.024167396 -12.142148018 0.153398365 -0.021753883 0.987924933 160.007064819
0.991212606 0.016399281 -0.131258115 -138.105514526 -0.013647960 0.999668419 0.021833403 -12.123205185 0.131572649 -0.019850139 0.991107702 161.164306641
0.993765175 0.016927997 -0.110200666 -138.240554810 -0.014716242 0.999674201 0.020852832 -12.102902412 0.110517763 -0.019101081 0.993690610 162.332565308
0.995782495 0.015575750 -0.090413347 -138.339279175 -0.013574164 0.999649942 0.022711042 -12.087265015 0.090735435 -0.021387976 0.995645404 163.525085449
0.997385919 0.016194111 -0.070421107 -138.432617188 -0.014499946 0.999594629 0.024502663 -12.073833466 0.070789374 -0.023417508 0.997216344 164.715759277
0.998608053 0.016586075 -0.050067443 -138.499023438 -0.015319044 0.999555290 0.025585040 -12.059479713 0.050469536 -0.024782445 0.998418033 165.934967041
0.999393404 0.018063394 -0.029773830 -138.534194946 -0.017294852 0.999515653 0.025871165 -12.040242195 0.030226730 -0.025340542 0.999221802 167.147293091
0.999780416 0.018794036 -0.009265051 -138.552871704 -0.018541040 0.999472201 0.026675230 -12.021936417 0.009761496 -0.026497597 0.999601245 168.387786865
0.999728084 0.020559227 0.010999463 -138.546371460 -0.020838911 0.999446094 0.025947377 -12.001961708 -0.010459913 -0.026169538 0.999602854 169.645523071
0.999261737 0.021764418 0.031659041 -138.526931763 -0.022556281 0.999436021 0.024873821 -11.984205246 -0.031099832 -0.025569575 0.999189198 170.929260254
0.998443663 0.022141999 0.051185414 -138.470611572 -0.023304967 0.999481082 0.022236595 -11.963276863 -0.050666492 -0.023394862 0.998441577 172.219116211
0.997241437 0.024412341 0.070096828 -138.387176514 -0.025858078 0.999469817 0.019791985 -11.951430321 -0.069576502 -0.021549959 0.997343838 173.507659912
0.995700777 0.024581587 0.089306965 -138.281387329 -0.026280200 0.999494374 0.017893987 -11.939041138 -0.088821955 -0.020164063 0.995843410 174.810226440
0.993820846 0.024605026 0.108234815 -138.147583008 -0.026344378 0.999545217 0.014669502 -11.929126740 -0.107824638 -0.017430237 0.994017124 176.121032715
0.991586030 0.025702849 0.126872197 -137.988983154 -0.027110882 0.999588370 0.009383472 -11.927588463 -0.126578793 -0.012744139 0.991874695 177.433059692
0.989076793 0.027311297 0.144848257 -137.806442261 -0.028085249 0.999599993 0.003300661 -11.936649323 -0.144700199 -0.007332708 0.989448369 178.759674072
0.986351550 0.029057568 0.162068725 -137.598617554 -0.029084045 0.999574542 -0.002209624 -11.943202019 -0.162063956 -0.002534148 0.986777008 180.082580566
0.983259261 0.031498015 0.179468974 -137.364135742 -0.030863907 0.999503613 -0.006325092 -11.961061478 -0.179579109 0.000680092 0.983743310 181.427413940
0.979747057 0.033523198 0.197412670 -137.110488892 -0.032320049 0.999434173 -0.009314290 -11.983174324 -0.197613224 0.002745262 0.980276227 182.769210815
0.976089656 0.033093888 0.214834183 -136.824035645 -0.031887099 0.999450207 -0.009081544 -12.011947632 -0.215016648 0.002013963 0.976608336 184.131469727
0.972293377 0.032381076 0.231510207 -136.508468628 -0.030949481 0.999472737 -0.009813934 -12.040275574 -0.231705934 0.002376903 0.972783089 185.483779907
0.968052506 0.032278251 0.248661295 -136.169052124 -0.029568922 0.999455750 -0.014623983 -12.076899529 -0.248998031 0.006804138 0.968480110 186.840988159
0.963633418 0.033519913 0.265116960 -135.810485840 -0.029527545 0.999382794 -0.019031202 -12.109655380 -0.265591264 0.010510854 0.964028418 188.190093994
0.958837867 0.035788216 0.281689793 -135.415527344 -0.031646121 0.999313891 -0.019241577 -12.146461487 -0.282185137 0.009535160 0.959312558 189.572586060
0.953454912 0.038086768 0.299120635 -134.997482300 -0.033643555 0.999234021 -0.019991847 -12.187672615 -0.299652874 0.008997843 0.954005778 190.947235107
0.947617650 0.041691437 0.316674352 -134.564254761 -0.036266379 0.999077260 -0.023008857 -12.232170105 -0.317341387 0.010318969 0.948255241 192.323211670
0.941656530 0.042184070 0.333921343 -134.092559814 -0.035148203 0.999014974 -0.027087156 -12.282032013 -0.334735125 0.013770060 0.942211688 193.694656372
0.935436547 0.042943068 0.350876480 -133.592376709 -0.034917567 0.998964369 -0.029171050 -12.340275764 -0.351765871 0.015035911 0.935967267 195.065170288
0.928813994 0.043515127 0.367982149 -133.065490723 -0.033174228 0.998857856 -0.034384105 -12.406160355 -0.369058102 0.019728912 0.929196894 196.437255859
0.920822859 0.046849895 0.387156755 -132.520507812 -0.033785235 0.998608708 -0.040486190 -12.475087166 -0.388514906 0.024200428 0.921124578 197.801452637
0.911516488 0.050247397 0.408182353 -131.923156738 -0.035362519 0.998408258 -0.043936018 -12.553009987 -0.409740329 0.025614047 0.911842525 199.175659180
0.900388658 0.052983876 0.431848139 -131.319961548 -0.036993060 0.998286009 -0.045351401 -12.636574745 -0.433510840 0.024858510 0.900805414 200.508728027
