1.000000000 0.000000000 0.000000000 0.000000000 0.000000000 1.000000000 0.000000000 0.000000000 0.000000000 0.000000000 1.000000000 0.000000000
0.999873817 0.001484298 0.015815273 0.010642462 -0.001469527 0.999998450 -0.000945555 -0.003177180 -0.015816653 0.000922195 0.999874473 0.126325175
0.999291837 0.004308593 0.037379943 0.027038299 -0.004296374 0.999990702 -0.000407226 -0.004708885 -0.037381347 0.000246340 0.999301016 0.272560745
0.997895002 0.005968099 0.064575315 0.056314219 -0.006043509 0.999981284 0.000972513 -0.004973933 -0.064568296 -0.001360728 0.997912347 0.436263978
0.995123863 0.005726657 0.098466597 0.101961568 -0.006076048 0.999976218 0.003248817 -0.004397912 -0.098445669 -0.003831263 0.995135069 0.609010279
0.990622282 0.002628629 0.136603385 0.162934080 -0.003376296 0.999980569 0.005241867 -0.005780532 -0.136586934 -0.005653924 0.990611970 0.792418063
0.984336793 -0.000175822 0.176298305 0.236172080 -0.000793873 0.999984980 0.005429763 -0.004303279 -0.176296622 -0.005484674 0.984321833 0.987961173
0.975539386 -0.000327105 0.219824910 0.318553746 -0.001168061 0.999977052 0.006671613 -0.001671650 -0.219822079 -0.006765190 0.975516558 1.191690445
0.963393509 -0.000048005 0.268091023 0.410697073 -0.002580616 0.999952018 0.009452577 0.002678961 -0.268078625 -0.009798392 0.963347256 1.406305313
0.948900521 -0.003629901 0.315554559 0.527967811 -0.001711835 0.999859869 0.016649274 -0.002718178 -0.315570742 -0.016338680 0.948761344 1.621618986
0.931948483 -0.013075516 0.362354875 0.670469463 0.004391378 0.999683261 0.024779124 -0.008316386 -0.362564117 -0.021501631 0.931710720 1.831182480
0.910531938 -0.018237216 0.413036317 0.824142158 0.006940945 0.999560058 0.028833408 -0.003908953 -0.413380474 -0.023386875 0.910257995 2.054769039
0.885090530 -0.019560043 0.465007722 0.991873264 0.004901490 0.999452770 0.032711450 0.000164989 -0.465393156 -0.026673367 0.884702086 2.282679319
0.856715083 -0.021772183 0.515330136 1.165947199 0.002936873 0.999298394 0.037336931 0.001223756 -0.515781581 -0.030473653 0.856177926 2.487368107
0.824122608 -0.026205529 0.565804780 1.365866423 0.003360705 0.999137759 0.041380536 0.009039216 -0.566401362 -0.032201134 0.823500156 2.702601671
0.787994146 -0.032112438 0.614844680 1.599019170 0.005644470 0.998973727 0.044940893 0.009778147 -0.615656793 -0.031942695 0.787366688 2.919288874
0.749700904 -0.035876147 0.660803556 1.837480903 0.005984673 0.998856187 0.047439806 0.017181320 -0.661749661 -0.031610977 0.749058127 3.123653412
0.709511757 -0.039125409 0.703606546 2.111327887 0.007188760 0.998807430 0.048291523 0.030985422 -0.704656959 -0.029205343 0.708946884 3.333272696
0.667108238 -0.040700033 0.743848205 2.411397457 0.005880645 0.998763084 0.049373858 0.047125954 -0.744937658 -0.028563403 0.666522324 3.555653572
0.624124885 -0.040512584 0.780273557 2.722318172 0.000579572 0.998678565 0.051388800 0.062771186 -0.781324387 -0.031620804 0.623323619 3.769405365
0.582208335 -0.040940866 0.812008202 3.073498011 -0.002624711 0.998631477 0.052232195 0.081396274 -0.813035429 -0.032541301 0.581304193 3.979998112
0.541939080 -0.042181667 0.839358449 3.453874588 -0.003994214 0.998598993 0.052763145 0.103135973 -0.840408266 -0.031946979 0.541011333 4.190172195
0.502578735 -0.044232111 0.863399148 3.860886574 -0.005902512 0.998491466 0.054588731 0.121005364 -0.864511251 -0.032531362 0.501559556 4.402649879
0.465339392 -0.044186067 0.884028733 4.292467117 -0.008722713 0.998475790 0.054497935 0.136517271 -0.885089338 -0.033071164 0.464244664 4.598011971
0.428982168 -0.043128006 0.902282834 4.753252029 -0.009920269 0.998574436 0.052447136 0.159833908 -0.903258502 -0.031449776 0.427942783 4.793828964
0.395062536 -0.041834462 0.917701244 5.245180607 -0.008763935 0.998745561 0.049301762 0.180905476 -0.918612480 -0.027519956 0.394200265 4.977851868
0.366283596 -0.040034290 0.929641664 5.760177135 -0.006248364 0.998945713 0.045480702 0.205642387 -0.930482328 -0.022467576 0.365647256 5.141328812
0.341443837 -0.038222987 0.939124644 6.316601753 -0.004877813 0.999087214 0.042436961 0.229064792 -0.939889550 -0.019070715 0.340945750 5.316874504
0.320213050 -0.037040614 0.946621120 6.883764267 -0.004345829 0.999167383 0.040566772 0.262960702 -0.947335601 -0.017103860 0.319785446 5.519113064
0.305749267 -0.037399374 0.951377332 7.486042976 -0.003429874 0.999178469 0.040380754 0.289762259 -0.952105939 -0.015609487 0.305369765 5.697732925
0.293941617 -0.038773376 0.955036640 8.111319542 -0.002304987 0.999145269 0.041273564 0.314200610 -0.955820620 -0.014333365 0.293600976 5.885149479
0.283560336 -0.040890649 0.958082199 8.761086464 -0.003349136 0.999042153 0.043630037 0.335870743 -0.958948553 -0.015580497 0.283151776 6.062682629
0.273044676 -0.042665657 0.961054683 9.442683220 -0.005253850 0.998934984 0.045840003 0.354887098 -0.961987019 -0.017565608 0.272529721 6.261046410
0.263249874 -0.044436626 0.963703752 10.144254684 -0.006023084 0.998843431 0.047702223 0.384245217 -0.964708865 -0.018362075 0.262677789 6.446234226
0.252895862 -0.045929153 0.966402650 10.857835770 -0.007139337 0.998756766 0.049335089 0.416663617 -0.967467129 -0.019376118 0.252253562 6.632612228
0.242583290 -0.047296803 0.968977094 11.602363586 -0.007164092 0.998696268 0.050540969 0.451996684 -0.970104158 -0.019202234 0.241928220 6.815932751
0.232113943 -0.048331089 0.971487164 12.365244865 -0.007255806 0.998650968 0.051416084 0.490124524 -0.972661614 -0.018983310 0.231450111 6.996119499
0.222033069 -0.051479444 0.973679245 13.139837265 -0.008514458 0.998464763 0.054731485 0.517190695 -0.975001991 -0.020442551 0.221253917 7.168996334
0.210812405 -0.054885808 0.975984454 13.944385529 -0.009965600 0.998249948 0.058290500 0.557848930 -0.977475762 -0.022014629 0.209896505 7.348236561
0.198210299 -0.058984842 0.978383064 14.734452248 -0.011497965 0.997978985 0.062495612 0.583922148 -0.980092049 -0.023636688 0.197131500 7.509548187
0.185359657 -0.061018668 0.980774462 15.533363342 -0.012499125 0.997843087 0.064442828 0.623298764 -0.982591271 -0.024203923 0.184197173 7.654920578
0.171298698 -0.061663497 0.983287513 16.339210510 -0.012703832 0.997818172 0.064787872 0.661908329 -0.985137224 -0.023589600 0.170141608 7.792262554
0.156469315 -0.060348447 0.985837400 17.151744843 -0.013651972 0.997904003 0.063253917 0.704471409 -0.987588406 -0.023355920 0.155317500 7.932437897
0.140193492 -0.059448034 0.988337815 17.968675613 -0.015312042 0.997946382 0.062197950 0.739212155 -0.990005672 -0.023853226 0.138995349 8.037773132
0.119850673 -0.057804674 0.991107702 18.790920258 -0.017933676 0.998014510 0.060376156 0.777312040 -0.992629945 -0.025010325 0.118576072 8.133949280
0.093798295 -0.056695882 0.993975580 19.616394043 -0.023025649 0.997986555 0.059097528 0.809977710 -0.995324969 -0.028430181 0.092303984 8.219664574
0.063712873 -0.055766564 0.996408880 20.460693359 -0.026247861 0.997998476 0.057533879 0.846676052 -0.997623086 -0.029819256 0.062121592 8.266307831
0.030432858 -0.056001920 0.997966707 21.285280228 -0.028669626 0.997969508 0.056876354 0.872801900 -0.999125540 -0.030342238 0.028765503 8.288335800
-0.004331400 -0.055411041 0.998454213 22.135526657 -0.030157594 0.998016655 0.055255931 0.903879464 -0.999535739 -0.029871641 -0.005993881 8.281372070
-0.038168654 -0.054149918 0.997803032 22.983150482 -0.030931609 0.998116255 0.052983694 0.935702026 -0.998792470 -0.028841335 -0.039771695 8.238749504
-0.070866652 -0.052397445 0.996108651 23.837368011 -0.033253893 0.998188376 0.050141040 0.962689638 -0.996931374 -0.029571159 -0.072480686 8.171566963
-0.103503823 -0.049943898 0.993374288 24.675231934 -0.036404260 0.998259544 0.046396397 0.980871797 -0.993962526 -0.031360853 -0.105141841 8.086105347
-0.135630563 -0.045205321 0.989727616 25.514350891 -0.033244517 0.998603582 0.041054964 0.998213172 -0.990201533 -0.027334711 -0.136944056 7.961968422
-0.167330936 -0.039402969 0.985113084 26.351776123 -0.028202042 0.998983383 0.035167377 1.016327262 -0.985497355 -0.021897612 -0.168272093 7.803784370
-0.197697267 -0.032846894 0.979712665 27.178764343 -0.021137742 0.999348938 0.029239831 1.028228402 -0.980035305 -0.014928273 -0.198262855 7.618474007
-0.226337835 -0.027086208 0.973672152 27.987693787 -0.015292532 0.999588907 0.024252303 1.033175945 -0.973928809 -0.009400699 -0.226659000 7.414285660
-0.254187644 -0.020803707 0.966931164 28.805225372 -0.006543318 0.999782741 0.019790398 1.036381841 -0.967132807 -0.001296463 -0.254268587 7.178730965
-0.279970288 -0.010434077 0.959951937 29.601787567 -0.000055100 0.999941111 0.010852666 1.028724909 -0.960008621 0.002985531 -0.279954344 6.924334526
-0.305647701 0.004924185 0.952131927 30.395900726 0.004364045 0.999983430 -0.003770741 1.013883710 -0.952134728 0.003002628 -0.305664092 6.660316944
-0.330179214 0.021993143 0.943661988 31.164916992 0.004926226 0.999755025 -0.021576816 0.991341174 -0.943905354 -0.002475523 -0.330206692 6.380248070
-0.355653912 0.036927931 0.933887899 31.933294296 0.005323679 0.999282956 -0.037486367 0.959770203 -0.934602499 -0.008360453 -0.355595499 6.084490299
-0.380009741 0.047099441 0.923782527 32.694427490 0.008986698 0.998843551 -0.047229677 0.913973689 -0.924938858 -0.009645979 -0.379993558 5.757966042
-0.402908295 0.051812790 0.913772523 33.442462921 0.012255922 0.998612165 -0.051219385 0.868744135 -0.915158272 -0.009437591 -0.402984142 5.418553829
-0.425828040 0.051207725 0.903353930 34.194503784 0.015877791 0.998666286 -0.049126070 0.812055171 -0.904664814 -0.006575991 -0.426073194 5.058941364
-0.445600092 0.047159430 0.893989086 34.938812256 0.019746454 0.998886347 -0.042850498 0.757357180 -0.895014286 -0.001441071 -0.446035087 4.667016506
-0.463631660 0.045987323 0.884833694 35.667831421 0.027527982 0.998917699 -0.037492581 0.707343340 -0.885600328 0.006974943 -0.464395761 4.272040367
-0.477126539 0.046215363 0.877618611 36.377376556 0.029358065 0.998897254 -0.036641065 0.660686016 -0.878344119 0.008282761 -0.477957129 3.874891758
-0.488035351 0.050370231 0.871369302 37.073707581 0.033276528 0.998681307 -0.039092138 0.615232229 -0.872189283 0.009917797 -0.489067942 3.472913980
-0.497953326 0.052888844 0.865589499 37.769332886 0.033872064 0.998563051 -0.041527923 0.571032941 -0.866541982 0.008640335 -0.499029249 3.065860510
-0.509218633 0.052097809 0.859058857 38.458324432 0.027536649 0.998641372 -0.044240098 0.521160841 -0.860196590 0.001127718 -0.509961367 2.673488379
-0.520053685 0.050546579 0.852636635 39.162635803 0.026742773 0.998721600 -0.042895511 0.472963631 -0.853714824 0.000493899 -0.520740569 2.246240377
-0.528465509 0.051941421 0.847364366 39.837963104 0.028665399 0.998649180 -0.043337423 0.429654002 -0.848470688 0.001387700 -0.529240608 1.815484405
-0.535847962 0.055042785 0.842518330 40.519123077 0.031778079 0.998480499 -0.045020886 0.381829500 -0.843716264 0.002649267 -0.536782920 1.381594419
-0.539214492 0.057800740 0.840182602 41.216964722 0.033358511 0.998324931 -0.047271315 0.333558232 -0.841507673 0.002537860 -0.540239453 0.926529288
-0.538971603 0.060119879 0.840175688 41.919139862 0.032963220 0.998191059 -0.050281003 0.288057894 -0.841678739 0.000594864 -0.539978445 0.477605790
-0.535682142 0.060309943 0.842263222 42.643466949 0.034896065 0.998175204 -0.049279962 0.238996491 -0.843698382 0.002993278 -0.536809206 0.018648686
-0.530061483 0.059108838 0.845896542 43.380867004 0.033557434 0.998248279 -0.048726752 0.179563195 -0.847294986 0.002557937 -0.531116486 -0.432603270
-0.523154676 0.057513490 0.850294888 44.135379791 0.030836742 0.998344421 -0.048554789 0.131578103 -0.851679683 0.000818663 -0.524061978 -0.886380315
-0.515920758 0.056996755 0.854737997 44.907955170 0.029323915 0.998374403 -0.048874948 0.078617536 -0.856134176 -0.000151341 -0.516753495 -1.347754002
-0.510343373 0.055400059 0.858184397 45.695858002 0.026189148 0.998461187 -0.048881508 0.024643427 -0.859571755 -0.002471234 -0.511008978 -1.796350718
-0.505185664 0.053348243 0.861360192 46.519287109 0.021969121 0.998559058 -0.048960794 -0.028672516 -0.862730980 -0.005810969 -0.505629659 -2.285225630
-0.503800809 0.050623413 0.862335205 47.346454620 0.017687356 0.998676598 -0.048293874 -0.082479216 -0.863638759 -0.009078059 -0.504029334 -2.757650852
-0.504334867 0.048094951 0.862167716 48.180725098 0.014830463 0.998782873 -0.047040615 -0.141845077 -0.863380730 -0.010937873 -0.504434347 -3.233307600
-0.505462289 0.047045108 0.861565173 49.028690338 0.013782040 0.998825371 -0.046454452 -0.200696856 -0.862738669 -0.011606849 -0.505516887 -3.720525265
-0.505729795 0.046290725 0.861449063 49.893661499 0.013373866 0.998860061 -0.045823243 -0.253654540 -0.862588227 -0.011653274 -0.505772471 -4.228130341
-0.505905628 0.045714516 0.861376584 50.764755249 0.013421479 0.998890996 -0.045129877 -0.310163528 -0.862484396 -0.011270509 -0.505958140 -4.737412453
-0.506115794 0.044819489 0.861300170 51.644889832 0.013198175 0.998934388 -0.044226073 -0.367010266 -0.862364471 -0.011015925 -0.506168008 -5.247090816
-0.506149769 0.044691134 0.861286879 52.530677795 0.013445000 0.998943925 -0.043932818 -0.426789314 -0.862340689 -0.010656583 -0.506216228 -5.763743401
-0.506436706 0.043236572 0.861192465 53.426986694 0.011283423 0.998988807 -0.043519322 -0.482632548 -0.862203300 -0.012322583 -0.506412566 -6.285025597
-0.506545067 0.042308666 0.861174822 54.313964844 0.010255087 0.999020338 -0.043048821 -0.542653680 -0.862152517 -0.012974744 -0.506482720 -6.795377254
-0.505934238 0.041474070 0.861574411 55.208557129 0.009333473 0.999048114 -0.042610914 -0.607187331 -0.862521589 -0.013516840 -0.505839825 -7.314297199
-0.504530728 0.040138587 0.862460256 56.086059570 0.009120020 0.999110818 -0.041163132 -0.664341867 -0.863345623 -0.012902409 -0.504448056 -7.829664707
-0.502300978 0.038006037 0.863857210 56.971858978 0.009357424 0.999213994 -0.038520157 -0.723894119 -0.864642203 -0.011265235 -0.502261758 -8.342424393
-0.500027895 0.036436412 0.865242481 57.863880157 0.009408015 0.999284089 -0.036644131 -0.784783363 -0.865958214 -0.010182875 -0.500012696 -8.850120544
-0.497478783 0.036389586 0.866712570 58.751316071 0.009893883 0.999292850 -0.036277138 -0.839256108 -0.867419660 -0.009471953 -0.497486949 -9.356178284
-0.495545596 0.036531575 0.867813408 59.637142181 0.009883745 0.999287605 -0.036422234 -0.896687269 -0.868525743 -0.009471631 -0.495553583 -9.856025696
-0.494446903 0.037065040 0.868417203 60.516609192 0.009614767 0.999262512 -0.037175350 -0.949040771 -0.869154632 -0.010031609 -0.494438618 -10.360897064
-0.494882882 0.038998779 0.868084133 61.393611908 0.009922984 0.999180913 -0.039231353 -1.005557179 -0.868902981 -0.010800943 -0.494864464 -10.860115051
-0.498015255 0.040663619 0.866214395 62.264377594 0.008645158 0.999083102 -0.041930631 -1.066136241 -0.867125154 -0.013393534 -0.497910202 -11.351032257
-0.502731383 0.040786814 0.863479912 63.139476776 0.006630289 0.999038815 -0.043329738 -1.125048399 -0.864417255 -0.016058100 -0.502518594 -11.855995178
-0.508034527 0.039347947 0.860437453 64.002067566 0.008539853 0.999137044 -0.040648457 -1.187599778 -0.861294389 -0.013302810 -0.507932127 -12.365253448
-0.513324618 0.036984917 0.857397258 64.858940125 0.009764787 0.999257982 -0.037258077 -1.248000383 -0.858138978 -0.010753190 -0.513304830 -12.879237175
-0.519244611 0.034472764 0.853930056 65.722328186 0.006680917 0.999319375 -0.036279626 -1.302197337 -0.854599476 -0.013132968 -0.519121528 -13.383182526
-0.524624884 0.037651770 0.850500405 66.569671631 0.009219493 0.999214232 -0.038548373 -1.360887527 -0.851283550 -0.012382254 -0.524559736 -13.897858620
-0.529408038 0.039690696 0.847438335 67.408157349 0.009319343 0.999116659 -0.040972777 -1.407478690 -0.848316133 -0.013793753 -0.529310346 -14.420109749
-0.534375727 0.040522240 0.844275117 68.236488342 0.007765261 0.999043345 -0.043035619 -1.465200186 -0.845211387 -0.016441179 -0.534179151 -14.930770874
-0.537596345 0.040708121 0.842218935 69.042427063 0.007012715 0.999015272 -0.043810483 -1.525227189 -0.843173087 -0.017646121 -0.537352622 -15.453136444
-0.540962517 0.040174957 0.840086579 69.864898682 0.008134686 0.999061644 -0.042539302 -1.583544254 -0.841007352 -0.016178330 -0.540781796 -15.974886894
-0.542757869 0.033069246 0.839237809 70.684310913 0.008619411 0.999391377 -0.033805504 -1.633085608 -0.839844942 -0.011114471 -0.542712569 -16.510541916
-0.545464337 0.023845375 0.837794721 71.495376587 0.007207661 0.999691665 -0.023760593 -1.689019203 -0.838103056 -0.006922015 -0.545468032 -17.034818649
-0.547240496 0.022629859 0.836669385 72.310707092 0.008267568 0.999731660 -0.021632727 -1.729788780 -0.836934626 -0.004921082 -0.547280848 -17.562156677
-0.548002541 0.027777480 0.836015284 73.102081299 0.009162422 0.999587834 -0.027206438 -1.773376107 -0.836426556 -0.007249271 -0.548031151 -18.080293655
-0.550096154 0.033266161 0.834438384 73.899887085 0.009860942 0.999395311 -0.033341680 -1.817566514 -0.835043073 -0.010112780 -0.550091565 -18.583293915
-0.549342752 0.037418094 0.834758878 74.682441711 0.016248249 0.999286354 -0.034100302 -1.864849806 -0.835439026 -0.005169387 -0.549558759 -19.130983353
-0.549042702 0.038904142 0.834888399 75.473831177 0.019901505 0.999241412 -0.033474956 -1.914633036 -0.835557222 -0.001763647 -0.549400568 -19.664220810
-0.548643112 0.035595510 0.835298538 76.278335571 0.018451612 0.999365449 -0.030467639 -1.957176208 -0.835852921 -0.001303256 -0.548951745 -20.185211182
-0.548107386 0.030652523 0.835846066 77.067985535 0.016403323 0.999530017 -0.025898706 -1.993986726 -0.836247146 -0.000484617 -0.548352599 -20.701057434
-0.547869027 0.023591762 0.836231411 77.860229492 0.013690619 0.999721229 -0.019234534 -2.039367437 -0.836452067 0.000910518 -0.548039317 -21.196527481
-0.547800660 0.018061196 0.836413920 78.661422729 0.005204850 0.999821126 -0.018180886 -2.074219465 -0.836592674 -0.005606092 -0.547796726 -21.692728043
-0.545744002 0.013206135 0.837847888 79.460517883 -0.002129636 0.999850750 -0.017146789 -2.102347374 -0.837949216 -0.011142068 -0.545634449 -22.206747055
-0.544165850 0.013717492 0.838865519 80.249168396 0.001111700 0.999877214 -0.015629277 -2.140398979 -0.838976860 -0.007572350 -0.544114232 -22.704135895
-0.540425897 0.017141491 0.841216981 81.038635254 0.005213778 0.999841511 -0.017024284 -2.170519352 -0.841375411 -0.004814443 -0.540429711 -23.227529526
-0.534907520 0.020473069 0.844662547 81.829223633 0.006955917 0.999779284 -0.019827770 -2.196530819 -0.844881952 -0.004730623 -0.534931839 -23.730920792
-0.527099073 0.022430938 0.849507749 82.617660522 0.011987580 0.999748528 -0.018959980 -2.232364416 -0.849719286 0.000189754 -0.527235329 -24.222423553
-0.519050896 0.025993686 0.854348004 83.422210693 0.018793356 0.999642909 -0.018996587 -2.264667273 -0.854536593 0.006195868 -0.519354165 -24.721132278
-0.509400070 0.025300594 0.860157847 84.228927612 0.016768685 0.999669731 -0.019473484 -2.295015097 -0.860366583 0.004503921 -0.509656012 -25.192693710
-0.498515248 0.023053294 0.866574347 85.036491394 0.014665274 0.999727607 -0.018159030 -2.324766874 -0.866756916 0.003655999 -0.498717546 -25.648294449
-0.487047136 0.019733554 0.873152733 85.845069885 0.014832591 0.999787331 -0.014321879 -2.358007669 -0.873249769 0.005975687 -0.487236261 -26.090089798
-0.475771904 0.019051429 0.879362404 86.656410217 0.013956607 0.999803066 -0.014109672 -2.384201288 -0.879457951 0.005559930 -0.475944102 -26.526268005
-0.464612365 0.018082969 0.885329545 87.498611450 0.013947496 0.999816895 -0.013101877 -2.408613920 -0.885404348 0.006260837 -0.464779466 -26.953844070
-0.452416658 0.019335579 0.891597033 88.318595886 0.014768070 0.999790311 -0.014188251 -2.433085680 -0.891684413 0.006748167 -0.452607393 -27.368108749
-0.440242320 0.022573462 0.897595227 89.136230469 0.014546353 0.999732018 -0.018007550 -2.476061344 -0.897761226 0.005129052 -0.440452725 -27.767282486
-0.428840399 0.031740159 0.902822495 89.959724426 0.017230324 0.999488175 -0.026954191 -2.509591579 -0.903215945 0.003996880 -0.429167807 -28.154693604
-0.415519327 0.036305968 0.908859491 90.813156128 0.016410694 0.999339819 -0.032417584 -2.545641661 -0.909436285 0.001444881 -0.415840745 -28.557191849
-0.404023319 0.032533672 0.914169967 91.655975342 0.014347883 0.999469876 -0.029228196 -2.587769747 -0.914636075 0.001307528 -0.404275894 -28.922025681
-0.393268347 0.029242888 0.918958604 92.508712769 0.013224991 0.999570668 -0.026148468 -2.630657911 -0.919328630 0.001869853 -0.393486202 -29.268943787
-0.382538527 0.029356400 0.923473001 93.360214233 0.008279487 0.999563873 -0.028345570 -2.670237303 -0.923902392 -0.003197388 -0.382614732 -29.624359131
-0.375916839 0.033804309 0.926036596 94.209594727 0.003785320 0.999382079 -0.034945115 -2.715413094 -0.926645577 -0.009631111 -0.375812531 -29.954595566
-0.370807141 0.038926058 0.927893758 95.051124573 -0.001399837 0.999096632 -0.042472489 -2.760432482 -0.928708792 -0.017048003 -0.370417625 -30.277915955
-0.367890120 0.041195095 0.928956270 95.893165588 -0.003856243 0.998941898 -0.045825813 -2.811707973 -0.929861188 -0.020441147 -0.367342055 -30.595043182
-0.364011884 0.040774506 0.930501342 96.733123779 -0.005067125 0.998939812 -0.045755725 -2.868699312 -0.931380510 -0.021370597 -0.363419354 -30.919103622
-0.359247714 0.040912762 0.932344973 97.573226929 -0.006132873 0.998913646 -0.046196982 -2.921347380 -0.933222055 -0.022314118 -0.358606458 -31.229763031
-0.353577256 0.035698198 0.934723914 98.424781799 -0.011492305 0.999030232 -0.042501315 -2.975952387 -0.935334742 -0.025769634 -0.352824152 -31.549480438
-0.348385811 0.031967506 0.936806083 99.266952515 -0.011638967 0.999193668 -0.038424797 -3.027498484 -0.937279046 -0.024290109 -0.347732842 -31.852888107
-0.342705965 0.029324494 0.938984931 100.119316101 -0.013343332 0.999259949 -0.036076874 -3.077199221 -0.939347923 -0.024892947 -0.342061102 -32.154460907
-0.337141275 0.027448347 0.941053808 100.967071533 -0.021803793 0.999079227 -0.036952220 -3.125327587 -0.941201568 -0.032976661 -0.336232364 -32.435535431
-0.331049025 0.027947405 0.943199635 101.822067261 -0.028903816 0.998791933 -0.039739445 -3.170777082 -0.943170786 -0.040417764 -0.329841316 -32.717926025
-0.323858500 0.031776242 0.945571721 102.674316406 -0.026344527 0.998745501 -0.042586166 -3.227358341 -0.945738614 -0.038702533 -0.322615087 -33.007808685
-0.316890091 0.035238083 0.947807431 103.524093628 -0.024984941 0.998652697 -0.045481905 -3.274267435 -0.948133111 -0.038093679 -0.315582722 -33.289573669
-0.310570896 0.033181783 0.949970841 104.383720398 -0.026015867 0.998719394 -0.043389823 -3.325743437 -0.950194120 -0.038189929 -0.309309959 -33.563018799
-0.304002881 0.028475018 0.952245414 105.234901428 -0.026397143 0.998917639 -0.038297914 -3.374896049 -0.952305317 -0.036779232 -0.302922189 -33.821182251
-0.296090484 0.025908783 0.954808414 106.098724365 -0.027616385 0.998981953 -0.035671402 -3.425927877 -0.954760551 -0.036930319 -0.295073539 -34.091247559
-0.289955288 0.028837053 0.956605613 106.955085754 -0.030041931 0.998779118 -0.039214347 -3.471880436 -0.956568480 -0.040108688 -0.288734972 -34.341876984
-0.283774137 0.031937700 0.958359122 107.808784485 -0.029339373 0.998688042 -0.041969188 -3.519625902 -0.958442211 -0.040027421 -0.282464832 -34.581405640
-0.277059227 0.032288868 0.960310161 108.662628174 -0.031598702 0.998588443 -0.042692464 -3.569313049 -0.960333109 -0.042172890 -0.275647879 -34.816627502
-0.270081282 0.031981159 0.962306201 109.525756836 -0.031610548 0.998614848 -0.042059675 -3.620652199 -0.962318420 -0.041778557 -0.268696249 -35.053493500
-0.261756122 0.031804308 0.964609802 110.386169434 -0.027677668 0.998798609 -0.040442143 -3.671655655 -0.964737117 -0.037284136 -0.260561287 -35.288459778
-0.254220158 0.033082783 0.966580391 111.242446899 -0.024666723 0.998867869 -0.040675469 -3.722845316 -0.966831744 -0.034182899 -0.253116310 -35.512039185
-0.247682661 0.033608947 0.968258083 112.106880188 -0.023639370 0.998890936 -0.040719241 -3.770767689 -0.968552768 -0.032974459 -0.246613443 -35.723579407
-0.241185322 0.032593589 0.969931662 112.975143433 -0.029677777 0.998720706 -0.040940762 -3.818166018 -0.970025182 -0.038659722 -0.239909455 -35.921951294
-0.235344321 0.030402994 0.971436441 113.837501526 -0.034611661 0.998614371 -0.039638747 -3.869993210 -0.971295595 -0.042951774 -0.233965963 -36.118499756
-0.230639279 0.030356877 0.972565770 114.714218140 -0.032126091 0.998730659 -0.038792126 -3.920700073 -0.972508848 -0.040191717 -0.229371309 -36.322128296
-0.226488635 0.030692128 0.973530173 115.586418152 -0.030758969 0.998779476 -0.038644131 -3.969395638 -0.973527968 -0.038697239 -0.225268155 -36.513713837
-0.221465141 0.032442097 0.974628508 116.451400757 -0.028997691 0.998785317 -0.039835356 -4.017374039 -0.974737048 -0.037084110 -0.220255405 -36.710365295
-0.215234354 0.031650513 0.976049423 117.320610046 -0.022791443 0.999039531 -0.037421890 -4.062024117 -0.976296484 -0.030300042 -0.214306280 -36.908256531
-0.209934533 0.030323762 0.977245152 118.182052612 -0.015926292 0.999280214 -0.034428842 -4.109547138 -0.977585733 -0.022791691 -0.209300473 -37.098789215
-0.204917610 0.030127339 0.978315532 119.045211792 -0.013822096 0.999337435 -0.033669882 -4.150751591 -0.978681624 -0.020421922 -0.204365402 -37.283298492
-0.201000273 0.030888669 0.979104102 119.931449890 -0.016090741 0.999263763 -0.034827929 -4.204352379 -0.979459047 -0.022754937 -0.200355232 -37.456005096
-0.197450250 0.032882046 0.979761362 120.800178528 -0.017847136 0.999151051 -0.037129503 -4.243059158 -0.980150461 -0.024817171 -0.196695760 -37.624099731
-0.195314586 0.032118250 0.980214655 121.674720764 -0.020437025 0.999113321 -0.036809716 -4.293877125 -0.980527699 -0.027222142 -0.194484994 -37.791454315
-0.194588453 0.030905183 0.980398059 122.554687500 -0.020886198 0.999146342 -0.035641667 -4.338625431 -0.980662584 -0.027412241 -0.193776846 -37.959026337
-0.193937048 0.026414465 0.980658293 123.419403076 -0.020044230 0.999322057 -0.030881170 -4.379080296 -0.980809152 -0.025645539 -0.193276122 -38.122425079
-0.193129420 0.021475356 0.980938256 124.291786194 -0.021427929 0.999429643 -0.026098965 -4.420441151 -0.980939209 -0.026059953 -0.192559108 -38.286708832
-0.192043707 0.019747216 0.981187701 125.149726868 -0.020674303 0.999494255 -0.024162145 -4.459489346 -0.981168509 -0.024925560 -0.191538334 -38.454338074
-0.190711722 0.024261847 0.981346369 126.017341614 -0.020760270 0.999371171 -0.028741967 -4.498622894 -0.981426537 -0.025854439 -0.190088138 -38.620525360
-0.190865904 0.028133955 0.981212974 126.870567322 -0.020798881 0.999248862 -0.032696899 -4.535581112 -0.981395721 -0.026648853 -0.190137386 -38.779708862
-0.190968871 0.027059462 0.981223106 127.724937439 -0.024401039 0.999180079 -0.032303683 -4.575572968 -0.981292844 -0.030111860 -0.190152019 -38.935214996
-0.190552190 0.025861036 0.981336355 128.569000244 -0.026331360 0.999158621 -0.031443622 -4.623059273 -0.981323898 -0.031831570 -0.189710900 -39.089340210
-0.189496666 0.026622100 0.981520355 129.409042358 -0.021127652 0.999290347 -0.031183081 -4.670333385 -0.981654048 -0.026646314 -0.188799739 -39.259567261
-0.188120455 0.029407622 0.981705666 130.242752075 -0.022907581 0.999148309 -0.034319825 -4.707509518 -0.981878817 -0.028944761 -0.187286600 -39.422595978
-0.189146638 0.030199982 0.981484354 131.077224731 -0.030964248 0.998846412 -0.036701482 -4.753049374 -0.981460512 -0.037332889 -0.187993333 -39.559623718
-0.188265607 0.031149700 0.981624067 131.921768188 -0.037625384 0.998534381 -0.038902488 -4.802172184 -0.981397152 -0.044257976 -0.186817676 -39.708721161
-0.187702700 0.034894209 0.981605947 132.745178223 -0.034293666 0.998526514 -0.042053346 -4.848537445 -0.981627047 -0.041556392 -0.186229512 -39.864475250
-0.187562481 0.035675932 0.981604576 133.574645996 -0.032759681 0.998557031 -0.042551696 -4.900434971 -0.981706202 -0.040138163 -0.186123103 -40.017623901
-0.185769364 0.036913134 0.981899798 134.395065308 -0.033705790 0.998466611 -0.043912865 -4.947110653 -0.982015014 -0.041253380 -0.184240326 -40.167076111
-0.183589756 0.036602121 0.982321262 135.221618652 -0.024842273 0.998814642 -0.041859541 -4.994576454 -0.982688963 -0.032088071 -0.182462841 -40.329063416
-0.179819107 0.033576142 0.983126521 136.038803101 -0.018535599 0.999124229 -0.037512772 -5.043367386 -0.983525038 -0.024968352 -0.179039270 -40.489250183
-0.177934945 0.028412897 0.983631968 136.854476929 -0.015021044 0.999388158 -0.031585269 -5.091207504 -0.983927608 -0.020395301 -0.177399293 -40.637042999
-0.174265459 0.028137621 0.984296560 137.660339355 -0.013307213 0.999433041 -0.030926306 -5.133568764 -0.984608769 -0.018487630 -0.173792243 -40.779209137
-0.169347614 0.032776661 0.985011160 138.460510254 -0.012665738 0.999291897 -0.035429407 -5.182250023 -0.985475004 -0.018475777 -0.168812543 -40.916538239
-0.162503690 0.036005136 0.986050844 139.258453369 -0.011772520 0.999191999 -0.038425133 -5.222822666 -0.986637712 -0.017852526 -0.161948547 -41.046035767
-0.154507414 0.036742784 0.987308145 140.060699463 -0.010944633 0.999183238 -0.038897477 -5.263882637 -0.987930954 -0.016815672 -0.153979063 -41.165706635
-0.144607812 0.032012444 0.988971114 140.861419678 -0.009820367 0.999380827 -0.033785339 -5.308854580 -0.989440322 -0.014597681 -0.144203886 -41.280277252
-0.132966831 0.031026991 0.990634680 141.648635864 -0.005607693 0.999470353 -0.032056406 -5.349337578 -0.991104603 -0.009817614 -0.132722408 -41.382915497
-0.118877985 0.033882976 0.992330551 142.434310913 -0.001490008 0.999410391 -0.034303207 -5.385963917 -0.992907703 -0.005556477 -0.118757404 -41.478904724
-0.105117224 0.034698408 0.993854284 143.223983765 -0.002409675 0.999379277 -0.035146173 -5.425653458 -0.994456947 -0.006089334 -0.104968362 -41.556274414
-0.091065675 0.034599576 0.995243669 144.008483887 -0.000459313 0.999394715 -0.034785915 -5.466912270 -0.995844781 -0.003624931 -0.090994649 -41.625125885
-0.077882566 0.036245491 0.996303439 144.788894653 -0.000981878 0.999335647 -0.036432549 -5.507401943 -0.996962070 -0.003815710 -0.077795252 -41.679042816
-0.063867502 0.042647526 0.997046769 145.562728882 -0.003373836 0.999071538 -0.042950246 -5.555324078 -0.997952759 -0.006106997 -0.063664325 -41.720642090
-0.051254924 0.051769417 0.997342825 146.324600220 -0.011263116 0.998562038 -0.052411519 -5.602653503 -0.998622060 -0.013919538 -0.050598133 -41.742546082
-0.037834726 0.059847083 0.997490227 147.086669922 -0.015513380 0.998049438 -0.060469054 -5.649228096 -0.999163508 -0.017762279 -0.036832504 -41.755718231
-0.024769051 0.060806852 0.997842193 147.854415894 -0.016087500 0.997995019 -0.061215494 -5.698472023 -0.999563754 -0.017569037 -0.023741161 -41.765285492
-0.012909174 0.056806963 0.998301625 148.618377686 -0.019582856 0.998179018 -0.057053216 -5.755784512 -0.999724865 -0.020286107 -0.011773226 -41.761367798
-0.002281130 0.054664973 0.998502135 149.388122559 -0.023543270 0.998225033 -0.054703593 -5.813805103 -0.999720216 -0.023632795 -0.000990089 -41.751056671
0.006689093 0.061241254 0.998100579 150.139221191 -0.027171021 0.997765541 -0.061038595 -5.871634960 -0.999608457 -0.026711119 0.008338134 -41.732612610
0.013259263 0.068931490 0.997533202 150.892105103 -0.030844862 0.997174382 -0.068496689 -5.928835392 -0.999436259 -0.029860552 0.015347979 -41.713920593
0.016288800 0.071876042 0.997280598 151.641052246 -0.033469211 0.996893108 -0.071301453 -5.982508183 -0.999307036 -0.032216780 0.018643828 -41.692527771
0.016438751 0.067252837 0.997600496 152.395812988 -0.035461571 0.997146785 -0.066637911 -6.043341637 -0.999235809 -0.034281038 0.018776739 -41.673244476
0.014716315 0.062930569 0.997909367 153.150115967 -0.036999196 0.997368217 -0.062350810 -6.109497547 -0.999206960 -0.036004275 0.017005967 -41.656909943
0.011585197 0.060007021 0.998130739 153.904052734 -0.035711728 0.997585714 -0.059559755 -6.164196968 -0.999294996 -0.034954961 0.013700182 -41.644054413
0.008978716 0.060264010 0.998142123 154.647338867 -0.033857007 0.997628272 -0.059928432 -6.216878891 -0.999386370 -0.033256020 0.010997780 -41.640476227
0.004961959 0.060114451 0.998179138 155.390136719 -0.032739181 0.997665942 -0.059920810 -6.275204659 -0.999451637 -0.032382250 0.006918476 -41.630878448
0.000948999 0.058901969 0.998263299 156.136352539 -0.032222483 0.997747123 -0.058840882 -6.333219051 -0.999480247 -0.032110680 0.002844829 -41.631595612
-0.004297518 0.058999408 0.998248696 156.874374390 -0.033008032 0.997705579 -0.059109408 -6.384266376 -0.999445856 -0.033204246 -0.002340204 -41.631736755
-0.010126276 0.057092857 0.998317480 157.614212036 -0.034157515 0.997766256 -0.057407804 -6.437082291 -0.999365091 -0.034681376 -0.008153508 -41.633087158
-0.015581395 0.054623447 0.998385429 158.368469238 -0.032089308 0.997964919 -0.055101249 -6.496239662 -0.999363482 -0.032896053 -0.013796858 -41.657939911
-0.020800563 0.054424275 0.998301148 159.102554321 -0.032664865 0.997947216 -0.055085573 -6.547466278 -0.999249876 -0.033755187 -0.018980099 -41.672473907
-0.026504446 0.056037351 0.998076737 159.823242188 -0.034808766 0.997770250 -0.056944508 -6.595431805 -0.999042451 -0.036251109 -0.024494760 -41.678497314
-0.030914282 0.058295328 0.997820616 160.556106567 -0.034995105 0.997622490 -0.059367970 -6.652662277 -0.998909175 -0.036754154 -0.028800735 -41.694499969
-0.032902412 0.060422201 0.997630477 161.270172119 -0.033615313 0.997539401 -0.061525322 -6.708075523 -0.998893082 -0.035559990 -0.030790338 -41.719268799
-0.034339637 0.062094491 0.997479320 161.981140137 -0.030838439 0.997526944 -0.063159108 -6.757660389 -0.998934329 -0.032929569 -0.032339815 -41.744728088
-0.033506844 0.060439777 0.997609317 162.701065063 -0.027711377 0.997729838 -0.061377823 -6.812391758 -0.999054193 -0.029701702 -0.031755913 -41.771255493
-0.029052366 0.057087861 0.997946382 163.424987793 -0.025181033 0.998009145 -0.057824530 -6.866697788 -0.999260664 -0.026809258 -0.027556993 -41.797145844
-0.022043506 0.056289416 0.998171210 164.123977661 -0.024564559 0.998081803 -0.056826875 -6.927537918 -0.999455154 -0.025772296 -0.020618496 -41.802158356
-0.010988738 0.057256233 0.998299003 164.815124512 -0.022448283 0.998093605 -0.057491548 -6.976500034 -0.999687612 -0.023041861 -0.009682483 -41.803161621
0.004018364 0.057117458 0.998359323 165.506698608 -0.019732619 0.998177588 -0.057027631 -7.028932571 -0.999797285 -0.019471083 0.005138121 -41.800212860
0.018509567 0.054723844 0.998329997 166.197402954 -0.020328438 0.998315334 -0.054346133 -7.075869083 -0.999622047 -0.019288564 0.019590834 -41.769355774
0.035199117 0.049908642 0.998133361 166.877166748 -0.024451206 0.998496234 -0.049064532 -7.124988079 -0.999081135 -0.022678532 0.036366515 -41.737174988
0.051451135 0.043111186 0.997744620 167.556015015 -0.025483141 0.998799264 -0.041842658 -7.168488503 -0.998350322 -0.023272809 0.052487954 -41.689212799
0.068570562 0.035593532 0.997011125 168.235000610 -0.025519814 0.999098957 -0.033912912 -7.207228184 -0.997319818 -0.023118112 0.069417112 -41.630191803
0.085989431 0.028672602 0.995883405 168.900772095 -0.026653152 0.999294221 -0.026469437 -7.239675045 -0.995939434 -0.024267336 0.086692967 -41.564727783
0.102846161 0.022892239 0.994433880 169.562530518 -0.028526032 0.999391854 -0.020056156 -7.270770550 -0.994288087 -0.026304554 0.103436641 -41.480728149
0.121013165 0.020459466 0.992440045 170.215896606 -0.029701533 0.999414444 -0.016981589 -7.300824165 -0.992206454 -0.027421996 0.121550001 -41.389270782
0.138935789 0.019533817 0.990108728 170.852432251 -0.028892059 0.999459803 -0.015664062 -7.318034649 -0.989879847 -0.026429981 0.139425099 -41.293853760
0.156454027 0.019222761 0.987498224 171.490356445 -0.029717445 0.999449551 -0.014747133 -7.335132122 -0.987238050 -0.027038677 0.156939149 -41.179599762
0.171833664 0.018037856 0.984960914 172.120422363 -0.034865744 0.999317348 -0.012218186 -7.354090214 -0.984508812 -0.032241892 0.172345251 -41.045322418
0.186723337 0.014537369 0.982304990 172.733871460 -0.036986072 0.999285758 -0.007758099 -7.372511864 -0.981715977 -0.034882993 0.187127650 -40.920791626
0.198668852 0.010465555 0.980010867 173.358993530 -0.033619437 0.999427259 -0.003857536 -7.388183594 -0.979489803 -0.032181039 0.198906913 -40.787273407
0.209414899 0.009682057 0.977778912 173.975631714 -0.031637654 0.999494553 -0.003121121 -7.402647972 -0.977314889 -0.030281024 0.209615380 -40.650733948
0.219433129 0.013678467 0.975531638 174.578598022 -0.036142375 0.999329388 -0.005882389 -7.419806480 -0.974957824 -0.033967245 0.219780356 -40.502086639
0.228236988 0.020712724 0.973385215 175.165756226 -0.040874746 0.999096036 -0.011675615 -7.441072464 -0.972747266 -0.037122075 0.228877306 -40.344009399
0.237058699 0.030292477 0.971022964 175.750885010 -0.041151520 0.998929858 -0.021116626 -7.459434509 -0.970623374 -0.034953192 0.238051564 -40.194190979
0.245362073 0.036085427 0.968759716 176.343353271 -0.036021430 0.998956323 -0.028086914 -7.475445271 -0.968762100 -0.028004646 0.246405810 -40.045829773
0.251957238 0.034050401 0.967139184 176.941299438 -0.034970671 0.999048471 -0.026063347 -7.493543148 -0.967106283 -0.027254652 0.252908260 -39.887416840
0.257873893 0.026671987 0.965810359 177.541931152 -0.037902813 0.999128580 -0.017471964 -7.511567116 -0.965434849 -0.032101359 0.258660108 -39.715919495
0.261726975 0.016319945 0.965003848 178.159225464 -0.041873801 0.999107540 -0.005539747 -7.530529499 -0.964233160 -0.038958482 0.262176752 -39.526576996
0.264031380 0.008190310 0.964479327 178.767150879 -0.042229194 0.999103308 0.003076133 -7.550463676 -0.963589191 -0.041541375 0.264140457 -39.356987000
0.264651865 0.007374269 0.964315832 179.369400024 -0.039440654 0.999216855 0.003183137 -7.566473961 -0.963537216 -0.038875673 0.264735460 -39.186111450
0.265891552 0.009598269 0.963955164 179.968048096 -0.035536412 0.999368489 -0.000148740 -7.571361065 -0.963347733 -0.034215957 0.266064644 -39.027042389
0.268079966 0.008867854 0.963355839 180.573989868 -0.031979263 0.999488413 -0.000301363 -7.578637123 -0.962865770 -0.030726621 0.268226415 -38.866222382
0.269501656 0.006911733 0.962975144 181.183410645 -0.034310907 0.999408245 0.002429144 -7.579327106 -0.962388456 -0.033695213 0.269579381 -38.684005737
0.272191048 0.003408647 0.962237239 181.797409058 -0.035005987 0.999366879 0.006362078 -7.587369442 -0.961606205 -0.035415765 0.272138089 -38.503902435
0.274946779 -0.001844203 0.961457670 182.395294189 -0.034028154 0.999352992 0.011647878 -7.598158836 -0.960857034 -0.035919182 0.274706155 -38.326301575
0.279510707 -0.004623943 0.960131347 183.015426636 -0.032651160 0.999364197 0.014318198 -7.599050522 -0.959587216 -0.035351500 0.279182017 -38.146045685
0.285588533 -0.006702541 0.958328903 183.628585815 -0.030762829 0.999396086 0.016157297 -7.594264030 -0.957858443 -0.034095246 0.285209894 -37.956314087
0.293367386 -0.009847733 0.955949008 184.249588013 -0.029367467 0.999382198 0.019307625 -7.595858097 -0.955548584 -0.033738028 0.292896897 -37.758766174
0.303595752 -0.012113680 0.952723861 184.880996704 -0.026249640 0.999433279 0.021072313 -7.599620819 -0.952439189 -0.031406127 0.303105772 -37.567813873
0.314736396 -0.010045307 0.949125946 185.495574951 -0.027727030 0.999419987 0.019772071 -7.599865437 -0.948773980 -0.032539438 0.314275324 -37.353599548
0.326270461 -0.006329656 0.945255280 186.109298706 -0.029021064 0.999439120 0.016709587 -7.599315643 -0.944830835 -0.032884162 0.325903773 -37.130767822
0.337973356 -0.003329744 0.941149771 186.721908569 -0.029866273 0.999452174 0.014261196 -7.597353935 -0.940681696 -0.032928538 0.337688744 -36.901260376
0.349477470 -0.002907646 0.936940253 187.340591431 -0.028599715 0.999496162 0.013769433 -7.592119217 -0.936508179 -0.031608332 0.349218190 -36.663299561
0.361509323 -0.005815345 0.932350338 187.976531982 -0.027580822 0.999476314 0.016928209 -7.585373402 -0.931960464 -0.031834695 0.361159593 -36.423862457
