1.000000000 0.000000000 0.000000000 0.000000000 0.000000000 1.000000000 0.000000000 0.000000000 0.000000000 0.000000000 1.000000000 0.000000000
0.999873757 0.001490984 0.015817318 0.010581608 -0.001476486 0.999998450 -0.000928267 -0.003399134 -0.015818678 0.000904796 0.999874473 0.126225725
0.999292374 0.004322200 0.037363984 0.027266353 -0.004310287 0.999990642 -0.000399397 -0.004820880 -0.037365358 0.000238065 0.999301672 0.272610754
0.997895718 0.005998372 0.064561471 0.056392219 -0.006074268 0.999981046 0.000979335 -0.004992049 -0.064554378 -0.001369438 0.997913241 0.436248600
0.995129704 0.005636730 0.098413073 0.102636315 -0.005986013 0.999976933 0.003254239 -0.004322561 -0.098392464 -0.003827491 0.995140314 0.607649326
0.990631521 0.002598302 0.136536762 0.163663924 -0.003342906 0.999980748 0.005224505 -0.005222383 -0.136520535 -0.005631989 0.990621150 0.792575538
0.984348357 -0.000168079 0.176233888 0.236895591 -0.000799756 0.999984980 0.005420722 -0.003983074 -0.176232144 -0.005476823 0.984333336 0.988065600
0.975565553 -0.000369893 0.219708249 0.320001453 -0.001118358 0.999977291 0.006649345 -0.001291716 -0.219705746 -0.006732583 0.975542963 1.191401720
0.963388801 -0.000186013 0.268108189 0.412237406 -0.002450390 0.999951899 0.009498712 0.001710840 -0.268097043 -0.009807921 0.963341951 1.407300472
0.948943377 -0.003708460 0.315424621 0.529255331 -0.001633252 0.999859750 0.016668966 -0.003065074 -0.315442234 -0.016333073 0.948804200 1.618389487
0.931913197 -0.013248552 0.362439334 0.670629084 0.004608380 0.999684513 0.024693126 -0.007002875 -0.362652063 -0.021341596 0.931680202 1.832543612
0.910566926 -0.018201392 0.412960768 0.825279415 0.006895168 0.999559879 0.028852312 -0.003930755 -0.413304120 -0.023424525 0.910291672 2.053006887
0.885013998 -0.019546181 0.465153903 0.993485987 0.004874907 0.999452651 0.032722756 0.000394203 -0.465538859 -0.026692521 0.884624839 2.285599947
0.856736064 -0.021681214 0.515298963 1.166630507 0.002832444 0.999298751 0.037336286 0.001684621 -0.515747011 -0.030527787 0.856196821 2.486812353
0.824241638 -0.026106272 0.565635920 1.374542236 0.003346451 0.999143720 0.041237883 0.012656122 -0.566228151 -0.032097109 0.823623359 2.707060099
0.788060009 -0.031863939 0.614773214 1.600618362 0.005333185 0.998975396 0.044940829 0.008736834 -0.615575314 -0.032137372 0.787422478 2.917660952
0.749755144 -0.035601251 0.660757065 1.842143059 0.005603813 0.998857439 0.047459334 0.016057685 -0.661691666 -0.031880114 0.749097943 3.124810934
0.709668159 -0.038816031 0.703465998 2.113834620 0.006798391 0.998811960 0.048254378 0.031196982 -0.704503298 -0.029462157 0.709088922 3.331239700
0.667243600 -0.040513251 0.743736923 2.418728828 0.005630363 0.998765528 0.049354035 0.047153696 -0.744818211 -0.028743658 0.666648030 3.555788755
0.624220967 -0.040502880 0.780197203 2.735090733 0.000589342 0.998679340 0.051373571 0.063378647 -0.781247616 -0.031608656 0.623420596 3.772250414
0.582859039 -0.041296266 0.811523259 3.064800501 -0.002317077 0.998619199 0.052481275 0.073170096 -0.812569976 -0.032469552 0.581958532 3.961345673
0.542185009 -0.042413294 0.839188039 3.441925287 -0.004175315 0.998576880 0.053166561 0.093913898 -0.840248704 -0.032329984 0.541236401 4.169844627
0.503235936 -0.044385545 0.863008320 3.853991032 -0.005952341 0.998478293 0.054823846 0.115654334 -0.864128649 -0.032726251 0.502206028 4.381546974
0.466476917 -0.043877751 0.883444309 4.282424927 -0.009098426 0.998477995 0.054395251 0.134349719 -0.884486556 -0.033412084 0.465367824 4.574137688
0.429692775 -0.043221354 0.901940167 4.738951683 -0.010211836 0.998557329 0.052716307 0.154299438 -0.902917445 -0.031862285 0.428631485 4.766895294
0.395968884 -0.041740336 0.917314708 5.227818966 -0.009013744 0.998741508 0.049336359 0.177589655 -0.918219686 -0.027804106 0.395094424 4.951993942
0.366564274 -0.039855529 0.929538727 5.744636536 -0.006623256 0.998944938 0.045443323 0.200382426 -0.930369198 -0.022814471 0.365913481 5.128240585
0.341314614 -0.038131386 0.939175367 6.291159153 -0.005442708 0.999079823 0.042541549 0.223335296 -0.939933300 -0.019631712 0.340793014 5.303597450
0.320880204 -0.037670922 0.946370363 6.864263535 -0.004234302 0.999141634 0.041207220 0.245331705 -0.947110415 -0.017229801 0.320445240 5.486743450
0.305921137 -0.037953213 0.951300204 7.468806267 -0.003724628 0.999149740 0.041060019 0.272037089 -0.952049553 -0.016104363 0.305519730 5.685970306
0.294605255 -0.039093867 0.954819083 8.094113350 -0.002659160 0.999125481 0.041728418 0.299366742 -0.955615342 -0.014832429 0.294243634 5.864033222
0.283667803 -0.040758315 0.958056092 8.757853508 -0.004084761 0.999035954 0.043711156 0.328268945 -0.958913922 -0.016312879 0.283227801 6.058165073
0.272780865 -0.042757656 0.961125553 9.426676750 -0.005544928 0.998925447 0.046012990 0.348330349 -0.962060332 -0.017880835 0.272250712 6.260582924
0.262835294 -0.044430953 0.963817120 10.130811691 -0.006374141 0.998837411 0.047783591 0.377083600 -0.964819670 -0.018702723 0.262246430 6.448210716
0.253075451 -0.046482977 0.966329157 10.846840858 -0.007322896 0.998724401 0.049959090 0.404991060 -0.967418909 -0.019719750 0.252412319 6.623409271
0.242076203 -0.047414787 0.969097972 11.592326164 -0.007588794 0.998682141 0.050757892 0.446203440 -0.970227540 -0.019641567 0.241397381 6.822606087
0.231702864 -0.048672166 0.971568227 12.351728439 -0.007465569 0.998629153 0.051808242 0.480466783 -0.972757995 -0.019257424 0.231021866 7.001157284
0.221489221 -0.051838890 0.973784029 13.134246826 -0.008831090 0.998438478 0.055160008 0.511784732 -0.975122869 -0.020816918 0.220685601 7.177567482
0.209755749 -0.055212151 0.976193726 13.924706459 -0.010653562 0.998216093 0.058746848 0.546871185 -0.977695763 -0.022722429 0.208793357 7.356264591
0.197557703 -0.058987360 0.978514910 14.722444534 -0.011762337 0.997973502 0.062535137 0.582686245 -0.980220735 -0.023863917 0.196463510 7.517035484
0.184526771 -0.061105255 0.980926037 15.521100998 -0.012671757 0.997834623 0.064542286 0.620708287 -0.982745767 -0.024339836 0.183352843 7.665836334
0.170271799 -0.061548196 0.983473122 16.334871292 -0.013015020 0.997819901 0.064699374 0.662299633 -0.985311210 -0.023816401 0.169099540 7.810716629
0.155798167 -0.060596250 0.985928476 17.150051117 -0.014280370 0.997874081 0.063587047 0.700142324 -0.987685740 -0.023986170 0.154601589 7.938602448
0.139507636 -0.059220329 0.988448620 17.968368530 -0.014962694 0.997970045 0.061902583 0.739492059 -0.990108013 -0.023425736 0.138338357 8.047295570
0.118570089 -0.057952922 0.991253138 18.779384613 -0.017128389 0.998027384 0.060397819 0.769942343 -0.992797852 -0.024139944 0.117343582 8.147809982
0.092258811 -0.056393452 0.994136870 19.608181000 -0.021724870 0.998043299 0.058631178 0.808272839 -0.995498002 -0.027006740 0.090853155 8.232103348
0.062036935 -0.056239069 0.996488154 20.446790695 -0.025515104 0.997995555 0.057912603 0.838030517 -0.997747600 -0.029018218 0.060477652 8.282661438
0.029293617 -0.055790115 0.998012841 21.308904648 -0.028775476 0.997980297 0.056632929 0.877416193 -0.999156535 -0.030377274 0.027629072 8.298939705
-0.005295515 -0.055609252 0.998438656 22.158508301 -0.030023728 0.998011291 0.055426210 0.903047562 -0.999535084 -0.029683335 -0.006954575 8.290549278
-0.039417263 -0.054039136 0.997760534 23.004850388 -0.031083969 0.998119593 0.052830584 0.937574983 -0.998739243 -0.028931919 -0.041022897 8.249942780
-0.072332866 -0.052213125 0.996012986 23.855861664 -0.032953180 0.998208702 0.049935099 0.963908553 -0.996836007 -0.029209847 -0.073923886 8.182385445
-0.104640812 -0.049473569 0.993278742 24.693525314 -0.036360342 0.998284459 0.045892380 0.984576344 -0.993845165 -0.031313732 -0.106260188 8.097889900
-0.137000531 -0.044624109 0.989565372 25.532348633 -0.033588044 0.998619676 0.040382303 1.007205486 -0.990001380 -0.027705166 -0.138310269 7.966577530
-0.168527007 -0.038886808 0.984929621 26.364696503 -0.027976155 0.999007702 0.034655757 1.021761179 -0.985299945 -0.021714114 -0.169447690 7.808788776
-0.198543072 -0.032376789 0.979557276 27.207374573 -0.020545786 0.999372065 0.028867366 1.034261823 -0.979876757 -0.014394363 -0.199083596 7.618414402
-0.227583602 -0.027044656 0.973382890 28.017889023 -0.015778180 0.999585450 0.024083624 1.035003543 -0.973630667 -0.009877174 -0.227916017 7.418569565
-0.255469561 -0.020928109 0.966590524 28.835887909 -0.007073242 0.999779403 0.019777237 1.037236929 -0.966791213 -0.001784446 -0.255561203 7.182298660
-0.281061679 -0.010383865 0.959633529 29.629531860 -0.000564617 0.999943078 0.010654673 1.028940201 -0.959689558 0.002452795 -0.281051546 6.925081730
-0.306792289 0.005372776 0.951761246 30.420410156 0.003966379 0.999982715 -0.004366459 1.017147183 -0.951768219 0.002435449 -0.306808293 6.658526421
-0.331120163 0.022260435 0.943325937 31.194507599 0.004475242 0.999747515 -0.022020988 0.993203461 -0.943577945 -0.003069981 -0.331136227 6.374539375
-0.356519997 0.037143540 0.933549047 31.963180542 0.005024609 0.999271214 -0.037839569 0.960381866 -0.934274197 -0.008799844 -0.356446832 6.075801849
-0.380885988 0.047489703 0.923401713 32.721389771 0.008839420 0.998821497 -0.047722377 0.916965127 -0.924579740 -0.010014448 -0.380856901 5.751374245
-0.404016852 0.051740214 0.913287103 33.476108551 0.011521448 0.998607635 -0.051477045 0.867381930 -0.914678991 -0.010275200 -0.404050469 5.409875870
-0.426495582 0.051306661 0.903033316 34.228538513 0.015467077 0.998657465 -0.049434662 0.809205890 -0.904357374 -0.007116380 -0.426716655 5.041669846
-0.446567595 0.047097594 0.893509388 34.962726593 0.019010117 0.998887658 -0.043151088 0.755536556 -0.894547939 -0.002284157 -0.446966231 4.660599709
-0.464469433 0.046130020 0.884386837 35.689407349 0.027116209 0.998915017 -0.037862752 0.705688953 -0.885173857 0.006395129 -0.465216368 4.263592720
-0.478155911 0.046056241 0.877066493 36.400375366 0.028335195 0.998913229 -0.037006933 0.658733487 -0.877817750 0.007156766 -0.478941292 3.868761063
-0.488786519 0.050494757 0.870940864 37.096645355 0.032629151 0.998683214 -0.039588880 0.613153577 -0.871793032 0.009067547 -0.489790499 3.460382462
-0.498862088 0.052705619 0.865077317 37.788856506 0.032883897 0.998581529 -0.041876413 0.567770600 -0.866057336 0.007556552 -0.499887615 3.057083130
-0.509845257 0.051953319 0.858695924 38.477767944 0.026940575 0.998649478 -0.044425070 0.516292095 -0.859844267 0.000483853 -0.510556221 2.657375336
-0.521012545 0.050291382 0.852066100 39.177902222 0.025590556 0.998734295 -0.043300305 0.470021844 -0.853165329 -0.000755155 -0.521640003 2.238662720
-0.529545009 0.051685579 0.846705794 39.851936340 0.027775131 0.998663247 -0.043590475 0.426091671 -0.847827137 0.000434247 -0.530272663 1.807693481
-0.536868572 0.054658920 0.841893435 40.533248901 0.030809548 0.998503566 -0.045179650 0.375208974 -0.843103170 0.001682825 -0.537749231 1.371995926
-0.540241182 0.057334214 0.839554787 41.223133087 0.031816475 0.998354554 -0.047705427 0.329991579 -0.840908527 0.000939241 -0.541176438 0.921913147
-0.540046751 0.059716795 0.839513779 41.925193787 0.031605534 0.998214960 -0.050674263 0.283243060 -0.841041327 -0.000833188 -0.540970206 0.472019196
-0.536487103 0.060193423 0.841759026 42.648651123 0.033808619 0.998185217 -0.049831718 0.235426664 -0.843231022 0.001724639 -0.537548482 0.008642197
-0.530825734 0.058887299 0.845432639 43.383720398 0.032413155 0.998263776 -0.049181122 0.175007582 -0.846860886 0.001296530 -0.531812847 -0.444564819
-0.523808539 0.057339743 0.849903822 44.144233704 0.030061875 0.998354733 -0.048827548 0.124520183 -0.851305425 -0.000026584 -0.524670541 -0.902629852
-0.516392350 0.056953594 0.854456067 44.914405823 0.028544549 0.998376310 -0.049295608 0.072745562 -0.855876267 -0.001065814 -0.517179668 -1.366643906
-0.510686994 0.055537526 0.857971072 45.706542969 0.025742786 0.998451829 -0.049308229 0.017905593 -0.859381318 -0.003094498 -0.511326015 -1.820892334
-0.505970180 0.053235259 0.860906601 46.507587433 0.021241775 0.998559952 -0.049263064 -0.034704208 -0.862289369 -0.006638455 -0.506372333 -2.289701462
-0.504774332 0.050565094 0.861769259 47.333938599 0.017160224 0.998673499 -0.048546620 -0.089913011 -0.863080859 -0.009716930 -0.504972398 -2.760612488
-0.505351722 0.047968414 0.861579180 48.170883179 0.014025968 0.998778462 -0.047380183 -0.147718668 -0.862799525 -0.011859175 -0.505407214 -3.235633850
-0.505989790 0.046823438 0.861267567 49.027927399 0.013259443 0.998829842 -0.046512257 -0.211880445 -0.862437546 -0.012114801 -0.506018460 -3.738983154
-0.506340742 0.046124879 0.861099064 49.883560181 0.012653170 0.998858392 -0.046063699 -0.263318062 -0.862240732 -0.012428296 -0.506346285 -4.235134125
-0.506636143 0.045565967 0.860955000 50.764949799 0.012918688 0.998891532 -0.045264132 -0.323818684 -0.862063169 -0.011810035 -0.506663203 -4.754909515
-0.506720901 0.044634480 0.860953927 51.643402100 0.012992186 0.998940945 -0.044141486 -0.382208824 -0.862012267 -0.011181740 -0.506764114 -5.266994476
-0.506915390 0.044487149 0.860847056 52.530643463 0.012971557 0.998947978 -0.043985594 -0.441429615 -0.861898184 -0.011130444 -0.506959140 -5.783111572
-0.507050395 0.043045022 0.860840797 53.425315857 0.011064313 0.998995006 -0.043436125 -0.498399973 -0.861845315 -0.012499692 -0.507017016 -6.305654526
-0.507282734 0.041957308 0.860757709 54.304664612 0.010038287 0.999034047 -0.042781536 -0.561524272 -0.861721218 -0.013061800 -0.507213891 -6.812196732
-0.506731033 0.041134626 0.861122370 55.196598053 0.008812531 0.999056160 -0.042537753 -0.623250127 -0.862059176 -0.013966535 -0.506615162 -7.328535080
-0.505421817 0.039789598 0.861954510 56.080581665 0.008893289 0.999123394 -0.040906858 -0.682266831 -0.862826467 -0.013009610 -0.505332470 -7.847356796
-0.503200650 0.037745401 0.863344967 56.966266632 0.008956449 0.999219835 -0.038465582 -0.741093516 -0.864123225 -0.011623398 -0.503145993 -8.362150192
-0.500677526 0.036247969 0.864874601 57.856098175 0.009590817 0.999293864 -0.036329512 -0.801655531 -0.865580738 -0.009894512 -0.500671625 -8.873899460
-0.498323739 0.036082521 0.866239846 58.742515564 0.009820687 0.999304473 -0.035975650 -0.855912089 -0.866935313 -0.009420455 -0.498331487 -9.376817703
-0.496371239 0.036184639 0.867355883 59.627864838 0.009893698 0.999301910 -0.036027227 -0.913389802 -0.868053913 -0.009301520 -0.496382654 -9.877756119
-0.495212853 0.036787182 0.867992580 60.510223389 0.009643646 0.999274433 -0.036849201 -0.966378093 -0.868718147 -0.009877585 -0.495208293 -10.383769989
-0.495878637 0.038318157 0.867545962 61.384696960 0.009251602 0.999202430 -0.038845114 -1.022478700 -0.868342519 -0.011236274 -0.495837629 -10.880733490
-0.498920351 0.039929904 0.865727425 62.258110046 0.007994341 0.999107599 -0.041474633 -1.083846331 -0.866611004 -0.013771620 -0.498794317 -11.375669479
-0.503474474 0.040393218 0.863065362 63.137153625 0.006520261 0.999055743 -0.042954210 -1.142321348 -0.863985479 -0.015998937 -0.503262460 -11.884389877
-0.509047985 0.039045673 0.859852016 63.999980927 0.008291242 0.999146640 -0.040462442 -1.202958584 -0.860698104 -0.013468088 -0.508937418 -12.391582489
-0.514531434 0.036587797 0.856690586 64.855049133 0.009288286 0.999268413 -0.037098475 -1.261319518 -0.857421100 -0.011131145 -0.514494896 -12.903194427
-0.519933939 0.034128927 0.853524387 65.724502563 0.006292702 0.999327421 -0.036125720 -1.316836357 -0.854183257 -0.013412014 -0.519799054 -13.417930603
-0.525043309 0.037481710 0.850249767 66.571434021 0.008681925 0.999213576 -0.038687281 -1.373158932 -0.851031244 -0.012930691 -0.524955869 -13.935834885
-0.530073941 0.039178763 0.847045839 67.412475586 0.008829261 0.999132872 -0.040688023 -1.424558759 -0.847905457 -0.014088871 -0.529960215 -14.458189011
-0.535093844 0.039843604 0.843852520 68.240142822 0.007400459 0.999069929 -0.042479709 -1.483495712 -0.844760180 -0.016485730 -0.534891069 -14.967735291
-0.538298249 0.040169843 0.841796458 69.047164917 0.006586547 0.999033391 -0.043461204 -1.542311311 -0.842728555 -0.017850561 -0.538042545 -15.492914200
-0.541920543 0.039822821 0.839485765 69.869560242 0.007780591 0.999071658 -0.042370450 -1.599432826 -0.840393662 -0.016429722 -0.541727304 -16.012727737
-0.543603063 0.032985404 0.838693976 70.685195923 0.008586540 0.999393821 -0.033740241 -1.646553516 -0.839298487 -0.011139817 -0.543556750 -16.551624298
-0.546184778 0.023464117 0.837336063 71.500000000 0.006989744 0.999700427 -0.023454616 -1.704402089 -0.837635577 -0.006957790 -0.546185136 -17.075851440
-0.548158050 0.022233192 0.836079299 72.315986633 0.008084890 0.999740839 -0.021284619 -1.744726658 -0.836335599 -0.004907727 -0.548195660 -17.602680206
-0.548769653 0.026800716 0.835543990 73.105033875 0.008591820 0.999614060 -0.026420444 -1.790721297 -0.835929394 -0.007319893 -0.548788130 -18.120679855
-0.550822735 0.032890499 0.833973944 73.908279419 0.009538070 0.999405980 -0.033115156 -1.830307961 -0.834567726 -0.010286077 -0.550809264 -18.629417419
-0.550463617 0.036894966 0.834043443 74.681228638 0.015880315 0.999305129 -0.033724606 -1.879685640 -0.834708095 -0.005319291 -0.550666869 -19.163999557
-0.550006926 0.038413215 0.834276259 75.471168518 0.019530050 0.999260128 -0.033134270 -1.928900242 -0.834931612 -0.001930617 -0.550350189 -19.699319839
-0.549646199 0.035209946 0.834655225 76.274078369 0.017686225 0.999377906 -0.030511849 -1.967720509 -0.835210204 -0.002008823 -0.549926996 -20.221801758
-0.549027383 0.030238794 0.835257113 77.066719055 0.015966574 0.999542296 -0.025691332 -2.005294323 -0.835651815 -0.000769051 -0.549259007 -20.741287231
-0.549166858 0.023087466 0.835393727 77.870300293 0.012825344 0.999733388 -0.019198198 -2.049197435 -0.835614204 0.000171196 -0.549316645 -21.240932465
-0.549095213 0.017755348 0.835571170 78.671173096 0.004352521 0.999821424 -0.018385302 -2.081628323 -0.835748434 -0.006458442 -0.549074531 -21.738151550
-0.547246099 0.012582731 0.836877108 79.463882446 -0.002985938 0.999851286 -0.016985646 -2.114767075 -0.836966336 -0.011794194 -0.547127128 -22.244024277
-0.545556247 0.012995650 0.837973416 80.254348755 -0.000389196 0.999875665 -0.015759882 -2.147467136 -0.838074028 -0.008924039 -0.545483410 -22.748508453
-0.541618407 0.016544735 0.840461612 81.048583984 0.004545175 0.999849260 -0.016753284 -2.182286024 -0.840612173 -0.005253843 -0.541612029 -23.281270981
-0.536151230 0.019828605 0.843888998 81.838256836 0.006248903 0.999789834 -0.019521620 -2.208474398 -0.844098747 -0.005193162 -0.536162555 -23.783906937
-0.528402269 0.021924382 0.848710895 82.627456665 0.011303092 0.999759614 -0.018789113 -2.243165493 -0.848918915 -0.000335154 -0.528523028 -24.277286530
-0.520263672 0.025402743 0.853627741 83.430793762 0.017981147 0.999661744 -0.018789465 -2.275237560 -0.853816390 0.005573729 -0.520544469 -24.778530121
-0.510511160 0.024755327 0.859514713 84.232849121 0.016260395 0.999684632 -0.019134529 -2.307852268 -0.859717369 0.004207658 -0.510752738 -25.249771118
-0.499755770 0.022532906 0.865873158 85.041732788 0.014242728 0.999740064 -0.017796099 -2.337480545 -0.866049290 0.003438691 -0.499946922 -25.705938339
-0.488245338 0.019099625 0.872497320 85.846626282 0.014366717 0.999800861 -0.013846850 -2.371294975 -0.872588158 0.005774262 -0.488422543 -26.147340775
-0.477411985 0.018424056 0.878486454 86.659645081 0.013221541 0.999817491 -0.013783450 -2.395678520 -0.878580093 0.005034558 -0.477568626 -26.581422806
-0.465813756 0.017436661 0.884710968 87.499725342 0.013742794 0.999827802 -0.012469697 -2.422981739 -0.884776056 0.006349845 -0.465973109 -27.013917923
-0.453964025 0.018594056 0.890825927 88.318504333 0.014730463 0.999802232 -0.013362071 -2.448763847 -0.890898287 0.007056381 -0.454148114 -27.426244736
-0.441528738 0.022426747 0.896966815 89.137680054 0.014702702 0.999734104 -0.017758876 -2.486014128 -0.897126675 0.005346783 -0.441741079 -27.829608917
-0.430177271 0.031538781 0.902193248 89.961997986 0.017198538 0.999494433 -0.026739737 -2.519131422 -0.902580619 0.004013579 -0.430502236 -28.218168259
-0.417075425 0.035911284 0.908162117 90.807014465 0.017084841 0.999352336 -0.031670947 -2.559041500 -0.908711195 0.002306635 -0.417418838 -28.613376617
-0.405506015 0.032316856 0.913520992 91.649002075 0.015223924 0.999474943 -0.028599776 -2.600281000 -0.913965583 0.002309993 -0.405785143 -28.979623795
-0.394397944 0.028804265 0.918488204 92.500961304 0.013775585 0.999581695 -0.025432171 -2.642646551 -0.918836474 0.002622317 -0.394629747 -29.331821442
-0.384014428 0.028806999 0.922877550 93.352157593 0.009494230 0.999583542 -0.027250713 -2.684575081 -0.923278332 -0.001702655 -0.384127975 -29.685386658
-0.377228677 0.033373218 0.925518632 94.206192017 0.004409021 0.999403894 -0.034240384 -2.726835012 -0.926109672 -0.008835822 -0.377150953 -30.021156311
-0.372249544 0.038474668 0.927334845 95.047355652 -0.000876480 0.999125361 -0.041805055 -2.770988941 -0.928132296 -0.016374700 -0.371890247 -30.344947815
-0.369137853 0.040481362 0.928492546 95.889549255 -0.003589835 0.998981357 -0.044981807 -2.822260380 -0.929367721 -0.019937627 -0.368616492 -30.665784836
-0.365219444 0.040355481 0.930046380 96.729751587 -0.004579879 0.998969972 -0.045144603 -2.877578735 -0.930910230 -0.020747187 -0.364658445 -30.990924835
-0.360474229 0.040201530 0.931902468 97.570106506 -0.006058972 0.998948753 -0.045437563 -2.930400610 -0.932749569 -0.022025444 -0.359851658 -31.303611755
-0.354846746 0.035341319 0.934256375 98.419815063 -0.010547988 0.999070346 -0.041799437 -2.982998371 -0.934864998 -0.024686918 -0.354144126 -31.622404099
-0.349802345 0.031642176 0.936288953 99.259780884 -0.010490541 0.999234498 -0.037688754 -3.034074783 -0.936764777 -0.023005798 -0.349202573 -31.925441742
-0.343873084 0.029017070 0.938567638 100.116340637 -0.011967023 0.999305964 -0.035279352 -3.084137917 -0.938939810 -0.023363482 -0.343287140 -32.232124329
-0.338240206 0.027132241 0.940668643 100.964843750 -0.020386714 0.999138415 -0.036149263 -3.131661177 -0.940838873 -0.031404275 -0.337395638 -32.515644073
-0.332270563 0.027615834 0.942779720 101.818138123 -0.027477978 0.998863518 -0.038942896 -3.176471472 -0.942783773 -0.038845256 -0.331134111 -32.797267914
-0.325124919 0.031456005 0.945147693 102.664894104 -0.024830362 0.998818099 -0.041783724 -3.232042313 -0.945345044 -0.037053291 -0.323959559 -33.090118408
-0.318095952 0.034806710 0.947419405 103.504425049 -0.023230176 0.998739660 -0.044491664 -3.280694723 -0.947773933 -0.036161333 -0.316886425 -33.366912842
-0.311832726 0.032625601 0.949576735 104.356735229 -0.024873946 0.998787403 -0.042484779 -3.332527399 -0.949811339 -0.036867864 -0.310643166 -33.636085510
-0.305006534 0.028037541 0.951937437 105.212135315 -0.025255434 0.998976886 -0.037514996 -3.379351377 -0.952015340 -0.035483912 -0.303986371 -33.900207520
-0.298067629 0.025345212 0.954208195 106.072456360 -0.026141651 0.999055743 -0.034702342 -3.431077957 -0.954186797 -0.035288226 -0.297123641 -34.160713196
-0.291431397 0.028716840 0.956160545 106.929870605 -0.028367300 0.998850226 -0.038645122 -3.473432302 -0.956171036 -0.038386099 -0.290281713 -34.411796570
-0.285160184 0.031477861 0.957962871 107.784446716 -0.027946699 0.998762548 -0.041137505 -3.523925781 -0.958072364 -0.038502682 -0.283927619 -34.658306122
-0.278534830 0.031823184 0.959898829 108.640975952 -0.029911282 0.998678684 -0.041788235 -3.573605537 -0.959960282 -0.040351283 -0.277214915 -34.894309998
-0.271469086 0.031266697 0.961939156 109.508132935 -0.030595517 0.998686671 -0.041095503 -3.625382423 -0.961960733 -0.040587183 -0.270155936 -35.135822296
-0.263241351 0.030803213 0.964238107 110.365219116 -0.026661087 0.998876095 -0.039188348 -3.677991867 -0.964361548 -0.036023628 -0.262124240 -35.371120453
-0.255606472 0.032441802 0.966236413 111.229080200 -0.023467252 0.998934269 -0.039747614 -3.724860907 -0.966496050 -0.032834668 -0.254572719 -35.600791931
-0.248778611 0.033198275 0.967991233 112.089271545 -0.022141928 0.998956323 -0.039950829 -3.773777008 -0.968307316 -0.031372104 -0.247783855 -35.819477081
-0.242399886 0.031939019 0.969650567 112.974052429 -0.028525995 0.998791158 -0.040029999 -3.823132277 -0.969756961 -0.037363511 -0.241195813 -36.021083832
-0.236572132 0.030041408 0.971149385 113.840515137 -0.032882791 0.998701751 -0.038903959 -3.872822285 -0.971057296 -0.041137699 -0.235277131 -36.217033386
-0.232253671 0.030045973 0.972191095 114.703506470 -0.030635523 0.998800874 -0.038187101 -3.918431282 -0.972172678 -0.038652681 -0.231054723 -36.415225983
-0.227374479 0.030127158 0.973341167 115.568183899 -0.028677858 0.998880565 -0.037616868 -3.970401764 -0.973385036 -0.036466464 -0.226255968 -36.621070862
-0.222294629 0.031735078 0.974462867 116.438171387 -0.027936175 0.998852491 -0.038902164 -4.013925076 -0.974579334 -0.035870511 -0.221152961 -36.818592072
-0.216592863 0.030905111 0.975772619 117.303245544 -0.022058919 0.999088705 -0.036540020 -4.057421684 -0.976012766 -0.029438803 -0.215713754 -37.006912231
-0.211252287 0.029617302 0.976982653 118.176849365 -0.014624440 0.999333143 -0.033457085 -4.104318619 -0.977322161 -0.021355713 -0.210678294 -37.201019287
-0.206537083 0.028594179 0.978020787 119.024452209 -0.012965220 0.999405086 -0.031957366 -4.151470184 -0.978352904 -0.019280637 -0.206043497 -37.379531860
-0.202277526 0.030242229 0.978861153 119.920433044 -0.015337461 0.999302685 -0.034043204 -4.193726063 -0.979208112 -0.021899423 -0.201672629 -37.561126709
-0.198903441 0.032354061 0.979484856 120.790199280 -0.016907932 0.999192894 -0.036438532 -4.231395245 -0.979873180 -0.023808815 -0.198195860 -37.728591919
-0.196546614 0.031388223 0.979991913 121.662498474 -0.019623922 0.999161422 -0.035937965 -4.282875538 -0.980298042 -0.026294772 -0.195765853 -37.901561737
-0.195573255 0.030415768 0.980217278 122.542404175 -0.019819964 0.999192297 -0.034959029 -4.325475693 -0.980488837 -0.026264925 -0.194812402 -38.072132111
-0.195144877 0.025744598 0.980436504 123.411338806 -0.018706670 0.999375880 -0.029965257 -4.366775990 -0.980596125 -0.024188265 -0.194541454 -38.233383179
-0.194324628 0.020907959 0.980714500 124.283256531 -0.020127121 0.999477446 -0.025296070 -4.406564713 -0.980730772 -0.024654606 -0.193802223 -38.398811340
-0.192875654 0.019097501 0.981037438 125.142341614 -0.019183420 0.999546111 -0.023229336 -4.446103573 -0.981035650 -0.023300026 -0.192421779 -38.571166992
-0.191939354 0.023717603 0.981120288 125.999168396 -0.019178161 0.999426305 -0.027912021 -4.484394073 -0.981219351 -0.024173496 -0.191374406 -38.730697632
-0.191981524 0.027754622 0.981006026 126.851417542 -0.019113567 0.999304652 -0.032012824 -4.519864082 -0.981212437 -0.024896391 -0.191317514 -38.891731262
-0.192363679 0.026771571 0.980958521 127.709938049 -0.022712549 0.999238551 -0.031724337 -4.558133602 -0.981060922 -0.028382679 -0.191609144 -39.045978546
-0.191513434 0.025812550 0.981150508 128.553253174 -0.024264999 0.999224007 -0.031024387 -4.604727745 -0.981190085 -0.029749203 -0.190738484 -39.206108093
-0.190690845 0.026286053 0.981298089 129.383834839 -0.018766504 0.999361038 -0.030416705 -4.655496597 -0.981470764 -0.024215724 -0.190075696 -39.371994019
-0.189274237 0.028823502 0.981501102 130.216903687 -0.020655740 0.999230981 -0.033327457 -4.693928719 -0.981706917 -0.026581662 -0.188533321 -39.535324097
-0.190208301 0.029679772 0.981294990 131.055007935 -0.028666601 0.998948812 -0.035770275 -4.738547802 -0.981325150 -0.034934200 -0.189157501 -39.676773071
-0.189384505 0.030891385 0.981416941 131.886978149 -0.034857459 0.998663604 -0.038160697 -4.786406994 -0.981284082 -0.041436750 -0.188054591 -39.823860168
-0.188892573 0.034546074 0.981389999 132.710861206 -0.031646848 0.998647749 -0.041244783 -4.832555771 -0.981487632 -0.038848728 -0.187543869 -39.979656219
-0.188775763 0.035638805 0.981373310 133.540924072 -0.030206649 0.998657584 -0.042077001 -4.882270336 -0.981555521 -0.037587114 -0.187445834 -40.133857727
-0.186887652 0.036712967 0.981695056 134.361328125 -0.031397641 0.998567700 -0.043321207 -4.928822994 -0.981879413 -0.038919102 -0.185467273 -40.284725189
-0.184700951 0.036340438 0.982122600 135.186950684 -0.021831125 0.998917818 -0.041067511 -4.977629185 -0.982552290 -0.029026054 -0.183707744 -40.448596954
-0.181020111 0.033271536 0.982916415 136.006591797 -0.015681367 0.999202907 -0.036710810 -5.025124550 -0.983354390 -0.022058869 -0.180354074 -40.608959198
-0.179166302 0.028030092 0.983419478 136.820648193 -0.012408717 0.999450207 -0.030747715 -5.072243214 -0.983740568 -0.017711923 -0.178719953 -40.757850647
-0.175489411 0.027930049 0.984085023 137.633819580 -0.010149000 0.999493003 -0.030177202 -5.113573551 -0.984429002 -0.015283259 -0.175116986 -40.903091431
-0.170243829 0.032686040 0.984859645 138.433013916 -0.008676226 0.999361277 -0.034667104 -5.160413265 -0.985363841 -0.014446725 -0.169851497 -41.044319153
-0.163877890 0.035975907 0.985824406 139.228530884 -0.007818448 0.999256015 -0.037765764 -5.201663494 -0.986449599 -0.013896590 -0.163474739 -41.170799255
-0.155847281 0.036949955 0.987089872 140.027008057 -0.007731955 0.999223888 -0.038624942 -5.237421036 -0.987750947 -0.013651728 -0.155440614 -41.289726257
-0.146156684 0.032547209 0.988725901 140.824249268 -0.006268190 0.999408126 -0.033825435 -5.278634071 -0.989241540 -0.011141336 -0.145866171 -41.404228210
-0.134296298 0.031077875 0.990453780 141.617126465 -0.002716726 0.999492824 -0.031729862 -5.321537018 -0.990937531 -0.006951992 -0.134143740 -41.510654449
-0.120394304 0.033822183 0.992149949 142.406478882 0.001715635 0.999425054 -0.033862010 -5.359869480 -0.992724657 -0.002374626 -0.120383129 -41.607505798
-0.106335320 0.034937277 0.993716359 143.193756104 0.001139457 0.999386132 -0.035014693 -5.398286819 -0.994329691 -0.002591001 -0.106309861 -41.686340332
-0.092432462 0.034900285 0.995107114 143.982528687 0.001913800 0.999389946 -0.034872722 -5.438756943 -0.995717108 -0.001318935 -0.092442878 -41.755516052
-0.078985788 0.036424723 0.996210039 144.763442993 0.002931426 0.999336481 -0.036306612 -5.482402325 -0.996871471 0.000052610 -0.079040147 -41.812072754
-0.065288126 0.042607248 0.996956348 145.531768799 -0.000092384 0.999087751 -0.042704392 -5.532949924 -0.997866452 -0.002880192 -0.065224633 -41.851768494
-0.052625231 0.051914945 0.997264028 146.296310425 -0.007181268 0.998602271 -0.052363567 -5.577592850 -0.998588443 -0.009917265 -0.052178852 -41.875610352
-0.039082706 0.059716415 0.997449994 147.057189941 -0.011520591 0.998119354 -0.060207900 -5.626806736 -0.999169588 -0.013844301 -0.038321238 -41.889675140
-0.026006024 0.060424585 0.997834027 147.821960449 -0.012195607 0.998078108 -0.060757216 -5.678339005 -0.999587417 -0.013749244 -0.025219131 -41.900901794
-0.013815078 0.056708913 0.998295188 148.593887329 -0.015832804 0.998252869 -0.056925613 -5.732635021 -0.999779224 -0.016592240 -0.012893078 -41.902671814
-0.003234112 0.054243002 0.998522520 149.357894897 -0.019720135 0.998330116 -0.054296415 -5.791501045 -0.999800324 -0.019866599 -0.002159030 -41.890552521
0.005394799 0.060615774 0.998146534 150.116287231 -0.023871396 0.997884393 -0.060470827 -5.853156567 -0.999700427 -0.023500923 0.006830370 -41.872325897
0.012264694 0.068568528 0.997571051 150.862045288 -0.027088618 0.997302592 -0.068217039 -5.907626629 -0.999557793 -0.026186155 0.014089040 -41.854213715
0.015437206 0.071214668 0.997341573 151.615554810 -0.029810220 0.997049809 -0.070732422 -5.964026451 -0.999436378 -0.028639060 0.017514588 -41.837448120
0.015281606 0.066720471 0.997654736 152.369995117 -0.032194465 0.997286677 -0.066202730 -6.023411274 -0.999364793 -0.031107273 0.017388174 -41.817394257
0.013719112 0.062185418 0.997970343 153.126052856 -0.033984527 0.997516692 -0.061689977 -6.092129707 -0.999328196 -0.033069219 0.015798382 -41.802402496
0.010304286 0.059354130 0.998183787 153.877792358 -0.033787973 0.997687459 -0.058975812 -6.142973423 -0.999375880 -0.033118904 0.012285911 -41.789283752
0.007894624 0.059744135 0.998182476 154.621963501 -0.031726502 0.997726023 -0.059465885 -6.194476128 -0.999465346 -0.031199388 0.009772146 -41.786911011
0.003765882 0.059674066 0.998210847 155.363265991 -0.030452456 0.997761786 -0.059532329 -6.251826286 -0.999529064 -0.030173782 0.005574676 -41.777774811
-0.000173065 0.058736827 0.998273432 156.106338501 -0.029764218 0.997830927 -0.058715951 -6.305583000 -0.999556959 -0.029722992 0.001575566 -41.781528473
-0.005234457 0.059040990 0.998241842 156.845642090 -0.030577505 0.997779310 -0.059173979 -6.355558395 -0.999518752 -0.030833492 -0.003417506 -41.784107208
-0.011431472 0.057376944 0.998287141 157.583084106 -0.031961329 0.997821212 -0.057716165 -6.406823635 -0.999423742 -0.032566369 -0.009572723 -41.783393860
-0.016856102 0.054495260 0.998371661 158.336914062 -0.028816193 0.998072326 -0.054965436 -6.468996525 -0.999442577 -0.029695775 -0.015253260 -41.806030273
-0.022036700 0.054257669 0.998283744 159.071853638 -0.029454030 0.998057604 -0.054895561 -6.520106792 -0.999323130 -0.030613195 -0.020395789 -41.821998596
-0.027803808 0.056008331 0.998043060 159.791000366 -0.031871647 0.997871757 -0.056886610 -6.566605568 -0.999105155 -0.033390936 -0.025959559 -41.828483582
-0.031740349 0.058042817 0.997809410 160.517013550 -0.031306915 0.997764766 -0.059036095 -6.626801968 -0.999005735 -0.033112157 -0.029852260 -41.847919464
-0.034377202 0.060101673 0.997600138 161.235275269 -0.031094709 0.997642636 -0.061175749 -6.682205200 -0.998925090 -0.033123136 -0.032427311 -41.870571136
-0.035237260 0.061330367 0.997495353 161.952392578 -0.028157111 0.997658014 -0.062335040 -6.737407684 -0.998982251 -0.030283103 -0.033427849 -41.902355194
-0.034911107 0.060140278 0.997579277 162.682434082 -0.025387300 0.997812271 -0.061042767 -6.790302753 -0.999067903 -0.027456919 -0.033307929 -41.925884247
-0.030643707 0.056128718 0.997953176 163.400131226 -0.022321396 0.998134553 -0.056824334 -6.846415520 -0.999281049 -0.024017015 -0.029333675 -41.952091217
-0.022971820 0.055992547 0.998166919 164.102249146 -0.021588143 0.998169720 -0.056489538 -6.901174545 -0.999503016 -0.022846237 -0.021721002 -41.966220856
-0.011813074 0.057106454 0.998298228 164.799179077 -0.019108703 0.998172700 -0.057325393 -6.950717926 -0.999747515 -0.019753376 -0.010700265 -41.967727661
0.002261743 0.057137243 0.998363674 165.489212036 -0.017135678 0.998221934 -0.057090312 -7.000970840 -0.999850631 -0.016978517 0.003236810 -41.959121704
0.017911639 0.055110071 0.998319626 166.175567627 -0.017636025 0.998341799 -0.054794874 -7.047812939 -0.999684155 -0.016624924 0.018853860 -41.945846558
0.033690564 0.050048362 0.998178422 166.858276367 -0.022515696 0.998529911 -0.049306031 -7.095449924 -0.999178708 -0.020813534 0.034767907 -41.903121948
0.050415214 0.043375921 0.997785866 167.543563843 -0.023785016 0.998825192 -0.042219311 -7.139552593 -0.998445153 -0.021603860 0.051387683 -41.858055115
0.067185804 0.036657196 0.997066915 168.217880249 -0.024642261 0.999080956 -0.035070766 -7.172511578 -0.997436106 -0.022213724 0.068027377 -41.796791077
0.085002974 0.028853100 0.995962858 168.898330688 -0.024407394 0.999341011 -0.026867855 -7.210263252 -0.996081710 -0.022025010 0.085651182 -41.735336304
0.101730451 0.022757869 0.994551718 169.559249878 -0.026158195 0.999453902 -0.020194385 -7.243610382 -0.994468033 -0.023961289 0.102270193 -41.651397705
0.119587317 0.020540014 0.992611289 170.212326050 -0.027521193 0.999470353 -0.017366268 -7.272152424 -0.992442071 -0.025241056 0.120089263 -41.558830261
0.137670442 0.019617999 0.990283787 170.852859497 -0.026171848 0.999526799 -0.016162666 -7.291396141 -0.990132272 -0.023692433 0.138118729 -41.462375641
0.154712796 0.018948028 0.987777770 171.489944458 -0.026836447 0.999527752 -0.014970109 -7.310293674 -0.987594962 -0.024192378 0.155148238 -41.346237183
0.170499921 0.018067751 0.985192001 172.120513916 -0.032242727 0.999398708 -0.012748281 -7.328848362 -0.984830141 -0.029591700 0.170979947 -41.214035034
0.185697824 0.014499986 0.982499897 172.738708496 -0.033349615 0.999408066 -0.008446261 -7.348305702 -0.982040942 -0.031197537 0.186071485 -41.091941833
0.197508469 0.010638217 0.980243504 173.363555908 -0.030151550 0.999533951 -0.004772359 -7.364243031 -0.979837477 -0.028613281 0.197737187 -40.957771301
0.208225116 0.009420542 0.978035510 173.981719971 -0.028204991 0.999595582 -0.003623330 -7.381899834 -0.977674305 -0.026831016 0.208406568 -40.820659637
0.218292326 0.013080508 0.975795746 174.584411621 -0.032791957 0.999443769 -0.006061720 -7.401464939 -0.975332320 -0.030675031 0.218599856 -40.672744751
0.227285638 0.020405339 0.973614335 175.172012329 -0.037266418 0.999230385 -0.012242539 -7.421637535 -0.973114789 -0.033500563 0.227871180 -40.521652222
0.236196563 0.029965304 0.971243203 175.761764526 -0.037070751 0.999074697 -0.021808740 -7.438661098 -0.970997870 -0.030853570 0.237088829 -40.368328094
0.244795799 0.035935525 0.968908548 176.354293823 -0.031877816 0.999070942 -0.029000249 -7.456367016 -0.969050527 -0.023787543 0.245713949 -40.224468231
0.250714868 0.033782810 0.967471302 176.947601318 -0.030505110 0.999170303 -0.026984472 -7.474468708 -0.967580140 -0.022747410 0.251537323 -40.063331604
0.256768763 0.026447035 0.966110945 177.552581787 -0.033493925 0.999268651 -0.018452844 -7.492002964 -0.965892315 -0.027620735 0.257466733 -39.892623901
0.261381596 0.015590299 0.965109706 178.154602051 -0.037314173 0.999285340 -0.006036537 -7.513886452 -0.964513958 -0.034434427 0.261776537 -39.720405579
0.263630271 0.007585954 0.964594007 178.753051758 -0.037850022 0.999280274 0.002485937 -7.537035942 -0.963880897 -0.037165273 0.263727665 -39.552997589
0.263730824 0.007350923 0.964568317 179.375427246 -0.035507258 0.999367237 0.002092217 -7.548946381 -0.963942587 -0.034800950 0.263824910 -39.370811462
0.265039176 0.009317585 0.964192569 179.974960327 -0.031893469 0.999490857 -0.000891754 -7.556430340 -0.963710070 -0.030515093 0.265201420 -39.208557129
0.266888231 0.008602826 0.963689089 180.577697754 -0.028438132 0.999594927 -0.001047578 -7.564353943 -0.963307798 -0.027125925 0.267024845 -39.044292450
0.268221438 0.006440337 0.963335752 181.194427490 -0.030563287 0.999531150 0.001827411 -7.569135189 -0.962872326 -0.029932855 0.268292516 -38.857261658
0.270571858 0.003006594 0.962695062 181.786087036 -0.030973004 0.999504745 0.005583618 -7.574493408 -0.962201357 -0.031328332 0.270530999 -38.682731628
0.273804218 -0.002317851 0.961782634 182.402770996 -0.030260764 0.999481201 0.011023461 -7.584367752 -0.961309254 -0.032122545 0.273592085 -38.504882812
0.277984738 -0.005316213 0.960570753 183.020385742 -0.028545855 0.999497235 0.013792688 -7.587675571 -0.960161209 -0.031254467 0.277693242 -38.319564819
0.284528077 -0.007370861 0.958639383 183.635345459 -0.026951058 0.999513626 0.015684323 -7.584920406 -0.958288789 -0.030298971 0.284191132 -38.134635925
0.292291433 -0.010438398 0.956272304 184.256286621 -0.025732704 0.999492407 0.018775562 -7.586171150 -0.955983043 -0.030095411 0.291874498 -37.941936493
0.302234143 -0.012398230 0.953153074 184.873443604 -0.022791553 0.999535561 0.020228498 -7.586454391 -0.952961206 -0.027837586 0.301811188 -37.743049622
0.313757241 -0.010167086 0.949448764 185.494384766 -0.024648713 0.999518454 0.018848728 -7.587895393 -0.949183226 -0.029316617 0.313355535 -37.534561157
0.324654818 -0.006933459 0.945807099 186.101821899 -0.025365969 0.999549627 0.016034476 -7.590517998 -0.945492387 -0.029196985 0.324332714 -37.308288574
0.336385012 -0.003678429 0.941717327 186.714508057 -0.026382554 0.999563158 0.013328331 -7.586300850 -0.941354930 -0.029328363 0.336140990 -37.079086304
0.347731054 -0.003543779 0.937587619 187.327346802 -0.024838038 0.999607027 0.012990086 -7.582396507 -0.937265217 -0.027804887 0.347506493 -36.837890625
0.359618694 -0.006601223 0.933076024 187.956878662 -0.024312342 0.999569118 0.016441906 -7.584732056 -0.932782590 -0.028598078 0.359303206 -36.604274750
