1.000000000 -0.000000000 0.000000000 -0.000000002 -0.000000000 1.000000000 0.000000000 0.000000000 0.000000000 0.000000000 1.000000000 0.000000000
0.999991417 -0.002435796 -0.003356811 -0.002955945 0.002428396 0.999994636 -0.002206901 -0.005098463 0.003362168 0.002198731 0.999991953 0.666654527
0.999971390 -0.001562509 -0.007404805 -0.011352411 0.001537324 0.999993086 -0.003405549 -0.012213877 0.007410075 0.003394069 0.999966800 1.368874550
0.999936163 -0.001313531 -0.011223846 -0.026841160 0.001259441 0.999987543 -0.004824888 -0.014470838 0.011230045 0.004810444 0.999925315 2.070690155
0.999871194 0.000009044 -0.016053351 -0.047860228 -0.000098319 0.999984503 -0.005560377 -0.016908502 0.016053053 0.005561240 0.999855697 2.797573566
0.999790788 -0.000858106 -0.020439446 -0.062476266 0.000741481 0.999983430 -0.005712741 -0.028501537 0.020444013 0.005696389 0.999774814 3.541326761
0.999687612 0.000904531 -0.024979174 -0.087617524 -0.001080582 0.999974668 -0.007035289 -0.032365110 0.024972176 0.007060082 0.999663234 4.296789169
0.999555707 0.003630832 -0.029586513 -0.120468087 -0.003858303 0.999963343 -0.007634906 -0.042991951 0.029557709 0.007745666 0.999533117 5.055513382
0.999418914 0.003789777 -0.033872433 -0.152234003 -0.003994113 0.999974191 -0.005966870 -0.050261185 0.033848945 0.006098694 0.999408364 5.858617306
0.999252617 0.003198699 -0.038521845 -0.185707331 -0.003330832 0.999988794 -0.003366391 -0.056460023 0.038510654 0.003492186 0.999252021 6.660523891
0.999136329 0.002870456 -0.041453782 -0.229832798 -0.002898725 0.999995589 -0.000621818 -0.063766636 0.041451816 0.000741443 0.999140263 7.463190556
0.999008596 0.004109508 -0.044326995 -0.269154042 -0.004180794 0.999990106 -0.001515594 -0.071606383 0.044320330 0.001699414 0.999015927 8.288324356
0.998918414 0.003650789 -0.046356019 -0.315581083 -0.003738780 0.999991357 -0.001811579 -0.076423720 0.046349004 0.001982935 0.998923361 9.108353615
0.998849154 0.001099414 -0.047950499 -0.358769268 -0.001219260 0.999996185 -0.002470172 -0.082824171 0.047947604 0.002525794 0.998846650 9.936898232
0.998730600 0.000446854 -0.050369423 -0.395483315 -0.000517188 0.999998868 -0.001383346 -0.093333811 0.050368756 0.001407641 0.998729646 10.790807724
0.998648226 -0.001052724 -0.051967539 -0.441233218 0.000964025 0.999998033 -0.001731852 -0.100141898 0.051969260 0.001679413 0.998647392 11.643917084
0.998555720 0.001039998 -0.053717796 -0.494658113 -0.001252378 0.999991477 -0.003920110 -0.110930055 0.053713266 0.003981723 0.998548567 12.500988960
0.998482287 0.001693369 -0.055047672 -0.546413004 -0.002067753 0.999975085 -0.006744841 -0.119637907 0.055034883 0.006848430 0.998460948 13.363881111
0.998380423 0.005397651 -0.056632742 -0.606400430 -0.005862928 0.999950409 -0.008052756 -0.135212377 0.056586467 0.008371749 0.998362660 14.240524292
0.998305559 0.006689482 -0.057804484 -0.659672439 -0.007153453 0.999943852 -0.007823359 -0.146097302 0.057748903 0.008223607 0.998297215 15.124211311
0.998221397 0.005642606 -0.059348755 -0.714160800 -0.006024916 0.999962270 -0.006264783 -0.159795880 0.059311152 0.006611213 0.998217642 16.018810272
0.998158514 0.006761807 -0.060281675 -0.778992951 -0.007061855 0.999963701 -0.004765796 -0.172205776 0.060247254 0.005182719 0.998170078 16.912414551
0.998108506 0.005960297 -0.061189156 -0.835217595 -0.006260836 0.999969244 -0.004721079 -0.187952578 0.061159134 0.005095244 0.998115003 17.804504395
0.998004198 0.005857425 -0.062874772 -0.895055175 -0.006220304 0.999965072 -0.005577268 -0.199272841 0.062839910 0.005957237 0.998005807 18.711481094
0.997938395 0.004301887 -0.064033188 -0.954229116 -0.004695289 0.999970973 -0.005994501 -0.215896070 0.064005539 0.006282797 0.997929811 19.631423950
0.997918010 0.004570069 -0.064333171 -1.019027948 -0.004864356 0.999978364 -0.004418524 -0.227250814 0.064311571 0.004722263 0.997918665 20.540164948
0.997905433 0.005800787 -0.064428724 -1.084859729 -0.005880307 0.999982178 -0.001044687 -0.237120748 0.064421512 0.001421359 0.997921705 21.461992264
0.997964203 0.006524448 -0.063442618 -1.149666905 -0.006350095 0.999975562 0.002949457 -0.251193643 0.063460305 -0.002540586 0.997981131 22.394517899
0.998065531 0.005049834 -0.061964754 -1.202528596 -0.004708233 0.999972820 0.005657598 -0.256053716 0.061991639 -0.005354908 0.998062313 23.327323914
0.998160422 0.005270563 -0.060398370 -1.264355779 -0.004898836 0.999968052 0.006301015 -0.258465499 0.060429655 -0.005993541 0.998154461 24.267837524
0.998257637 0.005829010 -0.058718167 -1.326632857 -0.005646929 0.999978721 0.003266385 -0.263948917 0.058735959 -0.002929115 0.998269260 25.203214645
0.998280346 0.006523822 -0.058255546 -1.380399108 -0.006615269 0.999977112 -0.001377043 -0.274637222 0.058245227 0.001760053 0.998300791 26.148115158
0.998384535 0.005832664 -0.056518916 -1.443832755 -0.006062817 0.999973953 -0.003901547 -0.284632623 0.056494702 0.004237907 0.998393893 27.096920013
0.998427987 0.002918727 -0.055974867 -1.493537903 -0.003079199 0.999991357 -0.002780842 -0.295523584 0.055966273 0.002948829 0.998428285 28.057889938
0.998427153 0.001932110 -0.056031082 -1.552136064 -0.001816171 0.999996185 0.002120034 -0.306696713 0.056034964 -0.002014937 0.998426676 29.027997971
0.998376608 -0.001510858 -0.056938548 -1.606900096 0.001820168 0.999983907 0.005380880 -0.314805448 0.056929499 -0.005475781 0.998363078 30.005405426
0.998284817 -0.008973715 -0.057852507 -1.652573347 0.009266326 0.999945581 0.004791588 -0.324094653 0.057806361 -0.005319451 0.998313606 30.961879730
0.998177052 -0.011470677 -0.059252847 -1.707442045 0.011541719 0.999933004 0.000856843 -0.327711254 0.059239049 -0.001539162 0.998242617 31.933399200
0.998085201 -0.011407971 -0.060791712 -1.765239477 0.011252036 0.999932468 -0.002906807 -0.339702964 0.060820770 0.002217210 0.998146236 32.911716461
0.997975886 -0.010002193 -0.062800877 -1.835091591 0.009792428 0.999945402 -0.003647069 -0.348408610 0.062833920 0.003024713 0.998019457 33.893207550
0.997918308 -0.010723957 -0.063593358 -1.897793293 0.010598121 0.999941170 -0.002315753 -0.355018079 0.063614435 0.001636963 0.997973204 34.881614685
0.997864485 -0.007560430 -0.064880230 -1.970029354 0.007607312 0.999970973 0.000475563 -0.368173033 0.064874753 -0.000968111 0.997892916 35.875640869
0.997789383 -0.007839083 -0.065992273 -2.037736177 0.007990728 0.999965966 0.002034267 -0.383457720 0.065974087 -0.002557097 0.997818053 36.865615845
0.997732520 -0.006425798 -0.066996418 -2.108432531 0.006751237 0.999966502 0.004632281 -0.392631233 0.066964403 -0.005074087 0.997742474 37.841156006
0.997753739 -0.006223461 -0.066698819 -2.177849054 0.006734576 0.999949694 0.007440944 -0.399582356 0.066649154 -0.007873417 0.997745335 38.844516754
0.997724473 -0.000340416 -0.067422882 -2.250712395 0.000998426 0.999952316 0.009726007 -0.402559429 0.067416340 -0.009771192 0.997677028 39.826633453
0.997721434 -0.000343141 -0.067467608 -2.328553438 0.000959933 0.999958098 0.009109847 -0.407460183 0.067461669 -0.009153853 0.997679889 40.826393127
0.997735858 -0.000269278 -0.067254029 -2.404119492 0.000783127 0.999970794 0.007614181 -0.410915703 0.067250021 -0.007649608 0.997706890 41.822895050
0.997719944 0.001957445 -0.067462027 -2.473348618 -0.001604565 0.999984741 0.005284587 -0.418807864 0.067471348 -0.005164289 0.997707903 42.804187775
0.997655690 0.001300538 -0.068420798 -2.535062075 -0.000949964 0.999986291 0.005156082 -0.420748502 0.068426564 -0.005078995 0.997643232 43.790843964
0.997577906 -0.000273064 -0.069557466 -2.606894732 0.000710885 0.999980211 0.006269719 -0.428632438 0.069554374 -0.006303979 0.997558236 44.774444580
0.997522891 0.000379370 -0.070340119 -2.683357716 0.000135301 0.999973238 0.007311990 -0.437003911 0.070341028 -0.007303394 0.997496188 45.758922577
0.997493744 0.002026237 -0.070725664 -2.745792627 -0.001742822 0.999990106 0.004068726 -0.447089076 0.070733219 -0.003935266 0.997487485 46.727745056
0.997434676 0.002595366 -0.071534842 -2.823094368 -0.002623129 0.999996424 -0.000294164 -0.452478141 0.071533829 0.000481055 0.997437954 47.692539215
0.997389197 0.004026395 -0.072100699 -2.901722431 -0.004161782 0.999989748 -0.001727610 -0.459223419 0.072093002 0.002023167 0.997395813 48.648513794
0.997383654 0.001903098 -0.072264820 -2.973187685 -0.001742633 0.999996006 0.002283496 -0.476221025 0.072268859 -0.002151591 0.997382820 49.634735107
0.997363389 0.000046913 -0.072568409 -3.042311668 0.000339172 0.999985874 0.005307957 -0.485068887 0.072567627 -0.005318576 0.997349262 50.607387543
0.997346520 -0.001537029 -0.072784640 -3.116402626 0.001974702 0.999980450 0.005941682 -0.497541785 0.072774075 -0.006069644 0.997330010 51.567672729
0.997320592 -0.004381867 -0.073023506 -3.179235458 0.004725184 0.999978483 0.004529366 -0.501550436 0.073002085 -0.004862279 0.997319877 52.518901825
0.997301042 -0.007151542 -0.073073268 -3.251722813 0.007424869 0.999966383 0.003469477 -0.513086081 0.073045999 -0.004002673 0.997320533 53.472785950
0.997204125 -0.008869031 -0.074197516 -3.325623512 0.009247396 0.999945879 0.004757420 -0.522854805 0.074151315 -0.005430253 0.997232199 54.424720764
0.997061312 -0.012286994 -0.075616345 -3.383174419 0.012974734 0.999878764 0.008610576 -0.527034760 0.075501382 -0.009566377 0.997099757 55.369762421
0.997037530 -0.013025726 -0.075806171 -3.461683273 0.014078637 0.999811471 0.013371704 -0.528701723 0.075617716 -0.014399339 0.997032940 56.311203003
0.997006416 -0.010754432 -0.076567583 -3.539055824 0.011969756 0.999809325 0.015431371 -0.527327776 0.076387033 -0.016301673 0.996944904 57.251884460
0.996888816 -0.010341166 -0.078138471 -3.612776041 0.011288753 0.999867857 0.011695074 -0.531915367 0.078007206 -0.012540773 0.996873856 58.205951691
0.996802509 -0.008389803 -0.079463795 -3.685841799 0.008739558 0.999953628 0.004054660 -0.539795280 0.079426095 -0.004736172 0.996829629 59.106899261
0.996768951 -0.006208431 -0.080082990 -3.768886089 0.006161148 0.999980748 -0.000837509 -0.548221350 0.080086641 0.000341401 0.996787846 60.015697479
0.996687293 -0.001602558 -0.081313424 -3.847095966 0.001595540 0.999998689 -0.000151292 -0.556646883 0.081313573 0.000021053 0.996688604 60.919097900
0.996606052 0.001090267 -0.082311593 -3.932081223 -0.000896587 0.999996722 0.002389932 -0.571503937 0.082313925 -0.002308022 0.996603727 61.821941376
0.996510565 0.003807804 -0.083379552 -4.010460854 -0.003508738 0.999986827 0.003733029 -0.582414210 0.083392650 -0.003427446 0.996510863 62.707042694
0.996401131 0.004949718 -0.084619835 -4.088306427 -0.004644965 0.999981940 0.003797935 -0.599840283 0.084637113 -0.003391211 0.996406019 63.581050873
0.996281981 0.006050395 -0.085939325 -4.170387268 -0.005664148 0.999972820 0.004737528 -0.608058929 0.085965648 -0.004233140 0.996289015 64.432975769
0.996144891 0.006950124 -0.087447129 -4.247507095 -0.006494653 0.999963820 0.005491959 -0.620054066 0.087482139 -0.004902849 0.996154010 65.277496338
0.996027648 0.006641980 -0.088796876 -4.322290897 -0.006151447 0.999964416 0.005796727 -0.628700912 0.088832185 -0.005227471 0.996032834 66.094322205
0.995946646 0.006723628 -0.089695089 -4.399043083 -0.006145339 0.999958575 0.006721889 -0.635435820 0.089736551 -0.006143435 0.995946527 66.899444580
0.995778263 0.009420457 -0.091307446 -4.476923943 -0.008594596 0.999918520 0.009433873 -0.641705334 0.091388881 -0.008609294 0.995778024 67.705276489
0.995645583 0.011218337 -0.092542790 -4.555153370 -0.010003100 0.999857664 0.013585079 -0.649236798 0.092682019 -0.012600208 0.995616019 68.486686707
0.995461285 0.013985237 -0.094135143 -4.639516354 -0.012590802 0.999802291 0.015390838 -0.651855469 0.094331764 -0.014135744 0.995440423 69.266647339
0.995289743 0.016647477 -0.095505096 -4.715725899 -0.015643915 0.999814272 0.011247115 -0.659172177 0.095674597 -0.009700065 0.995365322 70.013519287
0.995147347 0.016559757 -0.096993342 -4.788185120 -0.016244393 0.999859750 0.004040213 -0.666569769 0.097046651 -0.002445009 0.995276749 70.737815857
0.995012760 0.015748380 -0.098496526 -4.860905647 -0.015992459 0.999870598 -0.001688914 -0.675385475 0.098457202 0.003255692 0.995135903 71.444984436
0.994973242 0.016137792 -0.098831609 -4.935138702 -0.016504161 0.999859631 -0.002890466 -0.681131601 0.098771110 0.004507069 0.995099902 72.136894226
0.994860530 0.018983072 -0.099459782 -5.014791965 -0.019019632 0.999818921 0.000580643 -0.691176116 0.099452779 0.001314029 0.995041549 72.814674377
0.994717240 0.019571165 -0.100770555 -5.087127686 -0.019383876 0.999808133 0.002837493 -0.708325148 0.100806750 -0.000869179 0.994905651 73.465339661
0.994683206 0.016262081 -0.101690955 -5.151760101 -0.016403733 0.999865234 -0.000556861 -0.717286885 0.101668194 0.002222011 0.994815886 74.095642090
0.994770706 0.007942626 -0.101823971 -5.199819565 -0.008552093 0.999947965 -0.005550346 -0.733494580 0.101774603 0.006392131 0.994786918 74.707283020
0.994889557 0.004022635 -0.100889921 -5.252627373 -0.005126420 0.999929726 -0.010683608 -0.736950517 0.100839868 0.011146214 0.994840205 75.305877686
0.995178103 0.006304346 -0.097881690 -5.310159683 -0.007370416 0.999917388 -0.010533666 -0.755236030 0.097807199 0.011204302 0.995142281 75.889190674
0.995527625 0.011338674 -0.093788110 -5.372869015 -0.012099866 0.999898314 -0.007551357 -0.768788159 0.093692936 0.008652410 0.995563507 76.451278687
0.995977283 0.009739009 -0.089074709 -5.424023628 -0.010176661 0.999938369 -0.004460491 -0.778642654 0.089025766 0.005349033 0.996014953 77.009201050
0.996474385 0.005992355 -0.083682649 -5.453440189 -0.006033526 0.999981821 -0.000239114 -0.789824307 0.083679684 0.000743173 0.996492445 77.551322937
0.997180521 0.001667498 -0.075021029 -5.490357399 -0.001424248 0.999993563 0.003295801 -0.804713607 0.075026028 -0.003179660 0.997176588 78.079856873
0.997892618 0.005244737 -0.064674273 -5.516231537 -0.005045490 0.999982059 0.003243719 -0.815229416 0.064690121 -0.002910569 0.997901201 78.592819214
0.998725712 0.010510296 -0.049360115 -5.547516823 -0.010392027 0.999942541 0.002652072 -0.820360959 0.049385149 -0.002135741 0.998777568 79.098526001
0.999387562 0.015848910 -0.031196486 -5.562789917 -0.015760368 0.999871075 0.003082086 -0.823169947 0.031241316 -0.002588530 0.999508560 79.597145081
0.999857545 0.014183630 -0.009144712 -5.550786018 -0.014151262 0.999893367 0.003594770 -0.830463111 0.009194721 -0.003464848 0.999951720 80.073196411
0.999796748 0.010771855 0.017049409 -5.522607803 -0.010852935 0.999930143 0.004670188 -0.838237524 -0.016997913 -0.004854274 0.999843776 80.521873474
0.998873532 0.009642555 0.046461336 -5.477126122 -0.009940256 0.999931514 0.006180718 -0.845837116 -0.046398558 -0.006635593 0.998900950 80.978729248
0.996807873 0.009082972 0.079319336 -5.417499542 -0.009722283 0.999923289 0.007677474 -0.852523506 -0.079243504 -0.008424131 0.996819794 81.425781250
0.993075311 0.009265669 0.117113300 -5.344814301 -0.010257376 0.999916434 0.007868045 -0.853128493 -0.117030606 -0.009014837 0.993087411 81.871635437
0.987274349 0.009080834 0.158766806 -5.259675026 -0.010506419 0.999911666 0.008142040 -0.863408625 -0.158678815 -0.009706494 0.987282693 82.268432617
0.978949130 0.008809256 0.203914300 -5.144483566 -0.010721451 0.999908268 0.008274591 -0.870597064 -0.203822687 -0.010286658 0.978953838 82.685478210
0.967421889 0.011038568 0.252929449 -5.010644913 -0.012960430 0.999898434 0.005933496 -0.875980258 -0.252838284 -0.009018268 0.967466533 83.087539673
0.951890171 0.012199241 0.306196690 -4.860366821 -0.013849197 0.999898911 0.003216586 -0.884170175 -0.306126505 -0.007302414 0.951962829 83.470573425
0.932125926 0.012653516 0.361913502 -4.679117203 -0.013844794 0.999903858 0.000698480 -0.885245860 -0.361869872 -0.005661687 0.932211459 83.838851929
0.907713711 0.012138666 0.419414729 -4.493108749 -0.013328442 0.999911129 -0.000093413 -0.903494656 -0.419378579 -0.005505353 0.907794714 84.174812317
0.878560007 0.012840595 0.477459401 -4.282485962 -0.013443624 0.999907315 -0.002153848 -0.908809364 -0.477442831 -0.004526501 0.878651202 84.487083435
0.845056891 0.011849609 0.534545183 -4.039226532 -0.011159136 0.999927521 -0.004524680 -0.911926389 -0.534560144 -0.002141451 0.845127761 84.789543152
0.807967305 0.011276335 0.589119494 -3.778709412 -0.009951753 0.999935448 -0.005491103 -0.923640132 -0.589143336 -0.001426140 0.808027327 85.079605103
0.768114090 0.010263077 0.640230775 -3.500854492 -0.008987814 0.999945879 -0.005246319 -0.926193833 -0.640250027 -0.001724506 0.768164635 85.346878052
0.726035058 0.009929935 0.687586129 -3.206638336 -0.010476873 0.999939442 -0.003378132 -0.930820704 -0.687578082 -0.004751110 0.726094961 85.581970215
0.681403041 0.008961626 0.731853604 -2.904113770 -0.009089912 0.999951541 -0.003781220 -0.932795882 -0.731852055 -0.004075949 0.681451440 85.795448303
0.635243773 0.007064771 0.772279382 -2.569141388 -0.005943558 0.999973297 -0.004258787 -0.948247552 -0.772288918 -0.001884720 0.635268807 86.004150391
0.588994682 0.003901128 0.808127522 -2.242996216 0.000461260 0.999986529 -0.005163486 -0.955284715 -0.808136880 0.003414022 0.588984966 86.171913147
0.542505085 0.005675680 0.840033352 -1.908016205 -0.001637133 0.999982417 -0.005699092 -0.967317164 -0.840051174 0.001716539 0.542504668 86.337203979
0.495680958 0.009042136 0.868457675 -1.568553925 -0.004611644 0.999959052 -0.007779150 -0.966229796 -0.868492603 -0.000149043 0.495702356 86.491401672
0.450128943 0.010718739 0.892899215 -1.231643677 -0.005608969 0.999942183 -0.009176129 -0.980886519 -0.892946064 -0.000877804 0.450162947 86.623931885
0.407689333 0.008803882 0.913078249 -0.875446320 0.001112548 0.999947906 -0.010138230 -0.983499825 -0.913120151 0.005149091 0.407658249 86.737174988
0.366883785 0.000999531 0.930266261 -0.504833221 0.015397158 0.999855936 -0.007146723 -0.994457841 -0.930139363 0.016945474 0.366815567 86.849380493
0.331515938 -0.002349499 0.943446696 -0.138240814 0.019410130 0.999802232 -0.004330644 -0.996461332 -0.943249822 0.019748097 0.331496030 86.940353394
0.298109412 0.001258082 0.954530895 0.225721359 0.016818203 0.999836981 -0.006570287 -1.006453037 -0.954383552 0.018012159 0.298039705 87.036109924
0.267260373 0.008816343 0.963584065 0.596281052 0.006051695 0.999923110 -0.010827329 -1.020362020 -0.963605464 0.008725028 0.267186522 87.134933472
0.238801852 0.013616550 0.970972955 0.976793289 0.000877362 0.999898195 -0.014237967 -1.035696626 -0.971067965 0.004251948 0.238765642 87.223472595
0.213092268 0.015264948 0.976912856 1.367877960 0.002320459 0.999867201 -0.016129784 -1.049070716 -0.977029383 0.005704018 0.213028565 87.287994385
0.189557135 0.016697101 0.981727719 1.777921677 0.009474379 0.999777675 -0.018833458 -1.057950258 -0.981824040 0.012871277 0.189356819 87.344917297
0.169634849 0.022635784 0.985246956 2.190947533 0.016427312 0.999532282 -0.025792357 -1.060557723 -0.985370040 0.020560242 0.169183701 87.385574341
0.149763688 0.029812153 0.988272190 2.615348816 0.018659718 0.999282002 -0.032971982 -1.054594755 -0.988545656 0.023378888 0.149099872 87.438446045
0.132122487 0.030449249 0.990765572 3.055162430 0.016404361 0.999323964 -0.032899860 -1.067696571 -0.991097629 0.020599689 0.131533682 87.493469238
0.116965234 0.026228856 0.992789626 3.515514374 0.014211359 0.999504626 -0.028080568 -1.090749383 -0.993034303 0.017393341 0.116534524 87.539878845
0.102311179 0.022987999 0.994486809 3.981654167 0.014104998 0.999598920 -0.024557266 -1.110257030 -0.994652390 0.016539719 0.101945877 87.583007812
0.088989288 0.020376541 0.995824158 4.473031521 0.017063534 0.999612749 -0.021978904 -1.126415372 -0.995886385 0.018948164 0.088607155 87.619392395
0.077387549 0.019621501 0.996808112 4.968421936 0.020716265 0.999558806 -0.021283962 -1.140142679 -0.996785879 0.022297248 0.076946937 87.644317627
0.067117579 0.020299897 0.997538507 5.481733799 0.023875233 0.999474049 -0.021945685 -1.153935909 -0.997459352 0.025289405 0.066597611 87.672912598
0.059229568 0.020849722 0.998026729 6.016963959 0.026005974 0.999410272 -0.022421995 -1.165931702 -0.997905552 0.027282696 0.058652438 87.697898865
0.053834178 0.021156371 0.998325706 6.560821056 0.027617345 0.999361515 -0.022667568 -1.180045366 -0.998167932 0.028791403 0.053215515 87.719558716
0.048418783 0.022274062 0.998578727 7.120327950 0.028998220 0.999298573 -0.023696173 -1.193728328 -0.998406112 0.030104345 0.047738906 87.739807129
0.042518847 0.022979209 0.998831391 7.707046032 0.029149003 0.999281347 -0.024230389 -1.212556362 -0.998670340 0.030145191 0.041818459 87.762504578
0.037713565 0.022965506 0.999024689 8.312423706 0.031627413 0.999207497 -0.024163660 -1.227511644 -0.998787999 0.032507859 0.036957331 87.784591675
0.034949888 0.023007670 0.999124229 8.935732841 0.032893050 0.999166846 -0.024159268 -1.243347406 -0.998847604 0.033708606 0.034163982 87.799964905
0.031980343 0.022401607 0.999237418 9.574236870 0.034136891 0.999141097 -0.023491988 -1.264286518 -0.998905361 0.034862146 0.031188156 87.813781738
0.029508917 0.021784572 0.999327123 10.231353760 0.036309842 0.999079168 -0.022851361 -1.283568263 -0.998904884 0.036959730 0.028690754 87.831871033
0.028947281 0.021425838 0.999351263 10.904130936 0.040490828 0.998924494 -0.022589546 -1.302004576 -0.998760521 0.041118469 0.028048599 87.842208862
0.030123521 0.020965638 0.999326348 11.594065666 0.044212949 0.998773515 -0.022286786 -1.319404840 -0.998567879 0.044854522 0.029159619 87.857833862
0.032344602 0.020786501 0.999260664 12.301345825 0.045916401 0.998697281 -0.022261022 -1.341566205 -0.998421550 0.046602476 0.031348024 87.883613586
0.036314074 0.020997562 0.999119759 13.027378082 0.048271313 0.998575389 -0.022740588 -1.358587503 -0.998173952 0.049054630 0.035248760 87.904304504
0.040771354 0.020413218 0.998959959 13.771067619 0.048836861 0.998555660 -0.022398168 -1.379387259 -0.997974277 0.049699266 0.039715551 87.935066223
0.044815920 0.018821372 0.998817980 14.525043488 0.050430991 0.998505116 -0.021078261 -1.398685932 -0.997721553 0.051316019 0.043799743 87.968254089
0.048360247 0.017404988 0.998678327 15.287691116 0.049464468 0.998579562 -0.019798543 -1.419062853 -0.997604430 0.050356556 0.047430623 88.016021729
0.052682482 0.015127154 0.998496652 16.072746277 0.047113288 0.998734176 -0.017616531 -1.437023520 -0.997499347 0.047970552 0.051903099 88.058944702
0.056289647 0.014171871 0.998313904 16.866630554 0.046435528 0.998779953 -0.016796743 -1.455323696 -0.997334003 0.047302719 0.055562902 88.118339539
0.060587592 0.014980201 0.998050451 17.671318054 0.043863595 0.998881459 -0.017655456 -1.476298094 -0.997198641 0.044847775 0.059862733 88.173561096
0.063985862 0.018954042 0.997770846 18.464187622 0.041342515 0.998910904 -0.021626947 -1.504383326 -0.997094095 0.042634171 0.063132569 88.214347839
0.065304853 0.024633605 0.997561336 19.265949249 0.035488386 0.999005556 -0.026992502 -1.523484230 -0.997234106 0.037164584 0.064365700 88.278152466
0.065111078 0.027580772 0.997496903 20.073127747 0.032673504 0.999023020 -0.029755719 -1.551520824 -0.997342944 0.034529142 0.064146310 88.339195251
0.065348081 0.026966643 0.997498095 20.892446518 0.030263819 0.999121308 -0.028993165 -1.587750435 -0.997403443 0.032082748 0.064474545 88.399482727
0.065499045 0.025071736 0.997537553 21.702287674 0.027399577 0.999262094 -0.026914151 -1.622232199 -0.997476339 0.029094966 0.064763747 88.457290649
0.065524593 0.023773698 0.997567713 22.523765564 0.028436063 0.999265552 -0.025681969 -1.655369282 -0.997445703 0.030049704 0.064800441 88.511116028
0.065320149 0.022885866 0.997601867 23.341188431 0.025784047 0.999364376 -0.024614573 -1.690866709 -0.997531176 0.027330047 0.064688541 88.581703186
0.065537512 0.023281334 0.997578621 24.148693085 0.024270792 0.999394953 -0.024918236 -1.723214388 -0.997554839 0.025845097 0.064932801 88.635192871
0.065469421 0.023816593 0.997570336 24.959690094 0.021287469 0.999454260 -0.025258645 -1.755795002 -0.997627378 0.022889413 0.064926684 88.697044373
0.064101771 0.025195194 0.997625232 25.773971558 0.018265108 0.999484181 -0.026415756 -1.788709164 -0.997776210 0.019915026 0.063608512 88.763229370
0.061035641 0.025164351 0.997818351 26.585716248 0.015112381 0.999544203 -0.026132293 -1.818002224 -0.998021126 0.016674412 0.060627542 88.819923401
0.057379104 0.024059031 0.998062611 27.392210007 0.012899030 0.999608397 -0.024837863 -1.842755079 -0.998269081 0.014299213 0.057046290 88.871109009
0.052785881 0.021554995 0.998373270 28.205465317 0.011092514 0.999692738 -0.022169963 -1.873200417 -0.998544216 0.012244728 0.052530564 88.916717529
0.046594463 0.019502170 0.998723567 29.013853073 0.008698513 0.999763608 -0.019928299 -1.902148247 -0.998876035 0.009615957 0.046413809 88.957206726
0.039103907 0.019830624 0.999038398 29.819820404 0.008690333 0.999758482 -0.020185068 -1.929552317 -0.999197304 0.009471294 0.038922127 88.988937378
0.030484792 0.020644680 0.999322057 30.620800018 0.008572183 0.999744534 -0.020914905 -1.956775069 -0.999498487 0.009203956 0.030300025 89.013420105
0.020489233 0.021117572 0.999567091 31.425016403 0.009273110 0.999729812 -0.021311093 -1.982100248 -0.999747038 0.009705743 0.020287868 89.031852722
0.010312753 0.020052079 0.999745786 32.214847565 0.010344428 0.999743283 -0.020158738 -2.011649132 -0.999893308 0.010549688 0.010102676 89.035263062
-0.000585377 0.018950379 0.999820352 33.009449005 0.009114197 0.999779046 -0.018944260 -2.040742397 -0.999958277 0.009101470 -0.000757964 89.038246155
-0.011795152 0.018277174 0.999763429 33.794036865 0.010570027 0.999779403 -0.018152762 -2.066190243 -0.999874592 0.010353411 -0.011985742 89.026702881
-0.022582958 0.018773111 0.999568701 34.573825836 0.011011186 0.999767721 -0.018528076 -2.089109421 -0.999684334 0.010588019 -0.022784427 89.006324768
-0.033770878 0.019469544 0.999239981 35.352363586 0.010857636 0.999758422 -0.019112697 -2.114132166 -0.999370635 0.010203933 -0.033974111 88.980339050
-0.044082370 0.020444769 0.998818874 36.127170563 0.010448121 0.999745488 -0.020002617 -2.142204285 -0.998973250 0.009554020 -0.044284750 88.936264038
-0.054409146 0.021622181 0.998284757 36.890193939 0.011160139 0.999716282 -0.021044934 -2.164926052 -0.998456359 0.009995960 -0.054635011 88.894302368
-0.063877262 0.022103868 0.997712970 37.645507812 0.012346435 0.999695659 -0.021357331 -2.197479248 -0.997881353 0.010953952 -0.064130723 88.838027954
-0.073800012 0.022545762 0.997018099 38.413604736 0.012666069 0.999684930 -0.021668512 -2.224080086 -0.997192621 0.011029166 -0.074062310 88.786483765
-0.083091706 0.022826813 0.996280432 39.152477264 0.013394359 0.999672890 -0.021787427 -2.252349377 -0.996451855 0.011534183 -0.083370283 88.723602295
-0.091577522 0.022144651 0.995551586 39.883239746 0.014720493 0.999673545 -0.020882247 -2.278071642 -0.995689213 0.012742667 -0.091873601 88.648399353
-0.098915927 0.021184128 0.994870305 40.614761353 0.016254829 0.999674380 -0.019670270 -2.303885937 -0.994962990 0.014225741 -0.099228069 88.569564819
-0.104277946 0.019718602 0.994352698 41.337993622 0.019092681 0.999658883 -0.017821569 -2.327917814 -0.994364917 0.017126461 -0.104618877 88.494140625
-0.107968204 0.018216746 0.993987381 42.047264099 0.022381922 0.999623239 -0.015888875 -2.349911213 -0.993902266 0.020531857 -0.108335264 88.409576416
-0.110479690 0.017170116 0.993730068 42.755748749 0.023836598 0.999608874 -0.014621622 -2.367789268 -0.993592560 0.022071749 -0.110845752 88.324264526
-0.112255178 0.016296390 0.993545771 43.441207886 0.023858836 0.999621451 -0.013700368 -2.388948917 -0.993392885 0.022166910 -0.112601504 88.248771667
-0.112960599 0.016744902 0.993458509 44.110565186 0.025037069 0.999588490 -0.014001401 -2.409716368 -0.993283987 0.023291679 -0.113333382 88.168174744
-0.111860037 0.017712459 0.993566155 44.763160706 0.025601873 0.999560654 -0.014936954 -2.429181337 -0.993394136 0.023766305 -0.112264372 88.095314026
-0.108849801 0.019238880 0.993872046 45.383056641 0.026484249 0.999513984 -0.016447514 -2.452043533 -0.993705392 0.024531649 -0.109306403 88.029205322
-0.103938758 0.019703105 0.994388580 46.010726929 0.026940651 0.999492645 -0.016988261 -2.474967241 -0.994218826 0.025023732 -0.104416855 87.967727661
-0.096026607 0.020510500 0.995167494 46.605670929 0.026530290 0.999485254 -0.018039508 -2.493526220 -0.995025218 0.024669806 -0.096521333 87.916168213
-0.084780484 0.020483423 0.996189177 47.190952301 0.025242263 0.999512017 -0.018403506 -2.515928268 -0.996079922 0.023585813 -0.085256159 87.876197815
-0.071071848 0.020571006 0.997259140 47.741546631 0.024373304 0.999524593 -0.018880719 -2.539803505 -0.997173429 0.022964612 -0.071539439 87.845031738
-0.054019112 0.021806693 0.998301804 48.286331177 0.023009356 0.999523222 -0.020588310 -2.567457199 -0.998274684 0.021858122 -0.054495126 87.827835083
-0.032637414 0.024197167 0.999174416 48.816314697 0.021147942 0.999499798 -0.023514263 -2.589120388 -0.999243498 0.020363035 -0.033132821 87.829048157
-0.007986519 0.027250629 0.999596775 49.336235046 0.018987650 0.999452472 -0.027094994 -2.613324881 -0.999787807 0.018763594 -0.008499581 87.842453003
0.019829080 0.028912529 0.999385238 49.856632233 0.017322935 0.999421716 -0.029257298 -2.637135506 -0.999653280 0.017892433 0.019316748 87.878730774
0.053799927 0.028570062 0.998143017 50.339614868 0.015173336 0.999451756 -0.029425370 -2.653465509 -0.998436511 0.016728239 0.053336907 87.911621094
0.091863260 0.025981050 0.995432675 50.855628967 0.014213609 0.999523461 -0.027399523 -2.679539919 -0.995670140 0.016665701 0.091450192 87.976829529
0.133807421 0.022404429 0.990754128 51.343200684 0.012297158 0.999629915 -0.024265947 -2.696402550 -0.990931034 0.015430427 0.133482367 88.069862366
0.180036843 0.018339943 0.983488977 51.845970154 0.009195657 0.999751031 -0.020326553 -2.715447426 -0.983616829 0.012703354 0.179823369 88.174530029
0.227918372 0.015057097 0.973563910 52.325584412 0.004754765 0.999851286 -0.016576789 -2.733756304 -0.973668575 0.008407223 0.227812856 88.323997498
0.280403972 0.013149272 0.959792078 52.789279938 0.001083404 0.999901116 -0.014015295 -2.754315853 -0.959881485 0.004969787 0.280362010 88.480735779
0.334517241 0.012734791 0.942303658 53.237606049 0.000591416 0.999905825 -0.013723206 -2.772999525 -0.942389429 0.005147943 0.334478110 88.676002502
0.392604589 0.014086805 0.919599593 53.678203583 0.002685294 0.999860883 -0.016462713 -2.777162313 -0.919703484 0.008932732 0.392512083 88.893936157
0.452505082 0.016314812 0.891612589 54.091911316 0.003576372 0.999791384 -0.020109335 -2.804837704 -0.891754687 0.012288314 0.452352285 89.142005920
0.510710716 0.019192684 0.859538436 54.472229004 0.004753597 0.999672472 -0.025146183 -2.828733444 -0.859739482 0.016928326 0.510452271 89.421607971
0.569200575 0.023494810 0.821862936 54.843414307 0.001009417 0.999570906 -0.029274086 -2.839131355 -0.822198153 0.017492432 0.568932652 89.721252441
0.625859737 0.026234541 0.779494286 55.188568115 -0.002592647 0.999498606 -0.031557318 -2.853924990 -0.779931307 0.017729506 0.625613928 90.036361694
0.676887512 0.027464475 0.735574007 55.499481201 -0.004698196 0.999444485 -0.032993376 -2.870064974 -0.736071467 0.018876940 0.676640630 90.402038574
0.725685120 0.025979728 0.687536180 55.754074097 -0.004243466 0.999436855 -0.033286504 -2.870306492 -0.688013732 0.021237990 0.725386798 90.725936890
0.770946980 0.023632338 0.636460662 56.015052795 -0.006842679 0.999561012 -0.028826015 -2.878356934 -0.636862397 0.017868236 0.770770371 91.108192444
0.812299788 0.018817192 0.582936466 56.256938934 -0.007451498 0.999732673 -0.021887999 -2.888933659 -0.583192527 0.013435867 0.812222958 91.515296936
0.848935723 0.017202284 0.528215766 56.480049133 -0.010417068 0.999820709 -0.015818857 -2.895981789 -0.528393149 0.007926736 0.848962784 91.940353394
0.879975021 0.011309993 0.474885345 56.685123444 -0.008934294 0.999933779 -0.007259195 -2.918527365 -0.474935859 0.002145146 0.880017757 92.388053894
0.905634761 0.012233134 0.423882127 56.846927643 -0.012556167 0.999919176 -0.002030848 -2.926895618 -0.423872650 -0.003483128 0.905715108 92.827049255
0.925595403 0.013767250 0.378264010 56.978919983 -0.015751403 0.999873638 0.002151717 -2.944294453 -0.378186524 -0.007949808 0.925695181 93.267837524
0.940593779 0.020329867 0.338924825 57.084075928 -0.023297831 0.999717593 0.004690346 -2.955379725 -0.338733613 -0.012307921 0.940801799 93.702384949
0.952464104 0.023956966 0.303707421 57.194053650 -0.026464829 0.999641240 0.004143571 -2.957362652 -0.303499103 -0.011984166 0.952756345 94.153152466
0.961719096 0.026075702 0.272793889 57.308044434 -0.028259914 0.999592304 0.004080120 -2.953113317 -0.272576213 -0.011633061 0.962063789 94.627761841
0.967738569 0.020143671 0.251149833 57.415962219 -0.021817585 0.999754369 0.003882126 -2.954546928 -0.251009971 -0.009236366 0.967940450 95.085479736
0.971701920 0.016910130 0.235604316 57.522247314 -0.018549325 0.999816656 0.004742642 -2.962513924 -0.235480964 -0.008978735 0.971837521 95.568328857
0.974604368 0.021626288 0.222886816 57.615814209 -0.023130413 0.999723792 0.004139707 -2.961301327 -0.222735777 -0.009190041 0.974835515 96.065078735
0.976663351 0.026692355 0.213110447 57.710792542 -0.028354775 0.999586523 0.004747541 -2.961597919 -0.212895691 -0.010679451 0.977016568 96.567321777
0.977780282 0.033970147 0.206861466 57.802036285 -0.035445884 0.999365628 0.003430721 -2.959622860 -0.206613690 -0.010686877 0.978364289 97.077842712
0.978060424 0.040682126 0.204310074 57.891498566 -0.041629612 0.999132991 0.000339817 -2.973199368 -0.204119131 -0.008837713 0.978906155 97.594642639
0.978080451 0.042255044 0.203894928 57.994621277 -0.042686742 0.999085844 -0.002282311 -2.979226828 -0.203805044 -0.006471329 0.978990138 98.123741150
0.977772832 0.039937396 0.205828309 58.122207642 -0.039553866 0.999199510 -0.005979411 -2.985835075 -0.205902338 -0.002294800 0.978569865 98.639404297
0.976996183 0.038847271 0.209688932 58.243995667 -0.036979627 0.999233723 -0.012821626 -2.987082958 -0.210026339 0.004772462 0.977684081 99.188026428
0.976126075 0.038797148 0.213711753 58.367904663 -0.035887204 0.999202907 -0.017480494 -2.991936445 -0.214219600 0.009393649 0.976740420 99.747222900
0.974927008 0.043704569 0.218190610 58.486038208 -0.041038726 0.999017358 -0.016737023 -3.006615162 -0.218707696 0.007363110 0.975762665 100.329452515
0.973488629 0.046902344 0.223874971 58.614639282 -0.045150939 0.998896301 -0.012938710 -3.015117645 -0.224234760 0.002487523 0.974532068 100.920211792
0.972543955 0.043623380 0.228594571 58.762851715 -0.042916354 0.999046087 -0.008065510 -3.031132221 -0.228728339 -0.001966381 0.973488271 101.524726868
0.971878231 0.039453387 0.232155725 58.916534424 -0.039966606 0.999197900 -0.002494316 -3.041650295 -0.232067898 -0.006854303 0.972675383 102.137763977
0.971002758 0.036898650 0.236203298 59.067176819 -0.038479418 0.999257207 0.002084574 -3.047457933 -0.235950917 -0.011113090 0.971701384 102.766540527
0.970486879 0.031744801 0.239055261 59.227355957 -0.033444919 0.999435842 0.003057697 -3.057550907 -0.238823310 -0.010962637 0.971001089 103.393974304
0.970454812 0.028437076 0.239601225 59.382137299 -0.029198999 0.999573529 -0.000369920 -3.061966181 -0.239509508 -0.006637125 0.970871329 104.035659790
0.970643520 0.028040837 0.238882482 59.556789398 -0.027071750 0.999606550 -0.007337431 -3.070334435 -0.238994256 0.000655062 0.971020877 104.688842773
0.970797062 0.030243503 0.237988040 59.713600159 -0.027739108 0.999519050 -0.013865851 -3.079327106 -0.238292947 0.006859352 0.971169114 105.347694397
0.971314788 0.033471797 0.235429585 59.868045807 -0.030072927 0.999385357 -0.018013617 -3.082395792 -0.235887840 0.010416836 0.971724510 106.030914307
0.971955121 0.031609774 0.233032167 60.032180786 -0.029206017 0.999478638 -0.013759259 -3.090430975 -0.233345628 0.006567441 0.972371638 106.720687866
0.972419858 0.027458724 0.231615037 60.203567505 -0.026854467 0.999622762 -0.005761897 -3.108101130 -0.231685847 -0.000616915 0.972790420 107.409545898
0.973015666 0.027922746 0.229043528 60.369346619 -0.028699147 0.999588132 0.000058827 -3.120616674 -0.228947535 -0.006630593 0.973416209 108.130371094
0.973291397 0.031124176 0.227453366 60.523639679 -0.031864472 0.999492109 -0.000417411 -3.134887934 -0.227350846 -0.006841420 0.973788857 108.853454590
0.973618269 0.037067547 0.225151807 60.684253693 -0.036820166 0.999307811 -0.005299076 -3.136488438 -0.225192383 -0.003130851 0.974309206 109.580276489
0.974504411 0.038005039 0.221126035 60.848358154 -0.036578462 0.999275148 -0.010544286 -3.145888805 -0.221366480 0.002187002 0.975188196 110.318840027
0.975400507 0.036273409 0.217435256 61.011798859 -0.034132756 0.999324799 -0.013594002 -3.155806541 -0.217781574 0.005837934 0.975980103 111.075210571
0.976306975 0.034065567 0.213692039 61.176940918 -0.032230549 0.999407649 -0.012066319 -3.168395519 -0.213976502 0.004893019 0.976826549 111.848648071
0.977161944 0.030486654 0.210298017 61.343055725 -0.029005561 0.999527931 -0.010124395 -3.181941509 -0.210507467 0.003793361 0.977584898 112.626304626
0.977575183 0.029529737 0.208505988 61.508373260 -0.028677540 0.999563336 -0.007109611 -3.199046135 -0.208624914 0.000970742 0.977995217 113.407394409
0.977913499 0.026134182 0.207369789 61.676834106 -0.025685785 0.999658227 -0.004854970 -3.206228733 -0.207425788 -0.000578715 0.978250623 114.209037781
0.978092730 0.021266695 0.207081169 61.847633362 -0.020980915 0.999773443 -0.003576373 -3.218390703 -0.207110316 -0.000846728 0.978317261 115.006889343
0.978251636 0.021792931 0.206273660 62.019950867 -0.021836253 0.999759376 -0.002066842 -3.228042841 -0.206269071 -0.002482352 0.978492200 115.817352295
0.978035688 0.027076207 0.206671506 62.180831909 -0.026803438 0.999632180 -0.004120188 -3.234988689 -0.206707060 -0.001509816 0.978401780 116.634422302
0.977738798 0.032992121 0.207215667 62.339820862 -0.032108609 0.999455273 -0.007626438 -3.243334770 -0.207354382 0.000803259 0.978265643 117.447998047
0.977204859 0.041727968 0.208157226 62.500946045 -0.040722493 0.999128938 -0.009115230 -3.256329536 -0.208356246 0.000430767 0.978052974 118.269073486
0.976332486 0.047395084 0.211018115 62.667968750 -0.046683975 0.998874664 -0.008353173 -3.274551630 -0.211176559 -0.001695688 0.977446496 119.092971802
0.975500822 0.050240695 0.214182243 62.835300446 -0.049976025 0.998728156 -0.006653920 -3.286619663 -0.214244127 -0.004213070 0.976771116 119.928565979
0.974966764 0.050836623 0.216461003 63.016990662 -0.050451517 0.998699725 -0.007308346 -3.305158854 -0.216551021 -0.003795389 0.976264060 120.748619080
0.974637330 0.049157921 0.218324199 63.199890137 -0.048036244 0.998790920 -0.010445800 -3.313969851 -0.218573719 -0.000306606 0.975820363 121.580680847
0.974664509 0.042840134 0.219530910 63.400413513 -0.041964490 0.999081612 -0.008652500 -3.336302280 -0.219699979 -0.000779217 0.975567102 122.423294067
0.974817395 0.036262166 0.220036939 63.588897705 -0.034898125 0.999339938 -0.010084388 -3.354946136 -0.220257401 0.002151560 0.975439370 123.255653381
0.974614322 0.035810649 0.221007854 63.778118134 -0.034474220 0.999356508 -0.009902526 -3.378911495 -0.221220225 0.002032071 0.975221813 124.078598022
0.974079192 0.038032532 0.222987011 63.966751099 -0.037341084 0.999275744 -0.007317970 -3.389772654 -0.223103806 -0.001198293 0.974794030 124.917068481
0.973685861 0.040190570 0.224322170 64.149177551 -0.040871728 0.999163091 -0.001608002 -3.403626442 -0.224199086 -0.007602745 0.974513710 125.752296448
0.973322034 0.043647982 0.225253165 64.328475952 -0.045383684 0.998966455 0.002530824 -3.418617249 -0.224909902 -0.012686126 0.974296987 126.580749512
0.973093331 0.042963423 0.226369888 64.514175415 -0.043233518 0.999057829 -0.003766771 -3.437805653 -0.226318479 -0.006121349 0.974034071 127.404685974
0.973363221 0.038603589 0.225994855 64.709243774 -0.035349309 0.999204993 -0.018430434 -3.451958895 -0.226526707 0.009950746 0.973954141 128.210983276
