1.000000000 0.000000000 0.000000000 0.000000000 0.000000000 1.000000000 0.000000000 0.000000000 0.000000000 0.000000000 1.000000000 0.000000000
0.999041378 -0.000435613 0.043773700 0.046400718 0.000532982 0.999997377 -0.002212719 -0.022582702 -0.043772615 0.002233928 0.999038994 1.025130630
0.996025622 -0.004570590 0.088949613 0.138838992 0.005232998 0.999960423 -0.007215231 -0.040463880 -0.088913098 0.007652028 0.996009946 2.048560381
0.990862131 -0.004039778 0.134817541 0.270087570 0.005623722 0.999919534 -0.011370038 -0.061499264 -0.134760767 0.012024317 0.990805209 3.058214188
0.983489156 -0.001176563 0.180962935 0.450054884 0.003653178 0.999904096 -0.013353070 -0.096992709 -0.180929869 0.013793687 0.983399272 4.087661266
0.973956347 -0.003751316 0.226704314 0.686965525 0.006943127 0.999887645 -0.013283418 -0.128837422 -0.226629034 0.014511508 0.973873019 5.090698719
0.962257564 -0.004140363 0.272108734 0.959554255 0.008425552 0.999858201 -0.014581586 -0.159125090 -0.272009790 0.016323905 0.962155998 6.096938133
0.948696792 -0.006871033 0.316112608 1.284595490 0.012964907 0.999768376 -0.017178452 -0.192268729 -0.315921366 0.020395512 0.948566139 7.072181702
0.933510244 -0.008494213 0.358450055 1.658976197 0.016433658 0.999682307 -0.019108584 -0.222371623 -0.358173847 0.023728704 0.933353245 8.031094551
0.916269124 -0.008708755 0.400468349 2.070616484 0.018167991 0.999638259 -0.019829696 -0.256766737 -0.400150776 0.025445044 0.916095972 8.953760147
0.896645427 -0.008932956 0.442659080 2.515636683 0.019010227 0.999651134 -0.018333733 -0.292953551 -0.442340910 0.024853906 0.896502554 9.858896255
0.874931335 -0.009065245 0.484162062 3.012630701 0.020000324 0.999648035 -0.017425679 -0.331081063 -0.483833700 0.024929669 0.874804795 10.748025894
0.850934446 -0.008972433 0.525195241 3.545579433 0.020563819 0.999656558 -0.016239880 -0.366503775 -0.524869144 0.024619091 0.850826800 11.618461609
0.825572014 -0.010080574 0.564206719 4.130375862 0.023181079 0.999602199 -0.016059874 -0.408246517 -0.563820422 0.026337497 0.825477362 12.455799103
0.798238695 -0.011628309 0.602228820 4.739991665 0.026295019 0.999533176 -0.015553595 -0.441331208 -0.601766884 0.028251104 0.798171878 13.257102013
0.769420683 -0.010401846 0.638657570 5.387956619 0.026801158 0.999512553 -0.016009510 -0.475380152 -0.638179839 0.029434813 0.769324541 14.042687416
0.738881528 -0.013484950 0.673700452 6.064972878 0.031467084 0.999399483 -0.014507328 -0.508359730 -0.673100233 0.031918585 0.738862157 14.779206276
0.707009017 -0.012853285 0.707087696 6.798508167 0.032045215 0.999390125 -0.013874955 -0.538930774 -0.706478119 0.032468494 0.706989706 15.497148514
0.672753751 -0.011353658 0.739779353 7.546203136 0.032750882 0.999359190 -0.014446057 -0.574043453 -0.739141285 0.033947065 0.672694445 16.182552338
0.637258172 -0.012913618 0.770542085 8.326564789 0.037686035 0.999185562 -0.014421840 -0.601073205 -0.769728303 0.038229112 0.637225926 16.823059082
0.600525796 -0.010859751 0.799531639 9.165956497 0.037543319 0.999187887 -0.014627063 -0.628401041 -0.798723519 0.038801003 0.600445807 17.450557709
0.562708437 -0.009940448 0.826595724 9.983885765 0.040533267 0.999056756 -0.015578764 -0.662250757 -0.825661063 0.042270925 0.562580585 18.002117157
0.523567796 -0.008056695 0.851945877 10.846087456 0.045120340 0.998814225 -0.018283337 -0.685025930 -0.850788414 0.048012655 0.523310483 18.537757874
0.484662473 -0.006608665 0.874676287 11.714461327 0.046316598 0.998762429 -0.018118052 -0.704151273 -0.873474181 0.049293164 0.484368831 19.021682739
0.446250170 -0.008907472 0.894863963 12.613599777 0.051889595 0.998525679 -0.015936946 -0.738522649 -0.893402636 0.053545993 0.446054369 19.452068329
0.409237981 -0.009207427 0.912381232 13.530289650 0.055402640 0.998354793 -0.014775172 -0.762429655 -0.910744011 0.056594893 0.409074843 19.855257034
0.374250472 -0.007076784 0.927300632 14.462908745 0.057257842 0.998239160 -0.015490611 -0.791373610 -0.925558269 0.058892608 0.373996705 20.218595505
0.340957105 -0.007898545 0.940045655 15.417865753 0.057916958 0.998241782 -0.012619116 -0.811613441 -0.938292980 0.058747165 0.340815067 20.564048767
0.307658851 -0.009459112 0.951449692 16.413862228 0.060379222 0.998129249 -0.009600912 -0.834610522 -0.949579060 0.060401604 0.307654470 20.879264832
0.275195003 -0.009273200 0.961343706 17.400465012 0.060871575 0.998115122 -0.007797245 -0.853350878 -0.959459424 0.060664266 0.275240779 21.156255722
0.243001267 -0.006487207 0.970004201 18.394817352 0.058440752 0.998259127 -0.007964153 -0.874425948 -0.968263865 0.058623075 0.242957354 21.407470703
0.212118119 -0.004892187 0.977231801 19.423051834 0.058449283 0.998260736 -0.007689553 -0.888403356 -0.975494444 0.058749601 0.212035179 21.631374359
0.181644768 -0.004680908 0.983353078 20.459016800 0.060171593 0.998167753 -0.006363458 -0.908203065 -0.981521547 0.060325816 0.181593627 21.823474884
0.150870681 -0.004911955 0.988541305 21.520866394 0.061885402 0.998073101 -0.004485601 -0.923042715 -0.986614525 0.061853025 0.150883958 21.993307114
0.120684251 -0.005392859 0.992676437 22.619052887 0.060520969 0.998165071 -0.001935137 -0.928205013 -0.990844369 0.060311273 0.120789200 22.120094299
0.091380619 -0.005991004 0.995797932 23.703258514 0.060818523 0.998148680 0.000424062 -0.943676353 -0.993957102 0.060524210 0.091575824 22.215017319
0.064739130 -0.005468119 0.997887254 24.824296951 0.063992083 0.997949541 0.001316899 -0.943125725 -0.995848298 0.063771613 0.064956285 22.270959854
0.039860655 -0.004992008 0.999192774 25.940546036 0.067853503 0.997692704 0.002277642 -0.947819471 -0.996898711 0.067707941 0.040107418 22.300209045
0.017391562 -0.004446203 0.999839008 27.120733261 0.072441943 0.997367561 0.003175132 -0.947753608 -0.997220993 0.072375044 0.017667869 22.313020706
-0.002531353 -0.004510986 0.999986768 28.269987106 0.077908002 0.996949434 0.004694502 -0.946460605 -0.996957362 0.077918835 -0.002172189 22.301458359
-0.019845152 -0.005226523 0.999789417 29.468891144 0.082379296 0.996577561 0.006844906 -0.946150601 -0.996403456 0.082497805 -0.019346675 22.259279251
-0.035965402 -0.004677095 0.999342084 30.693038940 0.085592762 0.996300101 0.007743264 -0.939995110 -0.995680869 0.085814953 -0.035432018 22.217222214
-0.049608588 -0.005236880 0.998754919 31.886117935 0.088003561 0.996073961 0.009593998 -0.934707344 -0.994884014 0.088369951 -0.048952959 22.145046234
-0.062612161 -0.006503788 0.998016655 33.103515625 0.088160396 0.996033728 0.012021746 -0.934819877 -0.994136453 0.088738263 -0.061790451 22.050329208
-0.074272916 -0.006311200 0.997217894 34.298339844 0.087879628 0.996048152 0.012849083 -0.928952038 -0.993358314 0.088589475 -0.073424794 21.955703735
-0.085611045 -0.003915187 0.996320963 35.523212433 0.087299153 0.996116757 0.011415755 -0.929306149 -0.992496669 0.087955274 -0.084936820 21.859413147
-0.096056223 -0.000234749 0.995375872 36.763477325 0.087940715 0.996087551 0.008721415 -0.915606558 -0.991483569 0.088371813 -0.095659778 21.742532730
-0.104385667 0.002486749 0.994533777 38.015808105 0.089347847 0.995976806 0.006887543 -0.906855345 -0.990515232 0.089578435 -0.104187883 21.599634171
-0.111857377 0.003520117 0.993718028 39.303733826 0.089246921 0.995988190 0.006517876 -0.898477077 -0.989708424 0.089415357 -0.111722775 21.459333420
-0.117018506 0.004428231 0.993119776 40.604042053 0.089375377 0.995979309 0.006090047 -0.891884506 -0.989099860 0.089473128 -0.116943777 21.296514511
-0.122026101 0.005973122 0.992508829 41.930412292 0.090326250 0.995899022 0.005111828 -0.887437820 -0.988408208 0.090273380 -0.122065224 21.136131287
-0.126852423 0.007584045 0.991892755 43.275661469 0.089360930 0.995992005 0.003812915 -0.884337604 -0.987888217 0.089120120 -0.127021730 20.967798233
-0.131139308 0.008285869 0.991329372 44.638912201 0.090015799 0.995933831 0.003583502 -0.881711245 -0.987268865 0.089705221 -0.131351963 20.799774170
-0.135744289 0.007068634 0.990718663 46.063854218 0.088925652 0.996025324 0.005077735 -0.878424942 -0.986745000 0.088789567 -0.135833293 20.641565323
-0.138504058 0.004749369 0.990350485 47.493385315 0.089361288 0.995969355 0.007721180 -0.880066156 -0.986322045 0.089568414 -0.138370201 20.443956375
-0.140376180 0.003554954 0.990091860 48.939144135 0.089441992 0.995950341 0.009105183 -0.874435961 -0.986049950 0.089833930 -0.140125692 20.230075836
-0.144106865 0.004138182 0.989553511 50.376026154 0.091853231 0.995729864 0.009212405 -0.871818542 -0.985289931 0.092221245 -0.143871635 20.060400009
-0.146384224 0.004002446 0.989219725 51.836791992 0.090622775 0.995841026 0.009381074 -0.858695865 -0.985068023 0.091019079 -0.146138132 19.868837357
-0.146762908 0.005665703 0.989155471 53.310352325 0.092662744 0.995665193 0.008045563 -0.843367457 -0.984821856 0.092838652 -0.146651715 19.650108337
-0.146615908 0.005425663 0.989178598 54.797973633 0.092167780 0.995709717 0.008199608 -0.840150595 -0.984890282 0.092372589 -0.146486953 19.421150208
-0.146045789 0.007635753 0.989248335 56.315471649 0.091743879 0.995765328 0.005858376 -0.819372594 -0.985014558 0.091613077 -0.146127880 19.197694778
-0.144616947 0.007661906 0.989458025 57.847301483 0.092252418 0.995718896 0.005773019 -0.811050892 -0.985177815 0.092114791 -0.144704670 18.973079681
-0.142983854 0.006095792 0.989706278 59.414474487 0.091149196 0.995812416 0.007035017 -0.809684634 -0.985518873 0.091216825 -0.142940730 18.741184235
-0.141836032 0.007137766 0.989864349 60.997646332 0.092305161 0.995712399 0.006046320 -0.800163150 -0.985577166 0.092227176 -0.141886756 18.517505646
-0.140800431 0.007648462 0.990008473 62.590896606 0.092157021 0.995729685 0.005414040 -0.797231972 -0.985739470 0.091998503 -0.140904039 18.299434662
-0.139737889 0.008299003 0.990153730 64.201179504 0.093163811 0.995639145 0.004802989 -0.795374274 -0.985795975 0.092917643 -0.139901683 18.068395615
-0.138483286 0.007855452 0.990333617 65.856971741 0.092728958 0.995678425 0.005068907 -0.792120934 -0.986014068 0.092534572 -0.138613269 17.824687958
-0.137192532 0.006359658 0.990523994 67.502510071 0.094546884 0.995497763 0.006703626 -0.784283519 -0.986021936 0.094570644 -0.137176171 17.592857361
-0.137235284 0.004429052 0.990528584 69.201637268 0.097043149 0.995239556 0.008994970 -0.782739937 -0.985773265 0.097358428 -0.137011781 17.358232498
-0.135766745 0.005310027 0.990726650 70.887329102 0.098420233 0.995111585 0.008153738 -0.779223442 -0.985840082 0.098614536 -0.135625675 17.115428925
-0.135549486 0.007079185 0.990745306 72.580276489 0.100582205 0.994906425 0.006652305 -0.772018731 -0.985651851 0.100553051 -0.135571107 16.886346817
-0.134536058 0.006717381 0.990885913 74.284858704 0.099523924 0.995012164 0.006767359 -0.767933428 -0.985898077 0.099527314 -0.134533554 16.654150009
-0.134873703 0.006212933 0.990843236 76.031745911 0.099837981 0.994976580 0.007351106 -0.770156622 -0.985820115 0.099915259 -0.134816453 16.419410706
-0.135046095 0.005085114 0.990826249 77.761047363 0.099792294 0.994972050 0.008494943 -0.765670359 -0.985801220 0.100024037 -0.134874538 16.189168930
-0.134769991 0.005358523 0.990862429 79.484016418 0.101243198 0.994826317 0.008390415 -0.759983361 -0.985691071 0.101448834 -0.134615287 15.958597183
-0.135011137 0.004888632 0.990831971 81.261207581 0.102014720 0.994742215 0.008992638 -0.752646625 -0.985578477 0.102293551 -0.134799972 15.725616455
-0.135014340 0.006110288 0.990824819 83.022209167 0.102535538 0.994698465 0.007837787 -0.740943253 -0.985523999 0.102652967 -0.134925082 15.483230591
-0.135249645 0.007059280 0.990786552 84.819595337 0.102217034 0.994738400 0.006865939 -0.732505798 -0.985524833 0.102203861 -0.135259584 15.224412918
-0.136366203 0.007680908 0.990628719 86.610298157 0.101397999 0.994826257 0.006244611 -0.732148111 -0.985455573 0.101299316 -0.136439517 14.984117508
-0.137994707 0.008274325 0.990398407 88.406845093 0.100317024 0.994939506 0.005665164 -0.728428066 -0.985339463 0.100135587 -0.138126433 14.751736641
-0.138744533 0.007464148 0.990300059 90.222999573 0.099470876 0.995019674 0.006436500 -0.728819907 -0.985319972 0.099399075 -0.138795972 14.501564026
-0.139989957 0.007338762 0.990125716 92.061828613 0.099618457 0.995003104 0.006709749 -0.723474026 -0.985128939 0.099574097 -0.140021518 14.253309250
-0.140352994 0.006404844 0.990080774 93.920036316 0.097163267 0.995241523 0.007335554 -0.717281461 -0.985322475 0.097229071 -0.140307456 13.994815826
-0.142347440 0.006909487 0.989792645 95.745506287 0.096904881 0.995269120 0.006988699 -0.720951498 -0.985061765 0.096910574 -0.142343566 13.750654221
-0.144704610 0.007989910 0.989442587 97.615814209 0.096283466 0.995335519 0.006043823 -0.712531865 -0.984779119 0.096141517 -0.144798964 13.472807884
-0.148833767 0.009087601 0.988820434 99.495933533 0.096643589 0.995304346 0.005399264 -0.702711582 -0.984128296 0.096366756 -0.149013177 13.192593575
-0.153479621 0.008116971 0.988118410 101.378341675 0.094657175 0.995488524 0.006525126 -0.701803446 -0.983607590 0.094533987 -0.153555557 12.914641380
-0.158089250 0.007209161 0.987398505 103.270858765 0.093119092 0.995625675 0.007639774 -0.703365386 -0.983024240 0.093153417 -0.158069029 12.619320869
-0.162540644 0.007654982 0.986672163 105.172500610 0.091727704 0.995756865 0.007385414 -0.708814681 -0.982428849 0.091705605 -0.162553161 12.310469627
-0.166874692 0.009695185 0.985930443 107.099266052 0.092474423 0.995697796 0.005860621 -0.701835155 -0.981631994 0.092151351 -0.167053327 11.973116875
-0.171652809 0.011261469 0.985093057 109.028068542 0.092321329 0.995718300 0.004704090 -0.711385548 -0.980822086 0.091752574 -0.171957493 11.642161369
-0.176200539 0.011270927 0.984289765 110.957633972 0.091206416 0.995819747 0.004924162 -0.718991280 -0.980119765 0.090641171 -0.176491931 11.304720879
-0.180891305 0.011053197 0.983440995 112.906112671 0.089309163 0.995990217 0.005233030 -0.719730616 -0.979439735 0.088776886 -0.181153119 10.950967789
-0.185585827 0.010626351 0.982570589 114.870368958 0.087655857 0.996134043 0.005783212 -0.718592525 -0.978710592 0.087201335 -0.185799822 10.580261230
-0.191200092 0.010000592 0.981500149 116.809814453 0.086373091 0.996240497 0.006675042 -0.715774477 -0.977743447 0.086051486 -0.191345081 10.223696709
-0.196197897 0.009932202 0.980513990 118.783424377 0.087083206 0.996173978 0.007334256 -0.717087686 -0.976689816 0.086825266 -0.196312219 9.827666283
-0.201622114 0.011190102 0.979399443 120.741912842 0.087362021 0.996154726 0.006603071 -0.718750954 -0.975559473 0.086893648 -0.201824427 9.440507889
-0.207267374 0.012204929 0.978208244 122.705795288 0.087087579 0.996182382 0.006023335 -0.721671999 -0.974400342 0.086438209 -0.207539022 9.037155151
-0.213254124 0.012245614 0.976920128 124.710464478 0.087282807 0.996162057 0.006566356 -0.713909984 -0.973090053 0.086668640 -0.213504478 8.621083260
-0.218925700 0.012150184 0.975665867 126.698013306 0.086216845 0.996252239 0.006939298 -0.712114394 -0.971924961 0.085638031 -0.219152778 8.186893463
-0.224141359 0.012990843 0.974470019 128.686035156 0.085514925 0.996316552 0.006387515 -0.708004594 -0.970797539 0.084763445 -0.224426642 7.736998081
-0.229590565 0.013545497 0.973193049 130.685668945 0.084724553 0.996385634 0.006119465 -0.709829390 -0.969592631 0.083858319 -0.229908377 7.283751965
-0.233937263 0.012944462 0.972165525 132.663986206 0.085851938 0.996280611 0.007393449 -0.706413746 -0.968453825 0.085191898 -0.234178469 6.811934948
-0.237541601 0.013063455 0.971289515 134.665283203 0.088263147 0.996063650 0.008189253 -0.697557390 -0.967359066 0.087674350 -0.237759560 6.315432549
-0.241316736 0.013756137 0.970348895 136.692733765 0.089604393 0.995943964 0.008164790 -0.698225498 -0.966300845 0.088917814 -0.241570547 5.816834450
-0.244480103 0.014562899 0.969544888 138.708374023 0.090137906 0.995898962 0.007770392 -0.695432127 -0.965455651 0.089292459 -0.244790107 5.310972214
-0.247969270 0.014938747 0.968652666 140.747146606 0.089657590 0.995943725 0.007592169 -0.689072728 -0.964610100 0.088729694 -0.248302773 4.800213814
-0.251910537 0.015183897 0.967631400 142.763000488 0.088222548 0.996073782 0.007337410 -0.692618370 -0.963720858 0.087215275 -0.252261043 4.280268192
-0.256545037 0.015942750 0.966400802 144.789093018 0.087515458 0.996140003 0.006798883 -0.696712017 -0.962562025 0.086319223 -0.256949991 3.751105547
-0.260616630 0.015061025 0.965324879 146.806930542 0.085429735 0.996315956 0.007519620 -0.699167669 -0.961655200 0.084427200 -0.260943204 3.210515022
-0.265239418 0.015468776 0.964058399 148.837326050 0.085760124 0.996286750 0.007609111 -0.697099030 -0.960361004 0.084696010 -0.265581131 2.659528017
-0.270082206 0.015735697 0.962708652 150.888641357 0.085088700 0.996344507 0.007585646 -0.700290143 -0.959070146 0.083964378 -0.270433843 2.097565651
-0.275349021 0.015956813 0.961211920 152.942413330 0.084670618 0.996379137 0.007714151 -0.698424637 -0.957608402 0.083510488 -0.275703073 1.532586217
-0.279882759 0.015302073 0.959912241 154.983276367 0.084677771 0.996369481 0.008806357 -0.703407705 -0.956292510 0.083747990 -0.280162364 0.946987450
-0.284314215 0.015419361 0.958607137 157.037704468 0.085031182 0.996335804 0.009193256 -0.697785854 -0.954952955 0.084125280 -0.284583658 0.353349298
-0.289029181 0.016061664 0.957185447 159.119079590 0.085718758 0.996277213 0.009165788 -0.696263790 -0.953474939 0.084697947 -0.289330006 -0.251573890
-0.292684942 0.017466774 0.956049383 161.181228638 0.086238198 0.996240795 0.008199902 -0.690027893 -0.952312171 0.084847964 -0.293090999 -0.876554489
-0.296836287 0.018807167 0.954743147 163.242889404 0.085867055 0.996281505 0.007071253 -0.693605244 -0.951059878 0.084079996 -0.297347456 -1.499116182
-0.300444603 0.020394970 0.953581214 165.324905396 0.086998932 0.996189833 0.006104464 -0.693454266 -0.949823260 0.084794603 -0.301074177 -2.141893387
-0.304248005 0.020868240 0.952364266 167.408752441 0.086161844 0.996264875 0.005695595 -0.697550476 -0.948688090 0.083790340 -0.304909676 -2.793636322
-0.307876974 0.020820286 0.951198339 169.491806030 0.086619452 0.996221900 0.006230563 -0.703457892 -0.947474897 0.084310509 -0.308517218 -3.459806681
-0.311865598 0.021155355 0.949890673 171.575439453 0.086305179 0.996249795 0.006147651 -0.703622222 -0.946198344 0.083897725 -0.312521845 -4.130071163
-0.315834373 0.022438457 0.948548973 173.672821045 0.088757873 0.996035218 0.005991566 -0.704341412 -0.944653749 0.086083531 -0.316573739 -4.826510906
-0.318806708 0.022695251 0.947547972 175.758255005 0.091003947 0.995827556 0.006767065 -0.706777155 -0.943440795 0.088387989 -0.319541931 -5.536277294
-0.320907801 0.022193795 0.946850359 177.821884155 0.091784731 0.995748580 0.007767854 -0.709878147 -0.942652524 0.089399174 -0.321580529 -6.236983299
-0.323663026 0.021741809 0.945922732 179.908172607 0.091287561 0.995789587 0.008347565 -0.704646230 -0.941758394 0.089052781 -0.324285090 -6.952173233
-0.326603204 0.022362541 0.944896936 182.015029907 0.090706222 0.995847285 0.007784213 -0.705902159 -0.940798998 0.088250399 -0.327275395 -7.674350739
-0.329258323 0.024414636 0.943924189 184.116195679 0.090183720 0.995908856 0.005698539 -0.706165195 -0.939923346 0.087002888 -0.330113053 -8.403402328
-0.332442254 0.026631271 0.942747533 186.231063843 0.090002134 0.995934963 0.003603833 -0.705928087 -0.938819349 0.086047366 -0.333487839 -9.142940521
-0.335339844 0.027623599 0.941692114 188.336990356 0.089336023 0.995998144 0.002596255 -0.718777657 -0.937851965 0.084997661 -0.336465567 -9.892663956
-0.338920265 0.028655203 0.940378606 190.495391846 0.087558396 0.996158659 0.001201853 -0.726157308 -0.936731875 0.082745388 -0.340127438 -10.656246185
-0.341853946 0.028993344 0.939305723 192.618759155 0.088632263 0.996063292 0.001511848 -0.739291728 -0.935564101 0.083769627 -0.343077987 -11.443120956
-0.345609903 0.027593350 0.937972486 194.783706665 0.087708473 0.996141613 0.003012911 -0.753429890 -0.934270322 0.083309427 -0.346696585 -12.226000786
-0.349022269 0.026992545 0.936725616 196.942413330 0.087798670 0.996130168 0.004009291 -0.764032185 -0.932992399 0.083642595 -0.350041538 -13.029080391
-0.352601111 0.027371872 0.935373306 199.098434448 0.088195167 0.996094763 0.004097541 -0.767559111 -0.931608319 0.083940201 -0.353638202 -13.841641426
-0.356422424 0.027461413 0.933921278 201.255416870 0.087161817 0.996186256 0.003972222 -0.775398374 -0.930250347 0.082818061 -0.357456684 -14.652630806
-0.360477656 0.027980374 0.932348132 203.418426514 0.086355656 0.996258259 0.003489681 -0.789615214 -0.928761840 0.081771471 -0.361545026 -15.479146004
-0.364435226 0.028203234 0.930801451 205.602294922 0.085549772 0.996328413 0.003306482 -0.800003469 -0.927290678 0.080834866 -0.365510017 -16.313528061
-0.367089421 0.029045364 0.929732203 207.710128784 0.087201759 0.996185184 0.003308788 -0.817823887 -0.926089108 0.082288899 -0.368221909 -17.146352768
-0.369793177 0.029031020 0.928660452 209.853256226 0.088076063 0.996105909 0.003932495 -0.829122245 -0.924929976 0.083246961 -0.370910108 -17.994567871
-0.372680485 0.028596399 0.927519143 212.026901245 0.089561053 0.995967329 0.005279216 -0.840380669 -0.923627675 0.085037023 -0.373738766 -18.865552902
-0.375580460 0.029533023 0.926319122 214.210418701 0.090876892 0.995849013 0.005096695 -0.849482954 -0.922323525 0.086095229 -0.376705408 -19.746723175
-0.378475308 0.030375209 0.925112784 216.407196045 0.091027834 0.995837986 0.004543232 -0.861651897 -0.921124518 0.085930526 -0.379665047 -20.638767242
-0.381426781 0.030490961 0.923896015 218.587081909 0.090192154 0.995914817 0.004367705 -0.872019231 -0.919988573 0.084994130 -0.382618695 -21.526458740
-0.384378761 0.031842139 0.922626317 220.756713867 0.089923844 0.995943844 0.003090996 -0.887396216 -0.918785453 0.084154204 -0.385683089 -22.423791885
-0.387058884 0.032741096 0.921473503 222.915115356 0.089633159 0.995972276 0.002261683 -0.904709935 -0.917688012 0.083469972 -0.388434619 -23.330997467
-0.389795423 0.033015620 0.920309484 225.094558716 0.087707818 0.996145248 0.001412302 -0.920485556 -0.916715264 0.081268840 -0.391188592 -24.240468979
-0.393164694 0.033830397 0.918845475 227.265914917 0.088377438 0.996086419 0.001141519 -0.937868774 -0.915210783 0.081653997 -0.394615889 -25.155416489
-0.395656556 0.033542398 0.917785823 229.422546387 0.090002649 0.995938778 0.002401408 -0.959112108 -0.913977802 0.083553292 -0.397068560 -26.088682175
-0.398592860 0.032415107 0.916554868 231.587310791 0.090164706 0.995918810 0.003989058 -0.978142142 -0.912685096 0.084230907 -0.399888873 -27.018705368
-0.401707053 0.032186877 0.915202439 233.713943481 0.089207888 0.996004462 0.004127142 -0.989649177 -0.911412776 0.083301172 -0.402973294 -27.944093704
-0.404728651 0.032125637 0.913872361 235.848678589 0.087853931 0.996125758 0.003890946 -1.009636164 -0.910206795 0.081862055 -0.405983001 -28.881141663
-0.408251792 0.031815659 0.912314773 238.028472900 0.086524069 0.996241808 0.003976169 -1.020417094 -0.908759654 0.080560483 -0.409470320 -29.845462799
-0.412029296 0.031006910 0.910642803 240.186828613 0.085555866 0.996321797 0.004786364 -1.037602425 -0.907145023 0.079882964 -0.413166612 -30.802955627
-0.415900439 0.031209357 0.908874452 242.341979980 0.085070208 0.996363819 0.004714470 -1.052369833 -0.905422509 0.079278886 -0.417043120 -31.778961182
-0.419894099 0.030811481 0.907049954 244.492874146 0.084581561 0.996402442 0.005308047 -1.068769455 -0.903623223 0.078948528 -0.420989513 -32.760250092
-0.424180627 0.030190239 0.905074120 246.656188965 0.083062470 0.996528029 0.005688007 -1.080730557 -0.901760161 0.077590413 -0.425215632 -33.746276855
-0.427806497 0.030513166 0.903355181 248.767013550 0.082772009 0.996553063 0.005537592 -1.089997292 -0.900072455 0.077141531 -0.428857535 -34.735782623
-0.431678176 0.031282760 0.901485085 250.917556763 0.083211876 0.996517897 0.005265669 -1.108866453 -0.898181379 0.077287346 -0.432778150 -35.747425079
-0.435497791 0.031762641 0.899629295 253.005050659 0.083447568 0.996498525 0.005213036 -1.128307819 -0.896313667 0.077342153 -0.436623424 -36.739109039
-0.439349473 0.031500410 0.897763908 255.144454956 0.083190776 0.996517062 0.005746641 -1.140697479 -0.894455910 0.077210449 -0.440439850 -37.766578674
-0.443190217 0.032095868 0.895852745 257.262908936 0.082019798 0.996618807 0.004870258 -1.149457097 -0.892667472 0.075636111 -0.444324166 -38.795505524
-0.446967840 0.032395989 0.893963218 259.376892090 0.082582697 0.996570766 0.005175741 -1.166231871 -0.890729964 0.076139301 -0.448110491 -39.849250793
-0.450564414 0.032862112 0.892138898 261.491638184 0.082819514 0.996551394 0.005118865 -1.165653706 -0.888894081 0.076192886 -0.451732218 -40.910179138
-0.453889161 0.034327365 0.890396714 263.606781006 0.084274426 0.996432364 0.004544436 -1.172246218 -0.887063861 0.077100344 -0.455162674 -41.980911255
-0.457337618 0.036603432 0.888539493 265.723114014 0.086620793 0.996235073 0.003544383 -1.180129886 -0.885064483 0.078586981 -0.458786458 -43.070312500
-0.460328221 0.037274152 0.886965930 267.850524902 0.088274024 0.996088386 0.003953568 -1.196302772 -0.883349121 0.080116004 -0.461817920 -44.171352386
-0.462933749 0.039479166 0.885513186 269.966522217 0.090183176 0.995921433 0.002744942 -1.200011492 -0.881793261 0.081129104 -0.464605957 -45.284275055
-0.466066390 0.041791864 0.883762062 272.074005127 0.091905035 0.995766819 0.001379200 -1.222858787 -0.879963398 0.081864975 -0.467934370 -46.361457825
-0.469300151 0.042244881 0.882027566 274.215270996 0.092264943 0.995733440 0.001400524 -1.231847048 -0.878205299 0.082037486 -0.471195579 -47.471099854
-0.472800940 0.043357328 0.880101979 276.367187500 0.092737474 0.995690286 0.000767972 -1.247650385 -0.876275659 0.081981525 -0.474784076 -48.596637726
-0.476247221 0.043005340 0.878259122 278.523101807 0.091572545 0.995797992 0.000895579 -1.257055879 -0.874530077 0.080850951 -0.478184193 -49.753959656
-0.479394495 0.044722546 0.876459181 280.671020508 0.092839487 0.995681107 -0.000025848 -1.266714334 -0.872675061 0.081357636 -0.481476009 -50.918678284
-0.482590556 0.044821687 0.874698460 282.818603516 0.091924340 0.995765865 -0.000308788 -1.280194879 -0.871008754 0.080257073 -0.484667450 -52.096008301
-0.485545099 0.044517186 0.873077571 284.959289551 0.090158634 0.995927215 -0.000641193 -1.291279674 -0.869550109 0.078404136 -0.487581193 -53.262996674
-0.487916350 0.045529965 0.871702135 287.098236084 0.092185989 0.995741725 -0.000409567 -1.302176476 -0.868008852 0.080158904 -0.490035951 -54.456077576
-0.490337491 0.045200311 0.870359659 289.277435303 0.093244717 0.995643020 0.000824966 -1.318929911 -0.866530180 0.081560962 -0.492415696 -55.659744263
-0.492619127 0.045915067 0.869032919 291.453674316 0.094846860 0.995491207 0.001168343 -1.330250978 -0.865060866 0.083000585 -0.494752944 -56.885692596
-0.494348705 0.045362376 0.868079185 293.605163574 0.094553076 0.995518148 0.001823698 -1.340329766 -0.864105940 0.082981087 -0.496422231 -58.104366302
-0.497161418 0.044651140 0.866508365 295.804718018 0.093531989 0.995613396 0.002360298 -1.338321447 -0.862602055 0.082219690 -0.499156982 -59.346969604
-0.499212146 0.045912661 0.865262568 298.011688232 0.095785916 0.995398879 0.002445575 -1.336348414 -0.861169159 0.084100820 -0.501312912 -60.621986389
-0.501702130 0.044858936 0.863876522 300.202392578 0.095296346 0.995442390 0.003653180 -1.345865488 -0.859775305 0.084157094 -0.503690422 -61.875720978
-0.503875911 0.045699336 0.862566233 302.411926270 0.095037885 0.995469809 0.002776578 -1.359699726 -0.858531833 0.083375514 -0.505936325 -63.154922485
-0.506492198 0.047880076 0.860914171 304.599822998 0.094235957 0.995549798 0.000072913 -1.365466595 -0.857079506 0.081166007 -0.508750260 -64.425399780
-0.509665608 0.047212433 0.859076202 306.805145264 0.092837684 0.995681167 0.000358117 -1.380175233 -0.855349123 0.079937182 -0.511847556 -65.729560852
-0.513991416 0.045519888 0.856586635 308.991821289 0.090830080 0.995865166 0.001580937 -1.392489195 -0.852972865 0.078616425 -0.516000628 -67.015830994
-0.519011378 0.042622674 0.853703916 311.206542969 0.087797359 0.996131718 0.003642985 -1.401710272 -0.850246310 0.076843709 -0.520745754 -68.328582764
-0.523615599 0.041206162 0.850957572 313.419891357 0.086761147 0.996215880 0.005146257 -1.407673359 -0.847525358 0.076524697 -0.525209248 -69.672119141
-0.528047502 0.041301005 0.848209977 315.675048828 0.087072112 0.996185720 0.005699914 -1.408370495 -0.844739199 0.076865241 -0.529629409 -71.046241760
-0.531874180 0.043261796 0.845717430 317.899566650 0.090089731 0.995917261 0.005712603 -1.412693620 -0.842017472 0.079228848 -0.533600271 -72.444801331
-0.535528660 0.044024903 0.843368709 320.144439697 0.090847656 0.995848417 0.005702594 -1.412491083 -0.839616418 0.079671979 -0.537304878 -73.878036499
-0.539620996 0.044454638 0.840733588 322.385040283 0.091960132 0.995742321 0.006373305 -1.414034843 -0.836870670 0.080753133 -0.541411519 -75.300170898
-0.543367684 0.043227617 0.838381052 324.580047607 0.092575803 0.995667875 0.008662347 -1.423485875 -0.834374785 0.082320638 -0.545015633 -76.737884521
-0.546780348 0.041301884 0.836256802 326.789978027 0.090406492 0.995855451 0.009927317 -1.411972642 -0.832380891 0.081031106 -0.548248172 -78.195053101
-0.550884783 0.041099586 0.833568633 328.994903564 0.089710757 0.995915711 0.010183400 -1.412422776 -0.829745710 0.080389969 -0.552321851 -79.631965637
-0.554676116 0.040959850 0.831057549 331.185241699 0.089852586 0.995895505 0.010886542 -1.411424637 -0.827200651 0.080711156 -0.556079865 -81.091430664
-0.558566451 0.041154329 0.828438222 333.379730225 0.090872638 0.995792568 0.011801992 -1.405414224 -0.824467063 0.081874557 -0.559956074 -82.552139282
-0.562930286 0.040537126 0.825509608 335.613494873 0.091058500 0.995758057 0.013197216 -1.395975113 -0.821473002 0.082598783 -0.564233720 -84.051841736
-0.566491723 0.039313406 0.823129177 337.838775635 0.089305118 0.995907366 0.013895871 -1.384061933 -0.819214106 0.081381544 -0.567684174 -85.570724487
-0.570207417 0.038293082 0.820607901 340.052795410 0.088635936 0.995949388 0.015114279 -1.365916848 -0.816705108 0.081353612 -0.571291924 -87.085525513
-0.572002947 0.038267706 0.819358408 342.229553223 0.089698814 0.995838642 0.016109606 -1.349270105 -0.815332234 0.082710236 -0.573055327 -88.612709045
-0.575288236 0.037437003 0.817093551 344.436584473 0.087204754 0.996065736 0.015760917 -1.334551334 -0.813288867 0.080321498 -0.576289594 -90.155242920
-0.578208327 0.036732312 0.815061867 346.574798584 0.083850913 0.996371627 0.014580812 -1.322936416 -0.811568975 0.076774426 -0.579190433 -91.649131775
-0.581578135 0.035971105 0.812694848 348.722930908 0.080235653 0.996687174 0.013303115 -1.308128476 -0.809523880 0.072943911 -0.582537651 -93.143432617
-0.584078074 0.033161398 0.811019659 350.849700928 0.078419819 0.996796429 0.015718654 -1.307898521 -0.807900429 0.072780952 -0.584807575 -94.675529480
-0.588048697 0.032864667 0.808157504 353.020690918 0.079375282 0.996695995 0.017224927 -1.290383816 -0.804921269 0.074276827 -0.588714421 -96.216911316
-0.590759635 0.033036087 0.806170940 355.171325684 0.078549057 0.996770084 0.016713861 -1.267268419 -0.803014994 0.073197842 -0.591446459 -97.787155151
-0.594363511 0.032036602 0.803558111 357.361083984 0.076605685 0.996917963 0.016916960 -1.250857353 -0.800539553 0.071611948 -0.594985843 -99.363800049
-0.597743034 0.027977450 0.801199436 359.534820557 0.074098989 0.997040808 0.020466169 -1.237586498 -0.798255980 0.071601570 -0.598047316 -100.947868347
-0.601260424 0.025663929 0.798640847 361.714019775 0.071732067 0.997182131 0.021959858 -1.206602216 -0.795826793 0.070491746 -0.601407111 -102.545623779
-0.604849815 0.024877463 0.795950949 363.911254883 0.070322536 0.997275710 0.022268809 -1.171191335 -0.793228507 0.069442578 -0.604951382 -104.170326233
-0.607996047 0.024799641 0.793552637 366.029327393 0.069742098 0.997316539 0.022266742 -1.142198801 -0.790870905 0.068882130 -0.608094096 -105.762039185
-0.610869229 0.024280885 0.791359127 368.171356201 0.069425575 0.997322142 0.022990936 -1.113869309 -0.788681686 0.068985015 -0.610919237 -107.383438110
-0.614558339 0.023581520 0.788518846 370.295288086 0.069166146 0.997314394 0.024081152 -1.088159919 -0.785833359 0.069338076 -0.614538968 -108.983924866
-0.617675185 0.022020282 0.786125004 372.428527832 0.065911338 0.997540474 0.023845665 -1.057559371 -0.783666432 0.066543423 -0.617607415 -110.624832153
-0.620898008 0.018354159 0.783676505 374.554809570 0.055965628 0.998212636 0.020962218 -1.031692624 -0.781890988 0.056874342 -0.620815516 -112.272544861
-0.624836206 0.020946689 0.780474842 376.698089600 0.048594654 0.998745441 0.012099424 -1.017239809 -0.779242098 0.045487065 -0.625070095 -113.922363281
-0.627757311 0.031135779 0.777786136 378.810729980 0.058572453 0.998256385 0.007312799 -1.016316891 -0.776202321 0.050147507 -0.628486454 -115.603271484
-0.628858030 0.032526359 0.776839674 380.925659180 0.066331454 0.997726440 0.011920946 -1.021222591 -0.774685740 0.059025485 -0.629585803 -117.297531128
-0.631042659 0.023488909 0.775392354 383.032318115 0.065441869 0.997590363 0.023039058 -0.997584701 -0.772982895 0.065281764 -0.631059349 -118.993515015
-0.634626448 0.012572791 0.772716761 385.161285400 0.058901507 0.997746229 0.032141134 -0.948524475 -0.770571172 0.065911792 -0.633936703 -120.688064575
-0.638242185 0.006177300 0.769810855 387.253479004 0.052631691 0.997978210 0.035628170 -0.889403582 -0.768034399 0.063255854 -0.637276888 -122.370147705
-0.640731692 0.005703051 0.767743707 389.318267822 0.051593188 0.998031855 0.035644136 -0.827483535 -0.766029418 0.062448673 -0.639764905 -124.070175171
-0.643610299 0.010873345 0.765276074 391.383544922 0.056804623 0.997819901 0.033596244 -0.776604772 -0.763242364 0.065094113 -0.642824829 -125.762748718
-0.645962358 0.017738581 0.763163209 393.412902832 0.061471034 0.997692049 0.028840918 -0.720243394 -0.760890245 0.065542579 -0.645561934 -127.460441589
-0.648331702 0.020233521 0.761089087 395.502532959 0.061847121 0.997742712 0.026159361 -0.672881901 -0.758841753 0.064031109 -0.648119688 -129.206054688
-0.651739776 0.020222098 0.758172989 397.591735840 0.061655890 0.997748554 0.026388478 -0.627569616 -0.755932391 0.063944250 -0.651519239 -130.961120605
-0.654326022 0.019673191 0.755956650 399.608093262 0.062864803 0.997616410 0.028451083 -0.588550210 -0.753595054 0.066139355 -0.654003143 -132.686187744
-0.656545341 0.019549362 0.754033148 401.626770020 0.063823633 0.997518778 0.029709904 -0.535401940 -0.751581550 0.067631043 -0.656164050 -134.434341431
-0.658617496 0.019713443 0.752219498 403.665832520 0.064041801 0.997498274 0.029931335 -0.486612260 -0.749747694 0.067886814 -0.658232450 -136.179946899
-0.660352767 0.019622019 0.750699162 405.687042236 0.064171098 0.997476518 0.030375764 -0.444195211 -0.748208702 0.068231903 -0.659945548 -137.926361084
-0.661395550 0.020462204 0.749758124 407.722839355 0.065197416 0.997412622 0.030292485 -0.389796376 -0.747198224 0.068917610 -0.661018252 -139.724395752
-0.662835479 0.019359201 0.748514771 409.740020752 0.065800890 0.997304142 0.032475185 -0.338173002 -0.745868206 0.070778623 -0.662322462 -141.489532471
-0.663360476 0.019041222 0.748057604 411.780456543 0.068083279 0.997065723 0.034995195 -0.277430594 -0.745196342 0.074144654 -0.662710488 -143.302597046
-0.664929330 0.018675717 0.746672750 413.792266846 0.069585018 0.996888340 0.037032973 -0.217301831 -0.743657768 0.076581538 -0.664159894 -145.065887451
-0.666335285 0.018851332 0.745413840 415.808654785 0.067970783 0.997053921 0.035544731 -0.146310493 -0.742547810 0.074351072 -0.665653527 -146.849563599
-0.667699695 0.018622642 0.744197726 417.795837402 0.063973412 0.997424185 0.032438099 -0.089992508 -0.741676807 0.069267780 -0.667171180 -148.614807129
-0.669161737 0.018290875 0.742891669 419.799316406 0.061295312 0.997648954 0.030648623 -0.028934712 -0.740584552 0.066044651 -0.668709636 -150.399368286
-0.670614481 0.017411266 0.741601706 421.780548096 0.060755715 0.997654974 0.031517237 0.018051898 -0.739313841 0.066192456 -0.670099676 -152.151229858
-0.671069920 0.016424937 0.741212070 423.784759521 0.058625624 0.997799635 0.030966971 0.081292368 -0.739072502 0.064235024 -0.670556188 -153.965194702
-0.671976507 0.015048712 0.740419567 425.750976562 0.055602256 0.997996747 0.030178623 0.122081101 -0.738482177 0.061448321 -0.671467185 -155.717697144
-0.672482312 0.013828275 0.739984035 427.770446777 0.054005854 0.998076975 0.030428089 0.177793637 -0.738140166 0.060425818 -0.671935916 -157.535964966
-0.672740281 0.012440217 0.739774168 429.692138672 0.054824207 0.997948110 0.033074632 0.220767096 -0.737844825 0.062808156 -0.672041833 -159.273895264
-0.672308743 0.011942595 0.740174651 431.651458740 0.057875577 0.997657359 0.036471993 0.285205305 -0.738004982 0.067358471 -0.671425045 -161.052917480
-0.671086013 0.010916134 0.741299212 433.633331299 0.062464256 0.997168779 0.041863866 0.360601157 -0.738743544 0.074398942 -0.669867814 -162.846115112
-0.669901133 0.009899635 0.742384315 435.631225586 0.065716937 0.996777058 0.046008676 0.443657964 -0.739536166 0.079608485 -0.668392658 -164.628005981
-0.668463349 0.007163178 0.743710518 437.598602295 0.059392530 0.997274280 0.043777891 0.532421947 -0.741369784 0.073434778 -0.667066813 -166.367767334
-0.667891204 0.006233603 0.744232774 439.586242676 0.052001715 0.997911930 0.038309116 0.610399306 -0.742439985 0.064287707 -0.666820705 -168.116271973
-0.666713893 0.004206294 0.745301902 441.574157715 0.047570869 0.998185217 0.036921274 0.672173321 -0.743794024 0.060070589 -0.665704012 -169.864532471
-0.664987922 0.004097958 0.746842921 443.575073242 0.045687124 0.998335302 0.035201840 0.735629201 -0.745455563 0.057529900 -0.664068103 -171.587265015
-0.663035691 0.004206245 0.748575985 445.574584961 0.047219001 0.998228014 0.036214218 0.793614745 -0.747097075 0.059358336 -0.662059307 -173.329162598
-0.661045849 0.004309793 0.750333130 447.570312500 0.047930364 0.998183727 0.036493383 0.861222386 -0.748813093 0.060087539 -0.660051823 -175.050064087
-0.658546329 0.005411947 0.752520740 449.552795410 0.045988642 0.998394489 0.033065397 0.920834363 -0.751133680 0.056382492 -0.657737970 -176.769119263
-0.657703996 0.000015960 0.753276408 451.566589355 0.038828298 0.998671353 0.033880770 0.976109087 -0.752274930 0.051531963 -0.656830847 -178.480300903
-0.656751692 -0.006231917 0.754081249 453.572814941 0.029909132 0.998963773 0.034304433 1.034923792 -0.753513753 0.045083404 -0.655884683 -180.189102173
-0.656659365 -0.009839938 0.754123032 455.597320557 0.022775829 0.999200106 0.032870006 1.088360310 -0.753843307 0.038760174 -0.655909896 -181.897994995
-0.655408084 -0.010605010 0.755200565 457.601837158 0.021170978 0.999250472 0.032405566 1.140236735 -0.754978180 0.037227202 -0.654692531 -183.624786377
-0.654791772 -0.010044786 0.755742490 459.617309570 0.023590893 0.999152780 0.033719689 1.198273778 -0.755441070 0.039908014 -0.654000103 -185.340423584
-0.653297305 -0.010696694 0.757025838 461.639587402 0.026002206 0.998993278 0.036555026 1.254496574 -0.756654680 0.043565642 -0.652361572 -187.064376831
-0.651491523 -0.012848863 0.758547187 463.630615234 0.024201520 0.998995721 0.037707668 1.330497742 -0.758269846 0.042924218 -0.650526106 -188.778884888
-0.650449395 -0.013203234 0.759434819 465.678894043 0.022093670 0.999096930 0.036292948 1.401148677 -0.759228230 0.040385429 -0.649570286 -190.510574341
-0.649479210 -0.012454780 0.760277331 467.697479248 0.020516705 0.999214768 0.033895753 1.464514136 -0.760102510 0.037612967 -0.648713589 -192.204376221
-0.648445606 -0.011733402 0.761170506 469.729675293 0.020419572 0.999253273 0.032798983 1.514802933 -0.760987103 0.036811136 -0.647721767 -193.911544800
-0.647755921 -0.010410184 0.761776805 471.732696533 0.023100412 0.999178410 0.033297241 1.574980140 -0.761497617 0.039165840 -0.646983325 -195.586791992
