1.000000000 0.000000000 0.000000000 0.000000000 0.000000000 1.000000000 0.000000000 0.000000000 0.000000000 0.000000000 1.000000000 0.000000000
0.999039292 -0.000472795 0.043821350 0.044892054 0.000578277 0.999996960 -0.002394429 -0.019701276 -0.043820091 0.002417469 0.999036431 1.027700186
0.996025026 -0.004687830 0.088950686 0.138189897 0.005362440 0.999958634 -0.007346631 -0.038427312 -0.088912576 0.007794422 0.996008873 2.048933029
0.990871251 -0.004172890 0.134747192 0.270754784 0.005775622 0.999917150 -0.011505646 -0.059557449 -0.134688020 0.012178862 0.990813255 3.058670282
0.983526051 -0.001123650 0.180762812 0.450892150 0.003635922 0.999901295 -0.013567416 -0.093307927 -0.180729717 0.014001144 0.983433247 4.089054585
0.973989606 -0.003677825 0.226562619 0.686952889 0.006912024 0.999885201 -0.013483417 -0.124929033 -0.226486996 0.014698715 0.973903298 5.095410824
0.962298453 -0.004142798 0.271964699 0.960165799 0.008495148 0.999853969 -0.014827920 -0.153070241 -0.271863520 0.016579263 0.962193012 6.106964111
0.948751330 -0.006798161 0.315950483 1.286978245 0.012966857 0.999764025 -0.017426036 -0.186828434 -0.315757483 0.020629860 0.948615611 7.091747284
0.933568954 -0.008390136 0.358299613 1.660728931 0.016416745 0.999677777 -0.019365724 -0.217255309 -0.358021647 0.023961356 0.933405757 8.047923088
0.916287959 -0.008451456 0.400430948 2.074200630 0.018015878 0.999635041 -0.020126710 -0.250280648 -0.400114775 0.025655976 0.916105807 8.984308243
0.896719038 -0.008848580 0.442512035 2.519160748 0.019036526 0.999645948 -0.018586986 -0.286371708 -0.442190915 0.025091194 0.896569908 9.892712593
0.874900401 -0.008721698 0.484224379 3.017605782 0.019724142 0.999649882 -0.017632347 -0.326540053 -0.483901083 0.024977459 0.874766111 10.787175179
0.850869954 -0.008760842 0.525303364 3.553114414 0.020459495 0.999655008 -0.016467720 -0.359867603 -0.524977922 0.024759332 0.850755692 11.663227081
0.825480521 -0.009476717 0.564351082 4.149459839 0.022782398 0.999603629 -0.016538398 -0.398341835 -0.563970685 0.026509400 0.825369239 12.512570381
0.798127413 -0.010925811 0.602389634 4.765109062 0.025856411 0.999535501 -0.016129043 -0.430412501 -0.601933718 0.028448666 0.798039138 13.327297211
0.769269109 -0.009751943 0.638850629 5.419846058 0.026475696 0.999511182 -0.016623221 -0.459573090 -0.638376176 0.029701743 0.769151211 14.130363464
0.738616228 -0.013194512 0.673996985 6.111748219 0.031465992 0.999393582 -0.014918152 -0.505183220 -0.673391402 0.032226771 0.738583446 14.878031731
0.706668854 -0.012534589 0.707433343 6.828582764 0.031908743 0.999390423 -0.014166665 -0.537946939 -0.706824481 0.032584444 0.706638157 15.582416534
0.672430813 -0.011005940 0.740078151 7.594691753 0.032929149 0.999344230 -0.015057666 -0.568540812 -0.739427090 0.034495384 0.672352314 16.291332245
0.636930823 -0.012234950 0.770823717 8.374225616 0.037475169 0.999183357 -0.015106093 -0.593444347 -0.770009458 0.038508292 0.636869311 16.926959991
0.600327551 -0.010647872 0.799683332 9.202802658 0.037864089 0.999168456 -0.015120780 -0.627662539 -0.798857391 0.039356697 0.600231588 17.547172546
0.562479019 -0.009478912 0.826757252 10.024244308 0.040859498 0.999031186 -0.016344449 -0.658495784 -0.825801253 0.042974293 0.562321544 18.104408264
0.523561418 -0.007552577 0.851954460 10.903858185 0.045104098 0.998804152 -0.018863942 -0.687800705 -0.850793183 0.048303068 0.523275971 18.648715973
0.484756738 -0.006158027 0.874627292 11.772733688 0.046391398 0.998748600 -0.018680211 -0.709634066 -0.873417795 0.049630541 0.484435916 19.129146576
0.445996583 -0.008162191 0.894997418 12.683576584 0.051438760 0.998539329 -0.016526569 -0.743170142 -0.893555284 0.053408347 0.445765018 19.581230164
0.409094602 -0.008769656 0.912449837 13.609530449 0.055608146 0.998335004 -0.015336667 -0.765725851 -0.910795987 0.057013799 0.408901066 19.980890274
0.373931944 -0.006386865 0.927434087 14.546625137 0.057255812 0.998227954 -0.016210560 -0.793715775 -0.925687134 0.059162650 0.373634905 20.348854065
0.340352058 -0.007209863 0.940270424 15.510811806 0.057488110 0.998259544 -0.013154590 -0.819555044 -0.938539207 0.058531549 0.340174139 20.698755264
0.306962401 -0.008651169 0.951682270 16.513427734 0.060009025 0.998144865 -0.010282208 -0.838984191 -0.949827850 0.060265772 0.306912124 21.013914108
0.274519175 -0.008562395 0.961543620 17.501819611 0.060652137 0.998123348 -0.008427956 -0.859955072 -0.959666908 0.060633309 0.274523377 21.286991119
0.242293477 -0.005913343 0.970184982 18.502634048 0.058072060 0.998276889 -0.008418319 -0.885488451 -0.968463480 0.058380339 0.242219359 21.538696289
0.211411402 -0.004157217 0.977388322 19.538078308 0.057980429 0.998283267 -0.008295213 -0.897247434 -0.975675941 0.058423098 0.211289480 21.762504578
0.180733740 -0.004156829 0.983523369 20.569900513 0.059774324 0.998188972 -0.006765408 -0.920384049 -0.981714010 0.060012177 0.180654883 21.954837799
0.150292173 -0.004320887 0.988632202 21.646738052 0.061547522 0.998091638 -0.004994243 -0.932630897 -0.986723959 0.061598457 0.150271311 22.107467651
0.120011859 -0.004987023 0.992759943 22.733697891 0.059988715 0.998196483 -0.002237528 -0.945949674 -0.990958333 0.059822921 0.120094597 22.235855103
0.091072537 -0.005347363 0.995829880 23.818305969 0.060875550 0.998145342 -0.000207511 -0.957699358 -0.993981898 0.060640600 0.091229133 22.326835632
0.063941412 -0.005029563 0.997940898 24.939605713 0.063565269 0.997977197 0.000956906 -0.962130845 -0.995927155 0.063373201 0.064131789 22.391584396
0.038928140 -0.004524814 0.999231756 26.066112518 0.067657113 0.997706771 0.001882120 -0.968773782 -0.996948898 0.067531861 0.039144993 22.425846100
0.016354598 -0.003889828 0.999858618 27.249727249 0.072071292 0.997395813 0.002701383 -0.968744457 -0.997265399 0.072016925 0.016592350 22.432083130
-0.003826363 -0.004134174 0.999984145 28.407505035 0.077618130 0.996973395 0.004418727 -0.970436513 -0.996975839 0.077633820 -0.003493896 22.422754288
-0.021107968 -0.004520727 0.999767005 29.598030090 0.082315996 0.996586680 0.006244276 -0.967371881 -0.996382713 0.082428642 -0.020663792 22.382566452
-0.036603712 -0.004278377 0.999320686 30.816905975 0.085365266 0.996322274 0.007392348 -0.962255061 -0.995677114 0.085577860 -0.036103863 22.323181152
-0.051222645 -0.005119178 0.998674154 32.021396637 0.087489687 0.996119201 0.009593484 -0.963269532 -0.994847596 0.087865092 -0.050575987 22.270946503
-0.064282067 -0.005911054 0.997914255 33.238418579 0.087781757 0.996072650 0.011554732 -0.956660151 -0.994063497 0.088341422 -0.063510731 22.181922913
-0.076428160 -0.005850272 0.997057915 34.447551727 0.087380633 0.996096015 0.012542675 -0.954263806 -0.993238807 0.088082165 -0.075618573 22.094127655
-0.087658480 -0.003040838 0.996145964 35.673667908 0.087295286 0.996124744 0.010722553 -0.949820817 -0.992318273 0.087898768 -0.087053344 21.992187500
-0.097813934 0.000504468 0.995204508 36.901161194 0.087742530 0.996110022 0.008118870 -0.939751685 -0.991329253 0.088115901 -0.097477719 21.874275208
-0.106931806 0.003143459 0.994261384 38.171722412 0.089260586 0.995987415 0.006450971 -0.935894012 -0.990251541 0.089438170 -0.106783338 21.738033295
-0.114168935 0.004283065 0.993452132 39.456546783 0.089074001 0.996007204 0.005942431 -0.927804530 -0.989460111 0.089169189 -0.114094615 21.592266083
-0.119869113 0.005077565 0.992776692 40.770011902 0.088742010 0.996038795 0.005620573 -0.920559227 -0.988815725 0.088774741 -0.119844861 21.434240341
-0.125076562 0.006691098 0.992124557 42.094032288 0.090157308 0.995916665 0.004649409 -0.916680694 -0.988042235 0.090028808 -0.125169098 21.272146225
-0.129515469 0.008028042 0.991544902 43.435943604 0.088966943 0.996028185 0.003556507 -0.915996194 -0.987578154 0.088675328 -0.129715294 21.098546982
-0.133821651 0.008985110 0.990964711 44.811019897 0.089571089 0.995975792 0.003065298 -0.909744322 -0.986949205 0.089171991 -0.134087935 20.924394608
-0.137046188 0.008248208 0.990530312 46.198558807 0.089008778 0.996022701 0.004020990 -0.906274557 -0.986557543 0.088716954 -0.137235284 20.746170044
-0.139471233 0.005932920 0.990208387 47.624248505 0.089866996 0.995931208 0.006690590 -0.911333442 -0.986139774 0.089920186 -0.139436945 20.542732239
-0.141828716 0.004464894 0.989881277 49.050151825 0.089664765 0.995936871 0.008354829 -0.912744999 -0.985821843 0.089942418 -0.141652837 20.342628479
-0.144055918 0.005464217 0.989554524 50.476730347 0.092503600 0.995680451 0.007968309 -0.906637609 -0.985236466 0.092685238 -0.143939123 20.151710510
-0.144815415 0.005405170 0.989443839 51.950675964 0.091901228 0.995735884 0.008011156 -0.888691783 -0.985181451 0.092091225 -0.144694641 19.913835526
-0.145532399 0.006882895 0.989329517 53.416584015 0.093753859 0.995571733 0.006865060 -0.876221478 -0.984901249 0.093752548 -0.145533234 19.701818466
-0.145525306 0.006869296 0.989330709 54.906677246 0.093416803 0.995603800 0.006828265 -0.872377515 -0.984934330 0.093413800 -0.145527199 19.481954575
-0.144980505 0.008496070 0.989398062 56.426902771 0.093002111 0.995652974 0.005078193 -0.862029135 -0.985053957 0.092752345 -0.145140395 19.262357712
-0.143678710 0.008369569 0.989589036 57.969100952 0.093490042 0.995606840 0.005153377 -0.855618119 -0.985198498 0.093257137 -0.143829986 19.035717010
-0.141996339 0.007213974 0.989840925 59.520999908 0.092756808 0.995670438 0.006049844 -0.855977654 -0.985511661 0.092673533 -0.142050698 18.811084747
-0.140572011 0.008020869 0.990038097 61.106533051 0.093715720 0.995585322 0.005240556 -0.850335956 -0.985625088 0.093518816 -0.140703112 18.581867218
-0.139599860 0.008715561 0.990169644 62.698036194 0.093441524 0.995615005 0.004410435 -0.845040917 -0.985789299 0.093138643 -0.139802113 18.365516663
-0.138366401 0.009292131 0.990337551 64.300476074 0.094617456 0.995506167 0.003878983 -0.845487058 -0.985851049 0.094239935 -0.138623819 18.138414383
-0.137105018 0.009348609 0.990512550 65.922760010 0.094357312 0.995531678 0.003664795 -0.838240623 -0.986052096 0.093964554 -0.137374490 17.905643463
-0.135783628 0.007761116 0.990708172 67.571914673 0.096252590 0.995342255 0.005394686 -0.833966851 -0.986051798 0.096090734 -0.135898218 17.673559189
-0.135034636 0.006423712 0.990820050 69.274581909 0.098786585 0.995084047 0.007011844 -0.827046156 -0.985904098 0.098826587 -0.135005340 17.426704407
-0.133830860 0.007322999 0.990977108 70.961456299 0.100216687 0.994946480 0.006181872 -0.826870918 -0.985923827 0.100139774 -0.133888394 17.189882278
-0.132764593 0.009561797 0.991101503 72.642745972 0.102296196 0.994745433 0.004106300 -0.815526962 -0.985854447 0.101931088 -0.133045137 16.958595276
-0.132050186 0.008867924 0.991203368 74.346458435 0.101104379 0.994865358 0.004568648 -0.819523931 -0.986073375 0.100818299 -0.132268712 16.735826492
-0.131289929 0.009077615 0.991302371 76.086669922 0.102775991 0.994694352 0.004503171 -0.821164846 -0.986001968 0.102473341 -0.131526306 16.489025116
-0.130910963 0.008220159 0.991360068 77.820068359 0.102826431 0.994685173 0.005330699 -0.816166401 -0.986047208 0.102635890 -0.131060436 16.257461548
-0.130927414 0.008598871 0.991354644 79.546279907 0.104298502 0.994532704 0.005148183 -0.814826131 -0.985890388 0.104070842 -0.131108448 16.038261414
-0.130796075 0.008395511 0.991373658 81.325294495 0.105254069 0.994430363 0.005465211 -0.808797896 -0.985806167 0.105060957 -0.130951211 15.798931122
-0.130859852 0.009550504 0.991354823 83.092071533 0.105768882 0.994381070 0.004381943 -0.807280540 -0.985742688 0.105427913 -0.131134719 15.566707611
-0.131407425 0.010564845 0.991272151 84.899940491 0.105425291 0.994421482 0.003377236 -0.804763675 -0.985706627 0.104948960 -0.131788164 15.325609207
-0.132487446 0.011330156 0.991119921 86.695396423 0.104804449 0.994489312 0.002641006 -0.812302530 -0.985628307 0.104223698 -0.132944763 15.090926170
-0.134204969 0.011795555 0.990883410 88.499000549 0.104026966 0.994571924 0.002249919 -0.819713593 -0.985478282 0.103380539 -0.134703547 14.866292000
-0.135174558 0.010965774 0.990761101 90.319152832 0.102933288 0.994683623 0.003034521 -0.825321794 -0.985460579 0.102392487 -0.135584667 14.626194000
-0.136350557 0.010640659 0.990603507 92.155006409 0.102965899 0.994678736 0.003488190 -0.830576897 -0.985295177 0.102473989 -0.136720598 14.383124352
-0.136665851 0.009551289 0.990571141 93.997917175 0.100635685 0.994914114 0.004291208 -0.835182667 -0.985492229 0.100273252 -0.136931986 14.128977776
-0.138623387 0.010473907 0.990289807 95.830566406 0.100445211 0.994936228 0.003537536 -0.840669751 -0.985238194 0.099960260 -0.138973475 13.886889458
-0.140794903 0.011178170 0.989975691 97.710647583 0.099674329 0.995015740 0.002940660 -0.843352556 -0.985008538 0.099089205 -0.141207337 13.610327721
-0.144855320 0.011930180 0.989380896 99.587318420 0.100018054 0.994982123 0.002645931 -0.847384214 -0.984384716 0.099339232 -0.145321712 13.335289955
-0.149399132 0.010927099 0.988716543 101.468635559 0.098001130 0.995178998 0.003809856 -0.853099465 -0.983908355 0.097464532 -0.149749771 13.058888435
-0.154217288 0.010155216 0.987984776 103.370185852 0.096632935 0.995308280 0.004853216 -0.859364152 -0.983300090 0.096220315 -0.154475078 12.773386002
-0.158789799 0.010656868 0.987254918 105.274879456 0.095070504 0.995460093 0.004545671 -0.866707802 -0.982724488 0.094580613 -0.159082070 12.472156525
-0.163105920 0.012659224 0.986527324 107.195838928 0.095783889 0.995397389 0.003063232 -0.866884708 -0.981947958 0.094993062 -0.163567752 12.144762039
-0.167776808 0.014343774 0.985720634 109.126014709 0.095498011 0.995427966 0.001769424 -0.878444791 -0.981188595 0.094431236 -0.168379545 11.823270798
-0.172424406 0.014349160 0.984918237 111.049835205 0.094387136 0.995533526 0.002020047 -0.891370773 -0.980490148 0.093311928 -0.173008680 11.491575241
-0.177323788 0.014163171 0.984050632 112.997505188 0.092545010 0.995705724 0.002345494 -0.897570729 -0.979791641 0.091484889 -0.177873075 11.146732330
-0.181894526 0.013896048 0.983219862 114.963249207 0.091009021 0.995846212 0.002762062 -0.900342226 -0.979097366 0.089984268 -0.182403639 10.780231476
-0.187585190 0.012906407 0.982163429 116.899879456 0.089844272 0.995947480 0.004071982 -0.909974813 -0.978130758 0.089005612 -0.187984571 10.421255112
-0.192552850 0.012860598 0.981202304 118.876502991 0.090828761 0.995855093 0.004771742 -0.915904403 -0.977073908 0.090040214 -0.192922845 10.028831482
-0.197813988 0.014155195 0.980137289 120.832969666 0.090931498 0.995849371 0.003969933 -0.920761228 -0.976012766 0.089910679 -0.198280036 9.639810562
-0.203316331 0.015138797 0.978996038 122.791809082 0.090840824 0.995859385 0.003466113 -0.928845763 -0.974889874 0.089637525 -0.203849703 9.242265701
-0.209418163 0.015429394 0.977704406 124.800437927 0.091068596 0.995837331 0.003790774 -0.922178209 -0.973576069 0.089832045 -0.209951594 8.826971054
-0.214797080 0.015203606 0.976540327 126.787612915 0.089857802 0.995945513 0.004259144 -0.926333368 -0.972516179 0.088664614 -0.215292335 8.395576477
-0.219973922 0.015987905 0.975374699 128.774429321 0.089044027 0.996020615 0.003755566 -0.927625537 -0.971433282 0.087677419 -0.220522210 7.950986862
-0.225451276 0.016554147 0.974113703 130.780151367 0.088196173 0.996097028 0.003484603 -0.933287621 -0.970254183 0.086698718 -0.226031378 7.510498047
-0.230008826 0.015938926 0.973058105 132.774658203 0.089306884 0.995992720 0.004795519 -0.936762631 -0.969082117 0.088003792 -0.230510563 7.047159195
-0.233673662 0.016124973 0.972181380 134.780487061 0.091855690 0.995756805 0.005562439 -0.932362258 -0.967966497 0.090600170 -0.234163284 6.559848785
-0.237223998 0.016801428 0.971309781 136.784957886 0.093071572 0.995644212 0.005508622 -0.937185884 -0.966986299 0.091708094 -0.237754494 6.072189331
-0.240223840 0.017514830 0.970559597 138.789611816 0.093593813 0.995596886 0.005198816 -0.940083623 -0.966194928 0.092087269 -0.240805402 5.578468323
-0.244075418 0.017641973 0.969595790 140.827255249 0.092945628 0.995657206 0.005280951 -0.942083180 -0.965291858 0.091408648 -0.244655177 5.080825806
-0.247107267 0.018122792 0.968818665 142.832702637 0.091626197 0.995782197 0.004743041 -0.949679196 -0.964646339 0.089941211 -0.247725517 4.564811707
-0.252730578 0.018904129 0.967352033 144.875961304 0.090904482 0.995850384 0.004288676 -0.955690145 -0.963256836 0.089020498 -0.253400326 4.049442291
-0.256125331 0.017976634 0.966476440 146.893707275 0.089177974 0.996002495 0.005107170 -0.966835201 -0.962521195 0.087496489 -0.256704628 3.516468048
-0.260684818 0.018589281 0.965244889 148.923248291 0.089620009 0.995963275 0.005022910 -0.969806910 -0.961255252 0.087814689 -0.261298478 2.974468231
-0.265695959 0.018692579 0.963875651 150.976364136 0.088911109 0.996025980 0.005192612 -0.980266333 -0.959948123 0.087078899 -0.266302139 2.425411224
-0.270825088 0.019095711 0.962439179 153.032913208 0.088408910 0.996071279 0.005114774 -0.979696095 -0.958560228 0.086473413 -0.271449208 1.866931915
-0.275227696 0.018356988 0.961203754 155.068618774 0.088341318 0.996070504 0.006272476 -0.992658377 -0.957311571 0.086640373 -0.275767863 1.291900635
-0.280113488 0.018272983 0.959792972 157.130676270 0.088828847 0.996022582 0.006961767 -0.994798541 -0.955848217 0.087207384 -0.280622542 0.711627960
-0.284368724 0.018776232 0.958531082 159.207885742 0.089537635 0.995958447 0.007053880 -1.000322938 -0.954524696 0.087830521 -0.284900665 0.108112335
-0.288554281 0.020078719 0.957252979 161.276596069 0.089768931 0.995943427 0.006169674 -0.999183953 -0.953245997 0.087711871 -0.289186209 -0.500991821
-0.292212486 0.021504913 0.956111610 163.341156006 0.089839399 0.995943427 0.005056441 -1.008698702 -0.952124238 0.087374054 -0.292959124 -1.125526428
-0.295648247 0.022910804 0.955022097 165.426910400 0.090725064 0.995867133 0.004195282 -1.012437701 -0.950978994 0.087884784 -0.296504885 -1.760768890
-0.298900396 0.023497833 0.953994930 167.514160156 0.090032138 0.995932043 0.003677592 -1.019762516 -0.950027764 0.086989455 -0.299800009 -2.408317566
-0.302638620 0.023688134 0.952810943 169.611343384 0.090623461 0.995877028 0.004025660 -1.028947830 -0.948787272 0.087565340 -0.303537637 -3.065387726
-0.306702465 0.023742806 0.951509178 171.706283569 0.090292051 0.995906234 0.004253441 -1.035012484 -0.947513044 0.087218277 -0.307590634 -3.726421356
-0.311008096 0.024969159 0.950079203 173.825668335 0.092606016 0.995694220 0.004146575 -1.038287163 -0.945884824 0.089272648 -0.311981320 -4.411445618
-0.313748568 0.025236318 0.949170649 175.925048828 0.094656646 0.995498300 0.004820702 -1.046193600 -0.944776118 0.091357805 -0.314724892 -5.112194061
-0.316220313 0.024848057 0.948360324 177.996276855 0.095717400 0.995391428 0.005835596 -1.052571058 -0.943844736 0.092619918 -0.317141384 -5.804050446
-0.319085628 0.024371320 0.947412491 180.092132568 0.095174029 0.995439768 0.006447550 -1.053015590 -0.942934930 0.092226401 -0.319950044 -6.506153107
-0.322036892 0.025040464 0.946395874 182.208358765 0.094512507 0.995506644 0.005820571 -1.057475328 -0.941997647 0.091320686 -0.322956532 -7.219722748
-0.324610710 0.027200371 0.945456445 184.311462402 0.094120786 0.995554149 0.003673557 -1.061092854 -0.941153109 0.090179592 -0.325727642 -7.941364288
-0.327997029 0.029097989 0.944230497 186.435104370 0.093530335 0.995614707 0.001808121 -1.067321062 -0.940037251 0.088907242 -0.329280317 -8.670150757
-0.330935985 0.030038575 0.943175018 188.548568726 0.092860393 0.995678782 0.000871602 -1.084315777 -0.939073145 0.087872028 -0.332295328 -9.410106659
-0.334750116 0.031159760 0.941791594 190.712783813 0.091332823 0.995820284 -0.000484028 -1.095554590 -0.937870264 0.085854456 -0.336196870 -10.161586761
-0.337674081 0.031829052 0.940724730 192.836456299 0.092583641 0.995704949 -0.000456282 -1.111198545 -0.936698616 0.086941645 -0.339170635 -10.940082550
-0.341632068 0.030572290 0.939336419 195.008789062 0.091775469 0.995779276 0.000968971 -1.129569530 -0.935342073 0.086539052 -0.342995912 -11.711883545
-0.345221817 0.029973617 0.938042283 197.168731689 0.091657616 0.995788753 0.001913368 -1.143465281 -0.934034705 0.086639263 -0.346515268 -12.505161285
-0.349601537 0.029919056 0.936420619 199.335922241 0.091508299 0.995801568 0.002347226 -1.152329803 -0.932418883 0.086510859 -0.350871503 -13.301818848
-0.353517860 0.030185347 0.934940636 201.504272461 0.090690099 0.995876849 0.002138835 -1.162557125 -0.931021094 0.085545979 -0.354797721 -14.104129791
-0.357605785 0.030839555 0.933363199 203.670669556 0.089831509 0.995955765 0.001510054 -1.179593801 -0.929542005 0.084385425 -0.358929962 -14.926441193
-0.361255467 0.031010797 0.931951106 205.850769043 0.089424692 0.995992362 0.001522226 -1.197807431 -0.928169012 0.083889343 -0.362580836 -15.754680634
-0.364036590 0.031862706 0.930839479 207.961944580 0.091154173 0.995835483 0.001561436 -1.220095515 -0.926913261 0.085418329 -0.365425080 -16.580513000
-0.366610438 0.031646807 0.929836154 210.110595703 0.092031404 0.995753229 0.002395321 -1.238246918 -0.925811529 0.086452261 -0.367966026 -17.426155090
-0.369167358 0.031400025 0.928832471 212.291809082 0.093595900 0.995603979 0.003542687 -1.249612212 -0.924637914 0.088242739 -0.370483428 -18.297912598
-0.371822208 0.032176152 0.927746177 214.471527100 0.094746962 0.995495439 0.003446850 -1.263533235 -0.923456073 0.089182720 -0.373195857 -19.171020508
-0.374854773 0.033448257 0.926479995 216.661102295 0.095124751 0.995462120 0.002548884 -1.276707768 -0.922190428 0.089086644 -0.376335412 -20.050109863
-0.377333403 0.033337995 0.925477207 218.839324951 0.094426431 0.995528340 0.002637903 -1.295215607 -0.921250880 0.088384859 -0.378794074 -20.934066772
-0.380331844 0.034806203 0.924194932 221.012786865 0.094378643 0.995535493 0.001346471 -1.314159632 -0.920021951 0.087736368 -0.381918788 -21.821781158
-0.383260220 0.035719577 0.922949433 223.202133179 0.093894742 0.995582044 0.000459781 -1.330994606 -0.918855488 0.086836331 -0.384920925 -22.723545074
-0.385627627 0.035528984 0.921970189 225.371902466 0.091624036 0.995793819 -0.000050737 -1.352895498 -0.918093860 0.084455058 -0.387260884 -23.622745514
-0.388616234 0.036787651 0.920664966 227.539688110 0.092829108 0.995681882 -0.000601631 -1.372689128 -0.916711628 0.085230708 -0.390353054 -24.530582428
-0.391006559 0.036330990 0.919670582 229.687469482 0.094214067 0.995551705 0.000727370 -1.399917483 -0.915553153 0.086930327 -0.392690063 -25.443828583
-0.393885374 0.035332512 0.918480217 231.860488892 0.094497018 0.995522678 0.002228342 -1.421748161 -0.914289057 0.087671377 -0.395460665 -26.370582581
-0.397289991 0.035040498 0.917024016 234.000686646 0.093601480 0.995606720 0.002508541 -1.436148882 -0.912907124 0.086831421 -0.398824513 -27.287963867
-0.400347173 0.035343502 0.915681720 236.140930176 0.092346050 0.995725095 0.001941780 -1.456678987 -0.911698520 0.085336968 -0.401899517 -28.217811584
-0.404082447 0.034680430 0.914064825 238.325759888 0.090426311 0.995900750 0.002189575 -1.471669436 -0.910242140 0.083540276 -0.405562013 -29.167301178
-0.407809287 0.034130562 0.912428975 240.485137939 0.089775331 0.995957911 0.002869925 -1.491771579 -0.908642828 0.083083987 -0.409225017 -30.114700317
-0.411574930 0.034336619 0.910728872 242.640518188 0.089440957 0.995988011 0.002868895 -1.511858225 -0.906976521 0.082637213 -0.412994772 -31.081550598
-0.415302426 0.033904009 0.909051418 244.793212891 0.088814639 0.996042192 0.003426767 -1.530332804 -0.905337453 0.082160227 -0.416669875 -32.052719116
-0.419453830 0.033323143 0.907164872 246.959747314 0.087543510 0.996153116 0.003886278 -1.546909094 -0.903545618 0.081046492 -0.420757383 -33.030242920
-0.423106104 0.033352889 0.905466080 249.076171875 0.086794399 0.996218681 0.003861505 -1.560479403 -0.901913524 0.080223203 -0.424401075 -34.009536743
-0.426691800 0.034278788 0.903747261 251.227951050 0.087411240 0.996166348 0.003485821 -1.581012487 -0.900162995 0.080485046 -0.428052306 -35.013870239
-0.430275083 0.034720048 0.902029872 253.350784302 0.087738603 0.996137261 0.003509634 -1.601398110 -0.898423791 0.080652937 -0.431659371 -36.018119812
-0.434145689 0.034674820 0.900175095 255.499206543 0.087527685 0.996154666 0.003841791 -1.616572618 -0.896580398 0.080458142 -0.435511261 -37.038261414
-0.437899858 0.035100348 0.898338318 257.621887207 0.086590424 0.996238589 0.003283415 -1.633962154 -0.894844174 0.079225309 -0.439292103 -38.058067322
-0.441673189 0.035447754 0.896475375 259.747100830 0.086805224 0.996219575 0.003375200 -1.648274899 -0.892966747 0.079309471 -0.443080485 -39.103073120
-0.444953144 0.036043756 0.894828200 261.879364014 0.087240852 0.996181846 0.003254198 -1.649376035 -0.891294420 0.079513535 -0.446398854 -40.156669617
-0.448120981 0.037332084 0.893193126 263.995452881 0.088776276 0.996047258 0.002908651 -1.662127256 -0.889554024 0.080597773 -0.449663848 -41.214775085
-0.451382011 0.039567336 0.891453147 266.121520996 0.091204792 0.995830178 0.001980885 -1.675780535 -0.887657583 0.082198933 -0.453108579 -42.292259216
-0.454398066 0.040323146 0.889885664 268.259185791 0.092699587 0.995691657 0.002217253 -1.693342686 -0.885962307 0.083499566 -0.456178308 -43.381362915
-0.457065970 0.042420533 0.888420761 270.386596680 0.094492272 0.995525002 0.001078874 -1.701299429 -0.884399176 0.084441982 -0.459029078 -44.482482910
-0.459733516 0.044645943 0.886933923 272.514038086 0.096279494 0.995354235 -0.000198010 -1.726638913 -0.882822394 0.085302532 -0.461896241 -45.566673279
-0.462896407 0.045364700 0.885250807 274.660522461 0.096978344 0.995286584 -0.000293649 -1.739142776 -0.881091356 0.085714228 -0.465113908 -46.664428711
-0.466087312 0.046348825 0.883523881 276.825927734 0.097460113 0.995239139 -0.000795959 -1.759879708 -0.879354417 0.085737340 -0.468385488 -47.785110474
-0.469552785 0.046313282 0.881688833 278.986938477 0.096401267 0.995342016 -0.000943722 -1.770900369 -0.877625763 0.084552802 -0.471830368 -48.925987244
-0.472920001 0.047791678 0.879808307 281.155487061 0.097707719 0.995213985 -0.001540133 -1.789770365 -0.875671089 0.085235685 -0.475326180 -50.076210022
-0.475752771 0.047835946 0.878277302 283.305938721 0.096866518 0.995295882 -0.001737960 -1.805883527 -0.874228895 0.084248826 -0.478148401 -51.241569519
-0.478746831 0.047611922 0.876661003 285.480926514 0.095170014 0.995458841 -0.002091301 -1.821753502 -0.872779548 0.082430631 -0.481104076 -52.409523010
-0.481168330 0.048537437 0.875283480 287.647949219 0.096905395 0.995291770 -0.001920638 -1.835130930 -0.871255636 0.083895542 -0.483606398 -53.596511841
-0.483516872 0.048521772 0.873989165 289.836456299 0.098543338 0.995132506 -0.000730244 -1.856414914 -0.869770408 0.085772716 -0.485944867 -54.782943726
-0.485701114 0.048658397 0.872769594 292.028472900 0.099631995 0.995024204 -0.000028543 -1.872399569 -0.868428409 0.086941920 -0.488132417 -55.998764038
-0.487008631 0.048436437 0.872053027 294.184020996 0.099552922 0.995032132 0.000329473 -1.884028673 -0.867704928 0.086975873 -0.489411324 -57.205467224
-0.489584893 0.047434438 0.870664418 296.397796631 0.098690130 0.995117307 0.001279899 -1.890500784 -0.866352558 0.086552605 -0.491875768 -58.431625366
-0.492599517 0.048111718 0.868925154 298.628479004 0.100271285 0.994958520 0.001754381 -1.891012192 -0.864460111 0.087992437 -0.494940460 -59.684051514
-0.495106548 0.047939882 0.867508650 300.827117920 0.100367770 0.994947672 0.002299769 -1.895597219 -0.863015532 0.088208549 -0.497416764 -60.923904419
-0.497395098 0.048650868 0.866158843 303.045349121 0.099858403 0.995000601 0.001456366 -1.909754276 -0.861757755 0.087217629 -0.499766678 -62.184570312
-0.500007093 0.051366217 0.864496648 305.239440918 0.099581085 0.995028198 -0.001526432 -1.917307973 -0.860276997 0.085324295 -0.502636313 -63.433357239
-0.503669024 0.050148286 0.862439930 307.465789795 0.097772881 0.995208383 -0.000768560 -1.937193036 -0.858346045 0.083936132 -0.506158829 -64.721359253
-0.507962942 0.048299499 0.860023737 309.657623291 0.095326513 0.995445967 0.000398589 -1.949285388 -0.856087923 0.082185529 -0.510253906 -65.993202209
-0.513124824 0.045659684 0.857098639 311.872161865 0.092728943 0.995688319 0.002471953 -1.964725256 -0.853290260 0.080746271 -0.515146375 -67.282531738
-0.517273366 0.044324007 0.854671657 314.086547852 0.091736689 0.995775759 0.003880062 -1.972288847 -0.850889325 0.080411799 -0.519154429 -68.617950439
-0.521967947 0.044991020 0.851777732 316.350830078 0.092270933 0.995726049 0.003949082 -1.968944550 -0.847959638 0.080655627 -0.523888469 -69.985488892
-0.526295006 0.046735533 0.849016845 318.617004395 0.095239304 0.995445371 0.004241736 -1.979412794 -0.844951510 0.083092161 -0.528349042 -71.373710632
-0.529833972 0.047712486 0.846758246 320.865966797 0.095737189 0.995399356 0.003816717 -1.971732736 -0.842680454 0.083088480 -0.531964242 -72.791610718
-0.534918845 0.047586612 0.843562424 323.124938965 0.096635208 0.995306611 0.005131469 -1.989065051 -0.839358985 0.084262736 -0.537006855 -74.191406250
-0.538418531 0.046040446 0.841418803 325.336639404 0.096784070 0.995277345 0.007472279 -1.996217489 -0.837101161 0.085459165 -0.540331662 -75.605911255
-0.541954458 0.044420753 0.839233041 327.550201416 0.094829090 0.995456815 0.008548399 -1.987970352 -0.835040569 0.084216543 -0.543704689 -77.041465759
-0.545870483 0.044146642 0.836705744 329.758758545 0.094145440 0.995518684 0.008894893 -1.993238211 -0.832563579 0.083627485 -0.547580481 -78.463218689
-0.550105035 0.044097494 0.833930373 331.976440430 0.094390415 0.995488763 0.009624400 -1.994432211 -0.829743862 0.084009461 -0.551785767 -79.908584595
-0.553818583 0.044334821 0.831456184 334.187286377 0.095590509 0.995364308 0.010596463 -1.993489981 -0.827132046 0.085347831 -0.555489242 -81.368812561
-0.558374286 0.043629650 0.828441083 336.398376465 0.095866270 0.995319486 0.012196174 -1.990686178 -0.824031413 0.086229585 -0.559943438 -82.831993103
-0.561712146 0.042585161 0.826236010 338.607147217 0.094232686 0.995468497 0.012756001 -1.983558655 -0.821948707 0.085023634 -0.563179672 -84.321975708
-0.565053761 0.041646093 0.824002326 340.816986084 0.094077371 0.995463610 0.014200935 -1.974107265 -0.819672823 0.085544273 -0.566408455 -85.826065063
-0.567623794 0.041447096 0.822244048 343.011779785 0.095237091 0.995332778 0.015573461 -1.965586662 -0.817760944 0.087147996 -0.568921924 -87.329338074
-0.570205867 0.040870156 0.820484579 345.219879150 0.092946142 0.995558083 0.015003126 -1.949044228 -0.816226840 0.084815755 -0.571471751 -88.863189697
-0.573414207 0.039863721 0.818295121 347.383483887 0.089239500 0.995911479 0.014017516 -1.939377785 -0.814390838 0.081062101 -0.574627221 -90.354354858
-0.576785505 0.039323755 0.815948606 349.543457031 0.085965253 0.996216476 0.012756354 -1.924087524 -0.812359810 0.077500895 -0.577983677 -91.846740723
-0.579063296 0.036583971 0.814461350 351.722961426 0.083888978 0.996363759 0.014888459 -1.918589592 -0.810955167 0.076945662 -0.580026746 -93.396774292
-0.582269013 0.036241461 0.812187970 353.898010254 0.085078202 0.996236980 0.016539687 -1.904280663 -0.808532178 0.078730062 -0.583161354 -94.934638977
-0.585223496 0.036504012 0.810049951 356.072357178 0.084470168 0.996295452 0.016128801 -1.887279510 -0.806460321 0.077863991 -0.586139023 -96.491180420
-0.587819695 0.035543010 0.808210790 358.260162354 0.082478143 0.996461749 0.016165381 -1.869278908 -0.804776549 0.076162055 -0.588671386 -98.066665649
-0.590851545 0.031378038 0.806169868 360.440216064 0.079948016 0.996602356 0.019804752 -1.854964733 -0.802809179 0.076153345 -0.591352582 -99.638252258
-0.593307018 0.029198969 0.804446518 362.583435059 0.077426642 0.996778429 0.020924782 -1.829966545 -0.801243961 0.074700430 -0.593656421 -101.227928162
-0.596210957 0.028247260 0.802330792 364.773498535 0.075962856 0.996881962 0.021351170 -1.798933029 -0.799225926 0.073677130 -0.596497595 -102.826995850
-0.598998308 0.028129593 0.800256014 366.945495605 0.075075775 0.996953487 0.021151189 -1.771683216 -0.797223032 0.072749376 -0.599285185 -104.416908264
-0.601089776 0.027728461 0.798700333 369.115966797 0.075189553 0.996927023 0.021976223 -1.752941132 -0.795636654 0.073263600 -0.601327538 -106.039459229
-0.604154348 0.026414216 0.796429455 371.268798828 0.074391574 0.996955335 0.023367049 -1.729286194 -0.793387353 0.073364943 -0.604279935 -107.646011353
-0.605991244 0.025081594 0.795075834 373.421569824 0.071228102 0.997198761 0.022830863 -1.706547737 -0.792275965 0.070467047 -0.606080174 -109.259277344
-0.608716190 0.021672867 0.793092072 375.576477051 0.061198551 0.997931182 0.019700749 -1.680341244 -0.791024446 0.060528241 -0.608783126 -110.875625610
-0.611984074 0.024262218 0.790497839 377.730346680 0.053616960 0.998502493 0.010862574 -1.670761824 -0.789050519 0.049031816 -0.612368464 -112.499382019
-0.614384830 0.034547083 0.788249791 379.870239258 0.063867874 0.997940004 0.006043185 -1.671841860 -0.786417305 0.054056682 -0.615325689 -114.156074524
-0.615089238 0.035754427 0.787646413 381.993133545 0.071578465 0.997378409 0.010622088 -1.677969694 -0.785201728 0.062912054 -0.616035938 -115.811210632
-0.617148578 0.026508139 0.786399961 384.132690430 0.070738308 0.997254431 0.021898136 -1.660761833 -0.783660471 0.069142997 -0.617329359 -117.477378845
-0.620360911 0.015762823 0.784158111 386.282897949 0.064492792 0.997437418 0.030971257 -1.615426064 -0.781660438 0.069785886 -0.619787753 -119.139335632
-0.623749733 0.009559757 0.781565785 388.407165527 0.058468942 0.997694194 0.034459393 -1.560089111 -0.779434204 0.067191347 -0.622870564 -120.793769836
-0.626163900 0.009224527 0.779636860 390.503540039 0.057327587 0.997768223 0.034237135 -1.498556137 -0.777581036 0.066132754 -0.625295341 -122.454650879
-0.628403008 0.014213972 0.777757943 392.599304199 0.062582918 0.997515976 0.032334771 -1.451902390 -0.775366426 0.068993643 -0.627731442 -124.126068115
-0.630205870 0.020553816 0.776155949 394.658447266 0.066946566 0.997365177 0.027946007 -1.402152061 -0.773536563 0.069572710 -0.629921257 -125.788520813
-0.632254362 0.023648471 0.774399817 396.777130127 0.068156391 0.997356534 0.025188815 -1.363950729 -0.771757066 0.068706036 -0.632194936 -127.509155273
-0.635286570 0.023852093 0.771908045 398.882873535 0.068026260 0.997366011 0.025167394 -1.320820808 -0.769274533 0.068498529 -0.635235846 -129.217620850
-0.637190342 0.022838160 0.770368040 400.965484619 0.068799429 0.997255802 0.027341282 -1.284052849 -0.767629564 0.070422478 -0.637012959 -130.942138672
-0.639317751 0.022380235 0.768616915 403.035888672 0.069412470 0.997175097 0.028700406 -1.231322289 -0.765803337 0.071700290 -0.639065206 -132.658294678
-0.640942276 0.022590002 0.767256618 405.104492188 0.069894515 0.997131944 0.029029595 -1.187913895 -0.764400244 0.072233327 -0.640682995 -134.369644165
-0.642128229 0.022887008 0.766255558 407.187622070 0.070421070 0.997088909 0.029231731 -1.140331268 -0.763355911 0.072731040 -0.641870677 -136.109313965
-0.643085301 0.023806984 0.765424371 409.252868652 0.071527176 0.997014523 0.029084729 -1.092893600 -0.762446821 0.073452607 -0.642868280 -137.845062256
-0.644487977 0.022835102 0.764273405 411.315734863 0.072360180 0.996889353 0.031233845 -1.043090820 -0.761182845 0.075432807 -0.644135535 -139.569534302
-0.645233095 0.022163900 0.763664305 413.384674072 0.074178331 0.996673703 0.033747993 -0.991437912 -0.760376096 0.078422651 -0.644731045 -141.310256958
-0.646433413 0.021820886 0.762658238 415.445983887 0.075949043 0.996466458 0.035864316 -0.934676170 -0.759180844 0.081107065 -0.645806551 -143.044158936
-0.647836566 0.022373039 0.761450827 417.491760254 0.074684538 0.996618569 0.034258280 -0.863492012 -0.758109450 0.079062358 -0.647316754 -144.754623413
-0.649615228 0.022331551 0.759935141 419.525482178 0.070729591 0.997008741 0.031163543 -0.808891296 -0.756965935 0.073994219 -0.649251461 -146.460357666
-0.650925338 0.021896085 0.758825898 421.550903320 0.067731820 0.997272551 0.029324243 -0.755046844 -0.756114125 0.070484556 -0.650633037 -148.175521851
-0.652246416 0.020829229 0.757720768 423.581787109 0.066687770 0.997323155 0.029989135 -0.707105637 -0.755067766 0.070091024 -0.651889443 -149.891082764
-0.652805984 0.019749006 0.757267535 425.575134277 0.064752817 0.997456193 0.029807519 -0.660439491 -0.754752398 0.068493754 -0.652424097 -151.614746094
-0.653639317 0.018558310 0.756578624 427.607421875 0.061723504 0.997676134 0.028853221 -0.614494324 -0.754284978 0.065558285 -0.653265834 -153.347320557
-0.654428124 0.017535452 0.755920887 429.636138916 0.060305063 0.997756898 0.029062837 -0.568388939 -0.753715575 0.064605400 -0.654017508 -155.082031250
-0.654933929 0.016340606 0.755509555 431.636352539 0.061202798 0.997628868 0.031477991 -0.519404411 -0.753203630 0.066855296 -0.654380977 -156.795715332
-0.654255569 0.015327242 0.756118178 433.641052246 0.063759319 0.997352958 0.034952510 -0.460710526 -0.753581047 0.071077444 -0.653501034 -158.529769897
-0.653494835 0.014253930 0.756796777 435.662902832 0.068520881 0.996831656 0.040392987 -0.392995834 -0.753823161 0.078253001 -0.652401030 -160.260223389
-0.652400017 0.013107111 0.757761478 437.698852539 0.071522593 0.996452868 0.044342086 -0.311635971 -0.754492402 0.083125837 -0.651023269 -161.991302490
-0.650578558 0.010856279 0.759361386 439.712371826 0.065933958 0.996929824 0.042235840 -0.226785660 -0.756571412 0.077545442 -0.649296880 -163.697143555
-0.650008380 0.010281510 0.759857357 441.740295410 0.058843818 0.997587204 0.036838859 -0.151868820 -0.757645369 0.068658471 -0.649045169 -165.400512695
-0.647675157 0.008408142 0.761870086 443.762023926 0.054665953 0.997874856 0.035459477 -0.094573975 -0.759952903 0.064614587 -0.646758497 -167.117080688
-0.645624042 0.007549994 0.763618112 445.809875488 0.051842004 0.998077631 0.033963274 -0.034431458 -0.761893690 0.061514992 -0.644774318 -168.805023193
-0.643071294 0.008663841 0.765757442 447.848205566 0.054151483 0.997947395 0.034184728 0.026987076 -0.763889372 0.063450120 -0.642220318 -170.502044678
-0.640757561 0.008460831 0.767696679 449.885803223 0.054554693 0.997913361 0.034535993 0.087951660 -0.765802562 0.064010672 -0.639882088 -172.171218872
-0.637427568 0.009220701 0.770455122 451.910034180 0.052290905 0.998140752 0.031316705 0.141591072 -0.768733859 0.060249932 -0.636724591 -173.843505859
-0.635887206 0.004252675 0.771770298 453.964935303 0.045186266 0.998474598 0.031728584 0.196335793 -0.770458102 0.055049218 -0.635109365 -175.515686035
-0.635254741 -0.001911359 0.772300303 456.020935059 0.036555689 0.998801589 0.032540765 0.243234634 -0.771437049 0.048903640 -0.634423614 -177.156921387
-0.635049582 -0.005543118 0.772451639 458.086120605 0.029136028 0.999090731 0.031122854 0.293269157 -0.771921694 0.042270724 -0.634310544 -178.804931641
-0.634720922 -0.006077692 0.772717535 460.147644043 0.027297914 0.999168575 0.030281698 0.342279434 -0.772259116 0.040314008 -0.634027302 -180.465164185
-0.633827090 -0.005707538 0.773453712 462.207427979 0.029666757 0.999057710 0.031683542 0.393475533 -0.772905648 0.043027759 -0.633060396 -182.127593994
-0.631990612 -0.006990408 0.774944544 464.272430420 0.030970514 0.998932600 0.034268297 0.446771622 -0.774356961 0.045657676 -0.631099582 -183.789154053
-0.630416393 -0.009140856 0.776203334 466.291717529 0.029422600 0.998930752 0.035660200 0.511798859 -0.775699377 0.045318693 -0.629473388 -185.416442871
-0.629544020 -0.009361046 0.776908398 468.380126953 0.027585790 0.999027669 0.034390684 0.572790146 -0.776474953 0.043082081 -0.628673673 -187.080398560
-0.628832638 -0.008401696 0.777495444 470.448028564 0.026340097 0.999137521 0.032100461 0.633063316 -0.777094424 0.040665124 -0.628069043 -188.714843750
-0.627691209 -0.007131524 0.778429806 472.520721436 0.026785936 0.999168038 0.030752786 0.682332039 -0.778001666 0.040154222 -0.626977861 -190.366333008
-0.626597464 -0.006288478 0.779317617 474.558166504 0.028954051 0.999089181 0.031341892 0.735431671 -0.778805017 0.042203147 -0.625844657 -191.986251831
