1.000000000 -0.000000000 0.000000000 0.000000000 -0.000000000 1.000000000 -0.000000001 -0.000000000 0.000000000 -0.000000001 1.000000000 0.000000477
0.999995708 -0.002528239 -0.001415710 -0.004156334 0.002532395 0.999992490 0.002941258 -0.015476963 0.001408261 -0.002944831 0.999994636 1.521877050
0.999991357 -0.002932281 -0.002934615 -0.008842767 0.002943325 0.999988496 0.003766087 -0.032997370 0.002923538 -0.003774692 0.999988616 3.042868614
0.999989212 -0.001800851 -0.004261052 -0.024489865 0.001815720 0.999992251 0.003488150 -0.047872506 0.004254737 -0.003495849 0.999984801 4.553791046
0.999983191 -0.000903073 -0.005721963 -0.042056620 0.000922793 0.999993622 0.003444715 -0.064871326 0.005718816 -0.003449937 0.999977767 6.060019493
0.999974191 -0.001083742 -0.007092607 -0.058898263 0.001108707 0.999993205 0.003516830 -0.075884223 0.007088747 -0.003524602 0.999968708 7.560064793
0.999958932 -0.001691791 -0.008897174 -0.075065717 0.001728932 0.999989808 0.004168408 -0.094008490 0.008890032 -0.004183620 0.999951780 9.073637962
0.999936998 -0.003641285 -0.010607765 -0.097536564 0.003676377 0.999987841 0.003290473 -0.106733918 0.010595655 -0.003329263 0.999938369 10.569439888
0.999919951 -0.004347958 -0.011883601 -0.115946665 0.004389381 0.999984384 0.003461830 -0.119359389 0.011868363 -0.003513715 0.999923408 12.060502052
0.999905467 -0.004053256 -0.013142848 -0.143743291 0.004098166 0.999985814 0.003391901 -0.136920825 0.013128913 -0.003445442 0.999907851 13.552151680
0.999888301 -0.004086289 -0.014375876 -0.163644642 0.004135808 0.999985635 0.003416643 -0.151221499 0.014361705 -0.003475717 0.999890864 15.032497406
0.999886334 -0.002215572 -0.014914313 -0.197578937 0.002277895 0.999988794 0.004163061 -0.168670475 0.014904920 -0.004196561 0.999880135 16.506082535
0.999878109 -0.000806059 -0.015585952 -0.222418904 0.000877359 0.999989152 0.004568378 -0.180804104 0.015582103 -0.004581496 0.999868095 17.998819351
0.999863982 0.000266649 -0.016487611 -0.253897130 -0.000178892 0.999985814 0.005323850 -0.192297935 0.016488800 -0.005320176 0.999849856 19.468259811
0.999859452 -0.000599475 -0.016750963 -0.277267486 0.000692188 0.999984503 0.005529594 -0.211332634 0.016747385 -0.005540412 0.999844372 20.944618225
0.999848187 0.000747834 -0.017407402 -0.309894502 -0.000653349 0.999985099 0.005432909 -0.219799608 0.017411204 -0.005420711 0.999833643 22.411167145
0.999844253 0.000421837 -0.017641302 -0.325002879 -0.000313694 0.999981284 0.006132401 -0.233091801 0.017643556 -0.006125913 0.999825656 23.884382248
0.999847293 0.001555768 -0.017400751 -0.360201001 -0.001429597 0.999972582 0.007260978 -0.242884904 0.017411569 -0.007234992 0.999822378 25.324993134
0.999845564 0.001893563 -0.017469112 -0.388141632 -0.001787155 0.999979794 0.006104812 -0.257522404 0.017480318 -0.006072650 0.999828756 26.759059906
0.999843776 0.001890404 -0.017576288 -0.421286494 -0.001819849 0.999990344 0.004029352 -0.264859527 0.017583733 -0.003996736 0.999837399 28.186227798
0.999854624 0.000560831 -0.017036349 -0.453376204 -0.000498049 0.999993026 0.003689238 -0.278930157 0.017038293 -0.003680217 0.999848008 29.623416901
0.999856353 0.000056914 -0.016947230 -0.482967854 0.000053256 0.999978900 0.006500273 -0.296574742 0.016947240 -0.006500241 0.999835193 31.032564163
0.999860942 -0.001871822 -0.016570095 -0.514189422 0.002001282 0.999967635 0.007799786 -0.307475746 0.016554957 -0.007831862 0.999832273 32.456001282
0.999860823 -0.002319976 -0.016518474 -0.544911683 0.002437830 0.999971747 0.007118166 -0.317193091 0.016501492 -0.007157447 0.999838173 33.861190796
0.999870420 -0.002681228 -0.015871653 -0.571619391 0.002762869 0.999983013 0.005124127 -0.328438908 0.015857643 -0.005167314 0.999860883 35.252418518
0.999879539 -0.001332113 -0.015463479 -0.601092935 0.001396902 0.999990284 0.004179767 -0.341429979 0.015457758 -0.004200865 0.999871671 36.604671478
0.999892652 -0.001149852 -0.014610059 -0.625477970 0.001201392 0.999993026 0.003519410 -0.360154033 0.014605911 -0.003536584 0.999887109 37.967681885
0.999912798 -0.000664659 -0.013190103 -0.653781712 0.000727792 0.999988258 0.004782164 -0.378007650 0.013186769 -0.004791345 0.999901652 39.303260803
0.999929965 -0.000415631 -0.011821841 -0.676644444 0.000496253 0.999976635 0.006817650 -0.394924164 0.011818729 -0.006823038 0.999906838 40.633628845
0.999947608 -0.001103747 -0.010176356 -0.695254683 0.001182999 0.999969006 0.007785202 -0.408445120 0.010167448 -0.007796832 0.999917924 41.931419373
0.999968350 -0.000397302 -0.007933991 -0.705410480 0.000464261 0.999964237 0.008439370 -0.421524942 0.007930355 -0.008442787 0.999933004 43.232162476
0.999990165 -0.000629832 -0.004382056 -0.725879848 0.000664526 0.999968410 0.007920541 -0.434636682 0.004376931 -0.007923374 0.999959111 44.497585297
0.999998391 -0.001621980 -0.000729761 -0.732136488 0.001626354 0.999980450 0.006033088 -0.445116788 0.000719961 -0.006034267 0.999981523 45.743930817
0.999994814 -0.001562050 0.002827562 -0.739179432 0.001549558 0.999989033 0.004414498 -0.460728496 -0.002834427 -0.004410095 0.999986231 46.961627960
0.999975562 -0.001244939 0.006873992 -0.732572079 0.001209906 0.999986291 0.005098247 -0.476339102 -0.006880244 -0.005089805 0.999963403 48.180465698
0.999926865 -0.000791577 0.012065720 -0.727674723 0.000732394 0.999987721 0.004908610 -0.489477217 -0.012069457 -0.004899414 0.999915183 49.381744385
0.999823689 0.000390937 0.018772613 -0.715918303 -0.000465982 0.999991953 0.003993372 -0.504374027 -0.018770900 -0.004001416 0.999815762 50.606456757
0.999665380 0.001742032 0.025807934 -0.681016564 -0.001845152 0.999990404 0.003972370 -0.516748309 -0.025800768 -0.004018661 0.999658942 51.791179657
0.999403417 0.003099795 0.034396332 -0.650946379 -0.003268295 0.999982893 0.004843627 -0.526728392 -0.034380730 -0.004953154 0.999396503 52.979358673
0.998984635 0.005047228 0.044770315 -0.609949589 -0.005315786 0.999968529 0.005881511 -0.548358321 -0.044739220 -0.006113526 0.998980105 54.133049011
0.998313487 0.007192886 0.057605393 -0.554596663 -0.007532830 0.999955416 0.005686284 -0.558233440 -0.057561930 -0.006110626 0.998323202 55.282974243
0.997315526 0.009310301 0.072629720 -0.486622810 -0.009776346 0.999933839 0.006063896 -0.570077062 -0.072568446 -0.006757670 0.997340560 56.415611267
0.995989501 0.011484809 0.088730104 -0.397080898 -0.012216711 0.999895692 0.007709965 -0.583097100 -0.088632300 -0.008763034 0.996025920 57.540832520
0.994239926 0.011885968 0.106515966 -0.286764145 -0.012846397 0.999882758 0.008335186 -0.591897607 -0.106404409 -0.009655520 0.994276106 58.651988983
0.992054999 0.011418785 0.125285387 -0.152765274 -0.012463808 0.999893844 0.007560463 -0.602957606 -0.125185758 -0.009061928 0.992092013 59.737342834
0.989312887 0.010434235 0.145434096 0.000173569 -0.011495477 0.999913037 0.006458549 -0.608935595 -0.145354107 -0.008061360 0.989346862 60.818367004
0.986057878 0.007828890 0.166218296 0.178618431 -0.008974911 0.999940813 0.006144661 -0.618291914 -0.166160375 -0.007550787 0.986069918 61.877292633
0.982152045 0.002605338 0.188070789 0.378426552 -0.004235582 0.999956787 0.008266883 -0.624842584 -0.188041136 -0.008915924 0.982120752 62.924732208
0.977520764 -0.002743536 0.210821509 0.606828690 0.000681556 0.999951243 0.009852720 -0.634782493 -0.210838258 -0.009487552 0.977474988 63.955566406
0.971949399 -0.008099358 0.235050201 0.853398323 0.006085675 0.999938250 0.009291164 -0.642066061 -0.235110939 -0.007600103 0.971938848 64.974403381
0.965506196 -0.014368011 0.259983361 1.131210327 0.012838724 0.999888837 0.007579511 -0.650735557 -0.260063350 -0.003980211 0.965583444 65.974014282
0.958022058 -0.017903849 0.286134958 1.429580688 0.016185101 0.999833941 0.008370853 -0.656659186 -0.286237359 -0.003388337 0.958152771 66.952415466
0.949226499 -0.020147832 0.313947648 1.732742310 0.017583694 0.999784946 0.010997351 -0.668785572 -0.314101696 -0.004918619 0.949376583 67.911682129
0.939566195 -0.024734398 0.341472656 2.077802658 0.021301651 0.999677896 0.013799408 -0.669754565 -0.341703951 -0.005691527 0.939790368 68.847030640
0.928631663 -0.027299566 0.369997114 2.443214417 0.024049077 0.999620974 0.013396012 -0.674508035 -0.370222718 -0.003541873 0.928936243 69.757263184
0.916484535 -0.026145469 0.399214685 2.829166412 0.024392541 0.999657571 0.009471416 -0.674774706 -0.399325669 0.001057452 0.916808605 70.651504517
0.903515458 -0.027882263 0.427647352 3.250730515 0.028796205 0.999575913 0.004332117 -0.683814168 -0.427586824 0.008400486 0.903935313 71.515083313
0.889278054 -0.029890094 0.456389129 3.694156647 0.032498289 0.999469459 0.002134618 -0.692477226 -0.456210911 0.012933603 0.889777720 72.365844727
0.873692572 -0.030613216 0.485514283 4.161769867 0.032002002 0.999473035 0.005431720 -0.700523913 -0.485424697 0.010791770 0.874211907 73.200737000
0.855940521 -0.029314736 0.516242623 4.655229568 0.027635882 0.999558210 0.010938888 -0.704623461 -0.516335130 0.004903777 0.856372595 74.027832031
0.836293161 -0.029696541 0.547477722 5.172616959 0.025775047 0.999557495 0.014846094 -0.713473082 -0.547676384 0.001695582 0.836688578 74.828491211
0.815262318 -0.023606787 0.578610420 5.710180283 0.021716626 0.999712229 0.010188631 -0.717791319 -0.578684509 0.004259064 0.815540433 75.593612671
0.793295979 -0.016729012 0.608606339 6.275859833 0.018815085 0.999818623 0.002957653 -0.720171511 -0.608545423 0.009104687 0.793466866 76.340332031
0.770853221 -0.014299724 0.636852384 6.867404938 0.017899176 0.999839544 0.000784776 -0.722367346 -0.636761308 0.010794187 0.770985484 77.058197021
0.747581601 -0.016671993 0.663960636 7.499248505 0.018912435 0.999813914 0.003810914 -0.725187540 -0.663900554 0.009708147 0.747757912 77.758834839
0.722956777 -0.017513869 0.690671206 8.117904663 0.019373177 0.999799430 0.005073887 -0.751092553 -0.690621555 0.009712294 0.723151088 78.416206360
0.697560549 -0.015189663 0.716364801 8.769050598 0.019733045 0.999803364 0.001984576 -0.754740119 -0.716254115 0.012751697 0.697723091 79.049652100
0.671349943 -0.013256755 0.741021812 9.443603516 0.019721614 0.999805510 0.000018989 -0.768686414 -0.740877986 0.014601398 0.671480894 79.658798218
0.644270658 -0.010667319 0.764723003 10.135948181 0.017788662 0.999841273 -0.001039708 -0.775379837 -0.764590561 0.014273256 0.644358158 80.246414185
0.616214335 -0.009286616 0.787523687 10.861831665 0.017706735 0.999841034 -0.002064705 -0.790236056 -0.787379384 0.015216775 0.616280913 80.817016602
0.587800145 -0.003160096 0.808999956 11.600494385 0.016474832 0.999831617 -0.008064701 -0.807429552 -0.808838367 0.018068573 0.587753356 81.350189209
0.557589173 0.006544941 0.830091357 12.370433807 0.015020238 0.999725699 -0.017971842 -0.819635212 -0.829981208 0.022489076 0.557337880 81.871528625
0.526965022 0.014695782 0.849759936 13.153156281 0.014139486 0.999560595 -0.026054814 -0.843109250 -0.849769413 0.025745148 0.526525676 82.355087280
0.494912446 0.019861011 0.868715763 13.956787109 0.011020097 0.999514878 -0.029129611 -0.872554600 -0.868872941 0.023989940 0.494453460 82.825782776
0.462235034 0.019480161 0.886543453 14.788604736 0.009064266 0.999602616 -0.026690446 -0.902416766 -0.886711121 0.020373125 0.461874753 83.266754150
0.429183483 0.018307975 0.903031707 15.645339966 0.004392724 0.999740362 -0.022356365 -0.928994119 -0.903206587 0.013561753 0.428991646 83.679290771
0.394687325 0.019417221 0.918610215 16.504117966 0.000215398 0.999774635 -0.021225389 -0.960346699 -0.918815434 0.008575258 0.394594252 84.055252075
0.359387845 0.022403546 0.932919383 17.366281509 -0.007084441 0.999748349 -0.021279279 -0.986498356 -0.933161438 0.001038300 0.359456122 84.408729553
0.323532552 0.024259245 0.945905864 18.292909622 -0.012063548 0.999695957 -0.021512611 -1.018887758 -0.946139991 -0.004450952 0.323726892 84.749183655
0.287507236 0.023680840 0.957485557 19.202219009 -0.014496933 0.999687493 -0.020371540 -1.041379452 -0.957668662 -0.008023637 0.287760615 85.029968262
0.251187980 0.023390839 0.967655540 20.139871597 -0.015540477 0.999676585 -0.020130811 -1.069274902 -0.967813492 -0.009981211 0.251470268 85.277656555
0.215117142 0.022578770 0.976327240 21.102090836 -0.014576337 0.999695539 -0.019907543 -1.099140763 -0.976479411 -0.009948823 0.215380758 85.495620728
0.179737598 0.021567944 0.983478189 22.056119919 -0.012449752 0.999729395 -0.019649059 -1.119878292 -0.983635783 -0.008712385 0.179957494 85.666290283
0.145478964 0.020646248 0.989145935 23.031288147 -0.004187354 0.999786079 -0.020252481 -1.147136927 -0.989352465 -0.001195594 0.145534277 85.792175293
0.111538641 0.023736104 0.993476570 24.021492004 -0.002198773 0.999718070 -0.023638370 -1.185411334 -0.993757606 0.000452162 0.111559413 85.910896301
0.078570992 0.028716352 0.996494830 24.990970612 -0.001205764 0.999586999 -0.028710388 -1.213741541 -0.996907711 0.001054266 0.078573197 85.990364075
0.049583506 0.032627389 0.998236954 25.966739655 0.005590726 0.999441445 -0.032944456 -1.247648835 -0.998754263 0.007214370 0.049373414 86.023666382
0.024434159 0.031245254 0.999212980 27.007419586 0.006891495 0.999482512 -0.031422202 -1.279902220 -0.999677658 0.007653848 0.024206193 86.046447754
0.002265273 0.028142154 0.999601245 28.004381180 0.008366015 0.999568522 -0.028160185 -1.315407872 -0.999962389 0.008426471 0.002028858 86.043212891
-0.016613448 0.025647379 0.999532878 28.995752335 0.008466340 0.999638796 -0.025509376 -1.352298737 -0.999826133 0.008038587 -0.016824579 86.027450562
-0.033526227 0.028934788 0.999018848 30.038572311 0.010455236 0.999536216 -0.028598908 -1.390816450 -0.999383152 0.009486167 -0.033813197 85.998786926
-0.047960028 0.033076670 0.998301387 31.034370422 0.013061212 0.999386907 -0.032485154 -1.425909758 -0.998763859 0.011481039 -0.048362643 85.943122864
-0.060171202 0.038017005 0.997463763 32.030647278 0.017891034 0.999155104 -0.037002198 -1.468149662 -0.998027742 0.015619192 -0.060800523 85.880203247
-0.068721510 0.041826129 0.996758819 33.049201965 0.023096142 0.998919785 -0.040324442 -1.512090683 -0.997368515 0.020250121 -0.069613300 85.802146912
-0.074685201 0.047306515 0.996084452 34.048332214 0.026650380 0.998612046 -0.045428336 -1.558747411 -0.996851087 0.023153203 -0.075842276 85.723632812
-0.078198239 0.052024797 0.995579422 35.052371979 0.028791456 0.998338759 -0.049907546 -1.614442468 -0.996521950 0.024761504 -0.079566211 85.638114929
-0.080773376 0.055976924 0.995159447 36.060775757 0.031160582 0.998075545 -0.053611770 -1.674073577 -0.996245265 0.026679344 -0.082362212 85.551010132
-0.083458416 0.058779243 0.994776189 37.075298309 0.031930100 0.997904003 -0.056285225 -1.737400055 -0.995999515 0.027065834 -0.085160322 85.460029602
-0.086155474 0.062009405 0.994350076 38.082099915 0.032748375 0.997698009 -0.059380714 -1.805256724 -0.995743275 0.027447380 -0.087987863 85.376579285
-0.087777093 0.066212438 0.993937194 39.087928772 0.034320109 0.997397065 -0.063412040 -1.865302086 -0.995548785 0.028545912 -0.089821048 85.275009155
-0.090133451 0.067743488 0.993622959 40.102649689 0.037048038 0.997221351 -0.064628139 -1.934300900 -0.995240390 0.030986629 -0.092392765 85.180076599
-0.092289820 0.066182949 0.993530214 41.127029419 0.037251376 0.997319579 -0.062975064 -2.014547825 -0.995035172 0.031198418 -0.094507858 85.090545654
-0.094479248 0.066066414 0.993332148 42.153888702 0.036760598 0.997346580 -0.062836975 -2.078409433 -0.994847894 0.030578699 -0.096657172 84.990592957
-0.096380971 0.067269489 0.993068635 43.185813904 0.036647525 0.997276962 -0.063997775 -2.148750544 -0.994669735 0.030225342 -0.098583758 84.879341125
-0.098782174 0.069692373 0.992665589 44.207145691 0.036272593 0.997133791 -0.066396512 -2.222076416 -0.994447708 0.029447766 -0.101026967 84.777519226
-0.101295002 0.071500778 0.992283642 45.236888885 0.034800660 0.997058153 -0.068292275 -2.305598736 -0.994247496 0.027614469 -0.103485279 84.671752930
-0.103844225 0.075180992 0.991748035 46.265689850 0.032216992 0.996869922 -0.072195888 -2.381301403 -0.994071603 0.024454013 -0.105941296 84.567108154
-0.106225275 0.079487048 0.991159976 47.306510925 0.028578730 0.996631980 -0.076863021 -2.458202362 -0.993931293 0.020161299 -0.108139142 84.464988708
-0.108882137 0.081928767 0.990672708 48.347961426 0.026211888 0.996487856 -0.079528786 -2.540908813 -0.993709028 0.017308133 -0.110647254 84.349388123
-0.111930981 0.080417067 0.990456760 49.388439178 0.024072170 0.996647060 -0.078199267 -2.626843929 -0.993424356 0.015089517 -0.113491505 84.240150452
-0.114512965 0.076167352 0.990497470 50.451560974 0.021587614 0.997011900 -0.074172504 -2.715064526 -0.993187249 0.012888766 -0.115815021 84.113807678
-0.116989650 0.074548513 0.990331292 51.501594543 0.021720590 0.997132361 -0.072494589 -2.798746109 -0.992895603 0.013029466 -0.118273392 83.995178223
-0.119213283 0.074605256 0.990061700 52.535869598 0.021112971 0.997137964 -0.072596289 -2.888499260 -0.992644250 0.012248705 -0.120447218 83.879943848
-0.120189764 0.077747211 0.989701986 53.603481293 0.021811821 0.996894956 -0.075663440 -2.967715740 -0.992511272 0.012493227 -0.121512376 83.750236511
-0.120696515 0.080656253 0.989407420 54.670997620 0.022432420 0.996660829 -0.078511059 -3.051874876 -0.992435873 0.012718786 -0.122102812 83.616378784
-0.121015646 0.081456587 0.989302814 55.737113953 0.021240663 0.996611774 -0.079460144 -3.139943838 -0.992423356 0.011397528 -0.122335806 83.482757568
-0.121660866 0.079949200 0.989346623 56.797679901 0.018035501 0.996764302 -0.078330778 -3.231192350 -0.992407978 0.008313572 -0.122709125 83.368515015
-0.121208362 0.079366960 0.989449024 57.862556458 0.014607487 0.996833086 -0.078169852 -3.320967197 -0.992519557 0.004978526 -0.121983856 83.237556458
-0.121070728 0.080443576 0.989378870 58.928890228 0.010876434 0.996758521 -0.079712644 -3.410531282 -0.992584348 0.001110047 -0.121553212 83.111656189
-0.121209875 0.080817685 0.989331424 60.013919830 0.006634351 0.996723711 -0.080608755 -3.499475479 -0.992604852 -0.003207002 -0.121348940 82.985664368
-0.121724941 0.080252267 0.989314198 61.094993591 0.002709974 0.996749222 -0.080521941 -3.590426445 -0.992560208 -0.007120514 -0.121546715 82.860900879
-0.122035481 0.075039543 0.989684999 62.176574707 0.003531913 0.997164369 -0.075171113 -3.683480978 -0.992519498 -0.005678066 -0.121954486 82.738426208
-0.122312076 0.066504203 0.990261078 63.270767212 0.006709823 0.997785032 -0.066180736 -3.768336773 -0.992469132 -0.001450227 -0.122487418 82.607597351
-0.122080125 0.060615879 0.990667522 64.367637634 0.012733032 0.998146832 -0.059504420 -3.856184006 -0.992438614 0.005349895 -0.122625709 82.471977234
-0.121173687 0.063631199 0.990589678 65.487709045 0.021016937 0.997883976 -0.061528873 -3.921195507 -0.992408812 0.013363483 -0.122254618 82.312576294
-0.120117836 0.069350734 0.990334332 66.573051453 0.026635746 0.997423053 -0.066616483 -3.993321419 -0.992402315 0.018376466 -0.121655501 82.179412842
-0.119436048 0.074841060 0.990016997 67.669448853 0.030080633 0.996969819 -0.071737714 -4.075729370 -0.992386043 0.021212276 -0.121325396 82.047996521
-0.118752785 0.079254501 0.989755750 68.767829895 0.030520707 0.996629655 -0.076142997 -4.160165787 -0.992454648 0.021165857 -0.120771453 81.909729004
-0.118236579 0.076448388 0.990038276 69.884719849 0.027261879 0.996906102 -0.073722921 -4.245055676 -0.992611170 0.018273564 -0.119954877 81.780883789
-0.118572615 0.071997114 0.990331650 70.985420227 0.027120676 0.997230530 -0.069251485 -4.333344460 -0.992574930 0.018647142 -0.120196834 81.664230347
-0.117939897 0.069979355 0.990552008 72.136932373 0.024968687 0.997407317 -0.067490809 -4.417319298 -0.992706835 0.016772926 -0.119381405 81.516418457
-0.118066669 0.070881903 0.990472674 73.264671326 0.022853615 0.997378826 -0.068651952 -4.496045113 -0.992742658 0.014530377 -0.119377114 81.390861511
-0.117895946 0.075427413 0.990157127 74.383544922 0.024657825 0.997026026 -0.073014706 -4.594153404 -0.992719769 0.015806988 -0.119405210 81.267211914
-0.116676830 0.078421675 0.990068972 75.535934448 0.024177073 0.996806681 -0.076106139 -4.674516678 -0.992875755 0.015057149 -0.118200213 81.112945557
-0.115909100 0.077020213 0.990269125 76.686172485 0.024061156 0.996914148 -0.074720740 -4.763532162 -0.992968380 0.015166213 -0.117404610 80.975074768
-0.115818724 0.070411608 0.990771472 77.839950562 0.025824761 0.997360468 -0.067861021 -4.856535912 -0.992934525 0.017726852 -0.117331408 80.842994690
-0.116422534 0.069259830 0.990781903 79.004562378 0.024725055 0.997458577 -0.066821210 -4.936953068 -0.992891908 0.016717644 -0.117839128 80.708610535
-0.116313316 0.071849398 0.990610301 80.153137207 0.022277338 0.997317791 -0.069720194 -5.025185585 -0.992962837 0.013958774 -0.117601939 80.587280273
-0.115914956 0.074822858 0.990436852 81.306350708 0.021765580 0.997110486 -0.072779715 -5.110653400 -0.993020713 0.013121177 -0.117208578 80.456962585
-0.115494743 0.074500464 0.990510225 82.489143372 0.020822704 0.997145772 -0.072571613 -5.195709229 -0.993089736 0.012243464 -0.116716385 80.318618774
-0.114789061 0.071429782 0.990818501 83.670059204 0.020300020 0.997371733 -0.069550410 -5.280131340 -0.993182480 0.012130006 -0.115937389 80.166297913
-0.114033833 0.070635594 0.990962684 84.848854065 0.020714639 0.997421265 -0.068712279 -5.363909721 -0.993260920 0.012691909 -0.115202986 80.031173706
-0.112713717 0.070734903 0.991106570 86.047996521 0.022689711 0.997386038 -0.068602666 -5.459000587 -0.993368328 0.014755461 -0.114024036 79.893104553
-0.111594908 0.071056716 0.991210163 87.244125366 0.024534784 0.997333348 -0.068733446 -5.541097641 -0.993450820 0.016648822 -0.113040693 79.756027222
-0.111081548 0.069975242 0.991344750 88.432083130 0.024244940 0.997412026 -0.067686848 -5.637447834 -0.993515551 0.016516333 -0.112490602 79.641029358
-0.109378263 0.070870973 0.991470397 89.638702393 0.025492288 0.997326851 -0.068477303 -5.718321323 -0.993673325 0.017784918 -0.110892557 79.486129761
-0.107869536 0.069428287 0.991737783 90.841552734 0.025308933 0.997426987 -0.067073770 -5.799740791 -0.993842900 0.017864609 -0.109349154 79.352767944
-0.106875837 0.068575062 0.991904795 92.058807373 0.023604162 0.997512460 -0.066419467 -5.888133049 -0.993992209 0.016314445 -0.108228661 79.229385376
-0.105821587 0.067429155 0.992096245 93.257331848 0.024843186 0.997566044 -0.065151036 -5.979656696 -0.994074821 0.017752454 -0.107239187 79.102767944
-0.103625990 0.068276487 0.992270052 94.478027344 0.022986759 0.997538924 -0.066238478 -6.067070007 -0.994350731 0.015945051 -0.104940414 78.970764160
-0.102504499 0.071055353 0.992191434 95.706848145 0.022683918 0.997353017 -0.069081493 -6.149318695 -0.994473875 0.015425620 -0.103845015 78.847610474
-0.101536192 0.069751479 0.992383540 96.929618835 0.020204548 0.997477829 -0.068042308 -6.237565041 -0.994626641 0.013141901 -0.102689408 78.730079651
-0.101128407 0.068541914 0.992509484 98.168441772 0.016760021 0.997599661 -0.067185737 -6.329473019 -0.994732261 0.009840094 -0.102034450 78.613281250
-0.100844294 0.069847353 0.992447376 99.408782959 0.013925280 0.997533917 -0.068790384 -6.414699554 -0.994804859 0.006882994 -0.101568252 78.490676880
-0.101029664 0.069105096 0.992480636 100.626655579 0.010950521 0.997601449 -0.068346933 -6.504706860 -0.994823158 0.003963106 -0.101544105 78.368110657
-0.102079570 0.066220514 0.992569685 101.873405457 0.008094700 0.997803986 -0.065737233 -6.598117828 -0.994743288 0.001324123 -0.102391459 78.244171143
-0.103503868 0.064938083 0.992506921 103.128356934 0.006022450 0.997889102 -0.064662173 -6.688354969 -0.994610786 -0.000715461 -0.103676461 78.124809265
-0.105603002 0.064464226 0.992316663 104.390884399 0.003748258 0.997915328 -0.064429037 -6.773278713 -0.994401217 -0.003084439 -0.105624489 78.010498047
-0.106590189 0.063917726 0.992246449 105.641365051 0.004049395 0.997951269 -0.063850224 -6.874379158 -0.994294822 -0.002787808 -0.106630653 77.871223450
-0.108894713 0.062588818 0.992080927 106.899070740 0.003674740 0.998034358 -0.062561065 -6.960432053 -0.994046569 -0.003166928 -0.108910657 77.738235474
-0.112302214 0.057904296 0.991985500 108.166297913 0.000654406 0.998304784 -0.058199074 -7.045052528 -0.993673921 -0.005886724 -0.112149715 77.609626770
-0.116916068 0.057854235 0.991455197 109.424453735 -0.000194166 0.998300493 -0.058276556 -7.126233101 -0.993141830 -0.007005973 -0.116706133 77.471206665
-0.122070462 0.063813470 0.990467906 110.660232544 -0.004575441 0.997884214 -0.064855210 -7.212161064 -0.992510855 -0.012448731 -0.121520206 77.323455811
-0.129557326 0.066717669 0.989324868 111.879913330 -0.003913479 0.997691631 -0.067794420 -7.301030636 -0.991564214 -0.012654963 -0.128997177 77.178482056
-0.138036802 0.063096590 0.988415182 113.135879517 -0.001805551 0.997951031 -0.063957483 -7.389668465 -0.990425467 -0.010613122 -0.137640014 76.998870850
-0.148914322 0.061103974 0.986960411 114.362236023 0.000299587 0.998091698 -0.061747938 -7.478480339 -0.988850057 -0.008899472 -0.148648456 76.818786621
-0.161856309 0.061795261 0.984877408 115.589759827 0.000673494 0.998044193 -0.062510677 -7.569458961 -0.986814022 -0.009454438 -0.161581323 76.624618530
-0.175787404 0.061938841 0.982477605 116.806327820 0.002813055 0.998046219 -0.062417008 -7.656521797 -0.984424174 -0.008208360 -0.175618187 76.409088135
-0.190419301 0.059835125 0.979877710 118.021522522 0.003095547 0.998172581 -0.060350712 -7.743535042 -0.981697977 -0.008458683 -0.190256521 76.183471680
-0.205664605 0.062413082 0.976630330 119.222953796 0.007241212 0.998033941 -0.062256016 -7.830652237 -0.978595734 -0.005731872 -0.205712199 75.930145264
-0.220967546 0.065868311 0.973054349 120.401954651 0.007134104 0.997799158 -0.065923288 -7.916758060 -0.975255132 -0.007625036 -0.220951185 75.670379639
-0.235999599 0.069637172 0.969254851 121.569229126 0.007160347 0.997526467 -0.069924951 -8.007786751 -0.971726775 -0.009562063 -0.235914499 75.390434265
-0.252021611 0.067670643 0.965352654 122.746139526 0.003770063 0.997613192 -0.068947867 -8.101103783 -0.967714310 -0.013736911 -0.251675218 75.096084595
-0.268358201 0.061905608 0.961327970 123.908065796 -0.001925408 0.997896612 -0.064797960 -8.192297935 -0.963317335 -0.019240011 -0.267674565 74.794120789
-0.283968896 0.057937626 0.957081378 125.092361450 -0.005791544 0.998050869 -0.062136110 -8.277938843 -0.958815932 -0.023187704 -0.283079863 74.463249207
-0.299539775 0.059283108 0.952240169 126.240829468 -0.007759070 0.997883379 -0.064565413 -8.364091873 -0.954052210 -0.026728403 -0.298445702 74.122016907
-0.313380182 0.061577447 0.947629213 127.389640808 -0.007476295 0.997704506 -0.067303784 -8.447171211 -0.949598312 -0.028176423 -0.312200457 73.745162964
-0.327432901 0.063685194 0.942725718 128.526168823 -0.006136988 0.997561574 -0.069521137 -8.538873672 -0.944854498 -0.028548997 -0.326243639 73.363067627
-0.341694474 0.063338384 0.937674284 129.655319214 -0.003938410 0.997621179 -0.068822891 -8.637172699 -0.939802885 -0.027209345 -0.340632200 72.962387085
-0.355861753 0.060970139 0.932547510 130.779220581 -0.004415599 0.997748792 -0.066918001 -8.732922554 -0.934528291 -0.027931314 -0.354791403 72.548690796
-0.370222628 0.059855897 0.927012622 131.899154663 -0.004327349 0.997799993 -0.066154748 -8.826121330 -0.928933024 -0.028503492 -0.369149059 72.104347229
-0.385080993 0.061237559 0.920848846 133.000213623 -0.005779303 0.997616529 -0.068759494 -8.917138100 -0.922864676 -0.031799834 -0.383809268 71.656471252
-0.400133431 0.063167267 0.914277256 134.091995239 -0.005024275 0.997455597 -0.071112908 -9.007873535 -0.916443110 -0.033048235 -0.398797959 71.199325562
-0.414711416 0.065242171 0.907610953 135.189392090 -0.003655375 0.997298837 -0.073359467 -9.097970009 -0.909945607 -0.033740677 -0.413352758 70.705902100
-0.429275095 0.067500748 0.900647819 136.267211914 -0.000896324 0.997170925 -0.075162053 -9.198120117 -0.903173327 -0.033072472 -0.428000063 70.196243286
-0.444306016 0.070868067 0.893067777 137.342056274 -0.001199251 0.996818423 -0.079697683 -9.294656754 -0.895874202 -0.036481172 -0.442807406 69.678215027
-0.459088176 0.072950371 0.885390460 138.411346436 -0.000580805 0.996597946 -0.082414307 -9.398156166 -0.888390541 -0.038349669 -0.457483977 69.127494812
-0.474545687 0.070317216 0.877417743 139.478485107 -0.002009998 0.996714890 -0.080964930 -9.499225616 -0.880228639 -0.040185157 -0.472845405 68.568214417
-0.490563959 0.065838858 0.868914366 140.548278809 -0.004803955 0.996922135 -0.078250334 -9.601155281 -0.871391952 -0.042561028 -0.488737822 67.984169006
-0.506655216 0.066087246 0.859612048 141.608032227 -0.005322240 0.996798933 -0.079771124 -9.701945305 -0.862132311 -0.044991516 -0.504681706 67.374923706
-0.522547305 0.065221511 0.850111961 142.662750244 -0.006235072 0.996750832 -0.080304377 -9.802730560 -0.852587521 -0.047263343 -0.520442843 66.741241455
-0.538458347 0.064376444 0.840189397 143.698699951 -0.006683026 0.996719718 -0.080653019 -9.902822495 -0.842625618 -0.049043298 -0.536261916 66.087341309
-0.553929448 0.063645445 0.830127180 144.737472534 -0.008016755 0.996619821 -0.081759803 -10.011951447 -0.832525015 -0.051944081 -0.551546812 65.414260864
-0.569150388 0.063104019 0.819808245 145.756362915 -0.008418935 0.996551096 -0.082553476 -10.115970612 -0.822190344 -0.053887259 -0.566656232 64.713737488
-0.584310770 0.060846746 0.809245706 146.772109985 -0.008236568 0.996689200 -0.080887683 -10.218787193 -0.811488271 -0.053928945 -0.581875026 63.990303040
-0.599484980 0.057171732 0.798341453 147.777252197 -0.008286950 0.996948719 -0.077617392 -10.326915741 -0.800343156 -0.053146273 -0.597182035 63.256324768
-0.614252806 0.055421825 0.787160575 148.781753540 -0.007755548 0.997058392 -0.076252103 -10.428935051 -0.789071143 -0.052942935 -0.612016082 62.478691101
-0.628639102 0.054070733 0.775815189 149.758972168 -0.008347222 0.997053444 -0.076253742 -10.527744293 -0.777652383 -0.054411989 -0.626335502 61.694244385
-0.643790185 0.055042092 0.763219953 150.742858887 -0.009552370 0.996753752 -0.079941750 -10.636484146 -0.765142500 -0.058756270 -0.641174436 60.896030426
-0.659138918 0.054292873 0.750058711 151.700790405 -0.011722336 0.996527493 -0.082434855 -10.743955612 -0.751929820 -0.063128464 -0.656213582 60.078903198
-0.675037086 0.051009849 0.736018300 152.649795532 -0.013717890 0.996566772 -0.081648514 -10.852176666 -0.737656176 -0.065212406 -0.672019839 59.240528107
-0.691334188 0.043294389 0.721236825 153.580184937 -0.017373407 0.996918499 -0.076496094 -10.962175369 -0.722326219 -0.065414712 -0.688451707 58.377601624
-0.708079576 0.040928822 0.704945385 154.506088257 -0.018372986 0.996913016 -0.076334983 -11.063793182 -0.705893576 -0.067003213 -0.705141723 57.474868774
-0.725656569 0.038211219 0.686995268 155.401519775 -0.019862574 0.996877193 -0.076427460 -11.170665741 -0.687770426 -0.069105580 -0.722631574 56.558650970
-0.743015528 0.034380686 0.668390512 156.278411865 -0.023053711 0.996772170 -0.076899596 -11.275514603 -0.668877125 -0.072546490 -0.739824653 55.616825104
-0.759686828 0.032195941 0.649491608 157.130279541 -0.022908410 0.996828735 -0.076208949 -11.386163712 -0.649885476 -0.072773755 -0.756540060 54.654373169
-0.775671184 0.034411833 0.630198419 157.954254150 -0.020828156 0.996572971 -0.080053672 -11.487671852 -0.630793512 -0.075221203 -0.772296131 53.662128448
-0.790671587 0.034620605 0.611260772 158.750946045 -0.016411303 0.996842742 -0.077687398 -11.602787018 -0.612020373 -0.071456805 -0.787607074 52.647346497
-0.805513263 0.035138313 0.591534972 159.547134399 -0.013258521 0.996921837 -0.077273645 -11.715853691 -0.592429340 -0.070087820 -0.802567840 51.610961914
-0.819917500 0.036158506 0.571338654 160.295135498 -0.011645068 0.996743500 -0.079792880 -11.827031136 -0.572363257 -0.072076850 -0.816826344 50.563945770
-0.833711386 0.037361100 0.550935090 161.022094727 -0.011010676 0.996385396 -0.084230967 -11.942651749 -0.552090585 -0.076290473 -0.830286562 49.498313904
-0.846697807 0.037708942 0.530736327 161.722595215 -0.008251320 0.996434927 -0.083960503 -12.059769630 -0.532010138 -0.075468458 -0.843368113 48.407375336
-0.858263075 0.035876155 0.511954367 162.393844604 -0.007131553 0.996623576 -0.081795901 -12.174487114 -0.513160229 -0.073853433 -0.855109453 47.293491364
-0.868779361 0.037692700 0.493762761 163.039276123 -0.004150393 0.996509731 -0.083373860 -12.289813995 -0.495181978 -0.074482799 -0.865590632 46.180007935
-0.878196120 0.040532719 0.476580083 163.653076172 -0.001399305 0.996180952 -0.087302789 -12.401504517 -0.478298575 -0.077335872 -0.874785483 45.057876587
-0.887205482 0.038049225 0.459802777 164.255187988 -0.003318732 0.996041596 -0.088827223 -12.520900726 -0.461362511 -0.080333963 -0.883567333 43.926620483
-0.895508289 0.035397083 0.443634868 164.842224121 -0.004220726 0.996111631 -0.087998338 -12.645586967 -0.445024788 -0.080675714 -0.891876876 42.786296844
-0.902651668 0.033410434 0.429073155 165.405761719 -0.005123348 0.996077299 -0.088339195 -12.767055511 -0.430341452 -0.081937812 -0.898939669 41.624450684
-0.909246027 0.031351086 0.415076822 165.952331543 -0.005684868 0.996131361 -0.087691583 -12.893307686 -0.416220307 -0.082092874 -0.905550361 40.450042725
-0.915533662 0.028741289 0.401213259 166.479339600 -0.006866659 0.996181905 -0.087031521 -13.012544632 -0.402182877 -0.082435288 -0.911840677 39.279914856
-0.921143472 0.023871075 0.388490617 166.989517212 -0.009379555 0.996466398 -0.083468266 -13.129086494 -0.389110297 -0.080530122 -0.917664468 38.094467163
-0.926375329 0.020210952 0.376058877 167.505386353 -0.010801348 0.996722221 -0.080175802 -13.248700142 -0.376446605 -0.078334816 -0.923120618 36.899696350
-0.930827439 0.020668048 0.364874065 167.990814209 -0.008106632 0.996986210 -0.077154398 -13.357730865 -0.365369022 -0.074775323 -0.927854598 35.688301086
-0.933941543 0.024958724 0.356553227 168.434875488 -0.003240151 0.996926785 -0.078272015 -13.476167679 -0.357411057 -0.074256770 -0.930990517 34.519363403
-0.936145544 0.030101668 0.350321770 168.907714844 0.002163230 0.996802926 -0.079870403 -13.589076042 -0.351605892 -0.074012488 -0.933217764 33.282409668
-0.938069403 0.033284374 0.344844759 169.350646973 0.005097952 0.996592700 -0.082323231 -13.699802399 -0.346409798 -0.075466909 -0.935042799 32.086380005
-0.940072954 0.030485842 0.339607775 169.812866211 0.003050725 0.996707201 -0.081027471 -13.814386368 -0.340959698 -0.075135678 -0.937070429 30.874649048
-0.941732347 0.023297874 0.335555315 170.256408691 -0.002880598 0.997003078 -0.077307068 -13.930236816 -0.336350888 -0.073769167 -0.938843012 29.640611649
-0.943481743 0.017234636 0.330976129 170.697479248 -0.008417510 0.997078776 -0.075915001 -14.032548904 -0.331317693 -0.074410416 -0.940580487 28.423612595
-0.945187569 0.010760009 0.326350272 171.132797241 -0.015155617 0.996934056 -0.076763935 -14.146903038 -0.326175660 -0.077502355 -0.942126751 27.217447281
-0.946393847 0.008271282 0.322909117 171.559616089 -0.018430989 0.996660650 -0.079547584 -14.253497124 -0.322488785 -0.081234880 -0.943081081 26.007686615
-0.947281897 0.007854164 0.320304990 171.978195190 -0.019288082 0.996488452 -0.081478097 -14.369167328 -0.319820166 -0.083360814 -0.943804026 24.817272186
-0.947709143 0.008718250 0.319016188 172.397949219 -0.018964795 0.996321619 -0.083567224 -14.481290817 -0.318571270 -0.085247502 -0.944057822 23.616615295
-0.947377086 0.011506577 0.319913238 172.803482056 -0.016747896 0.996203601 -0.085427709 -14.598842621 -0.319681764 -0.086290129 -0.943587601 22.386260986
-0.947050273 0.012330900 0.320848495 173.221786499 -0.016440028 0.996089399 -0.086807981 -14.717800140 -0.320664257 -0.087486267 -0.943144023 21.177787781
-0.946436465 0.013881216 0.322591513 173.636260986 -0.015612242 0.995939612 -0.088659614 -14.839751244 -0.322512448 -0.088947080 -0.942376852 19.955940247
-0.945750654 0.015211783 0.324537218 174.055023193 -0.014271365 0.995994031 -0.088273369 -14.963710785 -0.324579954 -0.088116199 -0.941744864 18.751281738
-0.945060730 0.014497577 0.326573133 174.477310181 -0.015345905 0.995947063 -0.088622227 -15.082237244 -0.326534361 -0.088764936 -0.941008031 17.571899414
-0.943745971 0.013171208 0.330408871 174.900711060 -0.016949022 0.995966196 -0.088114023 -15.209598541 -0.330236584 -0.088757351 -0.939715922 16.385929108
-0.942123592 0.011521464 0.335067391 175.335739136 -0.018421346 0.996120691 -0.086048216 -15.326020241 -0.334758997 -0.087240458 -0.938256562 15.188087463
-0.940213799 0.009197030 0.340460241 175.777725220 -0.020603919 0.996268511 -0.083812445 -15.439694405 -0.339960665 -0.085816436 -0.936515987 14.003704071
-0.937727630 0.006541155 0.347309649 176.225753784 -0.022823563 0.996501982 -0.080390997 -15.557018280 -0.346620560 -0.083311699 -0.934298337 12.825881958
-0.935253441 0.008715037 0.353871644 176.680435181 -0.021094909 0.996547997 -0.080294758 -15.667287827 -0.353349805 -0.082560837 -0.931841016 11.659347534
-0.931873560 0.009502359 0.362658799 177.128387451 -0.020920508 0.996585786 -0.079868980 -15.782377243 -0.362179518 -0.082014799 -0.928493142 10.497104645
-0.928062022 0.012262975 0.372223854 177.589019775 -0.019935090 0.996389091 -0.082530156 -15.889770508 -0.371891886 -0.084013425 -0.924466431 9.345783234
-0.923747718 0.013564703 0.382761240 178.079330444 -0.018936334 0.996532798 -0.081016764 -16.008754730 -0.382533133 -0.082087122 -0.920288086 8.165451050
-0.919045985 0.015688173 0.393838048 178.576568604 -0.018319570 0.996427476 -0.082441643 -16.118503571 -0.393724412 -0.082982585 -0.915475309 7.025135040
-0.913806200 0.017186975 0.405786693 179.099700928 -0.018415086 0.996323407 -0.083668627 -16.232679367 -0.405732900 -0.083929494 -0.910130143 5.901821136
-0.907716215 0.019299600 0.419140369 179.632019043 -0.017215230 0.996387362 -0.083161674 -16.348167419 -0.419231147 -0.082702816 -0.904104829 4.756156921
-0.900825083 0.019391866 0.433748901 180.181488037 -0.017517457 0.996565461 -0.080934882 -16.454303741 -0.433828682 -0.080506369 -0.897391498 3.567176819
-0.894366920 0.021921622 0.446796834 180.750213623 -0.016008297 0.996590436 -0.080940925 -16.571136475 -0.447047830 -0.079543352 -0.890966296 2.434417725
-0.887311697 0.024495961 0.460519224 181.315750122 -0.014130738 0.996675313 -0.080241777 -16.676395416 -0.460953742 -0.077706940 -0.884015501 1.319679260
-0.880206525 0.026146477 0.473870307 181.906051636 -0.012385190 0.996875703 -0.078009345 -16.781795502 -0.474429548 -0.074533284 -0.877132535 0.235534668
-0.872733474 0.028105650 0.487387300 182.516998291 -0.010190818 0.997075081 -0.075745314 -16.882431030 -0.488090694 -0.071072347 -0.869894445 -0.851547241
-0.864330649 0.030631257 0.501990020 183.126235962 -0.007234424 0.997282982 -0.073310159 -16.992738724 -0.502871811 -0.066995822 -0.861760736 -1.912422180
-0.856165409 0.033360347 0.515623689 183.765197754 -0.004851500 0.997350514 -0.072583266 -17.089477539 -0.516678989 -0.064644821 -0.853735268 -2.931388855
-0.845084012 0.036814481 0.533364475 184.401062012 -0.001008853 0.997514844 -0.070450060 -17.195667267 -0.534632504 -0.060074318 -0.842946708 -3.986236572
-0.834733248 0.039445303 0.549239933 185.064620972 0.001342304 0.997573793 -0.069603734 -17.290573120 -0.550652862 -0.057363294 -0.832761049 -4.984466553
-0.823040903 0.040942498 0.566504419 185.739593506 0.002868745 0.997685552 -0.067937054 -17.399503708 -0.567974806 -0.054289814 -0.821253538 -5.993476868
-0.811942458 0.042745426 0.582170367 186.454437256 0.003571742 0.997660518 -0.068271041 -17.491600037 -0.583726585 -0.053352781 -0.810195506 -6.966224670
-0.798783243 0.045339584 0.599908054 187.180541992 0.005935234 0.997701585 -0.067501031 -17.588256836 -0.601589680 -0.050358094 -0.797216415 -7.953231812
-0.785082877 0.046202686 0.617665172 187.933166504 0.007242822 0.997830629 -0.065433890 -17.675445557 -0.619348526 -0.046897389 -0.783714354 -8.912925720
-0.770328283 0.048953097 0.635765553 188.707229614 0.010388701 0.997879922 -0.064247906 -17.756446838 -0.637562692 -0.042887211 -0.769203782 -9.839080811
