1.000000000 0.000000000 0.000000000 0.000000000 0.000000000 1.000000000 0.000000000 0.000000000 0.000000000 0.000000000 1.000000000 0.000000000
0.999998629 0.000806744 0.001460159 -0.006342656 -0.000800064 0.999989212 -0.004569361 -0.002220645 -0.001463830 0.004568187 0.999988496 0.963969111
0.999996662 -0.001450185 0.002145915 -0.002609505 0.001461661 0.999984562 -0.005356169 -0.000838889 -0.002138115 0.005359287 0.999983370 1.918585062
0.999993384 -0.002501749 0.002632354 -0.009732297 0.002504919 0.999996066 -0.001201516 -0.005316222 -0.002629338 0.001208102 0.999995768 2.852628231
0.999985337 -0.005014756 0.002014315 -0.007289495 0.005004624 0.999974966 0.005004476 -0.009269977 -0.002039360 -0.004994323 0.999985456 3.800674915
0.999962807 -0.008621817 0.000404263 -0.003809490 0.008619635 0.999949694 0.005119541 -0.006144217 -0.000448383 -0.005115865 0.999986827 4.738843918
0.999938190 -0.011111610 -0.000090056 -0.008675301 0.011111779 0.999935865 0.002192693 -0.004381400 0.000065686 -0.002193558 0.999997616 5.666134834
0.999930859 -0.011705074 -0.001049132 -0.012665214 0.011703542 0.999930501 -0.001453428 0.002176283 0.001066072 0.001441049 0.999998450 6.590883255
0.999934137 -0.011392849 -0.001401905 -0.020525303 0.011390573 0.999933839 -0.001621579 -0.005091187 0.001420287 0.001605503 0.999997675 7.517670155
0.999932587 -0.011351646 -0.002461839 -0.029572584 0.011352262 0.999935567 0.000235853 -0.003502960 0.002459003 -0.000263784 0.999996901 8.431340218
0.999936700 -0.010862140 -0.002928705 -0.039515026 0.010870136 0.999937177 0.002728436 0.002508393 0.002898884 -0.002760098 0.999991953 9.372587204
0.999930620 -0.011117315 -0.003894361 -0.048472110 0.011134156 0.999928653 0.004329699 0.004587064 0.003845948 -0.004372758 0.999983072 10.296445847
0.999913752 -0.012270521 -0.004684589 -0.049245577 0.012294943 0.999910712 0.005220076 0.006504697 0.004620117 -0.005277222 0.999975324 11.207997322
0.999904513 -0.012594844 -0.005686765 -0.055288531 0.012625773 0.999905467 0.005435407 0.007387055 0.005617769 -0.005506687 0.999969006 12.120895386
0.999893963 -0.013200789 -0.006159244 -0.066986404 0.013225785 0.999904275 0.004035093 0.010109639 0.006105389 -0.004116126 0.999972880 13.026513100
0.999883890 -0.013335477 -0.007374715 -0.079921797 0.013349124 0.999909282 0.001804427 0.017507194 0.007349983 -0.001902664 0.999971151 13.924032211
0.999852240 -0.014631177 -0.009032916 -0.089327835 0.014633060 0.999892950 0.000142234 0.026297431 0.009029869 -0.000274392 0.999959171 14.827909470
0.999839425 -0.014369032 -0.010709170 -0.107036129 0.014365042 0.999896765 -0.000449563 0.025737662 0.010714524 0.000295653 0.999942541 15.737267494
0.999836087 -0.013213923 -0.012380620 -0.117848039 0.013197971 0.999911964 -0.001369406 0.025477815 0.012397626 0.001205782 0.999922395 16.638233185
0.999832630 -0.012151457 -0.013677920 -0.140020937 0.012135643 0.999925613 -0.001238834 0.026896620 0.013691956 0.001072636 0.999905705 17.519508362
0.999806285 -0.012666852 -0.015064878 -0.159408778 0.012659380 0.999919772 -0.000591412 0.028752690 0.015071160 0.000400585 0.999886394 18.410560608
0.999784827 -0.012453264 -0.016588364 -0.178701028 0.012474574 0.999921560 0.001181731 0.023389284 0.016572343 -0.001388410 0.999861717 19.301618576
0.999763429 -0.012136072 -0.018052222 -0.199279010 0.012173501 0.999924004 0.001964792 0.023539837 0.018027006 -0.002184086 0.999835134 20.182195663
0.999724388 -0.012925128 -0.019599674 -0.215028778 0.012957979 0.999914944 0.001550217 0.025879135 0.019577969 -0.001803762 0.999806643 21.065313339
0.999687135 -0.012762697 -0.021513440 -0.235643551 0.012780798 0.999918044 0.000704045 0.031008229 0.021502692 -0.000978784 0.999768317 21.937149048
0.999661088 -0.013040295 -0.022530776 -0.260470361 0.013069176 0.999913990 0.001135152 0.031716473 0.022514032 -0.001429226 0.999745488 22.797468185
0.999646366 -0.012648165 -0.023391850 -0.284976363 0.012727224 0.999913752 0.003233884 0.032985952 0.023348937 -0.003530453 0.999721110 23.655277252
0.999614179 -0.013655962 -0.024187071 -0.305660933 0.013798574 0.999888241 0.005739061 0.037978388 0.024105998 -0.006070594 0.999690950 24.500455856
0.999596059 -0.013904569 -0.024787948 -0.333135337 0.014100450 0.999870598 0.007745004 0.036818095 0.024677051 -0.008091398 0.999662757 25.342737198
0.999589086 -0.013063774 -0.025512533 -0.355380297 0.013233390 0.999891281 0.006490787 0.037263371 0.025424965 -0.006825739 0.999653459 26.170692444
0.999593735 -0.011395320 -0.026123354 -0.386136442 0.011496465 0.999926865 0.003724850 0.043562688 0.026078997 -0.004023663 0.999651849 26.976547241
0.999575317 -0.011016756 -0.026977969 -0.410079151 0.011073702 0.999936640 0.001962300 0.046012558 0.026954645 -0.002260213 0.999634147 27.786815643
0.999561608 -0.009907275 -0.027899742 -0.434568822 0.009954403 0.999949276 0.001550828 0.050441530 0.027882962 -0.001827873 0.999609530 28.573947906
0.999517381 -0.009843612 -0.029463056 -0.457077444 0.009882449 0.999950469 0.001172826 0.049382124 0.029450050 -0.001463427 0.999565244 29.361829758
0.999463916 -0.009522246 -0.031323396 -0.489063203 0.009538426 0.999954462 0.000367118 0.048613966 0.031318471 -0.000665697 0.999509275 30.138807297
0.999401748 -0.009795308 -0.033168152 -0.516265452 0.009804564 0.999951839 0.000116438 0.050168660 0.033165410 -0.000441567 0.999449730 30.910211563
0.999326408 -0.010158926 -0.035263125 -0.544605494 0.010214671 0.999946773 0.001401013 0.050729565 0.035247013 -0.001760270 0.999377072 31.660749435
0.999255419 -0.010172153 -0.037217271 -0.576352119 0.010316354 0.999939859 0.003684586 0.053563107 0.037177552 -0.004065789 0.999300361 32.404418945
0.999188840 -0.009216483 -0.039203610 -0.609066904 0.009411863 0.999944150 0.004802078 0.058230229 0.039157175 -0.005167162 0.999219716 33.171558380
0.999124289 -0.007859265 -0.041096535 -0.644936085 0.008076400 0.999954164 0.005120159 0.059565019 0.041054416 -0.005447587 0.999142051 33.897094727
0.999059141 -0.005193848 -0.043053772 -0.682479680 0.005386970 0.999975860 0.004370808 0.060096230 0.043030035 -0.004598625 0.999063134 34.611701965
0.998987377 -0.004285597 -0.044787023 -0.715784669 0.004448900 0.999983788 0.003547150 0.065163150 0.044771105 -0.003742812 0.998990238 35.325248718
0.998904884 -0.003977213 -0.046617150 -0.748049855 0.004190236 0.999981165 0.004472825 0.071118437 0.046598490 -0.004663263 0.998902798 36.033050537
0.998864949 -0.002572089 -0.047563709 -0.787959456 0.002881229 0.999975085 0.006432086 0.075130075 0.047545984 -0.006561827 0.998847485 36.726974487
0.998861015 0.000176068 -0.047714349 -0.825024843 0.000164355 0.999974549 0.007130593 0.073226646 0.047714382 -0.007130313 0.998835564 37.412593842
0.998899698 0.003757949 -0.046746138 -0.861306012 -0.003523368 0.999980748 0.005099596 0.075164393 0.046764400 -0.004929281 0.998893738 38.077911377
0.998974025 0.005182338 -0.044991303 -0.898947656 -0.005086693 0.999984503 0.002240079 0.074462488 0.045002211 -0.002008923 0.998984873 38.735721588
0.999058187 0.005853716 -0.042994872 -0.926439524 -0.005872171 0.999982774 -0.000302954 0.088212103 0.042992357 0.000555142 0.999075234 39.383926392
0.999178469 0.006809399 -0.039950795 -0.952521741 -0.006784024 0.999976695 0.000770665 0.085778944 0.039955102 -0.000499004 0.999201357 40.027248383
0.999255478 0.011812719 -0.036729131 -0.986398280 -0.011713524 0.999927163 0.002914739 0.092680685 0.036760878 -0.002482341 0.999320984 40.661182404
0.999324560 0.015933756 -0.033116207 -1.009432316 -0.015709773 0.999851942 0.007012713 0.086341061 0.033223044 -0.006487728 0.999426901 41.281635284
0.999370277 0.020959087 -0.028632248 -1.039580822 -0.020738384 0.999753058 0.007983512 0.089466058 0.028792506 -0.007384699 0.999558091 41.879295349
0.999427736 0.024263963 -0.023565663 -1.051150084 -0.024076123 0.999676287 0.008222244 0.092611395 0.023757542 -0.007650169 0.999688506 42.482616425
0.999438167 0.028317666 -0.017927913 -1.065253139 -0.028140411 0.999553263 0.010063333 0.100988775 0.018204873 -0.009553180 0.999788702 43.054588318
0.999380350 0.033295054 -0.011408137 -1.076703072 -0.033167247 0.999386847 0.011214640 0.105902173 0.011774532 -0.010829315 0.999872088 43.608558655
0.999333620 0.036230899 -0.004415358 -1.082782149 -0.036179513 0.999282479 0.011209270 0.099579059 0.004818312 -0.011042058 0.999927402 44.122051239
0.999206483 0.039711349 0.003061123 -1.088268042 -0.039743319 0.999147117 0.011205609 0.104323454 -0.002613522 -0.011318375 0.999932468 44.644977570
0.998980284 0.043965131 0.010267083 -1.083525419 -0.044074021 0.998971641 0.010631083 0.109889813 -0.009789128 -0.011072751 0.999890804 45.145736694
0.998686254 0.047978330 0.017993739 -1.082026601 -0.048126042 0.998810291 0.007867358 0.113206170 -0.017594872 -0.008722988 0.999807179 45.614852905
0.998372495 0.050622851 0.026261546 -1.078247070 -0.050769523 0.998698175 0.004948474 0.112605870 -0.025976850 -0.006273707 0.999642789 46.056262970
0.998120785 0.050831821 0.034219738 -1.063659430 -0.051020987 0.998686552 0.004677016 0.113642000 -0.033937056 -0.006414151 0.999403417 46.490634918
0.997872353 0.049913704 0.041946683 -1.036026835 -0.050213244 0.998719811 0.006117160 0.114020094 -0.041587655 -0.008210423 0.999101162 46.889755249
0.997435510 0.051570054 0.049628027 -1.012177467 -0.051960070 0.998627305 0.006600081 0.119521260 -0.049219541 -0.009161830 0.998745978 47.274379730
0.996785045 0.054507412 0.058723956 -0.998602808 -0.055002902 0.998462617 0.006853382 0.118366554 -0.058260117 -0.010061336 0.998250723 47.632476807
0.995950222 0.059592184 0.067320287 -0.973641992 -0.060146198 0.998170137 0.006231077 0.120437346 -0.066825777 -0.010254903 0.997711897 47.953189850
0.995073318 0.063294187 0.076308489 -0.951869190 -0.063960515 0.997932434 0.006317517 0.119030342 -0.075750858 -0.011167122 0.997064233 48.257724762
0.994355917 0.062546149 0.085698895 -0.921854615 -0.063371271 0.997965872 0.006939284 0.117050350 -0.085090548 -0.012330967 0.996296883 48.540241241
0.993439019 0.061446059 0.096453428 -0.886530399 -0.062225867 0.998049080 0.005094898 0.116017096 -0.095952190 -0.011063369 0.995324433 48.816814423
0.992345333 0.059727930 0.108089179 -0.849325955 -0.060150579 0.998189032 0.000651139 0.113926612 -0.107854530 -0.007147781 0.994140983 49.075809479
0.990743279 0.060853973 0.121344581 -0.807362854 -0.060879327 0.998138964 -0.003501897 0.115452707 -0.121331856 -0.003917896 0.992604256 49.342002869
0.988626659 0.062402081 0.136833072 -0.768634677 -0.062220931 0.998046637 -0.005604772 0.112756662 -0.136915535 -0.002972853 0.990578234 49.609218597
0.986144722 0.064236887 0.152944550 -0.718080521 -0.063938588 0.997930110 -0.006873220 0.107626297 -0.153069481 -0.003001070 0.988210857 49.853359222
0.983341932 0.064704709 0.169858307 -0.664105475 -0.064263575 0.997900009 -0.008099522 0.106756188 -0.170025721 -0.002951102 0.985435247 50.111190796
0.980079114 0.063786864 0.188085139 -0.606617093 -0.063147269 0.997960031 -0.009396863 0.107027523 -0.188300848 -0.002667394 0.982107818 50.363880157
0.976215243 0.062938303 0.207466677 -0.537983298 -0.062310994 0.998010874 -0.009563808 0.102858484 -0.207655966 -0.003591119 0.978195310 50.607509613
0.971697330 0.063009612 0.227671027 -0.466204554 -0.062191907 0.998006105 -0.010771135 0.100592725 -0.227895752 -0.003693013 0.973678529 50.851863861
0.966452897 0.065326214 0.248397216 -0.385030240 -0.064073808 0.997858763 -0.013132202 0.100118302 -0.248723224 -0.003224103 0.968569160 51.097530365
0.960215867 0.066527195 0.271218687 -0.302287757 -0.064827248 0.997780144 -0.015232635 0.097694539 -0.271630049 -0.002955741 0.962397218 51.339584351
0.952930033 0.067992702 0.295467943 -0.208367348 -0.066146493 0.997677565 -0.016251536 0.085830696 -0.295886695 -0.004057591 0.955214560 51.572734833
0.944390476 0.070767097 0.321120769 -0.109446384 -0.068936586 0.997474849 -0.017081821 0.079194576 -0.321518689 -0.006005062 0.946884215 51.812088013
0.934563518 0.072752260 0.348278642 -0.001536966 -0.070864387 0.997320414 -0.018175174 0.070762061 -0.348667622 -0.007694697 0.937214851 52.046195984
0.923399925 0.073485509 0.376739264 0.121171005 -0.071389861 0.997257054 -0.019542819 0.063834131 -0.377141982 -0.008849529 0.926113188 52.286315918
0.910855770 0.071459450 0.406491369 0.262236565 -0.068585657 0.997410297 -0.021655388 0.054758735 -0.406986088 -0.008154544 0.913397908 52.520942688
0.895838261 0.069261611 0.438949436 0.408210427 -0.065157712 0.997575879 -0.024428628 0.048172075 -0.439577371 -0.006716846 0.898179591 52.753635406
0.878549755 0.068171166 0.472761154 0.560175359 -0.062069610 0.997664452 -0.028514832 0.036194466 -0.473600835 -0.004292403 0.880729079 52.971595764
0.859093666 0.070139378 0.506989598 0.724350691 -0.061491858 0.997534931 -0.033805832 0.031313568 -0.508110881 -0.002133357 0.861288965 53.187679291
0.837439001 0.072032332 0.541763067 0.913895905 -0.061039351 0.997401834 -0.038261075 0.021768110 -0.543111384 -0.001027546 0.839659989 53.413658142
0.812794447 0.074841484 0.577723205 1.106832862 -0.061971821 0.997193992 -0.041994404 0.013054270 -0.579245031 -0.001669743 0.815151751 53.639400482
0.785313725 0.078823149 0.614059627 1.316198349 -0.064885765 0.996878326 -0.044981632 0.001514890 -0.615688384 -0.004519032 0.787976742 53.869602203
0.755312860 0.083369158 0.650040090 1.541557789 -0.068834446 0.996481419 -0.047819011 -0.014014281 -0.651739359 -0.008626829 0.758393884 54.101448059
0.722259641 0.084273800 0.686468601 1.803597569 -0.068314821 0.996387661 -0.050444208 -0.032628067 -0.688239992 -0.010462154 0.725407660 54.338493347
0.685619831 0.081798948 0.723349452 2.078876019 -0.064758092 0.996580660 -0.051316574 -0.053309243 -0.725073636 -0.011659069 0.688572586 54.557941437
0.646570325 0.079861358 0.758662522 2.379865408 -0.061423939 0.996726215 -0.052572791 -0.080403052 -0.760377347 -0.012608031 0.649358988 54.770774841
0.603959262 0.079172336 0.793073058 2.712378502 -0.059278794 0.996760070 -0.054363027 -0.101006553 -0.794807553 -0.014179362 0.606695712 54.990535736
0.557820797 0.079110920 0.826182425 3.070745707 -0.055740684 0.996770203 -0.057810593 -0.118992396 -0.828087509 -0.013804028 0.560428858 55.197528839
0.508960247 0.077794783 0.857267380 3.442143679 -0.052548680 0.996858180 -0.059264109 -0.145894185 -0.859184504 -0.014885189 0.511449218 55.394393921
0.460552663 0.076393828 0.884338856 3.870755672 -0.051020794 0.996920705 -0.059548240 -0.163323238 -0.886164844 -0.017694568 0.463032156 55.581325531
0.411446571 0.073956378 0.908428371 4.308850765 -0.050073020 0.997031331 -0.058490526 -0.185242802 -0.910057306 -0.021422023 0.413928360 55.742290497
0.360817730 0.073839560 0.929708660 4.767277718 -0.053311404 0.996863842 -0.058483142 -0.206204101 -0.931111395 -0.028462317 0.363622636 55.908843994
0.311733484 0.074764080 0.947223663 5.233717442 -0.051608477 0.996760249 -0.061689518 -0.223343045 -0.948766947 -0.029654074 0.314581990 56.034152985
0.264390320 0.071103647 0.961790979 5.692245483 -0.040813908 0.997209907 -0.062502623 -0.259155601 -0.963551760 -0.022729361 0.266554683 56.113491058
0.220052987 0.065399654 0.973293126 6.205887794 -0.027470313 0.997769892 -0.060833547 -0.283528626 -0.975101113 -0.013350065 0.221358776 56.191673279
0.177867413 0.064319402 0.981950104 6.722771168 -0.018085906 0.997906685 -0.062088568 -0.312562078 -0.983888268 -0.006715923 0.178658351 56.251602173
0.139121339 0.065749541 0.988090217 7.276464939 -0.014971166 0.997818947 -0.064288996 -0.337330878 -0.990162194 -0.005848891 0.139802277 56.317039490
0.106883459 0.066589765 0.992039204 7.776381969 -0.006723817 0.997780383 -0.066250704 -0.371670276 -0.994248748 0.000410815 0.107093960 56.326740265
0.077852800 0.064957954 0.994846463 8.337804794 0.000633748 0.997871816 -0.065205075 -0.406594008 -0.996964633 0.005706880 0.077645957 56.349864960
0.052858923 0.063018396 0.996611655 8.906303406 0.007038340 0.997958541 -0.063476875 -0.443577707 -0.998577178 0.010369808 0.052307472 56.361080170
0.032831002 0.062198266 0.997523665 9.484969139 0.012077489 0.997964263 -0.062623233 -0.467231244 -0.999388039 0.014103565 0.032012969 56.364006042
0.017148864 0.064255401 0.997786224 10.059282303 0.015099244 0.997802436 -0.064515971 -0.491330057 -0.999738932 0.016172191 0.016140973 56.358901978
0.003653084 0.064314462 0.997922957 10.653830528 0.015882280 0.997800052 -0.064364679 -0.519726872 -0.999867201 0.016084423 0.002623588 56.355461121
-0.007998162 0.065057576 0.997849464 11.265029907 0.016742297 0.997750282 -0.064916909 -0.558069170 -0.999827862 0.016187076 -0.009069381 56.348850250
-0.016873516 0.067641854 0.997566998 11.882040024 0.021575605 0.997501314 -0.067272462 -0.597514868 -0.999624789 0.020387985 -0.018290767 56.328090668
-0.023407962 0.069555588 0.997303486 12.503504753 0.025798755 0.997286558 -0.068948887 -0.630638897 -0.999393046 0.024115235 -0.025138894 56.301086426
-0.027910847 0.069026805 0.997224391 13.157263756 0.026331844 0.997317493 -0.068296283 -0.666936278 -0.999263465 0.024352547 -0.029653579 56.286346436
-0.031592328 0.066339292 0.997296870 13.805143356 0.023708958 0.997563958 -0.065605998 -0.696285188 -0.999219596 0.021572223 -0.033088200 56.266857147
-0.034347918 0.059509132 0.997636676 14.498646736 0.021591308 0.998036861 -0.058789622 -0.735476136 -0.999176681 0.019520979 -0.035565369 56.254310608
-0.035549864 0.053974420 0.997909307 15.187622070 0.022762103 0.998325169 -0.053186025 -0.767622709 -0.999108613 0.020823756 -0.036718898 56.227783203
-0.036070041 0.051296342 0.998031974 15.862360954 0.025077567 0.998413742 -0.050409637 -0.801921010 -0.999034643 0.023209935 -0.037299212 56.199672699
-0.036075752 0.053373653 0.997922719 16.570804596 0.028772078 0.998214364 -0.052349105 -0.843283594 -0.998934746 0.026823778 -0.037547007 56.177116394
-0.034748677 0.060980272 0.997533917 17.282741547 0.029892303 0.997753501 -0.059952404 -0.870009780 -0.998948932 0.027735323 -0.036493462 56.145702362
-0.032773487 0.068619512 0.997104406 18.001661301 0.030546030 0.997243106 -0.067625046 -0.916074336 -0.998995841 0.028241271 -0.034779191 56.122650146
-0.031045582 0.069659822 0.997087538 18.720329285 0.031362113 0.997145176 -0.068687350 -0.947270036 -0.999025822 0.029138338 -0.033141635 56.111103058
-0.028805833 0.065277137 0.997451365 19.458288193 0.030597787 0.997455418 -0.064393759 -0.989316106 -0.999116540 0.028664891 -0.030729873 56.090232849
-0.026304144 0.058907814 0.997916818 20.201654434 0.030180758 0.997853935 -0.058108557 -1.029704809 -0.999198258 0.028589392 -0.028025579 56.072864532
-0.023099592 0.057042889 0.998104513 20.940248489 0.028923798 0.997991025 -0.056367014 -1.073530197 -0.999314666 0.027566919 -0.024703085 56.055961609
-0.020161500 0.062518619 0.997840106 21.698415756 0.035747170 0.997449875 -0.061771899 -1.123376727 -0.999157488 0.034424543 -0.022344951 56.039905548
-0.016996048 0.067887247 0.997548163 22.434562683 0.037466280 0.997034848 -0.067213975 -1.164681673 -0.999153316 0.036232058 -0.019489136 56.026119232
-0.014738371 0.068625964 0.997533560 23.171762466 0.031413745 0.997181237 -0.068137601 -1.203738451 -0.999397814 0.030332033 -0.016852625 56.031841278
-0.011460626 0.064959601 0.997822046 23.938598633 0.027176246 0.997539282 -0.064629056 -1.249692798 -0.999564946 0.026376365 -0.013197782 56.036102295
-0.006514950 0.061455797 0.998088479 24.677200317 0.030995591 0.997642636 -0.061226010 -1.296522856 -0.999498248 0.030537464 -0.008404450 56.016002655
-0.002784587 0.062252041 0.998056531 25.420122147 0.035493579 0.997437656 -0.062114421 -1.345527411 -0.999366045 0.035251636 -0.004987000 56.006412506
-0.000451176 0.066611953 0.997778833 26.150804520 0.035121545 0.997164428 -0.066555053 -1.391593456 -0.999383032 0.035013512 -0.002789412 56.016704559
0.003596683 0.067711867 0.997698426 26.912923813 0.031372890 0.997206092 -0.067791536 -1.431906223 -0.999501288 0.031544507 0.001462317 56.022186279
0.007435183 0.067245729 0.997708738 27.663236618 0.030903487 0.997244239 -0.067444719 -1.475483179 -0.999494672 0.031334143 0.005336566 56.030788422
0.011088801 0.063953325 0.997891307 28.405839920 0.034906857 0.997319639 -0.064304583 -1.524300694 -0.999329031 0.035546307 0.008826669 56.037456512
0.014736741 0.064634219 0.997800231 29.155673981 0.038803775 0.997119844 -0.065163247 -1.570132375 -0.999138236 0.039678704 0.012186247 56.039634705
0.018276788 0.065562844 0.997681022 29.911525726 0.042279251 0.996904492 -0.066286318 -1.621087670 -0.998938560 0.043392707 0.015448260 56.049076080
0.021229301 0.065467328 0.997628927 30.665058136 0.042799383 0.996879458 -0.066328920 -1.665817022 -0.998858035 0.044106014 0.018361090 56.064620972
0.024626724 0.064081281 0.997640789 31.411483765 0.044089451 0.996902823 -0.065122224 -1.712038755 -0.998723924 0.045589186 0.021725141 56.090156555
0.027942721 0.063349247 0.997600198 32.154899597 0.046215534 0.996840775 -0.064595520 -1.754558325 -0.998540580 0.047909599 0.024926720 56.111167908
0.031046839 0.063249879 0.997514725 32.881736755 0.044825204 0.996903539 -0.064606257 -1.804778337 -0.998512268 0.046719622 0.028115517 56.132896423
0.033656217 0.065178357 0.997305810 33.686885834 0.041635804 0.996913493 -0.066557802 -1.845638752 -0.998565853 0.043763723 0.030838588 56.172180176
0.036728714 0.065386273 0.997183859 34.443496704 0.043588713 0.996802628 -0.066966757 -1.887228847 -0.998374224 0.045925565 0.033761181 56.194755554
0.039478745 0.065455630 0.997074127 35.205917358 0.041339371 0.996890783 -0.067080401 -1.928676605 -0.998364866 0.043866668 0.036650106 56.229503632
0.041548729 0.065595910 0.996980846 35.955818176 0.039335944 0.996961534 -0.067233957 -1.977243185 -0.998361886 0.042010669 0.038842205 56.271430969
0.044566143 0.064715810 0.996908069 36.723648071 0.036968626 0.997109175 -0.066381529 -2.035885096 -0.998322189 0.039812688 0.042044856 56.308753967
0.047842283 0.066870198 0.996613979 37.486083984 0.035506193 0.997012079 -0.068601385 -2.081275225 -0.998223662 0.038668018 0.045325030 56.347492218
0.050832953 0.071052343 0.996176481 38.259159088 0.033945289 0.996766746 -0.072826587 -2.124710083 -0.998130143 0.037517499 0.048256714 56.395084381
0.054616217 0.072949223 0.995839059 39.031108856 0.034222402 0.996604860 -0.074882247 -2.179002762 -0.997920811 0.038169790 0.051934294 56.435192108
0.057217520 0.075336821 0.995515168 39.797222137 0.028525023 0.996618330 -0.077059783 -2.227468014 -0.997954130 0.032806270 0.054875046 56.495708466
0.059725463 0.074241661 0.995450139 40.579105377 0.024326907 0.996825874 -0.075803839 -2.286004305 -0.997918427 0.028743649 0.057729825 56.559020996
0.063629217 0.074758291 0.995169580 41.341678619 0.027032271 0.996695161 -0.076601297 -2.336363077 -0.997607470 0.031775780 0.061398055 56.609779358
0.066851802 0.075996436 0.994864523 42.127845764 0.025608748 0.996635914 -0.077852570 -2.398223639 -0.997434199 0.030681822 0.064680740 56.670734406
0.070414066 0.077427991 0.994508386 42.912117004 0.021985214 0.996620297 -0.079149038 -2.446301460 -0.997275531 0.027437683 0.068473831 56.740131378
0.074626423 0.075071521 0.994381785 43.703670502 0.021067364 0.996821046 -0.076836735 -2.503864527 -0.996988952 0.026683057 0.072807647 56.804473877
0.079107255 0.074576169 0.994072676 44.508262634 0.020952743 0.996852994 -0.076452151 -2.574486494 -0.996645808 0.026876468 0.077295743 56.882770538
0.084372662 0.078552723 0.993333161 45.294269562 0.017631916 0.996613979 -0.080309808 -2.623311281 -0.996278286 0.024290321 0.082701944 56.947025299
0.089880697 0.087151937 0.992132068 46.079246521 0.015393103 0.995923400 -0.088879503 -2.684045792 -0.995833635 0.023260541 0.088172749 57.033092499
0.097334817 0.091676541 0.991020381 46.881771088 0.014382533 0.995514929 -0.093504928 -2.749158382 -0.995147765 0.023354672 0.095579736 57.118831635
0.104839414 0.095444761 0.989898503 47.684513092 0.009360297 0.995245099 -0.096951619 -2.807489395 -0.994445086 0.019430093 0.103447534 57.213310242
0.112013772 0.092941046 0.989350855 48.476615906 0.006513412 0.995526373 -0.094258651 -2.882524729 -0.993685305 0.017002312 0.110907324 57.308410645
0.119199499 0.091637477 0.988632441 49.285232544 0.006349696 0.995640814 -0.093052693 -2.947797298 -0.992850065 0.017369349 0.118098028 57.418468475
0.126695573 0.088233612 0.988009691 50.110370636 0.006020145 0.995949209 -0.089714661 -3.015256166 -0.991923392 0.017314408 0.125651181 57.532138824
0.134084433 0.082209602 0.987554133 50.915019989 0.004111924 0.996498287 -0.083512455 -3.088320971 -0.990961432 0.015258467 0.133276850 57.649566650
0.141830385 0.075171299 0.987032652 51.730804443 0.001704658 0.997092485 -0.076182395 -3.143766642 -0.989889562 0.012487531 0.141289860 57.761154175
0.149106711 0.072406881 0.986166537 52.530937195 0.001423864 0.997298777 -0.073439509 -3.211616755 -0.988820076 0.012354490 0.148600832 57.890136719
0.156213954 0.074118890 0.984938323 53.331939697 0.001101735 0.997166872 -0.075213835 -3.272982121 -0.987722635 0.012834592 0.155689701 58.026401520
0.161924526 0.080774941 0.983491719 54.112419128 0.001985400 0.996615589 -0.082179688 -3.328616858 -0.986801147 0.015259533 0.161216170 58.158851624
0.167555854 0.084468275 0.982237279 54.889980316 0.000423892 0.996316433 -0.085751340 -3.384826422 -0.985862494 0.014784502 0.166902840 58.286964417
0.172479466 0.087210841 0.981144786 55.659210205 -0.000617793 0.996082246 -0.088429980 -3.452463865 -0.985012889 0.014646212 0.171857595 58.434619904
0.177435204 0.086743243 0.980302155 56.440174103 -0.003755147 0.996160328 -0.087466806 -3.524564505 -0.984125257 0.011838512 0.177079663 58.586837769
0.182640716 0.083662204 0.979613662 57.208999634 0.000253324 0.996368885 -0.085140385 -3.589957476 -0.983179688 0.015798260 0.181956336 58.730655670
0.187032297 0.077425197 0.979297817 57.968868256 0.000957588 0.996874332 -0.078997716 -3.644039631 -0.982353330 0.015712889 0.186373547 58.880950928
0.190691888 0.071229666 0.979062259 58.719501495 -0.000437463 0.997369945 -0.072476409 -3.700056076 -0.981649756 0.013392363 0.190221548 59.029178619
0.193613112 0.067795016 0.978732765 59.457996368 -0.004396893 0.997659504 -0.068236247 -3.760362625 -0.981068134 0.008908050 0.193458036 59.188358307
0.196873471 0.067657582 0.978091598 60.192989349 -0.006209576 0.997682095 -0.067762837 -3.815116882 -0.980409265 0.007267172 0.196837261 59.342197418
0.199158415 0.069885358 0.977472186 60.902374268 -0.007718964 0.997534871 -0.069747023 -3.860458612 -0.979936838 0.006345633 0.199206918 59.490665436
0.200672463 0.074322157 0.976835072 61.602268219 -0.011858249 0.997229338 -0.073437780 -3.911262035 -0.979586601 0.003153385 0.200997785 59.643444061
0.202684104 0.078491062 0.976093411 62.291313171 -0.012902893 0.996909976 -0.077485740 -3.961996078 -0.979159117 0.003110699 0.203070551 59.797237396
0.204339907 0.083643414 0.975319922 62.968441010 -0.012994731 0.996486783 -0.082736149 -4.014894962 -0.978813708 0.004232277 0.204708949 59.952751160
0.206028387 0.085454203 0.974807620 63.646991730 -0.012781478 0.996329784 -0.084639482 -4.073446274 -0.978462517 0.004978654 0.206364423 60.099151611
0.207108930 0.085733086 0.974554062 64.308868408 -0.015268118 0.996314883 -0.084402665 -4.123531342 -0.978198767 0.002600939 0.207654640 60.248325348
0.208622634 0.082196347 0.974535942 64.991462708 -0.014515529 0.996612370 -0.080950968 -4.184506416 -0.977888465 0.002742299 0.209109023 60.390777588
0.209348619 0.079598173 0.974595964 65.645980835 -0.014490442 0.996824384 -0.078301005 -4.237814426 -0.977733612 0.002269883 0.209837258 60.532264709
0.209565654 0.078359954 0.974649608 66.299629211 -0.013264485 0.996919692 -0.077298343 -4.287718773 -0.977704585 0.003270855 0.209959552 60.673847198
0.207783997 0.077516682 0.975098431 66.927474976 -0.013645659 0.996987760 -0.076349042 -4.338349819 -0.978079498 0.002558250 0.208215863 60.812534332
0.206394613 0.078321718 0.975329101 67.556030273 -0.014015834 0.996925533 -0.077090003 -4.384743214 -0.978368402 0.002240909 0.206857800 60.947639465
0.202879295 0.081401646 0.975814402 68.174743652 -0.015571854 0.996680856 -0.079904802 -4.440531254 -0.979079902 0.001015792 0.203473479 61.106426239
0.201584280 0.084881715 0.975786209 68.764755249 -0.012763697 0.996380866 -0.084036402 -4.488887310 -0.979387939 0.004485779 0.201938137 61.211215973
0.200277135 0.085698090 0.975984037 69.366806030 -0.010673259 0.996298850 -0.085291669 -4.534579754 -0.979681134 0.006665039 0.200450554 61.326782227
0.197547957 0.084586978 0.976637006 69.956809998 -0.011199156 0.996400058 -0.084033377 -4.577638626 -0.980229259 0.005663110 0.197784096 61.456905365
0.195293292 0.081587292 0.977345407 70.539916992 -0.011738112 0.996656835 -0.080853872 -4.627303600 -0.980674624 0.004318028 0.195598096 61.573532104
0.193100989 0.077569164 0.978107870 71.116546631 -0.011114552 0.996979058 -0.076871492 -4.676734924 -0.981115878 0.003972727 0.193379775 61.687839508
0.191715822 0.076597840 0.978456855 71.680686951 -0.007385665 0.997034132 -0.076605022 -4.724326611 -0.981422663 0.007459839 0.191712946 61.787429810
0.189733580 0.078175448 0.978718460 72.237602234 -0.003812491 0.996876299 -0.078886725 -4.764297962 -0.981828213 0.011236104 0.189438969 61.895236969
0.187059417 0.080164738 0.979072213 72.783081055 0.000516429 0.996656597 -0.081703179 -4.807372093 -0.982348442 0.015788971 0.186392590 61.997863770
0.185660779 0.082117297 0.979176521 73.327835083 -0.000222856 0.996505439 -0.083528288 -4.846302032 -0.982613921 0.015289710 0.185030267 62.098159790
0.183823228 0.084528990 0.979318082 73.871650696 -0.001030261 0.996311605 -0.085802399 -4.890291691 -0.982958794 0.014763522 0.183232307 62.207183838
0.182615027 0.082853392 0.979687274 74.424133301 0.000649749 0.996432483 -0.084390692 -4.938393593 -0.983184338 0.016047556 0.181909710 62.309551239
0.183513686 0.081575610 0.979626536 74.975730896 0.006825331 0.996421039 -0.084252715 -4.974038601 -0.982993484 0.022147804 0.182300135 62.400711060
0.185622081 0.079511538 0.979398966 75.526023865 0.012063281 0.996461272 -0.083183035 -5.016448975 -0.982547164 0.027255375 0.184006020 62.499286652
0.187477261 0.078991957 0.979087651 76.088096619 0.014773305 0.996421814 -0.083219267 -5.062174797 -0.982157826 0.030066080 0.185639471 62.610610962
0.189945921 0.079214409 0.978593767 76.640502930 0.011546651 0.996490657 -0.082904324 -5.103784561 -0.981726646 0.027046818 0.188364670 62.742572784
0.196272209 0.079712488 0.977303982 77.195075989 0.009864964 0.996479213 -0.083257660 -5.150603294 -0.980499804 0.025982231 0.194794789 62.844158173
0.202795342 0.078424625 0.976075649 77.756782532 0.011200800 0.996536672 -0.082395762 -5.193913937 -0.979157031 0.027642302 0.201214597 62.964519501
0.210429206 0.078937829 0.974416971 78.326385498 0.009405024 0.996525168 -0.082759857 -5.230840683 -0.977563858 0.026579507 0.208955586 63.092514038
0.218749821 0.076942906 0.972742677 78.899734497 0.009954211 0.996658385 -0.081073105 -5.273179531 -0.975730240 0.027417615 0.217252970 63.235492706
0.227697715 0.076466434 0.970724821 79.479591370 0.006494694 0.996770382 -0.080041528 -5.320720196 -0.973710179 0.024529837 0.226465732 63.382526398
0.236971691 0.076265179 0.968518555 80.065544128 0.004798515 0.996809959 -0.079667047 -5.368559361 -0.971504688 0.023526285 0.235849798 63.544631958
0.247104689 0.080362536 0.965650558 80.665397644 -0.000598805 0.996567488 -0.082782246 -5.409242630 -0.968988538 0.019877644 0.246304631 63.702587128
0.256072104 0.082534090 0.963127792 81.263160706 -0.003785800 0.996426404 -0.084381022 -5.452281475 -0.966650248 0.017961413 0.255469471 63.886741638
0.267396301 0.085314475 0.959802330 81.865242004 -0.008010723 0.996235132 -0.086321138 -5.498976231 -0.963553429 0.015393240 0.267073035 64.056976318
0.277620167 0.087114923 0.956732988 82.472709656 -0.009301187 0.996077180 -0.087998413 -5.547366619 -0.960645914 0.015531384 0.277341425 64.243095398
0.287065357 0.087946109 0.953865290 83.077537537 -0.012954964 0.996041834 -0.087935999 -5.596164703 -0.957823396 0.012886096 0.287068546 64.440696716
0.297517896 0.088131703 0.950639725 83.709655762 -0.013495019 0.996018946 -0.088115215 -5.645801544 -0.954620838 0.013386960 0.297522873 64.649719238
0.307497025 0.089383774 0.947341621 84.354202271 -0.017795675 0.995944321 -0.088193268 -5.690795422 -0.951382637 0.010260583 0.307840616 64.875312805
0.317401499 0.084671214 0.944503605 85.001930237 -0.017224982 0.996356249 -0.083531149 -5.738596439 -0.948134780 0.010243854 0.317703456 65.109825134
0.328639865 0.077886946 0.941238284 85.663604736 -0.014117864 0.996887505 -0.077562556 -5.786259174 -0.944349825 0.012201873 0.328716516 65.339332581
0.339666754 0.073351502 0.937681317 86.331474304 -0.012229486 0.997214437 -0.073578551 -5.835751534 -0.940466344 0.013524830 0.339617670 65.585525513
0.349989682 0.070015021 0.934133351 87.016387939 -0.013092688 0.997471154 -0.069856882 -5.885390759 -0.936662018 0.012218872 0.350021273 65.854576111
0.359209836 0.067934982 0.930780947 87.688247681 -0.007076278 0.997516572 -0.070074923 -5.923150539 -0.933229983 0.018585140 0.358798504 66.114631653
0.367728978 0.062623531 0.927822053 88.391288757 -0.000421456 0.997741044 -0.067175686 -5.960958004 -0.929932952 0.024311410 0.366924644 66.392951965
0.374957234 0.053001303 0.925525725 89.110755920 0.009197665 0.998102486 -0.060883742 -6.004616261 -0.926996410 0.031341475 0.373758286 66.668724060
0.381970137 0.048742220 0.922888398 89.826179504 0.014111708 0.998184144 -0.058559589 -6.046614647 -0.924066901 0.035391543 0.380588681 66.962181091
0.389272243 0.048936795 0.919821858 90.547729492 0.015988400 0.998078346 -0.059866589 -6.092764854 -0.920983911 0.038010877 0.387741774 67.273506165
0.396883309 0.055119283 0.916212618 91.260429382 0.018527338 0.997510791 -0.068035834 -6.135744095 -0.917681992 0.043977261 0.394874156 67.571388245
0.404043049 0.059060052 0.912831366 91.960639954 0.022866305 0.996949613 -0.074623711 -6.178657532 -0.914454043 0.051024277 0.401460052 67.876815796
0.409033537 0.061450303 0.910448015 92.669982910 0.020505467 0.996859133 -0.076494999 -6.230091572 -0.912288964 0.049958177 0.406488687 68.209930420
0.413575023 0.062505946 0.908321977 93.374053955 0.013810826 0.997095287 -0.074903160 -6.293223381 -0.910365283 0.043522757 0.411510438 68.548324585
0.417751878 0.066556342 0.906120121 94.068679810 0.006653713 0.997062385 -0.076303817 -6.347086906 -0.908536792 0.037905119 0.416081786 68.874855042
0.421852827 0.069958366 0.903961301 94.753517151 0.005423397 0.996806145 -0.079674654 -6.403409481 -0.906648099 0.038513519 0.420126021 69.203002930
0.425481945 0.074270278 0.901914120 95.417282104 0.002182325 0.996539354 -0.083091952 -6.460443497 -0.904964209 0.037322395 0.423847437 69.526283264
0.429213017 0.077043518 0.899911344 96.091972351 -0.000481698 0.996374667 -0.085072212 -6.518617630 -0.903203189 0.036080614 0.427694052 69.857284546
0.433231950 0.075434141 0.898120165 96.735801697 -0.001738383 0.996559381 -0.082863599 -6.578682423 -0.901280820 0.034337878 0.431872427 70.163925171
0.437344700 0.072092302 0.896399617 97.385246277 -0.000558101 0.996803164 -0.079894885 -6.638981819 -0.899293780 0.034441326 0.435986787 70.481834412
0.440712363 0.069249168 0.894973338 98.024192810 -0.000760881 0.997048378 -0.076772615 -6.695490837 -0.897648096 0.033153672 0.439464241 70.800300598
0.444224149 0.068791866 0.893270671 98.661911011 -0.001939661 0.997119188 -0.075824767 -6.748937130 -0.895913661 0.031950552 0.443077862 71.133453369
0.447710454 0.070384175 0.891404152 99.288215637 -0.004235690 0.997052968 -0.076598689 -6.806259632 -0.894168556 0.030518319 0.446689129 71.455596924
0.450313359 0.071156219 0.890030682 99.886535645 -0.003514920 0.996952951 -0.077926062 -6.852827549 -0.892863631 0.031962760 0.449191391 71.757102966
0.452750444 0.069400497 0.888932288 100.495056152 -0.001423058 0.997021198 -0.077114388 -6.903564930 -0.891636133 0.033648569 0.451500565 72.063713074
0.454503268 0.068477087 0.888109028 101.084396362 0.000589521 0.997017324 -0.077176102 -6.947919846 -0.890744865 0.035600346 0.453107297 72.365150452
0.456360161 0.067898609 0.887200713 101.669151306 -0.000598923 0.997107506 -0.076001830 -7.003942966 -0.889794946 0.034152843 0.455080777 72.671501160
0.458343178 0.067259714 0.886226654 102.241203308 0.001053179 0.997090638 -0.076218374 -7.050219536 -0.888774693 0.035867531 0.456938863 72.970382690
0.460922241 0.069148712 0.884742379 102.813186646 -0.000068163 0.996962368 -0.077883981 -7.102969646 -0.887440503 0.035838146 0.459526896 73.268569946
0.463662207 0.069154963 0.883309007 103.365959167 0.003220675 0.996811092 -0.079731710 -7.148345947 -0.886006176 0.039813437 0.461961001 73.558555603
0.466487765 0.068219632 0.881892920 103.919189453 0.004945141 0.996804655 -0.079724506 -7.200639248 -0.884513736 0.041551597 0.464659810 73.858116150
0.469721586 0.066419765 0.880312383 104.461830139 0.007680270 0.996820569 -0.079308406 -7.250902176 -0.882781088 0.044013914 0.467718035 74.146255493
0.473167747 0.065439753 0.878538489 104.984390259 0.009583104 0.996795952 -0.079409741 -7.292053699 -0.880920172 0.045993250 0.471024662 74.422096252
0.476687849 0.065061286 0.876661718 105.481529236 0.010103478 0.996786058 -0.079470105 -7.338647842 -0.879014611 0.046739750 0.474498391 74.684516907
0.480282158 0.064366817 0.874749124 105.995529175 0.010956563 0.996785700 -0.079362378 -7.381431103 -0.877045631 0.047700573 0.478033096 74.966224670
0.483653396 0.063710369 0.872937858 106.501831055 0.012493682 0.996743083 -0.079668306 -7.427819252 -0.875170410 0.049438044 0.481282234 75.247268677
0.487495333 0.064895198 0.870710611 106.994354248 0.012273845 0.996626258 -0.081151769 -7.471389294 -0.873039424 0.050248075 0.485054106 75.531257629
0.491546869 0.065187007 0.868407965 107.490219116 0.013781911 0.996487260 -0.082602285 -7.521625042 -0.870742083 0.052571215 0.488921821 75.814140320
0.496719420 0.068226516 0.865225434 107.986808777 0.011829542 0.996280611 -0.085352018 -7.572089195 -0.867830575 0.052631225 0.494064867 76.105873108
0.501868248 0.074340977 0.861743391 108.468750000 0.008387465 0.995834351 -0.090793513 -7.617651463 -0.864903390 0.052794229 0.499154150 76.395385742
0.507855892 0.081551909 0.857573211 108.949523926 0.003476975 0.995306611 -0.096708901 -7.661224842 -0.861434996 0.052095950 0.505188823 76.692306519
0.513931036 0.087778389 0.853328705 109.433479309 -0.001846524 0.994861782 -0.101225220 -7.714972019 -0.857829511 0.050447095 0.511452496 76.996467590
0.520147622 0.092166200 0.849088848 109.916946411 -0.005379169 0.994494021 -0.104654275 -7.769958973 -0.854059517 0.049868286 0.517779529 77.318389893
0.525630116 0.092646189 0.845653415 110.400177002 -0.009850215 0.994648397 -0.102846876 -7.820837498 -0.850656211 0.045729540 0.523729742 77.631294250
0.531326711 0.091487795 0.842212498 110.887252808 -0.016319821 0.995072544 -0.097796977 -7.871615887 -0.847009778 0.038217388 0.530201674 77.941238403
0.537318051 0.089105502 0.838659346 111.389350891 -0.022400921 0.995560110 -0.091423839 -7.922110558 -0.843082130 0.030336939 0.536928415 78.281723022
0.542993546 0.087335639 0.835182965 111.889038086 -0.028706791 0.995926142 -0.085480958 -7.976378918 -0.839246035 0.022440182 0.543288589 78.628677368
0.549129069 0.085446566 0.831358016 112.401641846 -0.031460702 0.996167898 -0.081605218 -8.026648521 -0.835145235 0.018656686 0.549713016 78.982452393
0.555267274 0.089097448 0.826885760 112.911895752 -0.036541298 0.995898485 -0.082770608 -8.068903923 -0.830868781 0.015744328 0.556245446 79.341156006
0.561523318 0.092929244 0.822226107 113.431602478 -0.040451325 0.995568395 -0.084895223 -8.117292404 -0.826471627 0.014410508 0.562793970 79.713996887
0.567367911 0.096322350 0.817811489 113.957862854 -0.043091413 0.995247304 -0.087325595 -8.163702011 -0.822336197 0.014305092 0.568822086 80.099967957
0.573557615 0.098640345 0.813204587 114.490936279 -0.045504864 0.995027244 -0.088600293 -8.209564209 -0.817900360 0.013812614 0.575194061 80.492408752
