1.000000000 0.000000000 0.000000000 0.000000000 0.000000000 1.000000000 0.000000000 0.000000000 0.000000000 0.000000000 1.000000000 0.000000000
0.999998629 0.000767095 0.001456298 -0.006241769 -0.000760437 0.999989271 -0.004567353 -0.002401665 -0.001459786 0.004566239 0.999988496 0.964017808
0.999996662 -0.001444662 0.002150614 -0.002706344 0.001456131 0.999984682 -0.005340966 -0.000962131 -0.002142865 0.005344079 0.999983430 1.918493629
0.999993443 -0.002421405 0.002701067 -0.010738268 0.002424779 0.999996245 -0.001246638 -0.004392688 -0.002698037 0.001253179 0.999995530 2.850611210
0.999985933 -0.004867549 0.002112496 -0.008414524 0.004856957 0.999975741 0.004991025 -0.008401401 -0.002136738 -0.004980694 0.999985278 3.799067974
0.999963939 -0.008472772 0.000551302 -0.005214937 0.008469885 0.999951303 0.005045885 -0.005511597 -0.000594028 -0.005041034 0.999987125 4.737120628
0.999938786 -0.011062488 -0.000177162 -0.005864507 0.011062837 0.999936700 0.002104757 -0.001841839 0.000153867 -0.002106589 0.999997735 5.668001175
0.999930084 -0.011761025 -0.001208959 -0.007977040 0.011759143 0.999929667 -0.001551283 0.004574933 0.001227119 0.001536958 0.999998093 6.597033024
0.999933660 -0.011406987 -0.001609922 -0.015498186 0.011404017 0.999933302 -0.001840646 -0.002422689 0.001630810 0.001822164 0.999997020 7.520771027
0.999932706 -0.011275756 -0.002748533 -0.024403334 0.011275811 0.999936402 0.000004393 -0.001545470 0.002748308 -0.000035384 0.999996185 8.435385704
0.999935508 -0.010927027 -0.003088930 -0.034667589 0.010935565 0.999936402 0.002760916 0.002260670 0.003058565 -0.002794517 0.999991357 9.374192238
0.999929190 -0.011206743 -0.003997616 -0.043416515 0.011224269 0.999927402 0.004388931 0.004065294 0.003948140 -0.004433491 0.999982357 10.295251846
0.999911964 -0.012404606 -0.004698233 -0.046251979 0.012428972 0.999909282 0.005193140 0.006142672 0.004633387 -0.005251078 0.999975502 11.207666397
0.999903321 -0.012693848 -0.005684617 -0.053096455 0.012724823 0.999904156 0.005446173 0.006426249 0.005614939 -0.005517982 0.999969065 12.122426033
0.999895334 -0.013011025 -0.006322751 -0.058936700 0.013035661 0.999907553 0.003870805 0.011555266 0.006271803 -0.003952822 0.999972522 13.020924568
0.999882936 -0.013477743 -0.007230937 -0.081530318 0.013491148 0.999907374 0.001808049 0.017156959 0.007205897 -0.001905391 0.999972224 13.929537773
0.999849796 -0.014692751 -0.009187112 -0.080420360 0.014695770 0.999891996 0.000261252 0.023847196 0.009182280 -0.000396224 0.999957800 14.833403587
0.999833882 -0.014551128 -0.010976837 -0.093888424 0.014550483 0.999894083 -0.000138745 0.019290099 0.010977695 -0.000020996 0.999939680 15.730935097
0.999839544 -0.013187179 -0.012125625 -0.120310284 0.013175565 0.999912620 -0.001037199 0.020711008 0.012138244 0.000877271 0.999925852 16.633214951
0.999836266 -0.011474084 -0.013989331 -0.133469492 0.011460613 0.999933779 -0.001042769 0.019688062 0.014000371 0.000882272 0.999901593 17.527366638
0.999811351 -0.012331810 -0.015005112 -0.156358153 0.012330007 0.999923944 -0.000212669 0.019678151 0.015006592 0.000027616 0.999887407 18.422292709
0.999790847 -0.011904336 -0.016628277 -0.172118679 0.011928576 0.999928057 0.001359389 0.016168769 0.016610902 -0.001557457 0.999860823 19.305637360
0.999765038 -0.011534351 -0.018350136 -0.189270675 0.011565087 0.999931931 0.001569790 0.022161402 0.018330779 -0.001781642 0.999830425 20.188987732
0.999719799 -0.012762994 -0.019934464 -0.209281430 0.012801982 0.999916375 0.001829436 0.019594416 0.019909445 -0.002084124 0.999799609 21.067445755
0.999682665 -0.012616848 -0.021801984 -0.231231630 0.012635135 0.999920011 0.000701293 0.025279466 0.021791387 -0.000976541 0.999762058 21.942407608
0.999671102 -0.012423243 -0.022435527 -0.252930582 0.012461227 0.999921083 0.001554062 0.020413250 0.022414450 -0.001833125 0.999747097 22.802362442
0.999644220 -0.012270583 -0.023683999 -0.274743825 0.012350508 0.999918520 0.003231339 0.026215304 0.023642421 -0.003522699 0.999714255 23.660005569
0.999611378 -0.013427098 -0.024428913 -0.295820832 0.013582953 0.999888420 0.006225286 0.027138084 0.024342602 -0.006554685 0.999682188 24.504503250
0.999604762 -0.013000534 -0.024925796 -0.322642535 0.013198952 0.999882340 0.007812425 0.027683869 0.024821294 -0.008138333 0.999658763 25.346061707
0.999598920 -0.012516020 -0.025404163 -0.352142870 0.012683301 0.999898791 0.006434372 0.033927113 0.025321057 -0.006753998 0.999656558 26.176752090
0.999598086 -0.010498298 -0.026335875 -0.379188627 0.010608072 0.999935567 0.004032000 0.034264617 0.026291847 -0.004309752 0.999644995 26.990283966
0.999581575 -0.010441779 -0.026972571 -0.405404419 0.010511705 0.999941766 0.002452017 0.034979589 0.026945394 -0.002734519 0.999633193 27.781444550
0.999567211 -0.009444890 -0.027858930 -0.434693813 0.009503967 0.999952912 0.001989045 0.039156221 0.027838826 -0.002252954 0.999609947 28.576564789
0.999536991 -0.009417684 -0.028935101 -0.463520050 0.009465806 0.999954045 0.001526628 0.037433162 0.028919395 -0.001799815 0.999580204 29.362289429
0.999465704 -0.009446983 -0.031288885 -0.485940129 0.009477378 0.999954760 0.000823226 0.034936599 0.031279687 -0.001119323 0.999510050 30.155483246
0.999397039 -0.009722124 -0.033334810 -0.514511883 0.009756002 0.999952078 0.000853726 0.034681700 0.033324912 -0.001178426 0.999443889 30.921203613
0.999351680 -0.009110130 -0.034830838 -0.552022696 0.009171139 0.999956727 0.001592234 0.042177591 0.034814827 -0.001910641 0.999391913 31.685817719
0.999250710 -0.009785137 -0.037445549 -0.569693863 0.009939631 0.999942780 0.003941847 0.042602472 0.037404828 -0.004311087 0.999291003 32.442401886
0.999182403 -0.008848539 -0.039449763 -0.604963779 0.009067602 0.999944389 0.005377459 0.045632407 0.039399989 -0.005730778 0.999207079 33.176948547
0.999124646 -0.007532554 -0.041149616 -0.644088030 0.007763682 0.999954939 0.005459865 0.047631368 0.041106634 -0.005774558 0.999138057 33.903572083
0.999061704 -0.004953361 -0.043027461 -0.681856930 0.005169387 0.999974608 0.004910853 0.045781195 0.043002043 -0.005128670 0.999061823 34.630184174
0.998975635 -0.003309590 -0.045131199 -0.713122189 0.003499134 0.999985456 0.004121493 0.051878624 0.045116901 -0.004275192 0.998972535 35.336109161
0.998902440 -0.002842424 -0.046752490 -0.747586548 0.003087551 0.999981940 0.005171713 0.057325304 0.046736933 -0.005310388 0.998893142 36.043041229
0.998868346 -0.001733785 -0.047529481 -0.790266335 0.002071469 0.999972939 0.007056397 0.059041798 0.047515955 -0.007146868 0.998844922 36.737525940
0.998850882 0.000870654 -0.047917739 -0.825604022 -0.000505825 0.999970794 0.007625246 0.061750263 0.047922984 -0.007592247 0.998822153 37.412200928
0.998910785 0.004394180 -0.046453413 -0.866964459 -0.004149862 0.999976993 0.005354541 0.065420166 0.046475872 -0.005155934 0.998906195 38.085941315
0.998978496 0.005841400 -0.044808321 -0.900133789 -0.005725763 0.999980032 0.002708644 0.059583507 0.044823252 -0.002449316 0.998991907 38.730636597
0.999054372 0.005997361 -0.043062337 -0.925108969 -0.005971820 0.999981880 0.000721761 0.066537112 0.043065883 -0.000463919 0.999072075 39.377372742
0.999196768 0.007126529 -0.039433531 -0.962912977 -0.007067586 0.999973595 0.001633962 0.068381637 0.039444137 -0.001353950 0.999220788 40.012554169
0.999264777 0.011992498 -0.036413714 -0.991778016 -0.011841773 0.999920428 0.004352096 0.069389448 0.036463011 -0.003917693 0.999327302 40.651241302
0.999332368 0.016430045 -0.032627981 -1.016478062 -0.016191229 0.999840260 0.007570120 0.072663382 0.032747142 -0.007036780 0.999438882 41.279830933
0.999368906 0.021253062 -0.028459094 -1.038554549 -0.021019768 0.999743164 0.008471875 0.077048510 0.028631840 -0.007868325 0.999559104 41.886947632
0.999419093 0.025046799 -0.023108903 -1.059677362 -0.024850575 0.999652982 0.008739938 0.083280861 0.023319788 -0.008160593 0.999694705 42.469367981
0.999435008 0.029013850 -0.016964223 -1.083101630 -0.028836066 0.999527574 0.010632431 0.091514617 0.017264694 -0.010137244 0.999799550 43.045200348
0.999373734 0.033769444 -0.010574111 -1.089977384 -0.033642329 0.999362111 0.011977762 0.087773800 0.010971851 -0.011614522 0.999872327 43.596324921
0.999300122 0.037237164 -0.003561973 -1.096091509 -0.037193492 0.999240458 0.011629065 0.091417730 0.003992301 -0.011488444 0.999925971 44.128990173
0.999168992 0.040595047 0.003654565 -1.097037315 -0.040635325 0.999105334 0.011715660 0.092474192 -0.003175696 -0.011854431 0.999924660 44.637413025
0.998952985 0.044442102 0.010861190 -1.091254473 -0.044562116 0.998945355 0.011069726 0.098343581 -0.010357770 -0.011542135 0.999879658 45.134239197
0.998649538 0.048502430 0.018621944 -1.086108088 -0.048664387 0.998780429 0.008344185 0.102995396 -0.018194512 -0.009239144 0.999791741 45.614704132
0.998323143 0.051133323 0.027133251 -1.087954879 -0.051301368 0.998667896 0.005533352 0.099021256 -0.026814166 -0.006916048 0.999616444 46.060005188
0.998057604 0.051494248 0.035064049 -1.072835326 -0.051705882 0.998649001 0.005155010 0.102397487 -0.034751225 -0.006958013 0.999371707 46.487968445
0.997790217 0.050659157 0.042992689 -1.048789978 -0.050984696 0.998678267 0.006508948 0.103377044 -0.042606119 -0.008686533 0.999054193 46.883972168
0.997314990 0.052652668 0.050898526 -1.026437759 -0.053089030 0.998563349 0.007258607 0.106350496 -0.050443217 -0.009941271 0.998677433 47.274620056
0.996666729 0.055533729 0.059763342 -1.012811899 -0.056081183 0.998397887 0.007521099 0.104248434 -0.059249926 -0.010847627 0.998184264 47.638294220
0.995847046 0.060489211 0.068042397 -0.980264664 -0.061092038 0.998108923 0.006812064 0.107572526 -0.067501664 -0.010940623 0.997659147 47.963382721
0.994935095 0.064210549 0.077337205 -0.965879202 -0.064941958 0.997864664 0.006977309 0.104551673 -0.076724052 -0.011964402 0.996980608 48.264945984
0.994194925 0.063561186 0.086812116 -0.937340260 -0.064470746 0.997889817 0.007711167 0.102422297 -0.086138800 -0.013263246 0.996194899 48.549629211
0.993301153 0.062314183 0.097311996 -0.896473885 -0.063165039 0.997986913 0.005684537 0.104314357 -0.096761890 -0.011793173 0.995237648 48.825122833
0.992164254 0.060851227 0.109119453 -0.862396240 -0.061364070 0.998114526 0.001344855 0.100306369 -0.108831897 -0.008030333 0.994027734 49.079933167
0.990554988 0.061892632 0.122352451 -0.820605755 -0.062005490 0.998071611 -0.002888574 0.102766514 -0.122295290 -0.004725235 0.992482483 49.345245361
0.988409579 0.063426368 0.137925819 -0.782231808 -0.063339807 0.997979403 -0.005021113 0.099584162 -0.137965605 -0.003773279 0.990429878 49.609878540
0.985921800 0.065082774 0.154020756 -0.731270313 -0.064842634 0.997873724 -0.006587542 0.101468444 -0.154122025 -0.003492311 0.988045633 49.866436005
0.983070850 0.065838218 0.170988411 -0.676886559 -0.065490671 0.997823596 -0.007678620 0.099489182 -0.171121821 -0.003649520 0.985243082 50.122013092
0.979831576 0.065069094 0.188934192 -0.616764069 -0.064587779 0.997874022 -0.008709988 0.091265738 -0.189099282 -0.003668520 0.981951058 50.354801178
0.975975811 0.064267270 0.208184749 -0.548104286 -0.063811339 0.997922242 -0.008912352 0.086921334 -0.208324939 -0.004586307 0.978048861 50.598155975
0.971453846 0.064279176 0.228354186 -0.474643707 -0.063642308 0.997920990 -0.010159664 0.083561897 -0.228532493 -0.004663343 0.973525047 50.839965820
0.966130972 0.066540383 0.249325901 -0.398783684 -0.065440156 0.997775495 -0.012708719 0.086805165 -0.249616921 -0.004037639 0.968336225 51.092151642
0.959824979 0.068016648 0.272230983 -0.314965248 -0.066515416 0.997676373 -0.014750130 0.079858541 -0.272601634 -0.003950017 0.962118864 51.335666656
0.952533901 0.069138460 0.296477675 -0.221943855 -0.067498572 0.997594595 -0.015776806 0.071229994 -0.296855301 -0.004983878 0.954909384 51.572937012
0.943951607 0.072050095 0.322124362 -0.123333931 -0.070429794 0.997376978 -0.016697854 0.064471543 -0.322482497 -0.006925189 0.946550071 51.818477631
0.934058368 0.073894531 0.349391609 -0.015686035 -0.072266988 0.997228026 -0.017711127 0.055400312 -0.349731863 -0.008706251 0.936809301 52.054832458
0.922762275 0.074608035 0.378078490 0.096572876 -0.072770126 0.997164547 -0.019167850 0.048530459 -0.378436565 -0.009825452 0.925575018 52.293640137
0.910156667 0.072920576 0.407795817 0.240884781 -0.070359372 0.997294307 -0.021297980 0.038420677 -0.408245504 -0.009307757 0.912824750 52.525993347
0.895295918 0.070043236 0.439930856 0.389036179 -0.066206530 0.997515261 -0.024082838 0.032618761 -0.440524608 -0.007565022 0.897708654 52.751571655
0.877897859 0.069545425 0.473770738 0.542482376 -0.063725412 0.997564733 -0.028350519 0.023769259 -0.474588633 -0.005302378 0.880191743 52.966789246
0.858472764 0.071334682 0.507873893 0.707370758 -0.063065313 0.997447073 -0.033497915 0.014241815 -0.508966863 -0.003272171 0.860779881 53.186397552
0.836612940 0.073195599 0.542882264 0.889854431 -0.062547274 0.997315347 -0.038076825 0.004093647 -0.544211864 -0.002100233 0.838945210 53.412189484
0.811985254 0.075889267 0.578723371 1.090326309 -0.063395500 0.997112513 -0.041805662 -0.003989100 -0.580224931 -0.002742874 0.814451754 53.641380310
0.784596801 0.079843231 0.614843786 1.303840637 -0.066412032 0.996790707 -0.044694819 -0.017577767 -0.616439223 -0.005765612 0.787381411 53.870555878
0.754462957 0.084497996 0.650880694 1.523746490 -0.070292369 0.996377110 -0.047871869 -0.031061649 -0.652567625 -0.009634379 0.757669330 54.097911835
0.721518219 0.085393213 0.687109470 1.793437958 -0.069664389 0.996283114 -0.050663963 -0.046496391 -0.688881934 -0.011312097 0.724785268 54.337112427
0.684771955 0.083220497 0.723990083 2.063512802 -0.066365868 0.996451437 -0.051768254 -0.067216396 -0.725729167 -0.012598785 0.687865078 54.552520752
0.645822704 0.081512503 0.759123683 2.373548508 -0.063172974 0.996580064 -0.053265639 -0.090253592 -0.760869443 -0.013555950 0.648763418 54.768966675
0.602747202 0.081064954 0.793803751 2.701412201 -0.061341107 0.996589422 -0.055196654 -0.110805631 -0.795570910 -0.015423169 0.605664015 54.994098663
0.556291461 0.081341118 0.826996624 3.054935455 -0.058011852 0.996571064 -0.058997482 -0.125054240 -0.828959823 -0.015155816 0.559102654 55.199783325
0.508238256 0.080109105 0.857482612 3.458433151 -0.054714598 0.996656477 -0.060681358 -0.148336649 -0.859476686 -0.016076220 0.510922074 55.406230927
0.459839195 0.078619935 0.884515047 3.867851257 -0.052662611 0.996734321 -0.061216433 -0.164803624 -0.886439323 -0.018431159 0.462477833 55.580471039
0.409972191 0.075860262 0.908937752 4.297283173 -0.051777802 0.996863961 -0.059844472 -0.194670677 -0.910627186 -0.022528231 0.412614405 55.748847961
0.359783828 0.076365232 0.929905355 4.772909164 -0.055454243 0.996633291 -0.060389586 -0.211398721 -0.931386292 -0.029840000 0.362807333 55.914115906
0.309975594 0.076603539 0.947653532 5.220726013 -0.053515196 0.996574342 -0.063053332 -0.235558152 -0.949237227 -0.031168861 0.313013196 56.043457031
0.263294220 0.073175736 0.961936355 5.703663826 -0.041967180 0.997043967 -0.064359464 -0.266568661 -0.963802338 -0.023424277 0.265586853 56.125587463
0.219173700 0.067467473 0.973350465 6.216626167 -0.028590456 0.997622013 -0.062712014 -0.293615818 -0.975266814 -0.014083702 0.220581472 56.201492310
0.176596582 0.066193856 0.982055008 6.740925789 -0.020066738 0.997770846 -0.063644685 -0.330493927 -0.984078765 -0.008467210 0.177531227 56.268821716
0.138339892 0.067772061 0.988063276 7.244364262 -0.016546931 0.997674763 -0.066114575 -0.352473259 -0.990246594 -0.007203131 0.139139637 56.307369232
0.105632544 0.068430662 0.992047846 7.790312290 -0.007923814 0.997655630 -0.067973755 -0.389356196 -0.994373620 -0.000680561 0.105927125 56.339138031
0.077097461 0.066746198 0.994786859 8.352169037 -0.000219202 0.997757733 -0.066928536 -0.422233552 -0.997023582 0.004941960 0.076939225 56.353832245
0.052174635 0.065050393 0.996517062 8.926173210 0.006455437 0.997833431 -0.065474287 -0.457975179 -0.998617172 0.009849050 0.051641650 56.367359161
0.031965211 0.064313516 0.997417629 9.484222412 0.011520036 0.997837543 -0.064709790 -0.480717778 -0.999422610 0.013558750 0.031155193 56.365966797
0.016020430 0.066041082 0.997688234 10.071295738 0.014457021 0.997696698 -0.066273771 -0.509095252 -0.999767125 0.015485334 0.015028775 56.364830017
0.002531858 0.065809429 0.997829020 10.654976845 0.014661677 0.997722447 -0.065839604 -0.545274675 -0.999889314 0.014796544 0.001561211 56.356353760
-0.008832335 0.066874526 0.997722328 11.267547607 0.015973797 0.997643292 -0.066727825 -0.578832507 -0.999833405 0.015348051 -0.009879764 56.342559814
-0.018194230 0.069680214 0.997403383 11.922883987 0.020668261 0.997381628 -0.069301657 -0.618530631 -0.999620795 0.019353708 -0.019586759 56.334156036
-0.024559315 0.071518369 0.997136891 12.546955109 0.024858739 0.997173071 -0.070908681 -0.654799879 -0.999389172 0.023046101 -0.026267745 56.304264069
-0.028948046 0.070847698 0.997066975 13.198624611 0.025086308 0.997222364 -0.070130400 -0.693339527 -0.999265969 0.022982590 -0.030644948 56.284988403
-0.032982778 0.068230279 0.997124195 13.867956161 0.022903573 0.997456670 -0.067495435 -0.727683961 -0.999193430 0.020611521 -0.034461595 56.268028259
-0.035436604 0.061289243 0.997490764 14.541557312 0.020641809 0.997949600 -0.060584117 -0.766909182 -0.999158680 0.018443117 -0.036629058 56.252326965
-0.036644604 0.055838063 0.997767150 15.223514557 0.022149337 0.998237789 -0.055050939 -0.800000787 -0.999082804 0.020082561 -0.037816804 56.222900391
-0.037207045 0.053172860 0.997891903 15.918678284 0.024530794 0.998331070 -0.052281618 -0.834534883 -0.999006391 0.022533840 -0.038449317 56.190326691
-0.037077464 0.055441655 0.997773290 16.612121582 0.028019803 0.998124957 -0.054419972 -0.873218715 -0.998919547 0.025939653 -0.038561404 56.162418365
-0.036208354 0.063006960 0.997355998 17.313325882 0.028675780 0.997665107 -0.061985418 -0.902623296 -0.998932838 0.026355576 -0.037930582 56.139465332
-0.033999745 0.071177378 0.996884108 18.019598007 0.029508196 0.997097373 -0.070186205 -0.936854482 -0.998986125 0.027029939 -0.036001381 56.119010925
-0.031685092 0.071764648 0.996918321 18.766834259 0.030318299 0.997029006 -0.070809007 -0.977968574 -0.999037981 0.027981274 -0.033766739 56.086059570
-0.029668676 0.067439787 0.997282207 19.498247147 0.029717246 0.997339725 -0.066559605 -1.020347476 -0.999117911 0.027661743 -0.031593878 56.072490692
-0.026964530 0.060852531 0.997782528 20.245683670 0.029068530 0.997771084 -0.060066275 -1.067237973 -0.999213696 0.027384410 -0.028673319 56.052227020
-0.024274129 0.058945645 0.997965991 20.976873398 0.027614271 0.997918725 -0.058271188 -1.113735676 -0.999323964 0.026143620 -0.025851343 56.039623260
-0.021020159 0.064550966 0.997693002 21.725688934 0.035078868 0.997346759 -0.063789479 -1.158241272 -0.999163449 0.033657078 -0.023228761 56.021541595
-0.018165646 0.070167482 0.997369826 22.458141327 0.036812756 0.996904969 -0.069464289 -1.199012876 -0.999157012 0.035454072 -0.020692484 56.013191223
-0.015620383 0.070641235 0.997379482 23.200521469 0.030580049 0.997068286 -0.070140265 -1.243154049 -0.999410272 0.029404288 -0.017734800 56.012611389
-0.012495559 0.067241542 0.997658432 23.955522537 0.026255438 0.997414351 -0.066896245 -1.286195040 -0.999577165 0.025358047 -0.014228705 56.015670776
-0.007509474 0.063503772 0.997953355 24.698102951 0.030615631 0.997528374 -0.063246347 -1.336818695 -0.999503016 0.030078026 -0.009435121 55.999073029
-0.003759773 0.064544231 0.997907758 25.441183090 0.035199825 0.997304976 -0.064372629 -1.383568168 -0.999373138 0.034884151 -0.006021586 55.988700867
-0.001303903 0.069044709 0.997612715 26.175689697 0.034687519 0.997016370 -0.068958096 -1.429122925 -0.999397337 0.034514796 -0.003695003 55.994644165
0.002743526 0.069811545 0.997556448 26.932275772 0.030990249 0.997075081 -0.069863088 -1.478752375 -0.999515891 0.031106194 0.000572024 56.002510071
0.006748948 0.069400311 0.997566104 27.683389664 0.030393962 0.997113645 -0.069574460 -1.523790717 -0.999515176 0.030789541 0.004620118 56.008556366
0.010421636 0.065837495 0.997775972 28.425346375 0.034442984 0.997214377 -0.066160195 -1.576469183 -0.999352336 0.035055876 0.008124966 56.010929108
0.013783686 0.066603929 0.997684300 29.184637070 0.038560327 0.997001469 -0.067091063 -1.627767563 -0.999161184 0.039395794 0.011174087 56.016979218
0.017250007 0.067576483 0.997564971 29.926561356 0.041794639 0.996792674 -0.068246879 -1.674252033 -0.998977244 0.042870123 0.014370346 56.030117035
0.019944502 0.067524321 0.997518301 30.683609009 0.041904297 0.996783555 -0.068312421 -1.719699144 -0.998922467 0.043162756 0.017050792 56.044460297
0.022818197 0.065750889 0.997575104 31.430902481 0.043229055 0.996836782 -0.066691034 -1.772475004 -0.998804510 0.044645999 0.019903667 56.077766418
0.026638513 0.064869478 0.997538090 32.174343109 0.044764698 0.996813774 -0.066017769 -1.822976112 -0.998642266 0.046413109 0.023649778 56.088401794
0.029275855 0.065018252 0.997454524 32.919059753 0.043252356 0.996865213 -0.066249318 -1.869014025 -0.998635054 0.045081768 0.026371885 56.120441437
0.032443471 0.067279093 0.997206628 33.682682037 0.039892994 0.996849597 -0.068552919 -1.909320116 -0.998677135 0.042005647 0.029657297 56.148246765
0.035777744 0.067234211 0.997095466 34.431098938 0.041888531 0.996756554 -0.068714403 -1.955330610 -0.998481452 0.044225316 0.032845359 56.167011261
0.038695130 0.067173272 0.996990621 35.190593719 0.039711855 0.996846378 -0.068704851 -1.998317957 -0.998461604 0.042250898 0.035905518 56.199069977
0.040409710 0.067256413 0.996917188 35.956985474 0.038168442 0.996899843 -0.068802416 -2.052228689 -0.998453915 0.040831044 0.037717357 56.244388580
0.043096390 0.066960573 0.996824384 36.716487885 0.035671771 0.997011960 -0.068515398 -2.105792046 -0.998433888 0.038511254 0.040579017 56.289875031
0.047086343 0.069199711 0.996490955 37.492565155 0.034030765 0.996907234 -0.070836641 -2.151470184 -0.998310983 0.037246786 0.044585790 56.322826385
0.049696587 0.072468698 0.996131718 38.259490967 0.032662630 0.996712744 -0.074140497 -2.207551479 -0.998230159 0.036220815 0.047166198 56.375179291
0.052540854 0.074467480 0.995838344 39.022041321 0.032994699 0.996541858 -0.076260895 -2.260964870 -0.998073578 0.036864195 0.049902122 56.428924561
0.055676650 0.076964512 0.995477974 39.791427612 0.026509596 0.996559143 -0.078530759 -2.309149265 -0.998096883 0.030762052 0.053444773 56.472515106
0.058662333 0.076310493 0.995356917 40.569393158 0.022843344 0.996710360 -0.077760540 -2.359431028 -0.998016536 0.027298901 0.056726173 56.525222778
0.062217116 0.076612018 0.995117903 41.344047546 0.024911122 0.996619701 -0.078285150 -2.420139790 -0.997751772 0.029660182 0.060098313 56.583866119
0.065412566 0.077951163 0.994808912 42.115329742 0.024250969 0.996525407 -0.079680279 -2.476761341 -0.997563601 0.029337170 0.063294895 56.649700165
0.069303513 0.079104580 0.994454503 42.916320801 0.020749409 0.996521175 -0.080715030 -2.527798176 -0.997379720 0.026228176 0.067421049 56.708301544
0.073916405 0.076571688 0.994320452 43.712882996 0.019755924 0.996739864 -0.078226626 -2.588050604 -0.997068644 0.025425954 0.072162703 56.768619537
0.077997848 0.076888539 0.993984163 44.507301331 0.020008499 0.996699989 -0.078668684 -2.647966385 -0.996752799 0.026024120 0.076202013 56.843425751
0.083649404 0.080182344 0.993264079 45.314865112 0.016662044 0.996505558 -0.081847243 -2.707974672 -0.996355951 0.023396285 0.082021102 56.915653229
0.089505941 0.088737205 0.992025316 46.106121063 0.014872937 0.995793104 -0.090416111 -2.771538734 -0.995875239 0.022847110 0.087809600 56.987007141
0.096852109 0.093777470 0.990870953 46.902694702 0.013631025 0.995333076 -0.095532112 -2.832408428 -0.995205462 0.022759074 0.095121808 57.070014954
0.104261026 0.096584439 0.989848971 47.712776184 0.009128357 0.995138347 -0.098062038 -2.902261257 -0.994508147 0.019259745 0.102872506 57.165504456
0.111333892 0.094844088 0.989246845 48.521736145 0.005264899 0.995365083 -0.096023209 -2.973249435 -0.993769109 0.015898926 0.110318542 57.273933411
0.118896738 0.093006290 0.988541067 49.329967499 0.005932736 0.995518923 -0.094376355 -3.046380758 -0.992888927 0.017085794 0.117812149 57.363052368
0.126383245 0.089315705 0.987952411 50.138328552 0.005764338 0.995855510 -0.090767562 -3.116825581 -0.991964698 0.017166393 0.125344589 57.471096039
0.133997083 0.083919808 0.987422049 50.955291748 0.003526523 0.996361256 -0.085158102 -3.184288979 -0.990975440 0.014893103 0.133213550 57.587116241
0.140788808 0.076325446 0.987093210 51.779209137 0.001171800 0.997010410 -0.077259406 -3.250297070 -0.990038931 0.012033936 0.140278459 57.725212097
0.148472041 0.073744580 0.986163139 52.579582214 0.001395568 0.997199118 -0.074779928 -3.314189672 -0.988915622 0.012478990 0.147953272 57.848182678
0.155921817 0.075738937 0.984861553 53.373931885 0.000852633 0.997045338 -0.076810911 -3.373172760 -0.987768948 0.012816224 0.155396581 57.967239380
0.161698401 0.082555257 0.983381093 54.163330078 0.001276113 0.996476293 -0.083864443 -3.430958748 -0.986839414 0.014815654 0.161023289 58.102531433
0.166994736 0.086024977 0.982197821 54.945106506 -0.000372396 0.996191859 -0.087187313 -3.493282557 -0.985957682 0.014194056 0.166390836 58.239715576
0.171424046 0.089154720 0.981155097 55.728744507 -0.001268179 0.995916128 -0.090274438 -3.555926800 -0.985196531 0.014230927 0.170837030 58.397216797
0.177039891 0.088507079 0.980216026 56.497352600 -0.003108193 0.995993555 -0.089370295 -3.620524645 -0.984198809 0.012775409 0.176605716 58.543102264
0.182217792 0.085565068 0.979528069 57.238422394 0.000087364 0.996204913 -0.087038115 -3.695698261 -0.983258188 0.015945466 0.181518823 58.671913147
0.186641917 0.078961805 0.979249537 57.998008728 0.001245965 0.996744871 -0.080610022 -3.751382828 -0.982427299 0.016265318 0.185935974 58.820117950
0.190285668 0.072948374 0.979014754 58.750492096 -0.000653649 0.997244656 -0.074179694 -3.810566187 -0.981728554 0.013475396 0.189809009 58.967247009
0.193397045 0.069527477 0.978653848 59.486900330 -0.004269281 0.997536063 -0.070025273 -3.870056391 -0.981111288 0.009364530 0.193217352 59.124744415
0.196960509 0.069551185 0.977941215 60.220573425 -0.005752816 0.997545362 -0.069786787 -3.921468019 -0.980394483 0.008119324 0.196877137 59.273563385
0.198555753 0.071429327 0.977483213 60.944759369 -0.007839529 0.997424424 -0.071294084 -3.974483013 -0.980058193 0.006492844 0.198604360 59.431549072
0.199858412 0.075857528 0.976883888 61.645351410 -0.011993110 0.997113287 -0.074974746 -4.026722431 -0.979751289 0.003268456 0.200191244 59.587726593
0.202109024 0.080010287 0.976089180 62.333686829 -0.013175568 0.996789277 -0.078978933 -4.077874660 -0.979274511 0.003101825 0.202514231 59.736007690
0.204020649 0.085355379 0.975238442 63.012184143 -0.013469806 0.996342182 -0.084384538 -4.131365776 -0.978873968 0.004079916 0.204424098 59.889377594
0.205741018 0.087435082 0.974692643 63.691291809 -0.013035861 0.996157169 -0.086608917 -4.188818932 -0.978519678 0.005113049 0.206090167 60.033851624
0.207078353 0.087074727 0.974441648 64.359573364 -0.015091521 0.996197164 -0.085811660 -4.243428707 -0.978207946 0.003063932 0.207604945 60.181007385
0.207887620 0.084151022 0.974526227 65.039581299 -0.015013010 0.996449649 -0.082841523 -4.300620556 -0.978037477 0.002591155 0.208412945 60.334049225
0.208683982 0.081712298 0.974563539 65.694969177 -0.015044015 0.996653736 -0.080343060 -4.354540825 -0.977867305 0.002104963 0.209214970 60.474212646
0.208641976 0.080527596 0.974671185 66.340820312 -0.013983422 0.996748030 -0.079358250 -4.406084061 -0.977892160 0.002928228 0.209089562 60.613273621
0.207014918 0.079794444 0.975078285 66.976661682 -0.014256724 0.996808589 -0.078545928 -4.456032276 -0.978233874 0.002358756 0.207491860 60.754661560
0.205704093 0.080546156 0.975293875 67.600646973 -0.015316374 0.996749997 -0.079087675 -4.510232925 -0.978494346 0.001330695 0.206269220 60.882835388
0.202892065 0.083377540 0.975644827 68.208892822 -0.016058916 0.996517599 -0.081821740 -4.559563160 -0.979069412 0.000933182 0.203524485 61.026863098
0.200477600 0.087122522 0.975816727 68.807289124 -0.014074433 0.996191382 -0.086050071 -4.610657692 -0.979597211 0.003517045 0.200940266 61.152084351
0.198975161 0.088095397 0.976036906 69.412643433 -0.011904706 0.996095300 -0.087478921 -4.656515598 -0.979932189 0.005786699 0.199246988 61.274322510
0.196984664 0.087092280 0.976530552 69.999877930 -0.012444554 0.996188402 -0.086335160 -4.700381756 -0.980327606 0.004854218 0.197317660 61.390419006
0.194505483 0.084024839 0.977295995 70.579063416 -0.013050781 0.996457875 -0.083074898 -4.753087521 -0.980814636 0.003404046 0.194913104 61.509803772
0.192213938 0.079991266 0.978087604 71.156402588 -0.012407282 0.996790886 -0.079082616 -4.804491043 -0.981274545 0.003065372 0.192589566 61.628322601
0.190784469 0.079248242 0.978427827 71.712997437 -0.008799431 0.996833980 -0.079023242 -4.849793911 -0.981592536 0.006466798 0.190877765 61.725898743
0.188954756 0.080652744 0.978668094 72.269775391 -0.005132651 0.996688962 -0.081146874 -4.897695065 -0.981972337 0.010309923 0.188743100 61.833835602
0.186487198 0.082793735 0.978962541 72.808357239 -0.001649268 0.996467710 -0.083960019 -4.935863495 -0.982456028 0.014042898 0.185965031 61.927257538
0.185004354 0.084835358 0.979069054 73.357467651 -0.002132463 0.996299267 -0.085925370 -4.976977348 -0.982735395 0.013808740 0.184500590 62.029170990
0.183589667 0.087384798 0.979111135 73.903045654 -0.002315674 0.996076643 -0.088464715 -5.020095825 -0.983000278 0.013973908 0.183071703 62.137390137
0.183032051 0.085619703 0.979371607 74.458473206 -0.000622564 0.996210217 -0.086975455 -5.070516586 -0.983106852 0.015309572 0.182391703 62.227970123
0.183449432 0.084553309 0.979386091 75.009803772 0.005405433 0.996192217 -0.087016717 -5.109510422 -0.983014286 0.021257175 0.182293847 62.332580566
0.185294628 0.082150899 0.979243100 75.546745300 0.010280780 0.996282816 -0.085525759 -5.155951977 -0.982629240 0.025914848 0.183761284 62.432476044
0.187713757 0.081500798 0.978836656 76.091056824 0.013140888 0.996253908 -0.085471086 -5.194754601 -0.982135892 0.028906884 0.185939580 62.518730164
0.191226989 0.081221201 0.978179634 76.648262024 0.010328670 0.996348798 -0.084749013 -5.242815971 -0.981491566 0.026309595 0.189689904 62.630256653
0.196510568 0.081855707 0.977078974 77.207824707 0.009347711 0.996307433 -0.085346617 -5.287890434 -0.980457127 0.025904965 0.195019782 62.754779816
0.203346789 0.081043653 0.975746870 77.772308350 0.010452581 0.996331930 -0.084931739 -5.325972557 -0.979051054 0.027469669 0.201753750 62.868530273
0.210812747 0.081675775 0.974108338 78.331016541 0.008554615 0.996310890 -0.085388757 -5.363871098 -0.977489054 0.026334159 0.209336355 63.000930786
0.218676507 0.079145528 0.972582459 78.913841248 0.009155634 0.996494949 -0.083150037 -5.414311886 -0.975754499 0.027087564 0.217185378 63.154991150
0.227794617 0.078495719 0.970540106 79.498329163 0.005634313 0.996622384 -0.081927635 -5.464718819 -0.973692954 0.024130998 0.226582900 63.300781250
0.237428948 0.078763269 0.968206525 80.053909302 0.004070346 0.996617973 -0.082072690 -5.498779297 -0.971396387 0.023427363 0.236305371 63.434936523
0.246741667 0.082635678 0.965551674 80.637268066 -0.001322970 0.996385515 -0.084936477 -5.543246746 -0.969080448 0.019679971 0.245959133 63.604194641
0.256054819 0.084919453 0.962925017 81.232810974 -0.004798860 0.996233225 -0.086580783 -5.586821079 -0.966650367 0.017548483 0.255497813 63.780181885
0.267231524 0.087574556 0.959644735 81.834991455 -0.008786486 0.996041894 -0.088449292 -5.634786606 -0.963592291 0.015204538 0.266943276 63.954826355
0.277593493 0.089498311 0.956520736 82.445648193 -0.010483070 0.995874047 -0.090138152 -5.687619209 -0.960641444 0.014994489 0.277386367 64.140945435
0.287227511 0.090231314 0.953602910 83.058105469 -0.013657508 0.995837927 -0.090113960 -5.731804848 -0.957764924 0.012859371 0.287264347 64.334297180
0.297340214 0.090634689 0.950459957 83.686058044 -0.014343892 0.995795906 -0.090470545 -5.781460762 -0.954663754 0.013267231 0.297390163 64.544631958
0.307441235 0.091710009 0.947137296 84.331642151 -0.018622980 0.995734036 -0.090370543 -5.830535412 -0.951384783 0.010145111 0.307837605 64.770195007
0.317705005 0.086814255 0.944206893 84.980781555 -0.017940417 0.996171892 -0.085555561 -5.879888535 -0.948019862 0.010241967 0.318046272 65.001525879
0.328826636 0.080317773 0.940968692 85.645584106 -0.015101613 0.996696711 -0.079797164 -5.925851345 -0.944269538 0.012029291 0.328953356 65.234832764
0.339605689 0.075961545 0.937495470 86.310218811 -0.013372375 0.997022629 -0.075940676 -5.976778984 -0.940472782 0.013253345 0.339610308 65.481941223
0.349998474 0.072502770 0.933940291 86.992240906 -0.014423449 0.997299194 -0.072016135 -6.031106472 -0.936639249 0.011734894 0.350098908 65.746505737
0.359334767 0.070466377 0.930544496 87.661453247 -0.008392891 0.997348726 -0.072284229 -6.069132805 -0.933171093 0.018164281 0.358973473 66.006744385
0.367357463 0.064794861 0.927820027 88.357749939 -0.002089568 0.997625411 -0.068842418 -6.117134094 -0.930077553 0.023351038 0.366620481 66.292907715
0.374993205 0.055490557 0.925365150 89.081626892 0.008118768 0.997971952 -0.063134514 -6.153943062 -0.926991940 0.031187853 0.373782218 66.566413879
0.381900668 0.051222544 0.922782838 89.796714783 0.013068189 0.998063862 -0.060809664 -6.198912144 -0.924110949 0.035282362 0.380491883 66.859588623
0.389451474 0.051080707 0.919629335 90.514434814 0.015132544 0.997971296 -0.061840642 -6.249444962 -0.920922637 0.038000256 0.387888461 67.160163879
0.396825582 0.057754539 0.916075170 91.227294922 0.017495459 0.997361302 -0.070457958 -6.284028530 -0.917727292 0.043986671 0.394768029 67.470840454
0.403782010 0.061952807 0.912755013 91.937812805 0.021033382 0.996812105 -0.076962821 -6.335880756 -0.914613366 0.050274536 0.401191741 67.786621094
0.409325451 0.063984051 0.910142124 92.643745422 0.019343935 0.996705294 -0.078769229 -6.385877132 -0.912183344 0.049847987 0.406739086 68.104393005
0.413733095 0.065583929 0.908032894 93.346420288 0.012254973 0.996910274 -0.077587031 -6.444641113 -0.910315692 0.043228239 0.411651015 68.442260742
0.417407453 0.069102287 0.906088233 94.022850037 0.005359942 0.996899962 -0.078497157 -6.503797054 -0.908703625 0.037621878 0.415743023 68.776161194
0.421388537 0.072157606 0.904004931 94.704948425 0.004617593 0.996645868 -0.081704617 -6.565402985 -0.906868398 0.038603723 0.419641942 69.104919434
0.425488293 0.076494530 0.901725173 95.385490417 0.001249942 0.996370494 -0.085113212 -6.625714779 -0.904963076 0.037341781 0.423848361 69.428588867
0.429204285 0.079461567 0.899705231 96.052879333 -0.001784356 0.996195078 -0.087132283 -6.686156273 -0.903205693 0.035792161 0.427713007 69.752624512
0.432859510 0.078195177 0.898063600 96.711853027 -0.003148905 0.996355772 -0.085235819 -6.742373466 -0.901455998 0.034067225 0.431528270 70.079742432
0.436978072 0.074926548 0.896346092 97.369499207 -0.002165772 0.996609151 -0.082251810 -6.807698250 -0.899469614 0.034000956 0.435658634 70.407165527
0.440529883 0.072172932 0.894832134 98.006874084 -0.002278165 0.996849775 -0.079279654 -6.860132217 -0.897735119 0.032886475 0.439306438 70.713294983
0.444023579 0.071224377 0.893179774 98.637687683 -0.003358893 0.996960938 -0.077830344 -6.918869019 -0.896008849 0.031558421 0.442913413 71.039466858
0.447304517 0.072851978 0.891409755 99.250549316 -0.005637501 0.996886849 -0.078643419 -6.975271225 -0.894364119 0.030152230 0.446322680 71.356079102
0.449908793 0.073498607 0.890044928 99.864204407 -0.004881482 0.996795237 -0.079846352 -7.028726578 -0.893061221 0.031578843 0.448825717 71.673675537
0.452431202 0.071485750 0.888929605 100.464324951 -0.002593386 0.996883333 -0.078847222 -7.082036018 -0.891795576 0.033367600 0.451206565 71.976013184
0.454245836 0.070617273 0.888073146 101.054016113 -0.000492695 0.996873140 -0.079016753 -7.127126694 -0.890876234 0.035455480 0.452860206 72.268096924
0.456287235 0.070286341 0.887052298 101.637840271 -0.001162995 0.996921718 -0.078393720 -7.174478531 -0.889831781 0.034738414 0.454964459 72.570861816
0.457841635 0.069408260 0.886320174 102.208557129 0.000174208 0.996940732 -0.078161009 -7.229816437 -0.889033735 0.035939772 0.456428796 72.875846863
0.460510433 0.071358122 0.884781420 102.771064758 -0.000626160 0.996789336 -0.080065735 -7.278394222 -0.887654066 0.036317080 0.459076583 73.169281006
0.463364869 0.071388736 0.883287430 103.325050354 0.001980013 0.996663988 -0.081590705 -7.332445145 -0.886165261 0.039555192 0.461677670 73.453567505
0.466331899 0.070708998 0.881779373 103.877319336 0.003908868 0.996625841 -0.081985638 -7.378453732 -0.884601176 0.041679285 0.464482009 73.756233215
0.469869256 0.068833135 0.880048215 104.406127930 0.007029328 0.996631742 -0.081704803 -7.426095009 -0.882707953 0.044576727 0.467802793 74.030387878
0.473088324 0.068236612 0.878368497 104.935943604 0.008480567 0.996597111 -0.081988916 -7.469319344 -0.880974174 0.046237066 0.470899791 74.317337036
0.476335227 0.067611665 0.876660347 105.452827454 0.009524730 0.996583939 -0.082035944 -7.518304348 -0.879212141 0.047426559 0.474064022 74.600425720
0.479677171 0.066639528 0.874910772 105.966102600 0.009964128 0.996633828 -0.081373751 -7.569373608 -0.877388418 0.047750853 0.477398515 74.890167236
0.483089179 0.066165216 0.873067617 106.464744568 0.011610428 0.996568918 -0.081949063 -7.612002373 -0.875494182 0.049725391 0.480663419 75.164207458
0.487304479 0.067512907 0.870618463 106.975387573 0.011422527 0.996428728 -0.083662435 -7.657836914 -0.873157501 0.050713737 0.484792978 75.448356628
0.491195530 0.067627594 0.868420005 107.462242126 0.013387152 0.996277750 -0.085156433 -7.704989433 -0.870946467 0.053454135 0.488461822 75.732353210
0.496264637 0.070872560 0.865273654 107.955856323 0.011480532 0.996039510 -0.088167757 -7.751852989 -0.868095458 0.053688347 0.493485540 76.017097473
0.501434743 0.076517053 0.861805201 108.438644409 0.007644805 0.995650828 -0.092848875 -7.805862427 -0.865161717 0.053145979 0.498668998 76.314193726
0.507305205 0.083667554 0.857695222 108.920814514 0.002490155 0.995129168 -0.098547004 -7.853652954 -0.861763000 0.052129194 0.504625916 76.612449646
0.513111353 0.090057209 0.853584409 109.391799927 -0.002961782 0.994660258 -0.103160977 -7.906378269 -0.858317018 0.050404940 0.510638237 76.908958435
0.519485712 0.094769068 0.849207520 109.884834290 -0.006657287 0.994249225 -0.106882878 -7.957550526 -0.854453146 0.049870700 0.517129242 77.229598999
0.524967790 0.095021598 0.845801175 110.372123718 -0.010633386 0.994403124 -0.105116405 -8.008283615 -0.851055682 0.046188995 0.523039997 77.545967102
0.530044913 0.094514355 0.842685878 110.861854553 -0.017278919 0.994766474 -0.100703120 -8.060222626 -0.847793519 0.038816474 0.528903961 77.879806519
0.535756290 0.091931984 0.839353204 111.357971191 -0.023720955 0.995301783 -0.093871571 -8.118830681 -0.844039440 0.030382022 0.535419762 78.220443726
0.541804612 0.090260439 0.835643947 111.859794617 -0.030223692 0.995666325 -0.087948881 -8.170270920 -0.839960873 0.022394868 0.542184651 78.553634644
0.547944903 0.088031985 0.831869483 112.369644165 -0.032687780 0.995940983 -0.083863594 -8.221482277 -0.835875630 0.018760661 0.548598349 78.904121399
0.554448664 0.092049114 0.827111602 112.884223938 -0.037570879 0.995619476 -0.085616939 -8.261331558 -0.831369400 0.016394891 0.555478275 79.263977051
0.560026407 0.095932566 0.822901785 113.396720886 -0.041798286 0.995279908 -0.087582290 -8.311657906 -0.827419698 0.014652510 0.561392903 79.641082764
0.566584229 0.099420346 0.817983985 113.924514771 -0.044367258 0.994935274 -0.090196170 -8.354313850 -0.822808385 0.014812017 0.568125784 80.013786316
0.572686136 0.101532176 0.813462853 114.449935913 -0.046849076 0.994732320 -0.091175035 -8.406247139 -0.818434954 0.014104702 0.574426115 80.400970459
