1.000000000 0.000000000 0.000000000 0.000000000 0.000000000 1.000000000 0.000000000 0.000000000 0.000000000 0.000000000 1.000000000 0.000000000
1.000000000 -0.000066186 0.000120438 -0.014798602 0.000066012 0.999998927 0.001445948 -0.012693072 -0.000120534 -0.001445940 0.999998927 1.315588355
0.999998569 -0.001529547 -0.000708914 -0.009265759 0.001530773 0.999997318 0.001731532 -0.038839012 0.000706264 -0.001732614 0.999998271 2.619446754
0.999996066 -0.002689018 -0.000708944 -0.014063475 0.002689516 0.999996066 0.000701813 -0.054345883 0.000707054 -0.000703718 0.999999464 3.932327986
0.999995589 -0.002932168 -0.000572406 -0.025037516 0.002932594 0.999995410 0.000745519 -0.071679935 0.000570218 -0.000747195 0.999999583 5.257923603
0.999992788 -0.003712311 -0.000712325 -0.022756318 0.003713649 0.999991298 0.001885337 -0.100925751 0.000705320 -0.001887969 0.999997973 6.576130390
0.999986470 -0.005172500 -0.000494801 -0.029150473 0.005173927 0.999982297 0.002925907 -0.115506828 0.000479658 -0.002928428 0.999995589 7.899374962
0.999989450 -0.004550621 -0.000513859 -0.038085587 0.004552417 0.999983311 0.003550225 -0.136230871 0.000497694 -0.003552527 0.999993503 9.240855217
0.999993384 -0.003553531 -0.000731243 -0.046458319 0.003554666 0.999992490 0.001557057 -0.151298106 0.000725704 -0.001559647 0.999998510 10.589443207
0.999998569 -0.001285093 -0.001119670 -0.050927628 0.001284831 0.999999166 -0.000233941 -0.178548098 0.001119970 0.000232502 0.999999344 11.930444717
0.999996781 0.002439617 -0.000720710 -0.069910504 -0.002440413 0.999996364 -0.001106259 -0.201825634 0.000718009 0.001108014 0.999999106 13.267454147
0.999988973 0.004671658 -0.000509441 -0.090880677 -0.004672320 0.999988198 -0.001303330 -0.221025407 0.000503346 0.001305696 0.999999046 14.602903366
0.999983430 0.005729272 -0.000593890 -0.094426095 -0.005729596 0.999983430 -0.000545262 -0.240677938 0.000590756 0.000548656 0.999999762 15.960505486
0.999994457 0.003319448 0.000237642 -0.108378299 -0.003320008 0.999991596 0.002397398 -0.266289830 -0.000229682 -0.002398174 0.999997079 17.319911957
0.999999583 -0.000814644 0.000373603 -0.112790152 0.000813067 0.999990761 0.004202364 -0.284264237 -0.000377023 -0.004202059 0.999991059 18.672681808
0.999995172 -0.003108202 0.000114146 -0.117396578 0.003107977 0.999993384 0.001929514 -0.300625712 -0.000120143 -0.001929150 0.999998093 20.020702362
0.999988377 -0.004808596 0.000126211 -0.127444088 0.004808553 0.999988377 0.000348319 -0.329975992 -0.000127884 -0.000347708 0.999999881 21.380519867
0.999997318 -0.001997927 0.001205023 -0.147884026 0.001999485 0.999997199 -0.001293362 -0.346500367 -0.001202435 0.001295767 0.999998391 22.727558136
0.999998569 0.000425864 0.001614935 -0.153015137 -0.000427019 0.999999642 0.000714374 -0.367089719 -0.001614631 -0.000715063 0.999998391 24.103031158
0.999997139 0.001166679 0.002112947 -0.158583030 -0.001175904 0.999989748 0.004370238 -0.386579126 -0.002107827 -0.004372710 0.999988258 25.477886200
0.999996543 -0.001176599 0.002345375 -0.155888319 0.001161765 0.999979377 0.006316000 -0.397860497 -0.002352758 -0.006313253 0.999977291 26.858058929
0.999979198 -0.006150561 0.001910767 -0.146168932 0.006141908 0.999970973 0.004501887 -0.419376850 -0.001938401 -0.004490057 0.999988019 28.272294998
0.999979913 -0.006010327 0.001999622 -0.148725629 0.006006054 0.999979734 0.002136366 -0.430710763 -0.002012421 -0.002124313 0.999995708 29.648658752
0.999975026 -0.006399438 0.003006983 -0.161989838 0.006400845 0.999979436 -0.000458397 -0.453057021 -0.003003988 0.000477633 0.999995351 31.016830444
0.999987900 -0.002984570 0.003909277 -0.175918683 0.002988893 0.999995053 -0.001100509 -0.475822389 -0.003905972 0.001112180 0.999991775 32.392639160
0.999989748 -0.002120609 0.004002720 -0.178085774 0.002133562 0.999992490 -0.003234770 -0.502610743 -0.003995830 0.003243277 0.999986708 33.764713287
0.999990821 -0.001479429 0.004018371 -0.174922124 0.001490002 0.999995410 -0.002629315 -0.525713146 -0.004014463 0.002635278 0.999988496 35.157409668
0.999990761 -0.000928946 0.004192641 -0.193400979 0.000934662 0.999998629 -0.001361760 -0.553393662 -0.004191370 0.001365666 0.999990284 36.545471191
0.999993026 0.000218761 0.003719312 -0.197078213 -0.000219992 0.999999881 0.000330711 -0.576356828 -0.003719239 -0.000331527 0.999993026 37.943191528
0.999987602 0.002958465 0.003991154 -0.206773013 -0.002962121 0.999995112 0.000910480 -0.605663776 -0.003988441 -0.000922291 0.999991596 39.331642151
0.999978185 0.005163285 0.004123906 -0.210445762 -0.005165480 0.999986529 0.000521916 -0.626425207 -0.004121156 -0.000543206 0.999991357 40.731651306
0.999963641 0.007514655 0.004066854 -0.219989479 -0.007517445 0.999971509 0.000671183 -0.642615914 -0.004061695 -0.000701730 0.999991477 42.142284393
0.999959826 0.008190399 0.003671737 -0.220141903 -0.008192537 0.999966323 0.000567638 -0.662036061 -0.003666964 -0.000597696 0.999993086 43.539657593
0.999966264 0.007517171 0.003305806 -0.232804060 -0.007519115 0.999971569 0.000576073 -0.686332345 -0.003301381 -0.000600911 0.999994397 44.945201874
0.999976754 0.006400859 0.002391542 -0.228992864 -0.006401400 0.999979496 0.000217736 -0.706454515 -0.002390100 -0.000233040 0.999997139 46.349918365
0.999983549 0.005553812 0.001430031 -0.239743412 -0.005554595 0.999984443 0.000543503 -0.729429841 -0.001426990 -0.000551437 0.999998748 47.739326477
0.999983191 0.005794976 0.000249606 -0.240538791 -0.005795316 0.999982238 0.001388288 -0.744979501 -0.000241556 -0.001389711 0.999998987 49.168323517
0.999981225 0.006064202 -0.000856099 -0.252044320 -0.006063219 0.999981046 0.001146596 -0.770871043 0.000863036 -0.001141384 0.999998927 50.583976746
0.999979734 0.006031820 -0.002043872 -0.260674775 -0.006028185 0.999980211 0.001780109 -0.793443322 0.002054569 -0.001767751 0.999996305 52.029521942
0.999979198 0.005393284 -0.003548958 -0.268692046 -0.005382319 0.999980748 0.003091945 -0.818406522 0.003565565 -0.003072779 0.999988854 53.453804016
0.999981046 0.004901168 -0.003720722 -0.285032839 -0.004887786 0.999981582 0.003597255 -0.834879935 0.003738284 -0.003579001 0.999986589 54.895557404
0.999984086 0.002950139 -0.004791581 -0.286249310 -0.002930525 0.999987304 0.004095178 -0.855532706 0.004803601 -0.004081071 0.999980152 56.344055176
0.999987841 0.000842056 -0.004853885 -0.307392627 -0.000827525 0.999995172 0.002995004 -0.872046173 0.004856383 -0.002990951 0.999983728 57.761901855
0.999986112 -0.000628065 -0.005228425 -0.317877650 0.000646491 0.999993503 0.003523256 -0.894120097 0.005226179 -0.003526587 0.999980092 59.185409546
0.999987483 -0.001722444 -0.004694368 -0.329921573 0.001741033 0.999990642 0.003958798 -0.912898362 0.004687505 -0.003966922 0.999981165 60.606807709
0.999986231 -0.002975151 -0.004310832 -0.338812083 0.002995427 0.999984443 0.004704596 -0.928736031 0.004296768 -0.004717444 0.999979675 62.039035797
0.999987245 -0.003674790 -0.003456552 -0.365247905 0.003689752 0.999983788 0.004332312 -0.955550313 0.003440576 -0.004345010 0.999984562 63.418369293
0.999984980 -0.004794824 -0.002682816 -0.379670501 0.004803222 0.999983549 0.003132411 -0.969812810 0.002667753 -0.003145250 0.999991417 64.835418701
0.999984860 -0.004907861 -0.002455401 -0.381324351 0.004915583 0.999982953 0.003148719 -0.996799231 0.002439905 -0.003160741 0.999992013 66.244865417
0.999990463 -0.004116231 -0.001444149 -0.393358916 0.004120972 0.999986053 0.003295579 -1.017845631 0.001430563 -0.003301499 0.999993503 67.668243408
0.999999046 -0.000699789 -0.001208967 -0.409077317 0.000705014 0.999990404 0.004327218 -1.034841180 0.001205927 -0.004328065 0.999989867 69.062088013
0.999996722 0.002528362 -0.000517305 -0.425230354 -0.002525515 0.999982059 0.005432333 -1.052821755 0.000531031 -0.005431009 0.999985158 70.458419800
0.999979734 0.006352358 0.000385494 -0.434158415 -0.006354620 0.999960721 0.006181785 -1.077766061 -0.000346210 -0.006184110 0.999980807 71.854438782
0.999946892 0.010257029 0.000974269 -0.451709270 -0.010262617 0.999929905 0.005915202 -1.095233440 -0.000913528 -0.005924886 0.999982059 73.241760254
0.999903619 0.013785417 0.001599581 -0.468378723 -0.013793479 0.999891579 0.005143291 -1.115437627 -0.001528505 -0.005164860 0.999985516 74.643432617
0.999872148 0.015822949 0.002291355 -0.477155685 -0.015834255 0.999862075 0.005003818 -1.134732485 -0.002211863 -0.005039460 0.999984860 76.033828735
0.999873340 0.015732221 0.002407863 -0.480579257 -0.015744299 0.999863148 0.005081689 -1.145681739 -0.002327587 -0.005118955 0.999984205 77.445495605
0.999881625 0.015152354 0.002661931 -0.488887519 -0.015165269 0.999872983 0.004900746 -1.171267629 -0.002587335 -0.004940535 0.999984443 78.809890747
0.999904275 0.013607725 0.002504074 -0.495054245 -0.013617664 0.999899209 0.003995422 -1.189810872 -0.002449453 -0.004029140 0.999988794 80.202117920
0.999913454 0.012993968 0.002071886 -0.499166638 -0.013002429 0.999906898 0.004123268 -1.210603833 -0.002018115 -0.004149851 0.999989331 81.569992065
0.999912381 0.013091503 0.001943127 -0.503720284 -0.013099249 0.999906063 0.004028595 -1.227674603 -0.001890204 -0.004053695 0.999989986 82.946014404
0.999921978 0.012452525 0.000898055 -0.496108919 -0.012455571 0.999916434 0.003468687 -1.244779706 -0.000854786 -0.003479603 0.999993503 84.324119568
0.999919891 0.012649985 0.000396754 -0.513734460 -0.012651445 0.999912202 0.003921696 -1.261838675 -0.000347110 -0.003926401 0.999992251 85.682014465
0.999923170 0.012373507 -0.000721098 -0.513623893 -0.012370002 0.999912560 0.004675162 -1.285517812 0.000778883 -0.004665882 0.999988794 87.048583984
0.999945223 0.010338569 -0.001646490 -0.529461503 -0.010329332 0.999931335 0.005522911 -1.301229119 0.001703476 -0.005505601 0.999983370 88.469985962
0.999959946 0.008398536 -0.003085697 -0.527879596 -0.008379793 0.999946654 0.006037813 -1.325428128 0.003136240 -0.006011714 0.999976933 89.813079834
0.999975502 0.005804531 -0.003917421 -0.537347257 -0.005779761 0.999963403 0.006305344 -1.346007347 0.003953877 -0.006282547 0.999972403 91.176406860
0.999977887 0.004819568 -0.004585115 -0.542166173 -0.004792804 0.999971509 0.005830348 -1.371791959 0.004613084 -0.005808244 0.999972463 92.554908752
0.999980807 0.004029368 -0.004708499 -0.559066534 -0.004003712 0.999977171 0.005445788 -1.387134552 0.004730335 -0.005426832 0.999974012 93.900657654
0.999980152 0.004423462 -0.004491885 -0.582356155 -0.004402548 0.999979496 0.004655437 -1.403685570 0.004512386 -0.004635569 0.999979019 95.264717102
0.999980211 0.004323842 -0.004571577 -0.600446820 -0.004304036 0.999981403 0.004333423 -1.425498843 0.004590229 -0.004313661 0.999980092 96.619850159
0.999979019 0.005031721 -0.004084289 -0.619679689 -0.005017772 0.999981701 0.003418318 -1.443126917 0.004101414 -0.003397753 0.999985814 97.951965332
0.999972463 0.006476528 -0.003625580 -0.644655049 -0.006463848 0.999972939 0.003498640 -1.459675312 0.003648141 -0.003475108 0.999987304 99.291091919
0.999969780 0.006783653 -0.003801094 -0.642524838 -0.006764934 0.999965012 0.004916006 -1.479230285 0.003834310 -0.004890142 0.999980688 100.644149780
0.999961257 0.007879176 -0.003924063 -0.664415240 -0.007853987 0.999948680 0.006393846 -1.497467875 0.003974240 -0.006362779 0.999971867 101.973793030
0.999966681 0.007273677 -0.003710993 -0.668514431 -0.007255912 0.999962270 0.004778213 -1.519808888 0.003745608 -0.004751127 0.999981701 103.338981628
0.999967575 0.007357358 -0.003283666 -0.690886855 -0.007349053 0.999969840 0.002533520 -1.536151648 0.003302206 -0.002509306 0.999991477 104.661270142
0.999970734 0.006658968 -0.003753636 -0.697476268 -0.006654450 0.999977112 0.001214747 -1.558894515 0.003761639 -0.001189733 0.999992192 105.998146057
0.999983430 0.004419998 -0.003693660 -0.710853755 -0.004410778 0.999987125 0.002500885 -1.579046607 0.003704666 -0.002484551 0.999990046 107.320678711
0.999992371 0.002555569 -0.002956899 -0.730584264 -0.002543322 0.999988139 0.004138595 -1.592366934 0.002967440 -0.004131043 0.999987066 108.661476135
0.999997199 0.000950283 -0.002170136 -0.741613388 -0.000939672 0.999987662 0.004885364 -1.615633845 0.002174751 -0.004883312 0.999985754 109.994697571
0.999998927 0.000443485 -0.001384341 -0.749784350 -0.000438936 0.999994516 0.003284989 -1.631784678 0.001385790 -0.003284378 0.999993563 111.334884644
0.999995947 0.002712480 -0.000803239 -0.760489702 -0.002711632 0.999995828 0.001055220 -1.650486946 0.000806098 -0.001053038 0.999999046 112.661338806
0.999988735 0.004709287 0.000623073 -0.776086926 -0.004708520 0.999988139 -0.001226704 -1.671907902 -0.000628843 0.001223757 0.999999046 113.980369568
0.999967992 0.007765045 0.001964692 -0.786481321 -0.007762529 0.999969006 -0.001284934 -1.692498922 -0.001974609 0.001269642 0.999997258 115.301177979
0.999954879 0.008825257 0.003519347 -0.792857587 -0.008828791 0.999960661 0.000989556 -1.722098112 -0.003510475 -0.001020583 0.999993324 116.629753113
0.999951184 0.008840145 0.004396126 -0.789652824 -0.008854238 0.999955714 0.003196855 -1.741066575 -0.004367670 -0.003235623 0.999985278 117.960235596
0.999951661 0.008320667 0.005224928 -0.795570254 -0.008340893 0.999957740 0.003861550 -1.762585878 -0.005192576 -0.003904945 0.999978840 119.299018860
0.999941051 0.008902579 0.006218858 -0.793682992 -0.008921050 0.999955893 0.002948708 -1.775868416 -0.006192333 -0.003004013 0.999976337 120.644073486
0.999911726 0.010711266 0.007860697 -0.799702644 -0.010734222 0.999938250 0.002883965 -1.800227165 -0.007829321 -0.002968089 0.999964952 121.969970703
0.999878824 0.012569243 0.009187272 -0.794568360 -0.012594832 0.999917030 0.002732614 -1.819218755 -0.009152163 -0.002847995 0.999954045 123.308334351
0.999864221 0.013099209 0.010007115 -0.792803526 -0.013114955 0.999912798 0.001509422 -1.835343480 -0.009986472 -0.001640460 0.999948800 124.664665222
0.999833882 0.014374280 0.011211672 -0.789959908 -0.014378181 0.999896526 0.000267342 -1.847105980 -0.011206671 -0.000428501 0.999937117 126.022247314
0.999840200 0.013283010 0.011965744 -0.782805741 -0.013287317 0.999911606 0.000280586 -1.870348215 -0.011960960 -0.000439534 0.999928355 127.361457825
0.999827087 0.013189484 0.013109765 -0.776677549 -0.013209178 0.999911726 0.001416675 -1.889942288 -0.013089922 -0.001589600 0.999913096 128.714813232
0.999844372 0.011201540 0.013627120 -0.765620887 -0.011234058 0.999934137 0.002312127 -1.910625815 -0.013600324 -0.002464854 0.999904454 130.065551758
0.999843478 0.010537835 0.014211133 -0.753713131 -0.010574855 0.999940872 0.002532412 -1.927112937 -0.014183607 -0.002682296 0.999895811 131.417526245
0.999861538 0.008517257 0.014293343 -0.747290611 -0.008555401 0.999959946 0.002609598 -1.943993926 -0.014270544 -0.002731522 0.999894440 132.781814575
0.999875546 0.007139822 0.014070231 -0.734522104 -0.007186031 0.999968886 0.003236545 -1.965323567 -0.014046686 -0.003337252 0.999895751 134.098373413
0.999893904 0.005565813 0.013465218 -0.723613679 -0.005607156 0.999979615 0.003034606 -1.984704852 -0.013448056 -0.003109786 0.999904692 135.448944092
0.999915659 0.004357393 0.012233997 -0.715311706 -0.004389883 0.999986887 0.002630115 -2.000233650 -0.012222374 -0.002683599 0.999921679 136.780578613
0.999932885 0.003143944 0.011151533 -0.705926061 -0.003182769 0.999988914 0.003465561 -2.017571688 -0.011140513 -0.003500822 0.999931753 138.131088257
0.999947071 0.001295616 0.010200821 -0.700997829 -0.001335845 0.999991298 0.003937847 -2.044723034 -0.010195632 -0.003951266 0.999940217 139.464843750
0.999955237 0.001139307 0.009388253 -0.701239705 -0.001173495 0.999992788 0.003636914 -2.057817221 -0.009384042 -0.003647769 0.999949336 140.804840088
0.999969244 0.000652468 0.007817087 -0.692433774 -0.000677180 0.999994874 0.003159066 -2.080094337 -0.007814985 -0.003164263 0.999964476 142.140716553
0.999977529 0.000562941 0.006687208 -0.693281353 -0.000581232 0.999996066 0.002733657 -2.098010778 -0.006685643 -0.002737482 0.999973893 143.474456787
0.999981642 -0.001497486 0.005871634 -0.683307707 0.001496055 0.999998868 0.000248156 -2.121204138 -0.005871999 -0.000239367 0.999982655 144.809783936
0.999963939 -0.006778653 0.005116210 -0.682707489 0.006779463 0.999977112 -0.000140979 -2.142278671 -0.005115137 0.000175659 0.999986827 146.158813477
0.999892116 -0.014113727 0.004066265 -0.673523605 0.014104415 0.999897778 0.002309548 -2.167331457 -0.004098445 -0.002251947 0.999989033 147.493377686
0.999781728 -0.020742496 0.002502957 -0.663748384 0.020733321 0.999778330 0.003637919 -2.183896780 -0.002577861 -0.003585231 0.999990225 148.828063965
0.999698818 -0.024508793 0.001288361 -0.652392566 0.024508445 0.999699533 0.000283495 -2.204860687 -0.001294922 -0.000251834 0.999999166 150.176010132
0.999719858 -0.023603478 0.001741105 -0.664277971 0.023608427 0.999717057 -0.002877416 -2.230358362 -0.001672695 0.002917715 0.999994338 151.490966797
0.999796629 -0.019992163 0.002666307 -0.672985733 0.020004241 0.999789357 -0.004581133 -2.260641813 -0.002574159 0.004633539 0.999985993 152.813903809
0.999792516 -0.020014063 0.003784400 -0.681580007 0.020032637 0.999787092 -0.004935026 -2.286329508 -0.003684824 0.005009814 0.999980628 154.168914795
0.999720216 -0.023243375 0.004393896 -0.683127403 0.023250069 0.999728620 -0.001478566 -2.312644005 -0.004358336 0.001580312 0.999989212 155.513244629
0.999574721 -0.028734297 0.004955080 -0.675688386 0.028727664 0.999586403 0.001404472 -2.342189074 -0.004993387 -0.001261528 0.999986708 156.861801147
0.999452770 -0.032761972 0.004549781 -0.665058672 0.032749325 0.999459565 0.002828206 -2.362271309 -0.004639980 -0.002677657 0.999985635 158.197158813
0.999408245 -0.034100026 0.004531262 -0.654121041 0.034088787 0.999415576 0.002536110 -2.382266045 -0.004615095 -0.002380144 0.999986529 159.553695679
0.999455869 -0.032456201 0.005872580 -0.662327290 0.032436658 0.999468029 0.003393231 -2.403073549 -0.005979587 -0.003200898 0.999977052 160.887802124
0.999581575 -0.028224224 0.006325848 -0.646253645 0.028208714 0.999598861 0.002528351 -2.423453569 -0.006394671 -0.002348850 0.999976873 162.262069702
0.999659479 -0.024840701 0.007992567 -0.669715345 0.024839124 0.999691427 0.000296705 -2.444967270 -0.007997472 -0.000098075 0.999967992 163.561599731
0.999717057 -0.022041036 0.008935392 -0.665095270 0.022043422 0.999756992 -0.000169162 -2.467513800 -0.008929492 0.000366081 0.999960005 164.914535522
0.999761820 -0.019715099 0.009362895 -0.668420255 0.019707376 0.999805391 0.000916791 -2.489766121 -0.009379149 -0.000732055 0.999955773 166.267074585
0.999803782 -0.017925909 0.008434262 -0.649079025 0.017923061 0.999839246 0.000413162 -2.514245749 -0.008440313 -0.000261913 0.999964416 167.635482788
0.999842942 -0.015679846 0.008262181 -0.645011544 0.015697120 0.999874651 -0.002029693 -2.534533262 -0.008229319 0.002159067 0.999963820 169.005523682
0.999903023 -0.011528485 0.007810036 -0.645813584 0.011568120 0.999920249 -0.005048679 -2.556368113 -0.007751210 0.005138537 0.999956787 170.359039307
0.999947131 -0.006410611 0.008037268 -0.654342949 0.006459162 0.999960899 -0.006029299 -2.588794708 -0.007998304 0.006080894 0.999949455 171.710311890
0.999962389 -0.001973442 0.008445779 -0.656832337 0.002013839 0.999986589 -0.004777296 -2.618105412 -0.008436236 0.004794126 0.999952912 173.081192017
0.999958217 0.001212437 0.009062515 -0.658851683 -0.001185019 0.999994695 -0.003030178 -2.642245054 -0.009066140 0.003019312 0.999954343 174.440521240
0.999955833 0.002458446 0.009067606 -0.655440509 -0.002448470 0.999996424 -0.001111132 -2.662688494 -0.009070304 0.001088881 0.999958277 175.823120117
0.999965549 -0.001576132 0.008152989 -0.655599356 0.001574411 0.999998748 0.000217459 -2.690540552 -0.008153321 -0.000204615 0.999966741 177.173858643
0.999976099 -0.003200984 0.006130849 -0.642921686 0.003201575 0.999994874 -0.000086573 -2.704581499 -0.006130541 0.000106199 0.999981225 178.568527222
0.999981463 -0.004002103 0.004593434 -0.649659812 0.004019632 0.999984622 -0.003813230 -2.739456654 -0.004578103 0.003831623 0.999982178 179.943161011
0.999992549 -0.002398140 0.003046417 -0.647369087 0.002422740 0.999964237 -0.008097176 -2.766532421 -0.003026890 0.008104496 0.999962568 181.336303711
0.999993145 0.002793047 0.002435139 -0.658458114 -0.002771781 0.999958396 -0.008693108 -2.800333023 -0.002459318 0.008686299 0.999959230 182.751434326
0.999976516 0.006419352 0.002388573 -0.670907497 -0.006400516 0.999948978 -0.007811752 -2.833012819 -0.002438598 0.007796282 0.999966621 184.148147583
0.999961913 0.008289041 0.002717822 -0.683714628 -0.008277203 0.999956310 -0.004338564 -2.863386154 -0.002753666 0.004315902 0.999986827 185.549209595
0.999955237 0.008953730 0.003031943 -0.686541915 -0.008947267 0.999957621 -0.002138502 -2.891794205 -0.003050963 0.002111279 0.999993145 186.942108154
0.999961913 0.008138894 0.003133786 -0.689078212 -0.008134584 0.999965966 -0.001385951 -2.910295725 -0.003144959 0.001360407 0.999994159 188.361740112
0.999976695 0.006087667 0.003077055 -0.692349494 -0.006085278 0.999981225 -0.000785751 -2.931864977 -0.003081781 0.000767008 0.999994993 189.790405273
0.999986470 0.004033091 0.003288830 -0.689176023 -0.004032395 0.999991834 -0.000218239 -2.960816145 -0.003289683 0.000204974 0.999994516 191.237503052
0.999992549 0.001460548 0.003579397 -0.693973124 -0.001459543 0.999998927 -0.000283175 -2.983188629 -0.003579807 0.000277949 0.999993563 192.664215088
0.999990225 -0.001951989 0.003964143 -0.692309797 0.001948244 0.999997616 0.000948346 -3.008550644 -0.003965985 -0.000940614 0.999991715 194.078598022
0.999968886 -0.006565403 0.004368839 -0.692682505 0.006554704 0.999975443 0.002458684 -3.029506922 -0.004384874 -0.002429971 0.999987483 195.502624512
0.999944925 -0.009406515 0.004653771 -0.678216755 0.009394293 0.999952376 0.002641393 -3.055315018 -0.004678396 -0.002597528 0.999985635 196.942764282
0.999961853 -0.007045313 0.005159490 -0.682717681 0.007054835 0.999973476 -0.001829595 -3.075583935 -0.005146463 0.001865925 0.999984980 198.374725342
0.999985576 -0.000105373 0.005370863 -0.687106431 0.000141801 0.999976933 -0.006782627 -3.102020741 -0.005370026 0.006783292 0.999962568 199.820327759
0.999933481 0.009242003 0.006896524 -0.701691926 -0.009194861 0.999934375 -0.006836002 -3.135040045 -0.006959249 0.006772134 0.999952853 201.259277344
0.999824762 0.017025631 0.007792433 -0.716726005 -0.017001063 0.999850333 -0.003208143 -3.161302090 -0.007845887 0.003075100 0.999964476 202.694107056
0.999804795 0.017667633 0.008839152 -0.713741183 -0.017660787 0.999843657 -0.000852092 -3.193338156 -0.008852827 0.000695819 0.999960542 204.146118164
0.999832332 0.016178600 0.008579193 -0.713080108 -0.016172485 0.999868870 -0.000781830 -3.209117413 -0.008590720 0.000642952 0.999962866 205.580520630
0.999898911 0.012379657 0.007000181 -0.699322820 -0.012377575 0.999923348 -0.000340653 -3.241514206 -0.007003862 0.000253973 0.999975443 207.027969360
0.999921083 0.010757404 0.006480598 -0.703779459 -0.010750032 0.999941528 -0.001171145 -3.259088993 -0.006492817 0.001101386 0.999978244 208.475982666
0.999921799 0.010953591 0.006036571 -0.698562145 -0.010944343 0.999938846 -0.001563081 -3.282797575 -0.006053323 0.001496893 0.999980569 209.950363159
0.999909639 0.012091793 0.005872282 -0.698039412 -0.012084661 0.999926150 -0.001248627 -3.312472343 -0.005886946 0.001177550 0.999981999 211.404190063
0.999901950 0.012891478 0.005470559 -0.695330501 -0.012889553 0.999916792 -0.000387242 -3.342875481 -0.005475095 0.000316691 0.999984980 212.874481201
0.999904275 0.012809264 0.005236009 -0.699724376 -0.012804320 0.999917507 -0.000976613 -3.365613937 -0.005248087 0.000909476 0.999985814 214.340103149
0.999909043 0.012450403 0.005185440 -0.703352332 -0.012440596 0.999920785 -0.001919239 -3.394829273 -0.005208924 0.001854554 0.999984741 215.798202515
0.999913335 0.012089574 0.005214867 -0.707877517 -0.012076952 0.999924123 -0.002444970 -3.415607691 -0.005244030 0.002381779 0.999983490 217.255599976
0.999915659 0.012182457 0.004498585 -0.702941179 -0.012171295 0.999922812 -0.002500605 -3.445671558 -0.004528701 0.002445641 0.999986768 218.727630615
0.999909937 0.012642659 0.004486890 -0.711225867 -0.012630315 0.999916375 -0.002768825 -3.470643759 -0.004521519 0.002711906 0.999986112 220.204940796
0.999908090 0.012967965 0.003954219 -0.710243106 -0.012956076 0.999911427 -0.003017356 -3.497167110 -0.003992998 0.002965848 0.999987662 221.693878174
0.999897480 0.013814831 0.003766766 -0.713470101 -0.013803702 0.999900341 -0.002964897 -3.534765005 -0.003807349 0.002912598 0.999988437 223.166183472
0.999895632 0.013979387 0.003640618 -0.718208790 -0.013967613 0.999897122 -0.003240379 -3.560498953 -0.003685541 0.003189190 0.999988079 224.640594482
0.999886453 0.014605237 0.003706293 -0.733981073 -0.014593255 0.999888241 -0.003240356 -3.586553812 -0.003753205 0.003185902 0.999987841 226.124862671
0.999895334 0.014012081 0.003604489 -0.736788750 -0.013998698 0.999895155 -0.003711789 -3.607624292 -0.003656121 0.003660943 0.999986649 227.623382568
0.999916434 0.012406006 0.003640420 -0.738573134 -0.012392916 0.999916673 -0.003596058 -3.642838478 -0.003684729 0.003550642 0.999986887 229.129776001
0.999928594 0.011289404 0.003898608 -0.744346142 -0.011276806 0.999931216 -0.003237926 -3.674226761 -0.003934894 0.003193731 0.999987125 230.628967285
0.999944508 0.009652834 0.004216539 -0.749223292 -0.009642736 0.999950588 -0.002408800 -3.702641726 -0.004239581 0.002368007 0.999988198 232.140563965
0.999942780 0.009875945 0.004108087 -0.751276433 -0.009867396 0.999949157 -0.002095957 -3.730101109 -0.004128577 0.002055301 0.999989331 233.642105103
0.999939561 0.010047341 0.004464025 -0.759675264 -0.010036578 0.999946713 -0.002426852 -3.764835119 -0.004488170 0.002381902 0.999987066 235.156127930
0.999930620 0.010786518 0.004737645 -0.760964930 -0.010772644 0.999937654 -0.002943768 -3.793676138 -0.004769103 0.002892527 0.999984443 236.665069580
0.999914587 0.011948450 0.005296258 -0.765742600 -0.011936542 0.999926150 -0.002273971 -3.821575642 -0.005323037 0.002210558 0.999983430 238.165908813
0.999902070 0.012555326 0.006171345 -0.775678694 -0.012553362 0.999921143 -0.000356711 -3.848293781 -0.006175336 0.000279205 0.999980867 239.680419922
0.999901474 0.012333000 0.006695190 -0.774037898 -0.012333586 0.999923885 0.000046181 -3.872761250 -0.006694111 -0.000128752 0.999977529 241.192626953
0.999889970 0.012802904 0.007481237 -0.775516689 -0.012793141 0.999917269 -0.001351349 -3.899703026 -0.007497919 0.001255492 0.999971092 242.672927856
0.999878228 0.013329949 0.008112953 -0.769293070 -0.013305578 0.999906898 -0.003050518 -3.921835899 -0.008152860 0.002942199 0.999962449 244.187713623
0.999882758 0.013106661 0.007917590 -0.762495756 -0.013091156 0.999912322 -0.002006591 -3.955646276 -0.007943192 0.001902705 0.999966621 245.715454102
0.999890149 0.012797149 0.007475816 -0.750630260 -0.012790316 0.999917746 -0.000960911 -3.984203577 -0.007487498 0.000865187 0.999971569 247.264373779
0.999881446 0.013448767 0.007501453 -0.753760338 -0.013445465 0.999909461 -0.000490521 -4.011353970 -0.007507372 0.000389602 0.999971688 248.787918091
0.999889314 0.013234822 0.006801081 -0.741878688 -0.013232503 0.999912322 -0.000386071 -4.041356564 -0.006805594 0.000296033 0.999976754 250.338943481
0.999868870 0.014557502 0.007097189 -0.739240646 -0.014554256 0.999893904 -0.000509261 -4.061410427 -0.007103851 0.000405900 0.999974668 251.884719849
0.999834716 0.016522933 0.007576590 -0.749382973 -0.016519658 0.999863446 -0.000494151 -4.087799549 -0.007583720 0.000368907 0.999971151 253.423233032
0.999829471 0.016696764 0.007890631 -0.750505626 -0.016695302 0.999860585 -0.000251302 -4.112429619 -0.007893727 0.000119523 0.999968827 254.953430176
0.999847531 0.015571932 0.007898808 -0.752820909 -0.015571789 0.999878764 -0.000079851 -4.140410423 -0.007899094 -0.000043159 0.999968767 256.508850098
0.999869406 0.013989278 0.008087337 -0.745921969 -0.013995496 0.999901831 0.000712811 -4.164971828 -0.008076570 -0.000825904 0.999967039 258.032196045
0.999901891 0.011501762 0.007993552 -0.742291629 -0.011512212 0.999933004 0.001262457 -4.186555862 -0.007978495 -0.001354357 0.999967217 259.551971436
0.999910831 0.010011196 0.008840079 -0.765326977 -0.010017232 0.999949634 0.000638872 -4.209911346 -0.008833238 -0.000727368 0.999960721 261.075195312
0.999923229 0.008992710 0.008529952 -0.759564996 -0.008987667 0.999959409 -0.000629297 -4.230034351 -0.008535266 0.000552584 0.999963403 262.625946045
0.999932945 0.007103628 0.009140804 -0.752190709 -0.007116986 0.999973595 0.001429669 -4.261744976 -0.009130408 -0.001494629 0.999957144 264.182769775
0.999940634 0.004932696 0.009711529 -0.744893372 -0.004966022 0.999981821 0.003410444 -4.286171913 -0.009694531 -0.003458469 0.999947011 265.732299805
0.999950409 0.004082761 0.009084424 -0.724627614 -0.004103912 0.999988854 0.002310812 -4.304743767 -0.009074889 -0.002347979 0.999956071 267.324340820
0.999947190 0.003653830 0.009603421 -0.712226152 -0.003665535 0.999992549 0.001201513 -4.323972702 -0.009598960 -0.001236651 0.999953210 268.874633789
0.999938846 0.004229686 0.010220647 -0.701952219 -0.004240410 0.999990463 0.001027880 -4.352711201 -0.010216202 -0.001071157 0.999947190 270.426971436
0.999920964 0.005874169 0.011111788 -0.695978284 -0.005888574 0.999981880 0.001264202 -4.380910397 -0.011104159 -0.001329534 0.999937415 271.960540771
0.999897420 0.007629985 0.012119265 -0.695875525 -0.007637253 0.999970615 0.000553537 -4.399114609 -0.012114688 -0.000646038 0.999926388 273.485260010
0.999874890 0.008904273 0.013069430 -0.683221579 -0.008909995 0.999960244 0.000379574 -4.426581383 -0.013065532 -0.000495975 0.999914467 275.036285400
0.999851346 0.010018760 0.014033684 -0.665327966 -0.010020262 0.999949813 0.000036640 -4.453768730 -0.014032612 -0.000177256 0.999901533 276.563140869
0.999839306 0.010520244 0.014515718 -0.652651131 -0.010509230 0.999944508 -0.000834892 -4.479938507 -0.014523693 0.000682209 0.999894321 278.116271973
0.999839783 0.009263108 0.015317506 -0.629163444 -0.009248806 0.999956846 -0.001004265 -4.509112835 -0.015326145 0.000862435 0.999882102 279.656921387
0.999826133 0.008886643 0.016390195 -0.618353844 -0.008874121 0.999960303 -0.000836543 -4.532444477 -0.016396977 0.000690949 0.999865294 281.231018066
0.999828041 0.007912809 0.016769839 -0.596382976 -0.007916026 0.999968648 0.000125435 -4.557778835 -0.016768321 -0.000258164 0.999859393 282.812072754
0.999835491 0.006853476 0.016788179 -0.573538244 -0.006859486 0.999976456 0.000300468 -4.583184719 -0.016785722 -0.000415577 0.999858975 284.366333008
0.999842525 0.006641320 0.016451877 -0.545960903 -0.006605839 0.999975801 -0.002210106 -4.611458778 -0.016466156 0.002101079 0.999862194 285.940948486
0.999848247 0.005463578 0.016542215 -0.526661873 -0.005390901 0.999975562 -0.004434829 -4.640743256 -0.016566042 0.004344978 0.999853313 287.512878418
0.999863148 0.005053240 0.015748503 -0.507552147 -0.004984381 0.999977887 -0.004408548 -4.669455528 -0.015770430 0.004329448 0.999866247 289.079650879
0.999882102 0.004203966 0.014767401 -0.490622729 -0.004139465 0.999981761 -0.004395664 -4.699355125 -0.014785610 0.004334015 0.999881268 290.647674561
0.999900401 0.003930947 0.013549854 -0.478984088 -0.003862346 0.999979615 -0.005085261 -4.729412079 -0.013569566 0.005032421 0.999895215 292.194488525
0.999906123 0.004056078 0.013085745 -0.466784120 -0.003985853 0.999977529 -0.005388148 -4.760596752 -0.013107306 0.005335484 0.999899864 293.774688721
0.999921083 0.003874833 0.011948952 -0.443244845 -0.003816266 0.999980628 -0.004920318 -4.793791294 -0.011967787 0.004874330 0.999916494 295.346405029
0.999933362 0.003483499 0.010999427 -0.435229301 -0.003431687 0.999982893 -0.004725818 -4.828101635 -0.011015701 0.004687756 0.999928355 296.908660889
0.999947011 0.003088133 0.009821136 -0.425557405 -0.003056773 0.999990165 -0.003206490 -4.861891270 -0.009830941 0.003176298 0.999946594 298.473144531
0.999947846 0.004634921 0.009103077 -0.418605745 -0.004617745 0.999987483 -0.001906851 -4.891806126 -0.009111801 0.001864717 0.999956667 300.055145264
0.999939680 0.004864091 0.009847845 -0.409134239 -0.004846267 0.999986708 -0.001833025 -4.917344570 -0.009856631 0.001785190 0.999949813 301.648437500
0.999930263 0.005187571 0.010612124 -0.400332332 -0.005166295 0.999984503 -0.002031243 -4.946175575 -0.010622498 0.001976276 0.999941647 303.254638672
0.999932289 0.003855178 0.010981580 -0.392596662 -0.003829430 0.999989867 -0.002364784 -4.971315384 -0.010990587 0.002322571 0.999936879 304.833251953
0.999935508 0.002246580 0.011133566 -0.377100319 -0.002212775 0.999992907 -0.003047681 -5.006639481 -0.011140336 0.003022848 0.999933362 306.421875000
0.999934912 0.000722722 0.011386289 -0.357754827 -0.000662868 0.999985874 -0.005259600 -5.032281876 -0.011389930 0.005251711 0.999921262 308.020843506
0.999937177 0.000414268 0.011195041 -0.347051233 -0.000346305 0.999981523 -0.006072119 -5.067524910 -0.011197348 0.006067862 0.999918878 309.616668701
0.999958992 0.001265095 0.008958686 -0.342820376 -0.001199073 0.999972045 -0.007371138 -5.098544121 -0.008967760 0.007360094 0.999932706 311.224029541
0.999973714 0.002119808 0.006936874 -0.336643040 -0.002074549 0.999976516 -0.006525225 -5.134561062 -0.006950544 0.006510663 0.999954641 312.835632324
0.999973893 0.002999209 0.006582870 -0.335345387 -0.002977105 0.999989927 -0.003365174 -5.165801048 -0.006592897 0.003345488 0.999972641 314.465911865
0.999975026 0.001628481 0.006870872 -0.317389905 -0.001624961 0.999998569 -0.000517821 -5.193871975 -0.006871705 0.000506643 0.999976277 316.113922119
0.999977052 0.000863493 0.006720429 -0.310772121 -0.000864296 0.999999642 0.000116576 -5.218755245 -0.006720325 -0.000122382 0.999977410 317.741271973
0.999974966 -0.000223611 0.007076918 -0.309407055 0.000230131 0.999999583 -0.000920615 -5.243347645 -0.007076709 0.000922221 0.999974549 319.357910156
0.999973297 -0.001283128 0.007186448 -0.306153774 0.001289675 0.999998748 -0.000906415 -5.274391651 -0.007185275 0.000915659 0.999973774 320.972686768
0.999970973 -0.001378713 0.007497323 -0.303494722 0.001384434 0.999998689 -0.000757878 -5.300997734 -0.007496269 0.000768235 0.999971628 322.598297119
0.999966919 -0.000799771 0.008091761 -0.296408355 0.000805761 0.999999404 -0.000736994 -5.332640171 -0.008091166 0.000743489 0.999966979 324.247833252
0.999966264 0.000180404 0.008210077 -0.289836615 -0.000165990 0.999998391 -0.001756354 -5.361549854 -0.008210381 0.001754932 0.999964714 325.868927002
0.999956846 0.001714034 0.009133373 -0.295125812 -0.001692031 0.999995649 -0.002416190 -5.393968105 -0.009137476 0.002400632 0.999955297 327.469451904
0.999953568 0.000204246 0.009640823 -0.283588916 -0.000201699 0.999999940 -0.000265127 -5.426792145 -0.009640877 0.000263170 0.999953449 329.107269287
0.999950707 -0.000933049 0.009884709 -0.279764861 0.000927643 0.999999523 0.000551519 -5.455665588 -0.009885217 -0.000542323 0.999951005 330.696899414
0.999951541 -0.002016206 0.009634410 -0.266556978 0.002023772 0.999997616 -0.000775583 -5.483274460 -0.009632824 0.000795044 0.999953270 332.329986572
0.999952912 -0.001009601 0.009648087 -0.255591750 0.001017887 0.999999166 -0.000853987 -5.510194302 -0.009647216 0.000863767 0.999953091 333.965484619
0.999953151 0.001157758 0.009604459 -0.267387211 -0.001131575 0.999995649 -0.002731143 -5.546314716 -0.009607578 0.002720146 0.999950171 335.554077148
0.999957383 0.002973695 0.008730295 -0.260072857 -0.002922952 0.999978781 -0.005819286 -5.575966835 -0.008747416 0.005793520 0.999944925 337.172790527
0.999958754 0.004339907 0.007976740 -0.257237494 -0.004296655 0.999975979 -0.005431382 -5.613002777 -0.008000121 0.005396885 0.999953389 338.780456543
0.999965012 0.005108030 0.006624280 -0.255024195 -0.005094637 0.999984920 -0.002036946 -5.644877911 -0.006634585 0.002003126 0.999975920 340.378509521
0.999967635 0.005862384 0.005515947 -0.255777061 -0.005868586 0.999982119 0.001109040 -5.678262711 -0.005509347 -0.001141374 0.999984145 341.982330322
0.999968946 0.006513576 0.004430537 -0.257165521 -0.006513360 0.999978781 -0.000063283 -5.707598686 -0.004430855 0.000034424 0.999990165 343.588439941
0.999978065 0.006084566 0.002627296 -0.259616256 -0.006079678 0.999979794 -0.001864339 -5.731619835 -0.002638587 0.001848325 0.999994814 345.176910400
0.999988079 0.004795407 0.000890133 -0.261904955 -0.004794892 0.999988317 -0.000580441 -5.759784222 -0.000892906 0.000576166 0.999999464 346.759033203
0.999994576 0.003260740 -0.000241972 -0.264580548 -0.003260720 0.999994576 0.000082334 -5.792568207 0.000242239 -0.000081545 1.000000000 348.355346680
0.999994338 0.003340068 -0.000457374 -0.278074563 -0.003340539 0.999993801 -0.001032904 -5.813955784 0.000453921 0.001034426 0.999999344 349.965820312
0.999996543 0.002518314 -0.000732440 -0.283258229 -0.002519876 0.999994457 -0.002138612 -5.840642452 0.000727050 0.002140451 0.999997437 351.561706543
0.999996424 0.002571199 -0.000676429 -0.291275084 -0.002572775 0.999993980 -0.002339418 -5.870501995 0.000670410 0.002341150 0.999997020 353.156433105
0.999997556 0.002073571 -0.000793139 -0.301018417 -0.002075614 0.999994516 -0.002584186 -5.899898052 0.000787776 0.002585826 0.999996305 354.750427246
0.999998331 0.001594926 -0.000942779 -0.307082653 -0.001598034 0.999993324 -0.003304819 -5.929570198 0.000937502 0.003306320 0.999994099 356.348785400
0.999998569 0.001354897 -0.001040404 -0.313258052 -0.001358736 0.999992251 -0.003697993 -5.966954708 0.001035386 0.003699402 0.999992549 357.964080811
0.999999046 0.000975723 -0.000966430 -0.322444886 -0.000979228 0.999992907 -0.003633218 -5.997916222 0.000962878 0.003634161 0.999992847 359.547668457
0.999998510 0.001067792 -0.001351535 -0.325360656 -0.001073720 0.999989688 -0.004393123 -6.031203270 0.001346831 0.004394568 0.999989450 361.143280029
0.999999046 -0.000306847 -0.001333113 -0.333758235 0.000298861 0.999982178 -0.005986492 -6.063186646 0.001334926 0.005986089 0.999981165 362.732177734
0.999997795 -0.001777401 -0.001229299 -0.343943566 0.001772487 0.999990463 -0.003986888 -6.098849297 0.001236374 0.003984699 0.999991298 364.348480225
0.999990702 -0.003947776 -0.001779704 -0.336843222 0.003942394 0.999987602 -0.003017184 -6.134594440 0.001791594 0.003010139 0.999993920 365.943359375
0.999992192 -0.003725107 -0.001312404 -0.353175104 0.003719265 0.999983251 -0.004425531 -6.157368660 0.001328867 0.004420615 0.999989331 367.541961670
0.999996543 -0.002590675 -0.000503991 -0.372263223 0.002587936 0.999982238 -0.005360915 -6.182965755 0.000517871 0.005359593 0.999985456 369.156860352
0.999998450 -0.001648993 -0.000637221 -0.382903546 0.001646290 0.999989748 -0.004219566 -6.226709366 0.000644172 0.004218510 0.999990880 370.748260498
1.000000000 -0.000035734 -0.000225731 -0.393873990 0.000035011 0.999994934 -0.003204033 -6.257168293 0.000225844 0.003204025 0.999994814 372.354858398
0.999999940 -0.000122474 0.000385886 -0.403193086 0.000123859 0.999993503 -0.003588806 -6.293004036 -0.000385444 0.003588854 0.999993443 373.964965820
0.999999523 0.000041753 0.000956569 -0.424146414 -0.000037514 0.999990165 -0.004430091 -6.323351383 -0.000956745 0.004430054 0.999989748 375.560241699
0.999999285 0.000775059 0.001025809 -0.426170170 -0.000770213 0.999988556 -0.004715870 -6.358544827 -0.001029453 0.004715076 0.999988377 377.172821045
0.999999046 0.000657428 0.001251081 -0.420561790 -0.000652221 0.999991119 -0.004158489 -6.400678635 -0.001253804 0.004157669 0.999990642 378.796539307
0.999994755 0.002708189 0.001762170 -0.440227091 -0.002700100 0.999985874 -0.004576492 -6.426172733 -0.001774539 0.004571710 0.999987960 380.419616699
0.999988079 0.004321698 0.002260714 -0.445633173 -0.004312685 0.999982774 -0.003976231 -6.459279060 -0.002277859 0.003966434 0.999989510 382.023010254
0.999976695 0.006087651 0.003062318 -0.467174917 -0.006072887 0.999969959 -0.004807857 -6.490561485 -0.003091495 0.004789148 0.999983728 383.660156250
