1.000000000 0.000000000 0.000000000 0.000000000 0.000000000 1.000000000 0.000000000 0.000000000 0.000000000 0.000000000 1.000000000 0.000000000
1.000000000 -0.000045633 0.000105615 -0.014460724 0.000045481 0.999998987 0.001439703 -0.012554082 -0.000105680 -0.001439698 0.999998987 1.315620065
0.999998450 -0.001607101 -0.000655231 -0.009687176 0.001608225 0.999997258 0.001717780 -0.038689844 0.000652469 -0.001718831 0.999998331 2.618636131
0.999995887 -0.002800988 -0.000658162 -0.014707239 0.002801437 0.999995828 0.000683287 -0.054383226 0.000656246 -0.000685128 0.999999464 3.929902554
0.999995351 -0.003023802 -0.000502870 -0.025019241 0.003024173 0.999995053 0.000737015 -0.071734183 0.000500639 -0.000738533 0.999999583 5.256486416
0.999992609 -0.003767768 -0.000638077 -0.024645153 0.003768934 0.999991238 0.001837224 -0.099801347 0.000631149 -0.001839615 0.999998093 6.572228909
0.999986291 -0.005215694 -0.000363786 -0.032748118 0.005216667 0.999982715 0.002727260 -0.111774892 0.000349555 -0.002729121 0.999996245 7.900902748
0.999989212 -0.004631361 -0.000416825 -0.039379589 0.004632788 0.999983132 0.003489242 -0.135136917 0.000400658 -0.003491135 0.999993742 9.234032631
0.999993920 -0.003458681 -0.000556588 -0.050888427 0.003459511 0.999992907 0.001499992 -0.150441289 0.000551397 -0.001501909 0.999998629 10.580011368
0.999998689 -0.001326041 -0.000943347 -0.053335186 0.001325811 0.999999106 -0.000244510 -0.178713441 0.000943670 0.000243259 0.999999523 11.913530350
0.999996960 0.002429866 -0.000447327 -0.070285387 -0.002430355 0.999996483 -0.001095634 -0.201023698 0.000444664 0.001096718 0.999999225 13.256468773
0.999989629 0.004527658 -0.000386768 -0.090216868 -0.004528137 0.999988973 -0.001249869 -0.222303018 0.000381105 0.001251608 0.999999166 14.588223457
0.999983490 0.005722937 -0.000540249 -0.094507068 -0.005723211 0.999983549 -0.000508553 -0.241197705 0.000537329 0.000511637 0.999999821 15.942713737
0.999994814 0.003201463 0.000148437 -0.102626629 -0.003201813 0.999991894 0.002411930 -0.265032291 -0.000140714 -0.002412393 0.999997079 17.302267075
0.999999523 -0.000967478 0.000196875 -0.104428567 0.000966600 0.999989748 0.004415741 -0.285401583 -0.000201145 -0.004415548 0.999990165 18.653974533
0.999994695 -0.003244555 0.000040148 -0.113615736 0.003244474 0.999993026 0.001858795 -0.298766106 -0.000046179 -0.001858655 0.999998271 19.997306824
0.999987245 -0.005055711 -0.000002951 -0.111625396 0.005055711 0.999987125 0.000487884 -0.329705149 0.000000484 -0.000487893 0.999999881 21.360086441
0.999997020 -0.002157632 0.001203328 -0.134440988 0.002159074 0.999996960 -0.001198744 -0.345474809 -0.001200738 0.001201338 0.999998569 22.707406998
0.999998450 0.000568119 0.001680449 -0.138357714 -0.000568564 0.999999821 0.000263583 -0.355306625 -0.001680299 -0.000264538 0.999998569 24.085363388
0.999997437 0.000818909 0.002102727 -0.143640697 -0.000828350 0.999989569 0.004492860 -0.390825868 -0.002099025 -0.004494591 0.999987721 25.440746307
0.999994278 -0.000910104 0.003264964 -0.157542706 0.000890682 0.999981999 0.005945352 -0.393505543 -0.003270316 -0.005942411 0.999977052 26.809078217
0.999980032 -0.005914317 0.002229627 -0.139860094 0.005904190 0.999972343 0.004521450 -0.416835546 -0.002256307 -0.004508195 0.999987245 28.190507889
0.999979377 -0.006023148 0.002256105 -0.143320948 0.006018081 0.999979436 0.002246359 -0.431004077 -0.002269588 -0.002232735 0.999994934 29.565807343
0.999974787 -0.006428870 0.003016177 -0.144782484 0.006429933 0.999979258 -0.000342560 -0.453325421 -0.003013913 0.000361945 0.999995410 30.943471909
0.999987960 -0.003153783 0.003756379 -0.157035694 0.003157423 0.999994516 -0.000963262 -0.478019774 -0.003753321 0.000975111 0.999992490 32.318592072
0.999988437 -0.002561119 0.004066419 -0.159797966 0.002572902 0.999992490 -0.002894945 -0.506573617 -0.004058973 0.002905374 0.999987483 33.700611115
0.999990284 -0.001981893 0.003932449 -0.155991837 0.001990838 0.999995410 -0.002271841 -0.529498458 -0.003927928 0.002279647 0.999989629 35.094985962
0.999990523 -0.001030812 0.004232562 -0.171822429 0.001036014 0.999998808 -0.001227039 -0.554085135 -0.004231291 0.001231413 0.999990284 36.482154846
0.999993205 0.000103528 0.003713251 -0.173428312 -0.000105378 0.999999940 0.000498044 -0.578755915 -0.003713200 -0.000498432 0.999992967 37.880962372
0.999988973 0.002920120 0.003683800 -0.172527045 -0.002923459 0.999995291 0.000901537 -0.605672956 -0.003681150 -0.000912297 0.999992788 39.298866272
0.999977827 0.005348500 0.003974461 -0.178989410 -0.005350585 0.999985516 0.000513909 -0.626196742 -0.003971654 -0.000535163 0.999992013 40.696895599
0.999964058 0.007496267 0.003950645 -0.181689844 -0.007498852 0.999971688 0.000640343 -0.642739773 -0.003945732 -0.000669945 0.999991953 42.112369537
0.999956906 0.008524836 0.003679700 -0.187374219 -0.008527128 0.999963522 0.000607781 -0.662850261 -0.003674384 -0.000639132 0.999993026 43.513717651
0.999967337 0.007478231 0.003067305 -0.183102176 -0.007479555 0.999971926 0.000420594 -0.685959995 -0.003064074 -0.000443523 0.999995232 44.942790985
0.999975145 0.006660572 0.002345650 -0.182439774 -0.006660967 0.999977767 0.000160670 -0.707541823 -0.002344527 -0.000176290 0.999997258 46.336090088
0.999983013 0.005675367 0.001306117 -0.185876086 -0.005675774 0.999983788 0.000306827 -0.731186330 -0.001304355 -0.000314235 0.999999106 47.758178711
0.999981344 0.006094737 0.000268640 -0.190250590 -0.006095130 0.999980330 0.001487161 -0.751372635 -0.000259571 -0.001488770 0.999998868 49.184200287
0.999978781 0.006461213 -0.000845979 -0.197710112 -0.006460220 0.999978364 0.001171331 -0.773645699 0.000853529 -0.001165841 0.999998927 50.603790283
0.999975085 0.006780318 -0.001983746 -0.208255827 -0.006777218 0.999975741 0.001565023 -0.791759133 0.001994309 -0.001551539 0.999996781 52.031486511
0.999970973 0.006946821 -0.003131349 -0.220522642 -0.006939225 0.999973118 0.002430035 -0.813467741 0.003148146 -0.002408235 0.999992073 53.457767487
0.999978721 0.005450035 -0.003604217 -0.233361393 -0.005438140 0.999979854 0.003302172 -0.831938148 0.003622142 -0.003282501 0.999988019 54.896339417
0.999985278 0.003300387 -0.004311606 -0.244559646 -0.003283739 0.999987185 0.003862492 -0.857358277 0.004324299 -0.003848276 0.999983251 56.325557709
0.999989033 0.001330712 -0.004496568 -0.262236208 -0.001317290 0.999994636 0.002986724 -0.874876440 0.004500519 -0.002980767 0.999985397 57.724960327
0.999988616 0.000336909 -0.004757943 -0.273762763 -0.000319486 0.999993265 0.003662172 -0.897030354 0.004759145 -0.003660610 0.999981940 59.149112701
0.999989986 -0.000936101 -0.004379543 -0.280229419 0.000953475 0.999991655 0.003966591 -0.914718628 0.004375793 -0.003970727 0.999982536 60.574005127
0.999988794 -0.002532027 -0.004019869 -0.286880344 0.002551505 0.999984920 0.004847777 -0.933023214 0.004007533 -0.004857979 0.999980211 62.008525848
0.999989510 -0.003471534 -0.002982589 -0.312446177 0.003484724 0.999984086 0.004428478 -0.958845854 0.002967168 -0.004438826 0.999985754 63.401603699
0.999986053 -0.004637283 -0.002534491 -0.322247207 0.004646135 0.999983072 0.003497526 -0.975311279 0.002518229 -0.003509252 0.999990702 64.805740356
0.999984741 -0.005120438 -0.002084678 -0.325033188 0.005127432 0.999981344 0.003364044 -1.000254631 0.002067413 -0.003374682 0.999992192 66.225616455
0.999990463 -0.004157425 -0.001380603 -0.331903666 0.004161933 0.999986053 0.003278721 -1.017314553 0.001366953 -0.003284436 0.999993682 67.659408569
0.999999404 -0.000876045 -0.000672616 -0.354508162 0.000879063 0.999989510 0.004500180 -1.037587404 0.000668667 -0.004500768 0.999989629 69.019805908
0.999997079 0.002351994 0.000341989 -0.371594608 -0.002353785 0.999983132 0.005330988 -1.051814795 -0.000329445 -0.005331777 0.999985754 70.423973083
0.999979615 0.006283293 0.001123128 -0.381668210 -0.006290304 0.999960184 0.006351995 -1.076371431 -0.001083172 -0.006358931 0.999979138 71.811943054
0.999944568 0.010391214 0.001721176 -0.397053838 -0.010401184 0.999928653 0.005886823 -1.091617346 -0.001659882 -0.005904398 0.999981165 73.207679749
0.999903560 0.013686318 0.002323223 -0.408158302 -0.013698276 0.999892533 0.005210773 -1.112774253 -0.002251657 -0.005242095 0.999983728 74.614067078
0.999875546 0.015482734 0.003009593 -0.415246010 -0.015498370 0.999866128 0.005241659 -1.134042501 -0.002928035 -0.005287650 0.999981761 75.999572754
0.999876380 0.015393645 0.003184181 -0.420301020 -0.015411090 0.999865949 0.005529380 -1.148880720 -0.003098636 -0.005577768 0.999979615 77.399971008
0.999885261 0.014733374 0.003527262 -0.429118633 -0.014751579 0.999877691 0.005192010 -1.170278907 -0.003450335 -0.005243447 0.999980271 78.774185181
0.999908149 0.013152793 0.003269655 -0.431079060 -0.013167114 0.999903560 0.004397403 -1.189587593 -0.003211502 -0.004440050 0.999984920 80.163589478
0.999913692 0.012800157 0.002958559 -0.435691237 -0.012813257 0.999907970 0.004452114 -1.210132122 -0.002901299 -0.004489639 0.999985695 81.532539368
0.999915183 0.012729160 0.002745787 -0.439525127 -0.012741486 0.999908626 0.004519225 -1.229378343 -0.002688010 -0.004553827 0.999985993 82.908882141
0.999926448 0.011996509 0.001784732 -0.433167040 -0.012003574 0.999919951 0.004002090 -1.245960474 -0.001736578 -0.004023219 0.999990404 84.287300110
0.999927938 0.011938933 0.001256943 -0.450012147 -0.011944445 0.999918640 0.004472625 -1.261615515 -0.001203442 -0.004487316 0.999989212 85.653297424
0.999932647 0.011603973 0.000282493 -0.449579328 -0.011605309 0.999918640 0.005299385 -1.284920096 -0.000220976 -0.005302306 0.999985933 87.007865906
0.999954104 0.009559460 -0.000577198 -0.468534827 -0.009555821 0.999936223 0.006011856 -1.295261621 0.000634632 -0.006006064 0.999981761 88.426002502
0.999968231 0.007687902 -0.002065547 -0.464618027 -0.007673669 0.999947309 0.006812792 -1.329548120 0.002117814 -0.006796727 0.999974668 89.768417358
0.999982476 0.005176358 -0.002866368 -0.473345131 -0.005155808 0.999961257 0.007130954 -1.349485040 0.002903169 -0.007116052 0.999970496 91.138069153
0.999984980 0.004226082 -0.003484911 -0.483699262 -0.004203626 0.999970496 0.006426045 -1.363570213 0.003511965 -0.006411299 0.999973357 92.507804871
0.999988675 0.003367865 -0.003367913 -0.493875980 -0.003347294 0.999975801 0.006095020 -1.384341002 0.003388360 -0.006083677 0.999975741 93.840820312
0.999987423 0.003339397 -0.003738526 -0.503248334 -0.003319440 0.999980211 0.005331575 -1.397947073 0.003756257 -0.005319098 0.999978781 95.214996338
0.999988019 0.003536124 -0.003373119 -0.519100189 -0.003519801 0.999982119 0.004832506 -1.418506026 0.003390147 -0.004820576 0.999982595 96.580650330
0.999987483 0.003922326 -0.003083220 -0.536881030 -0.003908665 0.999982536 0.004424687 -1.439759493 0.003100521 -0.004412580 0.999985456 97.921684265
0.999979138 0.005852706 -0.002740158 -0.553467393 -0.005840415 0.999972880 0.004472123 -1.456937313 0.002766259 -0.004456026 0.999986231 99.266441345
0.999978542 0.006127127 -0.002284251 -0.568355978 -0.006112972 0.999962389 0.006153063 -1.476575375 0.002321865 -0.006138967 0.999978483 100.600547791
0.999970376 0.007315145 -0.002390373 -0.580295324 -0.007297746 0.999947369 0.007208023 -1.491714954 0.002442975 -0.007190367 0.999971092 101.949584961
0.999974132 0.006877982 -0.002088802 -0.593999922 -0.006865969 0.999960124 0.005704577 -1.503948689 0.002127955 -0.005690088 0.999981523 103.284271240
0.999971688 0.007244869 -0.002093763 -0.604098320 -0.007237716 0.999967992 0.003405062 -1.525999546 0.002118366 -0.003389812 0.999992013 104.598182678
0.999976993 0.006449501 -0.002102737 -0.612452209 -0.006445174 0.999977052 0.002058112 -1.540365338 0.002115963 -0.002044512 0.999995708 105.951713562
0.999989688 0.004071198 -0.002062160 -0.623210847 -0.004063856 0.999985397 0.003552640 -1.564729929 0.002076594 -0.003544223 0.999991536 107.281265259
0.999997675 0.001558727 -0.001467125 -0.630955756 -0.001550558 0.999983430 0.005552179 -1.582152724 0.001475754 -0.005549891 0.999983490 108.623863220
0.999999583 0.000760386 -0.000495120 -0.635046422 -0.000757524 0.999983132 0.005754852 -1.594200373 0.000499488 -0.005754474 0.999983311 109.960960388
0.999999940 -0.000153187 -0.000061389 -0.635937274 0.000153466 0.999989510 0.004575132 -1.612731099 0.000060688 -0.004575142 0.999989569 111.282432556
0.999997377 0.001904576 0.001204835 -0.655611634 -0.001907323 0.999995589 0.002282639 -1.635150671 -0.001200482 -0.002284932 0.999996662 112.613693237
0.999989092 0.003911451 0.002515024 -0.661605299 -0.003911564 0.999992311 0.000039731 -1.652662396 -0.002514849 -0.000049569 0.999996841 113.956314087
0.999964833 0.007347797 0.004021211 -0.674309969 -0.007348682 0.999972999 0.000205341 -1.675761819 -0.004019594 -0.000234885 0.999991894 115.263946533
0.999947369 0.008567308 0.005630136 -0.681188583 -0.008578715 0.999961257 0.002005120 -1.694230676 -0.005612739 -0.002053314 0.999982119 116.611511230
0.999941587 0.008588965 0.006553134 -0.679529727 -0.008616580 0.999953985 0.004197315 -1.715309858 -0.006516783 -0.004253536 0.999969721 117.937637329
0.999937952 0.008279977 0.007449136 -0.677271366 -0.008313070 0.999955595 0.004422318 -1.728821516 -0.007412189 -0.004483969 0.999962509 119.278091431
0.999929309 0.008426327 0.008386547 -0.675628185 -0.008461019 0.999955773 0.004109670 -1.746193171 -0.008351547 -0.004180339 0.999956310 120.613388062
0.999900401 0.010200582 0.009753611 -0.669577718 -0.010234440 0.999941766 0.003427680 -1.760306001 -0.009718080 -0.003527162 0.999946535 121.957305908
0.999860644 0.012498958 0.011067729 -0.676825166 -0.012532683 0.999916971 0.002983114 -1.776425958 -0.011029524 -0.003121407 0.999934316 123.287490845
0.999844074 0.012926844 0.012037205 -0.669048429 -0.012952340 0.999913990 0.002042710 -1.793100476 -0.012009764 -0.002198301 0.999925494 124.633644104
0.999809802 0.014485111 0.013061402 -0.663648963 -0.014503168 0.999893963 0.001288786 -1.819054246 -0.013041349 -0.001477972 0.999913871 125.950645447
0.999809146 0.013617319 0.014014150 -0.652495861 -0.013635276 0.999906242 0.001186554 -1.837437987 -0.013996682 -0.001377414 0.999901056 127.299568176
0.999810338 0.012797326 0.014681185 -0.637756705 -0.012834170 0.999914706 0.002418190 -1.861744642 -0.014648986 -0.002606152 0.999889314 128.644821167
0.999808669 0.011625498 0.015732983 -0.628585100 -0.011677207 0.999926686 0.003198735 -1.881697059 -0.015694646 -0.003381841 0.999871135 129.959671021
0.999808550 0.011128826 0.016095392 -0.618959904 -0.011185540 0.999931514 0.003437826 -1.898131609 -0.016056035 -0.003617204 0.999864578 131.334457397
0.999836802 0.008480232 0.015951892 -0.599143267 -0.008537468 0.999957383 0.003523271 -1.911209583 -0.015921336 -0.003658885 0.999866605 132.682800293
0.999849796 0.007455769 0.015640331 -0.583226204 -0.007523057 0.999962687 0.004247792 -1.936418533 -0.015608078 -0.004364817 0.999868572 134.035659790
0.999867618 0.006047963 0.015102563 -0.572688818 -0.006109125 0.999973297 0.004006940 -1.952944756 -0.015077926 -0.004098674 0.999877810 135.382369995
0.999895394 0.004470299 0.013753651 -0.557117462 -0.004523925 0.999982238 0.003870345 -1.969718933 -0.013736107 -0.003932162 0.999897897 136.720169067
0.999916255 0.003037205 0.012572579 -0.546278119 -0.003095717 0.999984443 0.004637130 -1.985705614 -0.012558301 -0.004675664 0.999910176 138.069900513
0.999928176 0.001405643 0.011903447 -0.540457964 -0.001467600 0.999985337 0.005197822 -2.010413647 -0.011895967 -0.005214918 0.999915659 139.400283813
0.999940336 0.001285731 0.010848827 -0.540936708 -0.001340691 0.999986231 0.005060272 -2.025031328 -0.010842172 -0.005074515 0.999928355 140.727981567
0.999954224 0.000572307 0.009549002 -0.529064536 -0.000615459 0.999989629 0.004516676 -2.042661190 -0.009546316 -0.004522346 0.999944210 142.081832886
0.999964118 0.000423398 0.008453827 -0.527222395 -0.000458268 0.999991477 0.004123246 -2.059133291 -0.008452008 -0.004126972 0.999955773 143.415374756
0.999968708 -0.002077199 0.007637165 -0.518956780 0.002062443 0.999996006 0.001939561 -2.081594706 -0.007641164 -0.001923749 0.999968946 144.761291504
0.999950290 -0.007305724 0.006794525 -0.512095869 0.007297446 0.999972582 0.001242379 -2.098431110 -0.006803415 -0.001192735 0.999976218 146.107055664
0.999876261 -0.014607881 0.005828698 -0.502500415 0.014585866 0.999886334 0.003802269 -2.121119499 -0.005883578 -0.003716782 0.999975741 147.458892822
0.999760330 -0.021474868 0.004256009 -0.491532743 0.021453459 0.999757230 0.005014058 -2.135550499 -0.004362651 -0.004921550 0.999978304 148.792037964
0.999679744 -0.025137411 0.002896755 -0.474863619 0.025132408 0.999682605 0.001750285 -2.153332472 -0.002939833 -0.001676922 0.999994278 150.146789551
0.999702334 -0.024146533 0.003499309 -0.482831836 0.024151802 0.999707282 -0.001471863 -2.173122883 -0.003462744 0.001555939 0.999992788 151.478073120
0.999760211 -0.021510359 0.004099282 -0.480950296 0.021522745 0.999763846 -0.003001763 -2.208315372 -0.004033745 0.003089271 0.999987066 152.801696777
0.999755740 -0.021476442 0.005217804 -0.490402937 0.021491872 0.999764740 -0.002919078 -2.236783028 -0.005153886 0.003030505 0.999982119 154.135299683
0.999684095 -0.024389887 0.006064966 -0.486771703 0.024387900 0.999702454 0.000400683 -2.258611441 -0.006072933 -0.000252644 0.999981523 155.499816895
0.999537289 -0.029725235 0.006450356 -0.472295165 0.029707123 0.999554455 0.002885724 -2.276298523 -0.006533261 -0.002692767 0.999975026 156.862197876
0.999413848 -0.033559676 0.006753775 -0.467838168 0.033527829 0.999426305 0.004775579 -2.303642988 -0.006910169 -0.004546340 0.999965787 158.204650879
0.999365211 -0.034943450 0.006943850 -0.463057637 0.034913704 0.999380827 0.004359431 -2.315695763 -0.007091884 -0.004114228 0.999966443 159.542358398
0.999435723 -0.032482550 0.008554802 -0.472324014 0.032441784 0.999461770 0.004861806 -2.332392693 -0.008708121 -0.004581529 0.999951601 160.893249512
0.999530673 -0.029320322 0.008867583 -0.455842853 0.029281173 0.999561012 0.004513084 -2.358580828 -0.008996014 -0.004251314 0.999950469 162.267974854
0.999616146 -0.025996126 0.009576659 -0.451960087 0.025972856 0.999659359 0.002545859 -2.377068996 -0.009639581 -0.002296148 0.999950826 163.609130859
0.999669611 -0.023387169 0.010664839 -0.456907392 0.023366038 0.999724746 0.002101850 -2.401313066 -0.010711062 -0.001851961 0.999940872 164.965530396
0.999718845 -0.020941090 0.011129173 -0.454373956 0.020909334 0.999777019 0.002962099 -2.413713932 -0.011188721 -0.002728563 0.999933720 166.328720093
0.999745965 -0.019926159 0.010534491 -0.443091512 0.019895086 0.999797344 0.003045967 -2.443152905 -0.010593052 -0.002835608 0.999939859 167.701446533
0.999799252 -0.017284662 0.010134898 -0.437207818 0.017280806 0.999850452 0.000467774 -2.458615303 -0.010141470 -0.000292541 0.999948442 169.054489136
0.999866426 -0.013308640 0.009489043 -0.433408260 0.013336551 0.999906898 -0.002884480 -2.471364975 -0.009449772 0.003010646 0.999950767 170.426681519
0.999922872 -0.008027440 0.009477643 -0.436272264 0.008066277 0.999959171 -0.004066723 -2.497982979 -0.009444613 0.004142858 0.999946833 171.787414551
0.999945939 -0.003435564 0.009813413 -0.440739989 0.003463972 0.999989986 -0.002879310 -2.521768570 -0.009803423 0.002913147 0.999947667 173.148513794
0.999945223 -0.000765379 0.010441308 -0.442383170 0.000775440 0.999999166 -0.000959548 -2.545859575 -0.010440568 0.000967592 0.999945045 174.517990112
0.999946117 0.000134498 0.010378676 -0.436839938 -0.000147217 0.999999225 0.001224834 -2.567144394 -0.010378504 -0.001226296 0.999945402 175.890396118
0.999950409 -0.003303812 0.009398387 -0.430886388 0.003284197 0.999992371 0.002101780 -2.588778734 -0.009405261 -0.002070809 0.999953687 177.258209229
0.999953389 -0.005501630 0.007923086 -0.417294145 0.005483374 0.999982238 0.002324007 -2.608078957 -0.007935731 -0.002280454 0.999965906 178.661819458
0.999967813 -0.005308201 0.005991329 -0.416846156 0.005321819 0.999983191 -0.002259262 -2.626173258 -0.005979235 0.002291075 0.999979496 180.059417725
0.999980509 -0.004369638 0.004464145 -0.413888633 0.004396124 0.999972701 -0.005940589 -2.658014297 -0.004438065 0.005960098 0.999972343 181.445632935
0.999992967 0.000377000 0.003728874 -0.421486974 -0.000352705 0.999978721 -0.006513869 -2.686515570 -0.003731250 0.006512510 0.999971807 182.849670410
0.999986351 0.003657435 0.003719302 -0.429949760 -0.003636818 0.999978006 -0.005534973 -2.716461182 -0.003739465 0.005521371 0.999977767 184.243515015
0.999976754 0.005401185 0.004168304 -0.441530228 -0.005393513 0.999983728 -0.001849493 -2.747021437 -0.004178224 0.001826968 0.999989629 185.635223389
0.999969065 0.006351638 0.004633740 -0.446517766 -0.006352566 0.999979794 0.000185801 -2.770323038 -0.004632466 -0.000215232 0.999989271 187.041763306
0.999971092 0.005784449 0.004921149 -0.449836373 -0.005789401 0.999982715 0.000992748 -2.788668633 -0.004915321 -0.001021210 0.999987423 188.442260742
0.999979675 0.004238584 0.004765679 -0.447613358 -0.004245960 0.999989808 0.001538571 -2.810739040 -0.004759110 -0.001558775 0.999987483 189.851882935
0.999986529 0.001386389 0.005005652 -0.445790887 -0.001398080 0.999996305 0.002332750 -2.837094307 -0.005002399 -0.002339716 0.999984741 191.272048950
0.999985754 -0.001669762 0.005070341 -0.443638086 0.001658717 0.999996305 0.002181736 -2.853615046 -0.005073966 -0.002173295 0.999984682 192.701065063
0.999972224 -0.004850255 0.005651216 -0.439708829 0.004830854 0.999982417 0.003441644 -2.875523567 -0.005667809 -0.003414248 0.999978065 194.115127563
0.999938190 -0.009405121 0.005922608 -0.431397319 0.009376373 0.999944210 0.004863144 -2.893187284 -0.005968015 -0.004807311 0.999970615 195.547927856
0.999909401 -0.011893964 0.006294500 -0.423627138 0.011863758 0.999918044 0.004814324 -2.911351204 -0.006351246 -0.004739212 0.999968588 196.957687378
0.999932170 -0.009491779 0.006753514 -0.423886061 0.009489171 0.999954998 0.000418313 -2.930290461 -0.006757180 -0.000354200 0.999977112 198.395324707
0.999971986 -0.002312021 0.007129148 -0.431552768 0.002344287 0.999987125 -0.004520562 -2.951551914 -0.007118604 0.004537148 0.999964416 199.804382324
0.999942958 0.006666945 0.008340112 -0.437349200 -0.006627305 0.999966681 -0.004771726 -2.978443623 -0.008371647 0.004716181 0.999953806 201.250732422
0.999861836 0.013742778 0.009345612 -0.448056340 -0.013734848 0.999905348 -0.000912329 -3.005259514 -0.009357265 0.000783843 0.999955893 202.679122925
0.999824882 0.015586062 0.010355699 -0.447177649 -0.015598740 0.999877632 0.001144685 -3.030030727 -0.010336592 -0.001306020 0.999945641 204.127883911
0.999865115 0.013200560 0.009769692 -0.437603712 -0.013217624 0.999911189 0.001684198 -3.049286366 -0.009746592 -0.001813103 0.999950826 205.572494507
0.999918878 0.009330056 0.008663713 -0.426170945 -0.009346838 0.999954522 0.001898809 -3.076406479 -0.008645602 -0.001979634 0.999960601 207.019119263
0.999934554 0.008319740 0.007853158 -0.419414282 -0.008328713 0.999964714 0.001110335 -3.094100237 -0.007843645 -0.001175669 0.999968529 208.472320557
0.999935210 0.008678508 0.007376160 -0.412369132 -0.008685635 0.999961853 0.000934582 -3.116922379 -0.007367769 -0.000998588 0.999972343 209.934982300
0.999925911 0.009874132 0.007124312 -0.410809278 -0.009883136 0.999950469 0.001229473 -3.140885353 -0.007111821 -0.001299793 0.999973834 211.395141602
0.999924481 0.010133973 0.006941270 -0.408994198 -0.010149247 0.999946117 0.002168815 -3.170891523 -0.006918916 -0.002239100 0.999973536 212.855682373
0.999923825 0.010433685 0.006592638 -0.407822847 -0.010443616 0.999944329 0.001473712 -3.186670303 -0.006576894 -0.001542451 0.999977171 214.324234009
0.999931991 0.009782873 0.006347165 -0.406799674 -0.009785281 0.999952078 0.000348484 -3.210919619 -0.006343452 -0.000410569 0.999979794 215.778930664
0.999933124 0.009650368 0.006362206 -0.408882499 -0.009649020 0.999953389 -0.000242684 -3.227467775 -0.006364251 0.000181278 0.999979794 217.239395142
0.999940574 0.009302423 0.005683575 -0.405594587 -0.009302193 0.999956727 -0.000066586 -3.256235123 -0.005683949 0.000013712 0.999983847 218.713745117
0.999936342 0.009771094 0.005631676 -0.411258578 -0.009768944 0.999952316 -0.000408961 -3.276309729 -0.005635404 0.000353919 0.999984086 220.192749023
0.999938786 0.009885021 0.004969907 -0.406718016 -0.009881531 0.999950945 -0.000725988 -3.298439503 -0.004976840 0.000676834 0.999987423 221.683273315
0.999933660 0.010482136 0.004778752 -0.409470677 -0.010479318 0.999944866 -0.000614607 -3.331772804 -0.004784930 0.000564488 0.999988317 223.139053345
0.999932051 0.010579659 0.004891688 -0.416125178 -0.010575219 0.999943674 -0.000932293 -3.350537777 -0.004901276 0.000880499 0.999987602 224.622833252
0.999929070 0.011072812 0.004378393 -0.418652117 -0.011069587 0.999938428 -0.000759851 -3.379168272 -0.004386538 0.000711330 0.999990106 226.119766235
0.999939144 0.010138798 0.004351200 -0.420399547 -0.010133426 0.999947846 -0.001254852 -3.397161961 -0.004363696 0.001210683 0.999989688 227.617370605
0.999953032 0.008741370 0.004186220 -0.416556716 -0.008737759 0.999961436 -0.000880838 -3.432993650 -0.004193758 0.000844219 0.999990821 229.114089966
0.999961615 0.007686799 0.004211478 -0.417785406 -0.007684056 0.999970257 -0.000667616 -3.457060814 -0.004216486 0.000635229 0.999990821 230.613677979
0.999971032 0.006173738 0.004446700 -0.414057255 -0.006174405 0.999980927 0.000135946 -3.481997967 -0.004445775 -0.000163398 0.999990106 232.128158569
0.999971986 0.006200666 0.004173480 -0.411585212 -0.006201881 0.999980748 0.000278173 -3.503899813 -0.004171674 -0.000304049 0.999991238 233.632034302
0.999969006 0.006417027 0.004543622 -0.420457840 -0.006417371 0.999979317 0.000061128 -3.535167694 -0.004543137 -0.000090284 0.999989688 235.147491455
0.999961495 0.007323422 0.004835584 -0.420925379 -0.007320931 0.999973178 -0.000532027 -3.559675694 -0.004839350 0.000496606 0.999988139 236.654830933
0.999947667 0.008647199 0.005462470 -0.425335765 -0.008647810 0.999962687 0.000088497 -3.584134102 -0.005461500 -0.000135731 0.999985099 238.156906128
0.999938548 0.009206597 0.006199013 -0.429332137 -0.009218741 0.999955654 0.001933581 -3.605045319 -0.006180936 -0.001990609 0.999978840 239.684722900
0.999937594 0.008811960 0.006866563 -0.427412868 -0.008830678 0.999957323 0.002700448 -3.630189896 -0.006842473 -0.002760916 0.999972761 241.196487427
0.999923289 0.009820218 0.007549936 -0.428086519 -0.009825598 0.999951601 0.000675904 -3.648003101 -0.007542933 -0.000750034 0.999971211 242.706237793
0.999915779 0.010155698 0.008075992 -0.419547796 -0.010148310 0.999948025 -0.000955243 -3.667241812 -0.008085273 0.000873205 0.999966919 244.220794678
0.999917209 0.010040225 0.008043376 -0.412883759 -0.010041753 0.999949574 0.000149787 -3.701405525 -0.008041468 -0.000230544 0.999967635 245.743621826
0.999924660 0.009643914 0.007587801 -0.399079084 -0.009651952 0.999952912 0.001023587 -3.722596645 -0.007577572 -0.001096747 0.999970675 247.272079468
0.999913096 0.010621293 0.007811290 -0.403182149 -0.010630668 0.999942839 0.001159540 -3.744560957 -0.007798528 -0.001242479 0.999968827 248.792388916
0.999920905 0.010243759 0.007295188 -0.399476528 -0.010256303 0.999945998 0.001684252 -3.776299000 -0.007277541 -0.001758940 0.999971986 250.331054688
0.999899626 0.011849236 0.007762195 -0.401473761 -0.011864532 0.999927759 0.001927724 -3.798148155 -0.007738791 -0.002019626 0.999968052 251.863098145
0.999877095 0.013346898 0.008211731 -0.407480478 -0.013361529 0.999909222 0.001729520 -3.820887804 -0.008187901 -0.001839028 0.999964774 253.384429932
0.999867976 0.013746498 0.008654755 -0.410170078 -0.013764288 0.999903262 0.001999310 -3.841462374 -0.008626433 -0.002118173 0.999960542 254.920166016
0.999887347 0.012430921 0.008409029 -0.404236078 -0.012450669 0.999919832 0.002299970 -3.869723797 -0.008379764 -0.002404409 0.999961972 256.476104736
0.999904394 0.010825979 0.008594189 -0.397943258 -0.010853712 0.999936044 0.003186878 -3.892181396 -0.008559136 -0.003279852 0.999958038 257.996826172
0.999931991 0.008547844 0.007925468 -0.382516861 -0.008575077 0.999957383 0.003408765 -3.902271986 -0.007895991 -0.003476495 0.999962747 259.527984619
0.999938011 0.007245894 0.008449577 -0.394751072 -0.007270002 0.999969602 0.002825848 -3.929135323 -0.008428844 -0.002887101 0.999960244 261.084747314
0.999949276 0.006061821 0.008038360 -0.387662888 -0.006076131 0.999980032 0.001756950 -3.948196888 -0.008027548 -0.001805703 0.999966145 262.637237549
0.999952018 0.004533583 0.008677717 -0.379427671 -0.004563672 0.999983609 0.003450911 -3.972099781 -0.008661928 -0.003490347 0.999956369 264.197357178
0.999955058 0.002307755 0.009191601 -0.372359991 -0.002358798 0.999981821 0.005546270 -3.994579315 -0.009178635 -0.005567702 0.999942362 265.746643066
0.999959707 0.001860202 0.008779139 -0.356026649 -0.001895102 0.999990344 0.003968716 -4.004786491 -0.008771672 -0.003985194 0.999953568 267.331329346
0.999956131 0.001503872 0.009237456 -0.344093800 -0.001531763 0.999994397 0.003012939 -4.022486210 -0.009232873 -0.003026958 0.999952793 268.879241943
0.999951124 0.002077451 0.009661934 -0.332532644 -0.002104138 0.999993980 0.002752763 -4.047399521 -0.009656157 -0.002772958 0.999949515 270.424468994
0.999936223 0.003578591 0.010709876 -0.329372168 -0.003612910 0.999988377 0.003186781 -4.074313164 -0.010698347 -0.003225271 0.999937594 271.955169678
0.999919116 0.005490916 0.011472155 -0.326545954 -0.005516636 0.999982357 0.002211553 -4.088637829 -0.011459812 -0.002274661 0.999931753 273.484466553
0.999899149 0.006743528 0.012497771 -0.314605713 -0.006770681 0.999974847 0.002131574 -4.114181995 -0.012483083 -0.002215977 0.999919653 275.040008545
0.999884605 0.007738689 0.013072135 -0.294028997 -0.007759226 0.999968886 0.001521122 -4.134578228 -0.013059955 -0.001622376 0.999913394 276.577056885
0.999871016 0.008405683 0.013685301 -0.285009623 -0.008415153 0.999964416 0.000634591 -4.157960892 -0.013679481 -0.000749673 0.999906123 278.125579834
0.999862432 0.007384958 0.014848434 -0.273627758 -0.007390943 0.999972641 0.000348391 -4.182298183 -0.014845453 -0.000458087 0.999889672 279.679931641
0.999863565 0.007022003 0.014946518 -0.230699062 -0.007032302 0.999975085 0.000636707 -4.212531090 -0.014941675 -0.000741728 0.999888003 281.236022949
0.999863207 0.005745029 0.015509152 -0.211133480 -0.005769820 0.999982119 0.001554234 -4.234122276 -0.015499946 -0.001643506 0.999878526 282.810211182
0.999867737 0.004652107 0.015583660 -0.191867828 -0.004680054 0.999987483 0.001757464 -4.258052349 -0.015575288 -0.001830164 0.999876976 284.370788574
0.999871135 0.004457321 0.015420102 -0.170228481 -0.004446900 0.999989808 -0.000709998 -4.285604000 -0.015423110 0.000641335 0.999880850 285.932556152
0.999883771 0.002991074 0.014945288 -0.146815777 -0.002947759 0.999991417 -0.002919353 -4.310194016 -0.014953892 0.002874959 0.999884069 287.495697021
0.999894440 0.002713962 0.014271387 -0.126411915 -0.002673400 0.999992251 -0.002860564 -4.342235565 -0.014279040 0.002822109 0.999894083 289.067718506
0.999910355 0.001586288 0.013296887 -0.111535072 -0.001548070 0.999994636 -0.002883983 -4.367534161 -0.013301388 0.002863140 0.999907374 290.635528564
0.999928236 0.001538487 0.011881180 -0.094915628 -0.001496023 0.999992430 -0.003582113 -4.392778397 -0.011886602 0.003564081 0.999922931 292.198516846
0.999933839 0.001564438 0.011391914 -0.086392403 -0.001519697 0.999991119 -0.003935024 -4.421689034 -0.011397969 0.003917451 0.999927282 293.770965576
0.999944985 0.001510535 0.010381825 -0.066222668 -0.001474682 0.999992847 -0.003460239 -4.452614307 -0.010386979 0.003444739 0.999940097 295.342163086
0.999955416 0.001073371 0.009383996 -0.058052301 -0.001041913 0.999993801 -0.003356494 -4.483373642 -0.009387541 0.003346567 0.999950349 296.912017822
0.999965668 0.000627556 0.008258953 -0.048292160 -0.000611915 0.999998152 -0.001896150 -4.515077114 -0.008260125 0.001891031 0.999964058 298.484924316
0.999969721 0.002127563 0.007503190 -0.046171904 -0.002122562 0.999997437 -0.000674591 -4.540771008 -0.007504608 0.000658644 0.999971628 300.063232422
0.999962807 0.002228356 0.008343488 -0.043225288 -0.002223855 0.999997377 -0.000548779 -4.566601276 -0.008344692 0.000530204 0.999965072 301.652282715
0.999955058 0.002644711 0.009095892 -0.032691717 -0.002639537 0.999996364 -0.000580792 -4.596214294 -0.009097396 0.000556757 0.999958456 303.250885010
0.999953628 0.001377917 0.009531736 -0.028396845 -0.001369425 0.999998689 -0.000897478 -4.619809151 -0.009532960 0.000884383 0.999954164 304.835327148
0.999952137 -0.000374714 0.009776491 -0.017893314 0.000393383 0.999998093 -0.001907663 -4.647072792 -0.009775756 0.001911418 0.999950349 306.436248779
0.999946535 -0.001927191 0.010157728 -0.000953674 0.001967298 0.999990284 -0.003939844 -4.674302101 -0.010150038 0.003959617 0.999940634 308.039550781
0.999947488 -0.002434866 0.009948244 0.008520842 0.002482965 0.999985278 -0.004825446 -4.707366943 -0.009936349 0.004849895 0.999938786 309.640197754
0.999969780 -0.001743925 0.007577800 0.014579058 0.001788238 0.999981284 -0.005844846 -4.739027023 -0.007567466 0.005858221 0.999954164 311.255645752
0.999984264 -0.000634497 0.005558166 0.017052770 0.000663258 0.999986410 -0.005174236 -4.769418716 -0.005554807 0.005177842 0.999971092 312.871429443
0.999986291 0.000330394 0.005205429 0.016220450 -0.000319819 0.999997973 -0.002032294 -4.798334599 -0.005206089 0.002030602 0.999984384 314.497894287
0.999984920 -0.001142909 0.005368539 0.031171441 0.001137127 0.999998748 0.001079961 -4.827898979 -0.005369767 -0.001073840 0.999984980 316.145294189
0.999984443 -0.002426786 0.005014662 0.035821199 0.002417263 0.999995232 0.001904217 -4.851004601 -0.005019260 -0.001892066 0.999985635 317.767791748
0.999980211 -0.003027350 0.005498889 0.039784193 0.003024828 0.999995291 0.000466740 -4.873880863 -0.005500276 -0.000450097 0.999984801 319.390441895
0.999970913 -0.004595138 0.006073247 0.034818530 0.004590152 0.999989092 0.000834626 -4.899853230 -0.006077016 -0.000806725 0.999981225 321.002685547
0.999969482 -0.004640277 0.006286126 0.032581210 0.004633892 0.999988735 0.001029920 -4.923349380 -0.006290833 -0.001000760 0.999979734 322.606170654
0.999966383 -0.004586372 0.006786271 0.037086010 0.004579995 0.999989033 0.000954994 -4.949383259 -0.006790577 -0.000923881 0.999976516 324.226104736
0.999970376 -0.003136673 0.007024901 0.041366816 0.003137374 0.999995112 -0.000088693 -4.972469807 -0.007024589 0.000110730 0.999975383 325.849304199
0.999968350 -0.002574101 0.007528821 0.046564102 0.002577957 0.999996543 -0.000502577 -5.009282112 -0.007527501 0.000521970 0.999971509 327.467468262
0.999959350 -0.004032650 0.008063943 0.055110455 0.004020036 0.999990761 0.001579834 -5.037127972 -0.008070241 -0.001547353 0.999966204 329.108520508
0.999953568 -0.004967932 0.008257567 0.060553551 0.004947484 0.999984741 0.002494907 -5.066995621 -0.008269832 -0.002453936 0.999962807 330.689727783
0.999946535 -0.006473609 0.008072131 0.070650339 0.006464545 0.999978423 0.001148507 -5.092340469 -0.008079391 -0.001096263 0.999966800 332.316375732
0.999956906 -0.004884772 0.007895185 0.083022118 0.004876419 0.999987543 0.001076873 -5.115255356 -0.007900348 -0.001038326 0.999968231 333.963134766
0.999965727 -0.002947731 0.007737531 0.078112602 0.002955050 0.999995172 -0.000934439 -5.142480373 -0.007734740 0.000957272 0.999969602 335.564025879
0.999974132 -0.000992468 0.007113641 0.081350803 0.001021015 0.999991417 -0.004010493 -5.170494080 -0.007109600 0.004017653 0.999966681 337.189270020
0.999980450 0.000046387 0.006254633 0.082138777 -0.000024056 0.999993563 -0.003570321 -5.201263428 -0.006254760 0.003570101 0.999974012 338.808135986
0.999988735 0.000868988 0.004653944 0.087373853 -0.000868214 0.999999642 -0.000168211 -5.232300758 -0.004654089 0.000164168 0.999989152 340.383850098
0.999992013 0.001559444 0.003663778 0.089468956 -0.001570574 0.999994159 0.003036842 -5.263759613 -0.003659020 -0.003042572 0.999988675 342.008636475
0.999994814 0.002137154 0.002414584 0.084635198 -0.002141193 0.999996305 0.001671433 -5.287430763 -0.002411003 -0.001676594 0.999995708 343.607055664
0.999998331 0.001776115 0.000409270 0.079572514 -0.001776094 0.999998391 -0.000052157 -5.310539722 -0.000409362 0.000051431 0.999999940 345.197235107
0.999998689 0.000192385 -0.001593312 0.078439653 -0.000190321 0.999999106 0.001295494 -5.338066101 0.001593560 -0.001295189 0.999997914 346.801116943
0.999995947 -0.000865549 -0.002677814 0.068633854 0.000869858 0.999998331 0.001608461 -5.362910271 0.002676417 -0.001610784 0.999995172 348.394165039
0.999995589 -0.001270561 -0.002690668 0.049549699 0.001272638 0.999998868 0.000770403 -5.383432388 0.002689687 -0.000773824 0.999996066 349.994506836
0.999991357 -0.002548033 -0.003279942 0.043040752 0.002547183 0.999996722 -0.000263195 -5.408031940 0.003280602 0.000254838 0.999994576 351.593292236
0.999991655 -0.002489372 -0.003233080 0.031062245 0.002488075 0.999996781 -0.000405216 -5.432598591 0.003234078 0.000397168 0.999994695 353.182739258
0.999990106 -0.003037985 -0.003252752 0.019391894 0.003035947 0.999995172 -0.000631555 -5.458593845 0.003254656 0.000621673 0.999994457 354.782928467
0.999987960 -0.003485635 -0.003445415 0.009987593 0.003480374 0.999992728 -0.001531822 -5.483690262 0.003450730 0.001519813 0.999992847 356.379455566
0.999990463 -0.002928337 -0.003269796 -0.005315065 0.002921709 0.999993622 -0.002030118 -5.516191959 0.003275720 0.002020545 0.999992609 357.979187012
0.999989033 -0.003379130 -0.003230919 -0.014989972 0.003373431 0.999992669 -0.001767763 -5.546288967 0.003236869 0.001756844 0.999993205 359.565185547
0.999987721 -0.003558493 -0.003435043 -0.021551013 0.003550242 0.999990761 -0.002405320 -5.578446388 0.003443571 0.002393096 0.999991119 361.157928467
0.999982297 -0.004867473 -0.003424983 -0.030978322 0.004854232 0.999980688 -0.003863968 -5.607942581 0.003443724 0.003847274 0.999986649 362.742523193
0.999975681 -0.006125113 -0.003326863 -0.041962862 0.006118623 0.999979377 -0.001957630 -5.639248848 0.003338785 0.001937227 0.999992549 364.348571777
0.999959052 -0.008226528 -0.003763757 -0.041865826 0.008222503 0.999965668 -0.001083471 -5.670526505 0.003772540 0.001052480 0.999992311 365.947448730
0.999960780 -0.008139020 -0.003528203 -0.052636981 0.008130724 0.999964297 -0.002359409 -5.694540977 0.003547280 0.002330629 0.999991000 367.533447266
0.999972403 -0.007023938 -0.002452249 -0.083608091 0.007016391 0.999970675 -0.003072273 -5.719849586 0.002473757 0.003054982 0.999992251 369.130706787
0.999979138 -0.006007746 -0.002375818 -0.093766987 0.006003285 0.999980152 -0.001880683 -5.763233185 0.002387070 0.001866382 0.999995351 370.720916748
0.999988139 -0.004375394 -0.002165700 -0.103431106 0.004373447 0.999990046 -0.000903084 -5.789300919 0.002169629 0.000893602 0.999997199 372.327239990
0.999987721 -0.004712966 -0.001514623 -0.115997821 0.004711292 0.999988317 -0.001106704 -5.823540688 0.001519822 0.001099555 0.999998212 373.900146484
0.999989569 -0.004456117 -0.000959191 -0.140787020 0.004453687 0.999986887 -0.002521178 -5.841572285 0.000970414 0.002516880 0.999996364 375.496582031
0.999989629 -0.004444059 -0.001010278 -0.140832141 0.004441821 0.999987721 -0.002206340 -5.880173683 0.001020071 0.002201829 0.999997079 377.102111816
0.999990046 -0.004419150 -0.000673504 -0.136838064 0.004417555 0.999987543 -0.002350147 -5.909734249 0.000683881 0.002347149 0.999997020 378.727478027
0.999997199 -0.002334098 -0.000333665 -0.161687031 0.002333319 0.999994576 -0.002316515 -5.936320782 0.000339070 0.002315731 0.999997258 380.331726074
0.999999702 -0.000743833 0.000124546 -0.168859482 0.000744050 0.999998212 -0.001751655 -5.965774536 -0.000123243 0.001751747 0.999998450 381.935668945
0.999999762 0.000572664 0.000306863 -0.184561998 -0.000571822 0.999996006 -0.002738708 -5.990766525 -0.000308430 0.002738531 0.999996126 383.569427490
