1.000000000 0.000000000 0.000000000 0.000000000 0.000000000 0.999999940 0.000000000 0.000000030 0.000000000 0.000000000 1.000000000 0.000000000
0.999997675 -0.001605225 -0.001433307 -0.002634316 0.001603895 0.999998212 -0.000928822 -0.007763060 0.001434795 0.000926521 0.999998569 0.563895404
0.999995470 -0.001799060 -0.002404660 -0.007864603 0.001792840 0.999994993 -0.002586041 -0.017594706 0.002409300 0.002581718 0.999993742 1.119480968
0.999986589 -0.002518866 -0.004520133 -0.009307903 0.002502875 0.999990523 -0.003539714 -0.035225604 0.004529007 0.003528353 0.999983490 1.684808135
0.999970078 -0.004389089 -0.006365732 -0.020363577 0.004353952 0.999975204 -0.005522992 -0.041463643 0.006389815 0.005495111 0.999964476 2.251416445
0.999946058 -0.007193191 -0.007495739 -0.031470019 0.007140944 0.999950171 -0.006973826 -0.066411480 0.007545529 0.006919923 0.999947608 2.801642179
0.999923348 -0.008439914 -0.009056181 -0.036910433 0.008371693 0.999936461 -0.007544592 -0.079865590 0.009119282 0.007468199 0.999930501 3.372998714
0.999910593 -0.008383876 -0.010421105 -0.048164621 0.008311989 0.999941468 -0.006922540 -0.091552302 0.010478531 0.006835300 0.999921739 3.956273317
0.999895990 -0.008855321 -0.011388781 -0.060090348 0.008772011 0.999934494 -0.007344419 -0.105715759 0.011453073 0.007243752 0.999908209 4.548801899
0.999884844 -0.008351652 -0.012670199 -0.069279633 0.008224576 0.999915659 -0.010048668 -0.121756732 0.012753052 0.009943304 0.999869168 5.141518593
0.999882638 -0.006612405 -0.013812533 -0.085357293 0.006421230 0.999883652 -0.013839275 -0.136787713 0.013902431 0.013748959 0.999808788 5.743720531
0.999869049 -0.005441107 -0.015233932 -0.099316604 0.005172925 0.999831855 -0.017588627 -0.148668081 0.015327070 0.017507520 0.999729156 6.359107971
0.999860764 -0.003506710 -0.016310953 -0.118183836 0.003220198 0.999840677 -0.017558828 -0.163105384 0.016369924 0.017503856 0.999712825 6.990049839
0.999843478 -0.001296759 -0.017649053 -0.129858434 0.001105783 0.999940693 -0.010826227 -0.171240643 0.017662045 0.010805015 0.999785781 7.631371021
0.999837637 -0.000135834 -0.018019086 -0.150464103 0.000133577 0.999999940 -0.000126432 -0.185957059 0.018019101 0.000124005 0.999837637 8.288837433
0.999817669 0.000417506 -0.019097062 -0.166296110 -0.000293883 0.999978900 0.006475776 -0.195917830 0.019099366 -0.006468982 0.999796689 8.976547241
0.999785423 0.002965715 -0.020506261 -0.183663309 -0.002857194 0.999981701 0.005319393 -0.210173205 0.020521663 -0.005259661 0.999775529 9.659976959
0.999766350 0.004944730 -0.021042844 -0.209319919 -0.004985346 0.999985754 -0.001878084 -0.215941787 0.021033265 0.001982552 0.999776840 10.353404045
0.999741137 0.004578846 -0.022285584 -0.225951061 -0.004751811 0.999958873 -0.007714576 -0.216654450 0.022249348 0.007818477 0.999721885 11.058480263
0.999723673 0.002153962 -0.023409653 -0.244248390 -0.002299092 0.999978244 -0.006174455 -0.217964128 0.023395848 0.006226571 0.999706805 11.797780991
0.999720871 0.001724985 -0.023559960 -0.270684510 -0.001652616 0.999993801 0.003090850 -0.230254024 0.023565140 -0.003051052 0.999717653 12.561889648
0.999713719 0.001338981 -0.023890194 -0.292640507 -0.001088092 0.999944091 0.010511648 -0.235316128 0.023902930 -0.010482644 0.999659300 13.337740898
0.999702275 0.000455213 -0.024399368 -0.316867918 -0.000138722 0.999915838 0.012971420 -0.236206740 0.024403220 -0.012964173 0.999618113 14.126419067
0.999695659 -0.001440438 -0.024629667 -0.336578399 0.001735244 0.999927044 0.011952426 -0.235392720 0.024610654 -0.011991525 0.999625146 14.931719780
0.999710321 -0.001733905 -0.024004443 -0.357607543 0.001963513 0.999952435 0.009544976 -0.238671318 0.023986747 -0.009589343 0.999666274 15.756578445
0.999725401 0.001022600 -0.023407152 -0.382692039 -0.000877131 0.999980152 0.006224133 -0.239947572 0.023413053 -0.006201893 0.999706686 16.593009949
0.999740779 -0.002342687 -0.022644933 -0.402012795 0.002352247 0.999997079 0.000395540 -0.241510496 0.022643939 -0.000448707 0.999743462 17.449590683
0.999747455 -0.004948117 -0.021922506 -0.420028806 0.004821002 0.999971151 -0.005847439 -0.252409220 0.021950804 0.005740274 0.999742568 18.319574356
0.999769926 -0.004166505 -0.021044068 -0.433621466 0.003929903 0.999928713 -0.011271957 -0.262943059 0.021089535 0.011186661 0.999715030 19.222200394
0.999783516 -0.002917575 -0.020609148 -0.460960150 0.002668212 0.999923050 -0.012116771 -0.277523845 0.020642912 0.012059155 0.999714255 20.127161026
0.999762297 -0.002910723 -0.021610534 -0.476426780 0.002661021 0.999929368 -0.011574420 -0.296233803 0.021642696 0.011514160 0.999699533 21.064958572
0.999771476 -0.001352136 -0.021336177 -0.506603181 0.001079549 0.999917686 -0.012782169 -0.322464079 0.021351703 0.012756214 0.999690711 22.003803253
0.999778390 0.001769592 -0.020974012 -0.530198157 -0.002086216 0.999883950 -0.015083764 -0.341945469 0.020944890 0.015124177 0.999666274 22.975280762
0.999761999 0.004976820 -0.021241067 -0.557959974 -0.005315857 0.999858797 -0.015934844 -0.364707589 0.021158762 0.016043965 0.999647439 23.940139771
0.999758244 0.006771015 -0.020914935 -0.595167756 -0.007101371 0.999850512 -0.015761524 -0.392754883 0.020805085 0.015906241 0.999657094 24.924152374
0.999744236 0.007668923 -0.021275492 -0.621204376 -0.008007499 0.999841809 -0.015874673 -0.417650193 0.021150386 0.016040975 0.999647677 25.902816772
0.999733269 0.007100974 -0.021974331 -0.633982241 -0.007449522 0.999847114 -0.015820555 -0.443988979 0.021858629 0.015980035 0.999633372 26.878938675
0.999716222 0.008631806 -0.022203218 -0.658872962 -0.008959518 0.999851763 -0.014702743 -0.479496896 0.022073016 0.014897501 0.999645412 27.899827957
0.999704897 0.009256271 -0.022462031 -0.685463309 -0.009539665 0.999875784 -0.012542356 -0.507988095 0.022343149 0.012752935 0.999669135 28.917646408
0.999693096 0.009929705 -0.022698805 -0.715814710 -0.010187186 0.999884725 -0.011256031 -0.536839485 0.022584422 0.011483813 0.999679029 29.939300537
0.999683917 0.010168307 -0.022993455 -0.738613367 -0.010456461 0.999867797 -0.012446709 -0.560653627 0.022863854 0.012683205 0.999658167 30.973411560
0.999670744 0.011368609 -0.023000471 -0.773663521 -0.011684464 0.999838650 -0.013645116 -0.586266339 0.022841631 0.013909374 0.999642372 31.993566513
0.999665797 0.010909474 -0.023433760 -0.802690923 -0.011204533 0.999859095 -0.012497113 -0.615710199 0.023294121 0.012755503 0.999647319 33.028850555
0.999651134 0.010916715 -0.024047067 -0.832160413 -0.011163034 0.999886334 -0.010132952 -0.637622952 0.023933712 0.010397859 0.999659479 34.085178375
0.999646723 0.010883625 -0.024246909 -0.871141434 -0.011038376 0.999919534 -0.006257719 -0.664500058 0.024176847 0.006523156 0.999686420 35.126964569
0.999629438 0.010853206 -0.024960566 -0.894001842 -0.010956258 0.999931931 -0.003995654 -0.687589645 0.024915500 0.004267648 0.999680459 36.214004517
0.999619424 0.011156905 -0.025230372 -0.929380894 -0.011251095 0.999930203 -0.003594418 -0.704520702 0.025188508 0.003876919 0.999675214 37.285179138
0.999610126 0.010428441 -0.025900945 -0.959998786 -0.010556914 0.999932587 -0.004828429 -0.729351282 0.025848845 0.005099981 0.999652863 38.373943329
0.999592841 0.010934098 -0.026357723 -1.001107574 -0.011083839 0.999923170 -0.005541707 -0.746521771 0.026295105 0.005831596 0.999637246 39.454242706
0.999568701 0.010267407 -0.027512368 -1.025363207 -0.010391094 0.999936521 -0.004356568 -0.771361411 0.027465887 0.004640572 0.999611974 40.533611298
0.999541223 0.010978189 -0.028231230 -1.064318061 -0.011058428 0.999935150 -0.002687640 -0.786246836 0.028199894 0.002998600 0.999597788 41.619457245
0.999533653 0.010235855 -0.028773133 -1.104656219 -0.010235731 0.999947608 0.000151705 -0.813703299 0.028773177 0.000142879 0.999585927 42.712490082
0.999507427 0.011986095 -0.029007286 -1.149413466 -0.011984853 0.999928176 0.000216635 -0.837972820 0.029007798 0.000131120 0.999579191 43.787631989
0.999478519 0.013147961 -0.029494271 -1.175951481 -0.013259239 0.999905646 -0.003580460 -0.861084580 0.029444411 0.003969664 0.999558568 44.874549866
0.999463141 0.014332931 -0.029462675 -1.215929508 -0.014567803 0.999863625 -0.007772691 -0.880389333 0.029347250 0.008197725 0.999535680 45.955379486
0.999458909 0.014800833 -0.029374117 -1.256932020 -0.015046794 0.999853373 -0.008170096 -0.904372573 0.029248886 0.008607661 0.999535084 47.036991119
0.999449074 0.015587454 -0.029304849 -1.294769168 -0.015756631 0.999860466 -0.005550957 -0.928779244 0.029214233 0.006009644 0.999555111 48.137229919
0.999457479 0.015497114 -0.029060939 -1.333298326 -0.015595244 0.999873400 -0.003153318 -0.955700994 0.029008389 0.003604819 0.999572635 49.226089478
0.999482751 0.013960320 -0.028971238 -1.369982362 -0.014017286 0.999900222 -0.001764378 -0.978161991 0.028943716 0.002169563 0.999578655 50.313739777
0.999485135 0.014097645 -0.028822584 -1.402958632 -0.014179379 0.999895990 -0.002633350 -1.001496077 0.028782461 0.003040680 0.999581099 51.407253265
0.999498725 0.013322130 -0.028722197 -1.441265106 -0.013461470 0.999898493 -0.004663508 -1.021731496 0.028657157 0.005047813 0.999576509 52.495342255
0.999517679 0.012743390 -0.028318252 -1.472627163 -0.012939697 0.999893367 -0.006759808 -1.048106194 0.028229093 0.007122979 0.999576092 53.564968109
0.999537885 0.011957132 -0.027946200 -1.507877111 -0.012225078 0.999880672 -0.009436880 -1.072785378 0.027830031 0.009774165 0.999564886 54.657402039
0.999557793 0.010591545 -0.027785219 -1.542128086 -0.010947828 0.999859333 -0.012702160 -1.106806636 0.027646776 0.013000732 0.999533176 55.743167877
0.999573112 0.008405766 -0.027982449 -1.563377857 -0.008802562 0.999862015 -0.014087362 -1.144232273 0.027860172 0.014327665 0.999509096 56.818832397
0.999591649 0.006850892 -0.027741054 -1.596847296 -0.007175134 0.999906898 -0.011605577 -1.176476479 0.027658962 0.011799884 0.999547720 57.905353546
0.999604285 0.005649314 -0.027558962 -1.628730059 -0.005807015 0.999967217 -0.005645744 -1.204031229 0.027526159 0.005803545 0.999604225 59.000396729
0.999619126 0.004005219 -0.027303005 -1.661051035 -0.004008866 0.999991953 -0.000078860 -1.224559069 0.027302468 0.000188285 0.999627173 60.110153198
0.999620497 0.002305417 -0.027451109 -1.690725684 -0.002288498 0.999997199 0.000647681 -1.243522644 0.027452521 -0.000584614 0.999622881 61.202121735
0.999636292 -0.000764494 -0.026956216 -1.723579407 0.000702876 0.999997079 -0.002295253 -1.262211919 0.026957892 0.002275472 0.999633908 62.290084839
0.999635041 -0.002434490 -0.026905453 -1.755924582 0.002282706 0.999981344 -0.005670672 -1.282816887 0.026918756 0.005607185 0.999621868 63.393402100
0.999633431 -0.000455649 -0.027071651 -1.793160439 0.000191378 0.999952376 -0.009763682 -1.308407784 0.027074806 0.009754924 0.999585748 64.480186462
0.999641716 -0.000205796 -0.026767420 -1.826549649 -0.000165128 0.999904037 -0.013854341 -1.337990403 0.026767695 0.013853796 0.999545693 65.563507080
0.999655008 0.002646025 -0.026133455 -1.861812830 -0.003028355 0.999888897 -0.014601178 -1.367257595 0.026091911 0.014675284 0.999551773 66.662887573
0.999657035 0.006816841 -0.025286190 -1.907350779 -0.007096795 0.999914229 -0.010998297 -1.401453972 0.025209047 0.011173975 0.999619782 67.770225525
0.999648392 0.008084147 -0.025252810 -1.941265106 -0.008303959 0.999928355 -0.008611714 -1.430576205 0.025181379 0.008818384 0.999644041 68.863777161
0.999654651 0.007301754 -0.025241595 -1.969330907 -0.007506122 0.999939740 -0.008011241 -1.455933690 0.025181577 0.008197942 0.999649286 69.959770203
0.999659836 0.006260778 -0.025319466 -1.998754025 -0.006450161 0.999951839 -0.007404984 -1.483042479 0.025271889 0.007565781 0.999651968 71.070266724
0.999664605 0.005268212 -0.025357515 -2.031303406 -0.005418113 0.999968171 -0.005846408 -1.511826158 0.025325913 0.005981837 0.999661386 72.162811279
0.999655664 0.003466733 -0.026014313 -2.059437275 -0.003569230 0.999985933 -0.003894535 -1.537097216 0.026000451 0.003986044 0.999653995 73.265403748
0.999641299 0.002553477 -0.026659213 -2.093543053 -0.002613499 0.999994099 -0.002216823 -1.562894344 0.026653394 0.002285701 0.999642134 74.361511230
0.999629855 0.001798589 -0.027146753 -2.127450705 -0.001882318 0.999993503 -0.003059083 -1.591084719 0.027141079 0.003109050 0.999626815 75.452400208
0.999615788 0.001892701 -0.027658660 -2.162851095 -0.002092012 0.999971986 -0.007178912 -1.613745928 0.027644301 0.007234016 0.999591649 76.532424927
0.999584317 0.002498216 -0.028725326 -2.193088055 -0.002762122 0.999954283 -0.009151201 -1.640597820 0.028701149 0.009226738 0.999545455 77.614997864
0.999567449 0.004479240 -0.029066080 -2.235216618 -0.004700764 0.999960423 -0.007557499 -1.667345047 0.029031081 0.007690863 0.999548912 78.692962646
0.999543905 0.005739881 -0.029647242 -2.274893761 -0.005848263 0.999976575 -0.003570254 -1.686816692 0.029626055 0.003742011 0.999554038 79.764434814
0.999519885 0.006765738 -0.030235091 -2.309805155 -0.006743042 0.999976814 0.000852575 -1.719342947 0.030240158 -0.000648289 0.999542415 80.847473145
0.999493062 0.007990976 -0.030815823 -2.352204323 -0.007946396 0.999967158 0.001568895 -1.739390850 0.030827353 -0.001323225 0.999523759 81.916168213
0.999479175 0.007826060 -0.031307485 -2.391229868 -0.007858049 0.999968708 -0.000898884 -1.753730536 0.031299472 0.001144432 0.999509394 82.990554810
0.999469459 0.007489667 -0.031695124 -2.435833931 -0.007536212 0.999970675 -0.001349337 -1.781243086 0.031684086 0.001587482 0.999496639 84.052398682
0.999459505 0.006811653 -0.032159284 -2.472595692 -0.006857418 0.999975681 -0.001313044 -1.805366635 0.032149561 0.001532865 0.999481857 85.105171204
0.999438226 0.005491846 -0.033060338 -2.511470795 -0.005536315 0.999983907 -0.001253666 -1.820340872 0.033052918 0.001435995 0.999452531 86.148300171
0.999423563 0.004471238 -0.033654530 -2.545999289 -0.004468760 0.999989986 0.000148862 -1.846753240 0.033654861 0.000001618 0.999433637 87.177696228
0.999414265 0.004815352 -0.033882029 -2.589551449 -0.004717455 0.999984443 0.002968724 -1.869005919 0.033895794 -0.002807148 0.999421477 88.180931091
0.999368668 0.003863061 -0.035318773 -2.626362324 -0.003732040 0.999985933 0.003774871 -1.889448524 0.035332859 -0.003640677 0.999369025 89.160659790
0.999306440 0.002426087 -0.037157886 -2.668481588 -0.002281524 0.999989688 0.003932428 -1.906505346 0.037167039 -0.003844924 0.999301672 90.124870300
0.999179482 0.001514106 -0.040471785 -2.709549904 -0.001393516 0.999994576 0.003007658 -1.925635576 0.040476110 -0.002948792 0.999176264 91.057815552
0.999039590 0.001385891 -0.043794494 -2.756509781 -0.001297952 0.999997139 0.002036382 -1.943674207 0.043797184 -0.001977583 0.999038458 91.979347229
0.998890996 0.001088870 -0.047068588 -2.803996086 -0.000968621 0.999996305 0.002577490 -1.962606668 0.047071218 -0.002529041 0.998888254 92.870925903
0.998730838 0.002292034 -0.050312404 -2.852886677 -0.002108713 0.999990940 0.003696431 -1.980870247 0.050320420 -0.003585645 0.998726666 93.736770630
0.998587132 0.003120736 -0.053047974 -2.911388159 -0.002869940 0.999984264 0.004803244 -1.997772098 0.053062141 -0.004644212 0.998580396 94.580314636
0.998411715 0.004528023 -0.056157559 -2.962284565 -0.004176727 0.999970973 0.006371324 -2.012387514 0.056184787 -0.006126648 0.998401582 95.397270203
0.998272419 0.005849742 -0.058463652 -3.022485971 -0.005449325 0.999960661 0.007006064 -2.025724888 0.058502328 -0.006675371 0.998264909 96.184226990
0.998096049 0.007860175 -0.061175402 -3.070970774 -0.007407108 0.999943435 0.007629267 -2.045282364 0.061231904 -0.007161608 0.998097837 96.946037292
0.997887969 0.009534420 -0.064254515 -3.120552301 -0.009142564 0.999937773 0.006389784 -2.057431221 0.064311430 -0.005788837 0.997913063 97.677177429
0.997726798 0.010872767 -0.066505805 -3.179953337 -0.010715528 0.999938846 0.002720552 -2.075614929 0.066531323 -0.002001722 0.997782350 98.371063232
0.997530222 0.013523920 -0.068924211 -3.241939068 -0.013617162 0.999906838 -0.000883121 -2.089838028 0.068905845 0.001819492 0.997621477 99.046394348
0.997351825 0.014953466 -0.071173780 -3.285292625 -0.015249440 0.999877155 -0.003616870 -2.106375217 0.071110941 0.004692652 0.997457325 99.683662415
0.997246563 0.017107410 -0.072156802 -3.334048510 -0.017475167 0.999837279 -0.004468374 -2.121922731 0.072068609 0.005717023 0.997383296 100.301658630
0.997278094 0.019538803 -0.071095325 -3.389192343 -0.019880114 0.999793887 -0.004096272 -2.135975838 0.071000643 0.005498505 0.997461140 100.885147095
0.997460544 0.023259062 -0.067316756 -3.453533411 -0.023493230 0.999720335 -0.002688934 -2.150729895 0.067235380 0.004263593 0.997727990 101.456138611
0.997691989 0.025747841 -0.062832035 -3.469290495 -0.025876652 0.999664247 -0.001237065 -2.166562080 0.062779106 0.002860092 0.998023391 102.006286621
0.998117983 0.026660630 -0.055223264 -3.504346371 -0.026642064 0.999644399 0.001072495 -2.183113337 0.055232242 0.000400786 0.998473346 102.514038086
0.998618960 0.026728569 -0.045230597 -3.530571222 -0.026600260 0.999640167 0.003436362 -2.193170071 0.045306168 -0.002228472 0.998970628 103.014709473
0.999080539 0.026271958 -0.033879526 -3.525683403 -0.026125554 0.999647260 0.004756924 -2.207273245 0.033992548 -0.003867429 0.999414742 103.484405518
0.999468565 0.025372209 -0.020464271 -3.526567459 -0.025274852 0.999667943 0.005002062 -2.219048500 0.020584393 -0.004482172 0.999778092 103.942512512
0.999664128 0.025377762 -0.005258312 -3.520519495 -0.025357710 0.999671042 0.003846125 -2.226966143 0.005354185 -0.003711495 0.999978840 104.380393982
0.999636471 0.023882871 0.012509819 -3.496755600 -0.023895802 0.999714077 0.000884872 -2.238609076 -0.012485113 -0.001183482 0.999921441 104.804512024
0.999147117 0.023490712 0.033960644 -3.471943140 -0.023382446 0.999720156 -0.003581695 -2.251702070 -0.034035277 0.002784558 0.999416769 105.222785950
0.998101413 0.021340782 0.057775885 -3.418641567 -0.020883288 0.999745607 -0.008510768 -2.260158062 -0.057942823 0.007288063 0.998293400 105.630729675
0.996188104 0.019086132 0.085117057 -3.359662056 -0.018160276 0.999767363 -0.011638526 -2.267624855 -0.085319377 0.010048413 0.996303082 106.044403076
0.993264854 0.016283225 0.114716120 -3.285348892 -0.014989895 0.999814034 -0.012127908 -2.287155151 -0.114892274 0.010326644 0.993324339 106.437538147
0.988968432 0.014134344 0.147450864 -3.203680038 -0.012169273 0.999824762 -0.014220597 -2.297814369 -0.147626057 0.012269350 0.988967121 106.788825989
0.982880652 0.011930799 0.183857083 -3.113763809 -0.009224587 0.999836266 -0.015567397 -2.312488317 -0.184012726 0.013604885 0.982829690 107.160903931
0.975038946 0.008414537 0.221874923 -2.992610931 -0.004911350 0.999854445 -0.016336033 -2.324458122 -0.221980095 0.014838561 0.974938333 107.523193359
0.965018511 0.006542810 0.262100458 -2.869689941 -0.002169850 0.999853611 -0.016970243 -2.340661764 -0.262173116 0.015807876 0.964891493 107.871139526
0.952673137 0.006688462 0.303923041 -2.744253159 -0.001470519 0.999847591 -0.017394265 -2.363349438 -0.303993076 0.016124126 0.952537894 108.188735962
0.937555254 0.009060981 0.347718418 -2.593360901 -0.002875433 0.999828458 -0.018300863 -2.371118069 -0.347824574 0.016158229 0.937420368 108.512916565
0.919741809 0.009652794 0.392405450 -2.418193817 -0.003117393 0.999845624 -0.017288513 -2.380462408 -0.392511785 0.014677682 0.919629872 108.842056274
0.899475038 0.008113786 0.436896682 -2.240486145 -0.001355400 0.999874592 -0.015778601 -2.393148661 -0.436969936 0.013600291 0.899373353 109.141357422
0.876167655 0.006914930 0.481956959 -2.051036835 0.000874784 0.999872625 -0.015936084 -2.408665657 -0.482005715 0.014384290 0.876049995 109.419403076
0.851147056 0.008414950 0.524859965 -1.826164246 0.001561045 0.999826491 -0.018561466 -2.419939995 -0.524925053 0.016617866 0.850986242 109.709075928
0.823223531 0.009840231 0.567632139 -1.618354797 0.002790165 0.999767542 -0.021378061 -2.443334579 -0.567710519 0.019182710 0.823004782 109.965614319
0.792049587 0.014494380 0.610284686 -1.385856628 0.001142378 0.999681175 -0.025225237 -2.462477207 -0.610455751 0.020676812 0.791780531 110.231918335
0.758214295 0.020720104 0.651676118 -1.131011963 -0.002292993 0.999573410 -0.029113675 -2.472883940 -0.652001262 0.020580119 0.757938564 110.483444214
0.720658064 0.025593128 0.692818165 -0.860202789 -0.004053041 0.999456763 -0.032704644 -2.474806070 -0.693278790 0.020760845 0.720370531 110.731414795
0.681689024 0.025496140 0.731197596 -0.563648224 -0.002053598 0.999455273 -0.032935478 -2.494894743 -0.731639028 0.020950172 0.681370318 110.952659607
0.640876770 0.023083672 0.767296672 -0.250553131 0.001796463 0.999499917 -0.031569850 -2.508629322 -0.767641664 0.021610808 0.640514970 111.152656555
0.596230268 0.021162713 0.802534580 0.075656891 0.003596439 0.999572039 -0.029030476 -2.515300274 -0.802805543 0.020195117 0.595898986 111.365341187
0.551693201 0.020028220 0.833806574 0.406085968 0.004718221 0.999620557 -0.027132951 -2.522121906 -0.834033608 0.018903153 0.551389515 111.493560791
0.503576875 0.017586131 0.863771379 0.764919281 0.006551097 0.999686241 -0.024172593 -2.531373978 -0.863925576 0.017831409 0.503303647 111.659927368
0.452563226 0.013762871 0.891626120 1.133140564 0.009796328 0.999743700 -0.020404078 -2.540314674 -0.891678452 0.017968794 0.452312529 111.808029175
0.400264353 0.013962225 0.916293323 1.493213654 0.006216317 0.999819458 -0.017950449 -2.563213348 -0.916378736 0.012880897 0.400105298 111.939323425
0.348756671 0.018540552 0.937029839 1.878238678 0.002688217 0.999780297 -0.020782704 -2.579756260 -0.937209487 0.009767046 0.348630309 112.056808472
0.298637420 0.024348287 0.954056025 2.289316177 0.001196610 0.999664128 -0.025886800 -2.588819981 -0.954365909 0.008872402 0.298507929 112.153755188
0.251982987 0.026401304 0.967371464 2.695844650 0.002946732 0.999602139 -0.028048506 -2.600950241 -0.967727184 0.009918330 0.251804978 112.225296021
0.210959107 0.026138095 0.977145314 3.116031647 0.009903662 0.999533951 -0.028875107 -2.617674589 -0.977444768 0.015768785 0.210601956 112.272369385
0.175678939 0.025964208 0.984105051 3.546188354 0.018271949 0.999393940 -0.029629426 -2.628214836 -0.984277964 0.023186784 0.175098062 112.313674927
0.145161286 0.027373530 0.989029288 4.000247955 0.022337979 0.999271750 -0.030935589 -2.641471148 -0.989155769 0.026583562 0.144444153 112.351272583
0.117024064 0.025349209 0.992805421 4.472679138 0.020642236 0.999396205 -0.027950628 -2.664002180 -0.992914677 0.023764623 0.116430148 112.396713257
0.091546476 0.022098603 0.995555580 4.988986969 0.014628989 0.999615908 -0.023533946 -2.676202297 -0.995693326 0.016718421 0.091188028 112.444351196
0.067901120 0.018161107 0.997526705 5.459398270 0.009441763 0.999777853 -0.018844783 -2.692062855 -0.997647285 0.010697991 0.067714557 112.470596313
0.045273077 0.015660206 0.998851955 5.983507156 0.013561833 0.999775350 -0.016289376 -2.710904598 -0.998882592 0.014283731 0.045050513 112.476814270
0.025097940 0.016517032 0.999548495 6.521780968 0.021233035 0.999629080 -0.017051511 -2.726390362 -0.999459445 0.021651410 0.024737921 112.461791992
0.007735625 0.019076714 0.999788046 7.073876381 0.026384411 0.999466002 -0.019274710 -2.741909027 -0.999621868 0.026527923 0.007228158 112.444374084
-0.007284373 0.024318825 0.999677718 7.681915283 0.025722995 0.999378026 -0.024124093 -2.759198904 -0.999642491 0.025538977 -0.007905386 112.456336975
-0.017372373 0.029165251 0.999423623 8.284769058 0.024518382 0.999286354 -0.028735053 -2.762805700 -0.999548376 0.024005057 -0.018075060 112.437431335
-0.024157971 0.028759543 0.999294400 8.904970169 0.026313784 0.999258101 -0.028122360 -2.781905890 -0.999361694 0.025615837 -0.024896823 112.423645020
-0.026691645 0.025881810 0.999308586 9.551820755 0.032419812 0.999161303 -0.025012059 -2.798938036 -0.999117792 0.031729788 -0.027508341 112.399787903
-0.026194692 0.024071503 0.999367118 10.205636978 0.033653013 0.999164641 -0.023184538 -2.823651314 -0.999090195 0.033024404 -0.026982885 112.377555847
-0.023916308 0.023717964 0.999432564 10.894484520 0.032372396 0.999212623 -0.022938078 -2.847976446 -0.999189675 0.031805433 -0.024665287 112.361717224
-0.022324825 0.024131706 0.999459505 11.574968338 0.029206505 0.999297619 -0.023475416 -2.867799520 -0.999324083 0.028666630 -0.023013946 112.350379944
-0.021237679 0.025336880 0.999453366 12.286519051 0.028256549 0.999294639 -0.024732430 -2.887328148 -0.999375045 0.027715843 -0.021938633 112.345474243
-0.020342693 0.026115278 0.999451995 13.016454697 0.027712150 0.999289393 -0.025546977 -2.913438082 -0.999408901 0.027177272 -0.021051949 112.331886292
-0.019838940 0.025756631 0.999471426 13.765993118 0.026929149 0.999319136 -0.025218183 -2.934544086 -0.999440372 0.026414614 -0.020519035 112.328239441
-0.019292051 0.024418321 0.999515712 14.523413658 0.026219331 0.999370158 -0.023908695 -2.959785938 -0.999469936 0.025745386 -0.019920133 112.319923401
-0.018385034 0.022891378 0.999568880 15.284925461 0.027038418 0.999383569 -0.022389816 -2.993632078 -0.999465406 0.026615122 -0.018992644 112.298988342
-0.019135460 0.020675216 0.999603152 16.073806763 0.027460305 0.999419808 -0.020145752 -3.017793655 -0.999439657 0.027063906 -0.019692104 112.291213989
-0.020550704 0.018988833 0.999608517 16.852531433 0.024206588 0.999535918 -0.018489800 -3.046698809 -0.999495685 0.023817129 -0.021000823 112.282814026
-0.021167699 0.018038685 0.999613225 17.644716263 0.024775226 0.999539614 -0.017512720 -3.065161467 -0.999468863 0.024394941 -0.021604870 112.257942200
-0.022353517 0.015870148 0.999624193 18.443706512 0.026816871 0.999523759 -0.015268878 -3.081290245 -0.999390483 0.026465477 -0.022768460 112.240058899
-0.023992848 0.014169488 0.999611795 19.258518219 0.028208682 0.999511003 -0.013490994 -3.105148077 -0.999314070 0.027874043 -0.024380818 112.228271484
-0.025603672 0.013056790 0.999586999 20.081075668 0.025879011 0.999588251 -0.012393937 -3.135545492 -0.999337196 0.025550988 -0.025931027 112.207946777
-0.026134733 0.017575204 0.999503970 20.897579193 0.022746695 0.999597073 -0.016982066 -3.164418221 -0.999399543 0.022291591 -0.026523979 112.186431885
-0.027205873 0.022390896 0.999379158 21.733535767 0.024010560 0.999475360 -0.021739420 -3.185599327 -0.999341369 0.023404215 -0.027729217 112.171318054
-0.028221473 0.024096955 0.999311209 22.569725037 0.024105787 0.999435067 -0.023419175 -3.210597754 -0.999310970 0.023428261 -0.028786404 112.147094727
-0.030162692 0.021908015 0.999304891 23.419326782 0.020489179 0.999563277 -0.021295242 -3.242315292 -0.999334931 0.019832617 -0.030598395 112.138031006
-0.030848112 0.017428314 0.999372184 24.259010315 0.017865350 0.999697864 -0.016882533 -3.274611473 -0.999364436 0.017333342 -0.031150151 112.117698669
-0.031299770 0.012151839 0.999436200 25.116020203 0.016374245 0.999798119 -0.011643440 -3.300634384 -0.999375880 0.016000576 -0.031492423 112.099189758
-0.031336017 0.006355430 0.999488771 25.961503983 0.012882635 0.999899209 -0.005954140 -3.324476480 -0.999425888 0.012689473 -0.031414732 112.076545715
-0.031339757 0.004715653 0.999497771 26.812181473 0.010100818 0.999939382 -0.004401019 -3.353874922 -0.999457657 0.009957821 -0.031385489 112.064224243
-0.030502846 0.012178054 0.999460578 27.659337997 0.012114328 0.999856949 -0.011813156 -3.375655890 -0.999461293 0.011747463 -0.030646011 112.034729004
-0.029033646 0.023284439 0.999307156 28.466058731 0.015325813 0.999621451 -0.022846486 -3.401675224 -0.999460876 0.014651879 -0.029379511 112.005462646
-0.028603144 0.028756566 0.999177158 29.300764084 0.017361898 0.999449492 -0.028267395 -3.424067736 -0.999440074 0.016539073 -0.029086670 111.984977722
-0.027504312 0.022924650 0.999358773 30.139535904 0.019072428 0.999566913 -0.022404518 -3.459117413 -0.999439716 0.018443977 -0.027929634 111.965667725
-0.026718451 0.015341291 0.999525189 30.970788956 0.022141486 0.999646008 -0.014751275 -3.488208055 -0.999397755 0.021736844 -0.027048670 111.943412781
-0.026054330 0.012463041 0.999582827 31.798227310 0.024116449 0.999638975 -0.011835136 -3.514284849 -0.999369562 0.023798034 -0.026345491 111.920837402
-0.026303509 0.013110016 0.999567986 32.626003265 0.022359399 0.999671519 -0.012522987 -3.539355516 -0.999403954 0.022020346 -0.026588002 111.906326294
-0.027191903 0.014053263 0.999531448 33.443672180 0.019322198 0.999721706 -0.013530284 -3.564309597 -0.999443531 0.018945230 -0.027455874 111.891265869
-0.029188680 0.014068198 0.999474823 34.262226105 0.017583761 0.999753416 -0.013558600 -3.590661287 -0.999419272 0.017178770 -0.029428853 111.877220154
-0.031373952 0.014003084 0.999409676 35.062515259 0.016787542 0.999768138 -0.013481107 -3.618039846 -0.999366820 0.016354676 -0.031601757 111.855262756
-0.033642713 0.014265249 0.999332190 35.887809753 0.015623000 0.999783337 -0.013745742 -3.646094561 -0.999311805 0.015150123 -0.033858288 111.835906982
-0.035727158 0.014688906 0.999253631 36.693923950 0.013839831 0.999803245 -0.014202158 -3.670252562 -0.999265850 0.013322097 -0.035923418 111.813362122
-0.038099144 0.013950657 0.999176562 37.493328094 0.012070674 0.999835968 -0.013499604 -3.693186522 -0.999201000 0.011546411 -0.038261287 111.790664673
-0.039869327 0.013004461 0.999120235 38.286293030 0.012494492 0.999843538 -0.012515291 -3.717317343 -0.999126732 0.011984527 -0.040025573 111.760108948
-0.041668151 0.012632842 0.999051750 39.078933716 0.011817359 0.999856353 -0.012150142 -3.748666525 -0.999061644 0.011299879 -0.041811451 111.728302002
-0.043402731 0.013657285 0.998964310 39.863769531 0.012027183 0.999841273 -0.013146720 -3.771063566 -0.998985291 0.011444123 -0.043560095 111.697837830
-0.044801135 0.013934387 0.998898685 40.659519196 0.012386408 0.999833643 -0.013391891 -3.795413971 -0.998919129 0.011772796 -0.044966277 111.674934387
-0.045285147 0.012967275 0.998889863 41.422935486 0.014449848 0.999819636 -0.012324253 -3.816081047 -0.998869538 0.013875704 -0.045464355 111.630111694
-0.047130290 0.012147606 0.998814821 42.222213745 0.015603644 0.999813020 -0.011423468 -3.841457129 -0.998766840 0.015046760 -0.047311034 111.606788635
-0.048547324 0.011435805 0.998755395 42.958778381 0.013081354 0.999855936 -0.010812547 -3.873652697 -0.998735189 0.012540155 -0.048689924 111.570846558
-0.049752466 0.010528290 0.998706102 43.713890076 0.011391824 0.999885321 -0.009973214 -3.894358635 -0.998696566 0.010880894 -0.049866702 111.541305542
-0.051099703 0.009174491 0.998651385 44.454120636 0.010284456 0.999909580 -0.008659809 -3.918070316 -0.998640597 0.009828072 -0.051189441 111.518440247
-0.051669940 0.008887569 0.998624682 45.163921356 0.010726417 0.999907672 -0.008343991 -3.940462112 -0.998606563 0.010280532 -0.051760513 111.481811523
-0.051771466 0.011485256 0.998592973 45.867900848 0.010435951 0.999885440 -0.010959076 -3.963273764 -0.998604417 0.009853899 -0.051885404 111.451042175
-0.051805310 0.014451895 0.998552561 46.585872650 0.010457323 0.999848247 -0.013928118 -3.982067585 -0.998602390 0.009720637 -0.051948570 111.413406372
-0.051746249 0.016176911 0.998529196 47.282836914 0.008795357 0.999837339 -0.015742308 -4.003599644 -0.998621464 0.007967815 -0.051880118 111.382087708
-0.052217763 0.016995747 0.998491049 47.977622986 0.008615211 0.999825537 -0.016567914 -4.027964592 -0.998598516 0.007737070 -0.052355073 111.350540161
-0.052050091 0.016607555 0.998506427 48.679077148 0.010286419 0.999817550 -0.016093150 -4.053162575 -0.998591483 0.009433405 -0.052211422 111.313858032
-0.052317765 0.016111264 0.998500586 49.366767883 0.010161787 0.999826610 -0.015600221 -4.076874733 -0.998578727 0.009330384 -0.052472420 111.279891968
-0.052965011 0.016479786 0.998460412 50.060493469 0.006708371 0.999847114 -0.016146818 -4.096999645 -0.998573840 0.005842826 -0.053067472 111.257698059
-0.052969292 0.016456889 0.998460591 50.742778778 0.004175904 0.999859095 -0.016258404 -4.124882698 -0.998587370 0.003308279 -0.053030554 111.233474731
-0.053030096 0.014888315 0.998481989 51.421630859 0.006535799 0.999872625 -0.014561929 -4.148567677 -0.998571515 0.005753657 -0.053120650 111.203010559
-0.053344265 0.014741358 0.998467505 52.091773987 0.007174172 0.999870896 -0.014378794 -4.166161537 -0.998550415 0.006396152 -0.053443134 111.157447815
-0.056831107 0.013972657 0.998286009 52.760101318 0.003500951 0.999898732 -0.013795925 -4.191031456 -0.998377681 0.002710913 -0.056874260 111.124572754
-0.062188715 0.013400764 0.997974455 53.435218811 -0.000436671 0.999909401 -0.013453957 -4.215933800 -0.998064339 -0.001272471 -0.062177211 111.094543457
-0.067580931 0.017674610 0.997557163 54.081535339 0.003926360 0.999840021 -0.017449062 -4.232465744 -0.997705996 0.002737546 -0.067639507 111.038063049
-0.073809154 0.020644790 0.997058690 54.769172668 0.006747241 0.999773204 -0.020201519 -4.251543522 -0.997249544 0.005236339 -0.073931694 110.979080200
-0.082006007 0.022508085 0.996377647 55.458232880 0.004329851 0.999743581 -0.022227753 -4.272461891 -0.996622384 0.002491359 -0.082082428 110.937255859
-0.087730698 0.020810386 0.995926857 56.105236053 0.001325785 0.999783278 -0.020774182 -4.308425903 -0.996143341 -0.000502149 -0.087739289 110.875221252
-0.092942782 0.019658815 0.995477378 56.794609070 0.001299408 0.999806583 -0.019622989 -4.330750942 -0.995670676 -0.000530283 -0.092950359 110.812583923
-0.097398855 0.020236686 0.995039701 57.482818604 -0.001131736 0.999790311 -0.020444082 -4.354310989 -0.995244801 -0.003117353 -0.097355530 110.747001648
-0.101960376 0.019680424 0.994593859 58.177047729 -0.003447101 0.999791265 -0.020136651 -4.374565601 -0.994782507 -0.005481606 -0.101871260 110.688598633
-0.104149833 0.016093738 0.994431496 58.882308960 -0.003536937 0.999856710 -0.016551979 -4.400658131 -0.994555354 -0.005241128 -0.104078010 110.609672546
-0.106022768 0.012988491 0.994278848 59.596977234 -0.001090964 0.999912500 -0.013178419 -4.426971436 -0.994363070 -0.002481935 -0.105999336 110.536506653
-0.107635453 0.010825759 0.994131446 60.309295654 -0.000928668 0.999939203 -0.010989549 -4.443695068 -0.994190037 -0.002106082 -0.107618831 110.461471558
-0.109036542 0.010783222 0.993979216 61.036857605 -0.001737040 0.999937594 -0.011038407 -4.459131718 -0.994036257 -0.002930171 -0.109010987 110.388992310
-0.109290712 0.014617141 0.993902385 61.767372131 -0.000038146 0.999891758 -0.014709422 -4.477009773 -0.994009912 -0.001645516 -0.109278306 110.311622620
-0.109768607 0.018326744 0.993788302 62.505599976 0.005732981 0.999825001 -0.017804837 -4.503803730 -0.993940651 0.003742956 -0.109854482 110.228042603
-0.110587135 0.023107955 0.993597746 63.250267029 0.012668404 0.999681175 -0.021839447 -4.531989098 -0.993785679 0.010172135 -0.110844620 110.138504028
-0.111166500 0.023958594 0.993512988 64.002319336 0.013849501 0.999649644 -0.022556923 -4.556837082 -0.993705332 0.011252084 -0.111459367 110.051818848
-0.111360297 0.021434883 0.993548930 64.753234863 0.011568126 0.999727607 -0.020271588 -4.584058285 -0.993712783 0.009236050 -0.111577928 109.975440979
-0.111497171 0.016670890 0.993624985 65.502159119 0.012351198 0.999805331 -0.015388628 -4.608502388 -0.993687987 0.010556671 -0.111681379 109.894859314
-0.111484095 0.014754440 0.993656754 66.252273560 0.013916620 0.999814928 -0.013284496 -4.632537365 -0.993668795 0.012347334 -0.111668803 109.809326172
-0.112349123 0.014540982 0.993562520 66.990211487 0.014845427 0.999805868 -0.012953680 -4.656288624 -0.993557870 0.013294525 -0.112543195 109.721618652
-0.114149012 0.015082113 0.993349075 67.737312317 0.013239721 0.999819040 -0.013658924 -4.681731701 -0.993375301 0.011592514 -0.114328042 109.644813538
-0.116310008 0.015970679 0.993084550 68.471054077 0.012350246 0.999816656 -0.014632484 -4.702689648 -0.993136168 0.010562937 -0.116485916 109.563682556
-0.118571416 0.016307237 0.992811620 69.214012146 0.013766740 0.999795914 -0.014777799 -4.726304054 -0.992850065 0.011915554 -0.118771732 109.475784302
-0.120470859 0.016633710 0.992577493 69.957168579 0.013878805 0.999790072 -0.015070086 -4.747613907 -0.992619753 0.011960284 -0.120676421 109.388465881
-0.122258820 0.016115380 0.992367446 70.703895569 0.013600002 0.999801517 -0.014560599 -4.771974564 -0.992405117 0.011716037 -0.122453719 109.293754578
-0.123930283 0.016437216 0.992154777 71.453498840 0.011538982 0.999819040 -0.015122848 -4.793562889 -0.992223799 0.009574277 -0.124097556 109.205665588
-0.125001281 0.018032968 0.991992652 72.202621460 0.011348255 0.999795318 -0.016744811 -4.817204952 -0.992091715 0.009164263 -0.125180274 109.114997864
-0.125737607 0.018237747 0.991895854 72.966041565 0.010644526 0.999798238 -0.017033689 -4.840303898 -0.992006421 0.008416487 -0.125906378 109.024436951
-0.127171785 0.018552458 0.991707146 73.730445862 0.010036396 0.999797940 -0.017416798 -4.861963749 -0.991829872 0.007738243 -0.127332300 108.929710388
-0.128509611 0.017135637 0.991560221 74.517608643 0.010578407 0.999817491 -0.015907336 -4.879843235 -0.991651833 0.008444882 -0.128667414 108.838562012
-0.129275545 0.014578724 0.991501510 75.299659729 0.008565228 0.999870956 -0.013585022 -4.903953552 -0.991571724 0.006736225 -0.129383728 108.741134644
-0.131209508 0.012801143 0.991272032 76.082679749 0.005016525 0.999912322 -0.012248712 -4.921323776 -0.991341949 0.003365593 -0.131262228 108.646636963
-0.133339345 0.011990002 0.990997970 76.854408264 0.006254917 0.999916971 -0.011256310 -4.947490692 -0.991050601 0.004697700 -0.133403301 108.538925171
-0.134914652 0.012826557 0.990774274 77.650909424 0.007709983 0.999899387 -0.011894817 -4.965710640 -0.990827203 0.006034067 -0.134999990 108.434066772
-0.137171507 0.014286987 0.990444303 78.443626404 0.007081905 0.999884486 -0.013442352 -4.984125614 -0.990521967 0.005170325 -0.137256846 108.324501038
-0.138909459 0.017240109 0.990155041 79.236083984 0.008132359 0.999834538 -0.016267750 -5.015398026 -0.990271688 0.005792551 -0.139026687 108.217529297
-0.139177665 0.021172620 0.990041137 80.040687561 0.010379232 0.999747634 -0.019921113 -5.040383816 -0.990212977 0.007503292 -0.139362335 108.102340698
-0.140557781 0.025009559 0.989756525 80.865974426 0.011023739 0.999658525 -0.023694247 -5.072934628 -0.990011036 0.007580408 -0.140785471 107.991668701
-0.140479848 0.026460355 0.989729881 81.691268921 0.013337424 0.999602675 -0.024831219 -5.098880768 -0.989993632 0.009712162 -0.140776917 107.877281189
-0.139834225 0.025567887 0.989844739 82.522483826 0.016541490 0.999587297 -0.023482736 -5.132084846 -0.990036666 0.013089818 -0.140199468 107.758834839
-0.139717013 0.023806928 0.989905179 83.355941772 0.017432578 0.999615133 -0.021579975 -5.160552025 -0.990037978 0.014241512 -0.140078276 107.640342712
-0.138380796 0.022271521 0.990128636 84.192520142 0.016409215 0.999661386 -0.020192586 -5.190727711 -0.990243137 0.013452967 -0.138699412 107.520904541
-0.137345761 0.019455953 0.990332246 85.048164368 0.015851395 0.999722183 -0.017442059 -5.223087311 -0.990396321 0.013302553 -0.137616023 107.425025940
-0.136054501 0.016471328 0.990564525 85.905014038 0.016338650 0.999763012 -0.014380166 -5.246984005 -0.990566611 0.014227998 -0.136291400 107.318122864
-0.134258553 0.012873337 0.990862787 86.752922058 0.016659051 0.999803603 -0.010732252 -5.275601864 -0.990806341 0.015065938 -0.134446681 107.202720642
-0.132414237 0.012831330 0.991111398 87.602424622 0.014850991 0.999829531 -0.010960083 -5.300365925 -0.991083205 0.013267716 -0.132582232 107.095932007
-0.131111920 0.016891917 0.991223633 88.454246521 0.015383268 0.999768972 -0.015002757 -5.328382015 -0.991248190 0.013281220 -0.131341502 106.986740112
-0.129336908 0.023264509 0.991327763 89.302612305 0.016325375 0.999639153 -0.021329615 -5.353729725 -0.991466343 0.013425091 -0.129670024 106.879951477
-0.127874926 0.026665501 0.991431773 90.154060364 0.014088430 0.999586403 -0.025067704 -5.379475594 -0.991690218 0.010762186 -0.128197744 106.778274536
-0.126257807 0.024301505 0.991699815 91.015411377 0.012879550 0.999655724 -0.022856712 -5.409119606 -0.991913855 0.009886811 -0.126527324 106.672653198
