0.999999940 -0.000000000 -0.000000000 -0.000000060 -0.000000000 1.000000000 0.000000000 0.000000015 -0.000000000 0.000000000 1.000000000 0.000000000
0.999997616 -0.001609436 -0.001420080 -0.002953922 0.001608098 0.999998271 -0.000942400 -0.007572357 0.001421594 0.000940114 0.999998569 0.564315498
0.999995470 -0.001797082 -0.002387864 -0.008061769 0.001790891 0.999995053 -0.002592284 -0.017539266 0.002392510 0.002587997 0.999993801 1.119368553
0.999986529 -0.002533918 -0.004521450 -0.009252099 0.002517855 0.999990523 -0.003554691 -0.035117388 0.004530414 0.003543259 0.999983490 1.684732318
0.999970078 -0.004375700 -0.006366582 -0.020127648 0.004340434 0.999975204 -0.005542643 -0.041370075 0.006390676 0.005514844 0.999964356 2.251734018
0.999953568 -0.007087118 -0.006526718 -0.052846581 0.007043655 0.999953032 -0.006658301 -0.072935082 0.006573601 0.006612021 0.999956548 2.790239096
0.999933958 -0.008269580 -0.007967095 -0.060848717 0.008211210 0.999939382 -0.007331408 -0.084783562 0.008027241 0.007265504 0.999941409 3.361526489
0.999923170 -0.008253481 -0.009227014 -0.072791368 0.008192042 0.999944091 -0.006676701 -0.097130947 0.009281605 0.006600601 0.999935150 3.941566467
0.999909282 -0.008701074 -0.010266594 -0.082565635 0.008627855 0.999937117 -0.007154485 -0.110472180 0.010328202 0.007065258 0.999921679 4.536106586
0.999900699 -0.008127135 -0.011508361 -0.092909463 0.008015352 0.999920547 -0.009726468 -0.128669292 0.011586497 0.009633259 0.999886513 5.128029823
0.999898016 -0.006457890 -0.012731557 -0.106920674 0.006285253 0.999888361 -0.013553581 -0.142857701 0.012817665 0.013472179 0.999827147 5.734616280
0.999887943 -0.005190447 -0.014035718 -0.123367764 0.004947323 0.999838114 -0.017301457 -0.154384434 0.014123247 0.017230080 0.999751866 6.347833157
0.999880075 -0.003196694 -0.015152149 -0.140496910 0.002933748 0.999845326 -0.017344315 -0.167567044 0.015205250 0.017297782 0.999734819 6.977122307
0.999864995 -0.000995676 -0.016398387 -0.153310791 0.000824242 0.999944985 -0.010457739 -0.178573072 0.016407898 0.010442812 0.999810874 7.615149498
0.999858439 -0.000106260 -0.016824426 -0.174786299 0.000111786 1.000000000 0.000327517 -0.193164811 0.016824393 -0.000329350 0.999858379 8.277716637
0.999840319 0.000697736 -0.017852727 -0.187949970 -0.000575708 0.999976397 0.006839493 -0.202298105 0.017857082 -0.006828124 0.999817252 8.959674835
0.999809742 0.003016234 -0.019266719 -0.206357196 -0.002903961 0.999978662 0.005852643 -0.217767715 0.019283965 -0.005795580 0.999797225 9.643884659
0.999788463 0.004911477 -0.019970378 -0.228117436 -0.004938757 0.999987006 -0.001316884 -0.222928330 0.019963652 0.001415234 0.999799728 10.334270477
0.999766886 0.004570884 -0.021096954 -0.248286903 -0.004724257 0.999962747 -0.007225819 -0.222691670 0.021063138 0.007323803 0.999751389 11.047480583
0.999750197 0.002209176 -0.022238981 -0.263637275 -0.002336161 0.999981046 -0.005685680 -0.223407522 0.022226000 0.005736214 0.999736607 11.784052849
0.999752522 0.002180720 -0.022138890 -0.292344272 -0.002103731 0.999991655 0.003500248 -0.237916201 0.022146337 -0.003452807 0.999748826 12.539193153
0.999751925 0.001732120 -0.022206899 -0.316508532 -0.001487175 0.999938011 0.011041909 -0.243164137 0.022224646 -0.011006144 0.999692440 13.314533234
0.999736786 0.000844374 -0.022926239 -0.337976247 -0.000536360 0.999909639 0.013437782 -0.244279280 0.022935515 -0.013421947 0.999646962 14.104458809
0.999730408 -0.000980748 -0.023194620 -0.353473902 0.001268828 0.999922335 0.012408688 -0.243434682 0.023180649 -0.012434773 0.999653995 14.911403656
0.999737680 -0.001550296 -0.022848422 -0.372280121 0.001779194 0.999948382 0.010001219 -0.243416354 0.022831736 -0.010039247 0.999688923 15.730804443
0.999751687 0.001166375 -0.022249309 -0.396532923 -0.001016736 0.999976814 0.006735704 -0.244817555 0.022256646 -0.006711410 0.999729812 16.567331314
0.999765277 -0.002362395 -0.021535588 -0.413508385 0.002385003 0.999996662 0.001024172 -0.247227490 0.021533094 -0.001075294 0.999767601 17.422178268
0.999770522 -0.004959710 -0.020836608 -0.431847721 0.004848608 0.999973774 -0.005379219 -0.254734635 0.020862736 0.005276957 0.999768376 18.294324875
0.999798119 -0.003783736 -0.019730981 -0.451122075 0.003572496 0.999935985 -0.010730227 -0.269028395 0.019770317 0.010657574 0.999747753 19.198444366
0.999809921 -0.002588948 -0.019325161 -0.476540118 0.002365966 0.999930441 -0.011552341 -0.282858491 0.019353721 0.011504423 0.999746501 20.104701996
0.999793828 -0.002512848 -0.020150004 -0.492286235 0.002290208 0.999936223 -0.011064538 -0.300540924 0.020176521 0.011016111 0.999735713 21.039720535
0.999800563 -0.000809394 -0.019954605 -0.520101130 0.000562286 0.999923170 -0.012385998 -0.326353133 0.019963093 0.012372308 0.999724150 21.980222702
0.999800026 0.002096415 -0.019885818 -0.537750959 -0.002381085 0.999894857 -0.014302381 -0.349850267 0.019853745 0.014346872 0.999700010 22.937946320
0.999784589 0.005368913 -0.020044874 -0.565440834 -0.005673521 0.999868810 -0.015170477 -0.371708006 0.019960800 0.015280937 0.999684036 23.903089523
0.999775171 0.007015877 -0.020011025 -0.596347690 -0.007315692 0.999861479 -0.014948806 -0.399762154 0.019903377 0.015091838 0.999688089 24.879756927
0.999767363 0.008109889 -0.019983327 -0.626367867 -0.008410972 0.999851584 -0.015028999 -0.424276680 0.019858481 0.015193583 0.999687433 25.859491348
0.999757230 0.007584541 -0.020681150 -0.639189243 -0.007895666 0.999856174 -0.015003991 -0.449182063 0.020564381 0.015163642 0.999673545 26.832462311
0.999741375 0.008976603 -0.020895518 -0.659722447 -0.009269952 0.999859154 -0.013984553 -0.481418550 0.020767050 0.014174636 0.999683917 27.863142014
0.999730110 0.009601030 -0.021153228 -0.685176134 -0.009851824 0.999881983 -0.011784035 -0.509362817 0.021037595 0.011989252 0.999706864 28.880537033
0.999718964 0.010247419 -0.021377271 -0.712515593 -0.010473879 0.999889970 -0.010508565 -0.537786543 0.021267235 0.010729514 0.999716282 29.901102066
0.999709964 0.010295760 -0.021772185 -0.733772874 -0.010554142 0.999874949 -0.011786167 -0.559869587 0.021648116 0.012012536 0.999693513 30.932020187
0.999699593 0.011652474 -0.021561582 -0.770364761 -0.011927857 0.999848247 -0.012687626 -0.589146256 0.021410471 0.012940997 0.999687016 31.953908920
0.999697268 0.011186165 -0.021914266 -0.798693240 -0.011443147 0.999866784 -0.011636510 -0.616622210 0.021781182 0.011883757 0.999692142 32.989383698
0.999694109 0.011175459 -0.022063052 -0.833549917 -0.011375272 0.999895155 -0.008951701 -0.640723765 0.021960702 0.009199936 0.999716580 34.046089172
0.999680459 0.010975291 -0.022768987 -0.861886382 -0.011098199 0.999924421 -0.005278695 -0.663723528 0.022709336 0.005529704 0.999726892 35.090801239
0.999666870 0.011384347 -0.023161065 -0.891513169 -0.011467140 0.999928296 -0.003444975 -0.683363199 0.023120187 0.003709419 0.999725819 36.181724548
0.999655902 0.011705481 -0.023470290 -0.924485624 -0.011780767 0.999925911 -0.003072023 -0.699757516 0.023432590 0.003347465 0.999719799 37.253543854
0.999647200 0.011048288 -0.024151186 -0.952088118 -0.011152299 0.999929070 -0.004176186 -0.724959433 0.024103336 0.004444055 0.999699652 38.341766357
0.999629855 0.011555847 -0.024625879 -0.992261410 -0.011680665 0.999919593 -0.004930781 -0.741728365 0.024566920 0.005216603 0.999684632 39.422668457
0.999605596 0.011016827 -0.025830287 -1.015433311 -0.011119455 0.999930799 -0.003832808 -0.761797011 0.025786275 0.004118514 0.999659002 40.506965637
0.999575078 0.011696829 -0.026696868 -1.050382853 -0.011758562 0.999928534 -0.002156476 -0.776046336 0.026669733 0.002469476 0.999641299 41.593738556
0.999572992 0.011032410 -0.027056903 -1.090275168 -0.011012896 0.999939024 0.000870140 -0.805628240 0.027064852 -0.000571794 0.999633551 42.685512543
0.999548137 0.012559304 -0.027307609 -1.133934379 -0.012539275 0.999921024 0.000904602 -0.828869820 0.027316811 -0.000561776 0.999626637 43.761032104
0.999513090 0.013647170 -0.028056666 -1.157265306 -0.013743035 0.999900401 -0.003226739 -0.847563446 0.028009836 0.003610752 0.999601066 44.854747772
0.999503911 0.014891955 -0.027749320 -1.198522210 -0.015109223 0.999856770 -0.007636509 -0.864644468 0.027631622 0.008051992 0.999585748 45.936779022
0.999496400 0.015350563 -0.027769135 -1.235319853 -0.015574981 0.999847651 -0.007883369 -0.889186382 0.027643889 0.008311903 0.999583244 47.017906189
0.999480724 0.015821585 -0.028067634 -1.269782066 -0.015970180 0.999859571 -0.005077852 -0.915761769 0.027983353 0.005523461 0.999593139 48.115756989
0.999492049 0.015951220 -0.027588850 -1.310713768 -0.016033782 0.999867618 -0.002773894 -0.938513160 0.027540956 0.003214838 0.999615550 49.223773956
0.999516606 0.014452026 -0.027525870 -1.345239520 -0.014500069 0.999893725 -0.001546536 -0.959403217 0.027500592 0.001944916 0.999619961 50.312782288
0.999520838 0.014417285 -0.027388103 -1.373920798 -0.014480050 0.999893010 -0.002094734 -0.985612810 0.027354972 0.002490311 0.999622762 51.402484894
0.999543369 0.013370755 -0.027094768 -1.412160277 -0.013489141 0.999900281 -0.004191252 -1.003502369 0.027036026 0.004554824 0.999624074 52.488468170
0.999554217 0.013183434 -0.026784036 -1.439982533 -0.013358631 0.999890566 -0.006372760 -1.023893356 0.026697090 0.006727718 0.999620974 53.575912476
0.999572456 0.012268843 -0.026540445 -1.476099253 -0.012516180 0.999879599 -0.009173261 -1.047466636 0.026424708 0.009501524 0.999605715 54.680263519
0.999598086 0.010681330 -0.026256997 -1.511920452 -0.010999450 0.999867499 -0.012001131 -1.086118698 0.026125330 0.012285121 0.999583244 55.759590149
0.999614596 0.009160290 -0.026204374 -1.537268162 -0.009521987 0.999860704 -0.013711530 -1.117883086 0.026075121 0.013955764 0.999562681 56.845542908
0.999637842 0.007420062 -0.025865870 -1.566393971 -0.007712329 0.999907374 -0.011217888 -1.149571776 0.025780236 0.011413313 0.999602556 57.934707642
0.999657273 0.006366586 -0.025391925 -1.609819055 -0.006512971 0.999962687 -0.005686453 -1.173213124 0.025354777 0.005849882 0.999661446 59.044540405
0.999673367 0.004817714 -0.025099946 -1.637814879 -0.004812120 0.999988496 0.000283323 -1.194970131 0.025101021 -0.000162446 0.999684989 60.137897491
0.999679506 0.003384131 -0.025085809 -1.666494608 -0.003363563 0.999993980 0.000862097 -1.214269519 0.025088575 -0.000777443 0.999684930 61.235912323
0.999679923 0.000118036 -0.025295051 -1.689527750 -0.000173882 0.999997556 -0.002205621 -1.229632378 0.025294727 0.002209313 0.999677598 62.331661224
0.999684095 -0.001345965 -0.025096700 -1.724579334 0.001208052 0.999984026 -0.005509609 -1.249118567 0.025103716 0.005477550 0.999669790 63.417087555
0.999687076 0.001106622 -0.024992630 -1.758277655 -0.001339476 0.999955833 -0.009302066 -1.280708432 0.024981242 0.009332631 0.999644399 64.517921448
0.999687433 0.001190532 -0.024968410 -1.788268328 -0.001532355 0.999905348 -0.013675574 -1.305572510 0.024949765 0.013709561 0.999594748 65.610237122
0.999695539 0.004390539 -0.024279423 -1.826304674 -0.004740349 0.999885559 -0.014368981 -1.335086107 0.024213558 0.014479700 0.999602020 66.696220398
0.999698699 0.008052953 -0.023185588 -1.873273492 -0.008302926 0.999908149 -0.010705334 -1.365353703 0.023097256 0.010894618 0.999673903 67.816825867
0.999690890 0.009271225 -0.023066603 -1.903893590 -0.009474135 0.999917209 -0.008703019 -1.390784502 0.022984006 0.008918868 0.999696076 68.915443420
0.999697924 0.008277920 -0.023139276 -1.931128740 -0.008461529 0.999933362 -0.007848313 -1.415830016 0.023072768 0.008041738 0.999701440 70.006385803
0.999705255 0.007301878 -0.023150528 -1.963464260 -0.007470464 0.999946117 -0.007203990 -1.444437623 0.023096681 0.007374812 0.999706089 71.118515015
0.999706388 0.006217300 -0.023418970 -1.991604209 -0.006348502 0.999964595 -0.005532160 -1.475215077 0.023383748 0.005679210 0.999710560 72.208099365
0.999708354 0.004534417 -0.023718286 -2.020008802 -0.004623935 0.999982417 -0.003720684 -1.498050213 0.023701001 0.003829270 0.999711871 73.311996460
0.999693930 0.003713330 -0.024457825 -2.052015543 -0.003762667 0.999990880 -0.001971490 -1.523448110 0.024450289 0.002062914 0.999698937 74.410102844
0.999690056 0.003231908 -0.024682676 -2.087156534 -0.003309518 0.999989688 -0.003104125 -1.548837423 0.024672393 0.003184852 0.999690533 75.495384216
0.999671757 0.003105696 -0.025430726 -2.117171764 -0.003278963 0.999971628 -0.006774442 -1.576417923 0.025408970 0.006855605 0.999653637 76.581466675
0.999643147 0.003710121 -0.026454227 -2.144687891 -0.003949143 0.999951780 -0.008988815 -1.601064324 0.026419604 0.009090079 0.999609649 77.659461975
0.999621451 0.005518700 -0.026953505 -2.183113098 -0.005717502 0.999957025 -0.007304174 -1.627615571 0.026912037 0.007455516 0.999610007 78.742515564
0.999594212 0.006926539 -0.027630216 -2.219696760 -0.007013504 0.999970853 -0.003051740 -1.649872899 0.027608268 0.003244286 0.999613583 79.817466736
0.999580562 0.007245698 -0.028038854 -2.258755207 -0.007219366 0.999973476 0.001040273 -1.677469492 0.028045645 -0.000837413 0.999606371 80.880592346
0.999562502 0.009172522 -0.028115349 -2.304738998 -0.009131162 0.999957204 0.001599113 -1.694263458 0.028128812 -0.001341688 0.999603391 81.984458923
0.999545217 0.008802883 -0.028840419 -2.340191126 -0.008821001 0.999961138 -0.000501055 -1.712218761 0.028834883 0.000755228 0.999583900 83.052406311
0.999532163 0.009232963 -0.029158050 -2.380880117 -0.009281861 0.999955833 -0.001542058 -1.729998708 0.029142523 0.001811978 0.999573648 84.117668152
0.999511719 0.008015777 -0.030200420 -2.405799389 -0.008062619 0.999966443 -0.001429577 -1.757294416 0.030187946 0.001672373 0.999542832 85.171554565
0.999499738 0.006830810 -0.030882051 -2.438905716 -0.006872591 0.999975622 -0.001246981 -1.778239012 0.030872785 0.001458597 0.999522269 86.208549500
0.999482572 0.005777684 -0.031644505 -2.472565174 -0.005777911 0.999983311 0.000084245 -1.800575852 0.031644464 0.000098638 0.999499142 87.244499207
0.999466598 0.005926602 -0.032116335 -2.519661665 -0.005824794 0.999977648 0.003262606 -1.825879812 0.032134954 -0.003073795 0.999478757 88.239501953
0.999443829 0.004945815 -0.032978438 -2.557337999 -0.004816981 0.999980450 0.003984919 -1.842655063 0.032997508 -0.003823846 0.999448180 89.218681335
0.999370158 0.003815754 -0.035280187 -2.591356993 -0.003682096 0.999985814 0.003852678 -1.856019020 0.035294380 -0.003720346 0.999370158 90.173454285
0.999259651 0.002642057 -0.038380168 -2.634640455 -0.002514150 0.999991179 0.003380541 -1.883111358 0.038388763 -0.003281545 0.999257505 91.114173889
0.999126077 0.002544508 -0.041720055 -2.678299427 -0.002437196 0.999993622 0.002622858 -1.900888681 0.041726455 -0.002518886 0.999125957 92.033256531
0.998999715 0.002417445 -0.044649769 -2.728833675 -0.002283879 0.999992788 0.003042202 -1.917976499 0.044656798 -0.002937184 0.998998046 92.916351318
0.998840332 0.003445638 -0.048021566 -2.772302628 -0.003254500 0.999986470 0.004057875 -1.936623096 0.048034906 -0.003896884 0.998838127 93.796966553
0.998680830 0.003842977 -0.051202852 -2.819895267 -0.003571934 0.999979079 0.005383976 -1.955830097 0.051222485 -0.005193981 0.998673797 94.637832642
0.998530865 0.005664835 -0.053889077 -2.876282454 -0.005312111 0.999963641 0.006686335 -1.968106031 0.053924985 -0.006390248 0.998524487 95.447494507
0.998379648 0.006982238 -0.056472600 -2.926453114 -0.006575378 0.999951124 0.007387143 -1.983680248 0.056521408 -0.007003845 0.998376846 96.241973877
0.998203874 0.009383417 -0.059168272 -2.976953268 -0.008930929 0.999928892 0.007907254 -1.999557853 0.059238259 -0.007364625 0.998216629 97.002441406
0.998040318 0.011169043 -0.061568137 -3.037776709 -0.010751598 0.999916971 0.007107387 -2.018201590 0.061642420 -0.006431503 0.998077631 97.724166870
0.997849107 0.012490381 -0.064350866 -3.087298870 -0.012295816 0.999918640 0.003418697 -2.033624411 0.064388327 -0.002620097 0.997921526 98.422378540
0.997646987 0.014654296 -0.066974446 -3.142735243 -0.014712155 0.999891698 -0.000370682 -2.046934366 0.066961765 0.001355150 0.997754693 99.086570740
0.997513592 0.016226051 -0.068579741 -3.206989288 -0.016488863 0.999858737 -0.003267845 -2.057014942 0.068517037 0.004390523 0.997640371 99.729393005
0.997409940 0.018567659 -0.069488481 -3.247005224 -0.018886540 0.999813855 -0.003934738 -2.075956106 0.069402494 0.005236944 0.997575045 100.350837708
0.997413516 0.020704316 -0.068828695 -3.292649269 -0.020987596 0.999774098 -0.003395114 -2.091647863 0.068742841 0.004830882 0.997622669 100.933944702
0.997532308 0.024709066 -0.065714866 -3.337735176 -0.024882952 0.999688685 -0.001828793 -2.106590509 0.065649226 0.003459460 0.997836709 101.497436523
0.997824669 0.027254485 -0.060023740 -3.379091263 -0.027336361 0.999626219 -0.000543181 -2.117980957 0.059986502 0.002182831 0.998196781 102.038246155
0.998210132 0.028065283 -0.052806467 -3.401942730 -0.028017428 0.999606073 0.001646478 -2.134913921 0.052831873 -0.000164031 0.998603404 102.560943604
0.998678505 0.028121613 -0.043014389 -3.425455570 -0.027968841 0.999600232 0.004149479 -2.148409367 0.043113884 -0.002940934 0.999065816 103.061500549
0.999132097 0.027495569 -0.031286508 -3.428205967 -0.027336989 0.999611259 0.005485160 -2.161954880 0.031425156 -0.004625121 0.999495447 103.540290833
0.999490321 0.026250482 -0.018160431 -3.428477764 -0.026153738 0.999642611 0.005544262 -2.173407793 0.018299481 -0.005066474 0.999819696 103.987426758
0.999652445 0.026200501 -0.002887670 -3.421988726 -0.026186936 0.999646366 0.004638880 -2.183443069 0.003008188 -0.004561650 0.999985039 104.426513672
0.999588013 0.024565328 0.014837630 -3.400546789 -0.024593208 0.999696136 0.001699522 -2.194606781 -0.014791375 -0.002063727 0.999888480 104.850914001
0.999044836 0.024344958 0.036287043 -3.371861696 -0.024272596 0.999702513 -0.002433324 -2.213084459 -0.036335487 0.001550218 0.999338448 105.262634277
0.997942269 0.022082819 0.060195010 -3.320449591 -0.021665962 0.999736607 -0.007569032 -2.218426466 -0.060346305 0.006249274 0.998157859 105.662902832
0.995946884 0.020036802 0.087682553 -3.266276836 -0.019173935 0.999759257 -0.010672102 -2.225682974 -0.087875284 0.008947627 0.996091306 106.064582825
0.992916048 0.017343577 0.117545128 -3.191987991 -0.016081270 0.999802470 -0.011678940 -2.239958525 -0.117724463 0.009705929 0.992998779 106.464233398
0.988638282 0.014750899 0.149588108 -3.099969149 -0.012852903 0.999824345 -0.013647025 -2.253169060 -0.149763122 0.011569329 0.988654137 106.851272583
0.982496738 0.011910286 0.185898587 -3.021790504 -0.009320630 0.999846935 -0.014798267 -2.271598339 -0.186046377 0.012806557 0.982457459 107.173767090
0.974461019 0.008892979 0.224380612 -2.902567863 -0.005545044 0.999863684 -0.015546517 -2.281177998 -0.224488303 0.013905275 0.974377573 107.537200928
0.964341640 0.006577072 0.264578968 -2.779223680 -0.002359199 0.999864936 -0.016256442 -2.296674490 -0.264650166 0.015052569 0.964227021 107.886688232
0.951823890 0.007498884 0.306553423 -2.651487350 -0.002341346 0.999849439 -0.017188542 -2.313334942 -0.306636184 0.015642717 0.951698244 108.213317871
0.936431527 0.009637121 0.350717992 -2.503701448 -0.003622923 0.999834955 -0.017800374 -2.324862719 -0.350831628 0.015398207 0.936312020 108.538223267
0.918513119 0.009933881 0.395265877 -2.335631847 -0.003653065 0.999854803 -0.016639566 -2.334744453 -0.395373821 0.013839725 0.918416083 108.851860046
0.898134470 0.008989644 0.439629078 -2.147032499 -0.002420651 0.999876797 -0.015500495 -2.345667839 -0.439714313 0.012857337 0.898045659 109.160720825
0.875060678 0.007879303 0.483949184 -1.953486443 -0.000105293 0.999870420 -0.016088767 -2.355721235 -0.484013349 0.014027689 0.874948263 109.432891846
0.849372566 0.008981515 0.527717531 -1.738345742 0.000724354 0.999834359 -0.018182598 -2.372600317 -0.527793407 0.015826052 0.849225342 109.729476929
0.822115541 0.009918872 0.569234133 -1.514126420 0.002415780 0.999778390 -0.020910067 -2.398345470 -0.569315553 0.018565636 0.821909487 109.981452942
0.790885329 0.014569093 0.611790895 -1.280126691 0.000735428 0.999693155 -0.024757253 -2.417502880 -0.611964047 0.020030076 0.790632069 110.248901367
0.756949127 0.020579996 0.653149545 -1.025791049 -0.002730606 0.999594927 -0.028331531 -2.431457281 -0.653468132 0.019662036 0.756698668 110.499557495
0.719458997 0.025468273 0.694067597 -0.752830088 -0.004492754 0.999477208 -0.032017928 -2.431936741 -0.694520354 0.019917317 0.719197392 110.744697571
0.680422306 0.025415536 0.732379138 -0.456417352 -0.002357860 0.999469101 -0.032493684 -2.449365377 -0.732816458 0.020382581 0.680121124 110.962265015
0.639361918 0.022943854 0.768563449 -0.144093499 0.001624083 0.999512136 -0.031189410 -2.462939262 -0.768904269 0.021189531 0.639012754 111.165580750
0.594683826 0.021311620 0.803677022 0.181832299 0.002729673 0.999589384 -0.028526584 -2.472228527 -0.803955078 0.019158075 0.594381452 111.375953674
0.549086869 0.019890198 0.835528433 0.508785844 0.004359956 0.999634981 -0.026662085 -2.477225304 -0.835753798 0.018282674 0.548799872 111.524246216
0.500964820 0.017488036 0.865290761 0.866370976 0.006124470 0.999699175 -0.023750305 -2.486366272 -0.865445912 0.017197518 0.500707090 111.687408447
0.450001210 0.013680491 0.892923057 1.237017035 0.009423645 0.999754190 -0.020066433 -2.494379997 -0.892978251 0.017444508 0.449761748 111.833915710
0.397271097 0.013875808 0.917596281 1.598621011 0.005796283 0.999827743 -0.017628793 -2.517986298 -0.917683005 0.012322061 0.397122353 111.968734741
0.345850021 0.018836627 0.938100576 1.986026049 0.002107844 0.999780357 -0.020852227 -2.530023098 -0.938287437 0.009189115 0.345734388 112.084579468
0.295366466 0.024134178 0.955079079 2.393761635 0.000548635 0.999676466 -0.025430795 -2.546597004 -0.955383778 0.008035394 0.295257717 112.184028625
0.249013379 0.026369210 0.968140900 2.799605131 0.002133932 0.999611914 -0.027775247 -2.557693958 -0.968497634 0.008982357 0.248860508 112.250244141
0.207607150 0.025938567 0.977868259 3.221628428 0.009148307 0.999553144 -0.028456012 -2.575233221 -0.978169441 0.014853513 0.207277164 112.300010681
0.172348455 0.025877500 0.984695971 3.652225494 0.017541006 0.999415755 -0.029334476 -2.584482908 -0.984879851 0.022328312 0.171793863 112.338806152
0.141803622 0.027171910 0.989521742 4.105679035 0.021612989 0.999300003 -0.030537669 -2.598645449 -0.989658833 0.025716873 0.141117141 112.375129700
0.113590427 0.025307773 0.993205190 4.578083038 0.019817617 0.999418974 -0.027732594 -2.619839430 -0.993330002 0.022833120 0.113022901 112.419723511
0.087963089 0.022085281 0.995878816 5.089398384 0.013532320 0.999635518 -0.023363862 -2.631052256 -0.996031761 0.015531710 0.087632187 112.467750549
0.064539954 0.017992685 0.997752905 5.574078560 0.008650950 0.999789774 -0.018589010 -2.648228884 -0.997877657 0.009831245 0.064370729 112.491783142
0.042077858 0.015527255 0.998993635 6.099522114 0.012788503 0.999788940 -0.016078271 -2.666708231 -0.999032557 0.013452175 0.041870408 112.494964600
0.021717733 0.016353291 0.999630451 6.636266232 0.020413099 0.999650538 -0.016797110 -2.682439327 -0.999555707 0.020770350 0.021376330 112.479804993
0.004358771 0.018891336 0.999812067 7.189129353 0.025555242 0.999492884 -0.018996721 -2.697849751 -0.999663949 0.025633244 0.003873791 112.460754395
-0.010709486 0.024157392 0.999650836 7.794972897 0.024272067 0.999419808 -0.023891782 -2.718449116 -0.999648035 0.024007725 -0.011289624 112.469894409
-0.020940945 0.029000776 0.999360085 8.398483276 0.023519116 0.999316871 -0.028506704 -2.720653534 -0.999504030 0.022907106 -0.021608710 112.454010010
-0.027484955 0.028518621 0.999215305 9.019515038 0.025618294 0.999284685 -0.027815936 -2.739754200 -0.999293923 0.024833664 -0.028195893 112.434593201
-0.030153118 0.025855858 0.999210835 9.662449837 0.031600453 0.999190271 -0.024901729 -2.754369497 -0.999045610 0.030824648 -0.030945761 112.409133911
-0.029646225 0.023974782 0.999272883 10.313040733 0.032617066 0.999203146 -0.023005437 -2.781099796 -0.999028087 0.031911325 -0.030404592 112.384521484
-0.027423976 0.023493070 0.999347746 11.001156807 0.031353492 0.999252141 -0.022630423 -2.806629181 -0.999132097 0.030712426 -0.028140061 112.368827820
-0.025850862 0.024189344 0.999373078 11.684112549 0.028069450 0.999330521 -0.023462242 -2.824289322 -0.999271691 0.027445331 -0.026512541 112.354827881
-0.024869982 0.025159357 0.999374092 12.395854950 0.026997227 0.999335587 -0.024486549 -2.843892813 -0.999326110 0.026371349 -0.025532693 112.350097656
-0.023877272 0.025938552 0.999378502 13.119680405 0.026685944 0.999323666 -0.025299553 -2.871183157 -0.999358654 0.026065273 -0.024553323 112.333328247
-0.023401016 0.025714925 0.999395490 13.868248940 0.025813019 0.999351382 -0.025109379 -2.890182018 -0.999392867 0.025209829 -0.024049623 112.328079224
-0.022816293 0.024248488 0.999445617 14.623807907 0.024986563 0.999407470 -0.023677142 -2.917047977 -0.999427378 0.024432486 -0.023408659 112.315734863
-0.021798369 0.022676714 0.999505103 15.372101784 0.026210371 0.999412000 -0.022102978 -2.950339556 -0.999418676 0.025715597 -0.022379920 112.288696289
-0.022542858 0.020431418 0.999537051 16.157430649 0.026478732 0.999452472 -0.019832512 -2.974903345 -0.999395072 0.026019394 -0.023071520 112.277328491
-0.024054160 0.018753180 0.999534667 16.941205978 0.023228878 0.999564528 -0.018194729 -3.003521442 -0.999440730 0.022780417 -0.024479304 112.268188477
-0.024540067 0.017774671 0.999540806 17.728496552 0.023855506 0.999567628 -0.017189467 -3.022589684 -0.999414146 0.023422720 -0.024953483 112.238365173
-0.025620613 0.015475472 0.999551952 18.526060104 0.026157586 0.999548256 -0.014804940 -3.039826870 -0.999329448 0.025766555 -0.026013844 112.215309143
-0.027424416 0.013792671 0.999528706 19.341768265 0.027431404 0.999538600 -0.013040163 -3.063127518 -0.999247491 0.027060857 -0.027790122 112.203895569
-0.029050425 0.012631160 0.999498069 20.161664963 0.025159707 0.999612629 -0.011901338 -3.093986034 -0.999261320 0.024801340 -0.029356973 112.181541443
-0.029400691 0.017400572 0.999416173 20.975648880 0.021822805 0.999621332 -0.016762163 -3.119796753 -0.999329388 0.021317245 -0.029769287 112.153266907
-0.030361108 0.021950005 0.999297917 21.810899734 0.023145234 0.999506176 -0.021251375 -3.143918276 -0.999271035 0.022483764 -0.030854153 112.133514404
-0.031632967 0.023881383 0.999214113 22.649002075 0.023104118 0.999464869 -0.023155950 -3.166661263 -0.999232471 0.022353474 -0.032167792 112.110328674
-0.033270597 0.021500304 0.999215007 23.494754791 0.019684758 0.999588728 -0.020852908 -3.198672533 -0.999252498 0.018975517 -0.033680137 112.094383240
-0.033892397 0.017244430 0.999276698 24.332830429 0.016783280 0.999719918 -0.016682843 -3.228406906 -0.999284625 0.016205719 -0.034172330 112.070053101
-0.034324333 0.011838280 0.999340653 25.187450409 0.015318650 0.999818563 -0.011317795 -3.255630255 -0.999293387 0.014920073 -0.034499459 112.047576904
-0.034313813 0.006047786 0.999392867 26.036500931 0.011712904 0.999915361 -0.005648792 -3.279410124 -0.999342561 0.011511959 -0.034381755 112.022598267
-0.034467351 0.004380752 0.999396205 26.885761261 0.008924047 0.999951899 -0.004075414 -3.308969736 -0.999366105 0.008778190 -0.034504794 112.010757446
-0.033359010 0.011780942 0.999373972 27.709602356 0.011225986 0.999871910 -0.011412090 -3.332942009 -0.999380350 0.010838263 -0.033486992 111.972633362
-0.032000817 0.022821084 0.999227226 28.538307190 0.014071673 0.999650538 -0.022380099 -3.357175827 -0.999388754 0.013344618 -0.032310765 111.941841125
-0.031814948 0.028400227 0.999090135 29.371208191 0.015893036 0.999484301 -0.027905338 -3.376797676 -0.999367416 0.014990771 -0.032249905 111.923622131
-0.031278878 0.022852750 0.999249399 30.217668533 0.017337654 0.999600589 -0.022318073 -3.411189795 -0.999360323 0.016626555 -0.031662602 111.907478333
-0.029531969 0.015166977 0.999448717 31.044425964 0.020490378 0.999683917 -0.014565093 -3.441673279 -0.999353826 0.020048946 -0.029833414 111.870010376
-0.028573226 0.012428345 0.999514341 31.873857498 0.021918427 0.999690115 -0.011803946 -3.466263533 -0.999351382 0.021570509 -0.028836781 111.843719482
-0.029064357 0.013088020 0.999491751 32.694248199 0.020854363 0.999704540 -0.012484380 -3.491945982 -0.999359965 0.020480916 -0.029328711 111.827476501
-0.030352322 0.013713826 0.999445140 33.515720367 0.017007412 0.999768198 -0.013201759 -3.522433758 -0.999394596 0.016597273 -0.030578520 111.815155029
-0.032235477 0.013896219 0.999383628 34.322067261 0.015244818 0.999793887 -0.013410197 -3.543612957 -0.999364018 0.014803139 -0.032440685 111.794677734
-0.034249913 0.013923788 0.999316216 35.129997253 0.015071061 0.999796391 -0.013413943 -3.567461252 -0.999299645 0.014601330 -0.034452792 111.766242981
-0.036215413 0.014205257 0.999242961 35.938873291 0.013760564 0.999811292 -0.013714614 -3.595124722 -0.999249220 0.013253467 -0.036404051 111.742996216
-0.038789213 0.014103753 0.999147832 36.767948151 0.011362999 0.999841988 -0.013672416 -3.624005795 -0.999182761 0.010822972 -0.038943343 111.731987000
-0.040871821 0.013516303 0.999072969 37.537895203 0.010628762 0.999857843 -0.013092102 -3.645804644 -0.999107897 0.010083811 -0.041009665 111.701431274
-0.043024726 0.012601448 0.998994470 38.330234528 0.011052372 0.999865294 -0.012136429 -3.669346809 -0.999012947 0.010519094 -0.043158203 111.669715881
-0.044719066 0.012207276 0.998925030 39.108623505 0.010362611 0.999877274 -0.011755008 -3.700757027 -0.998945892 0.009825799 -0.044840075 111.633544922
-0.046790306 0.013480144 0.998813748 39.900520325 0.010810742 0.999857247 -0.012987789 -3.720821142 -0.998846292 0.010190217 -0.046929352 111.606575012
-0.047230903 0.013386250 0.998794258 40.661048889 0.011004746 0.999856532 -0.012880094 -3.748507023 -0.998823404 0.010383139 -0.047371436 111.557548523
-0.048367571 0.012301514 0.998753905 41.419906616 0.013201822 0.999844670 -0.011675613 -3.771652937 -0.998742402 0.012620648 -0.048522469 111.523590088
-0.050223161 0.011685822 0.998669624 42.197692871 0.013163094 0.999852359 -0.011037691 -3.795511484 -0.998651326 0.012591233 -0.050369576 111.494880676
-0.051775206 0.011312394 0.998594701 42.959991455 0.012019146 0.999870420 -0.010703678 -3.818436623 -0.998586416 0.011448069 -0.051904466 111.463386536
-0.052938454 0.010326241 0.998544335 43.723049164 0.010153483 0.999900401 -0.009801972 -3.839624166 -0.998546183 0.009619801 -0.053038035 111.431671143
-0.054341059 0.009187588 0.998480082 44.463584900 0.008776705 0.999923408 -0.008723207 -3.863705158 -0.998483837 0.008289337 -0.054417543 111.404853821
-0.055366848 0.008794816 0.998427212 45.187702179 0.009251898 0.999922812 -0.008294934 -3.890239477 -0.998423219 0.008778083 -0.055443946 111.374229431
-0.054591361 0.011512998 0.998442411 45.860301971 0.009329588 0.999895811 -0.011019648 -3.903825045 -0.998465180 0.008713480 -0.054693092 111.324264526
-0.054823402 0.014716646 0.998387575 46.562568665 0.009733229 0.999851823 -0.014203757 -3.924734831 -0.998448670 0.008938836 -0.054958522 111.293395996
-0.054620944 0.016233105 0.998375177 47.261314392 0.007685069 0.999845088 -0.015836554 -3.946302176 -0.998477578 0.006807576 -0.054737240 111.257141113
-0.055067848 0.016802825 0.998341143 47.962699890 0.007960961 0.999834061 -0.016388826 -3.973550320 -0.998450935 0.007045258 -0.055192478 111.225448608
-0.055032820 0.016717063 0.998344481 48.663051605 0.009433427 0.999823987 -0.016221827 -3.994994879 -0.998440027 0.008525077 -0.055180829 111.189727783
-0.055505358 0.015909569 0.998331487 49.348331451 0.009902923 0.999832690 -0.015382907 -4.022285938 -0.998409331 0.009032567 -0.055653621 111.154357910
-0.055356931 0.016697185 0.998326957 50.027095795 0.006617873 0.999844313 -0.016355608 -4.037369251 -0.998444796 0.005701405 -0.055458825 111.117553711
-0.055430688 0.016435029 0.998327255 50.717285156 0.004024971 0.999860048 -0.016236784 -4.068420887 -0.998454452 0.003118223 -0.055489093 111.092765808
-0.055467360 0.014794486 0.998350859 51.405261993 0.005480374 0.999879658 -0.014512661 -4.094366550 -0.998445511 0.004666358 -0.055541769 111.060546875
-0.056283448 0.014422825 0.998310685 52.075042725 0.006500898 0.999879718 -0.014078983 -4.113420486 -0.998393714 0.005697503 -0.056370445 111.019226074
-0.059783764 0.013548268 0.998119414 52.737831116 0.002691896 0.999906480 -0.013411293 -4.141776085 -0.998207748 0.001885058 -0.059814643 110.985908508
-0.065134831 0.013214533 0.997788966 53.413528442 -0.000858303 0.999911189 -0.013298672 -4.162318707 -0.997876108 -0.001722612 -0.065117709 110.952896118
-0.070930697 0.017542161 0.997326970 54.075469971 0.002393748 0.999845445 -0.017416213 -4.178944588 -0.997478426 0.001152006 -0.070961736 110.899070740
-0.077414535 0.020450126 0.996789217 54.742359161 0.004999046 0.999784946 -0.020123342 -4.198333740 -0.996986508 0.003425157 -0.077500127 110.842704773
-0.084435560 0.021679971 0.996192992 55.414222717 0.003852600 0.999762893 -0.021431118 -4.224659443 -0.996421516 0.002028385 -0.084499076 110.782798767
-0.091016166 0.020852190 0.995631039 56.097652435 -0.000189373 0.999780416 -0.020956401 -4.247537613 -0.995849431 -0.002095917 -0.090992235 110.729751587
-0.096757628 0.020002261 0.995106936 56.793415070 -0.000442291 0.999797046 -0.020139538 -4.271434307 -0.995307922 -0.002388782 -0.096729159 110.669342041
-0.101869993 0.020942757 0.994577169 57.498275757 -0.002217961 0.999771059 -0.021279298 -4.292216778 -0.994795322 -0.004373657 -0.101800248 110.613197327
-0.105174035 0.019319106 0.994266152 58.172473907 -0.004389816 0.999792516 -0.019890845 -4.324637413 -0.994444072 -0.006456644 -0.105067402 110.535751343
-0.107631698 0.016407680 0.994055390 58.876907349 -0.003614194 0.999850750 -0.016894663 -4.342323780 -0.994184256 -0.005411109 -0.107556328 110.462165833
-0.108959541 0.013517515 0.993954241 59.586208344 -0.001793904 0.999903262 -0.013795071 -4.361501694 -0.994044483 -0.003286163 -0.108924747 110.377647400
-0.109858565 0.010392259 0.993892848 60.304721832 -0.002227556 0.999940157 -0.010701712 -4.388395786 -0.993944705 -0.003389625 -0.109828852 110.296813965
-0.111977018 0.009714524 0.993663311 61.036041260 -0.003586120 0.999941647 -0.010180030 -4.411163807 -0.993704319 -0.004703325 -0.111935653 110.229927063
-0.112717472 0.013910466 0.993529618 61.778373718 -0.000547300 0.999900997 -0.014061763 -4.425453186 -0.993626893 -0.002128765 -0.112698697 110.152023315
-0.112874694 0.017942615 0.993447185 62.513156891 0.005267864 0.999833643 -0.017459432 -4.446674347 -0.993595243 0.003262617 -0.112950437 110.065322876
-0.113644958 0.023062585 0.993253708 63.264270782 0.012798911 0.999681532 -0.021747427 -4.470191479 -0.993439078 0.010241080 -0.113903955 109.976310730
-0.114226386 0.023468832 0.993177533 64.010498047 0.012863249 0.999672115 -0.022142885 -4.499325752 -0.993371487 0.010246188 -0.114490807 109.889572144
-0.114936464 0.021528976 0.993139505 64.770561218 0.010969833 0.999731719 -0.020402338 -4.521872520 -0.993312359 0.008549604 -0.115141787 109.812881470
-0.114659891 0.016921327 0.993260622 65.522499084 0.012250840 0.999802887 -0.015618572 -4.547459602 -0.993329227 0.010377454 -0.114844598 109.721855164
-0.114422068 0.015065690 0.993317902 66.267074585 0.014253513 0.999807000 -0.013522219 -4.571200371 -0.993330002 0.012611031 -0.114614710 109.633453369
-0.115086176 0.014338914 0.993251920 67.002746582 0.013648478 0.999824226 -0.012852374 -4.597124100 -0.993261755 0.012077247 -0.115261652 109.547637939
-0.117411390 0.015334423 0.992964923 67.745460510 0.012920951 0.999819756 -0.013912464 -4.621374607 -0.992999315 0.011196571 -0.117588386 109.470565796
-0.119392082 0.016003046 0.992718220 68.483543396 0.012601812 0.999813914 -0.014601843 -4.642969608 -0.992767215 0.010766705 -0.119571552 109.385345459
-0.121633567 0.016245442 0.992442071 69.222740173 0.013453749 0.999801159 -0.014717015 -4.668879509 -0.992483914 0.011561985 -0.121827960 109.295509338
-0.123508669 0.016464865 0.992206812 69.964881897 0.013719727 0.999795139 -0.014882980 -4.691479683 -0.992248654 0.011774629 -0.123709254 109.204490662
-0.125518680 0.016323879 0.991956830 70.712081909 0.013712815 0.999797642 -0.014717741 -4.712796688 -0.991996527 0.011755169 -0.125717148 109.111991882
-0.127079114 0.016492680 0.991755307 71.462524414 0.011398314 0.999819934 -0.015166262 -4.734969616 -0.991827071 0.009377025 -0.127244264 109.021171570
-0.128256485 0.018061718 0.991576493 72.214431763 0.011126200 0.999797463 -0.016772334 -4.759377480 -0.991678655 0.008881318 -0.128431469 108.929908752
-0.128991887 0.018308233 0.991476595 72.973670959 0.009941420 0.999803185 -0.017168608 -4.782495022 -0.991595924 0.007642074 -0.129148498 108.834579468
-0.130296335 0.018665800 0.991299331 73.741470337 0.009999691 0.999796748 -0.017511444 -4.805292130 -0.991424680 0.007631010 -0.130456507 108.736396790
-0.131595820 0.017014122 0.991157532 74.519172668 0.010404655 0.999821365 -0.015781417 -4.825260639 -0.991248846 0.008235882 -0.131749317 108.643989563
-0.132614046 0.014626578 0.991059840 75.298263550 0.008314353 0.999872386 -0.013644088 -4.848441601 -0.991132796 0.006430623 -0.132718727 108.544975281
-0.134595022 0.012829303 0.990817606 76.088317871 0.004970454 0.999912381 -0.012271860 -4.864806652 -0.990888238 0.003273082 -0.134646997 108.449645996
-0.136596143 0.012193226 0.990551651 76.871391296 0.006219561 0.999915123 -0.011450814 -4.886010170 -0.990607321 0.004596660 -0.136660367 108.339828491
-0.138190255 0.013001697 0.990320206 77.667976379 0.007547256 0.999898672 -0.012074297 -4.905449390 -0.990377009 0.005805652 -0.138274342 108.232734680
-0.140586630 0.014511361 0.989961922 78.465286255 0.006964601 0.999882400 -0.013667722 -4.923120975 -0.990043879 0.004973192 -0.140671134 108.123252869
-0.142252907 0.017442437 0.989676535 79.265129089 0.008190030 0.999831200 -0.016444197 -4.954772472 -0.989796460 0.005766246 -0.142371744 108.014488220
-0.142661899 0.021392746 0.989540160 80.074432373 0.010372606 0.999743760 -0.020117920 -4.977962017 -0.989717126 0.007394051 -0.142847255 107.897598267
-0.143863663 0.025007244 0.989281416 80.867774963 0.010895572 0.999660075 -0.023685141 -5.016288757 -0.989537537 0.007371356 -0.144087270 107.781097412
-0.143760845 0.026362592 0.989261210 81.693939209 0.013264492 0.999606669 -0.024710672 -5.042824268 -0.989523530 0.009569620 -0.144053996 107.664436340
-0.143016800 0.025499022 0.989391625 82.524818420 0.016458131 0.999591112 -0.023382861 -5.075758457 -0.989583492 0.012939396 -0.143378019 107.542930603
-0.142855406 0.023638854 0.989461243 83.350860596 0.017115790 0.999624252 -0.021410530 -5.106601238 -0.989595532 0.013876802 -0.143206328 107.417701721
-0.141846180 0.022388648 0.989635468 84.189796448 0.016255010 0.999662042 -0.020285621 -5.132771969 -0.989755273 0.013209095 -0.142162189 107.300842285
-0.140676588 0.019502878 0.989863634 85.048355103 0.015656324 0.999724865 -0.017472139 -5.165341854 -0.989931822 0.013039707 -0.140943244 107.202903748
-0.139371097 0.016408520 0.990104377 85.904502869 0.016162755 0.999767184 -0.014293527 -5.190031052 -0.990108371 0.014010712 -0.139603883 107.093025208
-0.137629420 0.012847759 0.990400553 86.751174927 0.016455526 0.999807417 -0.010683077 -5.217542648 -0.990347147 0.014827256 -0.137814373 106.974128723
-0.135789961 0.012717992 0.990655959 87.602714539 0.014558507 0.999835193 -0.010840287 -5.243055344 -0.990630627 0.012950473 -0.135952756 106.866661072
-0.134571061 0.016887158 0.990760028 88.455230713 0.015121906 0.999773264 -0.014986837 -5.270520687 -0.990788519 0.012965388 -0.134795919 106.755645752
-0.132583633 0.023401290 0.990895510 89.302490234 0.016147694 0.999639571 -0.021447200 -5.294372082 -0.991040230 0.013157133 -0.132913724 106.643310547
-0.131147951 0.026669094 0.991003990 90.149665833 0.013976291 0.999588430 -0.025050513 -5.322403908 -0.991264284 0.010565234 -0.131466717 106.540725708
-0.129407838 0.024284523 0.991294026 91.010711670 0.012823761 0.999657452 -0.022815339 -5.352706432 -0.991508543 0.009759635 -0.129674926 106.430572510
