1.000000000 0.000000000 0.000000000 0.000000000 0.000000000 1.000000000 0.000000000 0.000000000 0.000000000 0.000000000 1.000000000 0.000000000
0.999997318 0.001024630 0.002084856 -0.009758869 -0.001022409 0.999998927 -0.001066138 -0.016905703 -0.002085947 0.001064003 0.999997258 1.206227779
0.999980628 0.001942354 0.005919559 -0.058479704 -0.001939509 0.999997914 -0.000486259 -0.039197456 -0.005920492 0.000474768 0.999982297 2.419441462
0.999973595 0.001645099 0.007072320 -0.059481043 -0.001644144 0.999998629 -0.000140767 -0.057744272 -0.007072541 0.000129135 0.999974966 3.624190807
0.999965668 0.001558507 0.008146008 -0.056175243 -0.001556312 0.999998748 -0.000275796 -0.077410690 -0.008146429 0.000263109 0.999966800 4.823256016
0.999964178 0.001391603 0.008345008 -0.052960653 -0.001392996 0.999999046 0.000161093 -0.102817900 -0.008344777 -0.000172712 0.999965131 6.033280849
0.999958456 0.001720025 0.008951392 -0.043884724 -0.001712370 0.999998271 -0.000862711 -0.123768635 -0.008952860 0.000847347 0.999959528 7.232130051
0.999947727 0.001557986 0.010104612 -0.053546049 -0.001548637 0.999998391 -0.000932982 -0.151616156 -0.010106048 0.000917285 0.999948502 8.437421799
0.999943852 0.001251576 0.010525265 -0.054324336 -0.001255881 0.999999106 0.000402450 -0.172538847 -0.010524752 -0.000415646 0.999944508 9.642820358
0.999957800 0.000575480 0.009166515 -0.049528286 -0.000589969 0.999998510 0.001578009 -0.196896598 -0.009165593 -0.001583350 0.999956727 10.836191177
0.999976993 -0.000703166 0.006739975 -0.052757382 0.000695897 0.999999166 0.001080674 -0.218130216 -0.006740730 -0.001075959 0.999976695 12.047583580
0.999988258 -0.000403752 0.004850725 -0.056483388 0.000400983 0.999999702 0.000571714 -0.235230058 -0.004850955 -0.000569762 0.999988139 13.242780685
0.999993742 -0.000450997 0.003540742 -0.056375165 0.000449452 0.999999821 0.000437357 -0.256947309 -0.003540940 -0.000435763 0.999993622 14.440046310
0.999993861 0.000934713 0.003370099 -0.074471436 -0.000935326 0.999999523 0.000180300 -0.280932009 -0.003369929 -0.000183451 0.999994278 15.636263847
0.999995530 0.000683876 0.002868278 -0.077070490 -0.000684487 0.999999702 0.000212025 -0.300206006 -0.002868133 -0.000213987 0.999995828 16.836824417
0.999998093 -0.000103739 0.001915475 -0.074711926 0.000102634 0.999999821 0.000576833 -0.319531947 -0.001915535 -0.000576636 0.999997973 18.022029877
0.999998748 0.000010699 0.001551212 -0.082820579 -0.000012817 0.999998987 0.001365324 -0.349786073 -0.001551196 -0.001365342 0.999997914 19.217184067
0.999999821 0.000231452 0.000621172 -0.086819358 -0.000231796 0.999999821 0.000553193 -0.371615648 -0.000621044 -0.000553337 0.999999702 20.414434433
0.999999642 -0.000226788 0.000815062 -0.108059391 0.000227123 0.999999881 -0.000410517 -0.396078825 -0.000814968 0.000410702 0.999999583 21.618902206
0.999999583 0.000974572 -0.000024641 -0.111642547 -0.000974570 0.999999583 0.000099689 -0.415367723 0.000024738 -0.000099665 0.999999940 22.814498901
0.999999762 0.000633734 -0.000193866 -0.132911056 -0.000633764 0.999999762 -0.000155092 -0.438321531 0.000193768 0.000155215 0.999999881 23.979549408
0.999998987 0.000824870 -0.001168206 -0.140455008 -0.000825699 0.999999404 -0.000709393 -0.459807873 0.001167620 0.000710357 0.999998987 25.173568726
0.999997437 0.001016516 -0.002009169 -0.150868803 -0.001016147 0.999999464 0.000184771 -0.488670528 0.002009354 -0.000182729 0.999997914 26.338274002
0.999996245 -0.000534869 -0.002695334 -0.160436571 0.000540101 0.999998033 0.001940815 -0.508436799 0.002694291 -0.001942263 0.999994457 27.541730881
0.999992967 -0.000649587 -0.003704119 -0.165641919 0.000656819 0.999997914 0.001951520 -0.529711902 0.003702843 -0.001953939 0.999991238 28.709381104
0.999988675 -0.001425006 -0.004556220 -0.176511586 0.001430326 0.999998271 0.001164687 -0.549718797 0.004554552 -0.001171191 0.999989033 29.908994675
0.999985039 -0.001315168 -0.005305268 -0.182588398 0.001316594 0.999999106 0.000265197 -0.571307480 0.005304916 -0.000272178 0.999985874 31.072677612
0.999980748 -0.000722848 -0.006159354 -0.194939300 0.000725040 0.999999702 0.000353621 -0.591765404 0.006159098 -0.000358080 0.999980986 32.258392334
0.999975920 -0.000917939 -0.006876495 -0.207408607 0.000922970 0.999999404 0.000728544 -0.610099852 0.006875822 -0.000734873 0.999976158 33.464511871
0.999971449 -0.001587238 -0.007379649 -0.217937768 0.001595324 0.999998152 0.001089990 -0.632441044 0.007377904 -0.001101732 0.999972165 34.635787964
0.999964535 -0.002164610 -0.008141535 -0.226890206 0.002175444 0.999996722 0.001322174 -0.655241847 0.008138645 -0.001339838 0.999965966 35.835632324
0.999962270 -0.002074256 -0.008425360 -0.247680932 0.002083892 0.999997199 0.001135071 -0.674037814 0.008422978 -0.001152586 0.999963880 37.036293030
0.999958158 -0.003161895 -0.008582869 -0.258470327 0.003178124 0.999993205 0.001877982 -0.694376171 0.008576871 -0.001905181 0.999961436 38.238197327
0.999964893 -0.002615344 -0.007958714 -0.287532955 0.002640018 0.999991715 0.003091353 -0.713085294 0.007950563 -0.003112255 0.999963462 39.451385498
0.999964774 -0.002000650 -0.008157798 -0.299338758 0.002028872 0.999991894 0.003452646 -0.723277569 0.008150823 -0.003469075 0.999960721 40.652149200
0.999966562 -0.001313077 -0.008068091 -0.314120829 0.001340285 0.999993384 0.003367826 -0.745663881 0.008063619 -0.003378527 0.999961734 41.855094910
0.999971688 -0.000130826 -0.007520217 -0.337482572 0.000153343 0.999995530 0.002993804 -0.754959583 0.007519791 -0.002994873 0.999967217 43.049140930
0.999972939 0.002169022 -0.007026893 -0.353520989 -0.002136404 0.999986947 0.004646099 -0.769102693 0.007036879 -0.004630961 0.999964476 44.251651764
0.999980807 0.002699771 -0.005572568 -0.366292119 -0.002656710 0.999966681 0.007720425 -0.782272220 0.005593228 -0.007705473 0.999954641 45.461112976
0.999989867 0.002966541 -0.003381018 -0.378448427 -0.002931213 0.999941587 0.010406317 -0.789886713 0.003411693 -0.010396304 0.999940157 46.662631989
0.999991477 0.003425423 -0.002309557 -0.381243587 -0.003393478 0.999900460 0.013696534 -0.795930862 0.002356244 -0.013688578 0.999903500 47.865612030
0.999997377 0.002127118 -0.000898992 -0.391018361 -0.002113472 0.999886513 0.014918075 -0.802507162 0.000930623 -0.014916135 0.999888301 49.076644897
0.999998689 0.001338600 0.000952805 -0.389405638 -0.001351255 0.999909163 0.013407421 -0.802608609 -0.000934771 -0.013408690 0.999909639 50.288963318
0.999993742 0.002510465 0.002484093 -0.401557624 -0.002539514 0.999927580 0.011760648 -0.808368146 -0.002454388 -0.011766884 0.999927700 51.500171661
0.999992430 0.002333873 0.003145446 -0.400071442 -0.002369195 0.999933600 0.011273239 -0.812823832 -0.003118927 -0.011280606 0.999931455 52.704425812
0.999992609 0.002156992 0.003149862 -0.403925300 -0.002191131 0.999938488 0.010875383 -0.824220598 -0.003126210 -0.010882206 0.999935925 53.893264771
0.999995232 0.001660544 0.002589383 -0.411727846 -0.001685346 0.999952435 0.009605738 -0.830096722 -0.002573309 -0.009610056 0.999950528 55.103153229
0.999998391 0.001390575 0.001074859 -0.415814430 -0.001401680 0.999944925 0.010400936 -0.840494275 -0.001060337 -0.010402427 0.999945223 56.308807373
0.999998808 0.001507296 -0.000327003 -0.420476615 -0.001503511 0.999935210 0.011283607 -0.844907582 0.000343989 -0.011283102 0.999936223 57.514919281
0.999998629 0.001170643 -0.001181167 -0.432351917 -0.001156360 0.999927044 0.012021082 -0.860048175 0.001195154 -0.012019700 0.999926984 58.711936951
0.999995649 0.002008141 -0.002170579 -0.439264476 -0.001982882 0.999931037 0.011576872 -0.862445295 0.002193677 -0.011572519 0.999930561 59.911979675
0.999993563 0.002476128 -0.002576075 -0.454730958 -0.002445601 0.999927461 0.011786529 -0.876214564 0.002605076 -0.011780153 0.999927223 61.122142792
0.999994755 0.001552309 -0.002802265 -0.460911781 -0.001521351 0.999938130 0.011015896 -0.879804015 0.002819192 -0.011011576 0.999935448 62.319171906
0.999994934 0.000756495 -0.003091017 -0.466788590 -0.000724771 0.999947190 0.010251498 -0.894618034 0.003098608 -0.010249206 0.999942660 63.533832550
0.999994099 0.000655007 -0.003382287 -0.474177450 -0.000615960 0.999933302 0.011532779 -0.900892079 0.003389615 -0.011530627 0.999927759 64.739418030
0.999994218 -0.000331181 -0.003412406 -0.487476230 0.000375497 0.999915481 0.012994311 -0.910440862 0.003407816 -0.012995516 0.999909699 65.945579529
0.999992788 0.000899070 -0.003687295 -0.501046598 -0.000857221 0.999935329 0.011335285 -0.917399287 0.003697248 -0.011332043 0.999928951 67.136894226
0.999990463 0.002740741 -0.003393703 -0.516327381 -0.002705305 0.999942183 0.010402466 -0.927212656 0.003422019 -0.010393186 0.999940157 68.333076477
0.999981999 0.004818982 -0.003613329 -0.526323855 -0.004780802 0.999933481 0.010501590 -0.934275091 0.003663694 -0.010484125 0.999938250 69.530319214
0.999970019 0.006962973 -0.003407273 -0.539594412 -0.006926314 0.999919295 0.010655289 -0.941491663 0.003481188 -0.010631368 0.999937356 70.722152710
0.999960363 0.008305919 -0.003190008 -0.552564383 -0.008270094 0.999904275 0.011083907 -0.949610531 0.003281765 -0.011057087 0.999933481 71.917930603
0.999957860 0.008892581 -0.002265486 -0.561118841 -0.008864434 0.999886870 0.012144571 -0.958202720 0.002373226 -0.012123980 0.999923646 73.113471985
0.999943018 0.010658386 -0.000634200 -0.565140128 -0.010649391 0.999861121 0.012810914 -0.963314414 0.000770656 -0.012803430 0.999917746 74.310585022
0.999953628 0.009353392 0.002288789 -0.567284465 -0.009377193 0.999899685 0.010618851 -0.976118922 -0.002189237 -0.010639823 0.999940932 75.487297058
0.999965549 0.006781979 0.004769294 -0.566087008 -0.006807472 0.999962568 0.005349793 -0.984429777 -0.004732832 -0.005382079 0.999974251 76.661987305
0.999936759 0.008363830 0.007515718 -0.563283086 -0.008399285 0.999953687 0.004698517 -0.995057821 -0.007476071 -0.004761347 0.999960721 77.848068237
0.999921799 0.007336495 0.010135593 -0.554293036 -0.007421462 0.999937415 0.008370776 -1.010106921 -0.010073547 -0.008445341 0.999913633 79.029129028
0.999880075 0.007456482 0.013571258 -0.544499636 -0.007589640 0.999923348 0.009786841 -1.023568392 -0.013497242 -0.009888669 0.999859989 80.208793640
0.999816000 0.007613162 0.017605327 -0.529582024 -0.007755165 0.999937832 0.008011799 -1.033948898 -0.017543238 -0.008146855 0.999812901 81.377891541
0.999753475 0.006384721 0.021264611 -0.510845542 -0.006493421 0.999966145 0.005046598 -1.049180269 -0.021231674 -0.005183434 0.999761105 82.548416138
0.999685466 0.005161454 0.024539161 -0.485242844 -0.005198900 0.999985456 0.001462435 -1.063761473 -0.024531253 -0.001589552 0.999697804 83.710243225
0.999582291 0.004794654 0.028500607 -0.461146832 -0.004814456 0.999988258 0.000626218 -1.082250834 -0.028497268 -0.000763171 0.999593616 84.861709595
0.999489546 0.004411310 0.031640943 -0.422969103 -0.004489015 0.999987185 0.002385213 -1.103590965 -0.031630009 -0.002526032 0.999496579 86.034240723
0.999349296 0.005787240 0.035604388 -0.395857811 -0.005896005 0.999978244 0.002950563 -1.123868942 -0.035586543 -0.003158567 0.999361634 87.199127197
0.999215901 0.005100161 0.039263334 -0.348495483 -0.005130805 0.999986589 0.000679736 -1.142845869 -0.039259348 -0.000880655 0.999228656 88.344192505
0.999085426 0.005039276 0.042460475 -0.302935362 -0.004985393 0.999986589 -0.001374813 -1.164225459 -0.042466834 0.001161874 0.999097228 89.491188049
0.998944759 0.005197472 0.045631833 -0.252476215 -0.005112472 0.999985099 -0.001979223 -1.181978226 -0.045641437 0.001743843 0.998956382 90.665191650
0.998811126 0.004303046 0.048557110 -0.200102806 -0.004264263 0.999990523 -0.000902287 -1.200683117 -0.048560545 0.000694155 0.998820007 91.820785522
0.998681486 0.003199965 0.051236890 -0.141997814 -0.003236954 0.999994576 0.000638939 -1.221644640 -0.051234569 -0.000803948 0.998686314 92.989883423
0.998540521 0.002400408 0.053956196 -0.082265854 -0.002533491 0.999993920 0.002398241 -1.239978790 -0.053950120 -0.002531439 0.998540461 94.153251648
0.998417497 0.000974487 0.056227814 -0.014269829 -0.001160726 0.999993920 0.003279656 -1.255128741 -0.056224283 -0.003339731 0.998412609 95.316619873
0.998272479 -0.000265842 0.058753021 0.041882515 0.000200747 0.999999344 0.001113855 -1.276457429 -0.058753282 -0.001100137 0.998271942 96.470832825
0.998162746 -0.001877791 0.060561597 0.118364334 0.002035298 0.999994695 -0.002539188 -1.294296265 -0.060556509 0.002657784 0.998161256 97.625717163
0.998015463 -0.000687063 0.062965810 0.180410862 0.001016375 0.999985933 -0.005198129 -1.313889861 -0.062961362 0.005251809 0.998002052 98.792190552
0.997906327 -0.000754242 0.064670406 0.252848625 0.001158112 0.999980032 -0.006207785 -1.333054423 -0.064664431 0.006269683 0.997887254 99.970092773
0.997869968 -0.000420315 0.065232754 0.320442677 0.000783518 0.999984324 -0.005542330 -1.359178185 -0.065229394 0.005581635 0.997854710 101.158439636
0.997931778 -0.000596168 0.064279616 0.395505905 0.000835665 0.999992788 -0.003699037 -1.382963181 -0.064276949 0.003745102 0.997925103 102.343307495
0.998006463 -0.001190524 0.063099436 0.466303825 0.001332418 0.999996662 -0.002206693 -1.406495214 -0.063096583 0.002286369 0.998004794 103.538757324
0.998139679 -0.000692432 0.060964316 0.536187172 0.000780086 0.999998689 -0.001413997 -1.425113559 -0.060963243 0.001458923 0.998138964 104.730186462
0.998281419 -0.000528548 0.058599383 0.596724033 0.000579818 0.999999523 -0.000857918 -1.445936799 -0.058598891 0.000890421 0.998281240 105.929374695
0.998433948 0.000364292 0.055941954 0.649500370 -0.000306327 0.999999404 -0.001044749 -1.464641690 -0.055942297 0.001025977 0.998433530 107.139038086
0.998635173 0.001709799 0.052200157 0.701553822 -0.001628938 0.999997377 -0.001591562 -1.481505275 -0.052202735 0.001504359 0.998635352 108.342483521
0.998834550 0.001717632 0.048234835 0.756689072 -0.001665496 0.999998093 -0.001121040 -1.502505064 -0.048236653 0.001039399 0.998835385 109.555854797
0.999021769 0.002273008 0.044163916 0.811749935 -0.002271370 0.999997437 -0.000087275 -1.520838618 -0.044164002 -0.000013123 0.999024272 110.786300659
0.999203980 0.002715098 0.039798018 0.854138136 -0.002749874 0.999996006 0.000819110 -1.543763280 -0.039795637 -0.000927898 0.999207377 111.995086670
0.999369144 0.003007586 0.035387449 0.892787218 -0.003056064 0.999994457 0.001315914 -1.559420705 -0.035383299 -0.001423230 0.999372780 113.220314026
0.999527156 0.003382896 0.030561479 0.925451756 -0.003428957 0.999993026 0.001454888 -1.580459952 -0.030556347 -0.001558994 0.999531746 114.442962646
0.999665976 0.003755628 0.025570834 0.947890997 -0.003798580 0.999991417 0.001631380 -1.600701571 -0.025564490 -0.001727968 0.999671698 115.666740417
0.999770880 0.004598763 0.020905452 0.963187456 -0.004621221 0.999988794 0.001026057 -1.613107920 -0.020900501 -0.001122431 0.999780953 116.893127441
0.999852180 0.005666605 0.016234640 0.975417018 -0.005674645 0.999983788 0.000449204 -1.630356789 -0.016231833 -0.000541263 0.999868095 118.114456177
0.999891698 0.007535810 0.012642627 0.988777280 -0.007542881 0.999971390 0.000511573 -1.652508378 -0.012638411 -0.000606879 0.999919891 119.356018066
0.999903142 0.009297396 0.010357797 0.995729685 -0.009303132 0.999956608 0.000505836 -1.669820786 -0.010352646 -0.000602147 0.999946177 120.597740173
0.999894857 0.010762145 0.009723330 0.991548896 -0.010764040 0.999942064 0.000142643 -1.690567851 -0.009721232 -0.000247291 0.999952674 121.834953308
0.999880314 0.012913695 0.008522050 0.995704949 -0.012917399 0.999916494 0.000379784 -1.707017779 -0.008516435 -0.000489821 0.999963522 123.096450806
0.999873102 0.014003847 0.007602478 0.994786322 -0.014013030 0.999901116 0.001155876 -1.724556923 -0.007585540 -0.001262263 0.999970436 124.339416504
0.999878109 0.013929227 0.007060860 0.991828561 -0.013939979 0.999901772 0.001476085 -1.740623355 -0.007039605 -0.001574333 0.999974012 125.586471558
0.999827266 0.017533565 0.006170990 0.992276311 -0.017555380 0.999839723 0.003498432 -1.757387400 -0.006108661 -0.003606161 0.999974847 126.845039368
0.999809206 0.018633211 0.005851185 0.985938549 -0.018671319 0.999804378 0.006527320 -1.769904852 -0.005728414 -0.006635324 0.999961615 128.095718384
0.999839902 0.017229209 0.004832688 0.992274582 -0.017258575 0.999832451 0.006103005 -1.783444405 -0.004726728 -0.006185433 0.999969721 129.359527588
0.999846995 0.017015565 0.004056718 0.994685829 -0.017033925 0.999844611 0.004535417 -1.793558598 -0.003978915 -0.004603825 0.999981463 130.609954834
0.999886870 0.014707780 0.003156871 1.002169490 -0.014726747 0.999873102 0.006072083 -1.813402414 -0.003067163 -0.006117885 0.999976635 131.874328613
0.999920249 0.012365086 0.002578380 0.993427873 -0.012384790 0.999893129 0.007771642 -1.824691772 -0.002482007 -0.007802954 0.999966443 133.148590088
0.999957561 0.008709743 0.003005704 0.986797988 -0.008737223 0.999919057 0.009254411 -1.829473019 -0.002924857 -0.009280279 0.999952555 134.424789429
0.999973536 0.006747418 0.002748263 0.982648969 -0.006776415 0.999920011 0.010682259 -1.846213579 -0.002675966 -0.010700597 0.999939084 135.706176758
0.999993086 0.002926012 0.002300711 0.994459331 -0.002946279 0.999956489 0.008855742 -1.855534434 -0.002274699 -0.008862461 0.999958158 136.972885132
0.999996424 0.000461744 0.002607219 0.990653694 -0.000482761 0.999967396 0.008066325 -1.865701795 -0.002603410 -0.008067556 0.999964058 138.246795654
0.999996364 -0.000988730 0.002497412 0.996246159 0.000969041 0.999968648 0.007872820 -1.877073765 -0.002505118 -0.007870373 0.999965906 139.517913818
0.999994397 -0.000372024 0.003298965 0.992474437 0.000345491 0.999967575 0.008039416 -1.881938934 -0.003301848 -0.008038231 0.999962270 140.822036743
0.999992967 -0.000160067 0.003715613 0.992199421 0.000121836 0.999947071 0.010287287 -1.894229412 -0.003717061 -0.010286764 0.999940276 142.094757080
0.999987841 0.001950591 0.004510893 0.990497410 -0.002002886 0.999930441 0.011617817 -1.903184414 -0.004487918 -0.011626713 0.999922335 143.390701294
0.999984622 0.001949815 0.005176235 0.989919901 -0.002000903 0.999949098 0.009882928 -1.910414577 -0.005156703 -0.009893136 0.999937773 144.666564941
0.999982238 0.002300008 0.005489132 0.990396917 -0.002344410 0.999964476 0.008096413 -1.923462987 -0.005470315 -0.008109142 0.999952137 145.940261841
0.999978721 0.002247518 0.006108549 0.990576029 -0.002280268 0.999983072 0.005359719 -1.932633400 -0.006096398 -0.005373536 0.999967039 147.215408325
0.999979377 0.001070251 0.006325501 0.994567275 -0.001078179 0.999998748 0.001250139 -1.950290918 -0.006324153 -0.001256935 0.999979317 148.476745605
0.999974489 0.001624520 0.006955810 0.996750951 -0.001609951 0.999996483 -0.002099536 -1.975361943 -0.006959196 0.002088284 0.999973595 149.768539429
0.999977350 0.000965226 0.006650968 1.005935073 -0.000944380 0.999994576 -0.003136729 -1.997707963 -0.006653960 0.003130377 0.999972939 151.041717529
0.999976099 0.001030204 0.006839274 1.003159523 -0.001012806 0.999996185 -0.002546780 -2.030224085 -0.006841872 0.002539792 0.999973357 152.317596436
0.999975741 0.001376104 0.006820271 1.010814548 -0.001361760 0.999996781 -0.002107307 -2.051682711 -0.006823149 0.002097968 0.999974549 153.582901001
0.999977827 0.001429344 0.006507031 1.016602755 -0.001422008 0.999998271 -0.001131777 -2.075530767 -0.006508638 0.001122499 0.999978185 154.842712402
0.999973416 0.003101112 0.006598121 1.008398652 -0.003097816 0.999995053 -0.000509620 -2.098528624 -0.006599669 0.000489167 0.999978125 156.108566284
0.999975324 0.003517868 0.006071303 1.012409210 -0.003513162 0.999993503 -0.000785629 -2.118411779 -0.006074028 0.000764281 0.999981284 157.380065918
0.999978960 0.003448694 0.005498057 1.009221911 -0.003444640 0.999993801 -0.000746624 -2.142846346 -0.005500598 0.000727670 0.999984562 158.643203735
0.999986351 0.002581648 0.004561908 1.014217854 -0.002584534 0.999996543 0.000626915 -2.165810108 -0.004560273 -0.000638697 0.999989450 159.908645630
0.999982953 0.004056340 0.004182834 1.010143399 -0.004060230 0.999991357 0.000922127 -2.188194990 -0.004179056 -0.000939094 0.999990821 161.191497803
0.999986947 0.003904481 0.003294562 1.013442278 -0.003903954 0.999992371 -0.000166491 -2.208246708 -0.003295186 0.000153627 0.999994576 162.460235596
0.999985337 0.004544551 0.002939636 1.007172704 -0.004540755 0.999988854 -0.001296428 -2.231349945 -0.002945495 0.001283061 0.999994814 163.706176758
0.999983311 0.005292077 0.002315134 1.004102349 -0.005289391 0.999985337 -0.001164820 -2.255034924 -0.002321265 0.001152555 0.999996662 164.970870972
0.999984801 0.005315480 0.001566325 0.996777833 -0.005312182 0.999983668 -0.002102139 -2.280120611 -0.001577473 0.002093786 0.999996603 166.237960815
0.999984980 0.005474490 0.000511710 0.997203648 -0.005472791 0.999979734 -0.003263445 -2.303537369 -0.000529566 0.003260595 0.999994576 167.508346558
0.999983668 0.005724573 0.000015809 0.984213054 -0.005724499 0.999979198 -0.002981251 -2.328203440 -0.000032874 0.002981111 0.999995649 168.776031494
0.999983370 0.005728124 -0.000548023 0.980351210 -0.005728969 0.999982476 -0.001556366 -2.355167627 0.000539098 0.001559480 0.999998629 170.043151855
0.999984860 0.005306706 -0.001400306 0.973868430 -0.005307959 0.999985516 -0.000893418 -2.380441904 0.001395547 0.000900837 0.999998569 171.311538696
0.999978662 0.006297614 -0.001740403 0.960165739 -0.006299079 0.999979734 -0.000837380 -2.401848316 0.001735094 0.000848325 0.999998093 172.586395264
0.999972880 0.006814350 -0.002794791 0.951618731 -0.006816110 0.999976516 -0.000620715 -2.423228979 0.002790494 0.000639748 0.999995887 173.855575562
0.999969482 0.007194530 -0.003030247 0.933954775 -0.007198896 0.999973059 -0.001432432 -2.451961756 0.003019859 0.001454203 0.999994338 175.126800537
0.999961615 0.008077499 -0.003387104 0.924433470 -0.008084094 0.999965429 -0.001938339 -2.471651554 0.003371330 0.001965646 0.999992371 176.375488281
0.999964297 0.007605071 -0.003690799 0.913075089 -0.007612538 0.999968946 -0.002013458 -2.492443085 0.003675371 0.002041482 0.999991179 177.643844604
0.999959052 0.008073495 -0.004097070 0.903302550 -0.008085483 0.999963045 -0.002917890 -2.517458200 0.004073360 0.002950897 0.999987423 178.891677856
0.999973714 0.006200274 -0.003794334 0.885149956 -0.006218130 0.999969482 -0.004712015 -2.538091898 0.003765003 0.004735483 0.999981701 180.171051025
0.999984503 0.003328093 -0.004466653 0.878207386 -0.003348405 0.999983966 -0.004547643 -2.563790321 0.004451445 0.004562528 0.999979675 181.435546875
0.999986529 0.003140760 -0.004119571 0.857072771 -0.003143130 0.999994874 -0.000568839 -2.594356775 0.004117763 0.000581780 0.999991357 182.703903198
0.999987543 0.002987035 -0.004006167 0.848317385 -0.002972358 0.999988854 0.003664400 -2.614161253 0.004017069 -0.003652447 0.999985278 183.958480835
0.999981642 0.004295493 -0.004269037 0.838442028 -0.004282560 0.999986231 0.003034167 -2.631884098 0.004282011 -0.003015830 0.999986351 185.213668823
0.999974132 0.006037446 -0.003923085 0.827361166 -0.006038511 0.999981880 -0.000259837 -2.648367882 0.003921445 0.000283520 0.999992251 186.445526123
0.999973416 0.005918219 -0.004264860 0.817817032 -0.005928108 0.999979794 -0.002309863 -2.670147419 0.004251104 0.002335084 0.999988258 187.692962646
0.999972582 0.005921152 -0.004432957 0.802930176 -0.005928446 0.999981105 -0.001633929 -2.698896885 0.004423198 0.001660164 0.999988854 188.939956665
0.999972463 0.006129303 -0.004184093 0.790375113 -0.006133455 0.999980748 -0.000980294 -2.717640400 0.004178006 0.001005930 0.999990761 190.183807373
0.999973655 0.006060176 -0.004029116 0.779483438 -0.006053987 0.999980509 0.001546643 -2.746104717 0.004038411 -0.001522210 0.999990642 191.446456909
0.999981046 0.005211729 -0.003291359 0.767584980 -0.005202967 0.999982953 0.002665002 -2.773526192 0.003305191 -0.002647826 0.999991059 192.697067261
0.999984026 0.005336429 -0.001859280 0.762924731 -0.005333262 0.999984324 0.001704015 -2.789025545 0.001868344 -0.001694072 0.999996722 193.940475464
0.999991775 0.004035440 -0.000447932 0.755283594 -0.004035274 0.999991775 0.000372085 -2.813054800 0.000449430 -0.000370274 0.999999762 195.172698975
0.999990523 0.004241615 0.000985595 0.752329111 -0.004240359 0.999990225 -0.001273445 -2.837224960 -0.000990989 0.001269254 0.999998689 196.397888184
0.999992490 0.003372881 0.001927973 0.755010486 -0.003369578 0.999992907 -0.001713833 -2.861334085 -0.001933740 0.001707323 0.999996722 197.616851807
0.999984384 0.004110649 0.003779994 0.746862292 -0.004105940 0.999990702 -0.001252739 -2.885441542 -0.003785110 0.001237199 0.999992073 198.844329834
0.999981761 0.003742384 0.004741990 0.754135787 -0.003746159 0.999992609 0.000787267 -2.912509680 -0.004739010 -0.000805017 0.999988437 200.061691284
0.999969244 0.004540587 0.006398245 0.747664571 -0.004548194 0.999988973 0.001174951 -2.940150499 -0.006392839 -0.001204015 0.999978840 201.283126831
0.999960661 0.004694286 0.007523853 0.747288465 -0.004703583 0.999988139 0.001218378 -2.958391666 -0.007518045 -0.001253719 0.999970913 202.492965698
0.999960959 0.004150405 0.007808994 0.765878499 -0.004160401 0.999990582 0.001264300 -2.982954979 -0.007803673 -0.001296739 0.999968708 203.690353394
0.999944329 0.004386254 0.009589748 0.763687730 -0.004402222 0.999988914 0.001644654 -3.006034851 -0.009582426 -0.001686778 0.999952674 204.885208130
0.999933302 0.004702818 0.010546500 0.766138673 -0.004719841 0.999987602 0.001589855 -3.028137445 -0.010538891 -0.001639527 0.999943197 206.082809448
0.999931753 0.004014892 0.010967311 0.773013473 -0.004035288 0.999990165 0.001838255 -3.053070307 -0.010959824 -0.001882386 0.999938130 207.255844116
0.999924302 0.003627881 0.011759933 0.785122275 -0.003645563 0.999992251 0.001482520 -3.068572521 -0.011754464 -0.001525279 0.999929726 208.415863037
0.999919772 0.003677352 0.012122319 0.788666248 -0.003705471 0.999990523 0.002297973 -3.091786861 -0.012113754 -0.002342707 0.999923885 209.569564819
0.999927044 0.002872744 0.011729297 0.801283836 -0.002911970 0.999990225 0.003328550 -3.112163544 -0.011719620 -0.003362461 0.999925673 210.701339722
0.999930739 0.003161748 0.011333379 0.803770542 -0.003200036 0.999989271 0.003361786 -3.133966923 -0.011322628 -0.003397820 0.999930143 211.814682007
0.999932766 0.003959155 0.010898241 0.811011076 -0.003986651 0.999988914 0.002502389 -3.158132076 -0.010888212 -0.002545668 0.999937475 212.925598145
0.999936342 0.004265640 0.010444109 0.816380739 -0.004281666 0.999989688 0.001512497 -3.174821854 -0.010437550 -0.001557119 0.999944329 214.011306763
0.999942541 0.003969767 0.009960166 0.820035458 -0.003984208 0.999991000 0.001430441 -3.196779013 -0.009954398 -0.001470042 0.999949396 215.086669922
0.999953866 0.003451492 0.008963702 0.821864963 -0.003462479 0.999993265 0.001210531 -3.215114594 -0.008959461 -0.001241512 0.999959171 216.150680542
0.999971092 0.002913788 0.007024625 0.829558253 -0.002929559 0.999993205 0.002235815 -3.238550663 -0.007018062 -0.002256329 0.999972880 217.198074341
0.999986291 0.002004851 0.004834585 0.828617454 -0.002023077 0.999990880 0.003768139 -3.257540941 -0.004826987 -0.003777867 0.999981284 218.237533569
0.999993026 0.002302204 0.002942164 0.825879216 -0.002317218 0.999984324 0.005110179 -3.271126509 -0.002930353 -0.005116961 0.999982655 219.272979736
0.999996483 0.002505289 0.000857016 0.819030523 -0.002510285 0.999979615 0.005878816 -3.295994759 -0.000842269 -0.005880946 0.999982357 220.264923096
0.999995172 0.002536579 -0.001770093 0.811588287 -0.002527130 0.999982715 0.005320187 -3.308242798 0.001783558 -0.005315689 0.999984264 221.259033203
0.999984324 0.002872108 -0.004792773 0.803021431 -0.002846476 0.999981761 0.005346259 -3.324593306 0.004808038 -0.005332533 0.999974251 222.242660522
0.999964356 0.003477830 -0.007689468 0.792613745 -0.003432336 0.999976575 0.005921691 -3.341892004 0.007709883 -0.005895088 0.999952912 223.179367065
0.999938786 0.003832239 -0.010382976 0.773976564 -0.003772002 0.999976039 0.005814903 -3.360845566 0.010405010 -0.005775382 0.999929190 224.104049683
0.999902368 0.004100820 -0.013356159 0.755601645 -0.004036021 0.999979973 0.004874925 -3.370141983 0.013375883 -0.004820543 0.999898911 225.016357422
0.999854326 0.003685270 -0.016661022 0.736456394 -0.003618052 0.999985218 0.004062795 -3.384852171 0.016675746 -0.004001922 0.999852896 225.899475098
0.999798596 0.004383209 -0.019586125 0.711627007 -0.004296217 0.999980748 0.004481374 -3.412551880 0.019605389 -0.004396325 0.999798119 226.750488281
0.999738574 0.004896231 -0.022334978 0.683014393 -0.004812272 0.999981165 0.003811274 -3.426948071 0.022353217 -0.003702796 0.999743283 227.580718994
0.999675393 0.006436125 -0.024652459 0.652262688 -0.006345128 0.999972761 0.003767658 -3.443437576 0.024676044 -0.003610012 0.999688923 228.403381348
0.999644160 0.007130791 -0.025702409 0.631893635 -0.007024013 0.999966383 0.004242227 -3.456436157 0.025731793 -0.004060184 0.999660611 229.204513550
0.999645054 0.007791092 -0.025478762 0.608490944 -0.007660909 0.999957085 0.005203130 -3.472240686 0.025518209 -0.005006092 0.999661863 229.980926514
0.999651551 0.007567697 -0.025291344 0.588784695 -0.007424001 0.999955773 0.005770722 -3.485438347 0.025333896 -0.005580948 0.999663532 230.739807129
0.999669194 0.007292637 -0.024666056 0.564168453 -0.007163928 0.999960303 0.005302388 -3.499065399 0.024703754 -0.005123928 0.999681652 231.487106323
0.999674201 0.008180350 -0.024180640 0.542159557 -0.008096792 0.999960959 0.003551417 -3.511984825 0.024208747 -0.003354474 0.999701262 232.218353271
0.999689817 0.007965664 -0.023598999 0.526675701 -0.007933239 0.999967456 0.001467266 -3.525319099 0.023609919 -0.001279595 0.999720335 232.947998047
0.999721110 0.008237688 -0.022137446 0.503797054 -0.008235893 0.999966025 0.000172227 -3.539937973 0.022138115 0.000010143 0.999754906 233.673065186
0.999744713 0.008731224 -0.020837279 0.486767769 -0.008737722 0.999961793 -0.000220933 -3.553112507 0.020834552 0.000402947 0.999782860 234.405303955
0.999784946 0.008244185 -0.019028103 0.471594334 -0.008251890 0.999965906 -0.000326505 -3.567042828 0.019024760 0.000483453 0.999818921 235.126693726
0.999821126 0.008091263 -0.017092539 0.454754829 -0.008096238 0.999967158 -0.000221946 -3.584580898 0.017090185 0.000360292 0.999853849 235.834533691
0.999850810 0.008294073 -0.015153530 0.439216614 -0.008302179 0.999965429 -0.000472042 -3.597449303 0.015149090 0.000597778 0.999885082 236.553421021
0.999875367 0.007872798 -0.013689203 0.436525822 -0.007885119 0.999968588 -0.000846259 -3.610373020 0.013682110 0.000954094 0.999905944 237.262100220
0.999915719 0.008179677 -0.010079965 0.413767576 -0.008181696 0.999966562 -0.000158918 -3.626618385 0.010078324 0.000241376 0.999949157 237.974227905
0.999950588 0.006948760 -0.007108667 0.415880561 -0.006945064 0.999975741 0.000544581 -3.641983509 0.007112277 -0.000495184 0.999974549 238.675369263
0.999972820 0.006205758 -0.003990769 0.408808470 -0.006204884 0.999980867 0.000231220 -3.646892786 0.003992128 -0.000206451 0.999992013 239.368698120
0.999983191 0.005691038 -0.001144433 0.409633726 -0.005690699 0.999983907 0.000299132 -3.661475182 0.001146118 -0.000292614 0.999999285 240.067886353
0.999983966 0.005317046 0.001965086 0.407692015 -0.005317228 0.999985874 0.000087166 -3.675054789 -0.001964594 -0.000097613 0.999998033 240.751571655
0.999972880 0.005378097 0.005029145 0.408984125 -0.005377586 0.999985516 -0.000115030 -3.691120625 -0.005029691 0.000087983 0.999987304 241.451232910
0.999949038 0.006431120 0.007775171 0.414366722 -0.006421858 0.999978602 -0.001215545 -3.701072454 -0.007782822 0.001165552 0.999969065 242.141433716
0.999918222 0.006691173 0.010894740 0.418974638 -0.006671204 0.999976039 -0.001868236 -3.712233782 -0.010906979 0.001795402 0.999938905 242.830200195
0.999882221 0.006834629 0.013735302 0.427444935 -0.006827699 0.999976516 -0.000551399 -3.729474545 -0.013738748 0.000457554 0.999905467 243.531204224
0.999850035 0.007020839 0.015831579 0.439027071 -0.007021057 0.999975383 -0.000041867 -3.740636587 -0.015831482 -0.000069294 0.999874651 244.235534668
0.999805868 0.006839284 0.018475568 0.446499348 -0.006833046 0.999976635 -0.000400733 -3.752759218 -0.018477876 0.000274411 0.999829173 244.939376831
0.999759436 0.006892119 0.020820929 0.458860397 -0.006852888 0.999974549 -0.001954941 -3.763483763 -0.020833872 0.001811787 0.999781311 245.646270752
0.999715269 0.007193937 0.022756398 0.470263004 -0.007095357 0.999965191 -0.004409669 -3.774878979 -0.022787331 0.004246948 0.999731302 246.353927612
0.999711096 0.005639561 0.023363393 0.491801262 -0.005500278 0.999966741 -0.006021544 -3.788747549 -0.023396576 0.005891298 0.999708891 247.075332642
0.999704897 0.005255465 0.023718158 0.504539013 -0.005108704 0.999967456 -0.006244033 -3.803982019 -0.023750201 0.006121020 0.999699116 247.794906616
0.999711215 0.004559758 0.023593860 0.522922993 -0.004398998 0.999966919 -0.006861002 -3.820576906 -0.023624362 0.006755232 0.999698102 248.523605347
0.999699712 0.006227178 0.023702964 0.538253307 -0.006057162 0.999955416 -0.007237820 -3.834706783 -0.023746982 0.007092073 0.999692798 249.259994507
0.999692976 0.006496032 0.023913244 0.553045750 -0.006315915 0.999951124 -0.007599915 -3.849961042 -0.023961445 0.007446548 0.999685109 250.000961304
0.999688923 0.005630762 0.024296829 0.567527771 -0.005399728 0.999939680 -0.009563978 -3.868172646 -0.024349215 0.009429809 0.999659002 250.753677368
0.999693453 0.001850980 0.024686018 0.586939812 -0.001564673 0.999931335 -0.011612223 -3.886969328 -0.024705814 0.011570038 0.999627829 251.501007080
0.999682844 -0.001397150 0.025142478 0.609812737 0.001711575 0.999920547 -0.012488564 -3.902917862 -0.025123034 0.012527640 0.999605834 252.269180298
0.999667764 0.000979616 0.025755404 0.626366615 -0.000755685 0.999961793 -0.008702861 -3.917001724 -0.025762947 0.008680508 0.999630392 253.050094604
0.999640942 0.004788978 0.026361119 0.635042667 -0.004723708 0.999985635 -0.002537737 -3.931672096 -0.026372893 0.002412304 0.999649167 253.833175659
0.999627292 0.003882785 0.027018942 0.657137394 -0.003912796 0.999991775 0.001057975 -3.948950052 -0.027014611 -0.001163300 0.999634266 254.617080688
0.999561787 0.002812154 0.029470198 0.680754662 -0.002775639 0.999995351 -0.001279898 -3.958969593 -0.029473661 0.001197539 0.999564826 255.411727905
0.999436736 0.003789276 0.033344407 0.702628613 -0.003542218 0.999965847 -0.007465248 -3.969756842 -0.033371560 0.007342929 0.999416053 256.203125000
0.999282360 0.005900556 0.037414793 0.723319054 -0.005485641 0.999922395 -0.011182584 -3.981814861 -0.037477873 0.010969317 0.999237299 257.017791748
0.999153495 0.008158485 0.040319342 0.758230209 -0.007723766 0.999910414 -0.010925931 -3.999359846 -0.040404867 0.010605266 0.999127090 257.847015381
0.999040544 0.006557053 0.043299340 0.797363281 -0.006183155 0.999942422 -0.008763469 -4.015574455 -0.043354314 0.008487335 0.999023676 258.673461914
0.998919487 0.003230762 0.046361521 0.834315300 -0.002985312 0.999981165 -0.005362469 -4.037868023 -0.046377972 0.005218273 0.998910248 259.503784180
0.998785555 0.000273929 0.049268842 0.880050659 -0.000071167 0.999991477 -0.004117145 -4.054058075 -0.049269557 0.004108638 0.998777032 260.360961914
0.998622179 0.000606788 0.052473616 0.918228149 -0.000424281 0.999993801 -0.003489145 -4.071941853 -0.052475408 0.003462073 0.998616219 261.198608398
0.998501062 0.002492742 0.054676633 0.967618942 -0.002207711 0.999983609 -0.005272804 -4.092840195 -0.054688886 0.005144190 0.998490214 262.044311523
0.998354435 0.004232660 0.057188172 1.010146141 -0.003776559 0.999960184 -0.008081160 -4.102210045 -0.057220105 0.007851887 0.998330712 262.901458740
0.998203397 0.004753788 0.059726819 1.054833412 -0.004270051 0.999957025 -0.008224197 -4.119163990 -0.059763357 0.007954385 0.998180866 263.740570068
0.998026907 0.005304235 0.062562473 1.101997375 -0.004930526 0.999969065 -0.006126245 -4.140348911 -0.062593035 0.005805693 0.998022199 264.588897705
0.997825325 0.006306705 0.065613329 1.156354904 -0.006041027 0.999972761 -0.004246758 -4.166473866 -0.065638334 0.003841150 0.997836113 265.454315186
0.997621179 0.006811067 0.068597682 1.207782745 -0.006526221 0.999969125 -0.004375657 -4.183578491 -0.068625368 0.003917564 0.997634828 266.297912598
0.997446060 0.007542066 0.071025074 1.270181656 -0.007182345 0.999960065 -0.005318726 -4.193446159 -0.071062349 0.004795016 0.997460425 267.147064209
0.997262359 0.005583195 0.073732689 1.333232880 -0.005199537 0.999971926 -0.005394285 -4.218432426 -0.073760733 0.004996142 0.997263432 268.017608643
0.997158349 0.002663940 0.075286768 1.399980545 -0.002322033 0.999986589 -0.004628562 -4.235393047 -0.075298078 0.004440591 0.997151196 268.863067627
0.997092664 0.001863067 0.076175824 1.464883804 -0.001483739 0.999986231 -0.005035930 -4.250465870 -0.076184154 0.004908265 0.997081637 269.719390869
0.997032225 0.000781161 0.076981917 1.523702621 -0.000400387 0.999987543 -0.004961587 -4.270945549 -0.076984830 0.004916038 0.997020304 270.576263428
0.997045457 0.001057101 0.076806724 1.595800400 -0.000684738 0.999987900 -0.004874215 -4.286898136 -0.076810941 0.004807221 0.997034132 271.427978516
0.997039497 0.000582664 0.076889984 1.647607803 -0.000275406 0.999991953 -0.004006606 -4.309068680 -0.076891690 0.003973568 0.997031569 272.290802002
0.997055650 0.001653287 0.076663956 1.715051651 -0.001353639 0.999991238 -0.003960385 -4.321977615 -0.076669842 0.003844949 0.997049153 273.158294678
0.997195244 0.001290151 0.074833117 1.783622742 -0.000933825 0.999988019 -0.004796406 -4.338935375 -0.074838430 0.004713072 0.997184575 274.014343262
0.997267485 0.001240563 0.073864467 1.835807800 -0.000841408 0.999984801 -0.005434766 -4.364238262 -0.073870078 0.005357765 0.997253478 274.888671875
0.997406840 0.001719063 0.071948387 1.898576736 -0.001264141 0.999978900 -0.006367964 -4.379934788 -0.071957804 0.006260498 0.997388005 275.748626709
0.997502267 0.002716355 0.070581324 1.950866699 -0.002270892 0.999976993 -0.006390821 -4.405575275 -0.070597053 0.006214575 0.997485578 276.600738525
0.997614443 0.003700452 0.068931654 2.005638123 -0.003246797 0.999972343 -0.006692089 -4.423752785 -0.068954512 0.006452319 0.997598946 277.458923340
0.997772753 0.004477433 0.066553876 2.063053131 -0.004080252 0.999972999 -0.006102547 -4.441168308 -0.066579409 0.005817399 0.997764111 278.317077637
0.997949183 0.004200522 0.063873120 2.108064651 -0.003905454 0.999981105 -0.004743750 -4.459891796 -0.063891843 0.004484568 0.997946680 279.168640137
0.998204172 0.003626136 0.059794459 2.155304909 -0.003485172 0.999990880 -0.002461619 -4.472492218 -0.059802838 0.002248804 0.998207688 280.011413574
0.998499751 0.002020547 0.054719832 2.205483437 -0.001995991 0.999997854 -0.000503426 -4.496706963 -0.054720730 0.000393451 0.998501658 280.863250732
0.998753011 0.001531275 0.049902055 2.243508339 -0.001559086 0.999998629 0.000518389 -4.508204460 -0.049901191 -0.000595545 0.998754025 281.697357178
0.998988569 0.001532493 0.044938520 2.276763916 -0.001573854 0.999998391 0.000885037 -4.522800922 -0.044937078 -0.000954868 0.998989344 282.516326904
0.999173701 0.000411390 0.040640868 2.305737495 -0.000494236 0.999997795 0.002028478 -4.542500496 -0.040639944 -0.002046888 0.999171734 283.335296631
0.999353290 -0.000676791 0.035948072 2.329590797 0.000596467 0.999997377 0.002245125 -4.556802273 -0.035949495 -0.002222231 0.999351144 284.138763428
0.999491692 -0.000838866 0.031868245 2.351740360 0.000778678 0.999997914 0.001901004 -4.572668552 -0.031869765 -0.001875223 0.999490261 284.929412842
0.999612391 -0.000418259 0.027837334 2.372080326 0.000371612 0.999998510 0.001680870 -4.586707115 -0.027837997 -0.001669875 0.999611080 285.705383301
0.999712706 -0.000315832 0.023962514 2.384978771 0.000277216 0.999998689 0.001614819 -4.600958347 -0.023962991 -0.001607713 0.999711514 286.453613281
