1.000000000 -0.000000000 0.000000000 0.000000000 -0.000000000 1.000000000 0.000000000 0.000000000 0.000000000 0.000000000 1.000000000 0.000000000
0.999997318 0.001041065 0.002068865 -0.009312394 -0.001038841 0.999998868 -0.001075466 -0.016913425 -0.002069983 0.001073314 0.999997258 1.206120610
0.999981165 0.001956073 0.005809647 -0.048480302 -0.001951185 0.999997735 -0.000846961 -0.035092335 -0.005811290 0.000835610 0.999982715 2.410688400
0.999974072 0.001567313 0.007023394 -0.048052207 -0.001563320 0.999998569 -0.000574087 -0.053792473 -0.007024284 0.000563092 0.999975085 3.605702877
0.999967158 0.001353937 0.007978663 -0.043183792 -0.001348176 0.999998927 -0.000727314 -0.073429063 -0.007979639 0.000716534 0.999967873 4.801575661
0.999959409 0.001203053 0.008918536 -0.040732998 -0.001198730 0.999999166 -0.000490070 -0.097444706 -0.008919119 0.000479360 0.999960124 6.003792763
0.999954283 0.001440725 0.009441243 -0.032826278 -0.001427107 0.999997914 -0.001448966 -0.120129481 -0.009443310 0.001435426 0.999954402 7.206110001
0.999942064 0.001553815 0.010660716 -0.033325594 -0.001536866 0.999997556 -0.001597943 -0.144064590 -0.010663172 0.001581466 0.999941885 8.383195877
0.999940276 0.001206311 0.010861988 -0.028148375 -0.001204140 0.999999225 -0.000206399 -0.165529564 -0.010862229 0.000193308 0.999940932 9.582911491
0.999954224 0.000771799 0.009541089 -0.024148788 -0.000780981 0.999999285 0.000958640 -0.190296054 -0.009540343 -0.000966047 0.999953985 10.773232460
0.999972105 -0.000909976 0.007427085 -0.025145326 0.000907586 0.999999523 0.000325127 -0.209517241 -0.007427379 -0.000318378 0.999972284 11.976686478
0.999983132 -0.000493479 0.005784191 -0.030990697 0.000494548 0.999999821 -0.000183281 -0.226798564 -0.005784100 0.000186138 0.999983191 13.172591209
0.999990880 -0.000684219 0.004198960 -0.025054879 0.000685383 0.999999642 -0.000275948 -0.251446813 -0.004198771 0.000278823 0.999991119 14.369771004
0.999993503 0.000803105 0.003497361 -0.031050308 -0.000801559 0.999999523 -0.000443396 -0.272864997 -0.003497716 0.000440590 0.999993801 15.568347931
0.999995112 0.000612682 0.003096238 -0.034459561 -0.000611461 0.999999702 -0.000395097 -0.292345554 -0.003096479 0.000393202 0.999995172 16.770029068
0.999997973 -0.000208627 0.002020856 -0.031439520 0.000208974 0.999999940 -0.000171613 -0.311291933 -0.002020820 0.000172035 0.999997973 17.955886841
0.999998212 -0.000234957 0.001886020 -0.038776904 0.000234028 0.999999821 0.000492441 -0.339066952 -0.001886135 -0.000491998 0.999998093 19.158113480
0.999999642 0.000103220 0.000740830 -0.040226039 -0.000103030 0.999999881 -0.000257053 -0.362547964 -0.000740856 0.000256977 0.999999642 20.352977753
0.999999523 -0.000082660 0.000999131 -0.059214000 0.000083832 0.999999285 -0.001172692 -0.386614382 -0.000999033 0.001172775 0.999998808 21.555463791
0.999999464 0.001093394 0.000188455 -0.063007623 -0.001093277 0.999999225 -0.000615828 -0.406499714 -0.000189127 0.000615622 0.999999821 22.751150131
0.999999940 0.000329180 -0.000210603 -0.081616238 -0.000329338 0.999999762 -0.000749838 -0.432879359 0.000210356 0.000749907 0.999999702 23.944313049
0.999999225 0.000472414 -0.001171623 -0.089909561 -0.000474032 0.999998927 -0.001380802 -0.454606533 0.001170970 0.001381357 0.999998391 25.137866974
0.999997675 0.000683304 -0.002046210 -0.099914357 -0.000684211 0.999999642 -0.000442570 -0.483307570 0.002045907 0.000443969 0.999997795 26.326156616
0.999995887 -0.000978040 -0.002717579 -0.109444007 0.000981560 0.999998629 0.001294186 -0.503699243 0.002716310 -0.001296848 0.999995410 27.530097961
0.999992251 -0.000927522 -0.003822757 -0.114971116 0.000932689 0.999998569 0.001350159 -0.525542319 0.003821499 -0.001353714 0.999991775 28.719789505
0.999986887 -0.001688932 -0.004827867 -0.124971390 0.001692300 0.999998271 0.000693622 -0.548467219 0.004826688 -0.000701783 0.999988079 29.919736862
0.999982834 -0.001878363 -0.005555510 -0.133446157 0.001875674 0.999998033 -0.000489131 -0.564861715 0.005556418 0.000478702 0.999984503 31.115564346
0.999978721 -0.001416360 -0.006368470 -0.146899968 0.001413822 0.999998927 -0.000402992 -0.584504008 0.006369034 0.000393979 0.999979675 32.309291840
0.999972522 -0.001634003 -0.007230766 -0.158779874 0.001635312 0.999998689 0.000175162 -0.606008053 0.007230468 -0.000186982 0.999973953 33.515682220
0.999969423 -0.002165294 -0.007527979 -0.172451541 0.002166690 0.999997616 0.000177257 -0.623278558 0.007527577 -0.000193562 0.999971628 34.711673737
0.999961317 -0.002854216 -0.008323419 -0.180961654 0.002858785 0.999995768 0.000537155 -0.649402916 0.008321851 -0.000560929 0.999965191 35.911476135
0.999959052 -0.002707381 -0.008625468 -0.199775383 0.002708733 0.999996305 0.000145086 -0.666971028 0.008625042 -0.000168444 0.999962807 37.103126526
0.999957561 -0.003593470 -0.008476388 -0.214913443 0.003601735 0.999993026 0.000960188 -0.689804077 0.008472878 -0.000990677 0.999963701 38.302112579
0.999960661 -0.003246733 -0.008256682 -0.237708062 0.003264708 0.999992311 0.002164377 -0.709381700 0.008249595 -0.002191248 0.999963582 39.511638641
0.999959290 -0.002760585 -0.008580766 -0.248199105 0.002782971 0.999992669 0.002598007 -0.721528471 0.008573532 -0.002621781 0.999959826 40.715072632
0.999962151 -0.002038269 -0.008468690 -0.262978971 0.002057355 0.999995351 0.002245547 -0.742353439 0.008464075 -0.002262885 0.999961674 41.911094666
0.999967456 -0.000980750 -0.008011332 -0.286244005 0.000999596 0.999996662 0.002348719 -0.763213694 0.008009004 -0.002356651 0.999965191 43.095458984
0.999968469 0.001368498 -0.007830122 -0.293930531 -0.001336400 0.999990642 0.004103074 -0.779406905 0.007835665 -0.004092481 0.999960959 44.306213379
0.999981105 0.001484988 -0.005957070 -0.313340515 -0.001442535 0.999973595 0.007124618 -0.793156922 0.005967492 -0.007115891 0.999956906 45.501544952
0.999990225 0.002120135 -0.003876718 -0.329660267 -0.002080253 0.999945164 0.010262659 -0.809109628 0.003898263 -0.010254495 0.999939740 46.698616028
0.999993086 0.002462776 -0.002774804 -0.333423108 -0.002425091 0.999905825 0.013503605 -0.814835250 0.002807799 -0.013496782 0.999904990 47.902313232
0.999997795 0.001353272 -0.001612694 -0.341098607 -0.001329573 0.999892354 0.014607202 -0.821692526 0.001632289 -0.014605024 0.999891937 49.111427307
0.999999821 0.000094720 0.000807481 -0.354007453 -0.000105333 0.999913514 0.013153217 -0.823180437 -0.000806166 -0.013153299 0.999913156 50.316093445
0.999997735 0.001101094 0.001834339 -0.356441408 -0.001122304 0.999932110 0.011602210 -0.830098689 -0.001821440 -0.011604243 0.999930978 51.530982971
0.999995232 0.001049761 0.002956340 -0.366984606 -0.001082259 0.999938786 0.011012263 -0.837282479 -0.002944599 -0.011015410 0.999935031 52.709171295
0.999995649 0.000935528 0.002809416 -0.367205888 -0.000964770 0.999945164 0.010425257 -0.841693223 -0.002799510 -0.010427921 0.999941766 53.914585114
0.999997258 0.000831294 0.002235811 -0.373248965 -0.000851935 0.999956846 0.009246894 -0.848667622 -0.002228028 -0.009248773 0.999954820 55.129085541
0.999999523 0.000371937 0.000822709 -0.379787505 -0.000379999 0.999951720 0.009820682 -0.857160389 -0.000819016 -0.009820990 0.999951422 56.299678802
0.999999762 0.000272383 -0.000689060 -0.383610487 -0.000264741 0.999938846 0.011065742 -0.865152240 0.000692033 -0.011065556 0.999938548 57.503658295
0.999999106 0.000208167 -0.001313030 -0.396307677 -0.000193056 0.999933839 0.011497829 -0.877673626 0.001315338 -0.011497565 0.999933004 58.701194763
0.999996185 0.001068333 -0.002558111 -0.402759492 -0.001039131 0.999934554 0.011389488 -0.884980738 0.002570112 -0.011386787 0.999931812 59.895263672
0.999994934 0.001447163 -0.002840259 -0.418561041 -0.001415359 0.999936640 0.011167882 -0.895161748 0.002856239 -0.011163803 0.999933541 61.104373932
0.999996245 0.000473854 -0.002705156 -0.428233832 -0.000445214 0.999943972 0.010577941 -0.901105285 0.002710015 -0.010576694 0.999940395 62.300720215
0.999995530 -0.000179714 -0.002985663 -0.436038405 0.000208692 0.999952793 0.009707944 -0.914443672 0.002983778 -0.009708519 0.999948382 63.506786346
0.999994159 -0.000629496 -0.003361478 -0.442989826 0.000666309 0.999939680 0.010961394 -0.923555493 0.003354377 -0.010963568 0.999934196 64.709167480
0.999993503 -0.001431725 -0.003285971 -0.456861645 0.001472429 0.999921799 0.012418484 -0.932321012 0.003267935 -0.012423243 0.999917448 65.912010193
0.999993324 -0.000656939 -0.003584063 -0.471423596 0.000695636 0.999941289 0.010806419 -0.941378057 0.003576754 -0.010808841 0.999935150 67.110038757
0.999993384 0.001296696 -0.003397298 -0.487510949 -0.001263909 0.999952734 0.009635540 -0.949652255 0.003409632 -0.009631181 0.999947846 68.307510376
0.999989152 0.003207159 -0.003360758 -0.498823494 -0.003173661 0.999945700 0.009925896 -0.960623443 0.003392409 -0.009915124 0.999945045 69.502136230
0.999980807 0.005260791 -0.003264901 -0.511418700 -0.005227018 0.999933600 0.010268012 -0.970593870 0.003318701 -0.010250750 0.999941885 70.691879272
0.999973834 0.006636662 -0.002871519 -0.526032567 -0.006605407 0.999920309 0.010760829 -0.980335772 0.002942705 -0.010741577 0.999937892 71.888244629
0.999973416 0.007062994 -0.001807913 -0.538063169 -0.007041248 0.999906003 0.011764438 -0.989226341 0.001890834 -0.011751395 0.999929070 73.083679199
0.999961674 0.008751403 -0.000415112 -0.538989544 -0.008745479 0.999882400 0.012598390 -0.996476710 0.000525316 -0.012594274 0.999920547 74.275909424
0.999968588 0.007547251 0.002415802 -0.539619684 -0.007571597 0.999918997 0.010232532 -1.007972360 -0.002338378 -0.010250502 0.999944746 75.447196960
0.999974430 0.004916785 0.005208400 -0.540444255 -0.004943072 0.999975145 0.005046258 -1.017443299 -0.005183458 -0.005071874 0.999973714 76.621719360
0.999952197 0.005997336 0.007722323 -0.535441399 -0.006033060 0.999971211 0.004610875 -1.030888200 -0.007694448 -0.004657243 0.999959469 77.804939270
0.999936044 0.004791095 0.010244152 -0.525868952 -0.004877794 0.999952495 0.008455058 -1.047407985 -0.010203154 -0.008504485 0.999911726 78.987602234
0.999896586 0.004800002 0.013554992 -0.514140248 -0.004930594 0.999941587 0.009617305 -1.057720423 -0.013508037 -0.009683145 0.999861896 80.164703369
0.999829233 0.005013746 0.017788120 -0.501610935 -0.005154481 0.999955714 0.007874743 -1.068297505 -0.017747851 -0.007965089 0.999810755 81.331794739
0.999760985 0.003957659 0.021502079 -0.483453304 -0.004061439 0.999980330 0.004785013 -1.082076669 -0.021482719 -0.004871199 0.999757349 82.493751526
0.999687493 0.002600788 0.024864605 -0.457777470 -0.002634762 0.999995589 0.001333719 -1.098604560 -0.024861027 -0.001398814 0.999689937 83.656394958
0.999593616 0.002177942 0.028425908 -0.428807855 -0.002191492 0.999997556 0.000445512 -1.117041349 -0.028424866 -0.000507626 0.999595881 84.811172485
0.999487817 0.001884440 0.031945542 -0.396694213 -0.001956448 0.999995649 0.002222968 -1.138311625 -0.031941205 -0.002284329 0.999487162 85.981147766
0.999353290 0.003310191 0.035803780 -0.367306739 -0.003416767 0.999989986 0.002915867 -1.161593556 -0.035793763 -0.003036314 0.999354601 87.146781921
0.999212444 0.002609268 0.039593007 -0.324654818 -0.002630057 0.999996424 0.000472993 -1.178317308 -0.039591640 -0.000576753 0.999215782 88.296882629
0.999081135 0.002372065 0.042793315 -0.279679954 -0.002298512 0.999995828 -0.001767894 -1.199039936 -0.042797331 0.001667909 0.999082386 89.445877075
0.998936474 0.002651699 0.046032485 -0.232818037 -0.002556457 0.999994457 -0.002127757 -1.217300892 -0.046037868 0.002007814 0.998937607 90.610977173
0.998793125 0.001994223 0.049075201 -0.182258099 -0.001943013 0.999997437 -0.001091183 -1.234760880 -0.049077254 0.000994511 0.998794436 91.766838074
0.998656809 0.000642820 0.051807784 -0.129134282 -0.000671676 0.999999642 0.000539579 -1.259403467 -0.051807415 -0.000573652 0.998656929 92.926513672
0.998520195 -0.000122335 0.054382093 -0.066780195 -0.000003102 0.999997258 0.002306502 -1.277653456 -0.054382227 -0.002303258 0.998517513 94.088592529
0.998391986 -0.001608193 0.056664757 0.001685927 0.001423594 0.999993563 0.003297963 -1.294352531 -0.056669690 -0.003211992 0.998387873 95.249198914
0.998235583 -0.002720559 0.059315324 0.054082461 0.002668384 0.999995947 0.000958796 -1.311523914 -0.059317697 -0.000798829 0.998238802 96.396430969
0.998122990 -0.004431010 0.061080392 0.132400051 0.004598236 0.999986053 -0.002597532 -1.330959558 -0.061068039 0.002873518 0.998129368 97.550506592
0.997961760 -0.003129262 0.063738003 0.192613736 0.003478835 0.999979496 -0.005374289 -1.350330710 -0.063719891 0.005585070 0.997952163 98.716354370
0.997857451 -0.003031892 0.065355122 0.267065167 0.003452570 0.999974072 -0.006324835 -1.370932341 -0.065334260 0.006536927 0.997842014 99.894630432
0.997815490 -0.003045715 0.065992072 0.335541725 0.003430540 0.999977767 -0.005718844 -1.397070885 -0.065973192 0.005932739 0.997803688 101.073310852
0.997875929 -0.002841201 0.065081559 0.409945488 0.003090879 0.999988258 -0.003736019 -1.421611190 -0.065070197 0.003929242 0.997872889 102.261795044
0.997958601 -0.003391742 0.063776135 0.486759722 0.003558443 0.999990523 -0.002500433 -1.442192554 -0.063767068 0.002722272 0.997961104 103.459663391
0.998077333 -0.002748416 0.061920404 0.551864624 0.002857913 0.999994576 -0.001679859 -1.461185575 -0.061915454 0.001853593 0.998079658 104.648040771
0.998229444 -0.002765996 0.059415918 0.621053040 0.002850221 0.999994993 -0.001332851 -1.480796933 -0.059411939 0.001499839 0.998232424 105.859382629
0.998402238 -0.002152058 0.056464188 0.675412714 0.002236961 0.999996424 -0.001440500 -1.498947501 -0.056460887 0.001564507 0.998403549 107.056358337
0.998610318 -0.000958334 0.052691106 0.736199915 0.001057141 0.999997735 -0.001847389 -1.521023154 -0.052689210 0.001900524 0.998609126 108.270072937
0.998819411 -0.000603953 0.048572853 0.793654978 0.000670311 0.999998987 -0.001349881 -1.540663600 -0.048571978 0.001380847 0.998818696 109.484573364
0.998995364 -0.000180504 0.044813085 0.835404873 0.000196294 0.999999940 -0.000347956 -1.564038277 -0.044813018 0.000356403 0.998995364 110.695648193
0.999178410 0.000425159 0.040526632 0.874785781 -0.000444894 0.999999762 0.000477952 -1.585637331 -0.040526420 -0.000495589 0.999178410 111.901657104
0.999342978 0.000426645 0.036242634 0.911802173 -0.000469368 0.999999166 0.001170288 -1.606656551 -0.036242105 -0.001186530 0.999342382 113.126419067
0.999508798 0.001259672 0.031316720 0.943192601 -0.001296681 0.999998510 0.001161516 -1.621186614 -0.031315211 -0.001201554 0.999508858 114.336807251
0.999652445 0.001460229 0.026322683 0.972945809 -0.001490668 0.999998271 0.001136828 -1.640922666 -0.026320972 -0.001175671 0.999652863 115.583145142
0.999759078 0.001808794 0.021880317 0.985704184 -0.001825470 0.999998152 0.000742168 -1.656266928 -0.021878932 -0.000781931 0.999760330 116.809303284
0.999850392 0.002838929 0.017061856 1.000389099 -0.002841820 0.999995947 0.000145204 -1.677896738 -0.017061377 -0.000193669 0.999854386 118.030990601
0.999897897 0.004798448 0.013457955 1.012847662 -0.004799690 0.999988496 0.000060003 -1.695987105 -0.013457512 -0.000124590 0.999909401 119.265762329
0.999913335 0.006560062 0.011417795 1.015605211 -0.006563428 0.999978483 0.000257332 -1.717024565 -0.011415861 -0.000332250 0.999934733 120.489143372
0.999913335 0.008066150 0.010402962 1.018738627 -0.008064012 0.999967575 -0.000247239 -1.737883568 -0.010404618 0.000163328 0.999945879 121.751113892
0.999901354 0.010564194 0.009263215 1.020773411 -0.010564413 0.999944270 -0.000025236 -1.756176710 -0.009262967 -0.000072627 0.999957085 122.987747192
0.999899983 0.011470680 0.008269362 1.026789427 -0.011478515 0.999933660 0.000900905 -1.776000381 -0.008258479 -0.000995736 0.999965370 124.234642029
0.999908090 0.011085316 0.007803079 1.027381539 -0.011095177 0.999937713 0.001221769 -1.791555047 -0.007789048 -0.001308233 0.999968767 125.483222961
0.999870360 0.014665647 0.006651629 1.031200647 -0.014688573 0.999886274 0.003410905 -1.809702516 -0.006600850 -0.003508165 0.999971986 126.735092163
0.999852002 0.015964154 0.006407490 1.023352981 -0.016005689 0.999850869 0.006483941 -1.824086189 -0.006303023 -0.006585539 0.999958456 127.963546753
0.999876440 0.014658593 0.005670567 1.029247999 -0.014691989 0.999874711 0.005892764 -1.836076856 -0.005583475 -0.005975348 0.999966621 129.219177246
0.999886096 0.014310960 0.004783284 1.031525373 -0.014332599 0.999887049 0.004520146 -1.848109722 -0.004718056 -0.004588189 0.999978364 130.463211060
0.999915838 0.011956459 0.005039958 1.021840096 -0.011983500 0.999913752 0.005369463 -1.856140137 -0.004975323 -0.005429409 0.999972880 131.742706299
0.999948323 0.009485735 0.003660058 1.029721975 -0.009512990 0.999926567 0.007502222 -1.871364474 -0.003588626 -0.007536652 0.999965191 132.998260498
0.999973834 0.006351409 0.003477139 1.032980680 -0.006383520 0.999936461 0.009303176 -1.883625031 -0.003417829 -0.009325129 0.999950707 134.260467529
0.999986231 0.004384751 0.002891399 1.036552668 -0.004414619 0.999936104 0.010405887 -1.891968012 -0.002845586 -0.010418507 0.999941707 135.527786255
0.999995291 -0.000338845 0.003093001 1.041162133 0.000313029 0.999965072 0.008343009 -1.898926020 -0.003095722 -0.008342000 0.999960363 136.806045532
0.999992251 -0.002432638 0.003102694 1.043452382 0.002409190 0.999968708 0.007538723 -1.908997416 -0.003120936 -0.007531189 0.999966741 138.077392578
0.999987006 -0.004007469 0.003175163 1.044929624 0.003983229 0.999963164 0.007603769 -1.924825430 -0.003205519 -0.007591022 0.999966025 139.340881348
0.999985397 -0.003174247 0.004372298 1.040508032 0.003142138 0.999968290 0.007330566 -1.927538276 -0.004395429 -0.007316722 0.999963582 140.636901855
0.999986291 -0.002926945 0.004349379 1.046315670 0.002885069 0.999949753 0.009603324 -1.941904902 -0.004377269 -0.009590644 0.999944448 141.909881592
0.999985099 -0.000523099 0.005433410 1.044527650 0.000463133 0.999938965 0.011031926 -1.951271772 -0.005438850 -0.011029247 0.999924362 143.212753296
0.999981523 -0.000577443 0.006049836 1.045766473 0.000521217 0.999956667 0.009291213 -1.959551454 -0.006054939 -0.009287889 0.999938548 144.488021851
0.999980330 -0.000431944 0.006257053 1.049980879 0.000384112 0.999970675 0.007643661 -1.975486159 -0.006260172 -0.007641108 0.999951184 145.758590698
0.999975741 -0.000554911 0.006948577 1.049134612 0.000520793 0.999987781 0.004910911 -1.985691547 -0.006951217 -0.004907173 0.999963760 147.031646729
0.999973774 -0.001404197 0.007115213 1.057828307 0.001395989 0.999998331 0.001158400 -2.008634329 -0.007116829 -0.001148438 0.999974012 148.290649414
0.999969602 -0.001114945 0.007715611 1.058870554 0.001133777 0.999996305 -0.002436886 -2.031916380 -0.007712866 0.002445559 0.999967277 149.565246582
0.999969363 -0.001814550 0.007617908 1.066314936 0.001839164 0.999993086 -0.003225366 -2.057053328 -0.007612003 0.003239277 0.999965727 150.840682983
0.999966800 -0.001934830 0.007930033 1.070290446 0.001959592 0.999993205 -0.003116061 -2.083327055 -0.007923951 0.003131497 0.999963641 152.108367920
0.999969006 -0.001055657 0.007806666 1.072959661 0.001076566 0.999995828 -0.002674641 -2.108299255 -0.007803810 0.002682962 0.999965906 153.372451782
0.999970198 -0.000454602 0.007695084 1.077678442 0.000468172 0.999998331 -0.001761670 -2.129762411 -0.007694270 0.001765220 0.999968827 154.624282837
0.999974370 0.000204965 0.007145733 1.083726168 -0.000199875 0.999999702 -0.000712958 -2.157598495 -0.007145877 0.000711512 0.999974191 155.893325806
0.999977112 -0.000146638 0.006749087 1.086648464 0.000156484 0.999998927 -0.001458380 -2.178933144 -0.006748865 0.001459404 0.999976099 157.157806396
0.999981523 0.000337547 0.006047973 1.083437443 -0.000329743 0.999999046 -0.001291224 -2.200670719 -0.006048404 0.001289206 0.999980807 158.425048828
0.999985635 -0.000111086 0.005351982 1.092905998 0.000111745 1.000000000 -0.000122634 -2.225079060 -0.005351968 0.000123230 0.999985635 159.700851440
0.999987841 0.000849535 0.004855524 1.086606264 -0.000851823 0.999999523 0.000469015 -2.249412537 -0.004855123 -0.000473146 0.999988079 160.949737549
0.999990344 0.001412105 0.004165871 1.092518926 -0.001408262 0.999998569 -0.000925301 -2.268222094 -0.004167172 0.000919425 0.999990940 162.225402832
0.999992728 0.001638087 0.003464845 1.089583874 -0.001631211 0.999996781 -0.001986216 -2.294270277 -0.003468087 0.001980549 0.999992073 163.492355347
0.999991000 0.002840677 0.003155440 1.079374671 -0.002835348 0.999994516 -0.001692241 -2.322878599 -0.003160231 0.001683279 0.999993563 164.748962402
0.999993443 0.002795966 0.002303038 1.074695826 -0.002789826 0.999992549 -0.002665126 -2.345521927 -0.002310472 0.002658683 0.999993801 166.024520874
0.999994338 0.002957312 0.001629847 1.072573662 -0.002951293 0.999988794 -0.003683173 -2.371424913 -0.001640721 0.003678341 0.999991834 167.287765503
0.999993861 0.003341528 0.001136542 1.065239429 -0.003337494 0.999988198 -0.003533195 -2.393562555 -0.001148335 0.003529379 0.999993145 168.562271118
0.999993324 0.003621581 0.000478186 1.057832956 -0.003620608 0.999991417 -0.002021505 -2.421900034 -0.000485502 0.002019760 0.999997854 169.839950562
0.999995649 0.002910334 -0.000526482 1.057675838 -0.002911204 0.999994397 -0.001657994 -2.444916725 0.000521653 0.001659520 0.999998450 171.109207153
0.999990940 0.004124476 -0.000997837 1.044998884 -0.004126039 0.999990225 -0.001568935 -2.466769934 0.000991356 0.001573038 0.999998212 172.372436523
0.999987543 0.004656846 -0.001748236 1.033892035 -0.004658796 0.999988556 -0.001113089 -2.491428852 0.001743032 0.001121221 0.999997795 173.644668579
0.999985278 0.004854500 -0.002423220 1.024134994 -0.004859733 0.999985814 -0.002158249 -2.516168118 0.002412708 0.002169993 0.999994755 174.930450439
0.999981284 0.005478409 -0.002718440 1.012683630 -0.005485636 0.999981463 -0.002658072 -2.538550138 0.002703828 0.002672934 0.999992728 176.175262451
0.999982595 0.005092661 -0.002986338 1.003323674 -0.005099973 0.999984086 -0.002445816 -2.562285423 0.002973835 0.002461003 0.999992490 177.443908691
0.999979436 0.005480330 -0.003329809 0.997233570 -0.005493117 0.999977589 -0.003843291 -2.582571745 0.003308672 0.003861503 0.999987006 178.684829712
0.999987423 0.003878252 -0.003212654 0.976250410 -0.003895011 0.999978781 -0.005226403 -2.610810757 0.003192314 0.005238850 0.999981105 179.968429565
0.999992847 0.001008517 -0.003647509 0.968371272 -0.001026753 0.999987066 -0.005001327 -2.637579203 0.003642417 0.005005037 0.999980807 181.236816406
0.999991894 0.001214162 -0.003860089 0.959811091 -0.001219205 0.999998391 -0.001304369 -2.664194345 0.003858497 0.001309065 0.999991655 182.497817993
0.999992013 0.000639717 -0.003927678 0.947381437 -0.000627592 0.999994993 0.003087425 -2.687365055 0.003929632 -0.003084936 0.999987483 183.765228271
0.999992013 0.001448961 -0.003712321 0.935361981 -0.001440258 0.999996185 0.002345813 -2.704353094 0.003715706 -0.002340447 0.999990284 185.019393921
0.999991059 0.003133927 -0.002823547 0.912818134 -0.003136646 0.999994576 -0.000959109 -2.723089933 0.002820527 0.000967957 0.999995470 186.265197754
0.999988019 0.003164270 -0.003735117 0.905692518 -0.003173966 0.999991596 -0.002592848 -2.749821186 0.003726881 0.002604672 0.999989629 187.511657715
0.999985576 0.003381538 -0.004195301 0.896832883 -0.003391721 0.999991238 -0.002422615 -2.773077250 0.004187074 0.002436809 0.999988258 188.760681152
0.999989629 0.002564320 -0.003757353 0.884130359 -0.002568796 0.999996006 -0.001187026 -2.799138546 0.003754294 0.001196666 0.999992132 190.017639160
0.999988556 0.002962355 -0.003753178 0.873480141 -0.002958622 0.999995112 0.000999975 -2.823388100 0.003756122 -0.000988859 0.999992430 191.263565063
0.999994278 0.002069509 -0.002682413 0.861607432 -0.002064484 0.999996245 0.001874867 -2.847993135 0.002686281 -0.001869319 0.999994636 192.513198853
0.999997020 0.002080605 -0.001355524 0.854095638 -0.002079029 0.999997199 0.001163288 -2.867913723 0.001357940 -0.001160466 0.999998391 193.755187988
0.999999285 0.001245314 0.000123640 0.847008228 -0.001245244 0.999999106 -0.000562420 -2.888865709 -0.000124341 0.000562266 0.999999821 194.986907959
0.999999106 0.000622603 0.001206641 0.849309742 -0.000620385 0.999998093 -0.001838472 -2.915182114 -0.001207781 0.001837722 0.999997616 196.223861694
0.999996245 0.000113196 0.002741861 0.846317828 -0.000106664 0.999997139 -0.002382495 -2.940122604 -0.002742124 0.002382193 0.999993443 197.447113037
0.999991834 0.000161641 0.004037906 0.846271336 -0.000154831 0.999998569 -0.001686782 -2.964698076 -0.004038174 0.001686143 0.999990463 198.660461426
0.999985695 -0.000039169 0.005338911 0.848826230 0.000039124 1.000000000 0.000008599 -2.988192320 -0.005338910 -0.000008390 0.999985695 199.894897461
0.999980807 0.001077327 0.006112544 0.850654542 -0.001080618 0.999999344 0.000535128 -3.014042616 -0.006111964 -0.000541723 0.999981165 201.107955933
0.999970317 0.000768013 0.007652934 0.850973189 -0.000771558 0.999999583 0.000460407 -3.034570217 -0.007652577 -0.000466298 0.999970615 202.322738647
0.999962986 0.000690710 0.008573497 0.853544056 -0.000693686 0.999999642 0.000344188 -3.050339460 -0.008573256 -0.000350122 0.999963224 203.533218384
0.999952912 0.000730693 0.009675015 0.861848891 -0.000739208 0.999999344 0.000876500 -3.080466747 -0.009674368 -0.000883611 0.999952793 204.723785400
0.999945581 0.001242714 0.010360391 0.870397210 -0.001248953 0.999999106 0.000595723 -3.100857258 -0.010359641 -0.000608630 0.999946117 205.923004150
0.999932945 0.001056607 0.011527189 0.868361413 -0.001064441 0.999999166 0.000673453 -3.124840260 -0.011526468 -0.000685678 0.999933302 207.097259521
0.999928534 -0.000064649 0.011956467 0.879730523 0.000059804 0.999999940 0.000405558 -3.140161276 -0.011956492 -0.000404814 0.999928415 208.260391235
0.999925256 -0.000327816 0.012227205 0.885169566 0.000305761 0.999998331 0.001805636 -3.170003176 -0.012227775 -0.001801762 0.999923646 209.414260864
0.999926150 -0.000560760 0.012137672 0.893212736 0.000531373 0.999996841 0.002424188 -3.188678741 -0.012138993 -0.002417560 0.999923408 210.541213989
0.999930501 -0.000463090 0.011781040 0.898617625 0.000433961 0.999996841 0.002474999 -3.211673975 -0.011782148 -0.002469714 0.999927580 211.653305054
0.999936700 0.000389768 0.011247585 0.904646754 -0.000406404 0.999998808 0.001476754 -3.235156536 -0.011246996 -0.001481231 0.999935687 212.767349243
0.999945462 0.000767835 0.010420255 0.914987922 -0.000772764 0.999999523 0.000469056 -3.252503395 -0.010419890 -0.000477082 0.999945641 213.852752686
0.999946535 0.000635120 0.010322336 0.914021730 -0.000639500 0.999999702 0.000420992 -3.275145769 -0.010322066 -0.000427570 0.999946654 214.928771973
0.999956250 -0.000059707 0.009353755 0.915779054 0.000057359 0.999999940 0.000251346 -3.294760227 -0.009353770 -0.000250799 0.999956250 215.991439819
0.999971628 -0.000467915 0.007513197 0.923132241 0.000457660 0.999998987 0.001366665 -3.321107149 -0.007513829 -0.001363188 0.999970853 217.030059814
0.999983430 -0.001196631 0.005619277 0.919526517 0.001181389 0.999995589 0.002714985 -3.339057684 -0.005622501 -0.002708301 0.999980509 218.070663452
0.999992132 -0.001125836 0.003807869 0.915429115 0.001108136 0.999988616 0.004647193 -3.360719204 -0.003813057 -0.004642937 0.999981999 219.109298706
0.999998510 -0.001043254 0.001393982 0.910907090 0.001036337 0.999987185 0.004953297 -3.382730007 -0.001399131 -0.004951844 0.999986768 220.102340698
0.999998748 -0.001006808 -0.001292119 0.907604635 0.001011929 0.999991655 0.003968448 -3.393453598 0.001288113 -0.003969750 0.999991298 221.095397949
0.999989629 -0.000652170 -0.004529201 0.901423216 0.000672021 0.999990165 0.004382776 -3.414601326 0.004526297 -0.004385773 0.999980152 222.075546265
0.999971747 -0.000021027 -0.007513451 0.892126024 0.000058457 0.999987543 0.004981619 -3.429385662 0.007513254 -0.004981918 0.999959350 223.020751953
0.999945462 0.000263794 -0.010438744 0.875301123 -0.000214264 0.999988675 0.004745712 -3.448145628 0.010439877 -0.004743217 0.999934256 223.948806763
0.999912679 0.000624281 -0.013199233 0.853809416 -0.000570728 0.999991655 0.004060611 -3.462138653 0.013201659 -0.004052723 0.999904633 224.857055664
0.999869049 0.000309229 -0.016181195 0.830775797 -0.000255611 0.999994457 0.003315551 -3.476935625 0.016182128 -0.003310981 0.999863625 225.739562988
0.999815166 0.000958718 -0.019199371 0.808450758 -0.000892653 0.999993622 0.003449279 -3.501293659 0.019202555 -0.003431503 0.999809742 226.599258423
0.999751568 0.001331096 -0.022247974 0.783055246 -0.001269895 0.999995351 0.002764734 -3.517153740 0.022251552 -0.002735795 0.999748707 227.429565430
0.999686062 0.002426683 -0.024935219 0.758292496 -0.002351906 0.999992669 0.003027752 -3.538018703 0.024942387 -0.002968156 0.999684513 228.248138428
0.999666095 0.003503500 -0.025601586 0.732026815 -0.003418113 0.999988437 0.003378266 -3.549338818 0.025613125 -0.003289629 0.999666512 229.053359985
0.999670267 0.003945296 -0.025373202 0.708778560 -0.003832138 0.999982536 0.004506804 -3.568047523 0.025390537 -0.004408084 0.999667883 229.828872681
0.999685347 0.003825092 -0.024788396 0.684910357 -0.003704834 0.999981105 0.004895482 -3.580408573 0.024806652 -0.004802105 0.999680758 230.589950562
0.999695659 0.003458405 -0.024424436 0.664035618 -0.003340905 0.999982715 0.004849927 -3.598023176 0.024440786 -0.004766851 0.999689877 231.334381104
0.999704778 0.004483963 -0.023879511 0.639231920 -0.004415752 0.999986172 0.002908431 -3.608647585 0.023892209 -0.002802126 0.999710560 232.065826416
0.999720991 0.004232828 -0.023237333 0.623316288 -0.004214403 0.999990821 0.000841857 -3.622777939 0.023240680 -0.000743691 0.999729574 232.795761108
0.999755144 0.004324682 -0.021700418 0.601141632 -0.004335397 0.999990582 -0.000446787 -3.640073299 0.021698277 0.000540757 0.999764383 233.517547607
0.999777555 0.005105268 -0.020460682 0.583561122 -0.005127238 0.999986351 -0.001021481 -3.649001122 0.020455191 0.001126161 0.999790132 234.251647949
0.999816716 0.004798389 -0.018530849 0.567005217 -0.004821218 0.999987602 -0.001187498 -3.662762165 0.018524922 0.001276622 0.999827623 234.971435547
0.999850571 0.004654629 -0.016651180 0.551189542 -0.004671962 0.999988675 -0.001002179 -3.681528568 0.016646326 0.001079823 0.999860883 235.676940918
0.999879658 0.004602157 -0.014814694 0.537458062 -0.004619771 0.999988675 -0.001154990 -3.695976019 0.014809210 0.001223292 0.999889493 236.403381348
0.999905109 0.004231335 -0.013110408 0.530867696 -0.004253565 0.999989569 -0.001668182 -3.708534002 0.013103214 0.001723789 0.999912620 237.112762451
0.999939442 0.004455608 -0.010058386 0.517638445 -0.004465626 0.999989629 -0.000973769 -3.725111485 0.010053942 0.001018627 0.999948859 237.827362061
0.999972880 0.003176459 -0.006650595 0.513504803 -0.003178198 0.999994934 -0.000250877 -3.739726543 0.006649765 0.000272007 0.999977827 238.525787354
0.999989688 0.002571065 -0.003732945 0.507543802 -0.002572257 0.999996662 -0.000314656 -3.749421358 0.003732122 0.000324255 0.999992967 239.220733643
0.999997318 0.002086009 -0.000931868 0.508334041 -0.002086091 0.999997854 -0.000087327 -3.765401363 0.000931684 0.000089271 0.999999583 239.919967651
0.999995768 0.001720950 0.002320810 0.504552543 -0.001720103 0.999998569 -0.000366878 -3.778269768 -0.002321437 0.000362884 0.999997258 240.605865479
0.999982774 0.001796943 0.005581652 0.503624439 -0.001793270 0.999998152 -0.000662910 -3.793795824 -0.005582833 0.000652889 0.999984145 241.303131104
0.999963105 0.002585506 0.008185915 0.511327624 -0.002571590 0.999995172 -0.001710054 -3.804462671 -0.008190298 0.001688940 0.999964952 241.994628906
0.999928474 0.003033456 0.011564421 0.512694657 -0.003007702 0.999992847 -0.002243737 -3.816637039 -0.011571146 0.002208794 0.999930561 242.686721802
0.999893785 0.003216989 0.014216452 0.523311853 -0.003201565 0.999994278 -0.001107584 -3.832931042 -0.014219933 0.001061951 0.999898374 243.386398315
0.999860764 0.003450233 0.016332315 0.535238802 -0.003442562 0.999993980 -0.000497802 -3.844952822 -0.016333936 0.000441508 0.999866545 244.089248657
0.999820709 0.003051729 0.018690925 0.545919061 -0.003037899 0.999995172 -0.000768300 -3.857778788 -0.018693177 0.000711381 0.999825060 244.794540405
0.999766111 0.003166677 0.021399565 0.554594517 -0.003113223 0.999991894 -0.002530807 -3.868890762 -0.021407407 0.002463593 0.999767721 245.505142212
0.999723852 0.003408495 0.023250459 0.567427754 -0.003292606 0.999981940 -0.005020836 -3.880351067 -0.023267152 0.004942895 0.999717057 246.213088989
0.999704480 0.002210446 0.024206815 0.584242702 -0.002043749 0.999974012 -0.006908980 -3.891987324 -0.024221458 0.006857466 0.999683082 246.928009033
0.999707818 0.002437284 0.024050379 0.604028821 -0.002276561 0.999974906 -0.006707877 -3.910125017 -0.024066124 0.006651167 0.999688208 247.653579712
0.999719620 0.000992647 0.023657370 0.623654246 -0.000826113 0.999974787 -0.007048133 -3.927487612 -0.023663770 0.007026614 0.999695301 248.383224487
0.999710381 0.002614776 0.023922747 0.640011728 -0.002436393 0.999969065 -0.007482710 -3.942725658 -0.023941569 0.007422257 0.999685824 249.119995117
0.999701321 0.003081750 0.024245329 0.656164229 -0.002888190 0.999963701 -0.008014380 -3.957679510 -0.024269149 0.007941961 0.999673903 249.861618042
0.999695957 0.001901178 0.024582257 0.669320822 -0.001656982 0.999949098 -0.009950377 -3.976222038 -0.024599921 0.009906618 0.999648333 250.599746704
0.999684334 -0.001886076 0.025054321 0.688291550 0.002185729 0.999926329 -0.011938114 -3.996426105 -0.025029959 0.011989106 0.999614835 251.349380493
0.999662101 -0.005072195 0.025494222 0.710819542 0.005398505 0.999904156 -0.012746880 -4.012929916 -0.025427124 0.012880201 0.999593735 252.115631104
0.999655783 -0.002432080 0.026121851 0.726861715 0.002669703 0.999955356 -0.009065739 -4.026494503 -0.026098633 0.009132355 0.999617696 252.895233154
0.999638855 0.001113533 0.026848529 0.733097196 -0.001038828 0.999995470 -0.002796245 -4.042787552 -0.026851522 0.002767344 0.999635577 253.677169800
0.999620974 0.000218734 0.027526619 0.755368352 -0.000240086 0.999999583 0.000772369 -4.060777187 -0.027526442 -0.000778686 0.999620795 254.460830688
0.999549985 -0.000879802 0.029984500 0.780106604 0.000928307 0.999998271 -0.001603813 -4.069695473 -0.029983038 0.001630926 0.999549091 255.255798340
0.999422908 -0.000008620 0.033965919 0.801598728 0.000275661 0.999969125 -0.007857362 -4.079792023 -0.033964802 0.007862191 0.999392211 256.046417236
0.999286473 0.002224128 0.037703175 0.823572576 -0.001785564 0.999930441 -0.011661708 -4.093631744 -0.037726488 0.011586066 0.999221027 256.849975586
0.999151289 0.004229225 0.040973321 0.853733182 -0.003772379 0.999929965 -0.011220732 -4.110876560 -0.041017912 0.011056644 0.999097228 257.688659668
0.999033988 0.002594474 0.043866672 0.893273532 -0.002202895 0.999957323 -0.008972547 -4.127627373 -0.043888081 0.008867246 0.998997152 258.514282227
0.998886168 -0.000508333 0.047182482 0.929023623 0.000767599 0.999984741 -0.005476976 -4.150076389 -0.047178980 0.005507095 0.998871267 259.347595215
0.998751462 -0.003481511 0.049833592 0.979192078 0.003702476 0.999983728 -0.004342427 -4.166590691 -0.049817663 0.004521513 0.998748004 260.212615967
0.998613298 -0.003389173 0.052534506 1.023640990 0.003589668 0.999986589 -0.003722552 -4.184432030 -0.052521188 0.003905971 0.998612106 261.052520752
0.998486698 -0.001117754 0.054982845 1.067199945 0.001424180 0.999983668 -0.005534248 -4.203558922 -0.054975763 0.005604179 0.998471916 261.893341064
0.998333871 0.000645154 0.057698101 1.109613299 -0.000163002 0.999964952 -0.008360774 -4.211476326 -0.057701480 0.008337438 0.998299062 262.744934082
0.998179734 0.001023518 0.060300067 1.153951526 -0.000522455 0.999965131 -0.008324676 -4.230221748 -0.060306486 0.008278019 0.998145640 263.584075928
0.998004556 0.001920836 0.063112304 1.202766657 -0.001521353 0.999978423 -0.006377146 -4.248416901 -0.063123196 0.006268404 0.997986078 264.430847168
0.997803271 0.002580912 0.066196322 1.255215645 -0.002303428 0.999988258 -0.004267808 -4.279103279 -0.066206560 0.004105954 0.997797489 265.299804688
0.997604847 0.003225257 0.069095500 1.309533596 -0.002932509 0.999986291 -0.004337871 -4.295544147 -0.069108538 0.004124858 0.997600615 266.144958496
0.997421682 0.003694718 0.071668029 1.369083047 -0.003344167 0.999981821 -0.005010697 -4.309748173 -0.071685247 0.004758107 0.997415960 266.990631104
0.997226417 0.001645605 0.074409083 1.429474235 -0.001224267 0.999982953 -0.005707716 -4.328240395 -0.074417204 0.005600789 0.997211397 267.863372803
0.997094929 -0.001358688 0.076157153 1.493870974 0.001735753 0.999986529 -0.004885174 -4.345609188 -0.076149486 0.005003172 0.997083843 268.705749512
0.997064412 -0.002024392 0.076540560 1.567691922 0.002422178 0.999984086 -0.005104583 -4.362603664 -0.076529004 0.005274993 0.997053325 269.559387207
0.996987700 -0.002885930 0.077507973 1.624022126 0.003291356 0.999981523 -0.005103510 -4.381585121 -0.077491835 0.005343243 0.996978641 270.423675537
0.996989667 -0.002593913 0.077492565 1.694069743 0.002990942 0.999983013 -0.005007823 -4.397302151 -0.077478267 0.005224523 0.996980309 271.274139404
0.996993184 -0.002804736 0.077439532 1.748781204 0.003155811 0.999985278 -0.004411542 -4.417729855 -0.077426024 0.004642662 0.996987343 272.141540527
0.997005343 -0.002362787 0.077297419 1.810195446 0.002675656 0.999988556 -0.003944286 -4.435696602 -0.077287234 0.004139295 0.997000277 272.984741211
0.997130632 -0.002594830 0.075655930 1.885689139 0.002966735 0.999984026 -0.004803787 -4.455074787 -0.075642258 0.005014454 0.997122407 273.886718750
0.997236669 -0.002482891 0.074248783 1.942475796 0.002896507 0.999980807 -0.005463509 -4.475737572 -0.074233800 0.005663473 0.997224808 274.739288330
0.997375846 -0.001793316 0.072375409 2.008842230 0.002267346 0.999976516 -0.006467967 -4.492426395 -0.072362110 0.006615094 0.997356415 275.610748291
0.997480750 -0.000716809 0.070934057 2.062357426 0.001196191 0.999976695 -0.006715889 -4.512580872 -0.070927590 0.006783821 0.997458398 276.464050293
0.997611582 0.000906371 0.069067858 2.116560698 -0.000432741 0.999976277 -0.006872110 -4.535744667 -0.069072448 0.006825808 0.997588336 277.314300537
0.997769237 0.001494817 0.066741422 2.169361353 -0.001055679 0.999977529 -0.006614487 -4.551644802 -0.066749811 0.006529274 0.997748435 278.159637451
0.997954190 0.001286571 0.063920401 2.217808723 -0.000966546 0.999986827 -0.005037296 -4.571479321 -0.063926049 0.004965208 0.997942209 279.023132324
0.998212814 0.000013647 0.059759952 2.262799740 0.000141938 0.999996603 -0.002599261 -4.591125488 -0.059759799 0.002603098 0.998209357 279.862792969
0.998512566 -0.002090448 0.054481864 2.311421394 0.002116969 0.999997616 -0.000429071 -4.614917755 -0.054480847 0.000543768 0.998514593 280.709686279
0.998733759 -0.002015312 0.050267536 2.343209982 0.001994835 0.999997854 0.000457528 -4.626567841 -0.050268352 -0.000356674 0.998735666 281.552581787
0.998974562 -0.001991864 0.045230623 2.376225471 0.001972602 0.999997973 0.000470503 -4.635815620 -0.045231469 -0.000380799 0.998976469 282.371887207
0.999169409 -0.002801748 0.040651496 2.410456181 0.002740416 0.999995112 0.001564378 -4.654603481 -0.040655673 -0.001451677 0.999172151 283.193084717
0.999341905 -0.003574182 0.036095746 2.432629347 0.003521291 0.999992609 0.001528778 -4.666784763 -0.036100939 -0.001400668 0.999347150 283.991302490
0.999475598 -0.003770770 0.032161053 2.453477859 0.003728669 0.999992132 0.001368926 -4.683923721 -0.032165967 -0.001248289 0.999481678 284.784210205
0.999600053 -0.003294750 0.028085435 2.474536896 0.003261134 0.999993920 0.001242628 -4.699271202 -0.028089354 -0.001150540 0.999604702 285.558105469
0.999700725 -0.003234789 0.024247814 2.486923218 0.003206440 0.999994099 0.001207963 -4.714433670 -0.024251578 -0.001129853 0.999705255 286.305755615
