1.000000000 0.000000000 0.000000000 0.000000000 0.000000000 1.000000000 0.000000000 0.000000000 0.000000000 0.000000000 1.000000000 0.000000000
0.999979019 0.000412114 -0.006468965 -0.008261550 -0.000409535 0.999999821 0.000400124 -0.001945468 0.006469129 -0.000397466 0.999979019 0.091627322
0.999907255 0.000947028 -0.013586227 -0.016414495 -0.000944873 0.999999523 0.000165045 -0.001843799 0.013586377 -0.000152192 0.999907672 0.188606635
0.999772370 0.001381032 -0.021291194 -0.025994893 -0.001393420 0.999998868 -0.000566997 -0.002015127 0.021290388 0.000596536 0.999773145 0.285324305
0.999541759 0.001721084 -0.030220741 -0.042976484 -0.001781918 0.999996424 -0.001986190 -0.001833448 0.030217215 0.002039130 0.999541283 0.390532166
0.999125123 0.001926343 -0.041776195 -0.058761433 -0.002071508 0.999991953 -0.003431812 -0.004938074 0.041769248 0.003515349 0.999121130 0.500895381
0.998479426 0.001744186 -0.055097960 -0.084200539 -0.001970179 0.999989867 -0.004047599 -0.007916135 0.055090342 0.004149997 0.998472750 0.625736773
0.997427404 0.001822880 -0.071660273 -0.108391210 -0.002146386 0.999987841 -0.004437685 -0.004049188 0.071651310 0.004580079 0.997419238 0.761208117
0.995904982 0.000224985 -0.090405963 -0.134453386 -0.000605785 0.999991059 -0.004184694 -0.008948030 0.090404212 0.004222324 0.995896220 0.916949332
0.993913531 -0.000731013 -0.110160738 -0.176109061 0.000251141 0.999990404 -0.004369925 -0.012467623 0.110162877 0.004315661 0.993904173 1.075363398
0.991263747 -0.000897746 -0.131891474 -0.221943632 0.000282522 0.999988973 -0.004683264 -0.013122953 0.131894246 0.004605087 0.991253078 1.227284431
0.987731874 0.002755771 -0.156134725 -0.275242686 -0.003742132 0.999974787 -0.006023780 -0.018466193 0.156114221 0.006534158 0.987717330 1.396299601
0.983349144 0.007153315 -0.181586131 -0.341863483 -0.008645018 0.999935031 -0.007424685 -0.025077423 0.181521267 0.008870872 0.983347058 1.571249008
0.977971137 0.010108868 -0.208495319 -0.415325671 -0.012145564 0.999890208 -0.008490615 -0.028152715 0.208386630 0.010835870 0.977986574 1.752732277
0.971274793 0.010749487 -0.237717777 -0.493383259 -0.013224403 0.999873638 -0.008818865 -0.029279035 0.237592965 0.011709219 0.971294224 1.938754439
0.963217616 0.012636525 -0.268425256 -0.583115041 -0.015408017 0.999847472 -0.008220825 -0.033795856 0.268280417 0.012054344 0.963265479 2.136145115
0.953826189 0.014605666 -0.300003737 -0.678470671 -0.017617112 0.999817848 -0.007335417 -0.034838822 0.299841970 0.012281911 0.953909755 2.318276405
0.942564547 0.016460078 -0.333618075 -0.779198050 -0.019686121 0.999786437 -0.006291261 -0.034901567 0.333443224 0.012497565 0.942687392 2.508419514
0.930024266 0.018658539 -0.367024094 -0.882304370 -0.022250362 0.999736965 -0.005557526 -0.040401686 0.366823792 0.013335051 0.930194855 2.687147617
0.916164517 0.021467749 -0.400226831 -1.001639009 -0.025602039 0.999659717 -0.004985271 -0.040572286 0.399983615 0.014813952 0.916402578 2.866248846
0.900100827 0.022133067 -0.435118973 -1.115796804 -0.026670307 0.999634862 -0.004322909 -0.041248530 0.434864461 0.015495811 0.900362551 3.037728310
0.881704211 0.018066851 -0.471456647 -1.239779711 -0.022985382 0.999724746 -0.004675774 -0.044901684 0.471242487 0.014959262 0.881876826 3.214727640
0.860656261 0.013495162 -0.509007454 -1.376567245 -0.018483680 0.999817848 -0.004745299 -0.052067537 0.508850694 0.013492403 0.860749006 3.387228012
0.835575938 0.015087007 -0.549167752 -1.537129402 -0.019110959 0.999816060 -0.001610482 -0.054840259 0.549042404 0.011840803 0.835710526 3.567883015
0.806416690 0.020777777 -0.590982556 -1.713479638 -0.023775574 0.999713659 0.002705335 -0.063526988 0.590869546 0.011869323 0.806679726 3.731888294
0.773865342 0.023868144 -0.632900238 -1.916622281 -0.027216461 0.999619782 0.004419644 -0.063788846 0.632765114 0.013805093 0.774220705 3.907768250
0.738014460 0.022762917 -0.674400866 -2.127504349 -0.026029874 0.999647260 0.005255734 -0.066170476 0.674282670 0.013675762 0.738346696 4.073967934
0.697859645 0.018291030 -0.716000915 -2.342807531 -0.019976677 0.999782026 0.006070005 -0.062266864 0.715955913 0.010067310 0.698072791 4.243311882
0.655068755 0.014750335 -0.755425274 -2.583346605 -0.014567138 0.999870121 0.006891413 -0.063283816 0.755428970 0.006490036 0.655198455 4.406058311
0.611240625 0.014382664 -0.791314185 -2.844444752 -0.011987884 0.999888420 0.008913753 -0.063216604 0.791354179 0.004037734 0.611344755 4.539887905
0.562759221 0.014917163 -0.826486290 -3.122986794 -0.009682144 0.999887526 0.011454236 -0.059156239 0.826564074 0.001556183 0.562840402 4.682046413
0.511749446 0.015560743 -0.858993769 -3.417817831 -0.007843237 0.999879003 0.013440244 -0.055734970 0.859098852 -0.000140744 0.511809647 4.805836678
0.459651858 0.016789446 -0.887940586 -3.725805998 -0.007186094 0.999858856 0.015185677 -0.047407091 0.888070107 -0.000599300 0.459707767 4.903271675
0.405078679 0.019000499 -0.914084315 -4.058733940 -0.005734164 0.999817073 0.018241465 -0.045775540 0.914263844 -0.002147718 0.405113578 4.999093056
0.349441260 0.020872720 -0.936725795 -4.413549423 -0.005639676 0.999780595 0.020173896 -0.037525430 0.936941266 -0.001766761 0.349482328 5.087332249
0.294210792 0.024161372 -0.955435038 -4.783690453 -0.002834991 0.999698043 0.024407724 -0.034889147 0.955736339 -0.004472366 0.294190526 5.158229351
0.240457252 0.025683353 -0.970319867 -5.146980286 0.001219728 0.999641240 0.026761714 -0.030823886 0.970658958 -0.007618575 0.240339622 5.218852997
0.189528733 0.026202688 -0.981525362 -5.535722733 0.003398859 0.999620378 0.027342051 -0.026862144 0.981869340 -0.008518171 0.189367726 5.254328728
0.141833037 0.027186064 -0.989517152 -5.953706741 0.000881949 0.999619007 0.027590012 -0.018891662 0.989890158 -0.004785879 0.141755015 5.276088715
0.099428222 0.027578736 -0.994662523 -6.385850430 -0.000570407 0.999617279 0.027659096 -0.009284765 0.995044470 -0.002182733 0.099405944 5.279336452
0.061823741 0.026130725 -0.997744918 -6.818314075 -0.002173269 0.999658525 0.026046172 -0.001873672 0.998084664 0.000558094 0.061859444 5.262874126
0.027152205 0.023357453 -0.999358356 -7.293169975 0.000248766 0.999726832 0.023372825 0.003650635 0.999631286 -0.000883231 0.027138969 5.267763615
-0.003964586 0.020720357 -0.999777496 -7.767800331 0.000521208 0.999785364 0.020718453 0.008570939 0.999992013 -0.000438952 -0.003974535 5.237699032
-0.030731460 0.018864676 -0.999349654 -8.259923935 0.000285750 0.999822021 0.018864805 0.014222741 0.999527693 0.000294179 -0.030731382 5.200208187
-0.051224582 0.016415205 -0.998552322 -8.768315315 -0.000860947 0.999863803 0.016480934 0.025494449 0.998686850 0.001703930 -0.051203467 5.151626110
-0.067871712 0.015359706 -0.997575879 -9.286758423 -0.000048763 0.999881446 0.015398525 0.039442137 0.997693956 0.001093769 -0.067862943 5.112079620
-0.080883749 0.015697870 -0.996599793 -9.824674606 0.000361351 0.999876380 0.015720151 0.047883838 0.996723354 0.000911382 -0.080879420 5.057426929
-0.090497136 0.017104117 -0.995749772 -10.382007599 0.000528067 0.999853253 0.017126609 0.051207796 0.995896459 0.001024086 -0.090492874 4.998481274
-0.097427495 0.018482730 -0.995070875 -10.951328278 -0.001128480 0.999824822 0.018681522 0.050096899 0.995241940 0.002943011 -0.097389571 4.937108040
-0.101925500 0.019413603 -0.994602561 -11.548351288 -0.001532617 0.999805272 0.019672217 0.054587364 0.994790852 0.003529446 -0.101875916 4.866308689
-0.103227764 0.020056525 -0.994455457 -12.159155846 0.000577268 0.999797702 0.020104347 0.066885605 0.994657516 0.001501260 -0.103218466 4.797343254
-0.102328874 0.022283431 -0.994500995 -12.773435593 0.002573083 0.999751627 0.022136327 0.072824135 0.994747341 -0.000293748 -0.102360807 4.736030579
-0.100697003 0.024609452 -0.994612694 -13.417899132 0.001627176 0.999696851 0.024570506 0.080992043 0.994915843 0.000855767 -0.100706518 4.665749073
-0.098936923 0.024723718 -0.994786561 -14.079442024 -0.000109489 0.999691129 0.024856497 0.083089590 0.995093703 0.002568144 -0.098903663 4.596152306
-0.097412892 0.022244064 -0.994995475 -14.747027397 -0.001813318 0.999744534 0.022527765 0.092676833 0.995242298 0.003998739 -0.097347692 4.528564453
-0.096122012 0.021923222 -0.995128155 -15.426753044 -0.001962878 0.999751270 0.022214670 0.107413396 0.995367587 0.004088633 -0.096055083 4.461963177
-0.094228595 0.024780070 -0.995242178 -16.129716873 -0.001924714 0.999683797 0.025072891 0.119386613 0.995548725 0.004278141 -0.094151109 4.389954567
-0.092452705 0.028279951 -0.995315433 -16.846530914 -0.003574401 0.999580681 0.028733162 0.123952776 0.995710671 0.006214115 -0.092312858 4.321534157
-0.090835594 0.030289328 -0.995405138 -17.577522278 -0.003558371 0.999521017 0.030739293 0.136002839 0.995859563 0.006334243 -0.090684310 4.251644135
-0.088917688 0.029602448 -0.995599031 -18.318105698 -0.005287026 0.999530077 0.030191524 0.148026824 0.996024966 0.007948319 -0.088719405 4.176963329
-0.087225631 0.026354827 -0.995839894 -19.074972153 -0.008094301 0.999598205 0.027163271 0.167037189 0.996155798 0.010429963 -0.086977266 4.099172592
-0.085761048 0.025936630 -0.995978117 -19.856712341 -0.008594315 0.999604583 0.026771104 0.180615127 0.996278703 0.010855667 -0.085504234 4.031534672
-0.084029384 0.028326128 -0.996060610 -20.614839554 -0.006753136 0.999556720 0.028995259 0.192170203 0.996440411 0.009162987 -0.083800845 3.968778610
-0.083017714 0.030517269 -0.996080756 -21.404239655 -0.004810476 0.999507129 0.031023171 0.205554396 0.996536434 0.007367095 -0.082829997 3.903114796
-0.081446797 0.032371558 -0.996151924 -22.202980042 -0.003735532 0.999455452 0.032784335 0.216524959 0.996670663 0.006391337 -0.081281520 3.832938194
-0.080785513 0.027897315 -0.996341050 -23.004037857 -0.003545095 0.999593854 0.028275838 0.224540144 0.996725261 0.005816401 -0.080653794 3.761922598
-0.080654673 0.020563416 -0.996529937 -23.805427551 -0.002531219 0.999779701 0.020835342 0.238266677 0.996738911 0.004202903 -0.080584846 3.700461388
-0.080793798 0.016364029 -0.996596336 -24.644720078 0.001265286 0.999866009 0.016315144 0.244718403 0.996730030 0.000057182 -0.080803670 3.631892204
-0.081287883 0.016817540 -0.996548712 -25.475841522 0.002536310 0.999857783 0.016666498 0.258469880 0.996687472 -0.001172773 -0.081318974 3.564491272
-0.081131607 0.024740908 -0.996396184 -26.312316895 0.001921720 0.999693930 0.024666315 0.259426475 0.996701539 0.000086423 -0.081154309 3.484651566
-0.081912301 0.031682193 -0.996135771 -27.169538498 -0.000095479 0.999494314 0.031796865 0.271016359 0.996639550 0.002699664 -0.081867851 3.417725801
-0.082049593 0.037131913 -0.995936275 -27.995628357 -0.001642116 0.999299228 0.037392575 0.279714942 0.996626854 0.004703488 -0.081931129 3.337854147
-0.082386896 0.037506375 -0.995894372 -28.839534760 -0.003313255 0.999275744 0.037907802 0.291496873 0.996594906 0.006422758 -0.082202956 3.261166573
-0.082604803 0.033836011 -0.996007860 -29.679157257 -0.003382778 0.999408245 0.034232073 0.309443712 0.996576667 0.006197008 -0.082441472 3.181574106
-0.082675040 0.030946907 -0.996095955 -30.516054153 -0.004004608 0.999499261 0.031385027 0.325587511 0.996568501 0.006583733 -0.082509726 3.101754665
-0.082929969 0.032457788 -0.996026635 -31.358867645 -0.005050607 0.999442816 0.032989636 0.339499712 0.996542513 0.007766368 -0.082719855 3.022759914
-0.082981348 0.034832753 -0.995942056 -32.198486328 -0.005942341 0.999353826 0.035447191 0.349973559 0.996533334 0.008859684 -0.082720757 2.952028751
-0.082795359 0.033400703 -0.996006668 -33.024143219 -0.007099153 0.999392986 0.034104396 0.357908845 0.996541262 0.009894490 -0.082507998 2.875777483
-0.082618527 0.028169066 -0.996183038 -33.849170685 -0.007596958 0.999553502 0.028894436 0.371398985 0.996552289 0.009955176 -0.082367651 2.806705236
-0.082207322 0.023897458 -0.996328712 -34.681388855 -0.009125829 0.999652386 0.024730157 0.384788543 0.996573508 0.011125325 -0.081960678 2.725955725
-0.081741430 0.024760555 -0.996346056 -35.505115509 -0.008980815 0.999632478 0.025579030 0.389613569 0.996613145 0.011038867 -0.081489004 2.660949945
-0.081073970 0.027212210 -0.996336579 -36.333000183 -0.007659493 0.999580741 0.027924085 0.396887481 0.996678650 0.009895351 -0.080831543 2.590374231
-0.080309726 0.032273408 -0.996247292 -37.185977936 -0.007340038 0.999429405 0.032968186 0.408150196 0.996742964 0.009960160 -0.080026999 2.506993771
-0.080080867 0.037715182 -0.996074557 -38.012275696 -0.006856830 0.999239445 0.038386274 0.426551580 0.996764779 0.009903922 -0.079761349 2.447588205
-0.080073155 0.041094813 -0.995941460 -38.871868134 -0.007198308 0.999099910 0.041803885 0.439155698 0.996762991 0.010516462 -0.079705276 2.367228270
-0.079816915 0.041013133 -0.995965421 -39.704990387 -0.006636266 0.999109268 0.041674424 0.459586263 0.996787369 0.009935817 -0.079473644 2.296575785
-0.079725757 0.036398720 -0.996152043 -40.530292511 -0.006899690 0.999288976 0.037065554 0.481825590 0.996792853 0.009828220 -0.079417937 2.227475643
-0.079272017 0.032269958 -0.996330678 -41.360382080 -0.007700298 0.999426305 0.032982908 0.494952857 0.996823251 0.010286661 -0.078978047 2.148244858
-0.079053976 0.029466519 -0.996434689 -42.173538208 -0.012151501 0.999460280 0.030520054 0.507017434 0.996796250 0.014520910 -0.078653239 2.074528933
-0.079576463 0.027736008 -0.996442914 -43.002807617 -0.014742729 0.999470830 0.028997654 0.519397318 0.996719778 0.016997818 -0.079125449 1.996542931
-0.080247521 0.026090566 -0.996433437 -43.825176239 -0.013123729 0.999543130 0.027228899 0.520420969 0.996688545 0.015261976 -0.079868473 1.929825783
-0.081519820 0.022166483 -0.996425211 -44.654327393 -0.009603471 0.999688804 0.023024764 0.531647742 0.996625423 0.011446116 -0.081281587 1.865522623
-0.081816733 0.020778958 -0.996430755 -45.475463867 -0.005221597 0.999759972 0.021277126 0.540433109 0.996633828 0.006943785 -0.081688590 1.789951801
-0.084064201 0.024522372 -0.996158659 -46.299812317 -0.005202825 0.999672711 0.025047936 0.542583525 0.996446788 0.007288473 -0.083909109 1.719079256
-0.085482337 0.030677766 -0.995867252 -47.121475220 -0.002844478 0.999514222 0.031034268 0.548480988 0.996335685 0.005485605 -0.085353553 1.637872458
-0.087282315 0.034720041 -0.995578527 -47.921661377 -0.000563181 0.999390602 0.034902368 0.555511355 0.996183455 0.003607051 -0.087209597 1.574155807
-0.088697523 0.033547927 -0.995493531 -48.731739044 -0.000548069 0.999430954 0.033729449 0.568712354 0.996058524 0.003537318 -0.088628665 1.495736122
-0.089980870 0.029650919 -0.995501995 -49.528045654 -0.003983847 0.999537945 0.030131221 0.578395307 0.995935500 0.006677161 -0.089821182 1.417370319
-0.091039747 0.026075106 -0.995505869 -50.314739227 -0.009050675 0.999594212 0.027009889 0.583176494 0.995806098 0.011468971 -0.090766810 1.329554558
-0.092572100 0.025262453 -0.995385408 -51.100875854 -0.012646903 0.999567628 0.026544772 0.588546515 0.995625675 0.015045849 -0.092212573 1.245714188
-0.093179680 0.025957141 -0.995310903 -51.893589020 -0.015137147 0.999507606 0.027483709 0.596528649 0.995534182 0.017627090 -0.092740893 1.162391663
-0.094257027 0.027678208 -0.995163143 -52.681060791 -0.015063114 0.999459386 0.029224407 0.603131056 0.995433927 0.017744863 -0.093789145 1.083826065
-0.095121957 0.026988946 -0.995099664 -53.463424683 -0.016950808 0.999443591 0.028727092 0.610813737 0.995321274 0.019600326 -0.094611548 1.001399517
-0.095637761 0.026804108 -0.995055258 -54.240837097 -0.017613847 0.999435306 0.028615015 0.618994832 0.995260358 0.020263428 -0.095111631 0.919260979
-0.096237324 0.028637128 -0.994946361 -55.017696381 -0.016072528 0.999411047 0.030320264 0.627938747 0.995228589 0.018909249 -0.095720366 0.843250751
-0.096397996 0.031451598 -0.994845808 -55.786365509 -0.015349477 0.999334753 0.033080842 0.640002012 0.995224476 0.018459294 -0.095851116 0.768004417
-0.096643351 0.035750888 -0.994676769 -56.564525604 -0.015199904 0.999185205 0.037389759 0.648969173 0.995203018 0.018732464 -0.096021198 0.685883045
-0.097168691 0.037820075 -0.994549036 -57.327293396 -0.015458254 0.999099910 0.039503425 0.662761807 0.995147884 0.019212486 -0.096496575 0.609354019
-0.097976215 0.037843607 -0.994468927 -58.080890656 -0.015072260 0.999105692 0.039504994 0.674131393 0.995074570 0.018859439 -0.097318195 0.533554554
-0.098286279 0.036056317 -0.994504750 -58.820774078 -0.014484097 0.999185860 0.037657488 0.682436228 0.995052755 0.018105716 -0.097683996 0.458998680
-0.098331377 0.032310355 -0.994629025 -59.547115326 -0.013961292 0.999329686 0.033843294 0.698653817 0.995055795 0.017214164 -0.097814351 0.383425713
-0.097986467 0.029301688 -0.994756222 -60.285339355 -0.014591058 0.999416709 0.030876230 0.709354758 0.995080709 0.017540000 -0.097501755 0.300771236
-0.096923374 0.027004866 -0.994925320 -60.992591858 -0.015080429 0.999477267 0.028597515 0.718812346 0.995177567 0.017775670 -0.096465454 0.230427265
-0.094536625 0.026247304 -0.995175242 -61.686141968 -0.017830700 0.999447286 0.028053805 0.722804904 0.995361626 0.020396786 -0.094016358 0.157420635
-0.090009965 0.027237624 -0.995568275 -62.380401611 -0.017901296 0.999420285 0.028961476 0.727952600 0.995779932 0.020428784 -0.089470200 0.086096287
-0.084431052 0.029138245 -0.996003211 -63.036666870 -0.017761130 0.999369562 0.030742340 0.729661822 0.996271074 0.020285750 -0.083860286 0.032086372
-0.077379793 0.030382279 -0.996538639 -63.676891327 -0.016382787 0.999361873 0.031740442 0.739487171 0.996867001 0.018782152 -0.076832660 -0.011094570
-0.068473369 0.031618509 -0.997151792 -64.314750671 -0.017664725 0.999302566 0.032899719 0.744934201 0.997496486 0.019867167 -0.067867085 -0.056543350
-0.056469735 0.033390898 -0.997845709 -64.940986633 -0.019617878 0.999210536 0.034546763 0.752785921 0.998211503 0.021526461 -0.055770077 -0.097878695
-0.041553535 0.034820072 -0.998529315 -65.542694092 -0.022747662 0.999100447 0.035786629 0.760941267 0.998877227 0.024201265 -0.040724080 -0.124773741
-0.023348063 0.036223698 -0.999070883 -66.145561218 -0.023986083 0.999035299 0.036782961 0.769068003 0.999439478 0.024822609 -0.022456683 -0.133491397
-0.001231477 0.037044138 -0.999312878 -66.705978394 -0.025021058 0.998999536 0.037063356 0.780279756 0.999686182 0.025049506 -0.000303358 -0.118021272
0.024383010 0.037315562 -0.999005973 -67.227813721 -0.024829168 0.999017417 0.036709983 0.785105228 0.999394298 0.023909390 0.025285564 -0.093929052
0.053790919 0.036726791 -0.997876585 -67.752769470 -0.023445932 0.999094307 0.035507757 0.794421434 0.998276889 0.021486150 0.054603294 -0.048012972
0.088299014 0.036235187 -0.995434701 -68.260147095 -0.022141606 0.999162674 0.034406833 0.806774139 0.995847881 0.019002434 0.089027375 0.014969349
0.125458390 0.036432736 -0.991429627 -68.731048584 -0.021844108 0.999184728 0.033953488 0.813979149 0.991858304 0.017397150 0.126151919 0.107123375
0.166787654 0.036823571 -0.985305011 -69.183486938 -0.021700492 0.999197483 0.033669412 0.808749437 0.985754013 0.015765965 0.167452872 0.196730614
0.211848348 0.037680402 -0.976575851 -69.608505249 -0.021378923 0.999195993 0.033915456 0.819651127 0.977068782 0.013693205 0.212483570 0.310738564
0.260120094 0.036472626 -0.964887142 -70.041671753 -0.017464746 0.999300599 0.033065192 0.812485933 0.965418339 0.008250590 0.260575145 0.466564178
0.309981227 0.031510275 -0.950220406 -70.438873291 -0.009773548 0.999503553 0.029956214 0.809671998 0.950692475 0.000001165 0.310135216 0.641626358
0.361216515 0.026720699 -0.932099044 -70.788757324 -0.005269343 0.999631882 0.026614653 0.808162093 0.932467043 -0.004702101 0.361224294 0.817251205
0.413501799 0.022028888 -0.910236776 -71.173759460 -0.000423023 0.999711812 0.024002127 0.815859139 0.910503149 -0.009539871 0.413391888 1.034757614
0.464765012 0.021035021 -0.885184109 -71.554321289 -0.000723214 0.999726474 0.023377219 0.830831707 0.885433674 -0.010224736 0.464653134 1.271587372
0.512735903 0.020287208 -0.858306706 -71.919258118 0.000844387 0.999708354 0.024133842 0.829789221 0.858545959 -0.013099029 0.512569249 1.530593872
0.557626843 0.015277106 -0.829951108 -72.275184631 0.008932518 0.999662280 0.024402589 0.843540549 0.830043554 -0.021021090 0.557301998 1.822322845
0.601074338 0.008558635 -0.799147248 -72.588821411 0.019606568 0.999483764 0.025451155 0.843286276 0.798952520 -0.030966569 0.600596189 2.130413055
0.644816220 0.004755496 -0.764322817 -72.885635376 0.019868027 0.999538362 0.022980513 0.834674418 0.764079213 -0.030003794 0.644424260 2.411506653
0.685970664 -0.000052325 -0.727629185 -73.188400269 0.017210204 0.999721348 0.016152987 0.837724566 0.727425575 -0.023603119 0.685780525 2.733543396
0.726749897 -0.006729506 -0.686869204 -73.473083496 0.013501944 0.999898791 0.004489522 0.842432499 0.686769307 -0.012536827 0.726767361 3.071849823
0.765690625 -0.009903790 -0.643132746 -73.742431641 0.009269502 0.999947608 -0.004362550 0.851579845 0.643142164 -0.002621157 0.765742242 3.439884186
0.802648485 -0.009373943 -0.596378565 -73.978149414 0.006738527 0.999955177 -0.006648216 0.838714361 0.596414089 0.001317467 0.802675724 3.810531616
0.836450040 -0.010875487 -0.547935307 -74.210289001 0.007397488 0.999936044 -0.008554223 0.835015059 0.547993183 0.003101837 0.836476922 4.236194611
0.866808891 -0.009416949 -0.498551667 -74.431770325 0.004630579 0.999930501 -0.010836326 0.829582453 0.498618931 0.007084441 0.866792321 4.682176590
0.892395973 -0.008082563 -0.451180816 -74.631080627 0.004169422 0.999944568 -0.009666501 0.816239834 0.451233864 0.006745184 0.892380178 5.156862259
0.913939774 -0.001590638 -0.405846775 -74.850494385 -0.002172821 0.999958754 -0.008812195 0.808120847 0.405844063 0.008935649 0.913898647 5.649671555
0.931290984 0.002515720 -0.364267439 -75.032966614 -0.006886968 0.999919057 -0.010701627 0.803167701 0.364211053 0.012475028 0.931232929 6.164585114
0.944722652 0.007706922 -0.327780187 -75.210136414 -0.011308866 0.999894798 -0.009084224 0.791332901 0.327675670 0.012288893 0.944710374 6.705503464
0.954664350 0.008099394 -0.297574192 -75.364280701 -0.010757233 0.999915540 -0.007295116 0.780302346 0.297489941 0.010165462 0.954670846 7.252794266
0.961966574 0.007761936 -0.273057044 -75.527114868 -0.009758429 0.999934673 -0.005954260 0.773115993 0.272993058 0.008392407 0.961979330 7.831407547
0.967742383 0.008053312 -0.251813173 -75.671119690 -0.009360939 0.999948204 -0.003995353 0.766815066 0.251767963 0.006223681 0.967767537 8.428203583
0.972296715 0.010094550 -0.233532190 -75.811889648 -0.010710408 0.999941707 -0.001369119 0.758764744 0.233504742 0.003832417 0.972348094 9.043270111
0.975815952 0.015391216 -0.218051046 -75.956710815 -0.015799249 0.999875188 -0.000127785 0.752898514 0.218021840 0.003569737 0.975937307 9.679056168
0.978596568 0.018861970 -0.204921648 -76.103309631 -0.018994255 0.999818683 0.001321687 0.744425654 0.204909459 0.002598935 0.978777468 10.327425957
0.981280625 0.017460251 -0.191790491 -76.228797913 -0.017567709 0.999844968 0.001140298 0.736542523 0.191780701 0.002250368 0.981435239 10.991585732
0.983859897 0.017736033 -0.178059131 -76.347343445 -0.017882207 0.999839783 0.000784042 0.727889955 0.178044498 0.002412703 0.984019399 11.668538094
0.986370385 0.017983543 -0.163554072 -76.458259583 -0.017992210 0.999837101 0.001428473 0.722043991 0.163553119 0.001533695 0.986533225 12.370244026
0.988584995 0.019653795 -0.149376735 -76.569557190 -0.019606199 0.999806106 0.001791395 0.715822041 0.149383023 0.001157764 0.988778651 13.086665154
0.990463197 0.019580113 -0.136378974 -76.674140930 -0.019893151 0.999801576 -0.000932732 0.702223063 0.136333659 0.003636844 0.990656316 13.802422523
0.991920054 0.020045120 -0.125271127 -76.762786865 -0.020959722 0.999762416 -0.005987074 0.687756658 0.125121370 0.008564346 0.992104471 14.527966499
0.993075848 0.018612344 -0.115991697 -76.845680237 -0.020162877 0.999722123 -0.012208531 0.677276134 0.115732223 0.014462722 0.993175209 15.270288467
0.994013488 0.018051513 -0.107755579 -76.930320740 -0.019500084 0.999732852 -0.012404479 0.667301357 0.107502870 0.014431462 0.994100034 16.028770447
0.994735122 0.020226179 -0.100463048 -77.015266418 -0.020982983 0.999758780 -0.006482060 0.652168155 0.100307710 0.008555947 0.994919658 16.787271500
0.995108902 0.023776546 -0.095879778 -77.108413696 -0.023722442 0.999717057 0.001704299 0.635125339 0.095893189 0.000578539 0.995391369 17.594116211
0.995528698 0.024857376 -0.091130711 -77.187255859 -0.024467990 0.999686003 0.005387722 0.622021914 0.091236033 -0.003133846 0.995824337 18.360919952
0.995865226 0.023249730 -0.087816931 -77.256683350 -0.022942906 0.999726593 0.004501805 0.610129654 0.087897584 -0.002468415 0.996126473 19.134477615
0.996102393 0.022960875 -0.085163243 -77.320259094 -0.022745872 0.999735117 0.003494193 0.601008654 0.085220903 -0.001543462 0.996360958 19.907289505
0.996415794 0.021968829 -0.081686817 -77.391769409 -0.021551725 0.999749839 0.005984441 0.588606119 0.081797853 -0.004202501 0.996640086 20.674705505
0.996632218 0.019661706 -0.079608701 -77.452545166 -0.019068951 0.999784529 0.008199307 0.582143605 0.079752751 -0.006653640 0.996792436 21.454620361
0.996897221 0.017433360 -0.076757558 -77.508995056 -0.016714385 0.999810278 0.009999303 0.571698308 0.076917328 -0.008685322 0.996999621 22.221008301
0.997110665 0.016822599 -0.074076921 -77.570549011 -0.016402094 0.999845743 0.006281325 0.562440634 0.074171141 -0.005048159 0.997232795 22.981113434
0.997202396 0.019576635 -0.072139099 -77.634811401 -0.019664003 0.999806523 -0.000501056 0.547968626 0.072115324 0.001918198 0.997394443 23.734968185
0.997300148 0.021165647 -0.070316918 -77.692832947 -0.021806607 0.999727249 -0.008360073 0.533799589 0.070120826 0.009870874 0.997489691 24.486221313
0.997375250 0.021990115 -0.068985693 -77.750785828 -0.022923958 0.999655604 -0.012774365 0.521667302 0.068681024 0.014322260 0.997535825 25.245124817
0.997502327 0.023805631 -0.066501625 -77.813003540 -0.024602331 0.999634743 -0.011186834 0.501419246 0.066211022 0.012794988 0.997723639 26.009950638
0.997571230 0.026825134 -0.064282306 -77.867500305 -0.027333692 0.999601543 -0.007044811 0.481134057 0.064067721 0.008784774 0.997906864 26.759847641
0.997641563 0.030202014 -0.061636154 -77.932182312 -0.030367987 0.999537230 -0.001757563 0.462153137 0.061554566 0.003625183 0.998097122 27.530164719
0.997881174 0.028026810 -0.058715668 -77.984176636 -0.028094346 0.999605238 -0.000324875 0.451391280 0.058683388 0.001973765 0.998274684 28.291109085
0.998030543 0.025402270 -0.057355698 -78.031997681 -0.025444238 0.999676168 -0.000001401 0.433510840 0.057337098 0.001460770 0.998353839 29.053810120
0.998162925 0.022614418 -0.056206137 -78.075180054 -0.022657232 0.999743223 -0.000124521 0.419575512 0.056188885 0.001397767 0.998419285 29.805778503
0.998187900 0.022850430 -0.055667650 -78.115257263 -0.022995682 0.999733627 -0.001969996 0.406500638 0.055607807 0.003246541 0.998447359 30.547019958
0.998276770 0.020554794 -0.054963052 -78.156402588 -0.020769874 0.999778628 -0.003344807 0.394856960 0.054882135 0.004480619 0.998482764 31.303747177
0.998333156 0.019416245 -0.054351818 -78.197631836 -0.019611102 0.999803126 -0.003054057 0.380440712 0.054281808 0.004114865 0.998517215 32.061321259
0.998297334 0.023623277 -0.053334966 -78.252258301 -0.023770545 0.999715209 -0.002128490 0.367886901 0.053269498 0.003392667 0.998574436 32.837821960
0.998296499 0.023394469 -0.053447682 -78.296806335 -0.023578424 0.999718010 -0.002813780 0.353329271 0.053366784 0.004069199 0.998566687 33.612468719
0.998211324 0.022702640 -0.055305626 -78.339050293 -0.022896945 0.999733686 -0.002882112 0.339091450 0.055225462 0.004143286 0.998465300 34.387676239
0.998169780 0.020448519 -0.056911547 -78.392494202 -0.020611648 0.999785006 -0.002280817 0.325402856 0.056852657 0.003449683 0.998376608 35.175247192
0.997956634 0.022257658 -0.059893493 -78.453048706 -0.022448447 0.999744773 -0.002514394 0.315124720 0.059822243 0.003853772 0.998201609 35.975830078
0.997686684 0.026239848 -0.062713876 -78.506622314 -0.026452545 0.999646783 -0.002563481 0.294824928 0.062624454 0.004216493 0.998028278 36.749309540
0.997504771 0.026593413 -0.065398499 -78.568977356 -0.027134601 0.999604404 -0.007400847 0.279988319 0.065175831 0.009156944 0.997831821 37.545886993
0.997341931 0.027296150 -0.067557931 -78.637611389 -0.028078306 0.999548912 -0.010655116 0.264922798 0.067236617 0.012523706 0.997658491 38.334739685
0.997239053 0.026961250 -0.069191188 -78.706695557 -0.027879521 0.999535084 -0.012340160 0.250575364 0.068826318 0.014235107 0.997527063 39.131488800
0.997070730 0.027261516 -0.071462162 -78.770507812 -0.028116802 0.999544203 -0.010989632 0.231528670 0.071129993 0.012966729 0.997382760 39.964740753
0.996909320 0.025805624 -0.074202254 -78.826942444 -0.026649032 0.999590755 -0.010398652 0.212961048 0.073903546 0.012343933 0.997188985 40.790069580
0.996818781 0.025276611 -0.075587027 -78.895408630 -0.026007498 0.999623895 -0.008700665 0.195868075 0.075338662 0.010638815 0.997101188 41.612346649
0.996749759 0.024848212 -0.076632082 -78.967132568 -0.025290847 0.999668539 -0.004810869 0.179913878 0.076487131 0.006733322 0.997047782 42.439670563
0.996689141 0.024683975 -0.077469543 -79.041465759 -0.024771051 0.999693155 -0.000163212 0.166111395 0.077441752 0.002081675 0.996994734 43.324985504
0.996745765 0.024424264 -0.076820143 -79.108886719 -0.024341404 0.999701679 0.002014888 0.151556998 0.076846443 -0.000138421 0.997042894 44.176761627
0.996835768 0.027614500 -0.074538328 -79.184188843 -0.027554657 0.999618649 0.001831245 0.140139103 0.074560486 0.000228428 0.997216463 45.032005310
0.996962190 0.027129615 -0.073009193 -79.249153137 -0.027143376 0.999631226 0.000803871 0.130336240 0.073004097 0.001180286 0.997330964 45.896770477
0.997133553 0.024831504 -0.071470208 -79.310615540 -0.025001191 0.999686241 -0.001480508 0.116649196 0.071411029 0.003263105 0.997441709 46.756988525
0.997325063 0.020693960 -0.070103809 -79.365997314 -0.020947952 0.999776423 -0.002889852 0.100436866 0.070028342 0.004350654 0.997535467 47.627895355
0.997505307 0.019571086 -0.067822702 -79.434394836 -0.019847818 0.999797165 -0.003408773 0.090748742 0.067742229 0.004746403 0.997691512 48.501342773
0.997605562 0.017291509 -0.066963673 -79.493484497 -0.017388057 0.999848485 -0.000859249 0.074421108 0.066938668 0.002021560 0.997754991 49.376895905
0.997731388 0.014855417 -0.065661430 -79.557548523 -0.014796461 0.999889493 0.001384151 0.063870728 0.065674745 -0.000409455 0.997841001 50.253074646
0.997764587 0.014461761 -0.065242827 -79.612762451 -0.014366464 0.999894857 0.001929585 0.044875704 0.065263882 -0.000987962 0.997867465 51.131305695
0.997824073 0.016721100 -0.063777253 -79.675682068 -0.016847422 0.999857008 -0.001443412 0.028754659 0.063744001 0.002514754 0.997963130 52.003829956
0.997832954 0.019060839 -0.062975504 -79.740425110 -0.019531982 0.999785602 -0.006874199 0.006377578 0.062830970 0.008089340 0.997991502 52.862342834
0.997852862 0.020999366 -0.062038727 -79.798652649 -0.021808648 0.999685347 -0.012396475 -0.012977898 0.061758883 0.013722837 0.997996807 53.720252991
0.997803986 0.025820835 -0.060995393 -79.866973877 -0.026972879 0.999471486 -0.018140018 -0.037212610 0.060494773 0.019745406 0.997973263 54.570671082
0.997848272 0.025859253 -0.060251206 -79.919082642 -0.027059665 0.999449551 -0.019193271 -0.064820409 0.059721716 0.020782350 0.997998774 55.420642853
0.997908413 0.022790212 -0.060493141 -79.967834473 -0.023649840 0.999628603 -0.013532488 -0.083397686 0.060162276 0.014934836 0.998076916 56.283390045
0.997914314 0.022247199 -0.060597491 -80.041954041 -0.022557158 0.999735713 -0.004435770 -0.110764116 0.060482796 0.005793427 0.998152375 57.143173218
0.997863591 0.020802801 -0.061930791 -80.095146179 -0.020618198 0.999780893 0.003618409 -0.133666798 0.061992493 -0.002333777 0.998073876 57.998394012
0.997758031 0.019059459 -0.064150997 -80.154052734 -0.019007144 0.999818265 0.001425712 -0.149114490 0.064166516 -0.000203188 0.997939229 58.837421417
0.997730970 0.013984160 -0.065858319 -80.215805054 -0.014138408 0.999898255 -0.001876624 -0.165625349 0.065825395 0.002803497 0.997827232 59.675102234
0.997568846 0.012778748 -0.068506360 -80.276321411 -0.013061455 0.999907851 -0.003680407 -0.185445026 0.068453021 0.004566252 0.997643888 60.512622833
0.997360528 0.014414908 -0.071163349 -80.343971252 -0.014866767 0.999872506 -0.005824013 -0.202127010 0.071070313 0.006866610 0.997447610 61.320983887
0.997097731 0.015882328 -0.074456297 -80.412536621 -0.016616691 0.999819160 -0.009253920 -0.221657574 0.074295841 0.010464281 0.997181296 62.141319275
0.996768594 0.016744701 -0.078561299 -80.482795715 -0.017781528 0.999763548 -0.012516690 -0.244136393 0.078333125 0.013873184 0.996830642 62.955436707
0.996495783 0.018746149 -0.081515193 -80.559913635 -0.020158162 0.999660015 -0.016533686 -0.268949628 0.081177525 0.018118946 0.996534944 63.768394470
0.996160924 0.023404177 -0.084354743 -80.650627136 -0.024870453 0.999556601 -0.016373372 -0.296609879 0.083934151 0.018408457 0.996301234 64.567848206
0.995758593 0.027110744 -0.087919764 -80.731513977 -0.028492564 0.999488890 -0.014499874 -0.319275856 0.087481730 0.016943432 0.996022046 65.372482300
0.995336533 0.029865837 -0.091724753 -80.817070007 -0.030776035 0.999489963 -0.008524450 -0.342600465 0.091423377 0.011307620 0.995747983 66.171348572
0.994941115 0.030117705 -0.095838688 -80.899505615 -0.030530367 0.999529779 -0.002841946 -0.365250528 0.095708035 0.005753560 0.995392799 66.988746643
0.994454861 0.029724590 -0.100876130 -80.985610962 -0.029789465 0.999555826 0.000863533 -0.382173479 0.100856997 0.002146302 0.994898617 67.785171509
0.993822694 0.029108083 -0.107094355 -81.079994202 -0.029071707 0.999575496 0.001901191 -0.396072328 0.107104242 0.001223969 0.994247019 68.576225281
0.993237972 0.026555629 -0.113018684 -81.168319702 -0.026081910 0.999643743 0.005668335 -0.407577574 0.113128968 -0.002682261 0.993576646 69.363739014
0.992451191 0.027345290 -0.119553767 -81.268569946 -0.026913278 0.999624133 0.005226962 -0.419166714 0.119651787 -0.001969921 0.992813885 70.142829895
0.991621673 0.032013811 -0.125146583 -81.390060425 -0.031673625 0.999487102 0.004707591 -0.433574319 0.125233144 -0.000704303 0.992127001 70.914939880
0.990781009 0.033393864 -0.131292850 -81.500007629 -0.033538755 0.999436677 0.001108151 -0.444229960 0.131255940 0.003305463 0.991343021 71.688331604
0.989989281 0.032356106 -0.137383953 -81.610244751 -0.032898657 0.999457240 -0.001679742 -0.455774963 0.137255043 0.006182673 0.990516365 72.454788208
0.989207804 0.033848204 -0.142556682 -81.730560303 -0.034619860 0.999396205 -0.002935352 -0.468371540 0.142371237 0.007838964 0.989782274 73.221923828
0.988437355 0.035818957 -0.147338346 -81.849876404 -0.035889931 0.999353409 0.002177615 -0.479044199 0.147321075 0.003135527 0.989083707 73.988067627
0.987477720 0.036654856 -0.153441295 -81.977935791 -0.036164816 0.999327898 0.005984529 -0.487388909 0.153557494 -0.000360413 0.988139689 74.749168396
0.986506343 0.035329737 -0.159865782 -82.103843689 -0.034340750 0.999370158 0.008945721 -0.507275462 0.160081133 -0.003335100 0.987098217 75.506370544
0.985349059 0.033115309 -0.167303830 -82.234283447 -0.032813720 0.999451041 0.004567486 -0.510578215 0.167363212 0.000989293 0.985894859 76.253021240
0.984009504 0.030925497 -0.175410360 -82.373001099 -0.031809635 0.999491572 -0.002230286 -0.521809042 0.175252214 0.007774364 0.984492779 76.984954834
0.982445002 0.028310258 -0.184391618 -82.520858765 -0.029500276 0.999557853 -0.003713048 -0.534601569 0.184204996 0.009087469 0.982845843 77.727584839
0.980380714 0.027937865 -0.195122957 -82.672668457 -0.028654994 0.999588966 -0.000852895 -0.548907578 0.195018947 0.006427410 0.980778337 78.465774536
0.978058338 0.027798232 -0.206467912 -82.835838318 -0.027378349 0.999613225 0.004891123 -0.553389788 0.206524029 0.000868946 0.978441119 79.204971313
0.975518167 0.028931163 -0.218008026 -83.006820679 -0.026722236 0.999557316 0.013074475 -0.566477776 0.218289793 -0.006928724 0.975859404 79.920059204
0.972941399 0.029521324 -0.229158491 -83.189620972 -0.026463013 0.999515116 0.016408104 -0.573409677 0.229531765 -0.009899901 0.973250866 80.645576477
0.970102787 0.032967795 -0.240445003 -83.385643005 -0.030841582 0.999444842 0.012601598 -0.586252570 0.240726948 -0.004809143 0.970580935 81.361068726
0.967057109 0.032954205 -0.252417326 -83.585678101 -0.033102084 0.999445260 0.003661890 -0.595476508 0.252397954 0.004814283 0.967611492 82.061302185
0.963894486 0.030627567 -0.264517128 -83.793899536 -0.032148831 0.999482095 -0.001422890 -0.595702529 0.264336586 0.009875432 0.964379907 82.772125244
0.960452318 0.029084312 -0.276921034 -83.999328613 -0.029258138 0.999565661 0.003505104 -0.600488782 0.276902676 0.004735706 0.960886300 83.500373840
0.957093120 0.030308958 -0.288191140 -84.226104736 -0.028418040 0.999538302 0.010743752 -0.606398344 0.288383722 -0.002092943 0.957512677 84.223159790
0.953424394 0.030186012 -0.300117701 -84.460403442 -0.026532263 0.999515891 0.016243286 -0.612024665 0.300462753 -0.007523946 0.953763902 84.934448242
0.949363649 0.027746838 -0.312951714 -84.701293945 -0.024480974 0.999597192 0.014361027 -0.614192963 0.313224077 -0.005972473 0.949660480 85.648056030
0.945755899 0.026276048 -0.323813617 -84.958106995 -0.024232011 0.999652743 0.010343472 -0.621338725 0.323972970 -0.001935746 0.946064353 86.345230103
0.942678690 0.021637531 -0.332999527 -85.211883545 -0.021807946 0.999756992 0.003226379 -0.625847578 0.332988381 0.004220598 0.942921400 87.036117554
0.939887226 0.017602231 -0.341031253 -85.468200684 -0.019707235 0.999802113 -0.002708927 -0.631976306 0.340916157 0.009266868 0.940048039 87.739624023
0.937281966 0.017116873 -0.348151803 -85.737564087 -0.020039232 0.999787748 -0.004794381 -0.640816033 0.347995847 0.011470381 0.937425911 88.442672729
0.934217691 0.022819979 -0.355972648 -86.026428223 -0.026115170 0.999648988 -0.004453400 -0.659179091 0.355746150 0.013456730 0.934485674 89.151062012
0.931301117 0.023208097 -0.363510251 -86.312606812 -0.025740288 0.999666452 -0.002122654 -0.675200403 0.363339841 0.011333690 0.931587756 89.840072632
0.928137481 0.023190437 -0.371514499 -86.596801758 -0.023184756 0.999721169 0.004482548 -0.678856194 0.371514916 0.004453052 0.928416312 90.558715820
0.925345838 0.024853725 -0.378308713 -86.886840820 -0.021676889 0.999684989 0.012654422 -0.683744311 0.378504038 -0.003509160 0.925593019 91.268676758
0.922798276 0.034975592 -0.383692563 -87.206649780 -0.029769836 0.999366581 0.019499673 -0.693981409 0.384131521 -0.006571797 0.923255026 91.970169067
0.920216858 0.041721061 -0.389179140 -87.525222778 -0.038286369 0.999129295 0.016580986 -0.696664214 0.389532030 -0.000357849 0.921012759 92.658996582
0.917739391 0.038592622 -0.395303875 -87.811561584 -0.038062938 0.999233127 0.009185781 -0.701702714 0.395355284 0.006616274 0.918504536 93.323883057
0.915691853 0.030202925 -0.400744557 -88.113418579 -0.032287389 0.999477386 0.001551712 -0.700543940 0.400581956 0.011518105 0.916188657 94.052925110
0.914121151 0.030525468 -0.404290318 -88.431335449 -0.033007644 0.999454677 0.000830686 -0.703675866 0.404095232 0.012585325 0.914630294 94.745338440
0.911880076 0.036727794 -0.408810109 -88.766540527 -0.037552230 0.999276578 0.006012789 -0.711829126 0.408735186 0.009868789 0.912599623 95.446815491
0.909362078 0.039517757 -0.414124250 -89.090965271 -0.038464315 0.999200642 0.010886054 -0.723634124 0.414223433 0.006029642 0.910155296 96.143066406
0.907176018 0.035987914 -0.419209242 -89.410034180 -0.035602905 0.999327719 0.008744112 -0.736406684 0.419242084 0.006992617 0.907847583 96.819702148
0.905075729 0.034326181 -0.423862606 -89.761863708 -0.036634587 0.999325037 0.002703565 -0.746655703 0.423669457 0.013081099 0.905722320 97.537673950
0.902941763 0.031820357 -0.428582966 -90.098815918 -0.036974393 0.999309361 -0.003703713 -0.755870700 0.428169191 0.019190833 0.903494716 98.227661133
