1.000000000 0.000000000 0.000000000 0.000000000 0.000000000 1.000000000 0.000000000 0.000000000 0.000000000 0.000000000 1.000000000 0.000000000
0.999978960 0.000411033 -0.006474751 -0.008227189 -0.000408488 0.999999821 0.000394472 -0.001930735 0.006474912 -0.000391819 0.999978960 0.091791593
0.999907255 0.000951842 -0.013585809 -0.016321354 -0.000949620 0.999999523 0.000170009 -0.001862643 0.013585964 -0.000157092 0.999907672 0.188498154
0.999772549 0.001390215 -0.021282636 -0.026114073 -0.001402502 0.999998868 -0.000562412 -0.002155635 0.021281829 0.000592133 0.999773324 0.285385847
0.999541759 0.001701494 -0.030221332 -0.042947683 -0.001761893 0.999996483 -0.001972049 -0.002045072 0.030217869 0.002024393 0.999541283 0.390624493
0.999125719 0.001923379 -0.041763015 -0.059096254 -0.002067975 0.999992013 -0.003419374 -0.004999352 0.041756105 0.003502749 0.999121666 0.501135230
0.998479009 0.001730014 -0.055106435 -0.084223203 -0.001955581 0.999989927 -0.004039640 -0.008011155 0.055098891 0.004141261 0.998472333 0.626069605
0.997428238 0.001854691 -0.071647979 -0.108840905 -0.002177643 0.999987841 -0.004429631 -0.004143471 0.071638890 0.004574263 0.997420132 0.761255145
0.995905638 0.000209603 -0.090398483 -0.135175779 -0.000589854 0.999991119 -0.004179696 -0.009366429 0.090396799 0.004215905 0.995896876 0.916489363
0.993912756 -0.000766196 -0.110167339 -0.176043317 0.000286976 0.999990404 -0.004365716 -0.012763317 0.110169634 0.004307526 0.993903458 1.075399280
0.991228521 -0.001134830 -0.132154122 -0.224536821 0.000517359 0.999988794 -0.004706596 -0.015838003 0.132157981 0.004596941 0.991218030 1.236510873
0.988688052 0.006954545 -0.149825141 -0.404047400 -0.008224479 0.999935269 -0.007858154 -0.005568873 0.149760753 0.009001496 0.988681316 1.429392338
0.984093130 0.010241253 -0.177357733 -0.422830880 -0.011983993 0.999889791 -0.008757669 -0.018374942 0.177248493 0.010743813 0.984107494 1.579362750
0.978836119 0.013334495 -0.204210684 -0.496935189 -0.015634745 0.999831200 -0.009654783 -0.022223001 0.204047456 0.012643231 0.978879392 1.761825562
0.972242057 0.013796582 -0.233569875 -0.574185789 -0.016547255 0.999814868 -0.009821085 -0.023992138 0.233391151 0.013413412 0.972290456 1.948072672
0.964309633 0.015863927 -0.264301330 -0.660403311 -0.018961679 0.999778092 -0.009173335 -0.026980694 0.264097124 0.013857532 0.964396596 2.140658379
0.954951406 0.017614584 -0.296238720 -0.756246507 -0.020971607 0.999746859 -0.008158089 -0.028864134 0.296020031 0.014003181 0.955079138 2.331481457
0.942626774 0.017162485 -0.333406836 -0.777713120 -0.020574937 0.999765754 -0.006706581 -0.033947572 0.333213657 0.013181631 0.942759216 2.504127502
0.930119276 0.019400740 -0.366744846 -0.882038474 -0.023197953 0.999713242 -0.005948788 -0.039503820 0.366524249 0.014040814 0.930302560 2.683606386
0.916222751 0.022166496 -0.400055707 -1.005583286 -0.026579415 0.999631643 -0.005485063 -0.037052579 0.399786800 0.015658787 0.916474402 2.870496035
0.900161326 0.022613930 -0.434969187 -1.124319434 -0.027390227 0.999613762 -0.004713973 -0.037432797 0.434694558 0.016157243 0.900433004 3.048432589
0.881696343 0.017755101 -0.471483141 -1.255671740 -0.023033924 0.999719918 -0.005427127 -0.035587277 0.471254736 0.015645185 0.881858408 3.242056608
0.860524237 0.012966963 -0.509244561 -1.386968136 -0.018475488 0.999812722 -0.005761612 -0.040153604 0.509074509 0.014366550 0.860602617 3.408112526
0.835383594 0.015119812 -0.549459398 -1.532033324 -0.019479116 0.999808013 -0.002103207 -0.050702553 0.549322128 0.012459970 0.835517764 3.572739363
0.806196749 0.020904403 -0.591278076 -1.712643981 -0.024306918 0.999702096 0.002202042 -0.059040882 0.591147959 0.012596871 0.806464732 3.741755486
0.773764610 0.023787182 -0.633026421 -1.913554549 -0.027623961 0.999611139 0.003796819 -0.058125425 0.632870615 0.014548854 0.774120808 3.911048412
0.737572849 0.022631275 -0.674888253 -2.119748592 -0.026614413 0.999635935 0.004434762 -0.058573235 0.674742997 0.014690795 0.737906575 4.077312469
0.697869420 0.018290153 -0.715991437 -2.345134497 -0.020391829 0.999776065 0.005663784 -0.057528049 0.715934753 0.010647797 0.698086023 4.251615047
0.654912233 0.014610950 -0.755563676 -2.581446409 -0.014932596 0.999868095 0.006391894 -0.057605445 0.755557477 0.007096398 0.655043960 4.410343170
0.610090554 0.014194067 -0.792204618 -2.841161728 -0.012344467 0.999888480 0.008408488 -0.056806039 0.792235613 0.004649405 0.610197604 4.558669567
0.561532557 0.015009619 -0.827318549 -3.121577024 -0.010325187 0.999884725 0.011132305 -0.054622687 0.827390313 0.002291068 0.561622679 4.704357147
0.513033509 0.014748096 -0.858241856 -3.411042452 -0.007916961 0.999891162 0.012449667 -0.045343630 0.858332098 0.000407569 0.513094485 4.791759014
0.460454643 0.016323064 -0.887533128 -3.728241444 -0.007422761 0.999866724 0.014538102 -0.039375283 0.887652278 -0.000106190 0.460514516 4.900250912
0.405905366 0.018267728 -0.913732588 -4.063891411 -0.006479430 0.999832511 0.017110737 -0.032240044 0.913892150 -0.001024873 0.405955821 4.998126984
0.350413322 0.020378275 -0.936373472 -4.418831825 -0.006110082 0.999791741 0.019471906 -0.029359404 0.936575234 -0.001101898 0.350464940 5.086854935
0.294427961 0.023202745 -0.955391943 -4.762024403 -0.002376591 0.999719858 0.023546891 -0.026146598 0.955670714 -0.004662286 0.294400573 5.160299301
0.240533307 0.024761572 -0.970324993 -5.140173912 0.002143467 0.999658585 0.026041469 -0.022762474 0.970638573 -0.008343699 0.240398079 5.217465878
0.189699546 0.025675464 -0.981506467 -5.515434265 0.004651253 0.999623239 0.027048357 -0.023995837 0.981831193 -0.009696294 0.189508632 5.252335072
0.142320037 0.026797324 -0.989457965 -5.924036026 0.002051547 0.999623358 0.027367724 -0.019876024 0.989818573 -0.005924893 0.142211437 5.269473076
0.099672377 0.026878713 -0.994657218 -6.366173267 -0.000932477 0.999637187 0.026919845 -0.003829395 0.995019794 -0.001755668 0.099661253 5.275790215
0.062168445 0.025193300 -0.997747660 -6.787364006 -0.000453929 0.999681950 0.025213858 0.002840060 0.998065591 -0.001114599 0.062160108 5.268937588
0.027642012 0.022573164 -0.999362946 -7.246410847 0.000390467 0.999744594 0.022592586 0.010216557 0.999617815 -0.001014722 0.027626134 5.254941463
-0.003486919 0.019836811 -0.999797225 -7.722624302 0.000439667 0.999803245 0.019835392 0.015173878 0.999993801 -0.000370414 -0.003494955 5.224550247
-0.029973647 0.018050317 -0.999387741 -8.215872765 -0.000698656 0.999836266 0.018079370 0.022389712 0.999550462 0.001240133 -0.029956130 5.185522556
-0.050969001 0.015335887 -0.998582482 -8.726919174 -0.001025200 0.999880731 0.015408154 0.035781972 0.998699725 0.001809085 -0.050947208 5.146326542
-0.067340948 0.014379626 -0.997626424 -9.248884201 -0.000882420 0.999894798 0.014471889 0.047688518 0.997729719 0.001854877 -0.067321189 5.096637726
-0.080379777 0.014801946 -0.996654451 -9.788004875 0.000023510 0.999889672 0.014848102 0.052308325 0.996764362 0.001170055 -0.080371268 5.043604374
-0.089872621 0.016121134 -0.995822787 -10.340889931 0.000029926 0.999869049 0.016183939 0.056706276 0.995953202 0.001424692 -0.089861318 4.983778477
-0.096723348 0.017431637 -0.995158672 -10.906147003 -0.002132121 0.999840736 0.017720882 0.057485998 0.995308995 0.003835821 -0.096670762 4.921902657
-0.101038687 0.018420426 -0.994711936 -11.497028351 -0.002122141 0.999822199 0.018730622 0.062258579 0.994880259 0.004003437 -0.100981638 4.853542328
-0.102245390 0.019191233 -0.994574070 -12.116560936 -0.000189058 0.999813437 0.019311773 0.070038967 0.994759202 0.002162571 -0.102222681 4.782109737
-0.101577468 0.021165663 -0.994602442 -12.728234291 0.002388798 0.999775946 0.021031793 0.082139827 0.994824767 -0.000239548 -0.101605274 4.725651264
-0.100157432 0.023648782 -0.994690478 -13.367386818 0.001839186 0.999720156 0.023583172 0.087534823 0.994969904 0.000532609 -0.100172892 4.660087109
-0.098448776 0.023717824 -0.994859397 -14.019813538 -0.000685265 0.999714017 0.023901375 0.091200225 0.995141923 0.003034804 -0.098404370 4.589155197
-0.096632876 0.021382323 -0.995090365 -14.676816940 -0.002148956 0.999762356 0.021691399 0.097775623 0.995317757 0.004234508 -0.096563958 4.519009113
-0.095408045 0.021053422 -0.995215535 -15.363590240 -0.003096469 0.999765158 0.021446515 0.108757369 0.995433450 0.005127824 -0.095320448 4.451540947
-0.093804054 0.023752764 -0.995307267 -16.067693710 -0.002501550 0.999706566 0.024093514 0.123591229 0.995587528 0.004749880 -0.093717113 4.384600163
-0.091590166 0.027233137 -0.995424330 -16.786190033 -0.003798784 0.999609113 0.027697157 0.132432088 0.995789528 0.006318189 -0.091450922 4.312404633
-0.089876249 0.029449975 -0.995517433 -17.517751694 -0.004127877 0.999543071 0.029941738 0.137727529 0.995944381 0.006800425 -0.089713633 4.243872166
-0.088192105 0.028857654 -0.995685399 -18.235473633 -0.006213163 0.999544859 0.029519834 0.152594149 0.996084094 0.008789770 -0.087972663 4.178682804
-0.086600907 0.025609285 -0.995913923 -18.994260788 -0.008699984 0.999611914 0.026460895 0.169190571 0.996205091 0.010955973 -0.086344503 4.104979038
-0.084822387 0.024973957 -0.996083081 -19.770000458 -0.009614581 0.999618769 0.025881341 0.186210513 0.996349692 0.011772239 -0.084549934 4.030058861
-0.083425455 0.027111376 -0.996145129 -20.534856796 -0.007005084 0.999589145 0.027791772 0.199977100 0.996489406 0.009296623 -0.083201259 3.969012022
-0.082255118 0.029419405 -0.996176958 -21.327894211 -0.004743384 0.999541342 0.029910423 0.206826687 0.996600032 0.007185536 -0.082077831 3.903499603
-0.080804907 0.031119203 -0.996243954 -22.124235153 -0.004288986 0.999492407 0.031568550 0.222496986 0.996720731 0.006823770 -0.080630422 3.835241556
-0.080069140 0.026374292 -0.996440232 -22.929004669 -0.004307106 0.999631345 0.026804855 0.234859139 0.996780038 0.006438015 -0.079926021 3.765053749
-0.079850197 0.019401703 -0.996618032 -23.732028961 -0.002819491 0.999802232 0.019689590 0.241214916 0.996802926 0.004382173 -0.079779692 3.699909210
-0.080078088 0.014775579 -0.996679068 -24.549051285 0.000319522 0.999890506 0.014797520 0.251415759 0.996788561 0.000866497 -0.080074035 3.634702921
-0.080620050 0.015551041 -0.996623635 -25.376102448 0.001294515 0.999879122 0.015497122 0.257157266 0.996743977 -0.000040765 -0.080630437 3.568524122
-0.080505498 0.023486942 -0.996477425 -26.192365646 0.000917119 0.999723673 0.023489365 0.257594943 0.996753693 0.000977134 -0.080504775 3.496929169
-0.081113301 0.030524492 -0.996237397 -27.036966324 -0.000186477 0.999530435 0.030640580 0.270615995 0.996704876 0.002671134 -0.081069514 3.429435730
-0.081221409 0.035817385 -0.996052325 -27.885385513 -0.002384594 0.999344170 0.036130205 0.280896723 0.996693313 0.005309727 -0.081082724 3.346225500
-0.081747882 0.036209341 -0.995995104 -28.731264114 -0.003858219 0.999320745 0.036646914 0.293562412 0.996645629 0.006838575 -0.081552640 3.272016287
-0.081993744 0.032887407 -0.996090055 -29.536708832 -0.003820589 0.999437690 0.033312429 0.303614855 0.996625483 0.006537060 -0.081821986 3.204964161
-0.082424454 0.029967831 -0.996146619 -30.370038986 -0.003966444 0.999530017 0.030397814 0.323098421 0.996589422 0.006456682 -0.082266830 3.135057211
-0.082325585 0.031366535 -0.996111751 -31.214651108 -0.005413848 0.999475777 0.031919900 0.332703948 0.996590853 0.008020622 -0.082112610 3.053448915
-0.082171224 0.033762280 -0.996046126 -32.047321320 -0.006943802 0.999382317 0.034448214 0.338231623 0.996594071 0.009747000 -0.081886031 2.978663921
-0.082007870 0.032215416 -0.996110857 -32.880176544 -0.007207726 0.999432206 0.032916222 0.352771878 0.996605694 0.009879085 -0.081729099 2.905415058
-0.081758529 0.026962332 -0.996287405 -33.718791962 -0.007675482 0.999587238 0.027681516 0.365269452 0.996622682 0.009910186 -0.081517838 2.828563213
-0.081493653 0.022980733 -0.996408880 -34.537609100 -0.009718535 0.999668300 0.023850759 0.371234506 0.996626437 0.011627319 -0.081243269 2.756059170
-0.081020050 0.023499876 -0.996435404 -35.375705719 -0.009614387 0.999657094 0.024357600 0.381058812 0.996666074 0.011553571 -0.080766320 2.686520100
-0.080388479 0.025920110 -0.996426523 -36.211074829 -0.007981964 0.999612987 0.026646959 0.388167381 0.996731639 0.010095550 -0.080150463 2.610325575
-0.079715908 0.031291995 -0.996326327 -37.049549103 -0.008077144 0.999454141 0.032036480 0.390605927 0.996784985 0.010601288 -0.079419643 2.532479763
-0.079234496 0.036622405 -0.996183097 -37.868484497 -0.007245422 0.999277353 0.037312452 0.412030280 0.996829629 0.010174199 -0.078911901 2.474339008
-0.079446644 0.039803632 -0.996044159 -38.713409424 -0.007729392 0.999147832 0.040544178 0.427384436 0.996809185 0.010919914 -0.079071291 2.399523497
-0.078830294 0.039660167 -0.996098816 -39.535808563 -0.007337153 0.999158144 0.040362626 0.445787966 0.996861100 0.010490328 -0.078472927 2.329174280
-0.078768499 0.035240974 -0.996269882 -40.360660553 -0.007331763 0.999327481 0.035928804 0.461556077 0.996866047 0.010134473 -0.078457132 2.261053085
-0.078412130 0.030866286 -0.996443033 -41.187957764 -0.008570716 0.999462903 0.031634275 0.476761013 0.996884167 0.011020742 -0.078105450 2.187588692
-0.078272291 0.028180072 -0.996533692 -42.008422852 -0.012658047 0.999491692 0.029257949 0.489104241 0.996851623 0.014904255 -0.077875800 2.110910654
-0.078713357 0.026524689 -0.996544361 -42.837657928 -0.016307319 0.999477863 0.027890831 0.497697264 0.996763885 0.018446347 -0.078239717 2.034883738
-0.079259925 0.024304837 -0.996557713 -43.648311615 -0.014009471 0.999576867 0.025492698 0.509349406 0.996755481 0.015981793 -0.078885876 1.961040258
-0.080130108 0.020859499 -0.996566236 -44.468845367 -0.010211427 0.999711394 0.021746399 0.512858391 0.996732056 0.011918904 -0.079893976 1.894084334
-0.080751084 0.019466152 -0.996544182 -45.297637939 -0.006290160 0.999779463 0.020039052 0.516452134 0.996714413 0.007886599 -0.080610819 1.817404747
-0.083180316 0.022877499 -0.996271908 -46.091148376 -0.005752513 0.999708712 0.023436710 0.521990776 0.996517956 0.007680540 -0.083024494 1.769054651
-0.084900677 0.029072475 -0.995965302 -46.918163300 -0.003258682 0.999560833 0.029455217 0.527239740 0.996384144 0.005746301 -0.084768653 1.697969913
-0.086443327 0.032978922 -0.995710850 -47.735954285 -0.001493594 0.999446511 0.033232320 0.534299135 0.996255755 0.004359900 -0.086346231 1.619926572
-0.087937012 0.032002412 -0.995611906 -48.549022675 -0.001956979 0.999476254 0.032299478 0.540092528 0.996124268 0.004788712 -0.087828346 1.543623805
-0.089395754 0.028216852 -0.995596468 -49.336151123 -0.004732445 0.999575257 0.028754551 0.548078239 0.995985031 0.007282140 -0.089224257 1.467823982
-0.090286165 0.024630306 -0.995611250 -50.124576569 -0.009482924 0.999627531 0.025589613 0.554177642 0.995870709 0.011751692 -0.090018980 1.382661343
-0.091882177 0.023134708 -0.995501101 -50.919181824 -0.013836618 0.999603868 0.024507135 0.563154757 0.995673716 0.016026136 -0.091525674 1.299879074
-0.092457175 0.024357995 -0.995418727 -51.714683533 -0.015498596 0.999544382 0.025898499 0.566649854 0.995596111 0.017822092 -0.092037536 1.211335659
-0.093617775 0.025925688 -0.995270610 -52.499805450 -0.015281253 0.999505758 0.027473405 0.570469201 0.995490968 0.017780980 -0.093175329 1.135297894
-0.094635829 0.025346313 -0.995189250 -53.282264709 -0.017033178 0.999488294 0.027075548 0.578229427 0.995366275 0.019513549 -0.094155669 1.053629160
-0.095101424 0.025278993 -0.995146513 -54.065311432 -0.017712522 0.999476254 0.027081680 0.582881331 0.995310009 0.020202059 -0.094603851 0.969638824
-0.095825076 0.027152959 -0.995027721 -54.841320038 -0.015654314 0.999463141 0.028781565 0.591338038 0.995275080 0.018334473 -0.095348567 0.894711494
-0.095846027 0.030009516 -0.994943678 -55.620597839 -0.015330140 0.999382257 0.031620201 0.599424183 0.995278120 0.018283295 -0.095326789 0.813522816
-0.096063919 0.034262463 -0.994785309 -56.392234802 -0.015591200 0.999232888 0.035921264 0.610095203 0.995253146 0.018960632 -0.095456049 0.734898746
-0.096596077 0.036563128 -0.994651854 -57.154075623 -0.015560786 0.999147415 0.038239580 0.615409970 0.995202005 0.019171357 -0.095944755 0.655891776
-0.097372144 0.036420975 -0.994581401 -57.902660370 -0.015349204 0.999156296 0.038091242 0.628855765 0.995129645 0.018975057 -0.096730955 0.582860231
-0.097594641 0.034459628 -0.994629443 -58.655513763 -0.014154884 0.999251127 0.036008652 0.640979886 0.995125592 0.017593116 -0.097033799 0.503223956
-0.097926818 0.031060036 -0.994708836 -59.388107300 -0.013954746 0.999371648 0.032579452 0.647573829 0.995095849 0.017071310 -0.097431861 0.429890245
-0.097521350 0.028271463 -0.994831800 -60.106838226 -0.014353794 0.999452472 0.029809849 0.655446649 0.995129943 0.017186709 -0.097062171 0.352515042
-0.096413486 0.025607884 -0.995011926 -60.814876556 -0.014701031 0.999523222 0.027148476 0.668773174 0.995232880 0.017245181 -0.095991068 0.280654490
-0.093988277 0.025098059 -0.995257020 -61.516120911 -0.017329896 0.999489605 0.026841365 0.668412447 0.995422363 0.019770473 -0.093505360 0.206023946
-0.089491703 0.026176158 -0.995643616 -62.198852539 -0.017698407 0.999454975 0.027867159 0.671691835 0.995830238 0.020115184 -0.088979654 0.135292187
-0.084009521 0.027757036 -0.996078253 -62.867084503 -0.016879763 0.999428868 0.029274048 0.677046299 0.996321857 0.019272866 -0.083493002 0.084031247
-0.076744944 0.029234366 -0.996622086 -63.512290955 -0.016618801 0.999393702 0.030595401 0.680487752 0.996912241 0.018910704 -0.076212578 0.035916712
-0.068254389 0.030454880 -0.997202992 -64.143051147 -0.017388431 0.999345779 0.031710491 0.683994293 0.997516334 0.019504173 -0.067680173 -0.006208762
-0.056264967 0.032178927 -0.997897208 -64.769912720 -0.019268768 0.999259293 0.033309296 0.691867173 0.998229861 0.021102395 -0.055603243 -0.046258844
-0.041003190 0.033542693 -0.998595834 -65.379722595 -0.022913557 0.999141872 0.034501888 0.698978484 0.998896241 0.024296070 -0.040199425 -0.079334982
-0.023050081 0.035178773 -0.999115169 -65.961982727 -0.024413344 0.999062836 0.035740156 0.700243235 0.999436140 0.025215555 -0.022169646 -0.080236003
-0.000614629 0.035849724 -0.999356985 -66.524818420 -0.024896417 0.999046803 0.035853911 0.710575998 0.999689758 0.024902446 0.000278492 -0.073131695
0.024789451 0.036616895 -0.999021828 -67.057182312 -0.024354041 0.999054432 0.036013778 0.709152222 0.999396026 0.023437459 0.025657777 -0.044724550
0.054193825 0.035924077 -0.997883916 -67.579025269 -0.023028821 0.999131739 0.034718331 0.718934298 0.998264849 0.021098571 0.054974061 0.002133188
0.088348612 0.035614114 -0.995452762 -68.081268311 -0.021505853 0.999195814 0.033839341 0.729470432 0.995857477 0.018418400 0.089043483 0.070764124
0.125918821 0.035698209 -0.991398036 -68.557991028 -0.021246025 0.999220073 0.033281378 0.737161398 0.991813004 0.016872514 0.126579076 0.154449046
0.167086929 0.036470115 -0.985267460 -69.009819031 -0.021230627 0.999217093 0.033386063 0.728027403 0.985713542 0.015339471 0.167730391 0.248501629
0.212072864 0.036556609 -0.976569891 -69.434303284 -0.020501725 0.999246657 0.032953300 0.746426284 0.977038741 0.013032869 0.212662578 0.365249634
0.260804117 0.035812344 -0.964727163 -69.833740234 -0.016588366 0.999330521 0.032612372 0.732743204 0.965249240 0.007497813 0.261223555 0.496670634
0.310889751 0.030881574 -0.949944139 -70.246681213 -0.009150758 0.999522865 0.029498536 0.733207107 0.950401902 -0.000478081 0.311024010 0.674653947
0.362055898 0.025593570 -0.931804895 -70.635818481 -0.003983453 0.999656379 0.025909433 0.737200975 0.932147980 -0.005668862 0.362033457 0.867560863
0.413727343 0.020695055 -0.910165489 -71.020477295 0.001251292 0.999727726 0.023300281 0.743235409 0.910399973 -0.010778848 0.413588852 1.096393466
0.464836419 0.020348724 -0.885162652 -71.382301331 0.000930772 0.999724090 0.023471126 0.748797953 0.885396123 -0.011734118 0.464689255 1.324343681
0.514005959 0.019192230 -0.857571840 -71.767127991 0.002675055 0.999708951 0.023976574 0.753528237 0.857782423 -0.014618150 0.513805091 1.575282097
0.559203863 0.014796700 -0.828898013 -72.114875793 0.009667421 0.999656260 0.024366898 0.759968042 0.828973711 -0.021639373 0.558868706 1.853758574
0.603162289 0.008204089 -0.797576249 -72.436332703 0.020096784 0.999473274 0.025478933 0.762011945 0.797365248 -0.031396654 0.602679789 2.156637669
0.645311594 0.003001196 -0.763913393 -72.744750977 0.021808691 0.999512315 0.022349566 0.765770495 0.763608038 -0.031082392 0.644931555 2.475637674
0.686515868 -0.001992450 -0.727112055 -73.051055908 0.019315742 0.999693334 0.015497923 0.769247830 0.726858139 -0.024684282 0.686343849 2.798375845
0.726702452 -0.008689160 -0.686897337 -73.324333191 0.015913067 0.999864697 0.004187061 0.771935642 0.686767936 -0.013973393 0.726742446 3.138502121
0.766035855 -0.009731044 -0.642724037 -73.568206787 0.009668394 0.999946654 -0.003616153 0.769192994 0.642725110 -0.003444007 0.766089082 3.472337484
0.803035557 -0.010785208 -0.595833421 -73.823707581 0.008520915 0.999941766 -0.006615914 0.768248975 0.595870197 0.000235767 0.803080678 3.870692492
0.836789668 -0.011904701 -0.547394872 -74.068405151 0.008867167 0.999927044 -0.008191308 0.761457086 0.547452688 0.002000561 0.836834252 4.304680347
0.867154241 -0.011056501 -0.497916788 -74.299369812 0.006568695 0.999920368 -0.010763947 0.761443019 0.497996300 0.006063340 0.867157936 4.758461952
0.893297315 -0.008890145 -0.449378312 -74.533393860 0.005196541 0.999941826 -0.009452105 0.745276928 0.449436158 0.006108327 0.893291473 5.244548798
0.914380550 -0.002995758 -0.404844671 -74.728218079 -0.000525758 0.999963045 -0.008586967 0.738735735 0.404855460 0.008064607 0.914345086 5.742038250
0.931739569 0.001443869 -0.363124311 -74.912788391 -0.005452046 0.999934971 -0.010013407 0.728179336 0.363086283 0.011309658 0.931686878 6.260154724
0.945038795 0.006486265 -0.326893836 -75.085289001 -0.009861153 0.999913752 -0.008667842 0.721448421 0.326809466 0.011414997 0.945021272 6.803257465
0.955030978 0.007806203 -0.296402961 -75.250579834 -0.010374445 0.999921083 -0.007092813 0.713543713 0.296324164 0.009848874 0.955036640 7.344847202
0.962161124 0.007016836 -0.272390366 -75.394561768 -0.008926162 0.999943554 -0.005771011 0.703926921 0.272334486 0.007984044 0.962169528 7.928202629
0.967988551 0.007716935 -0.250875473 -75.541221619 -0.008823055 0.999955714 -0.003284591 0.688431323 0.250839055 0.005392937 0.968013763 8.526206017
0.972576559 0.010226497 -0.232357696 -75.691162109 -0.010738748 0.999941885 -0.000939724 0.684269190 0.232334614 0.003409185 0.972629905 9.149655342
0.976112247 0.014697935 -0.216768637 -75.837425232 -0.014986771 0.999887645 0.000311440 0.683571637 0.216748878 0.002944662 0.976222932 9.783538818
0.978887916 0.019039053 -0.203509197 -75.978424072 -0.019052614 0.999816716 0.001892718 0.669001222 0.203507930 0.002024623 0.979071140 10.429878235
0.981529117 0.017289672 -0.190529853 -76.100471497 -0.017317902 0.999848902 0.001516987 0.663947284 0.190527275 0.001810610 0.981680214 11.094178200
0.984107912 0.017630687 -0.176694319 -76.221427917 -0.017665796 0.999843001 0.001374511 0.653781831 0.176690787 0.001768778 0.984264851 11.775636673
0.986646593 0.017884213 -0.161891282 -76.330101013 -0.017819064 0.999839485 0.001854462 0.650016665 0.161898419 0.001055052 0.986806870 12.469065666
0.988776743 0.018928515 -0.148196682 -76.430168152 -0.018771678 0.999820828 0.002457019 0.642961383 0.148216605 0.000352457 0.988954842 13.183897018
0.990642846 0.020416562 -0.134945214 -76.547897339 -0.020662822 0.999786437 -0.000424382 0.629444957 0.134907722 0.003208759 0.990852952 13.918223381
0.992072284 0.020852849 -0.123926960 -76.633842468 -0.021690425 0.999750078 -0.005413108 0.615156591 0.123783089 0.008058222 0.992276609 14.643952370
0.993252814 0.019372132 -0.114339672 -76.719200134 -0.020861831 0.999712169 -0.011846432 0.606807590 0.114077277 0.014151837 0.993371069 15.385929108
0.994130552 0.018954914 -0.106513329 -76.799354553 -0.020343229 0.999721527 -0.011962746 0.596486449 0.106256925 0.014059359 0.994239271 16.146945953
0.994833648 0.020837972 -0.099356510 -76.880180359 -0.021539669 0.999750018 -0.005994845 0.581731856 0.099206761 0.008103981 0.995033860 16.910215378
0.995201051 0.025746811 -0.094402917 -76.981063843 -0.025642855 0.999668479 0.002314302 0.558573127 0.094431199 0.000117565 0.995531380 17.722721100
0.995604277 0.026681010 -0.089779243 -77.057388306 -0.026231218 0.999636769 0.006186336 0.544420242 0.089911692 -0.003804123 0.995942473 18.489828110
0.995955586 0.025239592 -0.086230062 -77.127502441 -0.024869822 0.999676287 0.005359936 0.531665802 0.086337447 -0.003193731 0.996260822 19.262105942
0.996183574 0.024911966 -0.083652928 -77.188980103 -0.024655217 0.999687552 0.004101037 0.525832355 0.083728977 -0.002022904 0.996486485 20.035490036
0.996461272 0.024015425 -0.080550209 -77.253845215 -0.023571100 0.999701262 0.006462576 0.513454616 0.080681354 -0.004541049 0.996729553 20.801000595
0.996728897 0.021967836 -0.077775128 -77.327835083 -0.021340856 0.999732912 0.008883515 0.504890680 0.077949494 -0.007194669 0.996931314 21.581514359
0.996989846 0.019690130 -0.074989922 -77.382469177 -0.018953694 0.999764979 0.010519575 0.496984988 0.075179420 -0.009066574 0.997128785 22.347637177
0.997207344 0.019070351 -0.072207890 -77.443565369 -0.018616620 0.999802530 0.006951578 0.486331671 0.072326213 -0.005587897 0.997365296 23.109443665
0.997298121 0.021814184 -0.070147701 -77.505073547 -0.021851184 0.999761164 0.000239957 0.471392661 0.070136167 0.001293502 0.997536540 23.856674194
0.997384489 0.022497907 -0.068687998 -77.559822083 -0.023079973 0.999704003 -0.007692128 0.463070929 0.068494603 0.009257325 0.997608542 24.609962463
0.997472167 0.023240458 -0.067148976 -77.625831604 -0.024093896 0.999638617 -0.011927809 0.450542480 0.066847488 0.013515540 0.997671664 25.382221222
0.997589767 0.024862170 -0.064780772 -77.684074402 -0.025589257 0.999618232 -0.010418298 0.431158990 0.064497024 0.012050878 0.997845173 26.142686844
0.997627139 0.028585775 -0.062632591 -77.742271423 -0.029022470 0.999560177 -0.006073522 0.406287670 0.062431436 0.007876863 0.998018205 26.911970139
0.997716427 0.031771760 -0.059602328 -77.803428650 -0.031882912 0.999491155 -0.000914551 0.390291870 0.059542943 0.002812758 0.998221815 27.654550552
0.997929931 0.029403890 -0.057193983 -77.848052979 -0.029425779 0.999566853 0.000459622 0.380663276 0.057182714 0.001224307 0.998363018 28.414224625
0.998078406 0.026626386 -0.055949695 -77.894142151 -0.026624989 0.999645054 0.000770513 0.363420188 0.055950355 0.000720627 0.998433352 29.176454544
0.998213232 0.024073457 -0.054687027 -77.934814453 -0.024081461 0.999709845 0.000512699 0.350541145 0.054683503 0.000805161 0.998503447 29.926902771
0.998241484 0.024781786 -0.053849496 -77.981140137 -0.024874138 0.999689996 -0.001045428 0.335072041 0.053806897 0.002383049 0.998548508 30.680318832
0.998332500 0.022679575 -0.053083453 -78.022117615 -0.022827152 0.999737024 -0.002175516 0.322714895 0.053020157 0.003383633 0.998587668 31.438631058
0.998394847 0.021425661 -0.052426238 -78.063560486 -0.021566460 0.999765158 -0.002121439 0.310535371 0.052368466 0.003248682 0.998622537 32.197540283
0.998368323 0.025705533 -0.050989814 -78.123222351 -0.025798248 0.999666452 -0.001160850 0.298115313 0.050942969 0.002474403 0.998698473 32.982028961
0.998377681 0.025420267 -0.050949365 -78.169746399 -0.025558518 0.999671221 -0.002063718 0.286661327 0.050880153 0.003362560 0.998699129 33.755027771
0.998283207 0.024892852 -0.053020723 -78.208877563 -0.025037335 0.999684334 -0.002062454 0.272383034 0.052952647 0.003386410 0.998591304 34.530113220
0.998244226 0.022409637 -0.054828919 -78.256187439 -0.022528274 0.999745011 -0.001546576 0.259832025 0.054780282 0.002779061 0.998494565 35.313343048
0.998046577 0.024255788 -0.057573218 -78.319618225 -0.024387337 0.999701321 -0.001583255 0.248880237 0.057517618 0.002984220 0.998340070 36.119667053
0.997793436 0.028017923 -0.060194183 -78.374588013 -0.028164407 0.999602079 -0.001586368 0.226734638 0.060125794 0.003278201 0.998185456 36.909938812
0.997592032 0.029903168 -0.062577151 -78.441123962 -0.030393409 0.999514222 -0.006896820 0.225045398 0.062340528 0.008782146 0.998016238 37.702136993
0.997439206 0.030453835 -0.064711526 -78.506942749 -0.031193389 0.999458730 -0.010448858 0.214255050 0.064358301 0.012440674 0.997849286 38.509368896
0.997317314 0.029840613 -0.066840127 -78.565231323 -0.030719006 0.999454200 -0.012152491 0.198547512 0.066441007 0.014173154 0.997689605 39.320926666
0.997162461 0.029803729 -0.069129445 -78.630073547 -0.030600693 0.999476492 -0.010498140 0.176843062 0.068780378 0.012583760 0.997552514 40.152042389
0.997044802 0.028788174 -0.071224041 -78.697280884 -0.029561887 0.999514520 -0.009832738 0.160551801 0.070906378 0.011909198 0.997411847 40.980262756
0.996955335 0.028063197 -0.072749704 -78.764900208 -0.028752418 0.999550879 -0.008443823 0.148554757 0.072480075 0.010509845 0.997314453 41.818168640
0.996899426 0.027298737 -0.073799357 -78.831481934 -0.027722627 0.999604404 -0.004725442 0.133169308 0.073641174 0.006756703 0.997261882 42.657028198
0.996830940 0.027404210 -0.074680805 -78.898689270 -0.027449731 0.999623060 0.000417025 0.117763929 0.074664079 0.001634264 0.997207403 43.502891541
0.996875167 0.027420184 -0.074081503 -78.968528748 -0.027304493 0.999623895 0.002574103 0.101699941 0.074124239 -0.000543301 0.997248828 44.357173920
0.996953249 0.030558771 -0.071766920 -79.039588928 -0.030456334 0.999532938 0.002521373 0.092031181 0.071810462 -0.000327933 0.997418225 45.216449738
0.997096002 0.030313665 -0.069861211 -79.109443665 -0.030303160 0.999539971 0.001210401 0.084060185 0.069865748 0.000910129 0.997555971 46.072223663
0.997258544 0.028071608 -0.068463363 -79.166564941 -0.028215853 0.999601126 -0.001140580 0.071965024 0.068404041 0.003069205 0.997652948 46.934623718
0.997471809 0.024065118 -0.066863745 -79.220062256 -0.024285141 0.999701977 -0.002479645 0.053254567 0.066784143 0.004097172 0.997759044 47.799026489
0.997649014 0.022890601 -0.064593948 -79.288490295 -0.023134811 0.999727905 -0.003035206 0.045127068 0.064506896 0.004522440 0.997907043 48.680198669
0.997766554 0.020494625 -0.063574955 -79.345878601 -0.020551382 0.999788821 -0.000238855 0.027594933 0.063556634 0.001544875 0.997977018 49.556659698
0.997882903 0.017998213 -0.062495675 -79.405403137 -0.017912734 0.999837697 0.001927818 0.017785253 0.062520236 -0.000804268 0.998043358 50.430427551
0.997924924 0.017292855 -0.062022883 -79.457504272 -0.017167985 0.999849379 0.002545717 -0.001691292 0.062057562 -0.001475626 0.998071492 51.308723450
0.997982204 0.019797219 -0.060329024 -79.523841858 -0.019894101 0.999801517 -0.001005654 -0.016418790 0.060297146 0.002203817 0.998178005 52.183795929
0.997999549 0.022133764 -0.059219077 -79.590003967 -0.022544639 0.999726117 -0.006279081 -0.040234808 0.059063882 0.007601592 0.998225212 53.039695740
0.997986376 0.024251143 -0.058610138 -79.641609192 -0.024992261 0.999616265 -0.011944967 -0.057737608 0.058297977 0.013385713 0.998209417 53.901912689
0.997925758 0.029209713 -0.057367690 -79.709625244 -0.030285088 0.999379814 -0.017966062 -0.079865329 0.056807328 0.019666184 0.998191476 54.749446869
0.997990668 0.028973795 -0.056348782 -79.762992859 -0.030045645 0.999381602 -0.018268326 -0.115020901 0.055784628 0.019924656 0.998243988 55.598167419
0.998075664 0.025623439 -0.056466971 -79.813056946 -0.026382256 0.999570787 -0.012733934 -0.130690396 0.056116443 0.014199155 0.998323321 56.462368011
0.998041451 0.025621058 -0.057068530 -79.868606567 -0.025887812 0.999657035 -0.003939801 -0.151787296 0.056948006 0.005409464 0.998362422 57.328556061
0.998016715 0.024064176 -0.058169018 -79.921585083 -0.023855697 0.999706209 0.004275896 -0.176100492 0.058254834 -0.002879752 0.998297632 58.182235718
0.997939765 0.022295432 -0.060158521 -79.980140686 -0.022219161 0.999751210 0.001936543 -0.189874396 0.060186729 -0.000595881 0.998186946 59.020816803
0.997929394 0.017408123 -0.061918322 -80.038253784 -0.017524099 0.999845505 -0.001330448 -0.205816731 0.061885595 0.002412756 0.998080313 59.860889435
0.997804701 0.016259821 -0.064197585 -80.100944519 -0.016491406 0.999859214 -0.003079049 -0.226601437 0.064138487 0.004130998 0.997932374 60.697406769
0.997569561 0.018181745 -0.067262113 -80.162498474 -0.018587036 0.999812663 -0.005404559 -0.240042970 0.067151256 0.006641628 0.997720718 61.503696442
0.997323275 0.019682672 -0.070417494 -80.229637146 -0.020357404 0.999753416 -0.008877000 -0.258538872 0.070225403 0.010286758 0.997478127 62.323814392
0.996998250 0.020557666 -0.074644260 -80.295639038 -0.021515431 0.999695957 -0.012049591 -0.281555980 0.074373834 0.013619426 0.997137487 63.138790131
0.996726453 0.022591015 -0.077626906 -80.368774414 -0.023909839 0.999584496 -0.016101936 -0.305274546 0.077230886 0.017905273 0.996852458 63.952510834
0.996377826 0.027738629 -0.080385298 -80.458534241 -0.029102437 0.999450862 -0.015843987 -0.332120061 0.079901680 0.018126011 0.996637940 64.752891541
0.995984554 0.031326905 -0.083864875 -80.537384033 -0.032617114 0.999369025 -0.014058397 -0.353595972 0.083371557 0.016737381 0.996377945 65.558311462
0.995559752 0.033973791 -0.087787516 -80.618904114 -0.034813657 0.999361336 -0.008053295 -0.376246393 0.087457851 0.011073738 0.996106684 66.358009338
0.995177567 0.034697875 -0.091747232 -80.701622009 -0.035079576 0.999381244 -0.002550456 -0.395555347 0.091601960 0.005756611 0.995779037 67.172782898
0.994741023 0.034262318 -0.096521504 -80.785964966 -0.034318727 0.999410331 0.001076104 -0.411844015 0.096501462 0.002242052 0.995330274 67.968757629
0.994114637 0.033712287 -0.102954723 -80.875747681 -0.033645671 0.999430954 0.002384072 -0.426764369 0.102976523 0.001093940 0.994683146 68.760902405
0.993566513 0.031334132 -0.108828120 -80.962646484 -0.030842386 0.999504983 0.006199289 -0.437100559 0.108968511 -0.002802887 0.994041204 69.547180176
0.992806315 0.032044858 -0.115362808 -81.059753418 -0.031591725 0.999484301 0.005754589 -0.447820425 0.115487739 -0.002068681 0.993306756 70.326438904
0.991974652 0.036818653 -0.120956868 -81.179214478 -0.036445070 0.999321520 0.005300120 -0.461448699 0.121069968 -0.000849302 0.992643654 71.100944519
0.991170764 0.037917640 -0.127053648 -81.285644531 -0.038006499 0.999275982 0.001725694 -0.472145170 0.127027109 0.003118408 0.991894364 71.867210388
0.990408719 0.037211243 -0.133063570 -81.394248962 -0.037743721 0.999286354 -0.001480712 -0.475326329 0.132913515 0.006488825 0.991106391 72.621086121
0.989592612 0.038631074 -0.138615102 -81.508186340 -0.039377414 0.999220908 -0.002644876 -0.489524662 0.138404936 0.008075655 0.990342796 73.388526917
0.988870025 0.040382288 -0.143196777 -81.628059387 -0.040452093 0.999178588 0.002425016 -0.496896535 0.143177062 0.003394584 0.989691198 74.156860352
0.988029540 0.041274678 -0.148640454 -81.760482788 -0.040753614 0.999147892 0.006550887 -0.505825281 0.148784176 -0.000414835 0.988869607 74.920333862
0.987087905 0.040775441 -0.154902756 -81.885459900 -0.039857239 0.999164641 0.009030053 -0.523212492 0.155141532 -0.002739461 0.987888515 75.680290222
0.986018538 0.038554545 -0.162113845 -82.014129639 -0.038214654 0.999255955 0.005215489 -0.530846238 0.162194267 0.001052554 0.986758292 76.428985596
0.984666586 0.035722509 -0.170750499 -82.150970459 -0.036610719 0.999327540 -0.002054798 -0.536911428 0.170562252 0.008274587 0.985312164 77.178421021
0.983173490 0.033124588 -0.179646090 -82.290084839 -0.034320008 0.999404609 -0.003549555 -0.549009025 0.179421529 0.009655286 0.983724833 77.905097961
0.981238723 0.032373890 -0.190059572 -82.444671631 -0.033096481 0.999451995 -0.000628207 -0.560262799 0.189935073 0.006906725 0.981772363 78.646209717
0.979012489 0.032567870 -0.201181158 -82.604385376 -0.032097429 0.999469101 0.005600871 -0.568757296 0.201256722 0.000974076 0.979538023 79.388244629
0.976547539 0.034339607 -0.212545767 -82.789024353 -0.032303423 0.999392986 0.013046278 -0.571436405 0.212864742 -0.005874355 0.977064013 80.127044678
0.973991275 0.035331026 -0.223814189 -82.953346252 -0.032326773 0.999331474 0.017074050 -0.584919572 0.224267796 -0.009394787 0.974482238 80.835494995
0.971088827 0.038437609 -0.235603526 -83.141548157 -0.036483977 0.999254107 0.012647376 -0.591984868 0.235913888 -0.003685976 0.971766949 81.548561096
0.968200624 0.038682383 -0.247166529 -83.344001770 -0.038958512 0.999233663 0.003775123 -0.598244011 0.247123137 0.005974162 0.968965650 82.253746033
0.964990735 0.036000933 -0.259801626 -83.544456482 -0.037542846 0.999294519 -0.000973683 -0.600195229 0.259583235 0.010693287 0.965661526 82.965126038
0.961824119 0.035443615 -0.271363586 -83.759124756 -0.035643339 0.999355674 0.004194202 -0.608582377 0.271337390 0.005638218 0.962467790 83.683837891
0.958474338 0.035602629 -0.282947510 -83.973464966 -0.033778824 0.999365091 0.011323312 -0.612580597 0.283171058 -0.001295471 0.959068596 84.416206360
0.954871535 0.035481755 -0.294892132 -84.205711365 -0.032010473 0.999349713 0.016591828 -0.615514398 0.295289099 -0.006403429 0.955386579 85.133926392
0.950898528 0.033266079 -0.307709903 -84.441398621 -0.030074971 0.999433339 0.015108356 -0.621766508 0.308038116 -0.005112149 0.951360345 85.841804504
0.947229385 0.030891960 -0.319064558 -84.686149597 -0.028900437 0.999521971 0.010975380 -0.625517249 0.319251090 -0.001175099 0.947669446 86.540000916
0.944459975 0.026877474 -0.327525526 -84.951141357 -0.027000666 0.999626756 0.004171865 -0.630897284 0.327515364 0.004903247 0.944833159 87.219017029
0.941617966 0.022433123 -0.335935175 -85.196434021 -0.024371736 0.999701798 -0.001555144 -0.641222537 0.335800111 0.009651674 0.941883862 87.954399109
0.938957810 0.022182511 -0.343316615 -85.461151123 -0.024887204 0.999684334 -0.003473546 -0.650330901 0.343131185 0.011805704 0.939213395 88.663345337
0.936020136 0.027698260 -0.350854993 -85.747787476 -0.030803870 0.999520123 -0.003272221 -0.667376041 0.350596011 0.013870558 0.936424136 89.367691040
0.932873309 0.027607303 -0.359145224 -86.022514343 -0.029986160 0.999549866 -0.001053660 -0.680675089 0.358954430 0.011752318 0.933281124 90.078170776
0.930120349 0.028506696 -0.366146743 -86.316482544 -0.028323019 0.999581575 0.005874563 -0.684090972 0.366161078 0.004906333 0.930538535 90.776954651
0.927399278 0.030108353 -0.372859359 -86.602729797 -0.026770120 0.999541700 0.014128571 -0.687830031 0.373113960 -0.003121336 0.927780271 91.488090515
0.924769938 0.040260490 -0.378390819 -86.919075012 -0.034883235 0.999169528 0.021057831 -0.696926892 0.378924400 -0.006274152 0.925406337 92.194229126
0.922040403 0.047099385 -0.384217739 -87.231811523 -0.043509390 0.998890162 0.018035868 -0.697336912 0.384640843 0.000087282 0.923066378 92.891616821
0.919804752 0.044164598 -0.389883041 -87.521629333 -0.043280426 0.999001801 0.011057076 -0.704962611 0.389982224 0.006703956 0.920798004 93.555030823
0.917956769 0.035369214 -0.395100474 -87.824905396 -0.037284631 0.999300659 0.002831695 -0.694282472 0.394924343 0.012131798 0.918633580 94.277618408
0.916334927 0.035642270 -0.398823142 -88.137863159 -0.037959337 0.999277115 0.002088731 -0.695768237 0.398609251 0.013225084 0.917025506 94.974769592
0.914209902 0.041954972 -0.403063387 -88.470512390 -0.042503089 0.999067545 0.007589633 -0.705379069 0.403005868 0.010192921 0.915140629 95.675407410
0.911776185 0.044697642 -0.408247739 -88.792419434 -0.043477133 0.998979092 0.012273394 -0.714132786 0.408379495 0.006558854 0.912788749 96.370941162
0.909634054 0.041324276 -0.413349837 -89.105827332 -0.040647168 0.999119043 0.010436242 -0.727006614 0.413416922 0.007308337 0.910512567 97.050926208
0.907437444 0.040226217 -0.418257296 -89.439590454 -0.042192649 0.999099135 0.004549314 -0.739266098 0.418063492 0.013519166 0.908317208 97.740852356
0.905207038 0.036580980 -0.423393577 -89.774009705 -0.041706748 0.999125779 -0.002844244 -0.733032346 0.422919363 0.020232994 0.905941427 98.468429565
