1.000000000 0.000000000 0.000000000 0.000000000 0.000000000 1.000000000 0.000000000 0.000000000 0.000000000 0.000000000 1.000000000 0.000000000
0.999995589 0.002971116 0.000134914 -0.005657004 -0.002971295 0.999994695 0.001345085 -0.012437020 -0.000130917 -0.001345480 0.999999106 0.772694409
0.999985039 0.005431163 0.000608993 -0.012631825 -0.005432330 0.999983370 0.001930603 -0.030093104 -0.000598497 -0.001933883 0.999997973 1.539223671
0.999976993 0.006689670 0.001137142 -0.020870849 -0.006691719 0.999975979 0.001807276 -0.048105292 -0.001125025 -0.001814844 0.999997735 2.275263786
0.999962032 0.008646503 0.001027508 -0.023944220 -0.008648040 0.999961436 0.001500680 -0.061227467 -0.001014493 -0.001509509 0.999998331 3.002905846
0.999959290 0.008851266 0.001746053 -0.033682585 -0.008853396 0.999960065 0.001216022 -0.074635729 -0.001735220 -0.001231431 0.999997735 3.721606016
0.999957204 0.009069513 0.001786847 -0.029075861 -0.009073193 0.999956667 0.002062339 -0.086983308 -0.001768066 -0.002078463 0.999996305 4.416634560
0.999945998 0.009974959 0.002917106 -0.047043175 -0.009989818 0.999936998 0.005123381 -0.103402823 -0.002865817 -0.005152246 0.999982595 5.087635994
0.999943614 0.009717008 0.004287078 -0.040070273 -0.009754443 0.999913692 0.008798203 -0.107033230 -0.004201216 -0.008839526 0.999952018 5.761308670
0.999944448 0.009050164 0.005416520 -0.034379214 -0.009116159 0.999882996 0.012285916 -0.117373243 -0.005304697 -0.012334611 0.999909878 6.393278599
0.999941707 0.008441377 0.006742353 -0.039655842 -0.008539036 0.999857068 0.014589138 -0.126533166 -0.006618236 -0.014645861 0.999870837 6.997087479
0.999931455 0.009005522 0.007479191 -0.023086600 -0.009113723 0.999852359 0.014560978 -0.135768205 -0.007346959 -0.014628144 0.999866009 7.584337711
0.999917865 0.009661224 0.008409536 -0.021330513 -0.009762913 0.999878645 0.012136542 -0.147024751 -0.008291262 -0.012217646 0.999891043 8.132746696
0.999911726 0.009494637 0.009293390 -0.018988729 -0.009579026 0.999912798 0.009078475 -0.149193585 -0.009206384 -0.009166693 0.999915600 8.664588928
0.999911427 0.007889068 0.010711694 -0.005207241 -0.007970903 0.999939203 0.007618885 -0.157472849 -0.010650937 -0.007703592 0.999913573 9.169149399
0.999910593 0.003901459 0.012782735 -0.000892304 -0.003968075 0.999978602 0.005190377 -0.162269503 -0.012762212 -0.005240637 0.999904811 9.630885124
0.999888599 0.002088117 0.014776409 0.008468658 -0.002151474 0.999988556 0.004273108 -0.170584887 -0.014767318 -0.004304422 0.999881685 10.076679230
0.999839664 0.006378780 0.016733348 0.012924239 -0.006416647 0.999976933 0.002210341 -0.180441350 -0.016718863 -0.002317358 0.999857545 10.491440773
0.999745131 0.010931348 0.019756176 0.013688430 -0.010961952 0.999938846 0.001441346 -0.187479824 -0.019739214 -0.001657544 0.999803722 10.878999710
0.999680936 0.011261013 0.022609435 0.026787922 -0.011325845 0.999932110 0.002741469 -0.198090956 -0.022577027 -0.002996664 0.999740660 11.224780083
0.999634802 0.007000607 0.026103949 0.037062645 -0.007088521 0.999969482 0.003276774 -0.204443350 -0.026080213 -0.003460615 0.999653876 11.545129776
0.999585688 0.002694025 0.028654041 0.054930240 -0.002776503 0.999992132 0.002839007 -0.205963910 -0.028646166 -0.002917389 0.999585330 11.827119827
0.999518096 -0.000778883 0.031032437 0.070461839 0.000643895 0.999990344 0.004359661 -0.213120788 -0.031035531 -0.004337579 0.999508917 12.083520889
0.999436617 -0.001136298 0.033541627 0.079607397 0.000958163 0.999985397 0.005326452 -0.218358725 -0.033547189 -0.005291312 0.999423087 12.316384315
0.999362230 -0.000569448 0.035703417 0.084677696 0.000415030 0.999990582 0.004332270 -0.222886086 -0.035705544 -0.004314689 0.999352992 12.519307137
0.999304652 0.000207562 0.037283730 0.104760021 -0.000329638 0.999994576 0.003268118 -0.232321650 -0.037282851 -0.003278135 0.999299347 12.715610504
0.999181628 0.002644997 0.040361516 0.101518124 -0.002740253 0.999993682 0.002304931 -0.234526932 -0.040355161 -0.002413645 0.999182463 12.876154900
0.999098718 0.005477965 0.042091817 0.104514897 -0.005553444 0.999983251 0.001676471 -0.241328210 -0.042081926 -0.001908714 0.999112308 13.044410706
0.999036133 0.006966326 0.043339536 0.111630470 -0.006987061 0.999975622 0.000326965 -0.249114558 -0.043336190 -0.000629467 0.999060333 13.202238083
0.998955131 0.005765951 0.045335688 0.120244175 -0.005714942 0.999982893 -0.001254691 -0.258012295 -0.045342147 0.000994289 0.998970926 13.349823952
0.998873651 0.005013713 0.047183633 0.117890954 -0.004883063 0.999983907 -0.002883827 -0.260735154 -0.047197334 0.002650178 0.998882055 13.488607407
0.998828292 0.004045772 0.048223633 0.136719644 -0.003863405 0.999984980 -0.003874298 -0.260928690 -0.048238583 0.003683451 0.998829067 13.625370979
0.998759031 0.004798987 0.049571548 0.145446420 -0.004547743 0.999976277 -0.005179846 -0.264590204 -0.049595229 0.004947979 0.998757124 13.760161400
0.998684943 0.005522644 0.050968699 0.150056243 -0.005173187 0.999962270 -0.006985704 -0.271892965 -0.051005356 0.006712846 0.998675823 13.878322601
0.998629034 0.005885422 0.052012376 0.154293776 -0.005388136 0.999938548 -0.009695978 -0.268181145 -0.052066244 0.009402438 0.998599291 14.007023811
0.998613417 0.004824716 0.052418470 0.167567790 -0.004215400 0.999922395 -0.011728399 -0.274773002 -0.052470990 0.011491171 0.998556316 14.130524635
0.998631656 0.004130743 0.052133165 0.171010077 -0.003428081 0.999902189 -0.013560452 -0.278297901 -0.052184083 0.013363177 0.998548090 14.251440048
0.998744607 0.003610156 0.049959026 0.178010702 -0.002866653 0.999884248 -0.014945910 -0.280017972 -0.050007194 0.014783934 0.998639405 14.375847816
0.998891234 0.003720344 0.046931788 0.180226624 -0.002991082 0.999873936 -0.015599412 -0.286502004 -0.046983909 0.015441736 0.998776317 14.504532814
0.999079049 0.004352645 0.042684741 0.187802315 -0.003620882 0.999845445 -0.017205790 -0.282470942 -0.042753033 0.017035389 0.998940349 14.629969597
0.999309301 0.004102818 0.036933653 0.183855236 -0.003436609 0.999830604 -0.018083423 -0.288746446 -0.037001595 0.017944004 0.999154091 14.763972282
0.999533176 0.004002996 0.030291833 0.181439430 -0.003438890 0.999820232 -0.018651631 -0.294344157 -0.030361054 0.018538756 0.999367058 14.877874374
0.999731243 0.003829904 0.022863360 0.183127105 -0.003391351 0.999810159 -0.019189501 -0.300530165 -0.022932515 0.019106811 0.999554455 15.004247665
0.999880731 0.003629471 0.015009572 0.169837087 -0.003322402 0.999785721 -0.020432789 -0.299139321 -0.015080513 0.020380484 0.999678552 15.132726669
0.999983191 0.002841109 0.005041804 0.160413593 -0.002731529 0.999762774 -0.021609567 -0.302322447 -0.005102001 0.021595431 0.999753714 15.264420509
0.999966025 0.001235259 -0.008143654 0.152573884 -0.001423436 0.999731183 -0.023141962 -0.306719363 0.008112879 0.023152765 0.999698997 15.414455414
0.999707162 0.000277768 -0.024195092 0.131729513 -0.000885929 0.999683738 -0.025128642 -0.309123039 0.024180461 0.025142718 0.999391377 15.569370270
0.999056756 0.000831081 -0.043412428 0.103041291 -0.001975569 0.999651372 -0.026326923 -0.308954775 0.043375418 0.026387855 0.998710334 15.749724388
0.997884631 0.001641803 -0.064989828 0.065272331 -0.003323901 0.999662042 -0.025782835 -0.317990005 0.064925537 0.025944311 0.997552752 15.921299934
0.996033132 0.001694737 -0.088967882 0.035031319 -0.003881413 0.999694467 -0.024411021 -0.324681580 0.088899344 0.024659503 0.995735347 16.127620697
0.993337393 0.003269473 -0.115195572 -0.018888354 -0.005937743 0.999721706 -0.022827433 -0.330154151 0.115088902 0.023359349 0.993080497 16.333711624
0.989407599 0.004616142 -0.145090342 -0.090386629 -0.007668134 0.999760747 -0.020482911 -0.339997679 0.144961089 0.021378525 0.989206374 16.561624527
0.983933926 0.004667792 -0.178471982 -0.159564257 -0.007877799 0.999819577 -0.017281607 -0.340890080 0.178359121 0.018409928 0.983793199 16.815290451
0.976614177 0.005871826 -0.214918733 -0.251938343 -0.008918792 0.999872983 -0.013210301 -0.348534167 0.214813858 0.014818185 0.976542532 17.057046890
0.966887951 0.007185529 -0.255100280 -0.349405527 -0.009541636 0.999922395 -0.007999686 -0.351639152 0.255023003 0.010168870 0.966881514 17.315517426
0.955108285 0.011331324 -0.296040088 -0.487773418 -0.012739245 0.999914885 -0.002827316 -0.358419925 0.295982897 0.006471719 0.955171347 17.598215103
0.940953553 0.014727624 -0.338215262 -0.628489017 -0.015151602 0.999884248 0.001386599 -0.360529989 0.338196546 0.003819777 0.941067815 17.872629166
0.924203873 0.017288556 -0.381507963 -0.775745869 -0.015635164 0.999850154 0.007433367 -0.366449475 0.381579280 -0.000905007 0.924335599 18.145336151
0.904833019 0.020466993 -0.425274312 -0.939247131 -0.015532726 0.999765813 0.015067157 -0.372097641 0.425483167 -0.007027592 0.904939055 18.426618576
0.883176625 0.024861142 -0.468381315 -1.113392353 -0.016782168 0.999629855 0.021414863 -0.369693071 0.468740284 -0.011052649 0.883266866 18.677497864
0.858417451 0.030694557 -0.512032568 -1.324432373 -0.019986272 0.999451458 0.026406825 -0.375389218 0.512562215 -0.012434455 0.858560026 18.954568863
0.830349505 0.033657409 -0.556225598 -1.551498890 -0.020606780 0.999346137 0.029708410 -0.370690256 0.556861758 -0.013206345 0.830500185 19.230499268
0.799444914 0.037768923 -0.599550962 -1.797485352 -0.023390867 0.999221861 0.031756818 -0.369134605 0.600283802 -0.011363810 0.799706280 19.490751266
0.765443027 0.041021176 -0.642194986 -2.073023796 -0.024137458 0.999094129 0.035048805 -0.363485634 0.643050909 -0.011326911 0.765739739 19.768119812
0.728958011 0.044423588 -0.683115482 -2.386013031 -0.024988066 0.998953879 0.038297873 -0.344850838 0.684102178 -0.010847809 0.729305506 20.039123535
0.689894617 0.045053750 -0.722506404 -2.713487625 -0.022249743 0.998909593 0.041044123 -0.327039838 0.723567665 -0.012240546 0.690144777 20.303565979
0.648694754 0.044996001 -0.759717464 -3.064539909 -0.019802909 0.998910725 0.042253792 -0.311299562 0.760791123 -0.012365198 0.648879111 20.566467285
0.605743945 0.044044055 -0.794439733 -3.446725845 -0.014317238 0.998908460 0.044463284 -0.300370872 0.795530856 -0.015559188 0.605713248 20.824855804
0.561575890 0.044175781 -0.826245129 -3.847164154 -0.009640653 0.998855293 0.046852022 -0.286521912 0.827369094 -0.018345425 0.561358929 21.055606842
0.514298320 0.045435645 -0.856406927 -4.280853271 -0.007398074 0.998793483 0.048547026 -0.264758766 0.857579529 -0.018631890 0.514013886 21.284437180
0.465257823 0.044694241 -0.884046078 -4.746706486 -0.006748408 0.998874485 0.046947990 -0.234324276 0.885149539 -0.015877012 0.465035796 21.475406647
0.412516803 0.043665223 -0.909902871 -5.235477448 -0.000991668 0.998871446 0.047485135 -0.214978158 0.910949469 -0.018686095 0.412094474 21.671281815
0.358638018 0.043194965 -0.932476819 -5.716657639 0.004497604 0.998837292 0.047998775 -0.201376855 0.933465898 -0.021408100 0.358026743 21.829984665
0.303878695 0.042203497 -0.951775551 -6.243485451 0.007619790 0.998878777 0.046724956 -0.177722156 0.952680230 -0.021451049 0.303216368 21.972406387
0.251080543 0.047957048 -0.966777503 -6.811887741 0.008289838 0.998628795 0.051689975 -0.146161914 0.967930675 -0.020992775 0.250338674 22.077030182
0.200364232 0.053245835 -0.978273571 -7.399778366 0.010915259 0.998338819 0.056573555 -0.120391250 0.979660630 -0.022013426 0.199450240 22.160373688
0.151732951 0.054318909 -0.986927867 -8.008496284 0.016890215 0.998200536 0.057536080 -0.090467393 0.988277137 -0.025399543 0.150542438 22.243453979
0.107345536 0.055680245 -0.992661357 -8.627573013 0.018927481 0.998135149 0.058034085 -0.065990210 0.994041502 -0.025018277 0.106091492 22.284822464
0.067363501 0.054031722 -0.996264458 -9.261144638 0.019150153 0.998278558 0.055435829 -0.037617981 0.997544706 -0.022812968 0.066212825 22.292699814
0.031406719 0.049529288 -0.998278677 -9.898190498 0.017221892 0.998596370 0.050086860 -0.002432346 0.999358296 -0.018765314 0.030509645 22.293243408
0.003053810 0.049274672 -0.998780489 -10.574373245 0.014687666 0.998675346 0.049314391 0.035649538 0.999887407 -0.014820354 0.002326034 22.267457962
-0.017687442 0.053324547 -0.998420596 -11.277179718 0.013607109 0.998497248 0.053087585 0.067307591 0.999750972 -0.012646634 -0.018386461 22.233760834
-0.031100295 0.059741467 -0.997729242 -11.989422798 0.015630942 0.998119116 0.059277587 0.095159590 0.999394059 -0.013751897 -0.031975619 22.216926575
-0.038960412 0.062198274 -0.997303069 -12.732770920 0.015196912 0.997982323 0.061646961 0.131330252 0.999125123 -0.012754136 -0.039827019 22.178096771
-0.042785667 0.059483934 -0.997311831 -13.490818977 0.016259193 0.998135269 0.058835506 0.164845467 0.998951972 -0.013698172 -0.043673046 22.137428284
-0.041819025 0.055626571 -0.997575462 -14.268001556 0.023626219 0.998224795 0.054672360 0.202466488 0.998845875 -0.021282591 -0.043059029 22.109395981
-0.037797660 0.054012343 -0.997824609 -15.078311920 0.035497654 0.997980475 0.052676126 0.250517011 0.998654664 -0.033429399 -0.039638642 22.098419189
-0.031959035 0.054293800 -0.998013437 -15.899960518 0.035923854 0.997940719 0.053139471 0.288112581 0.998843312 -0.034154203 -0.033843666 22.071565628
-0.026942028 0.053020552 -0.998229921 -16.754079819 0.034078881 0.998060644 0.052091774 0.318203568 0.999055922 -0.032615092 -0.028696654 22.042387009
-0.023981638 0.046516556 -0.998629630 -17.621232986 0.037798859 0.998244882 0.045590915 0.358666658 0.998997509 -0.036653720 -0.025697824 22.033168793
-0.021761853 0.035622824 -0.999128342 -18.506425858 0.035313223 0.998768747 0.034840856 0.396297693 0.999139309 -0.034524236 -0.022993017 22.008995056
-0.021224758 0.027449841 -0.999397814 -19.403375626 0.027656768 0.999256611 0.026858598 0.420549214 0.999392092 -0.027070042 -0.021968152 21.973758698
-0.022294017 0.024457367 -0.999452293 -20.317222595 0.022029242 0.999469995 0.023966409 0.447261244 0.999508679 -0.021482864 -0.022820977 21.936599731
-0.025987381 0.030797265 -0.999187708 -21.280153275 0.012841987 0.999453127 0.030471442 0.465206712 0.999579728 -0.012039685 -0.026368668 21.898927689
-0.030901438 0.039102919 -0.998757303 -22.244897842 0.008233365 0.999210417 0.038865931 0.489464372 0.999488533 -0.007022119 -0.031198990 21.850320816
-0.035376921 0.048522107 -0.998195410 -23.219062805 0.006771540 0.998809338 0.048311964 0.526001990 0.999351084 -0.005050191 -0.035663363 21.800601959
-0.037292328 0.058398869 -0.997596562 -24.256164551 0.005268753 0.998288572 0.058242418 0.569918811 0.999290526 -0.003084094 -0.037536200 21.766914368
-0.038353056 0.066298306 -0.997062504 -25.274660110 0.007345745 0.997788370 0.066064008 0.616560519 0.999237299 -0.004790410 -0.038755238 21.727241516
-0.039981674 0.067123555 -0.996943295 -26.306453705 0.008346363 0.997728646 0.066841699 0.672093749 0.999165595 -0.005648406 -0.040451106 21.684425354
-0.041464604 0.064208038 -0.997074723 -27.304941177 0.006833255 0.997927785 0.063978806 0.724648952 0.999116600 -0.004160410 -0.041817442 21.634426117
-0.044022523 0.059329242 -0.997267246 -28.323123932 0.006409145 0.998231232 0.059103675 0.773329616 0.999009967 -0.003789739 -0.044324905 21.581378937
-0.048690237 0.054037597 -0.997351110 -29.364015579 0.006509529 0.998531342 0.053783763 0.822583735 0.998792648 -0.003873542 -0.048970502 21.524177551
-0.054422777 0.049599629 -0.997285306 -30.379903793 0.006772827 0.998760879 0.049303424 0.862055838 0.998495042 -0.004071212 -0.054691266 21.466745377
-0.061021496 0.047676206 -0.996997118 -31.402135849 0.005954519 0.998858154 0.047400754 0.903603196 0.998118758 -0.003044175 -0.061235707 21.387166977
-0.067886636 0.050138447 -0.996432364 -32.450672150 0.006380444 0.998737812 0.049819760 0.945380330 0.997672558 -0.002975586 -0.068120860 21.316698074
-0.074072704 0.054818019 -0.995745122 -33.518245697 0.004677899 0.998496115 0.054621488 0.989801526 0.997241855 -0.000612033 -0.074217744 21.226852417
-0.080070220 0.057656687 -0.995120406 -34.572891235 0.001618505 0.998331964 0.057712540 1.033220410 0.996787846 0.003010448 -0.080029987 21.127117157
-0.085144058 0.060162745 -0.994550645 -35.633876801 -0.000764316 0.998171091 0.060447190 1.077430487 0.996368349 0.005906870 -0.084942371 21.037136078
-0.087780334 0.061333410 -0.994249821 -36.708732605 -0.005722310 0.998055160 0.062073365 1.130362749 0.996123493 0.011138227 -0.087258644 20.929061890
-0.089450307 0.062591694 -0.994022667 -37.769199371 -0.010184261 0.997913778 0.063753180 1.184632778 0.995939136 0.015826128 -0.088626236 20.821006775
-0.090788595 0.062240113 -0.993923306 -38.860237122 -0.010628770 0.997927606 0.063461721 1.231899858 0.995813429 0.016325789 -0.089938901 20.711275101
-0.092019990 0.061446749 -0.993859470 -39.941967010 -0.011158331 0.997967899 0.062733889 1.285402536 0.995694637 0.016862588 -0.091147378 20.599140167
-0.093157962 0.060525872 -0.993809938 -41.027626038 -0.012092732 0.998008132 0.061915111 1.342739701 0.995577931 0.017785763 -0.092240483 20.495710373
-0.094015747 0.059665635 -0.993781149 -42.114715576 -0.014372953 0.998017073 0.061279695 1.395709038 0.995467007 0.020044828 -0.092971742 20.383962631
-0.094670109 0.057141442 -0.993867517 -43.191986084 -0.018992200 0.998065948 0.059191927 1.445516706 0.995327532 0.024479434 -0.093401767 20.265766144
-0.094948091 0.052152105 -0.994115174 -44.276641846 -0.023828715 0.998221636 0.054643404 1.494168043 0.995197058 0.028876774 -0.093536519 20.153650284
-0.094114617 0.051803317 -0.994212687 -45.385604858 -0.025597230 0.998189270 0.054433621 1.536277890 0.995232165 0.030572092 -0.092618190 20.038063049
-0.092548966 0.055844557 -0.994140863 -46.495498657 -0.026521612 0.997933567 0.058526617 1.584931135 0.995354831 0.031782798 -0.090876639 19.931905746
-0.090485170 0.059197359 -0.994136930 -47.594783783 -0.026654769 0.997730255 0.061837427 1.629512072 0.995541096 0.032093856 -0.088701911 19.825050354
-0.089168519 0.058922634 -0.994272113 -48.709014893 -0.024499180 0.997816801 0.061329834 1.681843042 0.995715141 0.029827548 -0.087530293 19.724172592
-0.086741395 0.057956263 -0.994543612 -49.815834045 -0.024528760 0.997879446 0.060289990 1.735989809 0.995928824 0.029624557 -0.085135870 19.624856949
-0.082692653 0.058193315 -0.994874537 -50.952217102 -0.028935505 0.997732580 0.060765564 1.797697544 0.996154964 0.033812057 -0.080821298 19.521392822
-0.076654077 0.059014618 -0.995309711 -52.076969147 -0.034109853 0.997507274 0.061771896 1.852131009 0.996474147 0.038684931 -0.074450009 19.416156769
-0.070664346 0.058397673 -0.995789349 -53.195793152 -0.038044576 0.997400582 0.061191946 1.907900810 0.996774375 0.042208474 -0.068258971 19.319705963
-0.065230586 0.057571616 -0.996208072 -54.354267120 -0.039520625 0.997401953 0.060228370 1.966822863 0.997087300 0.043299504 -0.062785842 19.244016647
-0.059661351 0.056589358 -0.996613383 -55.489391327 -0.039050341 0.997495234 0.058977149 2.023885250 0.997454584 0.042436738 -0.057302073 19.176195145
-0.054170042 0.056278948 -0.996944427 -56.635345459 -0.037758678 0.997580886 0.058366530 2.079108238 0.997817576 0.040805019 -0.051913977 19.106067657
-0.048785485 0.056997586 -0.997181654 -57.777210236 -0.036494117 0.997602105 0.058807038 2.129815578 0.998142362 0.039260190 -0.046588425 19.049560547
-0.042659700 0.058692086 -0.997364283 -58.937404633 -0.035826202 0.997541010 0.060234882 2.181633472 0.998447180 0.038301367 -0.040452085 18.990003586
-0.037132286 0.059874292 -0.997514963 -60.085403442 -0.036351774 0.997461975 0.061224282 2.238698483 0.998648942 0.038534835 -0.034861498 18.942461014
-0.032358341 0.058901645 -0.997739136 -61.235237122 -0.035786591 0.997553647 0.060051296 2.292561293 0.998835385 0.037648842 -0.030171290 18.912052155
-0.027213503 0.054331444 -0.998152018 -62.384983063 -0.036201943 0.997813284 0.055300009 2.345173359 0.998973906 0.037639949 -0.025187088 18.869668961
-0.022616858 0.049132433 -0.998536110 -63.540252686 -0.036359787 0.998090446 0.049934048 2.387624979 0.999082804 0.037435908 -0.020787220 18.837867737
-0.019114707 0.048751079 -0.998627901 -64.702148438 -0.036101762 0.998125434 0.049417559 2.430289745 0.999165356 0.036996830 -0.017318873 18.814746857
-0.015312882 0.051102899 -0.998576045 -65.865539551 -0.035413202 0.998038828 0.051618461 2.471141815 0.999255359 0.036153205 -0.013473134 18.777723312
-0.013585687 0.051220771 -0.998594940 -67.050704956 -0.035110857 0.998046815 0.051670332 2.504392624 0.999291062 0.035763498 -0.011760744 18.765295029
-0.012558323 0.050768346 -0.998631537 -68.222152710 -0.036854163 0.998008192 0.051200122 2.555076599 0.999241769 0.037446704 -0.010662285 18.742584229
-0.011197783 0.051831637 -0.998593032 -69.381378174 -0.038202040 0.997904420 0.052224282 2.596870661 0.999207258 0.038733080 -0.009194244 18.720884323
-0.010865922 0.051633578 -0.998606980 -70.571090698 -0.038542416 0.997902155 0.052016512 2.639292479 0.999197841 0.039053928 -0.008853047 18.710359573
-0.009493058 0.049341217 -0.998736858 -71.742858887 -0.039064009 0.998001158 0.049676165 2.686458349 0.999191642 0.039486241 -0.007546618 18.689634323
-0.008476811 0.047659338 -0.998827636 -72.923553467 -0.037493262 0.998145998 0.047945000 2.735292673 0.999260902 0.037855733 -0.006674192 18.670764923
-0.008774485 0.047974471 -0.998809993 -74.115806580 -0.033878945 0.998260796 0.048245717 2.765465736 0.999387443 0.034261961 -0.007133899 18.670814514
-0.008559341 0.048433550 -0.998789728 -75.301757812 -0.031813327 0.998307586 0.048682801 2.810446262 0.999457240 0.032191515 -0.007004023 18.658359528
-0.008269135 0.051535878 -0.998636901 -76.489410400 -0.031221993 0.998170793 0.051770359 2.846174479 0.999478281 0.031607527 -0.006644956 18.645854950
-0.007248346 0.055238742 -0.998446822 -77.670555115 -0.033568595 0.997896910 0.055452008 2.889086246 0.999410152 0.033918396 -0.005378814 18.619308472
-0.006697716 0.055163499 -0.998454869 -78.856559753 -0.036224209 0.997808635 0.055370782 2.933853865 0.999321282 0.036539104 -0.004684783 18.600177765
-0.007097641 0.053261179 -0.998555362 -80.060462952 -0.037093621 0.997879267 0.053488772 2.975240707 0.999286592 0.037419681 -0.005106939 18.598039627
-0.006341612 0.050596468 -0.998698950 -81.241134644 -0.036934938 0.998025835 0.050796889 3.023868561 0.999297559 0.037209015 -0.004460316 18.580286026
-0.006329253 0.050356001 -0.998711288 -82.426879883 -0.034656838 0.998120189 0.050545838 3.060265064 0.999379218 0.034932088 -0.004572177 18.566368103
-0.006352286 0.051373728 -0.998659372 -83.603195190 -0.033695959 0.998101294 0.051559359 3.105823755 0.999412000 0.033978298 -0.004609138 18.559108734
-0.005526267 0.053985953 -0.998526394 -84.787353516 -0.032679632 0.997998536 0.054138273 3.149657011 0.999450624 0.032930654 -0.003750966 18.539575577
-0.005635492 0.056951180 -0.998360991 -85.948570251 -0.033165589 0.997817159 0.057107344 3.185679674 0.999433994 0.033433069 -0.003734370 18.539575577
-0.005280677 0.057131249 -0.998352766 -87.115928650 -0.034620870 0.997757673 0.057280317 3.231995583 0.999386549 0.034866314 -0.003290903 18.523757935
-0.005484736 0.054690041 -0.998488247 -88.287155151 -0.034173641 0.997909844 0.054846071 3.280017853 0.999400854 0.034422796 -0.003604315 18.516054153
-0.004781862 0.053528402 -0.998554885 -89.453262329 -0.033554070 0.997995377 0.053659093 3.321763754 0.999425471 0.033762164 -0.002976181 18.503833771
-0.004828187 0.054716472 -0.998490214 -90.616470337 -0.031910438 0.997984946 0.054843079 3.364344120 0.999479055 0.032127060 -0.003072431 18.495367050
-0.004199936 0.057424132 -0.998340964 -91.786735535 -0.029984282 0.997893691 0.057524540 3.414633751 0.999541521 0.030176140 -0.002469268 18.479541779
-0.004304319 0.059747133 -0.998204291 -92.934921265 -0.028494956 0.997800827 0.059845857 3.460884571 0.999584675 0.028701382 -0.002592360 18.481149673
-0.003881378 0.061356045 -0.998108387 -94.101478577 -0.029103752 0.997686148 0.061443262 3.512945652 0.999568820 0.029287186 -0.002086706 18.469614029
-0.003463602 0.063425891 -0.997980595 -95.266860962 -0.032045886 0.997466862 0.063504472 3.563981771 0.999480426 0.032201130 -0.001422290 18.453567505
-0.002965735 0.063139446 -0.998000324 -96.422698975 -0.034099549 0.997417927 0.063203923 3.607995987 0.999414027 0.034218807 -0.000805051 18.442716599
-0.003014944 0.058601003 -0.998276949 -97.575691223 -0.036443181 0.997611940 0.058672037 3.665464640 0.999331176 0.036557280 -0.000872138 18.427669525
-0.002496158 0.056794725 -0.998382866 -98.733398438 -0.037860546 0.997664690 0.056848548 3.717449427 0.999279916 0.037941221 -0.000340049 18.414331436
-0.002305938 0.055239476 -0.998470426 -99.895942688 -0.037241518 0.997775733 0.055287052 3.758607388 0.999303639 0.037312035 -0.000243607 18.412242889
-0.002318319 0.055686466 -0.998445690 -101.060485840 -0.035943728 0.997798443 0.055733826 3.805565834 0.999351084 0.036017064 -0.000311636 18.414876938
-0.002291120 0.057794686 -0.998325825 -102.208572388 -0.036004372 0.997676432 0.057839714 3.851298571 0.999348998 0.036076605 -0.000204935 18.402139664
-0.002326154 0.059932917 -0.998199701 -103.376129150 -0.034678403 0.997597158 0.059977550 3.899709702 0.999395788 0.034755491 -0.000242187 18.399484634
-0.002871052 0.058885727 -0.998260617 -104.531890869 -0.038667407 0.997511625 0.058952756 3.951740980 0.999247968 0.038769417 -0.000586949 18.387054443
-0.002834901 0.060162492 -0.998184621 -105.698768616 -0.042188991 0.997292697 0.060228553 4.005043030 0.999105632 0.042283136 -0.000289031 18.373180389
-0.003090365 0.059482284 -0.998224556 -106.873489380 -0.045884170 0.997169554 0.059561476 4.057911873 0.998941898 0.045986775 -0.000352322 18.352621078
-0.003506132 0.055317853 -0.998462617 -108.049285889 -0.046612211 0.997374475 0.055421252 4.112943172 0.998906970 0.046734873 -0.000918438 18.348123550
-0.003893011 0.051800393 -0.998649895 -109.224555969 -0.046487037 0.997568369 0.051925518 4.153250694 0.998911321 0.046626430 -0.001475497 18.332469940
-0.004932677 0.050855238 -0.998693824 -110.421249390 -0.043096162 0.997767329 0.051020913 4.200864792 0.999058783 0.043291543 -0.002729998 18.324901581
-0.005299921 0.050107062 -0.998729765 -111.606315613 -0.038601950 0.997989058 0.050274756 4.246076107 0.999240577 0.038819361 -0.003355033 18.324222565
-0.005500007 0.051983908 -0.998632729 -112.815597534 -0.037772201 0.997924268 0.052155074 4.293824196 0.999271274 0.038007412 -0.003525045 18.310384750
-0.006452747 0.056192342 -0.998399079 -114.039512634 -0.036887087 0.997727036 0.056392923 4.330412865 0.999298573 0.037191924 -0.004365307 18.298892975
-0.006909609 0.055866413 -0.998414338 -115.274261475 -0.035244469 0.997804344 0.056076180 4.398766994 0.999354839 0.035576046 -0.004925455 18.289913177
-0.007881963 0.051298052 -0.998652279 -116.495414734 -0.035091922 0.998053968 0.051544294 4.450846672 0.999353051 0.035450898 -0.006066477 18.278882980
-0.008590815 0.047792420 -0.998820424 -117.730232239 -0.035539430 0.998211563 0.048068970 4.492747307 0.999331415 0.035910469 -0.006876936 18.259790421
-0.008939359 0.046421751 -0.998881936 -118.986801147 -0.034505628 0.998312593 0.046704106 4.538832664 0.999364495 0.034884553 -0.007322465 18.247116089
-0.009869720 0.047501683 -0.998822391 -120.226844788 -0.036442913 0.998190284 0.047831740 4.586341858 0.999286950 0.036872078 -0.008120758 18.229665756
-0.010051580 0.052381758 -0.998576522 -121.497428894 -0.041381497 0.997749746 0.052754924 4.630521774 0.999092817 0.041852858 -0.007861326 18.201421738
-0.010081084 0.055741973 -0.998394310 -122.758140564 -0.046971463 0.997316420 0.056156084 4.678487778 0.998845339 0.047462158 -0.007435749 18.163684845
-0.010190120 0.055280667 -0.998418868 -124.020301819 -0.054101951 0.996977687 0.055753045 4.735729694 0.998483419 0.054584537 -0.007168530 18.134801865
-0.009899148 0.053254846 -0.998531938 -125.277030945 -0.057534430 0.996896267 0.053737991 4.787812233 0.998294413 0.057981923 -0.006804436 18.104999542
-0.010562790 0.052005604 -0.998590946 -126.547637939 -0.059985451 0.996815145 0.052547634 4.839129925 0.998143375 0.060455978 -0.007409570 18.086830139
-0.011496295 0.051068891 -0.998628914 -127.807479858 -0.059852097 0.996869147 0.051667925 4.884714127 0.998141050 0.060364034 -0.008403722 18.068796158
-0.011415086 0.051000435 -0.998633385 -129.096099854 -0.057913344 0.996988237 0.051578414 4.922801495 0.998256326 0.058422975 -0.008427101 18.043573380
-0.012085631 0.051643137 -0.998592496 -130.348541260 -0.057773668 0.996961057 0.052257977 4.968601704 0.998256505 0.058323927 -0.009065290 18.027725220
-0.012674143 0.056662809 -0.998313069 -131.617523193 -0.057891630 0.996676803 0.057304922 5.016683578 0.998242438 0.058520261 -0.009351722 18.005960464
-0.013120224 0.060850963 -0.998060644 -132.897537231 -0.057056151 0.996474683 0.061504319 5.070546627 0.998284757 0.057752449 -0.009602047 17.982883453
-0.013165872 0.059733570 -0.998127639 -134.155853271 -0.057109147 0.996539652 0.060391851 5.121282578 0.998281181 0.057797324 -0.009708981 17.957027435
-0.012383007 0.057988457 -0.998240471 -135.419601440 -0.057008281 0.996652186 0.058603369 5.178822994 0.998296916 0.057633653 -0.009035732 17.938943863
-0.011108211 0.057313368 -0.998294413 -136.667953491 -0.055818882 0.996763766 0.057846598 5.233328819 0.998379052 0.056366250 -0.007873095 17.917705536
-0.010321839 0.056512002 -0.998348594 -137.920074463 -0.056422614 0.996778250 0.057006452 5.282329559 0.998353601 0.056917850 -0.007100030 17.901386261
-0.009561497 0.058682684 -0.998230875 -139.176116943 -0.056626644 0.996642768 0.059131723 5.335170746 0.998349667 0.057091851 -0.006206393 17.889337540
-0.008865863 0.061962008 -0.998039067 -140.425292969 -0.057467613 0.996397197 0.062370569 5.396180630 0.998308003 0.057907898 -0.005273112 17.870712280
-0.007657441 0.063218020 -0.997970343 -141.672760010 -0.059405167 0.996208251 0.063562214 5.449020863 0.998204589 0.059771322 -0.003872928 17.851980209
-0.006254286 0.060749739 -0.998133421 -142.937194824 -0.061221335 0.996257246 0.061019164 5.498737335 0.998104572 0.061488703 -0.002511697 17.836980820
-0.006451199 0.057753749 -0.998310030 -144.176788330 -0.059598356 0.996533930 0.058036126 5.551784992 0.998201609 0.059872035 -0.002986810 17.829292297
-0.005983552 0.056285702 -0.998396754 -145.423065186 -0.056875806 0.996779263 0.056535378 5.598474503 0.998363316 0.057122905 -0.002762986 17.820781708
-0.006641076 0.055852301 -0.998416960 -146.654251099 -0.054999035 0.996907294 0.056133684 5.643647194 0.998464406 0.055284761 -0.003548714 17.814613342
-0.006665211 0.056518547 -0.998379230 -147.885589600 -0.052521285 0.997003734 0.056791309 5.685083389 0.998597503 0.052814689 -0.003676812 17.807037354
-0.006460946 0.054415256 -0.998497486 -149.136657715 -0.051375628 0.997181594 0.054675974 5.751202583 0.998658478 0.051651690 -0.003647118 17.793209076
-0.006307047 0.054210480 -0.998509586 -150.379318237 -0.050303467 0.997248113 0.054459725 5.804550648 0.998714089 0.050571971 -0.003562715 17.780866623
-0.006728707 0.057101805 -0.998345673 -151.610641479 -0.048358727 0.997181535 0.057361156 5.853030682 0.998807371 0.048664697 -0.003948371 17.774974823
-0.006805915 0.058368091 -0.998271942 -152.841018677 -0.045765094 0.997230768 0.058619231 5.904699326 0.998929083 0.046084955 -0.004115846 17.765846252
-0.006788415 0.056950115 -0.998353958 -154.069915771 -0.043492205 0.997415423 0.057192307 5.956657410 0.999030709 0.043808863 -0.004293984 17.754461288
-0.007795003 0.057231274 -0.998330534 -155.290649414 -0.044823777 0.997337401 0.057524320 6.008752823 0.998964548 0.045197345 -0.005208925 17.741907120
-0.007505352 0.061962090 -0.998050392 -156.541885376 -0.045145772 0.997039735 0.062238865 6.061113358 0.998952210 0.045524865 -0.004685808 17.729141235
-0.006856226 0.068597026 -0.997620940 -157.774627686 -0.049941767 0.996375978 0.068854652 6.117262363 0.998728633 0.050295033 -0.003405522 17.709154129
-0.006011783 0.068782054 -0.997613609 -158.998657227 -0.055102345 0.996093154 0.069009282 6.178715229 0.998462617 0.055385716 -0.002198243 17.687665939
-0.004233904 0.064840816 -0.997886777 -160.240463257 -0.059122968 0.996133626 0.064977765 6.241118431 0.998241842 0.059273127 -0.000383954 17.662033081
-0.002750433 0.059667561 -0.998214602 -161.462356567 -0.060925480 0.996353865 0.059724219 6.295909405 0.998138547 0.060980968 0.000894871 17.647901535
-0.001928352 0.058163188 -0.998305202 -162.683166504 -0.063236512 0.996301889 0.058168620 6.344145298 0.997996688 0.063241504 0.001756817 17.645015717
-0.000620140 0.054727353 -0.998501062 -163.892456055 -0.058247052 0.996804059 0.054670505 6.395308495 0.998301983 0.058193661 0.002569549 17.642215729
-0.000192967 0.050209533 -0.998738825 -165.132751465 -0.055129629 0.997219324 0.050143801 6.446138382 0.998479187 0.055069778 0.002575602 17.637237549
-0.000948213 0.046801060 -0.998903811 -166.341766357 -0.048781257 0.997712910 0.046791561 6.486454964 0.998809040 0.048772141 0.001336970 17.645463943
-0.001769981 0.049888473 -0.998753309 -167.568328857 -0.046893477 0.997651935 0.049916565 6.529816628 0.998898327 0.046923365 0.000573619 17.635086060
-0.000893850 0.056697607 -0.998390973 -168.794631958 -0.046416808 0.997312963 0.056677934 6.562027454 0.998921752 0.046392795 0.001740273 17.632364273
0.000013914 0.060159069 -0.998188734 -170.006896973 -0.048464354 0.997015893 0.060087703 6.609908104 0.998824894 0.048375752 0.002929443 17.628032684
0.002219171 0.056454856 -0.998402596 -171.234008789 -0.049612585 0.997181892 0.056275543 6.666255951 0.998766124 0.049408466 0.005013788 17.615789413
0.003120030 0.056619786 -0.998390853 -172.448394775 -0.051817365 0.997063637 0.056382582 6.714159012 0.998651683 0.051558077 0.006044756 17.613750458
0.003691392 0.057722043 -0.998325825 -173.671569824 -0.050333079 0.997077942 0.057463780 6.763981342 0.998725653 0.050036695 0.006585933 17.618047714
0.004689294 0.055638719 -0.998440087 -174.882232666 -0.049947232 0.997217715 0.055336028 6.811764240 0.998740852 0.049609832 0.007455248 17.619440079
0.006438889 0.054227520 -0.998507917 -176.068283081 -0.050091531 0.997292399 0.053838491 6.855457306 0.998723924 0.049670123 0.009137794 17.621860504
0.008000793 0.056118488 -0.998391986 -177.227722168 -0.051551409 0.997119486 0.055633847 6.896065712 0.998638272 0.051023394 0.010870732 17.623647690
0.009482067 0.058266643 -0.998256087 -178.363204956 -0.051340356 0.997012615 0.057706401 6.930090904 0.998636127 0.050703648 0.012445170 17.628129959
0.010055759 0.059633650 -0.998169601 -179.457702637 -0.052565467 0.996871471 0.059026532 6.965499878 0.998566806 0.051875703 0.013158970 17.627639771
0.009993707 0.060753360 -0.998102665 -180.534057617 -0.052803978 0.996791899 0.060144864 7.003555298 0.998554885 0.052102726 0.013169665 17.635246277
0.010016738 0.061842892 -0.998035610 -181.597229004 -0.051895678 0.996772826 0.061243791 7.039490223 0.998602271 0.051180270 0.013193791 17.641765594
0.010589693 0.060881790 -0.998088837 -182.625976562 -0.052335676 0.996810496 0.060248528 7.080626488 0.998573363 0.051597636 0.013742210 17.642179489
0.011830212 0.061061159 -0.998063922 -183.603302002 -0.052931096 0.996772587 0.060354747 7.107524872 0.998528063 0.052114606 0.015024066 17.661085129
0.012902218 0.062048297 -0.997989774 -184.563293457 -0.053627070 0.996679306 0.061273519 7.143593788 0.998477638 0.052728705 0.016186843 17.673671722
0.012507364 0.060207900 -0.998107612 -185.512115479 -0.052124403 0.996867597 0.059479948 7.177992821 0.998562217 0.051281817 0.015606490 17.678129196
0.009238459 0.057165649 -0.998321950 -186.449340820 -0.049653318 0.997159123 0.056639578 7.209317207 0.998723686 0.049046721 0.012050681 17.686487198
0.004292965 0.053762887 -0.998544514 -187.383560181 -0.049247194 0.997353435 0.053487036 7.237023354 0.998777330 0.048945893 0.006929275 17.689886093
-0.000803049 0.050611213 -0.998718083 -188.310653687 -0.051093496 0.997411966 0.050586101 7.274036407 0.998693526 0.051068626 0.001784933 17.679885864
-0.004506985 0.050034184 -0.998737454 -189.249969482 -0.053090569 0.997326910 0.050203111 7.304279804 0.998579443 0.053249806 -0.001838594 17.671680450
-0.007323522 0.051073086 -0.998668075 -190.168273926 -0.054815993 0.997172713 0.051398598 7.328782082 0.998469651 0.055119406 -0.004503194 17.653430939
-0.009120847 0.052596342 -0.998574197 -191.103622437 -0.053513300 0.997159064 0.053010590 7.364822388 0.998525500 0.053920504 -0.006280334 17.639783859
-0.011032199 0.054145254 -0.998472095 -192.024475098 -0.050540533 0.997226417 0.054636128 7.394491196 0.998661101 0.051066071 -0.008265069 17.638301849
-0.012701062 0.054287955 -0.998444557 -192.936203003 -0.048902608 0.997296572 0.054847613 7.432790279 0.998722851 0.049523167 -0.010011903 17.626623154
-0.013327220 0.053206116 -0.998494565 -193.851760864 -0.049630549 0.997317255 0.053805813 7.464505196 0.998678744 0.050272916 -0.010650818 17.608503342
-0.014271033 0.052163996 -0.998536527 -194.759124756 -0.051383704 0.997280478 0.052832752 7.496026993 0.998577058 0.052062485 -0.011551846 17.587854385
-0.014005434 0.051740535 -0.998562336 -195.670837402 -0.054853600 0.997116804 0.052434973 7.525371075 0.998396158 0.055509117 -0.011126899 17.566589355
-0.013827899 0.049860876 -0.998660445 -196.586303711 -0.057633284 0.997055769 0.050578773 7.559087753 0.998242021 0.058255486 -0.010913540 17.554401398
-0.012515757 0.047555987 -0.998790145 -197.498489380 -0.057586931 0.997176230 0.048200760 7.585484505 0.998261988 0.058120534 -0.009741812 17.536176682
-0.011882262 0.045052059 -0.998914003 -198.424880981 -0.057518538 0.997299612 0.045663446 7.613953590 0.998273730 0.057998646 -0.009258846 17.514579773
-0.011003359 0.044829786 -0.998934031 -199.331405640 -0.056942675 0.997345328 0.045385715 7.641212940 0.998316765 0.057381362 -0.008421422 17.502468109
-0.010730601 0.047411311 -0.998817861 -200.264739990 -0.054618482 0.997356415 0.047928728 7.672204971 0.998449624 0.055068217 -0.008112701 17.495483398
-0.010627081 0.048676118 -0.998758078 -201.204376221 -0.054034255 0.997327209 0.049181323 7.701721668 0.998482585 0.054489810 -0.007968498 17.480375290
-0.009820374 0.045167595 -0.998931170 -202.131744385 -0.049153779 0.997749865 0.045597412 7.730502605 0.998742998 0.049549021 -0.007578119 17.473102570
-0.009232775 0.041843396 -0.999081492 -203.054061890 -0.047611061 0.997972548 0.042236939 7.763619423 0.998823285 0.047957297 -0.007221851 17.462564468
-0.009182867 0.042098962 -0.999071240 -203.995880127 -0.052237574 0.997728944 0.042522546 7.798278332 0.998592496 0.052579544 -0.006962863 17.447652817
-0.007742435 0.046012923 -0.998910785 -204.942077637 -0.053150121 0.997509778 0.046360351 7.827860355 0.998556495 0.053451173 -0.005277563 17.435630798
-0.004973507 0.045774370 -0.998939335 -205.921249390 -0.051149577 0.997632504 0.045969144 7.861616135 0.998678744 0.051323958 -0.002620392 17.416711807
-0.002654820 0.046957862 -0.998893261 -206.883316040 -0.049995605 0.997641444 0.047031887 7.901226997 0.998745978 0.050065141 -0.000300873 17.410680771
-0.001279052 0.051098909 -0.998692632 -207.853332520 -0.050866231 0.997397542 0.051097773 7.942181587 0.998704612 0.050865103 0.001323486 17.407947540
0.000432075 0.055635992 -0.998450994 -208.853958130 -0.047732752 0.997314155 0.055551991 7.971356392 0.998860061 0.047634814 0.003086573 17.411531448
0.001916854 0.055789664 -0.998440802 -209.843994141 -0.047299359 0.997330070 0.055636801 8.017538071 0.998878956 0.047118954 0.004550552 17.407796860
0.003332656 0.056738839 -0.998383522 -210.853424072 -0.050565451 0.997121334 0.056498330 8.060033798 0.998715222 0.050295424 0.006192087 17.413604736
0.006757712 0.058868185 -0.998242855 -211.892257690 -0.053032510 0.996881962 0.058428913 8.103322029 0.998569906 0.052544486 0.009858569 17.405200958
0.009966755 0.058808260 -0.998219609 -212.918930054 -0.054097168 0.996838927 0.058186792 8.153774261 0.998485923 0.053420916 0.013116608 17.418134689
0.012825890 0.056029294 -0.998346806 -213.944671631 -0.057198651 0.996835172 0.055209618 8.199856758 0.998280406 0.056395978 0.015990097 17.420797348
