1.000000000 0.000000000 0.000000000 0.000000000 0.000000000 1.000000000 0.000000000 0.000000000 0.000000000 0.000000000 1.000000000 0.000000000
0.999995649 0.002946995 0.000151024 -0.005929156 -0.002947202 0.999994695 0.001383992 -0.012906854 -0.000146945 -0.001384431 0.999999046 0.772523761
0.999984264 0.005580218 0.000616586 -0.012765973 -0.005581385 0.999982536 0.001906893 -0.029525431 -0.000605934 -0.001910304 0.999997973 1.539195299
0.999976337 0.006780343 0.001152037 -0.020718265 -0.006782429 0.999975324 0.001817543 -0.047999829 -0.001139685 -0.001825313 0.999997616 2.275360823
0.999961555 0.008708955 0.001029864 -0.023660734 -0.008710519 0.999960899 0.001523660 -0.061222758 -0.001016554 -0.001532572 0.999998271 3.002865314
0.999957979 0.008987572 0.001804001 -0.035086039 -0.008989811 0.999958813 0.001235732 -0.074633546 -0.001792820 -0.001251898 0.999997556 3.718152761
0.999957263 0.009105736 0.001605735 -0.024972130 -0.009108958 0.999956489 0.002009546 -0.085403375 -0.001587366 -0.002024087 0.999996662 4.421164513
0.999944687 0.010106358 0.002916431 -0.045375239 -0.010121226 0.999935567 0.005128848 -0.103566773 -0.002864409 -0.005158082 0.999982655 5.088027954
0.999941051 0.009966113 0.004314969 -0.041554384 -0.010003989 0.999910831 0.008847141 -0.107753292 -0.004226414 -0.008889786 0.999951541 5.756521225
0.999942124 0.009258924 0.005482280 -0.038128246 -0.009327373 0.999877214 0.012594304 -0.120233603 -0.005364997 -0.012644711 0.999905586 6.382721424
0.999939680 0.008631866 0.006791344 -0.041089043 -0.008730413 0.999854982 0.014617516 -0.126568973 -0.006664184 -0.014675925 0.999870062 6.990977287
0.999929130 0.009210641 0.007542711 -0.023952158 -0.009319128 0.999851704 0.014476581 -0.135702521 -0.007408254 -0.014545847 0.999866784 7.582993984
0.999916911 0.009691725 0.008497821 -0.019404907 -0.009792586 0.999881029 0.011908715 -0.144661874 -0.008381396 -0.011990940 0.999893010 8.138562202
0.999907374 0.009778239 0.009461975 -0.021434538 -0.009862842 0.999911427 0.008936455 -0.148678467 -0.009373753 -0.009028949 0.999915361 8.663049698
0.999906898 0.008250067 0.010870899 -0.009314696 -0.008332865 0.999936402 0.007593355 -0.158346638 -0.010807563 -0.007683233 0.999912143 9.169732094
0.999906600 0.004241440 0.012991634 -0.005035390 -0.004307760 0.999977767 0.005081081 -0.161371425 -0.012969795 -0.005136571 0.999902725 9.626954079
0.999889970 0.002361658 0.014644668 0.011731296 -0.002422321 0.999988556 0.004125948 -0.169463426 -0.014634756 -0.004160968 0.999884248 10.081526756
0.999840558 0.006742671 0.016536120 0.017171346 -0.006778744 0.999974847 0.002126385 -0.180038258 -0.016521366 -0.002238140 0.999861062 10.498547554
0.999742508 0.011142248 0.019769670 0.015233876 -0.011171926 0.999936640 0.001391302 -0.187446162 -0.019752918 -0.001611809 0.999803543 10.884754181
0.999677002 0.011280151 0.022775566 0.026350955 -0.011341167 0.999932468 0.002551609 -0.198132634 -0.022745246 -0.002809086 0.999737322 11.228103638
0.999640644 0.006930663 0.025894040 0.041462649 -0.007015736 0.999970317 0.003196032 -0.205476061 -0.025871119 -0.003376549 0.999659538 11.548686981
0.999587893 0.003050101 0.028543143 0.057514336 -0.003123788 0.999991953 0.002537376 -0.202525109 -0.028535170 -0.002625493 0.999589384 11.836771965
0.999514401 -0.001004530 0.031143256 0.068173490 0.000874989 0.999990880 0.004172877 -0.214110523 -0.031147165 -0.004143601 0.999506235 12.085802078
0.999433458 -0.001365749 0.033629231 0.078637265 0.001194558 0.999986231 0.005110124 -0.217950210 -0.033635747 -0.005067057 0.999421358 12.317041397
0.999359369 -0.000704067 0.035780046 0.085030042 0.000552318 0.999990821 0.004250874 -0.225040585 -0.035782706 -0.004228389 0.999350667 12.517816544
0.999291122 0.000235878 0.037644740 0.098687008 -0.000349510 0.999995470 0.003011971 -0.231494799 -0.037643857 -0.003022993 0.999286652 12.707239151
0.999174297 0.002510708 0.040550284 0.097537935 -0.002593010 0.999994755 0.001977165 -0.234830171 -0.040545102 -0.002080681 0.999175549 12.879854202
0.999089777 0.005626103 0.042284209 0.098939821 -0.005689913 0.999982834 0.001388885 -0.242988497 -0.042275667 -0.001628215 0.999104619 13.047034264
0.999025702 0.006862793 0.043595668 0.105942294 -0.006870771 0.999976456 0.000033163 -0.248484731 -0.043594409 -0.000332667 0.999049246 13.199610710
0.998932719 0.005898689 0.045808252 0.111827344 -0.005840959 0.999981999 -0.001394038 -0.258610457 -0.045815647 0.001124986 0.998949289 13.345169067
0.998891354 0.004694990 0.046840910 0.129029885 -0.004556948 0.999984980 -0.003053402 -0.257533550 -0.046854541 0.002836564 0.998897672 13.504570961
0.998832047 0.003924507 0.048156429 0.138962701 -0.003736164 0.999985099 -0.004000448 -0.262078196 -0.048171408 0.003815854 0.998831809 13.641403198
0.998761833 0.004585071 0.049533285 0.145784527 -0.004328959 0.999976695 -0.005276569 -0.267497420 -0.049556326 0.005055608 0.998758554 13.771296501
0.998683631 0.005339529 0.051014747 0.151082829 -0.004976574 0.999961436 -0.007239087 -0.267645240 -0.051051423 0.006975679 0.998671651 13.896754265
0.998628736 0.005531487 0.052057181 0.156805530 -0.005033781 0.999940395 -0.009687006 -0.268205613 -0.052107658 0.009411679 0.998597085 14.018206596
0.998590410 0.004465061 0.052889563 0.161586061 -0.003841823 0.999922037 -0.011879573 -0.273686141 -0.052938484 0.011659635 0.998529732 14.141728401
0.998621941 0.003659467 0.052352916 0.172064498 -0.002945711 0.999901772 -0.013704202 -0.278726757 -0.052397922 0.013531100 0.998534560 14.268433571
0.998730719 0.003345704 0.050257675 0.175529003 -0.002589274 0.999882519 -0.015108612 -0.279027611 -0.050302319 0.014959303 0.998622000 14.393141747
0.998882294 0.003570305 0.047132909 0.180301741 -0.002819470 0.999868214 -0.015987055 -0.281360418 -0.047183778 0.015836295 0.998760700 14.517797470
0.999060094 0.004220472 0.043142363 0.180404931 -0.003474502 0.999843478 -0.017351270 -0.282541960 -0.043208841 0.017185060 0.998918235 14.644625664
0.999288619 0.004019224 0.037499800 0.177183732 -0.003332433 0.999825895 -0.018359069 -0.289408147 -0.037567060 0.018221041 0.999127984 14.770666122
0.999519706 0.004114187 0.030717611 0.178060085 -0.003526630 0.999810278 -0.019157413 -0.289929479 -0.030790605 0.019039882 0.999344528 14.898877144
0.999718130 0.004424127 0.023327574 0.172768846 -0.003960615 0.999794602 -0.019878658 -0.293142289 -0.023410724 0.019780660 0.999530256 15.020436287
0.999880195 0.003574714 0.015065331 0.172808677 -0.003264718 0.999783456 -0.020551376 -0.300197899 -0.015135538 0.020499729 0.999675274 15.163000107
0.999982059 0.002975037 0.005211954 0.161748141 -0.002860994 0.999759316 -0.021753466 -0.302345693 -0.005275418 0.021738164 0.999749780 15.295742035
0.999967635 0.001561382 -0.007895007 0.151866302 -0.001745520 0.999725342 -0.023370491 -0.307315677 0.007856346 0.023383513 0.999695718 15.445319176
0.999717295 0.000261341 -0.023776421 0.133500591 -0.000864806 0.999677658 -0.025374094 -0.306434274 0.023762129 0.025387483 0.999395251 15.578902245
0.999065578 0.000735396 -0.043214541 0.109796897 -0.001880299 0.999648213 -0.026458800 -0.308877945 0.043179881 0.026515333 0.998715401 15.751673698
0.997876227 0.001355950 -0.065125287 0.076816589 -0.003059071 0.999655724 -0.026058877 -0.313554525 0.065067537 0.026202755 0.997536778 15.936586380
0.996061385 0.002075774 -0.088642515 0.033447210 -0.004285085 0.999684751 -0.024740815 -0.320133865 0.088563211 0.025023211 0.995756209 16.139335632
0.993304133 0.003319867 -0.115481533 -0.015227285 -0.006041272 0.999712050 -0.023223707 -0.325761527 0.115371175 0.023765858 0.993038118 16.361604691
0.989407718 0.004114139 -0.145105034 -0.094969675 -0.007201910 0.999758422 -0.020760687 -0.336242765 0.144984558 0.021585818 0.989198446 16.588350296
0.983979225 0.004450419 -0.178227440 -0.159870788 -0.007664822 0.999820054 -0.017350912 -0.342353314 0.178118184 0.018439019 0.983836353 16.817932129
0.976590812 0.005153935 -0.215043977 -0.249695405 -0.008200721 0.999878228 -0.013278404 -0.347857356 0.214949384 0.014731084 0.976514161 17.075340271
0.966941416 0.006616729 -0.254912734 -0.354808718 -0.009041410 0.999924362 -0.008341232 -0.348165452 0.254838288 0.010370255 0.966928124 17.337104797
0.955138981 0.010580787 -0.295968890 -0.490396321 -0.012085465 0.999921620 -0.003254868 -0.354346454 0.295911252 0.006685775 0.955192089 17.619583130
0.940979242 0.014487178 -0.338154018 -0.616509378 -0.014922354 0.999887705 0.001312798 -0.358409643 0.338135153 0.003810739 0.941089869 17.875776291
0.924299955 0.017255882 -0.381276578 -0.770237148 -0.015686257 0.999850810 0.007224423 -0.364785016 0.381344378 -0.000696732 0.924432814 18.152402878
0.904983699 0.020283118 -0.424962521 -0.939778924 -0.015492910 0.999771476 0.014725193 -0.366083294 0.425164104 -0.006742154 0.905091166 18.437366486
0.883195937 0.025061950 -0.468334049 -1.131788492 -0.016937653 0.999624252 0.021551427 -0.370361537 0.468698174 -0.011101654 0.883288562 18.713935852
0.858376861 0.030148750 -0.512133181 -1.323872328 -0.019602824 0.999470174 0.025981857 -0.369570196 0.512645245 -0.012262966 0.858512998 18.974718094
0.830332756 0.032957409 -0.556292534 -1.547454596 -0.020070944 0.999370575 0.029249195 -0.366142243 0.556906462 -0.013121248 0.830471635 19.245880127
0.799323738 0.037188962 -0.599748671 -1.792858839 -0.023049958 0.999246001 0.031240657 -0.364427686 0.600458324 -0.011147217 0.799578369 19.507831573
0.765363932 0.040176798 -0.642342448 -2.065986633 -0.023543857 0.999129474 0.034439884 -0.359001458 0.643166959 -0.011235831 0.765643597 19.783569336
0.728766739 0.043770868 -0.683361650 -2.381743431 -0.024582751 0.998983920 0.037771083 -0.338593900 0.684320629 -0.010727399 0.729102314 20.057760239
0.689797759 0.044372048 -0.722641110 -2.710619926 -0.022038080 0.998944521 0.040301334 -0.318970323 0.723666668 -0.011874145 0.690047562 20.322366714
0.648652136 0.044338688 -0.759792447 -3.060891151 -0.019531254 0.998942494 0.041620344 -0.305329263 0.760834396 -0.012157426 0.648832202 20.580377579
0.605902135 0.043377500 -0.794355690 -3.438522339 -0.014413900 0.998947024 0.043555323 -0.292855859 0.795408487 -0.014940502 0.605889440 20.829528809
0.560904980 0.043463122 -0.826738536 -3.849503040 -0.009192928 0.998886406 0.046276256 -0.280844122 0.827829182 -0.018356433 0.560679913 21.084459305
0.513439000 0.044597805 -0.856966496 -4.281481743 -0.007115014 0.998835564 0.047718022 -0.256743193 0.858096659 -0.018402964 0.513158381 21.313625336
0.464218020 0.044118799 -0.884621501 -4.749621391 -0.006281264 0.998897612 0.046521906 -0.231062725 0.885698676 -0.016039772 0.463983446 21.508100510
0.412094593 0.042994615 -0.910126090 -5.237665176 -0.000799632 0.998902798 0.046826378 -0.211054489 0.911140740 -0.018569134 0.411676824 21.694442749
0.358183742 0.042614914 -0.932677984 -5.720454216 0.004420465 0.998869121 0.047336876 -0.197188035 0.933640659 -0.021078169 0.357590288 21.852214813
0.303388864 0.041492317 -0.951962948 -6.246369839 0.007390631 0.998918831 0.045894325 -0.172545284 0.952838182 -0.020959433 0.302754253 21.994348526
0.250698507 0.047341421 -0.966906905 -6.817741871 0.008099127 0.998666048 0.050996333 -0.141834512 0.968031347 -0.020615807 0.249980599 22.098241806
0.199405655 0.052607920 -0.978503883 -7.402544022 0.010822811 0.998378694 0.055882007 -0.116942316 0.979857266 -0.021733347 0.198512942 22.187477112
0.151201412 0.053662352 -0.987045348 -8.015374184 0.017225731 0.998230755 0.056909196 -0.089061961 0.988352895 -0.025607327 0.150009498 22.268741608
0.106773317 0.055008888 -0.992760539 -8.633522987 0.020106075 0.998144746 0.057469681 -0.067060061 0.994080126 -0.026096744 0.105469212 22.311559677
0.066800661 0.053312112 -0.996341109 -9.267239571 0.019382469 0.998313844 0.054717176 -0.037352622 0.997578084 -0.022966690 0.065654695 22.317054749
0.031019066 0.048966587 -0.998318613 -9.909279823 0.017682584 0.998616040 0.049530596 -0.002855193 0.999362290 -0.019189246 0.030110287 22.316934586
0.002698634 0.048680812 -0.998810709 -10.583666801 0.015210330 0.998696804 0.048716359 0.035177950 0.999880672 -0.015323711 0.001954669 22.291006088
-0.018137429 0.052771971 -0.998441815 -11.288103104 0.014079199 0.998520553 0.052520376 0.066561937 0.999736369 -0.013104676 -0.018853588 22.258375168
-0.031592589 0.059046950 -0.997755110 -12.011943817 0.015844584 0.998157620 0.058569074 0.098296262 0.999375224 -0.013958666 -0.032469947 22.240972519
-0.039414026 0.061511569 -0.997327805 -12.752620697 0.015425055 0.998021901 0.060944796 0.133074522 0.999103904 -0.012981758 -0.040284872 22.200187683
-0.042826515 0.058605045 -0.997362196 -13.512014389 0.016201744 0.998187602 0.057957847 0.170894608 0.998951077 -0.013676874 -0.043698393 22.152805328
-0.042400714 0.055007461 -0.997585237 -14.299329758 0.024089035 0.998249233 0.054020207 0.204871342 0.998810172 -0.021740373 -0.043651566 22.132173538
-0.037979659 0.053351700 -0.997853279 -15.108135223 0.036190372 0.997991979 0.051981665 0.250508338 0.998622894 -0.034138437 -0.039834216 22.117267609
-0.032290198 0.053700849 -0.998034835 -15.935401917 0.036326949 0.997958839 0.052521441 0.285729855 0.998818159 -0.034559634 -0.034175079 22.091695786
-0.027386675 0.052282363 -0.998256743 -16.789669037 0.034295212 0.998092592 0.051332895 0.317427129 0.999036431 -0.032829590 -0.029127467 22.065011978
-0.024391560 0.045680624 -0.998658359 -17.651163101 0.037985120 0.998276532 0.044735394 0.356839538 0.998980522 -0.036842987 -0.026084702 22.053724289
-0.022192800 0.034933981 -0.999143302 -18.538072586 0.035553697 0.998784661 0.034131743 0.392822176 0.999121308 -0.034765754 -0.023407862 22.028766632
-0.021542326 0.026700709 -0.999411404 -19.433023453 0.027815875 0.999272287 0.026097426 0.418626964 0.999380827 -0.027237302 -0.022269353 21.992563248
-0.022627287 0.023785856 -0.999460936 -20.349958420 0.022237899 0.999481559 0.023282893 0.442944676 0.999496579 -0.021699088 -0.023144504 21.953962326
-0.026330058 0.030104700 -0.999199927 -21.318546295 0.012982432 0.999472439 0.029770808 0.458522022 0.999568999 -0.012188176 -0.026707003 21.913583755
-0.031277310 0.038240876 -0.998778939 -22.293216705 0.008309870 0.999243200 0.037998427 0.486694485 0.999476194 -0.007111235 -0.031571418 21.863523483
-0.035876751 0.047694240 -0.998217523 -23.254281998 0.006925289 0.998848379 0.047475487 0.520907283 0.999332249 -0.005209678 -0.036165733 21.816713333
-0.037623063 0.057607576 -0.997630060 -24.297801971 0.005433537 0.998333991 0.057443302 0.563991785 0.999277174 -0.003259467 -0.037873399 21.781192780
-0.038614724 0.065383792 -0.997112751 -25.315685272 0.007515851 0.997847676 0.065140925 0.610676706 0.999225855 -0.004978753 -0.039023031 21.741292953
-0.040341437 0.066013746 -0.997002780 -26.347110748 0.008627021 0.997801065 0.065717511 0.667516530 0.999148667 -0.005950026 -0.040822223 21.700164795
-0.041826785 0.063228622 -0.997122109 -27.348560333 0.006973937 0.997989714 0.062991090 0.718058288 0.999100506 -0.004319152 -0.042183645 21.650074005
-0.044542816 0.058395639 -0.997299254 -28.366739273 0.006531500 0.998285770 0.058161683 0.765174568 0.998986185 -0.003923176 -0.044847865 21.597867966
-0.049078595 0.053195752 -0.997377276 -29.400308609 0.006560277 0.998576283 0.052936882 0.810535312 0.998773396 -0.003945004 -0.049357697 21.539054871
-0.054680385 0.048711583 -0.997314930 -30.422138214 0.006891233 0.998803973 0.048406471 0.849987209 0.998480141 -0.004225847 -0.054950666 21.478187561
-0.061242983 0.046913654 -0.997019708 -31.444622040 0.006094716 0.998893857 0.046627454 0.889250576 0.998104334 -0.003220949 -0.061461162 21.398448944
-0.068089828 0.049357627 -0.996457517 -32.496852875 0.006531183 0.998776138 0.049026188 0.931347191 0.997657835 -0.003169862 -0.068328857 21.326627731
-0.074182205 0.053911746 -0.995786428 -33.564369202 0.004619995 0.998545527 0.053716958 0.976046145 0.997234046 -0.000615686 -0.074323379 21.236289978
-0.080538310 0.056873553 -0.995127678 -34.624851227 0.001398684 0.998376191 0.056946021 1.016274571 0.996750593 0.003194468 -0.080487087 21.143564224
-0.085381269 0.059360188 -0.994578600 -35.690032959 -0.000972485 0.998218238 0.059660908 1.061958194 0.996347904 0.006061137 -0.085171431 21.043899536
-0.087934978 0.060465746 -0.994289398 -36.765274048 -0.005930381 0.998106480 0.061222371 1.114898920 0.996108592 0.011280103 -0.087409899 20.934734344
-0.089600809 0.061722517 -0.994063437 -37.840076447 -0.010226141 0.997968376 0.062886730 1.168095469 0.995925248 0.015800133 -0.088787600 20.827625275
-0.090844475 0.061471820 -0.993965983 -38.925777435 -0.010678823 0.997975528 0.062695794 1.215480804 0.995807827 0.016309958 -0.090004131 20.713150024
-0.092200644 0.060627006 -0.993893087 -40.007068634 -0.011185293 0.998018682 0.061916299 1.268013000 0.995677590 0.016825708 -0.091339841 20.603378296
-0.093327142 0.059768610 -0.993839920 -41.101970673 -0.012305119 0.998051047 0.061177373 1.324362516 0.995559454 0.017938826 -0.092409775 20.500667572
-0.094121918 0.058743298 -0.993826151 -42.183353424 -0.014399154 0.998072982 0.060358007 1.377838850 0.995456517 0.019991267 -0.093094677 20.387081146
-0.094584197 0.056383807 -0.993918836 -43.258537292 -0.019142805 0.998107195 0.058443084 1.422771335 0.995332778 0.024554184 -0.093325831 20.267030716
-0.095292151 0.051497743 -0.994116306 -44.367935181 -0.024008920 0.998251498 0.054013357 1.468705058 0.995159686 0.029014710 -0.093889117 20.161254883
-0.094409063 0.050880972 -0.994232416 -45.471351624 -0.025883218 0.998229980 0.053543344 1.520137548 0.995196939 0.030788912 -0.092924990 20.045881271
-0.093078695 0.055182852 -0.994128346 -46.589767456 -0.026248990 0.997979879 0.057854299 1.560838819 0.995312691 0.031479869 -0.091442175 19.943891525
-0.091078490 0.058482949 -0.994124949 -47.696823120 -0.026432246 0.997780383 0.061119631 1.607812285 0.995492876 0.031843644 -0.089330487 19.833992004
-0.089636773 0.058172826 -0.994274199 -48.811531067 -0.024480125 0.997862518 0.060589723 1.661782503 0.995673597 0.029771021 -0.088021107 19.733257294
-0.087079898 0.056940112 -0.994572759 -49.935577393 -0.024822282 0.997931182 0.059305705 1.721258044 0.995892048 0.029851908 -0.085486375 19.631746292
-0.082847551 0.057322010 -0.994912267 -51.055812836 -0.029158754 0.997777462 0.059915178 1.776472569 0.996135592 0.033974234 -0.080991983 19.524986267
-0.077108234 0.058339883 -0.995314360 -52.187759399 -0.034182422 0.997544944 0.061118785 1.826603174 0.996436596 0.038735021 -0.074924745 19.421915054
-0.071264766 0.057671253 -0.995788813 -53.310642242 -0.037958913 0.997447073 0.060483869 1.883433938 0.996734858 0.042109422 -0.068893701 19.332450867
-0.065019876 0.056651033 -0.996274590 -54.446247101 -0.039584659 0.997454882 0.059301570 1.942918777 0.997098565 0.043292969 -0.062611893 19.240783691
-0.059574347 0.055843152 -0.996660590 -55.584697723 -0.039082490 0.997537971 0.058228418 1.997475743 0.997458518 0.042420890 -0.057245187 19.170438766
-0.054523192 0.055673175 -0.996959209 -56.722431183 -0.037562478 0.997623384 0.057764519 2.044959545 0.997805774 0.040597770 -0.052302379 19.108352661
-0.048511792 0.055848759 -0.997260034 -57.877864838 -0.036740858 0.997659981 0.057658430 2.106855869 0.998146653 0.039437298 -0.046346355 19.040809631
-0.042203162 0.057258632 -0.997466981 -59.023086548 -0.035936467 0.997623444 0.058788098 2.164126396 0.998462617 0.038326479 -0.040045194 18.976633072
-0.036383864 0.058680523 -0.997613549 -60.159774780 -0.036650106 0.997524619 0.060011953 2.209231615 0.998665631 0.038746104 -0.034143157 18.924346924
-0.031875815 0.057989135 -0.997808218 -61.319198608 -0.036230285 0.997592390 0.059133999 2.259570122 0.998834968 0.038035817 -0.029698115 18.896900177
-0.027112506 0.053620420 -0.998193264 -62.461139679 -0.036467534 0.997842550 0.054592095 2.306885481 0.998966992 0.037881773 -0.025098611 18.860540390
-0.022527689 0.047855683 -0.998600245 -63.631942749 -0.036740959 0.998139322 0.048662446 2.358397484 0.999070883 0.037785776 -0.020727510 18.831205368
-0.018902630 0.047627304 -0.998686254 -64.814979553 -0.035759166 0.998193502 0.048280638 2.397854805 0.999181628 0.036624819 -0.017165370 18.802700043
-0.015143842 0.050264157 -0.998621106 -65.984001160 -0.035364851 0.998083889 0.050773412 2.438008308 0.999259710 0.036084991 -0.013337238 18.774318695
-0.013217285 0.049988102 -0.998662353 -67.148612976 -0.035203405 0.998107195 0.050426230 2.475650072 0.999292791 0.035822812 -0.011432517 18.754625320
-0.011966970 0.049446650 -0.998705089 -68.321777344 -0.037204131 0.998063087 0.049860660 2.526191711 0.999236047 0.037752636 -0.010104170 18.729578018
-0.011063745 0.050438613 -0.998665810 -69.491142273 -0.038573317 0.997962177 0.050830401 2.565667391 0.999194562 0.039084233 -0.009095615 18.715131760
-0.010245589 0.050224781 -0.998685360 -70.665946960 -0.038967997 0.997959077 0.050588023 2.605727673 0.999187887 0.039435077 -0.008267520 18.697343826
-0.008848379 0.047760498 -0.998819590 -71.839958191 -0.039670367 0.998055637 0.048075389 2.653723955 0.999173582 0.040048931 -0.006936499 18.676191330
-0.008209730 0.046271030 -0.998895168 -73.012245178 -0.037874367 0.998197615 0.046550013 2.697139978 0.999248743 0.038214695 -0.006442447 18.665964127
-0.008367407 0.046451554 -0.998885512 -74.215805054 -0.034415673 0.998315275 0.046713326 2.729737520 0.999372602 0.034768187 -0.006754649 18.660943985
-0.007978083 0.046960551 -0.998864889 -75.401741028 -0.032395877 0.998360157 0.047195565 2.772872925 0.999443233 0.032735635 -0.006443671 18.648799896
-0.008217270 0.050193474 -0.998705685 -76.601448059 -0.031706627 0.998224139 0.050430153 2.804916620 0.999463439 0.032079987 -0.006611212 18.641721725
-0.007037236 0.053636260 -0.998535752 -77.782234192 -0.034388326 0.997956872 0.053847522 2.847204924 0.999383807 0.034716908 -0.005178397 18.614358902
-0.007138135 0.054079913 -0.998511016 -78.970947266 -0.036589768 0.997853696 0.054305881 2.887297869 0.999304891 0.036922932 -0.005144043 18.602300644
-0.006923553 0.051722586 -0.998637497 -80.162940979 -0.037443310 0.997947633 0.051946450 2.930663347 0.999274790 0.037751943 -0.004972679 18.593744278
-0.006524683 0.049370144 -0.998759151 -81.345184326 -0.037015203 0.998084068 0.049578581 2.975270271 0.999293387 0.037292756 -0.004684736 18.581813812
-0.006300081 0.048925199 -0.998782516 -82.529891968 -0.034946721 0.998181462 0.049116191 3.011560202 0.999369264 0.035213608 -0.004578850 18.564580917
-0.006514010 0.050172407 -0.998719275 -83.707015991 -0.033706125 0.998161972 0.050364252 3.053785563 0.999410570 0.033991035 -0.004810920 18.559276581
-0.005919072 0.052440241 -0.998606503 -84.887092590 -0.032759614 0.998077810 0.052606653 3.100223780 0.999445677 0.033025343 -0.004189773 18.544790268
-0.005686536 0.055275310 -0.998454988 -86.042785645 -0.033664029 0.997894704 0.055436004 3.134958506 0.999417007 0.033927258 -0.003813775 18.538057327
-0.005359729 0.055652749 -0.998435795 -87.207000732 -0.035037480 0.997826576 0.055806875 3.177448273 0.999371648 0.035281781 -0.003398149 18.523153305
-0.004999232 0.053175636 -0.998572707 -88.377029419 -0.034689341 0.997974873 0.053317476 3.224214792 0.999385715 0.034906372 -0.003144480 18.509157181
-0.004580878 0.051965840 -0.998638332 -89.543594360 -0.033959586 0.998064697 0.052091766 3.263371468 0.999412715 0.034151964 -0.002807274 18.500488281
-0.004624628 0.053203907 -0.998572946 -90.705688477 -0.032301649 0.998054564 0.053325880 3.303210258 0.999467492 0.032502167 -0.002897058 18.492179871
-0.003999384 0.055768415 -0.998435676 -91.874023438 -0.030148223 0.997983098 0.055863891 3.353582382 0.999537408 0.030324487 -0.002309998 18.476140976
-0.004257329 0.058203779 -0.998295665 -93.029396057 -0.028411603 0.997894645 0.058301553 3.397598743 0.999587238 0.028611392 -0.002594703 18.480564117
-0.003973290 0.060039870 -0.998188138 -94.197700500 -0.029095097 0.997766435 0.060130324 3.444254637 0.999568760 0.029281292 -0.002217549 18.470296860
-0.003311087 0.061713479 -0.998088419 -95.361633301 -0.031847365 0.997581065 0.061787758 3.498182774 0.999487281 0.031991076 -0.001337666 18.452274323
-0.002754295 0.061432414 -0.998107433 -96.515541077 -0.034080159 0.997525632 0.061490651 3.540005684 0.999415219 0.034185030 -0.000653853 18.440223694
-0.002851674 0.056825534 -0.998380065 -97.668594360 -0.036365315 0.997717857 0.056891713 3.596887112 0.999334395 0.036468655 -0.000778687 18.427566528
-0.002173508 0.055221044 -0.998471797 -98.826362610 -0.037805025 0.997755826 0.055263739 3.643973112 0.999282718 0.037867367 -0.000080997 18.410974503
-0.002083483 0.053694770 -0.998555243 -99.988800049 -0.037326243 0.997857332 0.053735122 3.680947781 0.999300957 0.037384268 -0.000074795 18.409202576
-0.001835992 0.054024432 -0.998537958 -101.158599854 -0.036136296 0.997883856 0.054055486 3.727779627 0.999345183 0.036182705 0.000120136 18.407588959
-0.002014660 0.056287438 -0.998412549 -102.299034119 -0.036067415 0.997760892 0.056323472 3.769318819 0.999347329 0.036123626 0.000019994 18.399028778
-0.001911379 0.058230430 -0.998301446 -103.468559265 -0.034793131 0.997694790 0.058261674 3.818368912 0.999392688 0.034845389 0.000119046 18.394943237
-0.002437975 0.057205632 -0.998359442 -104.626747131 -0.039074600 0.997594476 0.057257228 3.868234158 0.999233305 0.039150096 -0.000196823 18.381147385
-0.002612144 0.058308013 -0.998295248 -105.794754028 -0.042533085 0.997388661 0.058366366 3.921668768 0.999091625 0.042613037 -0.000125303 18.368764877
-0.002738055 0.057764668 -0.998326480 -106.966217041 -0.046178401 0.997257888 0.057829496 3.971216917 0.998929441 0.046259459 -0.000063067 18.349498749
-0.003220838 0.053466406 -0.998564541 -108.139266968 -0.047078799 0.997454286 0.053558812 4.024821281 0.998885989 0.047183726 -0.000695505 18.345987320
-0.003534029 0.050215930 -0.998732150 -109.321876526 -0.046792466 0.997636080 0.050326396 4.061091900 0.998898387 0.046911001 -0.001175948 18.330511093
-0.004559308 0.049296860 -0.998773813 -110.516960144 -0.043435737 0.997831762 0.049448647 4.106414318 0.999045849 0.043607928 -0.002408177 18.323165894
-0.004874342 0.048650943 -0.998803973 -111.696929932 -0.039147966 0.998040855 0.048804831 4.146724701 0.999221563 0.039339036 -0.002960207 18.322353363
-0.005078944 0.050276242 -0.998722434 -112.906448364 -0.038018480 0.998003542 0.050433397 4.196118832 0.999264181 0.038226057 -0.003157378 18.309295654
-0.005892879 0.054434963 -0.998499930 -114.155075073 -0.037336566 0.997809112 0.054617651 4.231698990 0.999285400 0.037602421 -0.003847554 18.297988892
-0.006701135 0.054371752 -0.998498261 -115.362121582 -0.035462830 0.997879684 0.054576058 4.294430256 0.999348521 0.035775304 -0.004758750 18.293258667
-0.007756887 0.050115280 -0.998713374 -116.580009460 -0.035274029 0.998108089 0.050358880 4.341404438 0.999347568 0.035619274 -0.005974444 18.282167435
-0.008262135 0.046298020 -0.998893499 -117.813682556 -0.035810892 0.998273075 0.046565469 4.386039734 0.999324381 0.036155999 -0.006589893 18.263301849
-0.008435943 0.045067757 -0.998948336 -119.065841675 -0.034759514 0.998366892 0.045335066 4.426862717 0.999360085 0.035105404 -0.006855634 18.247291565
-0.009585878 0.046138790 -0.998889089 -120.305671692 -0.036643118 0.998247743 0.046460818 4.472489357 0.999282479 0.037047777 -0.007878412 18.232927322
-0.009355415 0.051132064 -0.998648107 -121.574836731 -0.041610289 0.997806847 0.051478799 4.513736725 0.999090075 0.042035639 -0.007207278 18.200572968
-0.009500801 0.054362901 -0.998476028 -122.829910278 -0.047036652 0.997391462 0.054751422 4.561334133 0.998847961 0.047485147 -0.006918970 18.165973663
-0.009659566 0.054002631 -0.998494089 -124.090278625 -0.054258663 0.997041285 0.054448958 4.616482735 0.998480141 0.054702908 -0.006700876 18.139072418
-0.008952957 0.051718157 -0.998621583 -125.348152161 -0.057638593 0.996974528 0.052149605 4.668611050 0.998297334 0.058026038 -0.005944908 18.104621887
-0.009999894 0.050570615 -0.998670399 -126.603286743 -0.059956644 0.996893167 0.051080976 4.717668533 0.998150885 0.060387716 -0.006936781 18.089326859
-0.010808979 0.049596474 -0.998710871 -127.866180420 -0.059817914 0.996948540 0.050156355 4.761585712 0.998150766 0.060282942 -0.007809237 18.071929932
-0.010788362 0.049506340 -0.998715520 -129.151672363 -0.057961918 0.997063279 0.050050557 4.799388885 0.998260498 0.058427434 -0.007887199 18.047031403
-0.011280692 0.050127164 -0.998679101 -130.403961182 -0.058046665 0.997025609 0.050699838 4.842689037 0.998250186 0.058541924 -0.008337425 18.030082703
-0.012013471 0.055130452 -0.998407006 -131.662536621 -0.057905316 0.996764958 0.055736549 4.888779640 0.998249769 0.058482662 -0.008782262 18.012014389
-0.012382484 0.059368711 -0.998159349 -132.943359375 -0.057218064 0.996558070 0.059983280 4.940431118 0.998284876 0.057855487 -0.008942902 17.988464355
-0.012226057 0.058205076 -0.998229802 -134.188598633 -0.057056818 0.996637166 0.058811031 4.989340782 0.998296082 0.057674844 -0.008863947 17.961944580
-0.011676725 0.056448687 -0.998337209 -135.456954956 -0.056988101 0.996744931 0.057025198 5.044911385 0.998306572 0.057559218 -0.008421812 17.947269440
-0.010337135 0.055719223 -0.998392940 -136.706726074 -0.055876873 0.996854007 0.056211874 5.098669529 0.998384178 0.056368142 -0.007191199 17.926145554
-0.009854273 0.054956194 -0.998440146 -137.951095581 -0.056097619 0.996885717 0.055424303 5.143454552 0.998376667 0.056556277 -0.006740673 17.915826797
-0.008697450 0.057247005 -0.998322189 -139.212493896 -0.056372687 0.996744156 0.057647638 5.192587852 0.998371840 0.056779493 -0.005441965 17.896543503
-0.008008625 0.060968164 -0.998107612 -140.460327148 -0.057211619 0.996476710 0.061327592 5.244597912 0.998329937 0.057594497 -0.004492321 17.879386902
-0.006861631 0.061763268 -0.998067260 -141.710479736 -0.058970660 0.996328712 0.062061101 5.303168774 0.998236060 0.059282526 -0.003194219 17.863992691
-0.005360350 0.059374928 -0.998221338 -142.969238281 -0.061092388 0.996351600 0.059591774 5.350257874 0.998117685 0.061303154 -0.001713438 17.844058990
-0.005269131 0.056294743 -0.998400211 -144.213363647 -0.059633274 0.996619642 0.056509051 5.404148579 0.998206377 0.059835628 -0.001894280 17.833585739
-0.005083655 0.054949302 -0.998476207 -145.451431274 -0.056719493 0.996865809 0.055149470 5.445494652 0.998377204 0.056913428 -0.001951025 17.827791214
-0.005785979 0.054378495 -0.998503566 -146.681335449 -0.054875705 0.996998429 0.054614507 5.490221500 0.998476446 0.055109590 -0.002784554 17.824047089
-0.005858116 0.055152815 -0.998460770 -147.910995483 -0.052816618 0.997067034 0.055385724 5.530126095 0.998587072 0.053059783 -0.002927949 17.815999985
-0.005794417 0.053223934 -0.998565793 -149.171859741 -0.051032055 0.997265637 0.053450760 5.591197968 0.998680234 0.051268581 -0.003062447 17.805456161
-0.005512683 0.052991055 -0.998579800 -150.412994385 -0.050091397 0.997326672 0.053201087 5.643586636 0.998729467 0.050313540 -0.002843549 17.791799545
-0.005915956 0.055950932 -0.998415947 -151.649856567 -0.048085783 0.997262537 0.056171205 5.690004349 0.998825669 0.048341926 -0.003209317 17.784330368
-0.006112187 0.057136033 -0.998347640 -152.880920410 -0.045542371 0.997314453 0.057355717 5.740675449 0.998943686 0.045817692 -0.003493662 17.778242111
-0.005858274 0.055937856 -0.998417079 -154.117675781 -0.043482114 0.997475564 0.056140244 5.788125992 0.999037027 0.043742172 -0.003411189 17.762577057
-0.006988278 0.056211472 -0.998394430 -155.356353760 -0.044712350 0.997402668 0.056468599 5.835754871 0.998975456 0.045035187 -0.004456780 17.755300522
-0.006812080 0.060621642 -0.998137534 -156.584304810 -0.045288645 0.997117758 0.060868792 5.892283440 0.998950720 0.045618944 -0.004046974 17.741544724
-0.006079236 0.067191206 -0.997721672 -157.821929932 -0.050258372 0.996458530 0.067412376 5.947723866 0.998717785 0.050553676 -0.002680786 17.721338272
-0.005090701 0.067538477 -0.997703612 -159.081909180 -0.054850232 0.996195674 0.067716278 6.005742073 0.998481631 0.055069007 -0.001366833 17.703369141
-0.003804488 0.063486338 -0.997975409 -160.311035156 -0.058493555 0.996259689 0.063600183 6.069293976 0.998280585 0.058617100 -0.000076717 17.684043884
-0.001827404 0.058290396 -0.998297930 -161.529037476 -0.060591545 0.996458948 0.058293924 6.121780396 0.998160958 0.060594939 0.001710972 17.667999268
-0.001373309 0.057049908 -0.998370349 -162.755096436 -0.063068882 0.996378839 0.057022851 6.169951916 0.998008251 0.063044406 0.002229738 17.661848068
0.000166324 0.053673703 -0.998558521 -163.945602417 -0.058259021 0.996863008 0.053572863 6.212760448 0.998301506 0.058166131 0.003292779 17.665742874
0.000656228 0.048917707 -0.998802602 -165.161514282 -0.055090576 0.997287869 0.048807323 6.262489319 0.998481095 0.054992586 0.003349353 17.657255173
0.000146803 0.045514666 -0.998963654 -166.394546509 -0.049172226 0.997755587 0.045452390 6.302616596 0.998790264 0.049114596 0.002384530 17.662645340
-0.000703515 0.048591815 -0.998818517 -167.621810913 -0.047168545 0.997705340 0.048570886 6.344992638 0.998886645 0.047146983 0.001590105 17.658092499
0.000138107 0.054931730 -0.998490095 -168.852478027 -0.047898017 0.997344434 0.054862078 6.389011383 0.998852193 0.047818121 0.002768861 17.649110794
0.001217168 0.058305003 -0.998297989 -170.062820435 -0.049190797 0.997093737 0.058174692 6.433352470 0.998788655 0.049036268 0.004081701 17.655643463
0.002858104 0.054746870 -0.998496115 -171.274841309 -0.049983479 0.997259915 0.054536019 6.484815598 0.998746037 0.049752440 0.005586712 17.652238846
0.003383868 0.055171665 -0.998471141 -172.493820190 -0.052203037 0.997125089 0.054920375 6.532712936 0.998630762 0.051937379 0.006254269 17.653423309
0.004684477 0.056132358 -0.998412371 -173.704742432 -0.051021412 0.997136295 0.055821229 6.579866409 0.998686552 0.050678927 0.007535015 17.651540756
0.005226558 0.053750876 -0.998540699 -174.906204224 -0.051151432 0.997261405 0.053414285 6.632138252 0.998677254 0.050797604 0.007961679 17.655815125
0.007272236 0.052321292 -0.998603940 -176.113632202 -0.051542815 0.997322321 0.051878806 6.673975468 0.998644233 0.051093578 0.009949550 17.653438568
0.008292915 0.054195512 -0.998495877 -177.275451660 -0.052502815 0.997176528 0.053687837 6.713852406 0.998586297 0.051978622 0.011114918 17.669872284
0.010173752 0.056101061 -0.998373270 -178.398391724 -0.052658334 0.997069538 0.055491198 6.748140335 0.998560786 0.052008115 0.013098128 17.661571503
0.010461166 0.057569664 -0.998286664 -179.486724854 -0.053662442 0.996935010 0.056929372 6.781287670 0.998504400 0.052974954 0.013518431 17.669399261
0.011122045 0.058931146 -0.998200059 -180.576782227 -0.054157589 0.996832132 0.058246952 6.813894272 0.998470485 0.053412285 0.014278379 17.666126251
0.010769214 0.059759919 -0.998154640 -181.626007080 -0.053456910 0.996819496 0.059103221 6.852340221 0.998512089 0.052721769 0.013929540 17.679624557
0.011636753 0.059140831 -0.998181820 -182.646606445 -0.053765737 0.996842325 0.058434673 6.883232594 0.998485684 0.052987985 0.014779758 17.678897858
0.012981446 0.059247255 -0.998158932 -183.626708984 -0.054396827 0.996806681 0.058459539 6.914230824 0.998434961 0.053537790 0.016162856 17.692201614
0.014289836 0.060004134 -0.998095751 -184.580856323 -0.055209599 0.996722341 0.059131123 6.946412086 0.998372555 0.054259498 0.017555803 17.700654984
0.013638016 0.058417536 -0.998198986 -185.532424927 -0.053722475 0.996892810 0.057607099 6.977847099 0.998462796 0.052840080 0.016733974 17.709756851
0.010574829 0.055393636 -0.998408616 -186.460006714 -0.051491845 0.997169852 0.054779526 7.007306099 0.998617351 0.050830625 0.013397220 17.718585968
0.005408177 0.051734701 -0.998646200 -187.390045166 -0.051344428 0.997357845 0.051389899 7.039194584 0.998666346 0.050996993 0.008050176 17.720670700
0.000673410 0.048804685 -0.998808086 -188.308120728 -0.052937143 0.997409582 0.048700649 7.068507671 0.998597622 0.052841254 0.003255246 17.714014053
-0.002991704 0.047913451 -0.998847008 -189.242111206 -0.055356674 0.997311831 0.048005611 7.103999138 0.998462141 0.055436470 -0.000331333 17.700164795
-0.005845762 0.048627477 -0.998799860 -190.161483765 -0.056815982 0.997187316 0.048881497 7.130232334 0.998367548 0.057033546 -0.003066503 17.685911179
-0.007985631 0.050629351 -0.998685598 -191.072082520 -0.055605963 0.997149587 0.050996114 7.156082153 0.998420835 0.055940114 -0.005147575 17.679122925
-0.009329592 0.051748477 -0.998616636 -191.995697021 -0.052729126 0.997245133 0.052170034 7.193409920 0.998565197 0.053142909 -0.006575239 17.667303085
-0.010722035 0.052249309 -0.998576522 -192.907638550 -0.051002964 0.997305512 0.052730437 7.222515106 0.998640954 0.051495738 -0.008028274 17.654491425
-0.011202459 0.050827786 -0.998644650 -193.811019897 -0.051543012 0.997350216 0.051340103 7.256329060 0.998607993 0.052048288 -0.008552958 17.631315231
-0.012578597 0.050236970 -0.998658061 -194.715240479 -0.053548582 0.997270048 0.050841622 7.279248238 0.998486042 0.054116245 -0.009854141 17.629549026
-0.012408688 0.048945662 -0.998724341 -195.620544434 -0.057245690 0.997128308 0.049578696 7.320143700 0.998283029 0.057787877 -0.009571125 17.606765747
-0.012217191 0.047462292 -0.998798311 -196.539550781 -0.059945270 0.997041523 0.048112053 7.344424725 0.998126984 0.060461029 -0.009335907 17.593509674
-0.011134764 0.045047324 -0.998922825 -197.454421997 -0.059935492 0.997158587 0.045635849 7.371200562 0.998140156 0.060379077 -0.008403191 17.576858521
-0.009764042 0.043074775 -0.999024153 -198.366912842 -0.059269387 0.997290254 0.043579288 7.392228603 0.998194277 0.059637047 -0.007184569 17.554290771
-0.009219819 0.042601239 -0.999049664 -199.287124634 -0.059289973 0.997311115 0.043074254 7.421692371 0.998198211 0.059630759 -0.006669200 17.541391373
-0.008492782 0.045560438 -0.998925447 -200.220367432 -0.057037394 0.997312963 0.045971818 7.445746422 0.998335898 0.057366528 -0.005871313 17.527797699
-0.008519266 0.046693828 -0.998872936 -201.159332275 -0.055865824 0.997326851 0.047098026 7.475115776 0.998401940 0.056204095 -0.005887902 17.511528015
-0.007191619 0.042845629 -0.999055803 -202.088607788 -0.051375337 0.997746408 0.043159295 7.506977558 0.998653531 0.051637217 -0.004974202 17.507844925
-0.007250054 0.039119076 -0.999208272 -203.030639648 -0.049853813 0.997977793 0.039432637 7.541238785 0.998730242 0.050100226 -0.005285157 17.504386902
-0.006599742 0.039682224 -0.999190509 -203.991165161 -0.054313075 0.997723222 0.039982684 7.570378780 0.998502135 0.054532994 -0.004429451 17.484773636
-0.005142156 0.043970283 -0.999019563 -204.952087402 -0.055792030 0.997464120 0.044188991 7.595983028 0.998429239 0.055964556 -0.002675923 17.474246979
-0.003262410 0.044071287 -0.999023080 -205.895797729 -0.053607080 0.997584105 0.044182874 7.618802071 0.998556793 0.053698856 -0.000891995 17.472492218
-0.000864441 0.045001749 -0.998986542 -206.857574463 -0.052410826 0.997611940 0.044985171 7.658553600 0.998625278 0.052396595 0.001496202 17.467926025
0.000385449 0.049466286 -0.998775721 -207.829360962 -0.053533856 0.997344613 0.049374752 7.694290161 0.998565972 0.053449281 0.003032546 17.466814041
0.002236221 0.053425986 -0.998569310 -208.846740723 -0.050882448 0.997284353 0.053243294 7.734189987 0.998702168 0.050690580 0.004948592 17.471799850
0.003352515 0.053857088 -0.998543084 -209.837387085 -0.050518122 0.997282684 0.053619504 7.775122166 0.998717487 0.050264765 0.006064165 17.473129272
0.005191530 0.054663897 -0.998491287 -210.850051880 -0.053487483 0.997090518 0.054309111 7.816558361 0.998555005 0.053124841 0.008100260 17.479053497
0.008648355 0.056614175 -0.998358667 -211.890899658 -0.056085572 0.996851861 0.056042884 7.861980915 0.998388529 0.055508841 0.011796365 17.469341278
0.011640816 0.057015669 -0.998305440 -212.913757324 -0.057192042 0.996776640 0.056261461 7.904763699 0.998295307 0.056440197 0.014864136 17.484807968
0.014852341 0.053976446 -0.998431802 -213.942077637 -0.059921604 0.996795297 0.052996602 7.950425148 0.998092592 0.059040513 0.018039098 17.486974716
