1.000000000 0.000000000 0.000000000 0.000000000 0.000000000 1.000000000 -0.000000000 0.000000000 0.000000000 -0.000000000 1.000000000 0.000000000
0.999933898 -0.002504300 0.011219496 0.016071629 0.002493205 0.999996364 0.001002781 -0.003636961 -0.011221967 -0.000974742 0.999936581 0.295812905
0.999828696 -0.004528242 0.017945370 0.025652993 0.004507857 0.999989152 0.001176222 -0.008648158 -0.017950501 -0.001095125 0.999838293 0.582345188
0.999777496 -0.007533914 0.019703630 0.039967254 0.007536352 0.999971628 -0.000049472 -0.012361380 -0.019702697 0.000197954 0.999805868 0.887190402
0.999816537 -0.008658810 0.017084504 0.051328748 0.008691425 0.999960542 -0.001835785 -0.009379004 -0.017067933 0.001983937 0.999852359 1.202782393
0.999882936 -0.011426688 0.010173769 0.053104311 0.011460968 0.999928832 -0.003317486 -0.011741759 -0.010135137 0.003433699 0.999942720 1.513713479
0.999914408 -0.012922673 -0.002010228 0.057411000 0.012911201 0.999900877 -0.005618745 -0.007722607 0.002082638 0.005592309 0.999982178 1.857442975
0.999751985 -0.012175165 -0.018645497 0.038510185 0.012062781 0.999908447 -0.006128032 -0.008737588 0.018718399 0.005901597 0.999807358 2.196978092
0.999230921 -0.007605136 -0.038466193 0.010935009 0.007388375 0.999956012 -0.005774166 -0.018247884 0.038508415 0.005485523 0.999243259 2.536542654
0.998308957 -0.004208220 -0.057978593 -0.032602429 0.003785865 0.999965489 -0.007392580 -0.016258979 0.058007713 0.007160580 0.998290420 2.892881632
0.996917784 -0.003903250 -0.078356832 -0.073834032 0.003297822 0.999963701 -0.007854471 -0.020179465 0.078384660 0.007571855 0.996894419 3.258006096
0.995005667 -0.005359103 -0.099674150 -0.118928507 0.004614818 0.999959707 -0.007696248 -0.018467613 0.099711388 0.007197831 0.994990408 3.631100655
0.992837250 -0.007240158 -0.119255342 -0.177332729 0.006530083 0.999958515 -0.006343933 -0.031134527 0.119296335 0.005519746 0.992843270 4.016863823
0.990579247 -0.005869253 -0.136814862 -0.254370809 0.005062918 0.999967813 -0.006240862 -0.030847646 0.136847064 0.005489386 0.990576982 4.411551952
0.988171577 -0.004834031 -0.153276086 -0.320693076 0.004123019 0.999979198 -0.004956299 -0.044551216 0.153296843 0.004265713 0.988170981 4.823503971
0.986058712 -0.003949650 -0.166350871 -0.408065200 0.003110203 0.999981105 -0.005306445 -0.048450470 0.166368723 0.004715081 0.986052275 5.238556862
0.983901739 -0.005685750 -0.178619459 -0.495392561 0.004623195 0.999969125 -0.006364393 -0.053302482 0.178650111 0.005436145 0.983897626 5.671905994
0.982023120 -0.009572769 -0.188517347 -0.582354426 0.008118747 0.999931097 -0.008483626 -0.061915975 0.188585550 0.006800592 0.982033193 6.123146534
0.980497897 -0.008683900 -0.196337223 -0.681840062 0.006789358 0.999923766 -0.010320432 -0.070712790 0.196411848 0.008786158 0.980482101 6.578698635
0.979086637 -0.008070749 -0.203283325 -0.799314082 0.005711264 0.999909401 -0.012190848 -0.074969955 0.203363314 0.010774893 0.979044020 7.052536011
0.977369130 -0.008895655 -0.211353675 -0.909544349 0.005822033 0.999868095 -0.015160412 -0.083890378 0.211460680 0.013586812 0.977292061 7.534623146
0.975600898 -0.012769928 -0.219179466 -1.025271654 0.009318884 0.999815881 -0.016771941 -0.095907606 0.219353318 0.014320213 0.975540340 8.034150124
0.973607361 -0.019096985 -0.227429017 -1.134751320 0.015236399 0.999708652 -0.018718610 -0.102313720 0.227720231 0.014759377 0.973614693 8.555791855
0.971508503 -0.020188082 -0.236143515 -1.256590962 0.015872218 0.999670744 -0.020163331 -0.127189472 0.236472815 0.015840719 0.971508980 9.063548088
0.969393075 -0.016258722 -0.244975269 -1.407032490 0.010474361 0.999635220 -0.024896469 -0.135340780 0.245290682 0.021568496 0.969209611 9.589167595
0.967211187 -0.013070170 -0.253636986 -1.564636230 0.006224265 0.999594808 -0.027774714 -0.154349104 0.253897220 0.025285307 0.966900647 10.133860588
0.964808822 -0.015726352 -0.262481600 -1.718189120 0.008103297 0.999514043 -0.030099552 -0.168861955 0.262827367 0.026913347 0.964467466 10.708974838
0.962446630 -0.019170647 -0.270792902 -1.872783780 0.010974456 0.999435604 -0.031749342 -0.192587256 0.271248698 0.027585244 0.962113917 11.272533417
0.960245192 -0.018737745 -0.278528363 -2.049959183 0.009601092 0.999371171 -0.034131389 -0.215768844 0.278992772 0.030100327 0.959821343 11.846041679
0.957977295 -0.017563570 -0.286305755 -2.244299889 0.007011902 0.999259233 -0.037838288 -0.242301241 0.286758244 0.034240671 0.957390904 12.437844276
0.955711126 -0.018012153 -0.293754697 -2.435637951 0.005665457 0.999066412 -0.042827558 -0.274310529 0.294251889 0.039266519 0.954920948 13.037020683
0.953763187 -0.020408865 -0.299865514 -2.624167919 0.005582000 0.998722672 -0.050218821 -0.310112000 0.300507307 0.046222996 0.952658832 13.654503822
0.952382922 -0.021175969 -0.304168612 -2.830617189 0.003501879 0.998279274 -0.058534633 -0.344356954 0.304884702 0.054682225 0.950818181 14.272401810
0.951106906 -0.020785352 -0.308161855 -3.042716026 0.000050272 0.997743428 -0.067142099 -0.387116909 0.308861971 0.063843817 0.948961675 14.889479637
0.949888229 -0.020428875 -0.311921537 -3.266222000 -0.003420084 0.997123241 -0.075720333 -0.438458860 0.312571079 0.072992660 0.947085738 15.521629333
0.948788881 -0.019687178 -0.315296799 -3.502267599 -0.006813516 0.996548831 -0.082727827 -0.491654098 0.315837383 0.080639526 0.945380330 16.163228989
0.946916461 -0.018190304 -0.320964843 -3.729769230 -0.011126613 0.995945394 -0.089269973 -0.552619874 0.321287274 0.088102460 0.942874551 16.830644608
0.945409894 -0.016853143 -0.325447381 -3.971743107 -0.014993647 0.995354712 -0.095099874 -0.621062160 0.325538307 0.094788000 0.940765560 17.472127914
0.943836331 -0.015457966 -0.330051631 -4.229979992 -0.018849947 0.994758964 -0.100494042 -0.691257715 0.329875350 0.101071365 0.938598275 18.147300720
0.942011714 -0.012692918 -0.335339874 -4.480574608 -0.023404501 0.994366050 -0.103383854 -0.768414259 0.334762782 0.105237268 0.936407506 18.831159592
0.940335631 -0.011477091 -0.340054721 -4.750990868 -0.025761452 0.994160593 -0.104790427 -0.846228123 0.339271694 0.107298486 0.934548974 19.527879715
0.938007534 -0.010909585 -0.346443027 -5.018989563 -0.026942993 0.994185448 -0.104256339 -0.924314141 0.345566005 0.107127473 0.932259560 20.246788025
0.935656905 -0.011197283 -0.352733254 -5.284175873 -0.026634932 0.994405329 -0.102218322 -1.009893298 0.351904362 0.105036311 0.930124044 20.947149277
0.933206558 -0.011552980 -0.359154403 -5.574985504 -0.026272597 0.994614422 -0.100259170 -1.091615796 0.358378470 0.102998450 0.927877247 21.663745880
0.929939926 -0.010382883 -0.367564708 -5.861876965 -0.027482161 0.994843006 -0.097632051 -1.168740630 0.366682857 0.100893408 0.924858987 22.377929688
0.926571190 -0.008606487 -0.376020730 -6.172719479 -0.028087385 0.995363355 -0.091993697 -1.246251225 0.375068992 0.095800146 0.922033310 23.115909576
0.923197687 -0.004597225 -0.384297818 -6.497041702 -0.031125361 0.995749533 -0.086684197 -1.328206897 0.383062840 0.091988064 0.919130623 23.856060028
0.919571936 -0.000831680 -0.392920524 -6.828747749 -0.034417346 0.995983601 -0.082656831 -1.405693531 0.391411126 0.089532189 0.915850103 24.607505798
0.915727675 0.000531085 -0.401798964 -7.172663689 -0.036160175 0.996050298 -0.081094980 -1.477624893 0.400168896 0.088790059 0.912129998 25.356046677
0.911700249 0.000174664 -0.410855860 -7.517954826 -0.036420118 0.996097744 -0.080393776 -1.548097253 0.409238487 0.088258460 0.908148825 26.100456238
0.907918930 0.000497321 -0.419145346 -7.885758400 -0.037050411 0.996180058 -0.079073660 -1.619709253 0.417504907 0.087321982 0.904469192 26.870891571
0.903794527 0.001122329 -0.427965164 -8.268324852 -0.037864275 0.996284783 -0.077350631 -1.690567732 0.426288247 0.086113684 0.900479198 27.662727356
0.900007010 0.000046722 -0.435875386 -8.636234283 -0.036329959 0.996528447 -0.074908234 -1.765362740 0.434358746 0.083253272 0.896884203 28.413810730
0.896032989 -0.000374920 -0.443987370 -9.024250031 -0.034806136 0.996862769 -0.071085788 -1.829072595 0.442621142 0.079148695 0.893208802 29.206146240
0.892380178 0.002334345 -0.451278359 -9.447559357 -0.035511039 0.997249126 -0.065062761 -1.901167750 0.449885041 0.074086100 0.890008271 29.998130798
0.888521135 0.002432020 -0.458829314 -9.870107651 -0.034084104 0.997573018 -0.060716104 -1.967666388 0.457568049 0.069586322 0.886447549 30.804273605
0.885029137 0.001564581 -0.465533048 -10.307218552 -0.032812715 0.997716963 -0.059027370 -2.027749777 0.464377910 0.067516349 0.883059859 31.610008240
0.881475449 0.000931402 -0.472228795 -10.742980003 -0.032118421 0.997800648 -0.057985146 -2.089995384 0.471136183 0.066279732 0.879566729 32.438606262
0.878310561 0.001556950 -0.478087842 -11.202129364 -0.032331407 0.997898817 -0.056147311 -2.147095680 0.476995885 0.064772040 0.876515508 33.267868042
0.875253499 -0.000479726 -0.483664066 -11.661615372 -0.029669762 0.998063087 -0.054681253 -2.202897310 0.482753485 0.062210165 0.873543918 34.097835541
0.872767806 -0.001125879 -0.488134176 -12.168737411 -0.029237682 0.998081386 -0.054578073 -2.266013145 0.487259150 0.061905902 0.871060371 34.949638367
0.870388210 -0.002951080 -0.492357343 -12.621484756 -0.027843194 0.998086810 -0.055203445 -2.320433855 0.491578221 0.061757229 0.868640780 35.792076111
0.869011343 -0.002647876 -0.494785279 -13.125754356 -0.028575717 0.998048007 -0.055529807 -2.379677296 0.493966460 0.062394872 0.867239237 36.657569885
0.868495941 -0.002614221 -0.495689183 -13.625759125 -0.028189156 0.998107374 -0.054654099 -2.440979004 0.494893909 0.061439924 0.866778553 37.521572113
0.868224204 -0.002296741 -0.496166646 -14.134090424 -0.027771972 0.998196721 -0.053217810 -2.499436140 0.495394111 0.059984520 0.866594791 38.406269073
0.868096530 -0.003491811 -0.496383071 -14.656049728 -0.025958430 0.998287678 -0.052419700 -2.565087795 0.495716244 0.058390681 0.866519451 39.284099579
0.867336214 -0.005766397 -0.497689158 -15.179464340 -0.023844801 0.998303413 -0.053121656 -2.626576900 0.497151107 0.057941645 0.865727127 40.194156647
0.866273403 -0.008168093 -0.499503344 -15.711120605 -0.021445176 0.998336613 -0.053516943 -2.689120770 0.499109715 0.057072248 0.864657342 41.104087830
0.864553034 -0.008505936 -0.502469301 -16.253166199 -0.020302070 0.998449326 -0.051833931 -2.747826576 0.502131045 0.055014364 0.863039851 42.042270660
0.862563848 -0.007980772 -0.505885363 -16.793523788 -0.018920368 0.998667479 -0.048015151 -2.808937311 0.505594373 0.050987665 0.861263394 42.942481995
0.859664261 -0.007720137 -0.510801017 -17.337812424 -0.016974431 0.998902023 -0.043664694 -2.878015518 0.510577321 0.046207536 0.858589292 43.863281250
0.855850101 -0.008351278 -0.517156482 -17.899595261 -0.015442811 0.999011338 -0.041689035 -2.934598207 0.516993284 0.043665916 0.854874909 44.769485474
0.850540817 -0.011232533 -0.525789082 -18.462270737 -0.013942263 0.998938918 -0.043894175 -2.996627808 0.525724173 0.044664476 0.849481702 45.670185089
0.844427645 -0.015272786 -0.535451889 -19.030307770 -0.012081075 0.998796165 -0.047541145 -3.050060511 0.535533309 0.046613887 0.843226612 46.566226959
0.838253200 -0.015085331 -0.545072436 -19.607866287 -0.012303620 0.998839438 -0.046565138 -3.115717411 0.545142293 0.045739736 0.837094784 47.449043274
0.832210958 -0.011951528 -0.554330230 -20.203256607 -0.013187660 0.999058187 -0.041338507 -3.175527573 0.554302156 0.041712679 0.831269562 48.343936920
0.827215612 -0.006802526 -0.561843455 -20.829124451 -0.016951879 0.999169409 -0.037056126 -3.231974125 0.561628819 0.040177703 0.826413274 49.232627869
0.823367774 -0.006514134 -0.567470729 -21.445343018 -0.018643597 0.999083936 -0.038519528 -3.283190727 0.567201793 0.042295434 0.822492003 50.095443726
0.819577575 -0.009169731 -0.572894931 -22.059278488 -0.018478174 0.998928845 -0.042423498 -3.344877243 0.572670221 0.045355398 0.818530142 50.988262177
0.816906273 -0.010836263 -0.576668620 -22.690761566 -0.021877224 0.998521864 -0.049754549 -3.398325443 0.576355338 0.053260706 0.815461695 51.840217590
0.813468993 -0.012199921 -0.581480384 -23.319236755 -0.021551315 0.998461187 -0.051097967 -3.463017464 0.581208944 0.054098271 0.811954200 52.721351624
0.810227752 -0.010683914 -0.586017787 -23.955234528 -0.020916354 0.998669982 -0.047126073 -3.525157928 0.585741818 0.050440226 0.808926642 53.583686829
0.807074726 -0.008361211 -0.590390027 -24.598699570 -0.020519497 0.998898625 -0.042197131 -3.582067966 0.590092599 0.046170760 0.806014180 54.452823639
0.803979337 -0.006209665 -0.594624937 -25.240940094 -0.021080326 0.999019444 -0.038934998 -3.642787457 0.594283640 0.043837827 0.803059936 55.315589905
0.801022768 -0.006228367 -0.598601520 -25.904529572 -0.021674065 0.998988509 -0.039397642 -3.698259354 0.598241389 0.044532537 0.800077558 56.178104401
0.797344565 -0.007592018 -0.603476584 -26.562738419 -0.021850776 0.998902142 -0.041437037 -3.749428034 0.603128612 0.046226032 0.796303332 57.043140411
0.793317914 -0.010267631 -0.608721137 -27.235988617 -0.020775819 0.998818696 -0.043923780 -3.811494589 0.608453095 0.047492199 0.792167485 57.907936096
0.789141297 -0.011177112 -0.614110053 -27.882659912 -0.020432778 0.998803258 -0.044435177 -3.861728668 0.613871813 0.047613602 0.787968516 58.726959229
0.784440219 -0.011253201 -0.620102465 -28.558832169 -0.019954249 0.998859823 -0.043369092 -3.922406197 0.619883418 0.046394140 0.783321202 59.576377869
0.779827297 -0.010470983 -0.625907183 -29.242198944 -0.020660354 0.998884857 -0.042451683 -3.982807398 0.625653863 0.046036445 0.778741300 60.392265320
0.774310887 -0.012336192 -0.632685304 -29.932704926 -0.019793127 0.998848796 -0.043699488 -4.042144775 0.632495821 0.046359807 0.773175061 61.253425598
0.769002676 -0.013727766 -0.639098287 -30.635623932 -0.019278815 0.998816609 -0.044651948 -4.102087021 0.638954878 0.046658516 0.767827868 62.088714600
0.763206482 -0.014844850 -0.645984173 -31.337226868 -0.018590773 0.998817742 -0.044917360 -4.168337345 0.645887196 0.046290562 0.762028217 62.920909882
0.757374763 -0.017294783 -0.652751267 -32.057704926 -0.016836528 0.998799622 -0.045998510 -4.234852791 0.652763188 0.045828182 0.756174505 63.757766724
0.751092613 -0.018955696 -0.659924746 -32.785774231 -0.016392125 0.998744190 -0.047344632 -4.294706821 0.659993351 0.046377771 0.749838591 64.589691162
0.745084345 -0.020251563 -0.666662753 -33.539993286 -0.015110706 0.998769820 -0.047228366 -4.363143444 0.666799009 0.045262862 0.743861735 65.408843994
0.738872886 -0.020038318 -0.673546970 -34.298721313 -0.014284023 0.998867333 -0.045386150 -4.429064751 0.673693478 0.043155547 0.737749815 66.233253479
0.732287407 -0.020618124 -0.680683434 -35.066429138 -0.013429566 0.998910010 -0.044704981 -4.485776901 0.680863261 0.041878190 0.731212199 67.051177979
0.725582838 -0.022471935 -0.687767684 -35.823448181 -0.012265311 0.998885572 -0.045576993 -4.549292564 0.688025415 0.041505571 0.724498630 67.854064941
0.718839288 -0.024861906 -0.694731712 -36.611976624 -0.011044265 0.998825729 -0.047171824 -4.611877918 0.695088565 0.041581765 0.717720509 68.677810669
0.712984562 -0.024154998 -0.700763583 -37.415607452 -0.012468810 0.998811603 -0.047114830 -4.672990322 0.701068878 0.042329837 0.711836040 69.475044250
0.707500637 -0.023621297 -0.706317782 -38.229637146 -0.012654003 0.998857617 -0.046079855 -4.738555908 0.706599295 0.041539278 0.706393540 70.278579712
0.702375710 -0.023593308 -0.711415231 -39.046665192 -0.013221475 0.998845637 -0.046179097 -4.798197746 0.711683631 0.041841030 0.701252997 71.080642700
0.697384536 -0.024016673 -0.716294706 -39.873138428 -0.013929922 0.998795390 -0.047050823 -4.868144512 0.716561794 0.042790446 0.696209848 71.883491516
0.692133009 -0.025997374 -0.721301556 -40.710060120 -0.014902494 0.998623371 -0.050292548 -4.929363728 0.721616030 0.045558330 0.690792859 72.671005249
0.687250912 -0.028935945 -0.725843608 -41.548740387 -0.013368404 0.998533368 -0.052464411 -4.997192383 0.726297021 0.045759588 0.685856104 73.451934814
0.681908786 -0.029333949 -0.730848789 -42.403121948 -0.014083817 0.998483717 -0.053216681 -5.073354244 0.731301665 0.046582073 0.680461645 74.252914429
0.676906168 -0.029004736 -0.735497713 -43.268875122 -0.013589893 0.998560548 -0.051886044 -5.144527435 0.735943913 0.045117330 0.675537527 75.045066833
0.671769857 -0.028968671 -0.740193188 -44.137535095 -0.012790802 0.998632431 -0.050691538 -5.216498375 0.740649462 0.043520711 0.670480788 75.831192017
0.666686237 -0.029992415 -0.744734824 -45.012619019 -0.012327873 0.998609722 -0.051252518 -5.287352562 0.745236516 0.043350346 0.665389657 76.610160828
0.661867499 -0.031020746 -0.748978734 -45.915420532 -0.011375248 0.998612761 -0.051412173 -5.359092712 0.749534488 0.042547870 0.660596430 77.400604248
0.657273233 -0.032217409 -0.752963424 -46.808700562 -0.009769139 0.998637736 -0.051256821 -5.428247452 0.753588915 0.041045547 0.656063080 78.186981201
0.653633952 -0.032744896 -0.756102145 -47.741130829 -0.009113003 0.998650551 -0.051127065 -5.503979683 0.756755948 0.040308747 0.652453542 78.965003967
0.649765491 -0.035419580 -0.759308994 -48.637512207 -0.007026109 0.998591244 -0.052593883 -5.572864532 0.760102153 0.039508682 0.648601294 79.723464966
0.645208716 -0.040172581 -0.762949526 -49.570388794 -0.003715285 0.998439908 -0.055714093 -5.650261402 0.763997316 0.038781792 0.644052804 80.521209717
0.640515625 -0.044726413 -0.766641676 -50.487880707 0.000805412 0.998341084 -0.057571020 -5.720963955 0.767944753 0.036257669 0.639488995 81.289886475
0.633854151 -0.047987055 -0.771962523 -51.419723511 0.005375231 0.998322725 -0.057644576 -5.800877094 0.773433924 0.032388777 0.633048952 82.057998657
0.625282884 -0.051836647 -0.778674662 -52.363288879 0.009866207 0.998236954 -0.058530327 -5.877836704 0.780335724 0.028915450 0.624691963 82.820098877
0.616230726 -0.052709296 -0.785799801 -53.320003510 0.012896095 0.998299479 -0.056849957 -5.962183952 0.787459970 0.024898943 0.615862608 83.568130493
0.607301116 -0.051048879 -0.792829931 -54.295463562 0.013053314 0.998439968 -0.054288998 -6.042093754 0.794364452 0.022620711 0.607020080 84.312469482
0.598573744 -0.050848637 -0.799452245 -55.281463623 0.012553593 0.998456240 -0.054106906 -6.123265743 0.800969303 0.022350976 0.598288059 85.036064148
0.589025795 -0.052244619 -0.806423664 -56.270790100 0.011805600 0.998357832 -0.056056172 -6.200036526 0.808028042 0.023498217 0.588675320 85.759231567
0.578793824 -0.054302562 -0.813663900 -57.275878906 0.011941737 0.998237848 -0.058126044 -6.281532764 0.815386534 0.023926435 0.578422427 86.475341797
0.568960309 -0.056274813 -0.820437312 -58.316864014 0.012764962 0.998140097 -0.059611369 -6.366415024 0.822265923 0.023443656 0.568620384 87.186798096
0.558035314 -0.057255633 -0.827839613 -59.353420258 0.015729332 0.998167396 -0.058433037 -6.449190140 0.829668224 0.019586336 0.557913244 87.919677734
0.547999501 -0.057553004 -0.834496439 -60.413490295 0.017296720 0.998196661 -0.057484508 -6.534753799 0.836299777 0.017067429 0.548006654 88.611938477
0.538088799 -0.057618093 -0.840916514 -61.450481415 0.017126175 0.998202324 -0.057436273 -6.625121593 0.842714131 0.016504133 0.538108230 89.245483398
0.527305841 -0.058987379 -0.847625434 -62.514610291 0.016522493 0.998110533 -0.059181232 -6.705394268 0.849514723 0.017201725 0.527284205 89.922164917
0.517403722 -0.059175011 -0.853692949 -63.571960449 0.015632657 0.998093486 -0.059709746 -6.795877457 0.855598569 0.017548561 0.517342269 90.553680420
0.508063555 -0.059724655 -0.859246314 -64.651618958 0.014183665 0.998037934 -0.060985148 -6.890637398 0.861202776 0.018797077 0.507913947 91.165115356
0.498008460 -0.059922576 -0.865099311 -65.750793457 0.013467971 0.998023808 -0.061376762 -6.973184586 0.867067516 0.018915016 0.497831345 91.805801392
0.489392340 -0.057338696 -0.870176613 -66.863914490 0.011871927 0.998181760 -0.059096508 -7.067695141 0.871982813 0.018590705 0.489183217 92.425933838
0.481614769 -0.055448808 -0.874627173 -67.962837219 0.012612933 0.998331666 -0.056345984 -7.163002968 0.876292229 0.016105440 0.481510609 93.017272949
0.474147826 -0.055781048 -0.878676534 -69.083076477 0.012374287 0.998314798 -0.056698680 -7.246686935 0.880358279 0.016010560 0.474038959 93.617500305
0.466007650 -0.058795411 -0.882825017 -70.198356628 0.014445206 0.998162210 -0.058851730 -7.337873936 0.884662688 0.014672769 0.466000527 94.216453552
0.458870441 -0.061896551 -0.886344552 -71.307556152 0.016656525 0.997994542 -0.061070181 -7.423270226 0.888347030 0.013259881 0.458981186 94.790985107
0.452845663 -0.065054908 -0.889212310 -72.442123413 0.017659565 0.997793317 -0.064005278 -7.511282921 0.891414046 0.013281413 0.452995241 95.365081787
0.446612358 -0.068791211 -0.892079055 -73.576202393 0.020539688 0.997565448 -0.066642582 -7.614691257 0.894491732 0.011440376 0.446937919 95.950988770
0.442427903 -0.069697969 -0.894091547 -74.734077454 0.023064420 0.997529864 -0.066348329 -7.713113785 0.896507323 0.008732650 0.442942679 96.510879517
0.437908590 -0.066934749 -0.896524251 -75.870208740 0.024717523 0.997743905 -0.062418524 -7.814339161 0.898679674 0.005173746 0.438575089 97.072372437
0.433777660 -0.064737856 -0.898691237 -77.004806519 0.027674485 0.997902155 -0.058526762 -7.914581299 0.900594831 0.000516782 0.434659302 97.630165100
0.430787474 -0.064408697 -0.900152028 -78.159118652 0.029354664 0.997922122 -0.057356142 -8.005465508 0.901975811 -0.001715357 0.431783020 98.172431946
0.428240180 -0.064107902 -0.901388109 -79.268157959 0.031106951 0.997935057 -0.056195863 -8.096999168 0.903129339 -0.003974109 0.429350108 98.692855835
0.425229222 -0.062954329 -0.902893603 -80.414115906 0.031704992 0.998001933 -0.054653894 -8.188626289 0.904530168 -0.005385797 0.426375598 99.236618042
0.423280865 -0.061710265 -0.903894484 -81.546463013 0.033542663 0.998061061 -0.052431613 -8.277576447 0.905377388 -0.008125721 0.424530089 99.762046814
0.420303583 -0.063124135 -0.905185223 -82.674865723 0.036127254 0.997950435 -0.052818306 -8.357689857 0.906664014 -0.010502127 0.421722680 100.296386719
0.418474495 -0.063846178 -0.905981660 -83.825340271 0.038204223 0.997880578 -0.052675866 -8.432800293 0.907424629 -0.012568815 0.420026749 100.807861328
0.416070998 -0.063319616 -0.907124817 -84.929695129 0.041640524 0.997852921 -0.050553393 -8.509795189 0.908378124 -0.016739348 0.417814344 101.327758789
0.413966149 -0.062533580 -0.908141792 -86.043670654 0.043722641 0.997851968 -0.048780464 -8.593941689 0.909241498 -0.019512888 0.415811241 101.832199097
0.412191182 -0.064425603 -0.908816695 -87.142097473 0.045958869 0.997697115 -0.049881801 -8.667260170 0.909937501 -0.021207346 0.414202958 102.333610535
0.410808563 -0.065144129 -0.909391403 -88.231887817 0.047766026 0.997611940 -0.049885988 -8.753398895 0.910469532 -0.022944417 0.412939131 102.825988770
0.410173178 -0.066130556 -0.909606934 -89.294425964 0.047538206 0.997562051 -0.051088467 -8.833533287 0.910767794 -0.022285962 0.412316889 103.304244995
0.410630941 -0.066934206 -0.909341574 -90.348106384 0.047111608 0.997527301 -0.052151166 -8.916533470 0.910583735 -0.021425666 0.412768900 103.784744263
0.413102239 -0.066987775 -0.908217609 -91.399452209 0.045093041 0.997572243 -0.053067803 -8.992341042 0.909567535 -0.019031871 0.415120035 104.253791809
0.417065024 -0.067452393 -0.906370223 -92.437911987 0.043184083 0.997586608 -0.054369658 -9.068935394 0.907850087 -0.016465090 0.418971360 104.733123779
0.422363818 -0.067879908 -0.903881133 -93.460739136 0.042047694 0.997585654 -0.055269003 -9.149564743 0.905450583 -0.014662487 0.424198300 105.201004028
0.427895516 -0.067964219 -0.901269317 -94.472549438 0.041330896 0.997596979 -0.055605583 -9.223750114 0.902882695 -0.013456893 0.429676324 105.685852051
0.435027748 -0.066432498 -0.897962928 -95.478958130 0.040811166 0.997704387 -0.054040097 -9.312612534 0.899491608 -0.013137980 0.436740339 106.161956787
0.443144679 -0.064622268 -0.894117892 -96.483863831 0.039276052 0.997840166 -0.052652709 -9.396448135 0.895589292 -0.011784653 0.444725722 106.654724121
0.452435732 -0.064025104 -0.889495790 -97.467163086 0.038628764 0.997890234 -0.052179009 -9.467626572 0.890959978 -0.010752476 0.453954488 107.147827148
0.462750137 -0.064193144 -0.884161472 -98.475166321 0.037441462 0.997900009 -0.052854933 -9.528372765 0.885697663 -0.008645666 0.464181989 107.642234802
0.471889108 -0.064658515 -0.879283786 -99.442771912 0.036444385 0.997885287 -0.053821150 -9.607357025 0.880904377 -0.006647347 0.473247617 108.170043945
0.482948899 -0.066174760 -0.873144507 -100.417922974 0.034385804 0.997804403 -0.056603331 -9.680377960 0.874973059 -0.002687254 0.484164029 108.687637329
0.494997770 -0.066881813 -0.866316378 -101.366287231 0.032607015 0.997760653 -0.058398589 -9.758207321 0.868282199 0.000659180 0.496070147 109.206039429
0.507677078 -0.065347880 -0.859065592 -102.311752319 0.030418141 0.997857094 -0.057929531 -9.831389427 0.861010194 0.003278324 0.508577049 109.751510620
0.519842684 -0.063469306 -0.851900995 -103.251617432 0.029412894 0.997974694 -0.056404073 -9.903259277 0.853755474 0.004264374 0.520656705 110.324768066
0.532995641 -0.060068149 -0.843983173 -104.160987854 0.027776234 0.998181403 -0.053501427 -9.989267349 0.845661938 0.005073353 0.533694804 110.879234314
0.544977188 -0.059387565 -0.836345136 -105.077827454 0.028305104 0.998222947 -0.052438155 -10.065021515 0.837972999 0.004904765 0.545689702 111.465820312
0.556307316 -0.059661388 -0.828832150 -105.959518433 0.027885303 0.998197854 -0.053136293 -10.140855789 0.830508530 0.006447876 0.556968451 112.059989929
0.567683697 -0.060268521 -0.821037650 -106.834800720 0.027857976 0.998151839 -0.054008015 -10.217741966 0.822775245 0.007787019 0.568313420 112.653999329
0.578281045 -0.062155455 -0.813466489 -107.686836243 0.030642796 0.998044789 -0.054475233 -10.292289734 0.815261841 0.006575108 0.579055011 113.265876770
0.590010047 -0.062054381 -0.805007756 -108.549858093 0.030599285 0.998044372 -0.054507732 -10.365669250 0.806815922 0.007527449 0.590754986 113.879821777
0.599763215 -0.058580339 -0.798030376 -109.374259949 0.029130081 0.998254120 -0.051385134 -10.447910309 0.799647093 0.007572228 0.600422502 114.505348206
0.609856069 -0.055926070 -0.790536523 -110.188468933 0.029047364 0.998414159 -0.048223797 -10.511714935 0.791979730 0.006446573 0.610513508 115.132301331
0.619795203 -0.054835860 -0.782845438 -110.985954285 0.028248472 0.998468161 -0.047574654 -10.574538231 0.784254968 0.007372357 0.620394886 115.756797791
0.630369306 -0.053536594 -0.774447143 -111.776947021 0.026211947 0.998518169 -0.047690868 -10.652769089 0.775852680 0.009763091 0.630838513 116.385749817
0.640027046 -0.053175367 -0.766510129 -112.543655396 0.024608176 0.998509109 -0.048722375 -10.716421127 0.767958045 0.012321226 0.640381515 117.015899658
0.649379134 -0.053838938 -0.758556664 -113.309799194 0.024731515 0.998458207 -0.049694113 -10.760475159 0.760062456 0.013510073 0.649709523 117.659767151
0.658163071 -0.050404646 -0.751186252 -114.034622192 0.023664638 0.998648345 -0.046275251 -10.843588829 0.752503395 0.012680104 0.658466280 118.307647705
0.666772902 -0.048630845 -0.743672669 -114.760490417 0.023930455 0.998751283 -0.043855231 -10.903938293 0.744876683 0.011445057 0.667103946 118.960868835
0.675185621 -0.047960114 -0.736087024 -115.476669312 0.024419878 0.998790443 -0.042677220 -10.971704483 0.737243474 0.010839890 0.675540149 119.610054016
0.682703733 -0.047724999 -0.729135096 -116.165771484 0.023505278 0.998782754 -0.043366112 -11.017684937 0.730317116 0.012467695 0.682994485 120.253799438
0.689989507 -0.046764188 -0.722307146 -116.853858948 0.023058113 0.998824477 -0.042640250 -11.073917389 0.723452032 0.012766286 0.690256715 120.913711548
0.697117150 -0.044546138 -0.715571940 -117.536254883 0.022504086 0.998935699 -0.040262524 -11.119384766 0.716603994 0.011964412 0.697377741 121.577865601
0.704849482 -0.041432641 -0.708145857 -118.203712463 0.021246420 0.999077976 -0.037307162 -11.178793907 0.709038615 0.011250371 0.705079913 122.226150513
0.712395191 -0.039963041 -0.700639904 -118.854103088 0.020359220 0.999134004 -0.036287729 -11.230663300 0.701483250 0.011586718 0.712591767 122.883026123
0.719589651 -0.039048977 -0.693300903 -119.481704712 0.019515119 0.999160409 -0.036020890 -11.276885986 0.694125295 0.012390413 0.719747424 123.536811829
0.727540076 -0.036236756 -0.685107589 -120.104072571 0.017039843 0.999250472 -0.034757204 -11.321235657 0.685853541 0.013613136 0.727612138 124.195388794
0.736650825 -0.033241428 -0.675455868 -120.705390930 0.016146190 0.999371052 -0.031573370 -11.372309685 0.676080525 0.012352506 0.736724198 124.839340210
0.746023178 -0.029312314 -0.665274501 -121.290695190 0.014167717 0.999503314 -0.028151255 -11.414171219 0.665769160 0.011576066 0.746067882 125.493965149
0.756061018 -0.027068494 -0.653940976 -121.866569519 0.012285981 0.999555349 -0.027169887 -11.459088326 0.654385746 0.012507787 0.756057501 126.155487061
0.766008675 -0.026185842 -0.642296672 -122.418098450 0.010769139 0.999552548 -0.027907461 -11.495743752 0.642740011 0.014460379 0.765947938 126.810470581
0.775953233 -0.027369628 -0.630196452 -122.965148926 0.010943815 0.999491930 -0.029933261 -11.532621384 0.630695581 0.016330060 0.775858581 127.478393555
0.785946250 -0.026233174 -0.617738128 -123.492271423 0.010393444 0.999518871 -0.029222518 -11.572546005 0.618207514 0.016546894 0.785840750 128.150756836
0.796137989 -0.024925746 -0.604601502 -124.008514404 0.010332828 0.999565721 -0.027602572 -11.609035492 0.605026841 0.015728213 0.796049714 128.832412720
0.806174338 -0.022493660 -0.591250300 -124.510131836 0.009945757 0.999651134 -0.024469836 -11.647970200 0.591594398 0.013846520 0.806116760 129.518646240
0.815888584 -0.021202095 -0.577820241 -125.000747681 0.010286691 0.999701560 -0.022157365 -11.677697182 0.578117549 0.012134086 0.815863252 130.203811646
0.825047195 -0.019936074 -0.564712048 -125.487045288 0.010874467 0.999752581 -0.019406693 -11.702404976 0.564959168 0.009870496 0.825059891 130.915908813
0.833231032 -0.018841650 -0.552603960 -125.946662903 0.011294542 0.999790728 -0.017058771 -11.738201141 0.552809656 0.007972490 0.833269417 131.605911255
0.840499699 -0.019236695 -0.541470528 -126.405990601 0.012834661 0.999796033 -0.015596861 -11.762254715 0.541660011 0.006159567 0.840575099 132.326644897
0.847158372 -0.018894019 -0.531004310 -126.852127075 0.012814081 0.999803364 -0.015131229 -11.788752556 0.531185925 0.006014213 0.847234011 133.038513184
0.853829026 -0.018348515 -0.520230055 -127.292327881 0.012246706 0.999810040 -0.015163366 -11.811242104 0.520409465 0.006575819 0.853891551 133.765716553
0.860642433 -0.016080648 -0.508955836 -127.735733032 0.010334684 0.999846995 -0.014114623 -11.837869644 0.509104908 0.006887748 0.860676944 134.497848511
0.866779089 -0.015042759 -0.498465449 -128.159164429 0.009553030 0.999862432 -0.013562273 -11.860710144 0.498600811 0.006993641 0.866803586 135.243164062
0.872787774 -0.015719606 -0.487846732 -128.584350586 0.010444102 0.999853909 -0.013532579 -11.885816574 0.487988144 0.006715948 0.872824490 135.994796753
0.877853274 -0.016940881 -0.478630006 -128.993682861 0.011243275 0.999827743 -0.014767181 -11.909169197 0.478797764 0.007582049 0.877892435 136.750793457
0.882091820 -0.017666588 -0.470746189 -129.394348145 0.011955017 0.999814153 -0.015120429 -11.929983139 0.470925927 0.007709825 0.882139087 137.520355225
0.885699034 -0.016626112 -0.463962227 -129.801513672 0.011243763 0.999833584 -0.014364871 -11.953569412 0.464123875 0.007506270 0.885738552 138.291992188
0.888950527 -0.014536913 -0.457772464 -130.216613770 0.010705511 0.999882579 -0.010962947 -11.977063179 0.457878113 0.004844829 0.889001727 139.080642700
0.891982198 -0.010755911 -0.451942712 -130.620361328 0.008450073 0.999938965 -0.007120240 -11.988230705 0.451991767 0.002532178 0.892018497 139.883499146
0.895406485 -0.007745087 -0.445182383 -131.021484375 0.006758689 0.999969959 -0.003803116 -12.015002251 0.445198447 0.000396486 0.895431876 140.681427002
0.898722649 -0.004968638 -0.438489199 -131.426696777 0.004773341 0.999987364 -0.001547735 -12.026386261 0.438491434 -0.000702074 0.898735046 141.503158569
0.901974022 -0.003617015 -0.431775153 -131.828720093 0.004373462 0.999990165 0.000759121 -12.035372734 0.431768268 -0.002573059 0.901980937 142.341461182
0.905350387 -0.001804714 -0.424661398 -132.239852905 0.003644158 0.999987185 0.003519393 -12.041850090 0.424649507 -0.004733817 0.905345559 143.197479248
0.908797503 -0.002203999 -0.417231560 -132.638702393 0.004804849 0.999975026 0.005183430 -12.045996666 0.417209744 -0.006715424 0.908785343 144.065048218
0.912229717 -0.002434267 -0.409671843 -133.031463623 0.005516389 0.999964654 0.006341743 -12.053823471 0.409641892 -0.008045036 0.912211001 144.957077026
0.915981472 -0.002523449 -0.401212484 -133.435577393 0.005663382 0.999961913 0.006640376 -12.060131073 0.401180446 -0.008354682 0.915960968 145.861175537
0.919851124 -0.005556148 -0.392228395 -133.826446533 0.008536644 0.999946415 0.005855243 -12.057083130 0.392174900 -0.008734266 0.919849277 146.779525757
0.923725069 -0.006827077 -0.382995129 -134.201705933 0.009344892 0.999945223 0.004713920 -12.063154221 0.382941991 -0.007933415 0.923738360 147.708404541
0.928431213 -0.007360674 -0.371431381 -134.582534790 0.009060981 0.999954939 0.002832704 -12.072964668 0.371393830 -0.005995504 0.928456068 148.634506226
0.933804095 -0.005500878 -0.357742637 -134.962219238 0.006689872 0.999975383 0.002086094 -12.073484421 0.357722461 -0.004341254 0.933817863 149.603332520
0.939897835 -0.001740343 -0.341451734 -135.321075439 0.002986964 0.999990642 0.003125220 -12.078376770 0.341443121 -0.003957291 0.939894080 150.573822021
0.946207941 0.001937867 -0.323553354 -135.656494141 0.000137954 0.999979556 0.006392642 -12.093356133 0.323559076 -0.006093405 0.946188390 151.544540405
0.952838957 0.005209769 -0.303431392 -135.993713379 -0.002954287 0.999964535 0.007891812 -12.094399452 0.303461701 -0.006623202 0.952820718 152.568679810
0.959265411 0.006481819 -0.282432020 -136.303405762 -0.004157561 0.999952316 0.008827993 -12.098211288 0.282475829 -0.007294160 0.959246635 153.593811035
0.965272844 0.008249307 -0.261113465 -136.597091675 -0.005737470 0.999929667 0.010380556 -12.099288940 0.261180758 -0.008521939 0.965252280 154.653839111
0.970856249 0.008738640 -0.239502892 -136.856170654 -0.005794178 0.999898732 0.012995418 -12.097734451 0.239592195 -0.011228958 0.970808685 155.709960938
0.976034760 0.011314966 -0.217320025 -137.110717773 -0.007885383 0.999830425 0.016641997 -12.096596718 0.217471451 -0.014529515 0.975958526 156.800384521
0.980733037 0.013367395 -0.194894895 -137.339569092 -0.009507123 0.999739885 0.020728959 -12.091037750 0.195121273 -0.018476684 0.980605006 157.906356812
0.984887004 0.015581085 -0.172495976 -137.544326782 -0.011603631 0.999643564 0.024042681 -12.079271317 0.172809094 -0.021677738 0.984716713 159.034027100
0.988510013 0.017517189 -0.150136396 -137.728012085 -0.014061191 0.999611795 0.024049884 -12.069805145 0.150499359 -0.021662457 0.988372862 160.175582886
0.991615474 0.016721120 -0.128137261 -137.886062622 -0.014024084 0.999661267 0.021921465 -12.054543495 0.128460407 -0.019940659 0.991514206 161.338897705
0.994112134 0.016979810 -0.107017338 -138.030807495 -0.014824939 0.999671638 0.020899270 -12.033634186 0.107337072 -0.019189693 0.994037449 162.525115967
0.996100724 0.015875464 -0.086782902 -138.131912231 -0.013941363 0.999641716 0.022847593 -12.021528244 0.087114535 -0.021548633 0.995965183 163.714920044
0.997643113 0.016175332 -0.066682108 -138.225357056 -0.014579394 0.999597132 0.024351168 -12.004463196 0.067049123 -0.023321589 0.997477114 164.919342041
0.998786807 0.017110493 -0.046174180 -138.291198730 -0.015944129 0.999547362 0.025511388 -11.991720200 0.046589788 -0.024744233 0.998607635 166.136047363
0.999493301 0.018427545 -0.025953222 -138.331909180 -0.017756024 0.999507546 0.025871528 -11.972064972 0.026417192 -0.025397591 0.999328315 167.385696411
0.999808133 0.018888835 -0.005169631 -138.351409912 -0.018745417 0.999472678 0.026511416 -11.953260422 0.005667674 -0.026409423 0.999635100 168.625000000
0.999659717 0.021143232 0.015276194 -138.342407227 -0.021535719 0.999429882 0.026002202 -11.935201645 -0.014717719 -0.026322342 0.999545097 169.884460449
0.999119520 0.022609144 0.035345338 -138.312683105 -0.023491800 0.999417365 0.024759609 -11.918164253 -0.034764946 -0.025568129 0.999068439 171.155120850
0.998229921 0.022705659 0.054967064 -138.253204346 -0.023961138 0.999464273 0.022290155 -11.899475098 -0.054431513 -0.023567770 0.998239219 172.439407349
0.996958435 0.024971545 0.073825516 -138.167419434 -0.026493976 0.999454498 0.019715007 -11.886956215 -0.073292933 -0.021610973 0.997076273 173.731414795
0.995335698 0.025270304 0.093102656 -138.056808472 -0.027071401 0.999469101 0.018133190 -11.880442619 -0.092595004 -0.020569028 0.995491385 175.031433105
0.993395150 0.025298050 0.111919075 -137.917251587 -0.027147220 0.999518394 0.015029157 -11.872660637 -0.111484982 -0.017968182 0.993603647 176.339691162
0.991056621 0.026319429 0.130820274 -137.761383057 -0.027803807 0.999567926 0.009532820 -11.864622116 -0.130512893 -0.013084867 0.991360247 177.674362183
0.988500893 0.028162040 0.148569420 -137.576782227 -0.028898662 0.999578416 0.002801300 -11.870653152 -0.148427904 -0.007062546 0.988897979 178.991149902
0.985665023 0.030308450 0.165969446 -137.366470337 -0.030332137 0.999536991 -0.002392536 -11.879533768 -0.165965125 -0.002675969 0.986127913 180.326431274
0.982461631 0.032492138 0.183612153 -137.131134033 -0.031838354 0.999471962 -0.006508334 -11.899548531 -0.183726639 0.000548279 0.982977211 181.669494629
0.978886068 0.034575075 0.201461300 -136.872146606 -0.033375591 0.999399066 -0.009348705 -11.924313545 -0.201663479 0.002427428 0.979451835 183.015991211
0.975172818 0.033985749 0.218821496 -136.581451416 -0.032785818 0.999420762 -0.009113459 -11.955065727 -0.219004512 0.001712954 0.975722313 184.374252319
0.971310556 0.033248294 0.235478729 -136.260269165 -0.031834077 0.999445021 -0.009805829 -11.982948303 -0.235674068 0.002028259 0.971830070 185.733489990
0.966964185 0.033281926 0.252729833 -135.919067383 -0.030489510 0.999423146 -0.014958516 -12.016635895 -0.253081888 0.006758742 0.967421234 187.104324341
0.962552726 0.034412839 0.268901289 -135.553085327 -0.030360030 0.999354243 -0.019217033 -12.051732063 -0.269388974 0.010333558 0.962975979 188.458099365
0.957659364 0.036600251 0.285567671 -135.158706665 -0.032453042 0.999287963 -0.019243183 -12.094819069 -0.286068738 0.009160876 0.958165228 189.836334229
0.952187359 0.038775671 0.303043872 -134.738479614 -0.034326605 0.999210596 -0.019996127 -12.137191772 -0.303580076 0.008637590 0.952766716 191.208541870
0.946262240 0.042427976 0.320604891 -134.294219971 -0.036973115 0.999049544 -0.023085719 -12.183757782 -0.321279615 0.009991386 0.946931779 192.586227417
0.940175653 0.043216266 0.337938040 -133.821350098 -0.036156148 0.998976946 -0.027161572 -12.233198166 -0.338766217 0.013318109 0.940776289 193.960510254
0.933776677 0.044120692 0.355125785 -133.315277100 -0.036011904 0.998918355 -0.029414615 -12.289641380 -0.356039375 0.014677927 0.934355617 195.334075928
0.926951885 0.044886887 0.372485191 -132.784164429 -0.034417260 0.998804510 -0.034712985 -12.354988098 -0.373598069 0.019357346 0.927388608 196.711975098
0.918995261 0.047988839 0.391337186 -132.220748901 -0.034809552 0.998564601 -0.040706947 -12.425843239 -0.392728925 0.023787219 0.919346571 198.093276978
0.909475923 0.051575981 0.412545174 -131.625640869 -0.036571000 0.998353481 -0.044190601 -12.505201340 -0.414145142 0.025103090 0.909864604 199.461883545
0.898205400 0.054473374 0.436187655 -131.007354736 -0.038393892 0.998221695 -0.045601677 -12.589468956 -0.437896043 0.024212729 0.898699522 200.807464600
