1.000000000 0.000000000 0.000000000 0.000000000 0.000000000 1.000000000 0.000000000 0.000000000 0.000000000 0.000000000 1.000000000 0.000000000
0.999933600 -0.002510982 0.011248956 0.015622186 0.002499931 0.999996364 0.000996381 -0.003832042 -0.011251418 -0.000968193 0.999936223 0.295555353
0.999828398 -0.004562363 0.017953161 0.025959991 0.004541480 0.999988973 0.001203778 -0.008875368 -0.017958455 -0.001122037 0.999838114 0.582673073
0.999776542 -0.007435624 0.019789755 0.038048513 0.007437792 0.999972343 -0.000035991 -0.012626437 -0.019788940 0.000183175 0.999804139 0.886893928
0.999814808 -0.008649913 0.017191418 0.049616106 0.008682377 0.999960661 -0.001814612 -0.009777179 -0.017175045 0.001963538 0.999850571 1.202197433
0.999883056 -0.011524840 0.010053881 0.056737699 0.011559188 0.999927521 -0.003364976 -0.011036310 -0.010014371 0.003480798 0.999943793 1.520005465
0.999911904 -0.013098864 -0.002147846 0.059326783 0.013086679 0.999898672 -0.005591541 -0.010213211 0.002220872 0.005562940 0.999982059 1.862775087
0.999748051 -0.012286255 -0.018785236 0.040561177 0.012173931 0.999907315 -0.006082125 -0.011400454 0.018858222 0.005851903 0.999804974 2.201522350
0.999238133 -0.007636673 -0.038272917 0.007169452 0.007417561 0.999955237 -0.005863754 -0.018750386 0.038315985 0.005575396 0.999250114 2.544867754
0.998298466 -0.004215935 -0.058159940 -0.032902624 0.003801603 0.999966562 -0.007232830 -0.021845497 0.058188498 0.006999422 0.998281002 2.895112514
0.996906221 -0.003940495 -0.078500904 -0.074076183 0.003353904 0.999965489 -0.007602849 -0.026283486 0.078528158 0.007316043 0.996885002 3.261884689
0.994976699 -0.005397744 -0.099960893 -0.117531642 0.004676019 0.999961317 -0.007452958 -0.025139576 0.099997260 0.006948101 0.994963467 3.634414196
0.992835283 -0.007290633 -0.119268447 -0.181344748 0.006586535 0.999958396 -0.006296597 -0.036097232 0.119309410 0.005465918 0.992842019 4.018031597
0.990582347 -0.005866919 -0.136792406 -0.257557571 0.005055490 0.999967456 -0.006278485 -0.035488077 0.136824816 0.005527804 0.990579844 4.414443016
0.988147080 -0.004919696 -0.153431207 -0.321228653 0.004211957 0.999978840 -0.004937450 -0.049558498 0.153452277 0.004232681 0.988146961 4.826599598
0.985978365 -0.004002575 -0.166825682 -0.408700407 0.003184726 0.999981523 -0.005169646 -0.056430250 0.166843310 0.004565864 0.985972822 5.247367382
0.983906209 -0.005573164 -0.178598359 -0.495803565 0.004546210 0.999970675 -0.006158821 -0.059017815 0.178627431 0.005247757 0.983902812 5.675317764
0.982108653 -0.009370299 -0.188081339 -0.587667942 0.007886281 0.999931574 -0.008637070 -0.064281441 0.188149408 0.006999278 0.982115507 6.126121044
0.980533302 -0.008453610 -0.196170598 -0.684977531 0.006553970 0.999925137 -0.010330764 -0.073292635 0.196243212 0.008843961 0.980515420 6.586298943
0.978938282 -0.008088174 -0.203996256 -0.788214147 0.005720579 0.999909282 -0.012193103 -0.077004649 0.204076365 0.010769320 0.978895724 7.064523220
0.977217376 -0.009174846 -0.212042421 -0.892434299 0.006199874 0.999872804 -0.014690719 -0.092400506 0.212150216 0.013041390 0.977150023 7.527979851
0.975422740 -0.013095463 -0.219951928 -1.004612088 0.009709620 0.999817312 -0.016467620 -0.100768395 0.220127344 0.013927242 0.975371659 8.026872635
0.973464429 -0.019651029 -0.227993071 -1.116781950 0.015953474 0.999709845 -0.018049615 -0.112670250 0.228281602 0.013933375 0.973495424 8.535559654
0.971395135 -0.020154439 -0.236612141 -1.241719604 0.015794994 0.999669015 -0.020305755 -0.127837032 0.236943081 0.015987620 0.971391976 9.052727699
0.969273508 -0.016205292 -0.245451182 -1.392072439 0.010393339 0.999634504 -0.024955601 -0.135680407 0.245765880 0.021637745 0.969087660 9.582492828
0.967179537 -0.012826770 -0.253769994 -1.554101586 0.005924243 0.999591827 -0.027945494 -0.154991493 0.254024893 0.025524914 0.966860831 10.117707253
0.964745760 -0.015753547 -0.262711644 -1.704013348 0.008275309 0.999529123 -0.029547816 -0.176668718 0.263053417 0.026332110 0.964421868 10.692500114
0.962338388 -0.018687006 -0.271211386 -1.864696980 0.010419313 0.999437094 -0.031892397 -0.195443586 0.271654606 0.027865442 0.961991370 11.261206627
0.960179031 -0.018082311 -0.278799772 -2.045872211 0.009009046 0.999388278 -0.033791121 -0.222996369 0.279240221 0.029933803 0.959754646 11.836759567
0.957823634 -0.017034935 -0.286850989 -2.235332966 0.006443061 0.999263406 -0.037828252 -0.248232022 0.287284136 0.034384593 0.957228005 12.425266266
0.955380023 -0.018308332 -0.294811517 -2.415151834 0.005910151 0.999062240 -0.042890873 -0.275697410 0.295320332 0.039234698 0.954592347 13.019585609
0.953604758 -0.019657683 -0.300419003 -2.614550352 0.004721727 0.998719871 -0.050362520 -0.309802532 0.301024437 0.046607435 0.952476859 13.629301071
0.952337623 -0.020098120 -0.304383248 -2.822746515 0.002276613 0.998267651 -0.058791671 -0.345604777 0.305037588 0.055296555 0.950733542 14.236266136
0.951004148 -0.020657787 -0.308487236 -3.027599812 -0.000098872 0.997744977 -0.067118600 -0.386959225 0.309178114 0.063860565 0.948857605 14.855330467
0.949640214 -0.019844402 -0.312713385 -3.248317719 -0.004152580 0.997107923 -0.075885676 -0.438306630 0.313314855 0.073362663 0.946811378 15.490176201
0.948443830 -0.019101981 -0.316369027 -3.481021643 -0.007669158 0.996506751 -0.083159268 -0.488437176 0.316852421 0.081298180 0.944984257 16.119211197
0.946719587 -0.017693112 -0.321572632 -3.711074829 -0.011846553 0.995900869 -0.089671642 -0.548362911 0.321841031 0.088703439 0.942629278 16.787691116
0.945091069 -0.016845716 -0.326372772 -3.955398798 -0.015214259 0.995319784 -0.095429957 -0.615212798 0.326452911 0.095155507 0.940411568 17.455612183
0.943473935 -0.015037965 -0.331105471 -4.207230091 -0.019487351 0.994725347 -0.100706436 -0.690326989 0.330873400 0.101466268 0.938204348 18.128831863
0.941585362 -0.012199955 -0.336553425 -4.451825142 -0.024283146 0.994282842 -0.103980102 -0.758575201 0.335897863 0.106078722 0.935905874 18.813638687
0.939806938 -0.011307745 -0.341518760 -4.721937180 -0.026395582 0.994063556 -0.105550185 -0.836028039 0.340684921 0.108211376 0.933929384 19.520690918
0.937555790 -0.011060904 -0.347659200 -4.993585110 -0.027034264 0.994153738 -0.104534455 -0.919559956 0.346782923 0.107405588 0.931775451 20.217021942
0.935202897 -0.011292758 -0.353932232 -5.256457329 -0.026949165 0.994323075 -0.102933772 -1.001967788 0.353085399 0.105802156 0.929589510 20.910472870
0.932685435 -0.011711120 -0.360500783 -5.550678730 -0.026489962 0.994549572 -0.100843295 -1.087704420 0.359716922 0.103604726 0.927291691 21.636054993
0.929423094 -0.010432402 -0.368868351 -5.837018967 -0.027793275 0.994782031 -0.098164223 -1.163529992 0.367967755 0.101488151 0.924283385 22.345773697
0.926124871 -0.008498509 -0.377121329 -6.150965214 -0.028441928 0.995327115 -0.092276827 -1.243745446 0.376143366 0.096185938 0.921555459 23.082475662
0.922452033 -0.005375188 -0.386074185 -6.472144604 -0.030661056 0.995725691 -0.087122053 -1.324942827 0.384892344 0.092203341 0.918344378 23.836675644
0.918816507 -0.001604027 -0.394681454 -6.807023048 -0.034026701 0.995946586 -0.083261654 -1.400129795 0.393215179 0.089931890 0.915037692 24.587144852
0.914959669 -0.000169244 -0.403545231 -7.153549671 -0.035914488 0.995997667 -0.081846774 -1.471105218 0.401943982 0.089379609 0.911291540 25.337997437
0.910934329 -0.000556926 -0.412551045 -7.501748562 -0.036058318 0.996064603 -0.080963291 -1.543398142 0.410972595 0.088628151 0.907329381 26.083341599
0.907232761 -0.000306852 -0.420628905 -7.869860172 -0.036643781 0.996140242 -0.079761766 -1.614121199 0.419029832 0.087775923 0.903719842 26.847841263
0.903206587 0.000453925 -0.429205865 -8.260473251 -0.037611473 0.996236145 -0.078094743 -1.683910012 0.427555025 0.086678743 0.899824202 27.642732620
0.899234831 -0.000499878 -0.437465906 -8.618556023 -0.036224023 0.996480107 -0.075599097 -1.760035634 0.435963839 0.083828107 0.896051466 28.382984161
0.895484388 -0.000390417 -0.445092678 -9.018977165 -0.035138145 0.996816516 -0.071569003 -1.828855038 0.443703681 0.079728656 0.892619967 29.173587799
0.891661227 0.002215677 -0.452697694 -9.430976868 -0.035874948 0.997188985 -0.065780871 -1.895841002 0.451279372 0.074894771 0.889234304 29.958827972
0.887858093 0.002387160 -0.460111141 -9.857807159 -0.034420844 0.997529209 -0.061245117 -1.964440703 0.458828062 0.070214406 0.885746419 30.765436172
0.884023786 0.001062435 -0.467440546 -10.289705276 -0.032790691 0.997674942 -0.059746198 -2.021290064 0.466290206 0.068144768 0.882003248 31.571630478
0.880560398 0.000615468 -0.473933548 -10.717106819 -0.032338239 0.997746527 -0.058788169 -2.083498955 0.472829431 0.067092724 0.878596008 32.387687683
0.877416790 0.001269009 -0.479727328 -11.178058624 -0.032530386 0.997852147 -0.056858175 -2.143096447 0.478624761 0.065494031 0.875573516 33.215496063
0.874275863 -0.001218784 -0.485427946 -11.633812904 -0.029453699 0.998021185 -0.055553112 -2.196050406 0.484535038 0.062866390 0.872509956 34.040767670
0.871737838 -0.001917336 -0.489968777 -12.137978554 -0.028975967 0.998040378 -0.055458687 -2.260005236 0.489115000 0.062542751 0.869974136 34.890449524
0.869418979 -0.003890057 -0.494060218 -12.595335007 -0.027424198 0.998047411 -0.056117829 -2.313865423 0.493313760 0.062339108 0.867614746 35.721797943
0.867957354 -0.003369470 -0.496627420 -13.098456383 -0.028344952 0.998010874 -0.056309775 -2.376154184 0.495829284 0.062951356 0.866135359 36.585102081
0.867545247 -0.003349768 -0.497346967 -13.599782944 -0.028025249 0.998059392 -0.055607937 -2.436598778 0.496568054 0.062180683 0.865767717 37.441802979
0.867294192 -0.003352517 -0.497784585 -14.106425285 -0.027054153 0.998181999 -0.053859316 -2.500196934 0.497060180 0.060179014 0.865626812 38.322269440
0.867138267 -0.004025433 -0.498051465 -14.630689621 -0.026035447 0.998233795 -0.053397406 -2.564904690 0.497386783 0.059269916 0.865501881 39.197364807
0.866474211 -0.006346554 -0.499181539 -15.155035973 -0.023876917 0.998247981 -0.054136947 -2.627424955 0.498650581 0.058827184 0.864804566 40.102497101
0.865321100 -0.009063025 -0.501135945 -15.686175346 -0.020991381 0.998303890 -0.054300513 -2.694564819 0.500778139 0.057506911 0.863663256 41.010906219
0.863595903 -0.009387126 -0.504097223 -16.230199814 -0.019959232 0.998406410 -0.052785210 -2.751628160 0.503789425 0.055646483 0.862032354 41.949016571
0.861663103 -0.008379614 -0.507411778 -16.774726868 -0.018918935 0.998638213 -0.048619203 -2.817344904 0.507128060 0.051493060 0.860330999 42.848011017
0.858953595 -0.008098273 -0.511989534 -17.328371048 -0.017221062 0.998852491 -0.044690516 -2.878511667 0.511763811 0.047204081 0.857828379 43.764812469
0.854819298 -0.008850796 -0.518850267 -17.895050049 -0.015388003 0.998982489 -0.042393252 -2.947305918 0.518697619 0.044222634 0.853813231 44.683498383
0.849520087 -0.012329003 -0.527412295 -18.459878922 -0.013505723 0.998890877 -0.045104593 -3.002856016 0.527383447 0.045440331 0.848411381 45.589584351
0.843445301 -0.015948264 -0.536978066 -19.028280258 -0.011694728 0.998777151 -0.048032921 -3.066845655 0.537087619 0.046792962 0.842227578 46.481479645
0.837573409 -0.015794948 -0.546096265 -19.618871689 -0.011940521 0.998813927 -0.047202814 -3.128067255 0.546194077 0.046056502 0.836391509 47.359493256
0.831448019 -0.012402488 -0.555464089 -20.213775635 -0.013276344 0.999021828 -0.042179052 -3.189110041 0.555443883 0.042444222 0.830470085 48.251663208
0.826317847 -0.007568705 -0.563153207 -20.821378708 -0.016569870 0.999150157 -0.037741512 -3.248757601 0.562960267 0.040517863 0.825490177 49.127223969
0.822277367 -0.007469252 -0.569038093 -21.440385818 -0.017762087 0.999089897 -0.038780909 -3.305972576 0.568809807 0.041995969 0.821396232 49.990352631
0.818593264 -0.010655504 -0.574274778 -22.056058884 -0.017360874 0.998912096 -0.043281373 -3.363018751 0.574111223 0.045399755 0.817517638 50.884883881
0.815783083 -0.012812627 -0.578216076 -22.687139511 -0.020136148 0.998519301 -0.050535385 -3.419608355 0.578007519 0.052868959 0.814316988 51.749572754
0.812314212 -0.014125260 -0.583048940 -23.319028854 -0.019943327 0.998449266 -0.051974375 -3.483068466 0.582878947 0.053847466 0.810772777 52.631320953
0.809083402 -0.012441223 -0.587562084 -23.959272385 -0.019234436 0.998679757 -0.047632523 -3.551347733 0.587378919 0.049840115 0.807775915 53.491695404
0.805831254 -0.009971473 -0.592061222 -24.591667175 -0.019144217 0.998896778 -0.042879824 -3.608662605 0.591835618 0.045888457 0.804751396 54.338527679
0.803005874 -0.007364919 -0.595925450 -25.238607407 -0.020510824 0.998989761 -0.039984506 -3.661777735 0.595617950 0.044330724 0.802043557 55.193267822
0.800020456 -0.006920754 -0.599932790 -25.894420624 -0.021825096 0.998935997 -0.040627737 -3.712209940 0.599575639 0.045596614 0.799018204 56.052070618
0.796360672 -0.008051499 -0.604768455 -26.557060242 -0.022033462 0.998861492 -0.042311929 -3.768403053 0.604420602 0.047020692 0.795276582 56.909381866
0.792056203 -0.011029493 -0.610348523 -27.214256287 -0.021092473 0.998745203 -0.045420080 -3.818637133 0.610083699 0.048849013 0.790829778 57.772888184
0.788051724 -0.012246982 -0.615487218 -27.869567871 -0.020237399 0.998746336 -0.045784455 -3.877329350 0.615276396 0.048536371 0.786815941 58.591918945
0.783466518 -0.012317279 -0.621311903 -28.549703598 -0.019383872 0.998832643 -0.044244315 -3.947839737 0.621131599 0.046707366 0.782313168 59.436073303
0.778733134 -0.012091193 -0.627238810 -29.234785080 -0.019633178 0.998854816 -0.043629881 -4.003680706 0.627048075 0.046290725 0.777603984 60.269546509
0.773106694 -0.013374455 -0.634134948 -29.929794312 -0.019382255 0.998812616 -0.044695728 -4.065305710 0.633979797 0.046845537 0.771929502 61.123676300
0.767573476 -0.015390231 -0.640776336 -30.627611160 -0.017550856 0.998832166 -0.045013875 -4.139089584 0.640720665 0.045797627 0.766406834 61.956489563
0.761929035 -0.016484387 -0.647450745 -31.337148666 -0.017217046 0.998807132 -0.045691337 -4.200451851 0.647431612 0.045960747 0.760736406 62.786464691
0.756362021 -0.018229399 -0.653899193 -32.059127808 -0.016608065 0.998754203 -0.047053743 -4.261371613 0.653942406 0.046449661 0.755117059 63.611320496
0.750232100 -0.019855758 -0.660876334 -32.789009094 -0.016621748 0.998666644 -0.048873685 -4.317193508 0.660965502 0.047651533 0.748901784 64.436576843
0.743826747 -0.021136869 -0.668038130 -33.548011780 -0.015049527 0.998716891 -0.048356500 -4.392159462 0.668202877 0.046022523 0.742554188 65.273979187
0.737608373 -0.020762697 -0.674909413 -34.305870056 -0.014364750 0.998818517 -0.046426557 -4.459650040 0.675075889 0.043939527 0.736438572 66.094772339
0.730929971 -0.021272687 -0.682120860 -35.072483063 -0.013642890 0.998858869 -0.045769617 -4.520066738 0.682316065 0.042760484 0.729805648 66.909255981
0.724663317 -0.022964697 -0.688720405 -35.832622528 -0.012712065 0.998828948 -0.046680454 -4.583915234 0.688985825 0.042582665 0.723522782 67.699005127
0.717608452 -0.025396273 -0.695983589 -36.617248535 -0.011430387 0.998770773 -0.048230447 -4.646131039 0.696353018 0.042565934 0.716436088 68.524696350
0.711949706 -0.024597885 -0.701799572 -37.423233032 -0.012905650 0.998759210 -0.048098549 -4.709403515 0.702111900 0.043300923 0.710748792 69.316131592
0.706183076 -0.024290703 -0.707612455 -38.240734100 -0.012897310 0.998804152 -0.047157895 -4.773374557 0.707911730 0.042428415 0.705025375 70.125450134
0.700962245 -0.024133541 -0.712790012 -39.053527832 -0.013613817 0.998792410 -0.047204889 -4.835505486 0.713068485 0.042792633 0.699787259 70.925697327
0.696134448 -0.024743505 -0.717484951 -39.882637024 -0.014544953 0.998714626 -0.048554253 -4.895376682 0.717764020 0.044236075 0.694879830 71.717964172
0.690958858 -0.026716461 -0.722400188 -40.724300385 -0.014669371 0.998592854 -0.050961770 -4.971814632 0.722745240 0.045809645 0.689594626 72.508384705
0.685860813 -0.029947588 -0.727116346 -41.564567566 -0.013219208 0.998475313 -0.053593159 -5.035560131 0.727612734 0.046369351 0.684419155 73.293006897
0.680778801 -0.029688578 -0.731887102 -42.433094025 -0.014460541 0.998438835 -0.053951833 -5.115523338 0.732346296 0.047312751 0.679286599 74.095802307
0.675859272 -0.029331673 -0.736446798 -43.295829773 -0.013788441 0.998529673 -0.052424148 -5.188144684 0.736901700 0.045585800 0.674461126 74.880332947
0.670581937 -0.029752959 -0.741238594 -44.178749084 -0.012805770 0.998582244 -0.051667709 -5.259885788 0.741724908 0.044139571 0.669250190 75.671966553
0.665483832 -0.031114832 -0.745763481 -45.057250977 -0.012257826 0.998540461 -0.052599523 -5.327622890 0.746311486 0.044145577 0.664131165 76.452964783
0.660625041 -0.031867862 -0.750039339 -45.958908081 -0.011361359 0.998559773 -0.052434001 -5.404223442 0.750630081 0.043160681 0.659311533 77.235359192
0.656214714 -0.032970537 -0.753853559 -46.850772858 -0.009654102 0.998596311 -0.052078314 -5.476030827 0.754512489 0.041452337 0.654975295 78.015182495
0.652159929 -0.033500370 -0.757340848 -47.776325226 -0.009258322 0.998596609 -0.052144639 -5.548556805 0.758024871 0.041018352 0.650934577 78.797126770
0.648645461 -0.036105160 -0.760233760 -48.676849365 -0.007398859 0.998527825 -0.053735107 -5.615314007 0.761054635 0.040479902 0.647423506 79.549575806
0.644019127 -0.040699124 -0.763925910 -49.607334137 -0.004051742 0.998388350 -0.056606181 -5.699491501 0.764998555 0.039550703 0.642816305 80.338638306
0.639365613 -0.045243878 -0.767570496 -50.526718140 0.000418950 0.998287618 -0.058494348 -5.769666195 0.768902659 0.037077710 0.638289690 81.105575562
0.632628977 -0.048416998 -0.772940159 -51.455059052 0.004746444 0.998267531 -0.058646686 -5.851564884 0.774440646 0.033432875 0.631762683 81.868896484
0.624114871 -0.052272297 -0.779582083 -52.394454956 0.009583690 0.998196661 -0.059258293 -5.932943344 0.781273842 0.029512705 0.623490274 82.621391296
0.615218043 -0.052848451 -0.786583662 -53.355674744 0.012244229 0.998270750 -0.057494439 -6.018698215 0.788261890 0.025740506 0.614801168 83.367416382
0.605946660 -0.051516864 -0.793835402 -54.330478668 0.012649839 0.998398602 -0.055136416 -6.097196579 0.795404673 0.023367839 0.605628014 84.115821838
0.596981466 -0.051406518 -0.800606430 -55.307167053 0.012517052 0.998420298 -0.054774556 -6.183300972 0.802157402 0.022678163 0.596681833 84.831665039
0.588232934 -0.052707721 -0.806972027 -56.287727356 0.011050111 0.998304486 -0.057149831 -6.249580860 0.808615923 0.024700288 0.587818086 85.522377014
0.578370631 -0.054943603 -0.813921809 -57.294166565 0.011396940 0.998176217 -0.059283018 -6.330752373 0.815694511 0.025011342 0.577942014 86.236717224
0.568651736 -0.056799550 -0.820615113 -58.323402405 0.011706405 0.998070955 -0.060970262 -6.411373615 0.822495043 0.025064394 0.568219721 86.932609558
0.557960749 -0.056980394 -0.827908814 -59.339218140 0.014642609 0.998160779 -0.058829647 -6.506215572 0.829738140 0.020701891 0.557768822 87.626991272
0.548229039 -0.057095435 -0.834377050 -60.387050629 0.015434173 0.998187780 -0.058163755 -6.587714672 0.836185753 0.019009141 0.548116744 88.303771973
0.537763417 -0.057514992 -0.841131687 -61.439418793 0.015929505 0.998185456 -0.058069766 -6.679570675 0.842945278 0.017828988 0.537703872 88.979934692
0.526809752 -0.058394443 -0.847974956 -62.471450806 0.015250163 0.998126090 -0.059260089 -6.764673233 0.849846363 0.018287048 0.526713192 89.628616333
0.516962171 -0.058893576 -0.853979886 -63.543834686 0.013517641 0.998067737 -0.060647406 -6.847620964 0.855901420 0.019808626 0.516759455 90.271690369
0.507034719 -0.060017701 -0.859833539 -64.626579285 0.012331569 0.997975647 -0.062388450 -6.936141491 0.861837268 0.021030020 0.506748617 90.902435303
0.497434676 -0.059481293 -0.865459800 -65.732185364 0.011648643 0.998014569 -0.061896298 -7.034564972 0.867423356 0.020707930 0.497139931 91.529014587
0.488843650 -0.057478417 -0.870475769 -66.849128723 0.010864619 0.998150826 -0.059807550 -7.123300552 0.872303784 0.019779153 0.488564163 92.147850037
0.480253994 -0.055966061 -0.875342190 -67.969665527 0.011617259 0.998280585 -0.057452511 -7.210916042 0.877052546 0.017422719 0.480078429 92.774627686
0.472989410 -0.056053270 -0.879283190 -69.055335999 0.011233752 0.998276770 -0.057596035 -7.297229290 0.880996406 0.017364670 0.472804040 93.336059570
0.464932024 -0.059644569 -0.883334994 -70.184440613 0.013456197 0.998088896 -0.060310498 -7.381577492 0.885244071 0.016153952 0.464846075 93.935592651
0.458224416 -0.062906623 -0.886607647 -71.318252563 0.016110847 0.997916341 -0.062477645 -7.471563339 0.888690472 0.014344787 0.458283126 94.510101318
0.451859295 -0.065715954 -0.889665425 -72.422622681 0.017602649 0.997745693 -0.064759046 -7.568371296 0.891915560 0.013601504 0.451997429 95.086410522
0.445986420 -0.069045313 -0.892372608 -73.561218262 0.019896738 0.997538567 -0.067238376 -7.671076775 0.894818604 0.012232098 0.446262389 95.662017822
0.441296309 -0.069972560 -0.894629180 -74.708343506 0.022908889 0.997508764 -0.066718861 -7.776904106 0.897068918 0.008947830 0.441799968 96.222305298
0.437117457 -0.067298450 -0.896883070 -75.855209351 0.024471007 0.997717381 -0.062938109 -7.875538349 0.899071455 0.005563716 0.437766552 96.784095764
0.432893068 -0.065866239 -0.899035692 -77.002906799 0.027742554 0.997828007 -0.059745803 -7.972264290 0.901018322 0.000922002 0.433780104 97.339256287
0.430362403 -0.064861223 -0.900322855 -78.143424988 0.027952092 0.997894287 -0.058529135 -8.060850143 0.902223229 0.000022831 0.431269228 97.865470886
0.427566916 -0.064949691 -0.901647449 -79.268859863 0.029828979 0.997886121 -0.057737093 -8.147593498 0.903491378 -0.002208750 0.428600490 98.396598816
0.425343484 -0.063468859 -0.902803719 -80.387855530 0.031132631 0.997973621 -0.055491794 -8.248107910 0.904496372 -0.004503584 0.426457554 98.920272827
0.422548950 -0.063238151 -0.904131234 -81.541069031 0.033639316 0.997969806 -0.054080099 -8.326649666 0.905715525 -0.007562864 0.423818409 99.453117371
0.419805408 -0.064616218 -0.905311048 -82.680580139 0.036524639 0.997857332 -0.054284681 -8.407089233 0.906878829 -0.010277156 0.421265930 99.988594055
0.417211920 -0.064931326 -0.906486630 -83.761306763 0.038413007 0.997812986 -0.053793348 -8.488552094 0.907996953 -0.012377657 0.418793678 100.502037048
0.415264934 -0.064186402 -0.907433331 -84.868598938 0.041781861 0.997800767 -0.051457997 -8.568675995 0.908740520 -0.016545553 0.417033464 101.012725830
0.412843555 -0.063528456 -0.908583701 -85.966789246 0.043639790 0.997798502 -0.049937274 -8.649959564 0.909755886 -0.019034121 0.414707065 101.514587402
0.411493957 -0.065163977 -0.909080029 -87.062759399 0.045980234 0.997654915 -0.050700244 -8.727692604 0.910251856 -0.020936867 0.413525254 102.009223938
0.409641743 -0.065643266 -0.909881651 -88.125335693 0.046924010 0.997603536 -0.050846085 -8.817245483 0.911038816 -0.021866618 0.411740363 102.499710083
0.409251899 -0.066774487 -0.909974813 -89.193161011 0.046651185 0.997545421 -0.052219581 -8.897380829 0.911228061 -0.021080440 0.411362499 102.974510193
0.409302354 -0.067352548 -0.909909427 -90.242492676 0.046398949 0.997517765 -0.052965894 -8.982452393 0.911218286 -0.020539772 0.411411494 103.458625793
0.411562175 -0.067285016 -0.908894539 -91.288764954 0.044557273 0.997563958 -0.053672921 -9.063381195 0.910291851 -0.018408118 0.413557649 103.925773621
0.415948719 -0.067491293 -0.906880140 -92.323402405 0.042352185 0.997597814 -0.054817431 -9.142302513 0.908401370 -0.015607120 0.417807937 104.397605896
0.421445847 -0.067713082 -0.904322028 -93.365966797 0.040689331 0.997616112 -0.055736028 -9.227449417 0.905940235 -0.013306539 0.423196375 104.863037109
0.426772118 -0.067893319 -0.901807129 -94.372596741 0.041048024 0.997604489 -0.055679914 -9.310564995 0.903427184 -0.013254767 0.428536624 105.346542358
0.433363110 -0.066802740 -0.898740172 -95.378646851 0.039805025 0.997694552 -0.054964405 -9.386444092 0.900339842 -0.011954832 0.435023069 105.835494995
0.441863418 -0.065058053 -0.894720197 -96.393676758 0.038566966 0.997822285 -0.053508401 -9.467383385 0.896252930 -0.010863238 0.443410248 106.319671631
0.451070160 -0.064698651 -0.890140235 -97.363937378 0.038128931 0.997855365 -0.053206299 -9.544719696 0.891673565 -0.009940325 0.452569664 106.801277161
0.460443139 -0.064460881 -0.885345697 -98.350479126 0.037071180 0.997886181 -0.053375147 -9.614714622 0.886914849 -0.008244595 0.461859465 107.309173584
0.469926089 -0.064914502 -0.880315542 -99.323081970 0.035856258 0.997873008 -0.054442566 -9.695113182 0.881977201 -0.005980845 0.471254110 107.831169128
0.480628490 -0.066586785 -0.874392629 -100.295425415 0.034750123 0.997775972 -0.056881521 -9.766464233 0.876235485 -0.003046371 0.481873482 108.356864929
0.492342144 -0.067808732 -0.867756426 -101.252555847 0.033191718 0.997698307 -0.059130616 -9.839834213 0.869768679 0.000310172 0.493459612 108.891975403
0.505321681 -0.065923907 -0.860409260 -102.204376221 0.030994819 0.997820854 -0.058248889 -9.920217514 0.862374246 0.002766198 0.506263793 109.434616089
0.517687201 -0.063238442 -0.853229582 -103.127807617 0.029661434 0.997991621 -0.055970978 -10.000475883 0.855055630 0.003667448 0.518523216 109.989036560
0.530043066 -0.060822692 -0.845786452 -104.043609619 0.028930835 0.998140693 -0.053648297 -10.079377174 0.847476959 0.003966600 0.530817211 110.559356689
0.541892648 -0.060095392 -0.838296354 -104.944702148 0.028949108 0.998183012 -0.052843954 -10.154068947 0.839948952 0.004367817 0.542647779 111.138359070
0.553738475 -0.059305836 -0.830576003 -105.824043274 0.028764803 0.998227477 -0.052099437 -10.243280411 0.832193613 0.004958107 0.554462910 111.713844299
0.565353632 -0.060775962 -0.822606683 -106.703041077 0.028624337 0.998126745 -0.054071091 -10.305444717 0.824351788 0.007022719 0.566034317 112.302001953
0.575415373 -0.062322248 -0.815483332 -107.551963806 0.031303126 0.998040080 -0.054186024 -10.385276794 0.817261994 0.005652291 0.576238513 112.918655396
0.587287962 -0.060996365 -0.807076395 -108.401374817 0.031542830 0.998123586 -0.052482251 -10.478271484 0.808763206 0.005364720 0.588109910 113.514907837
0.598220348 -0.059163209 -0.799144685 -109.231483459 0.030618243 0.998230040 -0.050982069 -10.541886330 0.800746620 0.006030101 0.598972976 114.126838684
0.608615220 -0.055467062 -0.791524470 -110.036834717 0.030604616 0.998452365 -0.046435438 -10.620164871 0.792875111 0.004037016 0.609370828 114.735870361
0.618319035 -0.053424478 -0.784109294 -110.847915649 0.028860644 0.998557448 -0.045277268 -10.686124802 0.785397112 0.005365899 0.618968964 115.364456177
0.628428757 -0.053293895 -0.776039302 -111.631866455 0.027061643 0.998544157 -0.046659999 -10.745634079 0.777396202 0.008321586 0.628956139 115.993881226
0.637942135 -0.052046884 -0.768323421 -112.393630981 0.024641450 0.998582184 -0.047184911 -10.815376282 0.769689918 0.011168635 0.638320208 116.624870300
0.647309482 -0.051972106 -0.760453343 -113.167694092 0.025047502 0.998584270 -0.046926018 -10.878272057 0.761815488 0.011328205 0.647695124 117.265151978
0.656300247 -0.049416978 -0.752879798 -113.906517029 0.024388539 0.998720825 -0.044293348 -10.943996429 0.754105687 0.010708096 0.656665981 117.915145874
0.665328741 -0.048145320 -0.744996428 -114.636543274 0.024803992 0.998793006 -0.042395372 -11.001349449 0.746138334 0.009727979 0.665719986 118.552368164
0.673236191 -0.047398679 -0.737906754 -115.351181030 0.025073258 0.998832762 -0.041283172 -11.063848495 0.739002228 0.009291602 0.673638880 119.215049744
0.680907845 -0.046630453 -0.730883062 -116.051048279 0.023789933 0.998852611 -0.041563690 -11.114045143 0.731982589 0.010913387 0.681235909 119.868850708
0.688554049 -0.045429818 -0.723760605 -116.743362427 0.023133576 0.998903871 -0.040692065 -11.171216965 0.724815786 0.011275521 0.688850343 120.521583557
0.695835352 -0.042861789 -0.716921329 -117.424468994 0.022327410 0.999026120 -0.038056962 -11.223757744 0.717854142 0.010474380 0.696114779 121.169441223
0.703099370 -0.040168714 -0.709956229 -118.085662842 0.021371217 0.999145925 -0.035366010 -11.273548126 0.710770369 0.009693188 0.703357339 121.831817627
0.711082757 -0.038700532 -0.702042341 -118.745529175 0.020390157 0.999199152 -0.034428760 -11.323419571 0.702812493 0.010166948 0.711302459 122.478324890
0.718279541 -0.037685633 -0.694733322 -119.379531860 0.019796992 0.999234676 -0.033735283 -11.375515938 0.695473075 0.010477731 0.718475819 123.131195068
0.726318836 -0.034708712 -0.686481059 -120.005638123 0.016858574 0.999323368 -0.032689221 -11.415552139 0.687151134 0.012169706 0.726412475 123.784149170
0.735364556 -0.031901587 -0.676920414 -120.608055115 0.016195035 0.999433339 -0.029507538 -11.465024948 0.677478313 0.010736044 0.735464394 124.434196472
0.744829476 -0.028072828 -0.666664064 -121.195724487 0.014220981 0.999555588 -0.026202314 -11.504202843 0.667103350 0.010035636 0.744897604 125.088394165
0.754827440 -0.025764573 -0.655417204 -121.777221680 0.012345623 0.999609411 -0.025076680 -11.547572136 0.655807197 0.010837036 0.754850626 125.750030518
0.764668822 -0.024783550 -0.643946707 -122.327713013 0.010681787 0.999610364 -0.025787644 -11.583085060 0.644334912 0.012840507 0.764635623 126.405548096
0.774787784 -0.026066782 -0.631683707 -122.877593994 0.010935364 0.999552727 -0.027834397 -11.617517471 0.632126808 0.014658056 0.774726272 127.069686890
0.784857213 -0.025099665 -0.619168043 -123.409805298 0.010541284 0.999575555 -0.027158385 -11.655080795 0.619587004 0.014788633 0.784788668 127.744529724
0.795073628 -0.023622021 -0.606052756 -123.928001404 0.010165401 0.999620020 -0.025626145 -11.687329292 0.606427729 0.014213903 0.795011520 128.426864624
0.805237472 -0.021309040 -0.592569411 -124.431198120 0.009910678 0.999698102 -0.022482019 -11.725253105 0.592869580 0.012230603 0.805205643 129.109619141
0.814935446 -0.019877713 -0.579210758 -124.932365417 0.010054420 0.999746084 -0.020163581 -11.753081322 0.579464555 0.010608385 0.814928412 129.810317993
0.824162006 -0.018365318 -0.566056311 -125.408325195 0.010518776 0.999798059 -0.017122736 -11.788154602 0.566256344 0.008157691 0.824188769 130.496139526
0.832352042 -0.017752632 -0.553962827 -125.878021240 0.011334965 0.999823153 -0.015009684 -11.811417580 0.554131269 0.006214194 0.832406044 131.200515747
0.839716792 -0.018071907 -0.542723775 -126.332176208 0.012833495 0.999827385 -0.013436459 -11.837262154 0.542872906 0.004317779 0.839803696 131.907516479
0.846186340 -0.017573480 -0.532597244 -126.780998230 0.012574813 0.999836206 -0.013011643 -11.868000031 0.532738745 0.004312962 0.846268773 132.627929688
0.852713287 -0.017053613 -0.522100806 -127.217666626 0.011867072 0.999841332 -0.013276554 -11.885133743 0.522244394 0.005125285 0.852780461 133.351623535
0.859570920 -0.014864072 -0.510800242 -127.666839600 0.010018990 0.999874890 -0.012236054 -11.905735016 0.510918319 0.005400052 0.859612346 134.098098755
0.865841448 -0.013593568 -0.500134051 -128.086273193 0.009002482 0.999892235 -0.011591660 -11.933409691 0.500237703 0.005534091 0.865870416 134.832977295
0.871877670 -0.014196272 -0.489518106 -128.508666992 0.009782349 0.999885142 -0.011573893 -11.954199791 0.489626199 0.005302382 0.871916294 135.582366943
0.876813531 -0.015592674 -0.480577737 -128.916580200 0.010834267 0.999860942 -0.012674065 -11.973193169 0.480708539 0.005906085 0.876860619 136.338119507
0.881303012 -0.015844360 -0.472285926 -129.337707520 0.011026471 0.999855042 -0.012967576 -11.998412132 0.472422957 0.006220717 0.881350040 137.109725952
0.884937882 -0.015163355 -0.465462148 -129.749343872 0.010646309 0.999867201 -0.012331873 -12.015878677 0.465587378 0.005957489 0.884981930 137.881500244
0.888062835 -0.013425230 -0.459525943 -130.153686523 0.010424515 0.999904513 -0.009066565 -12.033111572 0.459603846 0.003261344 0.888117969 138.671096802
0.891083896 -0.009457336 -0.453739971 -130.560607910 0.008071562 0.999954939 -0.004990674 -12.045937538 0.453766733 0.000784719 0.891120136 139.475357056
0.894556224 -0.006424370 -0.446909130 -130.968460083 0.006327188 0.999978542 -0.001709981 -12.069526672 0.446910471 -0.001298005 0.894577742 140.274780273
0.897870898 -0.003616435 -0.440244019 -131.375991821 0.004260661 0.999990821 0.000475012 -12.078281403 0.440238208 -0.002302229 0.897877991 141.097686768
0.901121080 -0.002243933 -0.433561683 -131.779159546 0.003733836 0.999989629 0.002584935 -12.082999229 0.433551371 -0.003948187 0.901120126 141.932495117
0.904551208 -0.000788005 -0.426364243 -132.196685791 0.003434615 0.999979436 0.005438532 -12.087719917 0.426351130 -0.006383829 0.904535174 142.794036865
0.908017337 -0.000978458 -0.418931425 -132.596725464 0.004437896 0.999963701 0.007283445 -12.091235161 0.418909103 -0.008472669 0.907988608 143.659179688
0.911563754 -0.001432418 -0.411156237 -132.997146606 0.005354257 0.999950469 0.008387081 -12.095022202 0.411123872 -0.009846795 0.911526322 144.551269531
0.915346086 -0.002072233 -0.402662724 -133.405334473 0.005945438 0.999947309 0.008369310 -12.094213486 0.402624160 -0.010054821 0.915310144 145.460052490
0.919098556 -0.004333849 -0.394003898 -133.781814575 0.008105523 0.999935865 0.007909067 -12.096108437 0.393944353 -0.010462820 0.919074714 146.381973267
0.923308551 -0.005433686 -0.384020597 -134.175094604 0.008707009 0.999939084 0.006785838 -12.097577095 0.383960307 -0.009609092 0.923299611 147.307205200
0.927779078 -0.006602703 -0.373071581 -134.553344727 0.009113456 0.999946177 0.004966676 -12.106454849 0.373018742 -0.008007950 0.927789271 148.244140625
0.932869017 -0.005071901 -0.360180080 -134.918502808 0.006850420 0.999969780 0.003661492 -12.099033356 0.360150635 -0.005883077 0.932875574 149.205276489
0.939150631 -0.001751531 -0.343501180 -135.288711548 0.003585954 0.999982476 0.004705225 -12.099726677 0.343486935 -0.005650694 0.939140499 150.181991577
0.945490181 0.002117241 -0.325643718 -135.633483887 0.000470245 0.999968946 0.007866840 -12.103722572 0.325650275 -0.007591152 0.945459783 151.191177368
0.952187777 0.005459062 -0.305464715 -135.978164673 -0.002723356 0.999952316 0.009381297 -12.102750778 0.305501372 -0.008100866 0.952157140 152.217620850
0.958678246 0.007102580 -0.284403890 -136.288497925 -0.004372249 0.999938011 0.010233897 -12.102828026 0.284458965 -0.008567531 0.958649933 153.252044678
0.964812756 0.008888652 -0.262787580 -136.590454102 -0.006036712 0.999913752 0.011658045 -12.101878166 0.262868553 -0.009661457 0.964783251 154.315490723
0.970418572 0.009436511 -0.241244078 -136.853820801 -0.006144481 0.999877512 0.014394698 -12.098681450 0.241350397 -0.012486561 0.970357716 155.380355835
0.975592434 0.012247750 -0.219247550 -137.109497070 -0.008516489 0.999802470 0.017955543 -12.092724800 0.219424173 -0.015650071 0.975504041 156.472213745
0.980360866 0.014173286 -0.196702018 -137.347137451 -0.010019010 0.999705613 0.022098744 -12.084882736 0.196957350 -0.019693984 0.980214238 157.583129883
0.984566331 0.016212849 -0.174259141 -137.553573608 -0.011960709 0.999605238 0.025423829 -12.071863174 0.174602553 -0.022947185 0.984371543 158.711303711
0.988235414 0.017976575 -0.151880994 -137.736648560 -0.014289869 0.999576926 0.025330493 -12.059478760 0.152272120 -0.022862123 0.988074124 159.850784302
0.991310775 0.016918579 -0.130448267 -137.886489868 -0.013981382 0.999628425 0.023399308 -12.043126106 0.130795673 -0.021372136 0.991178930 161.010055542
0.993903399 0.017840600 -0.108801514 -138.040863037 -0.015528196 0.999635994 0.022063840 -12.018014908 0.109155543 -0.020239836 0.993818581 162.200927734
0.995937288 0.016756658 -0.088476591 -138.145797729 -0.014695631 0.999606490 0.023894848 -12.003237724 0.088842176 -0.022497557 0.995791614 163.390777588
0.997518301 0.017027797 -0.068317622 -138.237167358 -0.015305786 0.999553800 0.025650721 -11.988039017 0.068723910 -0.024541410 0.997333765 164.584075928
0.998675883 0.017782299 -0.048272278 -138.301147461 -0.016509609 0.999508917 0.026636738 -11.969265938 0.048722226 -0.025804514 0.998478889 165.807846069
0.999433100 0.019256981 -0.027616641 -138.344436646 -0.018507551 0.999460280 0.027140426 -11.952075005 0.028124381 -0.026613927 0.999250054 167.033782959
0.999776542 0.020017056 -0.006789222 -138.365188599 -0.019821580 0.999418855 0.027731026 -11.930795670 0.007340371 -0.027590258 0.999592304 168.274520874
0.999666631 0.022013498 0.013488987 -138.356475830 -0.022373544 0.999380946 0.027149232 -11.911207199 -0.012882988 -0.027441977 0.999540329 169.530349731
0.999135196 0.023274628 0.034455776 -138.336471558 -0.024177009 0.999369323 0.026008729 -11.890569687 -0.033828694 -0.026819274 0.999067724 170.813903809
0.998258531 0.023655552 0.054038484 -138.277709961 -0.024944719 0.999417007 0.023307785 -11.868158340 -0.053455628 -0.024615176 0.998266816 172.103790283
0.997047961 0.025654905 0.072368652 -138.184524536 -0.027222348 0.999413908 0.020756492 -11.853553772 -0.071793720 -0.022665260 0.997161865 173.393844604
0.995440066 0.026194058 0.091721423 -138.077270508 -0.028035389 0.999429226 0.018844482 -11.840533257 -0.091175444 -0.021329995 0.995606303 174.693862915
0.993511140 0.026111033 0.110696279 -137.942520142 -0.028021554 0.999483347 0.015738416 -11.830377579 -0.110228159 -0.018738169 0.993729651 176.005813599
0.991242111 0.027224874 0.129221380 -137.778884888 -0.028798968 0.999531865 0.010328106 -11.826018333 -0.128879726 -0.013959094 0.991562009 177.319015503
0.988711357 0.028465923 0.147103250 -137.592193604 -0.029333578 0.999562860 0.003731875 -11.829472542 -0.146932676 -0.008004814 0.989114106 178.642410278
0.985846758 0.030617496 0.164830297 -137.386398315 -0.030804386 0.999524415 -0.001422879 -11.838494301 -0.164795488 -0.003674755 0.986320913 179.965133667
0.982748032 0.032745838 0.182027608 -137.145248413 -0.032270271 0.999463618 -0.005574587 -11.856314659 -0.182112515 -0.000395667 0.983277619 181.312988281
0.979201615 0.035252709 0.199803114 -136.887207031 -0.034271792 0.999377668 -0.008367077 -11.879615784 -0.199973688 0.001345446 0.979800344 182.654281616
0.975490153 0.034450218 0.217329681 -136.599029541 -0.033455476 0.999406040 -0.008255973 -11.904038429 -0.217485026 0.000782751 0.976063371 184.017532349
0.971646845 0.033607546 0.234036401 -136.278488159 -0.032349989 0.999434173 -0.009211261 -11.927327156 -0.234213546 0.001379019 0.972184241 185.376388550
0.967416704 0.033586212 0.250952035 -135.929504395 -0.031063057 0.999419153 -0.014009800 -11.966727257 -0.251276821 0.005757978 0.967898130 186.732727051
0.963035405 0.034765642 0.267122060 -135.562515259 -0.030935427 0.999349535 -0.018535037 -11.996541977 -0.267592639 0.009586359 0.963484347 188.094772339
0.958242118 0.037034459 0.283550292 -135.157852173 -0.033058014 0.999276638 -0.018797722 -12.032396317 -0.284041375 0.008639152 0.958773136 189.477874756
0.952886760 0.039275892 0.300772399 -134.734436035 -0.035003789 0.999195337 -0.019581687 -12.073761940 -0.301299542 0.008130957 0.953494906 190.852508545
0.946887910 0.043240026 0.318643093 -134.301269531 -0.037998792 0.999020994 -0.022649510 -12.119402885 -0.319310576 0.009338497 0.947604120 192.234878540
0.941063225 0.043229990 0.335456640 -133.821228027 -0.036414869 0.998983145 -0.026582679 -12.169852257 -0.336264729 0.012800371 0.941680431 193.602981567
0.934745550 0.044293780 0.352546155 -133.322463989 -0.036448300 0.998918593 -0.028864266 -12.225311279 -0.353443414 0.014131035 0.935349166 194.971878052
0.928003192 0.045285296 0.369809866 -132.795104980 -0.035133027 0.998799086 -0.034145541 -12.287499428 -0.370912075 0.018694628 0.928479791 196.340301514
0.919948339 0.048143379 0.389072239 -132.251373291 -0.035320062 0.998573184 -0.040049288 -12.360082626 -0.390445322 0.023101222 0.920336246 197.699142456
0.910479367 0.051882681 0.410287023 -131.659408569 -0.037215497 0.998352945 -0.043660402 -12.435027122 -0.411876589 0.024482869 0.910910666 199.071151733
0.899312377 0.054674346 0.433875620 -131.044998169 -0.038998801 0.998227596 -0.044956032 -12.519475937 -0.435564429 0.023508884 0.899850667 200.417190552
