1.000000000 0.000000000 0.000000000 0.000000000 0.000000000 1.000000000 0.000000000 0.000000000 0.000000000 0.000000000 1.000000000 0.000000000
0.999873757 0.001517692 0.015817009 0.010558942 -0.001502718 0.999998391 -0.000958552 -0.003108304 -0.015818438 0.000934662 0.999874473 0.126279384
0.999291837 0.004308445 0.037380084 0.027037319 -0.004296227 0.999990702 -0.000407179 -0.004708843 -0.037381489 0.000246297 0.999301016 0.272564650
0.997895181 0.005975295 0.064571388 0.056310609 -0.006051169 0.999981225 0.000979527 -0.005057156 -0.064564325 -0.001368198 0.997912586 0.436104119
0.995130539 0.005636387 0.098404348 0.102633469 -0.005982347 0.999976933 0.003220987 -0.003950166 -0.098383926 -0.003793991 0.995141268 0.607981503
0.990629137 0.002563915 0.136555418 0.163547292 -0.003303386 0.999981046 0.005188836 -0.004959321 -0.136539534 -0.005591307 0.990618825 0.792599857
0.984340608 -0.000219041 0.176276699 0.236388028 -0.000750976 0.999984980 0.005436081 -0.004346904 -0.176275223 -0.005483335 0.984325647 0.987784326
0.975563109 -0.000389163 0.219718993 0.319937229 -0.001092462 0.999977410 0.006621729 -0.000866875 -0.219716638 -0.006699950 0.975540757 1.192227721
0.963428378 -0.000130850 0.267966062 0.412296146 -0.002503598 0.999951839 0.009489564 0.001545348 -0.267954379 -0.009813395 0.963381648 1.405079484
0.948953807 -0.003824085 0.315391868 0.529997349 -0.001513270 0.999859810 0.016676310 -0.003034324 -0.315411419 -0.016302323 0.948814988 1.619094968
0.932010770 -0.013254864 0.362188071 0.672343135 0.004591145 0.999682665 0.024770724 -0.007849595 -0.362401456 -0.021423725 0.931775868 1.829228759
0.910592735 -0.018320180 0.412898570 0.825624645 0.007015255 0.999558270 0.028878881 -0.004149847 -0.413245261 -0.023400312 0.910319030 2.052563429
0.885135949 -0.019680236 0.464916289 0.992627501 0.005008302 0.999450266 0.032772329 -0.000132141 -0.465305686 -0.026679521 0.884747922 2.279716730
0.856763721 -0.021873308 0.515245140 1.167909741 0.003046672 0.999297321 0.037356324 0.001581773 -0.515700221 -0.030435760 0.856228352 2.486817837
0.824198484 -0.026306614 0.565689743 1.368274331 0.003480856 0.999136925 0.041391946 0.009512902 -0.566290379 -0.032146093 0.823578775 2.701642990
0.788130224 -0.032049727 0.614673555 1.602167845 0.005539333 0.998972297 0.044984970 0.009471693 -0.615483582 -0.032049142 0.787497818 2.917314291
0.749732852 -0.035775837 0.660772860 1.844754577 0.005877835 0.998858154 0.047411427 0.018057708 -0.661714435 -0.031661995 0.749087095 3.128762484
0.709589779 -0.039020225 0.703533709 2.113325596 0.007028808 0.998807788 0.048307754 0.030775679 -0.704580009 -0.029333681 0.709017992 3.331729889
0.667255104 -0.040702790 0.743716180 2.412598848 0.005760653 0.998757958 0.049492534 0.044917025 -0.744807005 -0.028739858 0.666660786 3.552332401
0.624234378 -0.040569078 0.780183077 2.729344368 0.000692431 0.998679101 0.051376726 0.063785113 -0.781236887 -0.031530891 0.623437881 3.769507885
0.582754791 -0.041299805 0.811597884 3.064523935 -0.002527726 0.998610795 0.052631330 0.071887046 -0.812644124 -0.032722659 0.581840873 3.964354992
0.542080700 -0.042492535 0.839251399 3.441652298 -0.004265958 0.998568594 0.053314433 0.092617303 -0.840315640 -0.032480933 0.541123569 4.173822403
0.502858639 -0.044458300 0.863224506 3.853055000 -0.006058554 0.998470485 0.054953139 0.115270026 -0.864347458 -0.032863554 0.501820207 4.387534142
0.466334045 -0.043965783 0.883515358 4.285767555 -0.009128020 0.998471677 0.054504201 0.133726284 -0.884561539 -0.033481911 0.465220094 4.579244137
0.429621041 -0.043345202 0.901968360 4.744420052 -0.010316202 0.998546481 0.052900143 0.153820887 -0.902950287 -0.032031905 0.428549409 4.771988869
0.396146715 -0.041941740 0.917228758 5.233743668 -0.009226211 0.998723805 0.049652990 0.174503490 -0.918140829 -0.028132416 0.395254225 4.953183651
0.366544127 -0.039836869 0.929547429 5.756438732 -0.006741772 0.998943090 0.045469347 0.202140704 -0.930376232 -0.022933321 0.365888119 5.135131836
0.341390014 -0.038238939 0.939143538 6.304300785 -0.005491372 0.999073863 0.042675290 0.223887965 -0.939905763 -0.019726103 0.340863824 5.310208321
0.321332902 -0.037682023 0.946216226 6.871702194 -0.004216047 0.999141097 0.041221455 0.247504041 -0.946956873 -0.017235102 0.320898056 5.487117290
0.305871487 -0.038102973 0.951309979 7.480403900 -0.003749341 0.999142826 0.041224342 0.270795405 -0.952065408 -0.016176136 0.305466413 5.691493511
0.294606119 -0.039231110 0.954813123 8.107350349 -0.002780566 0.999117494 0.041909419 0.299213380 -0.955614686 -0.015001692 0.294237018 5.869367123
0.283882618 -0.040773328 0.957991719 8.773735046 -0.004155891 0.999033749 0.043751646 0.328438282 -0.958850026 -0.016401641 0.283438891 6.062067509
0.272988468 -0.042912167 0.961059749 9.441509247 -0.005816767 0.998912752 0.046254594 0.345841706 -0.961999714 -0.018217232 0.272442102 6.262373924
0.263105094 -0.044690602 0.963731468 10.144911766 -0.006683689 0.998818159 0.048142344 0.373489678 -0.964744031 -0.019107781 0.262495428 6.449659348
0.253101885 -0.046513561 0.966320813 10.858766556 -0.007434450 0.998720527 0.050020363 0.405017585 -0.967411041 -0.019844314 0.252432257 6.628132343
0.242208540 -0.047660097 0.969052911 11.614709854 -0.007766024 0.998665452 0.051057585 0.442684501 -0.970193148 -0.019892270 0.241515204 6.825896263
0.231698230 -0.048897848 0.971557975 12.373943329 -0.007677515 0.998612881 0.052090444 0.476675302 -0.972757518 -0.019528413 0.231001377 7.006213665
0.221460432 -0.052215502 0.973770440 13.152457237 -0.008944354 0.998414576 0.055571157 0.507305861 -0.975128412 -0.021016557 0.220642313 7.181571007
0.209923312 -0.055204127 0.976158142 13.943737030 -0.010712500 0.998214960 0.058755230 0.547282398 -0.977659106 -0.022791184 0.208957240 7.358801365
0.197878122 -0.059138693 0.978441060 14.741370201 -0.011532968 0.997968853 0.062651403 0.581623495 -0.980158746 -0.023681670 0.196794152 7.515969276
0.184829876 -0.061322540 0.980855405 15.536043167 -0.012661607 0.997819960 0.064769074 0.618470430 -0.982688963 -0.024390467 0.183650494 7.666512489
0.170523062 -0.061840523 0.983411193 16.354969025 -0.013073195 0.997798860 0.065012164 0.658807755 -0.985266924 -0.023942400 0.169339269 7.814405918
0.155793011 -0.060776338 0.985918224 17.170646667 -0.014612042 0.997854352 0.063821107 0.698519886 -0.987681627 -0.024349164 0.154570684 7.944434166
0.139545009 -0.059558984 0.988422871 17.989833832 -0.015120042 0.997945011 0.062267385 0.736578107 -0.990100265 -0.023634100 0.138357714 8.053770065
0.118835062 -0.058127254 0.991211057 18.810194016 -0.018127900 0.997991621 0.060698207 0.770519555 -0.992748499 -0.025181651 0.117542669 8.153089523
0.093356498 -0.056975558 0.994001150 19.621208191 -0.021758115 0.998006105 0.059248641 0.801631689 -0.995394945 -0.027158832 0.091930665 8.230668068
0.063109025 -0.056476131 0.996407449 20.461257935 -0.025707185 0.997974336 0.058193151 0.838553071 -0.997675478 -0.029287342 0.061529342 8.277614594
0.029960955 -0.056587446 0.997947991 21.306159973 -0.028452635 0.997943401 0.057441406 0.867414534 -0.999145985 -0.030115249 0.028289275 8.295972824
-0.003791182 -0.055796273 0.998435020 22.145538330 -0.029588746 0.998011291 0.055660237 0.898011982 -0.999554873 -0.029331425 -0.005434575 8.275946617
-0.037776351 -0.055123527 0.997764766 22.965560913 -0.031023663 0.998060822 0.053965297 0.922074914 -0.998804450 -0.028915705 -0.039413214 8.241311073
-0.071849644 -0.052594781 0.996027827 23.849029541 -0.033914197 0.998160124 0.050260928 0.956616521 -0.996838748 -0.030168256 -0.073501147 8.188505173
-0.104899876 -0.049736921 0.993238211 24.699831009 -0.036228117 0.998276770 0.046163026 0.982548475 -0.993822634 -0.031140655 -0.106520973 8.099811554
-0.137167245 -0.045102138 0.989520609 25.536476135 -0.032855559 0.998620272 0.040962465 1.001558304 -0.990002871 -0.026892547 -0.138459861 7.969120026
-0.168415606 -0.039056525 0.984942019 26.357522964 -0.027646387 0.999008775 0.034887057 1.015846848 -0.985328257 -0.021354562 -0.169328451 7.809292316
-0.198417813 -0.032750461 0.979570210 27.176010132 -0.021000462 0.999354124 0.029158136 1.027487040 -0.979892492 -0.014785938 -0.198977485 7.627720833
-0.227179825 -0.027124047 0.973475039 28.001722336 -0.014918544 0.999591649 0.024370197 1.033720851 -0.973738551 -0.008986413 -0.227491722 7.414525509
-0.254784793 -0.020875871 0.966772377 28.806291580 -0.006357421 0.999781430 0.019913202 1.037415147 -0.966976881 -0.001072600 -0.254861802 7.183578491
-0.280964226 -0.010715404 0.959658444 29.612197876 -0.000241222 0.999938369 0.011094539 1.027082324 -0.959718227 0.002885676 -0.280949503 6.926441669
-0.306167841 0.004840085 0.951965153 30.393737793 0.004329786 0.999983788 -0.003691695 1.015180230 -0.951967657 0.002991528 -0.306183845 6.662603378
-0.331110805 0.022210507 0.943330407 31.168787003 0.005583466 0.999751449 -0.021579124 0.993043959 -0.943575382 -0.001878028 -0.331152558 6.382112980
-0.356098324 0.037125595 0.933710694 31.945257187 0.005774452 0.999278784 -0.037530415 0.964852273 -0.934430659 -0.007972851 -0.356055945 6.081907272
-0.380419791 0.047322854 0.923602343 32.707973480 0.009492550 0.998837173 -0.047267821 0.918925762 -0.924765170 -0.009214273 -0.380426645 5.755917072
-0.403500706 0.051464345 0.913530767 33.457820892 0.012708310 0.998635828 -0.050645616 0.867746294 -0.914891064 -0.008826110 -0.403604358 5.403505802
-0.426267356 0.051496677 0.903130174 34.205799103 0.016840965 0.998656988 -0.048994895 0.815728545 -0.904440463 -0.005675337 -0.426562101 5.050188065
-0.446555078 0.047325704 0.893503666 34.936870575 0.019976646 0.998878598 -0.042923123 0.763897479 -0.894533098 -0.001318329 -0.446999729 4.672952175
-0.464309365 0.045901470 0.884482861 35.656871796 0.027451834 0.998922110 -0.037429620 0.717084050 -0.885247529 0.006901755 -0.465068966 4.276489258
-0.477745593 0.046196312 0.877282798 36.360343933 0.029740846 0.998894513 -0.036404103 0.669874728 -0.877994597 0.008699232 -0.478591383 3.881254673
-0.488772422 0.050487928 0.870949209 37.057479858 0.034042396 0.998667538 -0.038787179 0.620626271 -0.871746898 0.010691093 -0.489839822 3.480463028
-0.498556346 0.052841842 0.865245283 37.744720459 0.034553654 0.998558462 -0.041073591 0.575502217 -0.866168380 0.009419885 -0.499663502 3.076155424
-0.509363532 0.052296802 0.858960927 38.443069458 0.028851327 0.998628378 -0.043691460 0.524743438 -0.860067666 0.002527330 -0.510173678 2.671923161
-0.520463228 0.050917387 0.852364719 39.129917145 0.028425939 0.998700380 -0.042301800 0.477097809 -0.853410840 0.002212737 -0.521234155 2.256449223
-0.529428959 0.052207299 0.846746504 39.801113129 0.030396366 0.998631120 -0.042566605 0.432118744 -0.847809613 0.003202027 -0.530291021 1.837350130
-0.536464453 0.054937806 0.842132688 40.491733551 0.032452215 0.998483837 -0.044464521 0.392128855 -0.843298733 0.003475433 -0.537433863 1.389376521
-0.539777398 0.057758000 0.839823961 41.181644440 0.034182545 0.998324454 -0.046688654 0.343645722 -0.841113508 0.003505838 -0.540847301 0.941429138
-0.539825737 0.060087539 0.839629471 41.885627747 0.033233449 0.998192668 -0.050068121 0.304469466 -0.841120541 0.000875720 -0.540847063 0.500209391
-0.536355555 0.060347319 0.841831863 42.594104767 0.035806172 0.998169422 -0.048741326 0.248162046 -0.843232214 0.004000096 -0.537534475 0.042679865
-0.530431747 0.059202679 0.845657825 43.341644287 0.033634797 0.998242676 -0.048787668 0.197321445 -0.847060025 0.002564994 -0.531490922 -0.425076276
-0.523509145 0.058070656 0.850038826 44.105190277 0.031662580 0.998311460 -0.048700079 0.148674369 -0.851431549 0.001419488 -0.524463832 -0.885297835
-0.516292691 0.057481423 0.854480982 44.880184174 0.030137539 0.998346448 -0.048949696 0.092234604 -0.855881691 0.000479586 -0.517171323 -1.348250151
-0.510036111 0.056036316 0.858325720 45.673492432 0.027357524 0.998427749 -0.048926499 0.038837083 -0.859717786 -0.001472615 -0.510767281 -1.815403581
-0.506098568 0.053706981 0.860801816 46.476268768 0.022761833 0.998543382 -0.048918359 -0.012834133 -0.862175226 -0.005164083 -0.506583810 -2.270233393
-0.504447520 0.050695367 0.861952841 47.303489685 0.018128645 0.998676658 -0.048127156 -0.067603827 -0.863251984 -0.008651583 -0.504699051 -2.745694399
-0.505132735 0.048210181 0.861694038 48.135917664 0.015674574 0.998786390 -0.046691660 -0.131485313 -0.862899303 -0.010078802 -0.505275309 -3.218792915
-0.506120026 0.047156062 0.861172915 48.979507446 0.014776210 0.998831749 -0.046009846 -0.188529938 -0.862336516 -0.010561632 -0.506225526 -3.707465649
-0.506515801 0.046415072 0.860980451 49.843021393 0.014468065 0.998866975 -0.045336895 -0.243695766 -0.862109184 -0.010507135 -0.506613493 -4.209888458
-0.506501317 0.046017013 0.861010373 50.710342407 0.014283045 0.998885632 -0.044983614 -0.298072368 -0.862120867 -0.010486410 -0.506594181 -4.718213558
-0.506928504 0.044827949 0.860821664 51.585277557 0.014049489 0.998943865 -0.043747175 -0.354901910 -0.861873567 -0.010082585 -0.507023036 -5.223414898
-0.506828129 0.044721108 0.860886335 52.471763611 0.014483093 0.998954237 -0.043366816 -0.415442258 -0.861925423 -0.009511226 -0.506945848 -5.743535995
-0.507309079 0.043107558 0.860685408 53.368026733 0.012153438 0.999006629 -0.042871874 -0.470832080 -0.861678421 -0.011289000 -0.507329047 -6.264141560
-0.507331848 0.042213459 0.860716224 54.252738953 0.011082234 0.999036491 -0.042465117 -0.531476021 -0.861679494 -0.012005248 -0.507310867 -6.775473118
-0.506701350 0.041358124 0.861129105 55.143173218 0.009740012 0.999059558 -0.042251453 -0.594638407 -0.862066567 -0.013021458 -0.506627679 -7.292315960
-0.505393326 0.039956924 0.861963451 56.025070190 0.009863658 0.999129474 -0.040532019 -0.652395725 -0.862832606 -0.011982500 -0.505347550 -7.810556889
-0.503106058 0.037872124 0.863394439 56.910312653 0.009787926 0.999224961 -0.038126729 -0.711022556 -0.864169180 -0.010730948 -0.503086805 -8.324491501
-0.500787795 0.036197975 0.864812851 57.790851593 0.010331817 0.999303997 -0.035844449 -0.773336709 -0.865508318 -0.009015377 -0.500813305 -8.830668449
-0.498236626 0.036118675 0.866288483 58.676666260 0.010725479 0.999312341 -0.035496272 -0.827623069 -0.866974711 -0.008394185 -0.498281389 -9.335546494
-0.496341139 0.036304772 0.867368102 59.560844421 0.010518378 0.999303460 -0.035808071 -0.883520007 -0.868063807 -0.008649716 -0.496377259 -9.835862160
-0.495276272 0.036832422 0.867954373 60.452037811 0.010322910 0.999279797 -0.036514826 -0.935981393 -0.868674219 -0.009125116 -0.495299786 -10.345891953
-0.496236265 0.038617168 0.867328286 61.327377319 0.010242173 0.999201119 -0.038628720 -0.992004037 -0.868127167 -0.010285646 -0.496235341 -10.840270042
-0.499448657 0.040140606 0.865413010 62.198909760 0.008619828 0.999106824 -0.041367061 -1.052030325 -0.866300642 -0.013201013 -0.499348581 -11.331094742
-0.503618419 0.040365379 0.862982690 63.073368073 0.007151676 0.999068558 -0.042557128 -1.112723589 -0.863896608 -0.015260780 -0.503437936 -11.841689110
-0.509283543 0.039079372 0.859711051 63.934566498 0.008752990 0.999152005 -0.040232684 -1.172263503 -0.860554278 -0.012964799 -0.509193718 -12.347716331
-0.514441133 0.036588106 0.856744826 64.791313171 0.010021382 0.999277592 -0.036657665 -1.233674407 -0.857467175 -0.010272441 -0.514436126 -12.867195129
-0.519975901 0.033856828 0.853509665 65.656364441 0.006923042 0.999348402 -0.035424262 -1.291813612 -0.854152858 -0.012510878 -0.519871473 -13.375185013
-0.525452793 0.037160154 0.850010872 66.502662659 0.009576109 0.999240816 -0.037764400 -1.349098921 -0.850768864 -0.011703612 -0.525409758 -13.888699532
-0.530234933 0.038997110 0.846953452 67.341293335 0.009430856 0.999151111 -0.040100724 -1.396337986 -0.847798288 -0.013275308 -0.530152619 -14.411788940
-0.535152018 0.039664730 0.843824089 68.167839050 0.007863330 0.999087632 -0.041976131 -1.455011249 -0.844719112 -0.015828345 -0.534975708 -14.923388481
-0.538418531 0.040036220 0.841725945 68.974372864 0.007227970 0.999053419 -0.042895969 -1.512751102 -0.842646599 -0.017012013 -0.538198233 -15.446698189
-0.541601062 0.039613098 0.839701772 69.787765503 0.008639595 0.999098659 -0.041560207 -1.569919825 -0.840591311 -0.015254366 -0.541455090 -15.970683098
-0.543625534 0.032597039 0.838694692 70.608703613 0.009083183 0.999415576 -0.032956142 -1.618074656 -0.839278758 -0.010297779 -0.543603778 -16.501567841
-0.546106935 0.023286382 0.837391794 71.426086426 0.007709862 0.999710977 -0.022772187 -1.674045444 -0.837679982 -0.005979874 -0.546128631 -17.034431458
-0.547985733 0.022085989 0.836196065 72.241874695 0.008716822 0.999747872 -0.020693384 -1.713379025 -0.836442232 -0.004050707 -0.548040092 -17.561454773
-0.548687160 0.026829092 0.835597217 73.029739380 0.009390278 0.999619603 -0.025929436 -1.758000255 -0.835974932 -0.006380660 -0.548730493 -18.078443527
-0.550764322 0.032762107 0.834017634 73.830131531 0.010443006 0.999421597 -0.032363255 -1.799610019 -0.834595501 -0.009114875 -0.550787926 -18.585853577
-0.550319493 0.036855869 0.834140360 74.613174438 0.016442772 0.999309957 -0.033305734 -1.843189240 -0.834792256 -0.004613215 -0.550545752 -19.128044128
-0.550023437 0.038357161 0.834267974 75.403747559 0.020088516 0.999263346 -0.032699026 -1.892067194 -0.834907591 -0.001226025 -0.550388813 -19.661544800
-0.549681306 0.035078399 0.834637642 76.207031250 0.018536547 0.999384105 -0.029794488 -1.932511568 -0.835168839 -0.000906170 -0.549992979 -20.182531357
-0.549243867 0.030203428 0.835116148 77.000076294 0.016316108 0.999543667 -0.025419364 -1.966707230 -0.835502863 -0.000335583 -0.549486041 -20.699621201
-0.549001515 0.022871826 0.835508347 77.799797058 0.013303952 0.999738038 -0.018625723 -2.012218952 -0.835715473 0.000890014 -0.549161971 -21.203910828
-0.549067616 0.017360145 0.835597575 78.602310181 0.004687684 0.999832571 -0.017691983 -2.044770479 -0.835764766 -0.005797078 -0.549057066 -21.698633194
-0.547243059 0.012570598 0.836879253 79.399665833 -0.002469468 0.999858737 -0.016633485 -2.072859049 -0.836969972 -0.011169206 -0.547134757 -22.207601547
-0.545254767 0.012858824 0.838171780 80.190681458 0.000780082 0.999889672 -0.014832355 -2.114004612 -0.838270068 -0.007433571 -0.545204580 -22.719625473
-0.541626036 0.016474675 0.840458035 80.978515625 0.005037692 0.999853551 -0.016352652 -2.142794847 -0.840604424 -0.004623054 -0.541629672 -23.240516663
-0.536169648 0.019792210 0.843878210 81.767692566 0.006811271 0.999793947 -0.019121405 -2.168153524 -0.844082773 -0.004504433 -0.536193967 -23.742361069
-0.528334856 0.021778023 0.848756790 82.557647705 0.012034835 0.999762654 -0.018161191 -2.205225945 -0.848950684 0.000619457 -0.528471649 -24.238754272
-0.519877255 0.025669739 0.853855193 83.360206604 0.019113440 0.999647617 -0.018415364 -2.234335423 -0.854027033 0.006746380 -0.520184755 -24.743314743
-0.511203170 0.024503250 0.859110534 84.160896301 0.016701702 0.999687970 -0.018574608 -2.268240690 -0.859297574 0.004853210 -0.511452913 -25.193393707
-0.500529587 0.022208182 0.865434527 84.969100952 0.014928823 0.999743700 -0.017020551 -2.299237728 -0.865590751 0.004400629 -0.500732839 -25.649944305
-0.488852859 0.018852931 0.872162580 85.773262024 0.015016504 0.999800146 -0.013195136 -2.331664801 -0.872236967 0.006646355 -0.489038259 -26.093400955
-0.477244198 0.018258806 0.878580987 86.584793091 0.014041093 0.999814928 -0.013151205 -2.355545282 -0.878658533 0.006059902 -0.477412283 -26.537418365
-0.466595560 0.017191960 0.884303689 87.434036255 0.013977329 0.999829531 -0.012062901 -2.379629850 -0.884360313 0.006731707 -0.466756344 -26.963922501
-0.454290479 0.018324325 0.890665174 88.253173828 0.014996708 0.999804080 -0.012920533 -2.405433416 -0.890727341 0.007487370 -0.454476297 -27.381721497
-0.442168891 0.021926012 0.896663785 89.073127747 0.014911483 0.999742627 -0.017093338 -2.444040060 -0.896807790 0.005812445 -0.442382038 -27.784147263
-0.431158274 0.031218043 0.901736081 89.894622803 0.017455634 0.999502838 -0.026256440 -2.475788355 -0.902107418 0.004419691 -0.431488842 -28.167726517
-0.417721719 0.035513267 0.907880723 90.742805481 0.016430922 0.999367654 -0.031531971 -2.510217428 -0.908426464 0.001745731 -0.418041110 -28.570932388
-0.406317532 0.031969007 0.913172543 91.586021423 0.014323547 0.999487758 -0.028617511 -2.549732924 -0.913619697 0.001452076 -0.406567276 -28.937864304
-0.395146608 0.028461454 0.918177128 92.438728333 0.013629225 0.999591529 -0.025119655 -2.596042395 -0.918516994 0.002588095 -0.395373076 -29.292669296
-0.385063499 0.028311951 0.922455668 93.283256531 0.007604014 0.999592721 -0.027505266 -2.629211426 -0.922858715 -0.003576910 -0.385122031 -29.640699387
-0.378212720 0.032568894 0.925145566 94.121421814 0.002584128 0.999414146 -0.034127023 -2.674907684 -0.925715029 -0.010516580 -0.378075331 -29.969161987
-0.373449057 0.037545312 0.926890552 94.965415955 -0.002801533 0.999130428 -0.041600265 -2.719273329 -0.927646458 -0.018132294 -0.373019129 -30.290794373
-0.369992375 0.039573632 0.928191543 95.812530518 -0.006288173 0.998962820 -0.045097556 -2.770196199 -0.929013491 -0.022522381 -0.369359851 -30.623975754
-0.366011530 0.039263703 0.929781616 96.650909424 -0.007246378 0.998959005 -0.045037553 -2.826060057 -0.930582106 -0.023221813 -0.365346014 -30.949510574
-0.361632526 0.039362397 0.931489408 97.485328674 -0.008544986 0.998926580 -0.045529537 -2.878992081 -0.932281494 -0.024424527 -0.360907912 -31.258977890
-0.355689466 0.035058394 0.933946490 98.336357117 -0.010882576 0.999073088 -0.041647702 -2.931668520 -0.934540868 -0.024977393 -0.354978293 -31.580728531
-0.350313872 0.031203503 0.936112404 99.186401367 -0.011466923 0.999227107 -0.037598487 -2.983042002 -0.936562181 -0.023905601 -0.349685311 -31.891025543
-0.344468623 0.028215518 0.938373744 100.029060364 -0.013714081 0.999290407 -0.035081506 -3.031731129 -0.938697636 -0.024953414 -0.343837231 -32.193569183
-0.338924021 0.026168982 0.940449715 100.894584656 -0.021846781 0.999124587 -0.035674926 -3.084634542 -0.940560102 -0.032636885 -0.338055581 -32.484962463
-0.332799077 0.026573366 0.942623198 101.735839844 -0.028804973 0.998849869 -0.038328215 -3.129768610 -0.942557693 -0.039907828 -0.331650913 -32.760818481
-0.326105237 0.030604104 0.944837928 102.578231812 -0.026577342 0.998783886 -0.041524470 -3.181470633 -0.944959760 -0.038652625 -0.324895322 -33.045604706
-0.319179058 0.033778511 0.947092235 103.431121826 -0.025137059 0.998711348 -0.044090953 -3.230721474 -0.947361052 -0.037880030 -0.317918599 -33.329227448
-0.312170208 0.032357462 0.949474990 104.293739319 -0.026549352 0.998732269 -0.042765062 -3.277407646 -0.949655116 -0.038557921 -0.310915411 -33.610763550
-0.305370748 0.027347822 0.951840699 105.150238037 -0.026952393 0.998938680 -0.037347920 -3.329132318 -0.951851964 -0.037059341 -0.304309577 -33.876350403
-0.297928035 0.024554541 0.954272449 106.012680054 -0.027967721 0.999015450 -0.034437481 -3.380722284 -0.954178512 -0.036948711 -0.296947986 -34.144886017
-0.291834086 0.027753903 0.956066132 106.865776062 -0.030190336 0.998813570 -0.038210269 -3.425164223 -0.955992281 -0.040015016 -0.290649921 -34.394107819
-0.285671204 0.030412955 0.957844973 107.724624634 -0.029975552 0.998723805 -0.040650923 -3.474874735 -0.957858801 -0.040324733 -0.284394950 -34.638690948
-0.278706700 0.030950906 0.959877312 108.580970764 -0.031697441 0.998639643 -0.041404340 -3.523127794 -0.959853053 -0.041965328 -0.277346522 -34.878170013
-0.271991968 0.030468872 0.961817026 109.441658020 -0.031921498 0.998662889 -0.040663172 -3.575438023 -0.961769938 -0.041762695 -0.270655721 -35.115032196
-0.263600200 0.030341057 0.964154720 110.301849365 -0.027886743 0.998847783 -0.039057057 -3.625824451 -0.964228868 -0.037182577 -0.262450367 -35.352928162
-0.255855590 0.031479646 0.966202259 111.158020020 -0.025212834 0.998912394 -0.039221857 -3.675470829 -0.966386199 -0.034395829 -0.254783630 -35.579982758
-0.249323383 0.032157157 0.967886209 112.016876221 -0.023920560 0.998939097 -0.039350696 -3.722293139 -0.968124807 -0.032963432 -0.248289660 -35.795482635
-0.242894664 0.031039225 0.969555914 112.886291504 -0.030022811 0.998768568 -0.039495792 -3.769037962 -0.969587982 -0.038702115 -0.241663665 -35.994365692
-0.236929432 0.029045327 0.971092582 113.750617981 -0.034906670 0.998653114 -0.038386278 -3.817124605 -0.970899582 -0.042992454 -0.235596433 -36.194023132
-0.232407689 0.029054422 0.972184360 114.627883911 -0.032329693 0.998770535 -0.037577618 -3.866701126 -0.972081065 -0.040163744 -0.231182650 -36.398113251
-0.228063658 0.028977463 0.973214924 115.499023438 -0.030852908 0.998839974 -0.036970533 -3.918663979 -0.973157346 -0.038458146 -0.226905033 -36.592041016
-0.223041177 0.030871145 0.974320054 116.366416931 -0.029360376 0.998832166 -0.038368985 -3.962803125 -0.974366784 -0.037164263 -0.221874326 -36.790023804
-0.217058510 0.030037241 0.975696325 117.233657837 -0.023169713 0.999086261 -0.035911772 -4.007092476 -0.975883603 -0.030401561 -0.216164246 -36.987628937
-0.211341918 0.028849997 0.976986229 118.097770691 -0.016080696 0.999326408 -0.032988273 -4.051673412 -0.977279902 -0.022682426 -0.210735634 -37.183277130
-0.206816837 0.028171750 0.977974057 118.975463867 -0.014683209 0.999383509 -0.031893607 -4.095608234 -0.978269517 -0.020955933 -0.206275687 -37.365352631
-0.202892169 0.029197112 0.978765726 119.853439331 -0.016666440 0.999307573 -0.033264738 -4.147720814 -0.979059219 -0.023061689 -0.202265084 -37.537353516
-0.199251920 0.031078802 0.979455411 120.723182678 -0.018258248 0.999205768 -0.035419796 -4.186893940 -0.979778171 -0.024940601 -0.198526219 -37.709133148
-0.196938589 0.030440168 0.979943156 121.597724915 -0.021076141 0.999155462 -0.035272621 -4.234892368 -0.980189264 -0.027599961 -0.196130708 -37.880496979
-0.196197927 0.029793814 0.980111599 122.473602295 -0.021169584 0.999176621 -0.034611069 -4.273045063 -0.980335772 -0.027539179 -0.195405677 -38.047763824
-0.195684239 0.024875438 0.980351388 123.355682373 -0.020173062 0.999364614 -0.029384552 -4.316271305 -0.980459452 -0.025526784 -0.195058092 -38.214893341
-0.194982588 0.019969219 0.980603337 124.227172852 -0.021636046 0.999461949 -0.024655357 -4.355954647 -0.980568051 -0.026023749 -0.194445610 -38.379924774
-0.193654880 0.017935213 0.980905712 125.087104797 -0.020715004 0.999535263 -0.022365492 -4.396261692 -0.980851054 -0.024650652 -0.193193361 -38.551525116
-0.192342982 0.022477282 0.981070280 125.939735413 -0.020188870 0.999435425 -0.026856162 -4.437589645 -0.981119990 -0.024972294 -0.191780612 -38.715724945
-0.192515224 0.026544252 0.980934858 126.792205811 -0.020086624 0.999318123 -0.030983843 -4.471765041 -0.981088340 -0.025668534 -0.191850752 -38.876235962
-0.192819208 0.025139503 0.980912209 127.650108337 -0.023942726 0.999253511 -0.030316021 -4.512310505 -0.980942130 -0.029331218 -0.192073375 -39.031188965
-0.192122832 0.024162177 0.981073380 128.486251831 -0.025743667 0.999228835 -0.029650671 -4.556623936 -0.981033087 -0.030952998 -0.191352636 -39.186695099
-0.190900400 0.025197705 0.981285930 129.331893921 -0.020391090 0.999352932 -0.029628539 -4.600655556 -0.981397569 -0.025665589 -0.190263063 -39.362556458
-0.189579949 0.027712146 0.981474102 130.165252686 -0.022239545 0.999224067 -0.032509074 -4.638244152 -0.981613338 -0.027990611 -0.188816503 -39.526020050
-0.190346718 0.028663225 0.981298387 130.997543335 -0.030102713 0.998933256 -0.035017483 -4.681675434 -0.981255233 -0.036205206 -0.189280793 -39.666496277
-0.189720556 0.029638838 0.981390655 131.832458496 -0.036165386 0.998655021 -0.037151664 -4.731708050 -0.981171787 -0.042540807 -0.188393503 -39.812088013
-0.189203992 0.033383068 0.981370211 132.655273438 -0.032767102 0.998650730 -0.040288255 -4.776513577 -0.981390953 -0.039779354 -0.187854871 -39.968753815
-0.189154565 0.034379076 0.981345296 133.484619141 -0.031780768 0.998649001 -0.041111022 -4.824672699 -0.981432915 -0.038964242 -0.187806457 -40.121963501
-0.187530875 0.035527702 0.981615961 134.304641724 -0.032712676 0.998565376 -0.042390686 -4.870689869 -0.981713891 -0.040060848 -0.186099648 -40.271980286
-0.185311645 0.035052784 0.982054353 135.128494263 -0.023949068 0.998905659 -0.040173393 -4.917966843 -0.982387900 -0.030963888 -0.184269398 -40.435249329
-0.181602716 0.031829521 0.982856691 135.945465088 -0.017246462 0.999219239 -0.035546049 -4.967511177 -0.983220696 -0.023406060 -0.180911988 -40.596908569
-0.179858327 0.026641421 0.983331621 136.759033203 -0.014036070 0.999461889 -0.029645735 -5.013436794 -0.983592391 -0.019134142 -0.179387584 -40.744323730
-0.176057383 0.026443480 0.984024644 137.572174072 -0.012449069 0.999499381 -0.029086661 -5.052717686 -0.984301209 -0.017371109 -0.175640017 -40.890708923
-0.170994878 0.031341862 0.984773278 138.373184204 -0.011053981 0.999369979 -0.033725828 -5.097943306 -0.985209942 -0.016652606 -0.170540690 -41.032337189
-0.164583787 0.034443416 0.985761523 139.167617798 -0.010571604 0.999271274 -0.036680501 -5.138439655 -0.986306429 -0.016458098 -0.164099708 -41.158840179
-0.156592816 0.035464384 0.987026334 139.966964722 -0.010452821 0.999239624 -0.037561566 -5.173222065 -0.987607896 -0.016199082 -0.156103060 -41.278244019
-0.146988168 0.031092960 0.988649428 140.763732910 -0.009199153 0.999419630 -0.032799371 -5.212181568 -0.989095449 -0.013915856 -0.146616831 -41.392776489
-0.135255188 0.029610939 0.990368247 141.556762695 -0.005681354 0.999513745 -0.030660283 -5.254439354 -0.990794480 -0.009773594 -0.135021195 -41.498699188
-0.121108249 0.032352090 0.992111981 142.345840454 -0.001207380 0.999463201 -0.032739203 -5.291557312 -0.992638588 -0.005162844 -0.121004187 -41.598300934
-0.106931522 0.033593252 0.993698716 143.132553101 -0.001615884 0.999421895 -0.033960614 -5.328566074 -0.994265139 -0.005237163 -0.106815428 -41.677875519
-0.093174055 0.033449829 0.995087802 143.921859741 -0.000865966 0.999432385 -0.033676956 -5.367346764 -0.995649457 -0.003999531 -0.093092203 -41.747119904
-0.079568140 0.035321414 0.996203482 144.702575684 0.000046439 0.999372125 -0.035430055 -5.408427238 -0.996829450 -0.002772840 -0.079519823 -41.805515289
-0.065992422 0.041216448 0.996968508 145.472229004 -0.002956127 0.999134064 -0.041501645 -5.459311008 -0.997815728 -0.005685959 -0.065813437 -41.845272064
-0.053298064 0.050453860 0.997303307 146.236358643 -0.010015960 0.998645544 -0.051057044 -5.503221512 -0.998528361 -0.012710190 -0.052720528 -41.869590759
-0.039660260 0.058290154 0.997511566 146.997329712 -0.014199536 0.998163342 -0.058892809 -5.551113605 -0.999112308 -0.016499907 -0.038759723 -41.885204315
-0.027024029 0.059021413 0.997890890 147.760437012 -0.015130310 0.998117030 -0.059444528 -5.601053715 -0.999520302 -0.016704831 -0.026080130 -41.894329071
-0.014513769 0.055232357 0.998367965 148.536041260 -0.018637188 0.998284817 -0.055498693 -5.654531479 -0.999720991 -0.019412268 -0.013459498 -41.898700714
-0.003886300 0.052736450 0.998600841 149.300445557 -0.022486039 0.998351336 -0.052810781 -5.712100983 -0.999739647 -0.022659814 -0.002694057 -41.887916565
0.004757119 0.059240416 0.998232424 150.058868408 -0.026774732 0.997893393 -0.059092693 -5.771815300 -0.999630153 -0.026446298 0.006333244 -41.869510651
0.011573174 0.067275733 0.997667313 150.805282593 -0.029894840 0.997311473 -0.066904955 -5.824467659 -0.999485970 -0.029050807 0.013553257 -41.850421906
0.014730245 0.069842391 0.997449219 151.563888550 -0.032425117 0.997066200 -0.069336705 -5.880753517 -0.999365628 -0.031321071 0.016951675 -41.831466675
0.014657849 0.065377422 0.997752964 152.317596436 -0.034797721 0.997289062 -0.064835824 -5.939078331 -0.999286830 -0.033769179 0.016893096 -41.812820435
0.013099213 0.061141763 0.998043120 153.075942993 -0.036607575 0.997488916 -0.060627345 -6.005608082 -0.999243915 -0.035741773 0.015304568 -41.798885345
0.009971431 0.058316845 0.998248339 153.836334229 -0.034973446 0.997707486 -0.057935901 -6.057949066 -0.999338508 -0.034334473 0.011988111 -41.788154602
0.007346071 0.058619458 0.998253405 154.580154419 -0.033226382 0.997743428 -0.058345001 -6.109052181 -0.999420941 -0.032739736 0.009277205 -41.784919739
0.003262100 0.058465257 0.998284161 155.322326660 -0.032185841 0.997778356 -0.058330461 -6.165594101 -0.999476612 -0.031940334 0.005136606 -41.776634216
-0.000863847 0.057373703 0.998352408 156.064758301 -0.031363454 0.997860014 -0.057372551 -6.219433784 -0.999507666 -0.031361334 0.000937439 -41.777248383
-0.006050613 0.057646349 0.998318732 156.803192139 -0.032290131 0.997805059 -0.057812396 -6.268076420 -0.999460280 -0.032585640 -0.004175925 -41.779079437
-0.012091511 0.055826019 0.998367310 157.541976929 -0.033435352 0.997859359 -0.056202564 -6.319701195 -0.999367714 -0.034060337 -0.010199064 -41.780521393
-0.017519673 0.053249110 0.998427570 158.290298462 -0.031037508 0.998070598 -0.053774696 -6.378028393 -0.999364614 -0.031930819 -0.015833151 -41.803020477
-0.022841873 0.053228330 0.998321056 159.023590088 -0.031766366 0.998038828 -0.053940095 -6.427154541 -0.999234259 -0.032945119 -0.021106202 -41.818004608
-0.028419740 0.054850794 0.998090029 159.744583130 -0.034177691 0.997856140 -0.055811122 -6.473793507 -0.999011576 -0.035698548 -0.026484139 -41.826419830
-0.032553669 0.056746647 0.997857749 160.469116211 -0.033750821 0.997755051 -0.057841875 -6.533077717 -0.998899937 -0.035561483 -0.030565346 -41.844406128
-0.035230637 0.058811411 0.997647285 161.186676025 -0.033507265 0.997636139 -0.059994027 -6.587847710 -0.998817384 -0.035542052 -0.033176754 -41.867050171
-0.036080230 0.059946988 0.997549295 161.903640747 -0.030410014 0.997671008 -0.061054207 -6.642905235 -0.998886108 -0.032538336 -0.034173213 -41.899497986
-0.035976883 0.058841199 0.997618854 162.631881714 -0.027744170 0.997821450 -0.059853688 -6.694057465 -0.998967469 -0.029831456 -0.034266010 -41.921276093
-0.031308599 0.054905426 0.998000503 163.356781006 -0.024118582 0.998157799 -0.055670712 -6.749536991 -0.999218702 -0.025813332 -0.029926680 -41.952262878
-0.023604870 0.054704491 0.998223424 164.058822632 -0.023373451 0.998198569 -0.055255838 -6.803770542 -0.999448061 -0.024636235 -0.022283714 -41.967071533
-0.012618148 0.055775087 0.998363554 164.755004883 -0.020871319 0.998210847 -0.056030352 -6.852636337 -0.999702454 -0.021544164 -0.011431473 -41.967445374
0.001547900 0.055893291 0.998435497 165.446319580 -0.018971130 0.998258770 -0.055853982 -6.901864052 -0.999818742 -0.018854996 0.002605559 -41.959785461
0.017237229 0.054087508 0.998387337 166.131774902 -0.019194959 0.998369634 -0.053755149 -6.946531773 -0.999667168 -0.018237412 0.018247332 -41.947937012
0.033046689 0.049090602 0.998247504 166.814346313 -0.024110494 0.998541474 -0.048306894 -6.993059158 -0.999162972 -0.022471858 0.034182087 -41.905677795
0.049676102 0.042453863 0.997862697 167.500320435 -0.025293155 0.998829305 -0.041235823 -7.036317348 -0.998445034 -0.023190659 0.050691735 -41.860721588
0.066462263 0.035697449 0.997150123 168.175125122 -0.026232855 0.999076843 -0.034017950 -7.068413734 -0.997444034 -0.023897186 0.067337357 -41.799064636
0.084429890 0.027880145 0.996039331 168.858001709 -0.025069876 0.999351501 -0.025847796 -7.103868008 -0.996114016 -0.022788255 0.085074089 -41.740779877
0.101470962 0.022132292 0.994592369 169.520523071 -0.026879875 0.999448538 -0.019498004 -7.134614468 -0.994475245 -0.024756037 0.102009922 -41.659278870
0.119381994 0.019907355 0.992648840 170.172210693 -0.028324699 0.999460280 -0.016637459 -7.162803650 -0.992444336 -0.026130265 0.119881429 -41.567962646
0.137318417 0.018526291 0.990353703 170.816116333 -0.026726302 0.999530375 -0.014992197 -7.182013035 -0.990166306 -0.024409786 0.137749061 -41.470832825
0.154364347 0.018019034 0.987849712 171.453842163 -0.027584035 0.999522507 -0.013921592 -7.199796200 -0.987628818 -0.025099881 0.154787660 -41.354530334
0.169973433 0.016954418 0.985302806 172.083969116 -0.032765478 0.999396324 -0.011544598 -7.218297958 -0.984903693 -0.030321645 0.170426339 -41.221813202
0.185197219 0.013317268 0.982611120 172.704132080 -0.034392480 0.999383450 -0.007062474 -7.237720013 -0.982099354 -0.032486483 0.185541078 -41.100864410
0.197165012 0.009384829 0.980325401 173.329208374 -0.030991811 0.999514103 -0.003335389 -7.252287388 -0.979880333 -0.029724441 0.197360054 -40.967956543
0.207744867 0.008545984 0.978145719 173.946853638 -0.029027648 0.999575317 -0.002568134 -7.267930984 -0.977752268 -0.027859753 0.207904696 -40.830856323
0.217820704 0.012552720 0.975908041 174.550613403 -0.033578858 0.999421656 -0.005360431 -7.284606934 -0.975410938 -0.031602267 0.218116254 -40.683792114
0.226403639 0.019599229 0.973836362 175.138122559 -0.038591195 0.999193072 -0.011137625 -7.306258678 -0.973268747 -0.035059914 0.226977289 -40.523956299
0.235506132 0.029013926 0.971439600 175.720840454 -0.038336083 0.999053657 -0.020544857 -7.324001789 -0.971116483 -0.032402750 0.236395553 -40.379920959
0.243805334 0.034755636 0.969201207 176.311965942 -0.033323132 0.999067783 -0.027444126 -7.340680599 -0.969251513 -0.025605794 0.244736224 -40.233646393
0.250243217 0.032686226 0.967631042 176.907882690 -0.031969357 0.999163926 -0.025483662 -7.358796120 -0.967655063 -0.024557430 0.251078963 -40.077682495
0.256203234 0.025457310 0.966287613 177.511245728 -0.035042677 0.999240577 -0.017034192 -7.374708176 -0.965987623 -0.029497089 0.256900787 -39.905521393
0.260230154 0.015120082 0.965428233 178.128463745 -0.038749561 0.999235332 -0.005204650 -7.391798973 -0.964768767 -0.036055516 0.260617077 -39.720493317
0.262459457 0.007038959 0.964917421 178.736602783 -0.039254539 0.999223411 0.003388092 -7.411575794 -0.964144230 -0.038766623 0.262531966 -39.551166534
0.263181895 0.006188612 0.964726388 179.338714600 -0.036690220 0.999320269 0.003598737 -7.428773403 -0.964048386 -0.036343142 0.263230026 -39.382366180
0.264430761 0.008425197 0.964367867 179.933013916 -0.032476977 0.999472439 0.000173335 -7.432941914 -0.963857651 -0.031365588 0.264564902 -39.227703094
0.266749978 0.007797002 0.963734210 180.539062500 -0.028955391 0.999580681 -0.000072513 -7.439671993 -0.963330626 -0.027885959 0.266863912 -39.067935944
0.268016428 0.005853023 0.963396549 181.149490356 -0.031223686 0.999508977 0.002613993 -7.439207077 -0.962908208 -0.030781392 0.268067569 -38.885681152
0.270674527 0.002340606 0.962668002 181.756896973 -0.031731017 0.999475360 0.006491752 -7.446916103 -0.962147772 -0.032303590 0.270606816 -38.708484650
0.273441941 -0.003087849 0.961883545 182.356475830 -0.031402204 0.999433160 0.012135336 -7.462031364 -0.961375773 -0.033523582 0.273189992 -38.528739929
0.277746856 -0.005890581 0.960636199 182.979003906 -0.029868891 0.999444902 0.014764486 -7.462306499 -0.960189819 -0.032793935 0.277416706 -38.347755432
0.283516556 -0.008036261 0.958933711 183.587738037 -0.028068854 0.999466956 0.016674731 -7.457802296 -0.958556414 -0.031643733 0.283139855 -38.154731750
0.292101651 -0.011079501 0.956323028 184.213851929 -0.026805999 0.999445140 0.019766783 -7.457778454 -0.956011534 -0.031409107 0.291642576 -37.965450287
0.301864535 -0.013173869 0.953259706 184.823379517 -0.023862353 0.999486864 0.021369101 -7.461452007 -0.953052104 -0.029197600 0.301395297 -37.775203705
0.313298106 -0.011060658 0.949590385 185.440963745 -0.025366617 0.999477923 0.020010937 -7.460830688 -0.949315965 -0.030357283 0.312853932 -37.564739227
0.324695051 -0.007628510 0.945787966 186.053421021 -0.026498972 0.999501586 0.017159015 -7.462350368 -0.945447505 -0.030633857 0.324331045 -37.341060638
0.336274654 -0.004492842 0.941753209 186.661773682 -0.027164895 0.999526262 0.014468311 -7.459605694 -0.941372037 -0.030447952 0.335993350 -37.114158630
0.347968578 -0.004372790 0.937495947 187.279724121 -0.025720935 0.999568224 0.014209104 -7.456324577 -0.937153339 -0.029057594 0.347705871 -36.879524231
0.359895080 -0.007152735 0.932965338 187.918258667 -0.024687249 0.999547541 0.017186403 -7.449649811 -0.932666063 -0.029217651 0.359555662 -36.638076782
