1.000000000 0.000000000 0.000000000 0.000000000 0.000000000 1.000000000 0.000000000 0.000000000 0.000000000 0.000000000 1.000000000 0.000000000
0.999873936 0.001484715 0.015808463 0.010677805 -0.001469908 0.999998450 -0.000948225 -0.003096072 -0.015809847 0.000924869 0.999874592 0.126311973
0.999291897 0.004307664 0.037377764 0.027061224 -0.004295356 0.999990702 -0.000409587 -0.004679485 -0.037379179 0.000248746 0.999301136 0.272487849
0.997895181 0.005989788 0.064570136 0.056303345 -0.006065379 0.999981105 0.000974727 -0.004957524 -0.064563073 -0.001364317 0.997912705 0.436176449
0.995133400 0.005570788 0.098378405 0.103052832 -0.005920900 0.999977112 0.003267254 -0.004487906 -0.098357946 -0.003833843 0.995143712 0.609607816
0.990631938 0.002493129 0.136536121 0.163457066 -0.003240478 0.999980986 0.005251646 -0.005329429 -0.136520445 -0.005644890 0.990621090 0.793291271
0.984346807 -0.000292178 0.176241875 0.236499786 -0.000669152 0.999985337 0.005395145 -0.003711837 -0.176240876 -0.005428627 0.984332085 0.988510430
0.975562215 -0.000585755 0.219722301 0.320096791 -0.000928144 0.999976635 0.006786764 -0.002088323 -0.219721138 -0.006824845 0.975538790 1.191608548
0.963392198 -0.000454736 0.268095195 0.412153095 -0.002211054 0.999951124 0.009641452 0.000849769 -0.268086433 -0.009881272 0.963344157 1.406660318
0.948949337 -0.003934227 0.315403759 0.530014277 -0.001416001 0.999858916 0.016732153 -0.002617961 -0.315425128 -0.016324578 0.948809981 1.619171739
0.931912899 -0.013346882 0.362436563 0.670274675 0.004673314 0.999681592 0.024797466 -0.006453991 -0.362652183 -0.021415299 0.931678534 1.832976341
0.910560787 -0.018321825 0.412968934 0.824583054 0.007023342 0.999558747 0.028860679 -0.003152728 -0.413315564 -0.023378974 0.910287678 2.052301168
0.885022581 -0.019665807 0.465132624 0.992996931 0.004993948 0.999450922 0.032754648 0.002049059 -0.465521425 -0.026665755 0.884634793 2.285638809
0.856818557 -0.022161141 0.515141726 1.182502866 0.003341198 0.999293566 0.037431810 0.004062273 -0.515607357 -0.030351080 0.856287241 2.499019623
0.824331284 -0.026316322 0.565495610 1.365685344 0.003473983 0.999135256 0.041432418 0.009975441 -0.566097081 -0.032189518 0.823709965 2.698020935
0.788173616 -0.031891525 0.614626229 1.596232176 0.005464101 0.998979867 0.044827770 0.011660039 -0.615428865 -0.031973690 0.787543654 2.908612728
0.749689758 -0.035511971 0.660835981 1.838049173 0.005618251 0.998864770 0.047303285 0.019371048 -0.661765635 -0.031750046 0.749038160 3.127068996
0.709417582 -0.038366444 0.703743398 2.108277798 0.006353647 0.998824775 0.048048705 0.034871504 -0.704759955 -0.029615255 0.708827555 3.336369991
0.666998923 -0.040063977 0.743980706 2.409734011 0.005238146 0.998780608 0.049089029 0.050900817 -0.745040238 -0.028845251 0.666395545 3.561113834
0.623950839 -0.040025439 0.780437887 2.740593910 0.000186299 0.998695016 0.051070005 0.068445608 -0.781463563 -0.031719781 0.623144031 3.786792278
0.582143426 -0.040678103 0.812067866 3.083583832 -0.003108734 0.998629034 0.052251872 0.080567911 -0.813080132 -0.032942589 0.581218839 3.993348122
0.541483521 -0.041894574 0.839666784 3.459117651 -0.004839900 0.998585701 0.052944865 0.101078048 -0.840697289 -0.032732680 0.540514946 4.198470116
0.502667606 -0.043977812 0.863360465 3.868406057 -0.006779694 0.998474002 0.054807499 0.116721734 -0.864453197 -0.033403277 0.501602292 4.404779434
0.465499759 -0.043592438 0.883973897 4.294695377 -0.009684489 0.998475611 0.054338850 0.135667294 -0.884995043 -0.033855554 0.464368016 4.605407238
0.429029822 -0.042714495 0.902279794 4.753813267 -0.010834631 0.998566091 0.052424572 0.158321157 -0.903225362 -0.032267570 0.427951813 4.794852257
0.395153284 -0.041357182 0.917683780 5.247098923 -0.009684204 0.998742938 0.049180269 0.180195332 -0.918564260 -0.028320778 0.394255996 4.981245041
0.365830779 -0.039687183 0.929834783 5.760164261 -0.007183351 0.998940170 0.045462929 0.199416608 -0.930653691 -0.023311067 0.365157992 5.156250000
0.340676785 -0.037737824 0.939422727 6.306755543 -0.006022650 0.999085963 0.042318653 0.224045396 -0.940161169 -0.020074796 0.340138167 5.330297470
0.320347399 -0.037368704 0.946562767 6.882254124 -0.004684409 0.999146879 0.041029997 0.246750206 -0.947288573 -0.017577941 0.319899052 5.510532379
0.305384338 -0.037799668 0.951478541 7.484903336 -0.003868551 0.999154329 0.040935330 0.269404054 -0.952221334 -0.016181855 0.304979831 5.705887794
0.293849409 -0.039063741 0.955053031 8.110280991 -0.003066659 0.999120891 0.041809753 0.295685083 -0.955846906 -0.015214595 0.293471247 5.888398170
0.282885879 -0.040496588 0.958298266 8.775111198 -0.004697335 0.999037743 0.043604828 0.325965434 -0.959142089 -0.016836638 0.282423466 6.084132671
0.272371083 -0.042581216 0.961249650 9.448108673 -0.005963188 0.998926342 0.045939893 0.344797581 -0.962173820 -0.018244812 0.271824747 6.275568962
0.262466460 -0.044389889 0.963919520 10.152189255 -0.006833894 0.998830676 0.047858406 0.372275889 -0.964916885 -0.019148547 0.261856198 6.463104248
0.252666295 -0.046154566 0.966452003 10.866334915 -0.007709181 0.998733878 0.049711701 0.403901547 -0.967522800 -0.020011023 0.251990527 6.639719963
0.241748214 -0.047351602 0.969182968 11.614474297 -0.008142462 0.998674452 0.050823495 0.439428896 -0.970304966 -0.020178022 0.241042212 6.832661629
0.231384560 -0.048521105 0.971651673 12.375099182 -0.008045069 0.998625875 0.051783934 0.474436969 -0.972829103 -0.019799005 0.230676249 7.011015892
0.221316919 -0.051618405 0.973834872 13.160096169 -0.009385203 0.998439133 0.055055477 0.507540762 -0.975156784 -0.021324346 0.220487028 7.186122894
0.209755540 -0.055117134 0.976199031 13.954871178 -0.011117693 0.998210907 0.058748789 0.539942861 -0.977690637 -0.023175968 0.208767474 7.361112595
0.197527140 -0.058876630 0.978527665 14.752027512 -0.012258589 0.997968316 0.062520891 0.575544238 -0.980220735 -0.024344942 0.196404099 7.520916462
0.184328467 -0.060978685 0.980971217 15.552219391 -0.013228192 0.997829258 0.064512238 0.614216566 -0.982775688 -0.024867918 0.183121711 7.673631191
0.170126081 -0.061501261 0.983501375 16.373060226 -0.013369618 0.997814596 0.064709000 0.657107949 -0.985331595 -0.024157720 0.168932021 7.819462299
0.155360132 -0.060289931 0.986016393 17.185335159 -0.014594094 0.997886837 0.063315250 0.697552502 -0.987750113 -0.024226682 0.154151946 7.948990822
0.139684886 -0.059432711 0.988410771 18.005643845 -0.015430029 0.997945249 0.062186632 0.730927169 -0.990075767 -0.023937739 0.138480812 8.051849365
0.119210869 -0.058001064 0.991173387 18.823947906 -0.018076841 0.997999907 0.060574684 0.763645589 -0.992704451 -0.025138440 0.117923930 8.146286011
0.093098342 -0.056499504 0.994052589 19.632007599 -0.022271011 0.998020709 0.058810838 0.800303996 -0.995407760 -0.027613750 0.091655761 8.234074593
0.062698916 -0.056105617 0.996454358 20.470773697 -0.026210666 0.997981727 0.057840846 0.835918844 -0.997688174 -0.029744294 0.061101809 8.282604218
0.029465809 -0.055729907 0.998010993 21.315528870 -0.028842356 0.997981369 0.056579802 0.869003236 -0.999149561 -0.030452160 0.027798958 8.300396919
-0.004740022 -0.055642970 0.998439550 22.160196304 -0.030513819 0.997993767 0.055473275 0.893394291 -0.999523103 -0.030203255 -0.006428391 8.286684036
-0.039582513 -0.054421190 0.997733235 23.000951767 -0.031184774 0.998096645 0.053203829 0.923524976 -0.998729587 -0.029008143 -0.041204274 8.256154060
-0.072258130 -0.052113075 0.996023595 23.857624054 -0.033813234 0.998188019 0.049773283 0.952223420 -0.996812642 -0.030082246 -0.073889315 8.191595078
-0.105167814 -0.049396873 0.993226945 24.707256317 -0.035958875 0.998301268 0.045841739 0.976189435 -0.993804216 -0.030894244 -0.106765419 8.101389885
-0.137378871 -0.044754282 0.989507020 25.542955399 -0.032686420 0.998639524 0.040629294 0.994511127 -0.989979148 -0.026761834 -0.138654858 7.970691204
-0.168770462 -0.038836546 0.984889984 26.372360229 -0.027778568 0.999013960 0.034633361 1.009064913 -0.985263824 -0.021513743 -0.169682860 7.809965611
-0.198880270 -0.032048408 0.979499638 27.193964005 -0.020755403 0.999378741 0.028484598 1.024946928 -0.979803979 -0.014664885 -0.199421912 7.627681732
-0.227656037 -0.026314652 0.973385990 28.019956589 -0.014624526 0.999614418 0.023603329 1.031722307 -0.973631740 -0.008861866 -0.227953091 7.414499760
-0.255190939 -0.020104570 0.966681719 28.839462280 -0.005773067 0.999797642 0.019269291 1.034743547 -0.966873407 -0.000663367 -0.255255371 7.174809933
-0.281220406 -0.010010720 0.959590971 29.617876053 0.000722256 0.999943197 0.010643352 1.017346025 -0.959642947 0.003686198 -0.281197160 6.927260399
-0.306945562 0.005926355 0.951708615 30.410205841 0.005491628 0.999974966 -0.004455750 1.006881356 -0.951711237 0.003858759 -0.306970417 6.661803246
-0.331308842 0.022608595 0.943251431 31.186103821 0.005739166 0.999742627 -0.021946790 0.983602643 -0.943504810 -0.001857688 -0.331353366 6.378279686
-0.356631190 0.037540801 0.933490634 31.954792023 0.006435843 0.999267340 -0.037727289 0.950967073 -0.934222937 -0.007446932 -0.356611550 6.078873634
-0.380831897 0.047980547 0.923398554 32.710487366 0.010000708 0.998808146 -0.047774352 0.909004211 -0.924590170 -0.008959360 -0.380857855 5.752239227
-0.404133379 0.052303005 0.913203478 33.463478088 0.012993822 0.998591363 -0.051443182 0.859656811 -0.914607763 -0.008923903 -0.404243648 5.416269302
-0.426868409 0.051937673 0.902821004 34.215778351 0.016812632 0.998632610 -0.049500257 0.803515911 -0.904157400 -0.005951296 -0.427157879 5.052252769
-0.446754754 0.047539916 0.893392503 34.950851440 0.020445630 0.998868942 -0.042928468 0.746344566 -0.894422829 -0.000912525 -0.447221428 4.666349411
-0.464817643 0.046549805 0.884181976 35.677940369 0.028629214 0.998885095 -0.037538137 0.695710421 -0.884943545 0.007865044 -0.465632081 4.269618034
-0.478224903 0.046786737 0.876990259 36.387138367 0.030410860 0.998863280 -0.036705449 0.649208307 -0.877710700 0.009116567 -0.479104191 3.873102188
-0.489025027 0.051198855 0.870765865 37.083660126 0.034698091 0.998627543 -0.039230235 0.603463054 -0.871579349 0.011029344 -0.490130424 3.466279030
-0.499076158 0.053384263 0.864912152 37.775337219 0.034772646 0.998530447 -0.041566767 0.559818149 -0.865860224 0.009330301 -0.500199199 3.064907074
-0.509834468 0.052770786 0.858652353 38.462455750 0.028922450 0.998604000 -0.044198848 0.509015322 -0.859786153 0.002300235 -0.510649025 2.663219452
-0.521053731 0.051185295 0.851987720 39.165092468 0.028040482 0.998687923 -0.042849842 0.458662987 -0.853063166 0.001563075 -0.521805346 2.239679337
-0.529554665 0.052384458 0.846656799 39.841537476 0.030000167 0.998623490 -0.043022901 0.413654685 -0.847745180 0.002616870 -0.530397296 1.807039261
-0.536763370 0.055533413 0.841903329 40.519042969 0.033220582 0.998448908 -0.044679336 0.364627004 -0.843078554 0.003986288 -0.537775576 1.370271683
-0.540166497 0.058388982 0.839530230 41.211078644 0.034655049 0.998287320 -0.047132887 0.317317605 -0.840844333 0.003634356 -0.541264892 0.921112061
-0.539990485 0.060546178 0.839490592 41.913017273 0.034191236 0.998163998 -0.049997069 0.270259738 -0.840976357 0.001705280 -0.541069210 0.473073959
-0.536458552 0.060855284 0.841729641 42.638435364 0.036192477 0.998138070 -0.049096771 0.223543763 -0.843150318 0.004125899 -0.537662089 0.005821228
-0.530753314 0.059726447 0.845419228 43.372489929 0.034800015 0.998208284 -0.048673149 0.164622903 -0.846811652 0.003587163 -0.531880856 -0.447490692
-0.524141550 0.058100510 0.849646866 44.116630554 0.032214630 0.998308659 -0.048393302 0.116417527 -0.851021588 0.002006123 -0.525126934 -0.886737823
-0.516892791 0.057619151 0.854108810 44.887786865 0.030676370 0.998338163 -0.048784178 0.064236999 -0.855500281 0.000984770 -0.517801404 -1.349718094
-0.511097848 0.056092564 0.857690334 45.677101135 0.027621364 0.998424768 -0.048836958 0.009675980 -0.859078646 -0.001269884 -0.511842012 -1.802593231
-0.506321132 0.053895552 0.860659182 46.480720520 0.023380391 0.998536050 -0.048775017 -0.042778015 -0.862028003 -0.004573273 -0.506839991 -2.274496078
-0.504985452 0.051152699 0.861610830 47.305843353 0.019193577 0.998660982 -0.048039950 -0.097454667 -0.862914324 -0.007722079 -0.505291045 -2.746648788
-0.505503654 0.048607059 0.861454129 48.139450073 0.016263114 0.998771310 -0.046811860 -0.156093836 -0.862671196 -0.009653641 -0.505673170 -3.222929001
-0.506455421 0.047473654 0.860958278 48.983238220 0.015184510 0.998819411 -0.046143156 -0.214281082 -0.862132430 -0.010296222 -0.506578445 -3.712062836
-0.506928384 0.046825718 0.860715389 49.848377228 0.014803937 0.998849094 -0.045621701 -0.266219854 -0.861861050 -0.010384958 -0.507038176 -4.217161179
-0.507235587 0.046439216 0.860555410 50.716342926 0.014999968 0.998871624 -0.045061946 -0.322631240 -0.861676812 -0.009948718 -0.507359862 -4.724449158
-0.507253408 0.045298755 0.860605538 51.592384338 0.014668016 0.998926759 -0.043933868 -0.379843235 -0.861672163 -0.009662237 -0.507373571 -5.235664368
-0.507251263 0.045164645 0.860613883 52.478614807 0.014723688 0.998934150 -0.043745399 -0.439127326 -0.861672401 -0.009518497 -0.507375658 -5.754919052
-0.507464170 0.043661684 0.860566020 53.376178741 0.012413586 0.998982191 -0.043364249 -0.494415522 -0.861583531 -0.011323088 -0.507489562 -6.280141830
-0.507667601 0.042649686 0.860496819 54.253299713 0.011694410 0.999023020 -0.042616252 -0.556651354 -0.861473620 -0.011571893 -0.507670283 -6.784246445
-0.507256627 0.041849688 0.860778332 55.145195007 0.010728299 0.999049425 -0.042250026 -0.619779348 -0.861728311 -0.012196915 -0.507223368 -7.300760269
-0.505851448 0.040430252 0.861672640 56.027011871 0.010209803 0.999111652 -0.040885244 -0.676811457 -0.862560213 -0.011884345 -0.505814850 -7.821182251
-0.503523588 0.038435515 0.863126099 56.911384583 0.010379519 0.999206960 -0.038440153 -0.735388398 -0.863919139 -0.010396694 -0.503523231 -8.337066650
-0.501169205 0.036769025 0.864567757 57.796440125 0.011061649 0.999287367 -0.036086321 -0.798685431 -0.865278542 -0.008521809 -0.501218855 -8.844074249
-0.498742700 0.036665220 0.865974247 58.682624817 0.011312623 0.999295115 -0.035794698 -0.852252603 -0.866676331 -0.008055904 -0.498805881 -9.349241257
-0.496766269 0.036474153 0.867117643 59.567863464 0.011299636 0.999303520 -0.035560887 -0.912456870 -0.867810726 -0.007867338 -0.496832490 -9.851312637
-0.495632201 0.037438519 0.867725253 60.457321167 0.011354346 0.999264359 -0.036628414 -0.962906122 -0.868458331 -0.008301772 -0.495692670 -10.363464355
-0.496460497 0.038884003 0.867188036 61.332283020 0.011102621 0.999198973 -0.038447075 -1.019674659 -0.867988348 -0.009459397 -0.496494472 -10.858964920
-0.499547482 0.040477343 0.865340292 62.204521179 0.009484859 0.999103487 -0.041258812 -1.079661131 -0.866234541 -0.012403106 -0.499483585 -11.352891922
-0.503820002 0.041142691 0.862828314 63.077800751 0.008159772 0.999047160 -0.042873461 -1.134346604 -0.863770127 -0.014560026 -0.503675699 -11.861778259
-0.509434462 0.039741557 0.859591424 63.940166473 0.009805162 0.999136150 -0.040382147 -1.194543839 -0.860453546 -0.012143623 -0.509384036 -12.368310928
-0.514701545 0.037414286 0.856552720 64.796958923 0.010993468 0.999253213 -0.037041500 -1.253580689 -0.857298911 -0.009648833 -0.514728487 -12.884922028
-0.520268500 0.034876686 0.853290319 65.663063049 0.008158930 0.999323070 -0.035870854 -1.309998989 -0.853963792 -0.011700537 -0.520200908 -13.395475388
-0.525632560 0.038121238 0.849857211 66.510467529 0.010787056 0.999213755 -0.038149048 -1.368289948 -0.850643277 -0.010884926 -0.525630653 -13.911779404
-0.530468166 0.039891422 0.846765816 67.347023010 0.010660176 0.999127090 -0.040391013 -1.417652249 -0.847637832 -0.012399470 -0.530430198 -14.432909012
-0.535352707 0.040692616 0.843647778 68.173721313 0.009316848 0.999062538 -0.042276729 -1.475279808 -0.844577253 -0.014772819 -0.535229802 -14.945522308
-0.538752556 0.040925957 0.841469347 68.983383179 0.008404440 0.999030650 -0.043208200 -1.534110427 -0.842421949 -0.016206449 -0.538574398 -15.468320847
-0.542214394 0.040629480 0.839257181 69.800300598 0.009763096 0.999067426 -0.042058494 -1.589881301 -0.840183437 -0.014610974 -0.542105436 -15.989431381
-0.544040501 0.033627532 0.838384807 70.618240356 0.010279048 0.999388754 -0.033415157 -1.637581229 -0.838995934 -0.009561399 -0.544053555 -16.526700974
-0.546585381 0.024139641 0.837055326 71.437103271 0.008662457 0.999693930 -0.023173478 -1.695292830 -0.837358475 -0.005415330 -0.546627283 -17.056304932
-0.548409939 0.023032982 0.835892320 72.251892090 0.009795511 0.999728918 -0.021120882 -1.734689713 -0.836152315 -0.003394908 -0.548486829 -17.584695816
-0.548977613 0.027598461 0.835381210 73.039382935 0.010375174 0.999602675 -0.026205709 -1.780941844 -0.835772634 -0.005719123 -0.549045920 -18.104261398
-0.550644934 0.033804134 0.834054828 73.837402344 0.011921893 0.999396205 -0.032634538 -1.825394034 -0.834654510 -0.008026530 -0.550715446 -18.616950989
-0.550675094 0.037732318 0.833866298 74.620254517 0.017821426 0.999281526 -0.033448271 -1.869618058 -0.834529400 -0.003558443 -0.550951838 -19.151321411
-0.550403953 0.039193194 0.833978057 75.409667969 0.021491583 0.999231696 -0.032775477 -1.919578075 -0.834621847 -0.000116240 -0.550823390 -19.684530258
-0.550067484 0.035915732 0.834347546 76.212326050 0.019682514 0.999354780 -0.030042460 -1.958163023 -0.834888160 -0.000103321 -0.550419509 -20.205070496
-0.549472034 0.030891929 0.834940851 77.005317688 0.017679887 0.999522328 -0.025346193 -1.994627833 -0.835325062 0.000834642 -0.549755752 -20.724481583
-0.549274325 0.023921065 0.835299671 77.802574158 0.014720461 0.999712050 -0.018949613 -2.037370443 -0.835512459 0.001887459 -0.549468279 -21.227863312
-0.549169540 0.018297665 0.835510492 78.601974487 0.006113236 0.999821484 -0.017877925 -2.071839809 -0.835688531 -0.004710341 -0.549183428 -21.725242615
-0.547348201 0.013490779 0.836796165 79.400497437 -0.001098325 0.999857724 -0.016838059 -2.099418879 -0.836904287 -0.010135356 -0.547255456 -22.234670639
-0.545542538 0.014230952 0.837962270 80.190093994 0.001721780 0.999872744 -0.015859708 -2.130659580 -0.838081419 -0.007209361 -0.545497715 -22.740318298
-0.541988969 0.017508226 0.840203285 80.979110718 0.006391159 0.999839902 -0.016712015 -2.168564081 -0.840361238 -0.003687854 -0.542014003 -23.263549805
-0.536492169 0.020761441 0.843649864 81.768844604 0.008274416 0.999778748 -0.019341776 -2.195919037 -0.843864620 -0.003396003 -0.536545277 -23.767763138
-0.528852284 0.022772187 0.848408401 82.557746887 0.013201809 0.999739766 -0.018604785 -2.230938435 -0.848611116 0.001361342 -0.529015243 -24.259866714
-0.520182967 0.026623957 0.853639781 83.360168457 0.020809768 0.999612331 -0.018495800 -2.264857769 -0.853801310 0.008142843 -0.520535350 -24.768758774
-0.511137486 0.025694394 0.859114826 84.158668518 0.018423541 0.999650955 -0.018936306 -2.295215130 -0.859301507 0.006148883 -0.511432469 -25.223535538
-0.500407040 0.023546940 0.865470052 84.967559814 0.016336709 0.999708891 -0.017753450 -2.323829174 -0.865636110 0.005254980 -0.500646114 -25.680332184
-0.488786638 0.020105472 0.872171700 85.772621155 0.016564347 0.999768078 -0.013763782 -2.358288288 -0.872246146 0.007719400 -0.489006281 -26.123958588
-0.477413446 0.019448811 0.878463566 86.583473206 0.015559933 0.999785423 -0.013678558 -2.382974148 -0.878540993 0.007138505 -0.477613688 -26.565177917
-0.466225952 0.018421881 0.884473860 87.425117493 0.016009657 0.999795139 -0.012384752 -2.410491943 -0.884520829 0.008386029 -0.466425359 -26.994047165
-0.454330027 0.019484084 0.890620351 88.243560791 0.017018791 0.999768138 -0.013190155 -2.437166452 -0.890670955 0.009164598 -0.454556286 -27.407234192
-0.441942126 0.023327500 0.896740258 89.064353943 0.016838763 0.999701381 -0.017707219 -2.473639011 -0.896885455 0.007274430 -0.442202985 -27.812297821
-0.430750161 0.032520570 0.901885152 89.883735657 0.019294228 0.999453962 -0.026823618 -2.505552053 -0.902264893 0.005846899 -0.431142390 -28.197444916
-0.417396843 0.036600567 0.907986939 90.726150513 0.018024158 0.999325454 -0.031996772 -2.542649269 -0.908545554 0.003010350 -0.417774916 -28.598037720
-0.405953288 0.033092938 0.913294494 91.568290710 0.016109807 0.999448001 -0.029053990 -2.583304644 -0.913751841 0.002918434 -0.406262308 -28.963548660
-0.394707948 0.029432677 0.918335080 92.419006348 0.014923551 0.999560237 -0.025621686 -2.628041267 -0.918685377 0.003591738 -0.394973695 -29.316749573
-0.384684205 0.029587951 0.922573924 93.270431519 0.011238500 0.999562144 -0.027370952 -2.672164440 -0.922979832 -0.000160828 -0.384848297 -29.668773651
-0.377792299 0.034126345 0.925261259 94.122543335 0.005671758 0.999387085 -0.034544501 -2.712900877 -0.925872982 -0.007802786 -0.377754331 -30.004291534
-0.372819901 0.039243039 0.927073538 94.964172363 0.000481823 0.999113321 -0.042098731 -2.757596970 -0.927903593 -0.015248559 -0.372508228 -30.328624725
-0.369758695 0.041441478 0.928203166 95.807907104 -0.002024939 0.998966515 -0.045407519 -2.809129477 -0.929125607 -0.018669378 -0.369292706 -30.650419235
-0.365901321 0.041235808 0.929739714 96.647499084 -0.003188992 0.998956442 -0.045560755 -2.864608526 -0.930648208 -0.019635672 -0.365388006 -30.975349426
-0.360970676 0.041098725 0.931671143 97.487930298 -0.004402887 0.998942196 -0.045772124 -2.918473959 -0.932566702 -0.020624438 -0.360407919 -31.290443420
-0.355256885 0.036279339 0.934064567 98.345970154 -0.008936916 0.999069095 -0.042203158 -2.971234322 -0.934726119 -0.023340615 -0.354601890 -31.615505219
-0.350091487 0.032553121 0.936149657 99.185050964 -0.008865198 0.999236047 -0.038062163 -3.023034096 -0.936673641 -0.021624390 -0.349535406 -31.919481277
-0.344343424 0.029781841 0.938371301 100.038383484 -0.010756127 0.999305964 -0.035662834 -3.072447777 -0.938782096 -0.022373501 -0.343784064 -32.224399567
-0.338738412 0.027836801 0.940468669 100.886489868 -0.019152516 0.999151170 -0.036472090 -3.120849371 -0.940685570 -0.030366842 -0.337917686 -32.508087158
-0.332698941 0.028254289 0.942609847 101.740455627 -0.026136028 0.998890758 -0.039166138 -3.166790009 -0.942670941 -0.037666600 -0.331591487 -32.790893555
-0.325771332 0.032132994 0.944902420 102.588142395 -0.023643529 0.998832822 -0.042118508 -3.222362041 -0.945152938 -0.036061823 -0.324631304 -33.081497192
-0.318778753 0.035558108 0.947161973 103.429855347 -0.022209181 0.998741448 -0.044969268 -3.270211220 -0.947568953 -0.035370938 -0.317587852 -33.358966827
-0.312467307 0.033519700 0.949337006 104.280288696 -0.023758702 0.998788834 -0.043085773 -3.321285486 -0.949631393 -0.036017910 -0.311292470 -33.629348755
-0.305617064 0.028889593 0.951716125 105.135467529 -0.024174403 0.998981953 -0.038087297 -3.369580030 -0.951847494 -0.034647301 -0.304607600 -33.895107269
-0.298586041 0.026247177 0.954021752 105.995925903 -0.025153041 0.999058068 -0.035358530 -3.421405315 -0.954051197 -0.034554109 -0.297644615 -34.157020569
-0.292096883 0.029535627 0.955932558 106.851959229 -0.027307263 0.998858094 -0.039205968 -3.465421677 -0.955998719 -0.037555847 -0.290956795 -34.407249451
-0.285689324 0.032185365 0.957781672 107.707031250 -0.026832450 0.998775363 -0.041566562 -3.517299652 -0.957946718 -0.037574749 -0.284475803 -34.655822754
-0.279082388 0.032471098 0.959717989 108.563354492 -0.028816737 0.998694837 -0.042169638 -3.567528486 -0.959834695 -0.039424744 -0.277782351 -34.892181396
-0.272136509 0.032064226 0.961724401 109.426986694 -0.029482070 0.998697579 -0.041639391 -3.620121717 -0.961806893 -0.039685216 -0.270836800 -35.133426666
-0.263807654 0.031849459 0.964049459 110.285537720 -0.025506191 0.998874903 -0.039979652 -3.671721935 -0.964237988 -0.035136171 -0.262698531 -35.370483398
-0.256205529 0.033131924 0.966054320 111.141983032 -0.022660200 0.998931885 -0.040269159 -3.721543312 -0.966356635 -0.032208171 -0.255181134 -35.597202301
-0.249478817 0.033765044 0.967791378 111.997505188 -0.021119585 0.998964429 -0.040296871 -3.770364761 -0.968149841 -0.030492572 -0.248507351 -35.813575745
-0.242942423 0.032593109 0.969492972 112.865753174 -0.027107950 0.998816907 -0.040371846 -3.818521261 -0.969661832 -0.036089007 -0.241771474 -36.013870239
-0.237142965 0.030635104 0.970991611 113.735008240 -0.032074183 0.998710752 -0.039343059 -3.867036819 -0.970945120 -0.040473688 -0.235854656 -36.213329315
-0.232734710 0.030618394 0.972058237 114.612838745 -0.029660668 0.998815894 -0.038562719 -3.916807175 -0.972087801 -0.037806772 -0.231550977 -36.416088104
-0.228472978 0.030787952 0.973063350 115.478355408 -0.028101146 0.998874843 -0.038202718 -3.967761040 -0.973144531 -0.036072489 -0.227350742 -36.608200073
-0.223108441 0.032684721 0.974245489 116.347404480 -0.026663646 0.998859167 -0.039616618 -4.014337063 -0.974428833 -0.034815744 -0.221982390 -36.813449860
-0.217102811 0.031249788 0.975648403 117.205215454 -0.020435246 0.999122918 -0.036548954 -4.068781853 -0.975934803 -0.027872492 -0.216273800 -37.004669189
-0.211881235 0.030246126 0.976827264 118.081939697 -0.013410678 0.999336839 -0.033851985 -4.111348152 -0.977203429 -0.020272512 -0.211335123 -37.201225281
-0.206584334 0.029686444 0.977978289 118.955841064 -0.011553237 0.999395847 -0.032777026 -4.158349991 -0.978360474 -0.018070035 -0.206116557 -37.387294769
-0.202818424 0.030951196 0.978727102 119.824378967 -0.013520367 0.999316514 -0.034404092 -4.202850819 -0.979122996 -0.020210532 -0.202261344 -37.554626465
-0.199177504 0.032815233 0.979413867 120.706985474 -0.015305012 0.999213219 -0.036591098 -4.246843815 -0.979844034 -0.022278067 -0.198518544 -37.730724335
-0.197312266 0.032303419 0.979808390 121.576766968 -0.018167604 0.999164820 -0.036600154 -4.291038036 -0.980172396 -0.025022430 -0.196560621 -37.897331238
-0.196879447 0.031063925 0.979935467 122.448951721 -0.018293122 0.999207556 -0.035350133 -4.336400509 -0.980257034 -0.024885796 -0.196155176 -38.056274414
-0.195788518 0.026300190 0.980293453 123.326385498 -0.017058246 0.999397635 -0.030219689 -4.383288860 -0.980497777 -0.022638757 -0.195221975 -38.230796814
-0.195037171 0.021442777 0.980561554 124.196594238 -0.018540924 0.999501705 -0.025544820 -4.422240734 -0.980620503 -0.023162706 -0.194542468 -38.397480011
-0.194096044 0.019530464 0.980788171 125.064773560 -0.018049145 0.999561489 -0.023476187 -4.462047577 -0.980816424 -0.022259023 -0.193658441 -38.566490173
-0.192715570 0.023950355 0.980962336 125.916069031 -0.018146876 0.999444067 -0.027966643 -4.504289627 -0.981086850 -0.023191011 -0.192173809 -38.732124329
-0.192708611 0.027628003 0.980867088 126.799186707 -0.017913746 0.999337852 -0.031667747 -4.545638561 -0.981092453 -0.023673652 -0.192086115 -38.902473450
-0.192698985 0.026960386 0.980887473 127.630355835 -0.020874877 0.999283612 -0.031566963 -4.582571983 -0.981035829 -0.026558829 -0.191998154 -39.055866241
-0.192805246 0.025435176 0.980907381 128.482116699 -0.023049382 0.999270737 -0.030441886 -4.630366802 -0.980966330 -0.028478663 -0.192078367 -39.208469391
-0.191465005 0.027061909 0.981126249 129.321151733 -0.018211076 0.999349833 -0.031118415 -4.670019627 -0.981330335 -0.023825454 -0.190847695 -39.381050110
-0.190389216 0.028878305 0.981283784 130.175018311 -0.020661976 0.999228001 -0.033415228 -4.712634087 -0.981491208 -0.026637165 -0.189645544 -39.546550751
-0.190595955 0.030330241 0.981199920 131.009567261 -0.027041238 0.998981059 -0.036132585 -4.757839680 -0.981296062 -0.033419583 -0.189581588 -39.691871643
-0.189780518 0.031288594 0.981327891 131.845062256 -0.033086333 0.998720527 -0.038241759 -4.806106091 -0.981268942 -0.039726075 -0.188502476 -39.841728210
-0.189565748 0.035477549 0.981226802 132.669433594 -0.029053610 0.998706698 -0.041722495 -4.851974964 -0.981438160 -0.036417335 -0.188289806 -39.996379852
-0.189213991 0.036546495 0.981255531 133.490173340 -0.027496740 0.998718083 -0.042499039 -4.903070450 -0.981550813 -0.035022743 -0.187966555 -40.150619507
-0.187489361 0.037426006 0.981553435 134.311447144 -0.028856615 0.998632729 -0.043589212 -4.950179100 -0.981842697 -0.036496822 -0.186153024 -40.302070618
-0.185356542 0.036969177 0.981975615 135.139541626 -0.019707609 0.998951256 -0.041328255 -4.999890804 -0.982473791 -0.027012857 -0.184433579 -40.464469910
-0.181548476 0.033704489 0.982804179 135.958160400 -0.013351287 0.999235868 -0.036734313 -5.050423145 -0.983291328 -0.019790759 -0.180959761 -40.626762390
-0.179543644 0.028569084 0.983335078 136.773757935 -0.009968934 0.999473989 -0.030858161 -5.097518921 -0.983699441 -0.015343187 -0.179164410 -40.777420044
-0.175873592 0.028473813 0.984000862 137.584060669 -0.007701858 0.999511123 -0.030299203 -5.138164520 -0.984382629 -0.012907467 -0.175568357 -40.922183990
-0.170760572 0.033471603 0.984743834 138.384490967 -0.006678096 0.999360442 -0.035126448 -5.183340073 -0.985289931 -0.012574427 -0.170427844 -41.063571930
-0.164247170 0.036500309 0.985743642 139.182357788 -0.006176642 0.999257624 -0.038029876 -5.225558758 -0.986399829 -0.012334884 -0.163899809 -41.193130493
-0.156152114 0.037548210 0.987019062 139.980834961 -0.005967170 0.999223053 -0.038956519 -5.261358738 -0.987715065 -0.011972852 -0.155806735 -41.312591553
-0.146740690 0.033090763 0.988621294 140.782119751 -0.004949692 0.999403238 -0.034186322 -5.301779270 -0.989162624 -0.009909894 -0.146489307 -41.426620483
-0.134826705 0.031452596 0.990369916 141.574890137 -0.001352007 0.999489367 -0.031926278 -5.345879555 -0.990868211 -0.005643502 -0.134715334 -41.533454895
-0.120893382 0.034128010 0.992078662 142.366333008 0.002678338 0.999416351 -0.034054060 -5.384919643 -0.992661893 -0.001459788 -0.120914236 -41.631828308
-0.106696218 0.035183206 0.993669033 143.153213501 0.002021011 0.999379396 -0.035168383 -5.423856258 -0.994289637 -0.001744118 -0.106701106 -41.711875916
-0.092793301 0.035292279 0.995059848 143.938674927 0.003097428 0.999377131 -0.035156555 -5.463131905 -0.995680571 -0.000180166 -0.092844799 -41.781673431
-0.079384774 0.036998600 0.996157289 144.719528198 0.003976826 0.999314785 -0.036798961 -5.506265163 -0.996836185 0.001040266 -0.079477526 -41.838230133
-0.065757222 0.042992476 0.996909022 145.490310669 0.000997747 0.999073684 -0.043020017 -5.557844639 -0.997835159 -0.001834214 -0.065739207 -41.878974915
-0.053024922 0.052277610 0.997223794 146.254791260 -0.006064831 0.998593450 -0.052671891 -5.602760315 -0.998574734 -0.008840916 -0.052633271 -41.903930664
-0.039445709 0.060132839 0.997410655 147.020599365 -0.010297277 0.998110116 -0.060582239 -5.651890755 -0.999168634 -0.012660324 -0.038751956 -41.917751312
-0.026391521 0.060842697 0.997798443 147.785766602 -0.011063947 0.998067141 -0.061151724 -5.703431606 -0.999590397 -0.012653477 -0.025667354 -41.929393768
-0.014369443 0.057237405 0.998257160 148.558822632 -0.014875105 0.998237491 -0.057450388 -5.757750988 -0.999786079 -0.015674712 -0.013492705 -41.930709839
-0.003813414 0.054642484 0.998498619 149.323104858 -0.018844787 0.998324692 -0.054704934 -5.817482948 -0.999815106 -0.019025106 -0.002777300 -41.919010162
0.004934077 0.061086137 0.998120248 150.077224731 -0.022742948 0.997881114 -0.060959075 -5.879879951 -0.999729097 -0.022399426 0.006312900 -41.900657654
0.011837561 0.068936080 0.997550905 150.822906494 -0.025923403 0.997306585 -0.068611577 -5.935070992 -0.999593914 -0.025047718 0.013592735 -41.883644104
0.014931932 0.071728736 0.997312427 151.574035645 -0.028405983 0.997051477 -0.071284689 -5.991842747 -0.999484956 -0.027265226 0.016925430 -41.865516663
0.014718023 0.067227386 0.997629106 152.328369141 -0.030779965 0.997294784 -0.066750765 -6.051714897 -0.999417782 -0.029724553 0.016747463 -41.845443726
0.013195593 0.062757172 0.997941613 153.087280273 -0.032670841 0.997522652 -0.062298831 -6.119091988 -0.999379039 -0.031781528 0.015213233 -41.831642151
0.010229561 0.059820630 0.998156786 153.835250854 -0.031299509 0.997738898 -0.059474833 -6.174334049 -0.999457717 -0.030633410 0.012078790 -41.821910858
0.007324748 0.060416900 0.998146355 154.583282471 -0.029707139 0.997745693 -0.060174651 -6.223848820 -0.999531925 -0.029211305 0.009103048 -41.815013885
0.003511149 0.060207956 0.998179674 155.327423096 -0.028175425 0.997795463 -0.060085673 -6.282265663 -0.999596894 -0.027913162 0.005199793 -41.809333801
-0.001260797 0.058781840 0.998270094 156.075912476 -0.028336287 0.997867882 -0.058793940 -6.340838432 -0.999597609 -0.028361393 0.000407550 -41.804267883
-0.006341235 0.059414469 0.998213232 156.809906006 -0.028968891 0.997803450 -0.059574112 -6.388665199 -0.999560297 -0.029294901 -0.004606134 -41.808326721
-0.012437170 0.057395250 0.998274028 157.551239014 -0.030508429 0.997864783 -0.057751808 -6.442089558 -0.999457121 -0.031174045 -0.010659575 -41.813182831
-0.018209381 0.054906037 0.998325408 158.293212891 -0.028162828 0.998066664 -0.055405505 -6.499939919 -0.999437511 -0.029124565 -0.016627871 -41.827564240
-0.022972243 0.055109706 0.998215973 159.031250000 -0.028726846 0.998030841 -0.055760577 -6.548439503 -0.999323308 -0.029956544 -0.021343885 -41.849662781
-0.028609615 0.056310032 0.998003364 159.758972168 -0.030417178 0.997900724 -0.057176199 -6.600988388 -0.999127746 -0.031992231 -0.026836764 -41.864402771
-0.032081805 0.058253508 0.997786164 160.482620239 -0.030697748 0.997771680 -0.059239678 -6.659584999 -0.999013662 -0.032530308 -0.030222069 -41.889137268
-0.034703448 0.060494684 0.997565091 161.210952759 -0.029886760 0.997657180 -0.061539970 -6.714725018 -0.998950720 -0.031949636 -0.032814153 -41.911041260
-0.035882525 0.062325537 0.997410655 161.942413330 -0.027371516 0.997617602 -0.063323185 -6.766897202 -0.998981118 -0.029572835 -0.034091096 -41.940841675
-0.035370570 0.060527574 0.997539639 162.651550293 -0.024259297 0.997818112 -0.061404657 -6.821215630 -0.999079823 -0.026371531 -0.033825040 -41.965187073
-0.031334158 0.056822557 0.997892559 163.367996216 -0.021256013 0.998118997 -0.057502910 -6.878678322 -0.999282897 -0.023013020 -0.030067399 -41.986888885
-0.023199813 0.056164496 0.998151958 164.081253052 -0.020616174 0.998181581 -0.056645334 -6.938772678 -0.999518275 -0.021892238 -0.021999732 -42.004512787
-0.012963606 0.057329383 0.998271167 164.758270264 -0.018933259 0.998161972 -0.057568975 -6.987200737 -0.999736726 -0.019646825 -0.011854347 -42.001869202
0.001351858 0.057532020 0.998342872 165.446105957 -0.016209060 0.998213708 -0.057502639 -7.036332607 -0.999867737 -0.016104462 0.002281982 -41.994972229
0.017215993 0.054811809 0.998348296 166.139144897 -0.017093349 0.998366416 -0.054518044 -7.086401463 -0.999705672 -0.016126534 0.018124785 -41.977600098
0.033147391 0.050289366 0.998184562 166.826354980 -0.022291066 0.998522043 -0.049566135 -7.132218361 -0.999201834 -0.020607607 0.034219399 -41.940597534
0.049835566 0.043375343 0.997815192 167.507461548 -0.023469018 0.998831570 -0.042247366 -7.176687717 -0.998481631 -0.021312321 0.050795309 -41.896873474
0.066855580 0.035833418 0.997119009 168.184112549 -0.023480080 0.999134600 -0.034331545 -7.216653824 -0.997486353 -0.021117177 0.067639083 -41.838878632
0.084169500 0.029105542 0.996026278 168.851608276 -0.024419861 0.999333382 -0.027138576 -7.248591900 -0.996152163 -0.022038583 0.084824152 -41.773727417
0.101013750 0.023198370 0.994614542 169.513656616 -0.026276816 0.999441564 -0.020642266 -7.280991554 -0.994537890 -0.024050150 0.101566926 -41.690277100
0.118583426 0.020775374 0.992726743 170.164031982 -0.027494349 0.999466538 -0.017632153 -7.310688496 -0.992563367 -0.025203492 0.119091362 -41.596389771
0.137091562 0.020004887 0.990356326 170.806015015 -0.026724929 0.999506831 -0.016490282 -7.330849648 -0.990197778 -0.024206525 0.137558609 -41.504379272
0.154592723 0.019307824 0.987789512 171.444961548 -0.027253693 0.999511898 -0.015271649 -7.350112915 -0.987602293 -0.024560031 0.155043483 -41.391632080
0.170070842 0.018295642 0.985261977 172.074615479 -0.032756086 0.999379992 -0.012903622 -7.368804932 -0.984887302 -0.030078793 0.170564741 -41.257877350
0.184686631 0.014974333 0.982683361 172.693099976 -0.034663297 0.999360979 -0.008713810 -7.387441635 -0.982185900 -0.032453731 0.185087696 -41.131393433
0.196466878 0.011063403 0.980448008 173.317840576 -0.031358104 0.999495625 -0.004994650 -7.403650761 -0.980008841 -0.029763710 0.196714729 -40.997901917
0.207377747 0.009879895 0.978210986 173.937332153 -0.029285705 0.999563634 -0.003887072 -7.420199394 -0.977822423 -0.027841508 0.207576603 -40.863548279
0.217255563 0.013717163 0.976018310 174.540069580 -0.033943277 0.999402702 -0.006490252 -7.438889503 -0.975524366 -0.031719219 0.217591390 -40.714939117
0.226551071 0.020777922 0.973777652 175.123413086 -0.038271721 0.999190211 -0.012416179 -7.461171150 -0.973247051 -0.034455243 0.227162838 -40.570629120
0.235621884 0.030279480 0.971372962 175.711608887 -0.038180567 0.999031305 -0.021880342 -7.479846954 -0.971094608 -0.031932075 0.236549735 -40.420463562
0.244062275 0.036575783 0.969069541 176.303756714 -0.032806665 0.999027848 -0.029444076 -7.493660927 -0.969204485 -0.024605751 0.245024964 -40.275321960
0.249963656 0.034301594 0.967647433 176.903015137 -0.031976808 0.999119520 -0.027156960 -7.513749123 -0.967727065 -0.024154020 0.250840425 -40.111755371
0.255745947 0.026981879 0.966367424 177.508300781 -0.034821719 0.999218941 -0.018683672 -7.530639172 -0.966116726 -0.028872304 0.256485730 -39.939990997
0.260261208 0.016369587 0.965399444 178.111770630 -0.038382970 0.999241292 -0.006595785 -7.550315857 -0.964775026 -0.035338271 0.260692090 -39.765941620
0.262080997 0.008007062 0.965012610 178.719314575 -0.039309613 0.999224246 0.002384889 -7.579371929 -0.964244962 -0.038559310 0.262192369 -39.595058441
0.263328761 0.007353336 0.964678109 179.324386597 -0.035887513 0.999353468 0.002178584 -7.593319893 -0.964038372 -0.035193577 0.263422430 -39.436042786
0.264649183 0.009112973 0.964301646 179.926208496 -0.032297850 0.999478042 -0.000581370 -7.602188110 -0.963803768 -0.030991014 0.264805406 -39.270519257
0.266627938 0.008357961 0.963763297 180.523620605 -0.028968738 0.999580145 -0.000654285 -7.612942696 -0.963364124 -0.027744560 0.266758144 -39.109531403
0.267936975 0.006517738 0.963414371 181.132766724 -0.031516809 0.999501228 0.002003323 -7.612586498 -0.962920785 -0.030900504 0.268008739 -38.930980682
0.270419329 0.003135166 0.962737441 181.747421265 -0.032196164 0.999464869 0.005788678 -7.617952347 -0.962204099 -0.032561824 0.270375520 -38.749748230
0.274138540 -0.001904822 0.961688340 182.367782593 -0.031857010 0.999431252 0.011060731 -7.625994205 -0.961162388 -0.033668686 0.273921967 -38.575256348
0.278418601 -0.004509425 0.960449219 182.986022949 -0.030492272 0.999443471 0.013531722 -7.625921249 -0.959975600 -0.033053763 0.278126121 -38.392715454
0.284709245 -0.007166105 0.958587170 183.594543457 -0.027583916 0.999496758 0.015664613 -7.626021385 -0.958216965 -0.030901447 0.284368217 -38.213073730
0.292273462 -0.010310228 0.956279278 184.211730957 -0.026313055 0.999476612 0.018818185 -7.625989914 -0.955972612 -0.030662680 0.291849166 -38.015319824
0.301654369 -0.012016769 0.953341603 184.827438354 -0.023727121 0.999516308 0.020106476 -7.625259876 -0.953122079 -0.028685261 0.301223308 -37.813858032
0.313212276 -0.010144751 0.949628890 185.436080933 -0.025247416 0.999500573 0.019004773 -7.631431103 -0.949347496 -0.029928206 0.312799662 -37.609199524
0.324722975 -0.006245570 0.945788443 186.050781250 -0.026292386 0.999532163 0.015627583 -7.627256393 -0.945443690 -0.029941672 0.324406803 -37.387481689
0.336877525 -0.003315702 0.941542625 186.669189453 -0.026881963 0.999552250 0.013138169 -7.624960899 -0.941164672 -0.029736469 0.336637527 -37.160377502
0.348237634 -0.003283463 0.937400460 187.277618408 -0.025773652 0.999582231 0.013075997 -7.626069069 -0.937052011 -0.028713787 0.348007530 -36.926132202
0.359932393 -0.006359214 0.932956636 187.895095825 -0.025069416 0.999549806 0.016484840 -7.627531528 -0.932641625 -0.029322105 0.359610945 -36.689514160
