0.999999940 0.000000000 0.000000000 -0.000000000 0.000000000 0.999999940 -0.000000000 -0.000000060 0.000000000 -0.000000000 1.000000000 0.000000000
0.999991357 -0.002438231 -0.003358148 -0.002975032 0.002430821 0.999994516 -0.002208981 -0.005040256 0.003363516 0.002200798 0.999991894 0.666746438
0.999970555 -0.001579023 -0.007506475 -0.010854954 0.001552342 0.999992371 -0.003558856 -0.009167509 0.007512038 0.003547098 0.999965489 1.369584560
0.999935448 -0.001309106 -0.011282860 -0.027679261 0.001252395 0.999986649 -0.005031901 -0.011849003 0.011289296 0.005017446 0.999923646 2.067797422
0.999868214 -0.000089318 -0.016229847 -0.046642788 -0.000004257 0.999983311 -0.005765531 -0.013966715 0.016230093 0.005764841 0.999851763 2.797999859
0.999788702 -0.001086776 -0.020530168 -0.062085181 0.000968856 0.999982953 -0.005752856 -0.027773455 0.020536078 0.005731749 0.999772727 3.535434961
0.999686301 0.000809142 -0.025028992 -0.087658122 -0.000988495 0.999973834 -0.007154317 -0.030378675 0.025022553 0.007176814 0.999661148 4.291063786
0.999555826 0.003466496 -0.029597038 -0.123790637 -0.003696197 0.999963403 -0.007709758 -0.041707631 0.029569225 0.007815728 0.999532163 5.057941914
0.999418378 0.003917287 -0.033871863 -0.156976849 -0.004121162 0.999973834 -0.005951284 -0.050402425 0.033847660 0.006087414 0.999408543 5.842874050
0.999255538 0.003076475 -0.038453072 -0.189228833 -0.003207075 0.999989331 -0.003335149 -0.058103748 0.038442399 0.003455989 0.999254823 6.647174358
0.999124587 0.002846863 -0.041734215 -0.227100253 -0.002883959 0.999995470 -0.000828666 -0.066015050 0.041731667 0.000948301 0.999128401 7.452976704
0.999011278 0.004237774 -0.044253863 -0.271655172 -0.004307144 0.999989569 -0.001472319 -0.074092999 0.044247162 0.001661471 0.999019265 8.267302513
0.998915493 0.003478448 -0.046427805 -0.317723960 -0.003557799 0.999992371 -0.001626609 -0.080341645 0.046421789 0.001790026 0.998920262 9.093143463
0.998831570 0.000789593 -0.048318978 -0.351335406 -0.000899760 0.999997020 -0.002258292 -0.087001704 0.048317052 0.002299129 0.998829305 9.927576065
0.998719275 0.000556187 -0.050591994 -0.392978609 -0.000634287 0.999998629 -0.001527678 -0.092910290 0.050591074 0.001557811 0.998718262 10.769185066
0.998671353 -0.001022951 -0.051520228 -0.448670030 0.000919446 0.999997497 -0.002032691 -0.097804107 0.051522169 0.001982620 0.998669863 11.608287811
0.998558939 0.001301714 -0.053648766 -0.496035039 -0.001515292 0.999991119 -0.003940549 -0.113852747 0.053643156 0.004016165 0.998552084 12.480905533
0.998490214 0.001665666 -0.054904692 -0.552004814 -0.002044709 0.999974549 -0.006848211 -0.118828036 0.054891896 0.006950135 0.998468101 13.347923279
0.998394251 0.005667730 -0.056362424 -0.614018619 -0.006152702 0.999945521 -0.008434706 -0.132673010 0.056311551 0.008767944 0.998374760 14.214241982
0.998301864 0.006191187 -0.057922967 -0.658962190 -0.006650985 0.999947906 -0.007748710 -0.148445398 0.057871971 0.008120794 0.998291016 15.109690666
0.998225331 0.005370901 -0.059307631 -0.715117455 -0.005759469 0.999963164 -0.006382748 -0.160223782 0.059271175 0.006713002 0.998219371 16.001415253
0.998134136 0.006198597 -0.060743622 -0.768866956 -0.006505792 0.999967098 -0.004860757 -0.171928838 0.060711496 0.005246873 0.998141646 16.892642975
0.998090863 0.005740048 -0.061496932 -0.830776811 -0.006049104 0.999969959 -0.004840550 -0.184867382 0.061467309 0.005203309 0.998095572 17.799898148
0.998005152 0.005429487 -0.062899642 -0.894725144 -0.005779453 0.999968708 -0.005383255 -0.199092180 0.062868468 0.005736041 0.998005390 18.703699112
0.997933626 0.004028916 -0.064126469 -0.952958226 -0.004432407 0.999971271 -0.006151106 -0.212904990 0.064099856 0.006422630 0.997922897 19.622228622
0.997890234 0.003998027 -0.064799421 -1.012175679 -0.004297404 0.999980628 -0.004481344 -0.226742253 0.064780243 0.004750359 0.997888148 20.532037735
0.997874737 0.005227031 -0.064951792 -1.077218294 -0.005317442 0.999985039 -0.001219173 -0.235768482 0.064944439 0.001561959 0.997887552 21.453523636
0.997923553 0.005563917 -0.064166263 -1.139270544 -0.005411617 0.999982059 0.002547067 -0.247388199 0.064179264 -0.002194536 0.997936010 22.382003784
0.998045385 0.004387414 -0.062338781 -1.198518872 -0.004036650 0.999975324 0.005751573 -0.258854926 0.062362481 -0.005488692 0.998038471 23.309883118
0.998143792 0.004610079 -0.060727082 -1.259812117 -0.004226863 0.999970317 0.006437421 -0.262176692 0.060754973 -0.006168787 0.998133659 24.247734070
0.998221278 0.004984858 -0.059407640 -1.317627907 -0.004797050 0.999983132 0.003303545 -0.266710728 0.059423115 -0.003012689 0.998228252 25.187286377
0.998280942 0.005623019 -0.058337912 -1.380499125 -0.005693540 0.999983251 -0.001042716 -0.279453874 0.058331072 0.001373073 0.998296440 26.130971909
0.998366833 0.004680445 -0.056934979 -1.441566706 -0.004912603 0.999980092 -0.003938319 -0.287291139 0.056915421 0.004211587 0.998370111 27.081165314
0.998403192 0.002240808 -0.056443974 -1.496576548 -0.002391198 0.999993801 -0.002597014 -0.299714476 0.056437794 0.002727836 0.998402357 28.040885925
0.998398721 0.000542953 -0.056564692 -1.545917749 -0.000419754 0.999997437 0.002189886 -0.309258103 0.056565750 -0.002162637 0.998396516 29.006166458
0.998343050 -0.003216570 -0.057452083 -1.601760983 0.003532459 0.999979138 0.005397598 -0.315935433 0.057433527 -0.005591602 0.998333693 29.979173660
0.998220682 -0.010750487 -0.058648452 -1.651423931 0.011055366 0.999926984 0.004876435 -0.322790056 0.058591742 -0.005516139 0.998266757 30.959236145
0.998114586 -0.012925498 -0.060001340 -1.702596068 0.013005105 0.999914944 0.000936409 -0.329068452 0.059984133 -0.001714967 0.998197854 31.923982620
0.998023868 -0.012713269 -0.061536223 -1.764816284 0.012546701 0.999916434 -0.003092487 -0.335276812 0.061570399 0.002314299 0.998100042 32.903964996
0.997925639 -0.011433572 -0.063354671 -1.840768933 0.011207192 0.999929428 -0.003927453 -0.341744184 0.063395120 0.003209278 0.997983396 33.895687103
0.997865796 -0.011634403 -0.064252794 -1.892680526 0.011532639 0.999931574 -0.001954434 -0.365136564 0.064271137 0.001209258 0.997931778 34.855251312
0.997816086 -0.008590174 -0.065492362 -1.963977456 0.008659462 0.999962211 0.000774144 -0.377290010 0.065483250 -0.001339582 0.997852802 35.851650238
0.997733772 -0.008559222 -0.066737540 -2.032788754 0.008726476 0.999959469 0.002214996 -0.390799284 0.066715881 -0.002792360 0.997768104 36.826740265
0.997684658 -0.007357324 -0.067609884 -2.105441570 0.007694812 0.999959171 0.004732608 -0.396479487 0.067572303 -0.005241897 0.997700632 37.803291321
0.997710645 -0.007091129 -0.067253575 -2.172261477 0.007637104 0.999939859 0.007864540 -0.408229232 0.067193776 -0.008360156 0.997704864 38.787014008
0.997677147 -0.001589946 -0.068101332 -2.248240471 0.002264672 0.999949038 0.009831600 -0.404414535 0.068082243 -0.009962987 0.997629941 39.774990082
0.997672081 -0.001056768 -0.068185717 -2.325962543 0.001694326 0.999955356 0.009293167 -0.411830008 0.068172857 -0.009387061 0.997629285 40.762554169
0.997688293 -0.001007187 -0.067948423 -2.389375448 0.001535448 0.999968946 0.007722673 -0.419035792 0.067938544 -0.007809153 0.997658908 41.749557495
0.997692525 0.001335998 -0.067879915 -2.471284628 -0.000973671 0.999985099 0.005370554 -0.422103465 0.067886077 -0.005292069 0.997679055 42.744445801
0.997649252 0.000688180 -0.068522409 -2.545464516 -0.000315190 0.999984980 0.005453981 -0.426073164 0.068525143 -0.005419563 0.997634590 43.722949982
0.997538924 -0.001690377 -0.070093751 -2.604137659 0.002172928 0.999974608 0.006808684 -0.436859012 0.070080444 -0.006944237 0.997517169 44.721954346
0.997493863 -0.001071344 -0.070745863 -2.679096699 0.001629411 0.999968112 0.007831093 -0.443960071 0.070735224 -0.007926741 0.997463584 45.707984924
0.997469068 0.001568399 -0.071084097 -2.755946159 -0.001267440 0.999990106 0.004278754 -0.455413967 0.071090110 -0.004177831 0.997461081 46.679855347
0.997399807 0.001771062 -0.072044440 -2.835762501 -0.001763260 0.999998510 0.000171899 -0.461707652 0.072044641 -0.000044421 0.997401357 47.652706146
0.997324109 0.002071382 -0.073077358 -2.890915394 -0.002151425 0.999997139 -0.001016614 -0.465664119 0.073075056 0.001171114 0.997325659 48.614574432
0.997329056 0.001059631 -0.073030889 -2.966806650 -0.000857106 0.999995708 0.002804424 -0.480610669 0.073033541 -0.002734338 0.997325659 49.594486237
0.997332275 -0.001109552 -0.072987147 -3.041197300 0.001524090 0.999983013 0.005624158 -0.488471419 0.072979659 -0.005720393 0.997317016 50.558311462
0.997291505 -0.003293885 -0.073475905 -3.102175713 0.003770118 0.999972761 0.006343728 -0.495809555 0.073453031 -0.006603559 0.997276723 51.511215210
0.997235477 -0.006635093 -0.074008957 -3.169495344 0.007035004 0.999962032 0.005144170 -0.504098654 0.073972017 -0.005650602 0.997244239 52.471252441
0.997200429 -0.009532439 -0.074164540 -3.239109278 0.009862301 0.999943018 0.004082758 -0.516041279 0.074121378 -0.004802762 0.997237682 53.415569305
0.997113764 -0.010828923 -0.075144984 -3.312156916 0.011234825 0.999924541 0.004980970 -0.522953033 0.075085372 -0.005810834 0.997160196 54.369693756
0.996978104 -0.013988211 -0.076411605 -3.380785465 0.014733996 0.999849021 0.009205077 -0.528455853 0.076271310 -0.010303112 0.997033954 55.313011169
0.996914148 -0.014644434 -0.077120781 -3.450470448 0.015789250 0.999773741 0.014255644 -0.532272279 0.076894574 -0.015429335 0.996919811 56.262504578
0.996918142 -0.012930267 -0.077374972 -3.534461975 0.014212802 0.999770284 0.016047901 -0.528214157 0.077149682 -0.017098162 0.996872902 57.208103180
0.996806979 -0.011592397 -0.079001933 -3.610307455 0.012574283 0.999849677 0.011942487 -0.529466689 0.078851610 -0.012897749 0.996802926 58.140537262
0.996729732 -0.009767408 -0.080213748 -3.685708046 0.010168387 0.999937773 0.004591900 -0.539391994 0.080163911 -0.005392529 0.996767163 59.044456482
0.996658385 -0.008261561 -0.081262030 -3.762591362 0.008280324 0.999965608 -0.000106113 -0.549137890 0.081260122 -0.000567117 0.996692777 59.965793610
0.996654809 -0.003001741 -0.081670024 -3.852247715 0.003057201 0.999995112 0.000554032 -0.557418287 0.081667975 -0.000801860 0.996659338 60.863353729
0.996507764 -0.000368712 -0.083499305 -3.932186604 0.000636687 0.999994695 0.003182693 -0.573245883 0.083497711 -0.003224741 0.996502817 61.765754700
0.996441960 0.002200786 -0.084252499 -4.010962963 -0.001829758 0.999988198 0.004480727 -0.584766865 0.084261388 -0.004310622 0.996434271 62.641586304
0.996332824 0.002746475 -0.085517764 -4.088102341 -0.002398183 0.999988317 0.004175222 -0.592136264 0.085528247 -0.003954824 0.996327817 63.509281158
0.996206403 0.004457418 -0.086909205 -4.169624329 -0.004024087 0.999978602 0.005160573 -0.602059960 0.086930349 -0.004791268 0.996202826 64.359375000
0.996059537 0.005545551 -0.088513069 -4.248044968 -0.005065909 0.999971330 0.005642595 -0.612370610 0.088541821 -0.005171964 0.996058941 65.200653076
0.995949864 0.005040394 -0.089768358 -4.321962833 -0.004506834 0.999970973 0.006145440 -0.622642398 0.089796722 -0.005715981 0.995943666 66.017494202
0.995844126 0.004858931 -0.090943687 -4.397043705 -0.004217085 0.999964774 0.007248435 -0.629563689 0.090975709 -0.006834795 0.995829582 66.821350098
0.995693266 0.007600232 -0.092395648 -4.475729942 -0.006714230 0.999928355 0.009896277 -0.635455430 0.092464253 -0.009233291 0.995673239 67.622848511
0.995558679 0.009253697 -0.093685821 -4.556702614 -0.007970854 0.999869287 0.014057994 -0.641458035 0.093803681 -0.013248804 0.995502651 68.409149170
0.995382607 0.012347367 -0.095188357 -4.643479347 -0.010898191 0.999816895 0.015729172 -0.643996716 0.095365137 -0.014619164 0.995335042 69.191162109
0.995214581 0.015237670 -0.096516982 -4.722660542 -0.014188181 0.999832690 0.011550665 -0.649499655 0.096676834 -0.010125991 0.995264411 69.941490173
0.995083094 0.015113978 -0.097883321 -4.794433594 -0.014746823 0.999881148 0.004473365 -0.661539316 0.097939283 -0.003007901 0.995187998 70.660850525
0.994946539 0.014344936 -0.099375807 -4.867579937 -0.014556494 0.999893010 -0.001404062 -0.666953862 0.099345036 0.002843530 0.995049000 71.368370056
0.994887531 0.014980062 -0.099871524 -4.940718651 -0.015326577 0.999878824 -0.002703219 -0.670760930 0.099818937 0.004220088 0.994996667 72.060333252
0.994795799 0.017613363 -0.100354165 -5.023640633 -0.017617922 0.999844432 0.000840894 -0.680439711 0.100353360 0.000931513 0.994951487 72.735427856
0.994673491 0.018209914 -0.101453252 -5.100420475 -0.017980754 0.999833286 0.003172834 -0.698019326 0.101494111 -0.001331728 0.994835258 73.387924194
0.994612157 0.014917916 -0.102586992 -5.161594391 -0.015002155 0.999887407 -0.000049587 -0.709744811 0.102574706 0.001588346 0.994724035 74.018371582
0.994680643 0.006542992 -0.102798641 -5.209828854 -0.007102721 0.999961853 -0.005079810 -0.725582123 0.102761477 0.005782939 0.994689226 74.627243042
0.994809687 0.002671836 -0.101717919 -5.266390800 -0.003719826 0.999941885 -0.010114618 -0.729305387 0.101684988 0.010440493 0.994761825 75.225166321
0.995100081 0.004831901 -0.098754950 -5.324853897 -0.005884676 0.999928892 -0.010371970 -0.742814183 0.098697819 0.010902289 0.995057762 75.806968689
0.995459437 0.009950926 -0.094664805 -5.386359215 -0.010667505 0.999918044 -0.007066601 -0.760149419 0.094586752 0.008044353 0.995484114 76.373306274
0.995908976 0.008492349 -0.089962289 -5.437329292 -0.008890240 0.999952316 -0.004023070 -0.769299805 0.089923859 0.004806398 0.995937049 76.929466248
0.996427059 0.004820052 -0.084318645 -5.473707199 -0.004843587 0.999988198 -0.000074562 -0.775078475 0.084317312 0.000482700 0.996438861 77.474639893
0.997112274 0.000314517 -0.075941287 -5.506884098 -0.000039170 0.999993265 0.003627259 -0.792296410 0.075941935 -0.003613809 0.997105777 78.002708435
0.997839391 0.003924988 -0.065583415 -5.532108307 -0.003711530 0.999987364 0.003376269 -0.798966587 0.065595828 -0.003125560 0.997841299 78.516983032
0.998689950 0.009088553 -0.050357725 -5.561715603 -0.008947098 0.999955416 0.003033696 -0.807407558 0.050383046 -0.002579166 0.998726547 79.020507812
0.999381423 0.014119809 -0.032211747 -5.576325417 -0.014012596 0.999895573 0.003551683 -0.812526941 0.032258540 -0.003098116 0.999474704 79.514495850
0.999869227 0.012824743 -0.009864833 -5.570034504 -0.012782242 0.999908864 0.004359233 -0.820548654 0.009919841 -0.004232569 0.999941826 79.997322083
0.999832630 0.009096807 0.015869631 -5.533718109 -0.009179573 0.999944448 0.005150303 -0.825148225 -0.015821904 -0.005295118 0.999860823 80.447792053
0.998942077 0.007917174 0.045297772 -5.487590790 -0.008227354 0.999943793 0.006665268 -0.832194328 -0.045242466 -0.007030899 0.998951375 80.900932312
0.996910095 0.007532740 0.078188233 -5.430815697 -0.008220001 0.999930263 0.008471714 -0.842113912 -0.078118972 -0.009088246 0.996902645 81.349380493
0.993213832 0.007786582 0.116040833 -5.357810020 -0.008835105 0.999924541 0.008524199 -0.839027584 -0.115965746 -0.009491587 0.993207932 81.796592712
0.987477124 0.007502732 0.157583699 -5.272545815 -0.008990541 0.999921441 0.008730661 -0.846450686 -0.157505810 -0.010038092 0.987466931 82.192474365
0.979185879 0.007264258 0.202835783 -5.158338547 -0.009235598 0.999918818 0.008774066 -0.852526248 -0.202755600 -0.010464753 0.979173422 82.610549927
0.967678785 0.009525868 0.252005816 -5.026309967 -0.011601778 0.999909878 0.006752959 -0.858977973 -0.251918793 -0.009458411 0.967702091 83.014572144
0.952248871 0.010867301 0.305129349 -4.874349594 -0.012645954 0.999912500 0.003853269 -0.863605380 -0.305060744 -0.007527925 0.952303052 83.395820618
0.932545245 0.011015041 0.360885084 -4.693927765 -0.012480011 0.999920547 0.001729107 -0.868950129 -0.360837340 -0.006116321 0.932608664 83.762634277
0.908371925 0.010990829 0.418018609 -4.509746552 -0.012302038 0.999924123 0.000442159 -0.879814088 -0.417982042 -0.005544125 0.908438385 84.082000732
0.879202545 0.011487502 0.476309747 -4.292354584 -0.012201591 0.999924242 -0.001593422 -0.882495046 -0.476291955 -0.004410796 0.879276037 84.412200928
0.846001685 0.010237251 0.533082128 -4.047653198 -0.009587653 0.999945998 -0.003987247 -0.886413336 -0.533094168 -0.001737789 0.846054137 84.711898804
0.808927298 0.009802120 0.587826967 -3.787696838 -0.008347148 0.999951661 -0.005187598 -0.894588709 -0.587849557 -0.000710290 0.808970034 85.006347656
0.768874645 0.008672084 0.639340758 -3.512798309 -0.007606955 0.999961197 -0.004415413 -0.902071834 -0.639354289 -0.001468537 0.768910885 85.276306152
0.727208257 0.007392848 0.686377108 -3.216133118 -0.008871503 0.999959707 -0.001371140 -0.916574538 -0.686359644 -0.005092093 0.727244556 85.509475708
0.683194757 0.006445261 0.730207682 -2.916549683 -0.008201089 0.999965727 -0.001153233 -0.921730340 -0.730190158 -0.005200616 0.683224201 85.707473755
0.636590779 0.005287841 0.771183670 -2.596801758 -0.005146362 0.999983311 -0.002608492 -0.925887823 -0.771184742 -0.002308249 0.636607409 85.914413452
0.589749694 0.002627510 0.807581842 -2.263202667 0.000365363 0.999993742 -0.003520343 -0.932187259 -0.807586074 0.002371180 0.589745045 86.099136353
0.543626666 0.004657290 0.839314103 -1.923961639 -0.002226219 0.999989092 -0.004106933 -0.945206940 -0.839324176 0.000364141 0.543631077 86.264343262
0.495703399 0.007720067 0.868457437 -1.595954895 -0.005950235 0.999967217 -0.005492796 -0.951713920 -0.868471503 -0.002444730 0.495733082 86.428520203
0.450531781 0.009728696 0.892707288 -1.250839233 -0.006394537 0.999950171 -0.007670227 -0.958446980 -0.892737627 -0.002252771 0.450571477 86.562484741
0.407093138 0.007240162 0.913357913 -0.901430130 0.000112847 0.999968171 -0.007977013 -0.968672991 -0.913386643 0.003350458 0.407079339 86.687454224
0.367527694 -0.000700498 0.930012226 -0.533681870 0.014993166 0.999874234 -0.005171964 -0.974869311 -0.929891825 0.015844669 0.367491901 86.774574280
0.332401276 -0.004116471 0.943129063 -0.162429810 0.019446375 0.999807775 -0.002489927 -0.973815799 -0.942937553 0.019168099 0.332417458 86.864791870
0.299282223 0.000058460 0.954164624 0.202653885 0.016507892 0.999850035 -0.005239106 -0.980827987 -0.954021871 0.017319219 0.299236357 86.961395264
0.268203497 0.007242472 0.963334978 0.568140030 0.005762945 0.999941766 -0.009122156 -0.995963991 -0.963345051 0.007998242 0.268146098 87.062919617
0.239234507 0.012518937 0.970881045 0.958902359 0.000005360 0.999916911 -0.012894657 -1.006744504 -0.970961809 0.003090050 0.239214554 87.161056519
0.213512599 0.014127764 0.976838052 1.348878860 0.001398510 0.999889910 -0.014766838 -1.020048380 -0.976939321 0.004519023 0.213469356 87.225753784
0.189703166 0.015678873 0.981716216 1.759267807 0.008534817 0.999808252 -0.017617058 -1.027570605 -0.981804430 0.011720783 0.189533025 87.284904480
0.169989064 0.021598108 0.985209167 2.170926094 0.015323535 0.999580920 -0.024557110 -1.030997992 -0.985326767 0.019271327 0.169586882 87.322036743
0.150490731 0.029036146 0.988184869 2.592861176 0.016990310 0.999344885 -0.031951521 -1.025818467 -0.988465428 0.021597976 0.149898827 87.368919373
0.132697687 0.029168556 0.990727186 3.034254074 0.015005323 0.999393225 -0.031433500 -1.039605260 -0.991042912 0.019037334 0.132179469 87.426971436
0.117065057 0.024779867 0.992815018 3.492781639 0.012873470 0.999566793 -0.026466329 -1.062681913 -0.993040800 0.015879257 0.116695330 87.478309631
0.102477111 0.021495206 0.994503021 3.962708473 0.013138615 0.999650061 -0.022960300 -1.082087517 -0.994648576 0.015419299 0.102158830 87.523017883
0.089516498 0.019104190 0.995802045 4.442782879 0.015195780 0.999673486 -0.020544466 -1.098578215 -0.995869458 0.016971057 0.089196980 87.549461365
0.077835083 0.018321792 0.996797860 4.939194202 0.019022280 0.999621749 -0.019859057 -1.110171556 -0.996784866 0.020507101 0.077457115 87.575523376
0.067736149 0.019088063 0.997520626 5.450976372 0.022113537 0.999542594 -0.020628365 -1.122648001 -0.997458160 0.023455996 0.067283079 87.599952698
0.059725571 0.019564867 0.998023033 5.977909088 0.024239331 0.999484599 -0.021044094 -1.137870669 -0.997920454 0.025448281 0.059220556 87.626983643
0.054178007 0.019874331 0.998333454 6.527481556 0.025933662 0.999436557 -0.021303669 -1.152443409 -0.998194456 0.027044633 0.053632066 87.652290344
0.048676115 0.020892661 0.998596013 7.092025280 0.027325278 0.999379098 -0.022241000 -1.162746906 -0.998440742 0.028369524 0.048074987 87.672180176
0.043027718 0.021471247 0.998843133 7.666157722 0.027796155 0.999356329 -0.022679670 -1.177425027 -0.998687148 0.028739853 0.042403214 87.688255310
0.038490679 0.021355128 0.999030709 8.272011757 0.030253185 0.999288380 -0.022526233 -1.196640253 -0.998800814 0.031090917 0.037817232 87.709182739
0.035512093 0.021499261 0.999138057 8.895990372 0.031716064 0.999240696 -0.022628751 -1.210122705 -0.998865843 0.032492328 0.034803256 87.729034424
0.032508135 0.021043219 0.999249935 9.533830643 0.032729208 0.999219716 -0.022107348 -1.226261139 -0.998935461 0.033423331 0.031794049 87.745986938
0.030006528 0.020250950 0.999344409 10.188242912 0.034955803 0.999161899 -0.021296842 -1.246544123 -0.998938262 0.035571937 0.029273491 87.766174316
0.029380200 0.019917298 0.999369740 10.864759445 0.039587393 0.998993814 -0.021073624 -1.262840271 -0.998784006 0.040181600 0.028562168 87.778549194
0.030589066 0.019490987 0.999341905 11.557996750 0.043079015 0.998855114 -0.020800103 -1.282377005 -0.998603284 0.043686926 0.029714392 87.794075012
0.032893412 0.019679902 0.999265254 12.262613297 0.044578414 0.998782337 -0.021137804 -1.295745611 -0.998464227 0.045240961 0.031976063 87.814323425
0.036562078 0.019783203 0.999135554 12.984222412 0.046942633 0.998666346 -0.021491718 -1.312924623 -0.998228252 0.047687832 0.035584640 87.843086243
0.041122682 0.019045282 0.998972595 13.723371506 0.047545418 0.998648405 -0.020996310 -1.334389687 -0.998022258 0.048359986 0.040161584 87.872222900
0.044797607 0.017370127 0.998845160 14.479837418 0.048810031 0.998616576 -0.019555258 -1.353370905 -0.997802973 0.049629681 0.043887809 87.915359497
0.049060740 0.015847234 0.998669982 15.243932724 0.048731081 0.998645365 -0.018240809 -1.371196866 -0.997606218 0.049561191 0.048222017 87.943962097
0.052983463 0.013730528 0.998501003 16.017972946 0.045673605 0.998825788 -0.016158571 -1.390210629 -0.997550249 0.046461288 0.052294135 87.996223450
0.057106491 0.012740903 0.998286724 16.815784454 0.044907760 0.998873711 -0.015317315 -1.406932831 -0.997357607 0.045705549 0.056470010 88.049339294
0.061204784 0.013709720 0.998031080 17.627689362 0.042254001 0.998973548 -0.016313920 -1.426632047 -0.997230470 0.043169301 0.060562678 88.109039307
0.063895278 0.017888896 0.997796237 18.427618027 0.039834138 0.998996735 -0.020461254 -1.451453209 -0.997161269 0.041053735 0.063118584 88.170219421
0.065572232 0.022883967 0.997585416 19.220653534 0.034190655 0.999098361 -0.025166061 -1.479634523 -0.997261882 0.035758298 0.064730704 88.231071472
0.065324895 0.026007051 0.997525096 20.040885925 0.031324595 0.999114215 -0.028099841 -1.505580664 -0.997372270 0.033082690 0.064452365 88.291007996
0.065180600 0.025949111 0.997536063 20.849681854 0.029021062 0.999189794 -0.027888412 -1.529763937 -0.997451425 0.030767340 0.064374700 88.356590271
0.065310985 0.024217777 0.997570992 21.658683777 0.026174260 0.999319851 -0.025973868 -1.560769439 -0.997521698 0.027807064 0.064632677 88.414062500
0.065377496 0.022617431 0.997604251 22.496768951 0.026732592 0.999344528 -0.024408797 -1.596771955 -0.997502387 0.028264333 0.064730026 88.468116760
0.065427028 0.021752600 0.997620225 23.312282562 0.024448739 0.999427199 -0.023395428 -1.630805492 -0.997557759 0.025921253 0.064857736 88.534957886
0.065684594 0.022143327 0.997594714 24.124610901 0.022612866 0.999463916 -0.023673719 -1.659486532 -0.997584164 0.024113471 0.065148659 88.591629028
0.065785736 0.022694569 0.997575581 24.944433212 0.019457003 0.999522030 -0.024021951 -1.693233967 -0.997644067 0.020990133 0.065312698 88.651550293
0.064432181 0.024255240 0.997627199 25.753675461 0.016815290 0.999536216 -0.025387673 -1.720603466 -0.997780442 0.018411176 0.063994437 88.711967468
0.061346188 0.023641152 0.997836471 26.570026398 0.013254872 0.999611974 -0.024498118 -1.754487753 -0.998028457 0.014729058 0.061009020 88.773323059
0.057747699 0.022504587 0.998077452 27.377923965 0.011379170 0.999666154 -0.023198785 -1.783340931 -0.998266280 0.012696971 0.057472337 88.822692871
0.053055380 0.019935647 0.998392403 28.191139221 0.009608186 0.999744236 -0.020473221 -1.812241316 -0.998545229 0.010678956 0.052850276 88.869987488
0.046664253 0.017663764 0.998754382 28.997304916 0.007413429 0.999809980 -0.018028801 -1.841907024 -0.998883128 0.008245493 0.046524432 88.912521362
0.039497461 0.018250640 0.999053001 29.813604355 0.007115480 0.999802589 -0.018545644 -1.866727233 -0.999194324 0.007841248 0.039359815 88.941291809
0.030907921 0.018900473 0.999343574 30.615116119 0.006953395 0.999792933 -0.019124025 -1.894001842 -0.999498069 0.007539915 0.030770097 88.966354370
0.020864008 0.019685891 0.999588549 31.415840149 0.007533471 0.999774635 -0.019846801 -1.916601062 -0.999753952 0.007944455 0.020711007 88.985122681
0.010196960 0.018452562 0.999777794 32.214340210 0.008470181 0.999792278 -0.018539222 -1.944478750 -0.999912143 0.008657343 0.010038549 88.997909546
-0.000180882 0.017653234 0.999844193 33.004318237 0.007825080 0.999813676 -0.017651282 -1.970499039 -0.999969304 0.007820670 -0.000318986 88.988861084
-0.011437008 0.017076889 0.999788821 33.791641235 0.009362981 0.999812186 -0.016970186 -1.992954373 -0.999890745 0.009166915 -0.011594749 88.978187561
-0.022331880 0.017416434 0.999598801 34.572898865 0.009545594 0.999806225 -0.017206790 -2.017172813 -0.999704957 0.009157506 -0.022493811 88.958923340
-0.033448689 0.018022329 0.999277890 35.352771759 0.009826902 0.999794960 -0.017702719 -2.041211367 -0.999392033 0.009227674 -0.033618938 88.932174683
-0.043699514 0.018972736 0.998864472 36.126293182 0.008993224 0.999786556 -0.018596804 -2.067767143 -0.999004364 0.008170339 -0.043860801 88.891281128
-0.054075394 0.020070754 0.998335063 36.891174316 0.009515498 0.999762893 -0.019584047 -2.089878321 -0.998491585 0.008440640 -0.054253552 88.849662781
-0.063230678 0.020677147 0.997784793 37.647773743 0.010842045 0.999740541 -0.020030610 -2.119174004 -0.997940063 0.009551479 -0.063438468 88.791290283
-0.073426090 0.021244235 0.997074306 38.419433594 0.011092309 0.999728560 -0.020483939 -2.143944979 -0.997238874 0.009555801 -0.073641814 88.745391846
-0.083061807 0.021511879 0.996312141 39.159088135 0.011848740 0.999717534 -0.020597590 -2.171384096 -0.996473849 0.010094172 -0.083293237 88.687744141
-0.091600932 0.021041388 0.995573461 39.891235352 0.013256974 0.999713838 -0.019909145 -2.193528652 -0.995707512 0.011374595 -0.091853663 88.612998962
-0.098919101 0.020016978 0.994894087 40.615257263 0.014559197 0.999719739 -0.018666495 -2.218438387 -0.994988859 0.012638387 -0.099182807 88.538131714
-0.103607759 0.018234072 0.994451046 41.354213715 0.017720049 0.999707103 -0.016484262 -2.250146866 -0.994460404 0.015913824 -0.103900522 88.442718506
-0.106761530 0.016674791 0.994144797 42.060737610 0.021129623 0.999671638 -0.014498373 -2.271276474 -0.994060278 0.019458033 -0.107078798 88.350395203
-0.110028796 0.015726406 0.993803918 42.771785736 0.022230418 0.999663651 -0.013357894 -2.291186333 -0.993679881 0.020622926 -0.110341385 88.281188965
-0.111847110 0.014710496 0.993616462 43.456142426 0.022189546 0.999678135 -0.012302457 -2.313608170 -0.993477702 0.020671900 -0.112137519 88.206459045
-0.112930462 0.015076184 0.993488491 44.122119904 0.023231767 0.999651611 -0.012528939 -2.334628582 -0.993331254 0.021665594 -0.113241374 88.136566162
-0.111927673 0.016017642 0.993587196 44.774192810 0.023896912 0.999624252 -0.013422977 -2.353906631 -0.993429065 0.022241263 -0.112268411 88.063774109
-0.108562022 0.017840896 0.993929565 45.397140503 0.024962854 0.999572575 -0.015215617 -2.372775555 -0.993776143 0.023159482 -0.108961001 87.989997864
-0.103533357 0.018265195 0.994458199 46.024127960 0.025470501 0.999552071 -0.015707012 -2.392958879 -0.994299829 0.023703154 -0.103952214 87.925437927
-0.095481217 0.019175397 0.995246470 46.618797302 0.024871012 0.999548137 -0.016872231 -2.408944607 -0.995120585 0.023141809 -0.095914997 87.873168945
-0.084392630 0.018941697 0.996252477 47.200988770 0.023613974 0.999576449 -0.017004555 -2.434514999 -0.996152759 0.022090428 -0.084804185 87.834899902
-0.070740700 0.019002689 0.997313678 47.748039246 0.023115661 0.999581158 -0.017406275 -2.457639217 -0.997226894 0.021822233 -0.071150325 87.806068420
-0.053828556 0.020346098 0.998342872 48.297782898 0.021536181 0.999583423 -0.019210191 -2.481281757 -0.998317838 0.020466438 -0.054244321 87.790779114
-0.032346129 0.022833249 0.999215901 48.830532074 0.019854518 0.999556363 -0.022198308 -2.501840353 -0.999279499 0.019120920 -0.032785125 87.789283752
-0.007785477 0.025838144 0.999635756 49.349639893 0.017736444 0.999512434 -0.025696818 -2.525613785 -0.999812365 0.017529925 -0.008239962 87.803466797
0.020644054 0.027464986 0.999409556 49.852088928 0.015795141 0.999488890 -0.027793434 -2.547565937 -0.999662161 0.016359588 0.020199683 87.828361511
0.054060176 0.026562229 0.998184323 50.344413757 0.012846813 0.999544799 -0.027294196 -2.577922583 -0.998455048 0.014299015 0.053694326 87.871665955
0.092027746 0.024596613 0.995452583 50.882690430 0.012904580 0.999581575 -0.025891632 -2.587636948 -0.995672703 0.015228651 0.091671839 87.941322327
0.134354353 0.020604400 0.990719080 51.367904663 0.011133978 0.999689281 -0.022300866 -2.608760357 -0.990870714 0.014026864 0.134083241 88.029960632
0.179931894 0.016706627 0.983537138 51.876281738 0.008235617 0.999795139 -0.018489443 -2.624956131 -0.983644605 0.011426874 0.179757446 88.142555237
0.228450224 0.013355789 0.973463953 52.356506348 0.003897837 0.999885321 -0.014633019 -2.643324852 -0.973547697 0.007137319 0.228371978 88.285446167
0.280541956 0.011562303 0.959772050 52.810798645 0.000100523 0.999927104 -0.012075426 -2.660176516 -0.959841728 0.003484141 0.280520380 88.447860718
0.334753484 0.011567803 0.942234755 53.266586304 -0.000174595 0.999925554 -0.012214039 -2.672312498 -0.942305744 0.003924183 0.334730476 88.642211914
0.392876089 0.012335001 0.919508636 53.708786011 0.002278091 0.999894023 -0.014386703 -2.681031466 -0.919588625 0.007746916 0.392806262 88.859725952
0.452686191 0.015633706 0.891532898 54.122932434 0.003107176 0.999812543 -0.019110179 -2.696301460 -0.891664505 0.011421063 0.452552795 89.108894348
0.510413766 0.018721029 0.859725058 54.491104126 0.004324532 0.999694467 -0.024336394 -2.716912031 -0.859918058 0.016139541 0.510176897 89.389526367
0.568541288 0.023015900 0.822332561 54.861625671 0.000647028 0.999595761 -0.028424572 -2.726691246 -0.822654366 0.016692618 0.568296611 89.693283081
0.625180602 0.025872927 0.780050993 55.206359863 -0.002784994 0.999517918 -0.030920196 -2.738161325 -0.780475020 0.017158274 0.624951482 90.009101868
0.676807523 0.027345821 0.735651791 55.520557404 -0.004858683 0.999453902 -0.032681894 -2.750482082 -0.736143887 0.018545054 0.676571012 90.366607666
0.725366473 0.026365167 0.687857747 55.772010803 -0.005148700 0.999446094 -0.032878697 -2.752100229 -0.688343704 0.020307528 0.725100398 90.693687439
0.770669460 0.023582663 0.636798441 56.035686493 -0.007518298 0.999581933 -0.027918851 -2.764029026 -0.637190700 0.016728561 0.770524621 91.079643250
0.811910629 0.019294672 0.583462656 56.276390076 -0.008501158 0.999738455 -0.021230910 -2.771219730 -0.583719790 0.012277492 0.811862350 91.488853455
0.848509669 0.017495751 0.528890371 56.498394012 -0.011136633 0.999822199 -0.015207501 -2.776731491 -0.529062629 0.007013651 0.848553836 91.913002014
0.879625857 0.011698688 0.475522250 56.708389282 -0.009759272 0.999930918 -0.006547269 -2.799434185 -0.475566089 0.001118397 0.879679322 92.370483398
0.905290246 0.012646371 0.424605250 56.869678497 -0.013372262 0.999909759 -0.001270476 -2.807654619 -0.424582988 -0.004527783 0.905377746 92.809471130
0.925272703 0.014197503 0.379036725 57.001136780 -0.016537730 0.999858975 0.002919004 -2.824372530 -0.378941894 -0.008969283 0.925377011 93.248977661
0.940381169 0.020498924 0.339504123 57.110214233 -0.023734963 0.999703705 0.005381555 -2.830776930 -0.339293242 -0.013118831 0.940589190 93.694549561
0.952187836 0.024371726 0.304539502 57.216709137 -0.027153729 0.999619126 0.004902488 -2.835263729 -0.304304034 -0.012937473 0.952487111 94.138404846
0.961443543 0.026272431 0.273744464 57.329696655 -0.028675478 0.999577284 0.004780115 -2.830530882 -0.273503125 -0.012445565 0.961790621 94.607162476
0.967594266 0.020579526 0.251669943 57.443954468 -0.022497781 0.999735594 0.004746838 -2.833060026 -0.251505762 -0.010255028 0.967801511 95.066993713
0.971572816 0.017295877 0.236108243 57.550735474 -0.019166864 0.999800384 0.005631222 -2.840445518 -0.235963777 -0.009996596 0.971710443 95.548866272
0.974446714 0.022145318 0.223524407 57.643218994 -0.023869051 0.999702394 0.005012377 -2.839256287 -0.223346949 -0.010219609 0.974685431 96.045471191
0.976532161 0.027137129 0.213655144 57.739879608 -0.028992927 0.999564111 0.005556738 -2.837847948 -0.213411242 -0.011620820 0.976893425 96.548637390
0.977631330 0.034610987 0.207458645 57.830699921 -0.036301211 0.999331355 0.004344713 -2.837466478 -0.207169592 -0.011778530 0.978234172 97.057876587
0.977916241 0.041123066 0.204911321 57.919078827 -0.042260960 0.999105871 0.001177975 -2.849359751 -0.204679698 -0.009811712 0.978779852 97.574211121
0.977976203 0.043275412 0.204180226 58.028385162 -0.044016130 0.999030292 -0.000914484 -2.863058805 -0.204021841 -0.008092880 0.978932917 98.090423584
0.977653265 0.040367551 0.206311613 58.151748657 -0.040204640 0.999179065 -0.004983757 -2.862906694 -0.206343412 -0.003422296 0.978473663 98.617904663
0.976884246 0.039264131 0.210132092 58.273628235 -0.037625667 0.999222398 -0.011791004 -2.863908291 -0.210431680 0.003612084 0.977602005 99.167282104
0.975988090 0.039243005 0.214259386 58.396743774 -0.036557093 0.999195635 -0.016485361 -2.868042946 -0.214734003 0.008256817 0.976637661 99.725364685
0.974793911 0.044239350 0.218676746 58.517429352 -0.041814104 0.999001920 -0.015708338 -2.882790565 -0.219153434 0.006168623 0.975670934 100.304794312
0.973342597 0.047392625 0.224405825 58.645107269 -0.045869343 0.998875320 -0.011999385 -2.889404774 -0.224722147 0.001386167 0.974421978 100.897560120
0.972387671 0.044075601 0.229171231 58.791061401 -0.043599550 0.999023497 -0.007142701 -2.905001879 -0.229262307 -0.003046288 0.973359942 101.505630493
0.971725643 0.039855227 0.232724831 58.945343018 -0.040579356 0.999174893 -0.001677269 -2.913681746 -0.232599691 -0.007813982 0.972541213 102.118431091
0.970875978 0.037332010 0.236656010 59.097991943 -0.039150022 0.999228895 0.002985746 -2.919860125 -0.236362100 -0.012163879 0.971588910 102.747062683
0.970392883 0.032034118 0.239398286 59.260913849 -0.033962440 0.999415338 0.003932836 -2.930083752 -0.239132375 -0.011946948 0.970913470 103.375083923
0.970360518 0.028696053 0.239951789 59.414566040 -0.029674331 0.999559581 0.000464228 -2.932845592 -0.239832819 -0.007570880 0.970784664 104.018234253
0.970490277 0.028473115 0.239453137 59.584495544 -0.027752241 0.999594450 -0.006382399 -2.941184044 -0.239537820 -0.000451305 0.970886827 104.665550232
0.970644534 0.030650642 0.238557532 59.741889954 -0.028383823 0.999513447 -0.012932427 -2.949288607 -0.238837868 0.005781615 0.971042216 105.324798584
0.971166790 0.033914700 0.235976398 59.896903992 -0.030765580 0.999381781 -0.017015362 -2.952013016 -0.236407578 0.009264803 0.971609712 106.007278442
0.971807480 0.032033153 0.233589545 60.061386108 -0.029903445 0.999472678 -0.012654107 -2.960311890 -0.233871743 0.005312222 0.972252846 106.696304321
0.972266018 0.027842337 0.232214242 60.231735229 -0.027501935 0.999610603 -0.004703830 -2.977296829 -0.232254803 -0.001812966 0.972653270 107.384536743
0.972870111 0.028325951 0.229610726 60.398345947 -0.029375903 0.999567747 0.001155184 -2.989268064 -0.229478762 -0.007868867 0.973281860 108.105232239
0.973143816 0.031548928 0.228025705 60.552955627 -0.032574575 0.999468923 0.000734863 -3.003773451 -0.227881432 -0.008142967 0.973654866 108.827613831
0.973465919 0.037480939 0.225741908 60.714096069 -0.037511319 0.999287605 -0.004156317 -3.004687548 -0.225736871 -0.004421844 0.974178255 109.556793213
0.974339485 0.038339105 0.221794397 60.876922607 -0.037171748 0.999264419 -0.009436682 -3.012588978 -0.221992999 0.000950045 0.975047827 110.293457031
0.975244939 0.036853001 0.218034655 61.043724060 -0.034974363 0.999310374 -0.012470553 -3.023216248 -0.218343884 0.004536221 0.975861371 111.055183411
0.976154804 0.034736495 0.214278087 61.209869385 -0.033167023 0.999390125 -0.010916458 -3.034552574 -0.214526638 0.003549185 0.976711750 111.828910828
0.977037668 0.031022053 0.210795805 61.376972198 -0.029800223 0.999515593 -0.008971130 -3.047438860 -0.210972011 0.002483371 0.977488935 112.605751038
0.977462649 0.029761111 0.209000394 61.545829773 -0.029149272 0.999556899 -0.006007677 -3.062620878 -0.209086686 -0.000219931 0.977897108 113.394912720
0.977820337 0.026293745 0.207788512 61.715736389 -0.026080739 0.999652743 -0.003765079 -3.069215298 -0.207815379 -0.001737706 0.978166521 114.196662903
0.977987170 0.021398593 0.207564592 61.884616852 -0.021344254 0.999768972 -0.002501579 -3.080134630 -0.207570195 -0.001983800 0.978218138 114.989830017
0.978094816 0.022293683 0.206962615 62.053512573 -0.022574754 0.999744654 -0.001003744 -3.087187290 -0.206932157 -0.003690374 0.978348374 115.798820496
0.977890968 0.027510462 0.207297891 62.217285156 -0.027456945 0.999618113 -0.003135831 -3.094233036 -0.207304984 -0.002625266 0.978272915 116.617904663
0.977579176 0.033628859 0.207865283 62.374946594 -0.033001177 0.999434173 -0.006487711 -3.102952242 -0.207965881 -0.000517547 0.978136003 117.416679382
0.977061510 0.042131711 0.208748594 62.539218903 -0.041371141 0.999111712 -0.008010307 -3.113070726 -0.208900675 -0.000809606 0.977936685 118.254745483
0.976162076 0.048124500 0.211640060 62.703956604 -0.047668580 0.998836815 -0.007258820 -3.131193399 -0.211743265 -0.003002797 0.977320731 119.073822021
0.975337625 0.050958909 0.214754820 62.872226715 -0.050944403 0.998685777 -0.005606133 -3.142334938 -0.214758277 -0.005472684 0.976651907 119.908569336
0.974766910 0.051650546 0.217166990 63.053649902 -0.051548179 0.998651683 -0.006140141 -3.161321878 -0.217191309 -0.005209357 0.976115167 120.728752136
0.974410713 0.050108723 0.219118267 63.233882904 -0.049321793 0.998741746 -0.009063557 -3.171515942 -0.219296768 -0.001975679 0.975656152 121.564094543
0.974464893 0.043871149 0.220211998 63.432373047 -0.043215685 0.999035239 -0.007795508 -3.187507153 -0.220341533 -0.001920162 0.975420952 122.400604248
0.974704206 0.036796443 0.220448747 63.633819580 -0.035705935 0.999322414 -0.008930793 -3.208006382 -0.220628038 0.000833553 0.975357652 123.239883423
0.974440932 0.036027171 0.221735805 63.819511414 -0.034913432 0.999350309 -0.008941644 -3.226603746 -0.221913919 0.000971548 0.975065768 124.077201843
0.973847806 0.038718902 0.223877832 64.001731873 -0.038288061 0.999247015 -0.006266845 -3.239256382 -0.223951921 -0.002468894 0.974597037 124.910537720
0.973480165 0.040748034 0.225113124 64.188522339 -0.041670743 0.999131143 -0.000652969 -3.251969814 -0.224944159 -0.008744979 0.974332392 125.766143799
0.973187327 0.044066783 0.225753576 64.378341675 -0.046063054 0.998932064 0.003580221 -3.265696526 -0.225354791 -0.013883127 0.974177778 126.599441528
0.972941935 0.043439139 0.226929218 64.566123962 -0.043982361 0.999028802 -0.002664552 -3.282297850 -0.226824582 -0.007388431 0.973907590 127.424919128
0.973124802 0.039418962 0.226879120 64.754257202 -0.036461890 0.999186873 -0.017211542 -3.299870253 -0.227373093 0.008476537 0.973770857 128.232589722
