1.000000000 0.000000000 0.000000000 0.000000000 0.000000000 1.000000000 0.000000000 0.000000000 0.000000000 0.000000000 1.000000000 0.000000000
0.999044001 -0.000377913 0.043714568 0.047295969 0.000476067 0.999997318 -0.002234956 -0.021628974 -0.043713599 0.002253630 0.999041557 1.027381301
0.996031821 -0.004541175 0.088881902 0.139234185 0.005206828 0.999960244 -0.007258770 -0.039372336 -0.088845395 0.007692758 0.996015668 2.050427437
0.990874648 -0.003822647 0.134732231 0.270658135 0.005416876 0.999919534 -0.011467974 -0.060142733 -0.134677544 0.012093151 0.990815639 3.058493853
0.983472526 -0.000955577 0.181054845 0.447544932 0.003442759 0.999903917 -0.013423411 -0.095219344 -0.181024641 0.013824884 0.983381391 4.077822685
0.973950028 -0.003487844 0.226735815 0.685247123 0.006676132 0.999889314 -0.013296361 -0.127171576 -0.226664320 0.014463710 0.973865509 5.081499577
0.962242603 -0.003966919 0.272164077 0.958396137 0.008248483 0.999859571 -0.014589289 -0.157334670 -0.272067934 0.016283378 0.962140262 6.081465721
0.948685586 -0.006735153 0.316149205 1.284281254 0.012843757 0.999768794 -0.017242152 -0.190769792 -0.315959990 0.020417921 0.948552787 7.060352802
0.933552146 -0.008316716 0.358345121 1.658601880 0.016237738 0.999685705 -0.019100783 -0.221965685 -0.358073592 0.023650290 0.933393776 8.013347626
0.916274667 -0.008336726 0.400463581 2.069547653 0.017770128 0.999644995 -0.019848378 -0.256554246 -0.400155991 0.025302855 0.916097641 8.938844681
0.896681607 -0.008519621 0.442594022 2.513198137 0.018585479 0.999657750 -0.018410901 -0.292849928 -0.442285687 0.024734538 0.896533132 9.837248802
0.874952793 -0.008763003 0.484128982 3.011371851 0.019652192 0.999655068 -0.017422546 -0.331386715 -0.483809292 0.024758101 0.874823153 10.729408264
0.851015449 -0.008695841 0.525068641 3.547094345 0.020217214 0.999664187 -0.016211674 -0.368856460 -0.524751365 0.024411807 0.850905418 11.599164963
0.825459480 -0.009338585 0.564384043 4.133170128 0.022310322 0.999621630 -0.016090492 -0.407442153 -0.564020216 0.025873641 0.825355530 12.442956924
0.798245907 -0.011020648 0.602230847 4.752887726 0.025619516 0.999549091 -0.015666738 -0.439483523 -0.601786673 0.027934771 0.798168182 13.257369041
0.769422472 -0.009988047 0.638662100 5.387538433 0.026332503 0.999523699 -0.016092280 -0.473584861 -0.638197184 0.029199334 0.769318998 14.023817062
0.738870561 -0.013168071 0.673718691 6.065588951 0.031139420 0.999408185 -0.014616964 -0.506961167 -0.673127532 0.031779256 0.738843262 14.758653641
0.706921875 -0.012365084 0.707183540 6.792504311 0.031475559 0.999406636 -0.013989314 -0.537850201 -0.706590891 0.032148346 0.706891537 15.476522446
0.672768712 -0.010991520 0.739771307 7.540235519 0.032456901 0.999365449 -0.014668638 -0.571796060 -0.739140630 0.033879276 0.672698557 16.155767441
0.637165308 -0.012403525 0.770627260 8.320322037 0.037379432 0.999191165 -0.014823494 -0.597158074 -0.769820213 0.038250629 0.637113631 16.799991608
0.600442529 -0.010761833 0.799595416 9.109833717 0.037747376 0.999176264 -0.014897740 -0.626158357 -0.798776567 0.039127868 0.600354135 17.389348984
0.562707782 -0.009756484 0.826598346 9.949429512 0.040602766 0.999049604 -0.015848409 -0.656558394 -0.825658321 0.042480189 0.562569082 17.952665329
0.523745894 -0.007885543 0.851838052 10.791107178 0.044985127 0.998817980 -0.018412592 -0.682828546 -0.850686073 0.047963563 0.523481429 18.472616196
0.484997451 -0.006896125 0.874488354 11.665143967 0.046563998 0.998753965 -0.017948650 -0.705473542 -0.873275042 0.049424723 0.484714270 18.952581406
0.446569055 -0.008878961 0.894705117 12.562194824 0.052081753 0.998513281 -0.016086133 -0.732336760 -0.893232048 0.053781383 0.446367621 19.389850616
0.409756571 -0.009321796 0.912147224 13.490161896 0.055580758 0.998344958 -0.014765392 -0.755703032 -0.910499990 0.056748051 0.409596592 19.791074753
0.374520421 -0.006803592 0.927193701 14.442455292 0.057024393 0.998249114 -0.015708825 -0.782994151 -0.925463498 0.058755938 0.374252677 20.171123505
0.341253549 -0.007697888 0.939939678 15.399761200 0.057537530 0.998262405 -0.012713980 -0.806824148 -0.938208640 0.058420502 0.341103524 20.517324448
0.307930768 -0.009231758 0.951363981 16.391574860 0.059952740 0.998153925 -0.009719285 -0.830180168 -0.949517965 0.060029745 0.307915747 20.837095261
0.275451422 -0.009046505 0.961272359 17.381711960 0.061032284 0.998102963 -0.008095612 -0.848131180 -0.959375620 0.060898598 0.275481015 21.113718033
0.243072346 -0.006267007 0.969987929 18.387111664 0.058285411 0.998266637 -0.008156211 -0.869721234 -0.968255460 0.058518685 0.243016288 21.373579025
0.212262601 -0.004651858 0.977201521 19.417919159 0.058300283 0.998267770 -0.007911539 -0.883859813 -0.975472033 0.058650445 0.212166071 21.602416992
0.181890875 -0.004549283 0.983308196 20.448616028 0.060161907 0.998167336 -0.006510630 -0.904696524 -0.981476486 0.060341921 0.181831226 21.789176941
0.151518509 -0.004855445 0.988442421 21.524690628 0.061874617 0.998073399 -0.004582018 -0.918086469 -0.986515939 0.061853759 0.151527062 21.943540573
0.121114567 -0.005187566 0.992624998 22.620037079 0.060727287 0.998151839 -0.002193155 -0.923796535 -0.990779221 0.060545046 0.121205777 22.073339462
0.091924176 -0.005908450 0.995748460 23.715751648 0.060847219 0.998147070 0.000305469 -0.942365468 -0.993905187 0.060560446 0.092113353 22.171586990
0.065012693 -0.005510448 0.997869194 24.837385178 0.063761741 0.997964203 0.001356799 -0.944400430 -0.995845199 0.063537657 0.065231711 22.234523773
0.040542118 -0.004863902 0.999166012 25.964128494 0.068124942 0.997674584 0.002092407 -0.947404861 -0.996852696 0.067983292 0.040779199 22.259449005
0.017781056 -0.004327264 0.999832630 27.151798248 0.072424710 0.997369289 0.003028599 -0.948066115 -0.997215390 0.072358727 0.018047687 22.276859283
-0.002248189 -0.004533566 0.999987185 28.308547974 0.078077279 0.996936202 0.004695268 -0.949200273 -0.996944726 0.078086838 -0.001887332 22.266294479
-0.019345427 -0.005185389 0.999799430 29.500017166 0.082508199 0.996567428 0.006765103 -0.947766185 -0.996402621 0.082622521 -0.018851185 22.227405548
-0.034520686 -0.004985692 0.999391556 30.712135315 0.085694924 0.996289849 0.007930266 -0.945284724 -0.995723188 0.085916542 -0.033965353 22.166685104
-0.048871249 -0.005764054 0.998788476 31.915262222 0.087875523 0.996080697 0.010048226 -0.945196688 -0.994931877 0.088260137 -0.048173193 22.113809586
-0.061588332 -0.006784822 0.998078585 33.133529663 0.088194728 0.996028364 0.012213106 -0.941440284 -0.994197428 0.088777453 -0.060745340 22.022764206
-0.073106922 -0.006616711 0.997302175 34.338832855 0.087990187 0.996035755 0.013058404 -0.937329769 -0.993435025 0.088707477 -0.072234906 21.925844193
-0.083859473 -0.004056884 0.996469319 35.551742554 0.088005267 0.996053994 0.011461419 -0.936712980 -0.992583811 0.088655710 -0.083171546 21.822412491
-0.093773201 -0.000457909 0.995593488 36.786243439 0.088395804 0.996046722 0.008783964 -0.923854649 -0.991661549 0.088829987 -0.093362004 21.705348969
-0.102707289 0.001903206 0.994709790 38.050037384 0.089945644 0.995919287 0.007381683 -0.922257781 -0.990636647 0.090227947 -0.102459356 21.574457169
-0.110080145 0.003162325 0.993917644 39.340705872 0.089745633 0.995941639 0.006770903 -0.909667671 -0.989862680 0.089945108 -0.109917223 21.436363220
-0.115272976 0.003859702 0.993326366 40.648479462 0.089529015 0.995962858 0.006519665 -0.903924525 -0.989291012 0.089683071 -0.115153156 21.274034500
-0.120062426 0.005605297 0.992750466 41.969726562 0.090982608 0.995837867 0.005380632 -0.896788597 -0.988588452 0.090969034 -0.120072708 21.113286972
-0.124449648 0.007133266 0.992200196 43.310352325 0.089855202 0.995946348 0.004110157 -0.892136872 -0.988148868 0.089665852 -0.124586135 20.944873810
-0.128636137 0.007682124 0.991662085 44.676746368 0.090453468 0.995892584 0.004018521 -0.890878141 -0.987558067 0.090216197 -0.128802657 20.779054642
-0.131746486 0.006732095 0.991260588 46.090534210 0.090011738 0.995927155 0.005199495 -0.887362778 -0.987188280 0.089910120 -0.131815866 20.599569321
-0.133958146 0.005133493 0.990973651 47.511775970 0.090873651 0.995836973 0.007125459 -0.878210127 -0.986811638 0.091007911 -0.133866951 20.401557922
-0.135915667 0.003298851 0.990715027 48.932811737 0.090916835 0.995816410 0.009156995 -0.885413110 -0.986539960 0.091317229 -0.135646984 20.196716309
-0.136943609 0.004066163 0.990570486 50.351665497 0.093822114 0.995549321 0.008884046 -0.880147040 -0.986125708 0.094154045 -0.136715621 19.995189667
-0.137898549 0.004025814 0.990438163 51.854587555 0.093310699 0.995596886 0.008944850 -0.859101295 -0.986041129 0.093651958 -0.137667015 19.765441895
-0.138440803 0.005639644 0.990354657 53.328903198 0.095229872 0.995425820 0.007643574 -0.844657421 -0.985781610 0.095369518 -0.138344631 19.557664871
-0.138199612 0.005588728 0.990388632 54.823635101 0.094934709 0.995454252 0.007629949 -0.839434624 -0.985843956 0.095076710 -0.138101935 19.342983246
-0.137436390 0.007102103 0.990485132 56.334796906 0.094734468 0.995484471 0.006007087 -0.832767248 -0.985969901 0.094658673 -0.137488604 19.131175995
-0.136180982 0.007409411 0.990656316 57.871807098 0.095265746 0.995435834 0.005650588 -0.820157886 -0.986092985 0.095145114 -0.136265308 18.923318863
-0.134045824 0.006058818 0.990956604 59.451499939 0.094654344 0.995487511 0.006717287 -0.817846715 -0.986444235 0.094698787 -0.134014413 18.689020157
-0.132730797 0.006881361 0.991128206 61.034545898 0.095615774 0.995400846 0.005893736 -0.812445223 -0.986529350 0.095549770 -0.132778347 18.477163315
-0.131627053 0.007630108 0.991269886 62.629508972 0.095561005 0.995410860 0.005027210 -0.804972172 -0.986682534 0.095388480 -0.131752148 18.274044037
-0.130436867 0.008105354 0.991423428 64.248764038 0.096396580 0.995332539 0.004545122 -0.802810073 -0.986759365 0.096162669 -0.130609378 18.053115845
-0.129350036 0.007935821 0.991567373 65.864006042 0.095690124 0.995401025 0.004516284 -0.799247265 -0.986971080 0.095467389 -0.129514560 17.843120575
-0.127623111 0.006637204 0.991800547 67.518531799 0.097652406 0.995203078 0.005905765 -0.789619625 -0.987003624 0.097605437 -0.127659068 17.617820740
-0.127989292 0.004824381 0.991763830 69.223640442 0.099828288 0.994972169 0.008043068 -0.786209702 -0.986738622 0.100035511 -0.127827361 17.400529861
-0.126686811 0.005824368 0.991925716 70.911491394 0.101177439 0.994843245 0.007080684 -0.782884419 -0.986769319 0.101257540 -0.126622796 17.175863266
-0.126066670 0.007904879 0.991990268 72.586959839 0.103334054 0.994633019 0.005206225 -0.773570120 -0.986625195 0.103162721 -0.126206920 16.965894699
-0.125300407 0.007929479 0.992087185 74.292015076 0.102416903 0.994729102 0.004984641 -0.768473268 -0.986818433 0.102231100 -0.125452071 16.754714966
-0.124885574 0.007595011 0.992142081 76.036247253 0.103428841 0.994622171 0.005405075 -0.771768034 -0.986765444 0.103291124 -0.124999486 16.523954391
-0.124669880 0.006306095 0.992178261 77.772186279 0.103114173 0.994647384 0.006634786 -0.769923866 -0.986825585 0.103134803 -0.124652810 16.306232452
-0.124733895 0.006709890 0.992167532 79.499412537 0.104562066 0.994497657 0.006419747 -0.766057849 -0.986665130 0.104543835 -0.124749169 16.098260880
-0.124640569 0.006712481 0.992179275 81.280220032 0.105589725 0.994388223 0.006537073 -0.755865157 -0.986567557 0.105578713 -0.124649875 15.871880531
-0.124301948 0.007850867 0.992213309 83.033309937 0.106213987 0.994328439 0.005438613 -0.749739468 -0.986543179 0.106062956 -0.124430813 15.645132065
-0.124617152 0.008837931 0.992165565 84.838287354 0.105786204 0.994378984 0.004429224 -0.744032383 -0.986549437 0.105509393 -0.124851614 15.405447960
-0.125670597 0.009393681 0.992027521 86.614166260 0.105003521 0.994464219 0.003885152 -0.750525594 -0.986499429 0.104654625 -0.125961319 15.189971924
-0.127375260 0.010080191 0.991803348 88.412765503 0.104035139 0.994568408 0.003252727 -0.750360429 -0.986383319 0.103596754 -0.127732113 14.979720116
-0.128168672 0.009081000 0.991710722 90.227050781 0.103012390 0.994671285 0.004205211 -0.756228447 -0.986387968 0.102697477 -0.128421172 14.751952171
-0.129176319 0.008697468 0.991583526 92.060241699 0.103053801 0.994664609 0.004700607 -0.757042289 -0.986252189 0.102793664 -0.129383400 14.523483276
-0.129697815 0.007746332 0.991523325 93.924064636 0.100366637 0.994936109 0.005355626 -0.756238341 -0.986460865 0.100210458 -0.129818514 14.289458275
-0.131577477 0.008640817 0.991268218 95.754287720 0.100328788 0.994943500 0.004644436 -0.759374261 -0.986215770 0.100063831 -0.131779075 14.062134743
-0.133806989 0.009688878 0.990960062 97.629325867 0.099933796 0.994986951 0.003765577 -0.756619096 -0.985955775 0.099534266 -0.134104505 13.801710129
-0.138056651 0.010679831 0.990366757 99.505706787 0.100332670 0.994948626 0.003257084 -0.753191769 -0.985329270 0.099815801 -0.138430789 13.548080444
-0.142924994 0.009761384 0.989685357 101.389099121 0.098410413 0.995136201 0.004396753 -0.758043349 -0.984828770 0.098023750 -0.143190473 13.291078568
-0.147388279 0.008966778 0.989038050 103.286598206 0.096957654 0.995273709 0.005425496 -0.761609554 -0.984314859 0.096694469 -0.147561088 13.012654305
-0.151708752 0.009731143 0.988377452 105.194015503 0.095894061 0.995379329 0.004918960 -0.768723845 -0.983762562 0.095525771 -0.151940927 12.720420837
-0.155793384 0.011757729 0.987719715 107.119453430 0.096454367 0.995331645 0.003365436 -0.765411556 -0.983069181 0.095794186 -0.156200171 12.403371811
-0.160745651 0.013176472 0.986907840 109.053764343 0.096113510 0.995367527 0.002365364 -0.780651629 -0.982304931 0.095235392 -0.161267459 12.099124908
-0.165203080 0.013383605 0.986168742 111.007499695 0.094796903 0.995493770 0.002370231 -0.788826525 -0.981693089 0.093877308 -0.165727377 11.772308350
-0.169791654 0.013042931 0.985393643 112.951202393 0.092894405 0.995671928 0.002827513 -0.798060834 -0.981091976 0.092017643 -0.170268402 11.442646027
-0.174139261 0.012708426 0.984638989 114.920249939 0.091223031 0.995825171 0.003280533 -0.799485505 -0.980486572 0.090393037 -0.174571529 11.089253426
-0.180317372 0.011885628 0.983536601 116.875656128 0.090206549 0.995912910 0.004502891 -0.806959867 -0.979463279 0.089533396 -0.180652559 10.759593010
-0.185484096 0.011724103 0.982577264 118.862098694 0.090479881 0.995884717 0.005197270 -0.810237825 -0.978472829 0.089867488 -0.185781568 10.385437965
-0.190876573 0.013221353 0.981524944 120.826637268 0.091186903 0.995824456 0.004319093 -0.818000853 -0.977369487 0.090326637 -0.191285148 10.018177032
-0.196462244 0.014250139 0.980407834 122.788780212 0.091082610 0.995836079 0.003777497 -0.824773073 -0.976271749 0.090040237 -0.196942151 9.634737968
-0.202389121 0.014393953 0.979199350 124.781135559 0.091752023 0.995772481 0.004326503 -0.825635970 -0.974997520 0.090719163 -0.202854186 9.240211487
-0.208045512 0.014322273 0.978014290 126.773338318 0.090540685 0.995881796 0.004676103 -0.827837169 -0.973919570 0.089522935 -0.208485499 8.826713562
-0.213189974 0.015073132 0.976894438 128.763702393 0.089793541 0.995951414 0.004228679 -0.829681218 -0.972875714 0.088620327 -0.213680342 8.397785187
-0.218602017 0.015754273 0.975686848 130.773681641 0.089050949 0.996019483 0.003869219 -0.835006535 -0.971742272 0.087731637 -0.219134808 7.965668678
-0.222845048 0.015053419 0.974737644 132.757369995 0.090355933 0.995895565 0.005277050 -0.839565575 -0.970657468 0.089249283 -0.223290592 7.509984493
-0.226286054 0.015185599 0.973942518 134.760208130 0.092668615 0.995678902 0.006006135 -0.832563758 -0.969642818 0.091612995 -0.226715475 7.033090591
-0.230149835 0.015870979 0.973025799 136.790359497 0.093947418 0.995559156 0.005982868 -0.837424874 -0.968609750 0.092790224 -0.230618805 6.559250832
-0.233320788 0.016765172 0.972255290 138.798828125 0.094475254 0.995512009 0.005505868 -0.837472618 -0.967799425 0.093138695 -0.233857557 6.080132008
-0.236912727 0.016849136 0.971384764 140.836029053 0.093799859 0.995575368 0.005608280 -0.840079904 -0.966992199 0.092444435 -0.237444907 5.593471050
-0.240661845 0.017266525 0.970455408 142.867568970 0.092447996 0.995703876 0.005210293 -0.843643665 -0.966196299 0.090970576 -0.241224214 5.089183331
-0.245619759 0.018077293 0.969197631 144.903747559 0.091681883 0.995777369 0.004661505 -0.851047635 -0.965020955 0.090002820 -0.246239960 4.586845398
-0.250612408 0.017000930 0.967938125 146.942947388 0.089451164 0.995975077 0.005666761 -0.859308064 -0.963945925 0.088003367 -0.251124501 4.076499939
-0.254931062 0.017575037 0.966799498 148.973831177 0.090001985 0.995925665 0.005627720 -0.861537814 -0.962761462 0.088448547 -0.255474210 3.543104172
-0.260553002 0.018058902 0.965290666 151.036300659 0.088969290 0.996019840 0.005380950 -0.863668501 -0.961351454 0.087283246 -0.261122584 3.013315916
-0.265443772 0.018227136 0.963954031 153.089767456 0.088662267 0.996046126 0.005580946 -0.868553340 -0.960040927 0.086947761 -0.266010314 2.464500666
-0.270003229 0.017502967 0.962700307 155.135482788 0.088525571 0.996051252 0.006718955 -0.880087316 -0.958781242 0.087037735 -0.270486593 1.903094769
-0.274619967 0.017528212 0.961393058 157.198883057 0.088975392 0.996007383 0.007256344 -0.879519641 -0.957427323 0.087533072 -0.275083125 1.330183744
-0.278977215 0.018123772 0.960126698 159.279907227 0.089514285 0.995959461 0.007209375 -0.882930279 -0.956116498 0.087956332 -0.279472291 0.739716291
-0.282123595 0.019443952 0.959181011 161.347976685 0.090211108 0.995902598 0.006345413 -0.881533802 -0.955127358 0.088318966 -0.282721639 0.130668789
-0.285906196 0.020734498 0.958033264 163.421875000 0.089876577 0.995938957 0.005267015 -0.889575601 -0.954033375 0.087610610 -0.286608696 -0.478800386
-0.289553195 0.022204198 0.956904233 165.509979248 0.091100268 0.995831668 0.004458895 -0.895073056 -0.952816606 0.088465326 -0.290369153 -1.097523689
-0.293081194 0.022945352 0.955812097 167.602035522 0.090413518 0.995896935 0.003815903 -0.900303364 -0.951802850 0.087536685 -0.293953210 -1.729045987
-0.296870589 0.022734961 0.954647064 169.708389282 0.090627037 0.995874822 0.004465853 -0.911057830 -0.950607479 0.087842591 -0.297706366 -2.372498512
-0.300982475 0.023222696 0.953346789 171.812011719 0.090525813 0.995884657 0.004321146 -0.911831796 -0.949323237 0.087603085 -0.301846057 -3.021733761
-0.305073559 0.024067830 0.952024639 173.934753418 0.092536457 0.995699227 0.004481090 -0.916854560 -0.947822332 0.089464046 -0.305988640 -3.697033405
-0.308049887 0.024452876 0.951055884 176.039535522 0.094626367 0.995500028 0.005054181 -0.923006475 -0.946652591 0.091551922 -0.308977634 -4.381090641
-0.310645014 0.023951655 0.950224161 178.111038208 0.095507681 0.995409727 0.006132523 -0.928687930 -0.945715606 0.092658736 -0.311506659 -5.050209522
-0.313478172 0.023752287 0.949298322 180.220046997 0.095253982 0.995431483 0.006548272 -0.924885213 -0.944805861 0.092477150 -0.314308465 -5.744715214
-0.316251576 0.024171473 0.948367357 182.331100464 0.094332471 0.995522082 0.006083677 -0.931367636 -0.943973601 0.091385812 -0.317115635 -6.443586826
-0.319201052 0.026378991 0.947319746 184.444030762 0.093803480 0.995583177 0.003884311 -0.932966352 -0.943033218 0.090101756 -0.320265591 -7.149490833
-0.322801918 0.028470514 0.946038246 186.577560425 0.093584627 0.995609403 0.001970094 -0.939427137 -0.941828370 0.089170575 -0.324049056 -7.864306927
-0.325985402 0.029272441 0.944921434 188.710388184 0.092745781 0.995689154 0.001150906 -0.956675470 -0.940814316 0.088012673 -0.327294946 -8.595705032
-0.329669535 0.030295450 0.943610311 190.878067017 0.091169029 0.995835423 -0.000120412 -0.967705250 -0.939684093 0.085988335 -0.331058711 -9.337751389
-0.332845718 0.031186398 0.942465365 193.010467529 0.092689157 0.995694995 -0.000213212 -0.980359495 -0.938414872 0.087285370 -0.334303528 -10.103588104
-0.337456673 0.029644441 0.940874159 195.203125000 0.091237068 0.995828271 0.001347454 -0.995301008 -0.936909080 0.086297296 -0.338753611 -10.858718872
-0.340778202 0.029130863 0.939692318 197.366363525 0.091445990 0.995807409 0.002292317 -1.008977771 -0.935685754 0.086712249 -0.342013359 -11.643682480
-0.344710529 0.029337548 0.938250482 199.527481079 0.091526143 0.995799482 0.002489435 -1.016887903 -0.934236407 0.086732589 -0.345947742 -12.431529045
-0.348264635 0.029756319 0.936923862 201.683822632 0.091018587 0.995846689 0.002204899 -1.029312968 -0.932966888 0.086045370 -0.349526554 -13.226222992
-0.352082133 0.030074073 0.935485840 203.847579956 0.090104200 0.995930552 0.001894620 -1.049307585 -0.931621909 0.084958248 -0.353359163 -14.036386490
-0.355710149 0.030475484 0.934099317 206.037429810 0.089297183 0.996003866 0.001509713 -1.060080647 -0.930320561 0.083949462 -0.357010067 -14.853523254
-0.358614475 0.031280320 0.932961524 208.150711060 0.090944231 0.995854676 0.001568399 -1.084201694 -0.929045022 0.085409909 -0.359972656 -15.664017677
-0.361141562 0.031192752 0.931989133 210.303955078 0.091948234 0.995761037 0.002302390 -1.099505424 -0.927966774 0.086526275 -0.362478852 -16.497213364
-0.363920838 0.030571114 0.930928051 212.490768433 0.093367673 0.995624423 0.003803842 -1.114333272 -0.926738441 0.088302895 -0.365182847 -17.353155136
-0.366410434 0.031591866 0.929916859 214.676467896 0.094678044 0.995501697 0.003485531 -1.124935031 -0.925623834 0.089319833 -0.367753297 -18.216722488
-0.369476408 0.032594051 0.928668320 216.880294800 0.095009282 0.995472252 0.002861310 -1.141522765 -0.924370289 0.089289315 -0.370900184 -19.086059570
-0.372080773 0.032560322 0.927629232 219.063735962 0.094220564 0.995547414 0.002848479 -1.158253789 -0.923405886 0.088461608 -0.373491913 -19.956262589
-0.375012159 0.033851128 0.926401615 221.241058350 0.093925886 0.995577753 0.001642824 -1.177166343 -0.922249317 0.087629162 -0.376533359 -20.832683563
-0.378098398 0.034951508 0.925105333 223.437057495 0.093577549 0.995611727 0.000630613 -1.191147327 -0.921023786 0.086807519 -0.379709870 -21.719202042
-0.380594730 0.035022777 0.924078465 225.611145020 0.091497228 0.995805323 -0.000056812 -1.213293433 -0.920204282 0.084528998 -0.382202834 -22.606348038
-0.383746177 0.036030993 0.922735393 227.786499023 0.092533350 0.995709479 -0.000397814 -1.234145999 -0.918790758 0.085231155 -0.385433763 -23.500696182
-0.386164397 0.035796478 0.921735048 229.946334839 0.094034113 0.995568633 0.000732069 -1.258953929 -0.917624354 0.086957254 -0.387819290 -24.408632278
-0.389217973 0.034575272 0.920496464 232.123321533 0.094199054 0.995550334 0.002436221 -1.282691479 -0.916316390 0.087658107 -0.390743107 -25.318611145
-0.392160803 0.034313131 0.919256508 234.256134033 0.093403533 0.995624721 0.002682830 -1.297292471 -0.915142357 0.086913906 -0.393649906 -26.223987579
-0.395245016 0.034594040 0.917924106 236.392517090 0.092233844 0.995734990 0.002188055 -1.318592072 -0.913933456 0.085528471 -0.396749943 -27.140428543
-0.399089038 0.033944305 0.916283667 238.588653564 0.090570331 0.995886803 0.002554826 -1.333516955 -0.912427962 0.084007725 -0.400521815 -28.080686569
-0.402412653 0.033618763 0.914840877 240.756774902 0.089824289 0.995953381 0.002911654 -1.347197056 -0.911040962 0.083346605 -0.403804034 -29.025316238
-0.406085432 0.033785906 0.913210332 242.913726807 0.089503855 0.995982111 0.002952286 -1.365697980 -0.909441411 0.082934722 -0.407477856 -29.977775574
-0.409568489 0.033864480 0.911650658 245.066116333 0.089519307 0.995979905 0.003220471 -1.384719253 -0.907876611 0.082929336 -0.410953432 -30.940252304
-0.413760930 0.033108622 0.909783304 247.234191895 0.087920889 0.996120453 0.003735022 -1.402265191 -0.906130135 0.081534356 -0.415066749 -31.901435852
-0.417667657 0.032748617 0.908009470 249.365631104 0.086890437 0.996209681 0.004038345 -1.417691708 -0.904435515 0.080584042 -0.418930143 -32.870803833
-0.421096742 0.033982255 0.906378925 251.523986816 0.087635934 0.996146798 0.003367124 -1.436484098 -0.902772009 0.080849238 -0.422452301 -33.864353180
-0.424642146 0.034100823 0.904718816 253.651016235 0.087725110 0.996138096 0.003628355 -1.461807966 -0.901101172 0.080907315 -0.425993741 -34.856296539
-0.427801341 0.034208123 0.903225243 255.808486938 0.087830313 0.996127903 0.003873068 -1.475293040 -0.899595380 0.080987461 -0.429149300 -35.875328064
-0.431845576 0.034395032 0.901291490 257.942138672 0.086546831 0.996241808 0.003449611 -1.491730213 -0.897785544 0.079493649 -0.433199435 -36.875862122
-0.435192615 0.035159346 0.899650633 260.063476562 0.087320462 0.996174693 0.003308362 -1.511492610 -0.896092951 0.079997689 -0.436598033 -37.896778107
-0.438716680 0.035586949 0.897920668 262.194641113 0.087570190 0.996152878 0.003305918 -1.516381145 -0.894348443 0.080081418 -0.440145224 -38.929492950
-0.442006558 0.036898684 0.896252573 264.325836182 0.089125000 0.996016026 0.002947995 -1.525816917 -0.892573118 0.081181526 -0.443534285 -39.978679657
-0.445524186 0.039021309 0.894419074 266.463531494 0.091443196 0.995808065 0.002104635 -1.539598942 -0.890587628 0.082726203 -0.447224885 -41.038955688
-0.448567331 0.039617639 0.892870426 268.608947754 0.092724748 0.995688856 0.002403993 -1.555807590 -0.888925910 0.083869554 -0.450307041 -42.116699219
-0.451345116 0.041857291 0.891367197 270.740539551 0.094836168 0.995492101 0.001273602 -1.564558744 -0.887295723 0.085108683 -0.453280151 -43.200992584
-0.453789204 0.044409443 0.890001774 272.883331299 0.096661523 0.995317161 -0.000379249 -1.584925056 -0.885850966 0.085856818 -0.455956906 -44.281459808
-0.457168728 0.045059569 0.888237715 275.042968750 0.097399071 0.995245337 -0.000357455 -1.597812295 -0.884030640 0.086350136 -0.459383786 -45.362915039
-0.459748507 0.045754444 0.886869609 277.200988770 0.097832680 0.995202661 -0.000627509 -1.622872114 -0.882643819 0.086476363 -0.462019175 -46.469985962
-0.463199079 0.045761690 0.885071933 279.374237061 0.096703276 0.995312870 -0.000852285 -1.631326556 -0.880962610 0.085194603 -0.465453297 -47.596797943
-0.466466486 0.047444787 0.883265436 281.547698975 0.098089680 0.995176196 -0.001653366 -1.648099422 -0.879083276 0.085868008 -0.468870223 -48.730785370
-0.469016224 0.047437273 0.881914675 283.700592041 0.097150438 0.995267928 -0.001868270 -1.665458202 -0.877830029 0.084802166 -0.471405387 -49.881038666
-0.471466005 0.047516163 0.880603135 285.861511230 0.096086979 0.995370388 -0.002264869 -1.682004333 -0.876633942 0.083546683 -0.473848939 -51.038040161
-0.473617136 0.048439551 0.879397750 288.014312744 0.097850576 0.995198846 -0.002118806 -1.695558310 -0.875278175 0.085046083 -0.476083130 -52.199844360
-0.475624889 0.048385814 0.878316462 290.211395264 0.099778190 0.995009542 -0.000782569 -1.722187281 -0.873970985 0.087264627 -0.478079081 -53.380012512
-0.477580518 0.048676971 0.877238512 292.394836426 0.100858510 0.994900763 -0.000297183 -1.733623505 -0.872779727 0.088335022 -0.480054677 -54.567584991
-0.478891164 0.048508145 0.876533031 294.567413330 0.100910686 0.994895339 0.000073817 -1.746078014 -0.872055113 0.088486895 -0.481341690 -55.754779816
-0.481195927 0.048099458 0.875292420 296.771057129 0.100500956 0.994936824 0.000576640 -1.747886777 -0.870832980 0.088245206 -0.483593524 -56.958209991
-0.483811319 0.048521023 0.873826265 299.013244629 0.101648815 0.994819820 0.001040452 -1.750559092 -0.869249165 0.089326784 -0.486237198 -58.188648224
-0.486410171 0.047956791 0.872413397 301.237976074 0.101559006 0.994827628 0.001937835 -1.758826613 -0.867808104 0.089544028 -0.488764703 -59.415546417
-0.488581121 0.048786134 0.871153474 303.467651367 0.101162776 0.994869351 0.001022090 -1.773518562 -0.866634071 0.088627674 -0.491009742 -60.654415131
-0.491062760 0.051564295 0.869596720 305.687866211 0.101358861 0.994848371 -0.001753795 -1.786606431 -0.865207314 0.087280110 -0.493759573 -61.901260376
-0.494565636 0.050153822 0.867692053 307.918182373 0.098929390 0.995093822 -0.001130207 -1.807863712 -0.863491654 0.085281298 -0.497100830 -63.160480499
-0.498925984 0.048337560 0.865295529 310.127593994 0.096785784 0.995305240 0.000206082 -1.824017048 -0.861223102 0.083851136 -0.501262009 -64.411552429
-0.504152298 0.045945000 0.862391651 312.363006592 0.094492234 0.995523155 0.002202222 -1.839368343 -0.858429790 0.082599573 -0.506236732 -65.683937073
-0.509086490 0.044256046 0.859576881 314.607788086 0.092812888 0.995676816 0.003705401 -1.848540664 -0.855696619 0.081666194 -0.510993063 -66.990371704
-0.514186740 0.044754088 0.856509984 316.896301270 0.093236983 0.995636106 0.003949086 -1.846502423 -0.852595389 0.081888959 -0.516115665 -68.327987671
-0.517535806 0.047496859 0.854342222 319.123382568 0.097091451 0.995269358 0.003483550 -1.852812529 -0.850135207 0.084752187 -0.519699216 -69.693443298
-0.521929264 0.047411237 0.851670146 321.402313232 0.096635945 0.995312512 0.003813829 -1.852829099 -0.847497106 0.084292486 -0.524064362 -71.080223083
-0.526815116 0.047518201 0.848650515 323.668121338 0.097783796 0.995195150 0.004977427 -1.870448112 -0.844336510 0.085606471 -0.528930426 -72.457130432
-0.531009197 0.046547402 0.846086621 325.894561768 0.098621950 0.995099425 0.007150430 -1.881332040 -0.841607392 0.087239660 -0.532997429 -73.860130310
-0.534577966 0.044689558 0.843936682 328.126464844 0.096431978 0.995304227 0.008378227 -1.877038240 -0.839599490 0.085861295 -0.536377251 -75.281555176
-0.539069593 0.044375572 0.841091394 330.362060547 0.095539384 0.995387495 0.008716650 -1.880509615 -0.836824954 0.085056230 -0.540822804 -76.690315247
-0.543030262 0.044456977 0.838535428 332.574310303 0.095716901 0.995365977 0.009213950 -1.880676389 -0.834239900 0.085265458 -0.544769168 -78.117462158
-0.546962202 0.044463057 0.835975766 334.788543701 0.096499555 0.995280743 0.010201692 -1.877076864 -0.831577122 0.086251229 -0.548671544 -79.548866272
-0.552504420 0.044067420 0.832344234 337.052154541 0.096760258 0.995240867 0.011537028 -1.872669578 -0.827874601 0.086912118 -0.554138958 -81.007904053
-0.555499852 0.043087453 0.830399573 339.277465820 0.095494010 0.995354831 0.012234583 -1.869886994 -0.826015055 0.086094499 -0.557033896 -82.496711731
-0.559281588 0.042446963 0.827890277 341.510406494 0.095349334 0.995353878 0.013380242 -1.854606032 -0.823475838 0.086422093 -0.560730457 -83.982498169
-0.560518086 0.042278729 0.827062249 343.693725586 0.096327998 0.995245397 0.014407467 -1.842265487 -0.822520733 0.087744899 -0.561925650 -85.479736328
-0.563436687 0.041403238 0.825121105 345.909271240 0.094010368 0.995469332 0.014244260 -1.834042907 -0.820793033 0.085595682 -0.564776182 -86.993072510
-0.565666139 0.041007590 0.823614120 348.037719727 0.090713620 0.995795727 0.012722522 -1.819741726 -0.819629729 0.081909716 -0.567007899 -88.449028015
-0.569738448 0.040367860 0.820833981 350.239990234 0.087267190 0.996117592 0.011583756 -1.809458256 -0.817179501 0.078231581 -0.571049452 -89.922798157
-0.571737647 0.037656285 0.819572031 352.380279541 0.085671969 0.996225119 0.013992367 -1.815099835 -0.815951347 0.078214310 -0.572805524 -91.429344177
-0.575700879 0.037263408 0.816810787 354.573455811 0.086427346 0.996138036 0.015470902 -1.802096725 -0.813079834 0.079501413 -0.576698065 -92.941909790
-0.578367114 0.037560266 0.814911425 356.749053955 0.085851610 0.996194780 0.015015632 -1.787553668 -0.811246574 0.078646004 -0.579390883 -94.481575012
-0.582581520 0.035886057 0.811979651 358.977783203 0.082987241 0.996429980 0.015503941 -1.777694106 -0.808524489 0.076416247 -0.583479822 -96.024421692
-0.586100936 0.031935103 0.809608459 361.178955078 0.080629952 0.996561825 0.019061046 -1.766063094 -0.806216180 0.076450385 -0.586660743 -97.581459045
-0.589577138 0.029637977 0.807168126 363.383789062 0.078328848 0.996714354 0.020615663 -1.742190719 -0.803905070 0.075379066 -0.589961529 -99.152931213
-0.593172014 0.028811924 0.804560006 365.596771240 0.076937087 0.996814311 0.021026142 -1.712898254 -0.801391065 0.074372634 -0.593499005 -100.739089966
-0.596249402 0.029212000 0.802267611 367.772216797 0.076572128 0.996850967 0.020611668 -1.684476614 -0.799139023 0.073721036 -0.596608579 -102.314361572
-0.599190593 0.028605111 0.800095260 370.012634277 0.076464526 0.996837735 0.021625137 -1.662877679 -0.796946585 0.074136481 -0.599483073 -103.950782776
-0.601947308 0.027940040 0.798046887 372.167144775 0.076115035 0.996844888 0.022511663 -1.638282657 -0.794899940 0.074294202 -0.602174819 -105.555213928
-0.605087101 0.026457768 0.795719624 374.377166748 0.072796792 0.997099757 0.022203032 -1.612510920 -0.792824090 0.071360603 -0.605258286 -107.190170288
-0.608486533 0.022865990 0.793234766 376.532714844 0.062790692 0.997838080 0.019402502 -1.590719461 -0.791076064 0.061613914 -0.608606935 -108.797889709
-0.612226248 0.025546208 0.790269792 378.692016602 0.055368129 0.998409510 0.010619471 -1.583213210 -0.788741648 0.050257280 -0.612666965 -110.416130066
-0.615206361 0.035565034 0.787563384 380.838134766 0.065373227 0.997842789 0.006005495 -1.589000106 -0.785650849 0.055180188 -0.616204262 -112.066818237
-0.616346121 0.036684290 0.786620438 382.990997314 0.072833188 0.997288167 0.010558645 -1.595075369 -0.784099996 0.063799858 -0.617346585 -113.729751587
-0.618363500 0.027600916 0.785407305 385.126708984 0.071901031 0.997178555 0.021565791 -1.574481964 -0.782596111 0.069807082 -0.618603349 -115.397445679
-0.622132540 0.016785879 0.782732010 387.275451660 0.065429509 0.997387528 0.030615592 -1.530552268 -0.780173123 0.070260726 -0.621605456 -117.050071716
-0.625643969 0.010628690 0.780036330 389.390472412 0.059666455 0.997630119 0.034263093 -1.477392077 -0.777823567 0.067978494 -0.624795496 -118.697601318
-0.628151000 0.010386357 0.778022170 391.489715576 0.058492742 0.997711837 0.033906087 -1.414420843 -0.775889695 0.066806793 -0.627321184 -120.365074158
-0.630636334 0.015472171 0.775924206 393.565399170 0.064054854 0.997427642 0.032171886 -1.368139505 -0.773430526 0.069990478 -0.630005181 -122.046760559
-0.633038640 0.022047935 0.773806155 395.624084473 0.068442807 0.997273862 0.027576813 -1.316559434 -0.771088660 0.070418656 -0.632821858 -123.711196899
-0.635732234 0.024761153 0.771512449 397.657257080 0.069247834 0.997284830 0.025053583 -1.288119912 -0.768797278 0.069352932 -0.635720730 -125.361267090
-0.638974607 0.024931062 0.768823802 399.758331299 0.069159195 0.997288823 0.025139045 -1.246651649 -0.766112506 0.069234423 -0.638966441 -127.076446533
-0.641762614 0.023947207 0.766529381 401.865081787 0.070138432 0.997156143 0.027569881 -1.209828377 -0.763689339 0.071456492 -0.641617179 -128.824295044
-0.644063711 0.023623465 0.764606893 403.921112061 0.070789441 0.997074783 0.028823370 -1.156062484 -0.761689305 0.072690181 -0.643851936 -130.553970337
-0.645954907 0.023698736 0.763007641 405.981872559 0.071219742 0.997029424 0.029326584 -1.113121390 -0.760046005 0.073284850 -0.645723879 -132.276184082
-0.647679389 0.023907028 0.761537850 408.064392090 0.071497396 0.997004151 0.029508689 -1.067683458 -0.758550942 0.073560134 -0.647448361 -134.017257690
-0.649197102 0.024907561 0.760212243 410.127716064 0.072831541 0.996906877 0.029533213 -1.020484686 -0.757125258 0.074540317 -0.649003088 -135.764511108
-0.650586665 0.024097426 0.759049654 412.172302246 0.073476709 0.996804595 0.031332005 -0.967479944 -0.755869150 0.076156653 -0.650278389 -137.493820190
-0.651556134 0.023604495 0.758233190 414.242187500 0.075833470 0.996535957 0.034141276 -0.913787365 -0.754800558 0.079744406 -0.651089132 -139.273513794
-0.652823985 0.023229301 0.757153451 416.288024902 0.077279978 0.996356964 0.036063418 -0.851500094 -0.753557503 0.082055852 -0.652240932 -141.016510010
-0.654140055 0.023517368 0.756007791 418.317321777 0.076123208 0.996488571 0.034867961 -0.788740516 -0.752533078 0.080358267 -0.653633296 -142.760726929
-0.655967355 0.023608517 0.754420042 420.344726562 0.072043300 0.996905684 0.031444792 -0.729340732 -0.751343191 0.074977659 -0.655638337 -144.494400024
-0.657375991 0.022933245 0.753213644 422.354888916 0.068951793 0.997174263 0.029817320 -0.676529229 -0.750401556 0.071536623 -0.657099664 -146.228103638
-0.658396840 0.022176450 0.752344251 424.363464355 0.068303183 0.997201920 0.030379970 -0.627476215 -0.749565423 0.071389586 -0.658069253 -147.963958740
-0.659442306 0.021043308 0.751460552 426.367706299 0.066417322 0.997330070 0.030355910 -0.576436102 -0.748815417 0.069927976 -0.659079254 -149.695449829
-0.660019994 0.019886244 0.750984669 428.393249512 0.063314065 0.997565508 0.029229250 -0.527482867 -0.748575151 0.066839777 -0.659672260 -151.457702637
-0.660623610 0.019072678 0.750474930 430.400390625 0.062112700 0.997638345 0.029322065 -0.480475038 -0.748143315 0.065984868 -0.660248041 -153.206619263
-0.661348164 0.017920792 0.749864936 432.392272949 0.063039936 0.997505486 0.031759396 -0.428718626 -0.747425318 0.068275467 -0.660828173 -154.944808960
-0.661276817 0.017085165 0.749947369 434.396636963 0.065680750 0.997219682 0.035196450 -0.368905395 -0.747260988 0.072531693 -0.660560489 -156.694488525
-0.660593748 0.015840268 0.750576437 436.411437988 0.070252001 0.996694684 0.040795472 -0.301467776 -0.747449398 0.079678722 -0.659523129 -158.453338623
-0.659117281 0.014678449 0.751896918 438.425476074 0.073555186 0.996273994 0.045029748 -0.221149489 -0.748434365 0.084985785 -0.657741129 -160.206832886
-0.657471359 0.012202638 0.753380716 440.415527344 0.067666374 0.996784985 0.042906988 -0.135679990 -0.750434995 0.079188660 -0.656183243 -161.924316406
-0.657045364 0.011537590 0.753762722 442.433074951 0.060451202 0.997469187 0.037426636 -0.059453137 -0.751423299 0.070156850 -0.656080008 -163.645950317
-0.655246913 0.009361531 0.755356789 444.455291748 0.055742361 0.997796357 0.035988443 0.004006683 -0.753355324 0.065686680 -0.654324889 -165.384872437
-0.652765214 0.009509003 0.757500648 446.472503662 0.054298323 0.997936726 0.034263581 0.065630019 -0.755611837 0.063497081 -0.651934862 -167.102478027
-0.650523424 0.010091382 0.759419084 448.495880127 0.055997871 0.997827411 0.034708738 0.127497539 -0.757418990 0.065104716 -0.649675131 -168.811721802
-0.647764862 0.009937871 0.761775553 450.515380859 0.056684751 0.997771978 0.035184458 0.189252764 -0.759728611 0.065972306 -0.646884918 -170.517532349
-0.644943476 0.010656829 0.764156044 452.523742676 0.054195464 0.998023152 0.031822369 0.246538669 -0.762306213 0.061937414 -0.644246161 -172.204177856
-0.643934309 0.005607474 0.765060306 454.567291260 0.047468826 0.998339415 0.032636181 0.298849821 -0.763606787 0.057332065 -0.643131316 -173.887863159
-0.642733693 -0.000400771 0.766089499 456.600158691 0.038962178 0.998688638 0.033210941 0.351525247 -0.765098274 0.051194318 -0.641875207 -175.563003540
-0.642523885 -0.003786256 0.766256273 458.650848389 0.031688437 0.999001026 0.031507798 0.405743599 -0.765610158 0.044525977 -0.641762078 -177.235580444
-0.641791999 -0.004327225 0.766866565 460.694305420 0.029860891 0.999084711 0.030628206 0.456412137 -0.766297042 0.042556252 -0.641075253 -178.922454834
-0.640412688 -0.004056211 0.768020272 462.735076904 0.032351829 0.998956025 0.032252401 0.506761491 -0.767349303 0.045501709 -0.639612913 -180.612686157
-0.638857126 -0.005249075 0.769307435 464.789184570 0.033493612 0.998838842 0.034629337 0.562191904 -0.768595994 0.047890089 -0.637939394 -182.290634155
-0.637881815 -0.007472699 0.770097971 466.799285889 0.032106023 0.998825490 0.036285996 0.626011968 -0.769464612 0.047870975 -0.636892796 -183.920166016
-0.636852145 -0.007747684 0.770947039 468.869598389 0.030001810 0.998943090 0.034822371 0.691428304 -0.770402014 0.045306507 -0.635946572 -185.601196289
-0.635746956 -0.006931891 0.771866441 470.925292969 0.028638192 0.999059319 0.032560062 0.749749362 -0.771366119 0.042804822 -0.634950459 -187.266647339
-0.634361327 -0.005561947 0.773016512 472.970672607 0.029264573 0.999084532 0.031203944 0.800157487 -0.772482395 0.042416576 -0.633617878 -188.934799194
-0.634038806 -0.005249105 0.773283362 475.018371582 0.031000655 0.999000490 0.032199677 0.850462496 -0.772679567 0.044388130 -0.633242548 -190.573013306
