1.000000000 0.000000000 0.000000000 0.000000000 0.000000000 1.000000000 0.000000000 0.000000000 0.000000000 0.000000000 1.000000000 0.000000000
0.999041080 -0.000588505 0.043778233 0.045711514 0.000692643 0.999996960 -0.002363616 -0.019848689 -0.043776710 0.002391672 0.999038458 1.026231170
0.996026158 -0.004677411 0.088938542 0.138236493 0.005357381 0.999958217 -0.007408235 -0.037373956 -0.088900179 0.007855274 0.996009588 2.047722101
0.990871727 -0.004238160 0.134742215 0.270157278 0.005849983 0.999915957 -0.011568597 -0.058141027 -0.134681866 0.012251233 0.990813255 3.057232141
0.983536661 -0.001133004 0.180705026 0.449127614 0.003654457 0.999900520 -0.013621101 -0.090538613 -0.180671602 0.014057234 0.983442962 4.087700367
0.973992407 -0.003734678 0.226549655 0.684392631 0.006988454 0.999883533 -0.013561963 -0.121731453 -0.226472646 0.014792482 0.973905146 5.089371681
0.962305129 -0.004176749 0.271939993 0.957193911 0.008550698 0.999852359 -0.014901264 -0.151016146 -0.271837622 0.016664838 0.962198853 6.097790718
0.948747635 -0.006747019 0.315962732 1.282975197 0.012925753 0.999763966 -0.017463615 -0.184711009 -0.315770268 0.020652624 0.948610902 7.081737995
0.933547318 -0.008449402 0.358354539 1.655100465 0.016473472 0.999677181 -0.019344216 -0.215303123 -0.358075470 0.023962090 0.933385134 8.038014412
0.916195035 -0.008379777 0.400644869 2.065227509 0.017987655 0.999633670 -0.020226125 -0.246490121 -0.400328577 0.025737742 0.916010141 8.975984573
0.896681964 -0.009086266 0.442582071 2.529791117 0.019423010 0.999634027 -0.018828873 -0.283603221 -0.442249000 0.025479782 0.896530330 9.901597023
0.874915659 -0.008764349 0.484196067 3.015534639 0.019946242 0.999639928 -0.017947448 -0.317965746 -0.483864427 0.025360391 0.874775469 10.782032013
0.850788653 -0.008998017 0.525431097 3.557135820 0.020892786 0.999642015 -0.016711127 -0.355573028 -0.525092721 0.025195349 0.850672007 11.664136887
0.825385928 -0.009447856 0.564489782 4.131672859 0.022851376 0.999599695 -0.016682554 -0.390391111 -0.564106166 0.026668916 0.825271368 12.496955872
0.797877312 -0.010668986 0.602725446 4.745000362 0.025631841 0.999539614 -0.016237894 -0.428028762 -0.602274716 0.028404811 0.797783315 13.317685127
0.769206762 -0.009962219 0.638922215 5.427392483 0.026917307 0.999496043 -0.016821725 -0.462425023 -0.638432741 0.030137459 0.769087315 14.136762619
0.738601327 -0.012964742 0.674017727 6.104815960 0.031530146 0.999385238 -0.015328133 -0.495232135 -0.673404753 0.032573257 0.738556087 14.869021416
0.706500173 -0.012300195 0.707606018 6.846940517 0.032190181 0.999372661 -0.014767953 -0.525228322 -0.706980467 0.033211526 0.706452847 15.609163284
0.672468901 -0.011088301 0.740042329 7.603214264 0.033399813 0.999323845 -0.015376870 -0.560443401 -0.739371359 0.035057738 0.672384560 16.287908554
0.636900008 -0.012169875 0.770850480 8.405439377 0.038193896 0.999145687 -0.015782848 -0.583174944 -0.769999743 0.039493874 0.636820793 16.950588226
0.600240707 -0.010325137 0.799752831 9.193113327 0.038083781 0.999151528 -0.015683670 -0.614081025 -0.798912227 0.039871588 0.600124598 17.536561966
0.562439322 -0.009359389 0.826785624 10.052483559 0.041448202 0.998997927 -0.016887199 -0.643973768 -0.825799048 0.043766808 0.562263608 18.122108459
0.523424327 -0.007571738 0.852038682 10.894126892 0.045940656 0.998756707 -0.019346694 -0.669819355 -0.850832880 0.049269743 0.523121357 18.641111374
0.484777719 -0.006703160 0.874611676 11.800064087 0.047758229 0.998681605 -0.018817272 -0.697670221 -0.873332500 0.050892096 0.484458804 19.134532928
0.446303934 -0.008385096 0.894842148 12.699841499 0.052903410 0.998454392 -0.017029669 -0.724331796 -0.893316269 0.054940607 0.446057767 19.576068878
0.409462661 -0.009104931 0.912281454 13.666210175 0.057074629 0.998247147 -0.015654106 -0.750048041 -0.910539865 0.058477893 0.409264505 19.997936249
0.374278158 -0.006586949 0.927293003 14.598360062 0.058720499 0.998136282 -0.016610850 -0.775440991 -0.925455391 0.060668185 0.373967379 20.366294861
0.340771526 -0.007421467 0.940116823 15.572993279 0.059162766 0.998156190 -0.013565555 -0.800446749 -0.938282728 0.060242668 0.340582341 20.717967987
0.307254642 -0.009135272 0.951583505 16.570901871 0.061652169 0.998044312 -0.010325425 -0.824760020 -0.949628174 0.061839722 0.307216883 21.034519196
0.274608552 -0.008899891 0.961514890 17.565105438 0.062277023 0.998022318 -0.008548503 -0.844478667 -0.959537268 0.062227778 0.274619699 21.312597275
0.242449388 -0.006160451 0.970144629 18.562728882 0.059625812 0.998184025 -0.008562614 -0.870283723 -0.968330026 0.059921648 0.242376432 21.560909271
0.211701930 -0.004549087 0.977323711 19.592273712 0.059523251 0.998192847 -0.008247340 -0.884811819 -0.975520015 0.059919462 0.211590126 21.780138016
0.180927426 -0.004438673 0.983486414 20.626598358 0.061260287 0.998098850 -0.006765148 -0.905905247 -0.981586695 0.061472658 0.180855379 21.973712921
0.150319487 -0.004533385 0.988627017 21.703432083 0.063104786 0.997994304 -0.005018663 -0.918364346 -0.986621439 0.063141502 0.150304049 22.128017426
0.119853660 -0.005226270 0.992777944 22.788743973 0.061583221 0.998099506 -0.002180383 -0.933024347 -0.990879655 0.061399784 0.119947739 22.259284973
0.090744048 -0.005583932 0.995858610 23.876155853 0.062321853 0.998056054 -0.000082603 -0.946166992 -0.993922234 0.062071249 0.090915658 22.351190567
0.063584827 -0.005389725 0.997961879 25.003952026 0.064928412 0.997889161 0.001252441 -0.952986360 -0.995862067 0.064716443 0.063800536 22.413591385
0.038452346 -0.004799440 0.999248922 26.133295059 0.069055371 0.997610509 0.002134234 -0.959360719 -0.996871471 0.068921439 0.038691893 22.449491501
0.015663778 -0.004461943 0.999867320 27.308347702 0.073127955 0.997317076 0.003304950 -0.963368297 -0.997199476 0.073066495 0.015948050 22.456752777
-0.004298392 -0.004599593 0.999980211 28.468286514 0.078876346 0.996872187 0.004924345 -0.965006113 -0.996875107 0.078895949 -0.003922149 22.441303253
-0.021665676 -0.005134098 0.999752104 29.662483215 0.083382487 0.996493578 0.006924350 -0.964816332 -0.996281981 0.083511844 -0.021161614 22.401374817
-0.037317567 -0.004838526 0.999291658 30.872049332 0.086622111 0.996208787 0.008058414 -0.961310267 -0.995542049 0.086861461 -0.036756955 22.345829010
-0.051790729 -0.005495871 0.998642862 32.081802368 0.088775136 0.996000648 0.010085308 -0.958037138 -0.994704306 0.089176990 -0.051095702 22.289018631
-0.064953715 -0.006703302 0.997865677 33.297260284 0.088787623 0.995972455 0.012470004 -0.957106650 -0.993930399 0.089408085 -0.064096943 22.203498840
-0.077276446 -0.006436887 0.996988952 34.506263733 0.088526458 0.995985091 0.013292079 -0.952148616 -0.993071735 0.089287058 -0.076396361 22.117404938
-0.088632360 -0.003673570 0.996057570 35.737178802 0.088459745 0.996012866 0.011544833 -0.947883070 -0.992128551 0.089134261 -0.087954007 22.014726639
-0.098714665 -0.000102796 0.995115757 36.965534210 0.088925615 0.995998263 0.008924237 -0.938500881 -0.991134524 0.089372240 -0.098310508 21.893230438
-0.107990570 0.002159021 0.994149566 38.217708588 0.090225622 0.995892048 0.007638050 -0.937916577 -0.990049183 0.090522602 -0.107741751 21.755943298
-0.115646906 0.003421666 0.993284464 39.506641388 0.090127133 0.995905161 0.007062699 -0.928373814 -0.989192963 0.090338662 -0.115481764 21.616962433
-0.121349640 0.004027757 0.992601633 40.818786621 0.089660883 0.995948315 0.006920076 -0.923890948 -0.988552213 0.089837313 -0.121219069 21.458412170
-0.126447946 0.005739624 0.991956651 42.139087677 0.091042750 0.995829761 0.005843482 -0.918291092 -0.987786472 0.091049351 -0.126443192 21.294839859
-0.131201774 0.007418624 0.991327941 43.474887848 0.089855455 0.995944917 0.004439151 -0.911260724 -0.987275064 0.089658640 -0.131336376 21.125038147
-0.135859504 0.008170661 0.990694463 44.861392975 0.090585887 0.995879769 0.004209127 -0.907835186 -0.986578047 0.090314791 -0.136039868 20.949493408
-0.138444677 0.007301886 0.990343392 46.247993469 0.090122625 0.995916784 0.005255677 -0.902872324 -0.986261129 0.089979939 -0.138537452 20.753881454
-0.140965849 0.005807922 0.989997506 47.685317993 0.090942733 0.995830774 0.007107200 -0.895456314 -0.985828638 0.091034926 -0.140906319 20.545335770
-0.142745465 0.003988238 0.989751339 49.088226318 0.090972796 0.995811701 0.009107764 -0.899146378 -0.985569656 0.091340557 -0.142510429 20.340612411
-0.145180151 0.004601355 0.989394546 50.522560120 0.093824424 0.995546818 0.009137489 -0.895788074 -0.984946549 0.094155960 -0.144965380 20.147787094
-0.146280229 0.004958273 0.989230692 52.013767242 0.093256414 0.995603204 0.008799860 -0.873033822 -0.984837711 0.093539342 -0.146099448 19.911983490
-0.146929681 0.006618472 0.989124775 53.483219147 0.095478326 0.995403111 0.007522357 -0.858714998 -0.984528065 0.095545232 -0.146886155 19.696332932
-0.146689519 0.006663309 0.989160061 54.971950531 0.095211372 0.995429456 0.007414022 -0.852639675 -0.984589696 0.095266841 -0.146653458 19.469444275
-0.146164745 0.008306560 0.989225328 56.486991882 0.094833307 0.995477140 0.005653205 -0.842192471 -0.984704256 0.094637811 -0.146291345 19.249258041
-0.144311070 0.008373337 0.989496887 58.023616791 0.095601209 0.995404541 0.005519428 -0.833648860 -0.984903395 0.095393628 -0.144448340 19.012977600
-0.143117726 0.006965543 0.989681125 59.592456818 0.095006473 0.995453894 0.006732708 -0.836498857 -0.985135078 0.094989687 -0.143128887 18.794481277
-0.141729385 0.007717844 0.989875376 61.172370911 0.096008562 0.995362461 0.005985784 -0.832615733 -0.985238612 0.095884852 -0.141813099 18.566398621
-0.140831724 0.008287577 0.989998877 62.765327454 0.095744006 0.995391965 0.005287282 -0.826605082 -0.985393047 0.095531061 -0.140976250 18.351253510
-0.139993310 0.008913991 0.990112305 64.373687744 0.096720532 0.995300412 0.004714745 -0.824002683 -0.985417187 0.096424215 -0.140197560 18.126907349
-0.139047891 0.008719658 0.990247250 65.992759705 0.096351765 0.995335937 0.004764984 -0.819287539 -0.985587239 0.096074618 -0.139239505 17.895584106
-0.137665868 0.007466778 0.990450561 67.645065308 0.098449834 0.995122731 0.006181854 -0.810137808 -0.985573828 0.098360732 -0.137729540 17.658039093
-0.137444213 0.005523905 0.990494132 69.338752747 0.100644469 0.994886875 0.008417354 -0.808304191 -0.985383034 0.100844674 -0.137297392 17.415233612
-0.136280432 0.006585455 0.990648448 71.029182434 0.102074243 0.994749010 0.007429322 -0.804337144 -0.985397577 0.102132156 -0.136237040 17.177330017
-0.136083633 0.008556945 0.990660369 72.714454651 0.103903376 0.994571149 0.005682128 -0.794224143 -0.985233605 0.103706196 -0.136233971 16.949739456
-0.135165662 0.008240039 0.990788758 74.419120789 0.102899037 0.994675040 0.005765363 -0.791512012 -0.985465348 0.102730490 -0.135293812 16.717178345
-0.135320887 0.007986286 0.990769625 76.165740967 0.103336111 0.994627953 0.006096425 -0.791318893 -0.985398352 0.103207253 -0.135419190 16.477642059
-0.134989142 0.007161385 0.990821183 77.897270203 0.103374131 0.994618654 0.006894822 -0.784265757 -0.985439837 0.103355996 -0.135002986 16.238237381
-0.134938195 0.007373692 0.990826607 79.615257263 0.104657479 0.994484723 0.006852123 -0.782083690 -0.985311389 0.104622006 -0.134965688 16.010526657
-0.134879529 0.007411220 0.990834296 81.384857178 0.105802633 0.994362772 0.006965003 -0.771957219 -0.985197127 0.105772302 -0.134903282 15.768285751
-0.134895042 0.008465391 0.990823746 83.155891418 0.106021129 0.994346142 0.005938691 -0.765169501 -0.985171497 0.105849355 -0.135029867 15.524868965
-0.135461673 0.009561010 0.990736365 84.955436707 0.105759129 0.994379878 0.004864089 -0.758751035 -0.985121846 0.105438314 -0.135711521 15.278400421
-0.136390239 0.010233936 0.990602314 86.753425598 0.105117954 0.994450867 0.004199385 -0.762452364 -0.985062420 0.104702845 -0.136709198 15.030990601
-0.137888685 0.010845001 0.990388274 88.558944702 0.104390129 0.994529724 0.003643561 -0.764308214 -0.984931171 0.103889190 -0.138266474 14.792444229
-0.139022619 0.009956736 0.990239143 90.381629944 0.103243276 0.994646013 0.004493586 -0.767379463 -0.984892607 0.102860250 -0.139306247 14.546816826
-0.140127644 0.009693149 0.990086019 92.218559265 0.103292249 0.994639039 0.004881305 -0.768476903 -0.984730899 0.102952212 -0.140377671 14.293460846
-0.140351936 0.008825346 0.990062356 94.070281982 0.100991637 0.994872332 0.005448423 -0.766245008 -0.984937549 0.100752711 -0.140523538 14.031731606
-0.142155290 0.009608778 0.989797652 95.904220581 0.100784205 0.994896650 0.004816407 -0.769590259 -0.984700143 0.100440659 -0.142398253 13.777544022
-0.144497678 0.010423616 0.989450157 97.778961182 0.099871732 0.994991839 0.004103105 -0.768120170 -0.984452307 0.099410981 -0.144815043 13.500298500
-0.148412347 0.011377240 0.988860130 99.651344299 0.100413457 0.994939208 0.003623294 -0.766180873 -0.983814478 0.099832572 -0.148803681 13.217442513
-0.152985528 0.010461481 0.988173008 101.532943726 0.098361969 0.995139658 0.004692830 -0.769179761 -0.983321011 0.097916603 -0.153271005 12.934870720
-0.157827258 0.009726931 0.987418771 103.431503296 0.096992441 0.995268762 0.005698839 -0.773438513 -0.982691705 0.096671596 -0.158023968 12.641719818
-0.162275255 0.010461784 0.986690044 105.328277588 0.095659219 0.995400667 0.005178384 -0.777440667 -0.982097805 0.095226340 -0.162529662 12.332670212
-0.166455865 0.012367636 0.985971332 107.241996765 0.096209541 0.995353997 0.003757179 -0.776768982 -0.981343985 0.095485248 -0.166872412 11.999494553
-0.171311989 0.013854166 0.985119343 109.163642883 0.095938288 0.995383680 0.002685130 -0.790415287 -0.980534554 0.094970681 -0.171850309 11.675386429
-0.176001951 0.013708548 0.984294355 111.098449707 0.094751664 0.995496154 0.003078009 -0.803531528 -0.979819059 0.093805268 -0.176508144 11.336555481
-0.181042746 0.013602628 0.983381152 113.042953491 0.092846453 0.995674849 0.003320571 -0.807190001 -0.979082763 0.091904625 -0.181522712 10.989995956
-0.185826719 0.013159382 0.982494354 115.009651184 0.090914860 0.995851219 0.003857148 -0.808636785 -0.978367507 0.090040103 -0.186252177 10.619388580
-0.191949069 0.012369953 0.981326938 116.948295593 0.089936405 0.995934784 0.005037611 -0.814300716 -0.977275312 0.089223966 -0.192281261 10.261713028
-0.197414383 0.012117723 0.980245292 118.928222656 0.090511441 0.995877862 0.005917385 -0.818596303 -0.976132810 0.089891575 -0.197697416 9.865467072
-0.202605769 0.013672345 0.979164958 120.869125366 0.090891831 0.995848715 0.004901744 -0.819250226 -0.975033104 0.089991219 -0.203007370 9.471681595
-0.208051965 0.014792574 0.978005946 122.828094482 0.090454005 0.995891929 0.004179249 -0.824870825 -0.973926306 0.089334071 -0.208535299 9.063638687
-0.214284062 0.014773742 0.976659656 124.824684143 0.090653792 0.995870769 0.004825559 -0.819010973 -0.972555518 0.089571945 -0.214738563 8.650793076
-0.219791457 0.014593374 0.975437582 126.803749084 0.089795783 0.995945930 0.005333127 -0.823457718 -0.971405387 0.088762373 -0.220210820 8.211915970
-0.224911124 0.015390006 0.974257708 128.785476685 0.089022264 0.996017873 0.004817386 -0.823791385 -0.970304072 0.087814115 -0.225385606 7.758504868
-0.230344579 0.015887270 0.972979426 130.780960083 0.088173106 0.996094465 0.004609524 -0.828366458 -0.969106197 0.086852394 -0.230845794 7.305688858
-0.234848663 0.015363276 0.971910536 132.776931763 0.089281455 0.995989382 0.005829718 -0.826326847 -0.967922986 0.088142678 -0.235278398 6.828573227
-0.238520309 0.015582521 0.971012473 134.778121948 0.091867834 0.995749414 0.006587007 -0.820287704 -0.966782391 0.090775959 -0.238938004 6.335067749
-0.241974548 0.016342964 0.970144928 136.780609131 0.093178019 0.995628417 0.006468313 -0.821845472 -0.965798140 0.091961384 -0.242439553 5.836385727
-0.245024234 0.016950665 0.969368756 138.784210205 0.093650430 0.995585442 0.006262632 -0.822762251 -0.964983284 0.092316315 -0.245530069 5.330089569
-0.248702064 0.017056573 0.968429863 140.820129395 0.092757106 0.995668888 0.006284588 -0.822528601 -0.964128315 0.091391742 -0.249207050 4.820106506
-0.252060980 0.017306428 0.967556536 142.830902100 0.091342404 0.995801508 0.005984231 -0.830441058 -0.963390827 0.089887343 -0.252583504 4.290782928
-0.256942332 0.017954361 0.966259956 144.863143921 0.090421319 0.995888114 0.005539429 -0.836972356 -0.962187409 0.088793814 -0.257509291 3.764179230
-0.261278093 0.017093515 0.965112209 146.891433716 0.088775173 0.996031165 0.006392357 -0.843843043 -0.961172581 0.087348200 -0.261758596 3.223899841
-0.265795469 0.017554946 0.963869572 148.916793823 0.089145578 0.995997787 0.006442574 -0.847861946 -0.959898889 0.087637104 -0.266296655 2.669490814
-0.270621032 0.017805731 0.962521195 150.970581055 0.088328935 0.996070683 0.006408070 -0.851375282 -0.958625138 0.086752638 -0.271130472 2.104190826
-0.275659561 0.017909400 0.961088479 153.022872925 0.087801106 0.996116042 0.006621009 -0.853003204 -0.957237065 0.086209789 -0.276161373 1.535617828
-0.279938340 0.017324936 0.959861755 155.057250977 0.087772667 0.996111393 0.007619196 -0.856400847 -0.955997109 0.086382538 -0.280370444 0.949729919
-0.284686685 0.017339153 0.958463788 157.118835449 0.088198312 0.996069312 0.008177554 -0.857316256 -0.954554617 0.086862922 -0.285096973 0.356189728
-0.289094418 0.017937798 0.957132459 159.201461792 0.088838890 0.996012509 0.008166642 -0.858122230 -0.953169405 0.087391526 -0.289535254 -0.255588531
-0.292652965 0.019106554 0.956027746 161.265090942 0.089221828 0.995984256 0.007406901 -0.856341958 -0.952047110 0.087466188 -0.293182492 -0.883712769
-0.296295434 0.020756740 0.954870760 163.318374634 0.089345194 0.995982230 0.006073320 -0.860368252 -0.950908184 0.087112620 -0.296959549 -1.510124207
-0.299922019 0.022160945 0.953706205 165.403274536 0.090086877 0.995920420 0.005188707 -0.859057248 -0.949700475 0.087472625 -0.300694883 -2.154895782
-0.303285927 0.022739045 0.952628255 167.483200073 0.089461498 0.995979130 0.004707816 -0.862370074 -0.948690832 0.086651348 -0.304100782 -2.807971954
-0.307029426 0.022754164 0.951428056 169.573303223 0.089872651 0.995939791 0.005183545 -0.872264922 -0.947447002 0.087098859 -0.307827830 -3.471088409
-0.311138272 0.022974765 0.950086892 171.665176392 0.089495547 0.995973527 0.005223985 -0.872835636 -0.946141303 0.086653948 -0.311941624 -4.140323639
-0.314816147 0.024146991 0.948845446 173.746932983 0.092000775 0.995745420 0.005184272 -0.877456546 -0.944683373 0.088926606 -0.315698296 -4.837448120
-0.317981601 0.024444221 0.947781742 175.842712402 0.094156720 0.995539844 0.005913711 -0.880965292 -0.943409920 0.091120452 -0.318864912 -5.538681030
-0.320357651 0.024167169 0.946988344 177.916732788 0.095148318 0.995440006 0.006784161 -0.883664370 -0.942506135 0.092277706 -0.321196228 -6.245010376
-0.323197842 0.023808138 0.946031868 180.002182007 0.094783947 0.995470881 0.007329201 -0.881183505 -0.941572666 0.092037410 -0.323990643 -6.948440552
-0.326433867 0.024459880 0.944903493 182.136001587 0.093950592 0.995554388 0.006685888 -0.880883813 -0.940539241 0.090956748 -0.327280730 -7.677188873
-0.329203457 0.026402637 0.943889737 184.235198975 0.093264036 0.995630443 0.004678061 -0.884949088 -0.939641893 0.089571021 -0.330227375 -8.403541565
-0.332547009 0.028607335 0.942652702 186.358779907 0.093031734 0.995659769 0.002603557 -0.886348248 -0.938486874 0.088562422 -0.333765060 -9.143596649
-0.335897744 0.029393144 0.941439748 188.477508545 0.092134438 0.995745122 0.001784165 -0.902709126 -0.937381446 0.087338336 -0.337176621 -9.889499664
-0.339654714 0.030525364 0.940054655 190.635208130 0.090430021 0.995902896 0.000334767 -0.909579098 -0.936192811 0.085122883 -0.341023535 -10.651489258
-0.342571557 0.030769829 0.938987672 192.756469727 0.091382615 0.995815516 0.000707148 -0.925812364 -0.935036898 0.086049400 -0.343949825 -11.442382812
-0.346260875 0.029929621 0.937660635 194.918273926 0.090770550 0.995870471 0.001732267 -0.936137855 -0.933736622 0.085711814 -0.347547710 -12.229213715
-0.349525481 0.029147658 0.936473370 197.067718506 0.090742178 0.995870292 0.002871865 -0.951093972 -0.932522297 0.085981436 -0.350726962 -13.035427094
-0.353374898 0.028955385 0.935033560 199.225540161 0.090598479 0.995881617 0.003399975 -0.959125221 -0.931084394 0.085914075 -0.354542881 -13.844856262
-0.356821984 0.029252535 0.933714271 201.375137329 0.089902543 0.995945573 0.003154363 -0.968798697 -0.929836333 0.085068829 -0.358005226 -14.659667969
-0.360658884 0.029826852 0.932220757 203.532623291 0.089328893 0.995998681 0.002692239 -0.985698402 -0.928410172 0.084245227 -0.361880094 -15.488285065
-0.364075005 0.030337017 0.930875421 205.712814331 0.088883184 0.996039391 0.002302443 -0.995797515 -0.927118659 0.083577454 -0.365329534 -16.327110291
-0.366745681 0.031183792 0.929798424 207.819030762 0.090276152 0.995914340 0.002206939 -1.014791489 -0.925930738 0.084748022 -0.368062466 -17.158153534
-0.369330943 0.030737238 0.928789377 209.966247559 0.091246694 0.995822847 0.003328405 -1.033872128 -0.924807370 0.085978247 -0.370592803 -18.009067535
-0.372092664 0.030601861 0.927690923 212.146469116 0.093161315 0.995640755 0.004523245 -1.044232368 -0.923508525 0.088107981 -0.373321503 -18.884334564
-0.375211746 0.031299382 0.926410556 214.337539673 0.094078220 0.995554924 0.004467796 -1.056292534 -0.922152579 0.088831432 -0.376488507 -19.763160706
-0.378078520 0.032689396 0.925196230 216.523986816 0.094449669 0.995523751 0.003422316 -1.065000057 -0.920942962 0.088678382 -0.379473656 -20.650997162
-0.380975664 0.032440268 0.924015760 218.702804565 0.093536109 0.995609343 0.003611566 -1.080409646 -0.919841588 0.087804757 -0.382337332 -21.540405273
-0.383951008 0.034194805 0.922720194 220.870193481 0.094003148 0.995569348 0.002220933 -1.096504688 -0.918555975 0.087591328 -0.385464251 -22.437545776
-0.386617094 0.035388622 0.921561003 223.040786743 0.093743511 0.995595694 0.001096057 -1.110885501 -0.917463541 0.086814120 -0.388231814 -23.347274780
-0.389526844 0.035245903 0.920340419 225.218490601 0.091341831 0.995819449 0.000523215 -1.131911516 -0.916474462 0.084269382 -0.391117901 -24.255260468
-0.392840773 0.036444236 0.918884099 227.386566162 0.092557386 0.995707273 0.000078920 -1.149394631 -0.914936721 0.085080504 -0.394527644 -25.168678284
-0.395441771 0.035869420 0.917790353 229.542373657 0.093910545 0.995579422 0.001552965 -1.176201582 -0.913677514 0.086804301 -0.397062123 -26.098751068
-0.398349136 0.034991715 0.916566193 231.706405640 0.094084658 0.995560050 0.002882706 -1.195111036 -0.912395775 0.087383136 -0.399872661 -27.027038574
-0.401937425 0.034336310 0.915023088 233.851669312 0.092700854 0.995688260 0.003356942 -1.211285591 -0.910962522 0.086172707 -0.403387457 -27.950351715
-0.405392975 0.034776431 0.913480699 235.989501953 0.091456570 0.995805383 0.002676896 -1.228838205 -0.909556031 0.084629022 -0.406873107 -28.885848999
-0.409171075 0.034111768 0.911819696 238.168380737 0.089767672 0.995958149 0.003023020 -1.242617249 -0.908031285 0.083088890 -0.410579354 -29.847373962
-0.413440853 0.033339731 0.909920394 240.334426880 0.088654585 0.996055245 0.003786287 -1.260786295 -0.906204760 0.082234032 -0.414765656 -30.804618835
-0.417083234 0.033660408 0.908244729 242.480712891 0.088504918 0.996068776 0.003727896 -1.277859569 -0.904548705 0.081938989 -0.418422729 -31.783271790
-0.421365112 0.033202071 0.906283081 244.632324219 0.087603614 0.996146321 0.004235971 -1.294794559 -0.902649999 0.081178576 -0.422649980 -32.764747620
-0.425901830 0.032595247 0.904182017 246.795761108 0.086214811 0.996265531 0.004695440 -1.309681296 -0.900652349 0.079953693 -0.427121520 -33.754096985
-0.430095464 0.032537118 0.902196884 248.916717529 0.085186407 0.996353984 0.004677239 -1.319408655 -0.898755372 0.078866579 -0.431299031 -34.747634888
-0.433841348 0.033519600 0.900365531 251.047149658 0.085590266 0.996321797 0.004149755 -1.337187052 -0.896914601 0.078862868 -0.435114563 -35.758773804
-0.437467694 0.033950988 0.898593009 253.120513916 0.085882612 0.996296644 0.004168322 -1.355563521 -0.895123541 0.078997038 -0.438763350 -36.763214111
-0.440794319 0.034152452 0.896958172 255.232620239 0.086075827 0.996279001 0.004366256 -1.367603183 -0.893471479 0.079131022 -0.442093849 -37.800132751
-0.444588572 0.034310170 0.895077527 257.340362549 0.084552199 0.996411800 0.003802900 -1.383246660 -0.891735375 0.077371515 -0.445894271 -38.833465576
-0.448401958 0.034552056 0.893163919 259.432434082 0.084936887 0.996377885 0.004096628 -1.402178884 -0.889787257 0.077699497 -0.449712545 -39.872169495
-0.451712489 0.035270900 0.891466081 261.531372070 0.085589506 0.996322632 0.003949300 -1.408269644 -0.888048530 0.078084104 -0.453070253 -40.931518555
-0.455071300 0.036821615 0.889693320 263.647186279 0.087306507 0.996175587 0.003428041 -1.416866302 -0.886164546 0.079236016 -0.456545770 -42.006546021
-0.458441049 0.038784489 0.887878120 265.772674561 0.089438878 0.995988727 0.002673274 -1.431557536 -0.884212911 0.080636375 -0.460070908 -43.103248596
-0.461189032 0.039571568 0.886418998 267.897827148 0.090864934 0.995859265 0.002818304 -1.446036220 -0.882637084 0.081844181 -0.462875068 -44.209732056
-0.464096397 0.041681398 0.884803414 270.014068604 0.092618965 0.995700240 0.001674889 -1.452272654 -0.880929232 0.082726888 -0.465961337 -45.317947388
-0.467047632 0.043987956 0.883137345 272.120544434 0.094443083 0.995530128 0.000360172 -1.476378083 -0.879174054 0.083574437 -0.469114363 -46.400032043
-0.470332682 0.044647723 0.881359041 274.258514404 0.095218189 0.995456338 0.000385044 -1.487990260 -0.877337396 0.084102497 -0.472446859 -47.511596680
-0.473403841 0.045577690 0.879665554 276.394958496 0.095614932 0.995418370 -0.000118691 -1.510626912 -0.875640690 0.084052958 -0.475592732 -48.629158020
-0.476769954 0.045670170 0.877840877 278.552246094 0.094723105 0.995503604 -0.000345930 -1.517241478 -0.873909593 0.082986899 -0.478952229 -49.789642334
-0.479829103 0.047116175 0.876095951 280.693328857 0.096044220 0.995376647 -0.000928583 -1.532116175 -0.872089207 0.083698392 -0.482135922 -50.957420349
-0.482822001 0.047299165 0.874440074 282.842651367 0.095197931 0.995457530 -0.001281563 -1.545540452 -0.870528698 0.082626134 -0.485131562 -52.139518738
-0.485733122 0.047344875 0.872824073 284.989440918 0.093692645 0.995599389 -0.001863963 -1.556334734 -0.869071364 0.080871798 -0.488031417 -53.316650391
-0.488235742 0.047898609 0.871396363 287.141418457 0.095230892 0.995454252 -0.001360759 -1.572072744 -0.867500424 0.082319483 -0.490577787 -54.519187927
-0.490657270 0.047903560 0.870034993 289.320129395 0.097073421 0.995277226 -0.000054635 -1.596211910 -0.865928471 0.084430464 -0.492990255 -55.721580505
-0.492736638 0.048433509 0.868829548 291.494903564 0.098252133 0.995161533 0.000245461 -1.604710817 -0.864613891 0.085485309 -0.495111197 -56.949653625
-0.494174093 0.047863424 0.868044376 293.649444580 0.097995520 0.995186448 0.000914484 -1.618204832 -0.863822222 0.085516371 -0.496485800 -58.176589966
-0.496691227 0.047217280 0.866641998 295.846191406 0.097407930 0.995243192 0.001602726 -1.621634007 -0.862443924 0.085213855 -0.498927921 -59.419250488
-0.499323934 0.047873862 0.865091741 298.053741455 0.099079654 0.995077252 0.002120767 -1.622715235 -0.860731483 0.086771943 -0.501609266 -60.681694031
-0.501398504 0.047701184 0.863900542 300.262023926 0.099007793 0.995083451 0.002518462 -1.624201059 -0.859533012 0.086795636 -0.503656149 -61.961784363
-0.503556848 0.048223753 0.862615168 302.463806152 0.098289989 0.995156288 0.001744036 -1.636163116 -0.858352840 0.085664675 -0.505857706 -63.228775024
-0.505990028 0.051144045 0.861021698 304.663726807 0.098312549 0.995154798 -0.001336857 -1.644173622 -0.856918156 0.083972812 -0.508566439 -64.517303467
-0.509597957 0.050094124 0.858953178 306.871948242 0.096464172 0.995336115 -0.000817914 -1.663045883 -0.854988098 0.082441412 -0.512053549 -65.814804077
-0.513925135 0.047883719 0.856497526 309.064636230 0.093902886 0.995581150 0.000685279 -1.680201292 -0.852679908 0.080779776 -0.516150653 -67.109931946
-0.518710792 0.045501109 0.853738010 311.263946533 0.091734767 0.995779932 0.002664435 -1.694501877 -0.850014031 0.079699539 -0.520695806 -68.414680481
-0.523507237 0.044354949 0.850865901 313.469146729 0.090627506 0.995877445 0.003845585 -1.697813749 -0.847187579 0.079125062 -0.525368810 -69.754249573
-0.528144777 0.044289995 0.847998500 315.693481445 0.090835981 0.995855391 0.004561458 -1.704479337 -0.844281912 0.079437889 -0.529978871 -71.118164062
-0.533088923 0.046031542 0.844806135 317.937377930 0.093108557 0.995645702 0.004502840 -1.705017209 -0.840920210 0.081059091 -0.535053611 -72.510749817
-0.537353992 0.047100890 0.842040479 320.188537598 0.093815312 0.995580792 0.004179466 -1.702454209 -0.838122547 0.081242137 -0.539398134 -73.938934326
-0.541407108 0.047294218 0.839429438 322.420288086 0.094830096 0.995480537 0.005076312 -1.711699009 -0.835395515 0.082351521 -0.543445170 -75.365592957
-0.545725286 0.045880668 0.836707175 324.625122070 0.095012151 0.995448709 0.007384509 -1.721105337 -0.832560301 0.083527267 -0.547600746 -76.803024292
-0.549207628 0.043760642 0.834539354 326.821319580 0.092575684 0.995667517 0.008714051 -1.713102341 -0.830542445 0.082043879 -0.550879359 -78.255790710
-0.553407550 0.043365210 0.831780791 329.014923096 0.091568969 0.995757937 0.009009237 -1.715868950 -0.827861726 0.081151120 -0.555030882 -79.688728333
-0.557273149 0.043308899 0.829198837 331.206237793 0.091864899 0.995723903 0.009732438 -1.719052076 -0.825231791 0.081597880 -0.558868706 -81.159729004
-0.561204314 0.043466590 0.826535165 333.404022217 0.092881590 0.995619595 0.010706590 -1.716587305 -0.822449207 0.082778499 -0.562783241 -82.634819031
-0.565329254 0.042799864 0.823754132 335.592773438 0.093220882 0.995570123 0.012249101 -1.711331367 -0.819580674 0.083715878 -0.566814780 -84.115943909
-0.568799496 0.041878674 0.821409285 337.793762207 0.091717415 0.995703518 0.012746492 -1.702165127 -0.817346215 0.082587741 -0.570196688 -85.623229980
-0.572105467 0.041064136 0.819151461 339.990600586 0.091605745 0.995695949 0.014064247 -1.689929485 -0.815048277 0.083085202 -0.573404849 -87.145309448
-0.574815810 0.040403418 0.817284763 342.177673340 0.092117026 0.995626509 0.015568144 -1.680027962 -0.813081324 0.084234655 -0.576023638 -88.668930054
-0.577592373 0.039709803 0.815358877 344.379302979 0.089651234 0.995860159 0.015007456 -1.663983345 -0.811387420 0.081766136 -0.578761280 -90.221115112
-0.580663025 0.038887594 0.813214719 346.534271240 0.086068742 0.996193349 0.013818458 -1.650586605 -0.809581757 0.078016236 -0.581799686 -91.735557556
-0.584141850 0.037903298 0.810766041 348.687622070 0.082411036 0.996516347 0.012788495 -1.638649464 -0.807456851 0.074286371 -0.585230589 -93.247512817
-0.586585581 0.035063185 0.809127986 350.848083496 0.080152206 0.996671021 0.014916901 -1.632192135 -0.805911124 0.073603429 -0.587443352 -94.807502747
-0.590197384 0.034616735 0.806516349 353.010833740 0.080999441 0.996577501 0.016499855 -1.617244720 -0.803184867 0.075065561 -0.590981483 -96.356323242
-0.593239367 0.034865715 0.804270744 355.172790527 0.080480434 0.996625185 0.016158881 -1.601315498 -0.800993085 0.074314155 -0.594043314 -97.927299500
-0.596544564 0.033680838 0.801872909 357.349822998 0.078172334 0.996806800 0.016286857 -1.584009647 -0.798763812 0.072400108 -0.597272635 -99.508308411
-0.599856257 0.029775523 0.799553514 359.512207031 0.075699918 0.996936679 0.019666940 -1.569297314 -0.796518564 0.072323479 -0.600272715 -101.100288391
-0.603237331 0.027326984 0.797093451 361.678863525 0.073183462 0.997093141 0.021201337 -1.543166161 -0.794197023 0.071123496 -0.603483617 -102.700668335
-0.606355011 0.026332987 0.794757962 363.847473145 0.071692936 0.997191608 0.021657329 -1.512556553 -0.791955650 0.070110559 -0.606540024 -104.322639465
-0.609455884 0.026540084 0.792375684 365.999237061 0.071241371 0.997229636 0.021393774 -1.483518600 -0.789612710 0.069488473 -0.609658360 -105.935142517
-0.612189233 0.025862703 0.790288329 368.160156250 0.071048275 0.997221231 0.022402149 -1.459842205 -0.787512839 0.069862962 -0.612325728 -107.574188232
-0.614843607 0.024895838 0.788255990 370.290954590 0.070307851 0.997252166 0.023343824 -1.433009148 -0.785508752 0.069773376 -0.614904523 -109.211853027
-0.617664158 0.023499740 0.786090791 372.430389404 0.067345396 0.997462451 0.023097504 -1.405747414 -0.783553183 0.067206100 -0.617679358 -110.862167358
-0.620950580 0.019512350 0.783606827 374.572723389 0.056938551 0.998171985 0.020264426 -1.379827976 -0.781778991 0.057200644 -0.620926499 -112.509757996
-0.624472380 0.022016367 0.780736506 376.692840576 0.049655210 0.998699605 0.011553917 -1.370206833 -0.779466867 0.045982733 -0.624753535 -114.154823303
-0.627302587 0.032263290 0.778106928 378.807983398 0.059622377 0.998198807 0.006677892 -1.368391037 -0.776489854 0.050581653 -0.628096223 -115.835502625
-0.627975702 0.033594884 0.777507484 380.908020020 0.067274742 0.997671306 0.011228513 -1.371787548 -0.775319695 0.059357852 -0.628773451 -117.525215149
-0.629465997 0.024618501 0.776637912 383.007965088 0.066533826 0.997534811 0.022305086 -1.350272179 -0.774174273 0.065712981 -0.629552245 -119.227355957
-0.633147776 0.013798274 0.773907900 385.125915527 0.060026798 0.997705281 0.031320550 -1.303586006 -0.771699727 0.066285752 -0.632523179 -120.902282715
-0.636863828 0.007543196 0.770939350 387.221191406 0.053883925 0.997942328 0.034748573 -1.247697830 -0.769090891 0.063671358 -0.635959983 -122.577194214
-0.639397323 0.007340869 0.768841445 389.291107178 0.052709445 0.998020411 0.034306090 -1.182910919 -0.767067552 0.062460437 -0.638518631 -124.271766663
-0.642040014 0.012269046 0.766572952 391.359619141 0.058053471 0.997779310 0.032652929 -1.137854576 -0.764469981 0.065466709 -0.641326547 -125.978027344
-0.643779159 0.019027822 0.764974713 393.393402100 0.062933221 0.997620642 0.028148046 -1.087650299 -0.762619078 0.066263445 -0.643444896 -127.682594299
-0.645942271 0.021962810 0.763070345 395.450988770 0.063718028 0.997649074 0.025223089 -1.047192574 -0.760722458 0.064913988 -0.645823181 -129.415191650
-0.648792565 0.022071712 0.760645270 397.501373291 0.064109512 0.997610927 0.025734443 -1.007801056 -0.758259952 0.065460905 -0.648657501 -131.149475098
-0.651224136 0.021521926 0.758580208 399.525299072 0.064848177 0.997519851 0.027369745 -0.963215828 -0.756109715 0.067016393 -0.651004553 -132.875549316
-0.653253257 0.021226728 0.756841838 401.547485352 0.065811008 0.997415543 0.028829517 -0.915886879 -0.754273951 0.068641514 -0.652961850 -134.619445801
-0.654485404 0.021528501 0.755768061 403.614379883 0.066291168 0.997378826 0.028996361 -0.865806580 -0.753162861 0.069078423 -0.654197097 -136.401321411
-0.655720115 0.021462779 0.754698932 405.654357910 0.066407874 0.997361243 0.029334657 -0.820590973 -0.752077878 0.069353275 -0.655415118 -138.159591675
-0.656720638 0.022222636 0.753806293 407.680603027 0.067323223 0.997302294 0.029251378 -0.772013664 -0.751122892 0.069958664 -0.656445265 -139.925964355
-0.657948613 0.021529311 0.752754927 409.712036133 0.068513133 0.997157037 0.031364825 -0.722211838 -0.749939680 0.072210044 -0.657553315 -141.690155029
-0.658756912 0.020922896 0.752064764 411.743408203 0.070255369 0.996956050 0.033802949 -0.669458389 -0.749068320 0.075104520 -0.658221662 -143.462188721
-0.659571707 0.020559750 0.751360416 413.770446777 0.071808852 0.996777117 0.035761286 -0.608903885 -0.748203635 0.077541471 -0.658922315 -145.234313965
-0.661063969 0.020936821 0.750037313 415.782226562 0.070513055 0.996920228 0.034320027 -0.543744087 -0.747008920 0.075575173 -0.660504341 -146.988845825
-0.662928522 0.020736074 0.748395383 417.789001465 0.066288121 0.997316182 0.031084988 -0.488303185 -0.745742321 0.070216857 -0.662523866 -148.733734131
-0.664933562 0.020229477 0.746628523 419.793670654 0.063731641 0.997524083 0.029730864 -0.439767838 -0.744178534 0.067352913 -0.664576471 -150.481048584
-0.666586339 0.019463655 0.745173693 421.797607422 0.063066892 0.997547388 0.030360190 -0.390671730 -0.742755175 0.067233481 -0.666178882 -152.233886719
-0.667191446 0.017955445 0.744669855 423.755493164 0.060617317 0.997702479 0.030253893 -0.347766876 -0.742415726 0.065325029 -0.666746974 -153.982940674
-0.667683899 0.016848952 0.744254231 425.755462646 0.057775836 0.997901261 0.029240552 -0.299641609 -0.742199540 0.062523358 -0.667256057 -155.767120361
-0.668455243 0.015856806 0.743583381 427.748535156 0.056423012 0.997972846 0.029440675 -0.254180908 -0.741609037 0.061634988 -0.667994857 -157.532592773
-0.668479145 0.014797084 0.743583679 429.697082520 0.057547282 0.997833669 0.031878233 -0.204365730 -0.741501153 0.064101152 -0.667882562 -159.288833618
-0.668412566 0.013990364 0.743659079 431.666625977 0.060144775 0.997565567 0.035292014 -0.144467354 -0.741354883 0.068316840 -0.667626858 -161.049743652
-0.667202950 0.012972124 0.744763017 433.645294189 0.064938813 0.997054517 0.040809572 -0.076824188 -0.742039919 0.075592302 -0.666079998 -162.824737549
-0.665920436 0.011796867 0.745929360 435.640045166 0.067893893 0.996684015 0.044849008 0.002040863 -0.742926896 0.080509953 -0.664513350 -164.585601807
-0.664090633 0.009044735 0.747597337 437.623321533 0.061924811 0.997156501 0.042943809 0.084180832 -0.745083153 0.074813403 -0.662762403 -166.329116821
-0.663494647 0.008094775 0.748137236 439.622070312 0.054430913 0.997813940 0.037476461 0.160596848 -0.746198475 0.065587223 -0.662484825 -168.063446045
-0.661152661 0.005635794 0.750230193 441.620910645 0.049797289 0.998096228 0.036386881 0.221158981 -0.748597026 0.061416719 -0.660174608 -169.824844360
-0.658832014 0.005840921 0.752267420 443.644195557 0.048168495 0.998245478 0.034434937 0.289037704 -0.750746429 0.058922421 -0.657957435 -171.582962036
-0.655688524 0.006875508 0.755000174 445.649780273 0.050205093 0.998142481 0.034511473 0.355139732 -0.753360450 0.060533632 -0.654815793 -173.323242188
-0.653021514 0.006633525 0.757310331 447.653961182 0.050476983 0.998119354 0.034782968 0.417613983 -0.755655348 0.060940761 -0.652128220 -175.029144287
-0.650168896 0.007423294 0.759753466 449.650817871 0.048191655 0.998341858 0.031486169 0.471541405 -0.758259833 0.057085119 -0.649448454 -176.730224609
-0.648723125 0.002257550 0.761021197 451.678070068 0.041085064 0.998641133 0.032060027 0.525129318 -0.759914696 0.052064683 -0.647934318 -178.429031372
-0.648108423 -0.004182490 0.761536598 453.709350586 0.032019470 0.998950839 0.032736696 0.577123642 -0.760874629 0.045600921 -0.647294641 -180.112976074
-0.647971094 -0.007733454 0.761625648 455.747436523 0.025106814 0.999188185 0.031505853 0.624574661 -0.761250913 0.039536875 -0.647250950 -181.796203613
-0.647317350 -0.008006991 0.762178540 457.778076172 0.023683844 0.999250710 0.030612193 0.675393105 -0.761852562 0.037867118 -0.646642685 -183.497024536
-0.646339059 -0.007588204 0.763012707 459.808776855 0.025956908 0.999153197 0.031924419 0.728272438 -0.762608707 0.040439442 -0.645594597 -185.192169189
-0.645355105 -0.009039843 0.763829231 461.850585938 0.026750920 0.999049187 0.034425352 0.782509804 -0.763414145 0.042649712 -0.644499660 -186.868621826
-0.643950582 -0.011146634 0.764985859 463.851623535 0.025580408 0.999021113 0.036089879 0.845588684 -0.764639318 0.042808741 -0.643035114 -188.543273926
-0.643139660 -0.011191032 0.765667140 465.897735596 0.024137840 0.999100029 0.034878027 0.904537201 -0.765368402 0.040912993 -0.642290711 -190.227630615
-0.642495513 -0.010727322 0.766214311 467.932067871 0.022183713 0.999222457 0.032591302 0.965662956 -0.765968263 0.037937243 -0.641757965 -191.892211914
-0.641777933 -0.009283075 0.766834378 469.978515625 0.022951895 0.999246299 0.031305447 1.015297890 -0.766547024 0.037691444 -0.641081154 -193.576019287
-0.641014040 -0.008926202 0.767477274 471.992950439 0.024956793 0.999161243 0.032465290 1.063354492 -0.767123342 0.039964478 -0.640253603 -195.226684570
