1.000000000 -0.000000000 0.000000000 0.000000000 -0.000000000 1.000000000 0.000000000 0.000000000 0.000000000 0.000000000 1.000000119 0.000000477
0.999996185 -0.002430655 -0.001303598 -0.007993041 0.002434420 0.999992847 0.002894305 -0.015167700 0.001296554 -0.002897468 0.999994993 1.524784088
0.999992132 -0.002798228 -0.002813492 -0.012470769 0.002808962 0.999988794 0.003818576 -0.034066886 0.002802778 -0.003826449 0.999988735 3.046621799
0.999989748 -0.001738825 -0.004182642 -0.029912911 0.001753268 0.999992549 0.003451866 -0.047268808 0.004176610 -0.003459165 0.999985278 4.562297344
0.999983668 -0.000923215 -0.005652592 -0.045289025 0.000942465 0.999993742 0.003403831 -0.063892223 0.005649414 -0.003409102 0.999978244 6.066562176
0.999974310 -0.001269609 -0.007069562 -0.060732145 0.001294278 0.999993086 0.003485950 -0.075768068 0.007065088 -0.003495010 0.999968886 7.566761017
0.999959350 -0.001782361 -0.008836860 -0.080841467 0.001819973 0.999989450 0.004250079 -0.095173411 0.008829189 -0.004265990 0.999951899 9.079380035
0.999937594 -0.003629838 -0.010561921 -0.101776958 0.003664642 0.999987960 0.003277702 -0.107146189 0.010549896 -0.003316202 0.999938846 10.577248573
0.999920666 -0.004430043 -0.011794029 -0.122391120 0.004471321 0.999983966 0.003475959 -0.120886408 0.011778440 -0.003528418 0.999924421 12.065738678
0.999905407 -0.004141116 -0.013120657 -0.149543464 0.004185949 0.999985516 0.003391366 -0.138193280 0.013106422 -0.003445967 0.999908149 13.554476738
0.999892890 -0.003913876 -0.014102097 -0.173226506 0.003962976 0.999986172 0.003455588 -0.152944401 0.014088384 -0.003511105 0.999894619 15.033594131
0.999887168 -0.002197588 -0.014861609 -0.203742966 0.002259867 0.999988735 0.004175087 -0.170433313 0.014852271 -0.004208202 0.999880850 16.511074066
0.999882698 -0.000962236 -0.015286551 -0.231993675 0.001033830 0.999988496 0.004676200 -0.181884080 0.015281881 -0.004691456 0.999872148 18.001050949
0.999869704 -0.000132219 -0.016143529 -0.262602866 0.000220399 0.999985039 0.005460590 -0.194062978 0.016142568 -0.005463437 0.999854743 19.470794678
0.999864221 -0.000482132 -0.016471351 -0.288923502 0.000575233 0.999983847 0.005648024 -0.209719151 0.016468359 -0.005656732 0.999848366 20.950933456
0.999852002 0.000605787 -0.017195588 -0.318642139 -0.000509096 0.999984026 0.005626843 -0.220473662 0.017198719 -0.005617256 0.999836326 22.414354324
0.999848425 0.000643575 -0.017397948 -0.335400462 -0.000537990 0.999981463 0.006072829 -0.230338261 0.017401535 -0.006062549 0.999830306 23.888462067
0.999850392 0.001655616 -0.017215369 -0.368946433 -0.001529898 0.999972045 0.007313267 -0.241462409 0.017226992 -0.007285834 0.999825060 25.331367493
0.999850094 0.002191627 -0.017177314 -0.398694366 -0.002088159 0.999979615 0.006039110 -0.254279792 0.017190197 -0.006002336 0.999834239 26.771413803
0.999849260 0.002389714 -0.017196810 -0.430482298 -0.002322578 0.999989629 0.003922869 -0.262458235 0.017206008 -0.003882338 0.999844432 28.206275940
0.999858141 0.000722651 -0.016830891 -0.463039637 -0.000657466 0.999992311 0.003878162 -0.279108375 0.016833566 -0.003866546 0.999850810 29.622339249
0.999865472 -0.000038065 -0.016405780 -0.497913897 0.000146909 0.999978065 0.006633369 -0.295295686 0.016405169 -0.006634886 0.999843419 31.043464661
0.999867797 -0.001751603 -0.016166370 -0.526504278 0.001878388 0.999967694 0.007830719 -0.309473544 0.016152127 -0.007860051 0.999838710 32.453258514
0.999864578 -0.002620978 -0.016244197 -0.552866638 0.002737687 0.999970615 0.007166554 -0.319235414 0.016224934 -0.007210055 0.999842465 33.853424072
0.999876440 -0.002356003 -0.015543237 -0.579732180 0.002437211 0.999983490 0.005207743 -0.330620110 0.015530707 -0.005244981 0.999865651 35.246696472
0.999885082 -0.001089105 -0.015116313 -0.608740509 0.001158520 0.999988854 0.004584067 -0.345458001 0.015111152 -0.004601053 0.999875247 36.601654053
0.999898553 -0.000814717 -0.014223154 -0.634463072 0.000866764 0.999992967 0.003653495 -0.363109231 0.014220078 -0.003665453 0.999892175 37.969470978
0.999913990 -0.000345135 -0.013112656 -0.658009470 0.000406743 0.999988914 0.004696012 -0.379712760 0.013110893 -0.004700942 0.999903023 39.304248810
0.999933183 0.000218648 -0.011556721 -0.682536900 -0.000141706 0.999977767 0.006658139 -0.393281490 0.011557922 -0.006656057 0.999911070 40.633064270
0.999950767 -0.000456369 -0.009919232 -0.702468157 0.000532466 0.999970496 0.007670424 -0.408113360 0.009915438 -0.007675327 0.999921441 41.925319672
0.999971509 0.000044279 -0.007550989 -0.712716162 0.000020904 0.999962926 0.008632031 -0.426133007 0.007551086 -0.008631944 0.999934196 43.215675354
0.999991536 -0.000449403 -0.004075800 -0.729850173 0.000482016 0.999967933 0.008004175 -0.437584907 0.004072070 -0.008006070 0.999959648 44.483276367
0.999999404 -0.000914619 -0.000706980 -0.737647355 0.000919083 0.999979556 0.006340374 -0.453883976 0.000701164 -0.006341020 0.999979615 45.723560333
0.999995172 -0.001293141 0.002881313 -0.738384604 0.001279955 0.999988735 0.004573583 -0.463615835 -0.002887197 -0.004569873 0.999985397 46.950996399
0.999978125 -0.000703155 0.006585674 -0.731760800 0.000667399 0.999984980 0.005429960 -0.479915380 -0.006589397 -0.005425444 0.999963582 48.163722992
0.999923110 -0.000730178 0.012382040 -0.729631007 0.000666090 0.999986410 0.005179184 -0.492498130 -0.012385655 -0.005170538 0.999909937 49.400226593
0.999819458 0.000857499 0.018991906 -0.714636803 -0.000934153 0.999991477 0.004027617 -0.502758563 -0.018988293 -0.004044631 0.999811530 50.580207825
0.999655962 0.002165637 0.026142472 -0.689893484 -0.002271253 0.999989331 0.004011023 -0.514659405 -0.026133509 -0.004069019 0.999650121 51.779247284
0.999398708 0.003495329 0.034499325 -0.650593042 -0.003661710 0.999981999 0.004760738 -0.523247540 -0.034482058 -0.004884202 0.999393404 52.969772339
0.998968422 0.005927271 0.045022383 -0.609680653 -0.006184486 0.999965370 0.005575908 -0.536948264 -0.044987768 -0.005848595 0.998970449 54.140186310
0.998292685 0.008055885 0.057851411 -0.556816816 -0.008385220 0.999949992 0.005452259 -0.551167309 -0.057804588 -0.005928046 0.998310447 55.264266968
0.997320414 0.009958647 0.072475925 -0.485275745 -0.010408809 0.999928832 0.005836117 -0.561850727 -0.072412640 -0.006574866 0.997353077 56.396247864
0.995962679 0.012470545 0.088898331 -0.400413513 -0.013169177 0.999886751 0.007276549 -0.576619148 -0.088797532 -0.008417889 0.996014237 57.518543243
0.994220018 0.012553507 0.106625780 -0.288085938 -0.013481126 0.999877214 0.007983410 -0.586299181 -0.106512487 -0.009374700 0.994267166 58.628547668
0.991965592 0.012568581 0.125881851 -0.162657261 -0.013585496 0.999881625 0.007223043 -0.597472310 -0.125776172 -0.008875177 0.992018938 59.728984833
0.989219964 0.011730552 0.145966560 -0.002257347 -0.012745071 0.999900699 0.006017080 -0.599568903 -0.145881444 -0.007812570 0.989271283 60.828186035
0.985958636 0.008466788 0.166776046 0.171120644 -0.009612045 0.999935448 0.006061050 -0.616692781 -0.166713983 -0.007579002 0.985976219 61.862056732
0.982139289 0.003268346 0.188127220 0.374481201 -0.004902525 0.999954224 0.008221913 -0.624251783 -0.188091755 -0.008997362 0.982110262 62.897178650
0.977341712 -0.002015763 0.211658001 0.590941429 -0.000030636 0.999953270 0.009664695 -0.634494424 -0.211667627 -0.009452193 0.977296054 63.933422089
0.971931517 -0.007216856 0.235153422 0.845937729 0.005241352 0.999945521 0.009024867 -0.642697334 -0.235205755 -0.007539031 0.971916437 64.942115784
0.965442598 -0.013178917 0.260282576 1.117574692 0.011633164 0.999904335 0.007478428 -0.654635310 -0.260356277 -0.004192083 0.965503514 65.927970886
0.957897365 -0.016938047 0.286610931 1.416582108 0.015192479 0.999850035 0.008313265 -0.659620404 -0.286708802 -0.003608924 0.958011031 66.909790039
0.949308455 -0.019278556 0.313754469 1.728855133 0.016774282 0.999802291 0.010679604 -0.670149624 -0.313898355 -0.004875232 0.949444175 67.862625122
0.939612865 -0.023790518 0.341411591 2.073129654 0.020493168 0.999702096 0.013261964 -0.670518160 -0.341625392 -0.005464505 0.939820409 68.805412292
0.928695500 -0.026520623 0.369893700 2.444463730 0.023321336 0.999641836 0.013119189 -0.678239822 -0.370109200 -0.003557313 0.928981543 69.722297668
0.916602254 -0.025602706 0.398979843 2.832040787 0.023851350 0.999671757 0.009354107 -0.681595087 -0.399088353 0.000942215 0.916912019 70.617294312
0.903571367 -0.027167507 0.427575469 3.249441147 0.028071230 0.999597132 0.004191549 -0.691448331 -0.427517027 0.008215206 0.903970003 71.476554871
0.889442205 -0.029365312 0.456103325 3.693927765 0.032074790 0.999483824 0.001801092 -0.699201643 -0.455920756 0.013027453 0.889924943 72.325531006
0.873762250 -0.029813148 0.485438675 4.162290573 0.031207833 0.999499321 0.005211761 -0.708437800 -0.485351056 0.010595650 0.874255180 73.165298462
0.856128335 -0.028605198 0.515970886 4.657880783 0.026922919 0.999579728 0.010744202 -0.714123785 -0.516061485 0.004693029 0.856538713 73.988243103
0.836420119 -0.028972194 0.547322512 5.174367905 0.025101881 0.999579012 0.014551340 -0.721684337 -0.547513664 0.001567791 0.836795330 74.791831970
0.815339923 -0.022991955 0.578525841 5.711605072 0.021214046 0.999726593 0.009833636 -0.725454390 -0.578593671 0.004255117 0.815604925 75.557739258
0.793408155 -0.015946452 0.608480930 6.276893616 0.018022256 0.999833941 0.002703116 -0.730798542 -0.608422935 0.008821527 0.793563962 76.300178528
0.770655870 -0.013504739 0.637108445 6.865352631 0.017087720 0.999853790 0.000524269 -0.733661175 -0.637022436 0.010482698 0.770773888 77.038406372
0.747284114 -0.015877908 0.664314985 7.490695953 0.018007880 0.999831140 0.003640179 -0.740768909 -0.664260507 0.009242656 0.747443914 77.737327576
0.722912073 -0.016631994 0.690739989 8.133258820 0.018554008 0.999816954 0.004655931 -0.758600891 -0.690690875 0.009450163 0.723088324 78.400665283
0.697363555 -0.014493596 0.716571093 8.784069061 0.019224308 0.999814093 0.001513556 -0.764555037 -0.716459811 0.012720088 0.697512448 79.049362183
0.671341240 -0.012381849 0.741044998 9.460586548 0.019127313 0.999816895 -0.000622597 -0.775088429 -0.740901649 0.014592174 0.671455026 79.649444580
0.644108355 -0.009740732 0.764872372 10.157039642 0.017177921 0.999850929 -0.001732522 -0.782851815 -0.764741361 0.014254845 0.644179583 80.243675232
0.616110504 -0.007945204 0.787619770 10.872142792 0.016857641 0.999853194 -0.003100647 -0.793500900 -0.787479341 0.015187752 0.616153836 80.801849365
0.586951673 -0.001861960 0.809619963 11.603580475 0.015670501 0.999836147 -0.009061254 -0.812890887 -0.809470296 0.018005667 0.586884677 81.352828979
0.556951404 0.007592842 0.830510437 12.363960266 0.014406216 0.999719322 -0.018800817 -0.826594949 -0.830420136 0.022435656 0.556685805 81.864280701
0.526029706 0.015835477 0.850318849 13.134376526 0.013177117 0.999554753 -0.026766412 -0.852929890 -0.850364089 0.025284681 0.525586903 82.344184875
0.494235545 0.020928791 0.869076073 13.948154449 0.010503012 0.999493480 -0.030042423 -0.877470374 -0.869264603 0.023975950 0.493765324 82.812591553
0.461718082 0.020278556 0.886794865 14.780370712 0.008726851 0.999586523 -0.027401507 -0.910006642 -0.886983812 0.020390697 0.461350143 83.252334595
0.428727865 0.019331681 0.903226852 15.625310898 0.004097443 0.999719083 -0.023341799 -0.938098967 -0.903424442 0.013708198 0.428528190 83.651016235
0.393903106 0.020361921 0.918926299 16.493061066 -0.000046926 0.999755025 -0.022132836 -0.972631514 -0.919151843 0.008675070 0.393807501 84.051101685
0.358682126 0.023561465 0.933162391 17.366134644 -0.007319478 0.999721646 -0.022428617 -0.997173727 -0.933431029 0.001214482 0.358754754 84.400436401
0.322815418 0.025514552 0.946117997 18.266746521 -0.012428184 0.999664605 -0.022718087 -1.024546623 -0.946380317 -0.004424781 0.323024213 84.715705872
0.286444128 0.024580013 0.957781613 19.185052872 -0.014516001 0.999667406 -0.021313645 -1.057387233 -0.957986951 -0.007797990 0.286705673 85.014694214
0.249965549 0.024054710 0.967955887 20.115928650 -0.015322514 0.999664485 -0.020885807 -1.087328911 -0.968133509 -0.009610787 0.250250280 85.259536743
0.214462176 0.023591831 0.976447284 21.066457748 -0.014451417 0.999675512 -0.020979004 -1.113810062 -0.976625383 -0.009611847 0.214733481 85.457984924
0.178518355 0.022484297 0.983679652 22.028083801 -0.013380557 0.999701858 -0.020422217 -1.144202828 -0.983845592 -0.009516440 0.178765997 85.649238586
0.144436032 0.021492895 0.989280760 22.993782043 -0.005116647 0.999766946 -0.020973677 -1.172637701 -0.989500880 -0.002032445 0.144512370 85.771705627
0.110528424 0.024753556 0.993564725 23.951595306 -0.002957013 0.999693513 -0.024577301 -1.205521822 -0.993868530 -0.000221494 0.110567778 85.872352600
0.077719741 0.029704439 0.996532679 24.930480957 -0.001938417 0.999558687 -0.029643457 -1.240100145 -0.996973395 0.000372187 0.077743039 85.956520081
0.048803672 0.033353813 0.998251319 25.906927109 0.004930382 0.999422014 -0.033633970 -1.276710033 -0.998796225 0.006563223 0.048611026 85.992553711
0.023418672 0.031693656 0.999223232 26.892015457 0.006808099 0.999469161 -0.031861015 -1.313922763 -0.999702573 0.007548955 0.023190480 86.010330200
0.000925099 0.028772397 0.999585509 27.920204163 0.008376824 0.999550641 -0.028779143 -1.349062681 -0.999964535 0.008399975 0.000683665 86.012794495
-0.017774513 0.026331473 0.999495208 28.914510727 0.008584492 0.999620318 -0.026182106 -1.383421183 -0.999805212 0.008114782 -0.017993804 85.990409851
-0.034568261 0.029289562 0.998973012 29.899183273 0.010880521 0.999522269 -0.028929155 -1.425390005 -0.999343157 0.009869317 -0.034870435 85.960739136
-0.049108312 0.033892784 0.998218298 30.924476624 0.012933355 0.999361873 -0.033295352 -1.455466032 -0.998709738 0.011275233 -0.049515326 85.906486511
-0.061142314 0.039310999 0.997354686 31.918258667 0.017061375 0.999119282 -0.038334612 -1.493664384 -0.997983277 0.014672373 -0.061759163 85.842597961
-0.069705449 0.042536136 0.996660411 32.923164368 0.022756968 0.998898149 -0.041040059 -1.542906880 -0.997308016 0.019820251 -0.070596658 85.761512756
-0.076076232 0.047632433 0.995963693 33.922943115 0.026143985 0.998610139 -0.045762006 -1.593298316 -0.996759176 0.022557061 -0.077215806 85.685005188
-0.079254977 0.052721236 0.995459199 34.926528931 0.028201127 0.998319447 -0.050627433 -1.646315694 -0.996455371 0.024060596 -0.080608562 85.596328735
-0.081954472 0.056581497 0.995028675 35.935112000 0.030714037 0.998056412 -0.054223932 -1.707567573 -0.996162653 0.026117450 -0.083533026 85.508972168
-0.084427498 0.059497651 0.994651735 36.945720673 0.031544972 0.997875035 -0.057012878 -1.771338820 -0.995930195 0.026562806 -0.086124934 85.415199280
-0.086951822 0.062955715 0.994221330 37.953392029 0.032339726 0.997653604 -0.060344711 -1.837328076 -0.995687485 0.026905756 -0.088783763 85.328254700
-0.088613153 0.066882193 0.993818104 38.962955475 0.033802476 0.997370541 -0.064107254 -1.900781870 -0.995492399 0.027912775 -0.090640940 85.225311279
-0.091108873 0.068434693 0.993486702 39.978000641 0.036390498 0.997198522 -0.065353118 -1.969392776 -0.995175838 0.030199235 -0.093343996 85.131759644
-0.093334958 0.066657506 0.993400872 41.000381470 0.036753595 0.997307003 -0.063466415 -2.052297592 -0.994956195 0.030587418 -0.095533513 85.043678284
-0.095335469 0.066689886 0.993208766 42.025291443 0.036030911 0.997330725 -0.063508146 -2.117972851 -0.994792938 0.029731642 -0.097483888 84.941505432
-0.097470105 0.067855857 0.992922544 43.059032440 0.035997082 0.997260571 -0.064618655 -2.189950466 -0.994587302 0.029443927 -0.099645704 84.831283569
-0.099709153 0.070187502 0.992538095 44.086383820 0.035355672 0.997129083 -0.066960387 -2.265179157 -0.994388342 0.028415294 -0.101904407 84.727699280
-0.102220587 0.072166406 0.992140651 45.114650726 0.033831712 0.997040391 -0.069037110 -2.346917152 -0.994186342 0.026508808 -0.104359552 84.620086670
-0.104751639 0.075838238 0.991602600 46.152912140 0.030927105 0.996854186 -0.072972789 -2.423881292 -0.994017363 0.023023378 -0.106767580 84.514045715
-0.107082181 0.080057025 0.991021872 47.192611694 0.027375611 0.996612430 -0.077550650 -2.502767801 -0.993873239 0.018825537 -0.108911037 84.410682678
-0.109738640 0.082585767 0.990523636 48.239570618 0.025030421 0.996455848 -0.080307283 -2.584993601 -0.993645251 0.015980411 -0.111416876 84.292907715
-0.112688757 0.081011847 0.990322411 49.287254333 0.022959718 0.996616960 -0.078914188 -2.671791315 -0.993365049 0.013844782 -0.114167556 84.177856445
-0.115288399 0.076837897 0.990355670 50.347282410 0.020365762 0.996976972 -0.074980803 -2.760647297 -0.993123293 0.011524934 -0.116504736 84.053184509
-0.117629685 0.075373128 0.990193009 51.398391724 0.020657197 0.997085333 -0.073443800 -2.843502045 -0.992842734 0.011815441 -0.118843809 83.931915283
-0.119748607 0.075502776 0.989929080 52.437248230 0.019873241 0.997086406 -0.073644668 -2.932934284 -0.992605329 0.010854252 -0.120900184 83.814994812
-0.121067069 0.078385115 0.989544570 53.495925903 0.021050563 0.996855855 -0.076388814 -3.017137766 -0.992421150 0.011582301 -0.122336484 83.690635681
-0.121716201 0.081346281 0.989225805 54.562435150 0.021827079 0.996614397 -0.079268210 -3.101696014 -0.992324948 0.011943690 -0.123079665 83.558090210
-0.122001365 0.082005180 0.989136338 55.622745514 0.020555418 0.996576011 -0.080086626 -3.188882351 -0.992317080 0.010561433 -0.123269267 83.427230835
-0.122201517 0.080710605 0.989218175 56.686195374 0.017550291 0.996707976 -0.079153650 -3.279699802 -0.992350221 0.007688369 -0.123215705 83.305862427
-0.122176878 0.079984568 0.989280164 57.741401672 0.013738208 0.996788323 -0.078894928 -3.368397236 -0.992413342 0.003951801 -0.122883327 83.182380676
-0.122183636 0.081069507 0.989191115 58.813796997 0.009988848 0.996708393 -0.080451787 -3.464410067 -0.992457211 0.000050986 -0.122591257 83.056686401
-0.122308403 0.081466280 0.989143074 59.888671875 0.005975928 0.996667862 -0.081347093 -3.554548979 -0.992474079 -0.004038388 -0.122387707 82.933021545
-0.122722127 0.080590136 0.989163697 60.969921112 0.002319765 0.996718049 -0.080917835 -3.651346684 -0.992438376 -0.007635782 -0.122506328 82.804496765
-0.122732796 0.075453483 0.989567339 62.076587677 0.003272405 0.997131050 -0.075624324 -3.742280483 -0.992434382 -0.006043322 -0.122627594 82.667251587
-0.123148553 0.066919073 0.990129530 63.170494080 0.006455983 0.997756779 -0.066631600 -3.826547146 -0.992367268 -0.001813327 -0.123304337 82.536949158
-0.122931704 0.061418425 0.990512788 64.266670227 0.012545362 0.998099625 -0.060331862 -3.911768436 -0.992335796 0.005009642 -0.123468600 82.397659302
-0.122001000 0.063858658 0.990473628 65.368331909 0.020886347 0.997872293 -0.061763000 -3.982238770 -0.992310226 0.013152226 -0.123075195 82.245689392
-0.120798387 0.069523543 0.990239680 66.454238892 0.026416505 0.997416377 -0.066804871 -4.055094719 -0.992325544 0.018088745 -0.122322835 82.109298706
-0.120177083 0.075207144 0.989899755 67.548439026 0.029813513 0.996950090 -0.072123326 -4.134904861 -0.992304683 0.020844817 -0.122052737 81.975898743
-0.119568951 0.079496518 0.989638090 68.650650024 0.030650325 0.996609628 -0.076353356 -4.220965862 -0.992352664 0.021203242 -0.121600166 81.842056274
-0.119102135 0.077033937 0.989889026 69.769157410 0.027343880 0.996862054 -0.074286602 -4.302882195 -0.992505372 0.018219719 -0.120834805 81.712608337
-0.119226687 0.072485402 0.990217566 70.869155884 0.027044686 0.997198522 -0.069740117 -4.393389225 -0.992498636 0.018465241 -0.120853014 81.594177246
-0.118838556 0.070298150 0.990421951 72.029617310 0.024823785 0.997389138 -0.067814119 -4.479413033 -0.992603183 0.016527088 -0.120273329 81.445045471
-0.118952610 0.071001492 0.990358114 73.156623840 0.022869375 0.997371256 -0.068757430 -4.560681343 -0.992636502 0.014469992 -0.120263666 81.318702698
-0.119012475 0.075815976 0.989993930 74.274154663 0.024571370 0.996999979 -0.073398665 -4.656856537 -0.992588580 0.015590152 -0.120518334 81.197174072
-0.117450751 0.078660123 0.989958465 75.424179077 0.023887729 0.996793449 -0.076369114 -4.735688210 -0.992791414 0.014678251 -0.118953146 81.038421631
-0.116546124 0.077385627 0.990165889 76.572410583 0.023966705 0.996888757 -0.075090066 -4.824597359 -0.992896080 0.014979557 -0.118038200 80.898574829
-0.116686270 0.070661075 0.990651906 77.723968506 0.025124149 0.997356713 -0.068179965 -4.915006161 -0.992851019 0.016933622 -0.118153140 80.769790649
-0.117058165 0.069341019 0.990701377 78.890312195 0.024186280 0.997462809 -0.066956460 -4.997148514 -0.992830515 0.016123582 -0.118438244 80.630935669
-0.116905324 0.072076105 0.990524173 80.040863037 0.021676345 0.997310638 -0.070011601 -5.086271286 -0.992906630 0.013286214 -0.118153267 80.509979248
-0.116498679 0.075385474 0.990325749 81.217323303 0.021566754 0.997072160 -0.073361978 -5.168265343 -0.992956579 0.012811542 -0.117783420 80.370033264
-0.116597474 0.074746303 0.990362525 82.388427734 0.020563534 0.997131884 -0.072836220 -5.258350372 -0.992966294 0.011872837 -0.117800109 80.239006042
-0.115871780 0.071744345 0.990669727 83.573272705 0.020577947 0.997347236 -0.069821075 -5.343227386 -0.993050992 0.012295661 -0.117040738 80.093322754
-0.115331113 0.070238300 0.990840733 84.771255493 0.020011984 0.997458756 -0.068378106 -5.438836098 -0.993125558 0.011942567 -0.116443634 79.960227966
-0.114006035 0.070652150 0.990964592 85.958534241 0.021372119 0.997411668 -0.068653040 -5.526920795 -0.993250191 0.013352154 -0.115220942 79.824722290
-0.112853765 0.070865959 0.991081238 87.151786804 0.023912352 0.997358143 -0.068591923 -5.616133213 -0.993323863 0.015958227 -0.114250191 79.681884766
-0.111759953 0.070546046 0.991227925 88.348831177 0.023797881 0.997380972 -0.068300746 -5.700389385 -0.993450284 0.015955839 -0.113146082 79.540786743
-0.110727705 0.071369387 0.991284966 89.548255920 0.024758028 0.997306883 -0.069037460 -5.786478996 -0.993542433 0.016897904 -0.112196475 79.410614014
-0.109447822 0.069381364 0.991568208 90.741882324 0.024045259 0.997453868 -0.067139134 -5.879263401 -0.993701577 0.016494287 -0.110837452 79.282897949
-0.108156651 0.068347819 0.991781592 91.971588135 0.023037467 0.997538209 -0.066232249 -5.967041016 -0.993866980 0.015684681 -0.109464958 79.140838623
-0.106415711 0.067954272 0.991996884 93.184509277 0.024149070 0.997544289 -0.065743707 -6.050014019 -0.994028509 0.016959639 -0.107795410 79.010543823
-0.104275614 0.068805449 0.992165565 94.413276672 0.022172144 0.997516870 -0.066846311 -6.138697147 -0.994301379 0.015027999 -0.105542250 78.877296448
-0.103729405 0.071231462 0.992051601 95.630569458 0.021935295 0.997353554 -0.069318578 -6.225585461 -0.994363666 0.014570576 -0.105017327 78.754913330
-0.102847092 0.070039935 0.992228270 96.851715088 0.019418733 0.997469246 -0.068397097 -6.311893940 -0.994507611 0.012233377 -0.103946880 78.637916565
-0.102008909 0.068699159 0.992408454 98.098373413 0.016344581 0.997593641 -0.067378029 -6.407676220 -0.994649172 0.009347342 -0.102886289 78.511238098
-0.102288842 0.069809586 0.992302239 99.337753296 0.013448768 0.997540414 -0.068791777 -6.493865013 -0.994663775 0.006308610 -0.102976091 78.393630981
-0.101926662 0.069277294 0.992376745 100.564193726 0.010814234 0.997590542 -0.068530537 -6.584350586 -0.994733095 0.003746709 -0.102430247 78.261611938
-0.102983095 0.066561319 0.992453456 101.808509827 0.008130797 0.997781575 -0.066074945 -6.677780628 -0.994649887 0.001264836 -0.103295825 78.136657715
-0.104185492 0.065108985 0.992424428 103.071975708 0.006130682 0.997877955 -0.064823158 -6.768846035 -0.994539022 -0.000669394 -0.104363561 78.011100769
-0.106071666 0.064603977 0.992257595 104.332626343 0.003768522 0.997906148 -0.064568885 -6.854425907 -0.994351327 -0.003109583 -0.106093019 77.892631531
-0.107239246 0.064203925 0.992158055 105.584167480 0.004096924 0.997932851 -0.064134799 -6.952685356 -0.994224846 -0.002812970 -0.107280605 77.754379272
-0.109513618 0.062934175 0.991990924 106.841506958 0.003724181 0.998012543 -0.062905058 -7.039028645 -0.993978381 -0.003194605 -0.109530352 77.620590210
-0.112987563 0.058181766 0.991891444 108.111572266 0.000288963 0.998286068 -0.058523938 -7.123245716 -0.993596375 -0.006325856 -0.112810716 77.492591858
-0.117315158 0.058244389 0.991385281 109.369316101 -0.000415056 0.998275816 -0.058698315 -7.204482555 -0.993094683 -0.007297683 -0.117088683 77.348815918
-0.122677900 0.064250313 0.990364671 110.610649109 -0.004536050 0.997855484 -0.065298170 -7.288015366 -0.992436171 -0.012502984 -0.122123368 77.200920105
-0.130190492 0.067481726 0.989189923 111.830520630 -0.003907871 0.997638524 -0.068572395 -7.373904705 -0.991481364 -0.012793103 -0.129619330 77.054412842
-0.138606355 0.063497297 0.988309860 113.083549500 -0.001849864 0.997924149 -0.064374439 -7.466297626 -0.990345836 -0.010750944 -0.138201132 76.872573853
-0.149315521 0.061487474 0.986875892 114.311470032 0.000361996 0.998068094 -0.062130019 -7.555707455 -0.988789618 -0.008919732 -0.149049312 76.689636230
-0.162255466 0.062139146 0.984790325 115.536262512 0.000571535 0.998021007 -0.062879816 -7.647198677 -0.986748636 -0.009639752 -0.161969900 76.493659973
-0.176221237 0.062391084 0.982371330 116.753906250 0.002775693 0.998016775 -0.062886827 -7.734147072 -0.984346747 -0.008355234 -0.176044941 76.278106689
-0.190914169 0.060391277 0.979747236 117.978599548 0.003198558 0.998138666 -0.060901646 -7.820200920 -0.981601536 -0.008493209 -0.190751985 76.053527832
-0.205962524 0.062782638 0.976543844 119.178970337 0.007466320 0.998011529 -0.062588081 -7.910370350 -0.978531361 -0.005599612 -0.206021726 75.797775269
-0.221392766 0.066218436 0.972933888 120.352859497 0.007272664 0.997776270 -0.066254318 -7.997272491 -0.975157619 -0.007592404 -0.221382052 75.540496826
-0.236846164 0.070094071 0.969015479 121.520004272 0.006926497 0.997490466 -0.070460856 -8.086204529 -0.971522510 -0.009976501 -0.236737326 75.264671326
-0.252414465 0.068066128 0.965222120 122.691757202 0.003693504 0.997583508 -0.069382280 -8.180992126 -0.967612088 -0.013948040 -0.252055824 74.967651367
-0.268770576 0.062454995 0.961177230 123.854263306 -0.001951855 0.997858346 -0.065384232 -8.270918846 -0.963202298 -0.019449431 -0.268072933 74.665939331
-0.284562528 0.058211431 0.956888556 125.042953491 -0.005991572 0.998027265 -0.062495850 -8.359880447 -0.958638787 -0.023517238 -0.283652365 74.333946228
-0.299900472 0.059505709 0.952112794 126.189132690 -0.008001651 0.997860730 -0.064885274 -8.446847916 -0.953937054 -0.027077597 -0.298782766 73.990165710
-0.313865960 0.061884329 0.947448432 127.344726562 -0.007473710 0.997681737 -0.067641258 -8.530289650 -0.949437916 -0.028311241 -0.312675774 73.611740112
-0.327952921 0.064067654 0.942519128 128.479110718 -0.006076488 0.997533917 -0.069921613 -8.621901512 -0.944674611 -0.028658202 -0.326754868 73.230346680
-0.342124999 0.063705951 0.937492430 129.608261108 -0.003765610 0.997598112 -0.069164544 -8.721192360 -0.939646959 -0.027193157 -0.341063380 72.826896667
-0.356137872 0.061546016 0.932404459 130.732147217 -0.004121021 0.997715473 -0.067431100 -8.815520287 -0.934424341 -0.027857224 -0.355070651 72.409179688
-0.370729059 0.060410850 0.926774263 131.856887817 -0.004031689 0.997768223 -0.066651292 -8.908778191 -0.928732216 -0.028446034 -0.369658142 71.967208862
-0.385342687 0.061776076 0.920703411 132.953887939 -0.005460401 0.997586548 -0.069220014 -9.000457764 -0.922757328 -0.031700835 -0.384075344 71.517410278
-0.400684237 0.063696690 0.913999438 134.048370361 -0.004645892 0.997426391 -0.071547434 -9.092670441 -0.916204393 -0.032914273 -0.399357080 71.060676575
-0.415374637 0.065680355 0.907276213 135.144439697 -0.003260180 0.997276008 -0.073688306 -9.184143066 -0.909644544 -0.033566143 -0.414029002 70.569450378
-0.429779440 0.068145879 0.900358677 136.228515625 -0.000533278 0.997128606 -0.075724691 -9.282218933 -0.902933776 -0.033025060 -0.428508967 70.053146362
-0.444611907 0.071539864 0.892861903 137.298599243 -0.000721798 0.996776462 -0.080225356 -9.379679680 -0.895723104 -0.036313623 -0.443127036 69.533706665
-0.459653974 0.073550597 0.885047197 138.371093750 -0.000332373 0.996550381 -0.082989529 -9.483998299 -0.888098001 -0.038440630 -0.458043993 68.986412048
-0.475025654 0.070985310 0.877104163 139.437454224 -0.001574473 0.996670902 -0.081514724 -9.585494995 -0.879970431 -0.040102568 -0.473332554 68.422668457
-0.490993977 0.066500433 0.868621111 140.505783081 -0.004351546 0.996882558 -0.078779690 -9.689504623 -0.871152163 -0.042460199 -0.489173889 67.838272095
-0.507045567 0.066814750 0.859325707 141.565551758 -0.004745195 0.996759415 -0.080300465 -9.790292740 -0.861906230 -0.044793662 -0.505085349 67.228492737
-0.522927761 0.065811776 0.849832594 142.619445801 -0.006084984 0.996701241 -0.080929697 -9.890836716 -0.852355301 -0.047491606 -0.520802259 66.592514038
-0.538758516 0.064961366 0.839952052 143.656188965 -0.006586218 0.996667385 -0.081306167 -9.991040230 -0.842434525 -0.049336489 -0.536535144 65.934181213
-0.554409921 0.063838355 0.829791844 144.688995361 -0.008271510 0.996581733 -0.082196474 -10.103199005 -0.832202733 -0.052434158 -0.551986754 65.270004272
-0.569878221 0.063051879 0.819306791 145.708267212 -0.008887263 0.996520638 -0.082871474 -10.209798813 -0.821681261 -0.054508030 -0.567334890 64.573883057
-0.584713280 0.061089590 0.808936656 146.723251343 -0.008361414 0.996653855 -0.081309475 -10.313055038 -0.811196923 -0.054306578 -0.582245886 63.845859528
-0.599666774 0.057355665 0.798191845 147.726501465 -0.008453198 0.996918499 -0.077986307 -10.421917915 -0.800205231 -0.053513058 -0.597334027 63.107311249
-0.614737630 0.055614848 0.786768496 148.725341797 -0.008036638 0.997017682 -0.076756246 -10.521730423 -0.788690805 -0.053507920 -0.612457275 62.340923309
-0.629107893 0.054291539 0.775419712 149.701904297 -0.008467450 0.997020125 -0.076676786 -10.621854782 -0.777271926 -0.054803792 -0.626773477 61.555072784
-0.644281089 0.055114411 0.762800217 150.679550171 -0.009848415 0.996719360 -0.080333941 -10.731708527 -0.764725447 -0.059270002 -0.641624510 60.761661530
-0.659572244 0.054414924 0.749668956 151.637298584 -0.011983539 0.996488035 -0.082873695 -10.838489532 -0.751545668 -0.063644879 -0.656603754 59.942268372
-0.675467789 0.051061172 0.735619545 152.587768555 -0.013970502 0.996534407 -0.082000062 -10.948135376 -0.737257183 -0.065665364 -0.672413528 59.101596832
-0.691796839 0.043413959 0.720785975 153.522033691 -0.017623471 0.996878564 -0.076958083 -11.057628632 -0.721877158 -0.065942101 -0.688872337 58.236320496
-0.708545804 0.040965997 0.704474688 154.444305420 -0.018684350 0.996874452 -0.076761685 -11.160625458 -0.705417395 -0.067551821 -0.705565810 57.335483551
-0.726044118 0.038402021 0.686575115 155.344726562 -0.019994501 0.996838331 -0.076899812 -11.268335342 -0.687357426 -0.069560386 -0.722980678 56.413791656
-0.743313968 0.034698658 0.668042243 156.219390869 -0.023104563 0.996726274 -0.077478632 -11.372272491 -0.668543696 -0.073025778 -0.740078807 55.470764160
-0.760002017 0.032520507 0.649106622 157.065704346 -0.022893017 0.996788025 -0.076743625 -11.483007431 -0.649517477 -0.073185317 -0.756816387 54.508640289
-0.775937676 0.034618657 0.629858911 157.888244629 -0.020834947 0.996541739 -0.080439530 -11.587085724 -0.630465508 -0.075539127 -0.772533059 53.516506195
-0.790893435 0.035130274 0.610944748 158.682479858 -0.016143586 0.996805668 -0.078216434 -11.700032234 -0.611741066 -0.071723692 -0.787799954 52.500553131
-0.805757344 0.035582006 0.591175973 159.474258423 -0.013126261 0.996875405 -0.077891193 -11.812887192 -0.592100382 -0.070521317 -0.802772701 51.470836639
-0.820156336 0.036690839 0.570961714 160.222015381 -0.011404028 0.996694982 -0.080430374 -11.924190521 -0.572025716 -0.072476745 -0.817027450 50.422863007
-0.833957493 0.037861731 0.550528228 160.948333740 -0.010895602 0.996319234 -0.085025340 -12.038114548 -0.551720977 -0.076905861 -0.830475450 49.358932495
-0.846950352 0.038156647 0.530301213 161.648834229 -0.008151922 0.996372163 -0.084711298 -12.156375885 -0.531609714 -0.076069228 -0.843566656 48.267181396
-0.858577311 0.036087982 0.511412501 162.320999146 -0.007186162 0.996574461 -0.082387961 -12.274078369 -0.512633801 -0.074411526 -0.855376840 47.156211853
-0.869070590 0.037782971 0.493243188 162.965026855 -0.004336291 0.996458769 -0.083970159 -12.391753197 -0.494669199 -0.075114846 -0.865829229 46.042869568
-0.878489137 0.040693656 0.476026148 163.578887939 -0.001513639 0.996123850 -0.087948188 -12.504037857 -0.477759898 -0.077982061 -0.875022471 44.923130035
-0.887509346 0.038202509 0.459203452 164.181655884 -0.003412779 0.995985031 -0.089454927 -12.624328613 -0.460777253 -0.080959223 -0.883815587 43.791381836
-0.895775020 0.035519283 0.443086386 164.769104004 -0.004283166 0.996066332 -0.088507168 -12.751591682 -0.444487125 -0.081180319 -0.892099202 42.649028778
-0.902954400 0.033468522 0.428431362 165.334915161 -0.005227522 0.996033430 -0.088826321 -12.874692917 -0.429704934 -0.082445741 -0.899197638 41.488925934
-0.909524202 0.031529512 0.414453477 165.880233765 -0.005665458 0.996085763 -0.088210091 -13.001194000 -0.415612489 -0.082577281 -0.905785441 40.313613892
-0.915773511 0.029006932 0.400646448 166.407440186 -0.006718723 0.996143758 -0.087478399 -13.122816086 -0.401638865 -0.082802244 -0.912047207 39.139842987
-0.921318889 0.024033345 0.388064533 166.914733887 -0.009385640 0.996422172 -0.083992556 -13.238073349 -0.388694674 -0.081026137 -0.917796969 37.949981689
-0.926551104 0.020401234 0.375615269 167.429733276 -0.010782420 0.996677577 -0.080731332 -13.359128952 -0.376014352 -0.078851745 -0.923252761 36.749515533
-0.930958688 0.020879347 0.364527047 167.910217285 -0.007978703 0.996961951 -0.077480592 -13.470643997 -0.365037262 -0.075039670 -0.927963793 35.545188904
-0.934038341 0.024974626 0.356298327 168.357284546 -0.003387877 0.996888041 -0.078757912 -13.588169098 -0.357156485 -0.074770004 -0.931047082 34.373901367
-0.936459482 0.029954251 0.349494487 168.839584351 0.001812726 0.996747136 -0.080571413 -13.696367264 -0.350771159 -0.074818321 -0.933467686 33.140502930
-0.938247025 0.033198338 0.344369352 169.276672363 0.004814775 0.996541917 -0.082951859 -13.809370995 -0.345932424 -0.076171279 -0.935162425 31.942520142
-0.940371335 0.029843038 0.338838011 169.738464355 0.002329130 0.996685386 -0.081318729 -13.931226730 -0.340141654 -0.075680621 -0.937323987 30.740173340
-0.941874087 0.023690348 0.335130185 170.178146362 -0.002734358 0.996937275 -0.078158304 -14.039341927 -0.335955471 -0.074531637 -0.938924432 29.487243652
-0.943678617 0.017560750 0.330397546 170.620605469 -0.008273273 0.997025847 -0.076622322 -14.144842148 -0.330760509 -0.075040303 -0.940726519 28.269439697
-0.945333183 0.011196942 0.325913638 171.052062988 -0.015033741 0.996851504 -0.077853665 -14.256060600 -0.325759292 -0.078497380 -0.942188442 27.069839478
-0.946652949 0.008633712 0.322139084 171.490936279 -0.018377032 0.996568024 -0.080712803 -14.365024567 -0.321730345 -0.082326993 -0.943245411 25.842357635
-0.947437882 0.008724944 0.319820553 171.911178589 -0.018740751 0.996398389 -0.082700193 -14.479424477 -0.319390178 -0.084346987 -0.943862081 24.634647369
-0.947580457 0.010001045 0.319360733 172.327789307 -0.018053446 0.996237457 -0.084764682 -14.597620964 -0.319006860 -0.086086921 -0.943834662 23.410762787
-0.947380364 0.012695249 0.319858253 172.736938477 -0.016140278 0.996047914 -0.087338857 -14.705884933 -0.319703013 -0.087905720 -0.943431377 22.182216644
-0.947110593 0.013583965 0.320620000 173.156692505 -0.015734695 0.995936275 -0.088675879 -14.826684952 -0.320521653 -0.089030705 -0.943048000 20.976009369
-0.946555853 0.014661318 0.322206616 173.572052002 -0.015505088 0.995743036 -0.090858907 -14.948160172 -0.322167009 -0.090998866 -0.942299187 19.759609222
-0.945895016 0.015791450 0.324088395 173.992965698 -0.014349038 0.995802045 -0.090400770 -15.075750351 -0.324155450 -0.090159975 -0.941697776 18.555236816
-0.945094764 0.015295091 0.326438308 174.411651611 -0.015216254 0.995761156 -0.090709530 -15.197637558 -0.326441914 -0.090696275 -0.940855980 17.363037109
-0.943996310 0.013678127 0.329672605 174.840835571 -0.017226562 0.995734692 -0.090640217 -15.324059486 -0.329506218 -0.091243155 -0.939734280 16.183326721
-0.942133605 0.012135603 0.335017920 175.266235352 -0.018600890 0.995912790 -0.088384889 -15.445785522 -0.334721178 -0.089502014 -0.938057184 14.984054565
-0.940142512 0.009895546 0.340637863 175.706573486 -0.020370558 0.996158957 -0.085160129 -15.569269180 -0.340172172 -0.087001637 -0.936330020 13.800922394
-0.937716603 0.007423104 0.347321928 176.154159546 -0.022670809 0.996333063 -0.082501784 -15.682896614 -0.346660733 -0.085237361 -0.934109688 12.632068634
-0.935299456 0.009810076 0.353721321 176.608886719 -0.020717008 0.996382952 -0.082412884 -15.795488358 -0.353250355 -0.084408782 -0.931713104 11.466026306
-0.931781888 0.009949741 0.362882286 177.054214478 -0.021305261 0.996402442 -0.082026042 -15.916269302 -0.362392873 -0.084161691 -0.928217769 10.298225403
-0.927887261 0.012723151 0.372643948 177.518203735 -0.020219613 0.996230066 -0.084361233 -16.029504776 -0.372312456 -0.085812412 -0.924131870 9.141723633
-0.923638463 0.014360038 0.382995725 177.998336792 -0.019028436 0.996347308 -0.083246335 -16.144369125 -0.382792145 -0.084177315 -0.919991493 7.977245331
-0.918970823 0.015853507 0.394006729 178.494735718 -0.018949550 0.996261537 -0.084283650 -16.260427475 -0.393869996 -0.084920473 -0.915234923 6.853084564
-0.912982464 0.018321835 0.407587588 179.005554199 -0.018144349 0.996179581 -0.085422859 -16.377227783 -0.407595634 -0.085384980 -0.909161806 5.687450409
-0.906934738 0.020615414 0.420766443 179.539047241 -0.016923040 0.996212840 -0.085285872 -16.492702484 -0.420931101 -0.084469393 -0.903151155 4.541618347
-0.900074124 0.020472830 0.435255647 180.081405640 -0.017305458 0.996428072 -0.082654618 -16.608787537 -0.435393095 -0.081927583 -0.896504700 3.370483398
-0.893883407 0.022870809 0.447715819 180.652770996 -0.015879836 0.996455669 -0.082607009 -16.727603912 -0.448018253 -0.080950692 -0.890352011 2.267120361
-0.886862993 0.025364321 0.461335897 181.225875854 -0.014190535 0.996525645 -0.082068741 -16.834712982 -0.461814612 -0.079330318 -0.883421838 1.147384644
-0.879567444 0.026536973 0.475033700 181.825607300 -0.012933251 0.996740758 -0.079628333 -16.947757721 -0.475598574 -0.076182216 -0.876357377 0.043128967
-0.871896088 0.028234318 0.488876581 182.437683105 -0.010628558 0.997010171 -0.076536477 -17.059589386 -0.489575893 -0.071927905 -0.868989050 -1.047531128
-0.863474429 0.031460255 0.503410578 183.049652100 -0.007296434 0.997169435 -0.074832536 -17.163728714 -0.504339814 -0.068289079 -0.860800743 -2.112113953
-0.854819655 0.034331050 0.517788529 183.691055298 -0.004670248 0.997259855 -0.073831685 -17.264999390 -0.518904328 -0.065530956 -0.852316856 -3.150260925
-0.844170094 0.037484009 0.534763277 184.318023682 -0.001370977 0.997398198 -0.072076403 -17.367187500 -0.536073685 -0.061577894 -0.841922343 -4.171386719
-0.833534062 0.040156957 0.551006615 184.978942871 0.001054032 0.997468650 -0.071100287 -17.465543747 -0.552466989 -0.058683731 -0.831466496 -5.170646667
-0.821771026 0.041603323 0.568297088 185.657684326 0.002632148 0.997597575 -0.069224998 -17.578279495 -0.569811821 -0.055391237 -0.819906294 -6.180969238
-0.810679853 0.043398194 0.583879173 186.375198364 0.002767210 0.997521937 -0.070301078 -17.664865494 -0.585483193 -0.055375945 -0.808791041 -7.149772644
-0.797619820 0.046191510 0.601389229 187.104751587 0.005783014 0.997603118 -0.068953916 -17.767414093 -0.603132844 -0.051521167 -0.795975149 -8.124565125
-0.783653736 0.047004748 0.619417012 187.855514526 0.007281065 0.997759640 -0.066503823 -17.860538483 -0.621155202 -0.047605962 -0.782240391 -9.086303711
-0.768386185 0.049475648 0.638071120 188.610855103 0.009519221 0.997780561 -0.065903939 -17.939041138 -0.639915645 -0.044565726 -0.767151773 -10.016654968
