1.000000000 0.000000000 0.000000000 0.000000000 0.000000000 1.000000000 0.000000000 0.000000000 0.000000000 0.000000000 1.000000000 0.000000000
0.999998629 0.000766011 0.001468200 -0.006339593 -0.000759291 0.999989271 -0.004572127 -0.002373033 -0.001471687 0.004571006 0.999988496 0.963963866
0.999996662 -0.001447726 0.002150608 -0.002716741 0.001459194 0.999984682 -0.005340755 -0.000925765 -0.002142844 0.005343876 0.999983430 1.918486595
0.999993324 -0.002399122 0.002740513 -0.010623804 0.002402632 0.999996305 -0.001278043 -0.004001948 -0.002737436 0.001284619 0.999995410 2.850501776
0.999985635 -0.004912290 0.002105749 -0.007476836 0.004901779 0.999975622 0.004968012 -0.007902674 -0.002130102 -0.004957618 0.999985456 3.799824238
0.999963582 -0.008513363 0.000564638 -0.004517908 0.008510418 0.999951124 0.005028988 -0.005175460 -0.000607424 -0.005024001 0.999987185 4.737840176
0.999937713 -0.011157595 -0.000178790 -0.005334264 0.011157938 0.999935627 0.002053262 -0.001144212 0.000155869 -0.002055130 0.999997854 5.668325901
0.999929070 -0.011853606 -0.001140643 -0.008492347 0.011851785 0.999928534 -0.001590302 0.004915797 0.001159412 0.001576670 0.999998033 6.595346451
0.999934256 -0.011358782 -0.001557026 -0.015952986 0.011355964 0.999933839 -0.001806782 -0.001983582 0.001577446 0.001788981 0.999997139 7.521911621
0.999933779 -0.011190721 -0.002683833 -0.024629815 0.011190858 0.999937356 0.000036034 -0.001244583 0.002683261 -0.000066066 0.999996424 8.436225891
0.999936461 -0.010903387 -0.002832382 -0.038530149 0.010911190 0.999936700 0.002753713 0.003289830 0.002802178 -0.002784443 0.999992192 9.376954079
0.999930441 -0.011165085 -0.003787196 -0.046271425 0.011181591 0.999927998 0.004365788 0.005120620 0.003738178 -0.004407832 0.999983311 10.298608780
0.999913454 -0.012337772 -0.004562082 -0.050747607 0.012360783 0.999910831 0.005050595 0.010492578 0.004499363 -0.005106549 0.999976873 11.214300156
0.999903381 -0.012801130 -0.005415578 -0.052111901 0.012831492 0.999901950 0.005609247 0.003916308 0.005343241 -0.005678196 0.999969602 12.117671967
0.999892652 -0.013333630 -0.006071531 -0.062937483 0.013360144 0.999901354 0.004347348 0.005556908 0.006012965 -0.004427997 0.999972105 13.023400307
0.999885142 -0.013342205 -0.007182509 -0.082208537 0.013357351 0.999908626 0.002064764 0.012916077 0.007154305 -0.002160466 0.999972045 13.927473068
0.999847591 -0.015039991 -0.008866283 -0.088823028 0.015046547 0.999886572 0.000673052 0.019446094 0.008855155 -0.000806356 0.999960482 14.817322731
0.999841571 -0.014339117 -0.010544766 -0.098123953 0.014336220 0.999897122 -0.000350227 0.023648825 0.010548704 0.000198999 0.999944270 15.731495857
0.999846041 -0.013027933 -0.011756113 -0.123779789 0.013014138 0.999914527 -0.001249157 0.024299081 0.011771384 0.001095969 0.999930024 16.633510590
0.999841034 -0.011303334 -0.013784323 -0.135206625 0.011288624 0.999935627 -0.001144349 0.021877537 0.013796369 0.000988562 0.999904335 17.528167725
0.999817193 -0.012222678 -0.014703065 -0.159384429 0.012217632 0.999925256 -0.000433031 0.023238862 0.014707260 0.000253315 0.999891758 18.421669006
0.999802947 -0.011724983 -0.016021611 -0.187471062 0.011744712 0.999930322 0.001137625 0.022192519 0.016007157 -0.001325570 0.999871016 19.313598633
0.999775290 -0.011383350 -0.017883707 -0.195955023 0.011415439 0.999933422 0.001693274 0.021023452 0.017863236 -0.001897044 0.999838591 20.195487976
0.999732137 -0.012510173 -0.019474175 -0.216255620 0.012548581 0.999919593 0.001851434 0.019436242 0.019449446 -0.002095311 0.999808729 21.074392319
0.999697268 -0.012294778 -0.021315128 -0.239958853 0.012324817 0.999923289 0.001278604 0.019976089 0.021297773 -0.001540922 0.999772072 21.945613861
0.999672890 -0.012389491 -0.022376817 -0.258100539 0.012430338 0.999921322 0.001687302 0.021806339 0.022354152 -0.001964902 0.999748230 22.806156158
0.999655485 -0.012376006 -0.023145931 -0.282186806 0.012456717 0.999916792 0.003346022 0.027920347 0.023102600 -0.003633191 0.999726415 23.660034180
0.999616623 -0.013627497 -0.024102351 -0.301789403 0.013780702 0.999885738 0.006201706 0.030244648 0.024015086 -0.006531475 0.999690175 24.505851746
0.999598801 -0.013880754 -0.024689076 -0.327067524 0.014079526 0.999869645 0.007895488 0.032849491 0.024576265 -0.008239930 0.999663889 25.342704773
0.999588966 -0.013163930 -0.025464553 -0.349488914 0.013338817 0.999888480 0.006710317 0.032223716 0.025373382 -0.007047226 0.999653220 26.174633026
0.999598622 -0.011563255 -0.025862180 -0.382191867 0.011663463 0.999925077 0.003727124 0.040467530 0.025817147 -0.004027271 0.999658585 26.981269836
0.999573886 -0.011056668 -0.027012363 -0.403288215 0.011117408 0.999935985 0.002099399 0.043197043 0.026987419 -0.002398811 0.999632955 27.785293579
0.999564588 -0.009899811 -0.027795199 -0.430275828 0.009952946 0.999949038 0.001773973 0.045514613 0.027776217 -0.002049845 0.999612093 28.575868607
0.999525309 -0.009902297 -0.029171340 -0.454416901 0.009944117 0.999949694 0.001288891 0.045391746 0.029157106 -0.001578362 0.999573648 29.362785339
0.999464869 -0.009747511 -0.031223908 -0.483361810 0.009772087 0.999952078 0.000634592 0.042744033 0.031216227 -0.000939375 0.999512196 30.138801575
0.999412715 -0.009524388 -0.032919612 -0.512603641 0.009546579 0.999954283 0.000516927 0.043742314 0.032913193 -0.000830893 0.999457836 30.911417007
0.999346733 -0.009555077 -0.034853373 -0.542608798 0.009618321 0.999952376 0.001647283 0.047087289 0.034835976 -0.001981438 0.999391079 31.664125443
0.999260783 -0.009983537 -0.037124634 -0.568506777 0.010133973 0.999941111 0.003866227 0.047813088 0.037083864 -0.004239589 0.999303102 32.424770355
0.999189019 -0.009040318 -0.039237980 -0.601951182 0.009258714 0.999942660 0.005387753 0.049966022 0.039187022 -0.005746676 0.999215364 33.160385132
0.999144793 -0.007417881 -0.040676851 -0.643498838 0.007649847 0.999955356 0.005549997 0.051464558 0.040633861 -0.005856422 0.999156892 33.882289886
0.999071121 -0.005148909 -0.042783372 -0.678520322 0.005362936 0.999973655 0.004889289 0.050625503 0.042757068 -0.005114191 0.999072433 34.615951538
0.998986781 -0.003612252 -0.044859517 -0.708682299 0.003799080 0.999984443 0.004080176 0.056734115 0.044844080 -0.004246467 0.998984993 35.326602936
0.998904943 -0.003364776 -0.046665497 -0.741530597 0.003614099 0.999979556 0.005259425 0.060282722 0.046646848 -0.005422319 0.998896718 36.030727386
0.998878598 -0.001755273 -0.047312576 -0.786510885 0.002089297 0.999973178 0.007011403 0.063107565 0.047299005 -0.007102389 0.998855531 36.721008301
0.998855352 0.000773452 -0.047825273 -0.819401443 -0.000413353 0.999971449 0.007538907 0.066413715 0.047829740 -0.007510508 0.998827219 37.399532318
0.998914897 0.004045639 -0.046395231 -0.859024644 -0.003783110 0.999976337 0.005744974 0.062990457 0.046417378 -0.005563222 0.998906612 38.071212769
0.998984635 0.005849057 -0.044671308 -0.894038677 -0.005737015 0.999980032 0.002635937 0.063767910 0.044685826 -0.002376981 0.998998284 38.720294952
0.999069989 0.006030230 -0.042695414 -0.921079099 -0.006020431 0.999981821 0.000358109 0.073629171 0.042696793 -0.000100732 0.999088049 39.368606567
0.999192655 0.006984847 -0.039562840 -0.950959980 -0.006924662 0.999974668 0.001658108 0.070804030 0.039573424 -0.001382810 0.999215662 40.005680084
0.999267399 0.012105078 -0.036306426 -0.984304368 -0.011964462 0.999920070 0.004087772 0.076031208 0.036353000 -0.003650391 0.999332368 40.643836975
0.999330223 0.016175168 -0.032825321 -1.004125118 -0.015943017 0.999846101 0.007321890 0.080279037 0.032938708 -0.006793650 0.999434233 41.284389496
0.999367356 0.021107564 -0.028623700 -1.027404785 -0.020877743 0.999747634 0.008304205 0.084013134 0.028791750 -0.007701355 0.999555707 41.890415192
0.999417126 0.024945695 -0.023305792 -1.047963262 -0.024753066 0.999657333 0.008517599 0.090938568 0.023510281 -0.007935746 0.999692142 42.472602844
0.999436557 0.028849302 -0.017155249 -1.072164893 -0.028670743 0.999533117 0.010564718 0.097424239 0.017452024 -0.010066913 0.999797046 43.047630310
0.999379873 0.033430159 -0.011060707 -1.070996761 -0.033299662 0.999375999 0.011779897 0.095914274 0.011447610 -0.011404273 0.999869406 43.604969025
0.999311924 0.036862656 -0.004091576 -1.076526761 -0.036813825 0.999256730 0.011429080 0.099302113 0.004509842 -0.011270587 0.999926329 44.136634827
0.999183536 0.040250752 0.003504654 -1.083515763 -0.040289093 0.999120057 0.011658977 0.099527329 -0.003032288 -0.011790655 0.999925911 44.643623352
0.998971879 0.044146683 0.010318804 -1.072438121 -0.044258561 0.998960912 0.010877338 0.107051641 -0.009827879 -0.011322850 0.999887586 45.137474060
0.998660088 0.048420895 0.018261289 -1.073377967 -0.048577499 0.998785555 0.008231848 0.109928280 -0.017840516 -0.009107908 0.999799311 45.613891602
0.998376966 0.050534047 0.026263362 -1.063177705 -0.050692689 0.998699665 0.005409645 0.105045348 -0.025955835 -0.006732225 0.999640346 46.073059082
0.998120010 0.050949655 0.034067929 -1.047121048 -0.051146928 0.998678863 0.004943810 0.110112041 -0.033771031 -0.006676984 0.999407291 46.501258850
0.997853041 0.050257012 0.041994695 -1.022903323 -0.050571665 0.998699546 0.006463370 0.109978884 -0.041615248 -0.008573235 0.999096930 46.898513794
0.997406602 0.051862851 0.049902428 -1.000252485 -0.052274469 0.998608351 0.006978065 0.115837261 -0.049471073 -0.009568591 0.998729706 47.286643982
0.996743798 0.055098820 0.058871910 -0.989121914 -0.055628307 0.998424292 0.007391939 0.110464752 -0.058371853 -0.010642814 0.998238206 47.648040771
0.995933354 0.059942171 0.067257494 -0.958542347 -0.060524572 0.998144507 0.006653442 0.113893896 -0.066733874 -0.010697115 0.997713506 47.973304749
0.995040119 0.063772291 0.076342754 -0.938670397 -0.064480297 0.997895539 0.006842820 0.110959888 -0.075745709 -0.011731484 0.997058153 48.277580261
0.994303167 0.063114069 0.085894212 -0.912744999 -0.063998356 0.997921288 0.007577904 0.108779103 -0.085237391 -0.013031821 0.996275425 48.560676575
0.993439555 0.061854977 0.096186519 -0.868254662 -0.062681526 0.998017907 0.005592485 0.110277891 -0.095649943 -0.011584912 0.995347679 48.839305878
0.992309391 0.060334899 0.108083472 -0.835163116 -0.060828108 0.998147428 0.001268948 0.105649084 -0.107806712 -0.007833701 0.994140983 49.096939087
0.990728319 0.061326403 0.121229075 -0.792048931 -0.061419912 0.998107612 -0.002968787 0.109110370 -0.121181726 -0.004504618 0.992620111 49.364898682
0.988599181 0.062888704 0.136808977 -0.754983902 -0.062773608 0.998014450 -0.005159701 0.107066244 -0.136861816 -0.003487118 0.990583956 49.629623413
0.986136854 0.064659297 0.152818531 -0.701769829 -0.064435415 0.997901142 -0.006422502 0.102979511 -0.152913094 -0.003513461 0.988233387 49.877182007
0.983326375 0.065244831 0.169742286 -0.646672249 -0.064899258 0.997862995 -0.007589524 0.102074087 -0.169874728 -0.003553169 0.985459268 50.132087708
0.980066121 0.064231284 0.188002378 -0.589406013 -0.063672289 0.997930110 -0.009017333 0.104349434 -0.188192412 -0.003132961 0.982127249 50.393985748
0.976187766 0.063591160 0.207397103 -0.521801949 -0.063057624 0.997967541 -0.009189401 0.099336833 -0.207559943 -0.004107385 0.978213727 50.634754181
0.971716762 0.063535385 0.227441922 -0.449183464 -0.062839955 0.997970402 -0.010305043 0.095078528 -0.227635026 -0.004278858 0.973737061 50.870300293
0.966468930 0.065771125 0.248217747 -0.368621826 -0.064646356 0.997827530 -0.012688685 0.094770312 -0.248513073 -0.003783153 0.968621194 51.110130310
0.960211098 0.066925243 0.271137714 -0.286504745 -0.065315478 0.997752428 -0.014967190 0.095124543 -0.271530032 -0.003337829 0.962424219 51.362056732
0.952949286 0.068519764 0.295283854 -0.192008018 -0.066813268 0.997639179 -0.015877428 0.080878735 -0.295674622 -0.004598496 0.955277622 51.590118408
0.944437981 0.071223877 0.320879728 -0.093065262 -0.069514833 0.997439563 -0.016794607 0.074246049 -0.321254283 -0.006444435 0.946970999 51.828056335
0.934560895 0.073366836 0.348156989 0.015525818 -0.071633697 0.997271001 -0.017867107 0.066106498 -0.348517686 -0.008241874 0.937265933 52.066669464
0.923390090 0.074097060 0.376643598 0.134813309 -0.072168395 0.997206688 -0.019250328 0.059262574 -0.377017945 -0.009406202 0.926158190 52.303417206
0.910842597 0.072037473 0.406418890 0.277555466 -0.069328085 0.997364283 -0.021408005 0.049705386 -0.406889796 -0.008676922 0.913435996 52.538589478
0.895860434 0.069513068 0.438864470 0.419975281 -0.065593578 0.997555077 -0.024108641 0.042604923 -0.439467371 -0.007188715 0.898229718 52.767444611
0.878542185 0.068744846 0.472692013 0.576286316 -0.062833801 0.997622550 -0.028304426 0.032699108 -0.473513961 -0.004834401 0.880772948 52.991249084
0.859078109 0.070718028 0.506935716 0.739616394 -0.062302023 0.997492671 -0.033571124 0.027276397 -0.508038640 -0.002742900 0.861329913 53.211738586
0.837308407 0.072607100 0.541888177 0.925470352 -0.061834503 0.997359335 -0.038090564 0.017884612 -0.543222845 -0.001613832 0.839587092 53.438964844
0.812775850 0.075262547 0.577694654 1.122573853 -0.062637806 0.997161210 -0.041784011 0.008527517 -0.579199433 -0.002224491 0.815182865 53.664100647
0.785223365 0.079417065 0.614098728 1.332965851 -0.065788880 0.996827781 -0.044791106 -0.002797604 -0.615707755 -0.005229848 0.787957191 53.897182465
0.755287290 0.083950661 0.649994850 1.557607651 -0.069635980 0.996427655 -0.047778197 -0.017238617 -0.651683927 -0.009176767 0.758435130 54.126323700
0.722287834 0.084720939 0.686383724 1.817331314 -0.068986371 0.996344447 -0.050384674 -0.036635637 -0.688143194 -0.010958881 0.725492179 54.360462189
0.685555637 0.082374834 0.723344922 2.095842361 -0.065521598 0.996527135 -0.051386368 -0.055954814 -0.725065768 -0.012166495 0.688572168 54.585723877
0.646524370 0.080691956 0.758613825 2.391399384 -0.062405556 0.996651828 -0.052826699 -0.079833627 -0.760336637 -0.013187979 0.649395287 54.792816162
0.603963971 0.079950616 0.792991459 2.723344803 -0.060256962 0.996688783 -0.054594353 -0.102394819 -0.794730604 -0.014810236 0.606781602 55.011280060
0.557738960 0.079964705 0.826155484 3.088754654 -0.056866527 0.996690929 -0.058080375 -0.120183587 -0.828066170 -0.014586908 0.560440660 55.224021912
0.509181499 0.078544490 0.857067585 3.458467484 -0.053489923 0.996789992 -0.059570871 -0.146814704 -0.858995438 -0.015512101 0.511748254 55.413993835
0.460508198 0.077410422 0.884273589 3.883207321 -0.052078377 0.996830344 -0.060142614 -0.160938382 -0.886126280 -0.018355368 0.463080078 55.603187561
0.411272109 0.074907728 0.908429444 4.320306778 -0.051114310 0.996944666 -0.059065633 -0.184597611 -0.910078347 -0.022141691 0.413844466 55.766510010
0.360632867 0.074758068 0.929707110 4.776224136 -0.054187741 0.996778369 -0.059131898 -0.204682350 -0.931132495 -0.029053822 0.363522023 55.931221008
0.311533153 0.075581051 0.947224677 5.240823746 -0.052716121 0.996671200 -0.062188663 -0.225481987 -0.948771834 -0.030560179 0.314480484 56.056762695
0.263967633 0.071966916 0.961842895 5.712882042 -0.041809831 0.997128963 -0.063132823 -0.262275934 -0.963624954 -0.023549471 0.266218662 56.146057129
0.219797611 0.066294447 0.973290324 6.225646019 -0.028275220 0.997702062 -0.061571855 -0.285912693 -0.975135684 -0.013986656 0.221167013 56.221900940
0.177489549 0.065293290 0.981954277 6.756120682 -0.018984398 0.997838140 -0.062917985 -0.314505219 -0.983939588 -0.007474531 0.178345382 56.288887024
0.138948590 0.066727668 0.988048971 7.291114807 -0.015994541 0.997748315 -0.065133408 -0.340814292 -0.990170479 -0.006753195 0.139703006 56.341674805
0.106855348 0.067551561 0.991977096 7.799805164 -0.007289901 0.997715771 -0.067157060 -0.373910487 -0.994247854 -0.000055323 0.107103705 56.354820251
0.077702403 0.065682463 0.994810522 8.361344337 -0.000086579 0.997827828 -0.065874927 -0.412552595 -0.996976614 0.005032510 0.077539302 56.379020691
0.052716412 0.063904457 0.996562660 8.927469254 0.006471742 0.997907460 -0.064333044 -0.447680652 -0.998588502 0.009840905 0.052192524 56.390338898
0.032805011 0.063041151 0.997471631 9.508408546 0.011587069 0.997917712 -0.063450426 -0.473325908 -0.999394536 0.013639265 0.032006264 56.393249512
0.016881688 0.065235205 0.997727096 10.081235886 0.014424561 0.997749567 -0.065480754 -0.495959461 -0.999753416 0.015497201 0.015902707 56.388561249
0.003503604 0.065230466 0.997864068 10.678108215 0.015122869 0.997752666 -0.065276280 -0.526355684 -0.999879479 0.015319270 0.002509259 56.383522034
-0.008315936 0.065800622 0.997798145 11.291322708 0.015891643 0.997715354 -0.065662719 -0.566673517 -0.999839187 0.015310607 -0.009342618 56.381072998
-0.017109523 0.068637468 0.997494936 11.913845062 0.020814609 0.997449338 -0.068277299 -0.605767906 -0.999636889 0.019594274 -0.018494541 56.356052399
-0.023741178 0.070667036 0.997217357 12.542332649 0.024915783 0.997230530 -0.070074782 -0.636982203 -0.999407589 0.023182794 -0.025436150 56.331317902
-0.028178502 0.070048176 0.997145534 13.182739258 0.025540881 0.997266412 -0.069334909 -0.670123041 -0.999276519 0.023514220 -0.029890563 56.310512543
-0.031905584 0.067307465 0.997222066 13.835332870 0.023184039 0.997511268 -0.066585235 -0.706208587 -0.999221861 0.020995189 -0.033386640 56.293201447
-0.034594949 0.060438592 0.997572184 14.531892776 0.021070968 0.997991979 -0.059733301 -0.746208489 -0.999179244 0.018953342 -0.035798978 56.279037476
-0.035762560 0.054911364 0.997850597 15.221029282 0.022403304 0.998282552 -0.054132201 -0.780320525 -0.999109089 0.020419246 -0.036931336 56.253055573
-0.036320489 0.052222408 0.997974753 15.902225494 0.024815813 0.998372912 -0.051340081 -0.815376699 -0.999032021 0.022900861 -0.037557326 56.226657867
-0.036094990 0.054343089 0.997869730 16.610580444 0.027980540 0.998183966 -0.053348079 -0.855277061 -0.998956561 0.025995329 -0.037549984 56.199417114
-0.035023082 0.061848734 0.997470856 17.313856125 0.029115846 0.997722685 -0.060842041 -0.884807408 -0.998962283 0.026911333 -0.036744103 56.163097382
-0.032830067 0.069963753 0.997009099 18.028064728 0.029976809 0.997166932 -0.068987735 -0.918640494 -0.999011397 0.027622277 -0.034834351 56.143115997
-0.030320147 0.070771158 0.997031629 18.758785248 0.030686067 0.997086048 -0.069841839 -0.952822924 -0.999069095 0.028477367 -0.032403488 56.116764069
-0.028269637 0.066404834 0.997392237 19.504713058 0.030151926 0.997393608 -0.065550320 -0.995515466 -0.999145508 0.028220210 -0.030198190 56.100456238
-0.026000274 0.060057979 0.997856200 20.250299454 0.029847192 0.997795284 -0.059276607 -1.039712787 -0.999216259 0.028242001 -0.027735513 56.078880310
-0.023196125 0.058308195 0.998029113 20.986993790 0.028173871 0.997939348 -0.057648133 -1.082916141 -0.999333858 0.026781131 -0.024791094 56.069065094
-0.019676397 0.063813046 0.997767866 21.715459824 0.035523739 0.997375548 -0.063087419 -1.124561071 -0.999175131 0.034203101 -0.021891633 56.044300079
-0.016494732 0.069105841 0.997472882 22.449171066 0.037555404 0.996947587 -0.068448395 -1.168713331 -0.999158323 0.036331467 -0.019039679 56.035739899
-0.014429680 0.069697507 0.997463822 23.199897766 0.031061729 0.997117460 -0.069223955 -1.215756655 -0.999413252 0.029984074 -0.016553013 56.040637970
-0.011306870 0.066382997 0.997730076 23.946304321 0.026436720 0.997465074 -0.066065744 -1.256820679 -0.999586523 0.025629716 -0.013033155 56.044994354
-0.006206102 0.062845036 0.998004019 24.687616348 0.030549366 0.997569382 -0.062627703 -1.305533409 -0.999513984 0.030099716 -0.008110896 56.033496857
-0.002297794 0.063569404 0.997974813 25.424310684 0.035380773 0.997357726 -0.063448653 -1.354982495 -0.999371231 0.035163324 -0.004540862 56.018642426
-0.000132704 0.067957625 0.997688174 26.170021057 0.034939174 0.997079372 -0.067911506 -1.408587337 -0.999389410 0.034849398 -0.002506700 56.029369354
0.003900483 0.068698056 0.997629881 26.915069580 0.031222736 0.997142613 -0.068786584 -1.451705456 -0.999504864 0.031417042 0.001744397 56.040515900
0.007500797 0.068051502 0.997653544 27.651895523 0.030457238 0.997203350 -0.068249770 -1.498338819 -0.999507904 0.030897697 0.005407158 56.049625397
0.011238698 0.064838789 0.997832417 28.403953552 0.034341369 0.997281790 -0.065189786 -1.547192931 -0.999346972 0.034999579 0.008981497 56.051906586
0.014750607 0.065398775 0.997750163 29.160116196 0.039276119 0.997050703 -0.065933563 -1.601841331 -0.999119520 0.040160310 0.012138495 56.054557800
0.018340804 0.066371739 0.997626305 29.905628204 0.042120744 0.996857107 -0.067094915 -1.647757292 -0.998944223 0.043251343 0.015487533 56.069511414
0.020803386 0.066375338 0.997577906 30.656805038 0.042397868 0.996837556 -0.067210235 -1.690515518 -0.998884141 0.043693367 0.017923424 56.087764740
0.023744231 0.065032147 0.997600615 31.407161713 0.043823972 0.996854961 -0.066026613 -1.735819101 -0.998757064 0.045286577 0.020819589 56.118808746
0.028129319 0.063669652 0.997574627 32.166313171 0.045760859 0.996841133 -0.064913221 -1.791916609 -0.998556316 0.047475830 0.025126882 56.122665405
0.030855564 0.063965306 0.997475088 32.917182922 0.044194635 0.996886909 -0.065294705 -1.834533215 -0.998546362 0.046097748 0.027932582 56.156379700
0.034049310 0.065934926 0.997242808 33.672340393 0.040748630 0.996900141 -0.067303568 -1.879689693 -0.998589098 0.042927921 0.031257000 56.184020996
0.037083119 0.066503510 0.997096837 34.424373627 0.042425051 0.996778786 -0.068060122 -1.916620493 -0.998411238 0.044825770 0.034142248 56.205776215
0.039830200 0.065624148 0.997049153 35.187004089 0.040902279 0.996897459 -0.067248143 -1.970480919 -0.998368859 0.043460097 0.037022453 56.241428375
0.042156756 0.065882146 0.996936500 35.941837311 0.039353415 0.996939659 -0.067546472 -2.017497063 -0.998335600 0.042080391 0.039435051 56.279533386
0.044908866 0.065946683 0.996812046 36.704048157 0.036520779 0.997043371 -0.067607328 -2.066035271 -0.998323262 0.039440520 0.042367667 56.322265625
0.047826357 0.067785516 0.996552944 37.468593597 0.035214599 0.996959984 -0.069503225 -2.114986897 -0.998234630 0.038417302 0.045293920 56.368862152
0.051297560 0.071578369 0.996114969 38.231117249 0.033651110 0.996737957 -0.073356085 -2.164025307 -0.998116314 0.037283361 0.048721526 56.409656525
0.054388393 0.073286191 0.995826781 38.992656708 0.033732131 0.996598840 -0.075185344 -2.222294807 -0.997949898 0.037680566 0.051731318 56.457126617
0.057643484 0.075725257 0.995461106 39.767776489 0.027874283 0.996608317 -0.077426605 -2.268772602 -0.997948050 0.032210909 0.055337183 56.507537842
0.059716135 0.074834235 0.995406330 40.543861389 0.024162075 0.996785402 -0.076387435 -2.322371483 -0.997922897 0.028612645 0.057716027 56.573852539
0.063949525 0.075174741 0.995117724 41.324562073 0.026194619 0.996688783 -0.076976776 -2.381330252 -0.997609317 0.030989351 0.061768599 56.622966766
0.067463852 0.076616243 0.994775593 42.099327087 0.025373949 0.996592939 -0.078477018 -2.433933258 -0.997399151 0.030535748 0.065289930 56.672798157
0.071424328 0.077652879 0.994418621 42.884632111 0.021701690 0.996607900 -0.079382554 -2.486358166 -0.997209907 0.027250409 0.069496840 56.737953186
0.075262651 0.075771995 0.994280756 43.677452087 0.020883078 0.996770263 -0.077542484 -2.539490700 -0.996945083 0.026599692 0.073437221 56.806739807
0.079564504 0.075462952 0.993969262 44.479698181 0.020354565 0.996799529 -0.077307172 -2.609597445 -0.996621966 0.026382716 0.077773839 56.884105682
0.084940903 0.079031818 0.993246615 45.275291443 0.017159432 0.996585488 -0.080764934 -2.663276196 -0.996238351 0.023903793 0.083294712 56.950725555
0.090842620 0.087644540 0.992000997 46.063095093 0.015105882 0.995883882 -0.089370921 -2.723821402 -0.995750725 0.023103738 0.089144744 57.032501221
0.098299891 0.092372768 0.990860403 46.865383148 0.014157555 0.995452106 -0.094205350 -2.786435604 -0.995056152 0.023288535 0.096545056 57.118373871
0.105816804 0.095669374 0.989772797 47.664798737 0.009198692 0.995224416 -0.097179756 -2.851430655 -0.994343102 0.019387865 0.104431435 57.208824158
0.112624831 0.093609907 0.989218295 48.466876984 0.005828758 0.995473027 -0.094865412 -2.923965216 -0.993620634 0.016450113 0.111569338 57.313747406
0.119790904 0.092393048 0.988490641 49.275970459 0.005820259 0.995577812 -0.093760796 -2.988780260 -0.992782116 0.016984964 0.118723407 57.424331665
0.127699628 0.088660657 0.987842143 50.100109100 0.005394908 0.995919645 -0.090083040 -3.060725212 -0.991798162 0.016832884 0.126700252 57.530654907
0.134989232 0.082801059 0.987381339 50.904079437 0.003106240 0.996461928 -0.083987229 -3.133832932 -0.990842283 0.014404410 0.134254426 57.651550293
0.142284483 0.075491913 0.986942828 51.707344055 0.000762136 0.997078717 -0.076377079 -3.193948746 -0.989825487 0.011619460 0.141811267 57.765930176
0.149477720 0.073185176 0.986052930 52.520404816 0.000791181 0.997247815 -0.074135996 -3.254209042 -0.988764822 0.011861829 0.149008423 57.903804779
0.157096878 0.075018197 0.984729886 53.314582825 0.000280263 0.997107327 -0.076005846 -3.314754486 -0.987583101 0.012216266 0.156621426 58.030872345
0.162280515 0.081154756 0.983401775 54.095336914 0.000493620 0.996605396 -0.082325839 -3.383418322 -0.986744523 0.013845306 0.161689565 58.173793793
0.167776510 0.085265316 0.982130766 54.865863800 -0.000749543 0.996263325 -0.086364210 -3.430029869 -0.985824764 0.013753739 0.167213500 58.305046082
0.172893956 0.087843001 0.981015444 55.639530182 -0.002135766 0.996046007 -0.088812508 -3.503010273 -0.984938145 0.013259924 0.172397956 58.440361023
0.177991956 0.087503918 0.980133653 56.417755127 -0.004736889 0.996103048 -0.088069409 -3.570463181 -0.984020531 0.011032864 0.177712813 58.593578339
0.183368668 0.084096611 0.979440510 57.182666779 -0.000685135 0.996344805 -0.085419774 -3.638088703 -0.983044028 0.014992262 0.182756037 58.732330322
0.188052446 0.077898130 0.979064882 57.946842194 -0.000011433 0.996849954 -0.079310976 -3.690902710 -0.982159019 0.014903430 0.187460944 58.879062653
0.191679731 0.071424350 0.978855133 58.692226410 -0.001661330 0.997370660 -0.072450057 -3.752199650 -0.981456161 0.012261003 0.191294342 59.027759552
0.194565162 0.068334103 0.978506446 59.424507141 -0.005113559 0.997627497 -0.068652652 -3.807832241 -0.980876267 0.008353765 0.194452986 59.187900543
0.197664067 0.068264417 0.977890015 60.152214050 -0.006479244 0.997641444 -0.068333544 -3.861070633 -0.980248392 0.007171101 0.197640166 59.340236664
0.199867636 0.069978490 0.977320850 60.870567322 -0.008404760 0.997532010 -0.069706850 -3.912961483 -0.979786813 0.005717995 0.199962512 59.493797302
0.201337785 0.074620321 0.976675391 61.569011688 -0.013060127 0.997209907 -0.073496915 -3.966448784 -0.979434848 0.002042198 0.201750576 59.649536133
0.203832194 0.078953907 0.975817025 62.273731232 -0.013969913 0.996875763 -0.077739708 -4.015255928 -0.978906155 0.002213777 0.204298347 59.800418854
0.205540314 0.084043346 0.975033283 62.968009949 -0.014444520 0.996457756 -0.082845077 -4.075954437 -0.978542089 0.002944114 0.206026211 59.958961487
0.207315281 0.085796297 0.974504709 63.635093689 -0.013343974 0.996301949 -0.084876575 -4.126893044 -0.978183270 0.004592443 0.207693502 60.106338501
0.208321705 0.085865870 0.974283874 64.291053772 -0.015907105 0.996304512 -0.084405318 -4.182389736 -0.977931023 0.002085427 0.208917737 60.253631592
0.208995521 0.082779832 0.974406600 64.955474854 -0.015752684 0.996566474 -0.081283681 -4.238326073 -0.977789760 0.001638400 0.209581926 60.398288727
0.209730700 0.080516577 0.974438429 65.615463257 -0.015823875 0.996752620 -0.078954570 -4.291518688 -0.977631152 0.001139803 0.210323676 60.543453217
0.210030735 0.079133794 0.974487066 66.268524170 -0.013979783 0.996860206 -0.077937566 -4.338438511 -0.977594912 0.002746163 0.210477576 60.680450439
0.208312228 0.078299202 0.974923193 66.898513794 -0.014482970 0.996928096 -0.076971889 -4.390775681 -0.977955103 0.001914401 0.208806306 60.820648193
0.206617445 0.079238512 0.975208044 67.512893677 -0.016508259 0.996855617 -0.077499844 -4.448860645 -0.978282511 -0.000086162 0.207275897 60.954933167
0.204154491 0.082044102 0.975494623 68.120918274 -0.017194131 0.996628642 -0.080223121 -4.499291420 -0.978787720 -0.000394871 0.204876885 61.089103699
0.202112824 0.085754856 0.975600541 68.717010498 -0.015205264 0.996313810 -0.084425479 -4.550505161 -0.979244173 0.002229213 0.202671692 61.209976196
0.200313911 0.086405113 0.975914180 69.324928284 -0.013007882 0.996250153 -0.085535631 -4.597946167 -0.979645371 0.004439401 0.200686708 61.343307495
0.198183000 0.085404247 0.976437330 69.906257629 -0.013361904 0.996339500 -0.084433004 -4.641314030 -0.980073929 0.003686127 0.198598757 61.451530457
0.195728421 0.082551971 0.977177322 70.493309021 -0.013697577 0.996583402 -0.081447788 -4.688878059 -0.980562508 0.002556687 0.196190491 61.571418762
0.193604589 0.078189202 0.977958977 71.067008972 -0.013055108 0.996936262 -0.077121958 -4.741233826 -0.980992734 0.002163806 0.194032192 61.688220978
0.191883713 0.077213362 0.978375614 71.630493164 -0.009863558 0.997001588 -0.076748848 -4.793360710 -0.981368005 0.005076587 0.192069992 61.793220520
0.190066785 0.078993231 0.978588104 72.176437378 -0.005697837 0.996829808 -0.079359062 -4.829849243 -0.981754661 0.009507686 0.189914286 61.896461487
0.187747583 0.080962323 0.978874862 72.726776123 -0.001393910 0.996617973 -0.082162499 -4.870786190 -0.982216418 0.014061348 0.187225476 61.997932434
0.185975730 0.082824171 0.979057312 73.272109985 -0.002155181 0.996472895 -0.083888054 -4.912665367 -0.982551932 0.013491098 0.185498282 62.100563049
0.184441209 0.085528269 0.979115129 73.812820435 -0.002675429 0.996246457 -0.086520754 -4.955047131 -0.982839882 0.013338436 0.183977723 62.204799652
0.183494404 0.083733842 0.979448020 74.364158630 -0.000479139 0.996373057 -0.085090995 -5.004198074 -0.983020604 0.015144432 0.182869017 62.305103302
0.184412152 0.082505524 0.979379892 74.912857056 0.005069753 0.996377349 -0.084892020 -5.043356419 -0.982835948 0.020620333 0.183325797 62.396869659
0.186555699 0.080416754 0.979147613 75.455688477 0.010190190 0.996432364 -0.083777867 -5.084191322 -0.982391536 0.025606943 0.185070649 62.493175507
0.188678980 0.079856701 0.978786588 76.008514404 0.012968052 0.996398747 -0.083793461 -5.126693249 -0.981953204 0.028503023 0.186963916 62.597259521
0.191909268 0.079393484 0.978195965 76.564270020 0.010421380 0.996501446 -0.082923733 -5.172994614 -0.981357336 0.026107991 0.190410480 62.713272095
0.197458997 0.079917558 0.977048159 77.118682861 0.009304404 0.996473849 -0.083386868 -5.218823433 -0.980266988 0.025556341 0.196019113 62.831459045
0.203685135 0.079087742 0.975836813 77.685317993 0.010377936 0.996501446 -0.082928710 -5.258675575 -0.978981435 0.027018519 0.202151760 62.961914062
0.211900711 0.079530850 0.974049747 78.255821228 0.008460855 0.996496618 -0.083204247 -5.297330856 -0.977254629 0.025872339 0.210485443 63.080257416
0.220030069 0.077430487 0.972415209 78.822135925 0.008679444 0.996649861 -0.081324138 -5.342303276 -0.975454509 0.026333779 0.218620881 63.227500916
0.228384227 0.077179216 0.970507026 79.381278992 0.004876100 0.996749640 -0.080413602 -5.387915134 -0.973558784 0.023097495 0.227265567 63.363239288
0.238018394 0.076941006 0.968208253 79.963088989 0.003790398 0.996776223 -0.080143020 -5.431787491 -0.971253276 0.022745410 0.236959442 63.514484406
0.247490346 0.080638126 0.965528965 80.549156189 -0.001692062 0.996565104 -0.082796454 -5.478020191 -0.968888819 0.018857587 0.246776670 63.684547424
0.256853372 0.082725480 0.962903261 81.154159546 -0.005010920 0.996430397 -0.084269218 -5.523969650 -0.966437459 0.016819805 0.256351024 63.865631104
0.267740011 0.085408822 0.959698141 81.745773315 -0.008852402 0.996239305 -0.086191133 -5.567113876 -0.963450491 0.014581183 0.267489225 64.041786194
0.277885914 0.087522216 0.956618607 82.351280212 -0.010740004 0.996061623 -0.088011049 -5.616541862 -0.960554183 0.014182942 0.277731478 64.227523804
0.287602097 0.088205688 0.953679562 82.974258423 -0.013641319 0.996026337 -0.088008501 -5.665604115 -0.957652926 0.012301981 0.287662506 64.432739258
0.297756553 0.088709302 0.950511217 83.598854065 -0.014744336 0.995981753 -0.088334173 -5.717391491 -0.954528034 0.012287418 0.297868013 64.634811401
0.307966501 0.089679740 0.947161198 84.243576050 -0.018755881 0.995926321 -0.088198550 -5.763034821 -0.951212406 0.009397352 0.308393925 64.860267639
0.318454027 0.085306898 0.944092035 84.884849548 -0.018804066 0.996315002 -0.083682850 -5.807166576 -0.947751760 0.008896374 0.318884641 65.083892822
0.329047590 0.077830039 0.941100419 85.544784546 -0.014797142 0.996900260 -0.077271052 -5.859908104 -0.944197416 0.011500252 0.329179287 65.320655823
0.340107620 0.073528513 0.937507451 86.213470459 -0.013107204 0.997212350 -0.073456123 -5.907554626 -0.940295219 0.012694888 0.340123266 65.566635132
0.350705564 0.070431374 0.933833480 86.900436401 -0.014204423 0.997453153 -0.069895163 -5.956389904 -0.936378062 0.011248054 0.350812733 65.827537537
0.359839201 0.067817621 0.930546403 87.586471558 -0.007564009 0.997534096 -0.069774665 -5.998707771 -0.932983577 0.018068997 0.359464854 66.098030090
0.368666351 0.062642954 0.927448630 88.289649963 -0.001280787 0.997759998 -0.066882901 -6.036653519 -0.929560900 0.023469608 0.367920786 66.370819092
0.375674963 0.053374328 0.925213277 89.009613037 0.008232044 0.998108625 -0.060922120 -6.077551365 -0.926714838 0.030503316 0.374525040 66.653808594
0.382822990 0.048833225 0.922530115 89.718872070 0.013637660 0.998194396 -0.058497667 -6.119581223 -0.923721015 0.034975406 0.381465793 66.942283630
0.389819413 0.048626825 0.919606566 90.423423767 0.015504734 0.998116732 -0.059350707 -6.170303822 -0.920760751 0.037394322 0.388331383 67.248382568
0.397485912 0.054891046 0.915965021 91.138908386 0.018087873 0.997546673 -0.067629263 -6.208953381 -0.917429984 0.043449543 0.395517826 67.556434631
0.404802501 0.059222389 0.912484348 91.844093323 0.022076359 0.996976733 -0.074499808 -6.249777317 -0.914137661 0.050302044 0.402271241 67.862899780
0.409814119 0.061264470 0.910109460 92.550628662 0.019899169 0.996904135 -0.076067522 -6.303011894 -0.911951900 0.049283959 0.407326221 68.192993164
0.414377600 0.062657148 0.907945633 93.253875732 0.012924740 0.997121692 -0.074709877 -6.361999035 -0.910013258 0.042693056 0.412375003 68.526550293
0.418144912 0.066587046 0.905936420 93.938362122 0.006183406 0.997078001 -0.076140031 -6.416594028 -0.908359289 0.037439343 0.416511297 68.863876343
0.422150046 0.069481321 0.903859317 94.619461060 0.005435659 0.996846437 -0.079168171 -6.477360725 -0.906509578 0.038333915 0.420441121 69.193092346
0.426222533 0.074079923 0.901580036 95.289520264 0.001717666 0.996573269 -0.082697220 -6.533864021 -0.904616714 0.036796041 0.424634695 69.511535645
0.429904759 0.076736495 0.899607360 95.959045410 -0.000737133 0.996411204 -0.084641598 -6.589832783 -0.902873933 0.035724696 0.428418487 69.837532043
0.433730960 0.075689599 0.897857726 96.622039795 -0.002293957 0.996555150 -0.082901649 -6.646411896 -0.901039481 0.033897370 0.432410449 70.168136597
0.437944144 0.071960725 0.896117508 97.269752502 -0.000855519 0.996824145 -0.079629652 -6.709222794 -0.899001837 0.034106687 0.436614871 70.481933594
0.441524476 0.069421254 0.894559562 97.908210754 -0.001162954 0.997045875 -0.076800577 -6.760471344 -0.897248447 0.032869004 0.440300882 70.796936035
0.444668859 0.068581924 0.893065572 98.538543701 -0.002701993 0.997162461 -0.075230561 -6.824052811 -0.895690918 0.031039631 0.443592370 71.129745483
0.448230386 0.070282839 0.891150832 99.161247253 -0.004620376 0.997073233 -0.076312721 -6.874704838 -0.893906116 0.030088233 0.447243184 71.449447632
0.451062620 0.070809960 0.889678836 99.774085999 -0.003611388 0.996984243 -0.077519506 -6.924613953 -0.892484963 0.031753171 0.449958026 71.762367249
0.452915817 0.068595409 0.888910532 100.367225647 -0.001320579 0.997086287 -0.076270252 -6.980016708 -0.891552329 0.033370122 0.451686740 72.069396973
0.454973072 0.067506574 0.887942791 100.964538574 0.000606815 0.997098744 -0.076116174 -7.028727055 -0.890505016 0.035169624 0.453612089 72.367813110
0.456739038 0.067560904 0.887031555 101.549713135 -0.000749061 0.997140825 -0.075561687 -7.077204704 -0.889600396 0.033847537 0.455483824 72.677207947
0.458755881 0.067046978 0.886029243 102.127426147 0.000807000 0.997117281 -0.075870991 -7.123957634 -0.888561964 0.035521295 0.457379282 72.979003906
0.461431980 0.069108531 0.884479821 102.689651489 0.000001937 0.996961355 -0.077898234 -7.167798996 -0.887175620 0.035946451 0.460029662 73.270065308
0.464094281 0.068520546 0.883131623 103.244041443 0.003363286 0.996860087 -0.079111964 -7.220681190 -0.885779440 0.039685633 0.462406546 73.566024780
0.467463017 0.067966759 0.881395996 103.797615051 0.004777529 0.996831119 -0.079402111 -7.269310474 -0.883999765 0.041328445 0.465657085 73.853752136
0.470084161 0.066279210 0.880129457 104.320495605 0.007720151 0.996829569 -0.079190835 -7.318002701 -0.882587850 0.044021092 0.468082100 74.145004272
0.473543167 0.065456733 0.878334939 104.851829529 0.009057587 0.996819973 -0.079169959 -7.362401485 -0.880724013 0.045445986 0.471444458 74.428619385
0.476537228 0.064820200 0.876761556 105.366241455 0.010379182 0.996793926 -0.079335667 -7.408503056 -0.879093111 0.046906453 0.474336624 74.715141296
0.479788423 0.064013749 0.875045896 105.880523682 0.010665325 0.996835649 -0.078771062 -7.458416939 -0.877319396 0.047126099 0.477587491 75.007827759
0.483446062 0.063598745 0.873060822 106.381248474 0.012458497 0.996756315 -0.079508163 -7.497888565 -0.875285566 0.049314931 0.481085569 75.278266907
0.487623811 0.064647265 0.870657086 106.887817383 0.012088848 0.996659160 -0.080773592 -7.546094894 -0.872970164 0.049912360 0.485213161 75.560516357
0.491852790 0.064539775 0.868283093 107.386093140 0.014373087 0.996511102 -0.082212880 -7.591627121 -0.870559633 0.052916542 0.489209175 75.844108582
0.496612012 0.068117067 0.865295589 107.881553650 0.012105406 0.996275306 -0.085375480 -7.637418270 -0.867888272 0.052873250 0.493937701 76.137359619
0.502122283 0.074129142 0.861613691 108.361618042 0.009016542 0.995816469 -0.090929873 -7.677410126 -0.864749670 0.053426690 0.499353170 76.421348572
0.507892847 0.080911994 0.857611895 108.842323303 0.003973850 0.995348334 -0.096260220 -7.726081371 -0.861411095 0.052297890 0.505208611 76.724281311
0.514110684 0.087429285 0.853256285 109.321060181 -0.001810003 0.994899750 -0.100852266 -7.779017925 -0.857721865 0.050304841 0.511646926 77.012283325
0.521001279 0.091811806 0.848603606 109.808403015 -0.005550750 0.994541585 -0.104193166 -7.833108902 -0.853537738 0.049574405 0.518667102 77.316528320
0.526243269 0.092450567 0.845293343 110.288841248 -0.009132551 0.994629264 -0.103098035 -7.873251438 -0.850285053 0.046534963 0.524261296 77.633621216
0.531960666 0.091478661 0.841813207 110.783638000 -0.015892019 0.995050848 -0.098088250 -7.929471493 -0.846619904 0.038800977 0.530781686 77.956665039
0.537042379 0.089293517 0.838815928 111.276008606 -0.022518650 0.995544851 -0.091560304 -7.984822750 -0.843254626 0.030282760 0.536660552 78.313491821
0.542901695 0.087576903 0.835217416 111.780151367 -0.028845210 0.995905399 -0.085676119 -8.036729813 -0.839300692 0.022421693 0.543204844 78.661521912
0.549343348 0.085694067 0.831190944 112.290687561 -0.031354751 0.996140897 -0.081977352 -8.082635880 -0.835008264 0.018971924 0.549910188 79.008102417
0.555134058 0.089329354 0.826950073 112.800025940 -0.036905508 0.995882273 -0.082803085 -8.133162498 -0.830941737 0.015447807 0.556144953 79.376365662
0.561332941 0.093349487 0.822308421 113.319839478 -0.040611304 0.995528042 -0.085291080 -8.177309990 -0.826593101 0.014481671 0.562613726 79.747718811
0.567422450 0.096407123 0.817763686 113.847984314 -0.043253388 0.995241106 -0.087317869 -8.227471352 -0.822290063 0.014175075 0.568892002 80.138053894
0.573592544 0.098899469 0.813148439 114.380332947 -0.045726668 0.995002687 -0.088762075 -8.273042679 -0.817863286 0.013730707 0.575248539 80.521934509
