1.000000000 0.000000000 0.000000000 0.000000000 0.000000000 1.000000000 0.000000000 0.000000000 0.000000000 0.000000000 1.000000000 0.000000000
0.999998629 0.000813621 0.001457946 -0.006296539 -0.000806950 0.999989212 -0.004570255 -0.002178217 -0.001461649 0.004569072 0.999988496 0.964022517
0.999996662 -0.001440936 0.002153794 -0.002724928 0.001452412 0.999984682 -0.005336228 -0.001010349 -0.002146072 0.005339338 0.999983430 1.918528557
0.999993145 -0.002559905 0.002660068 -0.010025701 0.002563284 0.999995828 -0.001267761 -0.004357733 -0.002656812 0.001274571 0.999995649 2.853570461
0.999985337 -0.005040222 0.002043893 -0.007521300 0.005030072 0.999975145 0.004940954 -0.008183459 -0.002068745 -0.004930601 0.999985695 3.802010536
0.999962628 -0.008626987 0.000485336 -0.004544271 0.008624421 0.999950051 0.005059989 -0.005289057 -0.000528964 -0.005055615 0.999987125 4.739897728
0.999937892 -0.011143279 -0.000077132 -0.008456221 0.011143418 0.999935687 0.002118974 -0.003039045 0.000053515 -0.002119703 0.999997735 5.668891907
0.999930203 -0.011765298 -0.001016124 -0.014397128 0.011763753 0.999929667 -0.001513449 0.002986648 0.001033859 0.001501390 0.999998331 6.589723587
0.999933064 -0.011481971 -0.001437717 -0.019809291 0.011479327 0.999932408 -0.001834646 -0.002709564 0.001458686 0.001818020 0.999997258 7.521320343
0.999930978 -0.011477612 -0.002512438 -0.028722327 0.011477632 0.999934137 -0.000006234 -0.001013963 0.002512344 -0.000022603 0.999996781 8.434919357
0.999936163 -0.010914342 -0.002931285 -0.038884629 0.010922179 0.999936700 0.002670937 0.003576978 0.002901948 -0.002702781 0.999992132 9.377957344
0.999930799 -0.011118050 -0.003833660 -0.047758874 0.011134281 0.999929011 0.004238860 0.005408399 0.003786260 -0.004281252 0.999983668 10.299973488
0.999914467 -0.012298501 -0.004441726 -0.051851403 0.012320501 0.999911785 0.004960387 0.009124562 0.004380329 -0.005014687 0.999977827 11.215228081
0.999904692 -0.012665585 -0.005491634 -0.057093509 0.012694413 0.999905646 0.005246879 0.008693086 0.005424661 -0.005316093 0.999971151 12.127924919
0.999897361 -0.012953575 -0.006124306 -0.063818492 0.012976512 0.999908864 0.003720495 0.013600252 0.006075553 -0.003799585 0.999974251 13.026035309
0.999887586 -0.013205281 -0.007103711 -0.083699793 0.013217879 0.999911129 0.001729572 0.018162597 0.007080241 -0.001823273 0.999973238 13.935679436
0.999850869 -0.014712360 -0.009045754 -0.084835961 0.014714257 0.999891698 0.000143009 0.025560034 0.009042669 -0.000276088 0.999959052 14.838830948
0.999835134 -0.014586444 -0.010814215 -0.097515769 0.014583820 0.999893546 -0.000321684 0.020936772 0.010817755 0.000163918 0.999941468 15.733336449
0.999841094 -0.013165513 -0.012013939 -0.122992702 0.013153274 0.999912858 -0.001097230 0.020792084 0.012027338 0.000939033 0.999927223 16.635139465
0.999837816 -0.011429398 -0.013916481 -0.136537924 0.011414122 0.999934137 -0.001176806 0.021217732 0.013929012 0.001017771 0.999902487 17.530366898
0.999813199 -0.012436037 -0.014791285 -0.160536945 0.012432893 0.999922633 -0.000304508 0.018774223 0.014793928 0.000120552 0.999890566 18.424669266
0.999794424 -0.011823642 -0.016472986 -0.175810158 0.011844971 0.999929130 0.001197787 0.017317042 0.016457660 -0.001392662 0.999863565 19.304180145
0.999766529 -0.011521793 -0.018280905 -0.191525355 0.011548274 0.999932408 0.001343601 0.024190271 0.018264187 -0.001554400 0.999831915 20.188289642
0.999720752 -0.012816357 -0.019857220 -0.212045252 0.012853383 0.999915838 0.001738010 0.019866752 0.019833278 -0.001992757 0.999801338 21.064920425
0.999687672 -0.012633286 -0.021568077 -0.237150580 0.012649738 0.999919832 0.000626513 0.025127867 0.021558432 -0.000899147 0.999767125 21.940212250
0.999672592 -0.012479808 -0.022338463 -0.257195622 0.012513310 0.999920785 0.001360554 0.021811303 0.022319712 -0.001639637 0.999749482 22.799741745
0.999647021 -0.012358672 -0.023519222 -0.279280573 0.012436635 0.999917686 0.003171481 0.026402496 0.023478089 -0.003462862 0.999718308 23.656864166
0.999620497 -0.013520613 -0.024002502 -0.302284688 0.013671176 0.999887824 0.006119793 0.027892945 0.023917064 -0.006445613 0.999693155 24.499486923
0.999604404 -0.013226595 -0.024820331 -0.326481402 0.013414747 0.999882340 0.007429366 0.031358041 0.024719147 -0.007759385 0.999664307 25.343399048
0.999592245 -0.012661726 -0.025592139 -0.352652729 0.012820907 0.999899387 0.006065310 0.036732249 0.025512766 -0.006390951 0.999654055 26.176715851
0.999598265 -0.010660207 -0.026261283 -0.382780463 0.010757445 0.999935746 0.003564206 0.037739191 0.026221601 -0.003845278 0.999648750 26.988918304
0.999578655 -0.010646349 -0.027003184 -0.406431645 0.010706870 0.999940455 0.002097655 0.037353840 0.026979245 -0.002385891 0.999633074 27.780075073
0.999562144 -0.009741955 -0.027939975 -0.434660852 0.009789769 0.999950826 0.001575010 0.041725431 0.027923258 -0.001847847 0.999608338 28.577171326
0.999529123 -0.009501156 -0.029177466 -0.462127507 0.009533979 0.999954045 0.000986038 0.042378955 0.029166756 -0.001263751 0.999573767 29.360353470
0.999464929 -0.009531690 -0.031288475 -0.487215996 0.009549025 0.999954343 0.000404642 0.038327448 0.031283192 -0.000703200 0.999510229 30.153333664
0.999395907 -0.009877102 -0.033319615 -0.515872836 0.009895353 0.999951005 0.000382870 0.037817437 0.033314206 -0.000712349 0.999444604 30.918521881
0.999344170 -0.009423200 -0.034963012 -0.549976170 0.009477220 0.999954164 0.001379638 0.042939767 0.034948412 -0.001710085 0.999387622 31.681165695
0.999247849 -0.009983322 -0.037471000 -0.569994688 0.010125847 0.999942183 0.003615694 0.043611120 0.037432734 -0.003992401 0.999291182 32.439899445
0.999174237 -0.009041774 -0.039612114 -0.602188110 0.009251744 0.999944150 0.005120559 0.045969017 0.039563600 -0.005482813 0.999202073 33.175666809
0.999123752 -0.007732502 -0.041133713 -0.644562840 0.007954917 0.999954581 0.005246188 0.047371786 0.041091274 -0.005568806 0.999139965 33.902397156
0.999057770 -0.005035135 -0.043107759 -0.683323443 0.005245803 0.999974966 0.004775280 0.043447714 0.043082628 -0.004996916 0.999059021 34.624912262
0.998968363 -0.003431364 -0.045282550 -0.713328600 0.003613558 0.999985635 0.003942236 0.050128698 0.045268379 -0.004101800 0.998966455 35.335243225
0.998897195 -0.003049968 -0.046853293 -0.747214675 0.003286808 0.999982178 0.004978701 0.054704491 0.046837267 -0.005127208 0.998889387 36.042171478
0.998868227 -0.001723202 -0.047530636 -0.792103231 0.002051876 0.999974251 0.006867069 0.055949923 0.047517583 -0.006956824 0.998846173 36.730609894
0.998846292 0.000866509 -0.048012599 -0.825499654 -0.000510772 0.999972284 0.007421013 0.059155941 0.048017699 -0.007387928 0.998819172 37.410484314
0.998911142 0.004362826 -0.046448655 -0.868616581 -0.004127918 0.999978304 0.005152099 0.062481932 0.046470117 -0.004954754 0.998907387 38.081569672
0.998986483 0.005917521 -0.044620018 -0.905853093 -0.005808915 0.999979854 0.002563301 0.054598134 0.044634286 -0.002301509 0.999000669 38.721832275
0.999069214 0.005988095 -0.042716544 -0.931846857 -0.005974233 0.999981999 0.000452159 0.062189348 0.042718481 -0.000196540 0.999087095 39.368942261
0.999203086 0.007130201 -0.039272256 -0.966786861 -0.007081702 0.999974012 0.001373920 0.063852668 0.039281037 -0.001094711 0.999227583 40.006534576
0.999269426 0.011887061 -0.036321290 -0.994522631 -0.011739832 0.999922037 0.004264091 0.063837446 0.036369149 -0.003834571 0.999331057 40.645866394
0.999328673 0.016467836 -0.032723725 -1.017192602 -0.016233075 0.999840677 0.007426881 0.068223484 0.032840811 -0.006890688 0.999436855 41.278976440
0.999361932 0.021438682 -0.028565664 -1.039823771 -0.021211265 0.999741077 0.008240737 0.074014165 0.028734934 -0.007629565 0.999558032 41.886924744
0.999410152 0.025285603 -0.023238968 -1.060418725 -0.025093766 0.999648869 0.008510153 0.080026060 0.023445996 -0.007921979 0.999693751 42.470333099
0.999432981 0.029119233 -0.016901726 -1.086770296 -0.028944913 0.999526143 0.010468231 0.087663569 0.017198542 -0.009973076 0.999802411 43.042655945
0.999373674 0.033742681 -0.010663617 -1.090153337 -0.033615787 0.999364376 0.011863279 0.082940020 0.011057138 -0.011497380 0.999872744 43.595802307
0.999304473 0.037106685 -0.003709998 -1.094775677 -0.037061471 0.999245703 0.011590529 0.085322082 0.004137286 -0.011444968 0.999925911 44.128738403
0.999174953 0.040443216 0.003713846 -1.099070072 -0.040484160 0.999111593 0.011708506 0.086895727 -0.003237019 -0.011849198 0.999924541 44.635326385
0.998955250 0.044411074 0.010777289 -1.091186762 -0.044529080 0.998947918 0.010968699 0.094028816 -0.010278816 -0.011437141 0.999881744 45.135013580
0.998640597 0.048675321 0.018643985 -1.091472030 -0.048835929 0.998772740 0.008258455 0.096966341 -0.018219117 -0.009157727 0.999792039 45.602500916
0.998347342 0.050841358 0.026789080 -1.082799196 -0.051004812 0.998683512 0.005453751 0.092448175 -0.026476534 -0.006811110 0.999626219 46.059139252
0.998084068 0.051230799 0.034692116 -1.067550063 -0.051434953 0.998663783 0.005017570 0.096847475 -0.034388702 -0.006792344 0.999385417 46.487388611
0.997811139 0.050612144 0.042559233 -1.043990612 -0.050933443 0.998680890 0.006498611 0.097139016 -0.042174179 -0.008652074 0.999072850 46.885543823
0.997347653 0.052381437 0.050534427 -1.021081686 -0.052808356 0.998579085 0.007149447 0.100455567 -0.050088119 -0.009799125 0.998696744 47.273490906
0.996691465 0.055476993 0.059402224 -1.008484602 -0.056017771 0.998401701 0.007476076 0.097472169 -0.058892537 -0.010778919 0.998206139 47.628353119
0.995884180 0.060331129 0.067637138 -0.976866364 -0.060923126 0.998119712 0.006722384 0.101152748 -0.067104392 -0.010815381 0.997687340 47.956733704
0.994969904 0.064144500 0.076943994 -0.959453285 -0.064866595 0.997869909 0.006919824 0.097727180 -0.076336220 -0.011876110 0.997011423 48.252006531
0.994240761 0.063322067 0.086462170 -0.933623075 -0.064216919 0.997906983 0.007605006 0.096196271 -0.085799634 -0.013113540 0.996226132 48.537574768
0.993364394 0.062063303 0.096826740 -0.891746044 -0.062906131 0.998003364 0.005673431 0.096434750 -0.096281290 -0.011726779 0.995285094 48.816097260
0.992218852 0.060688544 0.108713552 -0.857218087 -0.061196588 0.998124778 0.001339871 0.091765039 -0.108428389 -0.007982343 0.994072139 49.069461823
0.990624428 0.061691139 0.121890940 -0.815078974 -0.061795391 0.998084486 -0.002928460 0.095354937 -0.121838138 -0.004631293 0.992539167 49.337841034
0.988493979 0.063188165 0.137429193 -0.775724173 -0.063086048 0.997995079 -0.005102954 0.092994563 -0.137476102 -0.003625626 0.990498424 49.597637177
0.985973120 0.065093458 0.153687268 -0.728949010 -0.064866588 0.997872829 -0.006495524 0.092219427 -0.153783172 -0.003564757 0.988098204 49.855728149
0.983160973 0.065786332 0.170488909 -0.670716763 -0.065446913 0.997826993 -0.007616445 0.090116464 -0.170619503 -0.003669781 0.985330164 50.112113953
0.979925036 0.064848140 0.188525453 -0.612515509 -0.064346924 0.997888863 -0.008784411 0.086207591 -0.188697144 -0.003522969 0.982029021 50.342388153
0.976073623 0.063928388 0.207830608 -0.543659449 -0.063433267 0.997945070 -0.009052889 0.082741521 -0.207982257 -0.004347090 0.978122950 50.584125519
0.971570969 0.063990489 0.227936551 -0.468654037 -0.063310973 0.997940660 -0.010299426 0.080145128 -0.228126213 -0.004424260 0.973621547 50.829627991
0.966257036 0.066156529 0.248939261 -0.393851340 -0.065039329 0.997801602 -0.012719540 0.080634102 -0.249233469 -0.003900498 0.968435585 51.074478149
0.959975123 0.067561813 0.271814585 -0.310808450 -0.066029929 0.997707963 -0.014789066 0.074253686 -0.272190779 -0.003750760 0.962235928 51.316825867
0.952707291 0.068706878 0.296020627 -0.216091558 -0.067035012 0.997625351 -0.015806263 0.066691905 -0.296403736 -0.004785004 0.955050766 51.559482574
0.944139659 0.071597748 0.321673810 -0.120340481 -0.069972642 0.997410357 -0.016626742 0.056322545 -0.322031200 -0.006810401 0.946704566 51.789188385
0.934246719 0.073782541 0.348911762 -0.014109904 -0.072097942 0.997238159 -0.017831173 0.051759075 -0.349263817 -0.008497110 0.936985850 52.033718109
0.923017502 0.074551396 0.377466291 0.101109877 -0.072707362 0.997169435 -0.019154556 0.043009702 -0.377825856 -0.009764591 0.925825119 52.267402649
0.910397768 0.072563343 0.407321125 0.239017531 -0.069955371 0.997322440 -0.021314450 0.034982804 -0.407777220 -0.009089679 0.913036227 52.500579834
0.895513952 0.069960408 0.439500004 0.388805181 -0.066091239 0.997521937 -0.024121528 0.027786816 -0.440098494 -0.007445938 0.897918642 52.724689484
0.878205359 0.069120280 0.473262995 0.546767652 -0.063216023 0.997595906 -0.028393228 0.019120999 -0.474087745 -0.004982721 0.880463541 52.946102142
0.858719289 0.070969269 0.507508278 0.717244685 -0.062643647 0.997473836 -0.033490468 0.010649606 -0.508602977 -0.003033258 0.860995710 53.175502777
0.836871624 0.072935760 0.542518437 0.892299294 -0.062221639 0.997334898 -0.038099818 0.000648395 -0.543851435 -0.001871727 0.839179456 53.391990662
0.812264860 0.075738624 0.578350544 1.092155337 -0.063273229 0.997124076 -0.041715465 -0.012158645 -0.579846680 -0.002710100 0.814721107 53.620674133
0.784889519 0.079586923 0.614503324 1.297658920 -0.066258535 0.996811032 -0.044470850 -0.030889018 -0.616083086 -0.005811390 0.787659764 53.842552185
0.754868627 0.084207833 0.650447845 1.526841402 -0.069886349 0.996404767 -0.047890190 -0.035129733 -0.652142048 -0.009306618 0.758039713 54.077960968
0.721656382 0.085364975 0.686967850 1.783136368 -0.069744341 0.996284068 -0.050535548 -0.055843085 -0.688729107 -0.011442817 0.724928558 54.306835175
0.685184598 0.082421906 0.723691046 2.069008112 -0.065503702 0.996523619 -0.051476721 -0.076000817 -0.725418091 -0.012133387 0.688201666 54.532936096
0.646117687 0.081040002 0.758923233 2.373727322 -0.062825836 0.996619701 -0.052934419 -0.097405002 -0.760647655 -0.013478126 0.649025023 54.747646332
0.603559911 0.080123372 0.793281674 2.709431887 -0.060524456 0.996671379 -0.054616835 -0.119831994 -0.795017183 -0.015048407 0.606400251 54.966434479
0.557534456 0.079907030 0.826299071 3.061288595 -0.056992412 0.996692479 -0.057930000 -0.140181720 -0.828195155 -0.014794801 0.560244441 55.165958405
0.508545995 0.078923605 0.857410133 3.437029839 -0.053856581 0.996756077 -0.059806902 -0.163779840 -0.859348834 -0.015762612 0.511146843 55.368846893
0.460411638 0.077614762 0.884305954 3.881547928 -0.052388947 0.996809840 -0.060212959 -0.181834266 -0.886158288 -0.018605117 0.463009000 55.558971405
0.411051780 0.075072028 0.908515573 4.315133095 -0.051375438 0.996927202 -0.059133157 -0.205323949 -0.910163224 -0.022368597 0.413645536 55.722793579
0.360754400 0.074932031 0.929645896 4.767605305 -0.054443311 0.996759534 -0.059214532 -0.226030082 -0.931070387 -0.029251093 0.363665015 55.881172180
0.311683029 0.075851001 0.947153807 5.236272812 -0.053088833 0.996641815 -0.062344037 -0.245378494 -0.948701859 -0.030851720 0.314663172 56.008186340
0.263865680 0.072061427 0.961863816 5.714481354 -0.042278677 0.997111022 -0.063103907 -0.285839349 -0.963632345 -0.024015371 0.266150087 56.103000641
0.219744638 0.066167891 0.973310828 6.224789619 -0.028605243 0.997705221 -0.061368056 -0.311615974 -0.975137949 -0.014356486 0.221133113 56.176757812
0.177686974 0.065154493 0.981927812 6.748220921 -0.019497115 0.997843027 -0.062682383 -0.341050655 -0.983893991 -0.008006915 0.178574055 56.236881256
0.139075890 0.066856205 0.988022268 7.288347721 -0.016199743 0.997738481 -0.065233350 -0.361948341 -0.990149200 -0.006933321 0.139844432 56.295467377
0.106644280 0.067612313 0.991995752 7.786859989 -0.007559133 0.997711539 -0.067189254 -0.396305025 -0.994268477 -0.000333279 0.106911324 56.307720184
0.077543899 0.065923445 0.994807005 8.348402977 -0.000175263 0.997812390 -0.066108935 -0.431678325 -0.996988893 0.004951991 0.077385820 56.330341339
0.052570146 0.063902065 0.996570587 8.918704987 0.006140485 0.997910917 -0.064311922 -0.471117616 -0.998598337 0.009500314 0.052067928 56.342689514
0.032627985 0.063097708 0.997473896 9.498434067 0.011382463 0.997916996 -0.063498072 -0.494265854 -0.999402761 0.013425522 0.031841815 56.344585419
0.016983511 0.065327622 0.997719347 10.072981834 0.014479266 0.997742534 -0.065575615 -0.517731726 -0.999750912 0.015559947 0.015999278 56.338863373
0.003592180 0.065307945 0.997858703 10.666993141 0.015189700 0.997746468 -0.065355286 -0.547484279 -0.999878109 0.015391942 0.002592075 56.334747314
-0.008299631 0.065860011 0.997794330 11.283020020 0.015739772 0.997713745 -0.065723769 -0.589909732 -0.999841690 0.015159574 -0.009317277 56.332931519
-0.016997857 0.068616919 0.997498214 11.905010223 0.020875258 0.997449279 -0.068257816 -0.627379477 -0.999637604 0.019662797 -0.018386899 56.306419373
-0.023508973 0.070590682 0.997228265 12.524307251 0.025094803 0.997231364 -0.069999307 -0.660522580 -0.999408662 0.023379639 -0.025215346 56.278682709
-0.028400633 0.070155047 0.997131765 13.176994324 0.025248433 0.997266173 -0.069445372 -0.696776330 -0.999277711 0.023203719 -0.030094299 56.269081116
-0.031723548 0.067428425 0.997219682 13.831234932 0.023262903 0.997501373 -0.066707432 -0.728426754 -0.999225974 0.021082025 -0.033212863 56.244808197
-0.034347832 0.060573306 0.997572720 14.526098251 0.021107540 0.997982860 -0.059871461 -0.766437829 -0.999186933 0.018999845 -0.035557102 56.228233337
-0.035491064 0.055077095 0.997851193 15.215475082 0.022469267 0.998271763 -0.054301139 -0.799815834 -0.999117255 0.020493781 -0.036667269 56.201721191
-0.036143634 0.052407984 0.997971475 15.895921707 0.024760582 0.998364329 -0.051531859 -0.833954096 -0.999039769 0.022847805 -0.037382163 56.176944733
-0.036119286 0.054529279 0.997858644 16.599220276 0.028066151 0.998171687 -0.053530481 -0.875317276 -0.998953223 0.026072569 -0.037583675 56.151268005
-0.034717035 0.062096104 0.997466207 17.304735184 0.029293679 0.997702241 -0.061091226 -0.904696465 -0.998967767 0.027098548 -0.036456283 56.119174957
-0.033000432 0.070217907 0.996985674 18.031013489 0.030051010 0.997147679 -0.069234625 -0.940524161 -0.999003470 0.027675649 -0.035016432 56.101169586
-0.031147448 0.071179822 0.996977091 18.749214172 0.030733483 0.997057617 -0.070225425 -0.972452402 -0.999042213 0.028453235 -0.033243407 56.087329865
-0.028693298 0.066738069 0.997357905 19.487571716 0.029975688 0.997377396 -0.065876998 -1.016528845 -0.999138713 0.028006259 -0.030618573 56.064025879
-0.026311802 0.060525700 0.997819781 20.234712601 0.029369380 0.997781277 -0.059748907 -1.057149291 -0.999222279 0.027733248 -0.028031025 56.047306061
-0.023101853 0.058529306 0.998018324 20.974739075 0.028060118 0.997929394 -0.057874572 -1.105575085 -0.999339283 0.026667504 -0.024696359 56.030670166
-0.020160781 0.063883469 0.997753620 21.737194061 0.035269633 0.997380853 -0.063146926 -1.156439543 -0.999174476 0.033917308 -0.022361120 56.011787415
-0.017003639 0.069236532 0.997455299 22.473152161 0.036970615 0.996960998 -0.068571962 -1.198595285 -0.999171674 0.035710562 -0.019511681 55.998130798
-0.014792010 0.069825955 0.997449458 23.213893890 0.030888086 0.997114599 -0.069344431 -1.240812659 -0.999413371 0.029783564 -0.016906116 56.004714966
-0.011461934 0.066212982 0.997739613 23.971147537 0.026695432 0.997469902 -0.065888405 -1.285626173 -0.999577940 0.025879882 -0.013200517 56.008377075
-0.006533169 0.062710255 0.998010397 24.704729080 0.030487038 0.997580230 -0.062483668 -1.334458828 -0.999513805 0.030018164 -0.008429211 55.986591339
-0.002804523 0.063597359 0.997971714 25.448400497 0.035025153 0.997369468 -0.063460566 -1.383282781 -0.999382436 0.034776133 -0.005024654 55.976985931
-0.000406148 0.068232171 0.997669339 26.179267883 0.034671813 0.997070551 -0.068177111 -1.427505493 -0.999398708 0.034563318 -0.002770692 55.986129761
0.004048346 0.068744749 0.997626007 26.938575745 0.030789198 0.997152686 -0.068837076 -1.474210978 -0.999517739 0.030994782 0.001920224 55.987457275
0.007238404 0.068641059 0.997615159 27.696420670 0.030184861 0.997171700 -0.068829559 -1.519221544 -0.999518096 0.030611088 0.005146012 56.003364563
0.011008488 0.065698892 0.997778714 28.435682297 0.033998329 0.997237742 -0.066038370 -1.565648913 -0.999361277 0.034649789 0.008744427 56.007164001
0.014872287 0.066268004 0.997691035 29.184471130 0.038718242 0.997014999 -0.066800252 -1.613321900 -0.999139428 0.039622318 0.012262111 56.011596680
0.018219670 0.067512266 0.997552037 29.933704376 0.041218482 0.996818841 -0.068215474 -1.655266762 -0.998984039 0.042360447 0.015378955 56.026073456
0.020985866 0.066954486 0.997535288 30.701766968 0.041701928 0.996828079 -0.067784347 -1.710128665 -0.998909652 0.043021664 0.018127169 56.034633636
0.024593420 0.065430783 0.997553945 31.453044891 0.043236338 0.996852398 -0.066450723 -1.757115841 -0.998762131 0.044764824 0.021687025 56.054767609
0.027918696 0.064445026 0.997530580 32.205554962 0.045177147 0.996818542 -0.065663435 -1.803710341 -0.998588800 0.046898816 0.024918435 56.081218719
0.030583253 0.064031087 0.997479081 32.954109192 0.043894272 0.996897161 -0.065339550 -1.859316230 -0.998567939 0.045781914 0.027677761 56.106552124
0.033963248 0.066759460 0.997190833 33.742656708 0.040458608 0.996856749 -0.068115070 -1.894805074 -0.998603821 0.042658363 0.031155501 56.144638062
0.036469098 0.066779159 0.997101068 34.489742279 0.041940872 0.996783435 -0.068291880 -1.942610979 -0.998454273 0.044309840 0.033551015 56.168399811
0.039432712 0.066697791 0.996993661 35.248195648 0.039885323 0.996869504 -0.068267003 -1.986192107 -0.998425901 0.042457372 0.036649004 56.201282501
0.041875944 0.066722497 0.996892452 36.016372681 0.038178284 0.996932149 -0.068328880 -2.037537813 -0.998393178 0.040920984 0.039200120 56.237709045
0.044770088 0.067011923 0.996747136 36.775878906 0.035505317 0.997010648 -0.068624392 -2.084621668 -0.998366177 0.038462147 0.042256966 56.280517578
0.047542289 0.068889618 0.996490777 37.529521942 0.034096207 0.996925533 -0.070546381 -2.131857634 -0.998287082 0.037330497 0.045047250 56.318943024
0.050627746 0.072478972 0.996084154 38.325595856 0.032776333 0.996705294 -0.074190110 -2.185405254 -0.998179615 0.036404058 0.048085339 56.371524811
0.054517139 0.074728504 0.995712578 39.096076965 0.033037774 0.996514559 -0.076597571 -2.236411572 -0.997966111 0.037072007 0.051858250 56.410015106
0.057361439 0.076562926 0.995413363 39.863483429 0.027237771 0.996563852 -0.078221023 -2.291801214 -0.997981846 0.031599708 0.055078931 56.465030670
0.059741959 0.076175690 0.995302975 40.638565063 0.023238949 0.996707559 -0.077678084 -2.342997313 -0.997943282 0.027770437 0.057775017 56.525520325
0.063301750 0.076006025 0.995095968 41.401435852 0.026206480 0.996625245 -0.077789925 -2.401465178 -0.997650325 0.031002196 0.061096270 56.580810547
0.066688158 0.077832773 0.994733453 42.183052063 0.023656245 0.996549249 -0.079560794 -2.461677074 -0.997493386 0.028837420 0.064616784 56.636466980
0.070373282 0.079129405 0.994377255 42.966388702 0.019964145 0.996537328 -0.080714181 -2.512283087 -0.997320950 0.025532015 0.068549834 56.704757690
0.074762098 0.076807618 0.994238973 43.758243561 0.019166684 0.996734440 -0.078441642 -2.570544481 -0.997017205 0.024920726 0.073045798 56.766704559
0.078955911 0.076684743 0.993924201 44.565780640 0.018946080 0.996741354 -0.078407139 -2.637363434 -0.996698141 0.025021672 0.077245750 56.847957611
0.084037408 0.080426045 0.993211627 45.341987610 0.014982833 0.996522844 -0.081961915 -2.692961693 -0.996349931 0.021768996 0.082540207 56.912788391
0.089889511 0.089084618 0.991959572 46.130218506 0.012853196 0.995804965 -0.090594694 -2.753880739 -0.995868802 0.020893363 0.088367410 56.994731903
0.097266525 0.093350872 0.990870714 46.931510925 0.011842465 0.995412469 -0.094941251 -2.822942019 -0.995187938 0.020968959 0.095714808 57.081573486
0.105000816 0.097357243 0.989695013 47.736598969 0.006849960 0.995101988 -0.098615870 -2.880064011 -0.994448543 0.017134123 0.103819631 57.171394348
0.111742824 0.094656393 0.989218712 48.538707733 0.003721428 0.995406270 -0.095668823 -2.961872101 -0.993730187 0.014371614 0.110877268 57.277992249
0.118985198 0.093322739 0.988500535 49.348812103 0.003548291 0.995526791 -0.094413169 -3.029403448 -0.992889702 0.014741258 0.118121818 57.386810303
0.126713812 0.089827135 0.987863719 50.172210693 0.003185079 0.995849252 -0.090961836 -3.098886013 -0.991934240 0.014672543 0.125901774 57.496902466
0.133936167 0.083777018 0.987442374 50.975261688 0.001187459 0.996405900 -0.084698550 -3.174765587 -0.990989327 0.012516747 0.133355319 57.615425110
0.141501993 0.076911271 0.986945689 51.792282104 -0.001193315 0.996989906 -0.077522904 -3.227775812 -0.989937305 0.009791909 0.141167834 57.731204987
0.148552552 0.074060917 0.986127317 52.600296021 -0.002224153 0.997214079 -0.074558526 -3.304561615 -0.988901973 0.008882561 0.148303419 57.864383698
0.155709684 0.075765610 0.984892905 53.402721405 -0.002395023 0.997080147 -0.076324485 -3.365966082 -0.987800002 0.009525620 0.155436486 57.999866486
0.161327288 0.082185969 0.983472884 54.180469513 -0.001504120 0.996545792 -0.083031699 -3.424730539 -0.986899853 0.011916020 0.160893649 58.131439209
0.167099029 0.086151838 0.982168913 54.959686279 -0.002996306 0.996214807 -0.086874120 -3.478765249 -0.985935509 0.011573701 0.166724667 58.260017395
0.171848729 0.089076839 0.981087804 55.726322174 -0.003991345 0.995958269 -0.089727864 -3.544557571 -0.985115230 0.011503758 0.171509743 58.408317566
0.176966250 0.088498816 0.980229974 56.519149780 -0.006898472 0.996036232 -0.088680424 -3.616315365 -0.984192729 0.008931356 0.176875293 58.561332703
0.182051629 0.085545532 0.979560673 57.287490845 -0.002873066 0.996250391 -0.086469091 -3.681148529 -0.983284712 0.012927498 0.181614786 58.707164764
0.186522871 0.079296187 0.979245305 58.046657562 -0.002276027 0.996769607 -0.080281727 -3.736375093 -0.982447922 0.012745592 0.186100796 58.855293274
0.190091819 0.073280551 0.979027569 58.798274994 -0.003735072 0.997257113 -0.073919818 -3.791804314 -0.981759191 0.010394818 0.189844146 59.004802704
0.193453074 0.069462292 0.978647470 59.538959503 -0.007608520 0.997566760 -0.069301128 -3.856901169 -0.981079996 0.005960460 0.193510875 59.159278870
0.196553066 0.069597848 0.978019953 60.273746490 -0.008813911 0.997562647 -0.069217212 -3.908181906 -0.980453551 0.004984675 0.196687430 59.310546875
0.198577672 0.071516320 0.977472425 60.985511780 -0.010779342 0.997433186 -0.070786878 -3.960058928 -0.980025828 0.003520184 0.198838875 59.461685181
0.200339973 0.076034829 0.976771474 61.688751221 -0.015096724 0.997105002 -0.074521266 -4.012146473 -0.979610145 0.000183537 0.200907886 59.614444733
0.202250957 0.080071099 0.976054907 62.382324219 -0.015832072 0.996789038 -0.078491420 -4.063423634 -0.979205668 0.000421993 0.202869222 59.769969940
0.203804344 0.085044801 0.975310802 63.062324524 -0.016400944 0.996376574 -0.083454497 -4.121901512 -0.978874266 0.001012369 0.204460695 59.929378510
0.205373019 0.087292418 0.974783003 63.743175507 -0.015590718 0.996179640 -0.085923769 -4.174218178 -0.978559554 0.002448856 0.205949396 60.074199677
0.207230717 0.087228552 0.974395514 64.429336548 -0.017968873 0.996188283 -0.085357890 -4.229874611 -0.978127003 0.000179994 0.208008230 60.221279144
0.207458273 0.084176004 0.974615574 65.091850281 -0.017904630 0.996450722 -0.082250670 -4.286688805 -0.978079975 -0.000386546 0.208229125 60.369792938
0.208194986 0.081896998 0.974652648 65.750205994 -0.017958052 0.996640384 -0.079908557 -4.341074944 -0.977922499 -0.000866303 0.208966240 60.513694763
0.208376408 0.080306359 0.974746168 66.400390625 -0.016250459 0.996770084 -0.078646898 -4.391400337 -0.977913678 0.000548084 0.209008396 60.651149750
0.206123963 0.079601519 0.975282729 67.028465271 -0.016814612 0.996826649 -0.077806182 -4.442841530 -0.978381455 -0.000361282 0.206808314 60.797702789
0.205521479 0.080243856 0.975357294 67.644760132 -0.018153587 0.996773899 -0.078180626 -4.500674725 -0.978484213 -0.001638439 0.206315175 60.916812897
0.203184515 0.083200917 0.975599051 68.253273010 -0.018907847 0.996530771 -0.081048131 -4.550359249 -0.978957891 -0.001978750 0.204052791 61.048736572
0.201018214 0.086701237 0.975743055 68.846549988 -0.016710663 0.996234000 -0.085079335 -4.602662086 -0.979444981 0.000797183 0.201710030 61.170848846
0.199266642 0.087333590 0.976045966 69.455146790 -0.014687398 0.996175170 -0.086136140 -4.652298450 -0.979835212 0.002828483 0.199787185 61.303195953
0.197133303 0.086500846 0.976553142 70.040031433 -0.014618769 0.996248543 -0.085294381 -4.688573360 -0.980267704 0.002538359 0.197658315 61.414955139
0.194779679 0.083806917 0.977260053 70.627593994 -0.014981108 0.996481001 -0.082469337 -4.735365868 -0.980732620 0.001422914 0.195349783 61.532764435
0.192720875 0.079380371 0.978037596 71.202758789 -0.014244257 0.996843815 -0.078099921 -4.788390636 -0.981150270 0.001120067 0.193243355 61.649597168
0.190762803 0.078477658 0.978494167 71.764717102 -0.011212138 0.996908307 -0.077768661 -4.841094017 -0.981572092 0.003864355 0.191052958 61.756561279
0.189043000 0.080017045 0.978703260 72.311347961 -0.006991019 0.996758878 -0.080142878 -4.879431725 -0.981943905 0.008308320 0.188989699 61.856899261
0.186650544 0.081969410 0.979000866 72.862663269 -0.002742151 0.996552765 -0.082916200 -4.921380997 -0.982422650 0.012791784 0.186231896 61.959957123
0.184779748 0.083945669 0.979188263 73.407623291 -0.003514546 0.996395409 -0.084757626 -4.962535858 -0.982773662 0.012220089 0.184408724 62.062690735
0.183133528 0.086766310 0.979251683 73.947311401 -0.003998594 0.996155143 -0.087516241 -5.003959179 -0.983079851 0.012111530 0.182776362 62.168376923
0.182348251 0.084716581 0.979577541 74.498870850 -0.001860517 0.996309221 -0.085817233 -5.057524204 -0.983232200 0.013826104 0.181832865 62.264522552
0.183262259 0.083681151 0.979496002 75.048187256 0.003644494 0.996305943 -0.085799128 -5.095263004 -0.983057261 0.019293509 0.182280272 62.357715607
0.185787708 0.081442259 0.979208887 75.593246460 0.009167322 0.996372044 -0.084609069 -5.138406754 -0.982547164 0.024696050 0.184367076 62.445751190
0.187717304 0.080602974 0.978910267 76.143722534 0.011919719 0.996366978 -0.084326074 -5.184448242 -0.982150793 0.027497802 0.186074555 62.551044464
0.190951079 0.080258310 0.978312969 76.700828552 0.009348484 0.996457994 -0.083571538 -5.230127335 -0.981555104 0.025103822 0.189524427 62.668582916
0.196180627 0.080808699 0.977232277 77.252799988 0.008171306 0.996429145 -0.084036514 -5.275930882 -0.980533719 0.024471601 0.194819778 62.791160583
0.202516556 0.080203265 0.975988925 77.818122864 0.009145759 0.996442199 -0.083781764 -5.314532280 -0.979236126 0.025893355 0.201062530 62.918064117
0.210722715 0.080323152 0.974240303 78.389694214 0.007336032 0.996460438 -0.083741896 -5.358075619 -0.977518320 0.024793373 0.209387615 63.037044525
0.218582079 0.078428842 0.972661734 78.955863953 0.007653197 0.996596396 -0.082078658 -5.399492741 -0.975788593 0.025384892 0.217237905 63.190696716
0.227554157 0.078216597 0.970618963 79.526123047 0.003892957 0.996687710 -0.081230007 -5.443256855 -0.973757625 0.022262806 0.226495966 63.315963745
0.237211078 0.077768706 0.968340278 80.106216431 0.002800883 0.996731699 -0.080734976 -5.489793777 -0.971454084 0.021863438 0.236217946 63.465492249
0.246523261 0.081599891 0.965695500 80.691078186 -0.002569570 0.996500552 -0.083546922 -5.534764767 -0.969133496 0.018114833 0.245870218 63.636089325
0.255928040 0.083786055 0.963058054 81.295837402 -0.006003472 0.996355414 -0.085087538 -5.579281330 -0.966677129 0.015994594 0.255498290 63.815624237
0.266944289 0.086548805 0.959817767 81.886894226 -0.009942515 0.996153414 -0.087060079 -5.623219490 -0.963660657 0.013697183 0.266778022 63.988224030
0.277028352 0.088668697 0.956761777 82.498214722 -0.011939866 0.995973766 -0.088845521 -5.674552917 -0.960787535 0.013189120 0.276971638 64.180664062
0.286643535 0.089441553 0.953853071 83.119430542 -0.014907138 0.995928288 -0.088907123 -5.723837376 -0.957921267 0.011265432 0.286809742 64.384529114
0.296877831 0.089612521 0.950701416 83.749130249 -0.015830547 0.995912015 -0.088930607 -5.777909756 -0.954784214 0.011351400 0.297082752 64.588973999
0.306983858 0.090681061 0.947384834 84.391563416 -0.019927988 0.995844543 -0.088862166 -5.823690891 -0.951505959 0.008399777 0.307515264 64.813880920
0.317680895 0.086428717 0.944250464 85.034172058 -0.019950060 0.996225953 -0.084474191 -5.866309166 -0.947987795 0.007997979 0.318206161 65.035522461
0.328468502 0.079163931 0.941191554 85.696960449 -0.015934348 0.996804118 -0.078280568 -5.917231560 -0.944380581 0.010715425 0.328680158 65.269760132
0.339281052 0.074801154 0.937706292 86.363624573 -0.014419642 0.997129917 -0.074324071 -5.967759132 -0.940574527 0.011695362 0.339385927 65.516975403
0.349792778 0.071693711 0.934079885 87.045021057 -0.015483647 0.997373581 -0.070753455 -6.015576839 -0.936699152 0.010286083 0.349984199 65.776367188
0.359044045 0.069009155 0.930765927 87.732002258 -0.008730151 0.997467399 -0.070586912 -6.057552338 -0.933279812 0.017218079 0.358737230 66.045547485
0.367962211 0.063693099 0.927656710 88.440933228 -0.002186607 0.997707665 -0.067635469 -6.097637177 -0.929838181 0.022858879 0.367258012 66.318565369
0.374918491 0.054705076 0.925442338 89.162040710 0.007030570 0.998060882 -0.061845988 -6.138331890 -0.927031100 0.029693589 0.373806894 66.601890564
0.381800056 0.050009005 0.922891021 89.864692688 0.012324131 0.998170853 -0.059186712 -6.182732105 -0.924162805 0.033971317 0.380485296 66.893508911
0.389123887 0.049753696 0.919840872 90.572364807 0.014281143 0.998094499 -0.060027804 -6.234247208 -0.921074748 0.036494628 0.387671888 67.196044922
0.396601349 0.056206644 0.916268647 91.286468506 0.016490193 0.997526586 -0.068328924 -6.273741722 -0.917842865 0.042208791 0.394693524 67.504806519
0.403859258 0.060302701 0.912831485 92.004234314 0.020774238 0.996963263 -0.075051591 -6.315728188 -0.914585173 0.049273651 0.401380032 67.816032410
0.409213692 0.062473584 0.910297334 92.710823059 0.018779442 0.996865213 -0.076856807 -6.367122650 -0.912245274 0.048545733 0.406757653 68.137084961
0.413390309 0.064223826 0.908286214 93.396148682 0.011452978 0.997063816 -0.075713806 -6.422246933 -0.910481811 0.041701935 0.411440939 68.466537476
0.417290658 0.068036154 0.906222761 94.090942383 0.004701580 0.997018695 -0.077017754 -6.478270531 -0.908760846 0.036399469 0.415726662 68.808158875
0.421617389 0.071006663 0.903989315 94.767120361 0.003922516 0.996777177 -0.080124401 -6.536053181 -0.906765342 0.037327752 0.419980019 69.120056152
0.425667673 0.075298995 0.901741087 95.443679810 0.000848592 0.996497989 -0.083612144 -6.592200756 -0.904879153 0.036356196 0.424113095 69.445266724
0.429306388 0.078148521 0.899771512 96.103942871 -0.002042923 0.996330857 -0.085560322 -6.648862362 -0.903156579 0.034893431 0.427890897 69.767799377
0.433097273 0.076586999 0.898087502 96.760452271 -0.003359467 0.996513844 -0.083360493 -6.710093975 -0.901340961 0.033086102 0.431844682 70.094100952
0.437387824 0.073322386 0.896278799 97.414833069 -0.002183404 0.996754169 -0.080476500 -6.770010948 -0.899270356 0.033242501 0.436128110 70.412651062
0.440547198 0.070633657 0.894946396 98.048339844 -0.002437643 0.996990263 -0.077487528 -6.826263428 -0.897726059 0.031955354 0.439393461 70.736602783
0.444264412 0.069689482 0.893181145 98.682373047 -0.003467084 0.997096241 -0.076072834 -6.883499622 -0.895889044 0.030699719 0.443215996 71.058799744
0.447471678 0.071704373 0.891418874 99.291053772 -0.005860978 0.996994138 -0.077254616 -6.933341503 -0.894278824 0.029344670 0.446546972 71.373908997
0.450036436 0.072199784 0.890086710 99.901596069 -0.005274455 0.996923804 -0.078199103 -6.990029812 -0.892994523 0.030497730 0.449032903 71.691246033
0.452171415 0.070098348 0.889172196 100.495628357 -0.002726729 0.997010887 -0.077213235 -7.039309502 -0.891926885 0.032489091 0.451010972 71.995079041
0.454133302 0.068806373 0.888272822 101.089561462 -0.001190745 0.997059345 -0.076624304 -7.098477364 -0.890932918 0.033739947 0.452879786 72.291679382
0.456004947 0.068852030 0.887309909 101.679016113 -0.001813990 0.997072756 -0.076436982 -7.137733459 -0.889975369 0.033246063 0.454795003 72.599731445
0.458007812 0.068017997 0.886342168 102.255043030 -0.000343576 0.997081935 -0.076338634 -7.189140797 -0.888948083 0.034659162 0.456694633 72.899635315
0.460586369 0.070201159 0.884834468 102.815391541 -0.001164825 0.996914506 -0.078487046 -7.232587337 -0.887614131 0.035119385 0.459246963 73.190483093
0.463594228 0.069770187 0.883296371 103.375900269 0.002271557 0.996798098 -0.079927713 -7.283612251 -0.886044741 0.039060485 0.461951375 73.484649658
0.466577560 0.069198489 0.881769240 103.926345825 0.003623593 0.996776879 -0.080141313 -7.334456921 -0.884472787 0.040587310 0.464822978 73.777351379
0.469148248 0.067639373 0.880525351 104.463775635 0.006674000 0.996762514 -0.080124319 -7.384080887 -0.883094251 0.043466806 0.467177987 74.088806152
0.473085463 0.066601023 0.878495574 104.971145630 0.007764318 0.996784627 -0.079750046 -7.426279068 -0.880982339 0.044549506 0.471047223 74.324317932
0.476235181 0.066090472 0.876830757 105.489158630 0.009199378 0.996742308 -0.080125213 -7.470203876 -0.879269838 0.046224739 0.474075794 74.608734131
0.479859173 0.065381892 0.874905884 106.006103516 0.009436493 0.996776938 -0.079664983 -7.519226074 -0.877294719 0.046484016 0.477695674 74.893615723
0.483041734 0.064555570 0.873214424 106.514945984 0.011350686 0.996732950 -0.079966061 -7.563732624 -0.875523746 0.048538528 0.480730891 75.183128357
0.487325519 0.065642409 0.870749593 107.017730713 0.010905006 0.996635199 -0.081235535 -7.611509800 -0.873152256 0.049083684 0.484969944 75.457130432
0.491025001 0.065995820 0.868641973 107.518638611 0.012502493 0.996489644 -0.082776539 -7.662254810 -0.871055782 0.051505543 0.488476217 75.756851196
0.496074051 0.069566727 0.865488887 108.001152039 0.010526782 0.996230066 -0.086109154 -7.703572273 -0.868216395 0.051827330 0.493471533 76.038040161
0.501688898 0.075355805 0.861759782 108.484939575 0.007209311 0.995799720 -0.091273844 -7.748339176 -0.865018010 0.052003767 0.499038428 76.325851440
0.507351041 0.082494952 0.857781768 108.968887329 0.002004225 0.995291591 -0.096905053 -7.797685146 -0.861737132 0.050884061 0.504796922 76.630554199
0.512901306 0.088443160 0.853879392 109.447044373 -0.003303814 0.994874597 -0.101062655 -7.854739666 -0.858441174 0.049014106 0.510564625 76.942268372
0.519383848 0.093082488 0.849456370 109.918754578 -0.007236577 0.994493186 -0.104550809 -7.909217358 -0.854510427 0.048154835 0.517197311 77.241081238
0.525003672 0.093335718 0.845966697 110.408203125 -0.011410767 0.994651139 -0.102658652 -7.960725784 -0.851023495 0.044243038 0.523260593 77.555480957
0.530688405 0.092476211 0.842507005 110.900512695 -0.017868493 0.995029688 -0.097962379 -8.013418198 -0.847378731 0.036933161 0.529703140 77.880012512
0.536069155 0.090235889 0.839337468 111.399719238 -0.024160050 0.995503366 -0.091594465 -8.064863205 -0.843828201 0.028822528 0.535838723 78.226936340
0.541969717 0.088623360 0.835712135 111.900917053 -0.031081730 0.995857537 -0.085449181 -8.120733261 -0.839823067 0.020335484 0.542479217 78.564064026
0.548007250 0.086345263 0.832005203 112.410652161 -0.033317462 0.996121883 -0.081432439 -8.169833183 -0.835809827 0.016905265 0.548758805 78.915710449
0.554405689 0.090113200 0.827353597 112.923439026 -0.038044509 0.995825648 -0.082969286 -8.209877968 -0.831376493 0.014522379 0.555519700 79.277046204
0.560171425 0.094236940 0.822999060 113.442626953 -0.042611070 0.995470881 -0.084982641 -8.259892464 -0.827280104 0.012535972 0.561649740 79.657119751
0.566622794 0.097589068 0.818177879 113.971000671 -0.045145877 0.995146930 -0.087431841 -8.302412987 -0.822739601 0.012603516 0.568278670 80.030441284
0.572861075 0.099680677 0.813568652 114.499855042 -0.047520593 0.994947076 -0.088442817 -8.351923943 -0.818273842 0.012004180 0.574703276 80.421218872
