1.000000000 0.000000000 0.000000000 0.000000000 0.000000000 1.000000000 0.000000000 0.000000000 0.000000000 0.000000000 1.000000000 0.000000000
1.000000000 -0.000053673 0.000116862 -0.014770059 0.000053505 0.999998987 0.001436665 -0.012564945 -0.000116939 -0.001436659 0.999998987 1.315549493
0.999998569 -0.001577617 -0.000633566 -0.010920227 0.001578777 0.999997079 0.001834873 -0.040596701 0.000630669 -0.001835870 0.999998093 2.617017746
0.999996185 -0.002701234 -0.000621196 -0.016105404 0.002701724 0.999996066 0.000790599 -0.055812534 0.000619058 -0.000792275 0.999999523 3.929584026
0.999995530 -0.002944950 -0.000530633 -0.025907645 0.002945386 0.999995410 0.000823903 -0.072852835 0.000528204 -0.000825463 0.999999523 5.258034706
0.999993205 -0.003640461 -0.000598261 -0.025141275 0.003641606 0.999991536 0.001923703 -0.101696521 0.000591253 -0.001925868 0.999997973 6.573444366
0.999986887 -0.005113786 -0.000423917 -0.030836791 0.005115025 0.999982536 0.002974364 -0.116556361 0.000408699 -0.002976493 0.999995530 7.896130085
0.999989808 -0.004490786 -0.000416050 -0.040317275 0.004492251 0.999983490 0.003587991 -0.136788920 0.000399930 -0.003589824 0.999993503 9.237027168
0.999993801 -0.003465076 -0.000611958 -0.049419440 0.003466050 0.999992728 0.001597793 -0.151582584 0.000606417 -0.001599904 0.999998510 10.583928108
0.999998748 -0.001250023 -0.000989587 -0.054280996 0.001249794 0.999999166 -0.000232242 -0.178915069 0.000989876 0.000231005 0.999999464 11.921661377
0.999996662 0.002548677 -0.000491076 -0.076617204 -0.002549195 0.999996126 -0.001057155 -0.202250987 0.000488379 0.001058403 0.999999344 13.255343437
0.999988735 0.004723436 -0.000407934 -0.094481595 -0.004723893 0.999988198 -0.001127319 -0.224633142 0.000402604 0.001129233 0.999999225 14.589718819
0.999982417 0.005887755 -0.000650471 -0.094716638 -0.005888068 0.999982536 -0.000479905 -0.242246956 0.000647634 0.000483727 0.999999702 15.948460579
0.999993742 0.003512907 0.000368432 -0.113548771 -0.003513778 0.999990940 0.002391348 -0.266540557 -0.000360028 -0.002392628 0.999997020 17.300142288
0.999999702 -0.000594859 0.000459632 -0.116901524 0.000592961 0.999991298 0.004118888 -0.283670276 -0.000462078 -0.004118614 0.999991357 18.653272629
0.999994993 -0.003158818 -0.000069834 -0.112728126 0.003158953 0.999992967 0.002013185 -0.303140432 0.000063474 -0.002013395 0.999997973 20.005975723
0.999991238 -0.004176037 -0.000201647 -0.120792888 0.004176066 0.999991298 0.000144388 -0.321622759 0.000201042 -0.000145229 1.000000000 21.362314224
0.999998689 -0.001429783 0.000740403 -0.131006286 0.001430841 0.999998093 -0.001429905 -0.345888525 -0.000738357 0.001430963 0.999998689 22.711954117
0.999998629 0.001166844 0.001123317 -0.135276705 -0.001167409 0.999999166 0.000501829 -0.363002926 -0.001122731 -0.000503140 0.999999285 24.093406677
0.999998689 0.001124282 0.001129330 -0.133309662 -0.001129064 0.999990404 0.004242640 -0.385305792 -0.001124549 -0.004243909 0.999990404 25.466697693
0.999996006 -0.000489178 0.002786603 -0.164870977 0.000472492 0.999981999 0.005985448 -0.396808684 -0.002789481 -0.005984107 0.999978185 26.825077057
0.999987602 -0.004406868 0.002317976 -0.160319731 0.004397490 0.999982238 0.004035559 -0.410114169 -0.002335719 -0.004025315 0.999989152 28.200225830
0.999986827 -0.004498430 0.002462613 -0.170028180 0.004494037 0.999988317 0.001786527 -0.431006730 -0.002470621 -0.001775436 0.999995351 29.573698044
0.999983847 -0.004747932 0.003139148 -0.170576960 0.004750736 0.999988377 -0.000886226 -0.448414743 -0.003134903 0.000901125 0.999994636 30.963619232
0.999992013 -0.001471878 0.003697298 -0.176223218 0.001477471 0.999997795 -0.001510297 -0.475435883 -0.003695067 0.001515748 0.999992013 32.352066040
0.999992728 0.000031524 0.003815431 -0.179786459 -0.000016866 0.999992609 -0.003841701 -0.496275038 -0.003815525 0.003841609 0.999985397 33.728061676
0.999990642 0.000432441 0.004336265 -0.185549796 -0.000419838 0.999995708 -0.002906847 -0.526287377 -0.004337504 0.002904998 0.999986351 35.108146667
0.999991894 0.000625929 0.004008103 -0.190479130 -0.000618789 0.999998271 -0.001782421 -0.552197039 -0.004009211 0.001779926 0.999990404 36.495983124
0.999990702 0.001566440 0.004020311 -0.197741270 -0.001566667 0.999998689 0.000053164 -0.579837263 -0.004020223 -0.000059461 0.999991894 37.892303467
0.999983370 0.004092118 0.004081497 -0.209113255 -0.004094230 0.999991477 0.000509333 -0.602902651 -0.004079379 -0.000526035 0.999991477 39.291931152
0.999966979 0.006850557 0.004354413 -0.213978395 -0.006849779 0.999976456 -0.000193389 -0.618594348 -0.004355634 0.000163556 0.999990523 40.687625885
0.999951661 0.008916383 0.004140862 -0.218094632 -0.008917752 0.999960124 0.000312326 -0.640671790 -0.004137912 -0.000349238 0.999991417 42.092002869
0.999943972 0.009749901 0.004110031 -0.232037231 -0.009750848 0.999952435 0.000210078 -0.660965323 -0.004107787 -0.000250143 0.999991536 43.495498657
0.999950945 0.009012251 0.004110031 -0.242202118 -0.009011793 0.999959409 -0.000130009 -0.681060135 -0.004111036 0.000092964 0.999991536 44.900707245
0.999964535 0.007806271 0.003164220 -0.251709372 -0.007805812 0.999969542 -0.000157596 -0.707826912 -0.003165354 0.000132891 0.999994993 46.292766571
0.999972582 0.007119720 0.002055674 -0.255410671 -0.007120177 0.999974668 0.000214314 -0.734346569 -0.002054096 -0.000228945 0.999997914 47.688476562
0.999971449 0.007521310 0.000805596 -0.261421740 -0.007522458 0.999970675 0.001431196 -0.753754079 -0.000794808 -0.001437215 0.999998629 49.102806091
0.999971449 0.007552721 0.000224686 -0.279181987 -0.007552968 0.999970853 0.001120793 -0.776008308 -0.000216215 -0.001122458 0.999999344 50.521038055
0.999966204 0.008174252 -0.000892066 -0.294534028 -0.008172749 0.999965191 0.001677343 -0.795748174 0.000905746 -0.001669996 0.999998212 51.927455902
0.999962807 0.008494236 -0.001510066 -0.313603282 -0.008490466 0.999960780 0.002487538 -0.815707922 0.001531136 -0.002474624 0.999995768 53.333480835
0.999972641 0.007100005 -0.002110895 -0.323273420 -0.007092316 0.999968231 0.003628216 -0.836096644 0.002136589 -0.003613146 0.999991179 54.772422791
0.999984026 0.004943689 -0.002730280 -0.334626436 -0.004933246 0.999980509 0.003819016 -0.857742250 0.002749107 -0.003805485 0.999988973 56.212268829
0.999991000 0.002624896 -0.003325677 -0.343878746 -0.002612666 0.999989808 0.003676569 -0.879613161 0.003335293 -0.003667847 0.999987721 57.630458832
0.999994040 0.001949928 -0.002827194 -0.366805047 -0.001939607 0.999991477 0.003648849 -0.899104893 0.002834285 -0.003643344 0.999989271 59.038307190
0.999996722 0.000956470 -0.002368361 -0.374042571 -0.000947246 0.999992013 0.003892850 -0.912120759 0.002372066 -0.003890594 0.999989629 60.466705322
0.999998271 0.000042490 -0.001864118 -0.386381179 -0.000033399 0.999988019 0.004876782 -0.936444998 0.001864303 -0.004876711 0.999986351 61.889102936
0.999997258 -0.001962247 -0.001264328 -0.402294189 0.001968501 0.999985635 0.004964456 -0.962286592 0.001254568 -0.004966931 0.999986887 63.296390533
0.999995172 -0.003055294 -0.000471101 -0.409902036 0.003057098 0.999987781 0.003877586 -0.986359775 0.000459248 -0.003879007 0.999992371 64.675018311
0.999993861 -0.003499407 -0.000230517 -0.404883862 0.003500176 0.999987960 0.003424171 -1.003355503 0.000218532 -0.003424957 0.999994099 66.089218140
0.999999285 -0.000989542 0.000692412 -0.419815183 0.000987303 0.999994278 0.003226718 -1.028150201 -0.000695601 -0.003226033 0.999994576 67.483810425
0.999997735 0.001688364 0.001273551 -0.433538526 -0.001694378 0.999987364 0.004735943 -1.049337506 -0.001265539 -0.004738089 0.999987900 68.876365662
0.999986112 0.004791322 0.002177896 -0.447021484 -0.004804440 0.999970198 0.006058511 -1.068711281 -0.002148803 -0.006068892 0.999979258 70.274177551
0.999957979 0.008777218 0.002634765 -0.454897404 -0.008794957 0.999938190 0.006797199 -1.093430519 -0.002574942 -0.006820085 0.999973357 71.631210327
0.999910295 0.013009328 0.003202797 -0.464213222 -0.013029077 0.999895751 0.006224538 -1.106783628 -0.003121486 -0.006265708 0.999975443 73.033653259
0.999861062 0.016194647 0.003951149 -0.483220041 -0.016216759 0.999852657 0.005629817 -1.127684832 -0.003859394 -0.005693110 0.999976337 74.415496826
0.999829710 0.017878948 0.004575314 -0.487050653 -0.017904554 0.999823928 0.005617308 -1.147031069 -0.004474077 -0.005698272 0.999973774 75.809204102
0.999827862 0.017917017 0.004824163 -0.489434779 -0.017944852 0.999822319 0.005791036 -1.159404516 -0.004719547 -0.005876610 0.999971569 77.212196350
0.999837279 0.017327400 0.005013730 -0.492098451 -0.017354548 0.999834716 0.005423468 -1.180166960 -0.004918926 -0.005509596 0.999972641 78.592201233
0.999859333 0.016007058 0.005009178 -0.496949345 -0.016030131 0.999860883 0.004600639 -1.199450016 -0.004934839 -0.004680289 0.999976873 79.979431152
0.999870956 0.015391835 0.004600401 -0.498556405 -0.015413527 0.999870002 0.004717025 -1.218599916 -0.004527200 -0.004787324 0.999978304 81.352378845
0.999873161 0.015334585 0.004295672 -0.498954952 -0.015354719 0.999871016 0.004693802 -1.234875441 -0.004223141 -0.004759165 0.999979734 82.737045288
0.999884427 0.014785372 0.003542578 -0.496536225 -0.014800330 0.999881446 0.004234241 -1.254667878 -0.003479554 -0.004286182 0.999984741 84.111381531
0.999882400 0.015006091 0.003143060 -0.512603402 -0.015020315 0.999876738 0.004552511 -1.268329144 -0.003074358 -0.004599185 0.999984622 85.467208862
0.999893665 0.014426776 0.002133228 -0.512149632 -0.014437908 0.999881685 0.005298221 -1.286828518 -0.002056540 -0.005328457 0.999983668 86.843582153
0.999925554 0.012163606 0.000996769 -0.522843122 -0.012169532 0.999906898 0.006172030 -1.301789522 -0.000921603 -0.006183701 0.999980450 88.256500244
0.999945223 0.010465353 0.000018253 -0.524688244 -0.010465227 0.999921143 0.006939200 -1.330427170 0.000054369 -0.006939011 0.999975920 89.604942322
0.999968708 0.007871039 -0.000839401 -0.529921293 -0.007864828 0.999943435 0.007162590 -1.348404646 0.000895730 -0.007155763 0.999974012 90.981277466
0.999976516 0.006666359 -0.001546983 -0.533144355 -0.006655983 0.999955893 0.006618265 -1.368986607 0.001591035 -0.006607813 0.999976873 92.356735229
0.999983251 0.005472795 -0.001854994 -0.542225242 -0.005461157 0.999965727 0.006222073 -1.385873199 0.001888982 -0.006211839 0.999978900 93.684257507
0.999978960 0.006240742 -0.001775950 -0.559512317 -0.006230865 0.999965310 0.005513296 -1.400653839 0.001810295 -0.005502113 0.999983251 95.060234070
0.999981105 0.005970462 -0.001448515 -0.577039778 -0.005962892 0.999968767 0.005175419 -1.420690060 0.001479370 -0.005166685 0.999985576 96.418540955
0.999974668 0.007009861 -0.001244411 -0.592548490 -0.007004600 0.999966741 0.004182691 -1.436395407 0.001273689 -0.004173868 0.999990463 97.747665405
0.999964476 0.008380771 -0.000911166 -0.611884475 -0.008376845 0.999956012 0.004230001 -1.452176452 0.000946576 -0.004222218 0.999990642 99.084564209
0.999961793 0.008723862 -0.000718891 -0.612495303 -0.008719288 0.999943137 0.006137540 -1.475511551 0.000772394 -0.006131038 0.999980927 100.442077637
0.999952674 0.009698511 -0.000816252 -0.630245864 -0.009692027 0.999924123 0.007603745 -1.492887378 0.000889936 -0.007595474 0.999970794 101.765350342
0.999957204 0.009228255 -0.000668795 -0.629179180 -0.009224212 0.999940574 0.005815246 -1.509837151 0.000722420 -0.005808829 0.999982893 103.129745483
0.999954343 0.009548680 -0.000245878 -0.647016883 -0.009547777 0.999948502 0.003439823 -1.522688985 0.000278711 -0.003437319 0.999994159 104.454086304
0.999962151 0.008650893 -0.000948986 -0.648337483 -0.008648860 0.999960303 0.002126405 -1.545041084 0.000967343 -0.002118116 0.999997258 105.781272888
0.999980748 0.006119028 -0.001005822 -0.657262206 -0.006115146 0.999974012 0.003817396 -1.567759991 0.001029155 -0.003811172 0.999992251 107.107589722
0.999989331 0.004622806 -0.000059298 -0.677376986 -0.004622441 0.999976158 0.005134351 -1.576098323 0.000083031 -0.005134022 0.999986827 108.434532166
0.999995589 0.002900506 0.000740627 -0.683530152 -0.002904755 0.999978960 0.005801981 -1.597857475 -0.000723783 -0.005804107 0.999982893 109.766326904
0.999996006 0.002196630 0.001784660 -0.698411167 -0.002204460 0.999987900 0.004397885 -1.614526033 -0.001774978 -0.004401801 0.999988675 111.108352661
0.999986887 0.004413319 0.002593399 -0.707214236 -0.004419691 0.999987185 0.002456661 -1.634498358 -0.002582524 -0.002468091 0.999993622 112.437004089
0.999971151 0.006624056 0.003742516 -0.718316793 -0.006623737 0.999978006 -0.000097558 -1.653887630 -0.003743080 0.000072766 0.999992967 113.749473572
0.999938071 0.009894799 0.005109924 -0.725576580 -0.009893928 0.999951065 -0.000195901 -1.672611833 -0.005111612 0.000145332 0.999986887 115.066734314
0.999921143 0.010641699 0.006668658 -0.727042675 -0.010656602 0.999940813 0.002202970 -1.701413870 -0.006644819 -0.002273862 0.999975264 116.394248962
0.999916375 0.010592633 0.007413061 -0.718256295 -0.010625999 0.999933600 0.004476241 -1.719596982 -0.007365153 -0.004554638 0.999962509 117.725547791
0.999911487 0.010182194 0.008564072 -0.725070059 -0.010224655 0.999935567 0.004929195 -1.738112211 -0.008513330 -0.005016322 0.999951184 119.055603027
0.999888599 0.010941838 0.010151706 -0.724839985 -0.010987852 0.999929607 0.004488019 -1.754349828 -0.010101884 -0.004599065 0.999938428 120.403999329
0.999867916 0.012141116 0.010806337 -0.711755991 -0.012185256 0.999917626 0.004028417 -1.772544384 -0.010756537 -0.004159563 0.999933481 121.746749878
0.999824524 0.014239833 0.012169017 -0.705430448 -0.014287504 0.999890506 0.003839557 -1.790209174 -0.012113011 -0.004012748 0.999918580 123.080978394
0.999795914 0.015192538 0.013312691 -0.703655362 -0.015226955 0.999880970 0.002487930 -1.805844188 -0.013273307 -0.002690133 0.999908268 124.413284302
0.999763250 0.016330758 0.014378703 -0.694958866 -0.016352760 0.999865294 0.001414016 -1.818732619 -0.014353674 -0.001648812 0.999895632 125.767059326
0.999766350 0.015198927 0.015368662 -0.686489046 -0.015223389 0.999883056 0.001475888 -1.841656923 -0.015344433 -0.001709506 0.999880791 127.105514526
0.999762118 0.014478903 0.016308615 -0.673673868 -0.014525356 0.999890864 0.002733483 -1.860176682 -0.016267255 -0.002969722 0.999863267 128.453155518
0.999766469 0.013221584 0.017090879 -0.662173033 -0.013280482 0.999906242 0.003337200 -1.876904368 -0.017045151 -0.003563396 0.999848366 129.814971924
0.999762356 0.012694355 0.017721662 -0.646246016 -0.012760457 0.999912024 0.003621926 -1.893662095 -0.017674122 -0.003847202 0.999836385 131.161178589
0.999778986 0.010780793 0.018048340 -0.633637428 -0.010850805 0.999933898 0.003785654 -1.911704063 -0.018006336 -0.003980657 0.999829888 132.504898071
0.999793589 0.009340518 0.018050069 -0.633911848 -0.009421318 0.999945939 0.004396545 -1.930313826 -0.018008029 -0.004565692 0.999827445 133.849060059
0.999817967 0.007797136 0.017416259 -0.616885722 -0.007871121 0.999960244 0.004183496 -1.948607206 -0.017382950 -0.004319820 0.999839604 135.201400757
0.999844670 0.006793443 0.016259890 -0.606195211 -0.006859777 0.999968350 0.004027451 -1.962997317 -0.016232017 -0.004138365 0.999859691 136.531005859
0.999869764 0.005034552 0.015332576 -0.586124599 -0.005110154 0.999974906 0.004895641 -1.982036233 -0.015307545 -0.004973355 0.999870479 137.915466309
0.999881268 0.003851550 0.014927557 -0.580729604 -0.003929919 0.999978602 0.005224197 -2.000258446 -0.014907117 -0.005282240 0.999874949 139.261917114
0.999908149 0.003521424 0.013098126 -0.564351797 -0.003584887 0.999981940 0.004824867 -2.016314268 -0.013080900 -0.004871380 0.999902546 140.604690552
0.999924541 0.002930638 0.011930483 -0.555613399 -0.002983545 0.999985754 0.004419215 -2.035546064 -0.011917362 -0.004454477 0.999918997 141.945724487
0.999934018 0.003400162 0.010968897 -0.551268876 -0.003445984 0.999985397 0.004161284 -2.057044983 -0.010954588 -0.004198809 0.999931157 143.278778076
0.999946237 0.001018843 0.010325922 -0.551961660 -0.001034493 0.999998391 0.001510283 -2.068908215 -0.010324367 -0.001520885 0.999945581 144.620361328
0.999946058 -0.004837120 0.009203917 -0.533342838 0.004824671 0.999987423 0.001374278 -2.095642567 -0.009210450 -0.001329798 0.999956667 145.984268188
0.999892831 -0.011888859 0.008552566 -0.526273668 0.011854949 0.999921739 0.004004643 -2.113851547 -0.008599507 -0.003902824 0.999955475 147.327713013
0.999795079 -0.018943032 0.007141797 -0.518990099 0.018905386 0.999807239 0.005302290 -2.134785891 -0.007240863 -0.005166185 0.999960363 148.692138672
0.999730110 -0.022377880 0.006230963 -0.501835525 0.022366729 0.999748170 0.001853298 -2.150310993 -0.006270866 -0.001713432 0.999978840 150.049865723
0.999747753 -0.021349374 0.006968746 -0.504405379 0.021357581 0.999771297 -0.001105271 -2.179526329 -0.006943556 0.001253828 0.999975026 151.412277222
0.999819517 -0.017527660 0.007333056 -0.503595710 0.017551666 0.999840856 -0.003222471 -2.204534054 -0.007275405 0.003350597 0.999967873 152.739868164
0.999800265 -0.017860983 0.008966154 -0.505676746 0.017890215 0.999834776 -0.003191014 -2.233269215 -0.008907679 0.003350783 0.999954700 154.104858398
0.999728084 -0.021179326 0.009758300 -0.501527667 0.021178206 0.999775708 0.000218009 -2.258542299 -0.009760729 -0.000011287 0.999952316 155.444961548
0.999589205 -0.026706658 0.010394833 -0.487637699 0.026673900 0.999638796 0.003277284 -2.284860373 -0.010478603 -0.002998667 0.999940574 156.798767090
0.999491096 -0.030252300 0.010119456 -0.471851647 0.030207379 0.999533236 0.004562878 -2.299526930 -0.010252771 -0.004254874 0.999938309 158.133255005
0.999435961 -0.031986292 0.010226610 -0.453572780 0.031941205 0.999479353 0.004542409 -2.322713614 -0.010366580 -0.004213197 0.999937415 159.504211426
0.999486506 -0.030051745 0.011116916 -0.443272591 0.029993005 0.999535441 0.005413309 -2.339086771 -0.011274430 -0.005077101 0.999923587 160.854995728
0.999579132 -0.026475325 0.011856452 -0.421468198 0.026421653 0.999639928 0.004660673 -2.360707045 -0.011975575 -0.004345444 0.999918878 162.225982666
0.999641955 -0.022914719 0.013817985 -0.444860816 0.022884138 0.999735296 0.002367448 -2.378431559 -0.013868577 -0.002050388 0.999901712 163.534164429
0.999693394 -0.019879902 0.014764102 -0.432621151 0.019854579 0.999801159 0.001859909 -2.396684885 -0.014798140 -0.001566204 0.999889314 164.886352539
0.999726117 -0.017662024 0.015351844 -0.429204196 0.017619362 0.999840498 0.002909897 -2.416134119 -0.015400790 -0.002638610 0.999877930 166.236267090
0.999767601 -0.015722314 0.014749618 -0.405834556 0.015685683 0.999873579 0.002595952 -2.439570427 -0.014788568 -0.002363991 0.999887824 167.603179932
0.999806523 -0.013362311 0.014435429 -0.391061038 0.013367412 0.999910593 -0.000256913 -2.451206446 -0.014430704 0.000449827 0.999895692 168.979629517
0.999855757 -0.009346247 0.014186240 -0.386483014 0.009388800 0.999951541 -0.002935967 -2.473403931 -0.014158115 0.003068735 0.999895036 170.331893921
0.999898195 -0.003999857 0.013698180 -0.371428668 0.004058407 0.999982715 -0.004249151 -2.501616478 -0.013680948 0.004304311 0.999897122 171.707824707
0.999899626 0.000402451 0.014169216 -0.368757904 -0.000358834 0.999995172 -0.003080698 -2.526690483 -0.014170389 0.003075305 0.999894798 173.074371338
0.999883294 0.003585386 0.014845725 -0.367247015 -0.003566088 0.999992788 -0.001326164 -2.549867868 -0.014850372 0.001273068 0.999888897 174.432281494
0.999879658 0.004699759 0.014783851 -0.354517043 -0.004712514 0.999988556 0.000827953 -2.571755409 -0.014779792 -0.000897522 0.999890387 175.813796997
0.999902546 0.001322495 0.013903392 -0.339195848 -0.001344304 0.999997914 0.001559314 -2.590421200 -0.013901301 -0.001577852 0.999902129 177.191329956
0.999925077 -0.000245422 0.012236272 -0.327464551 0.000224474 0.999998510 0.001713367 -2.609808207 -0.012236673 -0.001710492 0.999923587 178.558319092
0.999946058 -0.000395324 0.010375720 -0.319919944 0.000423835 0.999996126 -0.002745783 -2.631110668 -0.010374595 0.002750032 0.999942303 179.958663940
0.999962211 0.000484028 0.008681940 -0.306384206 -0.000428355 0.999979317 -0.006413219 -2.664839029 -0.008684864 0.006409259 0.999941766 181.365020752
0.999952912 0.005431775 0.008039212 -0.313345641 -0.005375818 0.999961317 -0.006965823 -2.693340063 -0.008076738 0.006922277 0.999943435 182.766067505
0.999929786 0.008923803 0.007813694 -0.313872993 -0.008875146 0.999941170 -0.006240007 -2.721417665 -0.007868918 0.006170220 0.999949992 184.161376953
0.999904871 0.010947332 0.008391762 -0.323214382 -0.010925198 0.999936700 -0.002679070 -2.751511574 -0.008420560 0.002587133 0.999961197 185.543319702
0.999891996 0.011729854 0.008849568 -0.323274821 -0.011726338 0.999931157 -0.000448999 -2.778014898 -0.008854224 0.000345177 0.999960721 186.937500000
0.999899089 0.011084518 0.008875752 -0.314637631 -0.011086517 0.999938488 0.000176001 -2.793717146 -0.008873254 -0.000274384 0.999960601 188.372085571
0.999916017 0.009337987 0.008984829 -0.310766369 -0.009344856 0.999956071 0.000723091 -2.810087442 -0.008977682 -0.000806993 0.999959350 189.804443359
0.999935687 0.006708572 0.009139189 -0.295277655 -0.006721231 0.999976516 0.001355162 -2.840094328 -0.009129882 -0.001416502 0.999957323 191.265136719
0.999948323 0.004183486 0.009259583 -0.288185298 -0.004194913 0.999990463 0.001215075 -2.858136415 -0.009254412 -0.001253856 0.999956429 192.693740845
0.999948978 0.000882016 0.010064811 -0.279960990 -0.000908207 0.999996185 0.002597974 -2.883688450 -0.010062483 -0.002606982 0.999945998 194.119644165
0.999941349 -0.003790819 0.010147918 -0.264294654 0.003745826 0.999983132 0.004449093 -2.907690525 -0.010164613 -0.004410819 0.999938607 195.544906616
0.999921679 -0.006416926 0.010740027 -0.248509899 0.006372996 0.999971211 0.004119607 -2.923127413 -0.010766150 -0.004050837 0.999933839 196.996978760
0.999927759 -0.003730716 0.011419077 -0.245851934 0.003737859 0.999992907 -0.000604270 -2.938096285 -0.011416742 0.000646909 0.999934614 198.428726196
0.999932349 0.003083565 0.011216506 -0.230631381 -0.003022164 0.999980390 -0.005486954 -2.960521936 -0.011233206 0.005452684 0.999921978 199.874145508
0.999840081 0.012539351 0.012750654 -0.236422479 -0.012467897 0.999906123 -0.005668159 -2.987479687 -0.012820534 0.005508279 0.999902666 201.323486328
0.999693632 0.020640008 0.013664371 -0.243017584 -0.020612052 0.999785125 -0.002183589 -3.011530638 -0.013706505 0.001901269 0.999904275 202.755523682
0.999673188 0.020916777 0.014691383 -0.234558791 -0.020923307 0.999781013 0.000290845 -3.041953087 -0.014682081 -0.000598142 0.999892056 204.187866211
0.999719799 0.018987762 0.014131226 -0.218969956 -0.019001657 0.999819040 0.000849784 -3.062237501 -0.014112534 -0.001118063 0.999899805 205.632675171
0.999798536 0.015345058 0.012934525 -0.202491805 -0.015354756 0.999881864 0.000650618 -3.086460114 -0.012923014 -0.000849093 0.999916136 207.080642700
0.999828041 0.013800316 0.012382502 -0.199691862 -0.013804024 0.999904633 0.000214017 -3.108752251 -0.012378366 -0.000384908 0.999923229 208.512741089
0.999834359 0.013977935 0.011656361 -0.183355346 -0.013976508 0.999902308 -0.000203892 -3.130003214 -0.011658072 0.000040943 0.999931931 209.985549927
0.999813557 0.015452153 0.011574780 -0.178044468 -0.015453168 0.999880552 -0.000001961 -3.154655457 -0.011573427 -0.000176907 0.999932945 211.429565430
0.999805212 0.015946092 0.011631776 -0.169733241 -0.015957149 0.999872267 0.000858255 -3.180015564 -0.011616605 -0.001043698 0.999931931 212.889205933
0.999811649 0.015838725 0.011217629 -0.163023189 -0.015845856 0.999874234 0.000546850 -3.205634594 -0.011207556 -0.000724499 0.999936879 214.365936279
0.999820948 0.015543973 0.010787202 -0.153714105 -0.015539507 0.999879122 -0.000497735 -3.232433319 -0.010793635 0.000330018 0.999941707 215.835144043
0.999839067 0.014597748 0.010441544 -0.142438531 -0.014589532 0.999893188 -0.000862832 -3.249135733 -0.010453026 0.000710356 0.999945104 217.303924561
0.999837577 0.014923643 0.010096172 -0.137621313 -0.014915636 0.999888361 -0.000867890 -3.274454355 -0.010107996 0.000717158 0.999948680 218.777664185
0.999834538 0.015162265 0.010048207 -0.136799425 -0.015153130 0.999884665 -0.000984757 -3.298914433 -0.010061978 0.000832332 0.999948978 220.255844116
0.999829054 0.015663939 0.009824570 -0.137041047 -0.015651649 0.999876559 -0.001326683 -3.322174311 -0.009844140 0.001172685 0.999950826 221.734359741
0.999820411 0.016387625 0.009516038 -0.131942451 -0.016375022 0.999864876 -0.001400711 -3.351711750 -0.009537705 0.001244634 0.999953747 223.206375122
0.999826074 0.016101599 0.009404543 -0.127484888 -0.016087057 0.999869287 -0.001619913 -3.374308348 -0.009429395 0.001468340 0.999954522 224.692016602
0.999817967 0.016758675 0.009119663 -0.123374313 -0.016745135 0.999858558 -0.001559428 -3.401725054 -0.009144509 0.001406434 0.999957204 226.178207397
0.999836147 0.015735429 0.008941502 -0.117243245 -0.015720047 0.999874890 -0.001787874 -3.424298286 -0.008968515 0.001647021 0.999958396 227.676910400
0.999857068 0.014350957 0.008938671 -0.106941186 -0.014337755 0.999896049 -0.001539282 -3.458313704 -0.008959834 0.001410902 0.999958873 229.175125122
0.999876559 0.013071742 0.008714584 -0.093808986 -0.013062836 0.999914050 -0.001078432 -3.487924576 -0.008727933 0.000964462 0.999961436 230.696304321
0.999876976 0.012256146 0.009789416 -0.106193453 -0.012248881 0.999924660 -0.000801836 -3.505672216 -0.009798506 0.000681828 0.999951780 232.175704956
0.999875963 0.012519627 0.009550833 -0.096866347 -0.012513862 0.999921560 -0.000663139 -3.528896093 -0.009558386 0.000543539 0.999954164 233.678787231
0.999869168 0.012715197 0.009994948 -0.098065726 -0.012707703 0.999918938 -0.000813089 -3.563265324 -0.010004475 0.000685970 0.999949694 235.189270020
0.999862432 0.013348977 0.009850606 -0.086992569 -0.013336104 0.999910116 -0.001371572 -3.589111328 -0.009868030 0.001240014 0.999950588 236.702285767
0.999834239 0.014562134 0.010921034 -0.091464572 -0.014556081 0.999893844 -0.000633361 -3.614409447 -0.010929096 0.000474289 0.999940157 238.186080933
0.999822140 0.015022916 0.011391334 -0.082001239 -0.015036955 0.999886274 0.001147882 -3.633091927 -0.011372794 -0.001318968 0.999934435 239.699966431
0.999818623 0.014740923 0.012061537 -0.072711498 -0.014761028 0.999889731 0.001579362 -3.655274868 -0.012036928 -0.001757116 0.999926031 241.201995850
0.999803603 0.015309514 0.012587153 -0.066727318 -0.015308318 0.999882817 -0.000191286 -3.676422596 -0.012588606 -0.000001440 0.999920845 242.718109131
0.999802887 0.015034180 0.012968976 -0.051921677 -0.015023701 0.999886751 -0.000905207 -3.713715553 -0.012981116 0.000710186 0.999915421 244.219573975
0.999788284 0.015661983 0.013341311 -0.037712276 -0.015656503 0.999877274 -0.000515038 -3.735506058 -0.013347740 0.000306051 0.999910891 245.728546143
0.999797046 0.015505296 0.012861917 -0.021419877 -0.015512224 0.999879539 0.000438981 -3.761832714 -0.012853563 -0.000638408 0.999917209 247.265777588
0.999790132 0.015831351 0.013009302 -0.017676851 -0.015847106 0.999873817 0.001108289 -3.792502165 -0.012990117 -0.001314217 0.999914706 248.790664673
0.999792218 0.015902434 0.012747774 -0.002895556 -0.015922036 0.999872208 0.001437695 -3.820035458 -0.012723280 -0.001640367 0.999917686 250.320175171
0.999766290 0.017406294 0.012821952 0.009194700 -0.017426671 0.999847054 0.001478976 -3.839287281 -0.012794248 -0.001702075 0.999916613 251.843475342
0.999733925 0.018688999 0.013520379 0.011662666 -0.018712563 0.999823630 0.001618461 -3.862888336 -0.013487746 -0.001871031 0.999907196 253.376373291
0.999727368 0.019051576 0.013498645 0.021191137 -0.019079965 0.999816000 0.001977302 -3.892340422 -0.013458490 -0.002234316 0.999906957 254.913131714
0.999748409 0.017904308 0.013506522 0.033746555 -0.017928686 0.999837935 0.001686126 -3.907700777 -0.013474142 -0.001927856 0.999907374 256.460571289
0.999787986 0.015681809 0.013344207 0.043537281 -0.015720958 0.999872386 0.002833853 -3.929961443 -0.013298064 -0.003043036 0.999907017 257.998901367
0.999812067 0.013515171 0.013893008 0.048969623 -0.013563839 0.999902189 0.003414823 -3.947949886 -0.013845497 -0.003602625 0.999897599 259.527465820
0.999823809 0.012580636 0.013932824 0.062801801 -0.012613639 0.999917746 0.002283351 -3.963073015 -0.013902955 -0.002458692 0.999900281 261.062591553
0.999841630 0.011481608 0.013597107 0.076758526 -0.011509315 0.999931812 0.001961125 -3.998093605 -0.013573664 -0.002117307 0.999905586 262.592926025
0.999861538 0.009411133 0.013722727 0.097814970 -0.009461735 0.999948561 0.003627196 -4.017095566 -0.013687887 -0.003756535 0.999899268 264.134277344
0.999858916 0.007825423 0.014864454 0.089093253 -0.007907681 0.999953628 0.005483165 -4.037223339 -0.014820858 -0.005599935 0.999874473 265.632568359
0.999862671 0.006913772 0.015066588 0.103910059 -0.006981126 0.999965787 0.004422374 -4.052031040 -0.015035500 -0.004526948 0.999876678 267.174377441
0.999871433 0.005931994 0.014904007 0.132360637 -0.005986582 0.999975443 0.003620682 -4.070000172 -0.014882167 -0.003709440 0.999882400 268.719451904
0.999859035 0.006608235 0.015436868 0.147736385 -0.006666238 0.999970794 0.003708996 -4.096308231 -0.015411910 -0.003811379 0.999873996 270.253021240
0.999819458 0.008947322 0.016760278 0.162940472 -0.009008513 0.999952972 0.003578853 -4.118890762 -0.016727468 -0.003729193 0.999853134 271.816436768
0.999789715 0.010184300 0.017796757 0.177673459 -0.010242334 0.999942422 0.003172778 -4.135321140 -0.017763423 -0.003354391 0.999836683 273.341339111
0.999742508 0.012192413 0.019137232 0.197200626 -0.012251139 0.999920607 0.002954520 -4.166309357 -0.019099690 -0.003188212 0.999812424 274.873748779
0.999714971 0.012507475 0.020334139 0.219036266 -0.012573603 0.999916017 0.003127398 -4.195692539 -0.020293316 -0.003382180 0.999788344 276.406860352
0.999677062 0.014500693 0.020869523 0.255228311 -0.014551325 0.999891460 0.002276239 -4.233484745 -0.020834254 -0.002579182 0.999779642 277.936492920
0.999670923 0.013605356 0.021746127 0.279953420 -0.013647476 0.999905229 0.001789772 -4.253960133 -0.021719718 -0.002085963 0.999761999 279.490722656
0.999659359 0.013182756 0.022524796 0.328737855 -0.013238668 0.999909639 0.002335067 -4.283938885 -0.022491980 -0.002632471 0.999743521 281.060455322
0.999660075 0.012236536 0.023021434 0.360311449 -0.012315549 0.999918699 0.003293550 -4.304772854 -0.022979265 -0.003575952 0.999729574 282.646972656
0.999663115 0.011289554 0.023369089 0.386692345 -0.011377877 0.999928534 0.003650056 -4.328656197 -0.023326216 -0.003914717 0.999720216 284.210144043
0.999675035 0.011171464 0.022913402 0.427355021 -0.011201340 0.999936581 0.001175840 -4.353055477 -0.022898812 -0.001432119 0.999736786 285.786407471
0.999703050 0.009624048 0.022386368 0.464315653 -0.009601482 0.999953330 -0.001115313 -4.375472069 -0.022396054 0.000900039 0.999748766 287.356384277
0.999713480 0.009583469 0.021934353 0.493601263 -0.009563468 0.999953747 -0.001016632 -4.402599335 -0.021943079 0.000806572 0.999758840 288.926605225
0.999739289 0.008497162 0.021191772 0.522217810 -0.008476252 0.999963522 -0.001076372 -4.426996708 -0.021200147 0.000896464 0.999774873 290.481536865
0.999766231 0.008519390 0.019872231 0.549654245 -0.008487805 0.999962509 -0.001673135 -4.451978207 -0.019885743 0.001504072 0.999801040 292.036560059
0.999771714 0.008665697 0.019527083 0.568167567 -0.008631970 0.999961078 -0.001810878 -4.479903221 -0.019542014 0.001641908 0.999807715 293.607086182
0.999785900 0.008767309 0.018741636 0.597140372 -0.008742326 0.999960780 -0.001414631 -4.506038189 -0.018753303 0.001250483 0.999823272 295.177581787
0.999804974 0.008462488 0.017839599 0.612893641 -0.008442319 0.999963641 -0.001205528 -4.534804821 -0.017849151 0.001054685 0.999840081 296.737487793
0.999826968 0.008086358 0.016747985 0.632837057 -0.008091118 0.999967217 0.000216624 -4.562710762 -0.016745685 -0.000352096 0.999859631 298.312652588
0.999823987 0.009577085 0.016133694 0.647548974 -0.009601821 0.999952853 0.001456424 -4.583427429 -0.016118981 -0.001611080 0.999868810 299.899658203
0.999804497 0.009885931 0.017120246 0.659658611 -0.009912141 0.999949813 0.001446704 -4.602512836 -0.017105088 -0.001616119 0.999852359 301.492462158
0.999789417 0.010292822 0.017753072 0.685579181 -0.010316074 0.999946058 0.001218715 -4.623445511 -0.017739568 -0.001401600 0.999841630 303.104156494
0.999793112 0.008991250 0.018244646 0.699926972 -0.009010477 0.999958932 0.000972051 -4.643760204 -0.018235158 -0.001136242 0.999833107 304.685516357
0.999803364 0.007296443 0.018435100 0.727669537 -0.007301466 0.999973297 0.000205137 -4.674817085 -0.018433115 -0.000339700 0.999830067 306.275360107
0.999808490 0.005729567 0.018712724 0.756713510 -0.005695797 0.999982059 -0.001857501 -4.697426796 -0.018723030 0.001750561 0.999823153 307.869415283
0.999811172 0.005453753 0.018652596 0.777434230 -0.005403255 0.999981582 -0.002756631 -4.726328850 -0.018667286 0.002655326 0.999822199 309.471496582
0.999847770 0.006270222 0.016280685 0.795900702 -0.006208258 0.999973297 -0.003853684 -4.752923965 -0.016304413 0.003752023 0.999859989 311.079803467
0.999870420 0.007313302 0.014347306 0.813257039 -0.007266936 0.999968231 -0.003281218 -4.777309895 -0.014370847 0.003176532 0.999891639 312.698150635
0.999864995 0.008228499 0.014224446 0.823721588 -0.008227655 0.999966204 -0.000117796 -4.803543568 -0.014224935 0.000000747 0.999898791 314.329345703
0.999869704 0.006879468 0.014603027 0.854426742 -0.006924646 0.999971509 0.003045549 -4.829619408 -0.014581655 -0.003146274 0.999888718 315.969879150
0.999882579 0.005876394 0.014154457 0.878577292 -0.005928668 0.999975860 0.003653985 -4.848297119 -0.014132641 -0.003737473 0.999893129 317.599975586
0.999875963 0.005146402 0.014884695 0.888009012 -0.005180187 0.999984026 0.002232041 -4.863980770 -0.014872974 -0.002308870 0.999886751 319.214569092
0.999873042 0.003846142 0.015458333 0.897531748 -0.003884668 0.999989331 0.002462988 -4.885325909 -0.015448697 -0.002522726 0.999877572 320.825500488
0.999865532 0.003696062 0.015977042 0.896514237 -0.003741072 0.999989092 0.002788199 -4.905987263 -0.015966563 -0.002847596 0.999868453 322.428802490
0.999859393 0.003612034 0.016373878 0.919081926 -0.003656383 0.999989688 0.002679440 -4.927418709 -0.016364032 -0.002738932 0.999862373 324.053375244
0.999851882 0.004781397 0.016533999 0.938416660 -0.004809564 0.999987066 0.001664260 -4.948971748 -0.016525829 -0.001743535 0.999862015 325.669860840
0.999835789 0.006012599 0.017101012 0.963298380 -0.006029687 0.999981463 0.000947921 -4.978559971 -0.017094996 -0.001050879 0.999853253 327.299591064
0.999835849 0.004570714 0.017531618 0.989412069 -0.004630337 0.999983668 0.003361853 -5.007971287 -0.017515967 -0.003442478 0.999840617 328.938415527
0.999835908 0.003306999 0.017808422 1.003444910 -0.003381883 0.999985516 0.004176551 -5.032956600 -0.017794354 -0.004236091 0.999832690 330.545166016
0.999842763 0.002135117 0.017604116 1.030519485 -0.002186704 0.999993324 0.002911661 -5.054092407 -0.017597778 -0.002949698 0.999840796 332.184722900
0.999841332 0.003052937 0.017552657 1.056684375 -0.003105119 0.999990821 0.002946409 -5.075829029 -0.017543498 -0.003000444 0.999841630 333.822906494
0.999833286 0.005282087 0.017477401 1.060336947 -0.005301744 0.999985337 0.001078535 -5.109053135 -0.017471453 -0.001171015 0.999846697 335.420471191
0.999841571 0.006848095 0.016429750 1.081275702 -0.006821190 0.999975324 -0.001693062 -5.135558605 -0.016440941 0.001580723 0.999863565 337.036163330
0.999841213 0.007983663 0.015940666 1.099878669 -0.007965923 0.999967575 -0.001176063 -5.171827793 -0.015949540 0.001048894 0.999872267 338.635528564
0.999846518 0.009292837 0.014854806 1.108973265 -0.009329134 0.999953628 0.002376042 -5.198670864 -0.014832038 -0.002514259 0.999886930 340.218383789
0.999860525 0.009659505 0.013621160 1.129204631 -0.009732302 0.999938786 0.005288513 -5.226490021 -0.013569239 -0.005420341 0.999893248 341.830688477
0.999869287 0.010365283 0.012407405 1.140641928 -0.010414977 0.999937892 0.003947325 -5.246269703 -0.012365721 -0.004076032 0.999915183 343.431213379
0.999896169 0.009839015 0.010538344 1.151306987 -0.009864275 0.999948621 0.002347545 -5.267221451 -0.010514705 -0.002451255 0.999941647 345.021514893
0.999924839 0.008657566 0.008698089 1.162364006 -0.008690009 0.999955416 0.003698911 -5.293216705 -0.008665678 -0.003774218 0.999955356 346.609313965
0.999944687 0.007197705 0.007678360 1.170550942 -0.007231428 0.999964356 0.004373119 -5.319156170 -0.007646609 -0.004428403 0.999961019 348.202545166
0.999944866 0.007268261 0.007569650 1.160242677 -0.007293720 0.999967813 0.003341041 -5.334581375 -0.007545123 -0.003396068 0.999965787 349.796844482
0.999954522 0.006189355 0.007256134 1.165652156 -0.006206759 0.999977827 0.002378606 -5.356920242 -0.007241252 -0.002423535 0.999970853 351.389526367
0.999953210 0.006419715 0.007234925 1.170031190 -0.006435186 0.999977052 0.002117129 -5.378035545 -0.007221168 -0.002163589 0.999971569 352.988952637
0.999958634 0.005676428 0.007104710 1.174393654 -0.005690856 0.999981701 0.002012298 -5.402338505 -0.007093158 -0.002052646 0.999972701 354.580841064
0.999962747 0.005302618 0.006810768 1.182373285 -0.005311818 0.999984980 0.001333398 -5.425876141 -0.006803595 -0.001369526 0.999975920 356.178009033
0.999962747 0.005263548 0.006844873 1.187554359 -0.005269428 0.999985695 0.000841302 -5.456864834 -0.006840347 -0.000877339 0.999976218 357.791290283
0.999967098 0.004571786 0.006705281 1.194468975 -0.004579715 0.999988854 0.001167812 -5.483002663 -0.006699867 -0.001198482 0.999976814 359.375976562
0.999967873 0.004619278 0.006551030 1.201744795 -0.004621610 0.999989212 0.000340649 -5.508432865 -0.006549386 -0.000370915 0.999978483 360.970275879
0.999975145 0.002982749 0.006388273 1.208380699 -0.002975870 0.999994993 -0.001086042 -5.534647942 -0.006391478 0.001067005 0.999978960 362.562377930
0.999978423 0.001485891 0.006398068 1.211971402 -0.001491156 0.999998569 0.000818230 -5.561196327 -0.006396844 -0.000827752 0.999979138 364.174072266
0.999981821 -0.000556637 0.006008822 1.228234410 0.000545532 0.999998212 0.001849547 -5.589258671 -0.006009841 -0.001846235 0.999980271 365.770111084
0.999977171 -0.000273291 0.006755441 1.215392113 0.000270934 0.999999881 0.000349740 -5.606491089 -0.006755536 -0.000347901 0.999977112 367.369995117
0.999971747 0.000988189 0.007455107 1.209889054 -0.000984075 0.999999344 -0.000555481 -5.623655796 -0.007455652 0.000548129 0.999972045 368.990783691
0.999969244 0.001898300 0.007613537 1.213022709 -0.001903401 0.999997973 0.000662774 -5.662128925 -0.007612264 -0.000677245 0.999970794 370.585998535
0.999963343 0.003696204 0.007735531 1.219667912 -0.003706375 0.999992251 0.001300878 -5.680269718 -0.007730665 -0.001329500 0.999969244 372.191467285
0.999959171 0.003379549 0.008381607 1.225988746 -0.003391233 0.999993324 0.001380151 -5.712954521 -0.008376887 -0.001408518 0.999963939 373.808593750
0.999953926 0.003779055 0.008835741 1.218365073 -0.003782149 0.999992847 0.000333460 -5.731479645 -0.008834420 -0.000366863 0.999960899 375.398956299
0.999952972 0.004072206 0.008804549 1.232758999 -0.004075815 0.999991596 0.000391956 -5.762253761 -0.008802880 -0.000427823 0.999961138 377.010375977
0.999950767 0.003978876 0.009089481 1.248522401 -0.003983017 0.999991953 0.000437468 -5.789998531 -0.009087668 -0.000473650 0.999958634 378.642547607
0.999935269 0.006137013 0.009573391 1.242891192 -0.006142333 0.999980986 0.000526448 -5.815070629 -0.009569977 -0.000585217 0.999954045 380.287841797
0.999919593 0.007818691 0.009978242 1.251173496 -0.007830755 0.999968648 0.001170565 -5.840306759 -0.009968777 -0.001248608 0.999949515 381.893981934
0.999903083 0.008990840 0.010627232 1.249756098 -0.008995001 0.999959469 0.000343766 -5.862158298 -0.010623710 -0.000439325 0.999943435 383.519134521
0.999883950 0.010378031 0.011152890 1.253392458 -0.010374309 0.999946058 -0.000391623 -5.886264801 -0.011156352 0.000275875 0.999937773 385.124938965
