1.000000000 0.000000000 0.000000000 0.000000000 0.000000000 1.000000000 0.000000000 0.000000000 0.000000000 0.000000000 1.000000000 0.000000000
1.000000000 -0.000047686 0.000111015 -0.014530648 0.000047526 0.999998987 0.001441349 -0.012576470 -0.000111084 -0.001441344 0.999998927 1.315653324
0.999998510 -0.001576708 -0.000702608 -0.009129409 0.001577924 0.999997258 0.001733404 -0.038313311 0.000699873 -0.001734510 0.999998271 2.618747234
0.999996006 -0.002771100 -0.000762375 -0.012906796 0.002771607 0.999995947 0.000663594 -0.053428430 0.000760533 -0.000665704 0.999999404 3.930825949
0.999995232 -0.003022302 -0.000638030 -0.023353742 0.003022752 0.999995232 0.000705443 -0.070731066 0.000635895 -0.000707368 0.999999523 5.259462357
0.999993026 -0.003669985 -0.000732762 -0.022792170 0.003671238 0.999991715 0.001715877 -0.097246125 0.000726459 -0.001718555 0.999998212 6.572906494
0.999986768 -0.005132967 -0.000417124 -0.030700175 0.005134055 0.999983311 0.002651416 -0.110044427 0.000403507 -0.002653522 0.999996364 7.898045540
0.999988854 -0.004699021 -0.000489770 -0.037900735 0.004700643 0.999983311 0.003363680 -0.132463902 0.000473955 -0.003365944 0.999994218 9.234055519
0.999993563 -0.003527435 -0.000615756 -0.049515352 0.003528267 0.999992788 0.001353571 -0.147572950 0.000610976 -0.001355734 0.999998808 10.579583168
0.999998569 -0.001376675 -0.001010338 -0.050935246 0.001376169 0.999998987 -0.000501984 -0.171092391 0.001011028 0.000500593 0.999999344 11.932948112
0.999997139 0.002293832 -0.000663956 -0.071073785 -0.002294741 0.999996424 -0.001371669 -0.199058682 0.000660807 0.001373189 0.999998868 13.244378090
0.999988914 0.004639266 -0.000809518 -0.082243532 -0.004640428 0.999988139 -0.001439704 -0.222321063 0.000802830 0.001443445 0.999998689 14.585909843
0.999983013 0.005814314 -0.000425795 -0.095601298 -0.005814536 0.999982953 -0.000523503 -0.244434595 0.000422744 0.000525970 0.999999702 15.933296204
0.999994397 0.003342323 -0.000155617 -0.099122696 -0.003341947 0.999991596 0.002356351 -0.265034318 0.000163492 -0.002355818 0.999997139 17.287347794
0.999999583 -0.000914499 -0.000202843 -0.093123600 0.000915333 0.999990940 0.004149446 -0.287776947 0.000199046 -0.004149631 0.999991357 18.658237457
0.999993920 -0.003485222 -0.000172998 -0.102647483 0.003485533 0.999992251 0.001833168 -0.303921729 0.000166607 -0.001833760 0.999998331 19.984840393
0.999990821 -0.004293748 -0.000105892 -0.115075432 0.004293744 0.999990821 -0.000047872 -0.321358055 0.000106097 0.000047417 1.000000119 21.329959869
0.999997735 -0.001572180 0.001468888 -0.141049474 0.001574770 0.999997199 -0.001763792 -0.341123402 -0.001466111 0.001766101 0.999997377 22.674535751
0.999998093 0.001280570 0.001468898 -0.131604776 -0.001280942 0.999999166 0.000252318 -0.367813766 -0.001468574 -0.000254199 0.999998868 24.042303085
0.999996245 0.001807074 0.002089015 -0.137442380 -0.001815257 0.999990702 0.003921862 -0.386968255 -0.002081908 -0.003925639 0.999990106 25.422319412
0.999995947 -0.000590994 0.002809267 -0.142411500 0.000574577 0.999982715 0.005840836 -0.401575923 -0.002812671 -0.005839198 0.999979019 26.790006638
0.999982297 -0.005668759 0.001876884 -0.127142891 0.005660926 0.999975383 0.004152607 -0.424010158 -0.001900378 -0.004141908 0.999989629 28.178422928
0.999982476 -0.005512056 0.002137902 -0.133130014 0.005508197 0.999983191 0.001806357 -0.436542630 -0.002147823 -0.001794548 0.999996126 29.552930832
0.999977231 -0.006124104 0.002811358 -0.139595956 0.006126166 0.999980986 -0.000725021 -0.459932864 -0.002806865 0.000742227 0.999995768 30.915056229
0.999990225 -0.002704182 0.003499360 -0.150426328 0.002708639 0.999995470 -0.001269387 -0.483754098 -0.003495913 0.001278853 0.999993026 32.294631958
0.999991357 -0.002073977 0.003610460 -0.145761579 0.002086780 0.999991536 -0.003545890 -0.508634984 -0.003603076 0.003553394 0.999987125 33.674293518
0.999992669 -0.001307556 0.003585431 -0.141284153 0.001318134 0.999994755 -0.002949364 -0.531426013 -0.003581556 0.002954069 0.999989212 35.071868896
0.999993265 -0.000814493 0.003573547 -0.151798874 0.000820992 0.999998033 -0.001817592 -0.557681143 -0.003572060 0.001820513 0.999991953 36.452995300
0.999994755 0.000394252 0.003215718 -0.158108816 -0.000394657 1.000000000 0.000125365 -0.584339976 -0.003215668 -0.000126634 0.999994874 37.853370667
0.999989212 0.003173783 0.003371165 -0.166506454 -0.003175020 0.999994874 0.000361695 -0.611756146 -0.003370001 -0.000372395 0.999994278 39.249061584
0.999975085 0.005864529 0.003927726 -0.180856720 -0.005864267 0.999982774 -0.000078145 -0.632160664 -0.003928117 0.000055110 0.999992311 40.637783051
0.999960959 0.007933803 0.003868410 -0.183609843 -0.007935197 0.999968469 0.000345463 -0.654111743 -0.003865547 -0.000376146 0.999992371 42.051391602
0.999958158 0.008473379 0.003415393 -0.183879122 -0.008474711 0.999963939 0.000375717 -0.677021921 -0.003412087 -0.000404646 0.999994040 43.449108124
0.999964952 0.007779682 0.003090617 -0.189522877 -0.007780347 0.999969721 0.000203972 -0.700436056 -0.003088936 -0.000228011 0.999995232 44.866912842
0.999973536 0.006828879 0.002481396 -0.191236138 -0.006828161 0.999976695 -0.000297455 -0.719838262 -0.002483369 0.000280504 0.999996901 46.266643524
0.999981523 0.005939257 0.001283380 -0.191881284 -0.005939291 0.999982357 0.000023025 -0.745381713 -0.001283221 -0.000030647 0.999999166 47.682327271
0.999980748 0.006184938 0.000273524 -0.197313368 -0.006185263 0.999980092 0.001203778 -0.766912222 -0.000266073 -0.001205447 0.999999225 49.107109070
0.999978006 0.006576648 -0.000839742 -0.206512928 -0.006575779 0.999977827 0.001033118 -0.790807247 0.000846518 -0.001027574 0.999999106 50.521354675
0.999975085 0.006726270 -0.002147118 -0.218590289 -0.006722855 0.999976099 0.001593171 -0.811620533 0.002157783 -0.001578696 0.999996424 51.933414459
0.999972761 0.006739834 -0.003013495 -0.234803349 -0.006732395 0.999974251 0.002471877 -0.835033476 0.003030077 -0.002451522 0.999992430 53.349716187
0.999979258 0.005523441 -0.003319883 -0.250241041 -0.005511683 0.999978602 0.003540179 -0.855299592 0.003339365 -0.003521807 0.999988198 54.788665771
0.999985635 0.003360206 -0.004203114 -0.258748233 -0.003345157 0.999987900 0.003582619 -0.873033762 0.004215103 -0.003568506 0.999984741 56.200458527
0.999987483 0.000991467 -0.004904407 -0.269338340 -0.000975214 0.999993980 0.003315510 -0.894180417 0.004907664 -0.003310686 0.999982536 57.620090485
0.999988616 -0.000514988 -0.004748674 -0.284067780 0.000531834 0.999993563 0.003546958 -0.918621659 0.004746816 -0.003549443 0.999982417 59.024604797
0.999990106 -0.001618753 -0.004139227 -0.296547562 0.001635853 0.999990106 0.004131379 -0.935264349 0.004132498 -0.004138110 0.999982893 60.450817108
0.999988794 -0.002774849 -0.003819952 -0.307923704 0.002793535 0.999984086 0.004895105 -0.957200527 0.003806308 -0.004905721 0.999980688 61.867179871
0.999986529 -0.004284397 -0.002927969 -0.330447972 0.004298794 0.999978662 0.004928563 -0.983717084 0.002906790 -0.004941083 0.999983549 63.267520905
0.999977052 -0.006225661 -0.002677656 -0.330055565 0.006236280 0.999972582 0.003975691 -1.004646659 0.002652833 -0.003992298 0.999988496 64.653289795
0.999976277 -0.006421453 -0.002492042 -0.325864226 0.006430522 0.999972641 0.003648178 -1.023303509 0.002468548 -0.003664116 0.999990225 66.069061279
0.999988735 -0.004497520 -0.001508901 -0.342723727 0.004502747 0.999983788 0.003478569 -1.042692780 0.001493232 -0.003485325 0.999992728 67.473480225
0.999998629 -0.001420922 -0.000830606 -0.361157387 0.001425003 0.999986768 0.004934568 -1.064798355 0.000823584 -0.004935746 0.999987423 68.859786987
0.999998152 0.001934682 -0.000080259 -0.366304398 -0.001934148 0.999978900 0.006195312 -1.086416841 0.000092243 -0.006195145 0.999980807 70.284492493
0.999981523 0.006029582 0.000828155 -0.381405413 -0.006034972 0.999959528 0.006668147 -1.102266312 -0.000787916 -0.006673021 0.999977469 71.682212830
0.999940753 0.010793929 0.001400179 -0.402002215 -0.010802552 0.999921739 0.006304012 -1.120578289 -0.001332024 -0.006318764 0.999979079 73.093368530
0.999905467 0.013584315 0.002150018 -0.419720709 -0.013596265 0.999891639 0.005643922 -1.134932995 -0.002073116 -0.005672620 0.999981701 74.482643127
0.999886870 0.014826285 0.002527292 -0.414192080 -0.014840456 0.999873698 0.005685515 -1.156619787 -0.002442677 -0.005722378 0.999980628 75.867202759
0.999891758 0.014486248 0.002569497 -0.415325284 -0.014501535 0.999876618 0.006033782 -1.168587327 -0.002481773 -0.006070392 0.999978483 77.286666870
0.999888420 0.014571876 0.003266566 -0.434307814 -0.014590084 0.999877751 0.005620705 -1.197754502 -0.003184263 -0.005667736 0.999978840 78.640396118
0.999907911 0.013200012 0.003154044 -0.439895064 -0.013214893 0.999901414 0.004744482 -1.215081573 -0.003091105 -0.004785725 0.999983788 80.021171570
0.999916494 0.012643610 0.002726298 -0.442232072 -0.012656547 0.999908388 0.004781094 -1.233842969 -0.002665598 -0.004815200 0.999984860 81.393058777
0.999918282 0.012545133 0.002449049 -0.445151269 -0.012556924 0.999909341 0.004860465 -1.250287414 -0.002387851 -0.004890821 0.999985218 82.777671814
0.999931455 0.011601338 0.001533574 -0.439138174 -0.011607955 0.999923050 0.004377765 -1.267692208 -0.001482668 -0.004395267 0.999989271 84.151573181
0.999928534 0.011906398 0.001022577 -0.455276817 -0.011911199 0.999917448 0.004824230 -1.282598734 -0.000965054 -0.004836067 0.999987841 85.515411377
0.999933958 0.011490486 -0.000096874 -0.454583973 -0.011489790 0.999919176 0.005443921 -1.301252246 0.000159419 -0.005442448 0.999985158 86.892547607
0.999955893 0.009319913 -0.001154645 -0.459881127 -0.009311660 0.999932408 0.006956700 -1.337710381 0.001219402 -0.006945641 0.999975145 88.267784119
0.999973893 0.006802536 -0.002463632 -0.475657284 -0.006783600 0.999947965 0.007614530 -1.351176023 0.002515302 -0.007597618 0.999967992 89.636611938
0.999985039 0.004534342 -0.003057258 -0.488797188 -0.004510935 0.999960721 0.007620281 -1.370660186 0.003091692 -0.007606375 0.999966264 91.002502441
0.999987185 0.003569875 -0.003582751 -0.496842623 -0.003545105 0.999969900 0.006896668 -1.383959055 0.003607264 -0.006883879 0.999969780 92.379325867
0.999990046 0.002635639 -0.003606029 -0.508958220 -0.002611555 0.999974370 0.006667396 -1.402634382 0.003623510 -0.006657911 0.999971271 93.707580566
0.999988019 0.002799951 -0.004019279 -0.516465843 -0.002776197 0.999978781 0.005903430 -1.414772034 0.004035722 -0.005892201 0.999974430 95.080871582
0.999989390 0.002694840 -0.003743064 -0.534497619 -0.002675507 0.999983132 0.005160800 -1.431585073 0.003756908 -0.005150730 0.999979675 96.445091248
0.999986947 0.003495100 -0.003741052 -0.548498034 -0.003477914 0.999983430 0.004590731 -1.451958060 0.003757035 -0.004577660 0.999982476 97.784103394
0.999981761 0.004908662 -0.003519043 -0.557442784 -0.004892148 0.999977052 0.004685877 -1.468287468 0.003541962 -0.004668577 0.999982774 99.121322632
0.999980628 0.005267539 -0.003326684 -0.572229385 -0.005246431 0.999966264 0.006321884 -1.484875083 0.003359872 -0.006304308 0.999974430 100.454803467
0.999972403 0.006718563 -0.003168274 -0.586413383 -0.006694607 0.999949396 0.007512497 -1.502782822 0.003218587 -0.007491079 0.999966741 101.805198669
0.999976397 0.006153360 -0.003068422 -0.599655151 -0.006135071 0.999963641 0.005934710 -1.514028549 0.003104829 -0.005915745 0.999977648 103.142799377
0.999975681 0.006415680 -0.002741387 -0.615028858 -0.006405449 0.999972522 0.003724454 -1.537051439 0.002765207 -0.003706803 0.999989331 104.439628601
0.999980152 0.005333584 -0.003364087 -0.616879940 -0.005325409 0.999982893 0.002434653 -1.551179409 0.003377015 -0.002416689 0.999991357 105.796936035
0.999991357 0.002949473 -0.002907981 -0.631857514 -0.002937883 0.999987900 0.003981677 -1.577752829 0.002919689 -0.003973100 0.999987841 107.102622986
0.999996960 0.000668946 -0.002383949 -0.641180158 -0.000655191 0.999983251 0.005766029 -1.591343403 0.002387766 -0.005764449 0.999980509 108.443183899
0.999998689 -0.000715809 -0.001458727 -0.646907747 0.000725142 0.999979317 0.006407076 -1.610047102 0.001454111 -0.006408126 0.999978364 109.768753052
0.999998212 -0.001624191 -0.001012370 -0.650034726 0.001629333 0.999985695 0.005098658 -1.626410723 0.001004074 -0.005100298 0.999986529 111.090095520
0.999999940 0.000392844 -0.000018453 -0.664148211 -0.000392791 0.999996006 0.002795806 -1.646985173 0.000019551 -0.002795798 0.999996066 112.424499512
0.999995410 0.002634647 0.001484356 -0.673582315 -0.002635536 0.999996305 0.000597168 -1.663915396 -0.001482778 -0.000601078 0.999998748 113.771118164
0.999978423 0.005998987 0.002665969 -0.683736920 -0.006000791 0.999981701 0.000669358 -1.685881495 -0.002661905 -0.000685341 0.999996245 115.081268311
0.999962628 0.007535048 0.004236851 -0.692452729 -0.007544850 0.999968886 0.002302419 -1.702070236 -0.004219370 -0.002334299 0.999988377 116.422538757
0.999957740 0.007384586 0.005478163 -0.695833504 -0.007410628 0.999961257 0.004748968 -1.727177262 -0.005442882 -0.004789364 0.999973655 117.743324280
0.999956727 0.006787010 0.006369980 -0.696069896 -0.006819904 0.999963462 0.005156485 -1.741732359 -0.006334751 -0.005199705 0.999966443 119.081489563
0.999947190 0.007422369 0.007111219 -0.689233959 -0.007455194 0.999961615 0.004600314 -1.754974604 -0.007076802 -0.004653085 0.999964118 120.423515320
0.999924541 0.008932483 0.008431386 -0.684076428 -0.008966994 0.999951601 0.004064300 -1.770593643 -0.008394673 -0.004139598 0.999956191 121.764396667
0.999886453 0.011495538 0.009741094 -0.691563487 -0.011531536 0.999926865 0.003647368 -1.788424969 -0.009698451 -0.003759283 0.999945879 123.097465515
0.999871790 0.012000962 0.010602099 -0.684383750 -0.012026655 0.999924958 0.002363002 -1.801619649 -0.010572942 -0.002490207 0.999940991 124.445228577
0.999841094 0.013368937 0.011786161 -0.681853175 -0.013393210 0.999908328 0.001982630 -1.830540895 -0.011758575 -0.002140170 0.999928594 125.770423889
0.999841630 0.012343738 0.012809783 -0.672989488 -0.012367663 0.999921918 0.001790051 -1.847017765 -0.012786688 -0.001948195 0.999916375 127.118911743
0.999842107 0.011487870 0.013550909 -0.659840107 -0.011530589 0.999928772 0.003078836 -1.870582342 -0.013514575 -0.003234599 0.999903381 128.461868286
0.999844432 0.010249361 0.014352996 -0.649107099 -0.010304965 0.999939680 0.003805447 -1.889695048 -0.014313127 -0.003952762 0.999889672 129.777969360
0.999840915 0.009558642 0.015056612 -0.646711111 -0.009624145 0.999944508 0.004284077 -1.909361124 -0.015014824 -0.004428302 0.999877393 131.158569336
0.999861419 0.007405129 0.014911798 -0.625898123 -0.007464583 0.999964416 0.003935404 -1.916926384 -0.014882127 -0.004046168 0.999881029 132.519973755
0.999872565 0.005879172 0.014838742 -0.618361354 -0.005952057 0.999970376 0.004872477 -1.941770077 -0.014809658 -0.004960178 0.999878049 133.867797852
0.999886572 0.004493694 0.014376015 -0.608638763 -0.004562006 0.999978483 0.004722557 -1.960591793 -0.014354486 -0.004787606 0.999885499 135.209304810
0.999906182 0.003263327 0.013304837 -0.598098397 -0.003323457 0.999984384 0.004499829 -1.974744916 -0.013289944 -0.004543626 0.999901354 136.548171997
0.999926448 0.001330833 0.012049441 -0.584571600 -0.001397156 0.999983847 0.005497488 -1.993848324 -0.012041930 -0.005513918 0.999912262 137.912261963
0.999934375 -0.000169889 0.011448279 -0.575312018 0.000102796 0.999982715 0.005860901 -2.011170864 -0.011449078 -0.005859340 0.999917269 139.254196167
0.999954700 -0.000318637 0.009510549 -0.564373612 0.000266501 0.999984860 0.005482581 -2.026005030 -0.009512153 -0.005479798 0.999939740 140.608779907
0.999962032 -0.001007553 0.008651794 -0.562487721 0.000963320 0.999986410 0.005115282 -2.045804262 -0.008656831 -0.005106754 0.999949515 141.947967529
0.999971032 -0.000619725 0.007583532 -0.559205055 0.000582272 0.999987602 0.004939918 -2.066694975 -0.007586500 -0.004935360 0.999959052 143.288085938
0.999973178 -0.003229418 0.006566160 -0.557130039 0.003213348 0.999991775 0.002456493 -2.082668304 -0.006574039 -0.002435328 0.999975443 144.621002197
0.999945700 -0.008793929 0.005579487 -0.542058706 0.008783011 0.999959469 0.001978070 -2.100878477 -0.005596657 -0.001928958 0.999982476 145.996353149
0.999863267 -0.015703894 0.005154416 -0.542947710 0.015681079 0.999867201 0.004437155 -2.117280483 -0.005223412 -0.004355722 0.999976873 147.339981079
0.999731123 -0.022974230 0.003149069 -0.529096246 0.022955745 0.999719679 0.005785769 -2.137182713 -0.003281110 -0.005711922 0.999978304 148.702697754
0.999643683 -0.026612248 0.002100194 -0.514169633 0.026607234 0.999643087 0.002380528 -2.151600838 -0.002162796 -0.002323799 0.999994993 150.059463501
0.999668419 -0.025601856 0.002725262 -0.522577763 0.025603527 0.999671996 -0.000579383 -2.181416750 -0.002709535 0.000648967 0.999996066 151.396621704
0.999753892 -0.021911196 0.003458451 -0.530522883 0.021920308 0.999756217 -0.002619471 -2.207310677 -0.003400213 0.002694637 0.999990582 152.723419189
0.999735534 -0.022611123 0.004182874 -0.526724696 0.022621958 0.999740779 -0.002560297 -2.233933687 -0.004123898 0.002654244 0.999987900 154.092529297
0.999656856 -0.025731111 0.004900762 -0.529361725 0.025727468 0.999668717 0.000805573 -2.257807732 -0.004919867 -0.000679212 0.999987602 155.436477661
0.999496222 -0.031288967 0.005321749 -0.512677491 0.031268753 0.999503553 0.003840744 -2.282095432 -0.005439281 -0.003672404 0.999978483 156.803527832
0.999375820 -0.034946915 0.005177121 -0.505232632 0.034919538 0.999376178 0.005285284 -2.298959732 -0.005358596 -0.005101203 0.999972701 158.141586304
0.999323606 -0.036352694 0.005548076 -0.500933349 0.036325492 0.999327779 0.004926877 -2.315384626 -0.005723452 -0.004722008 0.999972463 159.503143311
0.999376714 -0.034712110 0.006435768 -0.503653884 0.034674875 0.999381721 0.005809086 -2.333018303 -0.006633434 -0.005582304 0.999962389 160.841125488
0.999495387 -0.030952156 0.007128844 -0.482216716 0.030917404 0.999509692 0.004933595 -2.351523638 -0.007278055 -0.004710701 0.999962389 162.223342896
0.999599218 -0.026844217 0.008985355 -0.511803031 0.026820093 0.999636292 0.002794737 -2.368543863 -0.009057111 -0.002552628 0.999955714 163.538146973
0.999666452 -0.023869345 0.009858910 -0.507879257 0.023849541 0.999713302 0.002121044 -2.384212255 -0.009906712 -0.001885206 0.999949157 164.888946533
0.999711573 -0.021697052 0.010296210 -0.506718040 0.021664219 0.999759912 0.003289410 -2.406991959 -0.010365106 -0.003065401 0.999941587 166.247085571
0.999751151 -0.020168426 0.009527954 -0.488415599 0.020138929 0.999792099 0.003181719 -2.432581425 -0.009590143 -0.002989044 0.999949574 167.617355347
0.999799669 -0.017629797 0.009473838 -0.486401558 0.017627364 0.999844551 0.000340133 -2.445054054 -0.009478365 -0.000173066 0.999954998 168.983978271
0.999863505 -0.013804945 0.009073369 -0.485867023 0.013828366 0.999901116 -0.002523514 -2.466016769 -0.009037636 0.002648640 0.999955654 170.337493896
0.999926090 -0.008350043 0.008838123 -0.483626127 0.008383543 0.999957800 -0.003760188 -2.494136572 -0.008806352 0.003834006 0.999953866 171.727905273
0.999951243 -0.003800881 0.009112520 -0.486814857 0.003825070 0.999989212 -0.002638493 -2.518473625 -0.009102393 0.002673220 0.999954998 173.096008301
0.999953151 -0.000675300 0.009653559 -0.488888621 0.000682725 0.999999404 -0.000765870 -2.544578075 -0.009653036 0.000772425 0.999953032 174.457550049
0.999953091 0.000525407 0.009664279 -0.484335661 -0.000538928 0.999998987 0.001396465 -2.566457748 -0.009663535 -0.001401608 0.999952316 175.837020874
0.999958456 -0.002675370 0.008707775 -0.476118803 0.002656521 0.999994099 0.002175611 -2.585064411 -0.008713543 -0.002152388 0.999959767 177.216140747
0.999963105 -0.004838948 0.007099863 -0.462528467 0.004822852 0.999985754 0.002282555 -2.604144096 -0.007110807 -0.002248229 0.999972165 178.610702515
0.999971449 -0.005160873 0.005522677 -0.465607584 0.005171026 0.999984980 -0.001825665 -2.627126694 -0.005513173 0.001854171 0.999983072 180.011215210
0.999987543 -0.003507333 0.003530084 -0.456040263 0.003528806 0.999975204 -0.006095075 -2.654744148 -0.003508619 0.006107456 0.999975204 181.407348633
0.999994755 0.001389398 0.002903522 -0.467553854 -0.001370015 0.999976754 -0.006666845 -2.683369160 -0.002912718 0.006662832 0.999973536 182.808151245
0.999983728 0.004946901 0.002821185 -0.476161540 -0.004930177 0.999970376 -0.005904210 -2.711690903 -0.002850309 0.005890206 0.999978602 184.202972412
0.999969959 0.007053935 0.003191857 -0.487216532 -0.007046325 0.999972343 -0.002388726 -2.741825581 -0.003208618 0.002366163 0.999992013 185.593872070
0.999964237 0.007672138 0.003599058 -0.492673874 -0.007671372 0.999970555 -0.000227273 -2.766443729 -0.003600697 0.000199655 0.999993503 186.987854004
0.999968827 0.006931556 0.003802312 -0.494914770 -0.006933996 0.999975741 0.000628609 -2.782138348 -0.003797864 -0.000654954 0.999992609 188.401214600
0.999976814 0.005661772 0.003788030 -0.495256841 -0.005665585 0.999983430 0.000996407 -2.804958344 -0.003782326 -0.001017845 0.999992311 189.817703247
0.999988139 0.002942530 0.003906378 -0.491887748 -0.002949149 0.999994218 0.001689607 -2.829506636 -0.003901385 -0.001701107 0.999990940 191.248748779
0.999991775 0.000582895 0.004016822 -0.491906822 -0.000588901 0.999998748 0.001494248 -2.845654488 -0.004015946 -0.001496601 0.999990821 192.677047729
0.999985099 -0.003132534 0.004469670 -0.488038421 0.003119871 0.999991059 0.002837175 -2.870861053 -0.004478517 -0.002823187 0.999985993 194.094284058
0.999956131 -0.008061681 0.004766867 -0.482782543 0.008038867 0.999956191 0.004785810 -2.897336960 -0.004805240 -0.004747280 0.999977171 195.525085449
0.999931812 -0.010429085 0.005244333 -0.475101590 0.010404829 0.999935091 0.004631358 -2.915663242 -0.005292294 -0.004576475 0.999975443 196.943496704
0.999951482 -0.007946562 0.005821630 -0.478997231 0.007947373 0.999968350 -0.000116071 -2.929305553 -0.005820525 0.000162332 0.999982953 198.381210327
0.999980688 -0.000852472 0.006155370 -0.483349442 0.000883302 0.999987066 -0.005007596 -2.953884125 -0.006151021 0.005012935 0.999968529 199.814437866
0.999934733 0.008481152 0.007653056 -0.496814847 -0.008442124 0.999951184 -0.005118045 -2.982774973 -0.007696090 0.005053103 0.999957621 201.261245728
0.999826849 0.016492322 0.008620123 -0.510975361 -0.016479509 0.999862909 -0.001555491 -3.007367134 -0.008644597 0.001413166 0.999961674 202.689025879
0.999815762 0.016743531 0.009386435 -0.501037955 -0.016753955 0.999859095 0.001032996 -3.037508488 -0.009367818 -0.001190065 0.999955416 204.164855957
0.999847233 0.014925572 0.009098458 -0.499415040 -0.014939307 0.999887347 0.001443463 -3.054916382 -0.009075890 -0.001579168 0.999957561 205.596084595
0.999903083 0.011628505 0.007643287 -0.484738946 -0.011638932 0.999931335 0.001321282 -3.077403069 -0.007627397 -0.001410113 0.999969959 207.050689697
0.999926388 0.009909817 0.006995248 -0.481135607 -0.009915301 0.999950588 0.000749827 -3.098242283 -0.006987472 -0.000819132 0.999975264 208.520202637
0.999928534 0.010294902 0.006058238 -0.469526649 -0.010296988 0.999946952 0.000313211 -3.118917942 -0.006054691 -0.000375570 0.999981582 209.993774414
0.999916792 0.011522975 0.005806453 -0.469097376 -0.011528358 0.999933124 0.000894261 -3.147801399 -0.005795760 -0.000961125 0.999982774 211.447692871
0.999913812 0.011837388 0.005670619 -0.468391657 -0.011845981 0.999928713 0.001484233 -3.172281265 -0.005652645 -0.001551279 0.999982834 212.939376831
0.999915123 0.011758952 0.005607567 -0.473332644 -0.011766050 0.999929965 0.001234256 -3.196218014 -0.005592660 -0.001300131 0.999983549 214.406631470
0.999920845 0.011342801 0.005443342 -0.473588705 -0.011343913 0.999935627 0.000173033 -3.221142769 -0.005441029 -0.000234768 0.999985158 215.876129150
0.999926925 0.010846627 0.005335690 -0.476605654 -0.010845482 0.999941170 -0.000243478 -3.240343332 -0.005338017 0.000185592 0.999985695 217.331542969
0.999928653 0.010948237 0.004774233 -0.474013448 -0.010946969 0.999940038 -0.000291404 -3.267174959 -0.004777138 0.000239119 0.999988496 218.821716309
0.999926269 0.011171486 0.004743608 -0.481229544 -0.011169170 0.999937475 -0.000514221 -3.289984941 -0.004749055 0.000461201 0.999988556 220.298629761
0.999926507 0.011368241 0.004203544 -0.477756560 -0.011364887 0.999934971 -0.000820474 -3.313076735 -0.004212598 0.000772641 0.999990821 221.791595459
0.999921441 0.011881599 0.003972108 -0.483595192 -0.011878157 0.999929070 -0.000888889 -3.342280865 -0.003982388 0.000841637 0.999991655 223.259933472
0.999921322 0.011993735 0.003678858 -0.485901475 -0.011990677 0.999927759 -0.000852403 -3.367844343 -0.003688817 0.000808224 0.999992847 224.738433838
0.999918759 0.012253360 0.003512816 -0.493831992 -0.012249960 0.999924481 -0.000987881 -3.393699169 -0.003524657 0.000944769 0.999993324 226.241424561
0.999927938 0.011533210 0.003344247 -0.496473253 -0.011528729 0.999932647 -0.001355442 -3.411956787 -0.003359655 0.001316790 0.999993503 227.739974976
0.999945402 0.009836231 0.003523622 -0.499300301 -0.009832408 0.999951065 -0.001100558 -3.448694468 -0.003534276 0.001065852 0.999993145 229.241027832
0.999955893 0.008665116 0.003605324 -0.504233241 -0.008661869 0.999962091 -0.000914854 -3.474820614 -0.003613115 0.000883584 0.999993086 230.740402222
0.999964654 0.007270000 0.004214216 -0.505832970 -0.007270282 0.999973595 0.000051981 -3.500616789 -0.004213727 -0.000082618 0.999991119 232.250381470
0.999967277 0.006982916 0.004091043 -0.506664574 -0.006985385 0.999975502 0.000589160 -3.527781963 -0.004086829 -0.000617718 0.999991477 233.753051758
0.999963284 0.007437394 0.004259347 -0.512106776 -0.007437624 0.999972343 0.000038450 -3.557214975 -0.004258943 -0.000070128 0.999990940 235.260498047
0.999957621 0.008099806 0.004360721 -0.509585857 -0.008097924 0.999967098 -0.000448858 -3.583528757 -0.004364213 0.000413526 0.999990404 236.773345947
0.999942780 0.009461313 0.004998456 -0.514956236 -0.009461762 0.999955297 0.000066343 -3.606144667 -0.004997604 -0.000113633 0.999987543 238.277236938
0.999932766 0.009993030 0.005867804 -0.522022486 -0.010005748 0.999947667 0.002142697 -3.630414963 -0.005846085 -0.002201265 0.999980509 239.797866821
0.999929607 0.009850048 0.006607838 -0.523912191 -0.009867399 0.999947965 0.002598664 -3.652504206 -0.006581896 -0.002663683 0.999974847 241.307220459
0.999917388 0.010591070 0.007283137 -0.521560550 -0.010598144 0.999943316 0.000933386 -3.673265219 -0.007272839 -0.001010497 0.999973059 242.816329956
0.999911249 0.010769949 0.007840455 -0.514360666 -0.010765596 0.999941766 -0.000596997 -3.694122553 -0.007846427 0.000512537 0.999969065 244.330718994
0.999911964 0.010617832 0.007958350 -0.511895418 -0.010619977 0.999943554 0.000227090 -3.721771240 -0.007955490 -0.000311588 0.999968290 245.853912354
0.999920070 0.010168546 0.007514026 -0.499599338 -0.010178520 0.999947369 0.001290325 -3.746548653 -0.007500508 -0.001366704 0.999970913 247.389831543
0.999911487 0.010838934 0.007712928 -0.505466342 -0.010850456 0.999939978 0.001453464 -3.767086506 -0.007696711 -0.001537025 0.999969184 248.912796021
0.999917984 0.010707521 0.007023171 -0.495161533 -0.010721879 0.999940515 0.002010004 -3.800821781 -0.007001232 -0.002085141 0.999973297 250.448867798
0.999899268 0.012027487 0.007545349 -0.496235371 -0.012043980 0.999925137 0.002144243 -3.821737766 -0.007518996 -0.002234903 0.999969244 251.988220215
0.999874175 0.013846650 0.007729531 -0.500557780 -0.013862669 0.999901891 0.002022879 -3.844244957 -0.007700763 -0.002129777 0.999968052 253.502487183
0.999867201 0.014075044 0.008212287 -0.503760099 -0.014093701 0.999898255 0.002218442 -3.864943266 -0.008180228 -0.002333889 0.999963760 255.034835815
0.999890208 0.012634016 0.007742012 -0.495285749 -0.012655389 0.999916196 0.002717910 -3.892716408 -0.007707027 -0.002815590 0.999966323 256.585571289
0.999909103 0.011024395 0.007766326 -0.490311384 -0.011051629 0.999932945 0.003472388 -3.913263559 -0.007727524 -0.003557903 0.999963820 258.110565186
0.999935508 0.008595709 0.007416193 -0.482449293 -0.008623817 0.999955714 0.003766532 -3.925130367 -0.007383490 -0.003830245 0.999965489 259.638641357
0.999939859 0.007109125 0.008342559 -0.497585773 -0.007135444 0.999969602 0.003129344 -3.942902088 -0.008320059 -0.003188684 0.999960303 261.181915283
0.999950409 0.006066477 0.007895903 -0.488972187 -0.006082294 0.999979496 0.001980694 -3.961057663 -0.007883724 -0.002028621 0.999966919 262.738311768
0.999956667 0.004042782 0.008382618 -0.481114149 -0.004075926 0.999983847 0.003940539 -3.986272097 -0.008366550 -0.003974534 0.999957085 264.271362305
0.999958813 0.002028052 0.008848163 -0.475579739 -0.002077596 0.999982178 0.005593716 -4.004260540 -0.008836660 -0.005611869 0.999945164 265.817962646
0.999964178 0.000856565 0.008432349 -0.459156752 -0.000897225 0.999987960 0.004819266 -4.021659374 -0.008428121 -0.004826658 0.999952853 267.388854980
0.999961615 0.000510338 0.008747482 -0.446584702 -0.000541709 0.999993384 0.003584236 -4.035257816 -0.008745595 -0.003588837 0.999955297 268.940429688
0.999953926 0.000914368 0.009546358 -0.439130306 -0.000949099 0.999992967 0.003634270 -4.061134338 -0.009542966 -0.003643163 0.999947846 270.478363037
0.999942183 0.002301873 0.010499375 -0.436051846 -0.002344609 0.999989033 0.004059783 -4.087468147 -0.010489914 -0.004084165 0.999936640 272.009643555
0.999926567 0.004105596 0.011402578 -0.428945303 -0.004142141 0.999986351 0.003183212 -4.100147247 -0.011389356 -0.003230209 0.999929905 273.560211182
0.999909043 0.005032908 0.012510086 -0.419332266 -0.005073265 0.999982059 0.003196347 -4.125697613 -0.012493777 -0.003259523 0.999916613 275.112487793
0.999897063 0.006217346 0.012926359 -0.396768808 -0.006251486 0.999976993 0.002602479 -4.142989635 -0.012909881 -0.002683020 0.999913037 276.657867432
0.999887884 0.006509363 0.013482735 -0.386734486 -0.006533346 0.999977171 0.001735385 -4.162486553 -0.013471129 -0.001823278 0.999907613 278.213226318
0.999877274 0.005472758 0.014680891 -0.375616550 -0.005496132 0.999983728 0.001552389 -4.186846256 -0.014672157 -0.001632887 0.999890983 279.767761230
0.999876440 0.005130874 0.014856017 -0.338170528 -0.005157894 0.999985039 0.001781019 -4.213491917 -0.014846658 -0.001857425 0.999888062 281.319671631
0.999875426 0.003843107 0.015304253 -0.317966938 -0.003883609 0.999989033 0.002617677 -4.231954575 -0.015294027 -0.002676787 0.999879479 282.888031006
0.999877334 0.002720685 0.015425584 -0.299459934 -0.002765489 0.999992013 0.002883917 -4.255298138 -0.015417614 -0.002926223 0.999876797 284.445190430
0.999880195 0.002539139 0.015270269 -0.275769711 -0.002546901 0.999996603 0.000488913 -4.281856060 -0.015268976 -0.000527746 0.999883235 286.006683350
0.999889016 0.000984055 0.014870447 -0.253244400 -0.000960693 0.999998271 -0.001578068 -4.307686806 -0.014871975 0.001563607 0.999888122 287.567840576
0.999900162 0.000904819 0.014097499 -0.231980324 -0.000879873 0.999998033 -0.001775610 -4.334707260 -0.014099077 0.001763029 0.999898970 289.145507812
0.999912739 -0.000391426 0.013203213 -0.217614174 0.000414352 0.999998331 -0.001733667 -4.358041763 -0.013202517 0.001738986 0.999911308 290.699554443
0.999924421 -0.000312555 0.012287218 -0.218279600 0.000343570 0.999996662 -0.002522115 -4.380952835 -0.012286390 0.002526146 0.999921322 292.236877441
0.999936402 -0.000261760 0.011275991 -0.184247971 0.000293575 0.999995947 -0.002819877 -4.412737370 -0.011275210 0.002823009 0.999932408 293.823791504
0.999948025 -0.000458187 0.010181858 -0.164143324 0.000481004 0.999997377 -0.002238538 -4.441812992 -0.010180805 0.002243319 0.999945641 295.404174805
0.999957919 -0.001098739 0.009107933 -0.154737711 0.001117925 0.999997139 -0.002101682 -4.472369194 -0.009105600 0.002111775 0.999956310 296.965209961
0.999967873 -0.001728546 0.007823546 -0.142748594 0.001732891 0.999998331 -0.000548675 -4.502498627 -0.007822585 0.000562215 0.999969244 298.525604248
0.999975562 -0.000183310 0.006981814 -0.138054371 0.000178859 0.999999762 0.000638134 -4.525022030 -0.006981929 -0.000636870 0.999975443 300.102355957
0.999970496 -0.000130641 0.007671228 -0.134385109 0.000126216 0.999999821 0.000577262 -4.544868469 -0.007671302 -0.000576277 0.999970436 301.686645508
0.999964416 0.000190338 0.008427134 -0.128679037 -0.000193917 0.999999881 0.000423802 -4.570683479 -0.008427052 -0.000425421 0.999964416 303.284820557
0.999960124 -0.001102034 0.008861309 -0.122799158 0.001099981 0.999999285 0.000236653 -4.594126701 -0.008861564 -0.000226896 0.999960721 304.866302490
0.999955356 -0.002959375 0.008966001 -0.111047745 0.002965906 0.999995351 -0.000715202 -4.619712353 -0.008963840 0.000741762 0.999959528 306.467193604
0.999947011 -0.004490071 0.009260751 -0.099095583 0.004516136 0.999985874 -0.002795708 -4.644192219 -0.009248069 0.002837383 0.999953210 308.056243896
0.999948144 -0.004856963 0.008953331 -0.089769125 0.004890511 0.999981046 -0.003728900 -4.673368454 -0.008935050 0.003772493 0.999952972 309.657714844
0.999968529 -0.004096987 0.006792538 -0.090996742 0.004130427 0.999979317 -0.004916321 -4.701410770 -0.006772256 0.004944223 0.999964833 311.266418457
0.999984264 -0.003182704 0.004620452 -0.085844994 0.003202375 0.999985754 -0.004256044 -4.728684425 -0.004606840 0.004270773 0.999980271 312.890167236
0.999988914 -0.002113759 0.004213330 -0.090304136 0.002118696 0.999997079 -0.001167587 -4.754701614 -0.004210850 0.001176501 0.999990463 314.515991211
0.999981761 -0.003937847 0.004577741 -0.083183765 0.003928500 0.999990106 0.002049129 -4.787922859 -0.004585766 -0.002031108 0.999987423 316.153259277
0.999978006 -0.005032227 0.004324138 -0.077516437 0.005019916 0.999983251 0.002853193 -4.809286594 -0.004338424 -0.002831423 0.999986589 317.780853271
0.999970257 -0.005925924 0.004932378 -0.080637932 0.005917705 0.999981105 0.001679342 -4.835678577 -0.004942236 -0.001650103 0.999986410 319.393188477
0.999956846 -0.007611396 0.005328614 -0.085831404 0.007599307 0.999968588 0.002285404 -4.861623287 -0.005345841 -0.002244812 0.999983132 321.003692627
0.999952078 -0.007771926 0.005953492 -0.092315555 0.007757871 0.999967098 0.002380092 -4.883654594 -0.005971794 -0.002333792 0.999979436 322.618133545
0.999949038 -0.007681623 0.006554954 -0.088802814 0.007667105 0.999968112 0.002237038 -4.908067703 -0.006571928 -0.002186666 0.999976039 324.243682861
0.999958634 -0.006249377 0.006615909 -0.083459377 0.006241977 0.999979854 0.001138596 -4.929140091 -0.006622892 -0.001097252 0.999977469 325.874298096
0.999954998 -0.005471602 0.007746410 -0.089970827 0.005464418 0.999984622 0.000948297 -4.966821194 -0.007751479 -0.000905925 0.999969542 327.481506348
0.999943614 -0.006946213 0.008021127 -0.076836824 0.006922605 0.999971628 0.002967262 -4.991315842 -0.008041510 -0.002911568 0.999963462 329.122589111
0.999931872 -0.008152544 0.008351633 -0.076051712 0.008120346 0.999959469 0.003881918 -5.017354012 -0.008382941 -0.003813836 0.999957561 330.726654053
0.999922991 -0.009280350 0.008237380 -0.065834522 0.009258975 0.999953687 0.002629226 -5.039841652 -0.008261397 -0.002552754 0.999962568 332.365875244
0.999934256 -0.008490720 0.007704362 -0.045701265 0.008469427 0.999960244 0.002792420 -5.065562725 -0.007727765 -0.002726984 0.999966383 334.007659912
0.999948323 -0.006238760 0.008022137 -0.067637920 0.006233777 0.999980330 0.000645994 -5.089128971 -0.008026008 -0.000595952 0.999967635 335.579162598
0.999962449 -0.004448324 0.007426747 -0.062916040 0.004465388 0.999987423 -0.002282615 -5.114559650 -0.007416499 0.002315693 0.999969840 337.195495605
0.999970734 -0.003358481 0.006870979 -0.063575029 0.003370289 0.999992907 -0.001707517 -5.148514748 -0.006865197 0.001730624 0.999974906 338.796630859
0.999980628 -0.002083326 0.005869772 -0.062028766 0.002075416 0.999996960 0.001353292 -5.169878483 -0.005872574 -0.001341084 0.999981880 340.413330078
0.999988914 -0.001857777 0.004325485 -0.059696078 0.001837978 0.999987900 0.004576822 -5.200212479 -0.004333935 -0.004568821 0.999980211 342.012542725
0.999994278 -0.000874223 0.003258396 -0.057623625 0.000864285 0.999994934 0.003049931 -5.218322754 -0.003261046 -0.003047097 0.999990046 343.630676270
0.999997914 -0.001288668 0.001578100 -0.064631999 0.001286503 0.999998212 0.001372041 -5.240199566 -0.001579865 -0.001370008 0.999997795 345.217224121
0.999996185 -0.002743868 -0.000293023 -0.068030700 0.002744629 0.999992788 0.002625533 -5.262832642 0.000285817 -0.002626327 0.999996483 346.813079834
0.999991119 -0.003968649 -0.001427250 -0.072164655 0.003973204 0.999987006 0.003202694 -5.289219856 0.001414521 -0.003208336 0.999993861 348.411651611
0.999989688 -0.004284688 -0.001481549 -0.091910720 0.004288077 0.999988198 0.002291891 -5.308733940 0.001471712 -0.002298220 0.999996305 349.998016357
0.999983788 -0.005367848 -0.001903518 -0.097799480 0.005370202 0.999984741 0.001234065 -5.329461098 0.001896865 -0.001244267 0.999997377 351.595458984
0.999983609 -0.005394426 -0.001912474 -0.106805444 0.005396401 0.999984920 0.001028845 -5.353122234 0.001906895 -0.001039149 0.999997616 353.187469482
0.999980509 -0.005993903 -0.001707720 -0.122490942 0.005994975 0.999981821 0.000623079 -5.373311043 0.001703954 -0.000633305 0.999998331 354.775634766
0.999976695 -0.006465799 -0.002188888 -0.126016080 0.006465559 0.999979079 -0.000117088 -5.399274826 0.002189600 0.000102933 0.999997556 356.374908447
0.999978125 -0.006296068 -0.002033248 -0.138508141 0.006294578 0.999979854 -0.000738815 -5.426723480 0.002037858 0.000726000 0.999997616 357.967956543
0.999972701 -0.007151471 -0.001865738 -0.147133172 0.007150505 0.999974310 -0.000523985 -5.453354836 0.001869437 0.000510630 0.999998093 359.556365967
0.999971092 -0.007202466 -0.002457225 -0.148402631 0.007199989 0.999973595 -0.001015555 -5.484278202 0.002464474 0.000997833 0.999996424 361.152252197
0.999960840 -0.008619400 -0.002008651 -0.162044108 0.008614324 0.999959707 -0.002521226 -5.513803959 0.002030302 0.002503824 0.999994755 362.740356445
0.999947846 -0.010006746 -0.002050630 -0.169203401 0.010005547 0.999949753 -0.000594607 -5.543863773 0.002056477 0.000574059 0.999997735 364.340759277
0.999924839 -0.011994572 -0.002569929 -0.164320409 0.011995852 0.999927938 0.000482520 -5.574909687 0.002563956 -0.000513312 0.999996603 365.943969727
0.999923289 -0.012210000 -0.002076318 -0.179995060 0.012208403 0.999925196 -0.000779893 -5.596415043 0.002085685 0.000754484 0.999997497 367.530578613
0.999940038 -0.010859255 -0.001406939 -0.196810603 0.010856498 0.999939203 -0.001952586 -5.612641335 0.001428057 0.001937194 0.999997079 369.135345459
0.999947608 -0.010169123 -0.001178783 -0.211365029 0.010168669 0.999948144 -0.000394004 -5.656226635 0.001182729 0.000381997 0.999999166 370.719055176
0.999965072 -0.008289753 -0.001081147 -0.215708286 0.008290111 0.999965489 0.000325583 -5.676867962 0.001078411 -0.000334535 0.999999344 372.324554443
0.999960184 -0.008896143 -0.000692063 -0.222461820 0.008896269 0.999960363 0.000177732 -5.708450317 0.000690454 -0.000183882 0.999999762 373.916046143
0.999963641 -0.008507628 -0.000564138 -0.240839869 0.008506968 0.999963105 -0.001164691 -5.725583553 0.000574026 0.001159849 0.999999166 375.510406494
0.999962091 -0.008696103 -0.000359726 -0.241976798 0.008695756 0.999961734 -0.000951318 -5.761784554 0.000367985 0.000948154 0.999999464 377.113464355
0.999962747 -0.008620799 -0.000519829 -0.235589743 0.008620208 0.999962151 -0.001128512 -5.789036274 0.000529538 0.001123989 0.999999225 378.742950439
0.999977648 -0.006689090 0.000090814 -0.258586228 0.006689187 0.999976993 -0.001116707 -5.813117981 -0.000083342 0.001117290 0.999999344 380.342498779
0.999988258 -0.004843760 0.000384615 -0.265643954 0.004844033 0.999988019 -0.000710843 -5.839180470 -0.000381167 0.000712698 0.999999642 381.946624756
0.999993801 -0.003431931 0.000937927 -0.283810437 0.003433565 0.999992549 -0.001745978 -5.860531807 -0.000931928 0.001749187 0.999998033 383.577484131
