1.000000119 -0.000000000 0.000000000 0.000000060 -0.000000000 1.000000000 0.000000000 -0.000000015 0.000000000 0.000000000 0.999999940 -0.000000000
0.999997795 -0.001615528 -0.001440371 -0.002413482 0.001614199 0.999998271 -0.000923073 -0.007887889 0.001441860 0.000920746 0.999998450 0.564135253
0.999995530 -0.001838743 -0.002417359 -0.007640977 0.001832527 0.999994993 -0.002570687 -0.017765095 0.002422073 0.002566245 0.999993742 1.119565487
0.999986589 -0.002528809 -0.004543043 -0.009073640 0.002512744 0.999990582 -0.003538368 -0.035331849 0.004551947 0.003526904 0.999983370 1.684569836
0.999970138 -0.004386134 -0.006378495 -0.020139232 0.004350967 0.999975324 -0.005516646 -0.041469049 0.006402533 0.005488728 0.999964356 2.251670599
0.999947548 -0.006922697 -0.007548731 -0.031290118 0.006867529 0.999949753 -0.007309702 -0.060012247 0.007598955 0.007257478 0.999944806 2.806180716
0.999926805 -0.008110754 -0.008979131 -0.038858585 0.008040000 0.999936581 -0.007887756 -0.073930137 0.009042536 0.007814985 0.999928534 3.375975370
0.999913812 -0.008087831 -0.010341049 -0.050087363 0.008012932 0.999941528 -0.007263792 -0.085870601 0.010399194 0.007180303 0.999920070 3.958948135
0.999899626 -0.008554877 -0.011298751 -0.062263492 0.008468498 0.999934673 -0.007670800 -0.100427829 0.011363638 0.007574345 0.999906659 4.550650597
0.999887645 -0.008102942 -0.012612912 -0.070325993 0.007971500 0.999913752 -0.010436762 -0.115284368 0.012696392 0.010335045 0.999865949 5.144980431
0.999885380 -0.006401371 -0.013727469 -0.087346382 0.006206615 0.999880135 -0.014183266 -0.131247088 0.013816617 0.014096436 0.999805152 5.747402668
0.999871790 -0.005245666 -0.015134752 -0.101564869 0.004974775 0.999827743 -0.017881041 -0.143509984 0.015225939 0.017803455 0.999725521 6.361850739
0.999862671 -0.003119681 -0.016284015 -0.117509179 0.002827541 0.999835193 -0.017932680 -0.157831416 0.016337272 0.017884167 0.999706566 6.991098404
0.999845922 -0.001043434 -0.017524241 -0.131350487 0.000847433 0.999937057 -0.011188265 -0.165819943 0.017534811 0.011171688 0.999783814 7.635128498
0.999841094 0.000057332 -0.017822254 -0.152682066 -0.000068066 0.999999821 -0.000601619 -0.179393008 0.017822215 0.000602736 0.999840975 8.293189049
0.999821246 0.000783287 -0.018890824 -0.168595359 -0.000669619 0.999981701 0.006022688 -0.190148711 0.018895192 -0.006008963 0.999803364 8.980653763
0.999788821 0.003304817 -0.020280847 -0.186841175 -0.003203736 0.999982357 0.005014569 -0.206182986 0.020297064 -0.004948536 0.999781668 9.673100471
0.999766529 0.005421187 -0.020915227 -0.213089585 -0.005467784 0.999982655 -0.002171390 -0.213869885 0.020903096 0.002285243 0.999778807 10.360273361
0.999745309 0.004874054 -0.022032427 -0.233145058 -0.005051052 0.999955297 -0.007985038 -0.216547072 0.021992525 0.008094291 0.999725342 11.070218086
0.999729097 0.002610762 -0.023125328 -0.251446575 -0.002764839 0.999974132 -0.006633262 -0.217481911 0.023107411 0.006695403 0.999710560 11.807714462
0.999724030 0.002145489 -0.023392871 -0.275035292 -0.002088227 0.999994695 0.002471939 -0.224037454 0.023398053 -0.002422407 0.999723256 12.574321747
0.999714136 0.002112465 -0.023816008 -0.298521161 -0.001873502 0.999947786 0.010051577 -0.233484969 0.023835998 -0.010004085 0.999665797 13.354109764
0.999705315 0.001042849 -0.024254780 -0.319712371 -0.000733708 0.999918461 0.012750975 -0.237416670 0.024266101 -0.012729421 0.999624431 14.138583183
0.999702215 -0.000383984 -0.024399191 -0.339901745 0.000663340 0.999934375 0.011442326 -0.237102658 0.024393199 -0.011455105 0.999636710 14.938481331
0.999720156 -0.000872677 -0.023639830 -0.370269120 0.001088500 0.999957860 0.009118285 -0.238697648 0.023630880 -0.009141465 0.999678910 15.776382446
0.999719560 0.001494728 -0.023634812 -0.390757591 -0.001361219 0.999983072 0.005663909 -0.238001585 0.023642879 -0.005630147 0.999704540 16.611797333
0.999741793 -0.001851822 -0.022647422 -0.409927130 0.001852335 0.999998271 0.000001649 -0.241310865 0.022647379 -0.000043599 0.999743402 17.464303970
0.999743581 -0.004754647 -0.022140292 -0.422909826 0.004617140 0.999969780 -0.006257686 -0.250232249 0.022169372 0.006153856 0.999735236 18.339017868
0.999771059 -0.003489367 -0.021116368 -0.445444316 0.003246500 0.999928296 -0.011524739 -0.265691072 0.021155072 0.011453542 0.999710500 19.225200653
0.999777615 -0.001931687 -0.021004010 -0.470933795 0.001669326 0.999920428 -0.012501366 -0.279501021 0.021026485 0.012463520 0.999701083 20.138566971
0.999772966 -0.002112433 -0.021205463 -0.499273598 0.001862050 0.999928355 -0.011820269 -0.302929848 0.021228913 0.011778099 0.999705195 21.078472137
0.999773383 -0.000866094 -0.021266825 -0.510415614 0.000581685 0.999910355 -0.013375886 -0.324038506 0.021276504 0.013360483 0.999684334 22.034187317
0.999775350 0.001836222 -0.021114260 -0.536324263 -0.002163685 0.999877632 -0.015496707 -0.343777001 0.021083219 0.015538910 0.999656916 22.987936020
0.999756753 0.005333486 -0.021398926 -0.566664994 -0.005681326 0.999852180 -0.016227305 -0.367751420 0.021309212 0.016344931 0.999639332 23.951784134
0.999751031 0.007490001 -0.021019291 -0.600946546 -0.007831266 0.999838114 -0.016200714 -0.395880312 0.020894544 0.016361287 0.999647796 24.928861618
0.999738216 0.007964604 -0.021453135 -0.623147786 -0.008317159 0.999831021 -0.016394923 -0.423175126 0.021318929 0.016569059 0.999635339 25.907752991
0.999731719 0.008227793 -0.021654507 -0.642631114 -0.008581812 0.999830246 -0.016306622 -0.451512545 0.021516664 0.016488079 0.999632478 26.901075363
0.999712467 0.009429463 -0.022046525 -0.672555149 -0.009760004 0.999840856 -0.014933648 -0.483459264 0.021902200 0.015144524 0.999645412 27.900920868
0.999702454 0.009964569 -0.022260854 -0.695430756 -0.010253956 0.999863863 -0.012923659 -0.513589919 0.022129046 0.013148073 0.999668598 28.924224854
0.999692678 0.010762831 -0.022328567 -0.728202343 -0.011023846 0.999871969 -0.011599746 -0.543546438 0.022200858 0.011842326 0.999683321 29.946506500
0.999685287 0.010672157 -0.022703592 -0.756271243 -0.010956309 0.999862611 -0.012428422 -0.573739052 0.022567835 0.012673255 0.999664903 30.964084625
0.999676406 0.011605303 -0.022634333 -0.788650990 -0.011919793 0.999833524 -0.013809256 -0.595738649 0.022470307 0.014074583 0.999648333 32.009334564
0.999671221 0.011740985 -0.022800783 -0.819783330 -0.012036325 0.999844849 -0.012859179 -0.622762322 0.022646260 0.013129385 0.999657333 33.052257538
0.999647915 0.011357179 -0.023979945 -0.840103269 -0.011615867 0.999875605 -0.010676092 -0.642493784 0.023855709 0.010950882 0.999655426 34.102111816
0.999640942 0.012268085 -0.023821799 -0.877097011 -0.012441570 0.999897063 -0.007148082 -0.663181305 0.023731647 0.007441896 0.999690711 35.159011841
0.999630213 0.011570777 -0.024606800 -0.904231310 -0.011684721 0.999921679 -0.004491969 -0.693594277 0.024552891 0.004777831 0.999687135 36.236156464
0.999616086 0.011823124 -0.025058812 -0.936063528 -0.011925389 0.999921203 -0.003935516 -0.714264870 0.025010306 0.004232841 0.999678195 37.306407928
0.999609947 0.011321925 -0.025530094 -0.967389941 -0.011464018 0.999919534 -0.005426242 -0.736951351 0.025466610 0.005716803 0.999659300 38.393611908
0.999582291 0.011681175 -0.026432710 -1.000892520 -0.011846091 0.999911368 -0.006091137 -0.754663348 0.026359214 0.006401717 0.999632001 39.473148346
0.999575377 0.011013506 -0.026977584 -1.038057923 -0.011140358 0.999927640 -0.004556361 -0.782071412 0.026925448 0.004854965 0.999625623 40.557201385
0.999543011 0.011781401 -0.027840676 -1.074438095 -0.011858609 0.999926329 -0.002609758 -0.800201952 0.027807876 0.002938717 0.999608934 41.644153595
0.999543905 0.011168621 -0.028061772 -1.116848111 -0.011172879 0.999937594 0.000005110 -0.824979722 0.028060080 0.000308421 0.999606192 42.736812592
0.999502599 0.012713577 -0.028861972 -1.154757619 -0.012723869 0.999919057 -0.000172944 -0.847561538 0.028857436 0.000540094 0.999583364 43.812225342
0.999477983 0.013770402 -0.029226327 -1.182762146 -0.013894077 0.999895334 -0.004032716 -0.869427085 0.029167736 0.004436683 0.999564588 44.897331238
0.999466181 0.014931568 -0.029059839 -1.224886060 -0.015169551 0.999853015 -0.007986123 -0.891815662 0.028936323 0.008422682 0.999545753 45.976554871
0.999457955 0.015238097 -0.029181352 -1.261818051 -0.015489250 0.999844730 -0.008399930 -0.916257381 0.029048825 0.008847374 0.999538779 47.059356689
0.999451935 0.016123319 -0.028911263 -1.300895691 -0.016285719 0.999852777 -0.005390442 -0.944207907 0.028820099 0.005858328 0.999567509 48.157012939
0.999457598 0.016063141 -0.028747803 -1.341065526 -0.016169410 0.999863207 -0.003468212 -0.967326880 0.028688163 0.003931166 0.999580622 49.246051788
0.999483287 0.014479106 -0.028698210 -1.376675129 -0.014545062 0.999892056 -0.002090777 -0.990511179 0.028664837 0.002507114 0.999585867 50.334083557
0.999483943 0.014798354 -0.028513052 -1.410331607 -0.014893083 0.999884188 -0.003112813 -1.012613773 0.028463688 0.003535853 0.999588490 51.425403595
0.999499083 0.014082388 -0.028342504 -1.450240850 -0.014230042 0.999886096 -0.005014678 -1.034040451 0.028268659 0.005415480 0.999585629 52.516147614
0.999512017 0.013608463 -0.028120633 -1.477750540 -0.013813069 0.999879479 -0.007094571 -1.062439680 0.028020699 0.007479538 0.999579370 53.589294434
0.999531090 0.012744108 -0.027838696 -1.511478305 -0.013016880 0.999868929 -0.009639252 -1.089124918 0.027712196 0.009997105 0.999565959 54.681297302
0.999554574 0.011478587 -0.027547907 -1.548443079 -0.011839724 0.999845684 -0.012982414 -1.123295307 0.027394636 0.013302789 0.999536157 55.766254425
0.999573410 0.009505196 -0.027612308 -1.572958946 -0.009908342 0.999845684 -0.014500292 -1.156264186 0.027470214 0.014767698 0.999513626 56.840061188
0.999590158 0.007967860 -0.027492937 -1.604569077 -0.008300727 0.999893308 -0.012014681 -1.189931870 0.027394271 0.012237966 0.999549806 57.927627563
0.999613643 0.006740833 -0.026966769 -1.640551209 -0.006909973 0.999957025 -0.006183988 -1.217225552 0.026923921 0.006367937 0.999617159 59.020992279
0.999622643 0.004837606 -0.027040416 -1.667814493 -0.004853948 0.999988139 -0.000538773 -1.238085151 0.027037486 0.000669822 0.999634147 60.122135162
0.999624789 0.003153639 -0.027209343 -1.696662545 -0.003153750 0.999995053 0.000038849 -1.256034970 0.027209328 0.000046977 0.999629796 61.213512421
0.999640584 0.000190012 -0.026809700 -1.728163362 -0.000272998 0.999995291 -0.003091773 -1.273068666 0.026808979 0.003097979 0.999635756 62.304332733
0.999649465 -0.001154723 -0.026446491 -1.766535759 0.000993984 0.999980867 -0.006090259 -1.300579071 0.026453022 0.006061837 0.999631703 63.402919769
0.999650419 0.000916527 -0.026418904 -1.805405736 -0.001182312 0.999948740 -0.010046534 -1.327638626 0.026408345 0.010074260 0.999600530 64.490043640
0.999654114 0.001191412 -0.026273048 -1.837761760 -0.001566348 0.999897122 -0.014254798 -1.356666565 0.026253361 0.014291021 0.999553204 65.572410583
0.999662876 0.003887156 -0.025667684 -1.873617053 -0.004272825 0.999878466 -0.014987740 -1.386362553 0.025606306 0.015092364 0.999558210 66.674812317
0.999657452 0.008278062 -0.024829080 -1.914919496 -0.008561207 0.999899268 -0.011319211 -1.421229601 0.024732875 0.011527898 0.999627709 67.778465271
0.999653339 0.009686373 -0.024484327 -1.952000856 -0.009917355 0.999907255 -0.009330083 -1.446693540 0.024391681 0.009569669 0.999656618 68.871330261
0.999659598 0.008760180 -0.024576226 -1.980355263 -0.008970388 0.999924004 -0.008456148 -1.475267887 0.024500279 0.008673728 0.999662161 69.965362549
0.999663770 0.007789175 -0.024733057 -2.009341955 -0.007978251 0.999939620 -0.007555300 -1.507586956 0.024672713 0.007750086 0.999665499 71.078834534
0.999664903 0.006789973 -0.024980538 -2.039367199 -0.006940254 0.999958336 -0.005934257 -1.537385225 0.024939200 0.006105640 0.999670327 72.172805786
0.999662995 0.004946861 -0.025485143 -2.068287134 -0.005050455 0.999979317 -0.004002198 -1.561184883 0.025464814 0.004129561 0.999667108 73.269256592
0.999650598 0.004164005 -0.026101131 -2.102731466 -0.004228347 0.999988198 -0.002410462 -1.587159872 0.026090784 0.002519985 0.999656379 74.368347168
0.999647081 0.003634621 -0.026315598 -2.139597416 -0.003724118 0.999987483 -0.003352729 -1.615197182 0.026303083 0.003449548 0.999648035 75.457077026
0.999627769 0.003521181 -0.027051929 -2.170964718 -0.003720797 0.999966204 -0.007332213 -1.639671326 0.027025197 0.007430140 0.999607086 76.541915894
0.999596000 0.004059441 -0.028131049 -2.199280262 -0.004324125 0.999946952 -0.009354513 -1.665714979 0.028091585 0.009472376 0.999560356 77.621299744
0.999575377 0.006105543 -0.028493544 -2.240295410 -0.006330435 0.999949515 -0.007809183 -1.691909432 0.028444419 0.007986241 0.999563456 78.706947327
0.999550760 0.007286223 -0.029073242 -2.279322863 -0.007400058 0.999965429 -0.003809816 -1.712421179 0.029044468 0.004023247 0.999570012 79.781921387
0.999527633 0.008135849 -0.029634569 -2.317302704 -0.008116069 0.999966741 0.000787627 -1.748661041 0.029639991 -0.000546739 0.999560595 80.859359741
0.999501288 0.009517678 -0.030109130 -2.360215902 -0.009485199 0.999954224 0.001221342 -1.765099287 0.030119378 -0.000935142 0.999545932 81.929252625
0.999488175 0.009379264 -0.030585330 -2.399667263 -0.009414952 0.999955177 -0.001023116 -1.782741070 0.030574359 0.001310552 0.999531686 82.998725891
0.999474645 0.009125444 -0.031099927 -2.440268993 -0.009175640 0.999956846 -0.001471674 -1.809376121 0.031085156 0.001756262 0.999515176 84.063529968
0.999466062 0.008485029 -0.031553827 -2.476972103 -0.008537062 0.999962449 -0.001514668 -1.832912207 0.031539794 0.001783236 0.999500930 85.118156433
0.999445975 0.007144141 -0.032508463 -2.513804913 -0.007194736 0.999973178 -0.001439661 -1.848186016 0.032497313 0.001672753 0.999470413 86.161117554
0.999433994 0.006181184 -0.033070277 -2.548463345 -0.006182699 0.999980867 0.000056487 -1.875149012 0.033069998 0.000148008 0.999452949 87.185928345
0.999421716 0.006525997 -0.033372384 -2.589879274 -0.006434070 0.999975204 0.002861229 -1.897536635 0.033390224 -0.002644854 0.999438882 88.189071655
0.999386787 0.005729031 -0.034542989 -2.630956650 -0.005604541 0.999977410 0.003699632 -1.918961883 0.034563407 -0.003503766 0.999396324 89.169845581
0.999316931 0.004224143 -0.036712315 -2.670820475 -0.004088858 0.999984562 0.003759296 -1.934076190 0.036727622 -0.003606616 0.999318779 90.134361267
0.999191463 0.003375487 -0.040062044 -2.710938215 -0.003261175 0.999990463 0.002918371 -1.954090118 0.040071502 -0.002785362 0.999192894 91.066833496
0.999050856 0.003199688 -0.043441735 -2.757079840 -0.003120773 0.999993443 0.001884259 -1.971471906 0.043447468 -0.001746899 0.999054074 91.988327026
0.998922110 0.003070212 -0.046315324 -2.811573982 -0.002961963 0.999992788 0.002405678 -1.989412785 0.046322368 -0.002265901 0.998923957 92.883285522
0.998772085 0.004267252 -0.049354449 -2.863041401 -0.004100833 0.999985635 0.003472688 -2.006966114 0.049368549 -0.003266030 0.998775244 93.748580933
0.998612881 0.005084096 -0.052407313 -2.914622068 -0.004847578 0.999977469 0.004639217 -2.024733067 0.052429706 -0.004378733 0.998614967 94.588272095
0.998431325 0.006510877 -0.055611689 -2.963986158 -0.006184204 0.999962628 0.006044261 -2.038090706 0.055648968 -0.005690864 0.998434186 95.404747009
0.998293698 0.007756126 -0.057874430 -3.023003340 -0.007374901 0.999949694 0.006797798 -2.052300692 0.057924241 -0.006359380 0.998300672 96.193855286
0.998116255 0.009877276 -0.060551606 -3.069268465 -0.009433063 0.999926507 0.007617576 -2.075292587 0.060622398 -0.007032040 0.998135924 96.944755554
0.997905970 0.011512683 -0.063648812 -3.117862225 -0.011132709 0.999918103 0.006321289 -2.087083101 0.063716374 -0.005599468 0.997952223 97.677078247
0.997742057 0.012841210 -0.065923654 -3.177179337 -0.012685374 0.999915719 0.002781934 -2.106811047 0.065953813 -0.001939387 0.997820735 98.367774963
0.997541130 0.015393039 -0.068372011 -3.237533092 -0.015484876 0.999879777 -0.000813402 -2.120220423 0.068351261 0.001870133 0.997659504 99.042762756
0.997363687 0.017062061 -0.070531964 -3.287369967 -0.017363535 0.999842584 -0.003663367 -2.138199806 0.070458353 0.004878393 0.997502744 99.676658630
0.997292340 0.019428233 -0.070925608 -3.344624758 -0.019801866 0.999793410 -0.004568638 -2.151021957 0.070822194 0.005960727 0.997471213 100.291954041
0.997287452 0.021521313 -0.070391230 -3.389148474 -0.021836592 0.999754786 -0.003712489 -2.175348282 0.070294045 0.005239522 0.997512460 100.880813599
0.997396052 0.025557172 -0.067441009 -3.433467865 -0.025769334 0.999665320 -0.002277667 -2.189049006 0.067360222 0.004009644 0.997720599 101.449775696
0.997696579 0.028022939 -0.061775185 -3.474272251 -0.028149156 0.999603033 -0.001173744 -2.198421001 0.061717764 0.002909959 0.998089373 101.987396240
0.998096943 0.028942602 -0.054452017 -3.499517202 -0.028923562 0.999580979 0.001137808 -2.216866016 0.054462135 0.000439303 0.998515666 102.507713318
0.998580277 0.028739287 -0.044850111 -3.519463539 -0.028611997 0.999584496 0.003477546 -2.229463100 0.044931404 -0.002189359 0.998987675 103.010124207
0.999054730 0.028244441 -0.033044528 -3.530379534 -0.028109301 0.999594510 0.004547160 -2.238633156 0.033159561 -0.003614003 0.999443531 103.492095947
0.999437392 0.027188307 -0.019645028 -3.529124260 -0.027104029 0.999622226 0.004543494 -2.248973370 0.019761134 -0.004008479 0.999796629 103.948303223
0.999623656 0.027112203 -0.004199721 -3.528047085 -0.027096502 0.999625802 0.003751759 -2.259904861 0.004299879 -0.003636548 0.999984086 104.386589050
0.999602139 0.025034659 0.013006420 -3.492688179 -0.025051806 0.999685466 0.001157059 -2.280881643 -0.012973364 -0.001482433 0.999914706 104.785835266
0.999099672 0.024677334 0.034513533 -3.466343403 -0.024568204 0.999691725 -0.003582504 -2.289771318 -0.034591299 0.002731342 0.999397755 105.204063416
0.998002946 0.022863774 0.058884889 -3.423295498 -0.022404013 0.999713182 -0.008456144 -2.299623728 -0.059061334 0.007119999 0.998228848 105.607734680
0.996105373 0.020405822 0.085778281 -3.361246109 -0.019490704 0.999743998 -0.011492367 -2.309078932 -0.085990816 0.009775730 0.996247947 106.012313843
0.993139029 0.017629521 0.115603454 -3.285233498 -0.016272074 0.999787331 -0.012675554 -2.321420193 -0.115802325 0.010707479 0.993214548 106.416076660
0.988827646 0.015457074 0.148260042 -3.207368851 -0.013494983 0.999807715 -0.014230983 -2.337164879 -0.148451462 0.012071221 0.988845944 106.785247803
0.982859373 0.012873498 0.183906823 -3.108911514 -0.010155966 0.999825001 -0.015710954 -2.355167866 -0.184076905 0.013573908 0.982818067 107.155853271
0.975017607 0.008926663 0.221948370 -2.996368408 -0.005508056 0.999856532 -0.016016915 -2.370191097 -0.222059503 0.014394270 0.974926770 107.497184753
0.965035558 0.007485155 0.262012482 -2.870668411 -0.003195848 0.999853909 -0.016792905 -2.384352922 -0.262099892 0.015368399 0.964918256 107.856781006
0.952790141 0.008436440 0.303512722 -2.741624832 -0.003147582 0.999834597 -0.017910486 -2.399389267 -0.303613603 0.016109599 0.952658951 108.166511536
0.937499881 0.009801388 0.347847641 -2.606391907 -0.003701080 0.999827564 -0.018197427 -2.417391062 -0.347966015 0.015772674 0.937374413 108.467651367
0.919552743 0.009891511 0.392842233 -2.435638428 -0.003353098 0.999844253 -0.017326603 -2.423946381 -0.392952442 0.014615484 0.919442534 108.788742065
0.899202645 0.009416663 0.437431097 -2.251918793 -0.002440392 0.999860823 -0.016507620 -2.431148291 -0.437525600 0.013776192 0.899100304 109.095001221
0.875824869 0.008678353 0.482551157 -2.057998657 -0.000570210 0.999856293 -0.016946811 -2.445400476 -0.482628793 0.014567280 0.875703752 109.386299133
0.850882232 0.008985867 0.525279880 -1.841945648 0.001093821 0.999821246 -0.018875608 -2.461946011 -0.525355458 0.016635479 0.850720108 109.655899048
0.822927475 0.010966542 0.568040788 -1.619647980 0.001791876 0.999758720 -0.021897165 -2.481813669 -0.568143725 0.019037632 0.822709024 109.930709839
0.791770577 0.015222330 0.610629082 -1.382904053 0.000690336 0.999666572 -0.025815740 -2.500363111 -0.610818386 0.020861680 0.791495800 110.203109741
0.757882535 0.021462925 0.652037978 -1.127063751 -0.002691915 0.999553144 -0.029773083 -2.513124943 -0.652385592 0.020809261 0.757601440 110.462631226
0.720971048 0.026517328 0.692457736 -0.845893860 -0.004041331 0.999411523 -0.034064233 -2.509209633 -0.692953467 0.021760873 0.720653772 110.707038879
0.682606816 0.026766058 0.730295479 -0.547679901 -0.002841790 0.999418736 -0.033973474 -2.533528328 -0.730780125 0.021115178 0.682286024 110.912010193
0.643078685 0.023887794 0.765427470 -0.245414734 0.002630235 0.999438524 -0.033400726 -2.536555290 -0.765795588 0.023492543 0.642654717 111.076309204
0.598650873 0.021998676 0.800707996 0.079822540 0.003762448 0.999534607 -0.030274246 -2.549960613 -0.801001251 0.021136321 0.598289311 111.279312134
0.552561641 0.020244747 0.833226144 0.421726227 0.005398129 0.999597132 -0.027866848 -2.558202744 -0.833454549 0.019896012 0.552229583 111.460159302
0.504731476 0.018037347 0.863088012 0.775302887 0.007083447 0.999661505 -0.025033925 -2.568284512 -0.863247454 0.018749043 0.504432678 111.619491577
0.453697503 0.014040319 0.891045094 1.142028809 0.009480889 0.999743283 -0.020580515 -2.586414814 -0.891105235 0.017785229 0.453447849 111.768623352
0.401254386 0.014672741 0.915849209 1.497402191 0.005953383 0.999808729 -0.018626163 -2.603326321 -0.915947318 0.012926230 0.401090324 111.895736694
0.349818617 0.019604735 0.936612308 1.879665375 0.002192303 0.999761105 -0.021745346 -2.617880344 -0.936814845 0.009660264 0.349692136 112.009170532
0.299895555 0.024439402 0.953659058 2.260248184 0.002000871 0.999653459 -0.026247311 -2.632023573 -0.953969955 0.009779600 0.299742758 112.091468811
0.253579706 0.026709225 0.966945767 2.670721054 0.003541338 0.999586344 -0.028539538 -2.641241074 -0.967307985 0.010661328 0.253380269 112.159225464
0.212242886 0.026417356 0.976859808 3.089426041 0.010549963 0.999514282 -0.029322201 -2.658012629 -0.977159977 0.016529262 0.211861119 112.213104248
0.177058131 0.026507016 0.983843386 3.528505325 0.018239487 0.999377191 -0.030208014 -2.667155027 -0.984031320 0.023293376 0.176464394 112.259277344
0.147021070 0.027179725 0.988759875 3.982410431 0.023370340 0.999247909 -0.030943017 -2.690512657 -0.988857210 0.027656928 0.146275327 112.288352966
0.118025862 0.025858138 0.992673755 4.409215927 0.019739699 0.999402165 -0.028380398 -2.707552433 -0.992814302 0.022944702 0.117444851 112.340042114
0.092360400 0.022404283 0.995473623 4.898738861 0.013682133 0.999623835 -0.023767129 -2.719299078 -0.995631695 0.015815342 0.092019118 112.382385254
0.068610229 0.018035538 0.997480512 5.406042099 0.009114623 0.999783456 -0.018704114 -2.739427805 -0.997601867 0.010374954 0.068430975 112.412078857
0.045964889 0.015529054 0.998822391 5.931305885 0.013583377 0.999777079 -0.016168989 -2.756307602 -0.998850703 0.014310587 0.045743696 112.420799255
0.026069656 0.016394991 0.999525726 6.472513199 0.021092093 0.999633849 -0.016946897 -2.774859190 -0.999437571 0.021523893 0.025714286 112.406013489
0.008419298 0.018874716 0.999786317 7.035160542 0.025428610 0.999494433 -0.019083340 -2.793501854 -0.999641180 0.025583848 0.007935062 112.398361206
-0.005832369 0.024791144 0.999675572 7.598085403 0.026521210 0.999344826 -0.024628209 -2.788531780 -0.999631107 0.026368964 -0.006486038 112.392517090
-0.016405329 0.029515054 0.999429703 8.193831444 0.023702217 0.999294758 -0.029122008 -2.801851749 -0.999584377 0.023210939 -0.017093332 112.381164551
-0.023616489 0.029317562 0.999291122 8.818113327 0.025349345 0.999266028 -0.028717738 -2.819596529 -0.999399543 0.024653167 -0.024342339 112.374176025
-0.025569761 0.026113926 0.999332011 9.452240944 0.031948879 0.999169409 -0.025292216 -2.841627121 -0.999162376 0.031280816 -0.026382832 112.336662292
-0.025039738 0.024524303 0.999385536 10.102764130 0.033740453 0.999150276 -0.023673154 -2.858824968 -0.999116957 0.033126950 -0.025845919 112.313690186
-0.023235440 0.024066692 0.999440312 10.779895782 0.031942636 0.999217570 -0.023318714 -2.887196064 -0.999219537 0.031382937 -0.023986014 112.306274414
-0.021684995 0.024221160 0.999471366 11.471658707 0.029003385 0.999300957 -0.023587758 -2.910696745 -0.999343991 0.028476551 -0.022372331 112.300842285
-0.020587800 0.025622465 0.999459624 12.189600945 0.028501278 0.999280274 -0.025030771 -2.924363852 -0.999381602 0.027970549 -0.021303255 112.293846130
-0.019761384 0.026331402 0.999457896 12.917425156 0.027704889 0.999283671 -0.025779029 -2.952217817 -0.999420702 0.027180444 -0.020476732 112.286460876
-0.019268950 0.025809998 0.999481142 13.660785675 0.026743302 0.999322355 -0.025290316 -2.978953838 -0.999456465 0.026242115 -0.019946141 112.285621643
-0.018267024 0.024636071 0.999529541 14.412149429 0.025971895 0.999370754 -0.024157507 -3.002304554 -0.999495745 0.025518391 -0.018895369 112.265464783
-0.017703133 0.023268545 0.999572515 15.180257797 0.026702277 0.999383569 -0.022791235 -3.028383493 -0.999486685 0.026287386 -0.018313542 112.253265381
-0.018249962 0.020972176 0.999613464 15.971322060 0.027584540 0.999410033 -0.020464294 -3.056696415 -0.999452829 0.027200405 -0.018817699 112.240486145
-0.019454032 0.019082407 0.999628723 16.758676529 0.024922121 0.999516428 -0.018595248 -3.084628820 -0.999499977 0.024551112 -0.019920196 112.231529236
-0.020667877 0.018467797 0.999615788 17.557323456 0.024359178 0.999541879 -0.017962787 -3.103754520 -0.999489605 0.023978565 -0.021108270 112.217521667
-0.021916661 0.015842043 0.999634266 18.356016159 0.026636533 0.999528825 -0.015256376 -3.124977112 -0.999404967 0.026292421 -0.022328310 112.200866699
-0.023109162 0.014417864 0.999628961 19.166271210 0.028153041 0.999508917 -0.013765298 -3.146749020 -0.999336481 0.027824488 -0.023503723 112.181968689
-0.024693331 0.013230127 0.999607563 19.994735718 0.025613116 0.999592602 -0.012597207 -3.179957628 -0.999366820 0.025292000 -0.025022129 112.164161682
-0.025533918 0.018351104 0.999505579 20.820152283 0.022227727 0.999594748 -0.017784901 -3.196707487 -0.999426723 0.021762619 -0.025931474 112.150009155
-0.026401708 0.022698160 0.999393761 21.661811829 0.024417300 0.999458551 -0.022054583 -3.225650549 -0.999353170 0.023820216 -0.026941638 112.134643555
-0.027428320 0.024261326 0.999329388 22.499238968 0.024267998 0.999426901 -0.023597624 -3.254872084 -0.999329150 0.023604477 -0.028001375 112.109886169
-0.029195553 0.022321317 0.999324501 23.341827393 0.020895446 0.999545813 -0.021715790 -3.282202959 -0.999355257 0.020247325 -0.029648703 112.100448608
-0.030662399 0.017989546 0.999367952 24.190113068 0.017812626 0.999689043 -0.017448805 -3.313215971 -0.999371052 0.017266344 -0.030973300 112.087722778
-0.031041719 0.012449219 0.999440670 25.046510696 0.016057771 0.999799669 -0.011954948 -3.344455242 -0.999389112 0.015677681 -0.031235406 112.068504333
-0.031260107 0.006989808 0.999486923 25.874610901 0.012130436 0.999904633 -0.006613334 -3.365607262 -0.999437630 0.011917477 -0.031341910 112.051094055
-0.030751605 0.005735494 0.999510646 26.741369247 0.010009986 0.999935269 -0.005429956 -3.389240026 -0.999476850 0.009838109 -0.030807015 112.032005310
-0.030068228 0.012487752 0.999469876 27.577564240 0.012899042 0.999843597 -0.012104363 -3.416185141 -0.999464631 0.012528248 -0.030224599 112.011299133
-0.028850053 0.023507966 0.999307334 28.406904221 0.015353007 0.999615848 -0.023071984 -3.445112228 -0.999465764 0.014676744 -0.029199885 111.983970642
-0.028168721 0.028676430 0.999191821 29.238889694 0.017347392 0.999451876 -0.028194847 -3.468339920 -0.999452591 0.016539160 -0.028650738 111.962760925
-0.027234472 0.023328368 0.999356866 30.081876755 0.018717304 0.999564171 -0.022823131 -3.500774384 -0.999453843 0.018083690 -0.027659249 111.948272705
-0.025749814 0.015607841 0.999546587 30.910331726 0.021665806 0.999651909 -0.015051345 -3.533056736 -0.999433577 0.021268411 -0.026079010 111.917076111
-0.025487872 0.012837527 0.999592721 31.740726471 0.022947242 0.999661505 -0.012253299 -3.559110165 -0.999411702 0.022625582 -0.025773836 111.900016785
-0.025672818 0.013552798 0.999578536 32.562683105 0.022099083 0.999671459 -0.012986474 -3.583048820 -0.999426067 0.021756368 -0.025963891 111.886230469
-0.026953319 0.014438819 0.999532402 33.374446869 0.018269692 0.999735832 -0.013949100 -3.612128735 -0.999469578 0.017885175 -0.027209992 111.872550964
-0.028400954 0.014459610 0.999491990 34.184169769 0.016503019 0.999765873 -0.013994630 -3.638934135 -0.999460340 0.016097175 -0.028632924 111.849189758
-0.030754216 0.014543641 0.999421120 34.996417999 0.016087957 0.999771833 -0.014053685 -3.663295746 -0.999397516 0.015646433 -0.030981172 111.828353882
-0.032586820 0.014475290 0.999364018 35.801326752 0.014882451 0.999791265 -0.013996198 -3.693332911 -0.999358058 0.014416894 -0.032795440 111.805122375
-0.034932710 0.014710419 0.999281406 36.625797272 0.012504649 0.999819756 -0.014281211 -3.720571041 -0.999311388 0.011996780 -0.035110362 111.791725159
-0.036924567 0.014242521 0.999216557 37.393138885 0.011752824 0.999835491 -0.013817034 -3.740036488 -0.999248922 0.011233428 -0.037085887 111.766975403
-0.038729861 0.013031391 0.999164701 38.181350708 0.012187937 0.999846816 -0.012567852 -3.766788721 -0.999175370 0.011691004 -0.038882751 111.733802795
-0.040686902 0.012787919 0.999090075 38.964321136 0.011498664 0.999857903 -0.012329471 -3.797433376 -0.999105752 0.010986552 -0.040828157 111.704475403
-0.042663507 0.013959019 0.998992026 39.757762909 0.011978786 0.999837637 -0.013459262 -3.819436073 -0.999017656 0.011392491 -0.042823792 111.678161621
-0.043405052 0.014286309 0.998955429 40.533298492 0.012761249 0.999824107 -0.013744250 -3.843046665 -0.998975992 0.012151347 -0.043579727 111.641059875
-0.044736985 0.013219007 0.998911321 41.288753510 0.014781687 0.999811649 -0.012568914 -3.866554737 -0.998889506 0.014203299 -0.044923957 111.609062195
-0.046339199 0.012412382 0.998848677 42.065082550 0.014666747 0.999823391 -0.011744067 -3.892446756 -0.998817980 0.014105652 -0.046513069 111.580154419
-0.047938965 0.012123463 0.998776674 42.826351166 0.013568979 0.999841869 -0.011485113 -3.915538311 -0.998758078 0.013001797 -0.048095897 111.551605225
-0.049053311 0.011134500 0.998734057 43.590114594 0.011663825 0.999876082 -0.010574353 -3.937869549 -0.998727977 0.011130352 -0.049177099 111.521888733
-0.050223999 0.009722402 0.998690665 44.328277588 0.010195501 0.999905467 -0.009221499 -3.964955807 -0.998685777 0.009719014 -0.050318375 111.495216370
-0.051251121 0.009498136 0.998640537 45.055751801 0.010490346 0.999904633 -0.008971784 -3.991202116 -0.998630643 0.010016270 -0.051345870 111.469009399
-0.050580129 0.012014626 0.998647690 45.724636078 0.010514661 0.999878764 -0.011496882 -4.007625580 -0.998664558 0.009918929 -0.050700318 111.419395447
-0.050559450 0.014975812 0.998608708 46.425823212 0.010856084 0.999836743 -0.014444586 -4.030072212 -0.998662055 0.010110669 -0.050713770 111.389129639
-0.050449833 0.016588544 0.998588741 47.125907898 0.008831783 0.999830365 -0.016162977 -4.051465034 -0.998687506 0.008003900 -0.050587777 111.356735229
-0.051152375 0.017398233 0.998539269 47.825187683 0.009038112 0.999815345 -0.016957471 -4.077950478 -0.998649895 0.008157494 -0.051300187 111.330245972
-0.051001888 0.017165756 0.998551071 48.521850586 0.010578560 0.999805510 -0.016647013 -4.101508141 -0.998642504 0.009714203 -0.051173560 111.294998169
-0.051692460 0.016642423 0.998524368 49.209869385 0.010804424 0.999811947 -0.016104553 -4.126660347 -0.998604596 0.009955997 -0.051862556 111.264816284
-0.051481586 0.017096838 0.998527646 49.888870239 0.007723423 0.999830425 -0.016720943 -4.144542217 -0.998644054 0.006851229 -0.051604904 111.229751587
-0.051400937 0.016643254 0.998539388 50.571556091 0.004790896 0.999853671 -0.016418543 -4.178735733 -0.998666525 0.003939969 -0.051473148 111.205596924
-0.051295351 0.015135410 0.998568833 51.259525299 0.006375536 0.999869704 -0.014827622 -4.203726768 -0.998663127 0.005605823 -0.051385164 111.175125122
-0.052179083 0.014569959 0.998531401 51.927982330 0.007272063 0.999872565 -0.014209514 -4.224347591 -0.998611212 0.006519944 -0.052278388 111.136901855
-0.055897396 0.013811449 0.998340845 52.594524384 0.003381133 0.999901175 -0.013643717 -4.251141071 -0.998430729 0.002612875 -0.055938564 111.108879089
-0.060759909 0.013443461 0.998061895 53.264808655 -0.000186433 0.999909103 -0.013479690 -4.272981167 -0.998152316 -0.001005097 -0.060751874 111.071868896
-0.066621199 0.017742977 0.997620583 53.925991058 0.003248022 0.999840379 -0.017565554 -4.290589333 -0.997772992 0.002070054 -0.066668190 111.018081665
-0.073310435 0.020643728 0.997095466 54.595050812 0.005871407 0.999777257 -0.020267561 -4.310195446 -0.997291803 0.004368530 -0.073415302 110.966987610
-0.080301903 0.021942964 0.996529043 55.266742706 0.004794398 0.999754548 -0.021627648 -4.335858822 -0.996758997 0.003041016 -0.080387384 110.910171509
-0.086943582 0.021412447 0.995983124 55.956085205 0.000794364 0.999770105 -0.021424519 -4.355571747 -0.996212840 -0.001071551 -0.086940601 110.861999512
-0.092050314 0.020003499 0.995553434 56.640609741 0.000542210 0.999798954 -0.020038668 -4.385951996 -0.995754123 -0.001304767 -0.092042647 110.795333862
-0.097525567 0.020431852 0.995023310 57.353027344 -0.001679473 0.999784350 -0.020694228 -4.412878036 -0.995231509 -0.003689331 -0.097470246 110.745895386
-0.100924805 0.019876357 0.994695485 58.034065247 -0.003564498 0.999786854 -0.020339761 -4.433683872 -0.994887650 -0.005598374 -0.100832433 110.672912598
-0.103208974 0.016765473 0.994518340 58.738021851 -0.002707378 0.999849498 -0.017136309 -4.453185081 -0.994655967 -0.004461158 -0.103148043 110.600685120
-0.104933612 0.013868811 0.994382560 59.448852539 -0.000863126 0.999900997 -0.014036864 -4.473230839 -0.994478822 -0.002331215 -0.104911253 110.523803711
-0.106106736 0.010911450 0.994294882 60.170578003 -0.001362411 0.999937177 -0.011118760 -4.499107361 -0.994353712 -0.002534414 -0.106085211 110.448143005
-0.107793957 0.010616876 0.994116545 60.899860382 -0.002490355 0.999936938 -0.010949072 -4.518345356 -0.994170070 -0.003655946 -0.107760713 110.381011963
-0.108825214 0.014146623 0.993960142 61.635566711 -0.000601083 0.999897540 -0.014296939 -4.538241386 -0.994060636 -0.002153320 -0.108805560 110.309478760
-0.108881563 0.018465040 0.993883073 62.364425659 0.006010052 0.999821365 -0.017916953 -4.558813572 -0.994036436 0.004022464 -0.108973093 110.220764160
-0.109591320 0.023377204 0.993701756 63.107700348 0.013396826 0.999667227 -0.022040067 -4.583781242 -0.993886292 0.010897049 -0.109868035 110.133834839
-0.109881617 0.024307420 0.993647397 63.845237732 0.013569936 0.999644339 -0.022953508 -4.607706547 -0.993851960 0.010961563 -0.110172406 110.046859741
-0.111142203 0.021370608 0.993574679 64.614273071 0.011182292 0.999732256 -0.020252191 -4.641354561 -0.993741572 0.008859569 -0.111351408 109.982032776
-0.110405095 0.017462460 0.993733287 65.352836609 0.012792299 0.999787688 -0.016147610 -4.659494877 -0.993804216 0.010929354 -0.110605039 109.889732361
-0.110260755 0.015303167 0.993784904 66.099510193 0.014614452 0.999798298 -0.013774289 -4.685579300 -0.993795156 0.013004858 -0.110462174 109.805671692
-0.110995002 0.014451599 0.993715882 66.839141846 0.014045987 0.999817193 -0.012971438 -4.713207245 -0.993721664 0.012517958 -0.111177698 109.724868774
-0.113268226 0.015859276 0.993437827 67.589370728 0.013515644 0.999804676 -0.014419911 -4.735055923 -0.993472517 0.011793636 -0.113460429 109.649429321
-0.115085587 0.016502596 0.993218482 68.328384399 0.012923569 0.999802291 -0.015114515 -4.757812977 -0.993271470 0.011096466 -0.115276113 109.566459656
-0.117356785 0.016561760 0.992951751 69.070472717 0.013655544 0.999793231 -0.015061927 -4.784920216 -0.992995977 0.011791677 -0.117558695 109.479598999
-0.119202964 0.016919017 0.992725909 69.812232971 0.014316715 0.999780118 -0.015320147 -4.807044029 -0.992766619 0.012386364 -0.119418971 109.388648987
-0.121277660 0.016675070 0.992478609 70.563644409 0.014183283 0.999786019 -0.015064693 -4.829801083 -0.992517233 0.012249596 -0.121488191 109.301635742
-0.122880757 0.016933175 0.992276967 71.313308716 0.011884556 0.999807835 -0.015589941 -4.852524757 -0.992350280 0.009877069 -0.123058386 109.213996887
-0.124059618 0.018400367 0.992104173 72.065567017 0.011694904 0.999785721 -0.017080426 -4.877684116 -0.992205858 0.009483572 -0.124248214 109.125762939
-0.125022292 0.018614739 0.991979301 72.828277588 0.010378294 0.999793828 -0.017453372 -4.901732922 -0.992099583 0.008112990 -0.125189707 109.036651611
-0.126361609 0.019082773 0.991800785 73.597717285 0.010493702 0.999784768 -0.017899431 -4.922354698 -0.991928697 0.008145861 -0.126534656 108.942993164
-0.127562657 0.017471734 0.991676688 74.379272461 0.010944379 0.999808669 -0.016207196 -4.943655014 -0.991770089 0.008785852 -0.127729490 108.852333069
-0.128452256 0.015031151 0.991601884 75.160690308 0.008866670 0.999862552 -0.014007777 -4.967731476 -0.991675973 0.006992877 -0.128567860 108.755683899
-0.130104944 0.013042512 0.991414428 75.941589355 0.005509022 0.999907494 -0.012431281 -4.986603260 -0.991484880 0.003844354 -0.130164757 108.659378052
-0.132437572 0.012317249 0.991114795 76.723281860 0.006067414 0.999914110 -0.011615846 -5.011332989 -0.991172791 0.004475129 -0.132500932 108.556831360
-0.133981600 0.012963140 0.990899026 77.520065308 0.007565481 0.999898612 -0.012057931 -5.031591892 -0.990954936 0.005881086 -0.134066075 108.452384949
-0.136249185 0.014515152 0.990568280 78.313720703 0.007025470 0.999881566 -0.013685298 -5.049711704 -0.990649641 0.005094596 -0.136335045 108.344421387
-0.137869701 0.017532256 0.990295112 79.108909607 0.008183882 0.999829292 -0.016561683 -5.080809593 -0.990416586 0.005821103 -0.137989655 108.237701416
-0.138275817 0.021599725 0.990158200 79.921112061 0.010525730 0.999737680 -0.020338777 -5.103539467 -0.990337789 0.007609776 -0.138466910 108.126373291
-0.139500543 0.025232961 0.989900410 80.732879639 0.011091647 0.999652386 -0.023918465 -5.141196728 -0.990159869 0.007642987 -0.139731914 108.010200500
-0.139296934 0.026347769 0.989900053 81.557998657 0.013407710 0.999604523 -0.024719359 -5.170357704 -0.990159869 0.009828961 -0.139595106 107.895515442
-0.138564318 0.025726052 0.990019321 82.386558533 0.016803207 0.999579668 -0.023622692 -5.200859547 -0.990210891 0.013362235 -0.138938382 107.776870728
-0.138250232 0.023676859 0.990114331 83.214035034 0.017547857 0.999615788 -0.021453859 -5.234673500 -0.990241826 0.014408383 -0.138612613 107.655067444
-0.137422383 0.022101773 0.990265906 84.054862976 0.016465466 0.999663770 -0.020026563 -5.263455391 -0.990375698 0.013553090 -0.137740120 107.543777466
-0.136296704 0.019524721 0.990475655 84.906463623 0.015844326 0.999720812 -0.017526668 -5.293271542 -0.990541279 0.013304594 -0.136568010 107.447891235
-0.135003090 0.016423197 0.990709007 85.763244629 0.016335517 0.999763548 -0.014347266 -5.318053722 -0.990710497 0.014246819 -0.135239452 107.341850281
-0.133262053 0.013012629 0.990995347 86.612808228 0.016654657 0.999801874 -0.010888662 -5.344810963 -0.990940869 0.015053643 -0.133452386 107.227890015
-0.131381512 0.012947590 0.991247356 87.460472107 0.014830284 0.999828458 -0.011094045 -5.370594978 -0.991220951 0.013242926 -0.131550983 107.121223450
-0.130079046 0.016959030 0.991358578 88.314804077 0.015393424 0.999767721 -0.015083066 -5.398783684 -0.991384208 0.013298410 -0.130309880 107.013992310
-0.128263220 0.023373749 0.991464734 89.162696838 0.016366450 0.999635994 -0.021449104 -5.424331665 -0.991605103 0.013475625 -0.128599048 106.907867432
-0.126774266 0.026865261 0.991567731 90.014106750 0.014278626 0.999579012 -0.025256760 -5.449524879 -0.991828799 0.010956315 -0.127104521 106.805854797
-0.125084043 0.024433551 0.991845250 90.879409790 0.013043077 0.999650836 -0.022980941 -5.480252743 -0.992060363 0.010062165 -0.125359029 106.701522827
