1.000000000 -0.000000000 0.000000000 0.000000030 -0.000000000 1.000000000 -0.000000000 -0.000000004 0.000000000 -0.000000000 0.999999940 0.000000000
0.999997675 -0.001618865 -0.001433141 -0.002485069 0.001617537 0.999998271 -0.000926833 -0.007816766 0.001434639 0.000924513 0.999998510 0.564055562
0.999995410 -0.001834679 -0.002405028 -0.007784771 0.001828459 0.999994993 -0.002585721 -0.017594241 0.002409761 0.002581311 0.999993682 1.119529366
0.999986529 -0.002521042 -0.004539160 -0.009046062 0.002504917 0.999990523 -0.003554389 -0.035138819 0.004548078 0.003542971 0.999983311 1.684825301
0.999970198 -0.004364663 -0.006363918 -0.020263107 0.004329458 0.999975324 -0.005535336 -0.041419514 0.006387921 0.005507618 0.999964356 2.251635075
0.999951661 -0.006903307 -0.007008930 -0.041872866 0.006853521 0.999951303 -0.007102434 -0.064840183 0.007057621 0.007054053 0.999950171 2.799708605
0.999930978 -0.008113284 -0.008500286 -0.048016552 0.008047580 0.999937773 -0.007735537 -0.077177092 0.008562517 0.007666599 0.999933898 3.371315718
0.999920368 -0.008066149 -0.009711407 -0.062151525 0.007997254 0.999942839 -0.007112350 -0.090009429 0.009768220 0.007034120 0.999927521 3.949947119
0.999905527 -0.008537634 -0.010776314 -0.071089484 0.008456444 0.999935746 -0.007557355 -0.103174955 0.010840141 0.007465512 0.999913335 4.546004295
0.999896586 -0.007933126 -0.011991859 -0.081172347 0.007811396 0.999917746 -0.010164131 -0.121102147 0.012071507 0.010069408 0.999876380 5.138627052
0.999893129 -0.006290399 -0.013197766 -0.095534638 0.006105865 0.999883652 -0.013976380 -0.135848030 0.013284148 0.013894302 0.999815166 5.745299339
0.999881029 -0.005016170 -0.014583983 -0.110638790 0.004756554 0.999830484 -0.017781999 -0.146738797 0.014670709 0.017710514 0.999735475 6.358797550
0.999873638 -0.003077465 -0.015598889 -0.129996032 0.002800125 0.999838114 -0.017770275 -0.161155254 0.015651053 0.017724348 0.999720395 6.987861156
0.999856532 -0.000734739 -0.016924221 -0.141625568 0.000549886 0.999940217 -0.010924437 -0.171641141 0.016931234 0.010913564 0.999796987 7.628706455
0.999850094 0.000185848 -0.017315593 -0.163636416 -0.000189508 1.000000000 -0.000209768 -0.185601264 0.017315550 0.000213020 0.999850035 8.290630341
0.999830604 0.000953428 -0.018384816 -0.176895216 -0.000835384 0.999979019 0.006427381 -0.196659848 0.018390561 -0.006410933 0.999810338 8.974277496
0.999800980 0.003347702 -0.019667652 -0.196136728 -0.003244543 0.999980807 0.005274642 -0.211034939 0.019684929 -0.005209779 0.999792635 9.660062790
0.999780476 0.005230150 -0.020289026 -0.220362946 -0.005269208 0.999984443 -0.001872121 -0.217245489 0.020278916 0.001978617 0.999792337 10.353693008
0.999757409 0.004999190 -0.021450955 -0.238757864 -0.005168477 0.999955893 -0.007843661 -0.216466337 0.021410799 0.007952629 0.999739110 11.063670158
0.999739647 0.002545658 -0.022674391 -0.254026532 -0.002686852 0.999977171 -0.006198742 -0.219173536 0.022658097 0.006258051 0.999723673 11.801878929
0.999733806 0.002290460 -0.022959340 -0.276482642 -0.002223493 0.999993265 0.002941873 -0.231402963 0.022965925 -0.002890040 0.999732018 12.560050011
0.999730766 0.001855298 -0.023127614 -0.300342888 -0.001615706 0.999944985 0.010373967 -0.236266479 0.023145584 -0.010333807 0.999678671 13.336306572
0.999716818 0.000919655 -0.023781115 -0.322164714 -0.000614503 0.999917567 0.012835849 -0.238400951 0.023790954 -0.012817600 0.999634743 14.128072739
0.999709249 -0.000848377 -0.024099994 -0.338402390 0.001134728 0.999928951 0.011870619 -0.238542557 0.024088208 -0.011894513 0.999639034 14.932511330
0.999724627 -0.001373954 -0.023426197 -0.362190515 0.001592991 0.999955237 0.009334008 -0.237555832 0.023412321 -0.009368755 0.999682009 15.761387825
0.999740243 0.001392263 -0.022752736 -0.388198555 -0.001255041 0.999981046 0.006044223 -0.239528090 0.022760717 -0.006014097 0.999722898 16.597160339
0.999753952 -0.002121569 -0.022078361 -0.405140996 0.002128968 0.999997795 0.000311652 -0.242472559 0.022077646 -0.000358580 0.999756217 17.451681137
0.999760449 -0.004698934 -0.021380568 -0.423557669 0.004570175 0.999971271 -0.006067132 -0.250868708 0.021408457 0.005967964 0.999753058 18.324985504
0.999787807 -0.003675866 -0.020267477 -0.442974716 0.003446803 0.999929965 -0.011325371 -0.266065031 0.020307688 0.011253108 0.999730349 19.233358383
0.999800444 -0.002453871 -0.019822206 -0.469449729 0.002213238 0.999923766 -0.012152390 -0.280783623 0.019850511 0.012106091 0.999729574 20.138780594
0.999784350 -0.002391521 -0.020627502 -0.485367090 0.002153350 0.999930859 -0.011560807 -0.299818397 0.020653723 0.011513893 0.999720335 21.073566437
0.999790967 -0.000821594 -0.020426959 -0.514941990 0.000559145 0.999917328 -0.012850535 -0.326200902 0.020435827 0.012836427 0.999708772 22.015077591
0.999789834 0.001977967 -0.020405501 -0.531716824 -0.002282077 0.999886572 -0.014890837 -0.348138720 0.020373732 0.014934276 0.999680758 22.975778580
0.999773264 0.005246146 -0.020637486 -0.559174955 -0.005573961 0.999858797 -0.015859120 -0.369480759 0.020551369 0.015970556 0.999661148 23.940565109
0.999765396 0.006977131 -0.020506673 -0.590723574 -0.007300397 0.999849617 -0.015731594 -0.397002459 0.020393828 0.015877610 0.999665856 24.915771484
0.999756098 0.008145856 -0.020529386 -0.621827066 -0.008470883 0.999839425 -0.015795374 -0.422440559 0.020397421 0.015965423 0.999664366 25.897958755
0.999746501 0.007561100 -0.021208717 -0.634954691 -0.007898745 0.999842763 -0.015881749 -0.447570056 0.021085296 0.016045248 0.999648750 26.869318008
0.999732435 0.008771081 -0.021402715 -0.659293294 -0.009084267 0.999852479 -0.014579900 -0.484312236 0.021271674 0.014770427 0.999664605 27.912164688
0.999720156 0.009390236 -0.021712737 -0.685476899 -0.009659089 0.999877572 -0.012310704 -0.513472021 0.021594478 0.012516984 0.999688447 28.930427551
0.999709785 0.010092813 -0.021875562 -0.713885009 -0.010335785 0.999885857 -0.011022491 -0.541992962 0.021761816 0.011245394 0.999699950 29.949888229
0.999706864 0.010217332 -0.021951193 -0.740641713 -0.010484424 0.999872029 -0.012087079 -0.569033682 0.021824885 0.012313681 0.999686003 30.973569870
0.999685943 0.011326226 -0.022354333 -0.768245161 -0.011625602 0.999843836 -0.013308071 -0.595727921 0.022200111 0.013563773 0.999661505 31.998022079
0.999683321 0.010889163 -0.022687266 -0.797811091 -0.011168603 0.999862909 -0.012227014 -0.623843610 0.022551013 0.012476527 0.999667823 33.032436371
0.999673009 0.010799656 -0.023178454 -0.828804791 -0.011030979 0.999890387 -0.009875485 -0.645597577 0.023069263 0.010127936 0.999682486 34.088073730
0.999660432 0.010798460 -0.023714198 -0.859767914 -0.010947415 0.999921203 -0.006160413 -0.670415163 0.023645803 0.006417931 0.999699771 35.138904572
0.999645770 0.011000728 -0.024235642 -0.887462914 -0.011098811 0.999930739 -0.003916322 -0.693037212 0.024190873 0.004183921 0.999698579 36.227432251
0.999633849 0.011347448 -0.024565652 -0.921095133 -0.011435886 0.999928653 -0.003462539 -0.710791767 0.024524603 0.003742201 0.999692261 37.299613953
0.999618948 0.010614070 -0.025482142 -0.945913970 -0.010736922 0.999931335 -0.004689113 -0.735419095 0.025430618 0.004960925 0.999664247 38.390991211
0.999601543 0.011145637 -0.025932956 -0.986949682 -0.011287362 0.999922097 -0.005325088 -0.753171682 0.025871582 0.005615680 0.999649465 39.467338562
0.999588490 0.010702714 -0.026612667 -1.019132495 -0.010817309 0.999932826 -0.004165780 -0.777174652 0.026566297 0.004451942 0.999637127 40.559902191
0.999554515 0.011312337 -0.027618557 -1.052860737 -0.011385691 0.999932051 -0.002500093 -0.791748226 0.027588397 0.002813434 0.999615431 41.646873474
0.999547899 0.010796436 -0.028059378 -1.092911482 -0.010784014 0.999941707 0.000594062 -0.822017848 0.028064154 -0.000291203 0.999606133 42.738388062
0.999523163 0.012321062 -0.028311253 -1.137218475 -0.012317855 0.999924183 0.000287721 -0.842005312 0.028312644 0.000061149 0.999599159 43.814266205
0.999492407 0.013629890 -0.028796669 -1.165648103 -0.013736813 0.999899387 -0.003518505 -0.866740406 0.028745817 0.003912293 0.999579072 44.903755188
0.999484420 0.014801522 -0.028492084 -1.208148241 -0.015026215 0.999857485 -0.007688325 -0.886666417 0.028374227 0.008112488 0.999564469 45.984397888
0.999474406 0.015198394 -0.028634513 -1.244509339 -0.015430815 0.999849558 -0.007913396 -0.911658287 0.028509935 0.008351089 0.999558628 47.065448761
0.999466658 0.015828408 -0.028565669 -1.281836867 -0.015989453 0.999857366 -0.005418098 -0.936079204 0.028475842 0.005871957 0.999577224 48.166767120
0.999465287 0.016481688 -0.028242063 -1.318267584 -0.016582068 0.999857008 -0.003323765 -0.957490027 0.028183246 0.003790298 0.999595523 49.272041321
0.999488831 0.015038817 -0.028214220 -1.353313327 -0.015104928 0.999883711 -0.002131516 -0.978571177 0.028178882 0.002556600 0.999599636 50.360351562
0.999495864 0.014890382 -0.028040394 -1.383367777 -0.014965178 0.999885023 -0.002459495 -1.007292867 0.028000548 0.002877884 0.999603748 51.449642181
0.999517798 0.013972181 -0.027729541 -1.426445603 -0.014109404 0.999889135 -0.004759083 -1.024523854 0.027659971 0.005148035 0.999604106 52.550590515
0.999524117 0.013732865 -0.027619623 -1.452556372 -0.013926146 0.999879777 -0.006817820 -1.046807289 0.027522670 0.007199210 0.999595284 53.638526917
0.999536455 0.013318313 -0.027377360 -1.490358114 -0.013578160 0.999864340 -0.009327336 -1.078588724 0.027249420 0.009694746 0.999581695 54.743358612
0.999565065 0.011289578 -0.027242830 -1.522291064 -0.011635365 0.999853373 -0.012567676 -1.109858036 0.027096948 0.012879192 0.999549806 55.819801331
0.999584496 0.009566949 -0.027192051 -1.550149679 -0.009958426 0.999848187 -0.014297844 -1.141731739 0.027051134 0.014562692 0.999527931 56.907524109
0.999611199 0.007934423 -0.026730340 -1.583126307 -0.008247916 0.999898255 -0.011638105 -1.176668167 0.026635276 0.011854049 0.999574900 57.992832184
0.999629200 0.006774474 -0.026373785 -1.621466875 -0.006940397 0.999956667 -0.006204628 -1.197897673 0.026330607 0.006385372 0.999632776 59.099216461
0.999642968 0.005186909 -0.026213583 -1.650706649 -0.005198847 0.999986470 -0.000387188 -1.218691707 0.026211219 0.000523330 0.999656260 60.194850922
0.999655068 0.003812827 -0.025986539 -1.680080652 -0.003805081 0.999992728 0.000347527 -1.240824223 0.025987677 -0.000248526 0.999662220 61.291900635
0.999655068 0.000534527 -0.026259713 -1.703631401 -0.000603096 0.999996424 -0.002603349 -1.257493854 0.026258226 0.002618288 0.999651790 62.387443542
0.999659777 -0.000923728 -0.026070876 -1.738557577 0.000768379 0.999981999 -0.005968130 -1.276920557 0.026075918 0.005946067 0.999642253 63.475990295
0.999665201 0.001360966 -0.025838582 -1.776291370 -0.001612438 0.999951601 -0.009714053 -1.309847713 0.025824104 0.009752464 0.999618828 64.573081970
0.999660552 0.001303073 -0.026022095 -1.805135131 -0.001667432 0.999900937 -0.013985118 -1.336061358 0.026001291 0.014023760 0.999563456 65.666969299
0.999667645 0.004512999 -0.025381040 -1.842275620 -0.004888397 0.999879360 -0.014747958 -1.364267945 0.025311412 0.014867128 0.999569058 66.759468079
0.999677300 0.008184545 -0.024053633 -1.895123124 -0.008453810 0.999902546 -0.011114012 -1.396352768 0.023960326 0.011313767 0.999648869 67.868888855
0.999663949 0.009303761 -0.024198018 -1.923975229 -0.009519924 0.999915719 -0.008833289 -1.424631238 0.024113793 0.009060683 0.999668121 68.965415955
0.999670863 0.008282668 -0.024283610 -1.953017950 -0.008479273 0.999932051 -0.008004496 -1.450833321 0.024215659 0.008207767 0.999673069 70.053581238
0.999679983 0.007631753 -0.024117459 -1.980100989 -0.007816536 0.999940813 -0.007576782 -1.476280689 0.024058204 0.007762872 0.999680340 71.150154114
0.999683738 0.006541362 -0.024282247 -2.011009693 -0.006688492 0.999959767 -0.005982812 -1.506440163 0.024242135 0.006143331 0.999687135 72.241378784
0.999682367 0.005144633 -0.024673428 -2.041828156 -0.005245447 0.999978304 -0.004022965 -1.531752229 0.024652192 0.004151111 0.999687433 73.346160889
0.999661028 0.004091738 -0.025711786 -2.069285154 -0.004157469 0.999988258 -0.002503518 -1.553300381 0.025701240 0.002609565 0.999666274 74.436492920
0.999658287 0.003216967 -0.025942570 -2.101351976 -0.003307883 0.999988556 -0.003462379 -1.584069610 0.025931131 0.003547011 0.999657333 75.524024963
0.999638438 0.003312146 -0.026686039 -2.132282972 -0.003509374 0.999966919 -0.007347248 -1.608389497 0.026660817 0.007438243 0.999616802 76.596679688
0.999608576 0.004184984 -0.027664946 -2.160104752 -0.004444440 0.999946654 -0.009323670 -1.633340597 0.027624451 0.009442975 0.999573648 77.676879883
0.999595881 0.006201097 -0.027741611 -2.208665133 -0.006414929 0.999950409 -0.007625641 -1.663518429 0.027692951 0.007800522 0.999585986 78.775299072
0.999573410 0.007056223 -0.028340176 -2.244969368 -0.007156714 0.999968529 -0.003446004 -1.685458779 0.028314967 0.003647358 0.999592364 79.859649658
0.999548614 0.008094352 -0.028936056 -2.281291485 -0.008078813 0.999967098 0.000653871 -1.714830875 0.028940402 -0.000419807 0.999581039 80.932899475
0.999515653 0.009668515 -0.029581577 -2.322705269 -0.009635413 0.999952734 0.001261250 -1.731771111 0.029592372 -0.000975609 0.999561608 82.001113892
0.999495506 0.009704266 -0.030241059 -2.359884739 -0.009746090 0.999951661 -0.001235986 -1.748243690 0.030227605 0.001530094 0.999541879 83.072822571
0.999496222 0.009185622 -0.030381288 -2.408174992 -0.009244194 0.999955654 -0.001788024 -1.771116614 0.030363515 0.002067973 0.999536812 84.141876221
0.999477625 0.008704164 -0.031128496 -2.428547144 -0.008759384 0.999960303 -0.001637912 -1.802001119 0.031113006 0.001909723 0.999514043 85.200279236
0.999464214 0.007726163 -0.031805817 -2.467160225 -0.007773539 0.999968827 -0.001366101 -1.821849465 0.031794272 0.001612613 0.999493182 86.234352112
0.999445140 0.006516946 -0.032666761 -2.499112129 -0.006512634 0.999978781 0.000238474 -1.846228004 0.032667622 -0.000025595 0.999466300 87.271766663
0.999450266 0.006805815 -0.032447468 -2.548412085 -0.006698753 0.999971747 0.003407168 -1.878118753 0.032469735 -0.003187937 0.999467611 88.262191772
0.999404013 0.005545998 -0.034071460 -2.579667568 -0.005423635 0.999978542 0.003682811 -1.888018131 0.034091160 -0.003495824 0.999412537 89.244926453
0.999335110 0.004531311 -0.036177162 -2.617757559 -0.004395591 0.999983072 0.003830231 -1.904967666 0.036193904 -0.003668664 0.999337971 90.199165344
0.999225080 0.003636502 -0.039193228 -2.662262678 -0.003521749 0.999989271 0.002996510 -1.928134441 0.039203715 -0.002856159 0.999227107 91.138938904
0.999085963 0.003437860 -0.042608093 -2.706456900 -0.003346677 0.999991953 0.002211189 -1.945931435 0.042615354 -0.002066573 0.999089420 92.058784485
0.998972178 0.003241300 -0.045212518 -2.760807514 -0.003126911 0.999991715 0.002600518 -1.963041425 0.045220576 -0.002456469 0.998974025 92.946136475
0.998785198 0.004492224 -0.049069870 -2.798703432 -0.004315594 0.999983847 0.003704950 -1.984103084 0.049085718 -0.003488684 0.998788476 93.820236206
0.998630643 0.004870238 -0.052087545 -2.849733591 -0.004620414 0.999977291 0.004915609 -2.003959417 0.052110299 -0.004668211 0.998630464 94.660156250
0.998469472 0.006581389 -0.054911923 -2.904293299 -0.006244719 0.999960780 0.006300417 -2.015180349 0.054951228 -0.005947865 0.998471200 95.470092773
0.998311222 0.007885331 -0.057553340 -2.955069780 -0.007485745 0.999946475 0.007155161 -2.031638145 0.057606671 -0.006712249 0.998316646 96.264617920
0.998136282 0.010349386 -0.060138933 -3.008307934 -0.009908903 0.999921858 0.007618059 -2.047702312 0.060213074 -0.007007949 0.998160839 97.027114868
0.997947812 0.011877670 -0.062919848 -3.063728333 -0.011480702 0.999911904 0.006666914 -2.066160679 0.062993489 -0.005930868 0.997996271 97.762390137
0.997784317 0.013096643 -0.065230750 -3.123984098 -0.012933770 0.999912083 0.002918575 -2.079573870 0.065263242 -0.002068429 0.997865856 98.447952271
0.997570038 0.015556036 -0.067912541 -3.177987337 -0.015642459 0.999877393 -0.000740947 -2.094282627 0.067892678 0.001801466 0.997690976 99.111579895
0.997402430 0.017290184 -0.069924705 -3.233743906 -0.017584870 0.999838889 -0.003600905 -2.106700897 0.069851160 0.004821168 0.997545719 99.761650085
0.997326970 0.019385811 -0.070449479 -3.290428400 -0.019740606 0.999795675 -0.004343326 -2.124157906 0.070350878 0.005722431 0.997505844 100.380859375
0.997331500 0.021580840 -0.069743581 -3.339984655 -0.021908281 0.999752164 -0.003933370 -2.137902498 0.069641411 0.005450835 0.997557163 100.961898804
0.997465074 0.025683725 -0.066360705 -3.392826319 -0.025884427 0.999662519 -0.002166217 -2.161328077 0.066282682 0.003878436 0.997793317 101.536354065
0.997725546 0.027996760 -0.061319258 -3.410381317 -0.028104242 0.999604523 -0.000890929 -2.174113512 0.061270066 0.002612234 0.998117745 102.064445496
0.998138964 0.029111609 -0.053583160 -3.441901684 -0.029087717 0.999576092 0.001225796 -2.187240124 0.053596135 0.000335097 0.998562574 102.586769104
0.998599648 0.028919104 -0.044300433 -3.454238415 -0.028782170 0.999578714 0.003725769 -2.200228930 0.044389512 -0.002445489 0.999011278 103.089759827
0.999075949 0.028579134 -0.032103106 -3.468329668 -0.028440582 0.999584079 0.004764209 -2.209569216 0.032225911 -0.003846776 0.999473214 103.567787170
0.999437630 0.027700860 -0.018901614 -3.468543768 -0.027609399 0.999605775 0.005082752 -2.223221540 0.019034959 -0.004558031 0.999808371 104.024322510
0.999610126 0.027668886 -0.003755036 -3.461818933 -0.027652834 0.999608517 0.004261457 -2.236281872 0.003871480 -0.004155958 0.999983788 104.467437744
0.999569237 0.025790367 0.014011586 -3.436418772 -0.025807915 0.999666333 0.001073038 -2.247023106 -0.013979225 -0.001434185 0.999901235 104.888610840
0.999026835 0.026038071 0.035602700 -3.414068460 -0.025932938 0.999657869 -0.003411560 -2.257151365 -0.035679337 0.002484957 0.999360144 105.314933777
0.997966349 0.023414593 0.059289418 -3.357185364 -0.022955386 0.999701142 -0.008414619 -2.268866062 -0.059468720 0.007036493 0.998205304 105.688453674
0.996026635 0.021070445 0.086528763 -3.299185038 -0.020160882 0.999732196 -0.011372267 -2.278516769 -0.086745180 0.009582583 0.996184409 106.090446472
0.993008196 0.018447122 0.116594821 -3.228893280 -0.017091015 0.999774396 -0.012620113 -2.289939165 -0.116801292 0.010539150 0.993099332 106.482650757
0.988678098 0.016278453 0.149166241 -3.144326448 -0.014289189 0.999794364 -0.014397990 -2.304694414 -0.149369910 0.012103511 0.988707304 106.864135742
0.982724369 0.013640699 0.184571818 -3.043380260 -0.010870164 0.999812782 -0.016014194 -2.319066286 -0.184755668 0.013731210 0.982688546 107.230194092
0.974709988 0.010643441 0.223220021 -2.934687138 -0.007060027 0.999833226 -0.016845202 -2.329769850 -0.223362058 0.014843246 0.974622488 107.589797974
0.964784861 0.008361327 0.262907177 -2.816375971 -0.003960489 0.999843180 -0.017264623 -2.346876144 -0.263010263 0.015615406 0.964666605 107.910545349
0.952435136 0.009345810 0.304598033 -2.673985481 -0.003914958 0.999822438 -0.018435458 -2.363100529 -0.304716200 0.016366087 0.952302516 108.257194519
0.937222123 0.010918917 0.348562330 -2.536867142 -0.004652174 0.999812245 -0.018810831 -2.379179716 -0.348702282 0.016008349 0.937096715 108.554786682
0.919073045 0.011826842 0.393909723 -2.367687225 -0.005119537 0.999823630 -0.018074010 -2.386972904 -0.394053936 0.014594697 0.918971360 108.895645142
0.898539603 0.010577973 0.438764960 -2.187349558 -0.003605881 0.999853849 -0.016720569 -2.401448011 -0.438877583 0.013441959 0.898446262 109.205390930
0.875551939 0.008067201 0.483056545 -1.998423815 -0.000271570 0.999868691 -0.016205903 -2.425233126 -0.483123869 0.014057927 0.875439107 109.459152222
0.850087702 0.008920229 0.526565433 -1.789081693 0.001000474 0.999827504 -0.018552644 -2.437214136 -0.526640058 0.016298190 0.849932134 109.738388062
0.822124243 0.010901915 0.569203734 -1.566973329 0.001871841 0.999759555 -0.021851895 -2.453399897 -0.569305062 0.019030431 0.821906030 110.009292603
0.790900052 0.015567323 0.611747265 -1.332645178 0.000326499 0.999665558 -0.025860913 -2.472432613 -0.611945212 0.020653132 0.790630460 110.275573730
0.757621169 0.021426974 0.652342677 -1.070391536 -0.002459722 0.999547660 -0.029974649 -2.480734110 -0.652689874 0.021104846 0.757331133 110.525054932
0.719895184 0.026121709 0.693591058 -0.802967548 -0.004496024 0.999446094 -0.032974154 -2.489155531 -0.694068193 0.020619528 0.719613910 110.767967224
0.681340039 0.026742034 0.731478393 -0.499594390 -0.002812501 0.999420643 -0.033917986 -2.503916740 -0.731961608 0.021052398 0.681020558 110.989265442
0.640703797 0.023653863 0.767423689 -0.185438767 0.001975531 0.999471247 -0.032455459 -2.515594959 -0.767785609 0.022310402 0.640318274 111.180107117
0.597769201 0.022148442 0.801362276 0.134368122 0.004735990 0.999503255 -0.031157536 -2.511830568 -0.801654279 0.022420254 0.597367346 111.343414307
0.551475048 0.020687439 0.833934784 0.477258980 0.006046237 0.999567091 -0.028794616 -2.519787788 -0.834169388 0.020921679 0.551111221 111.528106689
0.503487766 0.018215140 0.863810420 0.831080556 0.007679615 0.999643981 -0.025555667 -2.532592535 -0.863968194 0.019500693 0.503168583 111.689010620
0.452617854 0.014291332 0.891590118 1.198360682 0.010346434 0.999720156 -0.021276945 -2.549284220 -0.891644597 0.018855099 0.452343255 111.837280273
0.400129169 0.014681649 0.916341066 1.550255895 0.006493561 0.999801099 -0.018854329 -2.571742535 -0.916435719 0.013494480 0.399954259 111.960418701
0.348733842 0.019795746 0.937012672 1.928822160 0.002705409 0.999751568 -0.022128083 -2.584919691 -0.937217891 0.010251813 0.348593593 112.072166443
0.298674494 0.024558887 0.954039037 2.316035509 0.002529757 0.999644995 -0.026524853 -2.599808455 -0.954351604 0.010335783 0.298506290 112.155433655
0.252027482 0.026693787 0.967351854 2.715023756 0.004017507 0.999581993 -0.028629869 -2.612439871 -0.967711687 0.011101856 0.251814932 112.228355408
0.210837662 0.026415054 0.977164209 3.131610155 0.010865474 0.999509692 -0.029363496 -2.629580021 -0.977460682 0.016808279 0.210447222 112.279464722
0.175335810 0.026454853 0.984153152 3.571202993 0.018837603 0.999365628 -0.030219872 -2.639753580 -0.984328389 0.023837710 0.174726248 112.328300476
0.144907042 0.027360577 0.989066958 3.998862267 0.023814755 0.999231696 -0.031130828 -2.657121420 -0.989158630 0.028065464 0.144144103 112.361900330
0.116889007 0.025555357 0.992816210 4.469273090 0.021957781 0.999358058 -0.028308943 -2.676002741 -0.992902219 0.025109041 0.116252825 112.401100159
0.091345839 0.022122584 0.995573521 4.962800026 0.015915526 0.999593079 -0.023672186 -2.687216520 -0.995692015 0.018007429 0.090956576 112.443038940
0.067618191 0.018128967 0.997546554 5.467296124 0.011080300 0.999759614 -0.018920256 -2.704242468 -0.997649729 0.012332469 0.067401074 112.470695496
0.045014653 0.015808815 0.998861313 5.991929531 0.014576767 0.999757886 -0.016479924 -2.723825693 -0.998879969 0.015302002 0.044773333 112.478691101
0.024791772 0.016288793 0.999559939 6.527932167 0.023029184 0.999592662 -0.016860511 -2.743773699 -0.999427319 0.023437046 0.024406554 112.464851379
0.007174781 0.018961461 0.999794483 7.084381580 0.026938988 0.999453604 -0.019148324 -2.760944366 -0.999611318 0.027070833 0.006660059 112.463989258
-0.007164530 0.024316266 0.999678671 7.656933308 0.027414801 0.999333322 -0.024111388 -2.771383762 -0.999598503 0.027233245 -0.007826379 112.451690674
-0.018165644 0.029049223 0.999412894 8.262176514 0.025572810 0.999264300 -0.028580081 -2.778545856 -0.999507904 0.025038619 -0.018895149 112.449119568
-0.024936672 0.028773125 0.999274850 8.885645866 0.026269764 0.999259353 -0.028117118 -2.802892208 -0.999343812 0.025549565 -0.025674067 112.433441162
-0.026854826 0.025774345 0.999307036 9.521341324 0.033422198 0.999131799 -0.024871657 -2.818830729 -0.999080360 0.032731108 -0.027692946 112.396469116
-0.026251759 0.024007145 0.999367058 10.179193497 0.034813862 0.999127150 -0.023086878 -2.840416193 -0.999048889 0.034185752 -0.027064623 112.374694824
-0.024535332 0.023575390 0.999421000 10.848808289 0.033602543 0.999176443 -0.022744697 -2.864207029 -0.999134064 0.033025034 -0.025307320 112.363380432
-0.022554358 0.023982722 0.999457896 11.549142838 0.030804196 0.999254227 -0.023282690 -2.886275530 -0.999270797 0.030262375 -0.023276307 112.348648071
-0.021320190 0.025189415 0.999455392 12.264019012 0.029956805 0.999249697 -0.024545208 -2.903553247 -0.999323726 0.029417180 -0.022058789 112.337539673
-0.020751555 0.026083579 0.999444425 12.980991364 0.029221853 0.999248326 -0.025471734 -2.929574251 -0.999357462 0.028677041 -0.021498166 112.335922241
-0.019729171 0.025635831 0.999476731 13.732254028 0.028762026 0.999272048 -0.025062839 -2.955269098 -0.999391556 0.028252501 -0.020452153 112.321907043
-0.019433307 0.024313781 0.999515474 14.496423721 0.027367244 0.999342680 -0.023777481 -2.978878260 -0.999436617 0.026891906 -0.020085933 112.316055298
-0.019037722 0.023113875 0.999551535 15.256040573 0.028107800 0.999350011 -0.022573864 -3.005148888 -0.999423623 0.027665438 -0.019675024 112.305603027
-0.019206563 0.020761095 0.999599993 16.046243668 0.028695360 0.999384046 -0.020205252 -3.031942844 -0.999403656 0.028295809 -0.019790480 112.286186218
-0.020353142 0.018863270 0.999614954 16.835840225 0.026141420 0.999490321 -0.018328656 -3.061736822 -0.999451041 0.025758306 -0.020835878 112.277763367
-0.021641485 0.018083382 0.999602318 17.632986069 0.025549456 0.999519885 -0.017528748 -3.083078146 -0.999439240 0.025159946 -0.022093114 112.264610291
-0.022768641 0.015344671 0.999623001 18.421354294 0.028162276 0.999495327 -0.014701252 -3.106809378 -0.999343932 0.027816933 -0.023189291 112.241569519
-0.024160078 0.014012483 0.999609888 19.238971710 0.029419646 0.999478698 -0.013299584 -3.124714851 -0.999275088 0.029086849 -0.024559723 112.224143982
-0.025792619 0.013104858 0.999581397 20.070692062 0.026921216 0.999560535 -0.012409925 -3.151875019 -0.999304712 0.026589863 -0.026134079 112.207740784
-0.026666896 0.017652310 0.999488533 20.888959885 0.023558209 0.999577522 -0.017025337 -3.175785542 -0.999366701 0.023092147 -0.027071491 112.192489624
-0.027369246 0.022411186 0.999374151 21.716491699 0.025326217 0.999443233 -0.021719147 -3.200990677 -0.999304473 0.024715930 -0.027921597 112.171928406
-0.028872365 0.024065580 0.999293387 22.559444427 0.025386605 0.999405324 -0.023334788 -3.227825880 -0.999260604 0.024694934 -0.029466134 112.155616760
-0.030709002 0.022030769 0.999285519 23.401983261 0.022155454 0.999526381 -0.021355228 -3.254522085 -0.999282718 0.021483826 -0.031182559 112.143295288
-0.031858731 0.017729916 0.999335110 24.257808685 0.018842306 0.999675632 -0.017135266 -3.286127567 -0.999314666 0.018283872 -0.032182466 112.128303528
-0.031370796 0.012060892 0.999434948 25.097427368 0.018092329 0.999770224 -0.011497045 -3.318466425 -0.999344051 0.017721435 -0.031581804 112.090682983
-0.031456403 0.006332475 0.999484956 25.946876526 0.014305527 0.999880373 -0.005884747 -3.340022802 -0.999402761 0.014113047 -0.031543236 112.069259644
-0.031311430 0.004632052 0.999498904 26.794733047 0.011703144 0.999922395 -0.004267389 -3.367535114 -0.999441206 0.011563661 -0.031363215 112.053276062
-0.030734839 0.011576646 0.999460518 27.626569748 0.014403257 0.999834239 -0.011138054 -3.396494389 -0.999423802 0.014053159 -0.030896487 112.032440186
-0.029233273 0.022666207 0.999315619 28.455558777 0.016954985 0.999610305 -0.022176903 -3.421395779 -0.999428809 0.016295079 -0.029606186 112.000297546
-0.028995816 0.028733546 0.999166429 29.292274475 0.019342002 0.999415755 -0.028179413 -3.437218904 -0.999392390 0.018508796 -0.029534640 111.989364624
-0.027688591 0.023257844 0.999345899 30.131864548 0.021067705 0.999520838 -0.022678196 -3.468454838 -0.999394596 0.020426001 -0.028165305 111.966575623
-0.026683619 0.015773110 0.999519527 30.969326019 0.023915006 0.999599457 -0.015135928 -3.498832464 -0.999357820 0.023499632 -0.027050143 111.943038940
-0.026618375 0.012441735 0.999568164 31.801345825 0.024210813 0.999637246 -0.011797866 -3.531321049 -0.999352455 0.023886319 -0.026909944 111.925750732
-0.026426956 0.013112701 0.999564767 32.613018036 0.024155011 0.999630451 -0.012474940 -3.556757689 -0.999358773 0.023814822 -0.026733926 111.906173706
-0.027488656 0.014206175 0.999521136 33.430217743 0.021118714 0.999684155 -0.013627688 -3.580170155 -0.999398947 0.020733992 -0.027779991 111.892044067
-0.029618517 0.014384613 0.999457777 34.245536804 0.019681236 0.999711096 -0.013805011 -3.604766369 -0.999367416 0.019261681 -0.029893065 111.877815247
-0.031929299 0.013990056 0.999392271 35.057624817 0.018583495 0.999737561 -0.013401172 -3.636390209 -0.999317348 0.018144311 -0.032180905 111.861083984
-0.034043916 0.014276826 0.999318480 35.867694855 0.017224850 0.999757826 -0.013696306 -3.662980318 -0.999271810 0.016746832 -0.034281582 111.837814331
-0.036120344 0.014601505 0.999240816 36.671596527 0.015289726 0.999784350 -0.014056759 -3.688262701 -0.999230385 0.014770380 -0.036335804 111.813552856
-0.038264353 0.013733815 0.999173284 37.475208282 0.013459714 0.999821901 -0.013227279 -3.711848497 -0.999176860 0.012942454 -0.038442384 111.789489746
-0.040218376 0.012783186 0.999109149 38.272270203 0.014372262 0.999822080 -0.012213765 -3.735105991 -0.999087453 0.013868238 -0.040394943 111.758995056
-0.042180229 0.012347302 0.999033689 39.048915863 0.012942947 0.999846458 -0.011810884 -3.769525051 -0.999026179 0.012432252 -0.042333562 111.728927612
-0.043878406 0.013308832 0.998948276 39.832523346 0.013109878 0.999832809 -0.012744773 -3.792263269 -0.998950779 0.012536869 -0.044045553 111.697006226
-0.045091148 0.013621214 0.998889983 40.628112793 0.013587207 0.999822855 -0.013020593 -3.815909863 -0.998890460 0.012985010 -0.045268238 111.672210693
-0.046057172 0.012850509 0.998856068 41.401466370 0.015393569 0.999807537 -0.012152955 -3.834799290 -0.998820186 0.014816229 -0.046246123 111.635040283
-0.047783982 0.011941373 0.998786211 42.185039520 0.015893988 0.999810994 -0.011193224 -3.862151623 -0.998731256 0.015339840 -0.047964741 111.605567932
-0.049116395 0.011245240 0.998729706 42.928153992 0.014258539 0.999842644 -0.010556553 -3.892147303 -0.998691261 0.013721927 -0.049269013 111.569511414
-0.050557643 0.010462287 0.998666227 43.684066772 0.012608206 0.999872208 -0.009836627 -3.911517143 -0.998641551 0.012094076 -0.050683085 111.542083740
-0.051399380 0.009115470 0.998636484 44.422161102 0.011609863 0.999896228 -0.008529412 -3.934796810 -0.998610675 0.011155628 -0.051499877 111.513343811
-0.052250404 0.008505358 0.998597801 45.133178711 0.011910841 0.999897897 -0.007893213 -3.960126400 -0.998562932 0.011481714 -0.052346379 111.478889465
-0.052573733 0.011652712 0.998548985 45.836746216 0.011932218 0.999867916 -0.011039869 -3.978922129 -0.998545706 0.011334497 -0.052705824 111.449539185
-0.052207652 0.014261670 0.998534441 46.550788879 0.011772838 0.999837399 -0.013664740 -3.999543428 -0.998566806 0.011042180 -0.052367065 111.408943176
-0.052358501 0.015909595 0.998501658 47.247703552 0.010042762 0.999830961 -0.015404162 -4.021313667 -0.998577893 0.009221176 -0.052509423 111.378761292
-0.052627224 0.016594891 0.998476386 47.942970276 0.009979353 0.999820828 -0.016091244 -4.047107220 -0.998564303 0.009117312 -0.052783392 111.345115662
-0.052575037 0.016255874 0.998484671 48.644775391 0.011813454 0.999807656 -0.015655378 -4.072073460 -0.998547018 0.010972470 -0.052756950 111.310150146
-0.052904502 0.015743874 0.998475492 49.331768036 0.011461839 0.999819517 -0.015157755 -4.096072674 -0.998533726 0.010642452 -0.053075396 111.276580811
-0.053674411 0.016198598 0.998427153 50.029808044 0.008289268 0.999841154 -0.015775919 -4.114449024 -0.998524010 0.007429467 -0.053800158 111.256195068
-0.053398155 0.016113346 0.998443305 50.713371277 0.005807144 0.999857843 -0.015825603 -4.142542362 -0.998556316 0.004953044 -0.053484134 111.227745056
-0.053289920 0.014646010 0.998471677 51.392860413 0.008007834 0.999866545 -0.014239081 -4.165968895 -0.998546898 0.007236795 -0.053400084 111.194671631
-0.054047514 0.014526711 0.998432696 52.058746338 0.008487647 0.999864757 -0.014088092 -4.182459831 -0.998502254 0.007712918 -0.054163493 111.150466919
-0.057495572 0.013723320 0.998251438 52.726795197 0.004644713 0.999898374 -0.013478445 -4.207631111 -0.998335004 0.003861640 -0.057553466 111.116699219
-0.062973380 0.013219994 0.997927666 53.403934479 0.000952640 0.999912620 -0.013186175 -4.231752872 -0.998014688 0.000120287 -0.062980466 111.087890625
-0.068261363 0.017421637 0.997515380 54.054027557 0.005365778 0.999839485 -0.017095042 -4.248680115 -0.997653008 0.004185514 -0.068343893 111.032493591
-0.074384481 0.020195192 0.997025192 54.735080719 0.007934060 0.999775290 -0.019658968 -4.269954681 -0.997198105 0.006448135 -0.074527979 110.968582153
-0.082238108 0.021784009 0.996374607 55.427684784 0.005900537 0.999754190 -0.021370884 -4.293792725 -0.996595204 0.004121644 -0.082346424 110.923416138
-0.088255212 0.020316742 0.995890617 56.066196442 0.002360681 0.999793470 -0.020187156 -4.324132442 -0.996095002 0.000569359 -0.088284940 110.862472534
-0.093382336 0.019337146 0.995442510 56.754562378 0.002448461 0.999812841 -0.019192347 -4.344524384 -0.995627224 0.000645076 -0.093412191 110.798316956
-0.098120645 0.019784208 0.994977772 57.447708130 -0.000009261 0.999802411 -0.019881051 -4.369194031 -0.995174468 -0.001959956 -0.098101057 110.735824585
-0.102354921 0.019213049 0.994562387 58.139118195 -0.002374442 0.999805987 -0.019558705 -4.389292717 -0.994745076 -0.004363459 -0.102289438 110.673324585
-0.104986958 0.015333035 0.994355381 58.841869354 -0.002725382 0.999873042 -0.015705867 -4.418790340 -0.994469821 -0.004358910 -0.104931824 110.600105286
-0.106168777 0.012129662 0.994274199 59.559417725 -0.000321871 0.999925196 -0.012232971 -4.443562031 -0.994348049 -0.001618787 -0.106156923 110.518516541
-0.108036168 0.010164319 0.994094968 60.268386841 -0.000254063 0.999947429 -0.010251770 -4.456426144 -0.994146883 -0.001360125 -0.108027890 110.446212769
-0.109137930 0.009998541 0.993976295 60.993289948 -0.001043220 0.999947786 -0.010173154 -4.472349167 -0.994026065 -0.002147212 -0.109121777 110.370338440
-0.109879017 0.013950343 0.993847132 61.727699280 0.000601299 0.999902248 -0.013968861 -4.488746643 -0.993944645 -0.000937286 -0.109876670 110.297477722
-0.110152356 0.017594209 0.993758976 62.464309692 0.006338011 0.999835432 -0.016999263 -4.515597343 -0.993894398 0.004425946 -0.110245720 110.211906433
-0.110638559 0.022276936 0.993611038 63.209667206 0.013179931 0.999693692 -0.020945726 -4.544219494 -0.993773162 0.010778320 -0.110898271 110.119934082
-0.111231565 0.023518214 0.993516147 63.957832336 0.014731457 0.999649107 -0.022014091 -4.564872742 -0.993685305 0.012187278 -0.111539006 110.032028198
-0.111455470 0.020898042 0.993549645 64.708946228 0.012419186 0.999730051 -0.019634865 -4.592144012 -0.993691802 0.010150663 -0.111684926 109.955749512
-0.111640379 0.015977580 0.993620217 65.458885193 0.013081049 0.999807656 -0.014607326 -4.617268562 -0.993662536 0.011366826 -0.111827925 109.875839233
-0.111564673 0.014406124 0.993652761 66.206451416 0.014914319 0.999806643 -0.012820805 -4.638966560 -0.993645191 0.013389307 -0.111757949 109.787857056
-0.112480856 0.013878351 0.993556917 66.949554443 0.015434844 0.999806285 -0.012218259 -4.663881779 -0.993533969 0.013961078 -0.112673253 109.702819824
-0.114141762 0.014507108 0.993358493 67.695571899 0.013947565 0.999818265 -0.012998803 -4.688040257 -0.993366480 0.012371225 -0.114323340 109.624336243
-0.116413780 0.015175345 0.993084848 68.429473877 0.012871955 0.999822438 -0.013769393 -4.711092472 -0.993117392 0.011179995 -0.116588414 109.544860840
-0.118874662 0.015564959 0.992787182 69.173812866 0.014282377 0.999800563 -0.013964767 -4.732758522 -0.992806494 0.012519306 -0.119073242 109.458770752
-0.120861620 0.016058048 0.992539406 69.916252136 0.014460842 0.999791622 -0.014414483 -4.752504349 -0.992564023 0.012610799 -0.121068627 109.371414185
-0.122579642 0.015372945 0.992339790 70.660339355 0.014423776 0.999802053 -0.013706840 -4.778181076 -0.992353857 0.012633103 -0.122777112 109.276382446
-0.124246530 0.015582336 0.992129028 71.408912659 0.012260087 0.999824524 -0.014167842 -4.800475597 -0.992175519 0.010403284 -0.124415755 109.188079834
-0.125286117 0.017202102 0.991971493 72.158531189 0.012060403 0.999802232 -0.015814666 -4.823097706 -0.992047250 0.009982217 -0.125468761 109.097480774
-0.125946015 0.017485894 0.991882920 72.919189453 0.011470886 0.999803543 -0.016168989 -4.844437599 -0.991970718 0.009341355 -0.126121834 109.003623962
-0.127509996 0.017582078 0.991681397 73.683166504 0.010691997 0.999809146 -0.016351406 -4.868453026 -0.991779625 0.008518086 -0.127673626 108.910614014
-0.128776684 0.016312193 0.991539419 74.468231201 0.011480038 0.999822199 -0.014957482 -4.884480476 -0.991607130 0.009456735 -0.128941014 108.818389893
-0.129513398 0.014065413 0.991477907 75.246322632 0.009377419 0.999872029 -0.012959557 -4.905422688 -0.991533279 0.007619066 -0.129628703 108.719100952
-0.131685674 0.012104521 0.991217613 76.041305542 0.005897128 0.999917328 -0.011427313 -4.922468662 -0.991273880 0.004340524 -0.131746143 108.629295349
-0.133590251 0.011168838 0.990973711 76.819297791 0.007358199 0.999920070 -0.010277732 -4.948487282 -0.991009295 0.005918778 -0.133661747 108.519210815
-0.135138020 0.011992704 0.990754247 77.617118835 0.008698359 0.999902546 -0.010916994 -4.966531277 -0.990788579 0.007142635 -0.135229155 108.414604187
-0.137604043 0.013371197 0.990397096 78.415580750 0.008032897 0.999891043 -0.012383297 -4.984820843 -0.990454733 0.006251767 -0.137696445 108.306854248
-0.139230832 0.016371759 0.990124583 79.203414917 0.009391055 0.999840260 -0.015211840 -5.015470982 -0.990215421 0.007180359 -0.139362305 108.198745728
-0.139494494 0.020335896 0.990013957 80.019187927 0.011404021 0.999755800 -0.018929161 -5.037803173 -0.990157127 0.008649626 -0.139692336 108.085487366
-0.140692607 0.024224853 0.989756823 80.833717346 0.012226109 0.999666870 -0.022729479 -5.072839737 -0.989977777 0.008903007 -0.140941903 107.965248108
-0.140537500 0.025517885 0.989746392 81.659591675 0.014445462 0.999614239 -0.023721134 -5.099785328 -0.989969909 0.010963636 -0.140851900 107.849609375
-0.140017807 0.024950033 0.989834607 82.493644714 0.017614232 0.999587059 -0.022704221 -5.129125118 -0.989992321 0.014256180 -0.140399456 107.733665466
-0.139761180 0.022925664 0.989919841 83.323959351 0.018459508 0.999618471 -0.020544080 -5.159603119 -0.990013182 0.015402169 -0.140131071 107.612808228
-0.138781488 0.021305243 0.990093768 84.179016113 0.017588699 0.999663830 -0.019045765 -5.190158844 -0.990166843 0.014771263 -0.139109567 107.499794006
-0.137431428 0.018550701 0.990337551 85.019966125 0.017038977 0.999721050 -0.016361926 -5.220124722 -0.990364730 0.014625693 -0.137709141 107.395530701
-0.136092633 0.015688635 0.990571916 85.877052307 0.017489797 0.999756873 -0.013431218 -5.241910458 -0.990541637 0.015497011 -0.136333913 107.287956238
-0.134238258 0.012304247 0.990872741 86.725349426 0.017912509 0.999789655 -0.009988278 -5.267614841 -0.990787208 0.016408205 -0.134430438 107.171134949
-0.132508188 0.011820119 0.991111457 87.580345154 0.015778176 0.999827325 -0.009814579 -5.295981884 -0.991056204 0.014337415 -0.132671818 107.066062927
-0.131226301 0.015964421 0.991223931 88.431831360 0.016362578 0.999769032 -0.013935836 -5.322866440 -0.991217315 0.014390231 -0.131457210 106.957206726
-0.129276186 0.022331351 0.991357148 89.281852722 0.017230636 0.999646008 -0.020271135 -5.346439362 -0.991458833 0.014461137 -0.129615188 106.848197937
-0.127919674 0.025659923 0.991452515 90.131919861 0.015113221 0.999599576 -0.023920834 -5.373223305 -0.991669297 0.011924092 -0.128256276 106.746788025
-0.126193717 0.023210201 0.991733968 90.990318298 0.014044408 0.999667823 -0.021608792 -5.402337551 -0.991906166 0.011201421 -0.126477778 106.638572693
