1.000000000 0.000000000 0.000000000 0.000000000 0.000000000 1.000000000 0.000000000 0.000000000 0.000000000 0.000000000 1.000000000 0.000000000
0.999997318 0.001029338 0.002085672 -0.009833712 -0.001027113 0.999998927 -0.001067539 -0.016891507 -0.002086768 0.001065394 0.999997258 1.206220031
0.999979913 0.001766927 0.006089217 -0.052620910 -0.001764097 0.999998331 -0.000470149 -0.041440282 -0.006090038 0.000459398 0.999981344 2.407147408
0.999973357 0.001294351 0.007182162 -0.049548756 -0.001293289 0.999999106 -0.000152578 -0.060609162 -0.007182353 0.000143286 0.999974251 3.602809429
0.999965131 0.001217757 0.008263508 -0.046170220 -0.001215295 0.999999285 -0.000302942 -0.080193751 -0.008263870 0.000292889 0.999965906 4.801814556
0.999961734 0.000844415 0.008705703 -0.037635431 -0.000846257 0.999999642 0.000207850 -0.105215207 -0.008705523 -0.000215209 0.999962091 5.997000694
0.999957025 0.001082082 0.009218466 -0.027627595 -0.001074817 0.999999166 -0.000793089 -0.125930220 -0.009219317 0.000783147 0.999957263 7.197167873
0.999946594 0.000925968 0.010295840 -0.031557031 -0.000918013 0.999999285 -0.000777373 -0.152395412 -0.010296553 0.000767879 0.999946654 8.368376732
0.999925077 0.001298348 0.012172590 -0.053183064 -0.001301799 0.999999046 0.000275546 -0.168300584 -0.012172219 -0.000291371 0.999925852 9.533135414
0.999940813 0.000551440 0.010865259 -0.046343036 -0.000567420 0.999998689 0.001467716 -0.192550108 -0.010864437 -0.001473794 0.999939799 10.728666306
0.999958277 -0.001307358 0.009044375 -0.053503715 0.001300434 0.999998808 0.000771478 -0.209941432 -0.009045374 -0.000759684 0.999958694 11.879649162
0.999973774 -0.000935145 0.007183346 -0.054655805 0.000933295 0.999999642 0.000260948 -0.227355465 -0.007183587 -0.000254238 0.999974072 13.074841499
0.999986947 -0.000844292 0.005070410 -0.041663431 0.000842714 0.999999583 0.000313377 -0.253745526 -0.005070673 -0.000309100 0.999987066 14.265492439
0.999990463 0.000830712 0.004291678 -0.046254188 -0.000831519 0.999999642 0.000186303 -0.274457157 -0.004291522 -0.000189869 0.999990702 15.464646339
0.999992490 0.000598081 0.003824007 -0.047811791 -0.000598573 0.999999821 0.000127491 -0.291551173 -0.003823930 -0.000129779 0.999992669 16.667726517
0.999995291 0.000256541 0.003075012 -0.046843510 -0.000259194 0.999999583 0.000862443 -0.313240856 -0.003074790 -0.000863236 0.999994874 17.858095169
0.999997437 0.000036218 0.002291956 -0.047010873 -0.000039147 0.999999225 0.001277749 -0.334107697 -0.002291908 -0.001277835 0.999996483 19.052917480
0.999998271 0.000398053 0.001769995 -0.049629558 -0.000398626 0.999999821 0.000322943 -0.354917675 -0.001769866 -0.000323647 0.999998391 20.264259338
0.999998808 -0.000022889 0.001522943 -0.055875473 0.000023766 0.999999881 -0.000575977 -0.374226034 -0.001522929 0.000576013 0.999998689 21.462991714
0.999998927 0.001174826 0.000896878 -0.074158818 -0.001174992 0.999999285 0.000184545 -0.400350630 -0.000896661 -0.000185599 0.999999583 22.658237457
0.999999881 0.000447981 0.000095947 -0.081796587 -0.000447987 0.999999821 0.000065444 -0.420131922 -0.000095918 -0.000065487 1.000000000 23.858283997
0.999999642 0.000390895 -0.000750232 -0.088016301 -0.000391301 0.999999762 -0.000540781 -0.447892696 0.000750021 0.000541074 0.999999523 25.043783188
0.999998152 0.001055261 -0.001654099 -0.100213140 -0.001054906 0.999999464 0.000215230 -0.467801332 0.001654325 -0.000213485 0.999998510 26.242952347
0.999996424 -0.000711289 -0.002554789 -0.100457869 0.000715860 0.999998152 0.001788730 -0.488065600 0.002553513 -0.001790553 0.999995112 27.447154999
0.999993980 -0.000418073 -0.003432149 -0.109725282 0.000424230 0.999998331 0.001793289 -0.504560351 0.003431395 -0.001794735 0.999992490 28.642658234
0.999991059 -0.001414944 -0.003978343 -0.124644719 0.001419810 0.999998391 0.001220659 -0.529179037 0.003976609 -0.001226297 0.999991298 29.846767426
0.999983370 -0.001964428 -0.005411952 -0.126935780 0.001965498 0.999998093 0.000192564 -0.549300909 0.005411563 -0.000203198 0.999985337 31.044494629
0.999983311 -0.001233416 -0.005636488 -0.151584223 0.001235637 0.999999166 0.000390703 -0.569994867 0.005636001 -0.000397661 0.999983966 32.248123169
0.999977767 -0.001684773 -0.006453948 -0.162434608 0.001690200 0.999998271 0.000835613 -0.588620663 0.006452528 -0.000846503 0.999978781 33.455162048
0.999974072 -0.001914961 -0.006927293 -0.175695509 0.001922524 0.999997556 0.001085359 -0.607492208 0.006925199 -0.001098648 0.999975383 34.658390045
0.999968588 -0.002612502 -0.007475651 -0.188158989 0.002622003 0.999995828 0.001261292 -0.631136060 0.007472326 -0.001280854 0.999971271 35.854953766
0.999968290 -0.002608659 -0.007521792 -0.214588583 0.002615606 0.999996126 0.000913892 -0.649536908 0.007519376 -0.000933537 0.999971271 37.057636261
0.999964356 -0.003544709 -0.007662841 -0.225043565 0.003557047 0.999992371 0.001597028 -0.669496238 0.007657120 -0.001624228 0.999969363 38.256141663
0.999964058 -0.003437773 -0.007744115 -0.240958452 0.003462491 0.999988914 0.003180618 -0.694249570 0.007733095 -0.003207319 0.999964952 39.464004517
0.999964058 -0.002879656 -0.007975436 -0.250160128 0.002909624 0.999988735 0.003748578 -0.706939459 0.007964553 -0.003771650 0.999961257 40.663524628
0.999965787 -0.002236309 -0.007957231 -0.266393930 0.002263014 0.999991834 0.003348756 -0.724433541 0.007949677 -0.003366650 0.999962687 41.864345551
0.999975860 -0.001031903 -0.006860766 -0.299098372 0.001053398 0.999994516 0.003130201 -0.737529576 0.006857498 -0.003137352 0.999971569 43.052253723
0.999974549 0.001448973 -0.006984058 -0.307248890 -0.001413099 0.999985874 0.005138736 -0.753912210 0.006991407 -0.005128737 0.999962330 44.247051239
0.999987304 0.001519570 -0.004802990 -0.329820693 -0.001479651 0.999964356 0.008303935 -0.772623181 0.004815440 -0.008296723 0.999953985 45.462814331
0.999993622 0.001882242 -0.003030730 -0.342466742 -0.001848868 0.999938011 0.010977188 -0.781174362 0.003051204 -0.010971517 0.999935150 46.661388397
0.999995887 0.002270509 -0.001742569 -0.342483938 -0.002244819 0.999890804 0.014605784 -0.790232599 0.001775543 -0.014601815 0.999891818 47.859268188
0.999998510 0.001710085 0.000390298 -0.370770514 -0.001716058 0.999872804 0.015854418 -0.796060264 -0.000363136 -0.015855065 0.999874175 49.077266693
0.999997973 -0.000172355 0.002011403 -0.372972459 0.000143373 0.999896288 0.014399996 -0.798194468 -0.002013676 -0.014399679 0.999894261 50.293117523
0.999993503 0.000973785 0.003470918 -0.376753539 -0.001016952 0.999921918 0.012456885 -0.799900234 -0.003458517 -0.012460334 0.999916375 51.495883942
0.999992669 0.000622789 0.003755140 -0.379500002 -0.000667871 0.999927580 0.012016010 -0.804567635 -0.003747385 -0.012018429 0.999920785 52.700309753
0.999992967 0.000277194 0.003733187 -0.380007654 -0.000319326 0.999936223 0.011290086 -0.807176888 -0.003729820 -0.011291200 0.999929309 53.901329041
0.999993205 -0.000217626 0.003657276 -0.394896030 0.000179938 0.999946952 0.010302134 -0.812666595 -0.003659324 -0.010301406 0.999940217 55.113231659
0.999998033 0.000096587 0.001965425 -0.396713793 -0.000118177 0.999939740 0.010987488 -0.818580031 -0.001964245 -0.010987697 0.999937654 56.326705933
0.999999464 -0.000368703 0.000907225 -0.410829991 0.000357872 0.999929011 0.011909636 -0.825241923 -0.000911551 -0.011909307 0.999928653 57.517570496
0.999999404 -0.001052466 -0.000175782 -0.414076984 0.001054599 0.999919951 0.012607045 -0.836537480 0.000162499 -0.012607224 0.999920487 58.726055145
0.999999166 0.000416682 -0.001182024 -0.421569109 -0.000402253 0.999925733 0.012181367 -0.841937542 0.001187011 -0.012180881 0.999925017 59.926773071
0.999997854 0.000868798 -0.001899756 -0.428177238 -0.000846078 0.999928534 0.011927911 -0.845845640 0.001909984 -0.011926278 0.999927044 61.131752014
0.999997973 -0.000364085 -0.001979320 -0.439090550 0.000386532 0.999935508 0.011352414 -0.853790224 0.001975060 -0.011353157 0.999933541 62.332492828
0.999996662 -0.001425848 -0.002148263 -0.447298497 0.001448690 0.999942064 0.010669014 -0.864158988 0.002132924 -0.010672092 0.999940753 63.540851593
0.999995410 -0.001885697 -0.002357295 -0.459309280 0.001914327 0.999923706 0.012202447 -0.878218353 0.002334103 -0.012206905 0.999922812 64.723213196
0.999995410 -0.001747856 -0.002452596 -0.471900702 0.001781121 0.999905527 0.013627578 -0.880302966 0.002428546 -0.013631886 0.999904156 65.920021057
0.999995053 -0.001491247 -0.002747698 -0.485424101 0.001524306 0.999925911 0.012069027 -0.891901195 0.002729497 -0.012073155 0.999923348 67.107368469
0.999997318 0.000355412 -0.002297616 -0.502139926 -0.000330529 0.999941409 0.010821017 -0.897844553 0.002301329 -0.010820230 0.999938786 68.305908203
0.999994218 0.002322481 -0.002493847 -0.511932015 -0.002294236 0.999933898 0.011269418 -0.907130837 0.002519855 -0.011263631 0.999933362 69.500450134
0.999987364 0.004529604 -0.002188822 -0.524169564 -0.004504066 0.999923408 0.011534661 -0.914072812 0.002240902 -0.011524656 0.999931097 70.688896179
0.999981225 0.005761414 -0.002108238 -0.534342706 -0.005736379 0.999915183 0.011694241 -0.919571280 0.002175433 -0.011681926 0.999929428 71.895378113
0.999981523 0.005959365 -0.001322904 -0.546777785 -0.005941874 0.999899685 0.012854040 -0.928255022 0.001399374 -0.012845940 0.999916434 73.078178406
0.999967635 0.007991632 0.000980333 -0.560263932 -0.008003976 0.999879301 0.013310243 -0.929999948 -0.000873844 -0.013317658 0.999910891 74.258941650
0.999970734 0.006851171 0.003426185 -0.562531292 -0.006889254 0.999913216 0.011229799 -0.937797844 -0.003348950 -0.011253074 0.999931097 75.445899963
0.999975860 0.004080722 0.005601830 -0.549641371 -0.004116642 0.999970913 0.006415693 -0.954619825 -0.005575486 -0.006438600 0.999963641 76.625068665
0.999952793 0.005096419 0.008261023 -0.547465086 -0.005144594 0.999969780 0.005820925 -0.962056637 -0.008231108 -0.005863151 0.999948859 77.805419922
0.999930501 0.004147104 0.011030043 -0.539347529 -0.004252938 0.999944985 0.009589002 -0.975358784 -0.010989668 -0.009635246 0.999893188 78.978813171
0.999879897 0.004669655 0.014773573 -0.533814549 -0.004828944 0.999930501 0.010764743 -0.985571325 -0.014722276 -0.010834792 0.999832928 80.139495850
0.999807060 0.004393011 0.019144747 -0.525160074 -0.004568467 0.999947786 0.009130602 -0.994676113 -0.019103637 -0.009216301 0.999775052 81.315162659
0.999739647 0.003084786 0.022605963 -0.502716422 -0.003229663 0.999974370 0.006375078 -1.009368658 -0.022585716 -0.006446428 0.999724150 82.476493835
0.999661028 0.002223266 0.025941284 -0.480810404 -0.002293549 0.999993801 0.002679917 -1.024780512 -0.025935167 -0.002738506 0.999659896 83.649436951
0.999571204 0.001390090 0.029249622 -0.448458910 -0.001446910 0.999997139 0.001921535 -1.041623473 -0.029246867 -0.001963033 0.999570310 84.807647705
0.999462605 0.001321806 0.032754220 -0.412934542 -0.001439072 0.999992609 0.003556880 -1.060583830 -0.032749280 -0.003602104 0.999457002 85.968849182
0.999323428 0.002575990 0.036689937 -0.382486820 -0.002728086 0.999987841 0.004095972 -1.081609845 -0.036678944 -0.004193294 0.999318182 87.135902405
0.999174595 0.002045268 0.040571079 -0.340213299 -0.002122369 0.999996006 0.001857428 -1.097083092 -0.040567111 -0.001942002 0.999174953 88.280914307
0.999047875 0.001813452 0.043590970 -0.288955450 -0.001800873 0.999998331 -0.000327845 -1.115613937 -0.043591499 0.000249031 0.999049425 89.428070068
0.998903751 0.001547197 0.046785623 -0.241272926 -0.001512089 0.999998569 -0.000785765 -1.135308862 -0.046786766 0.000714159 0.998904586 90.585121155
0.998764277 0.000481312 0.049698841 -0.188708782 -0.000506679 0.999999762 0.000497816 -1.156221747 -0.049698599 -0.000522383 0.998764157 91.736511230
0.998621166 0.000072317 0.052495226 -0.134939194 -0.000179080 0.999997914 0.002029066 -1.173040509 -0.052494980 -0.002035669 0.998619139 92.894493103
0.998469353 -0.001083724 0.055297747 -0.080710888 0.000880614 0.999992788 0.003697261 -1.189557314 -0.055301357 -0.003642905 0.998462975 94.058219910
0.998331726 -0.002539803 0.057682857 -0.016437054 0.002271919 0.999986410 0.004709192 -1.203402519 -0.057694018 -0.004570284 0.998323798 95.213325500
0.998194814 -0.003332606 0.059967097 0.044172287 0.003200821 0.999992251 0.002293553 -1.217388034 -0.059974276 -0.002097469 0.998197675 96.373237610
0.998050272 -0.004904479 0.062222254 0.114392281 0.004994957 0.999986708 -0.001298655 -1.235178351 -0.062215056 0.001606921 0.998061478 97.531494141
0.997921824 -0.003767175 0.064325958 0.180737972 0.004032935 0.999983907 -0.004002115 -1.254168987 -0.064309843 0.004253220 0.997920930 98.693901062
0.997815251 -0.003840147 0.065955311 0.254568577 0.004166024 0.999979854 -0.004804055 -1.276732564 -0.065935530 0.005068331 0.997811019 99.867950439
0.997808099 -0.003809129 0.066064835 0.333460808 0.004101047 0.999982536 -0.004283616 -1.297634721 -0.066047363 0.004545162 0.997806251 101.044250488
0.997834384 -0.003822534 0.065664783 0.394089699 0.003986340 0.999989271 -0.002363733 -1.322925568 -0.065655038 0.002620376 0.997838914 102.222457886
0.997922182 -0.004136459 0.064296871 0.464801788 0.004211202 0.999990582 -0.001026983 -1.340547323 -0.064292021 0.001295616 0.997930288 103.422599792
0.998041928 -0.003844799 0.062430002 0.526585579 0.003856316 0.999992549 -0.000063987 -1.360697150 -0.062429298 0.000304612 0.998049319 104.603248596
0.998210013 -0.003670160 0.059693862 0.596032619 0.003659536 0.999993265 0.000287293 -1.376443028 -0.059694510 -0.000068327 0.998216689 105.804924011
0.998364151 -0.003074884 0.057091542 0.652267933 0.003066396 0.999995351 0.000236269 -1.393796563 -0.057091996 -0.000060817 0.998368859 107.011993408
0.998569310 -0.001165686 0.053459622 0.705102921 0.001190667 0.999999225 -0.000435446 -1.404704332 -0.053459071 0.000498476 0.998569846 108.211830139
0.998774529 -0.001455628 0.049470685 0.756835938 0.001449051 0.999999046 0.000168815 -1.429139614 -0.049470883 -0.000096922 0.998775601 109.416519165
0.998975277 -0.000813515 0.045253851 0.812137604 0.000746595 0.999998569 0.001495645 -1.448486924 -0.045255013 -0.001460326 0.998974442 110.639526367
0.999159217 -0.000404811 0.040999588 0.852715254 0.000320976 0.999997854 0.002051311 -1.465289235 -0.041000329 -0.002036426 0.999157190 111.847564697
0.999332726 -0.000340877 0.036523569 0.892113924 0.000247699 0.999996722 0.002555664 -1.480594158 -0.036524322 -0.002544913 0.999329507 113.067092896
0.999506354 0.000154842 0.031417403 0.927206993 -0.000236992 0.999996603 0.002611093 -1.495519638 -0.031416893 -0.002617250 0.999502897 114.285423279
0.999640465 0.000799389 0.026802294 0.946136713 -0.000872496 0.999995947 0.002716027 -1.516283512 -0.026800014 -0.002738436 0.999637067 115.522773743
0.999764860 0.000997561 0.021661507 0.967139482 -0.001047938 0.999996841 0.002314442 -1.529895782 -0.021659132 -0.002336598 0.999762654 116.744110107
0.999849081 0.002311782 0.017222386 0.978833556 -0.002338384 0.999996066 0.001524613 -1.545449138 -0.017218795 -0.001564656 0.999850512 117.966445923
0.999894202 0.004254139 0.013907296 0.984793603 -0.004276038 0.999989629 0.001545200 -1.563111424 -0.013900580 -0.001604505 0.999902010 119.206504822
0.999915242 0.006037195 0.011529021 0.994943619 -0.006057766 0.999980092 0.001750147 -1.580402732 -0.011518226 -0.001819839 0.999931991 120.428298950
0.999913812 0.007314002 0.010906192 0.989187241 -0.007328136 0.999972343 0.001256672 -1.599938512 -0.010896700 -0.001336485 0.999939740 121.689529419
0.999900579 0.009654507 0.010276951 0.982732415 -0.009671534 0.999951959 0.001608455 -1.616920471 -0.010260927 -0.001707688 0.999945939 122.926933289
0.999900460 0.010793106 0.009085315 0.990224600 -0.010814682 0.999938726 0.002329081 -1.633213878 -0.009059622 -0.002427104 0.999956012 124.170593262
0.999908507 0.010452401 0.008583967 0.989894152 -0.010475408 0.999941587 0.002639759 -1.647095442 -0.008555875 -0.002729438 0.999959648 125.419891357
0.999865949 0.014324435 0.007932832 0.982302785 -0.014361289 0.999886215 0.004608713 -1.662472010 -0.007865912 -0.004722021 0.999957919 126.661933899
0.999851406 0.015459023 0.007629629 0.977437973 -0.015518673 0.999848962 0.007821769 -1.674750686 -0.007507560 -0.007939009 0.999940336 127.911102295
0.999876499 0.014073361 0.006997256 0.979081571 -0.014126322 0.999871492 0.007577988 -1.690161347 -0.006889709 -0.007675898 0.999946833 129.168441772
0.999884903 0.013768706 0.006368982 0.981179476 -0.013807490 0.999886155 0.006086564 -1.697852373 -0.006284452 -0.006173803 0.999961197 130.421264648
0.999922991 0.010999442 0.005751716 0.987359703 -0.011039159 0.999915123 0.006919646 -1.708865881 -0.005675116 -0.006982608 0.999959588 131.683715820
0.999949276 0.008737002 0.005020597 0.982291520 -0.008779839 0.999924719 0.008574199 -1.713972092 -0.004945307 -0.008617843 0.999950647 132.964492798
0.999970078 0.005223493 0.005723333 0.975352943 -0.005282355 0.999932885 0.010318137 -1.722434640 -0.005669052 -0.010348059 0.999930382 134.234954834
0.999981701 0.003684683 0.004808464 0.981957078 -0.003740940 0.999924123 0.011743369 -1.736121535 -0.004764829 -0.011761142 0.999919474 135.511962891
0.999989629 -0.000559542 0.004519283 0.992083371 0.000515793 0.999952972 0.009675827 -1.737415433 -0.004524485 -0.009673397 0.999943018 136.776458740
0.999984026 -0.003243681 0.004634934 0.997255564 0.003200815 0.999952257 0.009226165 -1.749718428 -0.004664639 -0.009211183 0.999946773 138.049819946
0.999980211 -0.004259494 0.004635357 0.997106314 0.004220796 0.999956429 0.008326739 -1.749475360 -0.004670624 -0.008307011 0.999954522 139.326583862
0.999975681 -0.004446303 0.005380215 0.998063087 0.004400056 0.999953508 0.008577637 -1.757263184 -0.005418104 -0.008553755 0.999948680 140.607269287
0.999973834 -0.004284754 0.005820665 0.995921075 0.004222870 0.999934852 0.010602748 -1.765563250 -0.005865715 -0.010577889 0.999926865 141.882110596
0.999977350 -0.001653627 0.006519986 0.993789792 0.001572784 0.999922097 0.012384892 -1.775614262 -0.006539959 -0.012374355 0.999902070 143.157852173
0.999971271 -0.002094191 0.007282482 0.994868696 0.002018488 0.999944031 0.010387128 -1.781643271 -0.007303828 -0.010372130 0.999919534 144.450515747
0.999970853 -0.001674009 0.007450251 1.000179529 0.001607875 0.999959409 0.008873874 -1.792920351 -0.007464804 -0.008861636 0.999932826 145.723281860
0.999965668 -0.001417856 0.008164064 0.999847949 0.001365759 0.999978721 0.006383264 -1.808726192 -0.008172941 -0.006371894 0.999946296 147.008529663
0.999958158 -0.002767055 0.008721018 1.000941038 0.002749137 0.999994099 0.002065797 -1.820908546 -0.008726683 -0.002041735 0.999959826 148.295898438
0.999953449 -0.002631476 0.009291201 1.003648639 0.002645219 0.999995351 -0.001467130 -1.840312362 -0.009287299 0.001491639 0.999955714 149.574066162
0.999950707 -0.002797654 0.009520595 1.012885451 0.002822805 0.999992609 -0.002629361 -1.859866858 -0.009513169 0.002656107 0.999951243 150.841766357
0.999949336 -0.002686528 0.009697258 1.016140223 0.002709125 0.999993563 -0.002317779 -1.884641886 -0.009690970 0.002343933 0.999950349 152.109725952
0.999952972 -0.002449149 0.009379167 1.026242018 0.002465004 0.999995530 -0.001679249 -1.912391067 -0.009375013 0.001702290 0.999954581 153.365783691
0.999955475 -0.002558679 0.009075913 1.035682201 0.002562619 0.999996603 -0.000422571 -1.938195467 -0.009074802 0.000445810 0.999958694 154.623413086
0.999956012 -0.001484246 0.009250801 1.027824879 0.001485382 0.999998808 -0.000115888 -1.957144976 -0.009250618 0.000129624 0.999957204 155.899246216
0.999962270 -0.001009053 0.008623307 1.033043027 0.001010624 0.999999464 -0.000177853 -1.981524110 -0.008623122 0.000186561 0.999962807 157.167297363
0.999968290 -0.000757994 0.007924235 1.037562490 0.000759344 0.999999702 -0.000167263 -2.003026247 -0.007924108 0.000173275 0.999968529 158.441925049
0.999973774 -0.001295485 0.007126100 1.043407440 0.001287963 0.999998629 0.001060118 -2.025034904 -0.007127465 -0.001050912 0.999974072 159.707153320
0.999976099 -0.000179261 0.006913733 1.036584735 0.000169090 0.999998927 0.001471614 -2.045860291 -0.006913990 -0.001470410 0.999974966 160.995254517
0.999978542 -0.000157726 0.006551221 1.039567709 0.000155602 1.000000000 0.000324795 -2.063652992 -0.006551273 -0.000323768 0.999978364 162.268356323
0.999983668 0.000344677 0.005691736 1.038063645 -0.000338654 0.999999404 -0.001059103 -2.079146862 -0.005692099 0.001057158 0.999983191 163.514633179
0.999986649 0.001396927 0.004957370 1.037732840 -0.001392435 0.999998629 -0.000909418 -2.102941990 -0.004958633 0.000902503 0.999987245 164.776260376
0.999990046 0.000963544 0.004348760 1.032944322 -0.000955033 0.999997556 -0.001958803 -2.124038458 -0.004350634 0.001954630 0.999988616 166.050415039
0.999994636 0.001172329 0.003072375 1.037043333 -0.001163465 0.999995172 -0.002885073 -2.149782896 -0.003075742 0.002881482 0.999991119 167.317703247
0.999994934 0.001376116 0.002885864 1.030346394 -0.001368289 0.999995351 -0.002712542 -2.172821283 -0.002889584 0.002708579 0.999992132 168.586303711
0.999996960 0.001619876 0.001875040 1.029927611 -0.001617458 0.999997854 -0.001290425 -2.198451042 -0.001877126 0.001287388 0.999997437 169.861679077
0.999997556 0.001483251 0.001623647 1.022741675 -0.001482051 0.999998629 -0.000739824 -2.224870205 -0.001624742 0.000737416 0.999998391 171.127792358
0.999997318 0.002139050 0.000907081 1.016229153 -0.002138793 0.999997735 -0.000283694 -2.247343063 -0.000907686 0.000281753 0.999999523 172.397857666
0.999996483 0.002607821 0.000047179 1.010037899 -0.002607807 0.999996543 -0.000294255 -2.266508579 -0.000047946 0.000294131 0.999999881 173.686096191
0.999996066 0.002808129 -0.000069101 0.996429682 -0.002808200 0.999995530 -0.001053500 -2.290433884 0.000066141 0.001053690 0.999999344 174.951126099
0.999993503 0.003584213 -0.000337505 0.982520700 -0.003584806 0.999991953 -0.001773584 -2.311131001 0.000331145 0.001774783 0.999998331 176.219619751
0.999993324 0.003495696 -0.001093342 0.970231056 -0.003497434 0.999992609 -0.001591468 -2.328620672 0.001087771 0.001595281 0.999998093 177.491348267
0.999992490 0.003771181 -0.000991063 0.958828449 -0.003773735 0.999989450 -0.002587631 -2.354192257 0.000981296 0.002591351 0.999996185 178.728576660
0.999995649 0.002677527 -0.001174160 0.951225996 -0.002683029 0.999985218 -0.004709641 -2.372030973 0.001161533 0.004712772 0.999988258 179.992553711
0.999999106 -0.000856540 -0.001037422 0.939999044 0.000852160 0.999990702 -0.004214331 -2.403851032 0.001041023 0.004213443 0.999990642 181.261199951
0.999998510 -0.000498988 -0.001610049 0.938820481 0.000498293 0.999999762 -0.000432162 -2.426821709 0.001610264 0.000431359 0.999998569 182.525466919
0.999997556 -0.001345953 -0.001729037 0.931512356 0.001353084 0.999990523 0.004129664 -2.450992584 0.001723461 -0.004131993 0.999989986 183.790252686
0.999998629 -0.000370772 -0.001611555 0.921753168 0.000376037 0.999994636 0.003268250 -2.464424610 0.001610334 -0.003268852 0.999993324 185.047698975
0.999998450 0.001284755 -0.001156163 0.907424152 -0.001285001 0.999999225 -0.000211251 -2.479952812 0.001155891 0.000212735 0.999999285 186.295883179
0.999997616 0.001470417 -0.001633167 0.895346403 -0.001473370 0.999997377 -0.001808612 -2.505681038 0.001630502 0.001811015 0.999996960 187.539855957
0.999996901 0.001853540 -0.001693046 0.884335160 -0.001856442 0.999996841 -0.001714397 -2.526572943 0.001689860 0.001717535 0.999997020 188.787994385
0.999998271 0.001115973 -0.001495886 0.874766469 -0.001116496 0.999999344 -0.000348708 -2.552949190 0.001495495 0.000350377 0.999998808 190.047195435
0.999998152 0.001153100 -0.001520640 0.868085861 -0.001149898 0.999997079 0.002105118 -2.578272820 0.001523061 -0.002103365 0.999996603 191.295394897
0.999999583 0.000675725 -0.000435110 0.856371403 -0.000674558 0.999996185 0.002675878 -2.598325729 0.000436918 -0.002675584 0.999996245 192.545318604
0.999999344 0.000617883 0.000901144 0.853602231 -0.000619834 0.999997497 0.002166412 -2.618692160 -0.000899801 -0.002166969 0.999997199 193.787567139
0.999996424 -0.000426467 0.002625788 0.843114018 0.000425777 0.999999821 0.000263549 -2.636041641 -0.002625897 -0.000262430 0.999996543 195.016708374
0.999993443 -0.000793808 0.003531750 0.849957287 0.000796851 0.999999285 -0.000860153 -2.664708614 -0.003531065 0.000862961 0.999993324 196.249481201
0.999984741 -0.001246207 0.005366742 0.847271621 0.001253700 0.999998212 -0.001393084 -2.688690662 -0.005364997 0.001399791 0.999984622 197.466110229
0.999978006 -0.000938147 0.006556420 0.846403837 0.000944120 0.999999046 -0.000907905 -2.710164070 -0.006555562 0.000914075 0.999978125 198.699935913
0.999968767 -0.001156313 0.007820372 0.853826225 0.001146238 0.999998450 0.001292616 -2.737912655 -0.007821856 -0.001283611 0.999968588 199.918685913
0.999958873 -0.000442418 0.009064343 0.852545023 0.000428895 0.999998748 0.001493846 -2.762079239 -0.009064992 -0.001489896 0.999957800 201.138504028
0.999946833 -0.000251422 0.010312367 0.855806947 0.000236738 0.999998927 0.001425130 -2.778796196 -0.010312714 -0.001422613 0.999945819 202.350585938
0.999940753 -0.001437624 0.010795748 0.873082876 0.001424257 0.999998212 0.001245765 -2.803367853 -0.010797517 -0.001230315 0.999940932 203.558654785
0.999917567 -0.000570121 0.012829102 0.862069964 0.000550291 0.999998569 0.001549122 -2.821164846 -0.012829968 -0.001541934 0.999916553 204.751220703
0.999907374 -0.000057813 0.013619557 0.870574355 0.000034753 0.999998510 0.001693323 -2.844529152 -0.013619636 -0.001692693 0.999905825 205.949249268
0.999891698 -0.000904507 0.014693552 0.874610662 0.000879730 0.999998152 0.001692610 -2.867125034 -0.014695056 -0.001679500 0.999890685 207.113769531
0.999881268 -0.001683760 0.015314320 0.885905743 0.001658649 0.999997258 0.001652283 -2.890006304 -0.015317061 -0.001626686 0.999881327 208.284851074
0.999874890 -0.001620224 0.015733520 0.892541170 0.001579195 0.999995351 0.002619837 -2.914443254 -0.015737692 -0.002594662 0.999872744 209.440887451
0.999879897 -0.002307915 0.015323789 0.907857180 0.002253957 0.999991119 0.003537523 -2.933030844 -0.015331819 -0.003502558 0.999876320 210.569564819
0.999886274 -0.002128989 0.014930118 0.914999962 0.002074892 0.999991179 0.003637930 -2.956615448 -0.014937732 -0.003606537 0.999881923 211.683883667
0.999894142 -0.001454171 0.014475425 0.925558805 0.001418159 0.999995887 0.002497787 -2.976796627 -0.014478998 -0.002476995 0.999892056 212.797409058
0.999904394 -0.000912213 0.013796206 0.937034130 0.000893048 0.999998689 0.001395201 -2.991995096 -0.013797460 -0.001382747 0.999903798 213.884201050
0.999907076 -0.001299563 0.013562209 0.941594243 0.001279293 0.999997973 0.001503174 -3.014856577 -0.013564136 -0.001485684 0.999906898 214.960479736
0.999918640 -0.001928105 0.012605414 0.947440982 0.001911836 0.999997258 0.001302618 -3.033206224 -0.012607892 -0.001278413 0.999919772 216.022109985
0.999939203 -0.002344346 0.010774210 0.956886172 0.002321298 0.999994993 0.002151081 -3.052743196 -0.010779199 -0.002125939 0.999939620 217.074432373
0.999958456 -0.003287925 0.008498305 0.961029410 0.003258100 0.999988437 0.003520881 -3.070786238 -0.008509785 -0.003493045 0.999957681 218.112945557
0.999972045 -0.003123621 0.006785551 0.959119856 0.003087532 0.999981046 0.005322476 -3.090191364 -0.006802049 -0.005301377 0.999962807 219.148620605
0.999986291 -0.002697472 0.004485376 0.957062364 0.002673118 0.999981642 0.005426523 -3.105546474 -0.004499930 -0.005414458 0.999975204 220.150146484
0.999994934 -0.002684603 0.001715738 0.954573035 0.002675932 0.999983728 0.005036442 -3.120313168 -0.001729230 -0.005031824 0.999985874 221.143646240
0.999997020 -0.002280996 -0.000755297 0.942940831 0.002284625 0.999985635 0.004839918 -3.134359837 0.000744247 -0.004841629 0.999987960 222.124450684
0.999990463 -0.001757726 -0.003992958 0.938634634 0.001780513 0.999982059 0.005710700 -3.156513691 0.003982849 -0.005717754 0.999975681 223.071319580
0.999976635 -0.001314372 -0.006707732 0.923318624 0.001351106 0.999984086 0.005474819 -3.174341440 0.006700430 -0.005483754 0.999962509 223.999313354
0.999954104 -0.001082451 -0.009508711 0.906437159 0.001126677 0.999988496 0.004646956 -3.184834957 0.009503573 -0.004657457 0.999943912 224.907531738
0.999918044 -0.001497242 -0.012705998 0.890873194 0.001546252 0.999991357 0.003848351 -3.200522661 0.012700127 -0.003867683 0.999911785 225.796066284
0.999874413 -0.000802855 -0.015828328 0.869139433 0.000864773 0.999992013 0.003905343 -3.223988295 0.015825065 -0.003918541 0.999867022 226.644149780
0.999827385 -0.000280461 -0.018580470 0.843393803 0.000337584 0.999995351 0.003071295 -3.237888813 0.018579524 -0.003077037 0.999822676 227.474945068
0.999777198 0.000933685 -0.021087350 0.818247318 -0.000868841 0.999994874 0.003083981 -3.255850315 0.021090122 -0.003064972 0.999772847 228.294296265
0.999769449 0.002183968 -0.021363514 0.790455341 -0.002109222 0.999991596 0.003520607 -3.266974688 0.021371024 -0.003474734 0.999765575 229.105773926
0.999766588 0.002250186 -0.021488836 0.773202419 -0.002152389 0.999987185 0.004573119 -3.286612034 0.021498851 -0.004525799 0.999758601 229.877380371
0.999773502 0.002024550 -0.021191046 0.754499435 -0.001915994 0.999984980 0.005141756 -3.300198078 0.021201134 -0.005099989 0.999762237 230.638687134
0.999781072 0.001785727 -0.020851092 0.736262321 -0.001686349 0.999987125 0.004782692 -3.315286160 0.020859366 -0.004746482 0.999771118 231.382598877
0.999790430 0.002587239 -0.020309929 0.717453480 -0.002523656 0.999991834 0.003155612 -3.329444647 0.020317936 -0.003103695 0.999788761 232.115875244
0.999807000 0.002340270 -0.019504748 0.702940941 -0.002321344 0.999996841 0.000992860 -3.342268944 0.019507008 -0.000947391 0.999809265 232.846328735
0.999832392 0.002655189 -0.018115133 0.684065819 -0.002659310 0.999996483 -0.000203392 -3.358841896 0.018114530 0.000251532 0.999835849 233.572814941
0.999853909 0.002916586 -0.016843038 0.670050144 -0.002931244 0.999995351 -0.000845676 -3.368991852 0.016840488 0.000894924 0.999857783 234.298538208
0.999884605 0.002530230 -0.014984326 0.656394243 -0.002545985 0.999996245 -0.001032423 -3.381848812 0.014981652 0.001070454 0.999887168 235.019042969
0.999911189 0.002313854 -0.013124576 0.642627239 -0.002325468 0.999996960 -0.000869680 -3.400808334 0.013122531 0.000900124 0.999913573 235.729080200
0.999934375 0.002243632 -0.011239933 0.629868746 -0.002256525 0.999996841 -0.001134462 -3.412530899 0.011237355 0.001159750 0.999936163 236.449615479
0.999955714 0.002444816 -0.009084192 0.624783754 -0.002459580 0.999995649 -0.001614362 -3.428471088 0.009080210 0.001636633 0.999957561 237.157150269
0.999976039 0.002240400 -0.006551545 0.621645331 -0.002247122 0.999997020 -0.001018878 -3.442488432 0.006549247 0.001033576 0.999978065 237.860626221
0.999994695 0.001341612 -0.002939516 0.614785433 -0.001342462 0.999999046 -0.000286982 -3.459067822 0.002939131 0.000290927 0.999995589 238.575195312
0.999999702 0.000600194 -0.000511213 0.618673801 -0.000600427 0.999999821 -0.000456094 -3.468580246 0.000510940 0.000456401 0.999999821 239.269775391
0.999995410 0.000575986 0.002971277 0.616090775 -0.000575533 0.999999762 -0.000153343 -3.487627506 -0.002971367 0.000151632 0.999995589 239.973709106
0.999981642 0.000388772 0.006047554 0.617209136 -0.000386291 0.999999821 -0.000411433 -3.500958204 -0.006047713 0.000409090 0.999981642 240.661178589
0.999957621 0.000376415 0.009201990 0.619615316 -0.000370682 0.999999762 -0.000624752 -3.515107155 -0.009202223 0.000621314 0.999957502 241.352493286
0.999932587 0.000917249 0.011576355 0.632068157 -0.000898222 0.999998152 -0.001648718 -3.526671410 -0.011577846 0.001638208 0.999931574 242.044876099
0.999892533 0.000999996 0.014628962 0.639873981 -0.000967975 0.999997079 -0.002195805 -3.539963484 -0.014631115 0.002181409 0.999890566 242.741241455
0.999851346 0.001405839 0.017185133 0.651673555 -0.001382592 0.999998093 -0.001364536 -3.550989151 -0.017187018 0.001340573 0.999851346 243.448410034
0.999793649 0.001635534 0.020247361 0.662340164 -0.001620547 0.999998391 -0.000756590 -3.562364578 -0.020248570 0.000723622 0.999794662 244.145401001
0.999739647 0.001263674 0.022783773 0.674778461 -0.001242614 0.999998748 -0.000938492 -3.576102734 -0.022784937 0.000909936 0.999739945 244.850173950
0.999685109 0.001699909 0.025034852 0.689546108 -0.001640314 0.999995708 -0.002400829 -3.588980913 -0.025038831 0.002359008 0.999683678 245.556838989
0.999650598 0.001139748 0.026409203 0.710991383 -0.001010177 0.999987423 -0.004919095 -3.600303650 -0.026414480 0.004890699 0.999639094 246.266403198
0.999617398 0.000623191 0.027654540 0.727748394 -0.000436418 0.999977052 -0.006759317 -3.612024307 -0.027658116 0.006744661 0.999594688 246.981842041
0.999618888 0.000136184 0.027604308 0.748228550 0.000050559 0.999977112 -0.006764161 -3.630831718 -0.027604597 0.006762980 0.999596000 247.700866699
0.999624550 -0.001379073 0.027363995 0.769789219 0.001578152 0.999972403 -0.007254956 -3.648285627 -0.027353235 0.007295418 0.999599159 248.430252075
0.999614179 0.000766078 0.027765131 0.781420231 -0.000555653 0.999971032 -0.007585701 -3.663214684 -0.027770141 0.007567346 0.999585688 249.157943726
0.999602973 0.001317727 0.028144810 0.797993660 -0.001087935 0.999965966 -0.008178394 -3.678256512 -0.028154630 0.008144526 0.999570370 249.895065308
0.999595165 0.000070881 0.028451964 0.818601608 0.000217412 0.999948680 -0.010129375 -3.694063187 -0.028451221 0.010131461 0.999543846 250.642669678
0.999572992 -0.003584576 0.028999645 0.839477062 0.003940652 0.999917567 -0.012230840 -3.713932991 -0.028953407 0.012339897 0.999504507 251.390136719
0.999544144 -0.006963950 0.029375689 0.864905834 0.007351321 0.999887168 -0.013099471 -3.729878426 -0.029281152 0.013309449 0.999482512 252.153915405
0.999539435 -0.004682038 0.029983161 0.884020329 0.004960426 0.999945223 -0.009217168 -3.745710850 -0.029938361 0.009361651 0.999507844 252.929519653
0.999529958 -0.000693689 0.030647852 0.896706581 0.000792018 0.999994516 -0.003196301 -3.758244514 -0.030645469 0.003219072 0.999525130 253.713729858
0.999511778 -0.001565096 0.031203812 0.921474934 0.001555334 0.999998689 0.000337117 -3.776526213 -0.031204302 -0.000288420 0.999512911 254.499114990
0.999426544 -0.002830903 0.033742025 0.948600292 0.002896796 0.999993980 -0.001904136 -3.786800623 -0.033736434 0.002000788 0.999428749 255.295639038
0.999281645 -0.001933818 0.037847169 0.972213745 0.002233104 0.999966562 -0.007867053 -3.799785137 -0.037830692 0.007945919 0.999252617 256.085693359
0.999123991 0.000149647 0.041848011 0.996390343 0.000332713 0.999933600 -0.011519279 -3.813981533 -0.041846953 0.011523112 0.999057651 256.899200439
0.998986185 0.002799333 0.044929545 1.031700134 -0.002282569 0.999930680 -0.011548815 -3.828080893 -0.044958755 0.011434553 0.998923361 257.725830078
0.998849928 0.001066201 0.047935199 1.073749542 -0.000605434 0.999953449 -0.009625765 -3.842352867 -0.047943234 0.009585672 0.998804033 258.552917480
0.998684764 -0.002178585 0.051224060 1.113516808 0.002484909 0.999979377 -0.005917143 -3.867966175 -0.051210117 0.006036649 0.998669624 259.384216309
0.998541117 -0.005404008 0.053725895 1.167723656 0.005656926 0.999973655 -0.004556612 -3.886649609 -0.053699858 0.004853887 0.998545289 260.240539551
0.998365998 -0.005148800 0.056910980 1.211266518 0.005373492 0.999978483 -0.003795815 -3.905792475 -0.056890201 0.004095424 0.998371959 261.079833984
0.998237669 -0.002937196 0.059269205 1.260736465 0.003289466 0.999977589 -0.005846858 -3.924417973 -0.059250690 0.006031518 0.998224914 261.925170898
0.998083532 -0.000948139 0.061874114 1.304398537 0.001495204 0.999960184 -0.008795889 -3.930047512 -0.061863314 0.008871546 0.998045206 262.774414062
0.997913122 -0.000491701 0.064569324 1.350930214 0.001064796 0.999960303 -0.008841527 -3.948593616 -0.064562418 0.008891827 0.997874141 263.612823486
0.997736990 0.000183216 0.067235857 1.404628754 0.000272873 0.999977052 -0.006774179 -3.968716145 -0.067235552 0.006777195 0.997714162 264.459655762
0.997534156 0.000946964 0.070175722 1.460317612 -0.000620078 0.999989033 -0.004679747 -4.000353813 -0.070179366 0.004624694 0.997523665 265.316467285
0.997320592 0.001498814 0.073138908 1.516460419 -0.001157455 0.999988258 -0.004709425 -4.018490314 -0.073145114 0.004612152 0.997310638 266.160339355
0.997136652 0.001914155 0.075595587 1.582773209 -0.001516461 0.999984741 -0.005317861 -4.033188820 -0.075604603 0.005187996 0.997124434 267.008087158
0.996932626 -0.000113443 0.078264415 1.646963120 0.000571533 0.999982834 -0.005830733 -4.054045677 -0.078262419 0.005857579 0.996915519 267.855743408
0.996794343 -0.003155676 0.079942785 1.715423584 0.003576642 0.999980450 -0.005123209 -4.070711136 -0.079925053 0.005392713 0.996786296 268.699554443
0.996733248 -0.003871790 0.080672264 1.787616730 0.004327353 0.999975622 -0.005473026 -4.085364819 -0.080649108 0.005804244 0.996725559 269.558349609
0.996654868 -0.004801217 0.081584737 1.848276138 0.005254329 0.999971986 -0.005340100 -4.106096268 -0.081556797 0.005750910 0.996652067 270.403808594
0.996667445 -0.004485552 0.081448823 1.923803329 0.004931984 0.999973834 -0.005280792 -4.122365475 -0.081423007 0.005664898 0.996663511 271.254241943
0.996649981 -0.004967101 0.081634961 1.980133057 0.005342985 0.999976099 -0.004386633 -4.146044731 -0.081611224 0.004808111 0.996652603 272.118621826
0.996697903 -0.004571954 0.081069738 2.049678802 0.004917942 0.999979615 -0.004068634 -4.163494110 -0.081049480 0.004453895 0.996700108 272.964935303
0.996809483 -0.004401643 0.079696700 2.123466492 0.004817549 0.999975801 -0.005027082 -4.180899143 -0.079672657 0.005394985 0.996806443 273.840759277
0.996913373 -0.004197182 0.078398295 2.181730270 0.004660778 0.999972701 -0.005731303 -4.201261997 -0.078372106 0.006079009 0.996905684 274.694946289
0.997068584 -0.003670451 0.076426417 2.252235413 0.004194166 0.999968767 -0.006693150 -4.219247341 -0.076399483 0.006994074 0.997052670 275.561920166
0.997186303 -0.002536695 0.074920349 2.310325623 0.003077032 0.999970078 -0.007097608 -4.237845421 -0.074900106 0.007308170 0.997164190 276.414581299
0.997306228 -0.001057151 0.073342696 2.363815308 0.001585060 0.999973238 -0.007139998 -4.263537884 -0.073333189 0.007237018 0.997281253 277.261383057
0.997476697 -0.000581017 0.070991457 2.420310974 0.001062534 0.999976695 -0.006745170 -4.280665398 -0.070985876 0.006803581 0.997454107 278.103942871
0.997672200 -0.000697732 0.068188347 2.475482941 0.001053709 0.999985933 -0.005184681 -4.301507473 -0.068183772 0.005244462 0.997658968 278.967193604
0.997953355 -0.001884703 0.063918427 2.524698257 0.002057231 0.999994338 -0.002633491 -4.321605682 -0.063913107 0.002759594 0.997951627 279.806762695
0.998253465 -0.003637030 0.058963988 2.570824623 0.003685251 0.999992907 -0.000709096 -4.345886707 -0.058960989 0.000925154 0.998259842 280.649139404
0.998504281 -0.003986529 0.054530930 2.614379883 0.003965579 0.999992013 0.000492355 -4.359932899 -0.054532465 -0.000275370 0.998511970 281.491485596
0.998766184 -0.003845070 0.049511936 2.650556564 0.003805225 0.999992311 0.000898972 -4.372358322 -0.049515016 -0.000709459 0.998773158 282.310058594
0.998979807 -0.004962089 0.044886056 2.690022469 0.004894174 0.999986708 0.001622867 -4.389000416 -0.044893514 -0.001401530 0.998990774 283.132019043
0.999175608 -0.005593318 0.040209066 2.715855598 0.005543706 0.999983668 0.001345285 -4.399002552 -0.040215939 -0.001121269 0.999190390 283.932403564
0.999320984 -0.005780753 0.036389317 2.737294674 0.005733558 0.999982536 0.001401215 -4.417755127 -0.036396787 -0.001191623 0.999336720 284.716949463
0.999461949 -0.005469255 0.032338243 2.761883736 0.005435204 0.999984622 0.001140813 -4.431549549 -0.032343980 -0.000964434 0.999476314 285.488281250
0.999578357 -0.005041928 0.028593296 2.775357246 0.005009777 0.999986768 0.001195937 -4.447046757 -0.028598947 -0.001052187 0.999590456 286.233428955
