1.000000000 -0.000000000 0.000000000 0.000000000 -0.000000000 1.000000000 0.000000000 0.000000000 0.000000000 0.000000000 1.000000000 0.000000000
0.999997318 0.001041065 0.002068865 -0.009312394 -0.001038841 0.999998868 -0.001075466 -0.016913425 -0.002069983 0.001073314 0.999997258 1.206120610
0.999984622 0.001614352 0.005306649 -0.040078558 -0.001610065 0.999998391 -0.000812127 -0.034828402 -0.005307951 0.000803571 0.999985635 2.409847736
0.999977529 0.001197077 0.006600528 -0.039713223 -0.001193265 0.999999106 -0.000581415 -0.052989502 -0.006601219 0.000573525 0.999978065 3.606836557
0.999970496 0.000963788 0.007633934 -0.036191702 -0.000958671 0.999999344 -0.000673939 -0.073994942 -0.007634579 0.000666601 0.999970675 4.801483631
0.999964535 0.000719772 0.008393480 -0.033068933 -0.000716615 0.999999642 -0.000379070 -0.096846655 -0.008393751 0.000373042 0.999964654 5.997486591
0.999961019 0.000841308 0.008802137 -0.023021959 -0.000828549 0.999998629 -0.001453006 -0.118642524 -0.008803348 0.001445657 0.999960244 7.201729298
0.999948204 0.000629909 0.010149973 -0.022734905 -0.000614754 0.999998689 -0.001496117 -0.144984707 -0.010150901 0.001489800 0.999947369 8.383136749
0.999947488 0.000362025 0.010248441 -0.015143747 -0.000361806 0.999999940 -0.000023218 -0.167537719 -0.010248451 0.000019509 0.999947488 9.582110405
0.999959528 -0.000047713 0.008995053 -0.014054201 0.000038913 0.999999523 0.000978447 -0.189857736 -0.008995096 -0.000978058 0.999959052 10.771798134
0.999976575 -0.001539063 0.006675049 -0.010500927 0.001535459 0.999998629 0.000544959 -0.211096942 -0.006675880 -0.000534697 0.999977589 11.980304718
0.999987364 -0.001130816 0.004889995 -0.018049395 0.001130443 0.999999225 0.000079134 -0.229545414 -0.004890082 -0.000073605 0.999988019 13.179211617
0.999993324 -0.001266446 0.003441466 -0.012389432 0.001266700 0.999999225 -0.000071660 -0.251950383 -0.003441373 0.000076019 0.999994099 14.374074936
0.999996603 0.000178467 0.002586269 -0.013476641 -0.000177806 0.999999940 -0.000255691 -0.272657692 -0.002586314 0.000255231 0.999996603 15.572566032
0.999997556 0.000037086 0.002181348 -0.017564867 -0.000036732 0.999999940 -0.000162212 -0.292708725 -0.002181354 0.000162132 0.999997556 16.772502899
0.999998927 -0.000869839 0.001167641 -0.016019410 0.000869667 0.999999583 0.000147996 -0.311750531 -0.001167769 -0.000146980 0.999999285 17.960710526
0.999999106 -0.000962520 0.000952387 -0.018052835 0.000961871 0.999999285 0.000682180 -0.337331265 -0.000953043 -0.000681264 0.999999344 19.158842087
0.999999881 -0.000618111 -0.000092855 -0.021066254 0.000618100 0.999999762 -0.000122313 -0.360029042 0.000092931 0.000122256 1.000000000 20.355224609
0.999999464 -0.001046301 0.000150250 -0.039584957 0.001046476 0.999998748 -0.001164927 -0.382544726 -0.000149031 0.001165083 0.999999285 21.567037582
0.999999821 0.000037805 -0.000624925 -0.044793665 -0.000038227 0.999999821 -0.000675568 -0.401602328 0.000624899 0.000675592 0.999999583 22.764429092
0.999999106 -0.000378408 -0.001298748 -0.058252800 0.000377356 0.999999583 -0.000810754 -0.426568091 0.001299055 0.000810263 0.999998808 23.953632355
0.999997377 -0.000259186 -0.002285638 -0.066998459 0.000255875 0.999998868 -0.001448886 -0.448021978 0.002286012 0.001448297 0.999996364 25.146385193
0.999995410 0.000204679 -0.003015817 -0.078234419 -0.000206210 0.999999821 -0.000507520 -0.475669742 0.003015713 0.000508139 0.999995291 26.338479996
0.999991834 -0.001524530 -0.003744112 -0.087142140 0.001529658 0.999997854 0.001367076 -0.497751296 0.003742020 -0.001372792 0.999992013 27.544948578
0.999988079 -0.001403060 -0.004675032 -0.096656755 0.001409393 0.999998212 0.001351657 -0.518334448 0.004673125 -0.001358230 0.999988139 28.736934662
0.999982357 -0.002116004 -0.005537892 -0.109429009 0.002120102 0.999997497 0.000734237 -0.541350842 0.005536324 -0.000745965 0.999984384 29.935150146
0.999978423 -0.002241139 -0.006166953 -0.120406635 0.002238387 0.999997318 -0.000453119 -0.557880402 0.006167954 0.000439305 0.999980867 31.130270004
0.999974608 -0.001851378 -0.006873009 -0.136468276 0.001848581 0.999998212 -0.000413255 -0.576036572 0.006873760 0.000400540 0.999976277 32.321510315
0.999969482 -0.001691052 -0.007615374 -0.149808705 0.001691377 0.999998569 0.000036264 -0.597276449 0.007615299 -0.000049143 0.999971032 33.524978638
0.999964297 -0.002616324 -0.008032345 -0.163597643 0.002618088 0.999996662 0.000209152 -0.617908776 0.008031770 -0.000230174 0.999967694 34.719993591
0.999956012 -0.003221246 -0.008802878 -0.173256785 0.003226206 0.999994636 0.000549338 -0.643172145 0.008801061 -0.000577714 0.999961078 35.918914795
0.999952435 -0.003011924 -0.009280452 -0.188853726 0.003013679 0.999995410 0.000174993 -0.660758436 0.009279881 -0.000202953 0.999956906 37.117496490
0.999951005 -0.003770818 -0.009149445 -0.205266833 0.003780233 0.999992311 0.001011877 -0.682815850 0.009145558 -0.001046414 0.999957681 38.316329956
0.999955118 -0.003489794 -0.008822253 -0.229443654 0.003508527 0.999991596 0.002108855 -0.701135695 0.008814820 -0.002139713 0.999958813 39.531234741
0.999952495 -0.003091689 -0.009241845 -0.239223480 0.003115748 0.999991775 0.002590091 -0.714202821 0.009233761 -0.002618763 0.999953926 40.732482910
0.999954641 -0.002448112 -0.009212919 -0.253377765 0.002470734 0.999993920 0.002444953 -0.736037254 0.009206876 -0.002467604 0.999954522 41.929748535
0.999961257 -0.001280638 -0.008705217 -0.277061045 0.001300862 0.999996483 0.002317994 -0.752432108 0.008702219 -0.002329228 0.999959409 43.126502991
0.999963045 0.001092726 -0.008531531 -0.286757678 -0.001058096 0.999991179 0.004062463 -0.768217862 0.008535896 -0.004053285 0.999955356 44.333572388
0.999978244 0.001305514 -0.006458569 -0.309480339 -0.001259803 0.999974251 0.007076485 -0.782342494 0.006467642 -0.007068195 0.999954104 45.533050537
0.999987960 0.001988626 -0.004485637 -0.321790725 -0.001943128 0.999946892 0.010124664 -0.797131300 0.004505533 -0.010115825 0.999938667 46.739448547
0.999991894 0.002357876 -0.003265539 -0.325942844 -0.002314365 0.999909341 0.013264453 -0.801747680 0.003296519 -0.013256788 0.999906600 47.945758820
0.999997616 0.001331866 -0.001750335 -0.337689549 -0.001306405 0.999894619 0.014467547 -0.809412658 0.001769419 -0.014465226 0.999893725 49.157112122
0.999999940 0.000230360 -0.000058824 -0.342285573 -0.000229580 0.999916434 0.012928177 -0.809857786 0.000061799 -0.012928161 0.999916434 50.360702515
0.999998331 0.001193948 0.001330560 -0.347963274 -0.001208955 0.999935031 0.011334951 -0.817142427 -0.001316940 -0.011336541 0.999934912 51.579395294
0.999997199 0.001214599 0.002044224 -0.356496543 -0.001236399 0.999941945 0.010696973 -0.822436154 -0.002031113 -0.010699469 0.999940693 52.758285522
0.999997795 0.000987532 0.001911696 -0.355068326 -0.001007316 0.999945641 0.010375550 -0.831939459 -0.001901347 -0.010377452 0.999944329 53.963485718
0.999999046 0.000703181 0.001223079 -0.359409869 -0.000714495 0.999956667 0.009274595 -0.838133276 -0.001216504 -0.009275459 0.999956250 55.179832458
0.999999821 0.000591214 -0.000254129 -0.366557837 -0.000588746 0.999953687 0.009603241 -0.843901336 0.000259795 -0.009603088 0.999953806 56.362926483
0.999998569 0.000486544 -0.001639603 -0.373176932 -0.000469084 0.999943316 0.010632808 -0.851034939 0.001644684 -0.010632023 0.999942124 57.567054749
0.999997020 0.000350776 -0.002378665 -0.383794248 -0.000324027 0.999936819 0.011236421 -0.864650786 0.002382457 -0.011235618 0.999934018 58.763599396
0.999993503 0.001227045 -0.003390088 -0.392369628 -0.001190255 0.999940574 0.010833010 -0.869041085 0.003403180 -0.010828904 0.999935627 59.961769104
0.999990821 0.001872140 -0.003849471 -0.407875985 -0.001829947 0.999938667 0.010935097 -0.883056700 0.003869706 -0.010927953 0.999932766 61.170070648
0.999991715 0.000861883 -0.003996664 -0.416049689 -0.000820136 0.999945283 0.010435283 -0.890336931 0.004005439 -0.010431918 0.999937534 62.368194580
0.999991477 0.000092578 -0.004118938 -0.424592078 -0.000053316 0.999954522 0.009531270 -0.904259861 0.004119634 -0.009530969 0.999946058 63.579826355
0.999989629 -0.000304440 -0.004540599 -0.431444526 0.000353164 0.999942303 0.010733860 -0.912893534 0.004537070 -0.010735352 0.999932051 64.782844543
0.999989331 -0.001076045 -0.004503590 -0.446243286 0.001130693 0.999925554 0.012149517 -0.921590567 0.004490183 -0.012154480 0.999916017 65.985519409
0.999988198 -0.000309595 -0.004827709 -0.460783571 0.000361115 0.999942958 0.010674566 -0.934922874 0.004824130 -0.010676186 0.999931276 67.181907654
0.999988139 0.001496780 -0.004619373 -0.477916807 -0.001451879 0.999951839 0.009708245 -0.945276022 0.004633682 -0.009701424 0.999942124 68.378257751
0.999981940 0.003601505 -0.004801183 -0.487176955 -0.003553443 0.999943852 0.009981820 -0.956990898 0.004836863 -0.009964578 0.999938667 69.572235107
0.999974906 0.005588746 -0.004346934 -0.504142702 -0.005543702 0.999931514 0.010305858 -0.966514409 0.004404235 -0.010281502 0.999937415 70.756240845
0.999967337 0.006874994 -0.004275314 -0.517625630 -0.006828329 0.999917984 0.010835590 -0.977023959 0.004349458 -0.010806042 0.999932170 71.960494995
0.999968290 0.007339370 -0.003118394 -0.532203734 -0.007302684 0.999905765 0.011617175 -0.983026922 0.003203363 -0.011594033 0.999927700 73.157539368
0.999956071 0.009050355 -0.002478117 -0.527469933 -0.009018524 0.999880373 0.012568341 -0.991806984 0.002591569 -0.012545437 0.999917984 74.346519470
0.999969542 0.007751254 0.000927989 -0.533394635 -0.007760366 0.999917328 0.010254617 -1.004433632 -0.000848426 -0.010261505 0.999947011 75.522682190
0.999980867 0.005130889 0.003455617 -0.533522427 -0.005148545 0.999973714 0.005119735 -1.014190793 -0.003429257 -0.005137429 0.999980927 76.696784973
0.999962270 0.006166177 0.006109591 -0.530810058 -0.006195465 0.999969363 0.004786317 -1.028580308 -0.006079891 -0.004823988 0.999969900 77.880645752
0.999948502 0.005101763 0.008768996 -0.523996294 -0.005175966 0.999950826 0.008460118 -1.043660879 -0.008725405 -0.008505072 0.999925733 79.062080383
0.999913275 0.005338486 0.012047241 -0.513105035 -0.005455080 0.999938428 0.009666030 -1.054333925 -0.011994899 -0.009730909 0.999880672 80.240417480
0.999853492 0.005527274 0.016203983 -0.501593769 -0.005656854 0.999952376 0.007961929 -1.065063715 -0.016159203 -0.008052423 0.999836981 81.408065796
0.999796748 0.004239903 0.019708475 -0.481762618 -0.004336467 0.999978781 0.004859491 -1.078775406 -0.019687453 -0.004943969 0.999793887 82.574096680
0.999728560 0.002872367 0.023120934 -0.458566517 -0.002906261 0.999994755 0.001432457 -1.095048547 -0.023116698 -0.001499264 0.999731660 83.734062195
0.999636233 0.002520385 0.026852166 -0.434023380 -0.002537103 0.999996662 0.000588532 -1.113698363 -0.026850592 -0.000656444 0.999639273 84.889114380
0.999542356 0.002158137 0.030173358 -0.400086939 -0.002230217 0.999994755 0.002355401 -1.134550810 -0.030168116 -0.002421617 0.999541879 86.055351257
0.999412119 0.003457975 0.034108728 -0.374006689 -0.003563946 0.999989033 0.003046553 -1.158360958 -0.034097817 -0.003166324 0.999413490 87.220115662
0.999285340 0.002875773 0.037690602 -0.328073502 -0.002902042 0.999995589 0.000642272 -1.175312042 -0.037688598 -0.000751192 0.999289215 88.368324280
0.999158084 0.002681368 0.040938411 -0.285037667 -0.002622706 0.999995470 -0.001486571 -1.197300434 -0.040942214 0.001377950 0.999160588 89.516914368
0.999024570 0.003028524 0.044052843 -0.236898154 -0.002945583 0.999993742 -0.001947549 -1.213868141 -0.044058476 0.001815887 0.999027193 90.684280396
0.998889625 0.002378305 0.047048844 -0.188008398 -0.002341121 0.999996901 -0.000845419 -1.232230663 -0.047050714 0.000734333 0.998892188 91.843162537
0.998762727 0.000871838 0.049720351 -0.135341957 -0.000911197 0.999999285 0.000768956 -1.255976558 -0.049719647 -0.000813309 0.998762846 92.995918274
0.998629272 0.000158047 0.052340530 -0.074393906 -0.000290498 0.999996781 0.002522971 -1.272909045 -0.052339956 -0.002534718 0.998626113 94.158279419
0.998502731 -0.001466603 0.054681230 -0.008870120 0.001281082 0.999993324 0.003427675 -1.289257526 -0.054685887 -0.003352492 0.998497963 95.320236206
0.998369217 -0.002339589 0.057039279 0.048328031 0.002274926 0.999996662 0.001198576 -1.308051705 -0.057041898 -0.001066861 0.998371184 96.469291687
0.998241723 -0.003817641 0.059152022 0.118364535 0.003966386 0.999989271 -0.002397419 -1.326281548 -0.059142236 0.002627824 0.998246133 97.625122070
0.998118401 -0.002919007 0.061247699 0.180802628 0.003239320 0.999981642 -0.005131153 -1.346114159 -0.061231598 0.005319899 0.998109400 98.785385132
0.998013198 -0.002941291 0.062936336 0.253159612 0.003324397 0.999976575 -0.005983346 -1.371061087 -0.062917255 0.006180685 0.997999549 99.959396362
0.997994542 -0.002671664 0.063244246 0.326075226 0.003021995 0.999980569 -0.005444314 -1.391792655 -0.063228473 0.005624519 0.997983158 101.140434265
0.998042345 -0.002952230 0.062471155 0.392869860 0.003180832 0.999988556 -0.003560191 -1.422214866 -0.062459927 0.003751932 0.998040378 102.319427490
0.998123229 -0.003000743 0.061163083 0.457480371 0.003139926 0.999992728 -0.002179628 -1.440599799 -0.061156094 0.002367586 0.998125374 103.511764526
0.998231649 -0.002782254 0.059378792 0.519450366 0.002861241 0.999995112 -0.001245226 -1.462252378 -0.059375048 0.001412921 0.998234749 104.704467773
0.998392165 -0.002911313 0.056609541 0.586933374 0.002966302 0.999995291 -0.000887370 -1.480175495 -0.056606688 0.001053864 0.998396039 105.907188416
0.998549700 -0.002103613 0.053796884 0.642615259 0.002150570 0.999997377 -0.000814986 -1.502162576 -0.053795025 0.000929498 0.998551548 107.104331970
0.998741806 -0.000763711 0.050141077 0.691420376 0.000835294 0.999998629 -0.001406690 -1.517059088 -0.050139930 0.001446803 0.998741150 108.305770874
0.998941183 -0.000602991 0.046001077 0.744677424 0.000648205 0.999999344 -0.000967979 -1.535855770 -0.046000462 0.000996773 0.998940885 109.516227722
0.999127507 -0.000379654 0.041762412 0.796555400 0.000375489 0.999999940 0.000107572 -1.555058241 -0.041762453 -0.000091797 0.999127567 110.741432190
0.999295771 0.000305496 0.037521712 0.836237073 -0.000341075 0.999999523 0.000941804 -1.576529860 -0.037521400 -0.000953939 0.999295354 111.944480896
0.999454021 0.000322125 0.033039264 0.871244252 -0.000372132 0.999998808 0.001507406 -1.594156742 -0.033038735 -0.001518878 0.999452889 113.161834717
0.999614835 0.000805094 0.027741002 0.908160090 -0.000852012 0.999998271 0.001679508 -1.612545967 -0.027739599 -0.001702497 0.999613702 114.384651184
0.999730110 0.001589598 0.023178667 0.923781455 -0.001627143 0.999997377 0.001601070 -1.633461833 -0.023176061 -0.001638353 0.999730051 115.622001648
0.999836802 0.001656021 0.017990429 0.940383136 -0.001680047 0.999997735 0.001320455 -1.650245070 -0.017988203 -0.001350464 0.999837279 116.842575073
0.999903440 0.003129895 0.013547940 0.950332403 -0.003138740 0.999994874 0.000631630 -1.669891357 -0.013545896 -0.000674093 0.999908030 118.062690735
0.999935627 0.005052804 0.010156249 0.953987718 -0.005060320 0.999986947 0.000714519 -1.689142108 -0.010152507 -0.000765867 0.999948084 119.299499512
0.999944210 0.006762420 0.008106528 0.954307377 -0.006769839 0.999976754 0.000888136 -1.708683491 -0.008100333 -0.000942966 0.999966681 120.524024963
0.999940753 0.008199566 0.007164380 0.953518152 -0.008201495 0.999966323 0.000239510 -1.722345352 -0.007162175 -0.000298254 0.999974310 121.777023315
0.999928415 0.010383704 0.005952601 0.956854641 -0.010387450 0.999945879 0.000598660 -1.741465807 -0.005946063 -0.000660449 0.999982059 123.019989014
0.999919236 0.011697338 0.004958965 0.952642560 -0.011703947 0.999930799 0.001306061 -1.758500457 -0.004943344 -0.001363995 0.999986887 124.260078430
0.999924839 0.011401245 0.004509095 0.947246969 -0.011408847 0.999933541 0.001664125 -1.773602605 -0.004489823 -0.001715443 0.999988496 125.504150391
0.999878645 0.015169512 0.003540416 0.939749420 -0.015182558 0.999877930 0.003687565 -1.791153431 -0.003484044 -0.003740870 0.999986947 126.745109558
0.999863505 0.016254226 0.002970264 0.933325589 -0.016274279 0.999844074 0.006856343 -1.804039717 -0.002858355 -0.006903745 0.999972165 127.997764587
0.999883950 0.015060524 0.002303088 0.933956802 -0.015075585 0.999864161 0.006668682 -1.822519302 -0.002202341 -0.006702629 0.999975145 129.254058838
0.999887049 0.014925973 0.001779615 0.927244782 -0.014934596 0.999876320 0.004934951 -1.827737451 -0.001705736 -0.004960972 0.999986291 130.507431030
0.999927163 0.012045711 0.000814868 0.932644486 -0.012050470 0.999908805 0.006114002 -1.844175577 -0.000741146 -0.006123376 0.999981046 131.768768311
0.999951601 0.009829627 -0.000233442 0.930844486 -0.009827505 0.999921203 0.007809509 -1.853868484 0.000310188 -0.007806837 0.999969482 133.026306152
0.999978840 0.006497547 -0.000104008 0.920638859 -0.006496253 0.999933004 0.009575527 -1.862486243 0.000166219 -0.009574649 0.999954104 134.301483154
0.999990165 0.004311772 -0.001078418 0.922735810 -0.004300025 0.999933898 0.010667326 -1.874556541 0.001124341 -0.010662583 0.999942482 135.577697754
0.999999642 0.000247502 -0.000761990 0.923314869 -0.000240577 0.999958754 0.009075041 -1.882668972 0.000764205 -0.009074856 0.999958456 136.837265015
0.999997377 -0.002137938 -0.000856473 0.920523703 0.002144785 0.999965072 0.008075423 -1.890809536 0.000839178 -0.008077239 0.999966979 138.108779907
0.999994874 -0.003139972 -0.000572888 0.920181572 0.003144244 0.999966025 0.007616291 -1.896507740 0.000548954 -0.007618053 0.999970853 139.392547607
0.999994218 -0.003384067 -0.000123074 0.913129985 0.003384925 0.999963820 0.007807180 -1.905110002 0.000096650 -0.007807550 0.999969542 140.669418335
0.999994159 -0.003422555 0.000041881 0.918817341 0.003421975 0.999945343 0.009880684 -1.915887833 -0.000075696 -0.009880481 0.999951184 141.936965942
0.999999285 -0.000667858 0.000989003 0.904560745 0.000656349 0.999932587 0.011591423 -1.925492406 -0.000996677 -0.011590766 0.999932349 143.214752197
0.999997795 -0.001327302 0.001618936 0.903267860 0.001311379 0.999951065 0.009797175 -1.936835766 -0.001631862 -0.009795032 0.999950647 144.500167847
0.999997854 -0.000630293 0.001956581 0.897965133 0.000614636 0.999967813 0.007992141 -1.946608901 -0.001961556 -0.007990922 0.999966204 145.770217896
0.999996126 -0.000626338 0.002703025 0.888100922 0.000610913 0.999983430 0.005703640 -1.964074016 -0.002706553 -0.005701966 0.999980092 147.052536011
0.999993026 -0.002057893 0.003092821 0.883329213 0.002053442 0.999996841 0.001441821 -1.981283188 -0.003095778 -0.001435460 0.999994218 148.337768555
0.999990761 -0.001864391 0.003851534 0.876687825 0.001872845 0.999995828 -0.002192384 -2.000375509 -0.003847430 0.002199577 0.999990284 149.616241455
0.999989450 -0.002125687 0.004062205 0.875914216 0.002138437 0.999992907 -0.003136745 -2.025194168 -0.004055506 0.003145399 0.999986827 150.883148193
0.999989510 -0.001943667 0.004154117 0.872816086 0.001955370 0.999994159 -0.002814999 -2.050873756 -0.004148621 0.002823093 0.999987423 152.149520874
0.999991596 -0.001578062 0.003793354 0.880092680 0.001585772 0.999996662 -0.002030321 -2.080723524 -0.003790137 0.002036320 0.999990761 153.410217285
0.999992430 -0.001655500 0.003518502 0.882194042 0.001659556 0.999997973 -0.001150022 -2.103440046 -0.003516591 0.001155852 0.999993145 154.671493530
0.999993324 -0.000477205 0.003625296 0.869582236 0.000479059 0.999999762 -0.000510555 -2.127155542 -0.003625052 0.000512288 0.999993324 155.940185547
0.999995112 0.000016999 0.003126974 0.865091145 -0.000015363 0.999999881 -0.000523285 -2.153502703 -0.003126983 0.000523234 0.999994993 157.207489014
0.999997914 -0.000042811 0.002089552 0.870815158 0.000043944 0.999999881 -0.000541820 -2.176477909 -0.002089528 0.000541910 0.999997675 158.487777710
0.999998808 -0.000618781 0.001441240 0.866595864 0.000617986 0.999999762 0.000552124 -2.197471142 -0.001441580 -0.000551233 0.999998868 159.755020142
0.999999046 0.000833041 0.001056828 0.859082222 -0.000834116 0.999999166 0.001016809 -2.221121073 -0.001055980 -0.001017689 0.999998927 161.029205322
0.999999523 0.000938655 0.000369746 0.853890300 -0.000938563 0.999999642 -0.000250780 -2.238627911 -0.000369982 0.000250433 0.999999881 162.297119141
0.999998808 0.001486823 -0.000186802 0.847237229 -0.001487040 0.999998152 -0.001163488 -2.263216972 0.000185073 0.001163764 0.999999285 163.553833008
0.999996066 0.002555200 -0.001111314 0.843377471 -0.002556556 0.999995947 -0.001220839 -2.284169912 0.001108191 0.001223675 0.999998629 164.816131592
0.999996364 0.002196606 -0.001565774 0.829676509 -0.002199807 0.999995470 -0.002045520 -2.308228970 0.001561275 0.002048957 0.999996662 166.088134766
0.999993443 0.002397876 -0.002692994 0.825774193 -0.002406425 0.999992132 -0.003175976 -2.333042860 0.002685358 0.003182436 0.999991357 167.357177734
0.999991834 0.002511886 -0.003153859 0.814658165 -0.002521229 0.999992371 -0.002962103 -2.355452299 0.003146396 0.002970030 0.999990642 168.626907349
0.999987781 0.002825569 -0.004062871 0.806581914 -0.002832141 0.999994695 -0.001612718 -2.381156206 0.004058294 0.001624205 0.999990523 169.900848389
0.999986947 0.002717980 -0.004356435 0.793497086 -0.002722370 0.999995708 -0.001001970 -2.406682730 0.004353695 0.001013817 0.999989986 171.177230835
0.999981582 0.003404554 -0.005033567 0.778110266 -0.003407574 0.999994040 -0.000591444 -2.429298401 0.005031523 0.000608585 0.999987185 172.446945190
0.999978364 0.003669559 -0.005468766 0.761837125 -0.003672604 0.999993086 -0.000546764 -2.451168060 0.005466721 0.000566837 0.999984920 173.736007690
0.999973536 0.003911759 -0.006129734 0.743415534 -0.003918445 0.999991775 -0.001079161 -2.482183695 0.006125462 0.001103152 0.999980569 174.982559204
0.999967575 0.004826709 -0.006454433 0.724883616 -0.004837693 0.999986947 -0.001687214 -2.501897812 0.006446206 0.001718384 0.999977767 176.254669189
0.999965191 0.004688183 -0.006899318 0.704622209 -0.004699669 0.999987721 -0.001649586 -2.520051718 0.006891499 0.001681953 0.999974847 177.522415161
0.999960661 0.004949933 -0.007346814 0.688744962 -0.004969364 0.999984205 -0.002628964 -2.545912266 0.007333683 0.002665370 0.999969542 178.774322510
0.999965787 0.003908099 -0.007284665 0.670604289 -0.003940512 0.999982417 -0.004440472 -2.566183805 0.007267182 0.004469026 0.999963582 180.039794922
0.999971032 0.000855164 -0.007550115 0.661418855 -0.000886758 0.999990880 -0.004182235 -2.593182087 0.007546468 0.004188809 0.999962747 181.305755615
0.999961793 0.000909557 -0.008694245 0.654808044 -0.000912710 0.999999583 -0.000358759 -2.619205952 0.008693914 0.000366681 0.999962151 182.574264526
0.999969840 0.000185274 -0.007757863 0.627125561 -0.000154594 0.999992132 0.003955132 -2.641973734 0.007758538 -0.003953815 0.999962032 183.829605103
0.999967456 0.001550608 -0.007908114 0.613497794 -0.001525565 0.999993742 0.003171842 -2.658066511 0.007912984 -0.003159675 0.999963641 185.090240479
0.999966264 0.002705706 -0.007753377 0.598360896 -0.002705764 0.999996364 0.000002935 -2.674146891 0.007753354 0.000018044 0.999969900 186.325698853
0.999964595 0.003137069 -0.007813496 0.581800520 -0.003151368 0.999993384 -0.001818480 -2.696323872 0.007807739 0.001843038 0.999967754 187.570648193
0.999960542 0.002802970 -0.008420323 0.567019403 -0.002814408 0.999995112 -0.001346860 -2.723654747 0.008416506 0.001370505 0.999963641 188.819122314
0.999963045 0.002812829 -0.008120988 0.548776984 -0.002817531 0.999995887 -0.000567572 -2.743498802 0.008119359 0.000590432 0.999966860 190.063003540
0.999962926 0.002963180 -0.008078161 0.535775185 -0.002947369 0.999993742 0.001968365 -2.772105694 0.008083942 -0.001944483 0.999965370 191.315155029
0.999971390 0.001939396 -0.007311540 0.519381404 -0.001917297 0.999993622 0.003028371 -2.797740221 0.007317364 -0.003014266 0.999968648 192.566268921
0.999979079 0.002141346 -0.006094641 0.512796998 -0.002127782 0.999995232 0.002231138 -2.814977169 0.006099388 -0.002218123 0.999978840 193.807723999
0.999988496 0.000733035 -0.004723860 0.500511169 -0.000727645 0.999999106 0.001142560 -2.839841843 0.004724693 -0.001139109 0.999988139 195.039764404
0.999993682 0.001073796 -0.003418295 0.495209873 -0.001076556 0.999999106 -0.000805446 -2.859107018 0.003417427 0.000809121 0.999993801 196.268554688
0.999996960 0.000205457 -0.002455547 0.493842691 -0.000208746 0.999999166 -0.001339214 -2.881385326 0.002455270 0.001339722 0.999996066 197.485656738
0.999999404 0.000941190 -0.000572420 0.478450954 -0.000941500 0.999999404 -0.000541351 -2.909273148 0.000571910 0.000541890 0.999999702 198.709396362
0.999999821 0.000507593 0.000406029 0.482072055 -0.000508168 0.999998927 0.001417940 -2.934447765 -0.000405309 -0.001418146 0.999998927 199.927658081
0.999997914 0.000985638 0.001805867 0.470959157 -0.000988812 0.999997973 0.001757334 -2.962152481 -0.001804131 -0.001759116 0.999996841 201.143981934
0.999993145 0.001083188 0.003557018 0.462575287 -0.001089643 0.999997735 0.001813260 -2.978240967 -0.003555046 -0.001817124 0.999992013 202.360687256
0.999992788 0.000374317 0.003789207 0.468540639 -0.000381956 0.999997914 0.002015577 -3.007198572 -0.003788444 -0.002017010 0.999990821 203.552352905
0.999985337 0.001077180 0.005308997 0.461169332 -0.001088358 0.999997199 0.002103177 -3.024823904 -0.005306717 -0.002108923 0.999983728 204.754196167
0.999975681 0.001497855 0.006808622 0.460269511 -0.001510279 0.999997258 0.001819853 -3.041086435 -0.006805877 -0.001830092 0.999975204 205.964004517
0.999968708 0.000984246 0.007846603 0.453861564 -0.000998963 0.999997735 0.001871841 -3.062627554 -0.007844742 -0.001879621 0.999967456 207.119018555
0.999970973 0.000258485 0.007618151 0.463394821 -0.000274881 0.999997675 0.002151164 -3.087728739 -0.007617577 -0.002153195 0.999968708 208.287307739
0.999970257 0.000365611 0.007708120 0.466050625 -0.000387796 0.999995828 0.002876794 -3.109014034 -0.007707036 -0.002879697 0.999966204 209.443313599
0.999970496 -0.000235654 0.007681484 0.468101233 0.000205711 0.999992371 0.003898521 -3.127377033 -0.007682346 -0.003896825 0.999962866 210.568649292
0.999973953 -0.000092066 0.007233493 0.467816710 0.000062299 0.999991596 0.004115256 -3.151744127 -0.007233812 -0.004114698 0.999965429 211.682510376
0.999977946 0.000601274 0.006618481 0.473282307 -0.000620466 0.999995530 0.002898029 -3.170078993 -0.006616710 -0.002902072 0.999973953 212.800186157
0.999979734 0.000912591 0.006302761 0.472879976 -0.000924629 0.999997675 0.001907261 -3.185894012 -0.006301007 -0.001913049 0.999978364 213.886672974
0.999984145 0.000914273 0.005559284 0.476292223 -0.000924695 0.999997735 0.001872274 -3.206461191 -0.005557560 -0.001877385 0.999982774 214.959228516
0.999990225 0.000133955 0.004410795 0.475164264 -0.000142574 0.999998033 0.001953692 -3.227396965 -0.004410524 -0.001954302 0.999988437 216.022109985
0.999996305 -0.000307057 0.002695919 0.476172805 0.000300106 0.999996603 0.002578505 -3.246433258 -0.002696702 -0.002577687 0.999993026 217.070007324
0.999999106 -0.001125124 0.000671334 0.469788462 0.001122326 0.999990761 0.004154649 -3.264666319 -0.000676002 -0.004153891 0.999991119 218.109466553
0.999998152 -0.001139898 -0.001545971 0.466507465 0.001149015 0.999981940 0.005909294 -3.283149481 0.001539207 -0.005911059 0.999981344 219.149841309
0.999992013 -0.000681262 -0.003933447 0.457943708 0.000704421 0.999982417 0.005889489 -3.299547195 0.003929365 -0.005892213 0.999974906 220.144790649
0.999984205 -0.000597027 -0.005591523 0.440329909 0.000628548 0.999983966 0.005637203 -3.314735413 0.005588067 -0.005640628 0.999968529 221.141845703
0.999962449 -0.000326782 -0.008654392 0.427998155 0.000376261 0.999983609 0.005716292 -3.331811666 0.008652383 -0.005719334 0.999946237 222.122985840
0.999926925 0.000292055 -0.012086962 0.410356671 -0.000218497 0.999981403 0.006086539 -3.348954916 0.012088516 -0.006083452 0.999908447 223.060577393
0.999886394 0.000518642 -0.015062774 0.389608175 -0.000427368 0.999981523 0.006062170 -3.368250132 0.015065640 -0.006055043 0.999868214 223.989227295
0.999844730 0.000868553 -0.017602434 0.361485422 -0.000778424 0.999986529 0.005126471 -3.379673004 0.017606650 -0.005111972 0.999831855 224.897628784
0.999775589 0.000738600 -0.021172334 0.341293842 -0.000643249 0.999989629 0.004510006 -3.393671989 0.021175442 -0.004495375 0.999765694 225.776306152
0.999711514 0.001338364 -0.023977084 0.312464625 -0.001231597 0.999989390 0.004467033 -3.414816856 0.023982810 -0.004436215 0.999702513 226.640380859
0.999638200 0.001746351 -0.026839295 0.281073451 -0.001646472 0.999991655 0.003742984 -3.429028511 0.026845612 -0.003697440 0.999632776 227.471649170
0.999559939 0.002844206 -0.029525993 0.252277046 -0.002731772 0.999988973 0.003847613 -3.447752953 0.029536609 -0.003765264 0.999556601 228.289382935
0.999533892 0.004077005 -0.030253511 0.222935706 -0.003963012 0.999984801 0.003826955 -3.455554485 0.030268660 -0.003705277 0.999534905 229.093673706
0.999541819 0.004361669 -0.029953744 0.194713771 -0.004203488 0.999976933 0.005341766 -3.477516413 0.029976357 -0.005213408 0.999537051 229.871490479
0.999553561 0.004258236 -0.029576821 0.168665275 -0.004088352 0.999974847 0.005801940 -3.489708424 0.029600786 -0.005678429 0.999545693 230.633132935
0.999569416 0.003832142 -0.029093597 0.142939031 -0.003671575 0.999977767 0.005570399 -3.505080462 0.029114300 -0.005461180 0.999561191 231.377639771
0.999577463 0.005007434 -0.028632494 0.118027650 -0.004905415 0.999981523 0.003632155 -3.515481949 0.028650148 -0.003490166 0.999583423 232.109817505
0.999601424 0.004803531 -0.027820304 0.097290605 -0.004761828 0.999987483 0.001565080 -3.528523207 0.027827470 -0.001431981 0.999611735 232.840026855
0.999640107 0.004909336 -0.026373353 0.072053917 -0.004903834 0.999987960 0.000273263 -3.545170307 0.026374375 -0.000143833 0.999652147 233.561935425
0.999666095 0.005565143 -0.025233537 0.053772759 -0.005573544 0.999984562 -0.000262630 -3.554461479 0.025231680 0.000403182 0.999681532 234.300292969
0.999714673 0.005125462 -0.023331165 0.033765029 -0.005135409 0.999986887 -0.000366470 -3.568231106 0.023328975 0.000486181 0.999727666 235.019287109
0.999758065 0.005059778 -0.021406192 0.013770514 -0.005067629 0.999987185 -0.000312536 -3.585442781 0.021404333 0.000420940 0.999770820 235.724349976
0.999795198 0.005099454 -0.019585937 -0.002484928 -0.005112185 0.999986768 -0.000600008 -3.595790386 0.019582620 0.000700012 0.999808013 236.449920654
0.999824166 0.004759734 -0.018140780 -0.008381478 -0.004778788 0.999988079 -0.001007209 -3.608572483 0.018135771 0.001093723 0.999834955 237.157852173
0.999876261 0.004963149 -0.014931734 -0.026260762 -0.004972295 0.999987483 -0.000575519 -3.622309923 0.014928691 0.000649693 0.999888420 237.869415283
0.999925554 0.003689731 -0.011638333 -0.035574574 -0.003686379 0.999993205 0.000309515 -3.637803316 0.011639399 -0.000266589 0.999932289 238.574127197
0.999959171 0.002961934 -0.008532588 -0.044330362 -0.002959140 0.999995589 0.000340122 -3.648248911 0.008533556 -0.000314859 0.999963462 239.267028809
0.999980748 0.002468563 -0.005687462 -0.047172353 -0.002465622 0.999996841 0.000524185 -3.663797617 0.005688738 -0.000510152 0.999983668 239.965805054
0.999994755 0.002171847 -0.002391212 -0.054931927 -0.002171719 0.999997735 0.000056189 -3.674587488 0.002391328 -0.000050996 0.999997139 240.652740479
0.999997258 0.002188736 0.000772840 -0.057358377 -0.002188594 0.999997616 -0.000184287 -3.689900637 -0.000773241 0.000182595 0.999999702 241.352706909
0.999989331 0.003108867 0.003405399 -0.053283080 -0.003104904 0.999994576 -0.001168383 -3.700355291 -0.003409012 0.001157797 0.999993563 242.041732788
0.999974430 0.003398108 0.006292525 -0.049665466 -0.003387192 0.999992788 -0.001744512 -3.711871386 -0.006298407 0.001723154 0.999978721 242.731216431
0.999947906 0.003696299 0.009514283 -0.047547322 -0.003689985 0.999993086 -0.000681020 -3.727196217 -0.009516735 0.000645876 0.999954462 243.434234619
0.999926209 0.003856845 0.011516376 -0.038377229 -0.003858882 0.999992609 0.000154614 -3.740998268 -0.011515695 -0.000199043 0.999933660 244.138931274
0.999895513 0.003951025 0.013905958 -0.031946979 -0.003942105 0.999992013 -0.000668848 -3.749468803 -0.013908491 0.000613960 0.999903023 244.842788696
0.999856293 0.003662466 0.016547829 -0.026126552 -0.003629448 0.999991357 -0.002024898 -3.762217045 -0.016555101 0.001964548 0.999860942 245.551940918
0.999821126 0.003771666 0.018529452 -0.018031059 -0.003692471 0.999983907 -0.004306386 -3.774797678 -0.018545398 0.004237196 0.999818981 246.258865356
0.999810576 0.002501591 0.019301394 -0.002644225 -0.002380745 0.999977469 -0.006281459 -3.785483360 -0.019316671 0.006234318 0.999793947 246.978088379
0.999810696 0.002847419 0.019248020 0.014222251 -0.002722745 0.999975145 -0.006500376 -3.801496267 -0.019266050 0.006446737 0.999793530 247.703659058
0.999818921 0.001407202 0.018977515 0.029730503 -0.001276199 0.999975324 -0.006913383 -3.818173409 -0.018986775 0.006887913 0.999795914 248.432510376
0.999808967 0.003031070 0.019306701 0.039717041 -0.002892182 0.999969780 -0.007217634 -3.833362341 -0.019327993 0.007160419 0.999787569 249.167266846
0.999800324 0.003592673 0.019658005 0.049050275 -0.003441646 0.999964356 -0.007711184 -3.849197388 -0.019685008 0.007641988 0.999777019 249.902618408
0.999797523 0.002365000 0.019980151 0.062402688 -0.002172255 0.999950886 -0.009663017 -3.864636421 -0.020002022 0.009617659 0.999753654 250.650558472
0.999788761 -0.001166569 0.020527204 0.076106891 0.001408836 0.999929488 -0.011791684 -3.883733273 -0.020512002 0.011818112 0.999719739 251.397338867
0.999769807 -0.004546325 0.020968743 0.095231615 0.004811638 0.999908745 -0.012619770 -3.900188684 -0.020909457 0.012717760 0.999700487 252.164245605
0.999765813 -0.002008764 0.021549493 0.108062066 0.002199709 0.999958456 -0.008840719 -3.913668156 -0.021530841 0.008886052 0.999728739 252.944442749
0.999753356 0.001691771 0.022144275 0.113790102 -0.001630657 0.999994814 -0.002777579 -3.926678181 -0.022148861 0.002740785 0.999750912 253.724929810
0.999738395 0.000760918 0.022861406 0.131704673 -0.000782382 0.999999285 0.000929937 -3.946560383 -0.022860684 -0.000947580 0.999738216 254.508544922
0.999682009 -0.000313206 0.025215650 0.152530640 0.000345973 0.999999106 -0.001295136 -3.958208561 -0.025215222 0.001303448 0.999681234 255.314315796
0.999569297 0.000523629 0.029342342 0.165743455 -0.000305948 0.999972463 -0.007422664 -3.972475052 -0.029345419 0.007410490 0.999541819 256.099670410
0.999445677 0.002863901 0.033168711 0.193177402 -0.002489971 0.999932945 -0.011309406 -3.982351303 -0.033198882 0.011220547 0.999385774 256.922088623
0.999336064 0.004928340 0.036098883 0.220834956 -0.004531724 0.999928534 -0.011060516 -3.998623610 -0.036150821 0.010889582 0.999287009 257.743591309
0.999218941 0.003042044 0.039400596 0.251165390 -0.002690757 0.999956191 -0.008965748 -4.016580582 -0.039426152 0.008852728 0.999183297 258.574218750
0.999105155 -0.000161969 0.042298142 0.294983983 0.000386466 0.999985814 -0.005299377 -4.039007187 -0.042296689 0.005310981 0.999091029 259.419433594
0.998978555 -0.002644107 0.045109380 0.333625793 0.002834025 0.999987304 -0.004146734 -4.052233696 -0.045097843 0.004270338 0.998973548 260.260986328
0.998844922 -0.002809704 0.047969617 0.370683581 0.002983779 0.999989152 -0.003557656 -4.070852757 -0.047959108 0.003696677 0.998842478 261.093933105
0.998705745 0.000708589 0.050856505 0.408663124 -0.000428129 0.999984622 -0.005525427 -4.084550381 -0.050859638 0.005496502 0.998690665 261.948089600
0.998586237 0.001655378 0.053128924 0.448465049 -0.001235066 0.999967694 -0.007943022 -4.099145889 -0.053140353 0.007866175 0.998556077 262.782501221
0.998430312 0.001887066 0.055976834 0.483471781 -0.001446000 0.999967575 -0.007918888 -4.122231483 -0.055989962 0.007825514 0.998400688 263.605743408
0.998267293 0.002495772 0.058789298 0.538724363 -0.002163484 0.999981344 -0.005715162 -4.140261650 -0.058802467 0.005578069 0.998254061 264.489196777
0.998099089 0.003781433 0.061513536 0.588983774 -0.003538837 0.999985576 -0.004052246 -4.161829948 -0.061527971 0.003826856 0.998098075 265.330047607
0.997889698 0.005068914 0.064733312 0.634944737 -0.004796521 0.999978960 -0.004362640 -4.174356461 -0.064754076 0.004042938 0.997893035 266.186309814
0.997740209 0.005031110 0.067000426 0.700817406 -0.004697822 0.999975741 -0.005131053 -4.187314987 -0.067024633 0.004804703 0.997739732 267.041992188
0.997593462 0.003024738 0.069267720 0.762248993 -0.002637529 0.999980390 -0.005680815 -4.205502987 -0.069283545 0.005484449 0.997581899 267.892761230
0.997475624 0.000538070 0.071006447 0.822408259 -0.000179527 0.999987245 -0.005055723 -4.219221592 -0.071008258 0.005030213 0.997463048 268.736999512
0.997441232 -0.000105552 0.071490556 0.892352402 0.000484368 0.999985933 -0.005281507 -4.235311985 -0.071489006 0.005302622 0.997427285 269.590728760
0.997371852 -0.002169813 0.072419561 0.946270049 0.002521536 0.999985456 -0.004765678 -4.264186382 -0.072408162 0.004935761 0.997362852 270.449218750
0.997367382 -0.001931501 0.072488867 1.008674741 0.002279912 0.999986231 -0.004723982 -4.278382778 -0.072478741 0.004876814 0.997358024 271.300445557
0.997359931 -0.001839945 0.072594024 1.059169292 0.002112398 0.999991000 -0.003676502 -4.305203438 -0.072586611 0.003820143 0.997354805 272.160644531
0.997393668 -0.001223846 0.072141223 1.121730685 0.001500277 0.999991715 -0.003777741 -4.315580368 -0.072136000 0.003876127 0.997387290 273.022369385
0.997492194 -0.001227756 0.070766367 1.181659341 0.001548516 0.999988794 -0.004477968 -4.333961010 -0.070760071 0.004576321 0.997482955 273.878173828
0.997589052 -0.001905920 0.069370933 1.236198545 0.002266702 0.999984264 -0.005122415 -4.359210968 -0.069360077 0.005267309 0.997577786 274.750579834
0.997711957 -0.001155242 0.067598566 1.293658853 0.001552583 0.999981821 -0.005825719 -4.377112389 -0.067590609 0.005917342 0.997695565 275.609161377
0.997804344 0.000173350 0.066229969 1.340703964 0.000246502 0.999979913 -0.006331073 -4.396094799 -0.066229738 0.006333499 0.997784317 276.463958740
0.997914433 0.001001750 0.064543553 1.391611576 -0.000580916 0.999978423 -0.006538593 -4.415836334 -0.064548716 0.006487462 0.997893453 277.324218750
0.998058915 0.002213848 0.062236808 1.445611119 -0.001836400 0.999979556 -0.006121250 -4.429664135 -0.062249079 0.005995077 0.998042643 278.186096191
0.998235524 0.001865419 0.059349354 1.490485787 -0.001587086 0.999987483 -0.004736530 -4.449080467 -0.059357449 0.004633980 0.998225987 279.039031982
0.998474121 0.000677388 0.055217803 1.538370490 -0.000552420 0.999997258 -0.002278419 -4.465171814 -0.055219203 0.002244439 0.998471737 279.891448975
0.998728812 -0.000526165 0.050402459 1.574080348 0.000556124 0.999999702 -0.000580365 -4.484511375 -0.050402135 0.000607657 0.998728812 280.726806641
0.998958409 -0.001126684 0.045616001 1.607614279 0.001096382 0.999999225 0.000689304 -4.501763344 -0.045616742 -0.000638574 0.998958826 281.560668945
0.999161780 -0.001464908 0.040910054 1.640568495 0.001403056 0.999997854 0.001540565 -4.517570972 -0.040912226 -0.001481874 0.999161661 282.388854980
0.999338269 -0.001742764 0.036333557 1.664166689 0.001678585 0.999997020 0.001796813 -4.530082703 -0.036336586 -0.001734635 0.999338150 283.196075439
0.999499679 -0.002866722 0.031499006 1.688581347 0.002808434 0.999994218 0.001894542 -4.543328762 -0.031504251 -0.001805131 0.999502003 284.005065918
0.999619126 -0.003271821 0.027405381 1.704166412 0.003217086 0.999992788 0.002041072 -4.561556816 -0.027411856 -0.001952129 0.999622405 284.785217285
0.999721587 -0.002999519 0.023404326 1.720957041 0.002964797 0.999994457 0.001518139 -4.573329449 -0.023408756 -0.001448327 0.999724925 285.555816650
0.999804378 -0.002755872 0.019585609 1.730605960 0.002727250 0.999995172 0.001487974 -4.587635517 -0.019589616 -0.001434268 0.999807060 286.304748535
