1.000000000 -0.000000000 0.000000000 0.000000000 -0.000000000 1.000000000 0.000000000 0.000000000 0.000000000 0.000000000 1.000000000 0.000000000
0.999979019 0.000401509 -0.006466257 -0.008251063 -0.000398845 0.999999821 0.000413282 -0.002079373 0.006466422 -0.000410694 0.999979019 0.091634430
0.999907374 0.000954673 -0.013578217 -0.016413169 -0.000952302 0.999999523 0.000181079 -0.001958105 0.013578384 -0.000168132 0.999907792 0.188485980
0.999772429 0.001391089 -0.021288760 -0.026078269 -0.001403353 0.999998868 -0.000561141 -0.002159031 0.021287953 0.000590889 0.999773204 0.285389185
0.999541640 0.001705807 -0.030225120 -0.042913381 -0.001766179 0.999996483 -0.001970832 -0.002006533 0.030221652 0.002023312 0.999541163 0.390652537
0.999125659 0.001923936 -0.041764364 -0.059085477 -0.002068660 0.999992013 -0.003422289 -0.004977020 0.041757446 0.003505693 0.999121606 0.501139283
0.998479009 0.001730065 -0.055106364 -0.084224433 -0.001955634 0.999989927 -0.004039678 -0.008010613 0.055098820 0.004141301 0.998472333 0.626069784
0.997427702 0.001826857 -0.071656704 -0.108627900 -0.002148956 0.999987960 -0.004418188 -0.004387964 0.071647763 0.004560810 0.997419596 0.761378109
0.995904505 0.000219824 -0.090411425 -0.134642392 -0.000600735 0.999991059 -0.004185893 -0.009234840 0.090409696 0.004223062 0.995895684 0.916971266
0.993913352 -0.000759943 -0.110162199 -0.176182106 0.000280589 0.999990404 -0.004366783 -0.012724186 0.110164464 0.004309294 0.993904054 1.075378776
0.991239250 -0.000869758 -0.132075563 -0.219098076 0.000249778 0.999988854 -0.004710621 -0.013629216 0.132078186 0.004636363 0.991228461 1.227090359
0.987712324 0.002715875 -0.156259179 -0.272689611 -0.003710619 0.999974608 -0.006074636 -0.017893322 0.156238705 0.006579811 0.987697363 1.395634532
0.983327210 0.007087904 -0.181707054 -0.339189172 -0.008577554 0.999935687 -0.007413545 -0.024961134 0.181642830 0.008848543 0.983324647 1.570166945
0.977935195 0.009999767 -0.208669156 -0.411785096 -0.012047049 0.999890924 -0.008542496 -0.027858749 0.208560988 0.010867854 0.977948964 1.751144528
0.971239686 0.010730235 -0.237861991 -0.490937024 -0.013215056 0.999873459 -0.008854336 -0.028890461 0.237736866 0.011743042 0.971258521 1.937706947
0.963178277 0.012463647 -0.268574864 -0.580116630 -0.015244882 0.999849558 -0.008272423 -0.033776205 0.268431365 0.012062210 0.963223159 2.134248257
0.953771830 0.014635205 -0.300174922 -0.676518738 -0.017608361 0.999818981 -0.007201824 -0.036453739 0.300015181 0.012154485 0.953856945 2.318325520
0.942495704 0.016338471 -0.333818555 -0.775220633 -0.019479778 0.999791861 -0.006064786 -0.037131667 0.333649993 0.012218745 0.942617834 2.504900455
0.929929614 0.018567396 -0.367268592 -0.877144337 -0.022088025 0.999741495 -0.005384917 -0.042543661 0.367073685 0.013119832 0.930099308 2.685229778
0.916092038 0.021403130 -0.400396287 -1.000971675 -0.025459778 0.999664247 -0.004814122 -0.041968808 0.400158823 0.014604180 0.916329384 2.867960453
0.900043368 0.022224285 -0.435233355 -1.116657853 -0.026671892 0.999635756 -0.004111973 -0.043645032 0.434983462 0.015309450 0.900308311 3.041496277
0.881623089 0.017962074 -0.471612126 -1.239892244 -0.022813493 0.999729335 -0.004570908 -0.045892447 0.471402347 0.014788939 0.881794214 3.217969418
0.860471249 0.013591181 -0.509317696 -1.374727011 -0.018591745 0.999815881 -0.004729817 -0.052324802 0.509159684 0.013538973 0.860565543 3.390501261
0.835398853 0.015207887 -0.549433827 -1.535356998 -0.019233564 0.999813735 -0.001570051 -0.055900946 0.549307644 0.011879189 0.835535705 3.571006298
0.806270182 0.020906352 -0.591177940 -1.712180138 -0.023973849 0.999709070 0.002657191 -0.063003115 0.591061473 0.012030395 0.806536734 3.733291388
0.773760200 0.024071110 -0.633021235 -1.911114812 -0.027364245 0.999615073 0.004563018 -0.065682046 0.632887423 0.013791465 0.774120927 3.902035713
0.737926662 0.022935541 -0.674491048 -2.128940105 -0.026242338 0.999641657 0.005281616 -0.066943578 0.674370587 0.013802777 0.738264143 4.075805187
0.697897017 0.018674862 -0.715954602 -2.346488476 -0.020260859 0.999774635 0.006328144 -0.065063871 0.715911508 0.010089459 0.698118210 4.244001865
0.654914141 0.014864634 -0.755557060 -2.584114075 -0.014768192 0.999867380 0.006870115 -0.063409373 0.755558968 0.006658875 0.655046940 4.408070087
0.611050904 0.014627187 -0.791456044 -2.845827579 -0.012291034 0.999884009 0.008989815 -0.063737243 0.791495860 0.004234578 0.611159861 4.542813778
0.562888622 0.015143931 -0.826393962 -3.123395681 -0.009921850 0.999883890 0.011565034 -0.059982948 0.826473236 0.001689530 0.562973559 4.679451466
0.511670351 0.015756169 -0.859037280 -3.419292212 -0.008132833 0.999875844 0.013495206 -0.055755053 0.859143376 0.000081310 0.511734962 4.806705952
0.459406376 0.016906284 -0.888065279 -3.725420713 -0.007589029 0.999857068 0.015108589 -0.045407448 0.888193786 -0.000201428 0.459468991 4.905179977
0.404701144 0.019086374 -0.914249837 -4.057060719 -0.006149469 0.999816358 0.018150583 -0.043393619 0.914428353 -0.001723410 0.404744148 5.001524925
0.349259228 0.020975247 -0.936791301 -4.411434650 -0.005946232 0.999778926 0.020168664 -0.035581261 0.937007308 -0.001473713 0.349306732 5.083917141
0.293724000 0.024026245 -0.955588281 -4.791310787 -0.003258934 0.999703467 0.024133710 -0.029483175 0.955884755 -0.003974450 0.293715209 5.163700104
0.240109250 0.026008800 -0.970397353 -5.133080959 0.001468468 0.999630094 0.027155645 -0.034174815 0.970744729 -0.007945320 0.239982262 5.218611717
0.189234287 0.026409779 -0.981576800 -5.520384789 0.003674908 0.999612153 0.027603503 -0.028654734 0.981925070 -0.008830732 0.189063877 5.252805233
0.141438425 0.027520565 -0.989564419 -5.940402985 0.001457810 0.999606609 0.028008211 -0.021616688 0.989946008 -0.005404034 0.141342670 5.277176857
0.099247709 0.027862281 -0.994672596 -6.363130093 -0.000332305 0.999608874 0.027967393 -0.012060880 0.995062649 -0.002445165 0.099218138 5.274580002
0.061411217 0.026432034 -0.997762501 -6.803783417 -0.001711252 0.999650598 0.026376728 -0.003552482 0.998111069 0.000087596 0.061434995 5.264207840
0.026830757 0.023617635 -0.999360919 -7.275384426 0.000202285 0.999720633 0.023631575 0.002573491 0.999639928 -0.000836208 0.026818488 5.263053894
-0.004190044 0.020945836 -0.999771833 -7.750818729 0.000645779 0.999780416 0.020943314 0.007305866 0.999990940 -0.000557879 -0.004202648 5.231748581
-0.031090870 0.019077638 -0.999334395 -8.241201401 0.000084262 0.999817848 0.019084243 0.013919795 0.999516547 0.000509140 -0.031086817 5.196136475
-0.051545162 0.016607970 -0.998532593 -8.750731468 -0.001028201 0.999860346 0.016683130 0.025767121 0.998670101 0.001886626 -0.051520880 5.146727085
-0.068187326 0.015680786 -0.997549236 -9.266769409 0.000426353 0.999876857 0.015688227 0.038560756 0.997672439 0.000644430 -0.068185598 5.107334137
-0.081165500 0.015930841 -0.996573329 -9.805305481 0.000521569 0.999872863 0.015941104 0.047052562 0.996700466 0.000774086 -0.081163481 5.051945210
-0.090833597 0.017412910 -0.995713890 -10.357897758 0.001155105 0.999848306 0.017379837 0.050568525 0.995865405 0.000428519 -0.090839922 4.994086742
-0.097816363 0.018639350 -0.995029867 -10.932421684 -0.001126948 0.999821901 0.018839896 0.048084728 0.995203853 0.002964196 -0.097777925 4.931568146
-0.102149770 0.019577198 -0.994576335 -11.525506020 -0.000954467 0.999803960 0.019778125 0.055656552 0.994768560 0.002969621 -0.102111056 4.861599445
-0.103519417 0.020268757 -0.994420886 -12.132249832 0.000987047 0.999793947 0.020275520 0.066518508 0.994626880 0.001117370 -0.103518091 4.795705318
-0.102813393 0.022541303 -0.994445264 -12.747491837 0.002780311 0.999745846 0.022374002 0.071260683 0.994696736 -0.000464520 -0.102849938 4.739743710
-0.101043068 0.024909636 -0.994570196 -13.415212631 0.002182259 0.999689639 0.024816148 0.081970654 0.994879663 0.000337090 -0.101066068 4.662928104
-0.099415757 0.024977295 -0.994732440 -14.068980217 -0.000137137 0.999684513 0.025115347 0.087970205 0.995045960 0.002633276 -0.099380970 4.592779160
-0.097644821 0.022661502 -0.994963288 -14.731053352 -0.001308377 0.999736905 0.022898631 0.098139577 0.995220482 0.003537720 -0.097589485 4.523539066
-0.096317925 0.022267902 -0.995101571 -15.412163734 -0.002062452 0.999743044 0.022571398 0.110503465 0.995348394 0.004226379 -0.096247256 4.451924324
-0.094785348 0.024873842 -0.995186925 -16.109296799 -0.001840718 0.999681830 0.025161494 0.123846509 0.995495975 0.004216800 -0.094709381 4.387701511
-0.092938051 0.028387967 -0.995267153 -16.831420898 -0.002643285 0.999582946 0.028757896 0.136364028 0.995668352 0.005303478 -0.092824243 4.316444397
-0.091415264 0.030366933 -0.995349765 -17.559965134 -0.002656793 0.999523938 0.030738289 0.147474781 0.995809317 0.005454387 -0.091291055 4.249711990
-0.089438565 0.029587397 -0.995552719 -18.296394348 -0.005204422 0.999531090 0.030173186 0.161886513 0.995978713 0.007879923 -0.089242630 4.171733379
-0.087474376 0.026853327 -0.995804727 -19.055843353 -0.007462505 0.999590993 0.027610948 0.171642825 0.996138752 0.009846449 -0.087238200 4.097185612
-0.085980527 0.026202761 -0.995952189 -19.830526352 -0.008255376 0.999601007 0.027011447 0.188362747 0.996262610 0.010544417 -0.085729912 4.023620605
-0.084490262 0.028404048 -0.996019363 -20.609502792 -0.005844139 0.999562263 0.029000830 0.204409122 0.996407092 0.008271162 -0.084287278 3.955465317
-0.083457470 0.030544998 -0.996043026 -21.407106400 -0.003876423 0.999512553 0.030976197 0.216950744 0.996503830 0.006446279 -0.083298378 3.890520334
-0.081721298 0.032304719 -0.996131480 -22.193433762 -0.002985840 0.999462128 0.032657683 0.231406420 0.996650696 0.005643118 -0.081580885 3.810024977
-0.081160583 0.027656652 -0.996317267 -22.998037338 -0.003120679 0.999602914 0.028002074 0.240016446 0.996696115 0.005381851 -0.081042051 3.750631094
-0.080799825 0.020990701 -0.996509314 -23.806386948 -0.001816030 0.999773383 0.021206714 0.247373238 0.996728718 0.003523190 -0.080743395 3.682113171
-0.081009418 0.016568026 -0.996575713 -24.630163193 0.001678617 0.999862611 0.016486226 0.256776303 0.996711850 -0.000337330 -0.081026100 3.617614031
-0.081724182 0.017039368 -0.996509373 -25.459600449 0.002636917 0.999853969 0.016880309 0.269617736 0.996651411 -0.001248184 -0.081757180 3.550359011
-0.081781350 0.024484986 -0.996349514 -26.310947418 0.001665823 0.999700129 0.024430593 0.274549752 0.996648848 0.000338226 -0.081797607 3.471591711
-0.081939697 0.031461123 -0.996140599 -27.148080826 0.000303641 0.999502301 0.031542324 0.286335021 0.996637166 0.002282099 -0.081908479 3.403764486
-0.082452245 0.036950037 -0.995909870 -27.992919922 -0.001562879 0.999306440 0.037205454 0.297720373 0.996593714 0.004624160 -0.082337312 3.328909159
-0.082581446 0.037351120 -0.995884120 -28.833738327 -0.003409173 0.999280989 0.037761223 0.307131797 0.996578515 0.006513517 -0.082394719 3.247498035
-0.082974955 0.033672094 -0.995982647 -29.668945312 -0.003380108 0.999413729 0.034069691 0.324436784 0.996545851 0.006193460 -0.082812503 3.175198078
-0.083125532 0.030737907 -0.996064961 -30.506465912 -0.003253442 0.999510527 0.031115754 0.344964653 0.996533751 0.005827152 -0.082984835 3.094084740
-0.083251938 0.032217808 -0.996007562 -31.343967438 -0.004852559 0.999452293 0.032734837 0.358061522 0.996516705 0.007558425 -0.083050005 3.019672632
-0.083515197 0.034665052 -0.995903373 -32.185981750 -0.005742923 0.999361455 0.035267010 0.367999882 0.996490002 0.008664728 -0.083262779 2.950230598
-0.083070301 0.033294946 -0.995987296 -33.012580872 -0.007158294 0.999396145 0.034005921 0.373285860 0.996518016 0.009954453 -0.082781784 2.868702412
-0.082902908 0.027978187 -0.996164799 -33.835948944 -0.007716689 0.999557912 0.028715679 0.386423230 0.996527791 0.010067708 -0.082650349 2.799988031
-0.082448810 0.023812126 -0.996310711 -34.672527313 -0.009329147 0.999652326 0.024664011 0.399088085 0.996551633 0.011328248 -0.082197979 2.716184855
-0.081916116 0.024713425 -0.996332765 -35.496681213 -0.009000943 0.999633312 0.025535332 0.404521137 0.996598542 0.011059690 -0.081663646 2.649427414
-0.081509054 0.027181886 -0.996301830 -36.326702118 -0.007759979 0.999580383 0.027906189 0.411896825 0.996642351 0.010005889 -0.081263930 2.581957340
-0.080728561 0.032091346 -0.996219397 -37.178672791 -0.007260921 0.999436080 0.032783352 0.424081594 0.996709704 0.009880024 -0.080450021 2.497412443
-0.080232576 0.037596490 -0.996066809 -38.002712250 -0.006852406 0.999243975 0.038268369 0.440553606 0.996752560 0.009895826 -0.079914294 2.436433554
-0.080121830 0.040652700 -0.995955706 -38.848964691 -0.007534372 0.999114692 0.041387763 0.456738889 0.996756613 0.010819964 -0.079744622 2.353088140
-0.079806767 0.040792324 -0.995975316 -39.680282593 -0.006712651 0.999117672 0.041458897 0.475896508 0.996787786 0.009994336 -0.079462528 2.282935619
-0.079816476 0.036342762 -0.996146798 -40.500247955 -0.007136715 0.999288738 0.037029214 0.494234622 0.996784091 0.010064757 -0.079500340 2.217922926
-0.079348549 0.031969395 -0.996334136 -41.335636139 -0.007824557 0.999434948 0.032692038 0.510184824 0.996816218 0.010389940 -0.079053566 2.136205673
-0.079367451 0.029576395 -0.996406615 -42.141185760 -0.012261753 0.999455154 0.030643580 0.517497599 0.996770024 0.014649794 -0.078961551 2.067378759
-0.079439454 0.027560420 -0.996458650 -42.970462799 -0.015263664 0.999466896 0.028860472 0.531276584 0.996722937 0.017502271 -0.078976445 1.984085202
-0.080458328 0.025567507 -0.996429980 -43.786746979 -0.013657178 0.999548852 0.026750306 0.534315526 0.996664345 0.015760703 -0.080072850 1.924253225
-0.081802025 0.022112673 -0.996403277 -44.615512848 -0.010215580 0.999682605 0.023024129 0.540305316 0.996596217 0.012062254 -0.081550166 1.862218976
-0.082213663 0.020536840 -0.996403098 -45.441181183 -0.005887976 0.999760091 0.021091854 0.550570309 0.996597290 0.007600834 -0.082073018 1.785702109
-0.084532917 0.024027247 -0.996130884 -46.262729645 -0.005613905 0.999681830 0.024589300 0.555769444 0.996404886 0.007670787 -0.084371120 1.716667533
-0.086032704 0.030515525 -0.995824814 -47.079578400 -0.003464490 0.999515593 0.030927936 0.557632089 0.996286273 0.006110836 -0.085885301 1.638609767
-0.087680086 0.034054052 -0.995566368 -47.888900757 -0.001585303 0.999409497 0.034325127 0.570212126 0.996147454 0.004587900 -0.087574318 1.566359282
-0.088951848 0.033573180 -0.995469868 -48.676269531 -0.001645981 0.999425411 0.033853669 0.571377695 0.996034622 0.004649870 -0.088845477 1.491355777
-0.089779623 0.029490434 -0.995524824 -49.474315643 -0.004968525 0.999535859 0.030057322 0.582791984 0.995949328 0.007644827 -0.089591421 1.405701995
-0.090955526 0.026001139 -0.995515466 -50.263164520 -0.009556699 0.999590337 0.026980715 0.590257466 0.995809197 0.011967884 -0.090669766 1.320772767
-0.092255950 0.024420306 -0.995435774 -51.053627014 -0.013835222 0.999571323 0.025803989 0.599310637 0.995639324 0.016152648 -0.091878518 1.233421803
-0.093349107 0.025715703 -0.995301247 -51.849906921 -0.015290316 0.999511421 0.027258556 0.604001820 0.995516002 0.017763034 -0.092910297 1.152495384
-0.094445959 0.027146794 -0.995159745 -52.637096405 -0.015217477 0.999471962 0.028708644 0.612664640 0.995413661 0.017855236 -0.093982980 1.074592590
-0.095282286 0.026777124 -0.995090127 -53.419223785 -0.016906302 0.999450445 0.028513279 0.618046105 0.995306730 0.019540107 -0.094777212 0.991108179
-0.095997721 0.026673149 -0.995024145 -54.195568085 -0.017575540 0.999439597 0.028487165 0.625330806 0.995226383 0.020222789 -0.095475130 0.911825538
-0.096415117 0.028414570 -0.994935572 -54.971145630 -0.015989024 0.999419212 0.030092048 0.635439456 0.995212734 0.018809378 -0.095904797 0.833398998
-0.096799560 0.031290956 -0.994811952 -55.739898682 -0.015295774 0.999340832 0.032921758 0.646826386 0.995186388 0.018403228 -0.096257135 0.760499835
-0.096948266 0.035560757 -0.994653940 -56.521331787 -0.015087272 0.999194145 0.037193626 0.655779779 0.995175064 0.018612474 -0.096333645 0.676226199
-0.097443946 0.037557039 -0.994532168 -57.283874512 -0.015292503 0.999113202 0.039228395 0.669642627 0.995123446 0.019031458 -0.096783206 0.599750280
-0.098311819 0.037585922 -0.994445622 -58.033504486 -0.014982283 0.999117255 0.039243646 0.680881500 0.995042861 0.018757181 -0.097661927 0.523680031
-0.098566182 0.035915632 -0.994482160 -58.771785736 -0.014380933 0.999192655 0.037511092 0.687964022 0.995026529 0.017998906 -0.097970121 0.449717641
-0.098673344 0.032043315 -0.994603813 -59.503059387 -0.013695781 0.999342918 0.033554737 0.706935704 0.995025575 0.016932834 -0.098169670 0.370615631
-0.098245710 0.029233662 -0.994732738 -60.233882904 -0.014588760 0.999418676 0.030812250 0.713488460 0.995055258 0.017539086 -0.097762123 0.290122241
-0.097250365 0.026756397 -0.994900227 -60.941581726 -0.014664172 0.999491572 0.028313275 0.724945009 0.995151937 0.017342864 -0.096808545 0.220762998
-0.094844617 0.025964357 -0.995153427 -61.636676788 -0.017499283 0.999461830 0.027744563 0.729235768 0.995338321 0.020045891 -0.094339222 0.146781474
-0.090320133 0.026776686 -0.995552778 -62.332756042 -0.017523332 0.999441087 0.028471043 0.736828625 0.995758653 0.020016911 -0.089800425 0.074046746
-0.084839679 0.028701829 -0.995981157 -62.978569031 -0.017215118 0.999393523 0.030266585 0.736094356 0.996245861 0.019713741 -0.084294140 0.026551923
-0.077647038 0.030297495 -0.996520460 -63.621028900 -0.016438119 0.999363363 0.031664755 0.741449654 0.996845424 0.018839592 -0.077099562 -0.021112047
-0.068862073 0.031528421 -0.997127891 -64.259925842 -0.017688232 0.999304771 0.032818805 0.747488081 0.997469425 0.019897398 -0.068256505 -0.066733792
-0.056882329 0.033473790 -0.997819602 -64.885971069 -0.019850932 0.999202251 0.034651805 0.753095329 0.998183548 0.021778725 -0.056172460 -0.106967077
-0.041948620 0.034919512 -0.998509467 -65.485885620 -0.022961559 0.999091327 0.035904508 0.760714650 0.998855889 0.024433477 -0.041108694 -0.133376434
-0.023391742 0.036021542 -0.999077260 -66.093513489 -0.024034398 0.999041557 0.036582980 0.773243785 0.999437511 0.024867959 -0.022503555 -0.149001881
-0.001596334 0.037063885 -0.999311626 -66.648666382 -0.025156166 0.998995066 0.037092336 0.779466271 0.999682367 0.025198059 -0.000662328 -0.127206564
0.023965532 0.037087545 -0.999024630 -67.166870117 -0.024781294 0.999026537 0.036493134 0.789124966 0.999405503 0.023882544 0.024861282 -0.100632466
0.053516328 0.036406901 -0.997903109 -67.693298340 -0.023408595 0.999106228 0.035195418 0.799280047 0.998292506 0.021475980 0.054320730 -0.056469560
0.087671891 0.036080524 -0.995495796 -68.200172424 -0.022287501 0.999164701 0.034250669 0.809382200 0.995900035 0.019184293 0.088402808 0.010829916
0.125212580 0.036439195 -0.991460562 -68.675056458 -0.021990770 0.999181628 0.033945736 0.815279365 0.991886139 0.017552549 0.125911444 0.096024096
0.166455746 0.036647461 -0.985367656 -69.122329712 -0.021820901 0.999201298 0.033475805 0.812069237 0.985807478 0.015929369 0.167122468 0.188265294
0.211371139 0.037108850 -0.976701200 -69.545898438 -0.021315858 0.999216259 0.033351261 0.827454925 0.977173328 0.013769732 0.211996496 0.305332273
0.259547174 0.036247194 -0.965049922 -69.963104248 -0.017482784 0.999307930 0.032831978 0.815173984 0.965572059 0.008350314 0.260001242 0.454204082
0.309290439 0.031357802 -0.950450480 -70.371818542 -0.009997680 0.999508142 0.029722949 0.815842628 0.950915039 0.000309274 0.309451848 0.633666396
0.361045808 0.026764782 -0.932163835 -70.719192505 -0.005109225 0.999629736 0.026722992 0.807173729 0.932534099 -0.004885589 0.361048907 0.801266253
0.413420796 0.022023691 -0.910273612 -71.105735779 -0.000285324 0.999710441 0.024057988 0.815483809 0.910540104 -0.009686350 0.413307399 1.018597722
0.464593321 0.021226155 -0.885269701 -71.483047485 -0.000678020 0.999720812 0.023614531 0.829188585 0.885523915 -0.010370922 0.464478105 1.253877521
0.512772620 0.020373572 -0.858282745 -71.852508545 0.000975058 0.999703825 0.024313115 0.828700244 0.858523905 -0.013303974 0.512600899 1.512346148
0.557507277 0.015429674 -0.830028653 -72.206672668 0.008970850 0.999656856 0.024608420 0.842261434 0.830123603 -0.021165440 0.557177603 1.806081057
0.601065457 0.009367625 -0.799144924 -72.523757935 0.019132432 0.999476016 0.026106106 0.836548388 0.798970819 -0.030981064 0.600571334 2.113521338
0.644507110 0.005113960 -0.764581084 -72.817710876 0.019592196 0.999538839 0.023200827 0.832899690 0.764347076 -0.029932922 0.644109726 2.398656368
0.685737431 0.000284806 -0.727848947 -73.121665955 0.016982079 0.999721408 0.016390730 0.835932970 0.727650821 -0.023600120 0.685541570 2.720425606
0.726420105 -0.006489228 -0.687220335 -73.402496338 0.013330266 0.999900460 0.004648859 0.841138721 0.687121630 -0.012537854 0.726434231 3.058301449
0.765412867 -0.009237552 -0.643473148 -73.670265198 0.008842997 0.999953568 -0.003836334 0.846042693 0.643478632 -0.002753848 0.765459061 3.424717903
0.802411675 -0.009213316 -0.596699834 -73.907081604 0.006597624 0.999956667 -0.006567637 0.837131858 0.596734583 0.001333147 0.802437603 3.793588161
0.836195290 -0.010638432 -0.548328578 -74.138786316 0.007212366 0.999938726 -0.008401594 0.832299292 0.548384368 0.003070627 0.836220801 4.219596386
0.866576374 -0.009184000 -0.498959810 -74.359291077 0.004410793 0.999932528 -0.010744534 0.827753603 0.499024808 0.007110153 0.866558492 4.663477421
0.892268062 -0.007829251 -0.451437920 -74.561752319 0.003909066 0.999946117 -0.009615706 0.815299630 0.451488882 0.006815088 0.892250717 5.140744686
0.913736522 -0.001420673 -0.406304836 -74.776420593 -0.002368100 0.999958277 -0.008822030 0.807541907 0.406300426 0.009023181 0.913694978 5.633292675
0.931173444 0.002684494 -0.364566654 -74.960975647 -0.007064247 0.999918044 -0.010680533 0.801196575 0.364508092 0.012520816 0.931116045 6.147853851
0.944549441 0.007843949 -0.328275710 -75.136665344 -0.011485056 0.999892116 -0.009154196 0.791652799 0.328168482 0.012416855 0.944537580 6.689451218
0.954547524 0.008575181 -0.297935635 -75.294586182 -0.011247581 0.999910355 -0.007256386 0.779150963 0.297846675 0.010277620 0.954558372 7.240184307
0.961820304 0.008055317 -0.273563057 -75.452537537 -0.010077442 0.999931276 -0.005987384 0.771360338 0.273496062 0.008515604 0.961835444 7.812815666
0.967602968 0.008543828 -0.252332300 -75.596481323 -0.009885331 0.999943018 -0.004049165 0.764229178 0.252283305 0.006412372 0.967632174 8.407293320
0.972223461 0.010454344 -0.233821005 -75.741989136 -0.011079815 0.999937654 -0.001361576 0.756290495 0.233792186 0.003914448 0.972278714 9.025330544
0.975760102 0.015740346 -0.218276352 -75.895278931 -0.016189735 0.999868810 -0.000270386 0.752754927 0.218243480 0.003797668 0.975887001 9.670426369
0.978476942 0.019358804 -0.205446303 -76.029136658 -0.019503403 0.999808967 0.001321366 0.740820467 0.205432639 0.002713977 0.978667498 10.307807922
0.981126845 0.017868631 -0.192538232 -76.152107239 -0.017978750 0.999837756 0.001175314 0.733123064 0.192527965 0.002308465 0.981288791 10.972274780
0.983759344 0.018218547 -0.178566232 -76.275352478 -0.018374646 0.999830961 0.000779744 0.724180341 0.178550243 0.002514011 0.983927548 11.650558472
0.986254036 0.018497167 -0.164198369 -76.382942200 -0.018508758 0.999827683 0.001459489 0.717941463 0.164197072 0.001599681 0.986426234 12.350296974
0.988472342 0.019930206 -0.150084287 -76.493278503 -0.019877575 0.999800801 0.001850938 0.712063909 0.150091231 0.001153712 0.988671422 13.065608025
0.990363300 0.020265140 -0.137003228 -76.595077515 -0.020590173 0.999787569 -0.000955601 0.698716700 0.136954755 0.003767313 0.990570128 13.775320053
0.991836369 0.020662757 -0.125832677 -76.684310913 -0.021602465 0.999748051 -0.006107770 0.685069442 0.125674754 0.008776204 0.992032707 14.500105858
0.992990971 0.019288512 -0.116605751 -76.767715454 -0.020870987 0.999705732 -0.012365310 0.674849272 0.116332933 0.014712317 0.993101239 15.243618965
0.993940830 0.018715100 -0.108311236 -76.854110718 -0.020181211 0.999718785 -0.012455703 0.664363325 0.108047664 0.014566082 0.994038939 16.002220154
0.994629264 0.020705080 -0.101410359 -76.934509277 -0.021455633 0.999749839 -0.006315908 0.647249937 0.101254225 0.008457810 0.994824648 16.764144897
0.994998753 0.024812428 -0.096756548 -77.026794434 -0.024759937 0.999691904 0.001743312 0.628283441 0.096769981 0.000661092 0.995306492 17.575613022
0.995425582 0.025912913 -0.091959149 -77.106864929 -0.025529686 0.999659836 0.005341432 0.615660310 0.092066266 -0.002969310 0.995748401 18.340913773
0.995761991 0.024227859 -0.088719122 -77.175750732 -0.023919746 0.999703586 0.004534581 0.603683412 0.088802680 -0.002393225 0.996046364 19.115776062
0.995996475 0.024019888 -0.086104766 -77.239967346 -0.023805121 0.999710441 0.003520279 0.593522966 0.086164370 -0.001456451 0.996279836 19.887710571
0.996308208 0.023247970 -0.082641400 -77.311820984 -0.022862501 0.999722898 0.005607740 0.583283544 0.082748868 -0.003697648 0.996563554 20.657352448
0.996545613 0.020805957 -0.080398813 -77.373374939 -0.020219499 0.999762774 0.008101664 0.576197267 0.080548309 -0.006448056 0.996729851 21.433990479
0.996830285 0.018590998 -0.077354275 -77.434463501 -0.017898496 0.999793351 0.009636056 0.568559587 0.077517442 -0.008220989 0.996957123 22.201677322
0.997034311 0.017987596 -0.074827433 -77.493827820 -0.017584568 0.999827206 0.006041544 0.557092726 0.074923195 -0.004707819 0.997178257 22.961755753
0.997120917 0.020790223 -0.072920799 -77.557785034 -0.020886295 0.999781728 -0.000555142 0.540650785 0.072893344 0.002076587 0.997337580 23.713401794
0.997218907 0.022069465 -0.071185552 -77.615783691 -0.022737024 0.999704719 -0.008581043 0.528167844 0.070975162 0.010175726 0.997426212 24.460969925
0.997312665 0.021633832 -0.069995232 -77.676704407 -0.022575073 0.999664664 -0.012684053 0.516897798 0.069697358 0.014230112 0.997466624 25.240947723
0.997435451 0.023323597 -0.067663565 -77.736198425 -0.024112370 0.999650180 -0.010863882 0.495043874 0.067386515 0.012467548 0.997649014 26.000518799
0.997482479 0.027278008 -0.065456860 -77.798110962 -0.027756320 0.999594152 -0.006408796 0.467614502 0.065255478 0.008209503 0.997834861 26.772373199
0.997573733 0.029917626 -0.062861726 -77.854858398 -0.030075897 0.999546528 -0.001572869 0.453001261 0.062786154 0.003459676 0.998021007 27.511159897
0.997790635 0.027663998 -0.060403246 -77.902366638 -0.027717840 0.999615908 -0.000053541 0.441819102 0.060378563 0.001727671 0.998174131 28.271717072
0.997941494 0.024914308 -0.059094038 -77.951774597 -0.024939209 0.999688983 0.000316144 0.423288256 0.059083536 0.001158265 0.998252392 29.033859253
0.998073399 0.022729991 -0.057730496 -77.998603821 -0.022762958 0.999740958 0.000086572 0.409493119 0.057717502 0.001227712 0.998332262 29.789442062
0.998115003 0.022801524 -0.056977924 -78.042732239 -0.022945147 0.999734938 -0.001867642 0.398327112 0.056920230 0.003171488 0.998373687 30.537300110
0.998205543 0.020697309 -0.056189347 -78.086059570 -0.020898469 0.999777079 -0.002994681 0.385841399 0.056114841 0.004163579 0.998415649 31.295438766
0.998267293 0.019542174 -0.055501573 -78.130935669 -0.019734219 0.999800980 -0.002914153 0.372164339 0.055433575 0.004004384 0.998454332 32.055988312
0.998245776 0.023389090 -0.054390769 -78.188972473 -0.023533391 0.999720991 -0.002014088 0.360034436 0.054328486 0.003290555 0.998517632 32.834739685
0.998245955 0.023367429 -0.054395776 -78.232521057 -0.023564585 0.999717832 -0.002985793 0.350183964 0.054310650 0.004262370 0.998515010 33.612861633
0.998153448 0.022864509 -0.056275293 -78.275627136 -0.023070363 0.999729276 -0.003010944 0.335344851 0.056191210 0.004303675 0.998410761 34.388553619
0.998103261 0.020457160 -0.058062769 -78.325508118 -0.020636061 0.999783933 -0.002483148 0.322622001 0.057999425 0.003676625 0.998309910 35.172420502
0.997885883 0.022333024 -0.061031636 -78.388488770 -0.022520456 0.999743581 -0.002384902 0.307260990 0.060962711 0.003754320 0.998133004 35.979236603
0.997623444 0.026111212 -0.063761652 -78.447471619 -0.026317947 0.999650776 -0.002404411 0.286428183 0.063676588 0.004076772 0.997962296 36.766857147
0.997441292 0.027039833 -0.066178493 -78.513648987 -0.027616952 0.999587953 -0.007821257 0.282565385 0.065939747 0.009628894 0.997777104 37.559249878
0.997273266 0.027764326 -0.068374269 -78.581451416 -0.028614217 0.999524593 -0.011481974 0.271265894 0.068022996 0.013407145 0.997593701 38.365753174
0.997151315 0.026951205 -0.070446633 -78.641403198 -0.027926389 0.999526739 -0.012894745 0.252035111 0.070065789 0.014825333 0.997432232 39.174591064
0.996997237 0.026913488 -0.072608367 -78.706932068 -0.027812753 0.999548078 -0.011402461 0.232609943 0.072268695 0.013387663 0.997295380 40.002235413
0.996849477 0.025611928 -0.075067736 -78.776138306 -0.026460128 0.999596477 -0.010326250 0.209076345 0.074772984 0.012280020 0.997125030 40.830356598
0.996725142 0.024778435 -0.076973505 -78.836524963 -0.025550844 0.999632418 -0.009065978 0.198274165 0.076720558 0.011003026 0.996991813 41.646999359
0.996661603 0.024265600 -0.077953778 -78.908073425 -0.024762386 0.999678791 -0.005412385 0.181936353 0.077797398 0.007324639 0.996942163 42.484851837
0.996574819 0.023764284 -0.079207391 -78.973533630 -0.023871399 0.999715030 -0.000405588 0.167032093 0.079175174 0.002294991 0.996858001 43.329040527
0.996671915 0.024155138 -0.077854730 -79.052040100 -0.024103524 0.999708176 0.001602744 0.152505606 0.077870712 0.000279164 0.996963382 44.173069000
0.996742725 0.027094606 -0.075958416 -79.131896973 -0.027048299 0.999632776 0.001638573 0.142294586 0.075974919 0.000421310 0.997109652 45.056777954
0.996905208 0.027029607 -0.073819138 -79.199874878 -0.027106814 0.999632537 -0.000043992 0.134721249 0.073790818 0.002044857 0.997271657 45.915634155
0.997062922 0.024777135 -0.072467677 -79.265235901 -0.025002448 0.999684930 -0.002203570 0.121734083 0.072390243 0.004008967 0.997368336 46.782783508
0.997264266 0.021361480 -0.070765495 -79.320350647 -0.021672808 0.999758363 -0.003634462 0.104015775 0.070670769 0.005158207 0.997486413 47.654914856
0.997443140 0.019716643 -0.068690747 -79.384460449 -0.020022174 0.999792457 -0.003762229 0.089505896 0.068602316 0.005127948 0.997630954 48.527324677
0.997549534 0.017702352 -0.067687199 -79.453376770 -0.017847342 0.999839544 -0.001537923 0.076386251 0.067649111 0.002742191 0.997705400 49.417335510
0.997660637 0.014913525 -0.066714130 -79.511482239 -0.014866438 0.999888718 0.001202222 0.060591064 0.066724628 -0.000207609 0.997771382 50.293666840
0.997711420 0.014252800 -0.066096775 -79.567337036 -0.014170078 0.999898195 0.001720143 0.040254530 0.066114545 -0.000779611 0.997811735 51.169792175
0.997762620 0.016148757 -0.064876370 -79.628990173 -0.016295167 0.999865651 -0.001728207 0.026665704 0.064839758 0.002781511 0.997891784 52.046321869
0.997769594 0.018701490 -0.064078435 -79.705108643 -0.019231243 0.999785662 -0.007660437 0.007944902 0.063921437 0.008875659 0.997915387 52.901828766
0.997797072 0.020387061 -0.063129194 -79.760726929 -0.021272030 0.999684215 -0.013378159 -0.009678122 0.062836528 0.014691574 0.997915626 53.761608124
0.997744441 0.025499444 -0.062094595 -79.831695557 -0.026745418 0.999455571 -0.019317845 -0.034044340 0.061568189 0.020935016 0.997883260 54.616149902
0.997793078 0.025603632 -0.061265428 -79.887977600 -0.026888682 0.999433398 -0.020243321 -0.061961174 0.060712416 0.021845993 0.997916162 55.469928741
0.997891009 0.021933882 -0.061094392 -79.943214417 -0.022832384 0.999640644 -0.014047683 -0.090078376 0.060764316 0.015412985 0.998033047 56.324871063
0.997876763 0.021569783 -0.061453395 -80.010635376 -0.021929348 0.999746203 -0.005182517 -0.110348061 0.061326005 0.006519147 0.998096466 57.193511963
0.997842491 0.020058718 -0.062513158 -80.067031860 -0.019906392 0.999797225 0.003058627 -0.136413187 0.062561817 -0.001807618 0.998039484 58.046710968
0.997737408 0.018524969 -0.064627923 -80.128608704 -0.018512549 0.999828339 0.000791103 -0.151750267 0.064631484 0.000407114 0.997909129 58.885223389
0.997715712 0.013634252 -0.066162445 -80.194908142 -0.013840597 0.999900639 -0.002661309 -0.167692080 0.066119589 0.003570957 0.997805357 59.730480194
0.997574270 0.012530746 -0.068472050 -80.263320923 -0.012844643 0.999908864 -0.004145925 -0.191448212 0.068413861 0.005015367 0.997644424 60.569946289
0.997288704 0.014011810 -0.072242804 -80.313598633 -0.014530524 0.999872267 -0.006659578 -0.205225691 0.072140262 0.007691247 0.997364879 61.377872467
0.997047424 0.015510498 -0.075205714 -80.386856079 -0.016300686 0.999818027 -0.009904582 -0.226597890 0.075038403 0.011101242 0.997118831 62.197628021
0.996719360 0.016387772 -0.079259552 -80.457435608 -0.017479656 0.999761403 -0.013101869 -0.250752151 0.079025932 0.014444317 0.996767938 63.012145996
0.996431947 0.018318241 -0.082387835 -80.533050537 -0.019774675 0.999661744 -0.016896643 -0.277987123 0.082050443 0.018465551 0.996457100 63.825782776
0.996075630 0.023277707 -0.085390203 -80.624313354 -0.024844155 0.999541104 -0.017327914 -0.300671279 0.084947661 0.019381359 0.996196806 64.627822876
0.995680571 0.026952334 -0.088847987 -80.707305908 -0.028422227 0.999478519 -0.015320250 -0.325003952 0.088388748 0.017779332 0.995927274 65.432418823
0.995243728 0.029526448 -0.092833742 -80.792747498 -0.030527957 0.999489725 -0.009386354 -0.348808497 0.092509247 0.012175733 0.995637298 66.232292175
0.994832039 0.029843194 -0.097049445 -80.875259399 -0.030355487 0.999531925 -0.003806185 -0.371715605 0.096890450 0.006732499 0.995272279 67.047721863
0.994352043 0.029425386 -0.101971216 -80.963340759 -0.029604105 0.999561667 -0.000239446 -0.388715506 0.101919495 0.003256861 0.994787335 67.843124390
0.993696332 0.028952377 -0.108302221 -81.057571411 -0.029027138 0.999578357 0.000886421 -0.403606832 0.108282216 0.002262871 0.994117618 68.635635376
0.993092179 0.026742956 -0.114248000 -81.146141052 -0.026378844 0.999641001 0.004697938 -0.414768606 0.114332631 -0.001651756 0.993441164 69.418159485
0.992318749 0.027375096 -0.120640352 -81.248764038 -0.027070671 0.999624848 0.004161904 -0.426658243 0.120709032 -0.000864120 0.992687583 70.195434570
0.991467535 0.032040242 -0.126354918 -81.369346619 -0.031840708 0.999486506 0.003599044 -0.440451413 0.126405358 0.000454895 0.991978586 70.965896606
0.990637541 0.033143058 -0.132433787 -81.482879639 -0.033429898 0.999441087 0.000057537 -0.453031510 0.132361680 0.004370249 0.991191804 71.737609863
0.989811540 0.032477666 -0.138629824 -81.585166931 -0.033215854 0.999443650 -0.003014027 -0.461271584 0.138454795 0.007588027 0.990339637 72.481826782
0.988998592 0.033871647 -0.143994778 -81.704910278 -0.034832299 0.999384582 -0.004154971 -0.477207452 0.143765420 0.009124930 0.989569783 73.248741150
0.988256693 0.035823755 -0.148544028 -81.830947876 -0.036098965 0.999347866 0.000843890 -0.485690504 0.148477405 0.004528306 0.988905430 74.020080566
0.987344325 0.036461603 -0.154342785 -81.960838318 -0.036119886 0.999334812 0.005018665 -0.496374041 0.154423088 0.000619692 0.988004625 74.782447815
0.986365139 0.036036082 -0.160577431 -82.090232849 -0.035288811 0.999348998 0.007504003 -0.515561461 0.160743326 -0.001735103 0.986994743 75.541114807
0.985244691 0.033580612 -0.167824671 -82.222114563 -0.033448860 0.999433875 0.003612696 -0.523380399 0.167850971 0.002054152 0.985810280 76.289825439
0.983856678 0.030883567 -0.176273018 -82.369804382 -0.032074228 0.999477804 -0.003908700 -0.528544724 0.176060230 0.009499422 0.984333634 77.045188904
0.982227862 0.028587280 -0.185502306 -82.503562927 -0.030063834 0.999534726 -0.005151176 -0.545758605 0.185268715 0.010636539 0.982630312 77.764343262
0.980229378 0.027860008 -0.195893034 -82.662841797 -0.028874412 0.999580383 -0.002323878 -0.558058977 0.195746079 0.007934229 0.980622470 78.504386902
0.977929235 0.028095286 -0.207038671 -82.826446533 -0.027909694 0.999603271 0.003817784 -0.567613900 0.207063749 0.002044865 0.978325307 79.245140076
0.975366354 0.029769124 -0.218573555 -83.011833191 -0.027952330 0.999544322 0.011400262 -0.572792292 0.218813300 -0.005009790 0.975753903 79.981857300
0.972679436 0.030782938 -0.230102122 -83.175148010 -0.028044969 0.999491692 0.015160765 -0.583627224 0.230451852 -0.008293357 0.973048389 80.692146301
0.969751060 0.033909369 -0.241729051 -83.369056702 -0.032308076 0.999421835 0.010586108 -0.592116892 0.241948277 -0.002456089 0.970286012 81.404182434
0.966778874 0.034023426 -0.253339648 -83.576004028 -0.034727953 0.999395311 0.001691802 -0.600752711 0.253244013 0.007162369 0.967375934 82.106674194
0.963519752 0.031515338 -0.265775234 -83.783699036 -0.033560954 0.999431729 -0.003157635 -0.603889763 0.265524715 0.011962118 0.964029849 82.814605713
0.960235178 0.030129654 -0.277561754 -83.989494324 -0.030730458 0.999525309 0.002186475 -0.619594038 0.277495950 0.006430072 0.960705280 83.514045715
0.956858754 0.031322241 -0.288860142 -84.216667175 -0.029829312 0.999509156 0.009570125 -0.627169907 0.289018214 -0.000540757 0.957323432 84.237930298
0.953208268 0.031103255 -0.300710231 -84.453277588 -0.027974449 0.999500513 0.014705983 -0.630772769 0.301017463 -0.005605659 0.953602195 84.949028015
0.949147940 0.028761635 -0.313514173 -84.696556091 -0.025965262 0.999577045 0.013092219 -0.636520922 0.313758135 -0.004285973 0.949493229 85.661743164
0.945460141 0.027282406 -0.324593246 -84.949630737 -0.025819765 0.999627709 0.008813150 -0.643242598 0.324712902 0.000048440 0.945812643 86.357017517
0.942381561 0.022640193 -0.333772838 -85.201438904 -0.023293346 0.999726534 0.002045660 -0.650779426 0.333727926 0.005846893 0.942651212 87.051902771
0.939598203 0.018685626 -0.341769069 -85.458694458 -0.021207742 0.999768376 -0.003644149 -0.659799695 0.341621816 0.010672186 0.939776897 87.754821777
0.936996520 0.018208312 -0.348863810 -85.728736877 -0.021611108 0.999749184 -0.005864126 -0.668022573 0.348669529 0.013033996 0.937155008 88.456893921
0.933930516 0.023816006 -0.356660366 -86.018661499 -0.027644092 0.999601901 -0.005638800 -0.686619282 0.356384099 0.015125798 0.934217095 89.163467407
0.930912077 0.024197139 -0.364440829 -86.292251587 -0.027247898 0.999623477 -0.003230622 -0.703446507 0.364225507 0.012937672 0.931220889 89.851669312
0.927829742 0.024540287 -0.372195810 -86.580520630 -0.025050821 0.999680161 0.003464682 -0.708723009 0.372161865 0.006109177 0.928147793 90.558403015
0.924955547 0.026434341 -0.379154801 -86.869483948 -0.023796109 0.999648988 0.011643575 -0.715540886 0.379329562 -0.001747379 0.925259948 91.268997192
0.922345161 0.036898017 -0.384600878 -87.191230774 -0.032266676 0.999308169 0.018490536 -0.727056921 0.385017097 -0.004644865 0.922897816 91.969741821
0.919732630 0.043314718 -0.390148312 -87.502014160 -0.040455107 0.999060392 0.015548286 -0.726734996 0.390455157 0.001483227 0.920620680 92.652496338
0.917350650 0.039748531 -0.396090657 -87.804641724 -0.039802298 0.999174893 0.008086709 -0.727822363 0.396085262 0.008346969 0.918175757 93.340469360
0.915561855 0.032129701 -0.400891691 -88.109680176 -0.034749109 0.999395788 0.000736684 -0.734093249 0.400673121 0.013256148 0.916125178 94.028549194
0.913581133 0.032425679 -0.405361772 -88.416069031 -0.035572447 0.999367118 -0.000229821 -0.734766662 0.405097783 0.014629669 0.914156258 94.727851868
0.911508143 0.039148487 -0.409414619 -88.759376526 -0.040479537 0.999165714 0.005418458 -0.749092460 0.409285098 0.011633946 0.912332416 95.424179077
0.909201920 0.041657895 -0.414266258 -89.095077515 -0.041455541 0.999095261 0.009483648 -0.753836632 0.414286524 0.008551079 0.910106361 96.134170532
0.907047749 0.037687879 -0.419337690 -89.419090271 -0.038104128 0.999246359 0.007385983 -0.763177335 0.419300020 0.009279055 0.907800317 96.830528259
0.904645503 0.036325857 -0.424613863 -89.753288269 -0.039473992 0.999219596 0.001383718 -0.775604963 0.424332768 0.015509424 0.905373514 97.520439148
0.902584016 0.033529568 -0.429206073 -90.094940186 -0.039644625 0.999199748 -0.005311828 -0.780796707 0.428684443 0.021810085 0.903191030 98.214271545
