1.000000000 -0.000000000 0.000000000 0.000000000 -0.000000000 1.000000000 0.000000000 0.000000000 0.000000000 0.000000000 1.000000000 0.000000000
0.999978960 0.000416037 -0.006469581 -0.008232486 -0.000413471 0.999999821 0.000398045 -0.001921523 0.006469746 -0.000395362 0.999979019 0.091655657
0.999907255 0.000948790 -0.013587574 -0.016386066 -0.000946486 0.999999523 0.000175990 -0.001931518 0.013587735 -0.000163113 0.999907672 0.188642472
0.999772549 0.001383690 -0.021282526 -0.026053149 -0.001396033 0.999998868 -0.000565099 -0.002024368 0.021281719 0.000594681 0.999773324 0.285343200
0.999541819 0.001717849 -0.030219603 -0.042974770 -0.001778220 0.999996483 -0.001970999 -0.001986431 0.030216111 0.002023834 0.999541342 0.390441567
0.999125361 0.001932806 -0.041770846 -0.058744978 -0.002077380 0.999992013 -0.003418005 -0.005040200 0.041763905 0.003501789 0.999121368 0.500948548
0.998478949 0.001736702 -0.055106960 -0.084081516 -0.001961924 0.999989927 -0.004033165 -0.008052707 0.055099402 0.004135146 0.998472333 0.625772655
0.997427881 0.001852661 -0.071653120 -0.108542487 -0.002176106 0.999987781 -0.004436239 -0.003938935 0.071644031 0.004580753 0.997419775 0.761061013
0.995906115 0.000230073 -0.090393625 -0.134857386 -0.000610667 0.999991059 -0.004182781 -0.008921421 0.090391852 0.004220858 0.995897353 0.916844726
0.993912816 -0.000736141 -0.110166974 -0.175974786 0.000256100 0.999990404 -0.004371477 -0.012495135 0.110169135 0.004316654 0.993903458 1.075559616
0.991233110 -0.001010736 -0.132120013 -0.214333698 0.000408024 0.999989331 -0.004588854 -0.014336754 0.132123247 0.004494714 0.991223097 1.215462089
0.987713158 0.002560336 -0.156256884 -0.269157320 -0.003532233 0.999976099 -0.005942512 -0.018932950 0.156237900 0.006421433 0.987698555 1.384248614
0.983327210 0.006958260 -0.181711778 -0.335443914 -0.008423475 0.999937952 -0.007292889 -0.025783932 0.181649745 0.008701942 0.983324766 1.558813691
0.977933407 0.009866791 -0.208683789 -0.408167422 -0.011882347 0.999894083 -0.008406969 -0.028891180 0.208578736 0.010701109 0.977947056 1.740249991
0.971240401 0.010574259 -0.237866163 -0.487127006 -0.013024433 0.999877036 -0.008731362 -0.029917136 0.237744570 0.011578322 0.971258700 1.926398873
0.963178992 0.012284763 -0.268580198 -0.576484263 -0.015023491 0.999853909 -0.008144096 -0.035123453 0.268440962 0.011879232 0.963222861 2.122778416
0.953732431 0.014371610 -0.300313413 -0.663608611 -0.017278247 0.999826074 -0.007025022 -0.038576245 0.300160289 0.011888881 0.953814745 2.294868946
0.942455530 0.016176870 -0.333939910 -0.764050066 -0.019271884 0.999796569 -0.005957113 -0.038721997 0.333775669 0.012049966 0.942575574 2.484284163
0.929913521 0.018210180 -0.367327124 -0.865307689 -0.021665057 0.999751389 -0.005284054 -0.043948241 0.367139637 0.012871878 0.930076838 2.661384821
0.916057408 0.021188837 -0.400487006 -0.989606261 -0.025175108 0.999672055 -0.004694173 -0.043962840 0.400256217 0.014382436 0.916290462 2.846527100
0.899965346 0.021963641 -0.435407817 -1.103849053 -0.026309753 0.999646008 -0.003954903 -0.046063714 0.435166895 0.015014747 0.900224626 3.018663168
0.881567299 0.017939355 -0.471717417 -1.227403522 -0.022699889 0.999732673 -0.004402895 -0.048643600 0.471512258 0.014589383 0.881738901 3.193534136
0.860341132 0.013510803 -0.509539485 -1.355105281 -0.018406605 0.999820173 -0.004568017 -0.055346429 0.509386241 0.013308945 0.860435188 3.357562065
0.835265577 0.015057885 -0.549640417 -1.516196251 -0.018974926 0.999818921 -0.001444474 -0.057887677 0.549519300 0.011635905 0.835400045 3.538153172
0.806132436 0.020851597 -0.591367722 -1.692379117 -0.023767062 0.999713421 0.002851390 -0.066881344 0.591257751 0.011756476 0.806396902 3.700114489
0.773615479 0.023960292 -0.633202195 -1.893492937 -0.027128173 0.999621093 0.004681662 -0.068330251 0.633074462 0.013555813 0.773972213 3.870903254
0.737729251 0.023177169 -0.674698710 -2.107832432 -0.026238494 0.999639750 0.005649804 -0.072182663 0.674586594 0.013535052 0.738071620 4.041332722
0.697628736 0.018787224 -0.716213107 -2.324196815 -0.020232132 0.999774098 0.006518260 -0.068708852 0.716173649 0.009943193 0.697851300 4.209666729
0.654696524 0.015102470 -0.755741000 -2.563247204 -0.014690423 0.999865770 0.007254702 -0.068995900 0.755749047 0.006352528 0.654830456 4.373732090
0.611077547 0.014552112 -0.791436970 -2.823102713 -0.011811838 0.999887347 0.009264823 -0.069182098 0.791482627 0.003686800 0.611180544 4.502276421
0.562586784 0.015126433 -0.826599836 -3.101583719 -0.009312227 0.999885082 0.011959549 -0.066482440 0.826685905 0.000969201 0.562662959 4.644173622
0.511624098 0.015705725 -0.859065831 -3.396365404 -0.007496940 0.999876440 0.013815204 -0.061759867 0.859176755 -0.000627827 0.511678636 4.767594337
0.459662765 0.017094553 -0.887929022 -3.696575165 -0.007303610 0.999853671 0.015468416 -0.052864090 0.888063490 -0.000625168 0.459720373 4.858301163
0.405042470 0.019326888 -0.914093614 -4.030092239 -0.005780348 0.999810696 0.018577904 -0.051553138 0.914279640 -0.002241060 0.405077487 4.954975128
0.349376738 0.021191336 -0.936742663 -4.383460999 -0.005691507 0.999773741 0.020494491 -0.042814814 0.936964989 -0.001828820 0.349418283 5.042904854
0.294051558 0.024303462 -0.955480576 -4.762036324 -0.002808066 0.999694288 0.024563888 -0.037110880 0.955785394 -0.004539996 0.294029891 5.116592407
0.240328565 0.026127893 -0.970339954 -5.124521255 0.001519459 0.999626338 0.027292805 -0.038438544 0.970690429 -0.008033632 0.240199059 5.178168297
0.189474061 0.026599092 -0.981525362 -5.514060020 0.003604526 0.999607503 0.027784931 -0.032919228 0.981879056 -0.008802456 0.189303800 5.212006569
0.141597614 0.027573455 -0.989540279 -5.940462589 0.001467413 0.999605060 0.028063890 -0.024075106 0.989923239 -0.005425844 0.141501278 5.239212036
0.099411443 0.028038435 -0.994651377 -6.358841896 0.000028991 0.999602795 0.028180914 -0.016514257 0.995046318 -0.002830341 0.099371165 5.236593723
0.061755460 0.026353968 -0.997743309 -6.788228035 -0.000952933 0.999652445 0.026345413 -0.007660761 0.998090804 -0.000676191 0.061759107 5.228516579
0.027390134 0.023590263 -0.999346495 -7.247920990 -0.000530306 0.999721766 0.023584584 0.001375824 0.999624610 -0.000116025 0.027395017 5.212667465
-0.003729854 0.020856397 -0.999775529 -7.721722603 0.000031041 0.999782443 0.020856427 0.006524563 0.999992967 0.000046758 -0.003729686 5.184069633
-0.030838590 0.019218717 -0.999339640 -8.211504936 0.000010584 0.999815166 0.019227538 0.010949537 0.999524355 0.000582373 -0.030833101 5.155133247
-0.051375806 0.016610701 -0.998541355 -8.718867302 -0.001034916 0.999860227 0.016685890 0.022694789 0.998678923 0.001890657 -0.051351435 5.106407642
-0.067615509 0.015793197 -0.997586548 -9.236401558 -0.000781867 0.999873519 0.015882399 0.033036619 0.997711062 0.001853876 -0.067594618 5.056471348
-0.080819465 0.016129931 -0.996598184 -9.782155991 0.000349217 0.999869585 0.016154550 0.041724384 0.996728718 0.000957573 -0.080814570 5.004320145
-0.090385564 0.017384851 -0.995755136 -10.333078384 0.000557313 0.999848366 0.017405726 0.047619678 0.995906770 0.001018279 -0.090381548 4.945080757
-0.097200088 0.018771999 -0.995087802 -10.907266617 -0.002229859 0.999815524 0.019078994 0.044515088 0.995262444 0.004073385 -0.097140305 4.879123688
-0.101726100 0.019761199 -0.994616210 -11.499453545 -0.002037904 0.999796450 0.020072548 0.051267624 0.994810402 0.004068836 -0.101665139 4.812630653
-0.103056625 0.020331325 -0.994467735 -12.105308533 -0.000006283 0.999791026 0.020440808 0.063421264 0.994675577 0.002112809 -0.103034966 4.746950626
-0.101866610 0.022568271 -0.994542122 -12.722416878 0.001729697 0.999745131 0.022509174 0.069617569 0.994796634 0.000572677 -0.101879686 4.681587219
-0.100413136 0.025180791 -0.994627178 -13.359395981 0.001230997 0.999682128 0.025184486 0.075509936 0.994945228 0.001304471 -0.100412205 4.615334511
-0.098766468 0.025043359 -0.994795382 -14.022923470 -0.000551835 0.999681771 0.025221149 0.081470698 0.995110452 0.003039968 -0.098721229 4.545635223
-0.097270280 0.022600854 -0.995001316 -14.689260483 -0.002210232 0.999734759 0.022924444 0.090916649 0.995255530 0.004429051 -0.097194523 4.479631901
-0.095969312 0.022423856 -0.995131791 -15.372140884 -0.002213651 0.999738872 0.022741158 0.105584532 0.995381892 0.004385327 -0.095894612 4.411609173
-0.094152175 0.025086863 -0.995241702 -16.080520630 -0.002939621 0.999671102 0.025476608 0.115609139 0.995553493 0.005324312 -0.094047479 4.340509892
-0.092257202 0.028729407 -0.995320678 -16.793855667 -0.003910636 0.999565542 0.029214414 0.122251630 0.995727420 0.006587578 -0.092104755 4.268252373
-0.090454422 0.030795082 -0.995424330 -17.523157120 -0.004166032 0.999501407 0.031299781 0.133174658 0.995891869 0.006978174 -0.090281017 4.196671486
-0.088718928 0.030244410 -0.995597422 -18.266960144 -0.006404659 0.999500930 0.030933721 0.143724948 0.996036112 0.009120869 -0.088480927 4.123969078
-0.087028719 0.026727332 -0.995847225 -19.020011902 -0.008850752 0.999579906 0.027600996 0.164535999 0.996166468 0.011216076 -0.086755596 4.048716068
-0.085409388 0.026191812 -0.996001720 -19.796361923 -0.009180094 0.999591351 0.027073428 0.180314809 0.996303678 0.011455713 -0.085134029 3.982802153
-0.084021449 0.028741533 -0.996049404 -20.570320129 -0.007074979 0.999541521 0.029439114 0.192148238 0.996438801 0.009520546 -0.083779603 3.919510841
-0.082814209 0.030905969 -0.996085763 -21.361175537 -0.005118326 0.999492764 0.031437218 0.205791801 0.996551812 0.007701739 -0.082614020 3.851915359
-0.081456862 0.032711104 -0.996140003 -22.159032822 -0.003920210 0.999443054 0.033140138 0.217482448 0.996669054 0.006604569 -0.081283264 3.784100533
-0.080854364 0.028133905 -0.996328831 -22.962133408 -0.003975475 0.999584615 0.028548460 0.227452040 0.996717989 0.006269149 -0.080708928 3.713465691
-0.080611266 0.020855566 -0.996527493 -23.762996674 -0.002801084 0.999772429 0.021150067 0.239891410 0.996741652 0.004496291 -0.080534510 3.649737597
-0.080727659 0.016693166 -0.996596336 -24.592000961 0.000851297 0.999860525 0.016678885 0.247305378 0.996735811 0.000498048 -0.080730610 3.580492258
-0.081108220 0.017249512 -0.996556044 -25.421819687 0.002153657 0.999850869 0.017131263 0.260783464 0.996702909 -0.000756753 -0.081133276 3.511750221
-0.080963135 0.024954937 -0.996404707 -26.256845474 0.001531815 0.999688387 0.024912711 0.263619632 0.996715963 0.000490704 -0.080976158 3.431980133
-0.081647404 0.032115243 -0.996143758 -27.109989166 -0.000334339 0.999479711 0.032250203 0.273850501 0.996661246 0.002966195 -0.081594191 3.366551638
-0.082039796 0.037399136 -0.995927095 -27.955110550 -0.002073641 0.999287069 0.037696127 0.285141051 0.996626914 0.005157777 -0.081903763 3.285383463
-0.082391582 0.037678000 -0.995887578 -28.797042847 -0.003946735 0.999264896 0.038132299 0.297639966 0.996592224 0.007072284 -0.082182318 3.209821939
-0.082571946 0.034056984 -0.996002972 -29.638721466 -0.003972765 0.999396622 0.034502383 0.315481186 0.996577203 0.006805815 -0.082386836 3.129359722
-0.082594171 0.031242862 -0.996093392 -30.471048355 -0.004163937 0.999488831 0.031694628 0.333282351 0.996574581 0.006765463 -0.082421869 3.050497293
-0.082829371 0.032696359 -0.996027112 -31.321437836 -0.005006206 0.999435365 0.033224553 0.350454807 0.996551156 0.007738287 -0.082618892 2.966681480
-0.082960583 0.034940410 -0.995940030 -32.161590576 -0.006001581 0.999349594 0.035559941 0.362117052 0.996534765 0.008927288 -0.082696922 2.896607399
-0.082695924 0.033560708 -0.996009529 -32.990303040 -0.006799333 0.999390483 0.034239151 0.371574581 0.996551633 0.009603640 -0.082417332 2.818592072
-0.082543515 0.028336529 -0.996184528 -33.814594269 -0.007400870 0.999550641 0.029045515 0.384553909 0.996559978 0.009770151 -0.082296707 2.749830484
-0.082036935 0.024059927 -0.996338785 -34.648677826 -0.008942119 0.999650419 0.024876181 0.398351312 0.996589184 0.010950147 -0.081793107 2.667926550
-0.081558533 0.024822578 -0.996359527 -35.475589752 -0.009035289 0.999630332 0.025643667 0.404176086 0.996627569 0.011093856 -0.081304103 2.600117445
-0.080962136 0.027341781 -0.996342123 -36.305042267 -0.007606233 0.999577582 0.028048651 0.411410511 0.996688068 0.009849291 -0.080719993 2.529491663
-0.080260143 0.032283619 -0.996251106 -37.153450012 -0.007337702 0.999429107 0.032977745 0.423406720 0.996746898 0.009956994 -0.079977453 2.450058222
-0.079997323 0.038002215 -0.996070325 -37.982852936 -0.006905622 0.999228001 0.038677286 0.437801838 0.996771097 0.009972568 -0.079673141 2.388872385
-0.079930082 0.041155282 -0.995950520 -38.838878632 -0.007099787 0.999098420 0.041855160 0.455194235 0.996775329 0.010416524 -0.079565831 2.306258917
-0.079625130 0.041037533 -0.995979726 -39.669284821 -0.006463328 0.999109983 0.041683231 0.476456642 0.996803999 0.009756377 -0.079289019 2.237193584
-0.079416335 0.036448371 -0.996175051 -40.489440918 -0.006981642 0.999286413 0.037118807 0.497099757 0.996817112 0.009902776 -0.079105198 2.168179512
-0.079160303 0.032319177 -0.996337950 -41.323783875 -0.007703329 0.999424577 0.033031344 0.510377228 0.996832132 0.010289891 -0.078865781 2.091471195
-0.078575335 0.029733177 -0.996464729 -42.144748688 -0.012124734 0.999452710 0.030778423 0.519171596 0.996834457 0.014500294 -0.078171834 2.009982347
-0.079507470 0.027888985 -0.996444106 -42.962722778 -0.015152770 0.999459267 0.029182436 0.533464491 0.996719003 0.017419111 -0.079041906 1.943880558
-0.080262482 0.025571529 -0.996445715 -43.779800415 -0.013012963 0.999558806 0.026699601 0.545904100 0.996688724 0.015109691 -0.079894312 1.876669168
-0.081178419 0.022178097 -0.996452808 -44.607387543 -0.009936417 0.999684751 0.023059525 0.547231197 0.996650040 0.011773105 -0.080932446 1.805799961
-0.082047760 0.020820351 -0.996410906 -45.425045013 -0.005019572 0.999760568 0.021303669 0.559287906 0.996615708 0.006749477 -0.081923597 1.741324425
-0.083833486 0.024285894 -0.996183813 -46.241043091 -0.004858462 0.999681175 0.024780020 0.565447032 0.996467888 0.006917318 -0.083688758 1.664577723
-0.085337669 0.030652167 -0.995880425 -47.074737549 -0.003123849 0.999513626 0.031031668 0.567909479 0.996347189 0.005759151 -0.085200407 1.590226412
-0.087129012 0.034548931 -0.995597780 -47.896827698 -0.001225984 0.999393940 0.034787957 0.577591538 0.996196270 0.004251627 -0.087033860 1.515101910
-0.088659242 0.033687450 -0.995492220 -48.707862854 -0.001271257 0.999423265 0.033933699 0.585684896 0.996061206 0.004274062 -0.088565290 1.439416409
-0.089486815 0.029656483 -0.995546401 -49.507843018 -0.004420852 0.999534905 0.030172678 0.595909774 0.995978177 0.007101220 -0.089314096 1.353600502
-0.090780251 0.025878778 -0.995534658 -50.300285339 -0.009369745 0.999595881 0.026838752 0.605731368 0.995826781 0.011764334 -0.090501092 1.270148277
-0.092116125 0.024618207 -0.995443821 -51.092685699 -0.013353914 0.999573886 0.025956083 0.610540628 0.995658696 0.015684048 -0.091748141 1.184727192
-0.093351901 0.025425408 -0.995308399 -51.888504028 -0.014946783 0.999525428 0.026935015 0.619813502 0.995520949 0.017391093 -0.092927575 1.104019642
-0.094004154 0.027202291 -0.995200038 -52.678943634 -0.015164083 0.999471545 0.028751403 0.623452485 0.995456278 0.017794050 -0.093541980 1.020758629
-0.094942443 0.026794888 -0.995122075 -53.468593597 -0.017282156 0.999442816 0.028560076 0.628741622 0.995332778 0.019909421 -0.094426453 0.938241959
-0.095571592 0.026693856 -0.995064616 -54.249294281 -0.017892249 0.999432862 0.028529515 0.636408210 0.995261729 0.020530555 -0.095039770 0.855553150
-0.096009292 0.028487884 -0.994972646 -55.026615143 -0.016285470 0.999411583 0.030186435 0.646959066 0.995247245 0.019101772 -0.095488839 0.777118683
-0.096208192 0.031259704 -0.994870186 -55.800247192 -0.015815288 0.999332547 0.032929320 0.658448696 0.995235562 0.018902229 -0.095649593 0.699381828
-0.096318848 0.035551991 -0.994715333 -56.584098816 -0.015567453 0.999185860 0.037219163 0.667249084 0.995228827 0.019070089 -0.095686957 0.615693569
-0.096871540 0.037767336 -0.994579971 -57.344196320 -0.015654795 0.999098301 0.039463669 0.679216146 0.995173812 0.019392855 -0.096192949 0.539421082
-0.097635992 0.037712734 -0.994507372 -58.099769592 -0.015227362 0.999108136 0.039382145 0.691733718 0.995105743 0.018988838 -0.096974656 0.463218689
-0.097827584 0.035942875 -0.994554102 -58.843452454 -0.014671861 0.999186873 0.037553467 0.699884057 0.995095253 0.018265726 -0.097220674 0.386491776
-0.098057471 0.032137230 -0.994661689 -59.568614960 -0.014360739 0.999328613 0.033703752 0.714038849 0.995077252 0.017588982 -0.097530127 0.314100266
-0.097613320 0.029080637 -0.994799376 -60.309116364 -0.014643288 0.999422848 0.030652640 0.728320479 0.995116711 0.017559242 -0.097131141 0.227149487
-0.096396796 0.026766807 -0.994983017 -61.015029907 -0.015103924 0.999483883 0.028351203 0.737888217 0.995228410 0.017761113 -0.095942765 0.156048775
-0.093936659 0.025986681 -0.995238900 -61.710472107 -0.017952235 0.999452651 0.027791142 0.741768181 0.995416343 0.020477373 -0.093418710 0.082281113
-0.089396596 0.026840372 -0.995634317 -62.409217834 -0.018109523 0.999427855 0.028568663 0.748536587 0.995831549 0.020584408 -0.088859357 0.007831097
-0.083971597 0.028526524 -0.996059716 -63.065902710 -0.017473830 0.999394417 0.030095136 0.753472567 0.996314943 0.019932115 -0.083422273 -0.042989731
-0.076730452 0.029932324 -0.996602416 -63.720191956 -0.016691808 0.999370694 0.031300604 0.761052370 0.996912122 0.019036807 -0.076182544 -0.092356205
-0.067801647 0.031110473 -0.997213602 -64.353935242 -0.017468344 0.999323428 0.032363992 0.768324018 0.997545898 0.019614000 -0.067212328 -0.135208607
-0.056085236 0.033215262 -0.997873306 -64.979072571 -0.019632066 0.999216497 0.034363389 0.770075798 0.998233020 0.021517590 -0.055389218 -0.172264099
-0.041286305 0.034664452 -0.998545825 -65.570907593 -0.023018537 0.999099612 0.035635404 0.778257489 0.998882174 0.024456317 -0.040451203 -0.196637869
-0.022767385 0.035685632 -0.999103725 -66.160003662 -0.024574498 0.999040663 0.036243379 0.788887262 0.999438703 0.025377635 -0.021868592 -0.207167625
-0.000405796 0.036648862 -0.999328077 -66.735893250 -0.025626652 0.998999596 0.036647208 0.796572924 0.999671519 0.025624305 0.000533801 -0.203153700
0.024998795 0.037290931 -0.998991728 -67.273803711 -0.024956468 0.999015868 0.036667321 0.798412561 0.999375939 0.024014665 0.025904834 -0.171855569
0.054441296 0.036582332 -0.997846603 -67.795127869 -0.023633646 0.999095917 0.035338707 0.810468554 0.998237193 0.021658871 0.055256657 -0.124325752
0.088830933 0.036918133 -0.995362282 -68.287422180 -0.022732638 0.999127626 0.035029013 0.810931802 0.995787263 0.019515548 0.089592710 -0.065142155
0.126351595 0.036850993 -0.991300821 -68.722076416 -0.022265583 0.999163210 0.034305297 0.821028709 0.991735756 0.017737368 0.127066359 0.007677078
0.167736068 0.036734860 -0.985147297 -69.188499451 -0.022170376 0.999193251 0.033483777 0.823846340 0.985582650 0.016224649 0.168415174 0.105642319
0.212553412 0.037816621 -0.976417363 -69.627609253 -0.021199111 0.999194026 0.034083985 0.825589180 0.976919472 0.013454515 0.213183790 0.228831291
0.261600494 0.036365967 -0.964490891 -70.060600281 -0.018120732 0.999298930 0.032763477 0.830159903 0.965006113 0.008906342 0.262076080 0.370286942
0.310763597 0.031013513 -0.949981093 -70.454315186 -0.009776214 0.999518991 0.029432690 0.830322146 0.950437069 0.000140611 0.310917258 0.555286407
0.362326533 0.026170358 -0.931683719 -70.850891113 -0.004831873 0.999644995 0.026200257 0.826945662 0.932038784 -0.004991273 0.362324357 0.748102188
0.414276183 0.021229714 -0.909903646 -71.239791870 -0.000023489 0.999728143 0.023314798 0.836440444 0.910151243 -0.009637388 0.414164066 0.970300674
0.465319186 0.020652797 -0.884902000 -71.590019226 -0.000287268 0.999731243 0.023181748 0.844276786 0.885142922 -0.010532705 0.465200007 1.190288544
0.513673544 0.019482449 -0.857764482 -71.958633423 0.000959819 0.999728501 0.023281671 0.851391017 0.857985198 -0.012782476 0.513515353 1.447927475
0.559107840 0.014583101 -0.828966677 -72.311027527 0.009088473 0.999677360 0.023716072 0.861596644 0.829045177 -0.020793883 0.558794975 1.730785370
0.602357864 0.007907840 -0.798187017 -72.630607605 0.019838262 0.999493659 0.024873331 0.862357914 0.797979593 -0.030817293 0.601896048 2.044216156
0.644688427 0.002820098 -0.764440298 -72.942886353 0.021124659 0.999545574 0.021502845 0.868277550 0.764153540 -0.030011175 0.644335926 2.359737396
0.686445892 -0.000245221 -0.727180779 -73.230300903 0.017145958 0.999727249 0.015848361 0.851900399 0.726978660 -0.023347257 0.686262906 2.654907227
0.726894617 -0.007631348 -0.686706603 -73.511512756 0.014254650 0.999890447 0.003977128 0.860965014 0.686601043 -0.012679717 0.726923764 2.996444702
0.766019225 -0.009800237 -0.642742872 -73.783981323 0.009384856 0.999947727 -0.004061872 0.860691905 0.642749071 -0.002920575 0.766071200 3.367031097
0.802861392 -0.010634602 -0.596070826 -74.035156250 0.007719405 0.999942482 -0.007442700 0.860866249 0.596115768 0.001374146 0.802897334 3.760234833
0.837019145 -0.010725172 -0.547068477 -74.284812927 0.007321307 0.999937892 -0.008401930 0.844206572 0.547124624 0.003027319 0.837045670 4.178581238
0.867430210 -0.009513523 -0.497468024 -74.505821228 0.004647760 0.999928534 -0.011018274 0.841302156 0.497537196 0.007245471 0.867412388 4.626621246
0.893183768 -0.008160906 -0.449617863 -74.714698792 0.004291484 0.999944389 -0.009624550 0.827511191 0.449671477 0.006666964 0.893169105 5.104312897
0.914063931 -0.002390100 -0.405563176 -74.903907776 -0.001149395 0.999963284 -0.008483592 0.815811276 0.405568540 0.008220699 0.914027691 5.599905014
0.931718707 0.003097686 -0.363167435 -75.106040955 -0.007311298 0.999920964 -0.010228431 0.806706965 0.363107085 0.012185245 0.931667686 6.104320526
0.945069194 0.007974044 -0.326773047 -75.276268005 -0.011551515 0.999892652 -0.009008672 0.801392734 0.326666176 0.012288542 0.945059896 6.643083572
0.955024421 0.008683582 -0.296399802 -75.439033508 -0.011300609 0.999910831 -0.007117254 0.788990498 0.296311587 0.010146650 0.955037475 7.198867798
0.962127924 0.007958027 -0.272482038 -75.578048706 -0.009885948 0.999934852 -0.005703269 0.776544213 0.272418916 0.008181017 0.962144017 7.777652740
0.968124270 0.008901565 -0.250312150 -75.758666992 -0.010241910 0.999939322 -0.004052616 0.774171352 0.250260890 0.006487109 0.968156695 8.394231796
0.972660184 0.011122602 -0.231966898 -75.900787354 -0.011778316 0.999929607 -0.001441928 0.766390383 0.231934518 0.004134686 0.972722530 9.010675430
0.976160586 0.016123528 -0.216449752 -76.044845581 -0.016531799 0.999863267 -0.000075627 0.760709822 0.216418982 0.003652128 0.976293743 9.642642021
0.978949130 0.019631734 -0.203157783 -76.178131104 -0.019766888 0.999803662 0.001363948 0.751496911 0.203144670 0.002680560 0.979144990 10.289054871
0.981610000 0.017692475 -0.190075964 -76.301544189 -0.017825939 0.999840558 0.001007671 0.747256339 0.190063447 0.002399141 0.981768906 10.951073647
0.984219491 0.018753044 -0.175955430 -76.441596985 -0.018927461 0.999820650 0.000687137 0.735385358 0.175936759 0.002654096 0.984397829 11.656659126
0.986697018 0.019241918 -0.161427379 -76.550918579 -0.019287642 0.999813080 0.001283959 0.730632603 0.161421895 0.001846674 0.986883700 12.355874062
0.988851666 0.020768043 -0.147448346 -76.658195496 -0.020779409 0.999783039 0.001463475 0.728208721 0.147446752 0.001616729 0.989068687 13.071753502
0.990697622 0.021544065 -0.134365767 -76.760154724 -0.021853682 0.999760866 -0.000829619 0.708523214 0.134315729 0.003758287 0.990931451 13.789947510
0.992070794 0.021770865 -0.123779953 -76.843490601 -0.022699494 0.999723792 -0.006096766 0.694499612 0.123613022 0.008858166 0.992290854 14.529457092
0.993264139 0.020504922 -0.114043564 -76.934539795 -0.022076739 0.999677718 -0.012536615 0.683458090 0.113749735 0.014969880 0.993396640 15.288743973
0.994164586 0.020296872 -0.105947420 -77.012496948 -0.021788301 0.999678969 -0.012938508 0.676029205 0.105650760 0.015171419 0.994287550 16.048446655
0.994826496 0.022101486 -0.099155493 -77.091812134 -0.022863068 0.999717236 -0.006550804 0.657016277 0.098982669 0.008783913 0.995050371 16.815521240
0.995238960 0.027045749 -0.093636923 -77.180343628 -0.027030909 0.999633670 0.001427051 0.640232205 0.093641207 0.001110839 0.995605350 17.593263626
0.995604932 0.026829246 -0.089727424 -77.251602173 -0.026436541 0.999635160 0.005562400 0.629252136 0.089843899 -0.003165868 0.995950818 18.375823975
0.995936930 0.026052967 -0.086203977 -77.326805115 -0.025766138 0.999658287 0.004438538 0.614295781 0.086290143 -0.002199360 0.996267617 19.154598236
0.996215403 0.025771782 -0.083010279 -77.394447327 -0.025574973 0.999667108 0.003433503 0.605277479 0.083071120 -0.001297523 0.996542752 19.920299530
0.996498048 0.024267050 -0.080018252 -77.457191467 -0.023892792 0.999698639 0.005631486 0.597810268 0.080130816 -0.003699906 0.996777415 20.690128326
0.996741951 0.021929920 -0.077618137 -77.524414062 -0.021378595 0.999740124 0.007926982 0.590717852 0.077771805 -0.006241788 0.996951699 21.473430634
0.997020602 0.019399280 -0.074656069 -77.581504822 -0.018714540 0.999776185 0.009860614 0.582292199 0.074830651 -0.008434081 0.997160554 22.239671707
0.997210562 0.019099848 -0.072155185 -77.636474609 -0.018704347 0.999806106 0.006153065 0.569348335 0.072258711 -0.004786286 0.997374594 22.999549866
0.997272849 0.021777738 -0.070517123 -77.696891785 -0.021904368 0.999759614 -0.001022893 0.558964491 0.070477895 0.002564737 0.997510076 23.752401352
0.997388363 0.022900429 -0.068497568 -77.756195068 -0.023543116 0.999686003 -0.008590033 0.542030454 0.068279348 0.010180246 0.997614324 24.499168396
0.997423291 0.023578336 -0.067755595 -77.803153992 -0.024498204 0.999618292 -0.012777499 0.528532505 0.067428462 0.014404464 0.997620165 25.252872467
0.997540116 0.025297975 -0.065374739 -77.865928650 -0.026084622 0.999596834 -0.011207335 0.507483363 0.065064855 0.012885041 0.997797847 26.015399933
0.997620404 0.028660631 -0.062707104 -77.926704407 -0.029162582 0.999549508 -0.007103947 0.485797703 0.062475264 0.008915743 0.998006701 26.778055191
0.997674465 0.031599209 -0.060392212 -77.981224060 -0.031776819 0.999493003 -0.001982564 0.468768984 0.060298976 0.003897025 0.998172760 27.534214020
0.997884274 0.029560355 -0.057906203 -78.026985168 -0.029603835 0.999561727 0.000107072 0.450092077 0.057883993 0.001607401 0.998321950 28.287565231
0.998050094 0.026955832 -0.056298111 -78.073303223 -0.026975552 0.999635994 0.000409863 0.433076233 0.056288678 0.001109608 0.998413861 29.041343689
0.998142838 0.025527513 -0.055310450 -78.116249084 -0.025562325 0.999673247 0.000078151 0.418979436 0.055294372 0.001335858 0.998469174 29.793321609
0.998198926 0.025006730 -0.054530729 -78.156524658 -0.025141045 0.999682367 -0.001778323 0.406149268 0.054468937 0.003146079 0.998510420 30.536916733
0.998314619 0.022617292 -0.053445369 -78.205833435 -0.022824218 0.999734163 -0.003264485 0.395762056 0.053357329 0.004478831 0.998565555 31.298828125
0.998362601 0.021367632 -0.053062469 -78.245559692 -0.021575177 0.999761641 -0.003341566 0.383196205 0.052978419 0.004480927 0.998585641 32.060222626
0.998327196 0.024794804 -0.052232113 -78.295768738 -0.024944706 0.999686360 -0.002219850 0.369755685 0.052160699 0.003519051 0.998632431 32.831192017
0.998342216 0.024870170 -0.051907800 -78.348701477 -0.025084998 0.999679208 -0.003491135 0.360256910 0.051804330 0.004787455 0.998645782 33.610504150
0.998272777 0.024375007 -0.053453691 -78.395210266 -0.024565160 0.999693930 -0.002903144 0.339805365 0.053366572 0.004211228 0.998566091 34.379047394
0.998220146 0.022766195 -0.055119622 -78.442321777 -0.022937857 0.999733806 -0.002483641 0.326938868 0.055048410 0.003743547 0.998476624 35.155261993
0.997990191 0.024526151 -0.058430258 -78.492485046 -0.024727963 0.999690413 -0.002733275 0.316273451 0.058345139 0.004172643 0.998287737 35.938411713
0.997742295 0.028295891 -0.060907993 -78.557952881 -0.028519059 0.999589384 -0.002797610 0.299263835 0.060803819 0.004528332 0.998139441 36.733745575
0.997553051 0.028808126 -0.063704059 -78.616531372 -0.029363288 0.999538422 -0.007795440 0.284858495 0.063450083 0.009646926 0.997938275 37.523162842
0.997366488 0.029985864 -0.066036828 -78.680320740 -0.030800652 0.999461055 -0.011354825 0.275403291 0.065660752 0.013358898 0.997752607 38.334487915
0.997296154 0.029239867 -0.067419522 -78.749519348 -0.030158920 0.999465108 -0.012654420 0.255178869 0.067013443 0.014653505 0.997644424 39.143665314
0.997151792 0.030169005 -0.069124036 -78.823280334 -0.030987384 0.999461472 -0.010797539 0.228954852 0.068761043 0.012908756 0.997549653 39.958869934
0.997009933 0.027814990 -0.072093017 -78.873847961 -0.028671065 0.999529839 -0.010866955 0.220059037 0.071756870 0.012901444 0.997338712 40.786888123
0.996864855 0.027546037 -0.074173883 -78.933807373 -0.028273869 0.999561667 -0.008780247 0.200336576 0.073899508 0.010849901 0.997206628 41.612075806
0.996809483 0.026630268 -0.075244419 -79.006164551 -0.027089141 0.999620080 -0.005084191 0.181680873 0.075080425 0.007106275 0.997152090 42.459506989
0.996776342 0.025961723 -0.075914346 -79.075340271 -0.026066339 0.999660134 -0.000387387 0.169615358 0.075878493 0.002364948 0.997114301 43.311672211
0.996813655 0.025665054 -0.075524569 -79.140701294 -0.025596699 0.999670625 0.001873044 0.153482735 0.075547732 0.000066104 0.997142196 44.172054291
0.996872187 0.029095346 -0.073479027 -79.210266113 -0.029048853 0.999576509 0.001701634 0.142906398 0.073497400 0.000438169 0.997295320 45.023410797
0.997044146 0.028355332 -0.071406633 -79.282081604 -0.028364992 0.999597251 0.000878928 0.127643943 0.071402766 0.001149119 0.997446895 45.875782013
0.997203112 0.025968358 -0.070083290 -79.339782715 -0.026135322 0.999657333 -0.001466242 0.114465520 0.070021190 0.003293791 0.997540057 46.738300323
0.997390628 0.022016887 -0.068755314 -79.390716553 -0.022265889 0.999747992 -0.002857237 0.097427964 0.068675064 0.004380679 0.997629523 47.607601166
0.997589290 0.020748213 -0.066222616 -79.463752747 -0.021015260 0.999773741 -0.003338469 0.087443307 0.066138364 0.004722108 0.997799277 48.482273102
0.997696221 0.018362153 -0.065308437 -79.521652222 -0.018436059 0.999829888 -0.000529157 0.069509730 0.065287605 0.001731969 0.997864962 49.357368469
0.997823775 0.015726374 -0.064035371 -79.584442139 -0.015659656 0.999876201 0.001543682 0.060991339 0.064051725 -0.000537550 0.997946441 50.233306885
0.997855067 0.015198417 -0.063674867 -79.637680054 -0.015090868 0.999883831 0.002169668 0.040276237 0.063700452 -0.001204104 0.997968376 51.113010406
0.997917712 0.017337570 -0.062126342 -79.701271057 -0.017451948 0.999846876 -0.001298865 0.024069481 0.062094301 0.002380386 0.998067439 51.979831696
0.997928977 0.019689150 -0.061239190 -79.765945435 -0.020133393 0.999775231 -0.006645510 0.000790179 0.061094578 0.007864699 0.998100996 52.837421417
0.997938097 0.021656750 -0.060419850 -79.821640015 -0.022433277 0.999673784 -0.012203495 -0.017584622 0.060135871 0.013533749 0.998098493 53.696510315
0.997877777 0.026700724 -0.059388734 -79.887573242 -0.027829356 0.999445915 -0.018258722 -0.039697170 0.058868315 0.019872725 0.998067975 54.545330048
0.997931004 0.026443982 -0.058604579 -79.939353943 -0.027588075 0.999442577 -0.018799745 -0.071289539 0.058074780 0.020377634 0.998104215 55.397205353
0.997998297 0.023225347 -0.058821548 -79.989715576 -0.024035431 0.999625206 -0.013101976 -0.088091910 0.058495197 0.014489549 0.998182476 56.251029968
0.997973204 0.022859275 -0.059388071 -80.045959473 -0.023126910 0.999725223 -0.003822975 -0.114246681 0.059284374 0.005188689 0.998227596 57.108188629
0.997929275 0.021793883 -0.060517028 -80.101959229 -0.021589871 0.999758720 0.004023108 -0.137618393 0.060590111 -0.002708221 0.998159111 57.961875916
0.997844815 0.018893367 -0.062839366 -80.157989502 -0.018857120 0.999821544 0.001169944 -0.144596398 0.062850237 0.000017545 0.998022974 58.790107727
0.997828305 0.014975057 -0.064145640 -80.218811035 -0.015109837 0.999884605 -0.001616528 -0.171785101 0.064114019 0.002582246 0.997939229 59.631980896
0.997670949 0.013303570 -0.066901401 -80.278396606 -0.013555785 0.999902606 -0.003317372 -0.186016411 0.066850752 0.004216548 0.997754037 60.450580597
0.997452974 0.015298277 -0.069667146 -80.342079163 -0.015735636 0.999859810 -0.005733314 -0.203981012 0.069569677 0.006814968 0.997553706 61.274024963
0.997192562 0.016980464 -0.072929397 -80.412521362 -0.017674362 0.999804378 -0.008879838 -0.228203416 0.072764337 0.010143889 0.997297525 62.088882446
0.996906161 0.017932123 -0.076527901 -80.489463806 -0.018920673 0.999746382 -0.012212012 -0.247403920 0.076289512 0.013622189 0.996992648 62.900142670
0.996609271 0.019705808 -0.079885632 -80.557594299 -0.021044698 0.999651194 -0.015952855 -0.275931776 0.079543412 0.017579934 0.996676326 63.704505920
0.996279955 0.024545506 -0.082606427 -80.652603149 -0.025958914 0.999533713 -0.016079631 -0.299069524 0.082173243 0.018164190 0.996452451 64.501419067
0.995882869 0.028175931 -0.086159140 -80.732658386 -0.029512625 0.999462485 -0.014279780 -0.320942879 0.085710473 0.016763771 0.996179044 65.305168152
0.995467544 0.031181592 -0.089844070 -80.818786621 -0.032050863 0.999452174 -0.008248539 -0.345030963 0.089537673 0.011090735 0.995921671 66.106987000
0.995076239 0.031678412 -0.093913831 -80.902976990 -0.032069206 0.999482155 -0.002654471 -0.365543604 0.093781129 0.005653145 0.995576799 66.922714233
0.994616032 0.030561492 -0.099019982 -80.982437134 -0.030606812 0.999530792 0.001061730 -0.383624554 0.099005967 0.001974672 0.995084882 67.713485718
0.993960679 0.030017028 -0.105551355 -81.071701050 -0.029949041 0.999548972 0.002229461 -0.396788239 0.105570652 0.000945165 0.994411349 68.503509521
0.993454099 0.027564626 -0.110856406 -81.168205261 -0.027068444 0.999615729 0.005978695 -0.409575671 0.110978596 -0.002938849 0.993818521 69.283126831
0.992624819 0.029185062 -0.117661595 -81.260238647 -0.028751373 0.999572158 0.005381950 -0.418293267 0.117768325 -0.001959324 0.993039191 70.063171387
0.991755724 0.034044176 -0.123538285 -81.370803833 -0.033741232 0.999420404 0.004544231 -0.429496586 0.123621359 -0.000338433 0.992329419 70.834434509
0.990996063 0.036249701 -0.128890842 -81.490409851 -0.036418062 0.999336064 0.001051132 -0.441548944 0.128843412 0.003652288 0.991658330 71.595214844
0.990166426 0.035182882 -0.135397017 -81.596946716 -0.035775170 0.999357939 -0.001943083 -0.450190455 0.135241702 0.006767828 0.990789592 72.353958130
0.989365935 0.036502060 -0.140792623 -81.714042664 -0.037258182 0.999302030 -0.002737403 -0.467500865 0.140594468 0.007953972 0.990035295 73.119873047
0.988666177 0.038390033 -0.145139337 -81.837417603 -0.038481262 0.999256909 0.002179882 -0.475561649 0.145115197 0.003429969 0.989408791 73.887077332
0.987742305 0.038939249 -0.151158482 -81.964950562 -0.038447279 0.999241531 0.006177039 -0.483362794 0.151284337 -0.000289692 0.988490164 74.655845642
0.986777246 0.038507145 -0.157441631 -82.090789795 -0.037607707 0.999254763 0.008689106 -0.502331614 0.157658890 -0.002653194 0.987490058 75.414382935
0.985716820 0.036368039 -0.164437070 -82.224716187 -0.036043122 0.999337912 0.004960215 -0.510452151 0.164508566 0.001037459 0.986375153 76.163421631
0.984338820 0.033778876 -0.173019871 -82.360984802 -0.034691088 0.999395669 -0.002250252 -0.515843511 0.172839284 0.008217260 0.984915674 76.902801514
0.982757032 0.031190405 -0.182251409 -82.504447937 -0.032445762 0.999465883 -0.003909760 -0.527045608 0.182032123 0.009755630 0.983244121 77.647132874
0.980701923 0.030888036 -0.193053678 -82.652381897 -0.031628124 0.999499381 -0.000752067 -0.544126093 0.192933813 0.006843480 0.981187880 78.381500244
0.978416800 0.030732509 -0.204342648 -82.814559937 -0.030303877 0.999527037 0.005227226 -0.549081206 0.204406679 0.001077969 0.978885412 79.120223999
0.975958347 0.032003108 -0.215594903 -82.985656738 -0.029868683 0.999467373 0.013151815 -0.560794830 0.215900943 -0.006396088 0.976394296 79.841705322
0.973382950 0.032597382 -0.226854607 -83.165290833 -0.029598702 0.999423802 0.016608523 -0.567852974 0.227265283 -0.009451853 0.973787010 80.567527771
0.970517814 0.035966780 -0.238330901 -83.357681274 -0.033914041 0.999343872 0.012709231 -0.580142975 0.238631621 -0.004251770 0.971100807 81.285072327
0.967519224 0.035628971 -0.250273943 -83.557006836 -0.035931557 0.999348640 0.003361463 -0.584290862 0.250230670 0.005740451 0.968169153 81.985725403
0.964402020 0.033118129 -0.262358636 -83.764877319 -0.034814421 0.999392092 -0.001818484 -0.582288682 0.262138844 0.010887613 0.964968741 82.693450928
0.961032152 0.031994548 -0.274578691 -83.966537476 -0.032257799 0.999473214 0.003557857 -0.589856029 0.274547875 0.005438088 0.961558044 83.414123535
0.957658708 0.033210341 -0.285983711 -84.190147400 -0.031387947 0.999447227 0.010955286 -0.596679807 0.286189377 -0.001514985 0.958171785 84.138244629
0.954092085 0.033009443 -0.297688723 -84.424980164 -0.029479751 0.999431849 0.016340196 -0.601407290 0.298058927 -0.006814263 0.954523146 84.847473145
0.950010300 0.030650580 -0.310710073 -84.662673950 -0.027540462 0.999517024 0.014393012 -0.601782680 0.311001152 -0.005116412 0.950395703 85.561569214
0.946380079 0.029115114 -0.321740538 -84.917991638 -0.027212964 0.999575436 0.010408840 -0.609331608 0.321907014 -0.001095206 0.946770608 86.259780884
0.943402827 0.024300732 -0.330757350 -85.170867920 -0.024489587 0.999693632 0.003596998 -0.616487265 0.330743372 0.004706692 0.943708956 86.958602905
0.940642238 0.020353727 -0.338788778 -85.426406860 -0.022456059 0.999745190 -0.002286306 -0.622740865 0.338655889 0.009758454 0.940859675 87.663192749
0.938080788 0.019812558 -0.345849097 -85.695457458 -0.022734338 0.999731898 -0.004393248 -0.630035162 0.345669299 0.011983872 0.938279808 88.365386963
0.935045779 0.025464226 -0.353611171 -85.982299805 -0.028725421 0.999579430 -0.003976299 -0.648422658 0.353361189 0.013875650 0.935384035 89.073623657
0.931991458 0.025253139 -0.361599505 -86.252937317 -0.027722381 0.999614358 -0.001641648 -0.662732840 0.361418575 0.011554400 0.932332098 89.769752502
0.928944826 0.025572173 -0.369334012 -86.539085388 -0.025562862 0.999661148 0.004919733 -0.665838122 0.369334668 0.004871071 0.929283738 90.476974487
0.926126838 0.027458752 -0.376211435 -86.825927734 -0.024216736 0.999617696 0.013344856 -0.673360109 0.376434028 -0.003248418 0.926437736 91.187438965
0.923596025 0.037595809 -0.381519437 -87.147094727 -0.032370660 0.999273717 0.020106710 -0.681343079 0.381998271 -0.006220437 0.924142122 91.889137268
0.920916557 0.044300292 -0.387233943 -87.458892822 -0.040870860 0.999018252 0.017090825 -0.679542542 0.387610942 0.000087360 0.921823084 92.577911377
0.918650568 0.040843863 -0.392953992 -87.762374878 -0.040291276 0.999141276 0.009658095 -0.679991603 0.393011004 0.006960206 0.919507384 93.266181946
0.916748166 0.033213526 -0.398082495 -88.062179565 -0.035262685 0.999375701 0.002174905 -0.683355093 0.397906274 0.012043620 0.917347074 93.957733154
0.914816260 0.033549149 -0.402474314 -88.367446899 -0.035985418 0.999351144 0.001508993 -0.686271369 0.402263880 0.013102754 0.915430009 94.656616211
0.912887990 0.040309336 -0.406215012 -88.714981079 -0.041033052 0.999133706 0.006931890 -0.697555065 0.406142652 0.010340203 0.913751245 95.353874207
0.910416007 0.042343587 -0.411521226 -89.036087036 -0.041496169 0.999078095 0.010997685 -0.701591730 0.411607444 0.007064081 0.911333799 96.064369202
0.908228397 0.038310986 -0.416717350 -89.356552124 -0.038070586 0.999235511 0.008890703 -0.709761500 0.416739285 0.007789881 0.908992529 96.761932373
0.906006157 0.037095584 -0.421635866 -89.692703247 -0.039544094 0.999213576 0.002939065 -0.721704841 0.421413273 0.014010396 0.906760395 97.451057434
0.903942943 0.034347251 -0.426271498 -90.032623291 -0.039692122 0.999205291 -0.003658393 -0.726575077 0.425806999 0.020226600 0.904587865 98.146827698
