1.000000000 0.000000000 0.000000000 0.000000000 0.000000000 1.000000000 0.000000000 0.000000000 0.000000000 0.000000000 1.000000000 0.000000000
0.999995589 0.002960829 0.000153388 -0.005949478 -0.002961040 0.999994636 0.001394035 -0.012925008 -0.000149259 -0.001394483 0.999999046 0.772524238
0.999984503 0.005526157 0.000667269 -0.014285623 -0.005527454 0.999982834 0.001958427 -0.029979751 -0.000656435 -0.001962085 0.999997854 1.537799716
0.999976993 0.006680596 0.001196226 -0.022038449 -0.006682765 0.999976039 0.001818395 -0.048154749 -0.001184049 -0.001826347 0.999997556 2.273797274
0.999961913 0.008670018 0.001058625 -0.025204863 -0.008671614 0.999961257 0.001511572 -0.061437797 -0.001045479 -0.001520694 0.999998271 3.001131535
0.999958158 0.008946866 0.001868229 -0.038123149 -0.008949202 0.999959171 0.001246158 -0.074994549 -0.001857004 -0.001262825 0.999997497 3.714441538
0.999956906 0.009050462 0.002070401 -0.038716324 -0.009054902 0.999956667 0.002145155 -0.088399380 -0.002050897 -0.002163809 0.999995589 4.402561665
0.999946117 0.009911035 0.003085120 -0.050855312 -0.009926497 0.999938011 0.005037603 -0.102008648 -0.003035001 -0.005067957 0.999982595 5.084373951
0.999943018 0.009737218 0.004365782 -0.042762697 -0.009775430 0.999913275 0.008817968 -0.106743358 -0.004279540 -0.008860143 0.999951601 5.751528740
0.999943614 0.009055854 0.005549416 -0.037749019 -0.009123773 0.999882221 0.012338944 -0.117514268 -0.005437023 -0.012388881 0.999908507 6.382986546
0.999938130 0.008565540 0.007101254 -0.044028029 -0.008667466 0.999858022 0.014448667 -0.123944819 -0.006976485 -0.014509322 0.999870420 6.990068913
0.999930143 0.009008387 0.007641825 -0.027235918 -0.009119689 0.999850988 0.014657404 -0.137164235 -0.007508647 -0.014726071 0.999863386 7.571735382
0.999915957 0.009682907 0.008610441 -0.026678249 -0.009787991 0.999877095 0.012247073 -0.148304850 -0.008490795 -0.012330323 0.999887943 8.118113518
0.999907911 0.009515689 0.009660510 -0.028119139 -0.009603890 0.999912262 0.009125029 -0.149629191 -0.009572832 -0.009216970 0.999911666 8.645723343
0.999907851 0.007961173 0.010997126 -0.012565561 -0.008046169 0.999937892 0.007706343 -0.158074021 -0.010935092 -0.007794117 0.999909818 9.142135620
0.999906957 0.003948185 0.013046252 -0.009822845 -0.004017504 0.999977946 0.005291419 -0.163778514 -0.013025071 -0.005343340 0.999900818 9.615744591
0.999889672 0.001892553 0.014742823 0.008459657 -0.001956037 0.999988854 0.004292855 -0.170471936 -0.014734535 -0.004321219 0.999882102 10.060016632
0.999842882 0.006268534 0.016580272 0.013926536 -0.006307130 0.999977469 0.002276687 -0.180491060 -0.016565626 -0.002380904 0.999859929 10.477137566
0.999747038 0.010711420 0.019777711 0.011399642 -0.010745925 0.999940932 0.001639128 -0.189330950 -0.019758986 -0.001851243 0.999803066 10.863568306
0.999674797 0.011228496 0.022899289 0.022663653 -0.011293982 0.999932468 0.002732393 -0.197673097 -0.022867061 -0.002990129 0.999734104 11.206850052
0.999636173 0.006793948 0.026102990 0.037608206 -0.006882334 0.999970853 0.003297705 -0.204454988 -0.026079826 -0.003476155 0.999653876 11.534729958
0.999582708 0.002481832 0.028778864 0.050846815 -0.002564108 0.999992728 0.002822347 -0.204998553 -0.028771654 -0.002894962 0.999581754 11.807396889
0.999513328 -0.001017640 0.031177651 0.065856546 0.000885162 0.999990582 0.004262662 -0.211287156 -0.031181702 -0.004232991 0.999504685 12.063513756
0.999435067 -0.001355458 0.033580408 0.076410145 0.001175025 0.999984801 0.005392305 -0.217888951 -0.033587202 -0.005349800 0.999421477 12.297911644
0.999356508 -0.000675187 0.035861779 0.080049992 0.000519203 0.999990344 0.004358714 -0.221901625 -0.035864376 -0.004337290 0.999347270 12.502514839
0.999299824 -0.000008709 0.037412051 0.100949019 -0.000114720 0.999994576 0.003297009 -0.231763303 -0.037411876 -0.003298993 0.999294460 12.699131966
0.999173164 0.002630416 0.040572036 0.096280813 -0.002721920 0.999993861 0.002200298 -0.233117819 -0.040566001 -0.002308913 0.999174178 12.857043266
0.999094725 0.005322922 0.042209186 0.100140810 -0.005396241 0.999984145 0.001623321 -0.240869418 -0.042199876 -0.001849622 0.999107480 13.026910782
0.999028087 0.006839885 0.043543950 0.106946111 -0.006855044 0.999976516 0.000198807 -0.247386575 -0.043541566 -0.000497110 0.999051571 13.182785988
0.998953640 0.005655535 0.045382865 0.116981179 -0.005606528 0.999983549 -0.001207055 -0.257647276 -0.045388952 0.000951352 0.998968899 13.331056595
0.998882532 0.004422970 0.047057312 0.122669637 -0.004291429 0.999986589 -0.002895998 -0.257341385 -0.047069490 0.002690818 0.998888135 13.470258713
0.998823464 0.003519547 0.048366096 0.129571259 -0.003339666 0.999987125 -0.003799461 -0.261151224 -0.048378848 0.003633464 0.998822510 13.607419014
0.998749554 0.004499246 0.049791034 0.137763560 -0.004237550 0.999976695 -0.005360206 -0.262886375 -0.049813990 0.005142512 0.998745263 13.743134499
0.998680830 0.004980387 0.051105734 0.142717838 -0.004626842 0.999964595 -0.007033917 -0.269827694 -0.051138960 0.006788181 0.998668432 13.863475800
0.998641968 0.005115021 0.051845480 0.153617442 -0.004621452 0.999942958 -0.009635419 -0.268920839 -0.051891804 0.009382734 0.998608649 13.991664886
0.998603880 0.004716818 0.052611675 0.160448074 -0.004096077 0.999920845 -0.011900136 -0.272747457 -0.052663647 0.011668022 0.998544157 14.117151260
0.998628438 0.003600004 0.052231044 0.165281773 -0.002896565 0.999904215 -0.013537293 -0.279902935 -0.052274767 0.013367437 0.998543262 14.243293762
0.998737514 0.003010980 0.050142340 0.171884239 -0.002273183 0.999888420 -0.014764605 -0.283758581 -0.050181195 0.014631983 0.998632967 14.367354393
0.998890102 0.003317387 0.046984933 0.177662432 -0.002588438 0.999875486 -0.015566895 -0.287716091 -0.047030728 0.015427999 0.998774350 14.495321274
0.999057770 0.003895170 0.043224003 0.171725005 -0.003158372 0.999848723 -0.017101265 -0.285146683 -0.043284081 0.016948637 0.998919070 14.619765282
0.999281883 0.003811121 0.037699379 0.167753994 -0.003126273 0.999829352 -0.018208334 -0.290041029 -0.037762336 0.018077398 0.999123216 14.742893219
0.999524951 0.003436664 0.030626219 0.171698213 -0.002873584 0.999826312 -0.018410616 -0.299298853 -0.030684173 0.018313862 0.999361336 14.860012054
0.999720037 0.003837778 0.023346953 0.168447167 -0.003385372 0.999806285 -0.019386273 -0.298645467 -0.023416828 0.019301806 0.999539495 14.983668327
0.999880433 0.003192095 0.015132164 0.162913561 -0.002887710 0.999793887 -0.020094443 -0.304429591 -0.015193184 0.020048343 0.999683559 15.115991592
0.999983966 0.002271909 0.005193600 0.153666466 -0.002160604 0.999769986 -0.021337263 -0.306175500 -0.005240884 0.021325700 0.999758899 15.252273560
0.999967873 0.000875437 -0.007973550 0.146874130 -0.001057968 0.999736845 -0.022916676 -0.309458792 0.007951386 0.022924375 0.999705493 15.400685310
0.999712765 -0.000019525 -0.023968980 0.123046160 -0.000580900 0.999686182 -0.025042878 -0.309703767 0.023961946 0.025049606 0.999398947 15.554049492
0.999063849 0.000526131 -0.043258555 0.096391976 -0.001654211 0.999659359 -0.026045956 -0.313178569 0.043230098 0.026093133 0.998724341 15.734742165
0.997887135 0.001798280 -0.064945430 0.058883786 -0.003469578 0.999665439 -0.025630264 -0.319834083 0.064877614 0.025801450 0.997559607 15.907958984
0.996087968 0.002092639 -0.088343747 0.021863103 -0.004244295 0.999698758 -0.024174690 -0.327393562 0.088266544 0.024455069 0.995796740 16.104509354
0.993350625 0.003238973 -0.115083389 -0.030965686 -0.005901817 0.999722600 -0.022805188 -0.331927121 0.114977591 0.023332749 0.993094087 16.330192566
0.989426136 0.004210819 -0.144976571 -0.102099657 -0.007263526 0.999762774 -0.020533675 -0.340343773 0.144855723 0.021369593 0.989221871 16.558723450
0.983935058 0.004616596 -0.178466931 -0.165497065 -0.007776051 0.999825120 -0.017007858 -0.347740710 0.178357199 0.018122397 0.983798802 16.799993515
0.976612091 0.005154251 -0.214946926 -0.254599571 -0.008164784 0.999880612 -0.013120415 -0.354204535 0.214853644 0.014568551 0.976537704 17.046081543
0.966969132 0.006639469 -0.254806936 -0.360038042 -0.008987350 0.999927223 -0.008051213 -0.354672909 0.254734933 0.010075314 0.966958463 17.312540054
0.955114067 0.010398750 -0.296055645 -0.489932060 -0.011858575 0.999924779 -0.003135643 -0.360200644 0.296000779 0.006505695 0.955165505 17.583272934
0.941006541 0.013838086 -0.338105381 -0.630501747 -0.014320061 0.999896884 0.001068865 -0.359166324 0.338085353 0.003835884 0.941107631 17.865583420
0.924247742 0.016610377 -0.381431788 -0.769721508 -0.014962595 0.999861538 0.007285525 -0.368090153 0.381499916 -0.001026421 0.924368262 18.125301361
0.905051887 0.020020561 -0.424829692 -0.946594715 -0.015281238 0.999777257 0.014560635 -0.367502332 0.425026536 -0.006686207 0.905156136 18.410724640
0.883262396 0.024143687 -0.468256980 -1.140912533 -0.016192120 0.999648392 0.020999806 -0.366001070 0.468599379 -0.010966266 0.883342743 18.695196152
0.858433485 0.029451331 -0.512078762 -1.333877087 -0.018936237 0.999489307 0.025739769 -0.370232016 0.512575328 -0.012399030 0.858552694 18.951858521
0.830528319 0.033189774 -0.555986762 -1.566910744 -0.020328023 0.999364316 0.029291477 -0.370511353 0.556605339 -0.013025293 0.830674827 19.231325150
0.799748838 0.036649574 -0.599215031 -1.824103355 -0.022582900 0.999264956 0.030977165 -0.363996208 0.599909902 -0.011241937 0.799988508 19.499439240
0.765608072 0.039405148 -0.642099261 -2.100389481 -0.023038937 0.999161363 0.033847272 -0.353948534 0.642894626 -0.011120458 0.765873969 19.782623291
0.728694975 0.043694369 -0.683443069 -2.400728226 -0.024478851 0.998986721 0.037768293 -0.343861639 0.684400797 -0.010791668 0.729026198 20.048507690
0.689867556 0.043613408 -0.722620666 -2.744918823 -0.021411447 0.998976111 0.039851751 -0.317392468 0.723618865 -0.012020075 0.690095067 20.326232910
0.648925960 0.043503255 -0.759606838 -3.098681450 -0.018998176 0.998979211 0.040982310 -0.303506732 0.760614276 -0.012163345 0.649090052 20.587051392
0.606775105 0.042289086 -0.793747783 -3.481067657 -0.013436611 0.998986721 0.042952225 -0.290711641 0.794759870 -0.015397063 0.606728554 20.830410004
0.561525285 0.042662680 -0.826359034 -3.879461288 -0.008819862 0.998921692 0.045578383 -0.278943717 0.827412605 -0.018305037 0.561296105 21.079063416
0.514350057 0.044071235 -0.856447101 -4.313515663 -0.006952806 0.998860121 0.047223959 -0.257805347 0.857552230 -0.018334934 0.514070153 21.304805756
0.465063870 0.043459132 -0.884209752 -4.782606125 -0.005930439 0.998924792 0.045978189 -0.231674850 0.885257363 -0.016139043 0.464821458 21.501625061
0.412441581 0.042415746 -0.909996033 -5.259684563 -0.000552421 0.998926938 0.046310514 -0.213392496 0.910983860 -0.018597687 0.412022412 21.690647125
0.358332902 0.041648760 -0.932664454 -5.758243561 0.005037944 0.998903573 0.046542313 -0.195993245 0.933580279 -0.021376351 0.357730240 21.855625153
0.304709405 0.040484272 -0.951584578 -6.292523861 0.007698474 0.998958886 0.044964921 -0.170577288 0.952414155 -0.021026984 0.304080456 21.989952087
0.251740515 0.046240687 -0.966689408 -6.862156391 0.008102077 0.998722196 0.049882844 -0.135460317 0.967760801 -0.020389728 0.251044184 22.102117538
0.200362027 0.051217310 -0.978382170 -7.441863060 0.010678790 0.998459101 0.054455210 -0.108270586 0.979663730 -0.021358693 0.199506342 22.183713913
0.152243555 0.052371643 -0.986954510 -8.050486565 0.015842564 0.998337507 0.055419479 -0.079641759 0.988216043 -0.024073148 0.151160747 22.252815247
0.107522704 0.054108154 -0.992729127 -8.634572983 0.019825744 0.998202801 0.056553818 -0.071076035 0.994004905 -0.025762413 0.106256731 22.303123474
0.067316182 0.052203570 -0.996365011 -9.269742966 0.019646948 0.998367310 0.053635847 -0.039956689 0.997538149 -0.023186093 0.066180646 22.315053940
0.031465840 0.047936760 -0.998354614 -9.910766602 0.016870197 0.998681605 0.048484165 -0.005570054 0.999362469 -0.018368032 0.030615650 22.311487198
0.003104497 0.047920603 -0.998846233 -10.585395813 0.014364317 0.998745978 0.047960430 0.028818041 0.999892056 -0.014496643 0.002412252 22.286312103
-0.017717341 0.051944964 -0.998492777 -11.284886360 0.012674911 0.998580933 0.051724654 0.059988201 0.999762654 -0.011739386 -0.018350597 22.251068115
-0.030927315 0.057917852 -0.997842193 -12.008325577 0.014836060 0.998236358 0.057480894 0.094720662 0.999411464 -0.013026316 -0.031732038 22.232212067
-0.038885191 0.060432807 -0.997414529 -12.751663208 0.014452036 0.998099029 0.059910856 0.129647315 0.999139190 -0.012085026 -0.039684650 22.194856644
-0.042164691 0.057540294 -0.997452378 -13.510560989 0.015262008 0.998260796 0.056941774 0.166688085 0.998994112 -0.012822192 -0.042969540 22.147232056
-0.041763783 0.053982709 -0.997668087 -14.294968605 0.023054490 0.998325527 0.053053185 0.197424173 0.998861492 -0.020785028 -0.042938393 22.127927780
-0.037322044 0.052263565 -0.997935653 -15.103738785 0.035091013 0.998084068 0.050958965 0.242878556 0.998687029 -0.033116680 -0.039084528 22.112867355
-0.031640820 0.052350402 -0.998127282 -15.935218811 0.035263732 0.998064160 0.051229212 0.280492604 0.998876989 -0.033576760 -0.033425637 22.088491440
-0.026713246 0.051292472 -0.998326302 -16.779668808 0.033463363 0.998168886 0.050388966 0.304232121 0.999082804 -0.032061305 -0.028380746 22.061967850
-0.023653407 0.044727240 -0.998719215 -17.646053314 0.037177227 0.998347044 0.043830078 0.343414128 0.999028742 -0.036092877 -0.025277143 22.051473618
-0.021720296 0.033938531 -0.999187887 -18.534526825 0.034714125 0.998846591 0.033172313 0.378980219 0.999161243 -0.033965420 -0.022873394 22.032623291
-0.020924035 0.025603380 -0.999453247 -19.428321838 0.026950384 0.999323189 0.025035836 0.404074132 0.999417782 -0.026411792 -0.021599894 21.993780136
-0.022286095 0.022606935 -0.999496102 -20.345731735 0.021434128 0.999525309 0.022129681 0.430054814 0.999521852 -0.020930143 -0.022760076 21.960853577
-0.025916832 0.028907590 -0.999246061 -21.308809280 0.012270604 0.999515712 0.028597139 0.445134878 0.999588788 -0.011520205 -0.026258998 21.920137405
-0.030973181 0.037130803 -0.998830318 -22.275697708 0.007699701 0.999288976 0.036909096 0.469276488 0.999490559 -0.006547503 -0.031237053 21.873298645
-0.035199415 0.046655543 -0.998290658 -23.246822357 0.005936920 0.998901784 0.046474770 0.502793431 0.999362648 -0.004290885 -0.035437755 21.819986343
-0.037254881 0.056468513 -0.997709215 -24.286209106 0.004695192 0.998400986 0.056332354 0.545958996 0.999294758 -0.002585780 -0.037460446 21.791364670
-0.038121704 0.064178832 -0.997210026 -25.305681229 0.006610522 0.997929752 0.063972451 0.592491269 0.999251306 -0.004153340 -0.038467031 21.749071121
-0.039685071 0.064975277 -0.997097433 -26.328754425 0.007586009 0.997874379 0.064723976 0.645176888 0.999183416 -0.004995414 -0.040093619 21.706861496
-0.041345965 0.062305138 -0.997200310 -27.323440552 0.006313942 0.998050153 0.062096450 0.693502188 0.999124944 -0.003728829 -0.041658729 21.659154892
-0.044037379 0.057478037 -0.997375011 -28.344150543 0.005900512 0.998341143 0.057273179 0.740560472 0.999012530 -0.003362863 -0.044303466 21.607276917
-0.048359603 0.052159794 -0.997467101 -29.376194000 0.005762613 0.998633504 0.051941399 0.786697745 0.998813450 -0.003236151 -0.048594099 21.545906067
-0.054230526 0.047703974 -0.997388244 -30.393735886 0.006236497 0.998854876 0.047435027 0.822657228 0.998508990 -0.003647782 -0.054465935 21.489576340
-0.060773417 0.045778710 -0.997101247 -31.415233612 0.005369952 0.998948336 0.045536213 0.862408817 0.998137236 -0.002586995 -0.060955331 21.409341812
-0.067711771 0.048237588 -0.996538103 -32.470111847 0.005515481 0.998833299 0.047973920 0.903378248 0.997689664 -0.002247988 -0.067898817 21.339996338
-0.073867731 0.052702051 -0.995874584 -33.539340973 0.003596310 0.998610139 0.052580077 0.946992040 0.997261524 0.000302498 -0.073954605 21.250043869
-0.080225892 0.056046717 -0.995199740 -34.606353760 0.001434168 0.998423398 0.056112651 0.986977875 0.996775627 0.003074404 -0.080179803 21.158990860
-0.084956750 0.057924431 -0.994699538 -35.678203583 -0.001984326 0.998296916 0.058303401 1.038737535 0.996382594 0.006927075 -0.084697135 21.057895660
-0.087701902 0.059310183 -0.994379520 -36.754947662 -0.006235981 0.998173714 0.060086485 1.087918520 0.996127248 0.011470633 -0.087171875 20.954883575
-0.089300036 0.060493484 -0.994165957 -37.830230713 -0.010724080 0.998037577 0.061692342 1.140715718 0.995947003 0.016170643 -0.088476062 20.843036652
-0.090380453 0.060045693 -0.994095504 -38.913818359 -0.011858735 0.998045087 0.061362419 1.190751195 0.995836735 0.017334683 -0.089491703 20.728343964
-0.092030644 0.059356239 -0.993985474 -39.994419098 -0.012381522 0.998076439 0.060746897 1.239824772 0.995679319 0.017897634 -0.091118686 20.623674393
-0.092993446 0.058537703 -0.993944466 -41.081432343 -0.013148740 0.998110890 0.060013279 1.291465521 0.995579898 0.018649962 -0.092048086 20.519571304
-0.093923733 0.057739139 -0.993903637 -42.174316406 -0.015517938 0.998110652 0.059449967 1.341727734 0.995458424 0.021007100 -0.092850283 20.406147003
-0.094457798 0.055028562 -0.994006753 -43.252159119 -0.020295847 0.998157144 0.057186980 1.392091393 0.995321929 0.025575968 -0.093166888 20.288480759
-0.094669104 0.050190102 -0.994242787 -44.342109680 -0.025247276 0.998286068 0.052798182 1.437739134 0.995188594 0.030100280 -0.093239680 20.174789429
-0.093786478 0.049515270 -0.994360268 -45.456798553 -0.027110254 0.998265088 0.052266710 1.482917786 0.995223165 0.031859271 -0.092281379 20.059160233
-0.092273034 0.053699598 -0.994284689 -46.567359924 -0.027997809 0.998009920 0.056499086 1.528017521 0.995339990 0.033051129 -0.090585947 19.953702927
-0.090303607 0.057003610 -0.994281590 -47.667705536 -0.028131103 0.997816265 0.059761208 1.569682360 0.995516896 0.033366889 -0.088502832 19.845237732
-0.088821083 0.056378048 -0.994450808 -48.775485992 -0.026251005 0.997917593 0.058919240 1.625650406 0.995701611 0.031338599 -0.087156147 19.744174957
-0.086192437 0.055708151 -0.994719803 -49.892169952 -0.026173346 0.997964382 0.058157764 1.676178455 0.995934665 0.031047909 -0.084558904 19.638507843
-0.081932664 0.056020975 -0.995062172 -51.002380371 -0.030485125 0.997810900 0.058685854 1.729472399 0.996171534 0.035142884 -0.080045514 19.535346985
-0.076244116 0.057067782 -0.995454729 -52.146141052 -0.035384446 0.997577071 0.059899632 1.777627707 0.996461153 0.039790608 -0.074040078 19.431690216
-0.070526749 0.056556217 -0.995905340 -53.265789032 -0.039365549 0.997455895 0.059432015 1.830197930 0.996732831 0.043395899 -0.068120956 19.343248367
-0.064083226 0.055340756 -0.996408880 -54.403018951 -0.041202586 0.997463226 0.058049206 1.891358614 0.997093618 0.044774603 -0.061640460 19.248861313
-0.058662768 0.054702833 -0.996777892 -55.540412903 -0.040259127 0.997555494 0.057114854 1.940974832 0.997465849 0.043479919 -0.056317080 19.183446884
-0.053108655 0.054563217 -0.997096896 -56.677642822 -0.038637195 0.997646093 0.056651216 1.988395572 0.997841001 0.041533705 -0.050875470 19.116218567
-0.047599610 0.054727800 -0.997366071 -57.831394196 -0.037968624 0.997677147 0.056556933 2.049505472 0.998144567 0.040560711 -0.045411114 19.056226730
-0.041511040 0.056193922 -0.997556508 -58.974105835 -0.037207823 0.997637630 0.057746805 2.103408098 0.998445034 0.039514039 -0.039322119 18.996099472
-0.035392426 0.057664387 -0.997708440 -60.123886108 -0.037918068 0.997537553 0.058999609 2.150601387 0.998653889 0.039919324 -0.033118762 18.938890457
-0.030977912 0.056833301 -0.997902930 -61.272315979 -0.037549164 0.997611165 0.057982314 2.194903374 0.998814523 0.039266590 -0.028769864 18.915472031
-0.026154423 0.052240171 -0.998292029 -62.416557312 -0.037558842 0.997877061 0.053202476 2.242552280 0.998952031 0.038886178 -0.024136823 18.880447388
-0.021465357 0.046640195 -0.998681128 -63.584484100 -0.037812784 0.998158693 0.047428533 2.292109966 0.999054313 0.038780987 -0.019662237 18.851364136
-0.018102594 0.046637170 -0.998747766 -64.766998291 -0.037060156 0.998193800 0.047283024 2.325842381 0.999149024 0.037869707 -0.016341515 18.829208374
-0.014186211 0.048961788 -0.998699844 -65.938774109 -0.036704600 0.998101771 0.049453840 2.368634224 0.999225378 0.037358448 -0.012362162 18.800134659
-0.012084808 0.048741136 -0.998738229 -67.094551086 -0.036864687 0.998110592 0.049156558 2.407389402 0.999247253 0.037412226 -0.010265145 18.779459000
-0.011292459 0.048684027 -0.998750389 -68.270217896 -0.038625218 0.998047411 0.049086481 2.446663380 0.999189973 0.039131261 -0.009389977 18.762233734
-0.010471004 0.049514864 -0.998718500 -69.447967529 -0.039591391 0.997969627 0.049892828 2.488517046 0.999161065 0.040063083 -0.008489380 18.743995667
-0.008951327 0.049358733 -0.998741031 -70.610176086 -0.040280648 0.997952521 0.049680788 2.523991585 0.999148309 0.040674653 -0.006944798 18.718364716
-0.008503837 0.047065541 -0.998855531 -71.808303833 -0.040763341 0.998045027 0.047374401 2.568356514 0.999132633 0.041119561 -0.006568662 18.715810776
-0.008248269 0.046027549 -0.998906076 -72.987304688 -0.039166156 0.998158634 0.046316512 2.607060432 0.999198675 0.039505344 -0.006430358 18.708021164
-0.007769492 0.045699406 -0.998925030 -74.177680969 -0.035440959 0.998314977 0.045947161 2.644425631 0.999341547 0.035759848 -0.006136769 18.696678162
-0.007840953 0.046113241 -0.998905480 -75.360809326 -0.033359569 0.998368025 0.046350293 2.687146187 0.999412656 0.033686481 -0.006289839 18.689308167
-0.007753587 0.049501859 -0.998743951 -76.559020996 -0.032300010 0.998240411 0.049727656 2.717432737 0.999448121 0.032645009 -0.006141033 18.679090500
-0.006876124 0.053269375 -0.998556554 -77.741935730 -0.034583692 0.997970104 0.053476233 2.757718801 0.999378145 0.034901485 -0.005019914 18.655593872
-0.006689361 0.053219713 -0.998560429 -78.927459717 -0.036873575 0.997890532 0.053431023 2.800320864 0.999297559 0.037177913 -0.004712849 18.646726608
-0.005876778 0.050953489 -0.998683751 -80.097892761 -0.038266551 0.997958064 0.051141638 2.844014406 0.999250293 0.038516730 -0.003914963 18.627483368
-0.006080327 0.048520263 -0.998803735 -81.294662476 -0.037915278 0.998092651 0.048716541 2.887789726 0.999262452 0.038166132 -0.004229071 18.616399765
-0.006616877 0.048248719 -0.998813450 -82.479621887 -0.035318814 0.998200834 0.048453104 2.922047853 0.999354184 0.035597522 -0.004900885 18.616497040
-0.006350367 0.049262453 -0.998765707 -83.653739929 -0.034235999 0.998189628 0.049451724 2.966051579 0.999393642 0.034507785 -0.004652319 18.606245041
-0.005772255 0.051986098 -0.998631179 -84.834335327 -0.032653287 0.998105407 0.052147474 3.009888411 0.999450028 0.032909598 -0.004063802 18.588512421
-0.005492746 0.054911189 -0.998476148 -85.995422363 -0.033797204 0.997910559 0.055066001 3.038610458 0.999413550 0.034048166 -0.003625423 18.580150604
-0.005167115 0.054982141 -0.998473942 -87.162773132 -0.035252664 0.997856617 0.055130579 3.084025145 0.999365151 0.035483733 -0.003217773 18.564702988
-0.005237747 0.052911766 -0.998585463 -88.332443237 -0.034721836 0.997987390 0.053062193 3.125471354 0.999383271 0.034950640 -0.003390012 18.556648254
-0.004813726 0.051649570 -0.998653591 -89.502494812 -0.033750363 0.998087883 0.051782981 3.166332483 0.999418616 0.033954196 -0.003061330 18.549154282
-0.004699048 0.052831691 -0.998592317 -90.664756775 -0.032089531 0.998081028 0.052955654 3.206713676 0.999473929 0.032293193 -0.002994686 18.539352417
-0.004117364 0.055335928 -0.998459220 -91.837471008 -0.030041622 0.998010278 0.055434924 3.257499933 0.999540150 0.030223580 -0.002446791 18.523504257
-0.004405889 0.057732809 -0.998322308 -92.993408203 -0.027977871 0.997934043 0.057833839 3.301714420 0.999598861 0.028185744 -0.002781546 18.529481888
-0.004136608 0.059458490 -0.998222291 -94.163238525 -0.028555408 0.997816622 0.059552666 3.350164175 0.999583721 0.028750986 -0.002429715 18.520330429
-0.003620103 0.061252523 -0.998115778 -95.327064514 -0.031411394 0.997622788 0.061336190 3.401604414 0.999499977 0.031574257 -0.001687470 18.502790451
-0.003026864 0.060949359 -0.998136282 -96.486366272 -0.033694770 0.997567832 0.061016835 3.443981647 0.999427557 0.033816669 -0.000965827 18.490631104
-0.003019595 0.056673765 -0.998388231 -97.639167786 -0.036041979 0.997737825 0.056745861 3.496404648 0.999345601 0.036155228 -0.000970130 18.475419998
-0.002357786 0.054841395 -0.998492360 -98.797027588 -0.037377737 0.997792423 0.054891225 3.546143293 0.999298394 0.037450805 -0.000302734 18.459405899
-0.002328015 0.053298295 -0.998575926 -99.962348938 -0.037240557 0.997881293 0.053348035 3.584428310 0.999303639 0.037311718 -0.000338225 18.459451675
-0.002311201 0.053710308 -0.998553932 -101.125976562 -0.035949305 0.997906685 0.053758696 3.629510403 0.999350965 0.036021568 -0.000375514 18.461402893
-0.002239107 0.055933993 -0.998431981 -102.277122498 -0.036071602 0.997780263 0.055978369 3.672063589 0.999346673 0.036140386 -0.000216508 18.448642731
-0.002257901 0.057988536 -0.998314738 -103.441413879 -0.034811415 0.997707546 0.058032010 3.718279600 0.999391317 0.034883779 -0.000234063 18.445831299
-0.003008518 0.056823939 -0.998379707 -104.603408813 -0.038809653 0.997625351 0.056897953 3.770433903 0.999242067 0.038917944 -0.000796057 18.435512543
-0.003092531 0.058176260 -0.998301566 -105.770683289 -0.042251784 0.997407258 0.058255035 3.820799351 0.999102175 0.042360172 -0.000626462 18.422777176
-0.003318409 0.057459392 -0.998342335 -106.951393127 -0.045866035 0.997288525 0.057551175 3.871381760 0.998942077 0.045980986 -0.000673977 18.402528763
-0.003666300 0.053220339 -0.998576045 -108.127243042 -0.046699185 0.997484207 0.053333610 3.924399137 0.998902261 0.046828222 -0.001171730 18.396881104
-0.004109368 0.049783092 -0.998751700 -109.300682068 -0.046536971 0.997668326 0.049920581 3.961766720 0.998908103 0.046684016 -0.001783033 18.381683350
-0.005215102 0.048901752 -0.998790026 -110.497001648 -0.043032218 0.997867346 0.049081266 4.006762981 0.999060035 0.043236114 -0.003099630 18.375055313
-0.005434082 0.048261791 -0.998819888 -111.681427002 -0.038741495 0.998074651 0.048436549 4.046657562 0.999234438 0.038958997 -0.003553885 18.370985031
-0.005657095 0.049979478 -0.998734176 -112.891090393 -0.037821274 0.998024881 0.050158218 4.094563484 0.999268472 0.038057152 -0.003755633 18.358015060
-0.006426301 0.054167531 -0.998511136 -114.144065857 -0.037042573 0.997833550 0.054369174 4.129821777 0.999293089 0.037336811 -0.004405873 18.344131470
-0.007163136 0.054361515 -0.998495638 -115.352966309 -0.035137285 0.997890890 0.054580670 4.186703682 0.999356747 0.035475399 -0.005237912 18.337089539
-0.008037454 0.049692784 -0.998732209 -116.575431824 -0.034913965 0.998141587 0.049944364 4.239807129 0.999357998 0.035271123 -0.006287546 18.325206757
-0.008724701 0.045880176 -0.998908937 -117.808128357 -0.035186674 0.998314202 0.046160199 4.281705379 0.999342680 0.035551015 -0.007095621 18.308830261
-0.009091836 0.044884894 -0.998950779 -119.053764343 -0.034465902 0.998384416 0.045173123 4.319946289 0.999364495 0.034840439 -0.007530152 18.291957855
-0.009672630 0.045820620 -0.998902798 -120.295455933 -0.036475141 0.998268545 0.046144720 4.367617130 0.999287724 0.036881458 -0.007984569 18.269741058
-0.010111399 0.051206376 -0.998636842 -121.561088562 -0.041241594 0.997816801 0.051581901 4.402753830 0.999098063 0.041706938 -0.007977491 18.243320465
-0.010285676 0.054214519 -0.998476267 -122.823532104 -0.046919383 0.997403145 0.054639585 4.453562737 0.998845696 0.047409907 -0.007715253 18.210115433
-0.010298196 0.053860188 -0.998495340 -124.085029602 -0.054003835 0.997061074 0.054339800 4.508410454 0.998487592 0.054482184 -0.007359274 18.180326462
-0.009668836 0.051691398 -0.998616278 -125.341209412 -0.057400331 0.996987522 0.052162860 4.559093475 0.998304367 0.057825267 -0.006672605 18.146764755
-0.010652976 0.050514214 -0.998666525 -126.600265503 -0.059834715 0.996901393 0.051063199 4.608176231 0.998151481 0.060298901 -0.007597464 18.129552841
-0.011563494 0.049663633 -0.998699129 -127.863166809 -0.059530523 0.996960104 0.050266434 4.651083946 0.998159528 0.060034327 -0.008571840 18.112325668
-0.011451969 0.049449805 -0.998710930 -129.147964478 -0.057768304 0.997075498 0.050031248 4.691479683 0.998264313 0.058266796 -0.008561847 18.085260391
-0.012151398 0.050080948 -0.998671174 -130.397689819 -0.057554934 0.997053981 0.050700162 4.734844208 0.998268306 0.058094531 -0.009233197 18.070991516
-0.012671287 0.054985441 -0.998406708 -131.662582397 -0.057703041 0.996782720 0.055628330 4.781302452 0.998253345 0.058315992 -0.009457693 18.048606873
-0.013138279 0.059244946 -0.998157024 -132.942337036 -0.056921877 0.996580124 0.059900582 4.832462788 0.998292208 0.057603955 -0.009721014 18.025350571
-0.012876148 0.057939172 -0.998237073 -134.197647095 -0.056862265 0.996661782 0.058581203 4.883268833 0.998298943 0.057516322 -0.009538613 17.993654251
-0.012450079 0.056280449 -0.998337388 -135.459213257 -0.056683157 0.996769667 0.056898940 4.938147545 0.998314679 0.057297308 -0.009219707 17.987960815
-0.011015004 0.055629004 -0.998390794 -136.709747314 -0.055551033 0.996875286 0.056157447 4.990498066 0.998395085 0.056080211 -0.007890338 17.964801788
-0.010401764 0.054596297 -0.998454332 -137.961029053 -0.055955194 0.996912062 0.055094894 5.039503098 0.998379052 0.056441791 -0.007314697 17.950307846
-0.009365040 0.057231329 -0.998317003 -139.205810547 -0.056053750 0.996760964 0.057667959 5.082135201 0.998383820 0.056499477 -0.006126677 17.932949066
-0.008884781 0.060818948 -0.998109281 -140.451309204 -0.057072841 0.996490777 0.061228365 5.134630680 0.998330474 0.057508934 -0.005382493 17.916648865
-0.007528791 0.061682373 -0.998067319 -141.703643799 -0.058709916 0.996346772 0.062018905 5.193911076 0.998246789 0.059063371 -0.003879919 17.897089005
-0.006034784 0.059111036 -0.998233199 -142.961746216 -0.060881242 0.996377766 0.059369229 5.242278099 0.998126686 0.061131965 -0.002414172 17.880199432
-0.006094062 0.056185871 -0.998401701 -144.203552246 -0.059420153 0.996635735 0.056449167 5.293273926 0.998214424 0.059669197 -0.002734986 17.870374680
-0.005948616 0.054664843 -0.998486996 -145.456329346 -0.056610197 0.996885002 0.054914400 5.338931084 0.998378575 0.056851208 -0.002835499 17.866649628
-0.006742606 0.053998925 -0.998518229 -146.684066772 -0.054548271 0.997034311 0.054287020 5.383577824 0.998488307 0.054833476 -0.003777063 17.861696243
-0.006483421 0.054722156 -0.998480499 -147.914947510 -0.052617606 0.997099578 0.054988138 5.423321724 0.998593628 0.052894168 -0.003585268 17.848779678
-0.006618773 0.053048395 -0.998570025 -149.165161133 -0.050959274 0.997276425 0.053317450 5.481870174 0.998678803 0.051239301 -0.003897439 17.836460114
-0.006420370 0.052878574 -0.998580277 -150.403991699 -0.049970914 0.997336328 0.053133979 5.532670021 0.998730123 0.050241113 -0.003760878 17.822193146
-0.006663355 0.055722460 -0.998424053 -151.638732910 -0.048061009 0.997274458 0.055979058 5.579679966 0.998822153 0.048358273 -0.003967116 17.813198090
-0.006770343 0.056861050 -0.998359263 -152.873031616 -0.045528375 0.997329175 0.057111144 5.633972645 0.998940110 0.045840334 -0.004163470 17.802312851
-0.006517699 0.055504862 -0.998437166 -154.100509644 -0.043611318 0.997492552 0.055737041 5.682041168 0.999027371 0.043906439 -0.004080715 17.784734726
-0.007646553 0.055887587 -0.998407781 -155.335952759 -0.044157665 0.997444093 0.056171842 5.729470730 0.998995304 0.044516873 -0.005159143 17.777553558
-0.007632281 0.060385522 -0.998145938 -156.566452026 -0.045094024 0.997138739 0.060669404 5.785279751 0.998953640 0.045473456 -0.004887416 17.764316559
-0.007171270 0.067289874 -0.997707665 -157.795761108 -0.050087575 0.996456861 0.067565531 5.833989143 0.998719037 0.050457288 -0.003775473 17.749366760
-0.005940094 0.067442983 -0.997705400 -159.047821045 -0.054327816 0.996227741 0.067666538 5.892400742 0.998505414 0.054605100 -0.002253657 17.727788925
-0.004622881 0.063223451 -0.997988641 -160.277496338 -0.058120098 0.996295333 0.063385397 5.957382202 0.998298824 0.058296219 -0.000931201 17.706737518
-0.002729067 0.058515158 -0.998282790 -161.500091553 -0.059766471 0.996492386 0.058573607 6.001866817 0.998208642 0.059823692 0.000777750 17.691482544
-0.002538891 0.057076514 -0.998366535 -162.719467163 -0.062324833 0.996419787 0.057123709 6.052207947 0.998052657 0.062368069 0.001027483 17.686611176
-0.000784150 0.053894345 -0.998546362 -163.927749634 -0.057536401 0.996889949 0.053850129 6.095802784 0.998343110 0.057494994 0.002319176 17.687053680
-0.000604211 0.049256641 -0.998785913 -165.139312744 -0.054589909 0.997295141 0.049216148 6.145528793 0.998508692 0.054553367 0.002086339 17.681009293
-0.000902441 0.045646757 -0.998957336 -166.372802734 -0.048063599 0.997801065 0.045637351 6.188169479 0.998843789 0.048054658 0.001293492 17.683679581
-0.002157765 0.048617706 -0.998815060 -167.602584839 -0.046030838 0.997753799 0.048665490 6.231875420 0.998937666 0.046081308 0.000084996 17.682310104
-0.001367553 0.054804493 -0.998496234 -168.831283569 -0.046891849 0.997395217 0.054808285 6.278316021 0.998899043 0.046896286 0.001205893 17.673234940
0.000267302 0.058428466 -0.998291552 -170.045684814 -0.048215017 0.997131288 0.058347646 6.319915771 0.998836935 0.048117045 0.003083665 17.669723511
0.001914351 0.054904278 -0.998489738 -171.260467529 -0.049232084 0.997286022 0.054743689 6.371985912 0.998785555 0.049052939 0.004612206 17.664163589
0.002799128 0.055139132 -0.998474717 -172.479476929 -0.051445864 0.997164309 0.054922540 6.423168182 0.998671830 0.051213667 0.005627871 17.660852432
0.003883130 0.056306791 -0.998405933 -173.690444946 -0.050184086 0.997166455 0.056041695 6.468542099 0.998732448 0.049886484 0.006697831 17.659231186
0.004468450 0.053869992 -0.998537958 -174.893753052 -0.050066002 0.997307718 0.053579573 6.520606041 0.998735905 0.049753387 0.007153475 17.661952972
0.006483833 0.052426834 -0.998603702 -176.097244263 -0.050615765 0.997361839 0.052033000 6.564043045 0.998697162 0.050207715 0.009120352 17.658060074
0.007544179 0.054276470 -0.998497427 -177.263137817 -0.051582407 0.997217655 0.053817164 6.604537964 0.998640239 0.051098894 0.010322897 17.671504974
0.009329475 0.056245606 -0.998373389 -178.381393433 -0.051876452 0.997099578 0.055689067 6.636757851 0.998610079 0.051272508 0.012220236 17.665891647
0.009689372 0.057603460 -0.998292506 -179.470825195 -0.052810904 0.996975601 0.057014890 6.671296120 0.998557687 0.052168284 0.012702158 17.670654297
0.010116710 0.059169400 -0.998196661 -180.560440063 -0.053044342 0.996874034 0.058553409 6.700973988 0.998540938 0.052356325 0.013223690 17.671028137
0.009602695 0.060009941 -0.998151541 -181.611724854 -0.052357893 0.996858537 0.059428498 6.739495277 0.998582244 0.051690444 0.012714522 17.684150696
0.010596050 0.059248734 -0.998187006 -182.641342163 -0.052883871 0.996879160 0.058609735 6.775094986 0.998544455 0.052166950 0.013696284 17.681602478
0.011884577 0.059403054 -0.998163402 -183.617874146 -0.053574413 0.996837854 0.058686294 6.805823326 0.998493135 0.052778553 0.015029481 17.691602707
0.013274181 0.059994377 -0.998110473 -184.583892822 -0.054370724 0.996764839 0.059190411 6.840540886 0.998432517 0.053482283 0.016493177 17.701866150
0.012984306 0.058513567 -0.998202205 -185.519866943 -0.053005841 0.996922910 0.057749100 6.869707108 0.998509765 0.052160718 0.016045915 17.707090378
0.009480216 0.055352278 -0.998421848 -186.459426880 -0.050491035 0.997219503 0.054806203 6.902391434 0.998679519 0.049891770 0.012248648 17.717239380
0.004358054 0.051785428 -0.998648763 -187.382415771 -0.050233535 0.997408688 0.051501911 6.932383537 0.998727977 0.049941201 0.006948126 17.720481873
-0.000401294 0.048901748 -0.998803556 -188.315231323 -0.051847186 0.997459173 0.048856758 6.962044239 0.998654902 0.051804762 0.002135145 17.710102081
-0.004116277 0.047925342 -0.998842418 -189.246017456 -0.054128420 0.997375846 0.048078038 6.997108459 0.998525500 0.054263655 -0.001511353 17.697069168
-0.006644933 0.048886012 -0.998782218 -190.160736084 -0.055929709 0.997222662 0.049181774 7.021938801 0.998412669 0.056188405 -0.003892297 17.674949646
-0.008687681 0.050232209 -0.998699784 -191.094955444 -0.054818813 0.997211635 0.050634231 7.057696342 0.998458445 0.055187430 -0.005909786 17.661823273
-0.010595682 0.051869221 -0.998597682 -192.014877319 -0.051432565 0.997303486 0.052347735 7.085999489 0.998620272 0.051915091 -0.007899344 17.661994934
-0.011859156 0.052001584 -0.998576581 -192.931121826 -0.049981143 0.997367561 0.052532207 7.121173382 0.998679757 0.050532985 -0.009228842 17.646196365
-0.012804162 0.050728381 -0.998630464 -193.832748413 -0.050480276 0.997405946 0.051313430 7.155062675 0.998642981 0.051068172 -0.010210164 17.629333496
-0.013693857 0.049928211 -0.998658895 -194.745498657 -0.052237410 0.997352958 0.050579213 7.178752899 0.998540759 0.052859981 -0.011049489 17.610506058
-0.013484346 0.049682207 -0.998674035 -195.650558472 -0.055749621 0.997173905 0.050360322 7.202419758 0.998353720 0.056354783 -0.010676476 17.591533661
-0.013038171 0.047693372 -0.998776972 -196.567657471 -0.058452833 0.997117281 0.048377179 7.236010075 0.998205006 0.059012089 -0.010212774 17.576393127
-0.012383585 0.045388408 -0.998892725 -197.478103638 -0.058357988 0.997233689 0.046036504 7.259254456 0.998218894 0.058863461 -0.009700554 17.566295624
-0.011443209 0.042801280 -0.999018073 -198.402114868 -0.058466833 0.997345567 0.043399323 7.287829399 0.998223722 0.058906049 -0.008910380 17.541088104
-0.010379956 0.042368509 -0.999048114 -199.313186646 -0.057926271 0.997398615 0.042900406 7.314370155 0.998266876 0.058316432 -0.007898702 17.526874542
-0.010484633 0.045202166 -0.998922825 -200.244674683 -0.055529587 0.997409821 0.045716532 7.340616226 0.998401940 0.055949088 -0.007947419 17.523441315
-0.009974360 0.046492055 -0.998868823 -201.187301636 -0.054825906 0.997390509 0.046970729 7.366946220 0.998446047 0.055232387 -0.007399363 17.505857468
-0.009177076 0.042977728 -0.999033868 -202.112701416 -0.050089303 0.997801900 0.043384854 7.394194603 0.998702526 0.050439045 -0.007004180 17.498361588
-0.008845971 0.039522924 -0.999179482 -203.052825928 -0.048571598 0.998022139 0.039907169 7.427104473 0.998780489 0.048884764 -0.006908784 17.488924026
-0.008433362 0.039944507 -0.999166310 -203.994888306 -0.053197112 0.997768939 0.040337648 7.458250999 0.998548388 0.053492945 -0.006289617 17.470401764
-0.007163914 0.043829277 -0.999013305 -204.941925049 -0.054022923 0.997563124 0.044153042 7.486430168 0.998513997 0.054285929 -0.004778671 17.461296082
-0.004763170 0.043846630 -0.999026895 -205.913803101 -0.051423557 0.997705698 0.044033818 7.510165215 0.998665512 0.051583264 -0.002497492 17.447677612
-0.002757127 0.044653974 -0.998998702 -206.874588013 -0.050226435 0.997735441 0.044736113 7.550671101 0.998733997 0.050299488 -0.000508074 17.445261002
-0.001350636 0.049137983 -0.998791099 -207.843322754 -0.051279806 0.997474551 0.049142558 7.586831093 0.998683393 0.051284190 0.001172561 17.441616058
0.000536480 0.053534735 -0.998565793 -208.843399048 -0.048339937 0.997400105 0.053446252 7.616831779 0.998830795 0.048241951 0.003122950 17.443347931
0.001808356 0.053768553 -0.998551846 -209.834136963 -0.047871873 0.997413218 0.053620555 7.659978867 0.998851836 0.047705576 0.004377679 17.442245483
0.003458098 0.054831598 -0.998489618 -210.850112915 -0.051164672 0.997197390 0.054583441 7.699264050 0.998684287 0.050898638 0.006253847 17.442876816
0.006771564 0.056894537 -0.998357177 -211.876434326 -0.053947266 0.996946871 0.056448266 7.740272045 0.998520792 0.053476397 0.009820197 17.437513351
0.010009265 0.057037614 -0.998321772 -212.903350830 -0.054957580 0.996894300 0.056405038 7.786477089 0.998438537 0.054300785 0.013112828 17.449785233
0.013160195 0.054302819 -0.998437762 -213.927520752 -0.058036961 0.996882439 0.053453252 7.829824448 0.998227715 0.057242841 0.016270738 17.448364258
