1.000000000 0.000000000 0.000000000 0.000000000 0.000000000 1.000000000 0.000000000 0.000000000 0.000000000 0.000000000 1.000000000 0.000000000
0.999995649 0.002954700 0.000153119 -0.005943590 -0.002954910 0.999994695 0.001388349 -0.012907467 -0.000149016 -0.001388796 0.999999046 0.772521079
0.999984324 0.005553222 0.000657703 -0.013672225 -0.005554457 0.999982893 0.001892429 -0.029463211 -0.000647183 -0.001896053 0.999997973 1.538301945
0.999976337 0.006769925 0.001197698 -0.021843255 -0.006772000 0.999975502 0.001736724 -0.047164749 -0.001185912 -0.001744794 0.999997735 2.274323463
0.999961495 0.008709714 0.001071760 -0.024733026 -0.008711247 0.999961019 0.001433919 -0.060434051 -0.001059229 -0.001443200 0.999998331 3.001811743
0.999958515 0.008914809 0.001855900 -0.036771491 -0.008917053 0.999959528 0.001203360 -0.074778095 -0.001845097 -0.001219859 0.999997556 3.718072414
0.999956787 0.009124794 0.001749066 -0.027970124 -0.009128292 0.999956369 0.002002428 -0.086085312 -0.001730717 -0.002018308 0.999996424 4.417868614
0.999944568 0.010082189 0.003026662 -0.048155360 -0.010097357 0.999936342 0.005038548 -0.102763318 -0.002975670 -0.005068831 0.999982774 5.087207794
0.999942362 0.009810088 0.004359049 -0.042905148 -0.009848018 0.999913096 0.008767216 -0.107127778 -0.004272664 -0.008809637 0.999952078 5.760066986
0.999942958 0.009113899 0.005561826 -0.040135834 -0.009182840 0.999879777 0.012498317 -0.119523503 -0.005447249 -0.012548679 0.999906361 6.385640621
0.999940395 0.008498725 0.006860188 -0.041327659 -0.008597588 0.999857724 0.014512350 -0.125174135 -0.006735876 -0.014570467 0.999871135 6.996696472
0.999930739 0.009105436 0.007455150 -0.023354314 -0.009213501 0.999851048 0.014591863 -0.136063337 -0.007321174 -0.014659543 0.999865711 7.586262226
0.999916196 0.009712697 0.008555583 -0.023119319 -0.009815794 0.999878645 0.012092063 -0.146698013 -0.008437099 -0.012175030 0.999890208 8.134869576
0.999909997 0.009609436 0.009366984 -0.020530183 -0.009693695 0.999912500 0.008991865 -0.148604035 -0.009279760 -0.009081856 0.999915659 8.667592049
0.999909282 0.007941419 0.010887695 -0.008362548 -0.008024030 0.999939144 0.007565018 -0.157114014 -0.010826955 -0.007651694 0.999912083 9.169249535
0.999908268 0.004175197 0.012888217 -0.002479206 -0.004242268 0.999977529 0.005181310 -0.161122099 -0.012866295 -0.005235511 0.999903440 9.633761406
0.999888718 0.002240224 0.014750978 0.007208232 -0.002302651 0.999988556 0.004216426 -0.169680148 -0.014741362 -0.004249923 0.999882281 10.070339203
0.999842167 0.006541204 0.016520491 0.014774910 -0.006579358 0.999975801 0.002256207 -0.180810332 -0.016505335 -0.002364545 0.999861002 10.485313416
0.999744833 0.010975665 0.019746725 0.012286327 -0.011006298 0.999938428 0.001443246 -0.187806442 -0.019729666 -0.001660216 0.999804020 10.872005463
0.999679804 0.011213144 0.022685867 0.023727078 -0.011275952 0.999932885 0.002642542 -0.198112920 -0.022654714 -0.002897501 0.999739110 11.219559669
0.999636412 0.006826317 0.026084760 0.035954490 -0.006914671 0.999970615 0.003298467 -0.205680087 -0.026061477 -0.003477635 0.999654293 11.533185959
0.999584436 0.002721985 0.028701045 0.052591119 -0.002805023 0.999992013 0.002853317 -0.205589175 -0.028693052 -0.002932638 0.999583960 11.817387581
0.999514639 -0.000790465 0.031143295 0.066570811 0.000658336 0.999990702 0.004252625 -0.211954817 -0.031146368 -0.004230057 0.999505877 12.073201180
0.999438286 -0.001267614 0.033487808 0.078102306 0.001090216 0.999985337 0.005315107 -0.217864156 -0.033494055 -0.005275613 0.999424994 12.307090759
0.999359310 -0.000533300 0.035786469 0.081045121 0.000379076 0.999990582 0.004316209 -0.221932262 -0.035788432 -0.004299878 0.999350190 12.510630608
0.999305069 0.000108554 0.037273258 0.101788476 -0.000229396 0.999994814 0.003237806 -0.231728733 -0.037272707 -0.003244106 0.999299884 12.706775665
0.999177098 0.002600182 0.040476505 0.097323135 -0.002695938 0.999993742 0.002311308 -0.235361353 -0.040470243 -0.002418528 0.999177814 12.865003586
0.999094725 0.005617857 0.042169344 0.100794755 -0.005685302 0.999982715 0.001479630 -0.239665627 -0.042160302 -0.001718036 0.999109387 13.036262512
0.999033749 0.007044320 0.043380644 0.108665168 -0.007060225 0.999975085 0.000213422 -0.248153582 -0.043378055 -0.000519493 0.999058545 13.192231178
0.998947501 0.006005410 0.045474984 0.115891725 -0.005950227 0.999981403 -0.001348731 -0.256576687 -0.045482237 0.001076724 0.998964548 13.340300560
0.998868704 0.005196591 0.047268197 0.114806287 -0.005062081 0.999982834 -0.002964940 -0.258943826 -0.047282789 0.002722310 0.998877883 13.481868744
0.998821318 0.004245139 0.048352994 0.130751267 -0.004059119 0.999983907 -0.003944686 -0.259289235 -0.048368964 0.003743767 0.998822510 13.616086960
0.998761833 0.004865116 0.049509697 0.142014802 -0.004612552 0.999975681 -0.005214273 -0.263443232 -0.049533866 0.004979450 0.998759985 13.752634048
0.998677194 0.005893805 0.051081087 0.145176247 -0.005534715 0.999958992 -0.007168408 -0.268285275 -0.051121239 0.006876207 0.998668849 13.872839928
0.998621643 0.006123011 0.052129436 0.148718253 -0.005619443 0.999936104 -0.009801033 -0.266417891 -0.052186117 0.009494585 0.998592198 13.996575356
0.998597264 0.005206984 0.052692585 0.159701228 -0.004585738 0.999918699 -0.011904057 -0.272417367 -0.052750282 0.011645724 0.998539805 14.120119095
0.998618364 0.004369754 0.052367121 0.163977399 -0.003666701 0.999901950 -0.013514033 -0.277839333 -0.052421037 0.013303346 0.998536408 14.241738319
0.998737216 0.003897962 0.050087728 0.172620833 -0.003149696 0.999882340 -0.015009362 -0.278450608 -0.050140351 0.014832647 0.998632014 14.368184090
0.998883665 0.003740288 0.047090761 0.175152823 -0.003004092 0.999872267 -0.015694637 -0.284328789 -0.047143448 0.015535649 0.998767257 14.499012947
0.999067724 0.004737304 0.042911250 0.180704638 -0.003999633 0.999842942 -0.017260186 -0.281098783 -0.042986285 0.017072463 0.998929739 14.621440887
0.999304593 0.004316730 0.037038755 0.180600971 -0.003643546 0.999827266 -0.018223429 -0.286580712 -0.037111029 0.018075801 0.999147594 14.757233620
0.999525368 0.004336321 0.030497467 0.173811540 -0.003765663 0.999817312 -0.018744243 -0.292306840 -0.030573174 0.018620508 0.999359012 14.866677284
0.999724209 0.004252743 0.023095094 0.175247803 -0.003809414 0.999808252 -0.019206004 -0.298468828 -0.023172345 0.019112732 0.999548733 14.993080139
0.999874413 0.004238468 0.015269682 0.162514299 -0.003927438 0.999785364 -0.020341875 -0.297205895 -0.015352623 0.020279352 0.999676406 15.124855995
0.999980271 0.003355799 0.005302742 0.152114764 -0.003239972 0.999759197 -0.021702573 -0.300114810 -0.005374297 0.021684965 0.999750376 15.252906799
0.999967217 0.001739069 -0.007901998 0.144497976 -0.001922224 0.999728262 -0.023229992 -0.303800583 0.007859454 0.023244424 0.999698937 15.404706955
0.999713898 0.000688073 -0.023907056 0.123163618 -0.001290406 0.999681830 -0.025188442 -0.307078063 0.023882121 0.025212087 0.999396861 15.558588028
0.999066532 0.001203273 -0.043181218 0.094955102 -0.002343464 0.999649584 -0.026363887 -0.306873351 0.043134365 0.026440470 0.998719394 15.737144470
0.997899055 0.002287938 -0.064746656 0.057344783 -0.003980383 0.999653399 -0.026022580 -0.312739521 0.064664662 0.026225626 0.997562408 15.909350395
0.996055961 0.002135864 -0.088701956 0.026432509 -0.004314400 0.999693573 -0.024375712 -0.323411137 0.088622712 0.024662269 0.995759904 16.113767624
0.993344188 0.003171005 -0.115140341 -0.025059657 -0.005831663 0.999723434 -0.022778468 -0.330557823 0.115036294 0.023298321 0.993088007 16.313716888
0.989423335 0.004461502 -0.144988090 -0.097213261 -0.007496176 0.999764025 -0.020390933 -0.340744197 0.144862905 0.021262124 0.989223182 16.542263031
0.983978152 0.004424598 -0.178234115 -0.168462694 -0.007622438 0.999821961 -0.017261025 -0.341187835 0.178126007 0.018343048 0.983836651 16.797176361
0.976629496 0.005638191 -0.214855760 -0.260835737 -0.008654973 0.999876738 -0.013102770 -0.350105405 0.214755401 0.014656127 0.976557851 17.042690277
0.966961443 0.006953408 -0.254827797 -0.360357642 -0.009281614 0.999925375 -0.007935055 -0.352884352 0.254753679 0.010038106 0.966953874 17.298301697
0.955148160 0.010879977 -0.295928329 -0.485502660 -0.012239666 0.999921322 -0.002742465 -0.360568643 0.295875281 0.006241526 0.955206215 17.568199158
0.940983653 0.014258677 -0.338151276 -0.623889804 -0.014587991 0.999892354 0.001567577 -0.363465309 0.338137209 0.003457885 0.941090465 17.840867996
0.924322963 0.016804567 -0.381241173 -0.773649216 -0.015129603 0.999858201 0.007390458 -0.367657930 0.381311327 -0.001063143 0.924446166 18.111612320
0.904918671 0.020355185 -0.425097317 -0.934072971 -0.015388154 0.999767303 0.015115175 -0.374373019 0.425306112 -0.007136544 0.905021429 18.391799927
0.883281529 0.024373490 -0.468209088 -1.113973498 -0.016185666 0.999637783 0.021503557 -0.371857792 0.468563586 -0.011415419 0.883356035 18.650848389
0.858422637 0.030101426 -0.512059033 -1.323789239 -0.019386521 0.999467313 0.026253929 -0.373567283 0.512576520 -0.012609925 0.858548939 18.930233002
0.830428541 0.033245135 -0.556132257 -1.553337336 -0.020156385 0.999357283 0.029642817 -0.370241672 0.556760371 -0.013406627 0.830564976 19.205919266
0.799588680 0.037198219 -0.599394858 -1.798069477 -0.022719951 0.999239028 0.031704143 -0.369677931 0.600118041 -0.011732053 0.799825430 19.462589264
0.765583932 0.040441960 -0.642063558 -2.072450638 -0.023553561 0.999114990 0.034846935 -0.362936825 0.642904580 -0.011555374 0.765859127 19.740327835
0.729212821 0.044432420 -0.682842910 -2.391200066 -0.024978952 0.998953104 0.038326431 -0.344060421 0.683830857 -0.010891422 0.729559302 20.010370255
0.690058827 0.044079151 -0.722409785 -2.719373703 -0.021394998 0.998949826 0.040515855 -0.322206974 0.723437011 -0.012502366 0.690277159 20.282236099
0.649156988 0.044008479 -0.759380341 -3.071200609 -0.018954411 0.998950779 0.041689150 -0.308082014 0.760418355 -0.012669193 0.649309993 20.539363861
0.606722653 0.042882934 -0.793756068 -3.452720642 -0.013233028 0.998950362 0.043853704 -0.297487974 0.794803381 -0.016103238 0.606653214 20.787439346
0.561640799 0.042989139 -0.826263666 -3.859138489 -0.008440469 0.998894989 0.046233572 -0.283611685 0.827338219 -0.018992601 0.561382890 21.034599304
0.516184747 0.044641547 -0.855313182 -4.269780636 -0.006549092 0.998817265 0.048179094 -0.265200794 0.856452227 -0.019267790 0.515866697 21.223560333
0.466055810 0.044009507 -0.883660138 -4.724492073 -0.005384506 0.998884678 0.046908248 -0.239192978 0.884738922 -0.017103786 0.465773106 21.424480438
0.414242953 0.043384507 -0.909131765 -5.212151527 0.000034713 0.998862565 0.047682345 -0.223900139 0.910166264 -0.019783635 0.413770348 21.609123230
0.359364510 0.042038504 -0.932249904 -5.733921051 0.005244123 0.998878062 0.047064509 -0.195860952 0.933182538 -0.021802152 0.358740956 21.803655624
0.306214929 0.041161466 -0.951072037 -6.233422279 0.008343518 0.998910248 0.045918200 -0.180150956 0.951925814 -0.021996131 0.305537850 21.921255112
0.253044486 0.046378851 -0.966342270 -6.793636799 0.009075884 0.998692453 0.050308056 -0.144980863 0.967412055 -0.021500587 0.252292663 22.028873444
0.201038405 0.052160565 -0.978193700 -7.387411118 0.011534538 0.998386085 0.055607870 -0.122263961 0.979515433 -0.022462329 0.200112298 22.123924255
0.153418019 0.053190213 -0.986728787 -7.978442192 0.017479759 0.998247921 0.056528937 -0.096259668 0.988006771 -0.025920339 0.152219474 22.189998627
0.108900346 0.054645754 -0.992549479 -8.595247269 0.020020599 0.998164773 0.057151515 -0.074778974 0.993851066 -0.026095256 0.107606448 22.234283447
0.069021039 0.052858450 -0.996213853 -9.228821754 0.019565690 0.998331606 0.054326382 -0.045365058 0.997423351 -0.023241278 0.067871682 22.241659164
0.033306371 0.048567977 -0.998264432 -9.867377281 0.017505608 0.998637140 0.049170159 -0.012461869 0.999291897 -0.019112907 0.032410763 22.242937088
0.005069752 0.048303079 -0.998819828 -10.543038368 0.014998416 0.998716712 0.048374217 0.025584843 0.999874711 -0.015225963 0.004338777 22.218599319
-0.016347261 0.052732661 -0.998474836 -11.242671013 0.014066910 0.998521566 0.052504815 0.053888939 0.999767423 -0.013187144 -0.017064882 22.196233749
-0.029170813 0.058689743 -0.997849941 -11.966483116 0.015551670 0.998180568 0.058254555 0.088060573 0.999453485 -0.013818899 -0.030030467 22.162412643
-0.037192158 0.061402943 -0.997419894 -12.710012436 0.015222297 0.998029470 0.060872857 0.120261483 0.999192178 -0.012919029 -0.038053565 22.129240036
-0.040546812 0.058572542 -0.997459412 -13.469264984 0.016106846 0.998188913 0.057960644 0.155368403 0.999047816 -0.013715807 -0.041416798 22.087919235
-0.040037118 0.054681823 -0.997700810 -14.249304771 0.023616450 0.998274326 0.053765547 0.192385033 0.998919070 -0.021409532 -0.041259415 22.063898087
-0.035918564 0.052961864 -0.997950494 -15.067103386 0.035424627 0.998034596 0.051691327 0.239237085 0.998726666 -0.033495340 -0.037724126 22.050077438
-0.030161150 0.053156395 -0.998130620 -15.891397476 0.035979722 0.997995436 0.052061975 0.276100755 0.998897254 -0.034342207 -0.032013241 22.025882721
-0.025278907 0.051886074 -0.998333037 -16.753385544 0.034157105 0.998113990 0.051009774 0.307895392 0.999096751 -0.032810695 -0.027003506 22.003629684
-0.022292668 0.045281369 -0.998725533 -17.616476059 0.037532251 0.998307467 0.044424649 0.348948419 0.999046803 -0.036494069 -0.023954451 21.993070602
-0.019999310 0.034464523 -0.999205768 -18.506399155 0.035382185 0.998804033 0.033742476 0.384651095 0.999173701 -0.034679268 -0.021194823 21.972183228
-0.019539643 0.026114849 -0.999467969 -19.405876160 0.027663369 0.999290168 0.025569381 0.409966826 0.999426305 -0.027149031 -0.020248201 21.940097809
-0.020721661 0.023211615 -0.999515712 -20.322061539 0.021971274 0.999499559 0.022755738 0.436076581 0.999543846 -0.021489099 -0.021221282 21.902772903
-0.024213683 0.029483765 -0.999271929 -21.281965256 0.012875545 0.999491274 0.029178245 0.452265024 0.999623895 -0.012159658 -0.024580985 21.863872528
-0.029336721 0.037858188 -0.998852372 -22.249383926 0.008378585 0.999256670 0.037627425 0.475153774 0.999534488 -0.007265106 -0.029632114 21.818380356
-0.033740330 0.047466479 -0.998302877 -23.221210480 0.006998570 0.998858273 0.047256347 0.509168744 0.999406099 -0.005392248 -0.034034006 21.772069931
-0.035467748 0.057200238 -0.997732520 -24.258678436 0.005204595 0.998357713 0.057051074 0.551390529 0.999357283 -0.003169321 -0.035707206 21.734670639
-0.036663994 0.064976625 -0.997213006 -25.277471542 0.007254849 0.997874916 0.064753033 0.597556651 0.999301314 -0.004860525 -0.037057482 21.697891235
-0.038424112 0.065563641 -0.997108340 -26.308410645 0.008189033 0.997832417 0.065295681 0.654664636 0.999227941 -0.005656424 -0.038877733 21.658088684
-0.039697725 0.062808938 -0.997235715 -27.307752609 0.006870343 0.998015881 0.062584594 0.704150915 0.999188125 -0.004366885 -0.040050488 21.608480453
-0.042442303 0.057893537 -0.997420073 -28.325811386 0.006390873 0.998314917 0.057673544 0.752206266 0.999078453 -0.003926587 -0.042740781 21.558921814
-0.047021843 0.052807860 -0.997497022 -29.354354858 0.006773362 0.998595476 0.052546736 0.795415223 0.998870909 -0.004285565 -0.047313489 21.504894257
-0.052567694 0.048233286 -0.997451842 -30.379810333 0.006894907 0.998826563 0.047936384 0.836096346 0.998593569 -0.004357433 -0.052838583 21.442579269
-0.059077453 0.046441160 -0.997172534 -31.402523041 0.006109231 0.998915315 0.046160389 0.875010788 0.998234689 -0.003364919 -0.059297100 21.364322662
-0.066061169 0.048678752 -0.996627450 -32.451335907 0.006243932 0.998809874 0.048371471 0.919233441 0.997796059 -0.003027399 -0.066286474 21.294965744
-0.072249815 0.053549822 -0.995947957 -33.518039703 0.004686642 0.998564839 0.053350542 0.959725142 0.997375607 -0.000813086 -0.072397090 21.208766937
-0.078368656 0.056275740 -0.995334804 -34.576942444 0.001323812 0.998410404 0.056345403 1.002287388 0.996923566 0.003098076 -0.078318574 21.113599777
-0.083333507 0.058706649 -0.994790971 -35.643489838 -0.001090669 0.998257339 0.059002563 1.049175501 0.996521115 0.006001879 -0.083124243 21.020105362
-0.086118124 0.060049646 -0.994473517 -36.718601227 -0.005811781 0.998134613 0.060773987 1.099068999 0.996267974 0.011013404 -0.085608482 20.916557312
-0.087651193 0.061237596 -0.994267166 -37.793853760 -0.010180729 0.998001456 0.062365096 1.150824189 0.996099174 0.015588740 -0.086852573 20.810344696
-0.088776894 0.060739618 -0.994197786 -38.865032196 -0.010900531 0.998019874 0.061946481 1.201489568 0.995991886 0.016336704 -0.087939024 20.695495605
-0.090151019 0.059893485 -0.994125485 -39.947643280 -0.011296459 0.998064280 0.061155189 1.253429532 0.995864034 0.016743302 -0.089299932 20.587606430
-0.091092519 0.059011638 -0.994092464 -41.033069611 -0.012620509 0.998094141 0.060405653 1.308476448 0.995762467 0.018048460 -0.090174168 20.484394073
-0.091832161 0.058032446 -0.994082093 -42.119754791 -0.014816452 0.998110175 0.059636325 1.361033440 0.995664299 0.020205304 -0.090798780 20.370212555
-0.092300542 0.055750940 -0.994169235 -43.191677094 -0.019499375 0.998138785 0.057783887 1.404801130 0.995540321 0.024719164 -0.091041639 20.254402161
-0.092898458 0.050796222 -0.994378984 -44.285797119 -0.024354203 0.998283088 0.053270910 1.451810122 0.995377719 0.029166095 -0.091501847 20.149778366
-0.091987699 0.050020009 -0.994502962 -45.389312744 -0.026167111 0.998271227 0.052629896 1.503113866 0.995416343 0.030864576 -0.090519793 20.037084579
-0.090662301 0.054312032 -0.994399548 -46.507164001 -0.026620146 0.998022735 0.056936953 1.545913815 0.995525837 0.031633094 -0.089037240 19.936826706
-0.088610247 0.057607658 -0.994399071 -47.616302490 -0.026835669 0.997825623 0.060197469 1.591324687 0.995704710 0.032019481 -0.086871654 19.829568863
-0.087117217 0.057151731 -0.994557321 -48.724483490 -0.024927206 0.997915268 0.059528176 1.646659136 0.995886087 0.029977465 -0.085510969 19.729927063
-0.084788851 0.056155842 -0.994815230 -49.831169128 -0.024595628 0.997988403 0.058431264 1.698557615 0.996095359 0.029422425 -0.083237097 19.633884430
-0.080468759 0.056540392 -0.995152235 -50.975196838 -0.029196642 0.997827768 0.059053261 1.758083701 0.996329427 0.033807047 -0.078643173 19.526865005
-0.074776292 0.057440363 -0.995544612 -52.096321106 -0.034275778 0.997601688 0.060133535 1.809111953 0.996611059 0.038619634 -0.072628140 19.427295685
-0.068416201 0.056652121 -0.996047080 -53.215820312 -0.038282506 0.997502029 0.059364416 1.866173029 0.996922076 0.042192668 -0.066076517 19.328620911
-0.062870488 0.056005444 -0.996449053 -54.374282837 -0.039669409 0.997494996 0.058567144 1.922495365 0.997232974 0.043210693 -0.060491294 19.254499435
-0.056882836 0.054901339 -0.996870220 -55.514583588 -0.039450750 0.997583508 0.057191733 1.980055332 0.997601151 0.042580508 -0.054579478 19.185523987
-0.051693197 0.054540154 -0.997172534 -56.654575348 -0.038037501 0.997675657 0.056539506 2.032208204 0.997938335 0.040852655 -0.049498461 19.119041443
-0.046306740 0.055221669 -0.997399807 -57.792388916 -0.036762819 0.997700214 0.056945112 2.080881596 0.998250484 0.039304160 -0.044170149 19.064783096
-0.040312931 0.056954753 -0.997562528 -58.957374573 -0.036092620 0.997639477 0.058417700 2.131519079 0.998535037 0.038359631 -0.038162127 19.011930466
-0.035021976 0.058190942 -0.997690976 -60.111507416 -0.036525819 0.997561872 0.059465580 2.183625460 0.998718858 0.038524084 -0.032811116 18.973567963
-0.029693978 0.057360183 -0.997911870 -61.283016205 -0.036058109 0.997640789 0.058417559 2.235453844 0.998908460 0.037717462 -0.027555626 18.937831879
-0.025134597 0.052899338 -0.998283446 -62.437728882 -0.036106803 0.997899294 0.053788073 2.279165030 0.999031782 0.037396763 -0.023171777 18.902563095
-0.020804970 0.047452964 -0.998656690 -63.588771820 -0.035826959 0.998196065 0.048177447 2.323303461 0.999141455 0.036781166 -0.019067341 18.877916336
-0.016601874 0.047478762 -0.998734355 -64.777183533 -0.035492469 0.998214424 0.048044037 2.360988379 0.999231935 0.036245167 -0.014887094 18.839750290
-0.014019554 0.050312001 -0.998635173 -65.950302124 -0.034765463 0.998104870 0.050773345 2.388865709 0.999297142 0.035429832 -0.012243864 18.837606430
-0.011689370 0.049851298 -0.998688281 -67.118217468 -0.035329778 0.998112261 0.050236072 2.434951782 0.999307334 0.035870668 -0.009906068 18.814424515
-0.011338213 0.049579628 -0.998705864 -68.276168823 -0.037206370 0.998057485 0.049969837 2.479250908 0.999243259 0.037724786 -0.009471508 18.803894043
-0.009828988 0.050604548 -0.998670399 -69.472000122 -0.038265333 0.997967958 0.050945573 2.520257235 0.999219239 0.038715199 -0.007872615 18.774606705
-0.008770290 0.050045751 -0.998708427 -70.650543213 -0.038765471 0.997978926 0.050349623 2.562869787 0.999209881 0.039156988 -0.006812517 18.759317398
-0.007574421 0.048184056 -0.998809755 -71.818786621 -0.038928460 0.998066962 0.048443437 2.600230217 0.999213338 0.039249051 -0.005684047 18.739931107
-0.006971799 0.047156140 -0.998863161 -73.021247864 -0.037308451 0.998179734 0.047384281 2.640342474 0.999279499 0.037596386 -0.005199787 18.732669830
-0.006071702 0.046818361 -0.998884976 -74.209136963 -0.034290485 0.998306215 0.046999667 2.682277679 0.999393523 0.034537613 -0.004455994 18.719928741
-0.006408277 0.047783926 -0.998837054 -75.388626099 -0.031904187 0.998339355 0.047964804 2.716189384 0.999470413 0.032174457 -0.004873127 18.719621658
-0.006464387 0.050591804 -0.998698473 -76.575325012 -0.031542026 0.998212099 0.050771330 2.755403519 0.999481559 0.031829178 -0.004857062 18.708791733
-0.006396585 0.054241367 -0.998507261 -77.760124207 -0.033433821 0.997957945 0.054425709 2.796920300 0.999420464 0.033732053 -0.004570026 18.702842712
-0.006068347 0.054518133 -0.998494327 -78.951301575 -0.036103554 0.997849762 0.054702360 2.834990978 0.999329567 0.036381148 -0.004087001 18.692523956
-0.005738591 0.052167859 -0.998621821 -80.128433228 -0.037450556 0.997926474 0.052346747 2.882369041 0.999282002 0.037699338 -0.003772977 18.679986954
-0.004964571 0.049843442 -0.998744726 -81.303176880 -0.037504464 0.998045027 0.049994953 2.921454906 0.999284089 0.037705589 -0.003085514 18.654102325
-0.005822951 0.049831703 -0.998740613 -82.486633301 -0.034863267 0.998140275 0.050005015 2.952847242 0.999375045 0.035110533 -0.004074826 18.662227631
-0.005701485 0.050935801 -0.998685598 -83.662521362 -0.033609822 0.998127878 0.051099230 2.997765541 0.999418676 0.033856992 -0.003978867 18.654195786
-0.004784110 0.053763874 -0.998542190 -84.846900940 -0.032684337 0.998011589 0.053891908 3.040966988 0.999454260 0.032894515 -0.003017360 18.633668900
-0.004823842 0.056361400 -0.998398781 -86.007461548 -0.033241324 0.997849584 0.056490995 3.078418493 0.999435723 0.033460602 -0.002939940 18.632778168
-0.004433272 0.056524005 -0.998391390 -87.171188354 -0.034724131 0.997790396 0.056644160 3.123789549 0.999387085 0.034919400 -0.002460730 18.617879868
-0.004670450 0.054644100 -0.998494983 -88.344970703 -0.034122128 0.997915685 0.054772012 3.166190624 0.999406755 0.034326583 -0.002796142 18.610868454
-0.004130482 0.053044599 -0.998583615 -89.519004822 -0.033504616 0.998024225 0.053153459 3.211783171 0.999429941 0.033676714 -0.002345081 18.603027344
-0.004120870 0.054121774 -0.998525858 -90.680572510 -0.031879757 0.998019636 0.054225907 3.253869057 0.999483168 0.032056220 -0.002387320 18.594919205
-0.003669564 0.056796130 -0.998379052 -91.855895996 -0.029843315 0.997934878 0.056880549 3.305401087 0.999547839 0.030003669 -0.001967001 18.581096649
-0.003923755 0.059371144 -0.998228192 -93.014778137 -0.027854806 0.997842073 0.059457675 3.348737717 0.999604285 0.028038757 -0.002261516 18.586315155
-0.003760325 0.061354872 -0.998108923 -94.183441162 -0.028488226 0.997704327 0.061437331 3.394689560 0.999587119 0.028665377 -0.002003801 18.578708649
-0.003264080 0.062967636 -0.998010218 -95.347267151 -0.031440560 0.997515619 0.063039258 3.452544928 0.999500275 0.031583764 -0.001276233 18.562368393
-0.002547248 0.062444024 -0.998045206 -96.503013611 -0.033395659 0.997486413 0.062494304 3.497318745 0.999438941 0.033489566 -0.000455486 18.549308777
-0.002643140 0.057717655 -0.998329401 -97.655136108 -0.035684597 0.997691691 0.057775263 3.555949688 0.999359548 0.035777692 -0.000577407 18.536819458
-0.002171932 0.056158148 -0.998419523 -98.812911987 -0.037121877 0.997729123 0.056200080 3.604129076 0.999308348 0.037185267 -0.000082304 18.523298264
-0.002137469 0.054903530 -0.998489380 -99.973884583 -0.036323741 0.997828364 0.054944955 3.638873577 0.999337792 0.036386307 -0.000138526 18.519441605
-0.001992755 0.055516988 -0.998455763 -101.142723083 -0.035127033 0.997837663 0.055552732 3.684257507 0.999380887 0.035183486 -0.000038299 18.519111633
-0.001989372 0.057348948 -0.998352230 -102.283996582 -0.035473682 0.997721851 0.057383418 3.731318951 0.999368608 0.035529383 0.000049538 18.506769180
-0.001655598 0.059646066 -0.998218238 -103.471717834 -0.033785295 0.997646391 0.059667930 3.778640509 0.999427736 0.033823885 0.000363459 18.494808197
-0.002338241 0.058025904 -0.998312354 -104.635650635 -0.037506822 0.997607529 0.058072783 3.839333296 0.999293685 0.037579309 -0.000156280 18.482730865
-0.002296672 0.059728265 -0.998211980 -105.790702820 -0.041173927 0.997362494 0.059772164 3.883118391 0.999149382 0.041237582 0.000168633 18.469488144
-0.002594493 0.058923054 -0.998259187 -106.968750000 -0.044721246 0.997256815 0.058980130 3.937257051 0.998996139 0.044796415 0.000047736 18.453874588
-0.002672222 0.054907821 -0.998487890 -108.122665405 -0.046297904 0.997413814 0.054972671 3.990536451 0.998924136 0.046374802 -0.000123194 18.439039230
-0.003410696 0.051150408 -0.998685122 -109.328033447 -0.045432992 0.997651756 0.051252645 4.034124851 0.998961568 0.045548063 -0.001078771 18.435876846
-0.004295437 0.050425880 -0.998718560 -110.519973755 -0.042438690 0.997818768 0.050562978 4.077998161 0.999089837 0.042601496 -0.002146060 18.425735474
-0.004602827 0.049669527 -0.998755097 -111.713768005 -0.038270239 0.998025179 0.049809601 4.123540401 0.999256790 0.038451865 -0.002692872 18.424547195
-0.004967283 0.050989319 -0.998686850 -112.933395386 -0.037366472 0.997992158 0.051139694 4.180280685 0.999289334 0.037571430 -0.003052019 18.412443161
-0.005468445 0.055513438 -0.998442948 -114.188789368 -0.036674336 0.997775078 0.055677161 4.214147091 0.999312282 0.036921691 -0.003420360 18.393053055
-0.006407318 0.055244483 -0.998452306 -115.389259338 -0.034828071 0.997854650 0.055434920 4.278305054 0.999372780 0.035129350 -0.004469512 18.396272659
-0.007395707 0.051018130 -0.998670340 -116.612159729 -0.034724128 0.998082221 0.051245231 4.327495575 0.999369621 0.035056949 -0.005609962 18.385454178
-0.008215252 0.047636975 -0.998830974 -117.844467163 -0.035084959 0.998235941 0.047897160 4.366578102 0.999350607 0.035437424 -0.006529418 18.367755890
-0.008066911 0.045715559 -0.998921931 -119.110557556 -0.034488700 0.998347402 0.045967784 4.420430183 0.999372542 0.034822337 -0.006476909 18.348752975
-0.008844611 0.046741489 -0.998867810 -120.351203918 -0.036402874 0.998229861 0.047033962 4.467119694 0.999298036 0.036777653 -0.007127429 18.329910278
-0.009373805 0.051871791 -0.998609841 -121.621742249 -0.041310258 0.997780979 0.052216519 4.509378433 0.999102414 0.041742288 -0.007210166 18.309413910
-0.009175752 0.055022404 -0.998442948 -122.881965637 -0.047158998 0.997350156 0.055395573 4.558647156 0.998845279 0.047593862 -0.006556635 18.268503189
-0.009382322 0.054609105 -0.998463750 -124.143585205 -0.054165162 0.997014046 0.055038780 4.614775658 0.998487949 0.054598335 -0.006396396 18.241613388
-0.008717189 0.052164532 -0.998600423 -125.403114319 -0.057492163 0.996960342 0.052580725 4.669631481 0.998307943 0.057870049 -0.005691640 18.207180023
-0.009348158 0.051340070 -0.998637497 -126.661170959 -0.059977114 0.996854305 0.051809844 4.714349747 0.998155951 0.060379721 -0.006239522 18.188743591
-0.010259466 0.050554011 -0.998668671 -127.923973083 -0.059592560 0.996915102 0.051077459 4.757520676 0.998170078 0.060037240 -0.007215174 18.173034668
-0.010230348 0.050346535 -0.998679399 -129.208816528 -0.057923790 0.997024775 0.050856486 4.796931267 0.998268604 0.058367569 -0.007283650 18.150945663
-0.010584017 0.051043198 -0.998640358 -130.461776733 -0.057913281 0.996988595 0.051572561 4.840889454 0.998265624 0.058380377 -0.007596066 18.133522034
-0.011439748 0.055955589 -0.998367727 -131.727432251 -0.057960164 0.996717274 0.056527220 4.888568401 0.998253345 0.058512207 -0.008159001 18.115764618
-0.011971815 0.060057744 -0.998123169 -133.007843018 -0.057177752 0.996520221 0.060647115 4.941791534 0.998292267 0.057796489 -0.008496188 18.095645905
-0.011923653 0.058979131 -0.998188019 -134.264678955 -0.057026200 0.996594131 0.059566155 4.990990639 0.998301506 0.057633117 -0.008519686 18.070861816
-0.011153753 0.057218395 -0.998299360 -135.524932861 -0.056872580 0.996709049 0.057762679 5.049052715 0.998319089 0.057420127 -0.007862888 18.053348541
-0.009786460 0.056672730 -0.998344779 -136.774093628 -0.055929016 0.996798694 0.057133220 5.101872921 0.998386800 0.056395572 -0.006585480 18.032344818
-0.009025482 0.056008033 -0.998389542 -138.030502319 -0.056454983 0.996809185 0.056429736 5.150258064 0.998364329 0.056873377 -0.005834750 18.019468307
-0.008242792 0.058001723 -0.998282492 -139.275192261 -0.056384269 0.996701121 0.058375414 5.202195644 0.998375118 0.056768607 -0.004945213 18.007116318
-0.007331172 0.061764043 -0.998063862 -140.552673340 -0.057155397 0.996433139 0.062082957 5.256445885 0.998338401 0.057499867 -0.003774874 17.992031097
-0.005987498 0.062595531 -0.998021066 -141.812835693 -0.058627635 0.996300220 0.062839337 5.316808701 0.998261988 0.058887862 -0.002295518 17.975484848
-0.004865377 0.060215957 -0.998173594 -143.074249268 -0.060734212 0.996324837 0.060400467 5.366296768 0.998142123 0.060917147 -0.001190328 17.963829041
-0.005020154 0.057144832 -0.998353302 -144.317977905 -0.059641119 0.996571422 0.057342749 5.418434620 0.998207271 0.059830781 -0.001594760 17.948091507
-0.004572613 0.055824034 -0.998430192 -145.570404053 -0.056719828 0.996818721 0.055993706 5.466230869 0.998379588 0.056886826 -0.001391737 17.937107086
-0.004964387 0.055326704 -0.998455882 -146.827606201 -0.054660570 0.996960521 0.055515610 5.506236553 0.998492658 0.054851767 -0.001925108 17.931085587
-0.005159178 0.055474345 -0.998446763 -148.062622070 -0.052673910 0.997058928 0.055669401 5.559461594 0.998598397 0.052879311 -0.002221953 17.924264908
-0.005542127 0.054121979 -0.998518884 -149.307708740 -0.050587893 0.997240543 0.054333471 5.606132984 0.998704255 0.050814100 -0.002788917 17.926437378
-0.005473208 0.054313149 -0.998508930 -150.553298950 -0.049686443 0.997275770 0.054518428 5.653929710 0.998749912 0.049910758 -0.002759670 17.915889740
-0.005935539 0.056821685 -0.998366654 -151.782653809 -0.047872342 0.997223437 0.057041228 5.705103397 0.998835802 0.048132733 -0.003198872 17.912481308
-0.005742411 0.057997752 -0.998300195 -153.035034180 -0.045877457 0.997250199 0.058200642 5.760137558 0.998930573 0.046133693 -0.003065830 17.893985748
-0.005246280 0.056433558 -0.998392582 -154.263870239 -0.043619480 0.997443140 0.056609094 5.812534332 0.999034524 0.043846354 -0.002771263 17.876455307
-0.006746675 0.056937326 -0.998354971 -155.493011475 -0.044095077 0.997389615 0.057180259 5.859205246 0.999004483 0.044408310 -0.004218407 17.878112793
-0.006526459 0.061653208 -0.998076320 -156.723190308 -0.045137655 0.997062087 0.061885715 5.913897991 0.998959422 0.045454711 -0.003724403 17.864553452
-0.006103829 0.068495989 -0.997632682 -157.948745728 -0.050144807 0.996375263 0.068716459 5.965467930 0.998723269 0.050445531 -0.002646985 17.851028442
-0.005017885 0.068386428 -0.997646213 -159.216217041 -0.054164581 0.996175706 0.068558045 6.030344963 0.998519361 0.054381113 -0.001294573 17.831289291
-0.003485237 0.064200327 -0.997930944 -160.445281982 -0.058046013 0.996241331 0.064294361 6.096041203 0.998307824 0.058149997 0.000254436 17.808254242
-0.001746953 0.059334252 -0.998236597 -161.666717529 -0.059985936 0.996434450 0.059332091 6.142709255 0.998197675 0.059983823 0.001818497 17.796476364
-0.001424855 0.057889149 -0.998322010 -162.888763428 -0.062457621 0.996368825 0.057865031 6.196025848 0.998046637 0.062435266 0.002195938 17.791074753
0.000175414 0.054686055 -0.998503566 -164.087646484 -0.057713162 0.996839881 0.054584797 6.237133503 0.998333156 0.057617221 0.003330965 17.795171738
0.000352871 0.049771331 -0.998760581 -165.299667358 -0.054653518 0.997268856 0.049677689 6.290263653 0.998505294 0.054568242 0.003072086 17.792879105
0.000204992 0.046462674 -0.998920023 -166.529632568 -0.048106126 0.997763991 0.046399035 6.328228951 0.998842180 0.048044663 0.002439673 17.794898987
-0.001288243 0.049691420 -0.998763800 -167.759002686 -0.046094354 0.997700095 0.049697950 6.370756626 0.998936296 0.046101399 0.001005214 17.798351288
-0.000206847 0.055684317 -0.998448431 -168.996444702 -0.047078766 0.997340858 0.055632293 6.420113087 0.998891175 0.047017228 0.002415252 17.786727905
0.001202660 0.059302710 -0.998239338 -170.205505371 -0.048315361 0.997077584 0.059175495 6.462659836 0.998831391 0.048159119 0.004064377 17.789253235
0.002747827 0.056015067 -0.998426259 -171.420700073 -0.049162116 0.997230113 0.055812676 6.513718605 0.998786986 0.048931375 0.005494036 17.786277771
0.003867556 0.056413513 -0.998400033 -172.648162842 -0.051800150 0.997078240 0.056138184 6.566326141 0.998649895 0.051500145 0.006778485 17.777614594
0.004806407 0.057027008 -0.998361051 -173.850006104 -0.050256245 0.997124732 0.056714449 6.614406109 0.998724818 0.049901284 0.007658550 17.783182144
0.005093795 0.054588493 -0.998495936 -175.053924561 -0.049804844 0.997283459 0.054268137 6.667360306 0.998745918 0.049453497 0.007798729 17.791032791
0.007397388 0.053265233 -0.998553097 -176.264465332 -0.050630528 0.997319460 0.052824356 6.710717678 0.998690069 0.050166503 0.010074407 17.784841537
0.008575183 0.055043999 -0.998447180 -177.429672241 -0.051826544 0.997166336 0.054528277 6.751617432 0.998619258 0.051278464 0.011403625 17.798377991
0.010249599 0.057156809 -0.998312593 -178.546539307 -0.051687490 0.997060657 0.056554463 6.784255981 0.998610675 0.051020607 0.013173763 17.795322418
0.010565766 0.058456995 -0.998234034 -179.636230469 -0.052696183 0.996935070 0.057823174 6.820383549 0.998554647 0.051992174 0.013613844 17.803209305
0.011169747 0.060034711 -0.998133779 -180.727981567 -0.053112246 0.996822536 0.059361491 6.851193905 0.998526096 0.052350063 0.014322837 17.800483704
0.010696484 0.061041947 -0.998077869 -181.779785156 -0.052352291 0.996800184 0.060402744 6.889810562 0.998571396 0.051605564 0.013857945 17.813962936
0.011575226 0.060072571 -0.998126924 -182.797012329 -0.052858248 0.996834993 0.059381820 6.926738739 0.998534858 0.052071881 0.014713920 17.814384460
0.012945413 0.060318332 -0.998095274 -183.774795532 -0.053591382 0.996786118 0.059544127 6.957433224 0.998478949 0.052718475 0.016136348 17.825473785
0.014294216 0.061025050 -0.998033881 -184.736129761 -0.054306570 0.996710002 0.060166303 6.991323948 0.998421907 0.053339772 0.017561249 17.835254669
0.014127074 0.059385777 -0.998135149 -185.680664062 -0.052750062 0.996888936 0.058565035 7.024859428 0.998507798 0.051824331 0.017215725 17.840425491
0.010585747 0.056457680 -0.998348892 -186.609222412 -0.050513465 0.997160196 0.055854861 7.052344799 0.998667300 0.049838793 0.013407560 17.852312088
0.005508858 0.052841891 -0.998587728 -187.541976929 -0.050308190 0.997352839 0.052499030 7.084987164 0.998718560 0.049947925 0.008152657 17.852108002
0.000689679 0.049868055 -0.998755693 -188.464675903 -0.051887669 0.997412205 0.049765147 7.115847588 0.998652697 0.051788770 0.003275432 17.847717285
-0.003022075 0.049063172 -0.998791158 -189.389450073 -0.054083977 0.997325838 0.049154833 7.151099205 0.998531878 0.054167144 -0.000360462 17.833892822
-0.005934533 0.049638875 -0.998749554 -190.313842773 -0.055608146 0.997205377 0.049892541 7.180714130 0.998435020 0.055834699 -0.003157622 17.821599960
-0.008057429 0.051680792 -0.998631179 -191.232482910 -0.054482274 0.997157514 0.052044116 7.206975460 0.998482227 0.054827034 -0.005218839 17.814672470
-0.009401087 0.052825328 -0.998559475 -192.156570435 -0.051629242 0.997246027 0.053241920 7.245162010 0.998622060 0.052055392 -0.006647864 17.803054810
-0.010640576 0.053331036 -0.998520195 -193.064773560 -0.049809486 0.997308910 0.053797118 7.274364471 0.998702109 0.050308205 -0.007955550 17.788393021
-0.011313301 0.051758591 -0.998595595 -193.973464966 -0.050256710 0.997367799 0.052264329 7.312010288 0.998672247 0.050777402 -0.008682308 17.766778946
-0.012602990 0.051114693 -0.998613238 -194.880294800 -0.052499983 0.997281194 0.051709086 7.337980270 0.998541415 0.053078864 -0.009885205 17.764862061
-0.012354421 0.049868092 -0.998679280 -195.784088135 -0.056231834 0.997140408 0.050486878 7.378871441 0.998341322 0.056781303 -0.009514919 17.740259171
-0.012228685 0.048325460 -0.998756826 -196.703216553 -0.058917060 0.997061372 0.048964798 7.404971600 0.998187959 0.059442583 -0.009345555 17.728513718
-0.010938598 0.045946024 -0.998884022 -197.617401123 -0.058605842 0.997197151 0.046510216 7.432368279 0.998221278 0.059049197 -0.008215235 17.708818436
-0.009891516 0.044124234 -0.998977065 -198.536193848 -0.058188420 0.997307777 0.044626653 7.451664925 0.998256624 0.058570322 -0.007297366 17.688659668
-0.009493086 0.043549962 -0.999006093 -199.455810547 -0.058080342 0.997340560 0.044029254 7.483311653 0.998266757 0.058440592 -0.006938444 17.679027557
-0.008832572 0.046363756 -0.998885572 -200.388839722 -0.056012616 0.997333288 0.046786990 7.510353088 0.998391032 0.056363441 -0.006212063 17.664056778
-0.008835834 0.047660068 -0.998824477 -201.330368042 -0.054910619 0.997333288 0.048074659 7.539114952 0.998452127 0.055270851 -0.006195228 17.647714615
-0.007495156 0.043825205 -0.999011040 -202.257568359 -0.050358552 0.997754872 0.044147920 7.571913242 0.998703063 0.050639648 -0.005271355 17.645612717
-0.007296440 0.039931066 -0.999175727 -203.200119019 -0.048901260 0.997992635 0.040240884 7.609456062 0.998777032 0.049154565 -0.005329114 17.638338089
-0.006910903 0.040514056 -0.999155104 -204.160858154 -0.053341314 0.997741461 0.040825684 7.638842106 0.998552382 0.053578388 -0.004734222 17.623041153
-0.005513976 0.044769827 -0.998982131 -205.121734619 -0.054676678 0.997489452 0.045004722 7.665137291 0.998488843 0.054869175 -0.003052268 17.612798691
-0.003552724 0.044642966 -0.998996615 -206.063217163 -0.052428003 0.997620702 0.044767927 7.692786694 0.998618364 0.052534439 -0.001203729 17.609966278
-0.001061163 0.045607895 -0.998958766 -207.025817871 -0.051246017 0.997644365 0.045602322 7.732729435 0.998685479 0.051241051 0.001278560 17.604097366
0.000131454 0.050032396 -0.998747647 -207.996475220 -0.052416123 0.997375011 0.049956739 7.769404888 0.998625278 0.052343912 0.002753614 17.603097916
0.002061691 0.053877983 -0.998545408 -209.012130737 -0.049413908 0.997333169 0.053710550 7.811426640 0.998776257 0.049231298 0.004718514 17.608026505
0.003109105 0.054428618 -0.998512805 -210.002990723 -0.049064737 0.997323394 0.054211002 7.851389885 0.998790801 0.048823226 0.005771309 17.609762192
0.005062363 0.055162571 -0.998464584 -211.016510010 -0.052073441 0.997137129 0.054825220 7.894862175 0.998630404 0.051715940 0.007920375 17.611915588
0.008410656 0.057151437 -0.998330116 -212.049407959 -0.054668956 0.996898532 0.056608915 7.938199520 0.998469114 0.054101538 0.011508982 17.604104996
0.011602222 0.057450332 -0.998281002 -213.077774048 -0.055851273 0.996826828 0.056717534 7.982598305 0.998371720 0.055097215 0.014774080 17.617053986
0.014604201 0.054367729 -0.998414218 -214.101119995 -0.058514353 0.996855855 0.053426962 8.029047966 0.998179734 0.057641298 0.017739575 17.622526169
