1.000000000 0.000000000 0.000000000 0.000000000 0.000000000 1.000000000 0.000000000 0.000000000 0.000000000 0.000000000 1.000000000 0.000000000
0.999933660 -0.002521329 0.011237494 0.015718559 0.002509832 0.999996305 0.001037074 -0.004101775 -0.011240067 -0.001008801 0.999936342 0.295461446
0.999828875 -0.004535329 0.017936118 0.026029777 0.004514739 0.999989092 0.001188261 -0.008808771 -0.017941311 -0.001107081 0.999838412 0.582386553
0.999776602 -0.007485867 0.019767078 0.038219500 0.007487868 0.999971986 -0.000027227 -0.012709158 -0.019766320 0.000175234 0.999804616 0.886200666
0.999815822 -0.008674189 0.017121237 0.050314870 0.008705901 0.999960542 -0.001778595 -0.010160434 -0.017105132 0.001927323 0.999851823 1.201207757
0.999876678 -0.011440760 0.010768093 0.050847381 0.011479046 0.999927938 -0.003500562 -0.009291844 -0.010727268 0.003623737 0.999935865 1.520284414
0.999912620 -0.013133699 -0.001590842 0.046337288 0.013124993 0.999899387 -0.005365518 -0.012875678 0.001661152 0.005344169 0.999984264 1.847382545
0.999756575 -0.012380924 -0.018261606 0.026632544 0.012280309 0.999908805 -0.005611531 -0.018942293 0.018329415 0.005385907 0.999817491 2.183917999
0.999253988 -0.008009803 -0.037780441 -0.005840153 0.007803441 0.999953747 -0.005606449 -0.022519164 0.037823599 0.005307449 0.999270320 2.529723406
0.998329878 -0.004383884 -0.057603709 -0.041477479 0.003992822 0.999968231 -0.006902170 -0.028492421 0.057632130 0.006660641 0.998315632 2.877779961
0.996942282 -0.004068718 -0.078035772 -0.080515996 0.003509477 0.999967217 -0.007302283 -0.031775039 0.078062922 0.007006090 0.996923864 3.241172552
0.995034933 -0.005556509 -0.099370822 -0.126666889 0.004862938 0.999962151 -0.007220483 -0.031466726 0.099407174 0.006701398 0.995024323 3.614503860
0.992898941 -0.007397769 -0.118730329 -0.188221365 0.006758229 0.999960423 -0.005788214 -0.045164865 0.118768431 0.004944706 0.992909610 4.005335808
0.990593970 -0.006243479 -0.136691347 -0.259493858 0.005569268 0.999970376 -0.005314232 -0.048444435 0.136720479 0.004502976 0.990599453 4.403030396
0.988238096 -0.005119432 -0.152837858 -0.329261065 0.004470573 0.999979556 -0.004588761 -0.055965766 0.152858213 0.003851515 0.988240719 4.812304974
0.985996783 -0.004362124 -0.166707858 -0.410275400 0.003581002 0.999981105 -0.004985888 -0.060950320 0.166726470 0.004319088 0.985993743 5.232935429
0.984003842 -0.005836451 -0.178051487 -0.503033936 0.004909428 0.999971926 -0.005646635 -0.068288885 0.178079426 0.004682179 0.984004974 5.661782265
0.982202768 -0.009641796 -0.187576205 -0.594108880 0.008265765 0.999932945 -0.008116662 -0.073439121 0.187641889 0.006421746 0.982216418 6.110762596
0.980587542 -0.008825115 -0.195882604 -0.687840998 0.007040839 0.999927104 -0.009803390 -0.081666857 0.195954844 0.008233905 0.980578363 6.573331356
0.979012072 -0.008569051 -0.203621879 -0.793740809 0.006276422 0.999909401 -0.011902363 -0.085549593 0.203705445 0.010374541 0.978977203 7.046688557
0.977342367 -0.009794476 -0.211437955 -0.898416877 0.006994383 0.999877691 -0.013986945 -0.103218533 0.211549103 0.012191157 0.977291286 7.511073589
0.975514472 -0.013780484 -0.219503820 -1.007682800 0.010573432 0.999819577 -0.015778605 -0.111127600 0.219681665 0.013071349 0.975484073 8.009428024
0.973596334 -0.019918291 -0.227406174 -1.121654034 0.016357547 0.999712527 -0.017532131 -0.122020409 0.227689996 0.013349409 0.973642230 8.520914078
0.971535563 -0.020687841 -0.235988393 -1.248450756 0.016542889 0.999672353 -0.019530864 -0.139526814 0.236315086 0.015070996 0.971559584 9.037278175
0.969504476 -0.016647942 -0.244507447 -1.402225256 0.011055586 0.999645352 -0.024226662 -0.146724418 0.244824037 0.020784684 0.969344795 9.564193726
0.967307746 -0.013550377 -0.253243089 -1.558054924 0.006870708 0.999605238 -0.027242366 -0.164702579 0.253512233 0.024611797 0.967019022 10.104333878
0.964997351 -0.016071564 -0.261766762 -1.710744619 0.008879615 0.999550521 -0.028634401 -0.189152986 0.262109339 0.025307728 0.964706302 10.669562340
0.962624490 -0.018949267 -0.270175934 -1.870592475 0.010986152 0.999460459 -0.030955773 -0.207690582 0.270616680 0.026830589 0.962313235 11.234832764
0.960427105 -0.018423650 -0.277921468 -2.051384926 0.009613053 0.999408126 -0.033031315 -0.232958272 0.278365493 0.029052492 0.960035741 11.812652588
0.958123744 -0.017262753 -0.285833627 -2.243985653 0.006978775 0.999292433 -0.036958583 -0.259457946 0.286269456 0.033416130 0.957566261 12.400563240
0.955663025 -0.018521193 -0.293879420 -2.421837807 0.006434365 0.999095142 -0.042042244 -0.286587626 0.294392198 0.038287286 0.954917371 12.996291161
0.953803718 -0.019970033 -0.299766123 -2.617559433 0.005372879 0.998762608 -0.049440723 -0.319685638 0.300382495 0.045546133 0.952730775 13.607045174
0.952570140 -0.020404682 -0.303634048 -2.827714920 0.002952315 0.998322308 -0.057826713 -0.355975032 0.304304540 0.054187581 0.951032281 14.215466499
0.951380730 -0.020263232 -0.307349890 -3.038494587 -0.000163831 0.997800231 -0.066290975 -0.396410763 0.308017015 0.063118324 0.949284673 14.835865021
0.949972749 -0.019623168 -0.311715543 -3.258427143 -0.004041046 0.997168541 -0.075089268 -0.446543932 0.312306404 0.072592422 0.947203755 15.474085808
0.948616028 -0.019503530 -0.315827936 -3.482044697 -0.006879160 0.996591687 -0.082205310 -0.498560190 0.316354811 0.080153897 0.945248544 16.109869003
0.947193265 -0.017103001 -0.320206732 -3.724918604 -0.012013392 0.995982885 -0.088734254 -0.556512654 0.320438027 0.087895252 0.943182766 16.766006470
0.945582509 -0.016240245 -0.324976712 -3.970723629 -0.015467747 0.995381057 -0.094749145 -0.620856881 0.325014383 0.094619796 0.940963686 17.438770294
0.943928778 -0.013960253 -0.329853714 -4.218348026 -0.020216104 0.994786739 -0.099953540 -0.696714640 0.329529405 0.101017393 0.938725710 18.109254837
0.942133904 -0.011540877 -0.335038066 -4.467920780 -0.024444392 0.994381905 -0.102991067 -0.765570521 0.334344447 0.105221160 0.936558783 18.798627853
0.940385938 -0.010714231 -0.339940369 -4.737210274 -0.026437357 0.994176686 -0.104468770 -0.842839956 0.339080125 0.107228100 0.934626579 19.504447937
0.938141942 -0.010299083 -0.346097738 -5.007756710 -0.027315786 0.994240820 -0.103629269 -0.925799608 0.345171779 0.106672898 0.932457745 20.200635910
0.935908377 -0.010052406 -0.352100015 -5.278651237 -0.027660547 0.994408488 -0.101914085 -1.007499814 0.351155758 0.105121508 0.930397272 20.905979156
0.933409810 -0.010484047 -0.358658701 -5.568677902 -0.027218301 0.994624197 -0.099909775 -1.091474056 0.357778102 0.103018858 0.928106606 21.631088257
0.930105805 -0.009230763 -0.367175639 -5.854958534 -0.028469300 0.994864702 -0.097127423 -1.167937517 0.366186619 0.100792013 0.925066650 22.347030640
0.926883459 -0.007402475 -0.375276089 -6.169594288 -0.028994881 0.995405972 -0.091248393 -1.247962475 0.374227494 0.095457725 0.922410667 23.080644608
0.923272312 -0.003961147 -0.384125590 -6.489685535 -0.031556465 0.995785117 -0.086116768 -1.328724384 0.382847697 0.091630884 0.919255912 23.830484390
0.919640124 -0.000332487 -0.392761797 -6.822540760 -0.034794569 0.995998859 -0.082313605 -1.403081775 0.391217619 0.089364879 0.915949106 24.582902908
0.915901363 0.001109477 -0.401401579 -7.169361115 -0.036500439 0.996083379 -0.080531999 -1.477360725 0.399740130 0.088410705 0.912354887 25.330535889
0.911923110 0.001103433 -0.410359561 -7.515195847 -0.037105840 0.996121585 -0.079780102 -1.547056317 0.408679962 0.087980062 0.908427238 26.070310593
0.908120990 0.001512215 -0.418705016 -7.884603500 -0.037884083 0.996188641 -0.078568153 -1.617082000 0.416990340 0.087211646 0.904717147 26.844118118
0.904055238 0.002136952 -0.427410185 -8.265047073 -0.038705911 0.996288121 -0.076889269 -1.686856866 0.425659388 0.086055465 0.900782168 27.631204605
0.900244653 0.001045286 -0.435382962 -8.630027771 -0.037150726 0.996534348 -0.074424326 -1.760376930 0.433796287 0.083174892 0.897163689 28.382816315
0.896238327 0.000756993 -0.443572015 -9.017538071 -0.035763741 0.996866226 -0.070559487 -1.823683023 0.442128539 0.079101905 0.893456936 29.175140381
0.892659664 0.003742009 -0.450715810 -9.439435959 -0.036824144 0.997228146 -0.064652257 -1.893569589 0.449224621 0.074309684 0.890323102 29.963914871
0.888906419 0.003976168 -0.458071649 -9.865022659 -0.035575114 0.997541606 -0.060376052 -1.958474040 0.456705451 0.069964603 0.886862516 30.770915985
0.885344505 0.002816554 -0.464927137 -10.299755096 -0.033980519 0.997699261 -0.058663793 -2.018323183 0.463692307 0.067736126 0.883403242 31.574855804
0.881745815 0.002450146 -0.471718431 -10.735335350 -0.033544086 0.997780859 -0.057518747 -2.080416679 0.470530629 0.066540278 0.879871190 32.407829285
0.878680646 0.003172676 -0.477399439 -11.196030617 -0.033836812 0.997877002 -0.055646930 -2.137965441 0.476209372 0.065049551 0.876922607 33.235713959
0.875646114 0.000864153 -0.482952505 -11.654298782 -0.030938603 0.998044670 -0.054309275 -2.189859390 0.481961280 0.062497582 0.873960733 34.063472748
0.873154163 0.000048086 -0.487444103 -12.161464691 -0.030406933 0.998057723 -0.054369211 -2.250695705 0.486494750 0.062294386 0.871459842 34.917034149
0.870697260 -0.002185517 -0.491814494 -12.607048035 -0.028446093 0.998092413 -0.054795634 -2.304352760 0.490996003 0.061700609 0.868974090 35.753406525
0.869264662 -0.001762373 -0.494343847 -13.106142044 -0.029312756 0.998050272 -0.055102300 -2.364194155 0.493477136 0.062389057 0.867518246 36.622081757
0.868877470 -0.001405509 -0.495025396 -13.611671448 -0.029410176 0.998082995 -0.054455075 -2.422315359 0.494153112 0.061873566 0.867170393 37.479076385
0.868481696 -0.001628612 -0.495718479 -14.116362572 -0.028284952 0.998202622 -0.052833714 -2.483045340 0.494913578 0.059906490 0.866874754 38.370258331
0.868301570 -0.002422815 -0.496030748 -14.635963440 -0.027092600 0.998263776 -0.052301515 -2.544984341 0.495296240 0.058852252 0.866728365 39.250595093
0.867621899 -0.004710942 -0.497202158 -15.159175873 -0.024984013 0.998278916 -0.053055912 -2.604887724 0.496596426 0.058454577 0.866011083 40.159072876
0.866619468 -0.006939726 -0.498921394 -15.691953659 -0.022666898 0.998323500 -0.053258236 -2.670309067 0.498454481 0.057463620 0.865009248 41.069557190
0.864910543 -0.007379095 -0.501871824 -16.232515335 -0.021395668 0.998441041 -0.051552869 -2.727996349 0.501469851 0.055326499 0.863404274 42.007293701
0.862902641 -0.006688194 -0.505325854 -16.776411057 -0.020073006 0.998669744 -0.047494795 -2.791782856 0.504971206 0.051126797 0.861620605 42.913570404
0.860149026 -0.006689290 -0.509998918 -17.328172684 -0.018017635 0.998891413 -0.043489747 -2.853293896 0.509724438 0.046596631 0.859074950 43.831550598
0.856042206 -0.007089939 -0.516857505 -17.895111084 -0.016423585 0.999028027 -0.040905531 -2.923851252 0.516645074 0.043505497 0.855093718 44.754699707
0.850925207 -0.009794164 -0.525195539 -18.451004028 -0.015516192 0.998921216 -0.043767918 -2.978545427 0.525057673 0.045392267 0.849855244 45.638648987
0.844897270 -0.014127526 -0.534741879 -19.020486832 -0.013286420 0.998788536 -0.047380004 -3.032320499 0.534763455 0.047136046 0.843685985 46.534694672
0.838762701 -0.013920571 -0.544319153 -19.602121353 -0.013439324 0.998839319 -0.046253767 -3.097369671 0.544331253 0.046111222 0.837602079 47.420436859
0.833062410 -0.010776737 -0.553073883 -20.201307297 -0.014353003 0.999052405 -0.041085795 -3.156302214 0.552992582 0.042165298 0.832118630 48.303897858
0.827973425 -0.005199707 -0.560743153 -20.825561523 -0.018493133 0.999159873 -0.036571410 -3.214487553 0.560462177 0.040650066 0.827181756 49.193290710
0.823980451 -0.005358617 -0.566592991 -21.438728333 -0.019790638 0.999073029 -0.038229827 -3.265568733 0.566272557 0.042713869 0.823110521 50.068840027
0.820302725 -0.007788347 -0.571876466 -22.055801392 -0.019997060 0.998905301 -0.042287916 -3.322353601 0.571579754 0.046124745 0.819249094 50.955726624
0.817323625 -0.009899182 -0.576093912 -22.682493210 -0.022719868 0.998521030 -0.049391296 -3.380414486 0.575730860 0.053457446 0.815889955 51.828742981
0.813976169 -0.011304108 -0.580788016 -23.305068970 -0.022518992 0.998445094 -0.050993569 -3.440596104 0.580461442 0.054586314 0.812456131 52.699363708
0.810743153 -0.009810297 -0.585319698 -23.943374634 -0.021803062 0.998659849 -0.046938170 -3.503392220 0.584995747 0.050816569 0.809442818 53.561973572
0.807755709 -0.007081970 -0.589474797 -24.582691193 -0.021607539 0.998900294 -0.041609574 -3.563964367 0.589121163 0.046347477 0.806714416 54.417228699
0.804690003 -0.005163694 -0.593672752 -25.223123550 -0.022310711 0.998992801 -0.038930044 -3.617017746 0.593275845 0.044571877 0.803764343 55.280334473
0.801557064 -0.004976889 -0.597897589 -25.875591278 -0.023530137 0.998928130 -0.039860178 -3.664438725 0.597455144 0.046018813 0.800580740 56.141899109
0.797967613 -0.006224266 -0.602668166 -26.531463623 -0.023304425 0.998880267 -0.041172694 -3.722218990 0.602249622 0.046899319 0.796929002 57.003574371
0.793724120 -0.009057970 -0.608210564 -27.173147202 -0.022058299 0.998802960 -0.043661404 -3.782244205 0.607877851 0.048071206 0.792573988 57.847343445
0.789577544 -0.010132131 -0.613567293 -27.843231201 -0.021437174 0.998798013 -0.044080351 -3.839811325 0.613276362 0.047958001 0.788411140 58.696498871
0.784824431 -0.010370979 -0.619631410 -28.519096375 -0.020937389 0.998845339 -0.043237276 -3.897476435 0.619364440 0.046907134 0.783701062 59.550792694
0.780156612 -0.010021431 -0.625503898 -29.208595276 -0.020988921 0.998889506 -0.042181902 -3.964182138 0.625232041 0.046037141 0.779079854 60.388469696
0.774869204 -0.011357621 -0.632019579 -29.903772354 -0.020826658 0.998837054 -0.043483377 -4.014674664 0.631778419 0.046856795 0.773731530 61.223266602
0.769531250 -0.012762363 -0.638481677 -30.606430054 -0.020278918 0.998807669 -0.044405982 -4.073854446 0.638287127 0.047119509 0.768354952 62.062904358
0.763963699 -0.013783645 -0.645111978 -31.311277390 -0.020006785 0.998785079 -0.045033041 -4.137605190 0.644948959 0.047310229 0.762759805 62.890457153
0.757953465 -0.016105507 -0.652109683 -32.025543213 -0.018140722 0.998788059 -0.045752745 -4.205747604 0.652056336 0.046508189 0.756742656 63.727394104
0.751699209 -0.017839331 -0.659264684 -32.753227234 -0.017411489 0.998748779 -0.046878312 -4.266695976 0.659276187 0.046717171 0.750448167 64.561225891
0.745736063 -0.018842071 -0.665975034 -33.515659332 -0.016565304 0.998766601 -0.046806831 -4.336642742 0.666035533 0.045937616 0.744504094 65.388504028
0.739194870 -0.018783413 -0.673229575 -34.268630981 -0.015466453 0.998873889 -0.044850957 -4.401771069 0.673313975 0.043566067 0.738072097 66.217437744
0.732867718 -0.019107794 -0.680102646 -35.038986206 -0.015267038 0.998892009 -0.044515833 -4.456816673 0.680199862 0.043007374 0.731764078 67.031425476
0.726277769 -0.020736713 -0.687088430 -35.796508789 -0.014203598 0.998878837 -0.045160443 -4.522396088 0.687254608 0.042558152 0.725168943 67.835556030
0.719662786 -0.023112953 -0.693938732 -36.587310791 -0.013102346 0.998815715 -0.046855506 -4.583215714 0.694200099 0.042812392 0.718507767 68.660263062
0.713811398 -0.022415064 -0.699979067 -37.391296387 -0.014677268 0.998789370 -0.046951015 -4.642374039 0.700184107 0.043787953 0.712618232 69.458923340
0.708257377 -0.021670377 -0.705621541 -38.208396912 -0.015091113 0.998835504 -0.045822773 -4.708941936 0.705792844 0.043102931 0.707105696 70.267028809
0.703542113 -0.021266637 -0.710335255 -39.020965576 -0.016033968 0.998822689 -0.045784250 -4.771682739 0.710472584 0.043600649 0.702372730 71.055389404
0.698532045 -0.021694355 -0.715249836 -39.847488403 -0.016908843 0.998760760 -0.046807203 -4.833180428 0.715378881 0.044790376 0.697299659 71.860610962
0.693343043 -0.023988437 -0.720208287 -40.695617676 -0.017035333 0.998620808 -0.049661577 -4.903809071 0.720406294 0.046701491 0.691978157 72.662147522
0.688612878 -0.026878033 -0.724630952 -41.541259766 -0.015594590 0.998532772 -0.051857069 -4.972126484 0.724961460 0.047009766 0.687183380 73.448379517
0.683259964 -0.027185915 -0.729668856 -42.397701263 -0.016323265 0.998488188 -0.052486613 -5.044402599 0.729992628 0.047772579 0.681783378 74.248397827
0.678355873 -0.026468603 -0.734256625 -43.281520844 -0.016741050 0.998534620 -0.051461857 -5.113055229 0.734542787 0.047201682 0.676918685 75.053825378
0.673520803 -0.026554560 -0.738691270 -44.159248352 -0.016007375 0.998596072 -0.050492804 -5.182619095 0.738994956 0.045832459 0.672150195 75.838394165
0.667988360 -0.027762787 -0.743653536 -45.042552948 -0.015420222 0.998573005 -0.051130921 -5.256154060 0.744011819 0.045622174 0.666606963 76.635635376
0.663401186 -0.029096797 -0.747697890 -45.917495728 -0.014338982 0.998565853 -0.051581752 -5.322432995 0.748126447 0.044940628 0.662032604 77.404731750
0.658976436 -0.029486766 -0.751585364 -46.832580566 -0.013737820 0.998592913 -0.051222615 -5.397155762 0.752038121 0.044079643 0.657644033 78.192214966
0.654651105 -0.030230369 -0.755326569 -47.726818085 -0.012408437 0.998635709 -0.050722856 -5.473062992 0.755829394 0.042578194 0.653382719 78.971321106
0.650858700 -0.033489224 -0.758459926 -48.651489258 -0.009343085 0.998597622 -0.052109923 -5.545067787 0.759141386 0.041002553 0.649633050 79.756278992
0.646525919 -0.037770834 -0.761956513 -49.558624268 -0.006827816 0.998447061 -0.055287331 -5.617405891 0.762861609 0.040947191 0.645264030 80.519454956
0.642028332 -0.042384967 -0.765508354 -50.483810425 -0.002381032 0.998355627 -0.057274308 -5.687798500 0.766677082 0.038594432 0.640871763 81.288551331
0.635034680 -0.045655835 -0.771133304 -51.414657593 0.002427096 0.998364866 -0.057110615 -5.765999794 0.772479713 0.034395609 0.634107232 82.066970825
0.626981437 -0.049655925 -0.777450025 -52.343273163 0.007354125 0.998299301 -0.057830833 -5.849843979 0.778999448 0.030541392 0.626280308 82.809547424
0.617982805 -0.050278597 -0.784582257 -53.296798706 0.009921357 0.998372197 -0.056164321 -5.933909893 0.786129057 0.026924463 0.617475688 83.549339294
0.609281838 -0.048675399 -0.791458368 -54.256217957 0.010361040 0.998517632 -0.053433567 -6.016309738 0.792886078 0.024355764 0.608883023 84.285034180
0.600268543 -0.048818335 -0.798307300 -55.238216400 0.009912496 0.998512745 -0.053607896 -6.090211391 0.799737096 0.024265915 0.599859774 85.022979736
0.590897977 -0.050122447 -0.805187881 -56.240245819 0.009380370 0.998427510 -0.055267584 -6.171664238 0.806691825 0.025104543 0.590438962 85.735267639
0.581044257 -0.052412786 -0.812182546 -57.239486694 0.009863006 0.998304307 -0.057367738 -6.251448631 0.813812196 0.025322637 0.580576003 86.436943054
0.571345687 -0.054177575 -0.818919301 -58.270126343 0.010443937 0.998217881 -0.058752950 -6.330116272 0.820643008 0.025015507 0.570893347 87.150932312
0.560554802 -0.054670904 -0.826310754 -59.300216675 0.013206672 0.998281658 -0.057089780 -6.419613838 0.828011990 0.021089144 0.560313702 87.870719910
0.550814867 -0.054877967 -0.832821369 -60.325737000 0.014558137 0.998315871 -0.056154557 -6.499357700 0.834500492 0.018806431 0.550686181 88.529731750
0.540844381 -0.055800237 -0.839269757 -61.385383606 0.014878757 0.998275518 -0.056783807 -6.577568531 0.840991139 0.018223906 0.540741980 89.196266174
0.530362785 -0.056578871 -0.845880747 -62.460403442 0.014244405 0.998224378 -0.057837594 -6.667279720 0.847651124 0.018625839 0.530227005 89.864860535
0.519878983 -0.057374086 -0.852311134 -63.519687653 0.013537616 0.998170018 -0.058935266 -6.750616074 0.854132652 0.019100940 0.519704342 90.519729614
0.509990871 -0.058108479 -0.858214915 -64.601951599 0.012956919 0.998121381 -0.059881754 -6.841723442 0.860082150 0.019419322 0.509785712 91.157936096
0.500251532 -0.058070734 -0.863930643 -65.695037842 0.011759169 0.998112142 -0.060280949 -6.928918839 0.865800261 0.019996528 0.499989986 91.787261963
0.491841763 -0.056034394 -0.868879616 -66.818664551 0.011140803 0.998250306 -0.058071155 -7.018333912 0.870613337 0.018881800 0.491605461 92.406234741
0.484150171 -0.054705679 -0.873273075 -67.936332703 0.011676680 0.998358727 -0.056067932 -7.100934982 0.874907017 0.016948367 0.483994305 93.018417358
0.476254731 -0.054523077 -0.877615333 -69.040344238 0.011580444 0.998378098 -0.055741280 -7.191920757 0.879231095 0.016383871 0.476113677 93.620391846
0.468308926 -0.057582043 -0.881686509 -70.140808105 0.013320536 0.998220861 -0.058117576 -7.277687073 0.883464396 0.015472441 0.468242764 94.207626343
0.461293846 -0.060745966 -0.885165453 -71.279563904 0.016152810 0.998063087 -0.060075916 -7.368597031 0.887100339 0.013414741 0.461381614 94.799049377
0.455247700 -0.063914984 -0.888067782 -72.411697388 0.017335244 0.997867346 -0.062930830 -7.461995125 0.890196085 0.013254239 0.455384761 95.377456665
0.449541926 -0.067718603 -0.890688598 -73.552688599 0.019500865 0.997628629 -0.066006854 -7.556094646 0.893046439 0.012303652 0.449796498 95.959701538
0.444858193 -0.068603173 -0.892969668 -74.687057495 0.022582330 0.997604132 -0.065391779 -7.659138203 0.895316243 0.008924727 0.445341587 96.523666382
0.440579385 -0.066099077 -0.895276964 -75.834899902 0.024153572 0.997797370 -0.061781920 -7.755439281 0.897388637 0.005595699 0.441205472 97.090469360
0.436455041 -0.064590879 -0.897404671 -76.971229553 0.027939690 0.997911751 -0.058236364 -7.852498055 0.899292171 0.000344346 0.437348306 97.652153015
0.433369517 -0.063720576 -0.898960829 -78.118202209 0.028222974 0.997967601 -0.057132740 -7.939018250 0.900774300 -0.000611762 0.434287101 98.199790955
0.430590481 -0.063684739 -0.900297761 -79.248367310 0.029989367 0.997966230 -0.056250364 -8.026488304 0.902049005 -0.002778489 0.431624562 98.735473633
0.428156108 -0.062505811 -0.901540577 -80.395416260 0.031424202 0.998031616 -0.054271899 -8.121963501 0.903158247 -0.005093352 0.429277539 99.271453857
0.425341249 -0.062036395 -0.902904391 -81.530105591 0.034292098 0.998036265 -0.052418318 -8.203563690 0.904383123 -0.008666804 0.426633388 99.815795898
0.423115462 -0.063178346 -0.903870463 -82.658294678 0.036782816 0.997941375 -0.052535087 -8.285127640 0.905328870 -0.011018493 0.424568325 100.346321106
0.420468092 -0.063385077 -0.905090570 -83.764816284 0.038439550 0.997905552 -0.052027639 -8.367356300 0.906492651 -0.012915318 0.422023952 100.871612549
0.418305397 -0.062610634 -0.906145990 -84.867271423 0.041714441 0.997893095 -0.049693249 -8.445837975 0.907348096 -0.017012421 0.420035839 101.388542175
0.416066736 -0.062124602 -0.907209456 -85.984237671 0.043628227 0.997878373 -0.048324615 -8.523664474 0.908286870 -0.019473674 0.417894334 101.898696899
0.414421707 -0.063956045 -0.907834888 -87.081077576 0.046249706 0.997718751 -0.049175527 -8.597453117 0.908908963 -0.021607690 0.416434288 102.400497437
0.413104206 -0.064357936 -0.908406794 -88.150375366 0.047286846 0.997669995 -0.049177956 -8.686758041 0.909455240 -0.022640072 0.415184945 102.887695312
0.412213922 -0.065090716 -0.908758998 -89.240470886 0.047182485 0.997631311 -0.050054274 -8.772683144 0.909864545 -0.022244442 0.414308637 103.383728027
0.412701011 -0.065989040 -0.908473015 -90.296279907 0.045963902 0.997610390 -0.051583249 -8.845127106 0.909706116 -0.020468511 0.414747953 103.861831665
0.414938867 -0.065763101 -0.907469451 -91.330947876 0.043702081 0.997673750 -0.052317362 -8.924881935 0.908799171 -0.017949799 0.416847676 104.333801270
0.419392884 -0.065449320 -0.905442476 -92.366989136 0.042239826 0.997724235 -0.052554742 -9.013869286 0.906821609 -0.016204648 0.421202958 104.802902222
0.424295634 -0.066190064 -0.903101325 -93.390052795 0.040810380 0.997709274 -0.053950496 -9.087617874 0.904603601 -0.013964959 0.426024884 105.280105591
0.430194706 -0.066337645 -0.900295436 -94.400856018 0.040712256 0.997707307 -0.054061532 -9.167410851 0.901817739 -0.013396072 0.431909144 105.757911682
0.437073469 -0.065187737 -0.897060335 -95.429977417 0.040013593 0.997791886 -0.053011946 -9.249157906 0.898535311 -0.012724490 0.438716799 106.255096436
0.445657372 -0.063997298 -0.892913163 -96.432258606 0.038781002 0.997885227 -0.052165121 -9.321436882 0.894363225 -0.011380286 0.447196782 106.741531372
0.454124153 -0.063811652 -0.888650298 -97.409317017 0.038510840 0.997905493 -0.051976912 -9.394118309 0.890105724 -0.010618693 0.455630422 107.245597839
0.463940382 -0.062821552 -0.883636117 -98.417015076 0.036891747 0.997987151 -0.051581785 -9.466426849 0.885097921 -0.008667996 0.465324193 107.755645752
0.473295599 -0.063026831 -0.878646135 -99.386520386 0.035699334 0.997990012 -0.052357618 -9.546115875 0.880180001 -0.006586443 0.474594444 108.282249451
0.483971268 -0.065007225 -0.872665882 -100.348800659 0.034335870 0.997879565 -0.055292435 -9.613559723 0.874410033 -0.003203794 0.485177070 108.804718018
0.495683610 -0.066198327 -0.865976632 -101.305618286 0.032752495 0.997806430 -0.057528403 -9.684161186 0.867885470 0.000152985 0.496764451 109.341751099
0.507858992 -0.064309694 -0.859036386 -102.254051208 0.030160107 0.997925580 -0.056876756 -9.762013435 0.860912085 0.002976744 0.508745074 109.897293091
0.520661175 -0.061827414 -0.851521671 -103.180625916 0.028383393 0.998076737 -0.055113517 -9.834941864 0.853291512 0.004526395 0.521414757 110.450851440
0.533045471 -0.059422310 -0.843997359 -104.091796875 0.027651306 0.998221278 -0.052816771 -9.912531853 0.845634699 0.004816112 0.533740520 111.022308350
0.544924855 -0.059053589 -0.836402714 -104.996490479 0.028113572 0.998242676 -0.052163895 -9.983303070 0.838013351 0.004911145 0.545627654 111.605102539
0.556623638 -0.058330081 -0.828714430 -105.872253418 0.027708579 0.998280525 -0.051654145 -10.070249557 0.830302477 0.005789424 0.557282865 112.185440063
0.568127513 -0.059859846 -0.820760489 -106.752403259 0.027614482 0.998175979 -0.053684488 -10.131384850 0.822476983 0.007834762 0.568744302 112.779891968
0.577908397 -0.061468977 -0.813783348 -107.595962524 0.030422717 0.998089015 -0.053785753 -10.211534500 0.815534353 0.006325740 0.578674078 113.400497437
0.589925766 -0.060510729 -0.805186927 -108.456665039 0.030649688 0.998147488 -0.052556232 -10.297491074 0.806875587 0.006325549 0.590687573 114.005928040
0.600559890 -0.058445238 -0.797440886 -109.286895752 0.029857017 0.998268545 -0.050678510 -10.364077568 0.799022079 0.006626279 0.601265132 114.625427246
0.610519886 -0.054928135 -0.790093839 -110.088523865 0.029831812 0.998479128 -0.046363696 -10.440808296 0.791438937 0.004736029 0.611229956 115.244781494
0.620598972 -0.053186465 -0.782322288 -110.901901245 0.028301951 0.998566210 -0.045436569 -10.506694794 0.783617198 0.006056649 0.621214449 115.870651245
0.630335689 -0.052898705 -0.774518430 -111.679275513 0.026683830 0.998562515 -0.046484239 -10.570635796 0.775863886 0.008633561 0.630841076 116.507987976
0.640005052 -0.051970083 -0.766611099 -112.443466187 0.024325939 0.998580277 -0.047387227 -10.636006355 0.767985463 0.011679528 0.640360653 117.139251709
0.649486840 -0.051354196 -0.758636594 -113.223129272 0.024225093 0.998607874 -0.046858806 -10.703523636 0.759986639 0.012056140 0.649826705 117.786964417
0.658556938 -0.049091052 -0.750927925 -113.962936401 0.023664359 0.998727381 -0.044537228 -10.765848160 0.752158701 0.011560068 0.658880472 118.440010071
0.667309999 -0.047437392 -0.743267775 -114.691123962 0.023919009 0.998819768 -0.042272795 -10.827168465 0.744395792 0.010430830 0.667657137 119.086044312
0.675183713 -0.046813864 -0.736162543 -115.405090332 0.024181606 0.998852432 -0.041340213 -10.886194229 0.737253010 0.010110643 0.675540984 119.752517700
0.683044672 -0.045957398 -0.728929281 -116.105941772 0.022951061 0.998876095 -0.041470625 -10.938881874 0.730015934 0.011596583 0.683331728 120.404724121
0.690194190 -0.044937190 -0.722227395 -116.792655945 0.022500295 0.998920083 -0.040650744 -10.995552063 0.723274171 0.011806576 0.690459967 121.066680908
0.697594464 -0.042183872 -0.715249717 -117.472038269 0.021339834 0.999045730 -0.038108461 -11.045881271 0.716174960 0.011320945 0.697829068 121.719940186
0.704919755 -0.039632421 -0.708178937 -118.133834839 0.020344613 0.999156654 -0.035665669 -11.093889236 0.708995283 0.010733810 0.705131710 122.383674622
0.712628126 -0.038116716 -0.700505674 -118.787353516 0.019415103 0.999212027 -0.034619167 -11.143896103 0.701273263 0.011070199 0.712806582 123.035041809
0.719838321 -0.036936667 -0.693158269 -119.423362732 0.018760564 0.999253631 -0.033765059 -11.199221611 0.693888068 0.011301344 0.719994128 123.695869446
0.727871716 -0.034156933 -0.684862018 -120.047294617 0.016051603 0.999333620 -0.032781292 -11.239223480 0.685525358 0.012867443 0.727935135 124.352378845
0.736777127 -0.031067003 -0.675421596 -120.650527954 0.015129639 0.999451101 -0.029467205 -11.289505005 0.675966382 0.011491877 0.736842871 125.006469727
0.746326864 -0.027222957 -0.665022671 -121.236389160 0.013144558 0.999571145 -0.026166247 -11.328592300 0.665449917 0.010787142 0.746364594 125.658340454
0.756228864 -0.024959885 -0.653831005 -121.813896179 0.011326961 0.999621809 -0.025059488 -11.373517990 0.654209197 0.011544789 0.756225526 126.324150085
0.765941203 -0.023961734 -0.642464101 -122.362457275 0.009678152 0.999621809 -0.025744278 -11.409391403 0.642837882 0.013500735 0.765883148 126.982917786
0.775961280 -0.025317531 -0.630272269 -122.910789490 0.009967977 0.999561608 -0.027879486 -11.443544388 0.630701780 0.015350861 0.775873423 127.654411316
0.785973430 -0.024405004 -0.617778420 -123.440139771 0.009615458 0.999582231 -0.027254621 -11.480016708 0.618185520 0.015481182 0.785879791 128.331436157
0.796144187 -0.022860443 -0.604674935 -123.958724976 0.009183813 0.999627471 -0.025700234 -11.514399529 0.605037212 0.014907874 0.796057582 129.016189575
0.806270659 -0.020513976 -0.591191053 -124.463195801 0.008894491 0.999705970 -0.022558825 -11.552138329 0.591480017 0.012930178 0.806216002 129.703475952
0.815904021 -0.019052222 -0.577873409 -124.956062317 0.008976749 0.999753892 -0.020287087 -11.581038475 0.578117669 0.011364892 0.815874398 130.395462036
0.825066447 -0.017903686 -0.564751983 -125.442405701 0.009657576 0.999798715 -0.017586378 -11.604267120 0.564953089 0.009055796 0.825073421 131.107055664
0.833296955 -0.016644167 -0.552574754 -125.906593323 0.009937320 0.999836147 -0.015130436 -11.639802933 0.552736044 0.007117034 0.833325863 131.800491333
0.840551078 -0.017312652 -0.541455567 -126.362457275 0.011721362 0.999836445 -0.013772905 -11.662042618 0.541605353 0.005230235 0.840616524 132.517364502
0.847161829 -0.016666103 -0.531073511 -126.811645508 0.011328653 0.999847233 -0.013305798 -11.685338974 0.531214237 0.005255815 0.847221196 133.236663818
0.853761792 -0.016129842 -0.520413816 -127.250778198 0.010760630 0.999853134 -0.013336422 -11.705687523 0.520552576 0.005786147 0.853810012 133.963836670
0.860747516 -0.014038136 -0.508838594 -127.697357178 0.008984105 0.999882877 -0.012387913 -11.729848862 0.508952975 0.006091407 0.860772848 134.696899414
0.866878688 -0.012692998 -0.498357475 -128.120239258 0.007883210 0.999899864 -0.011754492 -11.755990028 0.498456836 0.006261064 0.866891921 135.441619873
0.872735918 -0.013431841 -0.488007784 -128.537155151 0.008751637 0.999891341 -0.011869707 -11.773887634 0.488114148 0.006088252 0.872758508 136.194946289
0.877919257 -0.014719411 -0.478582352 -128.948913574 0.009775129 0.999870002 -0.012820624 -11.797645569 0.478708863 0.006577269 0.877948999 136.940536499
0.882284582 -0.014975806 -0.470478058 -129.362121582 0.009942830 0.999863625 -0.013180976 -11.823582649 0.470611304 0.006951489 0.882313251 137.716369629
0.885676682 -0.014519497 -0.464075446 -129.762344360 0.009760624 0.999872267 -0.012655028 -11.837874413 0.464199930 0.006678597 0.885705292 138.492401123
0.888883471 -0.012664082 -0.457958311 -130.172622681 0.009479064 0.999912202 -0.009252346 -11.857199669 0.458035350 0.003883240 0.888925433 139.285446167
0.891967297 -0.008674433 -0.452016801 -130.579803467 0.007163651 0.999961555 -0.005053698 -11.871114731 0.452043325 0.001269642 0.891995072 140.087341309
0.895390391 -0.005743896 -0.445244938 -130.993331909 0.005408576 0.999983311 -0.002023636 -11.893812180 0.445249140 -0.000596196 0.895406544 140.900802612
0.898714304 -0.002947216 -0.438524693 -131.399871826 0.003408596 0.999994159 0.000264877 -11.903665543 0.438521355 -0.001732803 0.898719132 141.724884033
0.901975393 -0.001410689 -0.431785166 -131.802520752 0.002758782 0.999993145 0.002495858 -11.910432816 0.431778640 -0.003442403 0.901973009 142.561370850
0.905291438 0.000282463 -0.424790949 -132.212341309 0.002165306 0.999983728 0.005279517 -11.916591644 0.424785525 -0.005699304 0.905276060 143.424285889
0.908816457 -0.000092704 -0.417196214 -132.611511230 0.003350950 0.999969363 0.007077476 -11.920422554 0.417182744 -0.007830131 0.908788860 144.285446167
0.912234247 -0.000586318 -0.409668833 -133.006713867 0.004358176 0.999956250 0.008273474 -11.925268173 0.409646094 -0.009332756 0.912196875 145.182632446
0.915975094 -0.000823667 -0.401234239 -133.411895752 0.004421428 0.999957919 0.008040902 -11.922489166 0.401210785 -0.009139294 0.915940166 146.090896606
0.919849277 -0.003538551 -0.392255962 -133.798431396 0.007073024 0.999946296 0.007565863 -11.923203468 0.392208159 -0.009733888 0.919824958 147.006576538
0.923888564 -0.005008450 -0.382628858 -134.184448242 0.007927689 0.999950290 0.006053123 -11.923072815 0.382579505 -0.008625773 0.923882306 147.938049316
0.928481400 -0.005658233 -0.371336132 -134.576370239 0.007811688 0.999960244 0.004295292 -11.934126854 0.371297151 -0.006888860 0.928488553 148.888488770
0.933792830 -0.003743991 -0.357794553 -134.954040527 0.005390917 0.999978900 0.003605666 -11.934117317 0.357773513 -0.005295786 0.933793306 149.857711792
0.939954281 -0.000171189 -0.341300398 -135.315216064 0.001892143 0.999987125 0.004709460 -11.937402725 0.341295242 -0.005072467 0.939942479 150.826965332
0.946348667 0.003690904 -0.323126286 -135.660415649 -0.001241393 0.999968886 0.007786423 -11.950909615 0.323144972 -0.006967545 0.946323752 151.812301636
0.952925026 0.006767217 -0.303130597 -135.995162964 -0.004096456 0.999947011 0.009445569 -11.951056480 0.303178519 -0.007759158 0.952902138 152.837005615
0.959394336 0.008139377 -0.281950891 -136.309265137 -0.005515180 0.999933779 0.010099648 -11.951446533 0.282014430 -0.008134536 0.959375679 153.869384766
0.965413392 0.010093858 -0.260528505 -136.603591919 -0.007359718 0.999907136 0.011468032 -11.950355530 0.260619998 -0.009153975 0.965398014 154.926467896
0.970985711 0.010752999 -0.238895610 -136.865356445 -0.007525123 0.999867737 0.014419647 -11.950406075 0.239019021 -0.012203552 0.970938206 155.990692139
0.976119339 0.013486506 -0.216816038 -137.118377686 -0.009843492 0.999791741 0.017873570 -11.946907043 0.217011914 -0.015312508 0.976048887 157.080261230
0.980817556 0.015350141 -0.194322690 -137.346374512 -0.011275795 0.999693274 0.022055740 -11.940344810 0.194601640 -0.019441513 0.980689585 158.187316895
0.984962523 0.017474236 -0.171882272 -137.550643921 -0.013325016 0.999592006 0.025264196 -11.927600861 0.172253624 -0.022593949 0.984793484 159.314300537
0.988550603 0.019523412 -0.149621412 -137.732925415 -0.015909409 0.999552965 0.025313418 -11.915925980 0.150048733 -0.022643207 0.988419294 160.457000732
0.991633832 0.018582374 -0.127738044 -137.887237549 -0.015759692 0.999609530 0.023072800 -11.898262024 0.128116935 -0.020866657 0.991539598 161.618209839
0.994134545 0.019000266 -0.106468484 -138.036987305 -0.016746784 0.999617219 0.022020036 -11.874762535 0.106846116 -0.020107871 0.994072199 162.815322876
0.996112883 0.017747264 -0.086279936 -138.137664795 -0.015772074 0.999598980 0.023520904 -11.856886864 0.086662754 -0.022068659 0.995993257 164.006591797
0.997657359 0.018454202 -0.065872945 -138.234115601 -0.016800322 0.999531686 0.025573427 -11.844949722 0.066314034 -0.024406828 0.997500241 165.204818726
0.998775959 0.019278780 -0.045550138 -138.296768188 -0.018080771 0.999483466 0.026568126 -11.828912735 0.046038814 -0.025712024 0.998608649 166.422683716
0.999470651 0.020528780 -0.025235822 -138.327835083 -0.019850852 0.999442935 0.026826821 -11.807085037 0.025772486 -0.026311671 0.999321520 167.640686035
0.999756575 0.021571167 -0.004629286 -138.344833374 -0.021435097 0.999387324 0.027666176 -11.791732788 0.005223241 -0.027560214 0.999606490 168.881942749
0.999596953 0.023596913 0.015779378 -138.331390381 -0.024017746 0.999345899 0.027034333 -11.773015976 -0.015131133 -0.027402427 0.999509931 170.132629395
0.999062657 0.024648454 0.035584744 -138.295379639 -0.025564952 0.999347031 0.025534267 -11.750850677 -0.034932129 -0.026420055 0.999040425 171.406036377
0.998178899 0.024806321 0.054986354 -138.228561401 -0.026106415 0.999393344 0.023053076 -11.730983734 -0.054381136 -0.024446595 0.998220921 172.692871094
0.996911407 0.026901186 0.073782466 -138.138809204 -0.028479528 0.999385715 0.020423707 -11.717262268 -0.073187724 -0.022461925 0.997065127 173.980834961
0.995305121 0.027039496 0.092933320 -138.026290894 -0.028895009 0.999407947 0.018678596 -11.707237244 -0.092373237 -0.021276211 0.995497108 175.279678345
0.993354321 0.027169747 0.111843809 -137.886993408 -0.029067842 0.999459207 0.015375156 -11.695634842 -0.111365587 -0.018524036 0.993606865 176.592834473
0.991047621 0.028333547 0.130467638 -137.723266602 -0.029892972 0.999503016 0.010009333 -11.692324638 -0.130119219 -0.013819791 0.991402030 177.906051636
0.988444865 0.030203804 0.148540989 -137.539962769 -0.031069228 0.999511063 0.003508651 -11.700518608 -0.148362383 -0.008083162 0.988900006 179.230682373
0.985639572 0.032264635 0.165751845 -137.325942993 -0.032411035 0.999472976 -0.001822192 -11.707190514 -0.165723309 -0.003576164 0.986165822 180.552673340
0.982457042 0.034654770 0.183240876 -137.088043213 -0.034119550 0.999399304 -0.006073763 -11.725152016 -0.183341309 -0.000284886 0.983049273 181.898803711
0.978874266 0.036804978 0.201123253 -136.830383301 -0.035723504 0.999321163 -0.009005287 -11.747504234 -0.201318190 0.001630217 0.979524553 183.238983154
0.975147784 0.036161765 0.218584195 -136.538681030 -0.035090532 0.999345541 -0.008782144 -11.775299072 -0.218758702 0.000893650 0.975778580 184.607666016
0.971326768 0.035089161 0.235144973 -136.214767456 -0.033748586 0.999383032 -0.009724270 -11.800910950 -0.235341117 0.001509633 0.971911669 185.957885742
0.966928601 0.035567001 0.252555013 -135.873641968 -0.032939196 0.999350250 -0.014626725 -11.837100029 -0.252911240 0.005824039 0.967471898 187.323318481
0.962466300 0.036831167 0.268890560 -135.506744385 -0.032885130 0.999275327 -0.019166315 -11.868530273 -0.269401610 0.009604429 0.962979972 188.672637939
0.957581699 0.039091356 0.285498112 -135.109191895 -0.035065800 0.999200523 -0.019200634 -11.908745766 -0.286020428 0.008374962 0.958187044 190.048965454
0.952188849 0.041063532 0.302737892 -134.686279297 -0.036755480 0.999125779 -0.019916520 -11.951714516 -0.303291082 0.007837012 0.952865720 191.415618896
0.946330905 0.044664603 0.320098341 -134.242828369 -0.039355852 0.998959601 -0.023038145 -11.995935440 -0.320794314 0.009203970 0.947104156 192.788391113
0.940326631 0.045259301 0.337249577 -133.767456055 -0.038339090 0.998895764 -0.027155105 -12.045224190 -0.338106185 0.012604824 0.941023529 194.157989502
0.933930218 0.046209734 0.354455888 -133.265457153 -0.038242482 0.998834312 -0.029453756 -12.102142334 -0.355403811 0.013952482 0.934608757 195.529510498
0.927174211 0.046733938 0.371703893 -132.736190796 -0.036461063 0.998735130 -0.034621820 -12.169775009 -0.372851789 0.018547742 0.927705526 196.899414062
0.919099331 0.050202977 0.390814632 -132.184158325 -0.037181750 0.998474479 -0.040819030 -12.238889694 -0.392267615 0.022985566 0.919563890 198.269775391
0.909537554 0.054042425 0.412093163 -131.591720581 -0.039193962 0.998244405 -0.044405427 -12.316083908 -0.413769454 0.024236839 0.910058975 199.640213013
0.898318410 0.056743860 0.435665160 -130.973937988 -0.040881902 0.998118103 -0.045705091 -12.402462006 -0.437438756 0.023246907 0.898947656 200.982452393
