1.000000000 -0.000000000 0.000000000 0.000000000 -0.000000000 1.000000000 0.000000000 0.000000000 0.000000000 0.000000000 1.000000000 0.000000000
0.999933720 -0.002507356 0.011237862 0.015716366 0.002496482 0.999996424 0.000981588 -0.003713317 -0.011240283 -0.000953467 0.999936342 0.295431733
0.999828219 -0.004541486 0.017968545 0.025754925 0.004520914 0.999989092 0.001185357 -0.008705765 -0.017973732 -0.001103919 0.999837875 0.582599819
0.999776661 -0.007455767 0.019773245 0.038191445 0.007457506 0.999972165 -0.000014203 -0.012863615 -0.019772589 0.000161659 0.999804497 0.886663973
0.999814928 -0.008674125 0.017171385 0.050354365 0.008706432 0.999960482 -0.001807556 -0.009711106 -0.017155027 0.001956723 0.999850929 1.203143477
0.999883592 -0.011470732 0.010060047 0.056870461 0.011505429 0.999928057 -0.003397874 -0.010578543 -0.010020347 0.003513223 0.999943614 1.520090580
0.999912679 -0.013027436 -0.002205853 0.059217721 0.013014575 0.999898851 -0.005747118 -0.007834596 0.002280500 0.005717908 0.999981046 1.857116818
0.999748468 -0.012217973 -0.018814649 0.040152457 0.012105131 0.999908149 -0.006099800 -0.010370322 0.018887453 0.005870511 0.999804378 2.195202827
0.999233246 -0.007563066 -0.038415473 0.007126012 0.007340717 0.999955475 -0.005925761 -0.017055210 0.038458586 0.005639219 0.999244332 2.539604664
0.998286664 -0.004253074 -0.058357507 -0.029767012 0.003833752 0.999966145 -0.007295461 -0.020156991 0.058386549 0.007059234 0.998269022 2.886296511
0.996897221 -0.003956711 -0.078614771 -0.072688073 0.003370560 0.999965549 -0.007587284 -0.025575638 0.078642070 0.007298766 0.996876180 3.250451326
0.994945049 -0.005465052 -0.100271590 -0.113581553 0.004722642 0.999959588 -0.007639869 -0.021874983 0.100309290 0.007127703 0.994930804 3.627445459
0.992804229 -0.007409574 -0.119519413 -0.175136656 0.006725333 0.999958575 -0.006127265 -0.037348073 0.119559854 0.005279366 0.992812932 4.008841515
0.990491092 -0.006089045 -0.137442246 -0.245726228 0.005357453 0.999969363 -0.005692214 -0.040706366 0.137472689 0.004901745 0.990493417 4.406970501
0.988112092 -0.005035767 -0.153652996 -0.316369742 0.004343992 0.999978721 -0.004837588 -0.049965110 0.153674111 0.004112610 0.988112926 4.817958355
0.985959947 -0.004007709 -0.166933805 -0.400108010 0.003210512 0.999982119 -0.005045121 -0.054465815 0.166951075 0.004438343 0.985955179 5.233640194
0.983774722 -0.005816864 -0.179314032 -0.484809071 0.004802493 0.999969900 -0.006090535 -0.058054615 0.179344073 0.005130558 0.983773053 5.665192127
0.981890082 -0.009633267 -0.189206451 -0.572187483 0.008194574 0.999931216 -0.008384673 -0.065619290 0.189274222 0.006682360 0.981901526 6.120290756
0.980363548 -0.008584390 -0.197011933 -0.672258496 0.006738338 0.999926925 -0.010038696 -0.076521732 0.197083712 0.008514037 0.980349660 6.574717045
0.978898764 -0.008263694 -0.204178199 -0.783626318 0.005952249 0.999911129 -0.011932277 -0.081475228 0.204258606 0.010465175 0.978861034 7.039023876
0.977145493 -0.009135723 -0.212374866 -0.893375456 0.006105048 0.999870062 -0.014921801 -0.089699015 0.212483570 0.013284214 0.977074325 7.523165226
0.975399673 -0.012974883 -0.220061600 -1.010245562 0.009583412 0.999818444 -0.016472071 -0.101959340 0.220235363 0.013957913 0.975346923 8.019371033
0.973363280 -0.019450771 -0.228441864 -1.118655920 0.015724588 0.999712169 -0.018120300 -0.111301549 0.228728577 0.014045481 0.973388910 8.540101051
0.971345603 -0.020183569 -0.236812860 -1.242733717 0.015913919 0.999674737 -0.019927505 -0.132705480 0.237138033 0.015587871 0.971350908 9.039306641
0.969217956 -0.016248306 -0.245667636 -1.391981244 0.010498257 0.999639809 -0.024697414 -0.139971346 0.245980427 0.021358097 0.969039500 9.564341545
0.966954350 -0.013365879 -0.254599005 -1.547871351 0.006534639 0.999596000 -0.027658321 -0.157975167 0.254865825 0.025080621 0.966651082 10.109435081
0.964661956 -0.015658718 -0.263024926 -1.706212878 0.008117096 0.999524832 -0.029734915 -0.175720468 0.263365567 0.026549144 0.964330733 10.681438446
0.962285995 -0.019001184 -0.271375388 -1.860600471 0.010843107 0.999444067 -0.031529933 -0.197555065 0.271823585 0.027398271 0.961956918 11.241997719
0.960073411 -0.018644840 -0.279126167 -2.038610697 0.009598550 0.999384463 -0.033741198 -0.221868530 0.279583454 0.029714826 0.959661424 11.814654350
0.957830906 -0.017304227 -0.286810905 -2.231162548 0.006874962 0.999279320 -0.037330195 -0.249686837 0.287250161 0.033784203 0.957259595 12.401073456
0.955314994 -0.018727571 -0.294995606 -2.410905123 0.006437553 0.999072373 -0.042577941 -0.276758969 0.295519352 0.038776301 0.954549491 13.009378433
0.953518093 -0.020327849 -0.300649256 -2.608919144 0.005490863 0.998728395 -0.050112754 -0.309669554 0.301285654 0.046132594 0.952417374 13.615907669
0.952168107 -0.020816218 -0.304864824 -2.818015337 0.003078834 0.998279929 -0.058546752 -0.346112847 0.305559158 0.054807726 0.950594425 14.230938911
0.950882673 -0.021225873 -0.308823019 -3.021364212 0.000598663 0.997770607 -0.066734955 -0.388214707 0.309550941 0.063272238 0.948775411 14.843822479
0.949486554 -0.020317074 -0.313149542 -3.240539551 -0.003570251 0.997138023 -0.075519279 -0.439567238 0.313787580 0.072822571 0.946696520 15.481955528
0.948167920 -0.020145245 -0.317130715 -3.470002651 -0.006487377 0.996553421 -0.082700707 -0.490564615 0.317703635 0.080471501 0.944769144 16.117149353
0.946629643 -0.018366741 -0.321799636 -3.708153486 -0.011032080 0.995944023 -0.089296371 -0.547510743 0.322134495 0.088080704 0.942587495 16.775039673
0.945063174 -0.017319089 -0.326428533 -3.952842474 -0.014615644 0.995358109 -0.095124654 -0.613709271 0.326560736 0.094669759 0.940423191 17.444702148
0.943401277 -0.015540628 -0.331289351 -4.205386162 -0.018923322 0.994751990 -0.100550637 -0.687021971 0.331113338 0.101128690 0.938156188 18.118831635
0.941525340 -0.012983523 -0.336691886 -4.455835819 -0.023352353 0.994340003 -0.103646293 -0.757574558 0.336131990 0.105448171 0.935893178 18.817310333
0.939818084 -0.012134524 -0.341459543 -4.727456570 -0.025345445 0.994139791 -0.105088644 -0.836419344 0.340733767 0.107418671 0.934003115 19.517845154
0.937458456 -0.011710080 -0.347900033 -4.997452259 -0.026290985 0.994197428 -0.104308218 -0.917627394 0.347102791 0.106931277 0.931711018 20.223476410
0.935144246 -0.011722288 -0.354073048 -5.265532970 -0.026380032 0.994373560 -0.102593124 -1.000961661 0.353283554 0.105279848 0.929573536 20.929048538
0.932615399 -0.012111968 -0.360668689 -5.555585384 -0.026034832 0.994574070 -0.100720502 -1.082652092 0.359931678 0.103323445 0.927239776 21.649757385
0.929404199 -0.011051251 -0.368897885 -5.842841148 -0.027052065 0.994822800 -0.097957551 -1.158704638 0.368070632 0.101021610 0.924293518 22.352119446
0.926077068 -0.009258703 -0.377220750 -6.156604767 -0.027483173 0.995388567 -0.091902532 -1.240403652 0.376332164 0.095476046 0.921552122 23.090332031
0.922433197 -0.005811467 -0.386112839 -6.476283073 -0.030101761 0.995762110 -0.086901285 -1.319587350 0.384981483 0.091783315 0.918349147 23.832563400
0.918892205 -0.001960939 -0.394503802 -6.813950062 -0.033593353 0.995966792 -0.083197422 -1.392886758 0.393075764 0.089702167 0.915120244 24.577552795
0.915043831 -0.000395379 -0.403354526 -7.154798985 -0.035490375 0.996042132 -0.081489258 -1.466105223 0.401790321 0.088881455 0.911408007 25.318666458
0.910854936 -0.001485874 -0.412724108 -7.503435135 -0.035011169 0.996110857 -0.080853514 -1.535146236 0.411239088 0.088095769 0.907260418 26.083515167
0.907157481 -0.000641121 -0.420790792 -7.873201370 -0.036452159 0.996119857 -0.080102719 -1.604358554 0.419209361 0.088004522 0.903614223 26.846328735
0.903192520 0.000419063 -0.429235607 -8.255831718 -0.037490416 0.996254921 -0.077914223 -1.681798935 0.427595377 0.086463757 0.899825633 27.622102737
0.899275601 -0.000422991 -0.437382370 -8.640847206 -0.036251951 0.996486723 -0.075499140 -1.753744602 0.435877591 0.083750494 0.896100760 28.411746979
0.895464897 -0.000016567 -0.445132077 -9.043119431 -0.035472151 0.996817112 -0.071395829 -1.827297449 0.443716526 0.079722263 0.892614126 29.189262390
0.891447604 0.001463087 -0.453121394 -9.444541931 -0.035107322 0.997211814 -0.065848418 -1.887098193 0.451761663 0.074608296 0.889013529 29.986026764
0.887823105 0.002178129 -0.460179478 -9.870491028 -0.034000196 0.997566223 -0.060874797 -1.963411212 0.458926886 0.069692269 0.885736465 30.774007797
0.883954525 0.001068089 -0.467571914 -10.298757553 -0.032652177 0.997697055 -0.059450552 -2.025971651 0.466431618 0.067818813 0.881953657 31.587600708
0.880485475 0.000256295 -0.474073231 -10.734133720 -0.031740870 0.997787714 -0.058412164 -2.080916405 0.473009497 0.066478550 0.878545702 32.404975891
0.877635658 0.001112372 -0.479327142 -11.204061508 -0.031974006 0.997905850 -0.056227759 -2.139268637 0.478260756 0.064673491 0.875833273 33.221683502
0.874428391 -0.001596412 -0.485151887 -11.657208443 -0.028855253 0.998053193 -0.055292279 -2.198469400 0.484295607 0.062348317 0.872680008 34.049015045
0.872109056 -0.002372149 -0.489305794 -12.163969040 -0.028206589 0.998081684 -0.055112414 -2.261387825 0.488497794 0.061865672 0.870369196 34.895858765
0.869552016 -0.004074286 -0.493824571 -12.618458748 -0.027048418 0.998071969 -0.055862822 -2.316160917 0.493100077 0.061932806 0.867765367 35.739326477
0.868012369 -0.003879955 -0.496527433 -13.118253708 -0.027774677 0.998024464 -0.056353498 -2.373585939 0.495765150 0.062706418 0.866189957 36.603752136
0.867566943 -0.003952088 -0.497304767 -13.617108345 -0.027165817 0.998098791 -0.055323698 -2.437039852 0.496577978 0.061506707 0.865810156 37.463348389
0.867267966 -0.003722165 -0.497827768 -14.127429008 -0.026773615 0.998176157 -0.054105610 -2.492883921 0.497121245 0.060252711 0.865586579 38.348327637
0.867082298 -0.004568533 -0.498143911 -14.643558502 -0.025280416 0.998265982 -0.053158943 -2.561074495 0.497523069 0.058686480 0.865463316 39.225315094
0.866350055 -0.006839504 -0.499390453 -15.168662071 -0.022934891 0.998306513 -0.053460293 -2.628068447 0.498910457 0.057768796 0.864726126 40.133251190
0.865197539 -0.009400683 -0.501342893 -15.702013969 -0.020572023 0.998317003 -0.054221820 -2.688085556 0.501008987 0.057226229 0.863547981 41.044643402
0.863434792 -0.009863631 -0.504363954 -16.244771957 -0.019196317 0.998442352 -0.052388813 -2.747157574 0.504095078 0.054916259 0.861900389 41.982635498
0.861428499 -0.009311407 -0.507793844 -16.785289764 -0.017848518 0.998659253 -0.048590861 -2.808561325 0.507565498 0.050920911 0.860107183 42.886569977
0.858666599 -0.009236285 -0.512451530 -17.338365555 -0.015906239 0.998875737 -0.044656046 -2.870115280 0.512287796 0.046495833 0.857554257 43.806396484
0.854489863 -0.009786647 -0.519375920 -17.902914047 -0.014423220 0.998990119 -0.042553499 -2.935960054 0.519267797 0.043852605 0.853485763 44.721111298
0.849178791 -0.013311940 -0.527937770 -18.468997955 -0.012399693 0.998904109 -0.045132045 -2.993477345 0.527959943 0.044871438 0.848083079 45.627483368
0.843037188 -0.017112197 -0.537582994 -19.036727905 -0.010573961 0.998773277 -0.048374761 -3.051109791 0.537751377 0.046466105 0.841822028 46.521392822
0.836957991 -0.017006064 -0.547002971 -19.622743607 -0.010775914 0.998811185 -0.047540572 -3.112705469 0.547161162 0.045683917 0.835779667 47.402721405
0.830926955 -0.013809057 -0.556210220 -20.220163345 -0.011833701 0.999027073 -0.042481348 -3.174472094 0.556255817 0.041880924 0.829955161 48.290802002
0.825672925 -0.008911939 -0.564078689 -20.824901581 -0.015257528 0.999156594 -0.038119052 -3.233983517 0.563942790 0.040080320 0.824840665 49.169502258
0.821834207 -0.008694908 -0.569660187 -21.447433472 -0.016706193 0.999085605 -0.039350972 -3.289952993 0.569481552 0.041856829 0.820937753 50.028663635
0.818125427 -0.011437133 -0.574926019 -22.063259125 -0.016737608 0.998904943 -0.043689225 -3.349596262 0.574796140 0.045366153 0.817038178 50.914329529
0.815196216 -0.013725686 -0.579022169 -22.691104889 -0.019325864 0.998517990 -0.050878379 -3.407675028 0.578862369 0.052665971 0.813722730 51.782489777
0.811656415 -0.015014009 -0.583942294 -23.321981430 -0.019315435 0.998433053 -0.052518871 -3.468732119 0.583815694 0.053906370 0.810094595 52.664890289
0.808276355 -0.013501924 -0.588648558 -23.961151123 -0.018418159 0.998667955 -0.048196681 -3.536943913 0.588515222 0.049798056 0.806951046 53.526798248
0.805245638 -0.010782136 -0.592843354 -24.597118378 -0.018569181 0.998885632 -0.043388989 -3.594107151 0.592650473 0.045947418 0.804148078 54.369148254
0.802487016 -0.008392878 -0.596610487 -25.254215240 -0.019716147 0.998982072 -0.040573027 -3.648254871 0.596343637 0.044322185 0.801504672 55.235832214
0.799332023 -0.008026228 -0.600835979 -25.906902313 -0.020950146 0.998930752 -0.041215520 -3.698039532 0.600524247 0.045532484 0.798309028 56.093513489
0.795785487 -0.009234587 -0.605508327 -26.573991776 -0.020907044 0.998868823 -0.042710666 -3.758450508 0.605217755 0.046647910 0.794692039 56.952049255
0.791440606 -0.012384511 -0.611120582 -27.233434677 -0.019807126 0.998750091 -0.045891423 -3.808777094 0.610925019 0.048424881 0.790205956 57.817119598
0.787514925 -0.013321013 -0.616151571 -27.894880295 -0.019336458 0.998740196 -0.046306755 -3.867133141 0.615992129 0.048381452 0.786265075 58.637866974
0.782786131 -0.013675883 -0.622140825 -28.570327759 -0.017978394 0.998844087 -0.044577222 -3.943018675 0.622031331 0.046079513 0.781635404 59.486797333
0.777852893 -0.013578645 -0.628299832 -29.254219055 -0.018055549 0.998870909 -0.043940607 -3.998194695 0.628187120 0.045523621 0.776729465 60.320785522
0.772495747 -0.014809704 -0.634847343 -29.958450317 -0.017990435 0.998816311 -0.045191508 -4.060270786 0.634765089 0.046331424 0.771314979 61.178806305
0.767046690 -0.016608538 -0.641376138 -30.660488129 -0.016525673 0.998821795 -0.045628339 -4.130685329 0.641378343 0.045598239 0.765868425 62.005908966
0.761404037 -0.017714417 -0.648035526 -31.370792389 -0.016269142 0.998789668 -0.046417765 -4.191358566 0.648073494 0.045885660 0.760194182 62.835052490
0.755671859 -0.019512339 -0.654659927 -32.091335297 -0.015423583 0.998748660 -0.047571409 -4.255914688 0.654769063 0.046045557 0.754425168 63.660541534
0.749495685 -0.021220177 -0.661669135 -32.822162628 -0.015197068 0.998671174 -0.049242314 -4.313274860 0.661834896 0.046962321 0.748177171 64.486740112
0.743226290 -0.022488642 -0.668662012 -33.575309753 -0.013685365 0.998714745 -0.048800536 -4.387454033 0.668900073 0.045420725 0.741963387 65.312377930
0.736774862 -0.022308670 -0.675769866 -34.333171844 -0.013036075 0.998800993 -0.047185563 -4.453065395 0.676012218 0.043574523 0.735600889 66.137413025
0.730278313 -0.022790736 -0.682769477 -35.098335266 -0.012158006 0.998851478 -0.046345495 -4.513926029 0.683041513 0.042146228 0.729162514 66.944168091
0.723871648 -0.024549022 -0.689497769 -35.859844208 -0.010993704 0.998829424 -0.047104318 -4.579441071 0.689846992 0.041677620 0.722754478 67.736076355
0.716909945 -0.027082514 -0.696639597 -36.644287109 -0.009908442 0.998748541 -0.049024027 -4.639247417 0.697095335 0.042048432 0.715744376 68.559913635
0.711079419 -0.026304074 -0.702619493 -37.450637817 -0.011421335 0.998735964 -0.048948694 -4.702939034 0.703018904 0.042831264 0.709880292 69.354835510
0.705335677 -0.025884857 -0.708400667 -38.267513275 -0.011298261 0.998795629 -0.047745228 -4.772019863 0.708783388 0.041680101 0.704193771 70.163146973
0.700404763 -0.025667323 -0.713284194 -39.084701538 -0.012057996 0.998785079 -0.047781259 -4.834345818 0.713644028 0.042066995 0.699244261 70.958786011
0.695517898 -0.026160978 -0.718032241 -39.915325165 -0.012723165 0.998731792 -0.048712276 -4.899793625 0.718396008 0.043015908 0.694303036 71.752380371
0.690380335 -0.028177872 -0.722897530 -40.765056610 -0.013184151 0.998585224 -0.051515032 -4.974948406 0.723326266 0.045095753 0.689032197 72.548973083
0.685601175 -0.031132219 -0.727311373 -41.609325409 -0.011777637 0.998480022 -0.053841680 -5.043720722 0.727882087 0.045479923 0.684192419 73.327697754
0.680844247 -0.031205500 -0.731763065 -42.470756531 -0.012750654 0.998435557 -0.054440975 -5.119296551 0.732317090 0.046396289 0.679381371 74.109695435
0.675341308 -0.030759612 -0.736863554 -43.351978302 -0.012763948 0.998492718 -0.053379305 -5.187204361 0.737394810 0.045454536 0.673930824 74.920509338
0.670294523 -0.030891575 -0.741451800 -44.232219696 -0.011959513 0.998553813 -0.052415118 -5.259773254 0.741998732 0.044000976 0.668955684 75.704765320
0.664992690 -0.032155667 -0.746157289 -45.118671417 -0.011421624 0.998518050 -0.053210378 -5.331538677 0.746762514 0.043906838 0.663639903 76.492675781
0.660210133 -0.033382859 -0.750338674 -45.998516083 -0.010155439 0.998523772 -0.053360306 -5.402142048 0.751012206 0.042849034 0.658896446 77.264701843
0.655848145 -0.033727854 -0.754138887 -46.904930115 -0.009793881 0.998537123 -0.053175628 -5.480193615 0.754829288 0.042261086 0.654558420 78.031951904
0.651947618 -0.034589972 -0.757474601 -47.803649902 -0.008264376 0.998575509 -0.052712843 -5.557122231 0.758218944 0.040626068 0.650733113 78.799781799
0.648032606 -0.037365813 -0.760695338 -48.721160889 -0.005950782 0.998516917 -0.054117177 -5.632853985 0.761589348 0.039596427 0.646849155 79.572250366
0.643822312 -0.041921128 -0.764025807 -49.633300781 -0.003158860 0.998344004 -0.057439748 -5.706668377 0.765168488 0.039394435 0.642623663 80.330726624
0.638976753 -0.046417650 -0.767824292 -50.567100525 0.000901907 0.998222172 -0.059595447 -5.776038647 0.769225538 0.037387602 0.637882590 81.110588074
0.631821215 -0.049659345 -0.773521781 -51.500026703 0.005861314 0.998223066 -0.059297368 -5.858222008 0.775092065 0.032931477 0.630989552 81.884803772
0.623867750 -0.053729557 -0.779680967 -52.434703827 0.010756250 0.998129725 -0.060176663 -5.942481995 0.781455934 0.029155830 0.623278975 82.624977112
0.614946127 -0.054757524 -0.786665738 -53.390243530 0.013377622 0.998166978 -0.059022069 -6.023999214 0.788455665 0.025771670 0.614551425 83.361358643
0.606213152 -0.052823480 -0.793546140 -54.357124329 0.013748992 0.998338699 -0.055952534 -6.112322807 0.795183539 0.023008693 0.605932236 84.096305847
0.597662270 -0.052907139 -0.800000489 -55.340637207 0.013347591 0.998338640 -0.056052335 -6.190746307 0.801636875 0.022822279 0.597375393 84.813728333
0.588009238 -0.054102302 -0.807042837 -56.328849792 0.012952924 0.998262405 -0.057483766 -6.276879311 0.808750510 0.023347419 0.587688267 85.520851135
0.577555835 -0.056544442 -0.814390540 -57.351402283 0.012962781 0.998107731 -0.060107172 -6.355752468 0.816248178 0.024158491 0.577195942 86.256134033
0.568007290 -0.058391940 -0.820949614 -58.381362915 0.013590327 0.998009384 -0.061582722 -6.437563896 0.822911322 0.023822462 0.567670107 86.960388184
0.557462633 -0.059026822 -0.828101039 -59.416229248 0.016311362 0.998055398 -0.060160615 -6.527570724 0.830041766 0.020029839 0.557341337 87.672988892
0.547211707 -0.059065118 -0.834907532 -60.452419281 0.017628569 0.998099029 -0.059055973 -6.613529205 0.836808503 0.017597891 0.547212720 88.338157654
0.537209213 -0.059931450 -0.841317058 -61.513572693 0.017857835 0.998057067 -0.059694029 -6.695857048 0.843259931 0.017044080 0.537235737 88.999099731
0.526841819 -0.060196888 -0.847828984 -62.591575623 0.017488692 0.998045504 -0.059994951 -6.798108578 0.849783361 0.016780421 0.526864886 89.659950256
0.516094267 -0.061661053 -0.854309440 -63.667747498 0.016425762 0.997934461 -0.062104482 -6.872805595 0.856374264 0.018019088 0.516041040 90.331932068
0.506375253 -0.062618986 -0.860036612 -64.752326965 0.015980659 0.997870028 -0.063245453 -6.967741489 0.862165153 0.018281983 0.506297410 90.962364197
0.496141732 -0.062599935 -0.865981936 -65.841400146 0.014832021 0.997862875 -0.063635707 -7.058725834 0.868114948 0.018728070 0.496009886 91.590614319
0.487569869 -0.060475852 -0.870986879 -66.956253052 0.014391028 0.998019338 -0.061240219 -7.153442383 0.872965336 0.017324489 0.487474382 92.202095032
0.479622662 -0.059102725 -0.875482082 -68.074783325 0.014925478 0.998134255 -0.059206061 -7.240114689 0.877347827 0.015329577 0.479609877 92.811233521
0.472089082 -0.059144557 -0.879564524 -69.185958862 0.014519919 0.998133183 -0.059324179 -7.331051826 0.881431222 0.015235092 0.472066522 93.402328491
0.464087576 -0.062123731 -0.883608043 -70.285537720 0.016278679 0.997967303 -0.061614089 -7.420414448 0.885639727 0.014210361 0.464155525 93.988365173
0.457066238 -0.065384939 -0.887026012 -71.424751282 0.019130023 0.997786283 -0.063692041 -7.514576912 0.889226973 0.012142652 0.457305193 94.572601318
0.451037884 -0.068295278 -0.889887989 -72.560455322 0.019823804 0.997588575 -0.066513203 -7.611148834 0.892284572 0.012359013 0.451304138 95.147254944
0.445138782 -0.072147533 -0.892550349 -73.701400757 0.022021072 0.997329414 -0.069634639 -7.710832596 0.895190775 0.011342167 0.445538789 95.722648621
0.440477580 -0.073061109 -0.894785762 -74.839027405 0.025407795 0.997298300 -0.068923935 -7.820216179 0.897404015 0.007624918 0.441143841 96.281944275
0.436298430 -0.070503592 -0.897035599 -75.989456177 0.027054196 0.997502744 -0.065241344 -7.921836853 0.899395168 0.004196123 0.437116325 96.841529846
0.432542533 -0.069234215 -0.898951352 -77.126098633 0.030690927 0.997600138 -0.062064454 -8.021184921 0.901091039 -0.000744132 0.433629394 97.388137817
0.428794473 -0.068400845 -0.900808871 -78.265632629 0.031307243 0.997655690 -0.060852125 -8.113148689 0.902859390 -0.002108787 0.429930747 97.941734314
0.426195502 -0.068381242 -0.902042925 -79.398071289 0.033059560 0.997650266 -0.060009051 -8.205543518 0.904026747 -0.004245556 0.427454740 98.468589783
0.424012780 -0.066805169 -0.903188944 -80.520538330 0.034805447 0.997741103 -0.057458963 -8.310342789 0.904987097 -0.007072561 0.425380141 98.986557007
0.420714825 -0.066603683 -0.904744864 -81.665092468 0.037103862 0.997730196 -0.056195255 -8.389427185 0.906433880 -0.009927350 0.422231168 99.535163879
0.418501794 -0.067779534 -0.905683279 -82.795822144 0.039415080 0.997627258 -0.056447361 -8.474868774 0.907360315 -0.012074256 0.420180351 100.059928894
0.415668607 -0.067940861 -0.906975031 -83.888908386 0.041431528 0.997585297 -0.055740252 -8.560660362 0.908572018 -0.014407897 0.417479724 100.577423096
0.413387835 -0.067286506 -0.908065557 -84.995300293 0.044738609 0.997562408 -0.053551298 -8.642495155 0.909455299 -0.018488143 0.415390432 101.089843750
0.411195368 -0.066782780 -0.909097612 -86.102561951 0.046898272 0.997541726 -0.052067302 -8.726075172 0.910340011 -0.021225279 0.413316518 101.589492798
0.409951389 -0.068446398 -0.909535587 -87.203430176 0.049226407 0.997387290 -0.052869979 -8.805253029 0.910778046 -0.023099056 0.412249655 102.078498840
0.407820582 -0.068875410 -0.910460651 -88.262298584 0.050511062 0.997325659 -0.052821353 -8.899116516 0.911663830 -0.024446702 0.410208970 102.572700500
0.407301456 -0.070101857 -0.910599470 -89.331680298 0.050082073 0.997263968 -0.054372475 -8.980375290 0.911919594 -0.023458721 0.409697920 103.045616150
0.407417923 -0.070440717 -0.910521150 -90.384979248 0.049779598 0.997251451 -0.054876272 -9.068812370 0.911884129 -0.022967800 0.409804672 103.534294128
0.409851581 -0.070470504 -0.909425914 -91.435226440 0.047385931 0.997309804 -0.055925097 -9.148434639 0.910920501 -0.020173002 0.412088394 103.999137878
0.414310366 -0.070685335 -0.907386601 -92.470687866 0.045383949 0.997343779 -0.056970794 -9.232093811 0.909003437 -0.017577197 0.416417837 104.466979980
0.419508815 -0.071086861 -0.904963553 -93.513633728 0.044105638 0.997347653 -0.057898033 -9.319635391 0.906679094 -0.015625261 0.421531528 104.936683655
0.425193936 -0.071011536 -0.902312279 -94.524063110 0.043727793 0.997365057 -0.057886407 -9.402749062 0.904045343 -0.014843179 0.427178741 105.415153503
0.431906968 -0.069967493 -0.899200141 -95.531791687 0.042541809 0.997457147 -0.057179108 -9.480973244 0.900914371 -0.013557551 0.433785200 105.901199341
0.440245837 -0.068260379 -0.895278811 -96.544075012 0.041436646 0.997588217 -0.055684805 -9.564367294 0.896920621 -0.012582352 0.442012519 106.387046814
0.449277550 -0.068015419 -0.890799463 -97.521492004 0.041153397 0.997614980 -0.055415295 -9.642297745 0.892443955 -0.011762580 0.451004982 106.873634338
0.458732188 -0.067783467 -0.885985494 -98.508514404 0.040160868 0.997648895 -0.055532545 -9.714902878 0.887666523 -0.010107380 0.460375875 107.378959656
0.468323141 -0.068138719 -0.880926073 -99.481437683 0.039127875 0.997643292 -0.056365293 -9.799939156 0.882690549 -0.008071596 0.469885468 107.897727966
0.478630871 -0.070256546 -0.875200808 -100.447753906 0.038434722 0.997514427 -0.059056040 -9.870399475 0.877174556 -0.005372059 0.480141580 108.423904419
0.490106165 -0.071351185 -0.868737578 -101.404861450 0.036781743 0.997449279 -0.061171800 -9.946450233 0.870886326 -0.001973004 0.491480529 108.959877014
0.503224611 -0.069485478 -0.861357510 -102.362640381 0.034634076 0.997582853 -0.060240731 -10.030371666 0.863461316 0.000482291 0.504414797 109.499420166
0.515692711 -0.066549085 -0.854185045 -103.288673401 0.032836169 0.997781396 -0.057912603 -10.113424301 0.856144190 0.001816938 0.516733825 110.051971436
0.528149307 -0.064111367 -0.846727848 -104.202453613 0.032113731 0.997940421 -0.055529632 -10.194476128 0.848544121 0.002136346 0.529120386 110.618080139
0.540308416 -0.063690253 -0.839053214 -105.111709595 0.032239016 0.997965991 -0.054992583 -10.267486572 0.840849340 0.002662697 0.541262746 111.192878723
0.551915169 -0.062888779 -0.831525445 -105.988861084 0.032233268 0.998016000 -0.054086089 -10.359931946 0.833277047 0.003048147 0.552847147 111.769546509
0.563467622 -0.064234965 -0.823637068 -106.871276855 0.032146692 0.997922361 -0.055835132 -10.426868439 0.825512409 0.004984079 0.564361870 112.357543945
0.573469043 -0.065795101 -0.816580832 -107.719367981 0.034745403 0.997826040 -0.055997714 -10.507114410 0.818490088 0.003740522 0.574508488 112.973281860
0.585291684 -0.064868577 -0.808223784 -108.560714722 0.035161536 0.997887492 -0.054628175 -10.597282410 0.810060024 0.003555023 0.586336017 113.564804077
0.596265137 -0.063067868 -0.800306380 -109.396041870 0.034200478 0.997999847 -0.053166106 -10.661849976 0.802058697 0.004330233 0.597229481 114.176200867
0.606495619 -0.059479523 -0.792858839 -110.203407288 0.034091279 0.998226285 -0.048807941 -10.739119530 0.794355571 0.002572236 0.607447624 114.786033630
0.615851879 -0.057203803 -0.785782576 -110.997680664 0.032494009 0.998356164 -0.047211885 -10.814951897 0.787191629 0.003542300 0.616698384 115.411285400
0.625806868 -0.057131976 -0.777882874 -111.780204773 0.030944820 0.998347163 -0.048428971 -10.876971245 0.779363930 0.006235741 0.626540542 116.040901184
0.635546565 -0.056000046 -0.770029008 -112.547615051 0.028413236 0.998386919 -0.049156297 -10.946220398 0.771539629 0.009362100 0.636112511 116.667266846
0.645119727 -0.055357877 -0.762073576 -113.327926636 0.028349306 0.998419464 -0.048527710 -11.016015053 0.763555467 0.009701928 0.645669401 117.304100037
0.654196799 -0.052899491 -0.754472136 -114.069297791 0.027770445 0.998558402 -0.045933958 -11.082238197 0.755814373 0.009097820 0.654722750 117.950622559
0.663244545 -0.051324502 -0.746640861 -114.802490234 0.027962733 0.998648584 -0.043808214 -11.143215179 0.747880220 0.008177441 0.663783371 118.587089539
0.671174943 -0.050813247 -0.739555299 -115.512344360 0.028364589 0.998677731 -0.042875018 -11.203620911 0.740755975 0.007799462 0.671728730 119.241531372
0.679026783 -0.050051022 -0.732405245 -116.215057373 0.027140306 0.998702705 -0.043086920 -11.255709648 0.733611584 0.009379470 0.679504156 119.891006470
0.686725378 -0.048902515 -0.725270092 -116.909202576 0.026498051 0.998755515 -0.042252898 -11.313254356 0.726433754 0.009797891 0.687166572 120.541725159
0.694043159 -0.046109736 -0.718455315 -117.586791992 0.025573913 0.998896003 -0.039403200 -11.370297432 0.719479084 0.008973807 0.694456160 121.179771423
0.701302707 -0.043494675 -0.711535454 -118.249984741 0.024545485 0.999018312 -0.036875412 -11.419908524 0.712440908 0.008395842 0.701681852 121.841239929
0.709048092 -0.042185232 -0.703897178 -118.907447815 0.023742491 0.999071062 -0.035959069 -11.469334602 0.704760373 0.008784433 0.709391057 122.490394592
0.716512442 -0.041011903 -0.696367681 -119.542678833 0.023147730 0.999118328 -0.035024770 -11.525552750 0.697190106 0.008976351 0.716830075 123.133651733
0.724549949 -0.038138796 -0.688166201 -120.168724060 0.020410301 0.999217212 -0.033888120 -11.566904068 0.688919902 0.010507959 0.724761248 123.784881592
0.733818352 -0.035206031 -0.678432941 -120.774513245 0.019591089 0.999337554 -0.030668344 -11.616383553 0.679063320 0.009213750 0.734021962 124.427558899
0.743367851 -0.031369027 -0.668146908 -121.363868713 0.017647095 0.999471724 -0.027290678 -11.656888008 0.668650031 0.008496157 0.743528783 125.080123901
0.753415406 -0.029032437 -0.656903505 -121.946922302 0.015667738 0.999533772 -0.026205657 -11.700384140 0.657358110 0.009451550 0.753519058 125.738044739
0.763268888 -0.028058425 -0.645471334 -122.498611450 0.014017264 0.999540567 -0.026874304 -11.736895561 0.645928800 0.011464579 0.763311505 126.392768860
0.773411095 -0.029544529 -0.633215904 -123.049880981 0.014402016 0.999474406 -0.029042732 -11.769153595 0.633741140 0.013342388 0.773430109 127.055061340
0.783499062 -0.028484043 -0.620739698 -123.580184937 0.013951079 0.999503434 -0.028255381 -11.808181763 0.621236265 0.013478078 0.783507347 127.726181030
0.793729842 -0.026953656 -0.607673168 -124.097763062 0.013544920 0.999553323 -0.026643608 -11.841197014 0.608119905 0.012916941 0.793740153 128.405502319
0.803987205 -0.024725698 -0.594132423 -124.603172302 0.013382818 0.999634445 -0.023491474 -11.878870010 0.594496191 0.010935680 0.804024100 129.085220337
0.813667059 -0.023261519 -0.580865681 -125.104759216 0.013526422 0.999686182 -0.021086140 -11.907669067 0.581173956 0.009300063 0.813726306 129.786331177
0.823053122 -0.021734446 -0.567548335 -125.581214905 0.014098707 0.999741435 -0.017839607 -11.945716858 0.567789316 0.006681248 0.823146760 130.461410522
0.831251442 -0.021057982 -0.555497468 -126.053672791 0.014820226 0.999766529 -0.015722347 -11.968735695 0.555698931 0.004836628 0.831369519 131.167037964
0.838693559 -0.021382643 -0.544183612 -126.507705688 0.016393643 0.999767363 -0.014018099 -11.996313095 0.544356704 0.002835741 0.838849008 131.868972778
0.845459700 -0.020849414 -0.533632100 -126.964469910 0.016127065 0.999778688 -0.013511210 -12.028932571 0.533795655 0.002817263 0.845608771 132.573730469
0.852024972 -0.020343799 -0.523105800 -127.402290344 0.015411086 0.999786317 -0.013780810 -12.045558929 0.523274362 0.003679964 0.852156341 133.295440674
0.858844697 -0.018124688 -0.511915326 -127.851173401 0.013508862 0.999827743 -0.012735602 -12.068124771 0.512057900 0.004022511 0.858941495 134.042465210
0.865055323 -0.017032005 -0.501387358 -128.279144287 0.012702420 0.999846697 -0.012048770 -12.095876694 0.501515627 0.004054020 0.865139067 134.788208008
0.871170878 -0.017603057 -0.490664303 -128.703948975 0.013443343 0.999837577 -0.012001582 -12.116590500 0.490795851 0.003859263 0.871266007 135.536270142
0.876067221 -0.018935479 -0.481817126 -129.112045288 0.014454640 0.999810934 -0.013010462 -12.136477470 0.481972307 0.004433546 0.876175225 136.290908813
0.880652189 -0.019195657 -0.473374248 -129.547653198 0.014655126 0.999804378 -0.013278781 -12.164638519 0.473536581 0.004756629 0.880761266 137.076034546
0.884250462 -0.018577257 -0.466643274 -129.959106445 0.014318969 0.999817133 -0.012669859 -12.180368423 0.466793358 0.004521479 0.884354830 137.850158691
0.887417734 -0.016860113 -0.460657626 -130.374435425 0.014114159 0.999856174 -0.009405099 -12.198032379 0.460749984 0.001844456 0.887528002 138.646682739
0.890484869 -0.012789819 -0.454833031 -130.783569336 0.011716234 0.999917984 -0.005179130 -12.212409973 0.454861969 -0.000716994 0.890561640 139.448638916
0.893925607 -0.010100583 -0.448101431 -131.199539185 0.010274259 0.999945104 -0.002043295 -12.234202385 0.448097467 -0.002777356 0.893980324 140.262939453
0.897188365 -0.007413815 -0.441585749 -131.609252930 0.008349383 0.999965131 0.000175308 -12.242777824 0.441569060 -0.003844253 0.897219002 141.090255737
0.900480390 -0.005856884 -0.434856981 -132.014175415 0.007613293 0.999968350 0.002297129 -12.247958183 0.434829742 -0.005379213 0.900496542 141.922515869
0.903936327 -0.004392959 -0.427644551 -132.438781738 0.007256457 0.999960840 0.005066329 -12.251816750 0.427605540 -0.007682823 0.903932750 142.789596558
0.907404184 -0.004448320 -0.420235604 -132.839767456 0.008126903 0.999942660 0.006963525 -12.256414413 0.420180529 -0.009733945 0.907388270 143.653076172
0.911005557 -0.004711050 -0.412367105 -133.242385864 0.008742236 0.999930680 0.007889823 -12.258891106 0.412301332 -0.010792685 0.910983562 144.543594360
0.914761782 -0.005210308 -0.403960109 -133.652709961 0.009299241 0.999923468 0.008160906 -12.262502670 0.403886706 -0.011221807 0.914740145 145.451873779
0.918556631 -0.007977312 -0.395208985 -134.035537720 0.011993208 0.999898493 0.007691975 -12.263036728 0.395107508 -0.011805338 0.918559015 146.368103027
0.922870874 -0.009061703 -0.385003030 -134.430465698 0.012485676 0.999901593 0.006394381 -12.262799263 0.384907186 -0.010708210 0.922893167 147.286727905
0.927389145 -0.010325014 -0.373955905 -134.813552856 0.012956886 0.999905825 0.004524680 -12.269704819 0.373874009 -0.009041442 0.927435458 148.225112915
0.932445049 -0.008300428 -0.361216426 -135.172607422 0.010377190 0.999938905 0.003810013 -12.273362160 0.361162663 -0.007301040 0.932474196 149.171493530
0.938754797 -0.005005361 -0.344549596 -135.543777466 0.007145777 0.999962270 0.004942573 -12.274429321 0.344511807 -0.007101940 0.938755035 150.149368286
0.945167303 -0.001032488 -0.326584846 -135.889892578 0.003968025 0.999957561 0.008322502 -12.283544540 0.326562405 -0.009162054 0.945131242 151.138137817
0.951900065 0.001679536 -0.306404084 -136.235107422 0.001348578 0.999952435 0.009670783 -12.277135849 0.306405753 -0.009618828 0.951852381 152.163467407
0.958395064 0.003462317 -0.285423964 -136.541458130 -0.000388625 0.999941349 0.010824801 -12.282319069 0.285444707 -0.010263513 0.958340347 153.185043335
0.964477777 0.005322490 -0.264110237 -136.840240479 -0.002129678 0.999921203 0.012373781 -12.281360626 0.264155298 -0.011371769 0.964413106 154.246841431
0.970184982 0.006002560 -0.242291272 -137.113464355 -0.002421349 0.999883413 0.015075668 -12.274620056 0.242353529 -0.014039515 0.970086396 155.306335449
0.975398004 0.008671903 -0.220280871 -137.369400024 -0.004667453 0.999814391 0.018692814 -12.267124176 0.220402092 -0.017204782 0.975257337 156.396087646
0.980190694 0.010700159 -0.197767034 -137.604385376 -0.006246207 0.999712944 0.023131315 -12.265079498 0.197957784 -0.021437807 0.979976058 157.495864868
0.984435141 0.012622086 -0.175294816 -137.812179565 -0.008055366 0.999610066 0.026738832 -12.252247810 0.175563961 -0.024910579 0.984152853 158.624252319
0.988163769 0.014646867 -0.152701288 -138.003234863 -0.010718780 0.999590933 0.026515597 -12.237543106 0.153027192 -0.024564983 0.987916529 159.753341675
0.991288483 0.013956713 -0.130966812 -138.158233643 -0.010832191 0.999640167 0.024539551 -12.220061302 0.131262168 -0.022907116 0.991082966 160.910537720
0.993874550 0.014171346 -0.109601900 -138.310440063 -0.011664481 0.999656379 0.023479905 -12.196710587 0.109896965 -0.022057632 0.993698239 162.085311890
0.995912135 0.013111724 -0.089369752 -138.414566040 -0.010893925 0.999621570 0.025258766 -12.178118706 0.089667104 -0.024181925 0.995678246 163.272979736
0.997520626 0.013232531 -0.069118254 -138.512985229 -0.011373629 0.999564767 0.027219154 -12.164117813 0.069448352 -0.026365545 0.997237086 164.459777832
0.998698890 0.013936068 -0.049052563 -138.576919556 -0.012557000 0.999520302 0.028310869 -12.144107819 0.049423579 -0.027658084 0.998394907 165.678985596
0.999476552 0.015545784 -0.028371518 -138.623855591 -0.014728195 0.999476612 0.028802361 -12.123318672 0.028804431 -0.028369423 0.999182403 166.905899048
0.999832392 0.016511464 -0.007903075 -138.641326904 -0.016271740 0.999432564 0.029492656 -12.101869583 0.008385559 -0.029359119 0.999533772 168.144180298
0.999747634 0.018565068 0.012650417 -138.637954712 -0.018928040 0.999394238 0.029203830 -12.082742691 -0.012100585 -0.029435910 0.999493420 169.407104492
0.999264061 0.019856814 0.032817461 -138.614608765 -0.020771092 0.999398768 0.027757425 -12.057772636 -0.032246560 -0.028418649 0.999075770 170.684188843
0.998425603 0.019860158 0.052457701 -138.556930542 -0.021218183 0.999450684 0.025459129 -12.035837173 -0.051923256 -0.026532110 0.998298526 171.969696045
0.997215867 0.021978596 0.071258120 -138.473785400 -0.023660159 0.999459088 0.022840559 -12.018301964 -0.070717596 -0.024462944 0.997196376 173.266784668
0.995655954 0.022310585 0.090395607 -138.365142822 -0.024324728 0.999478459 0.021241246 -12.006695747 -0.089874558 -0.023347821 0.995679379 174.569030762
0.993736923 0.022290271 0.109498218 -138.230575562 -0.024418935 0.999537289 0.018137725 -11.994233131 -0.109043255 -0.020697961 0.993821502 175.879226685
0.991423368 0.023751063 0.128513411 -138.079391479 -0.025608378 0.999589860 0.012819036 -11.987071037 -0.128156230 -0.016000111 0.991624951 177.208175659
0.988861024 0.025890268 0.146572933 -137.901199341 -0.027089598 0.999613822 0.006191989 -11.989792824 -0.146356001 -0.010093618 0.989180446 178.530044556
0.986084163 0.027955934 0.163879558 -137.691879272 -0.028528262 0.999592304 0.001139435 -11.996305466 -0.163780898 -0.005798778 0.986479700 179.871704102
0.982901633 0.030277604 0.181625023 -137.457244873 -0.030250737 0.999538183 -0.002918758 -12.010917664 -0.181629509 -0.002625439 0.983363509 181.220550537
0.979412198 0.032263886 0.199275672 -137.196563721 -0.031732909 0.999479234 -0.005858647 -12.029080391 -0.199360892 -0.000585565 0.979925931 182.571594238
0.975667834 0.031800240 0.216935351 -136.912094116 -0.031342920 0.999493241 -0.005549409 -12.053559303 -0.217001900 -0.001385005 0.976170242 183.941741943
0.971830487 0.030857284 0.233651847 -136.591888428 -0.030195031 0.999523461 -0.006411830 -12.074753761 -0.233738333 -0.000823910 0.972299218 185.293869019
0.967512190 0.031055445 0.250909448 -136.256164551 -0.029118804 0.999510586 -0.011428244 -12.102417946 -0.251141518 0.003750783 0.967943072 186.700134277
0.963055670 0.032459237 0.267338604 -135.893646240 -0.029282317 0.999445260 -0.015862754 -12.129854202 -0.267705232 0.007448424 0.963472068 188.074234009
0.958240807 0.034524832 0.283870846 -135.496871948 -0.031245669 0.999382496 -0.016072934 -12.163847923 -0.284250468 0.006532004 0.958727837 189.460998535
0.952771783 0.036687702 0.301462770 -135.079223633 -0.033156909 0.999308586 -0.016822534 -12.201387405 -0.301871538 0.006032458 0.953329444 190.843963623
0.946908176 0.040381789 0.318958104 -134.642944336 -0.035884984 0.999156475 -0.019964792 -12.240090370 -0.319495291 0.007459013 0.947558463 192.221008301
0.940858781 0.041002344 0.336308658 -134.168716431 -0.034947790 0.999099970 -0.024038920 -12.286752701 -0.336991698 0.010863982 0.941444874 193.608627319
0.934459805 0.042148098 0.353565305 -133.667373657 -0.035141937 0.999038458 -0.026215371 -12.339135170 -0.354330271 0.012072241 0.935042441 194.988571167
0.927628100 0.042939603 0.371028811 -133.140228271 -0.033653907 0.998938084 -0.031468414 -12.400553703 -0.371986002 0.016704421 0.928088009 196.369689941
0.919655740 0.046029449 0.390018672 -132.586166382 -0.034115098 0.998717010 -0.037424486 -12.466953278 -0.391240895 0.021112118 0.920046091 197.740371704
0.910313725 0.049420379 0.410957932 -131.986679077 -0.035731316 0.998522937 -0.040930387 -12.539283752 -0.412373751 0.022575419 0.910735011 199.106842041
0.899079084 0.052204549 0.434662521 -131.374176025 -0.037559010 0.998401999 -0.042222638 -12.619884491 -0.436172158 0.021635989 0.899603069 200.448120117
