1.000000000 0.000000000 0.000000000 0.000000000 0.000000000 1.000000000 0.000000000 0.000000000 0.000000000 0.000000000 1.000000000 0.000000000
0.999873757 0.001517692 0.015817009 0.010558942 -0.001502718 0.999998391 -0.000958552 -0.003108304 -0.015818438 0.000934662 0.999874473 0.126279384
0.999291837 0.004308445 0.037380084 0.027037319 -0.004296227 0.999990702 -0.000407179 -0.004708843 -0.037381489 0.000246297 0.999301016 0.272564650
0.997894943 0.005970014 0.064575762 0.056297638 -0.006045396 0.999981225 0.000971999 -0.004976015 -0.064568751 -0.001360339 0.997912347 0.436219335
0.995126545 0.005681121 0.098441601 0.102382168 -0.006030063 0.999976516 0.003247486 -0.003950132 -0.098420843 -0.003825268 0.995137513 0.609881341
0.990620196 0.002563878 0.136620104 0.162812844 -0.003313008 0.999980688 0.005256209 -0.005014452 -0.136604011 -0.005659531 0.990609586 0.794473171
0.984332263 -0.000220813 0.176323220 0.235891312 -0.000754497 0.999984741 0.005464314 -0.004056999 -0.176321730 -0.005511736 0.984317183 0.989441752
0.975540757 -0.000530768 0.219818145 0.319224536 -0.000977629 0.999976814 0.006753184 -0.001799478 -0.219816580 -0.006802908 0.975517511 1.193029523
0.963396311 -0.000287989 0.268081158 0.411323667 -0.002368634 0.999951243 0.009586304 0.001729375 -0.268070847 -0.009870396 0.963348627 1.406796575
0.948934436 -0.003959368 0.315448433 0.529883921 -0.001399677 0.999858499 0.016760305 -0.003147132 -0.315470189 -0.016345952 0.948794723 1.621813774
0.931954801 -0.013369025 0.362327784 0.671409845 0.004665751 0.999679387 0.024884848 -0.008372678 -0.362544358 -0.021501023 0.931718528 1.831809878
0.910561562 -0.018304247 0.412968040 0.825748384 0.006995280 0.999558389 0.028880034 -0.002749948 -0.413314313 -0.023408221 0.910287499 2.055567741
0.885105789 -0.019687373 0.464973271 0.993345618 0.005046974 0.999452174 0.032710444 0.002506876 -0.465362519 -0.026605494 0.884720206 2.283918858
0.856856406 -0.022113249 0.515080750 1.182271957 0.003353779 0.999297678 0.037322324 0.004867930 -0.515544355 -0.030252401 0.856328607 2.499102354
0.824376404 -0.026516547 0.565420628 1.367297053 0.003660501 0.999131024 0.041519303 0.008174825 -0.566030204 -0.032157816 0.823757052 2.700058699
0.788325369 -0.032139566 0.614418626 1.597267270 0.005671201 0.998971939 0.044978738 0.009557633 -0.615232468 -0.031973388 0.787697136 2.907781124
0.749764144 -0.035637882 0.660744786 1.840517640 0.005749757 0.998861730 0.047350138 0.018648693 -0.661680222 -0.031702310 0.749115646 3.128757477
0.709664404 -0.038348101 0.703495383 2.110045433 0.006420771 0.998828173 0.047969840 0.036463965 -0.704510629 -0.029525509 0.709079027 3.335019112
0.666927695 -0.040205274 0.744036973 2.408900023 0.005374346 0.998776793 0.049153198 0.049690686 -0.745103061 -0.028782917 0.666327953 3.563470602
0.624003589 -0.040339116 0.780379593 2.741746902 0.000398684 0.998682976 0.051304795 0.064533293 -0.781421363 -0.031703252 0.623197794 3.787277937
0.581893444 -0.040480416 0.812256932 3.097124338 -0.002931625 0.998649478 0.051869854 0.087651692 -0.813259780 -0.032563962 0.580989003 4.013576508
0.541706920 -0.041963767 0.839519262 3.451014996 -0.004786145 0.998582900 0.053002942 0.097017519 -0.840553820 -0.032730121 0.540738404 4.198528767
0.502448380 -0.043822795 0.863495827 3.857543230 -0.006769997 0.998484612 0.054612834 0.116497234 -0.864580750 -0.033285990 0.501390219 4.410167694
0.464961588 -0.043728080 0.884250164 4.294803619 -0.009560945 0.998473227 0.054404046 0.134697050 -0.885279238 -0.033750061 0.463833600 4.610819340
0.428941697 -0.042938568 0.902311087 4.752866268 -0.010334163 0.998571038 0.052431989 0.157067373 -0.903273046 -0.031814903 0.427885026 4.798840046
0.395000458 -0.041722279 0.917733073 5.247388840 -0.009166914 0.998739421 0.049350549 0.177582517 -0.918635249 -0.027906267 0.394120067 4.983215332
0.366095126 -0.039937675 0.929719985 5.767108440 -0.006512345 0.998944223 0.045475677 0.202978328 -0.930554628 -0.022703087 0.365448475 5.147571564
0.340876549 -0.037927143 0.939342737 6.324636459 -0.005634086 0.999085546 0.042383879 0.228777215 -0.940091074 -0.019740013 0.340351135 5.328197479
0.320579290 -0.037280146 0.946487784 6.896212578 -0.004742616 0.999149501 0.040960725 0.251756996 -0.947209835 -0.017619990 0.320129812 5.514890194
0.306189716 -0.037539903 0.951230109 7.494647503 -0.003750183 0.999166906 0.040638857 0.280203283 -0.951963246 -0.016010487 0.305793822 5.690055370
0.294286668 -0.039159406 0.954914629 8.120033264 -0.002747802 0.999121547 0.041819070 0.301970363 -0.955713272 -0.014930713 0.293920517 5.880453110
0.284455478 -0.040473863 0.957834542 8.788608551 -0.004003056 0.999049544 0.043404251 0.333790094 -0.958680928 -0.016180841 0.284023076 6.051352024
0.273196101 -0.042565878 0.961016178 9.461811066 -0.005624130 0.998932719 0.045844130 0.349063247 -0.961941898 -0.017929314 0.272665143 6.262388706
0.263218194 -0.044165492 0.963724852 10.167189598 -0.006509143 0.998847544 0.047552906 0.379842550 -0.964714348 -0.018789813 0.262627333 6.451757431
0.252910107 -0.046091694 0.966391265 10.877242088 -0.007460286 0.998741925 0.049587045 0.407302529 -0.967460990 -0.019750617 0.252248079 6.635791779
0.242850587 -0.047742829 0.968888104 11.622646332 -0.007164179 0.998672664 0.051006183 0.439348608 -0.970037222 -0.019328171 0.242186204 6.813418865
0.233244881 -0.048853222 0.971190095 12.414958954 -0.007455371 0.998618007 0.052023418 0.471054912 -0.972389460 -0.019374780 0.232558325 6.985002041
0.222590953 -0.051516056 0.973549902 13.188871384 -0.008934128 0.998453081 0.054876521 0.507225692 -0.974871039 -0.020912837 0.221786380 7.163377285
0.211377218 -0.055234436 0.975842595 13.978611946 -0.010266214 0.998221338 0.058724880 0.543994844 -0.977350652 -0.022431310 0.210434213 7.332453251
0.199774459 -0.059035610 0.978061795 14.784616470 -0.010864218 0.997988403 0.062457450 0.579371631 -0.979781687 -0.023103278 0.198731229 7.487967491
0.186705932 -0.061502516 0.980488777 15.567626953 -0.011653177 0.997829497 0.064809255 0.612961233 -0.982346773 -0.023526080 0.185583994 7.637539864
0.171611324 -0.061814930 0.983223498 16.401634216 -0.012554039 0.997811317 0.064923242 0.656572580 -0.985084653 -0.023484988 0.170459703 7.797444820
0.157094032 -0.060498837 0.985728860 17.215204239 -0.013855513 0.997888684 0.063453279 0.698435426 -0.987486362 -0.023625907 0.155924112 7.925909042
0.141166449 -0.059512079 0.988195419 18.036954880 -0.014433586 0.997961819 0.062162112 0.733842134 -0.989880621 -0.023038408 0.140019730 8.032164574
0.121391796 -0.058259785 0.990893424 18.872934341 -0.017346084 0.997999072 0.060802590 0.765829206 -0.992453098 -0.024569059 0.120138317 8.125958443
0.094506875 -0.056502197 0.993919492 19.697629929 -0.021579949 0.998037219 0.058788203 0.810068846 -0.995290279 -0.027004618 0.093102060 8.222558022
0.064029709 -0.056027863 0.996374011 20.535949707 -0.025627865 0.998001158 0.057766277 0.846016228 -0.997618914 -0.029233692 0.062465843 8.272361755
0.031258684 -0.056075469 0.997937083 21.380834579 -0.028016198 0.997983575 0.056955632 0.874456465 -0.999118567 -0.029738765 0.029624620 8.286117554
-0.002795254 -0.055489395 0.998455346 22.228298187 -0.029330477 0.998034239 0.055383880 0.904883087 -0.999565899 -0.029130356 -0.004417297 8.271885872
-0.037445109 -0.053997185 0.997838736 23.071659088 -0.031236941 0.998114288 0.052839894 0.938136041 -0.998810351 -0.029190836 -0.039061207 8.245107651
-0.070903793 -0.051952928 0.996129274 23.935728073 -0.032901939 0.998221099 0.049720079 0.966506183 -0.996940315 -0.029249245 -0.072487034 8.185791016
-0.103924014 -0.049136192 0.993370831 24.786443710 -0.035232887 0.998333871 0.045695703 0.991416752 -0.993960977 -0.030250441 -0.105482087 8.097360611
-0.136324942 -0.044637695 0.989657998 25.622779846 -0.031782936 0.998667121 0.040665958 1.008283854 -0.990154266 -0.025910454 -0.137561947 7.969702244
-0.167852461 -0.038626127 0.985055089 26.445283890 -0.027054414 0.999036252 0.034564313 1.022969723 -0.985440791 -0.020848382 -0.168735698 7.812572956
-0.197522521 -0.031975232 0.979776680 27.266544342 -0.019801276 0.999394119 0.028623521 1.037894964 -0.980098367 -0.013747037 -0.198036015 7.627419949
-0.226395234 -0.026312113 0.973680079 28.091381073 -0.013698526 0.999622226 0.023828043 1.044218779 -0.973939300 -0.007943424 -0.226670146 7.416060448
-0.253832966 -0.020024084 0.967040777 28.901498795 -0.005045945 0.999799490 0.019377923 1.048368216 -0.967234910 0.000039122 -0.253883123 7.182760715
-0.280099660 -0.009965139 0.959919214 29.707456589 0.001086868 0.999942183 0.010697770 1.037885189 -0.959970355 0.004039748 -0.280072659 6.927783489
-0.305513740 0.005820869 0.952169895 30.491312027 0.005571664 0.999975145 -0.004325388 1.027096152 -0.952171385 0.003983706 -0.305538565 6.668206692
-0.330196083 0.023167819 0.943628013 31.264625549 0.006825103 0.999731183 -0.022157002 1.004028440 -0.943887711 -0.000875796 -0.330265433 6.386255741
-0.355312109 0.037862323 0.933980584 32.047119141 0.006671787 0.999256551 -0.037970394 0.974031627 -0.934723854 -0.007260019 -0.355300546 6.085483551
-0.379715651 0.048000537 0.923857152 32.809223175 0.010366702 0.998811066 -0.047634058 0.927272737 -0.925045133 -0.008510044 -0.379761755 5.761311054
-0.402884960 0.052423730 0.913748026 33.560424805 0.013794237 0.998592675 -0.051209379 0.877433181 -0.915146649 -0.008027028 -0.403041124 5.411617756
-0.425689638 0.052121378 0.903366864 34.308307648 0.017371878 0.998626351 -0.049431480 0.825076699 -0.904702425 -0.005349290 -0.426010430 5.059523582
-0.445881218 0.047721054 0.893819153 35.040241241 0.020371456 0.998860061 -0.043166917 0.772019684 -0.894860268 -0.001038921 -0.446345121 4.680314541
-0.463758558 0.046251759 0.884753525 35.759101868 0.027771102 0.998904467 -0.037662469 0.724484205 -0.885526240 0.007104284 -0.464534998 4.287598133
-0.477089554 0.046569366 0.877620041 36.462837219 0.030041588 0.998875678 -0.036672451 0.677792847 -0.878341019 0.008869055 -0.477952152 3.891632795
-0.488174766 0.051015630 0.871253550 37.157638550 0.034372929 0.998639345 -0.039215021 0.628864586 -0.872068703 0.010803753 -0.489264131 3.493082285
-0.498265386 0.053334475 0.865382612 37.846221924 0.035019185 0.998529732 -0.041377313 0.583030164 -0.866317034 0.009688112 -0.499400526 3.092044353
-0.508737803 0.052747995 0.859304011 38.545040131 0.029225154 0.998604059 -0.043996550 0.530916452 -0.860425353 0.002730579 -0.509569168 2.684852362
-0.520167589 0.051483024 0.852511108 39.234012604 0.028608110 0.998671651 -0.042854127 0.484968603 -0.853585005 0.002097405 -0.520949364 2.272711754
-0.528500736 0.052801058 0.847289264 39.899436951 0.030726049 0.998599708 -0.043064844 0.440310210 -0.848376632 0.003274051 -0.529383123 1.849841475
-0.535728276 0.055632070 0.842555761 40.589084625 0.033186220 0.998443544 -0.044823948 0.397496462 -0.843738019 0.003947781 -0.536740780 1.407314539
-0.539268434 0.058579549 0.840094030 41.281997681 0.035058681 0.998274505 -0.047104761 0.348382294 -0.841403902 0.004050482 -0.540391684 0.962761045
-0.539036214 0.060678139 0.840094030 41.988891602 0.034162667 0.998155951 -0.050174534 0.305293709 -0.841589570 0.001653966 -0.540115237 0.517607450
-0.535915434 0.060890533 0.842072964 42.694690704 0.036303695 0.998135328 -0.049070891 0.254024982 -0.843490839 0.004272515 -0.537126660 0.064841524
-0.529898345 0.059852239 0.845946431 43.438964844 0.034080770 0.998203516 -0.049276605 0.202350438 -0.847375989 0.002718913 -0.530986309 -0.398185849
-0.522998393 0.058570605 0.850318849 44.201465607 0.032053161 0.998281956 -0.049047746 0.151987478 -0.851730764 0.001603513 -0.523977280 -0.858353555
-0.515782654 0.058105838 0.854746699 44.978309631 0.030576507 0.998310328 -0.049414419 0.096855655 -0.856173635 0.000648069 -0.516687810 -1.320245266
-0.509345591 0.056547366 0.858702183 45.761272430 0.027943045 0.998399377 -0.049172096 0.038900565 -0.860108197 -0.001050838 -0.510110497 -1.781147242
-0.505376875 0.054256171 0.861191392 46.562805176 0.023445798 0.998516262 -0.049149014 -0.013414845 -0.862580180 -0.004647455 -0.505899131 -2.234525204
-0.503991187 0.051264834 0.862186074 47.385635376 0.018821653 0.998651862 -0.048376758 -0.068132877 -0.863503754 -0.008153692 -0.504276574 -2.704250097
-0.504494607 0.048722897 0.862038970 48.223899841 0.016324656 0.998766422 -0.046897050 -0.131957859 -0.863260448 -0.009586815 -0.504667580 -3.179296494
-0.505387604 0.047685158 0.861573875 49.066951752 0.015307285 0.998810232 -0.046301674 -0.188762054 -0.862756610 -0.010211933 -0.505516231 -3.668895483
-0.505741119 0.046939727 0.861407399 49.932331085 0.015147854 0.998847842 -0.045535665 -0.244909525 -0.862552166 -0.009980788 -0.505869627 -4.172923565
-0.505947948 0.046545167 0.861307263 50.800632477 0.015023055 0.998867035 -0.045154095 -0.299584150 -0.862433076 -0.009906157 -0.506074071 -4.679131508
-0.506078184 0.045351695 0.861294508 51.673473358 0.014854046 0.998926699 -0.043870851 -0.357265621 -0.862359643 -0.009408372 -0.506208777 -5.185792446
-0.506097078 0.045289893 0.861286521 52.560035706 0.015110637 0.998932660 -0.043648776 -0.416236073 -0.862344146 -0.009075926 -0.506241202 -5.703192711
-0.506153584 0.043864541 0.861327112 53.455677032 0.012967020 0.998979926 -0.043254752 -0.471417069 -0.862345934 -0.010724697 -0.506205976 -6.226790428
-0.506541014 0.042763323 0.861154795 54.336009979 0.011876266 0.999020636 -0.042623725 -0.533078253 -0.862134218 -0.011363361 -0.506552696 -6.729467392
-0.505768895 0.041953038 0.861648321 55.222934723 0.010696834 0.999044955 -0.042363968 -0.595670819 -0.862602711 -0.012209469 -0.505734563 -7.243911743
-0.504521608 0.040521614 0.862447679 56.110969543 0.010580101 0.999113142 -0.040753540 -0.653037488 -0.863334239 -0.011436256 -0.504502952 -7.765316963
-0.502182186 0.038492739 0.863904774 56.997489929 0.011046628 0.999212861 -0.038100287 -0.712654114 -0.864691198 -0.009590052 -0.502212167 -8.280655861
-0.499914527 0.036944196 0.865286410 57.881374359 0.011392800 0.999283850 -0.036083210 -0.773510873 -0.865999818 -0.008180489 -0.499977410 -8.787875175
-0.497389257 0.036852043 0.866744399 58.768253326 0.012026280 0.999294162 -0.035586383 -0.828573585 -0.867444158 -0.007276574 -0.497481406 -9.292249680
-0.495330215 0.036987051 0.867916942 59.651947021 0.011797550 0.999287486 -0.035852518 -0.885312617 -0.868624687 -0.007519544 -0.495413572 -9.792667389
-0.494372070 0.037606481 0.868436515 60.532432556 0.011535334 0.999259591 -0.036704917 -0.935694396 -0.869173765 -0.008128179 -0.494439870 -10.293469429
-0.495188534 0.039506085 0.867886782 61.407741547 0.011418933 0.999175310 -0.038967032 -0.990019321 -0.868710399 -0.009385688 -0.495231301 -10.788501740
-0.498373926 0.041075524 0.865988553 62.279056549 0.009992623 0.999082744 -0.041637719 -1.051089287 -0.866904557 -0.012097655 -0.498327315 -11.278185844
-0.502812684 0.041171592 0.863414228 63.153305054 0.008496664 0.999052167 -0.042691372 -1.112755656 -0.864353538 -0.014129627 -0.502686024 -11.783036232
-0.508398294 0.039854106 0.860199273 64.013809204 0.010188757 0.999136925 -0.040269457 -1.172661424 -0.861061752 -0.011708566 -0.508365631 -12.288744926
-0.513594627 0.037351068 0.857219577 64.867401123 0.011241992 0.999259233 -0.036804546 -1.231804252 -0.857959270 -0.009265764 -0.513634145 -12.803442001
-0.518995762 0.034680694 0.854072988 65.729095459 0.008422258 0.999335587 -0.035461292 -1.291009426 -0.854735315 -0.011211035 -0.518943012 -13.316933632
-0.524607539 0.038315628 0.850481451 66.575904846 0.010915949 0.999207377 -0.038282622 -1.345205188 -0.851274133 -0.010799541 -0.524610043 -13.829363823
-0.529296219 0.039907731 0.847498000 67.417999268 0.010847506 0.999129832 -0.040273201 -1.393142939 -0.848367751 -0.012123212 -0.529268563 -14.350821495
-0.534116685 0.040738646 0.844428658 68.243103027 0.009343457 0.999061763 -0.042288855 -1.450964928 -0.845359147 -0.014697300 -0.533996224 -14.863100052
-0.537503600 0.041013107 0.842263639 69.049728394 0.008672386 0.999032617 -0.043112393 -1.508260727 -0.843216896 -0.015868623 -0.537339330 -15.382332802
-0.540518165 0.040682144 0.840348303 69.857887268 0.010067184 0.999071538 -0.041890822 -1.565747380 -0.841272116 -0.014182806 -0.540425777 -15.907306671
-0.542482853 0.033655323 0.839392483 70.683319092 0.010382681 0.999389529 -0.033360258 -1.613611221 -0.840002775 -0.009382221 -0.542500973 -16.440370560
-0.545296848 0.024251487 0.837892056 71.503257751 0.008998597 0.999693155 -0.023078313 -1.670024514 -0.838194728 -0.005044679 -0.545347691 -16.966238022
-0.547204196 0.022952154 0.836684406 72.319602966 0.009958255 0.999731660 -0.020912066 -1.710291147 -0.836939871 -0.003111253 -0.547285974 -17.492261887
-0.547741473 0.027957113 0.836180329 73.108444214 0.010622937 0.999593377 -0.026462140 -1.752549410 -0.836580217 -0.005611721 -0.547815800 -18.012388229
-0.550053537 0.033702735 0.834449053 73.908935547 0.011595064 0.999397159 -0.032721609 -1.796384573 -0.835048974 -0.008323143 -0.550112724 -18.514070511
-0.549472153 0.037559915 0.834667325 74.692115784 0.017230554 0.999285996 -0.033624630 -1.840034366 -0.835334301 -0.004094024 -0.549727142 -19.059823990
-0.549232244 0.039017566 0.834758341 75.483406067 0.020946501 0.999238372 -0.032923721 -1.890014410 -0.835407197 -0.000597505 -0.549631298 -19.592378616
-0.548849165 0.035672210 0.835159898 76.288208008 0.019411193 0.999363542 -0.029929226 -1.931425929 -0.835696042 -0.000215181 -0.549192369 -20.112915039
-0.548302650 0.030772304 0.835713625 77.072792053 0.017233593 0.999526262 -0.025497373 -1.966384768 -0.836102307 0.000422070 -0.548573315 -20.624971390
-0.548026860 0.023610180 0.836127400 77.865295410 0.014809528 0.999718666 -0.018522920 -2.017343760 -0.836329520 0.002231594 -0.548222482 -21.123067856
-0.547541142 0.018464958 0.836575031 78.674057007 0.006431005 0.999819815 -0.017858997 -2.045964956 -0.836754084 -0.004398516 -0.547561228 -21.634920120
-0.545993567 0.013172718 0.837685823 79.472297668 -0.001360663 0.999861062 -0.016609810 -2.072968483 -0.837788343 -0.010208657 -0.545899808 -22.136335373
-0.543711603 0.014306212 0.839150250 80.253181458 0.002488909 0.999877751 -0.015433729 -2.107658625 -0.839268446 -0.006302927 -0.543680668 -22.648603439
-0.541002929 0.017391047 0.840840936 81.035499573 0.007048304 0.999844790 -0.016144786 -2.149824619 -0.840991199 -0.002807873 -0.541041493 -23.142930984
-0.535628140 0.020775924 0.844198287 81.840263367 0.008015429 0.999777377 -0.019519117 -2.162544489 -0.844415963 -0.003688376 -0.535675406 -23.656404495
-0.527572393 0.023332767 0.849189579 82.626258850 0.013101730 0.999727368 -0.019329362 -2.193526745 -0.849409044 0.000928217 -0.527734280 -24.153112411
-0.519311368 0.026891315 0.854161859 83.424713135 0.021164054 0.999602914 -0.018602915 -2.231666565 -0.854323030 0.008416825 -0.519674301 -24.648628235
-0.510045409 0.025624011 0.859765768 84.225242615 0.017591842 0.999657810 -0.019357143 -2.260867834 -0.859967589 0.005251842 -0.510321617 -25.107795715
-0.498964429 0.022918615 0.866319358 85.039459229 0.015239797 0.999727666 -0.017670454 -2.293980598 -0.866488457 0.004385603 -0.499177843 -25.572370529
-0.487487465 0.019725671 0.872907162 85.850181580 0.015457366 0.999783039 -0.013960388 -2.325270891 -0.872993171 0.006687330 -0.487686604 -26.018682480
-0.476290882 0.018690629 0.879089057 86.666549683 0.014774833 0.999802947 -0.013252162 -2.358255863 -0.879163623 0.006676510 -0.476473272 -26.458866119
-0.465119570 0.017812964 0.885068595 87.479400635 0.015070634 0.999811947 -0.012202407 -2.382737875 -0.885119557 0.007662965 -0.465300620 -26.864318848
-0.452846527 0.018909657 0.891387939 88.306945801 0.016367694 0.999782920 -0.012893934 -2.410650730 -0.891438186 0.008750991 -0.453057736 -27.287086487
-0.440981299 0.023013307 0.897221208 89.134048462 0.016494598 0.999710143 -0.017535061 -2.445838213 -0.897364736 0.007066666 -0.441233069 -27.687614441
-0.429595143 0.031730238 0.902463973 89.960762024 0.018235948 0.999483526 -0.026460646 -2.479085207 -0.902837515 0.005089920 -0.429951847 -28.076124191
-0.416775048 0.036856472 0.908262134 90.795593262 0.018044306 0.999316335 -0.032271359 -2.510413408 -0.908830583 0.002939064 -0.417155087 -28.457458496
-0.405271560 0.033146702 0.913595259 91.643486023 0.015508374 0.999447942 -0.029382050 -2.548583508 -0.914064825 0.002260666 -0.405561864 -28.828657150
-0.393823683 0.029443219 0.918714345 92.486297607 0.013383347 0.999564528 -0.026297322 -2.588881969 -0.919088602 0.001938963 -0.394046217 -29.182231903
-0.383616626 0.030234402 0.922997355 93.338966370 0.010903750 0.999542534 -0.028209955 -2.634324074 -0.923428118 -0.000757675 -0.383770794 -29.532159805
-0.376658380 0.034159206 0.925722182 94.174545288 0.005963026 0.999388516 -0.034451261 -2.682272673 -0.926332951 -0.007456250 -0.376631796 -29.858125687
-0.371706665 0.039206438 0.927522004 95.014137268 0.000453291 0.999115288 -0.042051040 -2.726066113 -0.928350151 -0.015210214 -0.371395618 -30.179407120
-0.368537396 0.041622102 0.928680599 95.865036011 -0.001431923 0.998970509 -0.045340642 -2.777940273 -0.929611802 -0.018039519 -0.368098378 -30.505676270
-0.364587545 0.041177206 0.930258155 96.705276489 -0.002775132 0.998969257 -0.045306277 -2.834110737 -0.931164980 -0.019099694 -0.364097476 -30.831472397
-0.359888762 0.041289289 0.932081103 97.546165466 -0.003626093 0.998950899 -0.045651563 -2.888114691 -0.932988107 -0.019809300 -0.359361500 -31.143564224
-0.354341328 0.036328323 0.934410155 98.383819580 -0.009148909 0.999062598 -0.042311296 -2.936922789 -0.935071409 -0.023541471 -0.353676766 -31.454519272
-0.349241883 0.032582097 0.936465979 99.226028442 -0.009256392 0.999226511 -0.038217746 -2.988967180 -0.936986983 -0.022015531 -0.348670155 -31.758380890
-0.343217522 0.029781079 0.938783705 100.082893372 -0.010395031 0.999315560 -0.035501737 -3.040941000 -0.939198434 -0.021943504 -0.342673033 -32.066074371
-0.337578863 0.027853929 0.940885127 100.931617737 -0.018831778 0.999162078 -0.036335796 -3.089199066 -0.941108882 -0.029984733 -0.336771518 -32.349250793
-0.331670314 0.028321296 0.942970157 101.786125183 -0.025901368 0.998899043 -0.039111346 -3.134434223 -0.943039715 -0.037396282 -0.330571622 -32.629905701
-0.324439406 0.032302123 0.945354700 102.636627197 -0.023378560 0.998837590 -0.042152964 -3.189082384 -0.945617557 -0.035777114 -0.323307097 -32.925025940
-0.317509621 0.035920162 0.947574437 103.479187012 -0.022223931 0.998725951 -0.045305897 -3.235519171 -0.947994649 -0.035443883 -0.316306800 -33.201076508
-0.311094910 0.033741605 0.949779749 104.330535889 -0.023660069 0.998784781 -0.043232266 -3.288169861 -0.950084269 -0.035921190 -0.309918553 -33.471248627
-0.304489434 0.028943878 0.952075839 105.183593750 -0.023817474 0.998994350 -0.037987459 -3.337653637 -0.952217877 -0.034242831 -0.303493857 -33.732753754
-0.297479093 0.026247662 0.954367459 106.042457581 -0.024584277 0.999079943 -0.035140365 -3.389827967 -0.954411745 -0.033915963 -0.296560138 -33.991676331
-0.290967464 0.029603774 0.956274807 106.904541016 -0.027121138 0.998864233 -0.039174426 -3.431304455 -0.956348479 -0.037333746 -0.289834112 -34.242179871
-0.284763515 0.032416798 0.958049536 107.757591248 -0.026736405 0.998770654 -0.041741569 -3.481579065 -0.958224893 -0.037501276 -0.283546716 -34.487033844
-0.278081894 0.032827575 0.959996283 108.613960266 -0.028848089 0.998679638 -0.042506784 -3.530694962 -0.960124135 -0.039514426 -0.276767731 -34.723171234
-0.271021754 0.032245714 0.962032914 109.480178833 -0.028897475 0.998715639 -0.041616194 -3.585157871 -0.962139308 -0.039079219 -0.269741863 -34.964370728
-0.262670279 0.032107119 0.964351356 110.341278076 -0.024882142 0.998888373 -0.040034406 -3.636296749 -0.964564741 -0.034510978 -0.261579424 -35.201400757
-0.255222976 0.033305399 0.966308415 111.195243835 -0.021984419 0.998948216 -0.040236946 -3.685218573 -0.966632247 -0.031513117 -0.254222333 -35.425254822
-0.248252630 0.034141280 0.968093574 112.056724548 -0.020769499 0.998961389 -0.040555891 -3.734133959 -0.968472660 -0.030174917 -0.247285679 -35.645721436
-0.241963506 0.032897238 0.969727516 112.943397522 -0.026970042 0.998810887 -0.040613357 -3.784505129 -0.969910443 -0.035980530 -0.240788504 -35.847576141
-0.236036122 0.030853610 0.971254408 113.808921814 -0.031417847 0.998731017 -0.039361686 -3.836307287 -0.971236229 -0.039805494 -0.234767228 -36.045707703
-0.231855169 0.031186422 0.972250223 114.679222107 -0.028901812 0.998823822 -0.038931105 -3.880028009 -0.972320914 -0.037126169 -0.230681092 -36.241546631
-0.226938635 0.031162370 0.973410368 115.535697937 -0.027275903 0.998892546 -0.038337193 -3.932145596 -0.973526955 -0.035250835 -0.225837350 -36.443984985
-0.222048938 0.032856155 0.974481761 116.406211853 -0.026578151 0.998856783 -0.039734188 -3.975211620 -0.974673152 -0.034722857 -0.220921844 -36.639095306
-0.216220528 0.031934805 0.975822151 117.271232605 -0.020593524 0.999093413 -0.037259456 -4.020753860 -0.976127267 -0.028151877 -0.215366870 -36.827976227
-0.210976839 0.030565303 0.977013052 118.137413025 -0.013089856 0.999333024 -0.034090202 -4.069096565 -0.977403402 -0.019981207 -0.210436061 -37.021759033
-0.206134662 0.029853955 0.978068113 118.992874146 -0.011997100 0.999382257 -0.033033002 -4.113223076 -0.978450060 -0.018543229 -0.205649167 -37.198593140
-0.202082276 0.031037444 0.978876591 119.887748718 -0.013992419 0.999304175 -0.034573786 -4.163557529 -0.979268610 -0.020683605 -0.201507404 -37.377796173
-0.198591515 0.032988716 0.979526937 120.759071350 -0.015624047 0.999199748 -0.036818914 -4.203261375 -0.979957819 -0.022616101 -0.197917193 -37.547176361
-0.196392074 0.032309335 0.979992926 121.629402161 -0.018202621 0.999164522 -0.036589235 -4.252269268 -0.980356574 -0.025024274 -0.195639893 -37.718231201
-0.195369229 0.031590931 0.980220795 122.503799438 -0.018056031 0.999195755 -0.035801247 -4.293115139 -0.980563581 -0.024693361 -0.194641694 -37.889080048
-0.195018128 0.026545560 0.980440438 123.370056152 -0.017152820 0.999388456 -0.030470429 -4.339055061 -0.980649590 -0.022759600 -0.194443569 -38.049079895
-0.194139481 0.021527065 0.980737746 124.241104126 -0.018645875 0.999497533 -0.025629841 -4.380418777 -0.980796695 -0.023262473 -0.193640545 -38.214164734
-0.192558244 0.019991780 0.981081903 125.099578857 -0.017646082 0.999560237 -0.023831736 -4.418222427 -0.981126904 -0.021901242 -0.192120790 -38.388381958
-0.191691339 0.024494153 0.981149495 125.965507507 -0.017620672 0.999441504 -0.028393438 -4.458894253 -0.981297076 -0.022731289 -0.191152662 -38.549011230
-0.191640750 0.028384212 0.981054664 126.816566467 -0.017598046 0.999321580 -0.032350354 -4.495589256 -0.981307328 -0.023464289 -0.191011250 -38.710773468
-0.192003936 0.027542453 0.981007636 127.675498962 -0.021104626 0.999258995 -0.032185506 -4.533640862 -0.981167197 -0.026883543 -0.191280410 -38.864673615
-0.191273779 0.026315432 0.981183946 128.518325806 -0.022863694 0.999249816 -0.031257056 -4.581702709 -0.981270432 -0.028412143 -0.190528631 -39.023124695
-0.190549299 0.026916847 0.981308520 129.355697632 -0.018196862 0.999355435 -0.030945310 -4.627688408 -0.981508911 -0.023753349 -0.189936683 -39.190254211
-0.189173788 0.029508894 0.981500089 130.188049316 -0.020045973 0.999224007 -0.033905413 -4.666068077 -0.981738985 -0.026089141 -0.188435465 -39.353595734
-0.190143123 0.030513648 0.981282055 131.021316528 -0.027988069 0.998942256 -0.036486052 -4.710439682 -0.981357336 -0.034401763 -0.189087972 -39.492729187
-0.189336926 0.031557910 0.981404901 131.862442017 -0.034379095 0.998657525 -0.038745251 -4.759127140 -0.981310070 -0.041075718 -0.187997803 -39.641597748
-0.188692570 0.035247963 0.981403410 132.685562134 -0.031069994 0.998641014 -0.041840829 -4.805438995 -0.981544554 -0.038387246 -0.187340990 -39.798690796
-0.188725039 0.036194671 0.981362879 133.516311646 -0.029866422 0.998646855 -0.042575732 -4.856221676 -0.981575727 -0.037344903 -0.187388629 -39.951728821
-0.186857790 0.037385195 0.981675386 134.335647583 -0.030923937 0.998556614 -0.043914322 -4.902716160 -0.981900156 -0.038562998 -0.185431972 -40.102806091
-0.184728920 0.036887188 0.982097030 135.160400391 -0.021942426 0.998891473 -0.041645266 -4.952140808 -0.982544541 -0.029242681 -0.183714747 -40.264804840
-0.181014612 0.033763304 0.982900798 135.977264404 -0.015570953 0.999186993 -0.037190355 -5.001194954 -0.983357131 -0.022036694 -0.180341750 -40.425216675
-0.179102078 0.028660486 0.983412981 136.793014526 -0.012087886 0.999436080 -0.031328939 -5.048581123 -0.983756244 -0.017498460 -0.178654641 -40.574577332
-0.175443590 0.028450688 0.984078228 137.601852417 -0.010045476 0.999478579 -0.030686857 -5.090274334 -0.984438181 -0.015269350 -0.175066322 -40.718791962
-0.170274988 0.033109907 0.984840095 138.401260376 -0.008569069 0.999347925 -0.035079204 -5.138182640 -0.985359311 -0.014412276 -0.169880211 -40.859935760
-0.163792595 0.036537025 0.985817969 139.195541382 -0.007602757 0.999237418 -0.038297582 -5.178721428 -0.986465514 -0.013767792 -0.163389921 -40.985996246
-0.155867070 0.037599728 0.987062216 139.994857788 -0.007558302 0.999200702 -0.039255641 -5.214636803 -0.987749159 -0.013579175 -0.155458286 -41.104465485
-0.146144748 0.033091020 0.988709629 140.794998169 -0.006167198 0.999390423 -0.034360096 -5.256094456 -0.989243984 -0.011119114 -0.145851597 -41.220081329
-0.134474173 0.031585846 0.990413606 141.587905884 -0.002729417 0.999476254 -0.032245461 -5.299667358 -0.990913332 -0.007039433 -0.134317532 -41.325035095
-0.120416299 0.034441072 0.992125869 142.378051758 0.001039828 0.999401808 -0.034567446 -5.336761475 -0.992722929 -0.003130844 -0.120380081 -41.423034668
-0.106256597 0.035535540 0.993703544 143.164566040 0.000669790 0.999363542 -0.035666324 -5.375996590 -0.994338512 -0.003124210 -0.106212772 -41.501792908
-0.092293844 0.035378933 0.995103121 143.955322266 0.001874340 0.999373019 -0.035356909 -5.418414593 -0.995730042 -0.001398063 -0.092302285 -41.572437286
-0.078790136 0.037000876 0.996204317 144.735992432 0.002847056 0.999315321 -0.036891252 -5.461882591 -0.996887147 -0.000070417 -0.078841537 -41.629875183
-0.065323114 0.043132465 0.996931493 145.502670288 -0.000174547 0.999064863 -0.043236200 -5.513327122 -0.997864127 -0.002998335 -0.065254487 -41.667007446
-0.052553732 0.052448999 0.997239828 146.266616821 -0.007261975 0.998573363 -0.052901834 -5.558269978 -0.998591661 -0.010022119 -0.052097861 -41.691425323
-0.039001726 0.060328290 0.997416258 147.029556274 -0.011405369 0.998083889 -0.060814645 -5.608072281 -0.999174058 -0.013747780 -0.038238928 -41.706413269
-0.025995744 0.061135679 0.997790813 147.794311523 -0.012126679 0.998035431 -0.061466601 -5.659568787 -0.999588549 -0.013697759 -0.025203301 -41.717266083
-0.013605472 0.057316594 0.998263359 148.567687988 -0.015101562 0.998230100 -0.057520498 -5.716324329 -0.999793410 -0.015857931 -0.012715821 -41.720775604
-0.003088273 0.054789308 0.998493195 149.331359863 -0.019035362 0.998313725 -0.054838341 -5.776127815 -0.999814093 -0.019176034 -0.002040129 -41.708095551
0.005495139 0.061340660 0.998101771 150.085708618 -0.023475355 0.997849643 -0.061195921 -5.834124565 -0.999709308 -0.023094516 0.006923317 -41.689437866
0.012439487 0.069465391 0.997506797 150.832412720 -0.026579997 0.997254372 -0.069116361 -5.888638496 -0.999569356 -0.025653953 0.014251724 -41.670829773
0.015576118 0.071949348 0.997286618 151.582153320 -0.029109739 0.997017503 -0.071475267 -5.946013451 -0.999454856 -0.027917450 0.017624089 -41.653415680
0.015337305 0.067411482 0.997607350 152.336959839 -0.031480893 0.997262597 -0.066904195 -6.006270409 -0.999386668 -0.030379439 0.017417496 -41.632904053
0.013798254 0.063076943 0.997913301 153.092788696 -0.033269741 0.997484565 -0.062589824 -6.074895382 -0.999351203 -0.032336682 0.015862100 -41.618618011
0.010784760 0.060403183 0.998115718 153.850570679 -0.032038629 0.997682214 -0.060030758 -6.126505375 -0.999428391 -0.031330846 0.012694999 -41.610462189
0.008147400 0.060810968 0.998116016 154.595474243 -0.030118681 0.997711241 -0.060540449 -6.178680420 -0.999513090 -0.029568691 0.009960298 -41.606060028
0.004041343 0.060622279 0.998152554 155.334152222 -0.029116308 0.997744620 -0.060479615 -6.236813545 -0.999567807 -0.028818101 0.005797326 -41.597358704
0.000144282 0.059403598 0.998234034 156.080261230 -0.028054846 0.997841299 -0.059376180 -6.294572830 -0.999606371 -0.027996734 0.001810529 -41.599948883
-0.004864611 0.059657205 0.998207092 156.819213867 -0.028871085 0.997794330 -0.059773240 -6.345219612 -0.999571264 -0.029110093 -0.003131513 -41.602836609
-0.010839486 0.057857521 0.998265982 157.557968140 -0.030117299 0.997852743 -0.058160607 -6.397815704 -0.999487579 -0.030695509 -0.009073700 -41.603618622
-0.016551277 0.055199690 0.998338163 158.307662964 -0.027750809 0.998064876 -0.055644657 -6.458118439 -0.999477863 -0.028625680 -0.014987412 -41.624820709
-0.021511395 0.054962736 0.998256683 159.042739868 -0.028269909 0.998054981 -0.055560816 -6.510018826 -0.999368846 -0.029415816 -0.019915763 -41.641994476
-0.027240563 0.056825940 0.998012483 159.765991211 -0.030741712 0.997863054 -0.057656523 -6.556815147 -0.999156117 -0.032251205 -0.025435427 -41.650531769
-0.031087710 0.058694374 0.997791827 160.491271973 -0.030099230 0.997766614 -0.059630677 -6.618236065 -0.999063313 -0.031886540 -0.029251624 -41.670471191
-0.033555690 0.060670353 0.997593701 161.209899902 -0.029812289 0.997650862 -0.061676621 -6.674816132 -0.998992085 -0.031810146 -0.031668138 -41.694118500
-0.034544859 0.061947767 0.997481465 161.924133301 -0.026664481 0.997664630 -0.062882602 -6.730185986 -0.999047339 -0.028769592 -0.032812376 -41.723945618
-0.034355629 0.060804535 0.997558296 162.654022217 -0.024087595 0.997807205 -0.061649278 -6.782851219 -0.999119401 -0.026146777 -0.032815658 -41.745300293
-0.030052379 0.057090435 0.997916698 163.381347656 -0.020876953 0.998113871 -0.057730436 -6.838781357 -0.999330282 -0.022568395 -0.028803829 -41.773689270
-0.022555292 0.056850560 0.998127878 164.082305908 -0.020068167 0.998154998 -0.057305593 -6.894558430 -0.999544203 -0.021323144 -0.021372788 -41.786239624
-0.011289210 0.057683054 0.998271108 164.779022217 -0.017351003 0.998173118 -0.057873607 -6.946147442 -0.999785721 -0.017974352 -0.010267724 -41.787559509
0.002888895 0.057879012 0.998319387 165.470764160 -0.015674248 0.998203635 -0.057826936 -6.996469021 -0.999872983 -0.015480853 0.003790917 -41.779426575
0.018460296 0.055648789 0.998279750 166.151580811 -0.016159704 0.998336077 -0.055353101 -7.045784950 -0.999698997 -0.015110066 0.019328848 -41.765243530
0.034381535 0.050676454 0.998123169 166.834350586 -0.021079153 0.998528242 -0.049970929 -7.093477726 -0.999186456 -0.019321512 0.035399146 -41.722949982
0.050644159 0.043899521 0.997751474 167.517959595 -0.022489972 0.998830199 -0.042805433 -7.138109207 -0.998463511 -0.020271558 0.051572219 -41.674571991
0.067794085 0.037049830 0.997011185 168.194396973 -0.022739111 0.999108016 -0.035581551 -7.173312664 -0.997440159 -0.020258928 0.068576112 -41.620250702
0.085401759 0.029671213 0.995904684 168.866333008 -0.022991680 0.999348998 -0.027802223 -7.207177162 -0.996081293 -0.020523163 0.086028360 -41.552444458
0.102558777 0.024026813 0.994436800 169.527343750 -0.024995681 0.999454737 -0.021570191 -7.239044666 -0.994412839 -0.022644410 0.103103437 -41.470733643
0.120551497 0.021539770 0.992473304 170.170715332 -0.026657911 0.999474406 -0.018453691 -7.271446228 -0.992349088 -0.024232650 0.121062316 -41.381580353
0.138048247 0.020100230 0.990221500 170.814147949 -0.025338454 0.999538481 -0.016756881 -7.295187950 -0.990101337 -0.022777425 0.138493836 -41.279438019
0.155893445 0.019721929 0.987576962 171.455627441 -0.026366411 0.999527514 -0.015798522 -7.314697266 -0.987421989 -0.023575976 0.156339794 -41.167812347
0.171670675 0.018863207 0.984973729 172.071838379 -0.031893685 0.999399006 -0.013580726 -7.335954666 -0.984637976 -0.029083032 0.172169104 -41.043018341
0.186341390 0.015219516 0.982367158 172.699722290 -0.033994630 0.999381125 -0.009034801 -7.355728149 -0.981896758 -0.031711649 0.186743468 -40.909477234
0.198116481 0.011518426 0.980110824 173.320709229 -0.030585336 0.999516666 -0.005564064 -7.372171879 -0.979701161 -0.028874690 0.198373020 -40.777095795
0.208946034 0.010271317 0.977873266 173.936965942 -0.028466631 0.999585032 -0.004416794 -7.388308048 -0.977512717 -0.026913889 0.209151715 -40.641178131
0.218938023 0.014430420 0.975632012 174.536727905 -0.033383507 0.999415994 -0.007290735 -7.405260086 -0.975167513 -0.030973801 0.219291896 -40.494358063
0.228052318 0.021404473 0.973413587 175.127838135 -0.037302550 0.999216318 -0.013232579 -7.423982620 -0.972934127 -0.033293083 0.228672057 -40.340766907
0.237145290 0.031200247 0.970973134 175.711700439 -0.036981255 0.999049544 -0.023070328 -7.444233894 -0.970770121 -0.030436780 0.238073736 -40.195667267
0.244910002 0.036619376 0.968854010 176.306793213 -0.031795196 0.999052346 -0.029723482 -7.465194225 -0.969024360 -0.023525320 0.245842233 -40.039329529
0.251044214 0.034752607 0.967351556 176.910415649 -0.031698067 0.999114573 -0.027667517 -7.483855247 -0.967456460 -0.023717405 0.251923501 -39.872463226
0.257007241 0.027578251 0.966015875 177.512344360 -0.034845613 0.999207199 -0.019255187 -7.499998093 -0.965781093 -0.028712692 0.257764488 -39.702724457
0.261116177 0.016945679 0.965158641 178.126846313 -0.039074596 0.999211907 -0.006972241 -7.522901058 -0.964516163 -0.035892613 0.261572599 -39.521129608
0.263062209 0.008811087 0.964738607 178.732681274 -0.039069720 0.999235272 0.001527272 -7.542510033 -0.963987529 -0.038093835 0.263205320 -39.349273682
0.263962448 0.008087184 0.964499056 179.335556030 -0.036220614 0.999342620 0.001533456 -7.558159351 -0.963852644 -0.035339523 0.264081925 -39.182147980
0.265068620 0.010331857 0.964174151 179.932052612 -0.032837745 0.999459207 -0.001682285 -7.565762997 -0.963670254 -0.031215381 0.265264541 -39.020324707
0.267301291 0.009613887 0.963564992 180.538345337 -0.029189963 0.999572098 -0.001875595 -7.573387146 -0.963170767 -0.027625080 0.267467529 -38.859622955
0.268762648 0.007653849 0.963176012 181.147048950 -0.031389631 0.999506950 0.000816349 -7.574862480 -0.962694824 -0.030453149 0.268870413 -38.680755615
0.271483630 0.004065513 0.962434530 181.758865356 -0.031763967 0.999484181 0.004737965 -7.582571030 -0.961918831 -0.031857014 0.271472752 -38.502918243
0.274322063 -0.001011842 0.961637318 182.346481323 -0.030997103 0.999470651 0.009894056 -7.594801903 -0.961138129 -0.032522127 0.274145454 -38.325847626
0.278968304 -0.003821011 0.960292757 182.968017578 -0.029581418 0.999483407 0.012570456 -7.597110271 -0.959844530 -0.031913582 0.278711110 -38.147373199
0.284701169 -0.006145031 0.958596647 183.578140259 -0.027546041 0.999514043 0.014588444 -7.594995499 -0.958220482 -0.030558888 0.284393519 -37.954128265
0.292553008 -0.009113640 0.956205845 184.202316284 -0.026445689 0.999494970 0.017617337 -7.596502304 -0.955883563 -0.030441532 0.292164207 -37.757007599
0.302659422 -0.011186898 0.953033030 184.809677124 -0.023595188 0.999536693 0.019226007 -7.602303505 -0.952806592 -0.028305925 0.302255303 -37.569896698
0.314026386 -0.009297275 0.949368715 185.426498413 -0.024942696 0.999526203 0.018038863 -7.604833603 -0.949086547 -0.029344495 0.313645720 -37.358379364
0.325637817 -0.005671535 0.945477545 186.040527344 -0.026145419 0.999545574 0.015000773 -7.605853558 -0.945132971 -0.029604727 0.325341552 -37.136611938
0.337119102 -0.002385633 0.941459000 186.645294189 -0.027278297 0.999552190 0.012300692 -7.605391979 -0.941066742 -0.029828196 0.336903006 -36.909275055
0.348998517 -0.002242103 0.937120676 187.267028809 -0.025765400 0.999596059 0.011987022 -7.603350639 -0.936768949 -0.028328741 0.348799795 -36.675319672
0.360569209 -0.005149779 0.932718277 187.902648926 -0.024823412 0.999577522 0.015115135 -7.599834919 -0.932402134 -0.028603302 0.360289037 -36.429412842
