1.000000000 0.000000000 0.000000000 0.000000000 0.000000000 1.000000000 0.000000000 0.000000000 0.000000000 0.000000000 1.000000000 0.000000000
0.999873698 0.001494493 0.015820784 0.010472339 -0.001480014 0.999998450 -0.000926842 -0.003348527 -0.015822146 0.000903310 0.999874413 0.126367629
0.999291956 0.004314923 0.037376180 0.027083704 -0.004302559 0.999990642 -0.000411229 -0.004642085 -0.037377603 0.000250125 0.999301195 0.272595346
0.997895181 0.005965596 0.064572603 0.056328580 -0.006040976 0.999981284 0.000972196 -0.004952861 -0.064565599 -0.001360231 0.997912526 0.436187476
0.995130956 0.005655407 0.098399051 0.103026353 -0.005999428 0.999976814 0.003200633 -0.004106379 -0.098378673 -0.003775387 0.995141864 0.607666254
0.990628898 0.002585590 0.136556178 0.163582504 -0.003328985 0.999980867 0.005215792 -0.005043535 -0.136540055 -0.005621509 0.990618587 0.793734014
0.984347343 -0.000224657 0.176239401 0.236822784 -0.000746271 0.999984860 0.005442846 -0.004015882 -0.176237971 -0.005489173 0.984332263 0.988594294
0.975556850 -0.000411997 0.219746828 0.320098311 -0.001082409 0.999977052 0.006680137 -0.001366778 -0.219744578 -0.006754709 0.975534081 1.191167474
0.963367522 -0.000219727 0.268184781 0.411230028 -0.002426700 0.999951601 0.009536410 0.001961491 -0.268173873 -0.009837872 0.963320315 1.408131480
0.948958457 -0.003866800 0.315377116 0.530445158 -0.001469440 0.999859810 0.016680650 -0.002348738 -0.315397382 -0.016292673 0.948819816 1.618821979
0.931946814 -0.013378598 0.362348348 0.671590388 0.004743098 0.999683440 0.024711158 -0.006244782 -0.362564206 -0.021310829 0.931715131 1.830364227
0.910572469 -0.018141698 0.412950993 0.824920297 0.006832339 0.999560416 0.028846975 -0.003909789 -0.413292795 -0.023445843 0.910296321 2.051002026
0.885038853 -0.019536560 0.465106994 0.994230866 0.004878308 0.999453306 0.032698687 0.001946881 -0.465491563 -0.026670676 0.884650409 2.284890413
0.856825471 -0.021957494 0.515138865 1.182612300 0.003179011 0.999298811 0.037306912 0.003922738 -0.515596867 -0.030327883 0.856294453 2.497585297
0.824420154 -0.026344510 0.565364838 1.367380619 0.003517252 0.999135256 0.041428193 0.008364856 -0.565967381 -0.032165702 0.823799908 2.696096420
0.788333416 -0.031996965 0.614415705 1.598354578 0.005591441 0.998978078 0.044849683 0.009881571 -0.615222812 -0.031921040 0.787706614 2.905423641
0.749810219 -0.035611071 0.660693944 1.838600874 0.005730204 0.998862624 0.047335092 0.017022237 -0.661628127 -0.031706419 0.749161482 3.123854637
0.709483325 -0.038450461 0.703672469 2.108616590 0.006485715 0.998824358 0.048039038 0.034117594 -0.704692364 -0.029519081 0.708898664 3.334122419
0.667175770 -0.040050227 0.743822813 2.407729149 0.005281696 0.998782814 0.049040791 0.049980164 -0.744881630 -0.028790180 0.666575134 3.556312323
0.624206424 -0.040084582 0.780230463 2.739500999 0.000238915 0.998692691 0.051116999 0.065927953 -0.781259477 -0.031721149 0.623399854 3.780862570
0.582625508 -0.040633097 0.811724365 3.081010103 -0.002789437 0.998643577 0.051992007 0.081438735 -0.812735975 -0.032556124 0.581721902 3.980507374
0.541817904 -0.041861221 0.839452624 3.455085278 -0.004665984 0.998593688 0.052808769 0.099804029 -0.840482891 -0.032529611 0.540860713 4.188527107
0.502916634 -0.043913383 0.863218665 3.869645119 -0.006576058 0.998485148 0.054625865 0.118387833 -0.864309967 -0.033148833 0.501866043 4.399491787
0.465954125 -0.043451361 0.883741260 4.295724392 -0.009521430 0.998489320 0.054113429 0.136170924 -0.884757638 -0.033628855 0.464836508 4.597084999
0.429365724 -0.042459510 0.902132034 4.755714893 -0.010767429 0.998582482 0.052123733 0.160701543 -0.903066516 -0.032093789 0.428299934 4.788451195
0.395548642 -0.041048534 0.917527318 5.247519970 -0.009662889 0.998759389 0.048848413 0.182068884 -0.918394208 -0.028187884 0.394661307 4.974446297
0.366127104 -0.039422147 0.929729462 5.768714905 -0.007144425 0.998953700 0.045170840 0.202990621 -0.930537462 -0.023180654 0.365462333 5.155289650
0.341081321 -0.037508044 0.939285219 6.316829681 -0.005935904 0.999097824 0.042052004 0.227889746 -0.940015078 -0.019918663 0.340550989 5.327919960
0.320607692 -0.037146546 0.946483314 6.891355515 -0.004726527 0.999155462 0.040814802 0.249417946 -0.947200358 -0.017559119 0.320161402 5.510864258
0.305682570 -0.037743948 0.951385021 7.497015953 -0.003611961 0.999160707 0.040799875 0.271159768 -0.952126741 -0.015908176 0.305289686 5.704469681
0.294350237 -0.038954508 0.954903364 8.128669739 -0.003008150 0.999126375 0.041685805 0.295129895 -0.955692887 -0.015142720 0.293975860 5.890086174
0.283296824 -0.040452056 0.958178699 8.786067009 -0.004371191 0.999045253 0.043469727 0.325324655 -0.959022284 -0.016503220 0.282849520 6.083286285
0.272598624 -0.042092092 0.961206675 9.460983276 -0.005732263 0.998953760 0.045370739 0.353762984 -0.962110639 -0.017877892 0.272072136 6.276734352
0.262885839 -0.044079185 0.963819444 10.159620285 -0.006656986 0.998849213 0.047496945 0.375091434 -0.964803994 -0.018902404 0.262289852 6.459472656
0.252709985 -0.046056934 0.966445267 10.877736092 -0.007499530 0.998743117 0.049557135 0.403804839 -0.967512965 -0.019771466 0.252047002 6.644484520
0.241656229 -0.047608942 0.969193399 11.622826576 -0.007736139 0.998669446 0.050985783 0.433420539 -0.970331132 -0.019818842 0.240966320 6.838798523
0.231974259 -0.049117371 0.971481025 12.375911713 -0.007705503 0.998600245 0.052328441 0.461849153 -0.972691476 -0.019624604 0.231271073 7.007694244
0.221833393 -0.051607545 0.973717928 13.170918465 -0.009394018 0.998438895 0.055057932 0.498286873 -0.975039363 -0.021360809 0.221002296 7.177105904
0.210431710 -0.054964934 0.976062179 13.956669807 -0.010961466 0.998222768 0.058576070 0.537031770 -0.977547109 -0.023025338 0.209455192 7.348875523
0.198678374 -0.058877941 0.978294611 14.743372917 -0.011121069 0.997994184 0.062322084 0.573945343 -0.980001748 -0.023261731 0.197625041 7.501055717
0.185488343 -0.060781561 0.980764866 15.533724785 -0.011962367 0.997871459 0.064104117 0.612895608 -0.982573748 -0.023622835 0.184366405 7.649775505
0.171185225 -0.061633915 0.983309031 16.363208771 -0.013220539 0.997807801 0.064844273 0.646386147 -0.985150158 -0.024100253 0.169995174 7.802063942
0.156608492 -0.060486209 0.985806823 17.180311203 -0.014604591 0.997872055 0.063546613 0.687021136 -0.987552702 -0.024349252 0.155391887 7.932243824
0.140939116 -0.059416946 0.988233685 17.998712540 -0.015365570 0.997945845 0.062192284 0.722939491 -0.989899039 -0.023950098 0.139736652 8.035178185
0.120530345 -0.058421712 0.990989149 18.832981110 -0.017982084 0.997974455 0.061020616 0.751325369 -0.992546797 -0.025174884 0.119235694 8.132916451
0.093955129 -0.056565963 0.993968189 19.639106750 -0.022499038 0.998008966 0.058922656 0.790462554 -0.995322168 -0.027899411 0.092495382 8.224603653
0.063507006 -0.055910461 0.996414006 20.481241226 -0.026488094 0.997983158 0.057686746 0.827862084 -0.997629762 -0.030056622 0.061897963 8.273231506
0.030759409 -0.055964272 0.997958839 21.321664810 -0.028973712 0.997961819 0.056857478 0.857543111 -0.999106765 -0.030663474 0.029075235 8.287018776
-0.003672749 -0.054943442 0.998482764 22.161941528 -0.030617628 0.998027444 0.054805771 0.889942527 -0.999524415 -0.030369885 -0.005347729 8.276587486
-0.038471378 -0.054039869 0.997797430 23.003900528 -0.031995684 0.998091221 0.052822150 0.918123901 -0.998747349 -0.029893070 -0.040126979 8.245623589
-0.071536958 -0.052618749 0.996049047 23.843990326 -0.034594562 0.998137593 0.050244469 0.935423374 -0.996837854 -0.030863542 -0.073224053 8.188146591
-0.104417726 -0.049772438 0.993287325 24.695182800 -0.036902156 0.998253047 0.046141990 0.961591482 -0.993848681 -0.031836405 -0.106072024 8.097936630
-0.136722460 -0.045391828 0.989568830 25.533250809 -0.033402991 0.998592734 0.041190688 0.977469504 -0.990046084 -0.027422864 -0.138046294 7.968261719
-0.168477923 -0.039208908 0.984925330 26.360900879 -0.028559240 0.998983204 0.034883294 0.995149851 -0.985291660 -0.022251651 -0.169426382 7.811516762
-0.198351517 -0.032521509 0.979591250 27.173355103 -0.021979017 0.999345601 0.028726934 1.009110928 -0.979884505 -0.015832422 -0.198936507 7.631788254
-0.227203161 -0.026925195 0.973475099 28.000747681 -0.015999664 0.999585927 0.023913171 1.015506148 -0.973716080 -0.010142125 -0.227539882 7.419403553
-0.254733026 -0.020719230 0.966789424 28.817834854 -0.007083762 0.999783576 0.019559875 1.017820597 -0.966985464 -0.001865959 -0.254824668 7.179336071
-0.280804425 -0.010586448 0.959706604 29.597883224 -0.001027544 0.999941885 0.010729627 1.002440453 -0.959764481 0.002026786 -0.280799031 6.934216022
-0.306326330 0.005262158 0.951912045 30.389591217 0.003757169 0.999983609 -0.004318836 0.991175056 -0.951919138 0.002253521 -0.306341022 6.667316437
-0.330935329 0.021974400 0.943397582 31.166252136 0.003768829 0.999751568 -0.021964978 0.969317317 -0.943646073 -0.003713483 -0.330935866 6.386248589
-0.356334805 0.036908604 0.933629036 31.935598373 0.004370808 0.999274492 -0.037835531 0.937237263 -0.934348166 -0.009401405 -0.356237620 6.087550163
-0.380548000 0.047259096 0.923552811 32.692001343 0.007908640 0.998822987 -0.047852010 0.894044995 -0.924727499 -0.010905942 -0.380473912 5.761437416
-0.403918952 0.051491600 0.913344443 33.440513611 0.010606684 0.998611093 -0.051607959 0.844945073 -0.914733231 -0.011157880 -0.403904140 5.429816246
-0.426667660 0.051125832 0.902962267 34.192802429 0.014306549 0.998657525 -0.049783975 0.789851069 -0.904295385 -0.008322942 -0.426826298 5.066637993
-0.446619511 0.046921302 0.893492818 34.931430817 0.017886657 0.998892605 -0.043515529 0.732681036 -0.894545197 -0.003453289 -0.446964204 4.678374290
-0.464442015 0.045638211 0.884426773 35.647647858 0.026136076 0.998942554 -0.037822537 0.680540442 -0.885217786 0.005549071 -0.465143770 4.286366463
-0.477936774 0.045866273 0.877195895 36.353271484 0.028495243 0.998919725 -0.036705367 0.631908774 -0.877931893 0.007453063 -0.478727490 3.890737534
-0.488832146 0.050127167 0.870936513 37.050163269 0.032201465 0.998704255 -0.039407119 0.587299943 -0.871783316 0.008781957 -0.489812970 3.487219810
-0.498830289 0.052498683 0.865108192 37.737274170 0.032999095 0.998590410 -0.041571371 0.540640473 -0.866071165 0.007810722 -0.499859631 3.086730957
-0.509484231 0.051892847 0.858913779 38.438507080 0.027242547 0.998652279 -0.044175860 0.486882806 -0.860048532 0.000892094 -0.510211349 2.678596497
-0.520513833 0.050525405 0.852357030 39.122642517 0.026846018 0.998722672 -0.042807341 0.438560963 -0.853431046 0.000600580 -0.521205425 2.263469696
-0.529334486 0.051799033 0.846830428 39.794033051 0.029071333 0.998655796 -0.042914070 0.391396165 -0.847914994 0.001902595 -0.530128837 1.842163086
-0.536506236 0.054844636 0.842112303 40.487678528 0.031654146 0.998491466 -0.044862501 0.349667311 -0.843302488 0.002587331 -0.537433028 1.395204544
-0.540061891 0.057864938 0.839633703 41.179908752 0.033446778 0.998321176 -0.047287837 0.301440597 -0.840960383 0.002544678 -0.541090608 0.951066971
-0.540099204 0.059840083 0.839471340 41.886516571 0.032390431 0.998207927 -0.050315969 0.258465767 -0.840977848 0.000015218 -0.541069627 0.509771347
-0.536759317 0.060304523 0.841577590 42.590591431 0.034748547 0.998176098 -0.049363170 0.208390832 -0.843019485 0.002747456 -0.537875831 0.057754517
-0.530678511 0.058923818 0.845522463 43.338474274 0.032288868 0.998261809 -0.049302526 0.155336261 -0.846957862 0.001137175 -0.531658709 -0.413272858
-0.523813725 0.057903960 0.849862516 44.101356506 0.030470973 0.998322129 -0.049238194 0.106481552 -0.851287723 0.000104497 -0.524699211 -0.872962952
-0.516614556 0.057141021 0.854309261 44.876144409 0.028430101 0.998365164 -0.049584158 0.051317215 -0.855745971 -0.001327803 -0.517394543 -1.333860397
-0.509910643 0.055997759 0.858402789 45.665954590 0.026333939 0.998427391 -0.049489301 -0.004688144 -0.859824181 -0.002629987 -0.510583460 -1.807451248
-0.506020069 0.053511038 0.860860169 46.466926575 0.021728985 0.998547733 -0.049297240 -0.058530807 -0.862247944 -0.006239774 -0.506447971 -2.259994507
-0.504615188 0.050648790 0.861857414 47.295413971 0.017106958 0.998668313 -0.048672676 -0.112636089 -0.863174796 -0.009817216 -0.504809678 -2.732316971
-0.504984677 0.048081987 0.861787975 48.124595642 0.014777465 0.998782575 -0.047066160 -0.177535892 -0.863001704 -0.011032645 -0.505080402 -3.207397461
-0.505882084 0.046902556 0.861326575 48.967971802 0.013899595 0.998834312 -0.046226740 -0.236095309 -0.862490654 -0.011413188 -0.505944252 -3.697530746
-0.506298423 0.046266973 0.861116409 49.832897186 0.013416355 0.998861432 -0.045779675 -0.289791584 -0.862253904 -0.011625136 -0.506342828 -4.200826645
-0.506389856 0.045841414 0.861085355 50.700416565 0.013444472 0.998884261 -0.045270924 -0.345942497 -0.862199903 -0.011347900 -0.506441176 -4.707668304
-0.506584883 0.044836063 0.861023486 51.576263428 0.013455970 0.998936474 -0.044100747 -0.403311491 -0.862084985 -0.010754870 -0.506649435 -5.216033936
-0.506599188 0.044695348 0.861022532 52.462654114 0.013556618 0.998944879 -0.043878559 -0.462649107 -0.862075090 -0.010556289 -0.506670654 -5.734371185
-0.506899416 0.043052133 0.860929489 53.359912872 0.011476685 0.999000490 -0.043199334 -0.520547867 -0.861928761 -0.012017105 -0.506886899 -6.257324219
-0.506957829 0.042229574 0.860935688 54.238613129 0.010317680 0.999024928 -0.042927444 -0.579248071 -0.861909091 -0.012879542 -0.506899178 -6.763309479
-0.506274343 0.041476436 0.861374378 55.132217407 0.009634512 0.999052465 -0.042443130 -0.643243670 -0.862318635 -0.013188951 -0.506194353 -7.283281326
-0.505073965 0.040012095 0.862148106 56.011272430 0.009199565 0.999117613 -0.040979423 -0.700934887 -0.863027036 -0.012766252 -0.504996359 -7.797065735
-0.502844572 0.037974779 0.863542318 56.895942688 0.009259434 0.999213755 -0.038549207 -0.759389043 -0.864327312 -0.011388345 -0.502800822 -8.311204910
-0.500401676 0.036418553 0.865027070 57.776237488 0.009771504 0.999288857 -0.036418486 -0.820989370 -0.865738153 -0.009771260 -0.500401735 -8.817230225
-0.497832328 0.036334157 0.866511881 58.663017273 0.009996495 0.999296069 -0.036158763 -0.874802351 -0.867215753 -0.009338920 -0.497844934 -9.323017120
-0.496173710 0.036298182 0.867464185 59.549194336 0.009694563 0.999295056 -0.036269393 -0.932369828 -0.868169188 -0.009586235 -0.496175826 -9.820064545
-0.494832844 0.037034769 0.868198633 60.432308197 0.010018223 0.999268174 -0.036915887 -0.985875607 -0.868930399 -0.009569383 -0.494841784 -10.329418182
-0.495641589 0.038624953 0.867667854 61.307643890 0.009750345 0.999195099 -0.038910273 -1.042254210 -0.868472397 -0.010825491 -0.495619327 -10.824752808
-0.498667449 0.040105142 0.865865171 62.180488586 0.008072252 0.999100626 -0.041627385 -1.102810025 -0.866755843 -0.013768738 -0.498542696 -11.318344116
-0.503096402 0.040722549 0.863270342 63.054157257 0.007006966 0.999048531 -0.043044023 -1.161152482 -0.864201903 -0.015606387 -0.502903104 -11.825157166
-0.508576572 0.039256267 0.860121369 63.915737152 0.008738651 0.999143898 -0.040434279 -1.222143531 -0.860972404 -0.013047627 -0.508484304 -12.331993103
-0.514018834 0.036958277 0.856982410 64.775390625 0.009722296 0.999258220 -0.037262637 -1.278697014 -0.857723892 -0.010821860 -0.513996840 -12.846138000
-0.519615591 0.034374923 0.853708386 65.641067505 0.006921710 0.999326885 -0.036025379 -1.339320660 -0.854371965 -0.012810227 -0.519503832 -13.355321884
-0.524993896 0.037625376 0.850273967 66.488677979 0.009507034 0.999219239 -0.038346320 -1.397396088 -0.851052761 -0.012048001 -0.524941862 -13.870834351
-0.529817402 0.039590020 0.847187221 67.331626892 0.009560317 0.999125183 -0.040711388 -1.444987535 -0.848057866 -0.013470227 -0.529732406 -14.394544601
-0.534762263 0.040341694 0.844039083 68.158439636 0.008067060 0.999057889 -0.042639896 -1.503269076 -0.844964027 -0.015993293 -0.534583926 -14.905275345
-0.538016796 0.040644143 0.841953635 68.966323853 0.007412312 0.999026358 -0.043490067 -1.561657190 -0.842901528 -0.017157566 -0.537794173 -15.428899765
-0.541447937 0.040378690 0.839764059 69.785301208 0.008723502 0.999062061 -0.042413697 -1.617649317 -0.840689063 -0.015639121 -0.541292310 -15.950147629
-0.543434799 0.033300348 0.838790655 70.600173950 0.009189253 0.999388993 -0.033722647 -1.666592717 -0.839401126 -0.010618202 -0.543408751 -16.481195450
-0.545947611 0.023871560 0.837479115 71.424369812 0.007508673 0.999693274 -0.023600465 -1.722420573 -0.837785661 -0.006596260 -0.545959353 -17.013517380
-0.547746420 0.022552455 0.836340368 72.237358093 0.008588797 0.999735534 -0.021333430 -1.763766050 -0.836600423 -0.004502151 -0.547795236 -17.540176392
-0.548750699 0.027254956 0.835541606 73.031852722 0.009151207 0.999604344 -0.026596453 -1.808956027 -0.835935950 -0.006948607 -0.548783064 -18.057071686
-0.550428629 0.033233166 0.834220469 73.833679199 0.010323858 0.999401927 -0.033001754 -1.851169229 -0.834818244 -0.009552740 -0.550442576 -18.572444916
-0.550077558 0.037355557 0.834277689 74.610145569 0.016260717 0.999288797 -0.034022644 -1.895913839 -0.834955275 -0.005149139 -0.550293744 -19.107767105
-0.549728394 0.038894288 0.834437549 75.400482178 0.019940738 0.999241829 -0.033439070 -1.945470572 -0.835105538 -0.001743104 -0.550087094 -19.641368866
-0.549728036 0.035337020 0.834595919 76.204597473 0.017945902 0.999373794 -0.030493239 -1.986851931 -0.835150957 -0.001785411 -0.550018013 -20.157217026
-0.548993051 0.030498408 0.835270286 76.991081238 0.016238522 0.999534607 -0.025823232 -2.024768591 -0.835669160 -0.000613223 -0.549232841 -20.673936844
-0.548770487 0.023284402 0.835648775 77.784149170 0.013739333 0.999728262 -0.018833665 -2.076183319 -0.835860133 0.001145896 -0.548941255 -21.173381805
-0.548204362 0.017987307 0.836151004 78.598915100 0.004527866 0.999817848 -0.018539516 -2.100568056 -0.836332142 -0.006377464 -0.548185945 -21.688127518
-0.546688080 0.012923641 0.837236643 79.395996094 -0.003254138 0.999840558 -0.017558450 -2.125862598 -0.837329924 -0.012323479 -0.546558857 -22.188335419
-0.544339955 0.013918621 0.838749290 80.177566528 0.000579495 0.999868274 -0.016216222 -2.162573814 -0.838864446 -0.008341085 -0.544276357 -22.703212738
-0.541739583 0.016929287 0.840375960 80.959831238 0.005041680 0.999844551 -0.016891701 -2.205713272 -0.840531230 -0.004913996 -0.541740775 -23.196741104
-0.536353886 0.019787582 0.843761265 81.766967773 0.006483514 0.999792159 -0.019325385 -2.230760574 -0.843968213 -0.004894707 -0.536370695 -23.706289291
-0.527689219 0.022954362 0.849127293 82.555923462 0.012874494 0.999736130 -0.019024914 -2.263944626 -0.849339962 0.000892843 -0.527845502 -24.222366333
-0.519397438 0.026358869 0.854126096 83.347061157 0.020482397 0.999621034 -0.018393507 -2.302371264 -0.854287326 0.007941009 -0.519740522 -24.714691162
-0.510407329 0.025508299 0.859554291 84.147972107 0.017307522 0.999662280 -0.019388884 -2.327318668 -0.859758615 0.004980525 -0.510676444 -25.171001434
-0.499137640 0.023073871 0.866215467 84.975158691 0.014406983 0.999728203 -0.018328620 -2.354566097 -0.866402924 0.003331044 -0.499334455 -25.642408371
-0.487685472 0.019725081 0.872796535 85.773864746 0.015289253 0.999784350 -0.014051937 -2.393160820 -0.872885525 0.006491481 -0.487881839 -26.085737228
-0.476419359 0.018753843 0.879018188 86.585815430 0.014737715 0.999802411 -0.013343071 -2.425585270 -0.879094720 0.006597822 -0.476601571 -26.523082733
-0.464821607 0.018261667 0.885215998 87.406921387 0.014921642 0.999806821 -0.012790370 -2.447325230 -0.885278642 0.007263634 -0.465004265 -26.941488266
-0.452672064 0.019126361 0.891471922 88.238517761 0.016499359 0.999778450 -0.013072004 -2.480014324 -0.891524315 0.008791381 -0.452887386 -27.365854263
-0.440733105 0.023176279 0.897338867 89.076316833 0.015594516 0.999713480 -0.018161045 -2.509012222 -0.897502720 0.005989389 -0.440968215 -27.774360657
-0.429387361 0.032374334 0.902539968 89.899375916 0.018184241 0.999464631 -0.027199809 -2.542231560 -0.902937412 0.004732752 -0.429746151 -28.160568237
-0.416252971 0.037277326 0.908484399 90.735870361 0.017438306 0.999302804 -0.033013873 -2.572842836 -0.909081638 0.002100305 -0.416612774 -28.545475006
-0.405114889 0.033180322 0.913663507 91.585060120 0.014968503 0.999448001 -0.029658675 -2.618249893 -0.914143264 0.001661006 -0.405387998 -28.917787552
-0.393482715 0.029265933 0.918866038 92.422615051 0.012533467 0.999571025 -0.026469229 -2.657494545 -0.919246554 0.001101392 -0.393680811 -29.267549515
-0.383845627 0.030003812 0.922909677 93.259643555 0.010089873 0.999548435 -0.028298883 -2.702870846 -0.923342109 -0.001550360 -0.383975089 -29.603847504
-0.377114147 0.034117229 0.925538182 94.109893799 0.005428319 0.999385476 -0.034627605 -2.750631332 -0.926150978 -0.008034442 -0.377067655 -29.936388016
-0.372151107 0.038939182 0.927354991 94.935035706 -0.002066612 0.999082386 -0.042780317 -2.790733814 -0.928169847 -0.017837225 -0.371729076 -30.252864838
-0.368945777 0.041037824 0.928544521 95.773643494 -0.004363699 0.998937368 -0.045882754 -2.841198921 -0.929440618 -0.020980138 -0.368374616 -30.570772171
-0.364941299 0.040622294 0.930143833 96.612960815 -0.005372356 0.998939216 -0.045734629 -2.898622990 -0.931015015 -0.021687521 -0.364335924 -30.894775391
-0.360436022 0.040822644 0.931890368 97.442695618 -0.006475326 0.998908281 -0.046262976 -2.952872515 -0.932761490 -0.022709135 -0.359778225 -31.204265594
-0.354240239 0.036721531 0.934433222 98.291023254 -0.008236633 0.999067426 -0.042384014 -3.007804394 -0.935118198 -0.022710705 -0.353607416 -31.522932053
-0.349139392 0.032737516 0.936498761 99.145523071 -0.009062249 0.999224842 -0.038308788 -3.061268806 -0.937026918 -0.021861890 -0.348572046 -31.833639145
-0.343479156 0.029721176 0.938689888 99.987037659 -0.011442171 0.999292433 -0.035826843 -3.110386848 -0.939090550 -0.023046428 -0.342896074 -32.131999969
-0.337566137 0.027683986 0.940894604 100.851974487 -0.019237610 0.999155700 -0.036300104 -3.164654732 -0.941105187 -0.030354248 -0.336748570 -32.427406311
-0.331523329 0.027987033 0.943031788 101.697074890 -0.026437985 0.998891711 -0.038939122 -3.209338188 -0.943076432 -0.037841093 -0.330416024 -32.704547882
-0.324785888 0.032042112 0.945244670 102.539794922 -0.024374431 0.998810410 -0.042232957 -3.261160374 -0.945473373 -0.036756467 -0.323618561 -32.988204956
-0.317805827 0.035178646 0.947502971 103.392753601 -0.022818524 0.998738289 -0.044734553 -3.311632395 -0.947881222 -0.035837524 -0.316602111 -33.270366669
-0.311547011 0.033547927 0.949638367 104.251663208 -0.024245223 0.998770535 -0.043237731 -3.360627890 -0.949921370 -0.036494777 -0.310350537 -33.540546417
-0.304393619 0.028655263 0.952115238 105.095153809 -0.025348466 0.998949766 -0.038168781 -3.410081387 -0.952208996 -0.035752997 -0.303347498 -33.805854797
-0.297474831 0.025891276 0.954378486 105.956031799 -0.026227392 0.999033391 -0.035277661 -3.462159872 -0.954369366 -0.035525084 -0.296508223 -34.065166473
-0.291005671 0.029235210 0.956274569 106.814788818 -0.028721135 0.998815536 -0.039275952 -3.505077362 -0.956290126 -0.038894806 -0.289821267 -34.314842224
-0.284677625 0.031818163 0.958095074 107.671348572 -0.028259099 0.998736203 -0.041564424 -3.557451963 -0.958206713 -0.038907364 -0.283418626 -34.563106537
-0.278000474 0.032303371 0.960037649 108.527862549 -0.030207081 0.998646140 -0.042349607 -3.606481552 -0.960105896 -0.040773146 -0.276648313 -34.799003601
-0.271065503 0.031907696 0.962031901 109.386619568 -0.030816242 0.998650432 -0.041805115 -3.658792496 -0.962067485 -0.040978130 -0.269716471 -35.037281036
-0.262687624 0.031632408 0.964362383 110.247825623 -0.026948659 0.998831987 -0.040103752 -3.709542274 -0.964504480 -0.036523029 -0.261528432 -35.273479462
-0.255070567 0.032920379 0.966361821 111.104255676 -0.024049031 0.998895109 -0.040376399 -3.759645224 -0.966623366 -0.033538900 -0.253997058 -35.498699188
-0.248456374 0.033529066 0.968062639 111.964843750 -0.022560146 0.998929322 -0.040388271 -3.808241844 -0.968380272 -0.031874359 -0.247433960 -35.714031219
-0.241940409 0.032380141 0.969750702 112.833023071 -0.028485410 0.998775184 -0.040456027 -3.856328487 -0.969872832 -0.037411693 -0.240721703 -35.912551880
-0.235999376 0.030475397 0.971275151 113.699295044 -0.033361249 0.998664856 -0.039440874 -3.905687809 -0.971180320 -0.041710980 -0.234667540 -36.113830566
-0.231612265 0.030499585 0.972329974 114.577552795 -0.030953418 0.998771310 -0.038702197 -3.955072403 -0.972315550 -0.039060842 -0.230383590 -36.315101624
-0.227285400 0.030585304 0.973347723 115.442634583 -0.029443702 0.998833895 -0.038261518 -4.006858826 -0.973383069 -0.037355252 -0.226119801 -36.506908417
-0.222029358 0.032286718 0.974505246 116.313247681 -0.027910665 0.998831570 -0.039451800 -4.056098938 -0.974640429 -0.035958551 -0.220868751 -36.709701538
-0.216085374 0.031073200 0.975879908 117.166511536 -0.021745112 0.999092400 -0.036627252 -4.105885506 -0.976132274 -0.029135229 -0.215213537 -36.897750854
-0.210804552 0.030235443 0.977060497 118.043472290 -0.014715936 0.999310076 -0.034098979 -4.146753311 -0.977417469 -0.021566581 -0.210214168 -37.093868256
-0.205792323 0.029646041 0.978146553 118.916984558 -0.012774442 0.999374568 -0.032977041 -4.194365025 -0.978512287 -0.019281698 -0.205284864 -37.275032043
-0.201460838 0.030909175 0.979008794 119.788055420 -0.014745851 0.999292970 -0.034583993 -4.239327431 -0.979385555 -0.021403637 -0.200862616 -37.449806213
-0.198300734 0.032613643 0.979598463 120.673858643 -0.016622860 0.999190629 -0.036630895 -4.283652782 -0.980000198 -0.023547659 -0.197598085 -37.619564056
-0.196291819 0.032115858 0.980019391 121.542869568 -0.019331725 0.999142528 -0.036614556 -4.328446865 -0.980354905 -0.026132602 -0.195502639 -37.786231995
-0.195741206 0.031088077 0.980162621 122.417297363 -0.019509066 0.999176204 -0.035587139 -4.372128963 -0.980461597 -0.026087927 -0.194973439 -37.947563171
-0.194725096 0.026189990 0.980508208 123.289810181 -0.018433163 0.999369204 -0.030354535 -4.418607712 -0.980684638 -0.023984652 -0.194119513 -38.119682312
-0.193653002 0.021483406 0.980834842 124.161476135 -0.019488787 0.999478698 -0.025739573 -4.460386276 -0.980876505 -0.024099827 -0.193133354 -38.289958954
-0.193069354 0.019581895 0.980989695 125.030014038 -0.019015813 0.999538362 -0.023694670 -4.500280380 -0.981000781 -0.023229031 -0.192607850 -38.454116821
-0.191702798 0.023740033 0.981165886 125.885192871 -0.019532477 0.999417067 -0.027997945 -4.544614792 -0.981258690 -0.024531886 -0.191127375 -38.618133545
-0.191495731 0.027516851 0.981107593 126.766136169 -0.019119745 0.999312639 -0.031759296 -4.584989548 -0.981307268 -0.024840297 -0.190837979 -38.788917542
-0.191581115 0.026980732 0.981105864 127.593475342 -0.022177944 0.999247849 -0.031810343 -4.619531631 -0.981226146 -0.027853169 -0.190838620 -38.939567566
-0.191517040 0.025666159 0.981153607 128.445175171 -0.024200674 0.999230564 -0.030862907 -4.666469574 -0.981190920 -0.029655350 -0.190748528 -39.093505859
-0.190546453 0.026971400 0.981307566 129.285736084 -0.019588130 0.999319017 -0.031269997 -4.707589626 -0.981482744 -0.025180366 -0.189888358 -39.260536194
-0.188673183 0.028837834 0.981616437 130.138549805 -0.021779563 0.999199986 -0.033540584 -4.751060009 -0.981798410 -0.027707381 -0.187894136 -39.432704926
-0.189613700 0.030186607 0.981394649 130.974975586 -0.028446700 0.998938739 -0.036222383 -4.796441078 -0.981446624 -0.034785703 -0.188553780 -39.571189880
-0.188868806 0.031652220 0.981492102 131.811416626 -0.034300093 0.998657942 -0.038806170 -4.842279911 -0.981403112 -0.040994547 -0.187529638 -39.719505310
-0.188329607 0.035317712 0.981470644 132.636718750 -0.030720435 0.998652279 -0.041830789 -4.890750885 -0.981625319 -0.038029183 -0.186990857 -39.875457764
-0.188108757 0.036403455 0.981473327 133.457092285 -0.029470317 0.998653591 -0.042688947 -4.940736294 -0.981705964 -0.036954500 -0.186782658 -40.029296875
-0.186289936 0.037316810 0.981785953 134.278274536 -0.031034132 0.998556316 -0.043842830 -4.987487793 -0.982004583 -0.038636360 -0.184862882 -40.180049896
-0.184304729 0.037054338 0.982170403 135.099914551 -0.021446412 0.998899579 -0.041709907 -5.037250996 -0.982635140 -0.028751370 -0.183307230 -40.340599060
-0.180555910 0.033769425 0.982984841 135.917938232 -0.015567981 0.999187112 -0.037185594 -5.087453365 -0.983441472 -0.022017168 -0.179883435 -40.500957489
-0.178611517 0.028590830 0.983504176 136.731918335 -0.012232771 0.999435902 -0.031275541 -5.134646416 -0.983843684 -0.017617153 -0.178161040 -40.649696350
-0.174978524 0.028410083 0.984162271 137.539505005 -0.010214034 0.999477446 -0.030668188 -5.175943375 -0.984519243 -0.015418545 -0.174596906 -40.793922424
-0.169823289 0.033318624 0.984911203 138.340621948 -0.008809844 0.999337077 -0.035325676 -5.221953869 -0.985435128 -0.014676034 -0.169417143 -40.933860779
-0.163404673 0.036471494 0.985884726 139.136871338 -0.008475173 0.999227643 -0.038369801 -5.263635635 -0.986522734 -0.014625348 -0.162969396 -41.060901642
-0.155431166 0.037372269 0.987139583 139.935211182 -0.008201945 0.999200881 -0.039120343 -5.300323486 -0.987812638 -0.014176983 -0.155000418 -41.178871155
-0.145999312 0.033056676 0.988732159 140.732803345 -0.007284733 0.999378562 -0.034488298 -5.340621948 -0.989257872 -0.012237919 -0.145667747 -41.291790009
-0.134048268 0.031706855 0.990467429 141.525894165 -0.003887640 0.999463499 -0.032520972 -5.383415699 -0.990967095 -0.008209963 -0.133853063 -41.398345947
-0.120154969 0.034350820 0.992160678 142.314727783 0.000529280 0.999403358 -0.034537472 -5.422092438 -0.992754936 -0.003624718 -0.120101452 -41.495674133
-0.106091641 0.035401445 0.993726015 143.101913452 -0.000039306 0.999365926 -0.035606563 -5.461360455 -0.994356334 -0.003816617 -0.106022976 -41.574310303
-0.092118248 0.035436042 0.995117486 143.886810303 0.000856734 0.999369025 -0.035508148 -5.501548767 -0.995747685 -0.002418397 -0.092090502 -41.643493652
-0.078658998 0.037090518 0.996211410 144.668609619 0.001770250 0.999311209 -0.037066154 -5.545100212 -0.996900082 -0.001152043 -0.078670487 -41.699432373
-0.064862221 0.043132849 0.996961594 145.439270020 -0.001079316 0.999061763 -0.043293942 -5.596742630 -0.997893631 -0.003884178 -0.064754829 -41.740989685
-0.052106172 0.052374855 0.997267246 146.203704834 -0.008169307 0.998567998 -0.052870005 -5.642053127 -0.998608112 -0.010901834 -0.051603682 -41.765296936
-0.038588110 0.060181379 0.997441292 146.968917847 -0.012403267 0.998079002 -0.060699694 -5.691663742 -0.999178231 -0.014713814 -0.037767537 -41.778114319
-0.025540814 0.060808148 0.997822702 147.734039307 -0.013282277 0.998039484 -0.061161347 -5.743799210 -0.999585629 -0.014815467 -0.024683069 -41.788978577
-0.013420972 0.057272229 0.998268366 148.507308960 -0.016880617 0.998202980 -0.057495434 -5.797759056 -0.999767423 -0.017623033 -0.012430064 -41.790657043
-0.002944004 0.054705348 0.998498201 149.271728516 -0.020887269 0.998281240 -0.054755051 -5.857373238 -0.999777496 -0.021017101 -0.001796297 -41.777725220
0.005957442 0.061076540 0.998115301 150.027511597 -0.024832055 0.997834206 -0.060911134 -5.920107841 -0.999673843 -0.024422379 0.007461198 -41.760597229
0.012834976 0.069067128 0.997529507 150.773544312 -0.027961221 0.997246325 -0.068687752 -5.974610806 -0.999526620 -0.027010538 0.014730834 -41.741756439
0.015974576 0.071794115 0.997291505 151.528289795 -0.030683251 0.996984184 -0.071280509 -6.030962944 -0.999401510 -0.029461473 0.018129276 -41.723804474
0.015780058 0.067349955 0.997604549 152.282608032 -0.033006992 0.997220099 -0.066801906 -6.090727329 -0.999330521 -0.031873792 0.017959213 -41.703132629
0.014239185 0.062891506 0.997918844 153.038742065 -0.034960255 0.997441113 -0.062362555 -6.159132481 -0.999287188 -0.033999510 0.016401455 -41.687892914
0.010888069 0.060263649 0.998123109 153.796310425 -0.034006309 0.997627199 -0.059862748 -6.210174561 -0.999362290 -0.033290692 0.012911579 -41.673786163
0.008359015 0.060631853 0.998125136 154.540481567 -0.032119285 0.997661233 -0.060334690 -6.262448311 -0.999449134 -0.031554729 0.010286920 -41.670482635
0.004131354 0.060398519 0.998165786 155.281753540 -0.031183269 0.997696638 -0.060241066 -6.320676804 -0.999505162 -0.030877186 0.006005262 -41.660285950
0.000397056 0.059518173 0.998227119 156.024993896 -0.029928306 0.997780800 -0.059479661 -6.374645233 -0.999551892 -0.029851632 0.002177453 -41.663574219
-0.004773827 0.059606824 0.998210490 156.763427734 -0.030787397 0.997740030 -0.059725966 -6.426041603 -0.999514461 -0.031017423 -0.002927899 -41.664775848
-0.010964031 0.057799313 0.998268068 157.502471924 -0.032055922 0.997794628 -0.058123972 -6.478319168 -0.999425948 -0.032637674 -0.009087042 -41.663616180
-0.016564367 0.055360414 0.998329043 158.251281738 -0.029759226 0.997996390 -0.055835735 -6.537815094 -0.999419749 -0.030634385 -0.014883699 -41.684246063
-0.021678424 0.055144060 0.998243093 158.985992432 -0.030392123 0.997979939 -0.055789538 -6.589610100 -0.999302924 -0.031548157 -0.019958686 -41.700523376
-0.027542302 0.056900486 0.997999966 159.705139160 -0.032744177 0.997791469 -0.057792272 -6.636906147 -0.999084234 -0.034270417 -0.025618315 -41.705551147
-0.031405199 0.058820635 0.997774363 160.429550171 -0.032072313 0.997693419 -0.059825353 -6.697948456 -0.998991966 -0.033879761 -0.029446250 -41.725460052
-0.033927735 0.060707953 0.997578740 161.148178101 -0.031748973 0.997584164 -0.061788067 -6.755102158 -0.998919904 -0.033768434 -0.031918362 -41.748764038
-0.034754492 0.062080480 0.997465849 161.864837646 -0.028801501 0.997592092 -0.063091859 -6.810180187 -0.998980761 -0.030921234 -0.032882795 -41.780128479
-0.034542844 0.060764253 0.997554123 162.593429565 -0.025996225 0.997757554 -0.061676819 -6.863870621 -0.999065101 -0.028063141 -0.032885738 -41.802082062
-0.030263748 0.056775205 0.997928202 163.314575195 -0.022741001 0.998087883 -0.057473954 -6.921968460 -0.999283314 -0.024433261 -0.028914753 -41.829669952
-0.022498963 0.056533687 0.998147130 164.017272949 -0.021945206 0.998131394 -0.057027455 -6.977766514 -0.999505937 -0.023187604 -0.021216277 -41.844448090
-0.011649646 0.057639107 0.998269498 164.711395264 -0.019489527 0.998134434 -0.057858758 -7.027322769 -0.999742210 -0.020129833 -0.010504553 -41.842658997
0.002651345 0.057534434 0.998339951 165.403717041 -0.017489532 0.998193443 -0.057479545 -7.079032421 -0.999843478 -0.017308099 0.003652807 -41.835880280
0.018188870 0.055771459 0.998277783 166.084838867 -0.018020073 0.998299181 -0.055444311 -7.124598980 -0.999672174 -0.016980574 0.019162938 -41.822772980
0.034131363 0.050724559 0.998129189 166.767974854 -0.022916974 0.998488367 -0.049959145 -7.172625065 -0.999154627 -0.021168929 0.035242215 -41.780738831
0.050585978 0.043987267 0.997750580 167.452590942 -0.024114590 0.998792112 -0.042810582 -7.217279911 -0.998428524 -0.021894731 0.051585615 -41.733856201
0.067483865 0.037127711 0.997029364 168.129379272 -0.025068726 0.999054968 -0.035506368 -7.252542496 -0.997405410 -0.022598149 0.068350837 -41.672912598
0.085450076 0.029539037 0.995904505 168.810028076 -0.024507189 0.999320269 -0.027537605 -7.287791252 -0.996041000 -0.022053732 0.086115919 -41.613857269
0.102214321 0.023564583 0.994483292 169.472061157 -0.026341936 0.999432862 -0.020974411 -7.321082115 -0.994413555 -0.024052730 0.102777101 -41.529396057
0.120096847 0.021294344 0.992533803 170.124328613 -0.027649725 0.999453783 -0.018097188 -7.350220680 -0.992377102 -0.025269875 0.120620027 -41.436866760
0.138247937 0.020091988 0.990193844 170.764541626 -0.026437011 0.999512792 -0.016590020 -7.370510578 -0.990044713 -0.023884229 0.138711751 -41.341053009
0.155306041 0.019411944 0.987675726 171.401626587 -0.027086452 0.999514639 -0.015385452 -7.389668941 -0.987495005 -0.024363177 0.155756444 -41.224632263
0.170981690 0.018528339 0.985099971 172.031158447 -0.032506861 0.999384880 -0.013154876 -7.408093929 -0.984737873 -0.029773263 0.171478808 -41.091388702
0.186078817 0.015061299 0.982419312 172.650497437 -0.033866107 0.999386668 -0.008906884 -7.426746368 -0.981950998 -0.031613339 0.186474755 -40.968086243
0.197942719 0.011186568 0.980149806 173.274887085 -0.030579498 0.999518514 -0.005232054 -7.442851543 -0.979736507 -0.028936837 0.198189527 -40.834156036
0.208675250 0.010118133 0.977932572 173.893234253 -0.028790608 0.999576628 -0.004198613 -7.460151672 -0.977561116 -0.027279133 0.208878204 -40.697074890
0.218671158 0.013810074 0.975700855 174.496002197 -0.033415556 0.999419391 -0.006656789 -7.479986191 -0.975226283 -0.031147942 0.219005689 -40.548408508
0.227682292 0.020934848 0.973510325 175.080017090 -0.037644226 0.999210656 -0.012683379 -7.501413345 -0.973007679 -0.033759266 0.228290617 -40.400543213
0.236585602 0.030400569 0.971134961 175.668533325 -0.037571717 0.999049127 -0.022121269 -7.520446301 -0.970883965 -0.031253632 0.237502798 -40.247463226
0.245086133 0.036553867 0.968811870 176.260833740 -0.032533474 0.999036193 -0.029464059 -7.536504745 -0.968955278 -0.024297588 0.246039122 -40.101627350
0.251186103 0.034508813 0.967323422 176.856506348 -0.031556107 0.999125004 -0.027449109 -7.554265976 -0.967424214 -0.023630135 0.252055228 -39.940746307
0.257114887 0.027188363 0.965998352 177.459671021 -0.034479793 0.999225914 -0.018946249 -7.571731567 -0.965765595 -0.028436055 0.257853299 -39.769771576
0.261696279 0.016298756 0.965012670 178.064163208 -0.038356636 0.999243081 -0.006475186 -7.595112324 -0.964387774 -0.035320103 0.262123376 -39.595237732
0.263649940 0.008362933 0.964582205 178.669692993 -0.038827721 0.999244034 0.001949357 -7.619920254 -0.963836670 -0.037966467 0.263775319 -39.425148010
0.264769852 0.007691400 0.964280963 179.274795532 -0.035515517 0.999367535 0.001780499 -7.634356022 -0.963657439 -0.034718357 0.264875561 -39.263854980
0.266051650 0.009493960 0.963912070 179.877685547 -0.031923097 0.999489784 -0.001033208 -7.642656803 -0.963430047 -0.030496173 0.266218990 -39.096652985
0.267912388 0.008833168 0.963402867 180.472335815 -0.028720636 0.999586821 -0.001178018 -7.652949333 -0.963015199 -0.027353935 0.268055350 -38.934116364
0.269103795 0.007106095 0.963084877 181.089965820 -0.030968526 0.999519527 0.001278253 -7.652121544 -0.962613165 -0.030169301 0.269194543 -38.748252869
0.271717668 0.003444066 0.962370872 181.702453613 -0.031643402 0.999484837 0.005357371 -7.660485268 -0.961856604 -0.031908371 0.271686733 -38.569213867
0.274840504 -0.001501326 0.961488664 182.321853638 -0.031413853 0.999450743 0.010540221 -7.667559147 -0.960976481 -0.033100944 0.274642467 -38.387660980
0.279652119 -0.004173778 0.960092247 182.939514160 -0.029865857 0.999468803 0.013044174 -7.669696808 -0.959636748 -0.032321811 0.279378951 -38.208599091
0.285714418 -0.006658271 0.958291650 183.549514771 -0.027029844 0.999522030 0.015003685 -7.668187141 -0.957933486 -0.030189246 0.285397917 -38.024639130
0.293310434 -0.009950666 0.955965400 184.167953491 -0.025585663 0.999506056 0.018254101 -7.669234753 -0.955674827 -0.029813128 0.292910963 -37.827049255
0.302888125 -0.011519051 0.952956438 184.785339355 -0.023186252 0.999541938 0.019451689 -7.667871475 -0.952744067 -0.027987175 0.302482277 -37.624973297
0.314533383 -0.009759258 0.949196160 185.401748657 -0.024427077 0.999532759 0.018371155 -7.674565792 -0.948932052 -0.028964434 0.314148009 -37.419296265
0.325751126 -0.005904170 0.945437133 186.013809204 -0.025578534 0.999559522 0.015055263 -7.671999454 -0.945109546 -0.029087164 0.325456560 -37.193599701
0.338039041 -0.002927034 0.941127539 186.634765625 -0.026210610 0.999577940 0.012523285 -7.669178963 -0.940767050 -0.028900888 0.337819666 -36.967777252
0.349446088 -0.002897352 0.936951935 187.236495972 -0.024879834 0.999613941 0.012370314 -7.671984673 -0.936626077 -0.027633965 0.349239081 -36.735744476
0.361066848 -0.005806503 0.932521880 187.854476929 -0.024456536 0.999577641 0.015693460 -7.670797825 -0.932219207 -0.028472636 0.360772371 -36.496730804
