0.9999987483024597 -0.001243941835127771 -0.0009669548599049449 0.20996680855751038 0.0012471715454012156 0.999993622303009 0.0033466785680502653 -0.7921525835990906 0.000962785619776696 -0.0033478804398328066 0.9999939203262329 -0.09265054762363434
0.9999839067459106 -0.003693246515467763 -0.00431380420923233 0.2063063681125641 0.003698165062814951 0.9999925494194031 0.0011328228283673525 -0.794990599155426 0.004309588577598333 -0.001148757291957736 0.9999900460243225 0.5740865468978882
0.9999622702598572 -0.00277597620151937 -0.008232790045440197 0.19306856393814087 0.0027735198382288218 0.9999961256980896 -0.0003097746812272817 -0.7957034111022949 0.00823361799120903 0.0002869287272915244 0.9999660849571228 1.2736492156982422
0.9999248385429382 -0.002399406861513853 -0.012024146504700184 0.17699216306209564 0.0023783014621585608 0.9999957084655762 -0.0017692310502752662 -0.7951019406318665 0.012028340250253677 0.0017405012622475624 0.9999261498451233 1.9740279912948608
0.9998575448989868 -0.0010615494102239609 -0.01684493012726307 0.1551550328731537 0.0010197027586400509 0.9999963641166687 -0.0024926315527409315 -0.7955309152603149 0.0168475154787302 0.002475099405273795 0.9998549818992615 2.7010529041290283
0.9997724890708923 -0.001927609439007938 -0.02124328911304474 0.1399196833372116 0.001874712877906859 0.9999951124191284 -0.002509671961888671 -0.8073583841323853 0.021248023957014084 0.0024692758452147245 0.9997711777687073 3.4433939456939697
0.9996687769889832 -0.0001249866036232561 -0.02573538012802601 0.1137503907084465 2.471615152899176e-05 0.9999924302101135 -0.0038964927662163973 -0.8081926107406616 0.025735674425959587 0.0038945660926401615 0.9996611475944519 4.19795036315918
0.9995353817939758 0.002524658339098096 -0.030375519767403603 0.08050952851772308 -0.0026610896456986666 0.9999865293502808 -0.0044519007205963135 -0.8168388605117798 0.03036387264728546 0.004530663602054119 0.9995286464691162 4.95849609375
0.9993944764137268 0.0026646400801837444 -0.034693483263254166 0.049140408635139465 -0.0027639518957585096 0.9999921321868896 -0.0028148945420980453 -0.8216997981071472 0.03468570485711098 0.002909081755205989 0.9993940591812134 5.750936985015869
0.9992283582687378 0.0020138013642281294 -0.039226092398166656 0.013356626033782959 -0.002026626141741872 0.9999978542327881 -0.0002871961332857609 -0.8247533440589905 0.03922542184591293 0.000366471242159605 0.9992303252220154 6.55261754989624
0.9990966320037842 0.0015552035765722394 -0.04247020557522774 -0.027456015348434448 -0.0014474428026005626 0.9999955892562866 0.0025679601822048426 -0.8312902450561523 0.042474012821912766 -0.0025041664484888315 0.9990944266319275 7.358119010925293
0.99898362159729 0.0031126420944929123 -0.04496746137738228 -0.0688399076461792 -0.0030452485661953688 0.9999940991401672 0.0015671589644625783 -0.8351195454597473 0.04497208818793297 -0.0014286292716860771 0.9989871382713318 8.170964241027832
0.9988835453987122 0.0027119831647723913 -0.047163043171167374 -0.11454007029533386 -0.0026529047172516584 0.9999956488609314 0.0013151912717148662 -0.8373293280601501 0.04716639965772629 -0.0011886039283126593 0.9988862872123718 8.990653038024902
0.9988224506378174 0.00010189806926064193 -0.04851534217596054 -0.16161313652992249 -7.007953536231071e-05 0.9999998211860657 0.0006575504667125642 -0.8416967391967773 0.04851539433002472 -0.0006533765117637813 0.9988221526145935 9.817307472229004
0.9986966252326965 -0.0005816264892928302 -0.051036570221185684 -0.19682496786117554 0.0006558633176609874 0.9999987483024597 0.0014378433115780354 -0.8451518416404724 0.051035668700933456 -0.0014694422716274858 0.9986957311630249 10.662678718566895
0.9986156821250916 -0.0021058127749711275 -0.05255689471960068 -0.243819922208786 0.0021679627243429422 0.9999970197677612 0.0011255494318902493 -0.8501875996589661 0.05255436524748802 -0.0012379330582916737 0.9986172318458557 11.515525817871094
0.9985278844833374 5.83798682782799e-05 -0.05424069985747337 -0.2986312210559845 -0.0001229185872944072 0.9999992847442627 -0.0011865239357575774 -0.8570114374160767 0.05424059182405472 0.0011914450442418456 0.9985271096229553 12.37179946899414
0.9984559416770935 0.000556959246750921 -0.055547021329402924 -0.3499390780925751 -0.0007616000366397202 0.9999930262565613 -0.0036630027461797 -0.8659334778785706 0.055544592440128326 0.003699652384966612 0.9984493255615234 13.232352256774902
0.9983628988265991 0.004385708831250668 -0.05702802166342735 -0.41194435954093933 -0.004692913498729467 0.9999752640724182 -0.005254095420241356 -0.875304102897644 0.057003557682037354 0.00551312230527401 0.9983587861061096 14.107378005981445
0.998290479183197 0.00553762586787343 -0.058184340596199036 -0.4658173620700836 -0.00582363735884428 0.9999717473983765 -0.004747217986732721 -0.8858473896980286 0.05815640091896057 0.005077947862446308 0.998294472694397 15.001643180847168
0.9982122182846069 0.004527094308286905 -0.05959741771221161 -0.5229142904281616 -0.004729242529720068 0.999983549118042 -0.0032512627076357603 -0.8977599740028381 0.05958172678947449 0.0035273018293082714 0.9982172250747681 15.875521659851074
0.9981404542922974 0.005168585106730461 -0.06073753163218498 -0.5866580605506897 -0.005300883203744888 0.9999839663505554 -0.0020172561053186655 -0.904587984085083 0.06072613224387169 0.0023354669101536274 0.9981517791748047 16.771921157836914
0.9980874061584473 0.0048297676257789135 -0.06162934750318527 -0.6475028991699219 -0.004945865832269192 0.9999862909317017 -0.001731415861286223 -0.9199233055114746 0.06162014231085777 0.002032914664596319 0.9980977177619934 17.68060874938965
0.9979743957519531 0.004715196322649717 -0.06344076991081238 -0.7043418884277344 -0.0048824455589056015 0.9999849200248718 -0.0024815613869577646 -0.9299708008766174 0.06342810392379761 0.0027862826827913523 0.9979825019836426 18.58056640625
0.9979181885719299 0.0031093943398445845 -0.0644175186753273 -0.7669920921325684 -0.0033064738381654024 0.9999901652336121 -0.002953037852421403 -0.9415555000305176 0.06440769881010056 0.0031598855275660753 0.9979187250137329 19.49164581298828
0.9978886246681213 0.0029089185409247875 -0.06488332152366638 -0.8283556699752808 -0.003010703716427088 0.9999943375587463 -0.0014710210962221026 -0.9481478333473206 0.0648786798119545 0.0016632595798000693 0.9978917837142944 20.409927368164062
0.9978703856468201 0.004737070761620998 -0.0650547593832016 -0.887702465057373 -0.004635966848582029 0.999987781047821 0.0017050124006345868 -0.9550631046295166 0.065062016248703 -0.0013997898204252124 0.997880220413208 21.333887100219727
0.997928261756897 0.0058727990835905075 -0.06406794488430023 -0.9519870281219482 -0.005533182993531227 0.9999697208404541 0.005477023310959339 -0.9619990587234497 0.06409816443920135 -0.005111176986247301 0.9979305267333984 22.265460968017578
0.9980503916740417 0.005065984092652798 -0.06220794841647148 -1.020480751991272 -0.00456762732937932 0.9999563097953796 0.008150755427777767 -0.9632624387741089 0.06224652752280235 -0.007850720547139645 0.998029887676239 23.19959259033203
0.9981216192245483 0.004702169913798571 -0.06108450889587402 -1.0676155090332031 -0.004140450153499842 0.9999480247497559 0.009319118224084377 -0.9709483981132507 0.06112516298890114 -0.009048695676028728 0.9980890154838562 24.13286018371582
0.9982033371925354 0.005030338652431965 -0.059705499559640884 -1.1247196197509766 -0.004649742506444454 0.9999680519104004 0.006511779502034187 -0.974361002445221 0.059736333787441254 -0.0062224650755524635 0.9981947541236877 25.07742691040039
0.9982532858848572 0.005603024270385504 -0.058812808245420456 -1.185555100440979 -0.005510712042450905 0.9999833106994629 0.0017316690646111965 -0.9761132597923279 0.05882152169942856 -0.0014045429416000843 0.9982675313949585 26.01661491394043
0.9983364343643188 0.005443555768579245 -0.057398803532123566 -1.245460867881775 -0.00551196001470089 0.9999843835830688 -0.0010334933176636696 -0.9872857332229614 0.057392269372940063 0.0013481550849974155 0.9983507990837097 26.95583724975586
0.9983811378479004 0.002693145303055644 -0.0568145215511322 -1.298323631286621 -0.0027009062469005585 0.9999963641166687 -5.980749847367406e-05 -0.9934340715408325 0.056814149022102356 0.00021316134370863438 0.9983847141265869 27.914058685302734
0.9983905553817749 0.0009038015268743038 -0.05670396611094475 -1.3601833581924438 -0.0006259098299778998 0.9999876618385315 0.004918304271996021 -1.0008323192596436 0.0567077100276947 -0.004874897189438343 0.9983789324760437 28.88751792907715
0.9983410835266113 -0.0024645060766488314 -0.05752335488796234 -1.4103522300720215 0.002959956880658865 0.9999592304229736 0.008529426530003548 -1.014389157295227 0.05749998241662979 -0.008685545064508915 0.9983076453208923 29.85059356689453
0.9982181787490845 -0.009943812154233456 -0.05883678048849106 -1.4570728540420532 0.010427817702293396 0.999914288520813 0.007924919947981834 -1.017838478088379 0.05875293165445328 -0.008524337783455849 0.9982361197471619 30.827579498291016
0.998119056224823 -0.012323758564889431 -0.06005408242344856 -1.5141303539276123 0.012587674893438816 0.9999127984046936 0.004018291365355253 -1.0203074216842651 0.05999932065606117 -0.004766674712300301 0.9981870651245117 31.790058135986328
0.9980373978614807 -0.012020978145301342 -0.061455462127923965 -1.577359676361084 0.012038455344736576 0.9999275803565979 -8.588144555687904e-05 -1.0234071016311646 0.061452046036720276 -0.0006541158072650433 0.9981098175048828 32.7699089050293
0.9979327321052551 -0.01060872245579958 -0.06338407844305038 -1.6523429155349731 0.010575031861662865 0.9999436140060425 -0.000866984948515892 -1.0280060768127441 0.06338970363140106 0.0001949048601090908 0.9979889392852783 33.75714874267578
0.9978818297386169 -0.010523125529289246 -0.06419457495212555 -1.7064597606658936 0.010597328655421734 0.9999434947967529 0.0008155618561431766 -1.044196367263794 0.06418237835168839 -0.0014941258123144507 0.997937023639679 34.7260627746582
0.9978220462799072 -0.0075101652182638645 -0.06553244590759277 -1.7760748863220215 0.00775864627212286 0.9999637007713318 0.003538051387295127 -1.0533552169799805 0.06550349295139313 -0.004038789309561253 0.9978441596031189 35.72504806518555
0.9977501034736633 -0.007137255277484655 -0.06666205823421478 -1.8452028036117554 0.007464901078492403 0.999961256980896 0.004667225759476423 -1.0609517097473145 0.0666261538863182 -0.0051543512381613255 0.9977646470069885 36.70415115356445
0.9976991415023804 -0.0059551759622991085 -0.06753437966108322 -1.9169046878814697 0.006464364007115364 0.9999523162841797 0.007323663681745529 -1.066744089126587 0.06748753041028976 -0.007743379101157188 0.9976900219917297 37.68137741088867
0.9977020025253296 -0.005841728765517473 -0.06750265508890152 -1.9835453033447266 0.006565430201590061 0.9999232888221741 0.010504224337637424 -1.0730324983596802 0.0674361139535904 -0.01092327106744051 0.9976637959480286 38.685157775878906
0.9976760149002075 -0.00021074205869808793 -0.06813590973615646 -2.06119966506958 0.001078359317034483 0.9999187588691711 0.012697091326117516 -1.0701782703399658 0.06812771409749985 -0.012741057202219963 0.9975952506065369 39.67254638671875
0.9976678490638733 8.354959572898224e-05 -0.06825680285692215 -2.140232801437378 0.0007425412186421454 0.999926745891571 0.012077214196324348 -1.0738736391067505 0.0682528167963028 -0.012099731713533401 0.9975947141647339 40.66646194458008
0.9976652264595032 0.00024560134625062346 -0.06829248368740082 -2.193760395050049 0.00048196190618909895 0.9999433159828186 0.010636952705681324 -1.0845451354980469 0.06829123944044113 -0.010645031929016113 0.9976086020469666 41.64096450805664
0.9976620078086853 0.002652923809364438 -0.06828871369361877 -2.274346351623535 -0.002092055743560195 0.9999635219573975 0.008283393457531929 -1.0854525566101074 0.06830821186304092 -0.00812116451561451 0.9976311922073364 42.63751220703125
0.997628390789032 0.00217001186683774 -0.06879615783691406 -2.350796699523926 -0.0015999437309801579 0.9999639987945557 0.00834035873413086 -1.0877940654754639 0.06881177425384521 -0.008210507221519947 0.9975959062576294 43.6094856262207
0.9975235462188721 0.00011870483285747468 -0.07033329457044601 -2.4164652824401855 0.000555483449716121 0.9999542236328125 0.009565984830260277 -1.095872402191162 0.07033120095729828 -0.009581365622580051 0.997477650642395 44.59817123413086
0.9974683523178101 0.00047399220056831837 -0.07110948115587234 -2.4889683723449707 0.0002918035606853664 0.9999421834945679 0.010758474469184875 -1.1009128093719482 0.07111047208309174 -0.010751988738775253 0.9974104762077332 45.584041595458984
0.9974715709686279 0.0031900512985885143 -0.0709957405924797 -2.5719852447509766 -0.002687599277123809 0.9999707341194153 0.007171615492552519 -1.1094530820846558 0.07101654261350632 -0.006962675601243973 0.9974508285522461 46.54790115356445
0.997359573841095 0.003818431869149208 -0.07252181321382523 -2.640984058380127 -0.003630444873124361 0.9999896883964539 0.0027237706817686558 -1.1121256351470947 0.07253149151802063 -0.002453293651342392 0.9973630905151367 47.51609802246094
0.9973267912864685 0.003777659498155117 -0.07297413796186447 -2.705720901489258 -0.003645450808107853 0.9999914765357971 0.0019448262173682451 -1.1200910806655884 0.0729808658361435 -0.001673603430390358 0.9973320364952087 48.47348403930664
0.997320830821991 0.0027927071787416935 -0.07309900224208832 -2.778784990310669 -0.0023869681172072887 0.9999813437461853 0.005637313239276409 -1.130289912223816 0.07311337441205978 -0.005447724834084511 0.9973087310791016 49.45404052734375
0.9973501563072205 0.000735146168153733 -0.07274584472179413 -2.8578357696533203 -0.00010639229003572837 0.9999626278877258 0.008646656759083271 -1.1370275020599365 0.07274948060512543 -0.008616005070507526 0.9973130226135254 50.41914749145508
0.9972871541976929 -0.001586306025274098 -0.07359202206134796 -2.9149694442749023 0.002274065976962447 0.9999545216560364 0.00926272664219141 -1.1397451162338257 0.07357398420572281 -0.009404951706528664 0.9972454309463501 51.370052337646484
0.9972440004348755 -0.004892182070761919 -0.07403017580509186 -2.983457565307617 0.005505723413079977 0.9999521970748901 0.008085904642939568 -1.1454790830612183 0.07398708164691925 -0.008471209555864334 0.9972232580184937 52.32997512817383
0.9972168207168579 -0.0076003228314220905 -0.07416786998510361 -3.0529565811157227 0.008129903115332127 0.9999435544013977 0.006841001100838184 -1.1531318426132202 0.0741116851568222 -0.007424939423799515 0.9972222447395325 53.27827072143555
0.9971351027488708 -0.00889713317155838 -0.07511665672063828 -3.125833034515381 0.00950966402888298 0.99992436170578 0.00780065730214119 -1.1584093570709229 0.07504156976938248 -0.008492643013596535 0.9971442222595215 54.233882904052734
0.9969908595085144 -0.012219782918691635 -0.07654969394207001 -3.194241762161255 0.013167076744139194 0.9998427629470825 0.011882422491908073 -1.1589012145996094 0.07639245688915253 -0.012854603119194508 0.9969949722290039 55.18300247192383
0.9969397187232971 -0.012635420076549053 -0.07714531570672989 -3.2626757621765137 0.013983394019305706 0.9997583627700806 0.016958056017756462 -1.1623573303222656 0.07691240310668945 -0.017984911799430847 0.9968756437301636 56.12017059326172
0.9969384074211121 -0.010994878597557545 -0.07741375267505646 -3.345089912414551 0.01249837689101696 0.9997420907020569 0.018963944166898727 -1.1576136350631714 0.07718528807163239 -0.01987343095242977 0.9968186616897583 57.067806243896484
0.9968471527099609 -0.009603625163435936 -0.07876227796077728 -3.4252243041992188 0.010793142952024937 0.9998338222503662 0.014690861105918884 -1.1551731824874878 0.07860811054706573 -0.01549463625997305 0.9967851042747498 57.99641036987305
0.99672931432724 -0.00788583979010582 -0.08042589575052261 -3.497535228729248 0.008501354604959488 0.999937117099762 0.007313648238778114 -1.160440444946289 0.08036317676305771 -0.007973458617925644 0.9967337846755981 58.904823303222656
0.9966745376586914 -0.006584626622498035 -0.08121924102306366 -3.578979969024658 0.006817576475441456 0.9999734163284302 0.0025911605916917324 -1.1653496026992798 0.0812000185251236 -0.0031362620647996664 0.9966928958892822 59.82537841796875
0.9966539144515991 -0.0013777832500636578 -0.08172622323036194 -3.6680948734283447 0.0016524218954145908 0.9999932050704956 0.003292927984148264 -1.1716605424880981 0.08172114193439484 -0.003416955703869462 0.9966493844985962 60.72430419921875
0.9965166449546814 0.0011771460995078087 -0.08338606357574463 -3.749403476715088 -0.0006804979057051241 0.9999818801879883 0.005984186194837093 -1.185295581817627 0.08339159935712814 -0.0059065972454845905 0.9964993000030518 61.62451171875
0.9964420199394226 0.0036441911943256855 -0.08420143276453018 -3.826875686645508 -0.0030445915181189775 0.9999691247940063 0.007248318288475275 -1.195202112197876 0.08422522246837616 -0.006966171320527792 0.9964224100112915 62.4931640625
0.9963377714157104 0.004124902654439211 -0.0854043960571289 -3.9054114818573 -0.0035425731912255287 0.9999694228172302 0.0069689275696873665 -1.2004839181900024 0.08543054014444351 -0.006640855222940445 0.9963220357894897 63.359130859375
0.9961972236633301 0.005776527337729931 -0.08693423867225647 -3.984370470046997 -0.005087278783321381 0.9999538660049438 0.008147860877215862 -1.212314248085022 0.0869772732257843 -0.007674616761505604 0.9961807131767273 64.20963287353516
0.9960622191429138 0.006813705433160067 -0.08839422464370728 -4.0635881423950195 -0.006069944705814123 0.9999439120292664 0.008680221624672413 -1.22086501121521 0.0884484201669693 -0.008109493181109428 0.9960476756095886 65.05126190185547
0.995942234992981 0.006596655119210482 -0.08975134044885635 -4.137332439422607 -0.005806286353617907 0.9999420642852783 0.009064443409442902 -1.2267398834228516 0.08980594575405121 -0.008506541140377522 0.9959229826927185 65.8614273071289
0.9958415031433105 0.006246776320040226 -0.09088762104511261 -4.212566375732422 -0.005346901714801788 0.9999342560768127 0.010141084901988506 -1.2303462028503418 0.09094499796628952 -0.009612944908440113 0.9958094954490662 66.6661605834961
0.9956921339035034 0.009263277985155582 -0.09225712716579437 -4.293169021606445 -0.008107000961899757 0.9998838901519775 0.012900104746222496 -1.2371598482131958 0.09236591309309006 -0.012096603401005268 0.9956516027450562 67.46630096435547
0.9955593943595886 0.010839357040822506 -0.0935097485780716 -4.374133110046387 -0.009287066757678986 0.9998119473457336 0.01701955869793892 -1.240198016166687 0.09367664903402328 -0.01607554778456688 0.9954729080200195 68.2542953491211
0.995372474193573 0.014012984931468964 -0.09506428241729736 -4.4598846435546875 -0.012283137999475002 0.9997485280036926 0.018757468089461327 -1.2406377792358398 0.09530321508646011 -0.017502976581454277 0.9952943921089172 69.03181457519531
0.9951967597007751 0.016866546124219894 -0.09643084555864334 -4.539308071136475 -0.015533155761659145 0.9997732639312744 0.01456144917756319 -1.2435399293899536 0.09665457159280777 -0.012993630021810532 0.9952331781387329 69.78130340576172
0.9950641989707947 0.01664194092154503 -0.09782768040895462 -4.611095905303955 -0.015994030982255936 0.9998446106910706 0.007403557654470205 -1.2526025772094727 0.09793569892644882 -0.005802355241030455 0.9951757788658142 70.5022201538086
0.9949306845664978 0.01593596301972866 -0.09929229319095612 -4.684990406036377 -0.01585514284670353 0.9998730421066284 0.0016030499245971441 -1.2579073905944824 0.09930522739887238 -2.0630030121537857e-05 0.9950570464134216 71.20986938476562
0.9948753118515015 0.01654379814863205 -0.09974703937768936 -4.759002208709717 -0.01659492217004299 0.9998622536659241 0.0003172352444380522 -1.2601666450500488 0.09973853826522827 0.0013396843569353223 0.9950127601623535 71.900634765625
0.9947624802589417 0.019256001338362694 -0.10038347542285919 -4.837934970855713 -0.018976455554366112 0.9998130798339844 0.0037390165962278843 -1.2650340795516968 0.10043669492006302 -0.001814511138945818 0.994941771030426 72.57768249511719
0.9946238994598389 0.0198849868029356 -0.10162604600191116 -4.910313129425049 -0.019347673282027245 0.9997931718826294 0.0062701646238565445 -1.2831171751022339 0.10172971338033676 -0.004270228557288647 0.9948028326034546 73.23030090332031
0.9945828318595886 0.016613449901342392 -0.10261163115501404 -4.976276397705078 -0.016401216387748718 0.9998613595962524 0.0029117371886968613 -1.2910197973251343 0.10264577716588974 -0.0012130080722272396 0.9947171807289124 73.85929870605469
0.9946562647819519 0.008202067576348782 -0.10291548073291779 -5.021514892578125 -0.008464829064905643 0.9999620318412781 -0.002116674557328224 -1.306802749633789 0.10289423167705536 0.0029765258077532053 0.9946878552436829 74.47080993652344
0.9947910308837891 0.004365656524896622 -0.10184193402528763 -5.075934410095215 -0.005095746833831072 0.9999631643295288 -0.006909793242812157 -1.3137996196746826 0.10180801898241043 0.007392760366201401 0.9947765469551086 75.06529998779297
0.9950600266456604 0.0065271127969026566 -0.09905989468097687 -5.129743576049805 -0.00726287579163909 0.9999486804008484 -0.007068646140396595 -1.3256620168685913 0.09900867938995361 0.007753187790513039 0.9950563311576843 75.64364624023438
0.9954215884208679 0.011836709454655647 -0.09484580904245377 -5.196861267089844 -0.012267039157450199 0.9999168515205383 -0.003955350257456303 -1.338587760925293 0.09479110687971115 0.005100719165056944 0.9954840540885925 76.21685028076172
0.9958743453025818 0.010290167294442654 -0.09015878289937973 -5.248679161071777 -0.01042244117707014 0.9999451637268066 -0.0009964082855731249 -1.3442405462265015 0.0901435986161232 0.001931971637532115 0.9959268569946289 76.77611541748047
0.9964096546173096 0.0067574139684438705 -0.08439148217439651 -5.285511016845703 -0.00653389748185873 0.9999743103981018 0.0029244916513562202 -1.3496274948120117 0.08440906554460526 -0.0023625874891877174 0.996428370475769 77.31761932373047
0.997077226638794 0.002078661695122719 -0.07637173682451248 -5.309520244598389 -0.0015820281114429235 0.9999772310256958 0.006562766153365374 -1.3656911849975586 0.07638364285230637 -0.006422762759029865 0.9970577955245972 77.8434829711914
0.9978200197219849 0.005737618077546358 -0.06574445962905884 -5.343107223510742 -0.005316834896802902 0.9999643564224243 0.0065734731033444405 -1.3743157386779785 0.06577983498573303 -0.006209591403603554 0.9978148341178894 78.36076354980469
0.9986627101898193 0.010942922905087471 -0.050527699291706085 -5.371421813964844 -0.010648597963154316 0.9999247789382935 0.006090543698519468 -1.3809623718261719 0.05059055984020233 -0.005544350016862154 0.9987040758132935 78.86589050292969
0.9993501305580139 0.01603231579065323 -0.03228128328919411 -5.387619972229004 -0.01583203673362732 0.9998538494110107 0.0064502619206905365 -1.3817124366760254 0.03237996995449066 -0.005934992805123329 0.9994579553604126 79.35635375976562
0.9998425841331482 0.014517026953399181 -0.010202087461948395 -5.377404689788818 -0.01444651186466217 0.9998714923858643 0.006951925810426474 -1.3847296237945557 0.010301697067916393 -0.00680344644933939 0.9999237060546875 79.82891845703125
0.9998076558113098 0.011019635945558548 0.016224335879087448 -5.349171161651611 -0.011144275777041912 0.999908983707428 0.007612214423716068 -1.3864960670471191 -0.016138970851898193 -0.007791558280587196 0.9998393654823303 80.29668426513672
0.9989225268363953 0.009954778477549553 0.045328881591558456 -5.301281452178955 -0.010381665080785751 0.9999039173126221 0.009191878139972687 -1.392686128616333 -0.04523301124572754 -0.009652563370764256 0.9989297986030579 80.7548828125
0.996858537197113 0.009705550968647003 0.07860586047172546 -5.24898099899292 -0.010622204281389713 0.9998802542686462 0.011251643300056458 -1.4064669609069824 -0.07848723232746124 -0.012051261961460114 0.9968422055244446 81.20513916015625
0.9931862950325012 0.009188572876155376 0.11617467552423477 -5.177360534667969 -0.010609431192278862 0.9998762011528015 0.011617884039878845 -1.4097989797592163 -0.11605355143547058 -0.012771270237863064 0.9931607842445374 81.62427520751953
0.9874331951141357 0.009417617693543434 0.15775631368160248 -5.084200859069824 -0.011382251046597958 0.9998684525489807 0.011554734781384468 -1.4127243757247925 -0.15762674808502197 -0.01320515014231205 0.9874104261398315 82.04999542236328
0.9791703224182129 0.00881075207144022 0.20284941792488098 -4.966468811035156 -0.011388475075364113 0.9998684525489807 0.01154385320842266 -1.4185879230499268 -0.20272105932235718 -0.013613544404506683 0.9791417717933655 82.46932983398438
0.9676616787910461 0.011192805133759975 0.25200292468070984 -4.839515686035156 -0.01402994804084301 0.99985671043396 0.009464342147111893 -1.426194429397583 -0.25186091661453247 -0.012693870812654495 0.9676800966262817 82.86634826660156
0.9522212147712708 0.012208463624119759 0.3051651418209076 -4.68742561340332 -0.01498184259980917 0.9998649954795837 0.00674785953015089 -1.4365150928497314 -0.30504152178764343 -0.010997392237186432 0.9522755146026611 83.2464828491211
0.9324634671211243 0.01221397239714861 0.3610577881336212 -4.520227432250977 -0.014783767983317375 0.9998810887336731 0.004356089048087597 -1.4371663331985474 -0.3609616756439209 -0.009399687871336937 0.9325332045555115 83.59402465820312
0.9083898067474365 0.012572932057082653 0.4179353415966034 -4.31523323059082 -0.01491102296859026 0.9998859763145447 0.0023293541744351387 -1.44052255153656 -0.41785845160484314 -0.008347803726792336 0.908473789691925 83.94011688232422
0.8793073296546936 0.01298255380243063 0.4760778844356537 -4.101703643798828 -0.014633056707680225 0.9998928308486938 -0.00023989612236618996 -1.4404181241989136 -0.47603005170822144 -0.006755530834197998 0.8794031143188477 84.26579284667969
0.845781147480011 0.011507384479045868 0.5334059000015259 -3.8571319580078125 -0.01239514909684658 0.9999213218688965 -0.0019176695495843887 -1.4520171880722046 -0.5333859920501709 -0.004989718087017536 0.8458572626113892 84.5765380859375
0.8086291551589966 0.011887619271874428 0.5881985425949097 -3.6006736755371094 -0.011550309136509895 0.9999238848686218 -0.0043298290111124516 -1.4503942728042603 -0.5882052779197693 -0.0032926485873758793 0.8087049126625061 84.86541748046875
0.7690190076828003 0.009899521246552467 0.6391493082046509 -3.3151512145996094 -0.010727236978709698 0.9999391436576843 -0.002580726984888315 -1.466996192932129 -0.6391359567642212 -0.004871677607297897 0.7690783739089966 85.1395492553711
0.7284374237060547 0.0097046522423625 0.6850435137748718 -3.0149078369140625 -0.01163844671100378 0.9999306201934814 -0.001789810718037188 -1.4602532386779785 -0.6850133538246155 -0.006669078022241592 0.7284999489784241 85.34795379638672
0.6829326152801514 0.008829493075609207 0.7304279208183289 -2.713092803955078 -0.010965307243168354 0.9999381303787231 -0.001835062401369214 -1.4644732475280762 -0.7303990721702576 -0.00675614271312952 0.6829873323440552 85.58079528808594
0.6365998387336731 0.007631620857864618 0.7711565494537354 -2.3892593383789062 -0.00806433241814375 0.9999622702598572 -0.0032387464307248592 -1.4708324670791626 -0.771152138710022 -0.004157076124101877 0.6366373300552368 85.78660583496094
0.5896181464195251 0.005024292506277561 0.807666540145874 -2.055736541748047 -0.00242695608176291 0.9999871850013733 -0.004448928404599428 -1.4774636030197144 -0.8076785206794739 0.0006629979470744729 0.5896227359771729 85.97317504882812
0.5431627631187439 0.006629211362451315 0.8396012783050537 -1.7200355529785156 -0.004298856481909752 0.999977707862854 -0.005114433355629444 -1.4898618459701538 -0.8396163582801819 -0.0008313556900247931 0.5431790351867676 86.14205932617188
0.4962024986743927 0.009962986223399639 0.8681496381759644 -1.3848876953125 -0.007607318460941315 0.9999456405639648 -0.007127429358661175 -1.492464303970337 -0.8681734800338745 -0.003067640820518136 0.49625128507614136 86.29483032226562
0.45075517892837524 0.01226496510207653 0.8925633430480957 -1.0448989868164062 -0.009006533771753311 0.999917209148407 -0.00919173751026392 -1.5010640621185303 -0.8926021456718445 -0.0038956780917942524 0.4508283734321594 86.43052673339844
0.40671026706695557 0.01004341896623373 0.9135019779205322 -0.6955013275146484 -0.00186054315418005 0.9999465942382812 -0.010165476240217686 -1.5061445236206055 -0.9135553240776062 0.0024347936268895864 0.406707227230072 86.56293487548828
0.3674035370349884 0.0019988706335425377 0.9300594329833984 -0.3271751403808594 0.013323892839252949 0.9998838305473328 -0.007412304170429707 -1.513633131980896 -0.9299662113189697 0.015115320682525635 0.36733412742614746 86.64781951904297
0.3322226405143738 -0.0013802996836602688 0.9431999921798706 0.04195976257324219 0.017435122281312943 0.9998370409011841 -0.004677977412939072 -1.514488697052002 -0.9430398344993591 0.017998935654759407 0.332192599773407 86.73831939697266
0.29921114444732666 0.0027854563668370247 0.9541827440261841 0.4097709655761719 0.01497002225369215 0.9998589754104614 -0.007613068912178278 -1.5214571952819824 -0.9540696144104004 0.016562053933739662 0.29912716150283813 86.83418273925781
0.2679675221443176 0.009839782491326332 0.9633776545524597 0.7696819305419922 0.00398227758705616 0.9999279975891113 -0.011320789344608784 -1.539077877998352 -0.9634197354316711 0.006870041601359844 0.26790904998779297 86.9352035522461
0.23870790004730225 0.015178624540567398 0.9709727764129639 1.1671199798583984 -0.0008151911315508187 0.9998806118965149 -0.015430111438035965 -1.5478925704956055 -0.971091091632843 0.0028917603194713593 0.23869174718856812 87.03759765625
0.21303695440292358 0.016802718862891197 0.9768995642662048 1.5575847625732422 0.0006166412495076656 0.9998496174812317 -0.017331933602690697 -1.5619409084320068 -0.9770439863204956 0.004294738173484802 0.2129945158958435 87.10184478759766
0.18920674920082092 0.01835819147527218 0.981765627861023 1.9682502746582031 0.007849965244531631 0.9997650384902954 -0.020207615569233894 -1.5698400735855103 -0.9819059371948242 0.01153024286031723 0.18901817500591278 87.16099548339844
0.16939687728881836 0.024233561009168625 0.9852498769760132 2.379702568054199 0.014736536890268326 0.9995235800743103 -0.027118338271975517 -1.5753496885299683 -0.98543781042099 0.019112935289740562 0.16895903646945953 87.19873809814453
0.15024536848068237 0.031757354736328125 0.9881386160850525 2.8030338287353516 0.016158079728484154 0.9992716312408447 -0.03457197546958923 -1.5700641870498657 -0.9885166883468628 0.021160701289772987 0.1496228277683258 87.24087524414062
0.13235823810100555 0.03187156841158867 0.9906893372535706 3.2624406814575195 0.014989151619374752 0.9993042349815369 -0.03415130078792572 -1.5837440490722656 -0.9910886287689209 0.01936979778110981 0.1317884474992752 87.30829620361328
0.11692383885383606 0.027381744235754013 0.992763340473175 3.718935012817383 0.012739227153360844 0.9994962811470032 -0.02906782180070877 -1.6090965270996094 -0.9930592179298401 0.016045760363340378 0.1165161207318306 87.35548400878906
0.10207567363977432 0.024206753820180893 0.9944820404052734 4.189560890197754 0.012924338690936565 0.9995872378349304 -0.025657597929239273 -1.6287277936935425 -0.9946927428245544 0.015472039580345154 0.10172067582607269 87.40335845947266
0.08919228613376617 0.021787606179714203 0.9957760572433472 4.667782783508301 0.015285804867744446 0.9996131062507629 -0.0232407134026289 -1.646224856376648 -0.995897114276886 0.017294131219387054 0.08882475644350052 87.42811584472656
0.07758047431707382 0.021150315180420876 0.9967617392539978 5.168766021728516 0.01907147280871868 0.9995606541633606 -0.022694077342748642 -1.6586363315582275 -0.9968037009239197 0.02077033370733261 0.07714302837848663 87.45448303222656
0.06738530099391937 0.021863676607608795 0.9974874258041382 5.680595397949219 0.022187313064932823 0.9994797706604004 -0.023406213149428368 -1.673112154006958 -0.9974803328514099 0.023708799853920937 0.06686514616012573 87.47978973388672
0.05942563712596893 0.022396545857191086 0.9979814887046814 6.208036422729492 0.024462195113301277 0.999415397644043 -0.023885345086455345 -1.6888974905014038 -0.997933030128479 0.025832217186689377 0.05884303152561188 87.5062026977539
0.05383739620447159 0.022607287392020226 0.9982938170433044 6.754866600036621 0.02594505064189434 0.9993744492530823 -0.024030964821577072 -1.7062593698501587 -0.9982125759124756 0.027194540947675705 0.05321716517210007 87.53044891357422
0.04858994111418724 0.023600392043590546 0.998539924621582 7.33071231842041 0.027672989293932915 0.999305248260498 -0.0249650739133358 -1.7190393209457397 -0.9984353184700012 0.028845634311437607 0.047903094440698624 87.54820251464844
0.042939480394124985 0.024197019636631012 0.9987845420837402 7.904768943786621 0.028187783434987068 0.9992793798446655 -0.025420846417546272 -1.7354152202606201 -0.9986798763275146 0.029245084151625633 0.042226482182741165 87.5642318725586
0.03819699585437775 0.02412673458456993 0.9989789128303528 8.513809204101562 0.030694205313920975 0.9992084503173828 -0.02530589886009693 -1.7549725770950317 -0.9987987279891968 0.03162947669625282 0.037426210939884186 87.5884780883789
0.03534964844584465 0.024146705865859985 0.9990832805633545 9.135239601135254 0.031925223767757416 0.9991705417633057 -0.025278396904468536 -1.7718652486801147 -0.9988649487495422 0.03278953954577446 0.034549448639154434 87.6058120727539
0.03242438659071922 0.023579923436045647 0.9991959929466248 9.773977279663086 0.03314956650137901 0.9991462826728821 -0.024654468521475792 -1.7928270101547241 -0.9989243149757385 0.03392232209444046 0.03161504119634628 87.62130737304688
0.03007388301193714 0.022869616746902466 0.9992859363555908 10.4316987991333 0.03532816842198372 0.999089241027832 -0.023928329348564148 -1.8131213188171387 -0.9989231824874878 0.03602255880832672 0.029238546267151833 87.63890075683594
0.029306549578905106 0.022788656875491142 0.9993106722831726 11.112370491027832 0.03932444378733635 0.9989397525787354 -0.02393345721065998 -1.828397274017334 -0.9987966418266296 0.03999873995780945 0.028379321098327637 87.65283966064453
0.030540695413947105 0.022290194407105446 0.9992849826812744 11.801630973815918 0.04302578419446945 0.9987952709197998 -0.023594249039888382 -1.8468387126922607 -0.9986070394515991 0.04371559992432594 0.029544850811362267 87.66753387451172
0.03289466351270676 0.0221830066293478 0.9992126226425171 12.508539199829102 0.04478374496102333 0.9987167716026306 -0.023646308109164238 -1.8697624206542969 -0.9984548687934875 0.04552632197737694 0.03185902163386345 87.69319915771484
0.03665266931056976 0.022218750789761543 0.9990809559822083 13.236835479736328 0.04694310948252678 0.9986108541488647 -0.023930465802550316 -1.888291597366333 -0.9982250332832336 0.04777708649635315 0.03555873781442642 87.71602630615234
0.041125573217868805 0.02172481268644333 0.9989177584648132 13.977605819702148 0.04734928160905838 0.9985979795455933 -0.023667236790060997 -1.9089041948318481 -0.998031497001648 0.04827136918902397 0.04003925994038582 87.74526977539062
0.045180901885032654 0.020271338522434235 0.9987730979919434 14.739068984985352 0.048818208277225494 0.9985547661781311 -0.022475268691778183 -1.927053689956665 -0.9977852702140808 0.04977376013994217 0.044125996530056 87.780029296875
0.04895448312163353 0.018544640392065048 0.9986288547515869 15.497800827026367 0.048176851123571396 0.9986199140548706 -0.02090618945658207 -1.9499881267547607 -0.9976385235786438 0.049134235829114914 0.04799351096153259 87.82633209228516
0.053066056221723557 0.016551153734326363 0.9984537363052368 16.28838539123535 0.0453205443918705 0.9987925887107849 -0.018965473398566246 -1.9687700271606445 -0.997562050819397 0.0462568961083889 0.05225186422467232 87.87086486816406
0.05704217404127121 0.01552027091383934 0.9982510209083557 17.084644317626953 0.04473462328314781 0.9988352060317993 -0.01808558590710163 -1.9876580238342285 -0.9973689913749695 0.04568802937865257 0.0562814399600029 87.92613220214844
0.06110140308737755 0.016271555796265602 0.997998833656311 17.889957427978516 0.042109061032533646 0.9989349246025085 -0.018864894285798073 -2.011594295501709 -0.9972429871559143 0.04317747801542282 0.06035114824771881 87.98579406738281
0.06422862410545349 0.020540108904242516 0.9977238178253174 18.68941879272461 0.039646320044994354 0.9989463090896606 -0.023117518052458763 -2.0343384742736816 -0.9971473217010498 0.041040875017642975 0.06334660947322845 88.03460693359375
0.06546296924352646 0.026036642491817474 0.9975153207778931 19.490564346313477 0.03378686681389809 0.9990285634994507 -0.028293438255786896 -2.0570785999298096 -0.9972828030586243 0.03555509075522423 0.06451967358589172 88.09880065917969
0.06522131711244583 0.028971988707780838 0.9974502325057983 20.30097007751465 0.030981503427028656 0.9990376830101013 -0.031043924391269684 -2.0873916149139404 -0.9973897337913513 0.03292723745107651 0.06426097452640533 88.16220092773438
0.06569746881723404 0.028606371954083443 0.997429370880127 21.123554229736328 0.028735870495438576 0.99912029504776 -0.030547594651579857 -2.1199400424957275 -0.9974257349967957 0.03066890314221382 0.06481762230396271 88.21955871582031
0.06558999419212341 0.027018357068300247 0.9974807500839233 21.9376220703125 0.025856053456664085 0.999251663684845 -0.028766505420207977 -2.1514129638671875 -0.997511625289917 0.027677707374095917 0.06484231352806091 88.28402709960938
0.06562905758619308 0.02565561607480049 0.9975142478942871 22.75555419921875 0.026996619999408722 0.9992578029632568 -0.027476640418171883 -2.1861472129821777 -0.9974787831306458 0.028732772916555405 0.06488774716854095 88.33585357666016
0.06585155427455902 0.024845335632562637 0.9975200295448303 23.58441925048828 0.02449299395084381 0.9993486404418945 -0.026507781818509102 -2.2216193675994873 -0.9975287914276123 0.02617783471941948 0.06520011276006699 88.40172576904297
0.06609304249286652 0.025033047422766685 0.997499406337738 24.397266387939453 0.02282550558447838 0.9993858337402344 -0.026592768728733063 -2.2562618255615234 -0.9975524544715881 0.024526026099920273 0.06548105180263519 88.46001434326172
0.06574780493974686 0.025969112291932106 0.9974982142448425 25.204294204711914 0.01982472464442253 0.9994300007820129 -0.027326097711920738 -2.284510612487793 -0.9976392984390259 0.02157176285982132 0.0651954859495163 88.5255355834961
0.06487149000167847 0.026923535391688347 0.9975304007530212 26.018646240234375 0.01713426038622856 0.9994584918022156 -0.0280898604542017 -2.32279634475708 -0.997746467590332 0.018914178013801575 0.06437504291534424 88.57718658447266
0.06188463792204857 0.026736389845609665 0.997725248336792 26.83395767211914 0.014080525375902653 0.9995182156562805 -0.027657795697450638 -2.352450370788574 -0.9979838728904724 0.015760088339447975 0.061478354036808014 88.63813018798828
0.05784299969673157 0.02552884817123413 0.9979992508888245 27.639312744140625 0.01146915927529335 0.9995899796485901 -0.026234278455376625 -2.385228395462036 -0.9982598423957825 0.01296368520706892 0.05752647668123245 88.69304656982422
0.0531318373978138 0.02308722585439682 0.9983205795288086 28.47012710571289 0.009496847167611122 0.9996758103370667 -0.02362399734556675 -2.4161536693573 -0.9985423684120178 0.01073608361184597 0.05289536342024803 88.74207305908203
0.047223009169101715 0.020916808396577835 0.9986653327941895 29.28264045715332 0.007493763230741024 0.99974524974823 -0.021293774247169495 -2.4469070434570312 -0.9988563060760498 0.008489318192005157 0.047054223716259 88.78182983398438
0.03936208784580231 0.021637678146362305 0.9989906549453735 30.090042114257812 0.006924563553184271 0.9997355937957764 -0.021926652640104294 -2.4728775024414062 -0.9992010593414307 0.007780653424561024 0.03920184075832367 88.81783294677734
