1.0 0.0 0.0 0.0 0.0 1.0 0.0 0.0 0.0 0.0 1.0 0.0
0.9990410804748535 -0.0005658087320625782 0.043778564780950546 0.045723672956228256 0.000665923987980932 0.9999971389770508 -0.0022723074071109295 -0.021121632307767868 -0.04377714917063713 0.0022992815356701612 0.9990386962890625 1.0264723300933838
0.9960211515426636 -0.004646882880479097 0.08899619430303574 0.13782933354377747 0.005324058700352907 0.9999585747718811 -0.007373169995844364 -0.03836695849895477 -0.0889582484960556 0.007817653007805347 0.9960047006607056 2.0475878715515137
0.9908648133277893 -0.004076899494975805 0.1347978711128235 0.2699582874774933 0.005690595135092735 0.999916672706604 -0.011588099412620068 -0.05880308523774147 -0.13473939895629883 0.01224931888282299 0.9908053874969482 3.057490110397339
0.9835271835327148 -0.0012126301880925894 0.18075671792030334 0.4530271589756012 0.0036992409732192755 0.9999030232429504 -0.013420196250081062 -0.09559445828199387 -0.1807229369878769 0.013867789879441261 0.9834362864494324 4.097951889038086
0.9739890098571777 -0.0037755463272333145 0.22656354308128357 0.6887587308883667 0.0069911726750433445 0.9998857975006104 -0.013392310589551926 -0.12693937122821808 -0.22648712992668152 0.014627909287810326 0.9739042520523071 5.105424880981445
0.9622936844825745 -0.004225915297865868 0.2719798982143402 0.9608733057975769 0.00853349082171917 0.999856173992157 -0.014657027088105679 -0.1564909964799881 -0.27187883853912354 0.016425302252173424 0.9621912837028503 6.115084171295166
0.94875168800354 -0.007045568898320198 0.3159438371658325 1.2878414392471313 0.013147217221558094 0.9997659921646118 -0.017185091972351074 -0.19097447395324707 -0.31574881076812744 0.020458173006772995 0.9486222267150879 7.09395694732666
0.9335759282112122 -0.008659706450998783 0.35827481746673584 1.6621166467666626 0.016593607142567635 0.9996803402900696 -0.019076012074947357 -0.2212645262479782 -0.35799506306648254 0.023753980174660683 0.93342125415802 8.050847053527832
0.9162454605102539 -0.00842197984457016 0.4005286991596222 2.069500207901001 0.017880411818623543 0.9996424913406372 -0.019883418455719948 -0.25568869709968567 -0.40021800994873047 0.025379713624715805 0.916068434715271 8.981108665466309
0.8967530727386475 -0.009255575016140938 0.44243431091308594 2.520272970199585 0.0193208996206522 0.9996467232704163 -0.01824852265417576 -0.2957003116607666 -0.44210904836654663 0.024912644177675247 0.896615207195282 9.874011993408203
0.8750106692314148 -0.00907911080867052 0.484018474817276 3.0102484226226807 0.02003554254770279 0.9996466636657715 -0.017469186335802078 -0.32895171642303467 -0.4836888313293457 0.024983292445540428 0.8748834133148193 10.75074577331543
0.8510137796401978 -0.009320903569459915 0.5250605940818787 3.540436267852783 0.020987793803215027 0.999647319316864 -0.016271037980914116 -0.3616236746311188 -0.5247237682342529 0.024866735562682152 0.8509093523025513 11.617886543273926
0.8256133198738098 -0.00994220469146967 0.5641485452651978 4.116422653198242 0.023015007376670837 0.9996061325073242 -0.016065292060375214 -0.4032893478870392 -0.563766598701477 0.02624760940670967 0.8255168795585632 12.45119857788086
0.7983429431915283 -0.011706208810210228 0.6020891666412354 4.736759185791016 0.026386775076389313 0.9995307326316833 -0.015554139390587807 -0.4366910755634308 -0.6016247272491455 0.028304729610681534 0.7982771992683411 13.257808685302734
0.7694298028945923 -0.010302938520908356 0.6386482119560242 5.377053737640381 0.02674718201160431 0.9995125532150269 -0.01609988510608673 -0.4698296785354614 -0.6381709575653076 0.029469773173332214 0.7693303823471069 14.046066284179688
0.7389671802520752 -0.013609800487756729 0.6736039519309998 6.054922103881836 0.031768422573804855 0.9993877410888672 -0.014658992178738117 -0.5023800134658813 -0.672991931438446 0.032231852412223816 0.7389471530914307 14.776069641113281
0.7067844867706299 -0.012622886337339878 0.7073163390159607 6.778695106506348 0.031794022768735886 0.9993972182273865 -0.01393470074981451 -0.534555196762085 -0.7067142128944397 0.032337263226509094 0.7067598104476929 15.493181228637695
0.6726569533348083 -0.01135579589754343 0.7398673892021179 7.533507823944092 0.03274814784526825 0.9993593692779541 -0.014434682205319405 -0.5706859827041626 -0.7392295002937317 0.03393888100981712 0.6725978255271912 16.17740249633789
0.6369572877883911 -0.012733206152915955 0.7707939743995667 8.314123153686523 0.03761841729283333 0.9991856813430786 -0.014580403454601765 -0.5965733528137207 -0.7699807286262512 0.03828314691781998 0.6369177103042603 16.822298049926758
0.600247859954834 -0.010774694383144379 0.7997414469718933 9.121383666992188 0.0375550277531147 0.9991860389709473 -0.014725251123309135 -0.6228290796279907 -0.7989318370819092 0.038873106241226196 0.6001639366149902 17.43079376220703
0.5624265074729919 -0.009680726565420628 0.8267905712127686 9.940858840942383 0.04054044932126999 0.9990517497062683 -0.015880052000284195 -0.6539761424064636 -0.8258527517318726 0.042449820786714554 0.5622856616973877 17.983652114868164
0.5235871076583862 -0.00772083830088377 0.8519371747970581 10.79708194732666 0.04489117115736008 0.998819887638092 -0.01853741519153118 -0.6783621907234192 -0.8507886528968811 0.04795040935277939 0.5233157873153687 18.509531021118164
0.48474639654159546 -0.006356081925332546 0.8746317028999329 11.66499137878418 0.04634995758533478 0.998755156993866 -0.018430396914482117 -0.6991714239120483 -0.8734257817268372 0.04947320371866226 0.48443758487701416 18.992107391357422
0.44634896516799927 -0.008692174218595028 0.8948166966438293 12.549108505249023 0.05177111178636551 0.998528778553009 -0.01612463966012001 -0.7351342439651489 -0.8933601379394531 0.05352287366986275 0.4461422562599182 19.414348602294922
0.4095299541950226 -0.009192430414259434 0.9122504591941833 13.477559089660645 0.05566032603383064 0.9983381032943726 -0.014927280135452747 -0.7583351135253906 -0.9105971455574036 0.05688931420445442 0.4093610942363739 19.816646575927734
0.37435299158096313 -0.006838211324065924 0.9272610545158386 14.42007827758789 0.05729218199849129 0.998232901096344 -0.015768347308039665 -0.7839616537094116 -0.9255146980285645 0.059027738869190216 0.3740832507610321 20.190814971923828
0.34110429883003235 -0.007772049400955439 0.9399933218955994 15.375405311584473 0.058037690818309784 0.9982322454452515 -0.012807107530534267 -0.8077796101570129 -0.9382320642471313 0.05892360582947731 0.3409523367881775 20.530546188354492
0.30772969126701355 -0.009214218705892563 0.9514291286468506 16.371593475341797 0.06047963723540306 0.9981203675270081 -0.00989509467035532 -0.8275596499443054 -0.9495497345924377 0.06058710813522339 0.3077085614204407 20.847993850708008
0.2752307653427124 -0.00916296150535345 0.9613344669342041 17.357563018798828 0.06098594889044762 0.9981069564819336 -0.007946858182549477 -0.8489720821380615 -0.9594419002532959 0.06081511452794075 0.2752685248851776 21.12129020690918
0.2430843561887741 -0.006380416452884674 0.9699841737747192 18.364458084106445 0.058543555438518524 0.9982519745826721 -0.008105042390525341 -0.8717271089553833 -0.9682368636131287 0.05875653028488159 0.2430330067873001 21.37440299987793
0.2121284455060959 -0.004718118812888861 0.977230429649353 19.394609451293945 0.058309171348810196 0.9982678294181824 -0.007837546057999134 -0.8838644027709961 -0.9755007028579712 0.058644071221351624 0.2120361030101776 21.601613998413086
0.1815967559814453 -0.004611396696418524 0.9833621978759766 20.429153442382812 0.060308974236249924 0.998158872127533 -0.0064564296044409275 -0.9046347141265869 -0.9815220236778259 0.06047803908586502 0.18154050409793854 21.792007446289062
0.1509692519903183 -0.004686279222369194 0.9885273575782776 21.497865676879883 0.06207863241434097 0.9980599880218506 -0.004749265033751726 -0.9169374704360962 -0.9865872859954834 0.06208342686295509 0.1509672850370407 21.949039459228516
0.12050582468509674 -0.005318038165569305 0.9926983714103699 22.588821411132812 0.06028180569410324 0.9981793165206909 -0.0019703388679772615 -0.9269639849662781 -0.9908806681632996 0.06007907912135124 0.12060701847076416 22.080541610717773
0.09144952893257141 -0.005738573148846626 0.9957931637763977 23.67377471923828 0.0610298290848732 0.9981359243392944 0.00014734698925167322 -0.9394687414169312 -0.9939377903938293 0.06075961887836456 0.0916292816400528 22.17222785949707
0.06445405632257462 -0.0053413803689181805 0.9979063868522644 24.793859481811523 0.06385728716850281 0.997958242893219 0.0012171621201559901 -0.9422407150268555 -0.9958754181861877 0.0636451467871666 0.06466355174779892 22.23494529724121
0.03960292041301727 -0.0047564879059791565 0.9992040991783142 25.92463493347168 0.06797650456428528 0.9976847767829895 0.0020550440531224012 -0.9463586807250977 -0.9969006180763245 0.06784100830554962 0.039834558963775635 22.261964797973633
0.016935283318161964 -0.004170174244791269 0.9998478889465332 27.10873794555664 0.07239576429128647 0.9973716735839844 0.0029336169827729464 -0.9461086988449097 -0.99723219871521 0.07233507186174393 0.017192674800753593 22.27353858947754
-0.003027390455827117 -0.0043350812047719955 0.9999859929084778 28.25946044921875 0.0780501663684845 0.9969390034675598 0.004558163229376078 -0.9471407532691956 -0.9969448447227478 0.07806287705898285 -0.00267976988106966 22.26236915588379
-0.020192379131913185 -0.005074032116681337 0.9997831583023071 29.444053649902344 0.08259053528308868 0.9965608716011047 0.0067257387563586235 -0.9482539296150208 -0.9963788986206055 0.0827084481716156 -0.01970386877655983 22.218746185302734
-0.03568033501505852 -0.00478681456297636 0.9993517994880676 30.65822410583496 0.08561375737190247 0.9962976574897766 0.007828894071280956 -0.9450393319129944 -0.995689332485199 0.08583758026361465 -0.03513841703534126 22.164012908935547
-0.04997289180755615 -0.00549006974324584 0.9987354874610901 31.864662170410156 0.08798336982727051 0.9960729479789734 0.009877782315015793 -0.9422464370727539 -0.9948676228523254 0.08836573362350464 -0.049293603748083115 22.107685089111328
-0.06282918155193329 -0.006351141259074211 0.9980040788650513 33.07415008544922 0.08831703662872314 0.9960213303565979 0.011898507364094257 -0.9364762902259827 -0.9941089153289795 0.08888833224773407 -0.06201828643679619 22.01554298400879
-0.07496810704469681 -0.006146255414932966 0.9971669316291809 34.28302001953125 0.08792538195848465 0.9960454106330872 0.012749669142067432 -0.9315184950828552 -0.9933019876480103 0.08863211423158646 -0.07413122802972794 21.92978286743164
-0.08612719178199768 -0.0036716170143336058 0.9962773323059082 35.50354766845703 0.08773304522037506 0.9960804581642151 0.011255325749516487 -0.9308177828788757 -0.9924137592315674 0.08837585151195526 -0.08546749502420425 21.828487396240234
-0.09625221788883209 -0.00016569311264902353 0.9953569173812866 36.73667907714844 0.08819171041250229 0.9960655570030212 0.008694056421518326 -0.9215185046195984 -0.9914422035217285 0.08861904591321945 -0.09585890918970108 21.710243225097656
-0.10543222725391388 0.0024898434057831764 0.9944233894348145 37.98980712890625 0.08952532708644867 0.9959598779678345 0.00699809892103076 -0.9169923663139343 -0.9903883934020996 0.08976391702890396 -0.10522919148206711 21.579851150512695
-0.11297129094600677 0.003502152394503355 0.9935920238494873 39.27760314941406 0.08944479376077652 0.9959695339202881 0.006659327540546656 -0.9112342000007629 -0.989564061164856 0.08962395042181015 -0.11282919347286224 21.4442138671875
-0.11845463514328003 0.004389943089336157 0.9929497838020325 40.589698791503906 0.0890454426407814 0.9960081577301025 0.0062192766927182674 -0.9001306295394897 -0.9889587759971619 0.08915436267852783 -0.11837270110845566 21.283401489257812
-0.12378644943237305 0.006123225204646587 0.9922899603843689 41.91960144042969 0.0904277041554451 0.9958897233009338 0.005135262385010719 -0.8948517441749573 -0.9881800413131714 0.0903661921620369 -0.1238313689827919 21.12771987915039
-0.12878689169883728 0.007458904758095741 0.9916442632675171 43.26333999633789 0.08905786275863647 0.99601811170578 0.004074324853718281 -0.8941549062728882 -0.9876652359962463 0.08883843570947647 -0.12893834710121155 20.965110778808594
-0.13307686150074005 0.008289418183267117 0.9910711050033569 44.64120864868164 0.0897439643740654 0.9959579706192017 0.0037201503291726112 -0.8880648016929626 -0.987034261226654 0.08943770825862885 -0.1332828849554062 20.790620803833008
-0.1365528106689453 0.007227742578834295 0.9906063675880432 46.05020523071289 0.08905038982629776 0.9960146546363831 0.005008186679333448 -0.8879223465919495 -0.9866222143173218 0.08889775723218918 -0.13665220141410828 20.6148624420166
-0.13953246176242828 0.005277611780911684 0.9902034401893616 47.47800064086914 0.08977866917848587 0.9959346055984497 0.007342817727476358 -0.8821455836296082 -0.986139178276062 0.08992370963096619 -0.13943904638290405 20.417537689208984
-0.14072923362255096 0.003911780659109354 0.9900404214859009 48.908172607421875 0.089755579829216 0.995924711227417 0.0088232746347785 -0.8826516270637512 -0.985971212387085 0.09010335803031921 -0.1405068188905716 20.195653915405273
-0.14289911091327667 0.004401515703648329 0.9897275567054749 50.34105682373047 0.09221624583005905 0.9956992864608765 0.008886316791176796 -0.8776006698608398 -0.9854319095611572 0.09253880381584167 -0.14269043505191803 20.001781463623047
-0.14436443150043488 0.00473772082477808 0.9895132184028625 51.758121490478516 0.09198901057243347 0.9957224130630493 0.008653226308524609 -0.866812527179718 -0.9852395057678223 0.09227354824542999 -0.14418268203735352 19.810535430908203
-0.14512516558170319 0.0061960890889167786 0.9893938899040222 53.24077224731445 0.09397617727518082 0.9955458045005798 0.0075498949736356735 -0.8538206815719604 -0.9849401712417603 0.09407514333724976 -0.14506103098392487 19.588483810424805
-0.14506132900714874 0.006045331712812185 0.9894043207168579 54.73122024536133 0.09353940188884735 0.9955864548683167 0.007631160784512758 -0.8514478206634521 -0.9849910736083984 0.09365526586771011 -0.1449865847826004 19.366931915283203
-0.14451302587985992 0.007395325228571892 0.9894752502441406 56.24066925048828 0.09332799911499023 0.9956161975860596 0.006189347710460424 -0.8485059142112732 -0.9850918054580688 0.09324018657207489 -0.14456969499588013 19.148591995239258
-0.14322860538959503 0.0072324275970458984 0.9896631836891174 57.776912689208984 0.09376133233308792 0.9955748319625854 0.00629394082352519 -0.840960681438446 -0.9852381944656372 0.09369360655546188 -0.14327290654182434 18.9293270111084
-0.14083221554756165 0.006354699842631817 0.990013062953949 59.32933807373047 0.09323623031377792 0.9956203103065491 0.006872434169054031 -0.8326654434204102 -0.985633373260498 0.09327295422554016 -0.14080791175365448 18.683992385864258
-0.13966982066631317 0.007330682594329119 0.9901710152626038 60.91436004638672 0.09429837763309479 0.9955263137817383 0.005931046325713396 -0.8236504197120667 -0.9856978058815002 0.09419989585876465 -0.13973627984523773 18.46219825744629
-0.1385774165391922 0.007752933073788881 0.9903212785720825 62.50392532348633 0.09420483559370041 0.9955382347106934 0.005388477351516485 -0.8214885592460632 -0.9858608841896057 0.09403976798057556 -0.13868951797485352 18.245704650878906
-0.13753943145275116 0.008211682550609112 0.9904623031616211 64.10950469970703 0.09526729583740234 0.9954392910003662 0.004976239055395126 -0.8219199180603027 -0.9859041571617126 0.09504309296607971 -0.13769446313381195 18.021682739257812
-0.1363363265991211 0.00811034720391035 0.9906294345855713 65.73534393310547 0.09455468505620956 0.9955077767372131 0.004862894769757986 -0.8155219554901123 -0.9861398339271545 0.09433165937662125 -0.13649074733257294 17.792152404785156
-0.13520009815692902 0.006780941504985094 0.9907951354980469 67.38848876953125 0.0966988056898117 0.9952932000160217 0.006383420433849096 -0.8082002997398376 -0.9860883355140686 0.09667173773050308 -0.13521946966648102 17.56070899963379
-0.13562798500061035 0.004866159986704588 0.9907478094100952 69.08236694335938 0.09909534454345703 0.9950401186943054 0.008678367361426353 -0.8051139712333679 -0.9857916235923767 0.09935551881790161 -0.135437473654747 17.33319854736328
-0.13419781625270844 0.005950935184955597 0.9909366369247437 70.7699203491211 0.10079590976238251 0.9948775172233582 0.0076757073402404785 -0.800498366355896 -0.9858148694038391 0.1009124219417572 -0.1341102123260498 17.09352684020996
-0.13443927466869354 0.00734799774363637 0.990894615650177 72.45948028564453 0.10202021896839142 0.9947613477706909 0.006464883219450712 -0.7953943610191345 -0.9856560826301575 0.10196040570735931 -0.13448460400104523 16.87556266784668
-0.13358046114444733 0.007225028704851866 0.9910116195678711 74.15990447998047 0.10108062624931335 0.994857907295227 0.006371792405843735 -0.7899237275123596 -0.9858696460723877 0.10102321207523346 -0.1336238831281662 16.649639129638672
-0.13377326726913452 0.007087443023920059 0.9909866452217102 75.92141723632812 0.10151954740285873 0.9948117136955261 0.0065893204882740974 -0.7865469455718994 -0.9857984185218811 0.10148598998785019 -0.1337987333536148 16.405282974243164
-0.13393859565258026 0.006480173673480749 0.9909684658050537 77.65257263183594 0.10134130716323853 0.9948257207870483 0.0071918233297765255 -0.7769498825073242 -0.9857943058013916 0.1013893187046051 -0.13390226662158966 16.17325210571289
-0.13365601003170013 0.00649599963799119 0.9910064935684204 79.36798095703125 0.10268707573413849 0.9946867227554321 0.007329178508371115 -0.7758537530899048 -0.9856933951377869 0.10274316370487213 -0.13361291587352753 15.94431209564209
-0.1333664059638977 0.006640487816184759 0.9910447001457214 81.13389587402344 0.10412739217281342 0.994536817073822 0.007348697632551193 -0.7638556957244873 -0.9855815172195435 0.10417497158050537 -0.13332927227020264 15.700950622558594
-0.13342569768428802 0.0076580289751291275 0.9910291433334351 82.88398742675781 0.10452277213335037 0.9945020079612732 0.00638740137219429 -0.7580943703651428 -0.9855316281318665 0.10443736612796783 -0.133492574095726 15.461427688598633
-0.13359110057353973 0.00854403804987669 0.9909996390342712 84.68408203125 0.10384558141231537 0.9945786595344543 0.005423942115157843 -0.750679075717926 -0.9855808019638062 0.1036355271935463 -0.13375410437583923 15.201883316040039
-0.13477128744125366 0.009203970432281494 0.9908339977264404 86.47310638427734 0.10309262573719025 0.9946602582931519 0.0047829425893723965 -0.7533689737319946 -0.9854991436004639 0.10279227793216705 -0.13500049710273743 14.965346336364746
-0.1366553008556366 0.009749682620167732 0.9905706644058228 88.27008056640625 0.10193701088428497 0.9947816729545593 0.004271704237908125 -0.7527168989181519 -0.9853599071502686 0.10155956447124481 -0.1369360387325287 14.741869926452637
-0.13739736378192902 0.009032506495714188 0.9904748201370239 90.0855712890625 0.10109016299247742 0.9948649406433105 0.004950554575771093 -0.7540314793586731 -0.9853439927101135 0.10080747306346893 -0.13760490715503693 14.497681617736816
-0.13833500444889069 0.008811215870082378 0.9903463125228882 91.91936492919922 0.10129140317440033 0.9948427081108093 0.005297515541315079 -0.7519062161445618 -0.985192060470581 0.10104639083147049 -0.13851408660411835 14.250482559204102
-0.13864031434059143 0.007890420965850353 0.9903113842010498 93.77206420898438 0.09902960062026978 0.9950668811798096 0.005935503635555506 -0.7507888674736023 -0.9853790998458862 0.09889303892850876 -0.1387377232313156 13.99312973022461
-0.14070145785808563 0.00854286178946495 0.9900152087211609 95.59852600097656 0.09860172122716904 0.9951122999191284 0.005426486488431692 -0.7539606690406799 -0.9851298332214355 0.09838073700666428 -0.14085610210895538 13.75206470489502
-0.1432078331708908 0.009500444866716862 0.9896469712257385 97.46904754638672 0.09755592048168182 0.9952195286750793 0.004562985152006149 -0.7469484806060791 -0.9848727583885193 0.09719937294721603 -0.1434500813484192 13.481017112731934
-0.1478053629398346 0.010510007850825787 0.9889605641365051 99.34691619873047 0.09805595129728317 0.9951725602149963 0.0040789516642689705 -0.7443633079528809 -0.9841436147689819 0.09757634997367859 -0.1481223851442337 13.210832595825195
-0.15239229798316956 0.00958599615842104 0.9882736206054688 101.22974395751953 0.09618379920721054 0.9953501224517822 0.0051769595593214035 -0.7450125813484192 -0.9836286306381226 0.09584485739469528 -0.15260574221611023 12.929699897766113
-0.15749749541282654 0.008759372867643833 0.9874805212020874 103.12481689453125 0.09467314183712006 0.9954886436462402 0.006269415374845266 -0.7477150559425354 -0.9829707741737366 0.09447529911994934 -0.1576162427663803 12.64205551147461
-0.16182416677474976 0.00929623655974865 0.9867759346961975 105.03399658203125 0.09328693896532059 0.9956216812133789 0.005918819457292557 -0.7545371055603027 -0.9824003577232361 0.09301111847162247 -0.16198284924030304 12.33048152923584
-0.16611136496067047 0.01121919322758913 0.9860431551933289 106.95612335205078 0.0937928855419159 0.9955816268920898 0.004472869914025068 -0.7500146627426147 -0.9816363453865051 0.0932268351316452 -0.16642974317073822 11.994600296020508
-0.17116950452327728 0.012805498205125332 0.9851583242416382 108.88490295410156 0.09354986250400543 0.9956092238426208 0.0033127821516245604 -0.7615137696266174 -0.9807901978492737 0.09272848814725876 -0.1716158539056778 11.67340087890625
-0.17559847235679626 0.01306411623954773 0.9843751788139343 110.82979583740234 0.09256596863269806 0.9957010746002197 0.0032980244141072035 -0.7673765420913696 -0.9801002740859985 0.0916987806558609 -0.17605289816856384 11.328418731689453
-0.18048371374607086 0.012792994268238544 0.983494758605957 112.77620697021484 0.09064808487892151 0.995876133441925 0.0036810189485549927 -0.772962749004364 -0.9793919324874878 0.08981628715991974 -0.18089908361434937 10.981627464294434
-0.1854693740606308 0.012069003656506538 0.9825759530067444 114.74615478515625 0.0888601765036583 0.9960337281227112 0.0045387898571789265 -0.7791369557380676 -0.9786239862442017 0.08815367519855499 -0.18580621480941772 10.612683296203613
-0.19112268090248108 0.011617669835686684 0.9814974069595337 116.70450592041016 0.08792749047279358 0.9961125254631042 0.005331072490662336 -0.778529942035675 -0.977620005607605 0.08731948584318161 -0.19140122830867767 10.254813194274902
-0.196169912815094 0.01148095354437828 0.9805026650428772 118.68269348144531 0.08816602826118469 0.9960878491401672 0.0059760031290352345 -0.7787992358207703 -0.9765982627868652 0.0876193568110466 -0.19641469419002533 9.85898494720459
-0.20157983899116516 0.012855814769864082 0.9793877005577087 120.64421081542969 0.08891593664884567 0.9960254430770874 0.005226682405918837 -0.7863916158676147 -0.9754278659820557 0.08813678473234177 -0.2019217312335968 9.468923568725586
-0.2071521282196045 0.013932475820183754 0.9782094955444336 122.60356903076172 0.08866710215806961 0.9960507750511169 0.004590149037539959 -0.7913393974304199 -0.974282443523407 0.08768586069345474 -0.20756936073303223 9.064517974853516
-0.21306997537612915 0.014090229757130146 0.9769353270530701 124.60426330566406 0.08904831111431122 0.996014416217804 0.005056061316281557 -0.7861324548721313 -0.9729704856872559 0.08807171881198883 -0.21347545087337494 8.646244049072266
-0.21864952147006989 0.014010710641741753 0.9757028818130493 126.58964538574219 0.08793877810239792 0.9961112141609192 0.005402820650488138 -0.7873905897140503 -0.9718328714370728 0.08698344230651855 -0.21903133392333984 8.210000991821289
-0.22391216456890106 0.014797231182456017 0.9744970202445984 128.57855224609375 0.0872827097773552 0.9961714148521423 0.0049287802539765835 -0.7870631217956543 -0.970693051815033 0.08616036921739578 -0.22434641420841217 7.760079860687256
-0.2292710840702057 0.015405967831611633 0.9732406735420227 130.58087158203125 0.0865173488855362 0.9962397813796997 0.004611286334693432 -0.7916266918182373 -0.9695099592208862 0.08525944501161575 -0.2297418713569641 7.304902076721191
-0.23356057703495026 0.014798469841480255 0.9722295999526978 132.564208984375 0.08775220811367035 0.9961247444152832 0.005918700713664293 -0.7923915386199951 -0.9683743715286255 0.08669767528772354 -0.2339540421962738 6.83092737197876
-0.23717832565307617 0.014734636060893536 0.9713543653488159 134.5693817138672 0.09002205729484558 0.9959160089492798 0.006873722188174725 -0.7863103747367859 -0.9672861099243164 0.08907360583543777 -0.23753614723682404 6.335937023162842
-0.24068336188793182 0.015498960390686989 0.9704799056053162 136.58203125 0.09129831194877625 0.9958007335662842 0.006739046424627304 -0.7870301008224487 -0.9663002490997314 0.09022516012191772 -0.24108774960041046 5.833899021148682
-0.24369649589061737 0.016262343153357506 0.9697151780128479 138.58615112304688 0.09180945158004761 0.9957561492919922 0.006373326759785414 -0.7876487970352173 -0.9654962420463562 0.09058216959238052 -0.24415533244609833 5.329868316650391
-0.24736234545707703 0.016577204689383507 0.9687812328338623 140.6243896484375 0.09124120324850082 0.9958091378211975 0.006257249973714352 -0.7864284515380859 -0.9646174907684326 0.08994057029485703 -0.24783819913864136 4.824352264404297
-0.2510753273963928 0.017106710001826286 0.9678163528442383 142.64308166503906 0.09012596309185028 0.9959136247634888 0.005777539219707251 -0.7888445854187012 -0.963762640953064 0.08867597579956055 -0.2515910565853119 4.299508571624756
-0.25616657733917236 0.017861468717455864 0.9664676189422607 144.673583984375 0.08925265818834305 0.9959951639175415 0.0052496399730443954 -0.7935540080070496 -0.9625033736228943 0.0876045748591423 -0.25673481822013855 3.7777116298675537
-0.2599955201148987 0.01683734729886055 0.9654629826545715 146.69775390625 0.08756281435489655 0.9961395859718323 0.006207996513694525 -0.8027068972587585 -0.9616314768791199 0.08615270256996155 -0.26046624779701233 3.2374138832092285
-0.2647787034511566 0.017576653510332108 0.9641489386558533 148.72885131835938 0.0879511833190918 0.9961066842079163 0.005994267296046019 -0.8003615736961365 -0.9602899551391602 0.08638517558574677 -0.2652937173843384 2.689455509185791
-0.2697051167488098 0.017609132453799248 0.9627818465232849 150.78128051757812 0.08726273477077484 0.9961658716201782 0.006225281860679388 -0.8079482913017273 -0.958980917930603 0.08569397032260895 -0.2702077031135559 2.1292529106140137
-0.2748816907405853 0.018076511099934578 0.9613081216812134 152.83534240722656 0.08688326925039291 0.9961996674537659 0.006111265625804663 -0.8069791793823242 -0.9575444459915161 0.08520147949457169 -0.275407612323761 1.563083529472351
-0.279584676027298 0.017498143017292023 0.9599615931510925 154.8782196044922 0.0868329256772995 0.9961973428726196 0.007131065241992474 -0.8144541382789612 -0.9561864137649536 0.08535000681877136 -0.2800409197807312 0.9800247550010681
-0.28442782163619995 0.01748669706285 0.9585378766059875 156.93565368652344 0.08736026287078857 0.996146559715271 0.00774969020858407 -0.8142479658126831 -0.9547088742256165 0.0859423503279686 -0.28485941886901855 0.390798419713974
-0.2892792224884033 0.018323078751564026 0.9570692777633667 159.02249145507812 0.08791773021221161 0.9960994720458984 0.0075032892636954784 -0.8136856555938721 -0.9531987309455872 0.08631391078233719 -0.28976184129714966 -0.21105661988258362
-0.2930721640586853 0.01969335228204727 0.955887496471405 161.08551025390625 0.0884130671620369 0.9960620403289795 0.0065861358307302 -0.8118489980697632 -0.9519935250282288 0.08644317090511322 -0.2936592400074005 -0.8362860679626465
-0.29692786931991577 0.021344192326068878 0.9546613693237305 163.14578247070312 0.08852840214967728 0.9960596561431885 0.0052651711739599705 -0.8149875998497009 -0.950787365436554 0.08607802540063858 -0.2976473867893219 -1.4676498174667358
-0.30072370171546936 0.022884096950292587 0.9534367322921753 165.21363830566406 0.0894494578242302 0.9959820508956909 0.004308017902076244 -0.8179613351821899 -0.9495072960853577 0.08657991886138916 -0.3015623688697815 -2.099879503250122
-0.3044123351573944 0.02329964004456997 0.952255368232727 167.2996826171875 0.08878729492425919 0.9960426688194275 0.0040120696648955345 -0.8264689445495605 -0.9483933448791504 0.08576948940753937 -0.3052763342857361 -2.754075050354004
-0.3081435561180115 0.023404685780405998 0.9510519504547119 169.39599609375 0.08922898769378662 0.9960014224052429 0.004399585537612438 -0.835783064365387 -0.9471461176872253 0.08621710538864136 -0.30899980664253235 -3.422173500061035
-0.3122921586036682 0.023575419560074806 0.9496936798095703 171.4853515625 0.08880016207695007 0.9960393309593201 0.004474655259400606 -0.8397096395492554 -0.9458267092704773 0.08573035150766373 -0.3131488263607025 -4.093221187591553
-0.3166102170944214 0.024630364030599594 0.948235809803009 173.5792694091797 0.09112825989723206 0.9958288669586182 0.004560594912618399 -0.8465054631233215 -0.944168210029602 0.0878550261259079 -0.31753405928611755 -4.7871198654174805
-0.31980058550834656 0.024833468720316887 0.9471592903137207 175.66864013671875 0.09307483583688736 0.9956448078155518 0.0053212521597743034 -0.8536702394485474 -0.9429022669792175 0.08985844999551773 -0.3207191526889801 -5.495904922485352
-0.3219820559024811 0.0249237809330225 0.9464176297187805 177.7319793701172 0.0945558026432991 0.995501697063446 0.0059525552205741405 -0.8562310934066772 -0.9420120716094971 0.09140590578317642 -0.32289040088653564 -6.1988701820373535
-0.3250008523464203 0.024496285244822502 0.9453965425491333 179.81915283203125 0.0937674269080162 0.9955732226371765 0.006438203621655703 -0.8523074984550476 -0.9410536289215088 0.09073980897665024 -0.3258591890335083 -6.911964416503906
-0.32765212655067444 0.025034446269273758 0.9444667100906372 181.91111755371094 0.09297554194927216 0.995651125907898 0.005863681901246309 -0.8587090969085693 -0.9402125477790833 0.0897335559129715 -0.3285547196865082 -7.638168811798096
-0.33054181933403015 0.027079476043581963 0.9434027075767517 184.01473999023438 0.09248993545770645 0.9957062602043152 0.0038250808138400316 -0.8629221320152283 -0.9392485022544861 0.0885196104645729 -0.33162710070610046 -8.371235847473145
-0.333655446767807 0.029161028563976288 0.9422439932823181 186.12722778320312 0.09233816713094711 0.9957259297370911 0.0018813968636095524 -0.8693664073944092 -0.9381619095802307 0.08763282001018524 -0.3349219858646393 -9.116073608398438
-0.3369133174419403 0.029992759227752686 0.9410579800605774 188.24099731445312 0.09151452034711838 0.9958032369613647 0.001026053330861032 -0.8877804279327393 -0.9370776414871216 0.08646612614393234 -0.33824416995048523 -9.869094848632812
-0.34075844287872314 0.03137192130088806 0.9396272897720337 190.39564514160156 0.08989901095628738 0.9959506988525391 -0.0006503024487756193 -0.8942662477493286 -0.9358428716659546 0.08424996584653854 -0.34219890832901 -10.633073806762695
-0.344108521938324 0.031695183366537094 0.9383947849273682 192.51885986328125 0.09091345965862274 0.9958586692810059 -0.0002982065489050001 -0.9116008877754211 -0.9345180988311768 0.08521008491516113 -0.34556499123573303 -11.421948432922363
-0.3486785888671875 0.030315250158309937 0.9367519617080688 194.69578552246094 0.08982281386852264 0.9959570169448853 0.0012026660842821002 -0.9275010228157043 -0.9329282641410828 0.08456104248762131 -0.34999188780784607 -12.203429222106934
-0.35235562920570374 0.029676029458642006 0.9353955388069153 196.84742736816406 0.08978427946567535 0.9959587454795837 0.0022235410287976265 -0.9422970414161682 -0.9315493106842041 0.08476728945970535 -0.35359615087509155 -13.010330200195312
-0.3563078045845032 0.02995908632874489 0.9338881373405457 199.00074768066406 0.08978048712015152 0.9959589242935181 0.002303788671270013 -0.9475876092910767 -0.9300452470779419 0.08466580510139465 -0.3575577139854431 -13.825634002685547
-0.36035364866256714 0.0300314798951149 0.9323322176933289 201.1572265625 0.08878325670957565 0.9960483908653259 0.002231575781479478 -0.9609124660491943 -0.9285810589790344 0.0835796445608139 -0.36159607768058777 -14.640789031982422
-0.3644455075263977 0.030454957857728004 0.9307265877723694 203.31591796875 0.08797235041856766 0.9961211085319519 0.0018526430940255523 -0.9793071150779724 -0.9270599484443665 0.08255339413881302 -0.36571112275123596 -15.476627349853516
-0.3680262565612793 0.031164880841970444 0.9292929768562317 205.48648071289062 0.0876133143901825 0.996153712272644 0.0012902130838483572 -0.9905300140380859 -0.9256784319877625 0.08189327269792557 -0.3693411946296692 -16.31958770751953
-0.3707387149333954 0.031913578510284424 0.9281887412071228 207.58236694335938 0.08912434428930283 0.9960196018218994 0.0013524133246392012 -1.0151270627975464 -0.9244509935379028 0.08322560787200928 -0.37210729718208313 -17.153242111206055
-0.37310269474983215 0.03170379251241684 0.9272481203079224 209.7149200439453 0.09009414911270142 0.9959308505058289 0.0021996188443154097 -1.0343501567840576 -0.9234053492546082 0.08436032384634018 -0.37444084882736206 -18.014984130859375
-0.37600308656692505 0.031200144439935684 0.9260929822921753 211.8944854736328 0.0911506861448288 0.9958312511444092 0.003458474762737751 -1.0447521209716797 -0.9221242070198059 0.08571440726518631 -0.37727952003479004 -18.89992904663086
-0.37859806418418884 0.03198840096592903 0.925008237361908 214.06300354003906 0.09264164417982101 0.9956934452056885 0.0034846211783587933 -1.0614395141601562 -0.9209131598472595 0.08701355755329132 -0.37993112206459045 -19.787961959838867
-0.3819056451320648 0.03282386437058449 0.9236182570457458 216.25247192382812 0.09254228323698044 0.9957045912742615 0.002879481064155698 -1.0752090215682983 -0.9195563197135925 0.08657342195510864 -0.38330283761024475 -20.680965423583984
-0.3844967782497406 0.032947901636362076 0.922538161277771 218.42332458496094 0.0917992889881134 0.9957738518714905 0.0026967814192175865 -1.0902000665664673 -0.9185505509376526 0.08572528511285782 -0.3858964443206787 -21.578018188476562
-0.38721635937690735 0.03415800258517265 0.9213559031486511 220.58689880371094 0.09159373492002487 0.9957951903343201 0.001576174865476787 -1.1109424829483032 -0.9174279570579529 0.08500074595212936 -0.3887168765068054 -22.487009048461914
-0.3897519111633301 0.03550593927502632 0.9202350974082947 222.75582885742188 0.09156356006860733 0.99579918384552 0.0003589159750845283 -1.1257905960083008 -0.9163566827774048 0.08439989387989044 -0.3913656771183014 -23.405492782592773
-0.39215320348739624 0.03545660153031349 0.9192163348197937 224.93043518066406 0.08953087031841278 0.9959840178489685 -0.00022234951029531658 -1.1482621431350708 -0.9155325889587402 0.08221104741096497 -0.3937528133392334 -24.325252532958984
-0.39547795057296753 0.03643809258937836 0.9177523851394653 227.0989532470703 0.09065472334623337 0.9958822727203369 -0.0004751927044708282 -1.1722291707992554 -0.9139905571937561 0.08301067352294922 -0.39715278148651123 -25.248361587524414
-0.39766132831573486 0.036072585731744766 0.9168229103088379 229.24557495117188 0.09208910912275314 0.9957504868507385 0.0007645743316970766 -1.19745934009552 -0.9128992557525635 0.08473346382379532 -0.39929336309432983 -26.184715270996094
-0.4009259045124054 0.03498890623450279 0.9154420495033264 231.41384887695312 0.09221763163805008 0.9957360625267029 0.00232970854267478 -1.2201802730560303 -0.9114572405815125 0.08535393327474594 -0.4024430811405182 -27.118337631225586
-0.4043212831020355 0.03466356173157692 0.9139599800109863 233.5408477783203 0.09139660000801086 0.9958109259605408 0.00266448431648314 -1.2375568151474 -0.9100390076637268 0.08461014926433563 -0.4057955741882324 -28.046316146850586
-0.4073859751224518 0.03481920808553696 0.9125920534133911 235.66265869140625 0.09020106494426727 0.9959210157394409 0.0022676936350762844 -1.2587857246398926 -0.908790647983551 0.08324059844017029 -0.4088650345802307 -28.990278244018555
-0.4112741947174072 0.03402746096253395 0.9108763337135315 237.84695434570312 0.08818266540765762 0.996100902557373 0.0026046026032418013 -1.2735161781311035 -0.9072360992431641 0.08139470964670181 -0.4126712381839752 -29.95649528503418
-0.41518694162368774 0.033644188195466995 0.9091137647628784 240.0074920654297 0.08755699545145035 0.9961546063423157 0.003121413756161928 -1.2912243604660034 -0.9055128693580627 0.08089523762464523 -0.41653624176979065 -30.925424575805664
-0.41911840438842773 0.03408161178231239 0.9072917103767395 242.15676879882812 0.08725088089704514 0.9961823225021362 0.0028843602631241083 -1.3069206476211548 -0.9037294387817383 0.08037090301513672 -0.42049190402030945 -31.90694808959961
-0.42282354831695557 0.03353915363550186 0.9055910706520081 244.30514526367188 0.08638644963502884 0.9962556958198547 0.00343714258633554 -1.3236193656921387 -0.9020851254463196 0.07968410849571228 -0.42413777112960815 -32.901519775390625
-0.42691218852996826 0.03279094770550728 0.9036983847618103 246.45919799804688 0.08490253239870071 0.996381402015686 0.003954452462494373 -1.3420886993408203 -0.9002985954284668 0.07841448485851288 -0.428151398897171 -33.895389556884766
-0.4309811294078827 0.03314806520938873 0.9017518758773804 248.57435607910156 0.0844108834862709 0.9964240789413452 0.0037149516865611076 -1.3532874584197998 -0.8984041810035706 0.07771874964237213 -0.43223804235458374 -34.89013671875
-0.43461012840270996 0.03380582854151726 0.8999840021133423 250.71139526367188 0.08488710969686508 0.9963842034339905 0.0035658422857522964 -1.3762933015823364 -0.8966091871261597 0.07794678211212158 -0.43590837717056274 -35.91361618041992
-0.43833640217781067 0.03410065546631813 0.898163914680481 252.78660583496094 0.08485375344753265 0.9963870048522949 0.003581792348995805 -1.3971894979476929 -0.8947966694831848 0.07778260856866837 -0.4396461844444275 -36.91328048706055
-0.44221073389053345 0.03405386209487915 0.8962646126747131 254.91363525390625 0.08486463129520416 0.99638432264328 0.0040136706084012985 -1.4138195514678955 -0.8928871750831604 0.07783602923154831 -0.44350188970565796 -37.94880676269531
-0.44615110754966736 0.03434119001030922 0.8942984938621521 257.02740478515625 0.08364075422286987 0.996489942073822 0.0034616682678461075 -1.4300367832183838 -0.8910406231880188 0.07634422928094864 -0.447457492351532 -38.98512268066406
-0.4496239423751831 0.03458160534501076 0.8925482630729675 259.1390380859375 0.08383046090602875 0.9964734315872192 0.0036216771695762873 -1.446173071861267 -0.8892754316329956 0.0764511302113533 -0.45093730092048645 -40.04914855957031
-0.4532632529735565 0.03500406816601753 0.8906891345977783 261.23284912109375 0.08420611172914505 0.9964415431022644 0.003691554768010974 -1.4542673826217651 -0.8873903155326843 0.07667472213506699 -0.45459792017936707 -41.10502243041992
-0.4566671550273895 0.03652314096689224 0.8888875246047974 263.34820556640625 0.08578746765851974 0.9963085055351257 0.0031365116592496634 -1.463205337524414 -0.8854917287826538 0.07768777012825012 -0.4581145644187927 -42.184993743896484
-0.4601265788078308 0.0385909229516983 0.8870141506195068 265.46331787109375 0.08805467188358307 0.9961128234863281 0.00233973516151309 -1.4762682914733887 -0.8834760189056396 0.07918233424425125 -0.46173617243766785 -43.281471252441406
-0.463013231754303 0.039102450013160706 0.8854883909225464 267.5857238769531 0.08934591710567474 0.99599689245224 0.0027356904465705156 -1.4943968057632446 -0.8818366527557373 0.08038142323493958 -0.4646534025669098 -44.39093017578125
-0.4657905101776123 0.0415358692407608 0.8839196562767029 269.7008361816406 0.09144455939531326 0.9958091974258423 0.0013940149219706655 -1.500212550163269 -0.8801574110984802 0.08147894591093063 -0.46763670444488525 -45.511051177978516
