1.0 0.0 0.0 0.0 0.0 1.0 0.0 0.0 0.0 0.0 1.0 0.0
0.9990403652191162 -0.0005738788167946041 0.04379555955529213 0.04573678597807884 0.0006785387522540987 0.9999969601631165 -0.0023749112151563168 -0.019956696778535843 -0.04379406198859215 0.002402349142357707 0.9990376830101013 1.0262876749038696
0.9960339665412903 -0.00479752104729414 0.0888446792960167 0.13964144885540009 0.00547368498519063 0.9999579787254333 -0.007368561811745167 -0.03844154626131058 -0.08880557119846344 0.007825646549463272 0.9960181713104248 2.0492920875549316
0.9908764362335205 -0.004225915763527155 0.13470706343650818 0.27108025550842285 0.005828996654599905 0.9999167919158936 -0.011508313938975334 -0.06028396636247635 -0.13464723527431488 0.01218852587044239 0.9908186793327332 3.0572025775909424
0.9835465550422668 -0.001330894068814814 0.18065008521080017 0.4510309398174286 0.0038364320062100887 0.9999012351036072 -0.01352087315171957 -0.09382051974534988 -0.18061423301696777 0.013991458341479301 0.9834545850753784 4.08240270614624
0.9740203022956848 -0.0038020533975213766 0.2264285832643509 0.6868445873260498 0.0070295813493430614 0.999884843826294 -0.01344944816082716 -0.12478996813297272 -0.22635139524936676 0.014691734686493874 0.9739348888397217 5.084995746612549
0.9623492360115051 -0.004335491918027401 0.271781325340271 0.9601303339004517 0.00867990218102932 0.9998530149459839 -0.014784839935600758 -0.15415456891059875 -0.27167725563049316 0.016587216407060623 0.9622454643249512 6.09185791015625
0.9488383531570435 -0.0071558356285095215 0.3156810402870178 1.2883737087249756 0.013291679322719574 0.9997621774673462 -0.0172880906611681 -0.18887633085250854 -0.3154822885990143 0.02059953846037388 0.9487078189849854 7.075158596038818
0.9336748123168945 -0.008686735294759274 0.35801663994789124 1.6609551906585693 0.0166774932295084 0.9996759295463562 -0.019237760454416275 -0.21884828805923462 -0.3577333986759186 0.02393263578414917 0.9335170388221741 8.032570838928223
0.916391134262085 -0.008779448457062244 0.40018773078918457 2.072445869445801 0.018322721123695374 0.9996314644813538 -0.020027009770274162 -0.2512578070163727 -0.39986440539360046 0.025685101747512817 0.9162142872810364 8.967764854431152
0.8968728184700012 -0.00910505373030901 0.4421948790550232 2.5190279483795166 0.01932717114686966 0.9996398687362671 -0.01861676014959812 -0.2859935462474823 -0.4418661594390869 0.025243237614631653 0.8967258334159851 9.868879318237305
0.8750817179679871 -0.009249597787857056 0.48388680815696716 3.0181455612182617 0.020247990265488625 0.9996415972709656 -0.0175089742988348 -0.3285665512084961 -0.4835515320301056 0.025119522586464882 0.874955415725708 10.766891479492188
0.8511219620704651 -0.009286174550652504 0.5248857736587524 3.552001476287842 0.020937465131282806 0.9996485114097595 -0.016265306621789932 -0.3629204034805298 -0.5245502591133118 0.024833545088768005 0.8510172367095947 11.636695861816406
0.8256147503852844 -0.009854402393102646 0.5641481876373291 4.142341613769531 0.02313520573079586 0.99959796667099 -0.016396984457969666 -0.40177595615386963 -0.5637597441673279 0.02658928744494915 0.8255107402801514 12.487953186035156
0.7983646988868713 -0.011547761037945747 0.6020634174346924 4.75434684753418 0.026515686884522438 0.999520480632782 -0.01598994992673397 -0.43383049964904785 -0.6015901565551758 0.028729941695928574 0.7982880473136902 13.293766021728516
0.7694547772407532 -0.01039034966379404 0.6386168003082275 5.419516563415527 0.026938123628497124 0.9995058178901672 -0.016195081174373627 -0.4699159860610962 -0.6381329894065857 0.02966451831161976 0.7693544626235962 14.108519554138184
0.738926351070404 -0.013561091385781765 0.6736497282981873 6.097059726715088 0.03162520378828049 0.9993935823440552 -0.014571116305887699 -0.5045604109764099 -0.6730436086654663 0.03207128867506981 0.7389070987701416 14.84100341796875
0.706868588924408 -0.012909279204905033 0.7072270512580872 6.838785648345947 0.032317399978637695 0.9993788003921509 -0.014058985747396946 -0.53428053855896 -0.7066062092781067 0.032793596386909485 0.7068467140197754 15.576126098632812
0.6728014349937439 -0.011352742090821266 0.7397359609603882 7.589400291442871 0.033080074936151505 0.9993438720703125 -0.014749888330698013 -0.5664091110229492 -0.7390832304954529 0.034394264221191406 0.6727355718612671 16.257375717163086
0.6372780203819275 -0.012634482234716415 0.7705303430557251 8.396456718444824 0.037978336215019226 0.9991655945777893 -0.015027079731225967 -0.590842068195343 -0.7696974873542786 0.03883989155292511 0.6372261047363281 16.92618751525879
0.600609302520752 -0.011079584248363972 0.7994657754898071 9.18726921081543 0.03839852660894394 0.9991497993469238 -0.015000445768237114 -0.618933916091919 -0.7986201047897339 0.03970771282911301 0.6005241274833679 17.51519775390625
0.5628312826156616 -0.010069269686937332 0.826510488986969 10.041972160339355 0.041337933391332626 0.9990175366401672 -0.015979116782546043 -0.6500380039215088 -0.8255375027656555 0.04315978288650513 0.5626944899559021 18.096885681152344
0.5238637924194336 -0.008228438906371593 0.8517622351646423 10.882070541381836 0.04588150233030319 0.9987742304801941 -0.01857009157538414 -0.6744548082351685 -0.8505654335021973 0.04880833253264427 0.5235991477966309 18.615222930908203
0.48525965213775635 -0.007040345575660467 0.8743417859077454 11.786203384399414 0.047301460057497025 0.9987146258354187 -0.01821048930287361 -0.7002190351486206 -0.8730897307395935 0.05019445717334747 0.4849689304828644 19.108959197998047
0.446726530790329 -0.008936922065913677 0.8946259617805481 12.692326545715332 0.052406102418899536 0.998494565486908 -0.016194164752960205 -0.7300726175308228 -0.8931344151496887 0.054118212312459946 0.4465222954750061 19.55724334716797
0.4100780189037323 -0.009562710300087929 0.9120003581047058 13.62386703491211 0.05638938397169113 0.9982978105545044 -0.014887729659676552 -0.7538800835609436 -0.9103055596351624 0.05753226950764656 0.40991920232772827 19.95826530456543
0.374704509973526 -0.007136350963264704 0.9271167516708374 14.565589904785156 0.05751925706863403 0.9982231855392456 -0.015563367865979671 -0.7884110808372498 -0.9253583550453186 0.059158746153116226 0.3744491934776306 20.330032348632812
0.3415144085884094 -0.008048764429986477 0.9398421049118042 15.517881393432617 0.05811772495508194 0.9982305765151978 -0.012569687329232693 -0.8117848634719849 -0.9380779266357422 0.05891421064734459 0.3413779139518738 20.668859481811523
0.3080582618713379 -0.00957570318132639 0.9513192176818848 16.5091552734375 0.06077715754508972 0.9981048107147217 -0.009634356014430523 -0.8318427205085754 -0.9494240880012512 0.060786426067352295 0.30805641412734985 20.9844970703125
0.27554863691329956 -0.009454206563532352 0.9612406492233276 17.500896453857422 0.061430610716342926 0.9980810284614563 -0.007793113123625517 -0.8517895936965942 -0.9593222737312317 0.06119699403643608 0.2756005823612213 21.25808334350586
0.24330057203769684 -0.006706900894641876 0.9699277281761169 18.5057430267334 0.058775924146175385 0.9982403516769409 -0.00784091092646122 -0.875695526599884 -0.9681684970855713 0.05891610309481621 0.24326665699481964 21.513059616088867
0.2124219685792923 -0.005107829812914133 0.9771646857261658 19.536876678466797 0.05867379158735275 0.9982487559318542 -0.007536825258284807 -0.8901088833808899 -0.9754149317741394 0.058934953063726425 0.21234966814517975 21.739107131958008
0.18197470903396606 -0.005042669828981161 0.9832902550697327 20.57548713684082 0.06043371930718422 0.998153805732727 -0.00606539798900485 -0.9091784358024597 -0.9814442992210388 0.06052763760089874 0.18194349110126495 21.926097869873047
0.1511841118335724 -0.005273269955068827 0.9884914755821228 21.637405395507812 0.06186922639608383 0.9980756044387817 -0.004138146061450243 -0.9247849583625793 -0.9865675568580627 0.061782825738191605 0.1512194573879242 22.087738037109375
0.12065758556127548 -0.005979147274047136 0.9926761984825134 22.71790313720703 0.06019514054059982 0.9981857538223267 -0.0013042523059993982 -0.9362565875053406 -0.9908673763275146 0.05991164594888687 0.12079862505197525 22.220001220703125
0.09144137054681778 -0.00618194043636322 0.9957912564277649 23.802244186401367 0.06108587607741356 0.9981324672698975 0.0005870893364772201 -0.9462844729423523 -0.9939351081848145 0.06077509745955467 0.09164820611476898 22.314533233642578
0.06453555822372437 -0.005968240089714527 0.9978975653648376 24.918155670166016 0.0637882798910141 0.997961699962616 0.0018433391815051436 -0.9502547979354858 -0.9958745837211609 0.06353519856929779 0.06478472054004669 22.373889923095703
0.039625849574804306 -0.005474443547427654 0.9991995096206665 26.04044532775879 0.06793757528066635 0.9976856708526611 0.0027719088830053806 -0.9580585360527039 -0.996902346611023 0.06777334958314896 0.03990606963634491 22.405542373657227
0.017145730555057526 -0.004905171692371368 0.9998409748077393 27.2141056060791 0.07227954268455505 0.9973776936531067 0.0036536045372486115 -0.9571675062179565 -0.9972370266914368 0.07220541685819626 0.017455313354730606 22.410409927368164
-0.0029343022033572197 -0.00514373229816556 0.999982476234436 28.364606857299805 0.07786601036787033 0.9969495534896851 0.00535661680623889 -0.9589604139328003 -0.9969594478607178 0.0778803601861 -0.0025248287711292505 22.3983154296875
-0.02010463923215866 -0.005682429298758507 0.9997817277908325 29.557992935180664 0.082448810338974 0.9965683817863464 0.007322131656110287 -0.9574034810066223 -0.9963924288749695 0.08257803320884705 -0.019567135721445084 22.352949142456055
-0.03567080199718475 -0.005439859349280596 0.9993487000465393 30.773845672607422 0.08556671440601349 0.9962963461875916 0.008477465249598026 -0.9530935287475586 -0.9956936240196228 0.08581339567899704 -0.03507322818040848 22.297637939453125
-0.050284091383218765 -0.006159915588796139 0.9987158179283142 31.978208541870117 0.08771570026874542 0.9960895776748657 0.010560089722275734 -0.9504596590995789 -0.9948756098747253 0.08813405781984329 -0.049547139555215836 22.2460880279541
-0.06319102644920349 -0.007112437393516302 0.9979761242866516 33.19172668457031 0.08793511241674423 0.9960456490516663 0.012666658498346806 -0.9443306922912598 -0.9941198825836182 0.08855756372213364 -0.06231571361422539 22.155780792236328
-0.07524378597736359 -0.007058161776512861 0.9971401691436768 34.4045524597168 0.08759096264839172 0.9960628151893616 0.01366011518985033 -0.9427512884140015 -0.9933106899261475 0.08836830407381058 -0.07432931661605835 22.070152282714844
-0.08648977428674698 -0.004270252306014299 0.9962435960769653 35.63545608520508 0.08760566264390945 0.996084451675415 0.011875133030116558 -0.9373399019241333 -0.992393434047699 0.08830364048480988 -0.08577702194452286 21.96941566467285
-0.09654007852077484 -0.0009120551985688508 0.9953286647796631 36.86970520019531 0.08807332813739777 0.9960691332817078 0.009455245919525623 -0.9303714036941528 -0.9914247989654541 0.08857472240924835 -0.09608027338981628 21.844451904296875
-0.10577595978975296 0.0015079955337569118 0.9943888187408447 38.1433219909668 0.08935395628213882 0.9959678649902344 0.007994445972144604 -0.9262986183166504 -0.9903672337532043 0.08969821035861969 -0.10548420995473862 21.712568283081055
-0.11313359439373016 0.002777004148811102 0.993575930595398 39.43260192871094 0.08922888338565826 0.9959838390350342 0.007376318797469139 -0.9151529669761658 -0.9895650744438171 0.08949017524719238 -0.11292701959609985 21.571292877197266
-0.11880216747522354 0.00333478394895792 0.9929123520851135 40.72488021850586 0.0888221263885498 0.9960208535194397 0.007282363250851631 -0.9106792211532593 -0.9889371395111084 0.08905775099992752 -0.11862565577030182 21.416606903076172
-0.12419075518846512 0.004965136293321848 0.9922459125518799 42.05380630493164 0.09009057283401489 0.9959136247634888 0.006292358506470919 -0.9032914042472839 -0.9881600737571716 0.09017344564199448 -0.12413056939840317 21.25933265686035
-0.1287093460559845 0.006467646919190884 0.9916612505912781 43.39260482788086 0.0889459103345871 0.9960236549377441 0.005048339255154133 -0.8990227580070496 -0.9876853823661804 0.08885397017002106 -0.12877283990383148 21.085861206054688
-0.13306695222854614 0.0074308342300355434 0.9910791516304016 44.77457809448242 0.08966978639364243 0.99596107006073 0.004572048783302307 -0.8891735672950745 -0.987042248249054 0.08947823941707611 -0.13319581747055054 20.91162109375
-0.13608583807945251 0.006816535256803036 0.9906735420227051 46.16374206542969 0.08921854197978973 0.995997428894043 0.005402517504990101 -0.8804839849472046 -0.986671507358551 0.08912166208028793 -0.1361493319272995 20.73182487487793
-0.1384797990322113 0.0045676096342504025 0.9903547763824463 47.59568786621094 0.08992800116539001 0.9959162473678589 0.007981237024068832 -0.8834710717201233 -0.986274003982544 0.09016585350036621 -0.13832508027553558 20.527992248535156
-0.14056779444217682 0.00342730013653636 0.9900650382041931 49.02469253540039 0.08965390920639038 0.9959296584129333 0.009281312115490437 -0.8715143203735352 -0.9860034584999084 0.09006785601377487 -0.14030295610427856 20.31743621826172
-0.14286461472511292 0.004782713018357754 0.989730715751648 50.45610427856445 0.09244478493928909 0.9956812262535095 0.008532659150660038 -0.8594533205032349 -0.9854154586791992 0.09271445870399475 -0.1426897794008255 20.126201629638672
-0.1440214365720749 0.004669603426009417 0.9895634651184082 51.94482421875 0.09175511449575424 0.995743989944458 0.008655303157866001 -0.8408020734786987 -0.9853115081787109 0.09204404801130295 -0.14383693039417267 19.898557662963867
-0.1449200063943863 0.005939501337707043 0.989425539970398 53.414527893066406 0.09386348724365234 0.9955546855926514 0.007771780248731375 -0.8314300775527954 -0.984981119632721 0.09399721026420593 -0.14483331143856049 19.691364288330078
-0.14492107927799225 0.006246284581720829 0.9894235134124756 54.906620025634766 0.09353555738925934 0.9955883026123047 0.007414971012622118 -0.8212381601333618 -0.9850121736526489 0.09362088143825531 -0.1448659896850586 19.471046447753906
-0.1443711370229721 0.007752828765660524 0.9894932508468628 56.42118453979492 0.09331459552049637 0.9956197142601013 0.0058141532354056835 -0.8131492137908936 -0.9851138591766357 0.0931735560297966 -0.1444621980190277 19.25604248046875
-0.14290261268615723 0.00787977036088705 0.9897053837776184 57.95333480834961 0.09394542872905731 0.9955613613128662 0.0056382943876087666 -0.8046948909759521 -0.9852679967880249 0.09378401190042496 -0.14300858974456787 19.030277252197266
-0.14145097136497498 0.006604684516787529 0.9899232387542725 59.5133056640625 0.09321554005146027 0.9956235289573669 0.006676934659481049 -0.8048825263977051 -0.9855467081069946 0.09322068840265274 -0.14144758880138397 18.80694007873535
-0.14044922590255737 0.0072327954694628716 0.9900614023208618 61.103660583496094 0.09402426332235336 0.9955515265464783 0.006065296940505505 -0.7993748188018799 -0.985613226890564 0.09394168108701706 -0.14050446450710297 18.58368682861328
-0.13955989480018616 0.0077946987003088 0.9901829361915588 62.69413375854492 0.09381633996963501 0.995574951171875 0.005385659169405699 -0.7960587739944458 -0.9857593774795532 0.09364694356918335 -0.13967357575893402 18.37230682373047
-0.13852335512638092 0.008203505538403988 0.9903252124786377 64.30197143554688 0.09503988176584244 0.9954606890678406 0.0050478121265769005 -0.7973033785820007 -0.9857883453369141 0.09481961280107498 -0.13867418467998505 18.14680290222168
-0.13744240999221802 0.008157176896929741 0.9904761910438538 65.93759155273438 0.09444206207990646 0.9955182671546936 0.004906457383185625 -0.7905540466308594 -0.9859970211982727 0.0942169800400734 -0.13759681582450867 17.917770385742188
-0.13631755113601685 0.006622415967285633 0.9906430840492249 67.59613800048828 0.09636281430721283 0.9953243732452393 0.0066063059493899345 -0.7811379432678223 -0.9859673976898193 0.09636169672012329 -0.13631832599639893 17.681591033935547
-0.13566893339157104 0.004294918850064278 0.9907450079917908 69.25685119628906 0.09760769456624985 0.9951838254928589 0.009051872417330742 -0.7783527374267578 -0.9859344363212585 0.0979323759675026 -0.13543473184108734 17.454784393310547
-0.13513387739658356 0.005725163966417313 0.990810751914978 71.00346374511719 0.09932582080364227 0.9950244426727295 0.007797255180776119 -0.7689165472984314 -0.9858363270759583 0.09946675598621368 -0.13503018021583557 17.213226318359375
-0.134375661611557 0.007370533421635628 0.9909030199050903 72.69194030761719 0.1013127863407135 0.9948344826698303 0.00633917935192585 -0.7661122679710388 -0.9857378005981445 0.10124298185110092 -0.13442827761173248 16.98211669921875
-0.1340072751045227 0.006890828255563974 0.9909563660621643 74.42198944091797 0.1000194102525711 0.994963526725769 0.006606957875192165 -0.7673920392990112 -0.9859199523925781 0.10000025480985641 -0.1340215653181076 16.75581932067871
-0.1335897296667099 0.007273531518876553 0.9910100698471069 76.13699340820312 0.10085231065750122 0.9948814511299133 0.006293103564530611 -0.758919358253479 -0.9858917593955994 0.10078634321689606 -0.13363948464393616 16.522233963012695
-0.13371455669403076 0.0057435417547822 0.9910032153129578 77.8690414428711 0.10043507069349289 0.9949131011962891 0.007785351946949959 -0.7596028447151184 -0.9859174489974976 0.10057250410318375 -0.13361121714115143 16.31119155883789
-0.13347867131233215 0.006005929317325354 0.9910334944725037 79.60015869140625 0.10171990841627121 0.9947835206985474 0.0076716309413313866 -0.7518854737281799 -0.9858176112174988 0.1018318384885788 -0.1333933174610138 16.078506469726562
-0.13333739340305328 0.0056465924717485905 0.9910545945167542 81.37428283691406 0.102707140147686 0.994678258895874 0.008151071146130562 -0.7455035448074341 -0.9857344031333923 0.1028752252459526 -0.13320772349834442 15.841766357421875
-0.13322104513645172 0.006750783417373896 0.9910633563995361 83.14030456542969 0.10306888818740845 0.9946490526199341 0.007079559378325939 -0.7377588152885437 -0.9857124090194702 0.10309095680713654 -0.13320401310920715 15.60115909576416
-0.1335565745830536 0.007737346924841404 0.9910109639167786 84.9438247680664 0.1029154434800148 0.9946714043617249 0.006103782914578915 -0.7314980030059814 -0.9856829643249512 0.10280552506446838 -0.13364118337631226 15.353055000305176
-0.13469082117080688 0.008475060574710369 0.9908514022827148 86.73714447021484 0.10237855464220047 0.9947308301925659 0.0054085287265479565 -0.7339162826538086 -0.9855846166610718 0.1021704152226448 -0.13484880328178406 15.116454124450684
-0.13615632057189941 0.009013304486870766 0.9906463623046875 88.54509735107422 0.10152361541986465 0.9948210716247559 0.004902312532067299 -0.734730064868927 -0.9854716062545776 0.10124149173498154 -0.13636621832847595 14.88109016418457
-0.13715697824954987 0.008056838996708393 0.9905165433883667 90.3673095703125 0.10042519122362137 0.9949277639389038 0.005813175346702337 -0.7371733784675598 -0.9854453802108765 0.10027017444372177 -0.13727036118507385 14.6380615234375
-0.1384207159280777 0.007875028997659683 0.9903421401977539 92.21082305908203 0.10049532353878021 0.9949186444282532 0.006134867202490568 -0.7330646514892578 -0.9852616190910339 0.10037395358085632 -0.13850870728492737 14.389510154724121
-0.13898202776908875 0.007088151760399342 0.9902694821357727 94.06832122802734 0.09800310432910919 0.9951640367507935 0.006631328258663416 -0.7263286709785461 -0.9854335188865662 0.09797113388776779 -0.13900460302829742 14.131637573242188
-0.14083527028560638 0.00782520230859518 0.9900020956993103 95.90092468261719 0.09787604212760925 0.9951801300048828 0.006057472433894873 -0.7270450592041016 -0.98518306016922 0.09775058925151825 -0.14092236757278442 13.87995433807373
-0.143145352602005 0.008719738572835922 0.9896632432937622 97.78373718261719 0.09691668301820755 0.9952786564826965 0.005248860456049442 -0.7215411067008972 -0.9849449396133423 0.09666623175144196 -0.14331457018852234 13.6023588180542
-0.14703555405139923 0.00954291969537735 0.9890851378440857 99.65077209472656 0.09722405672073364 0.9952507019042969 0.004850741475820541 -0.7191671133041382 -0.9843414425849915 0.0968761071562767 -0.14726503193378448 13.324103355407715
-0.15159212052822113 0.008599536493420601 0.9884056448936462 101.52733612060547 0.09531461447477341 0.9954293966293335 0.00595779437571764 -0.7198741436004639 -0.9838367700576782 0.09511267393827438 -0.15171894431114197 13.047133445739746
-0.15633361041545868 0.007994042709469795 0.9876719117164612 103.43771362304688 0.09398097544908524 0.9955506324768066 0.006817961577326059 -0.7182458639144897 -0.9832230806350708 0.09388825297355652 -0.1563892960548401 12.749174118041992
-0.16086605191230774 0.008618547581136227 0.9869385361671448 105.33285522460938 0.09244919568300247 0.995697021484375 0.006373724900186062 -0.7214796543121338 -0.9826368093490601 0.0922669842839241 -0.16097062826156616 12.449459075927734
-0.16494716703891754 0.010594445280730724 0.9862455129623413 107.25442504882812 0.09308401495218277 0.9956462979316711 0.004872644320130348 -0.7157748937606812 -0.9819000959396362 0.09260741621255875 -0.16521517932415009 12.114622116088867
-0.1698845624923706 0.012127500958740711 0.9853892922401428 109.17805480957031 0.09258949011564255 0.9956974387168884 0.003708382835611701 -0.7251440286636353 -0.9811046719551086 0.09186669439077377 -0.1702764928340912 11.797391891479492
-0.17478333413600922 0.01214348990470171 0.9845319986343384 111.11164855957031 0.09162038564682007 0.9957860708236694 0.0039830077439546585 -0.7358521223068237 -0.9803348779678345 0.09089937061071396 -0.17515937983989716 11.465303421020508
-0.17951183021068573 0.011977874673902988 0.9836829900741577 113.06624603271484 0.0897756963968277 0.995952844619751 0.004255841486155987 -0.7382553815841675 -0.9796508550643921 0.08907479792833328 -0.17986063659191132 11.115510940551758
-0.1842697709798813 0.011592893861234188 0.9828073382377625 115.03350830078125 0.08788347244262695 0.996119499206543 0.004727642051875591 -0.7370569705963135 -0.9789388179779053 0.0872436910867691 -0.18457354605197906 10.748205184936523
-0.1899108588695526 0.010680592618882656 0.9817432165145874 116.9793472290039 0.08713830262422562 0.9961780309677124 0.006018614396452904 -0.7460060715675354 -0.9779267907142639 0.08669044077396393 -0.19011567533016205 10.38259506225586
-0.19502070546150208 0.010318832471966743 0.9807447791099548 118.95701599121094 0.08746533840894699 0.9961435794830322 0.0069115967489778996 -0.7482121586799622 -0.9768913388252258 0.08712908625602722 -0.19517114758491516 9.989068984985352
-0.2003527134656906 0.01182124949991703 0.9796525239944458 120.90959930419922 0.08780918270349503 0.9961196184158325 0.0059382617473602295 -0.7487257122993469 -0.9757809042930603 0.08721223473548889 -0.20061327517032623 9.599103927612305
-0.2057875543832779 0.012925495393574238 0.9785112738609314 122.86981964111328 0.08750325441360474 0.9961504340171814 0.005244029685854912 -0.7514917254447937 -0.9746767282485962 0.08670209348201752 -0.2061263620853424 9.19635009765625
-0.21167585253715515 0.012827429920434952 0.9772557616233826 124.87592315673828 0.08762386441230774 0.9961361289024353 0.005904278252273798 -0.7463346719741821 -0.973404049873352 0.08688072115182877 -0.21198195219039917 8.777078628540039
-0.21710333228111267 0.012810535728931427 0.9760645627975464 126.8594741821289 0.08664821833372116 0.9962196946144104 0.006197857204824686 -0.7448784112930298 -0.9722952842712402 0.0859198272228241 -0.21739263832569122 8.342903137207031
-0.22237537801265717 0.013531847856938839 0.9748671650886536 128.84591674804688 0.08581307530403137 0.9962946772575378 0.005745407193899155 -0.7437118887901306 -0.9711772799491882 0.08493400365114212 -0.22271259129047394 7.8970489501953125
-0.22765898704528809 0.01413620263338089 0.9736384153366089 130.84495544433594 0.0850968137383461 0.9963578581809998 0.005431515630334616 -0.7455347776412964 -0.9700154066085815 0.08409003913402557 -0.22803276777267456 7.4441680908203125
-0.23206286132335663 0.013526088558137417 0.9726067185401917 132.83697509765625 0.08627191931009293 0.9962489008903503 0.006729507353156805 -0.7443463206291199 -0.9688673615455627 0.08547033369541168 -0.23235931992530823 6.974861145019531
-0.23580455780029297 0.013573797419667244 0.9717056751251221 134.8491973876953 0.08868835121393204 0.996030330657959 0.0076084802858531475 -0.7370347380638123 -0.9677450656890869 0.08797309547662735 -0.23607231676578522 6.486171722412109
-0.23925484716892242 0.01427405048161745 0.9708518981933594 136.85610961914062 0.08994321525096893 0.9959185123443604 0.007522827945649624 -0.7369703650474548 -0.9667819738388062 0.08912139385938644 -0.23956213891506195 5.991300582885742
-0.24210989475250244 0.01493616122752428 0.9701337814331055 138.85964965820312 0.09058062732219696 0.9958624839782715 0.007273332681506872 -0.740070641040802 -0.9660113453865051 0.08963625878095627 -0.242461159825325 5.489585876464844
-0.24563926458358765 0.014950551092624664 0.9692459106445312 140.89913940429688 0.08984807133674622 0.9959278702735901 0.00740837911143899 -0.7382897138595581 -0.9651884436607361 0.08890466392040253 -0.24598227441310883 4.984943389892578
-0.24925102293491364 0.015460380353033543 0.9683154821395874 142.92063903808594 0.08843512833118439 0.9960582852363586 0.0068604848347604275 -0.7404412031173706 -0.9643926620483398 0.08734310418367386 -0.24963578581809998 4.461891174316406
-0.254040390253067 0.01631763018667698 0.9670559763908386 144.95077514648438 0.08791680634021759 0.9961078763008118 0.006287434604018927 -0.7454081773757935 -0.9631896018981934 0.08661773055791855 -0.25448623299598694 3.9394683837890625
-0.2582933008670807 0.015318231657147408 0.9659451246261597 146.98280334472656 0.08607613295316696 0.9962624311447144 0.00721770990639925 -0.7475275993347168 -0.9622242450714111 0.0850091204047203 -0.2586463689804077 3.4037437438964844
-0.26274004578590393 0.015934903174638748 0.9647350907325745 149.0098876953125 0.0865018218755722 0.9962263703346252 0.007103212643414736 -0.7474086284637451 -0.9609814286231995 0.08531763404607773 -0.263126939535141 2.85382080078125
-0.26759594678878784 0.016223909333348274 0.9633945822715759 151.0598602294922 0.0857435017824173 0.9962924122810364 0.007038498297333717 -0.7498469352722168 -0.9597085118293762 0.08448830246925354 -0.26799485087394714 2.3009300231933594
-0.27263516187667847 0.01636900193989277 0.9619781970977783 153.11196899414062 0.08518332988023758 0.9963393807411194 0.007188203278928995 -0.7496027946472168 -0.9583390355110168 0.08390427380800247 -0.2730315327644348 1.7391624450683594
-0.2769636809825897 0.01580316387116909 0.9607505202293396 155.15455627441406 0.08520887792110443 0.996329665184021 0.008175492286682129 -0.7527811527252197 -0.9570947885513306 0.08412879705429077 -0.27729368209838867 1.1583290100097656
-0.2819475829601288 0.015930278226733208 0.9592975378036499 157.2183837890625 0.08566685020923615 0.9962864518165588 0.00863385759294033 -0.7509437799453735 -0.9555975794792175 0.08461427688598633 -0.28226524591445923 0.5755615234375
-0.2862532436847687 0.016489090397953987 0.9580121040344238 159.2947540283203 0.08632396161556244 0.9962295889854431 0.008646650239825249 -0.7510634660720825 -0.9542573690414429 0.08517453819513321 -0.2865974009037018 -0.03089141845703125
-0.2898348569869995 0.01788763888180256 0.9569094777107239 161.35775756835938 0.08683580905199051 0.9961930513381958 0.007679412141442299 -0.7464253902435303 -0.953129231929779 0.08531977236270905 -0.29028475284576416 -0.6499786376953125
-0.2936539947986603 0.019391778856515884 0.9557150602340698 163.4187469482422 0.08678851276636124 0.9962058067321777 0.006453376729041338 -0.750145673751831 -0.9519637823104858 0.08484014123678207 -0.2942228317260742 -1.269744873046875
-0.29746463894844055 0.02063632197678089 0.9545097351074219 165.50796508789062 0.08752534538507462 0.9961456656455994 0.005740034393966198 -0.7511596083641052 -0.9507123231887817 0.08525125682353973 -0.2981243431568146 -1.9056816101074219
-0.3009476959705353 0.021296201273798943 0.9534027576446533 167.59884643554688 0.08687134832143784 0.9962060451507568 0.005169195123016834 -0.7547198534011841 -0.9496756792068481 0.08437905460596085 -0.30165594816207886 -2.5566024780273438
-0.3045032322406769 0.0212963055819273 0.9522731900215149 169.697021484375 0.08724141865968704 0.9961713552474976 0.00561869191005826 -0.7616546154022217 -0.9485076069831848 0.08478857576847076 -0.3051953911781311 -3.2188262939453125
-0.308630108833313 0.021643320098519325 0.9509358406066895 171.78929138183594 0.0871216431260109 0.9961819052696228 0.0056025683879852295 -0.7632088661193848 -0.9471838474273682 0.08457623422145844 -0.3093373477458954 -3.8844261169433594
-0.3127800524234772 0.022646242752671242 0.9495555758476257 173.88937377929688 0.08949412405490875 0.9959709048271179 0.005725807044655085 -0.767993152141571 -0.9456000328063965 0.08677054196596146 -0.3135465383529663 -4.573276519775391
-0.3158290684223175 0.02311769500374794 0.9485344290733337 175.98143005371094 0.09166629612445831 0.9957701563835144 0.006252771709114313 -0.7687692642211914 -0.9443777203559875 0.08892344683408737 -0.31661227345466614 -5.272533416748047
-0.31830185651779175 0.022314706817269325 0.9477267265319824 178.0499267578125 0.0922289714217186 0.9957093596458435 0.007531378883868456 -0.7744920253753662 -0.9434922933578491 0.08980511873960495 -0.3189941942691803 -5.964466094970703
-0.32081690430641174 0.02217448130249977 0.9468816518783569 180.13262939453125 0.09196319431066513 0.9957315325737 0.007839967496693134 -0.7677805423736572 -0.9426660537719727 0.08959347009658813 -0.3214867413043976 -6.6727447509765625
-0.3236467242240906 0.022614436224102974 0.945907711982727 182.24346923828125 0.0912359356880188 0.9958017468452454 0.007409519050270319 -0.771410346031189 -0.9417688846588135 0.0886988490819931 -0.3243512511253357 -7.390625
-0.32621026039123535 0.02487548068165779 0.944969892501831 184.34645080566406 0.090692900121212 0.9958658814430237 0.005092555191367865 -0.7697139382362366 -0.9409365057945251 0.08736331015825272 -0.3271176517009735 -8.115638732910156
-0.32940155267715454 0.026718495413661003 0.9438117742538452 186.46969604492188 0.09042836725711823 0.9958972930908203 0.0033675816375762224 -0.7746912837028503 -0.9398496150970459 0.08645664900541306 -0.3304661810398102 -8.848743438720703
-0.3324943482875824 0.027699775993824005 0.9426983594894409 188.59219360351562 0.08951305598020554 0.9959831237792969 0.0023062294349074364 -0.7870419025421143 -0.9388476610183716 0.08515060693025589 -0.3336382210254669 -9.590373992919922
-0.33658021688461304 0.02866949886083603 0.9412182569503784 190.76551818847656 0.08784155547618866 0.9961338639259338 0.0010699675185605884 -0.7954837083816528 -0.9375486969947815 0.08303820341825485 -0.3377974033355713 -10.345535278320312
-0.339946985244751 0.02898680977523327 0.9399977326393127 192.90634155273438 0.08861269801855087 0.9960652589797974 0.0013307178160175681 -0.8073291778564453 -0.936260461807251 0.08374811708927155 -0.3411780297756195 -11.123416900634766
-0.34397560358047485 0.027900952845811844 0.9385639429092407 195.07415771484375 0.08798325806856155 0.9961184859275818 0.002633206080645323 -0.8190082311630249 -0.9348474144935608 0.08348365873098373 -0.34509527683258057 -11.90127944946289
-0.347658634185791 0.02724042907357216 0.9372254014015198 197.23631286621094 0.08802187442779541 0.9961116909980774 0.00369927566498518 -0.831037163734436 -0.9334803819656372 0.08378241956233978 -0.34870457649230957 -12.697399139404297
-0.3515327274799347 0.02770277112722397 0.9357656240463257 199.39031982421875 0.08830412477254868 0.9960867166519165 0.0036840757820755243 -0.8346377015113831 -0.9320015907287598 0.08392706513404846 -0.35260331630706787 -13.500236511230469
-0.35514360666275024 0.027878744527697563 0.934395968914032 201.5424346923828 0.08729921281337738 0.9961761236190796 0.003458509687334299 -0.8395261168479919 -0.9307265281677246 0.08280029892921448 -0.3562193810939789 -14.308025360107422
-0.3592548668384552 0.02820267714560032 0.9328131675720215 203.7110137939453 0.08637576550245285 0.9962576627731323 0.0031450872775167227 -0.856604814529419 -0.9292336702346802 0.0817023441195488 -0.36034640669822693 -15.134017944335938
-0.3628650903701782 0.02874971367418766 0.9313980340957642 205.8927764892578 0.08580607175827026 0.9963082671165466 0.0026760331820696592 -0.8672969341278076 -0.9278826713562012 0.08089064806699753 -0.36399227380752563 -15.967910766601562
-0.3654787838459015 0.029371634125709534 0.9303561449050903 207.99591064453125 0.08773647993803024 0.9961391687393188 0.0030177608132362366 -0.8919057250022888 -0.92667555809021 0.08272907882928848 -0.3666447699069977 -16.795513153076172
-0.36821529269218445 0.028991391882300377 0.929288387298584 210.1402130126953 0.0884271189570427 0.9960747957229614 0.0039628297090530396 -0.9081727266311646 -0.9255259037017822 0.08363346010446548 -0.3693334758281708 -17.638721466064453
-0.37059286236763 0.0287379901856184 0.9283507466316223 212.31869506835938 0.08996199816465378 0.9959322214126587 0.005082331597805023 -0.9152771234512329 -0.9244283437728882 0.08539973944425583 -0.3716706931591034 -18.517108917236328
-0.3736792504787445 0.029545951634645462 0.9270873069763184 214.5035400390625 0.09118221700191498 0.9958215951919556 0.005016155540943146 -0.926134467124939 -0.9230652451515198 0.08640829473733902 -0.37481197714805603 -19.390625
-0.3765881657600403 0.030705703422427177 0.925871729850769 216.69728088378906 0.09141530841588974 0.9958041906356812 0.0041572353802621365 -0.9355522394180298 -0.9218593239784241 0.08620443195104599 -0.3778150975704193 -20.273921966552734
-0.3790847063064575 0.030914902687072754 0.9248453974723816 218.86959838867188 0.09082571417093277 0.9958591461181641 0.003939860966056585 -0.9472585320472717 -0.9208937287330627 0.08549328148365021 -0.3803229033946991 -21.161937713623047
-0.3820330500602722 0.032076284289360046 0.9235918521881104 221.0401153564453 0.09072905778884888 0.9958711862564087 0.002942475490272045 -0.9655765295028687 -0.9196841716766357 0.08492074906826019 -0.3833659291267395 -22.054542541503906
-0.38461795449256897 0.03334783390164375 0.9224733114242554 223.20945739746094 0.09069538116455078 0.9958770275115967 0.001813301700167358 -0.9790990352630615 -0.9186094999313354 0.0843614935874939 -0.3860566020011902 -22.959877014160156
-0.3871176242828369 0.033125653862953186 0.9214351177215576 225.3873748779297 0.08841704577207565 0.9960826635360718 0.0013369546504691243 -0.9999136924743652 -0.9177812337875366 0.081988126039505 -0.38853004574775696 -23.865074157714844
-0.3903751075267792 0.03433832898736 0.9200153350830078 227.56295776367188 0.0895579531788826 0.9959812760353088 0.0008270032121799886 -1.0170080661773682 -0.9162896275520325 0.08271755278110504 -0.3918814957141876 -24.778331756591797
-0.39278629422187805 0.03379927948117256 0.9190083742141724 229.71449279785156 0.09075099229812622 0.9958711862564087 0.0021610409021377563 -1.039246916770935 -0.9151409864425659 0.08424977213144302 -0.394231915473938 -25.699901580810547
-0.39579638838768005 0.03282181918621063 0.9177515506744385 231.8836669921875 0.09112877398729324 0.9958322048187256 0.003686625510454178 -1.057995319366455 -0.9138055443763733 0.08509273082017899 -0.3971378803253174 -26.624099731445312
-0.3990764021873474 0.032308612018823624 0.9163482785224915 234.01882934570312 0.0900454968214035 0.9959291219711304 0.004101010039448738 -1.0719118118286133 -0.9124854207038879 0.08414965122938156 -0.4003611207008362 -27.54281997680664
-0.4021449089050293 0.03260290250182152 0.9149954915046692 236.15603637695312 0.08881408721208572 0.9960418343544006 0.0035434814635664225 -1.0903993844985962 -0.9112582206726074 0.08268944174051285 -0.4034489095211029 -28.474685668945312
-0.4056934714317322 0.032026637345552444 0.913447916507721 238.33865356445312 0.08714564144611359 0.9961883425712585 0.003776746103540063 -1.1030269861221313 -0.9098452925682068 0.08113521337509155 -0.40693819522857666 -29.43102264404297
-0.40972432494163513 0.031011458486318588 0.91168212890625 240.50357055664062 0.08596924692392349 0.9962865114212036 0.004746596794575453 -1.1210740804672241 -0.9081493616104126 0.08032140135765076 -0.4108688533306122 -30.380111694335938
-0.41344764828681946 0.031342171132564545 0.9099884629249573 242.6542510986328 0.08563534170389175 0.9963159561157227 0.004592392593622208 -1.1348681449890137 -0.9064919352531433 0.07982587814331055 -0.4146084785461426 -31.348342895507812
-0.4173303246498108 0.03128781169652939 0.908216118812561 244.8047637939453 0.08543118089437485 0.9963318705558777 0.00493271229788661 -1.1496248245239258 -0.9047303199768066 0.07964852452278137 -0.41847243905067444 -32.3243408203125
-0.4212656617164612 0.030776072293519974 0.9064149260520935 246.9633026123047 0.08423630893230438 0.9964317679405212 0.005317226517945528 -1.1636289358139038 -0.9030168652534485 0.07859300076961517 -0.4223548471927643 -33.308082580566406
-0.42535191774368286 0.0305832140147686 0.9045111536979675 249.08351135253906 0.08320552855730057 0.996517539024353 0.005433783866465092 -1.1735416650772095 -0.9011951088905334 0.07757159322500229 -0.426415354013443 -34.28865051269531
-0.4292981028556824 0.03140345960855484 0.9026167392730713 251.2368621826172 0.083640456199646 0.9964829087257385 0.005111448932439089 -1.1912516355514526 -0.8992816209793091 0.07768961042165756 -0.4304148256778717 -35.29326629638672
-0.4331527650356293 0.0316653735935688 0.9007641077041626 253.33639526367188 0.0837489441037178 0.9964730143547058 0.005242655519396067 -1.2121161222457886 -0.8974211812019348 0.07770892232656479 -0.4342769980430603 -36.28541564941406
-0.436535507440567 0.03184799477458 0.8991231918334961 255.48101806640625 0.08372264355421066 0.9964747428894043 0.005352088715881109 -1.2221235036849976 -0.895783007144928 0.07761335372924805 -0.4376629590988159 -37.32172393798828
-0.44056975841522217 0.03197024390101433 0.897148847579956 257.60546875 0.08246151357889175 0.9965817928314209 0.0049814279191195965 -1.2355841398239136 -0.8939230442047119 0.07617492228746414 -0.4417000710964203 -38.344146728515625
-0.44434964656829834 0.03244253620505333 0.8952656984329224 259.7334289550781 0.08277346193790436 0.9965559244155884 0.004970081616193056 -1.2461085319519043 -0.8920212984085083 0.07631268352270126 -0.4455046057701111 -39.392120361328125
-0.44781026244163513 0.032761115580797195 0.8935282230377197 261.847412109375 0.08298948407173157 0.9965376257896423 0.005053957458585501 -1.2477202415466309 -0.890268862247467 0.07641665637493134 -0.44897863268852234 -40.44581604003906
-0.4511505365371704 0.03435485064983368 0.8917863368988037 263.9698791503906 0.08478410542011261 0.9963891506195068 0.0045073446817696095 -1.2545236349105835 -0.8884114027023315 0.07764279842376709 -0.4524343013763428 -41.508148193359375
-0.454947292804718 0.036456648260354996 0.8897718191146851 266.10284423828125 0.08689433336257935 0.9962109923362732 0.0036119697615504265 -1.2641606330871582 -0.8862687945365906 0.0789593830704689 -0.4563913643360138 -42.589881896972656
-0.45789697766304016 0.03694629296660423 0.8882371783256531 268.23370361328125 0.08819843828678131 0.9960947632789612 0.004034720826894045 -1.2797833681106567 -0.8846192955970764 0.08018861711025238 -0.45936742424964905 -43.686424255371094
-0.46052220463752747 0.03918550908565521 0.8867828249931335 270.3537902832031 0.09005458652973175 0.995932936668396 0.002758273622021079 -1.282710075378418 -0.8830682039260864 0.08112909644842148 -0.462178111076355 -44.79425811767578
-0.46369341015815735 0.0415809266269207 0.8850194215774536 272.4641418457031 0.09202587604522705 0.9957556128501892 0.0014320097398012877 -1.3064945936203003 -0.8812034726142883 0.08210871368646622 -0.46555185317993164 -45.86595916748047
