0.9998911619186401 -5.8038342103827745e-05 -0.014752868562936783 10.74417495727539 -1.950935438799206e-05 0.9999861717224121 -0.005256250500679016 1.2610291242599487 0.014752970077097416 0.005255965981632471 0.9998773336410522 -4.068845748901367
0.9998676180839539 -0.002494573825970292 -0.016073495149612427 10.714786529541016 0.002457796595990658 0.9999942779541016 -0.002307415707036853 1.2361754179000854 0.016079159453511238 0.0022676049266010523 0.9998681545257568 -2.545295238494873
0.9998416900634766 -0.002910082461312413 -0.017551906406879425 10.688427925109863 0.0028857511933892965 0.9999948143959045 -0.0014113972429186106 1.2101038694381714 0.017555925995111465 0.0013605239801108837 0.9998449087142944 -1.024372935295105
0.9998198747634888 -0.0018791769398376346 -0.018885795027017593 10.64857006072998 0.0018456849502399564 0.9999966621398926 -0.0017906702123582363 1.1887836456298828 0.01888909749686718 0.0017554903170093894 0.9998200535774231 0.4892420172691345
0.9997915625572205 -0.0011352597502991557 -0.020384671166539192 10.61279582977295 0.001098998705856502 0.9999977946281433 -0.0017899522790685296 1.1644871234893799 0.02038665860891342 0.0017671759705990553 0.999790608882904 1.9947696924209595
0.999761164188385 -0.0013264170847833157 -0.021813666447997093 10.57542896270752 0.001287012011744082 0.9999974966049194 -0.0018203745130449533 1.1457650661468506 0.021816028282046318 0.0017918652156367898 0.9997603893280029 3.492964029312134
0.9997199773788452 -0.0017478391528129578 -0.023595554754137993 10.5330810546875 0.0017200240399688482 0.9999977350234985 -0.0011990729253739119 1.1199723482131958 0.02359759621322155 0.0011581522412598133 0.9997208714485168 5.002964973449707
0.9996726512908936 -0.003539142431691289 -0.02533866837620735 10.489913940429688 0.0034884230699390173 0.9999918341636658 -0.002045570407062769 1.0983747243881226 0.0253456998616457 0.0019565080292522907 0.9996768832206726 6.499721527099609
0.9996365904808044 -0.004571367055177689 -0.026565421372652054 10.447972297668457 0.004522147588431835 0.9999879598617554 -0.001912562409415841 1.0782268047332764 0.026573844254016876 0.0017917347140610218 0.9996451735496521 7.983644962310791
0.9996024966239929 -0.004179959185421467 -0.027881361544132233 10.40362548828125 0.00412710290402174 0.9999895691871643 -0.0019530319841578603 1.0539121627807617 0.027889234945178032 0.0018371863989159465 0.9996093511581421 9.4722261428833
0.9995718002319336 -0.004041946493089199 -0.028979847207665443 10.350859642028809 0.003985276445746422 0.9999900460243225 -0.0020129773765802383 1.0313591957092285 0.028987694531679153 0.0018966231727972627 0.9995779395103455 10.953638076782227
0.9995561242103577 -0.0023972291965037584 -0.029696214944124222 10.306917190551758 0.002359854057431221 0.9999963641166687 -0.0012935670092701912 1.0067286491394043 0.029699206352233887 0.001222914201207459 0.9995580911636353 12.430862426757812
0.999544084072113 -0.0013861632905900478 -0.030162645503878593 10.250115394592285 0.0013643358834087849 0.9999987483024597 -0.0007442361093126237 0.9864546656608582 0.030163640156388283 0.0007027444080449641 0.9995447397232056 13.905752182006836
0.9995192289352417 -0.00014368385018315166 -0.03100559301674366 10.205883026123047 0.00015503739996347576 0.9999998807907104 0.000363773200660944 0.9622746109962463 0.031005539000034332 -0.00036840527900494635 0.9995191693305969 15.386157989501953
0.9995080232620239 2.894103090511635e-06 -0.03136225789785385 10.152348518371582 2.4836583634169074e-06 1.0 0.00017143339209724218 0.9469472765922546 0.03136225789785385 -0.00017142790602520108 0.9995080232620239 16.851383209228516
0.9994891285896301 0.0006353516946546733 -0.03195466846227646 10.100712776184082 -0.0006288563017733395 0.9999997615814209 0.00021331892639864236 0.9290173053741455 0.031954798847436905 -0.00019311504729557782 0.9994893074035645 18.315479278564453
0.9994839429855347 0.0015410414198413491 -0.03208645060658455 10.048542022705078 -0.0015181431081146002 0.9999985694885254 0.0007379907765425742 0.9108114242553711 0.0320875458419323 -0.0006888984935358167 0.9994848370552063 19.772045135498047
0.9994880557060242 0.0019909837283194065 -0.031931985169649124 9.994997024536133 -0.0019281994318589568 0.9999961256980896 0.001996859209612012 0.8893933296203613 0.03193584457039833 -0.001934265485033393 0.9994881749153137 21.217809677124023
0.9994853138923645 0.0023028177674859762 -0.03199741989374161 9.946148872375488 -0.0022788646165281534 0.999997079372406 0.000785045966040343 0.8679032921791077 0.0319991298019886 -0.0007117239874787629 0.9994877576828003 22.65663719177246
0.9994781613349915 0.002529890974983573 -0.03220270574092865 9.892714500427246 -0.0025771106593310833 0.9999957084655762 -0.0014249116647988558 0.8523821830749512 0.0321989543735981 0.0015071576926857233 0.9994804263114929 24.0841064453125
0.9995009303092957 0.0008683382766321301 -0.031577710062265396 9.842119216918945 -0.0009165379451587796 0.9999985694885254 -0.0015119414310902357 0.8286400437355042 0.03157634660601616 0.001540129305794835 0.9995001554489136 25.51926040649414
0.9995049238204956 -0.00012350887118373066 -0.031463008373975754 9.792051315307617 0.00016129613504745066 0.9999993443489075 0.001198470825329423 0.8059210777282715 0.031462837010622025 -0.0012029522331431508 0.9995042085647583 26.928930282592773
0.999509871006012 -0.0015495276311412454 -0.0312674380838871 9.74494743347168 0.0016248157480731606 0.9999958276748657 0.002382628619670868 0.7879366874694824 0.03126361593604088 -0.002432262757793069 0.9995082020759583 28.35282325744629
0.9995158910751343 -0.0017505772411823273 -0.03106153942644596 9.691633224487305 0.0018020591232925653 0.9999970197677612 0.0016295004170387983 0.7717680335044861 0.031058598309755325 -0.0016846874495968223 0.9995160698890686 29.75404930114746
0.9995297789573669 -0.0021378290839493275 -0.030588364228606224 9.650025367736816 0.002134501002728939 0.9999977350234985 -0.00014145899331197143 0.748874306678772 0.030588600784540176 7.61006522225216e-05 0.9995320439338684 31.130443572998047
0.9995474815368652 -0.0010763723403215408 -0.030060097575187683 9.596514701843262 0.0010441242484375834 0.9999988675117493 -0.001088466844521463 0.7300059199333191 0.030061233788728714 0.001056587090715766 0.9995474815368652 32.49208068847656
0.9995698928833008 -0.0006992090493440628 -0.029315264895558357 9.550567626953125 0.0006453495589084923 0.9999980926513672 -0.001846672035753727 0.7030713558197021 0.029316497966647148 0.0018269593128934503 0.999568521976471 33.84820556640625
0.9996055960655212 -0.0002819581422954798 -0.028081301599740982 9.50561237335205 0.00026163720758631825 0.9999997019767761 -0.0007273182272911072 0.6793861389160156 0.02808149717748165 0.0007196838269010186 0.9996054172515869 35.18079376220703
0.9996461868286133 0.00041975665953941643 -0.026595761999487877 9.462047576904297 -0.000384971615858376 0.9999990463256836 0.0013130236184224486 0.6563706398010254 0.02659628912806511 -0.0013023203937336802 0.9996454119682312 36.50613784790039
0.9996938109397888 6.900857260916382e-05 -0.024746201932430267 9.423178672790527 -1.387822521792259e-05 0.9999974966049194 0.0022279948461800814 0.6366725564002991 0.024746296927332878 -0.002226969227194786 0.9996912479400635 37.79829025268555
0.9997425079345703 0.0002094756200676784 -0.022691678255796432 9.394404411315918 -0.00013903963554184884 0.9999951124191284 0.0031055782455950975 0.6122134327888489 0.022692222148180008 -0.003101623384281993 0.9997376203536987 39.08897399902344
0.9998175501823425 2.0465724446694367e-05 -0.019101107493042946 9.357358932495117 3.028977516805753e-05 0.9999963641166687 0.002656910102814436 0.5923842191696167 0.01910109631717205 -0.002657003002241254 0.999813973903656 40.36186218261719
0.9998772144317627 -0.0007262878934852779 -0.015652356669306755 9.327832221984863 0.0007400175090879202 0.9999993443489075 0.000871388940140605 0.5695831775665283 0.01565171591937542 -0.0008828651625663042 0.9998770952224731 41.609371185302734
0.9999290108680725 -0.0008339032647199929 -0.011879395693540573 9.307093620300293 0.0008226804784499109 0.9999991655349731 -0.0009495863341726363 0.5512243509292603 0.011880177073180676 0.0009397450485266745 0.9999290108680725 42.84050750732422
0.9999646544456482 -0.0006185633246786892 -0.008377283811569214 9.298783302307129 0.0006167220999486744 0.9999998211860657 -0.00022236764198169112 0.528752326965332 0.008377418853342533 0.0002171930973418057 0.9999649524688721 44.050262451171875
0.9999971985816956 -0.0004388587549328804 -0.0023173177614808083 9.277790069580078 0.0004382281913422048 0.9999998807907104 -0.00027262093499302864 0.5083200335502625 0.0023174360394477844 0.0002716051531024277 0.9999973177909851 45.28125762939453
0.999990701675415 0.001277437899261713 0.004125059116631746 9.27719497680664 -0.0012715761549770832 0.9999980926513672 -0.0014232475077733397 0.49025794863700867 -0.004126869607716799 0.0014179887948557734 0.9999904632568359 46.47603225708008
0.9999319314956665 0.002536709187552333 0.011393783614039421 9.28000545501709 -0.0025197709910571575 0.9999956488609314 -0.0015007065376266837 0.47116291522979736 -0.01139753870666027 0.0014718944439664483 0.9999338984489441 47.66252899169922
0.9997962713241577 0.003648953977972269 0.019849281758069992 9.302000045776367 -0.0036368865985423326 0.9999932050704956 -0.0006440294091589749 0.4559776186943054 -0.01985149458050728 0.0005717086605727673 0.9998027682304382 48.864078521728516
0.9995196461677551 0.006141913589090109 0.03037627413868904 9.3250093460083 -0.006151807960122824 0.9999810457229614 0.00023226975463330746 0.43509697914123535 -0.030374273657798767 -0.00041902734665200114 0.9995384812355042 50.0335807800293
0.9990350604057312 0.008281574584543705 0.04313037917017937 9.3631010055542 -0.008291629143059254 0.9999655485153198 5.426615825854242e-05 0.4162326753139496 -0.04312843829393387 -0.0004118358774576336 0.9990695714950562 51.16067886352539
0.9982712864875793 0.010032890364527702 0.05791204795241356 9.415952682495117 -0.010075898841023445 0.9999491572380066 0.0004507224657572806 0.3981723487377167 -0.05790456756949425 -0.0010334588587284088 0.9983215928077698 52.29578399658203
0.9971657395362854 0.0126396045088768 0.07416637986898422 9.487704277038574 -0.012811263091862202 0.9999161958694458 0.001839172444306314 0.37888142466545105 -0.07413692772388458 -0.002784126438200474 0.9972441792488098 53.41493225097656
0.995665431022644 0.012767503038048744 0.09212779998779297 9.579316139221191 -0.01305029634386301 0.9999117255210876 0.0024677561596035957 0.36468929052352905 -0.09208817780017853 -0.003659355454146862 0.9957441687583923 54.526123046875
0.9937344789505005 0.012651549652218819 0.11104828119277954 9.695554733276367 -0.012941748835146427 0.9999144673347473 0.0018928033532574773 0.3451606035232544 -0.11101482808589935 -0.0033181030303239822 0.993813157081604 55.62066650390625
0.991269588470459 0.011670544743537903 0.13133352994918823 9.837149620056152 -0.011863719671964645 0.9999294877052307 0.0006884828908368945 0.33774060010910034 -0.13131622970104218 -0.0022405770141631365 0.9913379549980164 56.72121047973633
0.9883051514625549 0.008577393367886543 0.15224722027778625 9.994951248168945 -0.008786280639469624 0.9999611377716064 0.0006993020651862025 0.3144121766090393 -0.15223532915115356 -0.0020288105588406324 0.9883421659469604 57.76581954956055
0.9847794771194458 0.003581057535484433 0.17377161979675293 10.180304527282715 -0.004150168504565954 0.9999871850013733 0.0029118021484464407 0.3010357618331909 -0.17375895380973816 -0.0035886624827980995 0.9847816228866577 58.80445098876953
0.9803531169891357 -0.0016259669791907072 0.19724376499652863 10.384326934814453 0.0007758160354569554 0.9999900460243225 0.004387344233691692 0.2839984893798828 -0.1972489356994629 -0.004148123320192099 0.9803446531295776 59.84139633178711
0.9752541780471802 -0.006627584341913462 0.2209872007369995 10.620891571044922 0.005927165504544973 0.9999751448631287 0.0038324673660099506 0.2697879672050476 -0.2210070937871933 -0.0024278026539832354 0.9752691388130188 60.85051727294922
0.969139575958252 -0.01277074869722128 0.24618174135684967 10.878175735473633 0.012620707042515278 0.9999179244041443 0.002187316073104739 0.25350111722946167 -0.2461894303560257 0.0009871725924313068 0.9692211747169495 61.84346008300781
0.9620310068130493 -0.016784200444817543 0.2724238336086273 11.166296005249023 0.016592910513281822 0.9998578429222107 0.003006055485457182 0.24268074333667755 -0.27243557572364807 0.0016283857403323054 0.9621726870536804 62.82573699951172
0.9538113474845886 -0.0190165676176548 0.2998037338256836 11.461480140686035 0.01822550594806671 0.9998190999031067 0.005434998776763678 0.2268996387720108 -0.2998529374599457 0.0002801124646794051 0.9539853930473328 63.78636169433594
0.9445448517799377 -0.02363218180835247 0.32753098011016846 11.793652534484863 0.022147784009575844 0.999720573425293 0.008261819370090961 0.21980977058410645 -0.3276347517967224 -0.0005495726363733411 0.944804310798645 64.73384094238281
0.9340261816978455 -0.026597699150443077 0.3562129735946655 12.148459434509277 0.025383422151207924 0.9996450543403625 0.008083585649728775 0.2058715522289276 -0.35630157589912415 0.0014916242798790336 0.9343697428703308 65.65591430664062
0.9222870469093323 -0.02562619559466839 0.3856552541255951 12.521326065063477 0.02591877058148384 0.999654233455658 0.004441244527697563 0.1974363625049591 -0.38563570380210876 0.005899606738239527 0.9226321578025818 66.55742645263672
0.9096958637237549 -0.027395334094762802 0.4143703579902649 12.925154685974121 0.03043362870812416 0.9995365142822266 -0.0007305408944375813 0.18302343785762787 -0.41415834426879883 0.01327536441385746 0.9101080298423767 67.4236068725586
0.8959723114967346 -0.029561961069703102 0.44312480092048645 13.35676383972168 0.03447632119059563 0.9994008541107178 -0.0030365700367838144 0.17062009871006012 -0.4427696466445923 0.017997998744249344 0.8964547514915466 68.27584838867188
0.8807051181793213 -0.03006223402917385 0.4727100431919098 13.811491012573242 0.033896010369062424 0.9994252920150757 0.000407357350923121 0.15751707553863525 -0.4724506437778473 0.015664227306842804 0.8812178373336792 69.12503814697266
0.8635069727897644 -0.028811858966946602 0.5035133361816406 14.294486999511719 0.029752574861049652 0.9995383024215698 0.006170633248984814 0.14554479718208313 -0.5034586787223816 0.009652435779571533 0.8639654517173767 69.9538345336914
0.8441914916038513 -0.029042687267065048 0.5352542400360107 14.798900604248047 0.028057048097252846 0.9995564222335815 0.009984569624066353 0.13491004705429077 -0.5353067517280579 0.006588765420019627 0.8446319699287415 70.76663970947266
0.8236460089683533 -0.022987203672528267 0.5666380524635315 15.325820922851562 0.024187035858631134 0.9996927976608276 0.005397780332714319 0.1263282299041748 -0.5665880441665649 0.009259435348212719 0.8239490985870361 71.5388412475586
0.8020129799842834 -0.015973534435033798 0.597092866897583 15.878210067749023 0.02122730202972889 0.9997731447219849 -0.0017663268372416496 0.11861377954483032 -0.596929132938385 0.014091286808252335 0.8021702170372009 72.2891845703125
0.7797940373420715 -0.013689263723790646 0.6258863210678101 16.460121154785156 0.020601509138941765 0.9997804760932922 -0.003800493199378252 0.11211130023002625 -0.6256970167160034 0.01585780270397663 0.7799050807952881 73.03753662109375
0.7568496465682983 -0.016055144369602203 0.6533917188644409 17.074979782104492 0.021720966324210167 0.9997638463973999 -0.0005940597038716078 0.10147763788700104 -0.6532279253005981 0.014641912654042244 0.7570197582244873 73.74464416503906
0.7328577637672424 -0.016737986356019974 0.6801759004592896 17.703466415405273 0.022301215678453445 0.999751091003418 0.0005736793391406536 0.0793885663151741 -0.6800162196159363 0.01474831998348236 0.733048677444458 74.41537475585938
0.707752525806427 -0.014775168150663376 0.706305980682373 18.352115631103516 0.023271067067980766 0.999726414680481 -0.0024055216927081347 0.0706610381603241 -0.7060770392417908 0.018139008432626724 0.707902729511261 75.07552337646484
0.6821653842926025 -0.012558436952531338 0.7310899496078491 19.020343780517578 0.023340370506048203 0.9997169971466064 -0.004605608060956001 0.059185028076171875 -0.7308251857757568 0.020205697044730186 0.6822655200958252 75.68396759033203
0.6551337838172913 -0.00990555714815855 0.7554479837417603 19.70534896850586 0.021403765305876732 0.9997560381889343 -0.0054526436142623425 0.04700461030006409 -0.7552096247673035 0.019741641357541084 0.6551859974861145 76.28971099853516
0.6275300979614258 -0.008232584223151207 0.7785488367080688 20.412588119506836 0.02115447074174881 0.9997552633285522 -0.006479357369244099 0.03142866492271423 -0.7783048748970032 0.020535776391625404 0.6275506615638733 76.85755920410156
0.5986891388893127 -0.002152196830138564 0.8009786009788513 21.135496139526367 0.02020415849983692 0.9997187852859497 -0.012415332719683647 0.009662926197052002 -0.800726592540741 0.023616023361682892 0.5985642671585083 77.41787719726562
0.5689783096313477 0.0072294981218874454 0.8223207592964172 21.888498306274414 0.019071245566010475 0.9995762705802917 -0.021983588114380836 -0.006571531295776367 -0.822131335735321 0.028190869837999344 0.5685994625091553 77.94151306152344
0.5383313894271851 0.01542183943092823 0.842592179775238 22.64948081970215 0.017950046807527542 0.9993957877159119 -0.02976006269454956 -0.03607833385467529 -0.8425421118736267 0.03114534169435501 0.5377293229103088 78.43192291259766
0.5068485736846924 0.020518511533737183 0.8617907762527466 23.457687377929688 0.015471070073544979 0.9993391633033752 -0.03289248049259186 -0.06303846836090088 -0.861896276473999 0.030004335567355156 0.506196141242981 78.9121322631836
0.4745810031890869 0.019961586222052574 0.8799853324890137 24.284326553344727 0.01372856181114912 0.9994534254074097 -0.03007548674941063 -0.09754776954650879 -0.8801047801971436 0.026354195550084114 0.47404757142066956 79.36383819580078
0.44180911779403687 0.01903110183775425 0.8969070911407471 25.12464141845703 0.009207944385707378 0.9996262192726135 -0.025746408849954605 -0.12948846817016602 -0.8970619440078735 0.019633671268820763 0.4414686858654022 79.77499389648438
0.4072197377681732 0.020246325060725212 0.9131057262420654 25.990095138549805 0.005175132304430008 0.9996870160102844 -0.024474062025547028 -0.16346454620361328 -0.9133155345916748 0.014691767282783985 0.4069875478744507 80.19099426269531
0.3721681237220764 0.0235214252024889 0.9278672933578491 26.858163833618164 -0.0020912974141538143 0.9996975064277649 -0.02450350485742092 -0.19187462329864502 -0.9281629323959351 0.0071789780631661415 0.37210479378700256 80.55532836914062
0.3365115225315094 0.02557404153048992 0.9413320422172546 27.753232955932617 -0.00698518892750144 0.9996713995933533 -0.024661904200911522 -0.21880578994750977 -0.9416534900665283 0.001723633031360805 0.3365796208381653 80.88035583496094
0.3002709150314331 0.024680398404598236 0.953534722328186 28.66745376586914 -0.009149161167442799 0.999693751335144 -0.022994037717580795 -0.25396859645843506 -0.9538100361824036 -0.0018196012824773788 0.30040475726127625 81.19200134277344
0.26424333453178406 0.02417321316897869 0.964152991771698 29.598243713378906 -0.009770738892257214 0.9997016787528992 -0.022386640310287476 -0.28459733724594116 -0.9644066095352173 -0.0035049691796302795 0.2644006013870239 81.44833374023438
0.22863902151584625 0.023577116429805756 0.9732257723808289 30.540372848510742 -0.009005505591630936 0.9997151494026184 -0.022103184834122658 -0.3151407241821289 -0.9734697341918945 -0.0037107402458786964 0.22878620028495789 81.66184997558594
0.19281849265098572 0.022645989432930946 0.980972945690155 31.503097534179688 -0.007636402267962694 0.9997379779815674 -0.02157818339765072 -0.3420330286026001 -0.9812047481536865 -0.00333043048158288 0.19294090569019318 81.86652374267578
0.1587434709072113 0.02163737639784813 0.9870826601982117 32.46504211425781 0.0005879998789168894 0.9997575283050537 -0.022009778767824173 -0.37118715047836304 -0.9873197078704834 0.004074316006153822 0.15869227051734924 82.00366973876953
0.12499867379665375 0.024865109473466873 0.9918453097343445 33.42047882080078 0.002958636963739991 0.9996721148490906 -0.025434190407395363 -0.40422987937927246 -0.9921525716781616 0.006113749463111162 0.12488411366939545 82.11741638183594
0.09209049493074417 0.029854942113161087 0.9953029155731201 34.40636444091797 0.0036462487187236547 0.9995335936546326 -0.03031921572983265 -0.43996870517730713 -0.9957441091537476 0.006421233061701059 0.09193868935108185 82.22052764892578
0.06318774819374084 0.033584386110305786 0.9974364042282104 35.380859375 0.010630926117300987 0.9993542432785034 -0.03432243689894676 -0.4750000238418579 -0.9979450106620789 0.01277242973446846 0.0627899095416069 82.27041625976562
0.03783763572573662 0.03192397579550743 0.9987738728523254 36.36697006225586 0.01238572783768177 0.9993978142738342 -0.03241313621401787 -0.5118527412414551 -0.9992071390151978 0.013596978969871998 0.03741944953799248 82.30143737792969
0.015322920866310596 0.02868638187646866 0.9994710087776184 37.38658142089844 0.013946987688541412 0.9994848966598511 -0.02890060655772686 -0.5509238243103027 -0.999785304069519 0.014382452704012394 0.014914940111339092 82.32232666015625
-0.0035521872341632843 0.026347775012254715 0.9996466040611267 38.37963104248047 0.014108085073530674 0.9995546340942383 -0.026295220479369164 -0.5843045711517334 -0.9998942017555237 0.014009693637490273 -0.003922320902347565 82.31620788574219
-0.020226946100592613 0.02921566739678383 0.9993685483932495 39.36721420288086 0.016370218247175217 0.9994485974311829 -0.02888667955994606 -0.6261767148971558 -0.999661386013031 0.015775592997670174 -0.020694060251116753 82.29862976074219
-0.03498378023505211 0.03370565176010132 0.9988193511962891 40.37540054321289 0.018467238172888756 0.9992822408676147 -0.03307444974780083 -0.6582270860671997 -0.9992172122001648 0.017288364470005035 -0.03558111935853958 82.26344299316406
-0.047028616070747375 0.03898108750581741 0.9981327056884766 41.368812561035156 0.022573892027139664 0.9990245699882507 -0.03795231133699417 -0.6970126628875732 -0.9986384510993958 0.02074689418077469 -0.047862693667411804 82.21327209472656
-0.05565165728330612 0.04215879738330841 0.9975597262382507 42.365867614746094 0.027792464941740036 0.9987863898277283 -0.040660157799720764 -0.7460833787918091 -0.9980632662773132 0.025461841374635696 -0.05675582215189934 82.14986419677734
-0.061679188162088394 0.047429975122213364 0.9969684481620789 43.38066864013672 0.03224656730890274 0.998443603515625 -0.04550515115261078 -0.7985680103302002 -0.9975749850273132 0.02934209257364273 -0.06311262398958206 82.07996368408203
-0.06503000110387802 0.05251418799161911 0.9965006113052368 44.380897521972656 0.03409097343683243 0.9981482625007629 -0.05037630349397659 -0.8482552766799927 -0.9973008036613464 0.030695702880620956 -0.06669984012842178 82.01106262207031
-0.06819703429937363 0.05630000680685043 0.996082067489624 45.38567352294922 0.03582773730158806 0.997900664806366 -0.05394984036684036 -0.9092600345611572 -0.9970283508300781 0.03200814127922058 -0.07007098942995071 81.94097900390625
-0.07064510881900787 0.05925121530890465 0.9957401156425476 46.38468551635742 0.03625539317727089 0.9977272152900696 -0.056797221302986145 -0.9698059558868408 -0.9968425035476685 0.0320885106921196 -0.07263273000717163 81.86780548095703
-0.07288727164268494 0.06279982626438141 0.9953611493110657 47.41133117675781 0.037763938307762146 0.9974735975265503 -0.060167793184518814 -1.0336158275604248 -0.9966248869895935 0.03320328891277313 -0.0750747099518776 81.78425598144531
-0.07480258494615555 0.06664743274450302 0.9949687123298645 48.422664642333984 0.03902043029665947 0.9971954822540283 -0.06386300921440125 -1.1000652313232422 -0.9964345693588257 0.03404698520898819 -0.07719342410564423 81.70085144042969
-0.07691371440887451 0.06796879321336746 0.9947182536125183 49.42758560180664 0.041895654052495956 0.9970127940177917 -0.06488609313964844 -1.1708290576934814 -0.9961570501327515 0.036683738231658936 -0.07953154295682907 81.62030792236328
-0.07913777232170105 0.06660038977861404 0.9946364164352417 50.44599914550781 0.04190608486533165 0.9971058964729309 -0.0634315088391304 -1.2431223392486572 -0.9959825277328491 0.03666148707270622 -0.08169971406459808 81.5400390625
-0.081427663564682 0.06645025312900543 0.9944615364074707 51.47417068481445 0.041065752506256104 0.9971513152122498 -0.06326749175786972 -1.3130359649658203 -0.9958329796791077 0.03568658232688904 -0.08392453193664551 81.45703125
-0.0838320404291153 0.06779710948467255 0.9941707849502563 52.49983596801758 0.04077109694480896 0.9970806837081909 -0.06455758959054947 -1.381549596786499 -0.9956454634666443 0.03512143716216087 -0.08635147660970688 81.37710571289062
-0.08617088198661804 0.07000984251499176 0.9938175082206726 53.5196418762207 0.04045835882425308 0.9969509840011597 -0.0667225643992424 -1.4584541320800781 -0.9954585433006287 0.03445868194103241 -0.08874063938856125 81.28345489501953
-0.08869079500436783 0.07219990342855453 0.9934390783309937 54.55374526977539 0.03876421973109245 0.9968640804290771 -0.06898809224367142 -1.5372910499572754 -0.9953045845031738 0.032391276210546494 -0.09121144562959671 81.19082641601562
-0.09117408096790314 0.07567006349563599 0.9929559826850891 55.58251190185547 0.03613635525107384 0.996703565120697 -0.07263758033514023 -1.6161906719207764 -0.9951790571212769 0.02925914339721203 -0.09360798448324203 81.09901428222656
-0.09350159019231796 0.08021271228790283 0.9923827052116394 56.62294006347656 0.03245419263839722 0.9964651465415955 -0.0774848684668541 -1.6916780471801758 -0.9950900673866272 0.024962015450000763 -0.09577431529760361 81.00804138183594
-0.09609765559434891 0.08248619735240936 0.9919482469558716 57.663963317871094 0.03037313185632229 0.9963393211364746 -0.07990886270999908 -1.7771317958831787 -0.9949083924293518 0.022449523210525513 -0.09825123846530914 80.90430450439453
-0.09916600584983826 0.08100380003452301 0.9917683601379395 58.71308135986328 0.0282627884298563 0.9965082406997681 -0.07856496423482895 -1.862534523010254 -0.9946694374084473 0.02023916505277157 -0.10110913962125778 80.80574798583984
-0.10152948647737503 0.07679641246795654 0.9918639659881592 59.769775390625 0.02582995593547821 0.9968833327293396 -0.07454102486371994 -1.9505622386932373 -0.9944971203804016 0.018051685765385628 -0.10319671034812927 80.69123840332031
-0.10412623733282089 0.07503756135702133 0.9917293190956116 60.822853088378906 0.026076540350914 0.9970129728317261 -0.07269943505525589 -2.0360307693481445 -0.994222104549408 0.018290948122739792 -0.10577192157506943 80.58685302734375
-0.10594091564416885 0.0754738599061966 0.9915039539337158 61.86201858520508 0.02554616890847683 0.996992826461792 -0.07316208630800247 -2.1221764087677 -0.9940441846847534 0.01757827028632164 -0.10755041241645813 80.47760009765625
-0.10738170146942139 0.07845159620046616 0.9911177754402161 62.912322998046875 0.02624446526169777 0.996758222579956 -0.07605462521314621 -2.201348304748535 -0.9938714504241943 0.017844485118985176 -0.10909251123666763 80.37129974365234
-0.10809154808521271 0.0811607763171196 0.9908225536346436 63.966285705566406 0.026905538514256477 0.9965357184410095 -0.07869357615709305 -2.2876973152160645 -0.993776798248291 0.018152503296732903 -0.10990077257156372 80.25454711914062
-0.10841959714889526 0.08182750642299652 0.9907317757606506 65.02650451660156 0.025768091902136803 0.9965030550956726 -0.07948426902294159 -2.3775675296783447 -0.9937711954116821 0.016911616548895836 -0.11014900356531143 80.14165496826172
-0.1084807962179184 0.0805412083864212 0.9908304810523987 66.0892562866211 0.02256646566092968 0.9966552257537842 -0.07854398339986801 -2.467620372772217 -0.993842363357544 0.013839025981724262 -0.10993547737598419 80.0284194946289
-0.10885773599147797 0.07987020164728165 0.9908434152603149 67.1575927734375 0.018724365159869194 0.9967548251152039 -0.07828957587480545 -2.560138463973999 -0.9938809275627136 0.010030490346252918 -0.10999999940395355 79.9255599975586
-0.10855568945407867 0.08114415407180786 0.9907730221748352 68.22161102294922 0.015120980329811573 0.9966824650764465 -0.07997137308120728 -2.648056983947754 -0.9939753413200378 0.006300113629549742 -0.10942251235246658 79.81079864501953
-0.10880403220653534 0.0814959928393364 0.9907169342041016 69.30195617675781 0.010880236513912678 0.9966716766357422 -0.0807909220457077 -2.737255573272705 -0.9940037727355957 0.001988854957744479 -0.10932859033346176 79.70075225830078
-0.10906460881233215 0.08053186535835266 0.9907671809196472 70.38424682617188 0.0076920208521187305 0.9967514276504517 -0.08017155528068542 -2.836644172668457 -0.9940049052238464 -0.0011228770017623901 -0.10932975262403488 79.58526611328125
-0.10923640429973602 0.07572484761476517 0.9911271333694458 71.48446655273438 0.00828060507774353 0.9971287250518799 -0.07527073472738266 -2.921643018722534 -0.9939812421798706 -1.517274995421758e-05 -0.10954979807138443 79.46798706054688
-0.10942716151475906 0.06699887663125992 0.9917342066764832 72.57762145996094 0.01142663974314928 0.997744619846344 -0.06614412367343903 -3.0071048736572266 -0.9939291477203369 0.004094226751476526 -0.10994594544172287 79.35122680664062
-0.10896001756191254 0.061420686542987823 0.9921467304229736 73.67803955078125 0.01754201017320156 0.9980525374412537 -0.05985979363322258 -3.091827154159546 -0.9938912987709045 0.010881925001740456 -0.10982527583837509 79.22270965576172
-0.10856163501739502 0.06389766931533813 0.9920340180397034 74.7840805053711 0.025832243263721466 0.9977763891220093 -0.06144063174724579 -3.1607797145843506 -0.993753969669342 0.018956368789076805 -0.10997086763381958 79.09090423583984
-0.10709770023822784 0.06929078698158264 0.9918310642242432 75.87052154541016 0.03129706531763077 0.997309148311615 -0.06629405170679092 -3.235182523727417 -0.9937557578086853 0.023941460996866226 -0.10897812992334366 78.96624755859375
-0.10635792464017868 0.07529198378324509 0.9914732575416565 76.97860717773438 0.035046596080064774 0.996793270111084 -0.07193644344806671 -3.3118765354156494 -0.9937101006507874 0.02709675021469593 -0.10865559428930283 78.84126281738281
-0.1061839908361435 0.07949917018413544 0.9911633729934692 78.06787109375 0.03560197725892067 0.9964635968208313 -0.07611022889614105 -3.3998453617095947 -0.9937089681625366 0.027205687016248703 -0.10863879323005676 78.73296356201172
-0.10579036176204681 0.07674479484558105 0.9914224147796631 79.18663024902344 0.0324401818215847 0.996752917766571 -0.07369587570428848 -3.484776020050049 -0.9938592314720154 0.024365607649087906 -0.10793645679950714 78.61935424804688
-0.10558189451694489 0.07230119407176971 0.9917787313461304 80.29234313964844 0.03221588581800461 0.997078537940979 -0.0692579448223114 -3.573521375656128 -0.9938886165618896 0.024638645350933075 -0.10760267078876495 78.50892639160156
-0.10518810898065567 0.07016529887914658 0.991973876953125 81.45225524902344 0.030110567808151245 0.9972751140594482 -0.06734735518693924 -3.6589720249176025 -0.9939963221549988 0.022784756496548653 -0.10701420158147812 78.37489318847656
-0.10517209023237228 0.07119940221309662 0.9919019341468811 82.58128356933594 0.02806110493838787 0.9972490072250366 -0.0686078667640686 -3.7368264198303223 -0.9940579533576965 0.02061823196709156 -0.10688068717718124 78.2620620727539
-0.10517442226409912 0.07583199441432953 0.991558313369751 83.70124053955078 0.02984536625444889 0.9968798756599426 -0.07307327538728714 -3.833817481994629 -0.9940057992935181 0.021907979622483253 -0.10710950940847397 78.15454864501953
-0.1040298268198967 0.07852336019277573 0.9914695024490356 84.85261535644531 0.028889315202832222 0.9966962933540344 -0.07590611279010773 -3.9153475761413574 -0.9941545128822327 0.020746372640132904 -0.10595464706420898 78.0169677734375
-0.10311291366815567 0.07702191919088364 0.9916830658912659 86.0035629272461 0.0288392324000597 0.996809720993042 -0.0744214653968811 -4.00516939163208 -0.9942514896392822 0.02092556096613407 -0.10500521957874298 77.89224243164062
-0.10319734364748001 0.07041517645120621 0.9921654462814331 87.15238189697266 0.030440403148531914 0.9972473978996277 -0.06760969012975693 -4.0964741706848145 -0.9941949844360352 0.02322476916015148 -0.1050567626953125 77.7795181274414
-0.10349840670824051 0.06905476003885269 0.9922296404838562 88.31880187988281 0.02953459694981575 0.9973605275154114 -0.06633112579584122 -4.178688049316406 -0.99419105052948 0.02243993617594242 -0.10526473075151443 77.65597534179688
-0.10335313528776169 0.07202138751745224 0.9920337200164795 89.47521209716797 0.026642318814992905 0.99721759557724 -0.06962205469608307 -4.26290225982666 -0.9942878484725952 0.019234422594308853 -0.10498438030481339 77.5499267578125
-0.1031855046749115 0.07520506531000137 0.991814911365509 90.64222717285156 0.0265163853764534 0.9969911575317383 -0.07283887267112732 -4.345102787017822 -0.994308590888977 0.018783435225486755 -0.10486919432878494 77.42912292480469
-0.10350695997476578 0.07470925897359848 0.9918188452720642 91.81372833251953 0.025373218581080437 0.9970488548278809 -0.07245523482561111 -4.4334917068481445 -0.9943050146102905 0.017666015774011612 -0.10509710013866425 77.31647491455078
-0.10230960696935654 0.07148558646440506 0.9921807646751404 93.00360107421875 0.025519240647554398 0.9972747564315796 -0.06922118365764618 -4.519123554229736 -0.9944251775741577 0.018237708136439323 -0.10385504364967346 77.1800537109375
-0.10195957869291306 0.07015819847583771 0.9923114776611328 94.19274139404297 0.024723809212446213 0.9973805546760559 -0.06797622889280319 -4.612311363220215 -0.9944812655448914 0.017602896317839622 -0.10342709720134735 77.0649185180664
-0.10075228661298752 0.07056976854801178 0.9924055933952332 95.38221740722656 0.026068206876516342 0.9973260760307312 -0.0682731345295906 -4.6999006271362305 -0.9945699572563171 0.018991559743881226 -0.10232251137495041 76.94668579101562
-0.09918267279863358 0.07079958915710449 0.9925472736358643 96.57683563232422 0.028599625453352928 0.997256338596344 -0.06827758997678757 -4.787874221801758 -0.9946581125259399 0.021614525467157364 -0.10093539208173752 76.81660461425781
-0.09824656695127487 0.07037638872861862 0.992670476436615 97.77471923828125 0.028374234214425087 0.9972890019416809 -0.0678955540060997 -4.870723724365234 -0.9947574734687805 0.02149576134979725 -0.09997706860303879 76.69017791748047
-0.0968228131532669 0.07123108953237534 0.9927493929862976 98.97357177734375 0.02925853803753853 0.9972084164619446 -0.06869742274284363 -4.955782890319824 -0.9948714971542358 0.022394917905330658 -0.09863663464784622 76.57320404052734
-0.09570528566837311 0.06940894573926926 0.992986798286438 100.16812133789062 0.028909331187605858 0.9973390102386475 -0.06692683696746826 -5.0459303855896 -0.994989812374115 0.022301334887742996 -0.09745718538761139 76.46116638183594
-0.09486675262451172 0.06803204119205475 0.9931625723838806 101.38758087158203 0.027593564242124557 0.9974585771560669 -0.06569058448076248 -5.1374311447143555 -0.9951074123382568 0.02117304503917694 -0.0965028777718544 76.34146118164062
-0.09340134263038635 0.06797686219215393 0.9933052659034729 102.60247039794922 0.02855543978512287 0.9974390268325806 -0.06557467579841614 -5.216187477111816 -0.9952189326286316 0.022239508107304573 -0.09510324895381927 76.22967529296875
-0.09106221050024033 0.06864208728075027 0.9934767484664917 103.83226776123047 0.026624362915754318 0.9974327683448792 -0.066475048661232 -5.30703067779541 -0.995489239692688 0.02039731852710247 -0.09265598654747009 76.111328125
-0.09058098495006561 0.07108376175165176 0.9933489561080933 105.06259155273438 0.026813779026269913 0.9972618818283081 -0.06891870498657227 -5.393798828125 -0.9955280423164368 0.02039271779358387 -0.09223899245262146 76.00871276855469
-0.08969276398420334 0.06989719718694687 0.9935137033462524 106.283203125 0.02412477880716324 0.9973941445350647 -0.06799226254224777 -5.478827476501465 -0.9956772327423096 0.017869889736175537 -0.09114529937505722 75.90821838378906
-0.08900775015354156 0.06856904178857803 0.9936679005622864 107.53121948242188 0.020986029878258705 0.9975351095199585 -0.06695609539747238 -5.575531959533691 -0.9958098530769348 0.014893531799316406 -0.09022735059261322 75.79951477050781
-0.08884260803461075 0.069789357483387 0.9935977458953857 108.77297973632812 0.018126877024769783 0.9974902868270874 -0.0684419721364975 -5.660623550415039 -0.9958807229995728 0.011930258944630623 -0.0898846909403801 75.69268035888672
-0.08867919445037842 0.06915279477834702 0.9936568140983582 109.99658203125 0.015465575270354748 0.9975624084472656 -0.06804437190294266 -5.751279830932617 -0.9959401488304138 0.00933335442095995 -0.0895325168967247 75.57840728759766
-0.0896720141172409 0.06631201505661011 0.9937613606452942 111.2439956665039 0.012672162614762783 0.997776210308075 -0.065436452627182 -5.8446574211120605 -0.9958906769752502 0.006725287064909935 -0.09031292051076889 75.46945190429688
-0.09095212072134018 0.06508176028728485 0.993726372718811 112.50321960449219 0.010455895215272903 0.9978697299957275 -0.06439611315727234 -5.934882164001465 -0.9958003759384155 0.004533335566520691 -0.09143885225057602 75.36064910888672
-0.0929008275270462 0.06467241048812866 0.9935727715492249 113.76792907714844 0.00824258103966713 0.9979040026664734 -0.06418363749980927 -6.019582748413086 -0.99564129114151 0.0022268916945904493 -0.0932391807436943 75.26011657714844
-0.09396157413721085 0.0642506405711174 0.9935004115104675 115.02192687988281 0.008574786596000195 0.9979305863380432 -0.06372618675231934 -6.119243621826172 -0.9955388307571411 0.002531241625547409 -0.09431806206703186 75.13632202148438
-0.09635055065155029 0.0629386454820633 0.9933555722236633 116.281494140625 0.008110007271170616 0.9980154037475586 -0.062447234988212585 -6.204721450805664 -0.9953144192695618 0.0020392939914017916 -0.09666977822780609 75.01985168457031
-0.0997866541147232 0.05810176953673363 0.9933110475540161 117.55265045166016 0.004627487622201443 0.9983099699020386 -0.057929303497076035 -6.292701721191406 -0.9949980974197388 -0.0011840383522212505 -0.09988685697317123 74.90664672851562
-0.10423821955919266 0.05814427509903908 0.9928513169288635 118.810791015625 0.0036833465564996004 0.9983052611351013 -0.058076974004507065 -6.373077392578125 -0.9945455193519592 -0.0023968233726918697 -0.10427572578191757 74.78182220458984
-0.1094602569937706 0.06430080533027649 0.9919092059135437 120.04590606689453 -0.00019681331468746066 0.9979040026664734 -0.06471115350723267 -6.455128192901611 -0.9939910769462585 -0.007278519216924906 -0.10921816527843475 74.64805603027344
-0.11691068112850189 0.0673798993229866 0.9908540844917297 121.26873779296875 0.0004330549854785204 0.9976992011070251 -0.06779429316520691 -6.541800498962402 -0.9931423664093018 -0.007496781647205353 -0.1166708692908287 74.51649475097656
-0.12552408874034882 0.06362791359424591 0.9900479912757874 122.5307846069336 0.0024466344621032476 0.9979581832885742 -0.06382603943347931 -6.6307573318481445 -0.9920875430107117 -0.005589420907199383 -0.125423401594162 74.35295104980469
-0.13627634942531586 0.06159855052828789 0.9887538552284241 123.75994110107422 0.004704543389379978 0.9980940818786621 -0.06153201684355736 -6.719062328338623 -0.9906596541404724 -0.003733722260221839 -0.13630637526512146 74.18609619140625
-0.14921540021896362 0.06229021027684212 0.9868407249450684 124.98722839355469 0.004937049467116594 0.9980483055114746 -0.06225113570690155 -6.811345100402832 -0.988792359828949 -0.00441674655303359 -0.14923173189163208 74.0060806274414
