1.0 0.0 0.0 0.0 0.0 1.0 0.0 0.0 0.0 0.0 1.0 0.0
0.9999986886978149 0.0007632205379195511 0.0014441239181905985 -0.006120952777564526 -0.0007566310814581811 0.9999893307685852 -0.004558037966489792 -0.002482473384588957 -0.0014475873904302716 0.004556939005851746 0.9999885559082031 0.9640064835548401
0.9999966621398926 -0.0014482015976682305 0.002146320417523384 -0.0026186034083366394 0.0014596533728763461 0.9999846816062927 -0.005343602504581213 -0.0009317537769675255 -0.0021385489962995052 0.005346717778593302 0.9999834299087524 1.918597936630249
0.9999936819076538 -0.0023685982450842857 0.0026521123945713043 -0.009827852249145508 0.0023719631135463715 0.9999963641166687 -0.001266138511709869 -0.004469121340662241 -0.002649103756994009 0.0012724214466288686 0.9999957084655762 2.8506124019622803
0.9999859929084778 -0.004872126504778862 0.0020699265878647566 -0.007390011101961136 0.004861884750425816 0.9999760389328003 0.00492453807964921 -0.008198117837309837 -0.0020938697271049023 -0.004914404824376106 0.9999856948852539 3.799593448638916
0.9999638199806213 -0.008489985950291157 0.0005176127888262272 -0.00439394311979413 0.008487293496727943 0.9999514818191528 0.005001401994377375 -0.005597706884145737 -0.0005600493168458343 -0.004996828734874725 0.9999873638153076 4.7375712394714355
0.9999388456344604 -0.011053554713726044 -0.00022384183830581605 -0.004798067733645439 0.011053983122110367 0.9999368786811829 0.002018656814470887 -0.0014586793258786201 0.00020151438366156071 -0.0020210074726492167 0.9999978542327881 5.6690778732299805
0.9999303221702576 -0.011749678291380405 -0.0011891837930306792 -0.007827194407582283 0.011747741140425205 0.9999297261238098 -0.001624983036890626 0.004461383447051048 0.0012081930181011558 0.0016108995769172907 0.9999979734420776 6.595951080322266
0.9999350309371948 -0.011286106891930103 -0.0015989594394341111 -0.01589404232800007 0.011283211410045624 0.999934732913971 -0.0018082184251397848 -0.002963535487651825 0.0016192628536373377 0.0017900592647492886 0.999997079372406 7.521416664123535
0.9999340772628784 -0.011157696135342121 -0.0027006221935153008 -0.025453586131334305 0.011157995089888573 0.9999377727508545 9.595614392310381e-05 -0.002846152987331152 0.0026993833016604185 -0.0001260833814740181 0.9999963641166687 8.434654235839844
0.9999378323554993 -0.010737977921962738 -0.002984661376103759 -0.037142109125852585 0.01074572280049324 0.9999388456344604 0.002591719850897789 0.004039391875267029 0.002956648822873831 -0.002623631153255701 0.9999921917915344 9.372407913208008
0.999931275844574 -0.01104592066258192 -0.00393004110082984 -0.04479661211371422 0.011062856763601303 0.9999295473098755 0.004314125515520573 0.004398908466100693 0.0038821096532046795 -0.004357307218015194 0.999983012676239 10.29384994506836
0.9999155402183533 -0.012156217359006405 -0.004591777920722961 -0.04938964173197746 0.012179605662822723 0.9999127984046936 0.005100389942526817 0.006355639547109604 0.004529376979917288 -0.0051558855921030045 0.999976396560669 11.20626163482666
0.9999067187309265 -0.012480267323553562 -0.005542266182601452 -0.05702732875943184 0.012509600259363651 0.9999077320098877 0.0052896891720592976 0.007573425769805908 0.00547573808580637 -0.005358526948839426 0.9999706745147705 12.12199878692627
0.9999001622200012 -0.012802920304238796 -0.0059830257669091225 -0.06919801980257034 0.012825601734220982 0.9999105334281921 0.0037680151872336864 0.011464953422546387 0.005934249144047499 -0.0038443736266344786 0.9999750256538391 13.018996238708496
0.9998875260353088 -0.013183562085032463 -0.007147420663386583 -0.08189108967781067 0.013194801285862923 0.9999117851257324 0.0015273354947566986 0.021350394934415817 0.007126654498279095 -0.0016214728821069002 0.9999732971191406 13.92519474029541
0.9998570084571838 -0.014408968389034271 -0.008851160295307636 -0.08959367871284485 0.014408918097615242 0.9998961091041565 -6.954849231988192e-05 0.029259247705340385 0.008851244114339352 -5.799706559628248e-05 0.9999608993530273 14.829769134521484
0.9998452067375183 -0.014105263166129589 -0.010509495623409748 -0.10760512948036194 0.014100152999162674 0.9999003410339355 -0.0005600302247330546 0.026836104691028595 0.010516348294913769 0.00041175808291882277 0.9999446272850037 15.738642692565918
0.9998398423194885 -0.013198408298194408 -0.012086022645235062 -0.12075663357973099 0.013180172070860863 0.999911904335022 -0.0015871877549216151 0.028861789032816887 0.012105906382203102 0.0014276381116360426 0.9999257326126099 16.63702964782715
0.9998372197151184 -0.011938589625060558 -0.013525987975299358 -0.13921919465065002 0.011919978074729443 0.9999278783798218 -0.0014558205148205161 0.02878137119114399 0.01354239322245121 0.001294354093261063 0.9999074339866638 17.525209426879883
0.9998096823692322 -0.012505533173680305 -0.014971802942454815 -0.15773755311965942 0.012494475580751896 0.9999216198921204 -0.000831877812743187 0.031008508056402206 0.014981033280491829 0.0006446547922678292 0.9998875260353088 18.4166202545166
0.999789834022522 -0.012151004746556282 -0.01651204191148281 -0.17666825652122498 0.012165932916104794 0.9999256134033203 0.0008038518717512488 0.026965230703353882 0.0165010467171669 -0.0010045671369880438 0.9998632669448853 19.310211181640625
0.9997685551643372 -0.011839388869702816 -0.017963888123631477 -0.19776958227157593 0.011868211440742016 0.9999284148216248 0.0014986117603257298 0.02736584097146988 0.017944859340786934 -0.0017114640213549137 0.9998374581336975 20.186748504638672
0.9997183084487915 -0.013009251095354557 -0.019850796088576317 -0.21007801592350006 0.013046292588114738 0.9999133944511414 0.0017375298775732517 0.024357037618756294 0.019826475530862808 -0.001996018923819065 0.9998013973236084 21.07529067993164
0.9997095465660095 -0.012175117619335651 -0.020798077806830406 -0.2382449060678482 0.012189613655209541 0.9999254941940308 0.0005703011411242187 0.029871340841054916 0.020789586007595062 -0.0008236559806391597 0.9997835159301758 21.92043113708496
0.9996737241744995 -0.012251927517354488 -0.022416111081838608 -0.25893500447273254 0.01227527018636465 0.9999242424964905 0.0009038902935571969 0.03144707903265953 0.02240333892405033 -0.0011787588009610772 0.9997482895851135 22.783824920654297
0.9996562004089355 -0.012029701843857765 -0.023296713829040527 -0.28390148282051086 0.012105626054108143 0.9999218583106995 0.0031206777784973383 0.031332481652498245 0.02325735241174698 -0.003401626367121935 0.9997236728668213 23.643051147460938
0.9996275901794434 -0.013158473186194897 -0.023907894268631935 -0.30433687567710876 0.013300502672791481 0.9998947381973267 0.005791304167360067 0.03471946716308594 0.023829175159335136 -0.006107133813202381 0.9996973872184753 24.49091339111328
0.9995995759963989 -0.01346388179808855 -0.02488652803003788 -0.32414478063583374 0.013652375899255276 0.9998792409896851 0.007419864647090435 0.03689172863960266 0.024783622473478317 -0.007756653241813183 0.9996627569198608 25.329938888549805
0.999604344367981 -0.012659882195293903 -0.0251179039478302 -0.35707125067710876 0.01282221544533968 0.9998978972434998 0.006312327925115824 0.039127886295318604 0.025035422295331955 -0.006631896831095219 0.9996646046638489 26.155439376831055
0.9996066689491272 -0.010802527889609337 -0.02587999776005745 -0.38236790895462036 0.010902401991188526 0.9999336004257202 0.0037211633753031492 0.04000590369105339 0.025838082656264305 -0.00400185352191329 0.9996581077575684 26.965774536132812
0.9995921850204468 -0.010279803536832333 -0.026641057804226875 -0.40836459398269653 0.010334097780287266 0.999944806098938 0.001901100855320692 0.04510759934782982 0.0266200453042984 -0.0021756370551884174 0.9996432662010193 27.768951416015625
0.9995847940444946 -0.009187396615743637 -0.027309123426675797 -0.4388718008995056 0.009229306131601334 0.9999564290046692 0.0014089576434344053 0.04964068531990051 0.027294989675283432 -0.0016604168340563774 0.999626100063324 28.561508178710938
0.9995402097702026 -0.009512476623058319 -0.028791170567274094 -0.46131476759910583 0.009553029201924801 0.9999536871910095 0.0012712521711364388 0.043377168476581573 0.02877774089574814 -0.0015457107219845057 0.9995846152305603 29.351106643676758
0.9994738101959229 -0.009273624047636986 -0.031084559857845306 -0.48745933175086975 0.00928934384137392 0.9999567866325378 0.0003613805747590959 0.04408227652311325 0.03107987344264984 -0.0006499456940218806 0.9995166659355164 30.12601661682129
0.9994193315505981 -0.009098149836063385 -0.03283735737204552 -0.5185928344726562 0.009115124121308327 0.9999583959579468 0.0003672976163215935 0.04396501183509827 0.03283265233039856 -0.0006664009997621179 0.9994606375694275 30.892610549926758
0.9993525147438049 -0.009524933062493801 -0.034700192511081696 -0.5425041913986206 0.0095781609416008 0.9999532103538513 0.0013679902767762542 0.046854957938194275 0.034685540944337845 -0.00169946881942451 0.999396800994873 31.65914535522461
0.9992706775665283 -0.00976215023547411 -0.03691526874899864 -0.5722424983978271 0.009903679601848125 0.999944269657135 0.0036530084908008575 0.048988185822963715 0.03687754645943642 -0.004015941172838211 0.9993116855621338 32.41202926635742
0.9992076754570007 -0.008846552111208439 -0.038804564625024796 -0.6047109961509705 0.009054441004991531 0.9999455809593201 0.005184837616980076 0.050908878445625305 0.038756586611270905 -0.005532082635909319 0.9992333054542542 33.15244674682617
0.9991462826728821 -0.0073425425216555595 -0.04065507650375366 -0.6376915574073792 0.007571537978947163 0.9999563097953796 0.005481535568833351 0.05006377398967743 0.04061305150389671 -0.005784676875919104 0.9991582036018372 33.87989807128906
0.9990893006324768 -0.004982386250048876 -0.04237578809261322 -0.679409921169281 0.0051922304555773735 0.99997478723526 0.00484335096552968 0.04993467777967453 0.04235058277845383 -0.005058964714407921 0.9990900158882141 34.586177825927734
0.9990190267562866 -0.002925937296822667 -0.044185034930706024 -0.7145453691482544 0.0031091351993381977 0.9999868869781494 0.0040779984556138515 0.05475576967000961 0.04417252168059349 -0.004211374558508396 0.9990150332450867 35.297237396240234
0.9989317655563354 -0.002734041539952159 -0.046126995235681534 -0.741077184677124 0.002968523884192109 0.999983012676239 0.005015679635107517 0.0580291748046875 0.04611249268054962 -0.005147251300513744 0.9989230036735535 36.01342010498047
0.9988999962806702 -0.0011989091290161014 -0.04687546566128731 -0.7872899770736694 0.0015306005952879786 0.9999739527702332 0.007040765136480331 0.059422120451927185 0.046865809708833694 -0.007104766555130482 0.9988759756088257 36.69410705566406
0.9988982081413269 0.0016557795461267233 -0.04689863324165344 -0.8263875842094421 -0.0013089824933558702 0.9999715685844421 0.007424362003803253 0.06480234861373901 0.04690959304571152 -0.0073547931388020515 0.9988721013069153 37.38241958618164
0.9989266395568848 0.004018808715045452 -0.04614550247788429 -0.8515219688415527 -0.003779008984565735 0.9999788403511047 0.00528267677873373 0.06636112928390503 0.04616575688123703 -0.005102621391415596 0.998920738697052 38.04715347290039
0.998997151851654 0.005714189726859331 -0.04440753906965256 -0.8862555027008057 -0.005619661882519722 0.999981701374054 0.0022532003931701183 0.06884054094552994 0.04441959783434868 -0.0020013859029859304 0.9990109801292419 38.68965530395508
0.9990869760513306 0.005975291598588228 -0.042305126786231995 -0.9164448380470276 -0.005970971658825874 0.9999821186065674 0.00022848276421427727 0.07608572393655777 0.04230573773384094 2.4327542632818222e-05 0.9991046786308289 39.34084701538086
0.999214768409729 0.0072718230076134205 -0.03894767910242081 -0.9480066895484924 -0.007242274004966021 0.9999733567237854 0.0008997269906103611 0.07909936457872391 0.038953185081481934 -0.0006169513799250126 0.9992408752441406 39.97905349731445
0.9992740154266357 0.011824555695056915 -0.03621595352888107 -0.9736413359642029 -0.011698465794324875 0.9999247193336487 0.0036915778182446957 0.07645940035581589 0.03625688701868057 -0.0032652264926582575 0.9993371963500977 40.625572204589844
0.9993458390235901 0.016043271869421005 -0.032411132007837296 -1.0001740455627441 -0.01581551693379879 0.999848484992981 0.007271278649568558 0.07691650092601776 0.032522886991500854 -0.006753923371434212 0.9994481801986694 41.25092315673828
0.9993801116943359 0.02119699865579605 -0.0281071774661541 -1.0257573127746582 -0.02097315900027752 0.9997460842132568 0.008234694600105286 0.08051037788391113 0.02827458828687668 -0.007640093564987183 0.9995710253715515 41.854209899902344
0.9994375705718994 0.024659261107444763 -0.022724833339452744 -1.0476386547088623 -0.024468278512358665 0.9996631741523743 0.008644216693937778 0.08334198594093323 0.022930337116122246 -0.008083317428827286 0.9997043609619141 42.43732452392578
0.9994440078735352 0.02876206859946251 -0.016865042969584465 -1.0614564418792725 -0.028586793690919876 0.9995357990264893 0.010543347336351871 0.086946040391922 0.017160454764962196 -0.010055366903543472 0.9998021125793457 43.008140563964844
0.9993728399276733 0.03391724079847336 -0.010168609209358692 -1.0773332118988037 -0.033798620104789734 0.9993612170219421 0.011618704535067081 0.08985775709152222 0.01055618841201067 -0.011267734691500664 0.9998807907104492 43.572750091552734
0.9992911219596863 0.03752463683485985 -0.003014928661286831 -1.0855724811553955 -0.03748762235045433 0.9992307424545288 0.011516173370182514 0.08945763111114502 0.0034447498619556427 -0.011394987814128399 0.9999291300773621 44.10338592529297
0.9991546869277954 0.04086116701364517 0.004480097442865372 -1.0905959606170654 -0.04090987518429756 0.9990980625152588 0.011379940435290337 0.0932050347328186 -0.004011059179902077 -0.01155360322445631 0.9999252557754517 44.6092414855957
0.9989415407180786 0.04458896815776825 0.011297243647277355 -1.0773117542266846 -0.044712185859680176 0.9989404082298279 0.01089947298169136 0.0980883240699768 -0.010799277573823929 -0.01139306090772152 0.9998767375946045 45.108055114746094
0.9986313581466675 0.04871406406164169 0.01903507672250271 -1.0737826824188232 -0.04887055978178978 0.9987742900848389 0.007844296284019947 0.10428929328918457 -0.018629619851708412 -0.008763816207647324 0.9997880458831787 45.57958984375
0.9983188509941101 0.051140815019607544 0.02727692574262619 -1.0685958862304688 -0.05130057781934738 0.9986698031425476 0.0051893373019993305 0.10028430819511414 -0.02697525918483734 -0.006579936016350985 0.9996143579483032 46.030479431152344
0.9980538487434387 0.051648978143930435 0.03494410589337349 -1.0499951839447021 -0.05185109004378319 0.9986428022384644 0.004901795648038387 0.10364502668380737 -0.0346435084939003 -0.006704146508127451 0.9993771910667419 46.458030700683594
0.997784435749054 0.050690244883298874 0.043086759746074677 -1.027423620223999 -0.05101032182574272 0.9986778497695923 0.006361107807606459 0.10343798995018005 -0.04270734637975693 -0.008544884622097015 0.999051034450531 46.85789489746094
0.9973033666610718 0.05265961214900017 0.05111558362841606 -1.0067944526672363 -0.053084734827280045 0.9985654950141907 0.0069942232221364975 0.10616986453533173 -0.050673943012952805 -0.009688821621239185 0.9986682534217834 47.24477005004883
0.9966448545455933 0.05571961775422096 0.05995277687907219 -0.9944946765899658 -0.05625701695680618 0.9983895421028137 0.007312115281820297 0.10247102379798889 -0.05944879725575447 -0.01066034659743309 0.9981744289398193 47.602020263671875
0.9958216547966003 0.060705527663230896 0.06822049617767334 -0.9635303020477295 -0.061284203082323074 0.998099684715271 0.0064198789186775684 0.10790953040122986 -0.06770114600658417 -0.010573893785476685 0.9976496696472168 47.92552185058594
0.9949101209640503 0.06444135308265686 0.07746625691652298 -0.9446589946746826 -0.06515383720397949 0.9978527426719666 0.006702807266265154 0.10372522473335266 -0.07686797529459 -0.011715915985405445 0.9969724416732788 48.227012634277344
0.9941772818565369 0.06370832026004791 0.08690613508224487 -0.9161367416381836 -0.06459247320890427 0.9978842735290527 0.00739695318043232 0.10198760032653809 -0.08625102043151855 -0.012967364862561226 0.9961890578269958 48.511940002441406
0.9932764768600464 0.06250271201133728 0.09744280576705933 -0.8757410049438477 -0.0633319616317749 0.9979776740074158 0.0054373955354094505 0.10280400514602661 -0.0969059020280838 -0.01157208252698183 0.9952262043952942 48.78734588623047
0.9921415448188782 0.06101832538843155 0.10923313349485397 -0.8412661552429199 -0.061507031321525574 0.998106062412262 0.001107029034756124 0.09815780073404312 -0.10895870625972748 -0.007816935889422894 0.9940154552459717 49.04716110229492
0.9905311465263367 0.06210224702954292 0.122439444065094 -0.7986483573913574 -0.062193840742111206 0.9980593323707581 -0.003077365458011627 0.10012379288673401 -0.1223929226398468 -0.0045667532831430435 0.9924712181091309 49.31379318237305
0.9883930683135986 0.06359687447547913 0.13796597719192505 -0.7580933570861816 -0.06347733736038208 0.9979692697525024 -0.005270658526569605 0.09782719612121582 -0.13802100718021393 -0.0035482309758663177 0.9904229640960693 49.57609176635742
0.9858907461166382 0.0654844269156456 0.15404926240444183 -0.7083988189697266 -0.06524200737476349 0.9978474378585815 -0.006634149234741926 0.0958283543586731 -0.15415208041667938 -0.0035099361557513475 0.9880408644676208 49.82965087890625
0.9830746054649353 0.06588909775018692 0.17094658315181732 -0.6531572341918945 -0.0655064582824707 0.9978209733963013 -0.007884294725954533 0.09686541557312012 -0.17109355330467224 -0.0034472537226974964 0.9852488040924072 50.08868408203125
0.9797974228858948 0.06483370065689087 0.18919208645820618 -0.5946025848388672 -0.06423338502645493 0.9978915452957153 -0.009309548884630203 0.09831058979034424 -0.18939673900604248 -0.0030309748835861683 0.9818959832191467 50.349021911621094
0.9759145975112915 0.06410980224609375 0.20851965248584747 -0.5266704559326172 -0.06352735310792923 0.997934877872467 -0.009496122598648071 0.09281355142593384 -0.2086978405714035 -0.003979295492172241 0.9779720902442932 50.585086822509766
0.9714146256446838 0.0642104372382164 0.228540301322937 -0.45142078399658203 -0.0634898692369461 0.9979271292686462 -0.010511714033782482 0.08661746978759766 -0.22874155640602112 -0.004298761021345854 0.9734776616096497 50.8216552734375
0.9661121368408203 0.06644634157419205 0.2494235634803772 -0.37243080139160156 -0.0652933195233345 0.9977826476097107 -0.012903133407235146 0.08540713787078857 -0.24972784519195557 -0.0038198158144950867 0.9683085083961487 51.06234359741211
0.9598357081413269 0.06762350350618362 0.2722914218902588 -0.29149723052978516 -0.06598695367574692 0.9977051019668579 -0.015173718333244324 0.08371943235397339 -0.27269262075424194 -0.003403404261916876 0.9620951414108276 51.30935287475586
0.9525682926177979 0.06918102502822876 0.29635730385780334 -0.19429492950439453 -0.06744029372930527 0.9975932836532593 -0.01610564813017845 0.07202303409576416 -0.2967582643032074 -0.004644692409783602 0.9549413323402405 51.537540435791016
0.9439557790756226 0.07205576449632645 0.32211074233055115 -0.09807300567626953 -0.07030227780342102 0.9973793029785156 -0.01708940416574478 0.06588435173034668 -0.3224979639053345 -0.0065134731121361256 0.9465477466583252 51.776153564453125
0.9341180324554443 0.07405740767717361 0.34919804334640503 0.01268768310546875 -0.0722486674785614 0.9972201585769653 -0.018221063539385796 0.05804944038391113 -0.3495766818523407 -0.008208472281694412 0.9368717074394226 52.01252365112305
0.9229058623313904 0.07474081963300705 0.37770211696624756 0.13307952880859375 -0.07271213084459305 0.9971592426300049 -0.01965058222413063 0.05166590213775635 -0.3780978322029114 -0.009327886626124382 0.9257186651229858 52.250877380371094
0.9103041887283325 0.07260151952505112 0.4075234830379486 0.2749671936035156 -0.06980510801076889 0.9973235130310059 -0.021749215200543404 0.041629672050476074 -0.4080117642879486 -0.008648821152746677 0.9129356741905212 52.48719024658203
0.8953378200531006 0.07017617672681808 0.43982449173927307 0.41968536376953125 -0.06612294167280197 0.9975093603134155 -0.024553028866648674 0.03471243381500244 -0.44045203924179077 -0.0070992326363921165 0.8977479934692383 52.71351623535156
0.8781001567840576 0.06915119290351868 0.4734535813331604 0.5750751495361328 -0.06310628354549408 0.9975950121879578 -0.02866438403725624 0.02276313304901123 -0.47429710626602173 -0.004707700107246637 0.880352258682251 52.92901611328125
0.8585184216499329 0.07133548706769943 0.5077967047691345 0.7407913208007812 -0.06278640776872635 0.9974486827850342 -0.03397069126367569 0.018304944038391113 -0.5089243650436401 -0.0027182702906429768 0.8608068823814392 53.15610885620117
0.8367204070091248 0.07327137887477875 0.5427064895629883 0.9283409118652344 -0.06230141222476959 0.9973108768463135 -0.03859448432922363 0.010062694549560547 -0.5440749526023865 -0.001518589211627841 0.8390352725982666 53.383995056152344
0.8121263384819031 0.07584566622972488 0.5785312056541443 1.123647689819336 -0.06301093846559525 0.997117280960083 -0.04226943105459213 0.0001697540283203125 -0.5800694227218628 -0.002125672297552228 0.8145642876625061 53.608604431152344
0.7845562100410461 0.08007702976465225 0.6148651242256165 1.334604263305664 -0.06624992191791534 0.9967750906944275 -0.04528146982192993 -0.011426091194152832 -0.6165081858634949 -0.005208910442888737 0.7873311638832092 53.840877532958984
0.7545760869979858 0.08451858162879944 0.6507469415664673 1.5617332458496094 -0.06993570178747177 0.9963808059692383 -0.04831507056951523 -0.025651931762695312 -0.6524752378463745 -0.009053042158484459 0.7577559947967529 54.070518493652344
0.7214311957359314 0.0854838490486145 0.6871895790100098 1.8176097869873047 -0.06946247071027756 0.9962794780731201 -0.05100981146097183 -0.04488992691040039 -0.6889933943748474 -0.01093382015824318 0.7246850728988647 54.30463409423828
0.6848152875900269 0.08303916454315186 0.7239699363708496 2.0978469848632812 -0.06588810682296753 0.9964727163314819 -0.051970481872558594 -0.06493782997131348 -0.7257317900657654 -0.01211082749068737 0.6878710389137268 54.52691650390625
0.6456785798072815 0.08126231282949448 0.7592730522155762 2.389514923095703 -0.06277678161859512 0.9966044425964355 -0.05327828601002693 -0.09100997447967529 -0.7610244750976562 -0.013264060951769352 0.6485875844955444 54.733314514160156
0.6030682325363159 0.08050622045993805 0.7936166524887085 2.7224082946777344 -0.06056554242968559 0.9966434836387634 -0.055078037083148956 -0.11357629299163818 -0.7953869104385376 -0.014850002713501453 0.6059200763702393 54.9520149230957
0.5567737817764282 0.08047916740179062 0.8267564177513123 3.086475372314453 -0.056987214833498 0.9966513514518738 -0.05863964557647705 -0.13105809688568115 -0.8287071585655212 -0.014465517364442348 0.5594955682754517 55.1643180847168
0.5079073905944824 0.07922735065221786 0.8577605485916138 3.4543590545654297 -0.053822245448827744 0.996734619140625 -0.060193877667188644 -0.15710687637329102 -0.8597286939620972 -0.015593676827847958 0.5105130076408386 55.35746383666992
0.45945093035697937 0.07806611806154251 0.8847657442092896 3.8903980255126953 -0.05242051184177399 0.9967770576477051 -0.060727767646312714 -0.17258203029632568 -0.8866549134254456 -0.01847844570875168 0.46206235885620117 55.54882049560547
0.4105745553970337 0.07554324716329575 0.9086923599243164 4.326204299926758 -0.0512942299246788 0.9968976378440857 -0.059699829667806625 -0.19609284400939941 -0.9103831648826599 -0.022099442780017853 0.4131757616996765 55.70404052734375
0.35952165722846985 0.07541858404874802 0.9300839304924011 4.7814483642578125 -0.054485633969306946 0.996724545955658 -0.05976105108857155 -0.2168518304824829 -0.9315447211265564 -0.029190823435783386 0.36245328187942505 55.873016357421875
0.3105408549308777 0.07623453438282013 0.9474981427192688 5.251420974731445 -0.05280734971165657 0.9966230988502502 -0.06287956237792969 -0.23644161224365234 -0.9490920901298523 -0.030508192256093025 0.3135179877281189 55.99881362915039
0.2627445459365845 0.07253080606460571 0.9621355533599854 5.728146553039551 -0.04213448241353035 0.9970818758010864 -0.06365897506475449 -0.27663159370422363 -0.9639450311660767 -0.02381303533911705 0.2650337815284729 56.09363555908203
0.21869626641273499 0.06693992018699646 0.9734941124916077 6.239953994750977 -0.028445880860090256 0.9976575374603271 -0.0622110515832901 -0.2992044687271118 -0.9753782749176025 -0.014086571522057056 0.2200881540775299 56.16658401489258
0.17645615339279175 0.06589687615633011 0.9821001291275024 6.762873649597168 -0.019267667084932327 0.9977965354919434 -0.0634882003068924 -0.32937729358673096 -0.9841199517250061 -0.007719897665083408 0.17733702063560486 56.228336334228516
0.13785889744758606 0.06739403307437897 0.9881563186645508 7.303614616394043 -0.016065653413534164 0.9977033138275146 -0.06580380350351334 -0.35337692499160767 -0.9903215765953064 -0.006803739815950394 0.13862499594688416 56.28429412841797
0.10553599894046783 0.06816885620355606 0.9920761585235596 7.810801029205322 -0.007351765874773264 0.9976738095283508 -0.06777141243219376 -0.3881952166557312 -0.9943884015083313 -0.00014118867693468928 0.10579164326190948 56.29948043823242
0.07649305462837219 0.06633112579584122 0.9948611855506897 8.374161720275879 -0.00010914262384176254 0.9977852702140808 -0.06651768833398819 -0.4268806278705597 -0.9970700740814209 0.0049795592203736305 0.07633086293935776 56.322120666503906
0.05141477286815643 0.0645623654127121 0.9965881705284119 8.94276237487793 0.00638189073652029 0.9978665113449097 -0.06497440487146378 -0.46293941140174866 -0.9986569285392761 0.009700763039290905 0.05089304596185684 56.33445358276367
0.03159534931182861 0.06369362771511078 0.9974692463874817 9.518502235412598 0.0116348285228014 0.9978764653205872 -0.06408816576004028 -0.4865599274635315 -0.9994330406188965 0.013630271889269352 0.03078719973564148 56.33330154418945
0.01581386663019657 0.06592446565628052 0.9976993203163147 10.095694541931152 0.014658791013062 0.9977015256881714 -0.06615697592496872 -0.5091250538825989 -0.9997674822807312 0.01567126251757145 0.014811145141720772 56.32742691040039
0.0022062892094254494 0.06556376069784164 0.9978459477424622 10.694196701049805 0.015058733522891998 0.9977330565452576 -0.06558964401483536 -0.5460792183876038 -0.9998841285705566 0.015171005390584469 0.0012139780446887016 56.32603073120117
-0.009398626163601875 0.0664127841591835 0.9977479577064514 11.306323051452637 0.016045723110437393 0.997673511505127 -0.06625667214393616 -0.5825080871582031 -0.9998270869255066 0.015386863611638546 -0.010442402213811874 56.319522857666016
-0.01812565140426159 0.06922255456447601 0.9974365830421448 11.929781913757324 0.020852629095315933 0.9974097013473511 -0.06884174793958664 -0.6209359765052795 -0.9996181726455688 0.01955137774348259 -0.01952216774225235 56.2928466796875
-0.02472216822206974 0.07122338563203812 0.9971539974212646 12.553491592407227 0.025051169097423553 0.9971897602081299 -0.0706048533320427 -0.6529406905174255 -0.999380350112915 0.023234369233250618 -0.026436924934387207 56.26523971557617
-0.029158923774957657 0.07055988907814026 0.9970812797546387 13.194151878356934 0.025631384924054146 0.9972301721572876 -0.06982085853815079 -0.6868964433670044 -0.9992460608482361 0.02352067083120346 -0.030886704102158546 56.24348831176758
-0.03297585994005203 0.0679386705160141 0.9971444606781006 13.845383644104004 0.023250265046954155 0.9974690079689026 -0.06719191372394562 -0.7217128872871399 -0.9991855621337891 0.020968161523342133 -0.034471992403268814 56.22758865356445
-0.03562772274017334 0.06100477650761604 0.9975013732910156 14.54827880859375 0.02132730931043625 0.9979541897773743 -0.06027071550488472 -0.7636517286300659 -0.9991375207901001 0.019126711413264275 -0.036855898797512054 56.21360778808594
-0.0367683582007885 0.05555412918329239 0.9977784156799316 15.23724365234375 0.022416111081838608 0.9982481598854065 -0.05475425720214844 -0.7962113618850708 -0.9990723729133606 0.020353088155388832 -0.037949252873659134 56.18534851074219
-0.03732866048812866 0.05290954187512398 0.9979013204574585 15.914586067199707 0.025010164827108383 0.9983339905738831 -0.05199691653251648 -0.8305630683898926 -0.998989999294281 0.023016704246401787 -0.03858974948525429 56.1579704284668
-0.037143636494874954 0.054992806166410446 0.9977957010269165 16.625364303588867 0.02833285927772522 0.9981411099433899 -0.053957145661115646 -0.8737252950668335 -0.9989082217216492 0.02626623399555683 -0.038632702082395554 56.132198333740234
-0.035973645746707916 0.06257767975330353 0.9973915219306946 17.337980270385742 0.029683899134397507 0.9976640939712524 -0.061524152755737305 -0.9009775519371033 -0.9989117980003357 0.027393225580453873 -0.037747159600257874 56.09318542480469
-0.03375852108001709 0.0707378014922142 0.996923565864563 18.052867889404297 0.030464427545666695 0.9971014261245728 -0.06971880048513412 -0.9342076778411865 -0.9989656209945679 0.02801709994673729 -0.03581564873456955 56.0722541809082
-0.0313471294939518 0.07156269252300262 0.9969434142112732 18.78553009033203 0.031072944402694702 0.9970212578773499 -0.07059124112129211 -0.9681521654129028 -0.9990254044532776 0.028765132650732994 -0.03347741812467575 56.04585647583008
-0.029291007667779922 0.06740293651819229 0.9972957372665405 19.532398223876953 0.030394824221730232 0.9973224997520447 -0.06651204079389572 -1.0086846351623535 -0.9991087317466736 0.028364425525069237 -0.03126128390431404 56.02696990966797
-0.026924965903162956 0.06091880053281784 0.9977794885635376 20.28262710571289 0.029818648472428322 0.9977461695671082 -0.060112111270427704 -1.0543705224990845 -0.9991925954818726 0.028133919462561607 -0.028680795803666115 56.00558853149414
-0.02408304251730442 0.05921537056565285 0.9979546070098877 21.018573760986328 0.028218450024724007 0.9978867173194885 -0.05853036046028137 -1.0979359149932861 -0.9993115663528442 0.026751147583127022 -0.02570311166346073 55.994319915771484
-0.020568545907735825 0.06469973176717758 0.9976928234100342 21.746423721313477 0.035627927631139755 0.9973174929618835 -0.06394088268280029 -1.140297532081604 -0.9991534352302551 0.0342305526137352 -0.022818490862846375 55.96979904174805
-0.0174220260232687 0.07008730620145798 0.9973887205123901 22.47746467590332 0.03757360205054283 0.9968814253807068 -0.06939533352851868 -1.182888388633728 -0.9991419315338135 0.03626647964119911 -0.0200011245906353 55.95941162109375
-0.01517956331372261 0.07066922634840012 0.9973843097686768 23.219608306884766 0.03122970648109913 0.9970459938049316 -0.07016997784376144 -1.2281348705291748 -0.9993969202041626 0.030082866549491882 -0.017341705039143562 55.970680236816406
-0.011960607953369617 0.06742647290229797 0.9976524114608765 23.973997116088867 0.027109244838356972 0.9973790645599365 -0.067082978785038 -1.2668334245681763 -0.9995608925819397 0.02624325267970562 -0.013757141306996346 55.95714569091797
-0.006996871437877417 0.06400439888238907 0.9979250431060791 24.714170455932617 0.03096608631312847 0.9974848628044128 -0.06375904381275177 -1.3150761127471924 -0.9994959235191345 0.03045572340488434 -0.008961238898336887 55.94349670410156
-0.0031803688034415245 0.06495427340269089 0.997883141040802 25.453533172607422 0.03578957915306091 0.9972562789916992 -0.06479940563440323 -1.3623566627502441 -0.9993543028831482 0.03550773113965988 -0.005496330559253693 55.936092376708984
-0.0008845143020153046 0.06901037693023682 0.9976155161857605 26.191984176635742 0.0353604219853878 0.996994137763977 -0.0689360499382019 -1.4185965061187744 -0.9993742108345032 0.03521512821316719 -0.0033220937475562096 55.94896697998047
0.0030993702821433544 0.0702410638332367 0.997525155544281 26.96004867553711 0.031382977962493896 0.9970318078994751 -0.07030382007360458 -1.4546278715133667 -0.9995025992393494 0.0315232016146183 0.0008857972570694983 55.948585510253906
0.0065720053389668465 0.06963343173265457 0.997550904750824 27.709672927856445 0.03077249974012375 0.9970859885215759 -0.06980369985103607 -1.502225399017334 -0.999504804611206 0.031155887991189957 0.0044100601226091385 55.96142578125
0.010326772928237915 0.06621124595403671 0.9977521896362305 28.447826385498047 0.034920427948236465 0.9971728920936584 -0.06653423607349396 -1.5529663562774658 -0.9993367195129395 0.03552901744842529 0.007985452190041542 55.96344757080078
0.01417194027453661 0.0667881965637207 0.9976665377616882 29.20911407470703 0.03921658545732498 0.9969618916511536 -0.06729810684919357 -1.6031804084777832 -0.9991301894187927 0.040078818798065186 0.01150967925786972 55.963279724121094
0.017705876380205154 0.06798458099365234 0.9975292086601257 29.959638595581055 0.04244967922568321 0.9967349171638489 -0.068683922290802 -1.6515955924987793 -0.9989417195320129 0.04356089606881142 0.01476214174181223 55.97574234008789
0.020397325977683067 0.06789803504943848 0.9974837303161621 30.70886993408203 0.04290267825126648 0.996712863445282 -0.06872286647558212 -1.6981451511383057 -0.9988710284233093 0.044196490198373795 0.017417270690202713 55.9932975769043
0.02385503053665161 0.06629699468612671 0.9975147843360901 31.45682716369629 0.04442290589213371 0.9967427849769592 -0.06730803102254868 -1.7481534481048584 -0.9987279772758484 0.04591812938451767 0.020832225680351257 56.01573944091797
0.027619298547506332 0.06555338948965073 0.9974668025970459 32.20104217529297 0.046342767775058746 0.9966905117034912 -0.06678557395935059 -1.793975830078125 -0.9985436797142029 0.048069942742586136 0.02448996901512146 56.031742095947266
0.03044636733829975 0.06576165556907654 0.997370719909668 32.95096206665039 0.044659871608018875 0.9967473149299622 -0.06708386540412903 -1.8445348739624023 -0.9985381364822388 0.04658491164445877 0.02741043083369732 56.0654182434082
0.033319879323244095 0.06726641207933426 0.9971784949302673 33.70259094238281 0.04180208966135979 0.9967656135559082 -0.06863534450531006 -1.8928122520446777 -0.9985701441764832 0.043971069157123566 0.030400240793824196 56.0899543762207
0.03632201999425888 0.06751024723052979 0.9970572590827942 34.45785140991211 0.043695904314517975 0.9966540932655334 -0.06907476484775543 -1.9345366954803467 -0.998384416103363 0.04607624188065529 0.03325057402253151 56.11351776123047
0.039032548666000366 0.06736025214195251 0.9969649314880371 35.218299865722656 0.04154204577207565 0.9967532753944397 -0.0689723789691925 -1.981576919555664 -0.9983739256858826 0.04410812258720398 0.036107536405324936 56.14730453491211
0.04111253842711449 0.06759341061115265 0.9968655109405518 35.96891784667969 0.03962390124797821 0.9968138933181763 -0.06922407448291779 -2.029428720474243 -0.9983684420585632 0.04234568029642105 0.03830323368310928 56.18920135498047
0.04415196180343628 0.0672290101647377 0.9967601299285889 36.735618591308594 0.03708979859948158 0.9969350099563599 -0.06888370215892792 -2.083707094192505 -0.9983360171318054 0.04001098871231079 0.041523125022649765 56.22555923461914
0.04698483645915985 0.06955911219120026 0.9964707493782043 37.488609313964844 0.03556692600250244 0.9968234300613403 -0.07126076519489288 -2.1276655197143555 -0.998262345790863 0.038789574056863785 0.04436156526207924 56.268760681152344
0.050835106521844864 0.07349586486816406 0.9959990382194519 38.253604888916016 0.034379564225673676 0.9965686202049255 -0.07529260218143463 -2.17271089553833 -0.9981152415275574 0.03806951642036438 0.048133913427591324 56.305442810058594
0.05369321256875992 0.07477524876594543 0.9957538843154907 39.01859664916992 0.03498636931180954 0.9964391589164734 -0.07671324908733368 -2.2355387210845947 -0.9979444742202759 0.03895679488778114 0.05088590830564499 56.35763168334961
0.056483734399080276 0.0769125372171402 0.9954366087913513 39.78017807006836 0.028766680508852005 0.9964890480041504 -0.07862614840269089 -2.288607120513916 -0.9979891180992126 0.03307650610804558 0.05407290160655975 56.41522216796875
0.05903128534555435 0.07629882544279099 0.9953359961509705 40.576271057128906 0.024805068969726562 0.9966548085212708 -0.07787106931209564 -2.3418831825256348 -0.9979478716850281 0.029286209493875504 0.05694122612476349 56.47433090209961
0.06308280676603317 0.0768415555357933 0.9950457215309143 41.35273361206055 0.027238156646490097 0.9965274333953857 -0.07868281751871109 -2.3975136280059814 -0.9976364970207214 0.032066743820905685 0.06077073514461517 56.52412414550781
0.06730201840400696 0.0777478739619255 0.9946987628936768 42.12360382080078 0.026210499927401543 0.9964774250984192 -0.07966030389070511 -2.458022356033325 -0.9973883628845215 0.031432852149009705 0.06502712517976761 56.570587158203125
0.07069491595029831 0.07883384823799133 0.9943779110908508 42.90352249145508 0.022497329860925674 0.9964925050735474 -0.08060093224048615 -2.5123989582061768 -0.9972442388534546 0.028068924322724342 0.06867340952157974 56.64586639404297
0.07503470033407211 0.0769307091832161 0.9942088723182678 43.704307556152344 0.021546244621276855 0.9966617822647095 -0.07874663919210434 -2.5662407875061035 -0.9969481825828552 0.027330197393894196 0.0731266438961029 56.70930099487305
0.07949423044919968 0.07688543200492859 0.9938658475875854 44.50405502319336 0.021729733794927597 0.9966505169868469 -0.07883891463279724 -2.6326546669006348 -0.996598482131958 0.027863681316375732 0.0775572657585144 56.769630432128906
0.08459741622209549 0.08058992028236389 0.9931507706642151 45.2998161315918 0.018629902973771095 0.996421754360199 -0.0824422538280487 -2.68999981880188 -0.9962410926818848 0.02547670342028141 0.08279331028461456 56.847747802734375
0.0902901217341423 0.08905249834060669 0.9919260740280151 46.09151840209961 0.016501201316714287 0.9957236647605896 -0.09089545905590057 -2.7537989616394043 -0.9957787990570068 0.024574927985668182 0.08843454718589783 56.936927795410156
0.09738747775554657 0.09410819411277771 0.990787148475647 46.87302780151367 0.015449123457074165 0.9952564835548401 -0.09605123847723007 -2.814810037612915 -0.9951266050338745 0.024660976603627205 0.09547162801027298 57.02198028564453
0.10471338778734207 0.09668432176113129 0.9897915720939636 47.6555061340332 0.010227943770587444 0.9951058030128479 -0.09828546643257141 -2.8877499103546143 -0.9944498538970947 0.02041533961892128 0.10321202129125595 57.11582565307617
0.11152898520231247 0.09536490589380264 0.9891748428344727 48.451988220214844 0.006736889015883207 0.9952893853187561 -0.09671398252248764 -2.952029228210449 -0.9937383532524109 0.017450373619794846 0.11036113649606705 57.21400451660156
0.11881022155284882 0.0938490703701973 0.9884718060493469 49.2603759765625 0.006690317299216986 0.9954248666763306 -0.09531335532665253 -3.0213558673858643 -0.9928944706916809 0.01793738827109337 0.11763875186443329 57.322818756103516
0.12684375047683716 0.09038885682821274 0.9877957701683044 50.09040451049805 0.006230121478438377 0.9957472681999207 -0.09191646426916122 -3.092249631881714 -0.9919031858444214 0.01781311444938183 0.1257411688566208 57.427154541015625
0.13466277718544006 0.08451822400093079 0.9872804880142212 50.896907806396484 0.0043464722111821175 0.9962957501411438 -0.08588285744190216 -3.1646738052368164 -0.9908819794654846 0.015856407582759857 0.1337965726852417 57.53813934326172
0.14140570163726807 0.07759375870227814 0.986906111240387 51.703269958496094 0.0014300905168056488 0.9969063401222229 -0.0785849317908287 -3.2241246700286865 -0.9899506568908691 0.012523721903562546 0.1408572793006897 57.66796875
0.14849910140037537 0.0748603492975235 0.9860750436782837 52.50623321533203 0.0004419235046952963 0.997125506401062 -0.07576584070920944 -3.2982935905456543 -0.9889124035835266 0.011686928570270538 0.14803916215896606 57.796119689941406
