1.0 0.0 0.0 0.0 0.0 1.0 0.0 0.0 0.0 0.0 1.0 0.0
0.9999986290931702 0.0008136205142363906 0.0014579463750123978 -0.00629653874784708 -0.0008069496834650636 0.9999892115592957 -0.004570255056023598 -0.0021782168187201023 -0.0014616490807384253 0.004569072276353836 0.9999884963035583 0.9640225172042847
0.9999966621398926 -0.0014571257634088397 0.00214604870416224 -0.0026298060547560453 0.0014685988426208496 0.9999845623970032 -0.005354282446205616 -0.0008937498787418008 -0.0021382139530032873 0.00535741588100791 0.9999833703041077 1.918536901473999
0.9999935030937195 -0.0024753594771027565 0.002666633343324065 -0.010385056957602501 0.00247882679104805 0.9999960660934448 -0.0012976727448403835 -0.003946844954043627 -0.0026634112000465393 0.0013042744249105453 0.9999955296516418 2.853525400161743
0.9999854564666748 -0.004962544422596693 0.0021233749575912952 -0.008678615093231201 0.004952079150825739 0.9999756813049316 0.0049062687903642654 -0.007782776840031147 -0.00214767106808722 -0.004895682446658611 0.9999856948852539 3.801067590713501
0.9999630451202393 -0.008583882823586464 0.00043898436706513166 -0.003575266571715474 0.008581601083278656 0.9999508261680603 0.004962833598256111 -0.004541913513094187 -0.00048156362026929855 -0.004958882927894592 0.9999876022338867 4.741590976715088
0.9999375939369202 -0.011173754930496216 -6.218690396053717e-05 -0.008538374677300453 0.011173857375979424 0.9999354481697083 0.0020695794373750687 -0.00254373112693429 3.905790435965173e-05 -0.002070144983008504 0.9999978542327881 5.666828632354736
0.9999296069145203 -0.011832520365715027 -0.0009269295260310173 -0.015072893351316452 0.01183104608207941 0.9999287724494934 -0.0015794475330039859 0.0032182654831558466 0.0009455523686483502 0.0015683703823015094 0.9999983310699463 6.586682319641113
0.9999333620071411 -0.011457866057753563 -0.0014054658822715282 -0.020013950765132904 0.011455298401415348 0.9999326467514038 -0.0018192996503785253 -0.0025259186513721943 0.0014262166805565357 0.001803078455850482 0.9999973773956299 7.5196638107299805
0.9999318718910217 -0.011398865841329098 -0.0024942837189882994 -0.028951797634363174 0.011399212293326855 0.99993497133255 0.00012572205741889775 -0.002218678593635559 0.0024926885962486267 -0.00015414632798638195 0.9999969601631165 8.432135581970215
0.9999370574951172 -0.010853956453502178 -0.002833983628079295 -0.04006145894527435 0.010861210525035858 0.9999377727508545 0.0025577847845852375 0.004700590390712023 0.0028060455806553364 -0.002588404808193445 0.9999927282333374 9.3745698928833
0.9999310374259949 -0.011103278025984764 -0.003841494442895055 -0.04713096842169762 0.011119021102786064 0.9999297857284546 0.004101194441318512 0.0067697735503315926 0.003795688273385167 -0.004143625032156706 0.9999842643737793 10.295334815979004
0.9999141693115234 -0.012297302484512329 -0.004513643216341734 -0.05053847283124924 0.012320243753492832 0.9999110698699951 0.00509074330329895 0.006295960862189531 0.004450639709830284 -0.005145916249603033 0.9999768733978271 11.210733413696289
0.9999049305915833 -0.012630210258066654 -0.0055268206633627415 -0.056003935635089874 0.012658906169235706 0.9999063611030579 0.00518816290423274 0.007452970836311579 0.005460775922983885 -0.00525763351470232 0.999971330165863 12.123054504394531
0.9998946189880371 -0.01316856499761343 -0.006113024894148111 -0.06569191068410873 0.013191686011850834 0.9999058842658997 0.003757264232262969 0.011865000240504742 0.006062971893697977 -0.0038375090807676315 0.999974250793457 13.027229309082031
0.999886691570282 -0.013194947503507137 -0.007233437150716782 -0.08043018728494644 0.01320697646588087 0.9999114871025085 0.0016176049830392003 0.018482133746147156 0.007211452350020409 -0.0017129539046436548 0.9999725222587585 13.9356107711792
0.9998534917831421 -0.014549232088029385 -0.009008700959384441 -0.08772239834070206 0.014549680054187775 0.9998942017555237 -1.584223355166614e-05 0.026696346700191498 0.00900797825306654 -0.00011523375724209473 0.9999594688415527 14.840386390686035
0.9998461604118347 -0.014097493141889572 -0.010431341826915741 -0.10946968197822571 0.014094123616814613 0.9999006390571594 -0.00039648328674957156 0.02291114628314972 0.010435894131660461 0.00024940146249718964 0.9999455213546753 15.748355865478516
0.9998418688774109 -0.013038210570812225 -0.012095416896045208 -0.12008050084114075 0.013021224178373814 0.9999141097068787 -0.001482100342400372 0.026128211989998817 0.012113701552152634 0.001324368524365127 0.9999257326126099 16.64786148071289
0.9998382925987244 -0.01196703314781189 -0.013421105220913887 -0.14124029874801636 0.011952204629778862 0.999927818775177 -0.0011846194975078106 0.021806681528687477 0.013434313237667084 0.0010240160627290606 0.9999092221260071 17.53459930419922
0.9998114705085754 -0.012478712946176529 -0.014874138869345188 -0.15995967388153076 0.012471006251871586 0.9999220967292786 -0.000610748422332108 0.02470688708126545 0.014880601316690445 0.0004251376958563924 0.9998891353607178 18.425703048706055
0.9997915029525757 -0.012240334413945675 -0.01634596288204193 -0.17890025675296783 0.012259759940207005 0.9999242424964905 0.001088776858523488 0.020200444385409355 0.016331396996974945 -0.0012889471836388111 0.9998658299446106 19.317819595336914
0.9997736215591431 -0.011844496242702007 -0.01767732948064804 -0.2020164281129837 0.01187887229025364 0.9999276995658875 0.001840900513343513 0.020070819184184074 0.01765424944460392 -0.0020504703279584646 0.9998420476913452 20.19639778137207
0.9997256398200989 -0.013162719085812569 -0.01937262900173664 -0.2188761979341507 0.01319953240454197 0.9999113082885742 0.001773635158315301 0.01979582943022251 0.01934756338596344 -0.0020288582891225815 0.9998108148574829 21.089712142944336
0.9997095465660095 -0.01243491843342781 -0.0206450168043375 -0.24102017283439636 0.012449361383914948 0.9999223351478577 0.0005711712292395532 0.0271878894418478 0.020636308938264847 -0.0008280226029455662 0.9997866749763489 21.929485321044922
0.9996725916862488 -0.01252167858183384 -0.022314853966236115 -0.2607179284095764 0.01254391297698021 0.9999209642410278 0.0008566838805563748 0.029426615685224533 0.022302361205220222 -0.0011363191297277808 0.9997506737709045 22.79276466369629
0.99965500831604 -0.01224304549396038 -0.023240232840180397 -0.2858591079711914 0.012309087440371513 0.9999205470085144 0.002700695302337408 0.0322331003844738 0.02320532128214836 -0.0029858294874429703 0.9997262358665466 23.652952194213867
0.999627411365509 -0.013390685431659222 -0.02378576621413231 -0.3068558871746063 0.013536336831748486 0.9998905062675476 0.005972919519990683 0.029974771663546562 0.023703180253505707 -0.006292665842920542 0.9996992349624634 24.499820709228516
0.9995947480201721 -0.013677136972546577 -0.024970265105366707 -0.3243282437324524 0.013868512585759163 0.9998756647109985 0.007507008034735918 0.0336574986577034 0.02486448548734188 -0.007850265130400658 0.9996600151062012 25.34111976623535
0.9995984435081482 -0.012870990671217442 -0.025244101881980896 -0.3563844859600067 0.013035600073635578 0.9998947381973267 0.0063669197261333466 0.035225607454776764 0.025159496814012527 -0.006693434901535511 0.9996610283851624 26.165979385375977
0.9996046423912048 -0.010980517603456974 -0.025883838534355164 -0.3825691044330597 0.01107853464782238 0.9999319911003113 0.003646488068625331 0.0391368567943573 0.025842037051916122 -0.003931802231818438 0.9996582865715027 26.972637176513672
0.9995836615562439 -0.010595479048788548 -0.026838142424821854 -0.40697869658470154 0.01064888946712017 0.9999415278434753 0.0018479437567293644 0.04454696923494339 0.026816993951797485 -0.002132970606908202 0.9996381402015686 27.7746639251709
0.9995737075805664 -0.009485302492976189 -0.027613993734121323 -0.4360336363315582 0.009528598748147488 0.99995356798172 0.001436774036847055 0.04737839847803116 0.02759908325970173 -0.0016992840683087707 0.9996176362037659 28.568389892578125
0.9995372295379639 -0.009712682105600834 -0.028826264664530754 -0.46108779311180115 0.009751742705702782 0.9999517202377319 0.0012147609377279878 0.04317678511142731 0.028813078999519348 -0.001495305448770523 0.9995837211608887 29.356348037719727
0.9994686245918274 -0.009601472876966 -0.031149297952651978 -0.48669639229774475 0.009607603773474693 0.9999538660049438 4.71670828119386e-05 0.04462634399533272 0.031147409230470657 -0.000346412300132215 0.9995148181915283 30.131349563598633
0.9994162321090698 -0.009528705850243568 -0.03280755132436752 -0.5183960199356079 0.009546798653900623 0.999954342842102 0.00039483452565036714 0.042091913521289825 0.03280229493975639 -0.000707810977473855 0.9994616508483887 30.898601531982422
0.9993519186973572 -0.009659962728619576 -0.03467663750052452 -0.5443506240844727 0.009715620428323746 0.9999517798423767 0.0014369621640071273 0.0443638451397419 0.034661076962947845 -0.0017729359678924084 0.9993975758552551 31.659231185913086
0.999270498752594 -0.009852888993918896 -0.036897677928209305 -0.5734255909919739 0.009995942004024982 0.9999432563781738 0.0036945415195077658 0.04709407314658165 0.036859180778265 -0.00406067306175828 0.9993122220039368 32.41300964355469
0.9992095828056335 -0.00874060858041048 -0.038779158145189285 -0.6052660942077637 0.008950477465987206 0.9999461770057678 0.005241623148322105 0.04864136502146721 0.038731254637241364 -0.005584572441875935 0.9992340803146362 33.15479278564453
0.9991481900215149 -0.0077204774133861065 -0.0405404306948185 -0.6412217020988464 0.00795586034655571 0.9999523162841797 0.005648014135658741 0.044725287705659866 0.040494900196790695 -0.005965735763311386 0.999161958694458 33.87917709350586
0.9990963339805603 -0.005415909457951784 -0.042157985270023346 -0.682723879814148 0.005626436788588762 0.9999722242355347 0.004876719322055578 0.04548311606049538 0.04213040694594383 -0.005109510850161314 0.9990991353988647 34.587501525878906
0.99900883436203 -0.0034515538718551397 -0.04438034072518349 -0.7139782905578613 0.0036416836082935333 0.9999845623970032 0.004203952383249998 0.05003950372338295 0.04436514526605606 -0.004361404106020927 0.999005913734436 35.29973220825195
0.9989367723464966 -0.0030844693537801504 -0.04599771648645401 -0.7442607283592224 0.0033240069169551134 0.9999812841415405 0.005132030230015516 0.0545693077147007 0.0459810271859169 -0.005279469769448042 0.9989283680915833 36.01423645019531
0.9988974332809448 -0.0015178819885477424 -0.04692084342241287 -0.7885324954986572 0.0018551629036664963 0.9999727010726929 0.0071455915458500385 0.05640004202723503 0.04690871387720108 -0.007224759086966515 0.9988730549812317 36.692989349365234
0.9989040493965149 0.001292300526984036 -0.046785738319158554 -0.8296036720275879 -0.000942064041737467 0.9999714493751526 0.007507245987653732 0.061151135712862015 0.0467941015958786 -0.007454943843185902 0.9988767504692078 37.383941650390625
0.9989355206489563 0.003841947764158249 -0.0459686741232872 -0.8556159138679504 -0.003602691926062107 0.999979555606842 0.005286467261612415 0.064420185983181 0.0459880493581295 -0.005115228705108166 0.9989289045333862 38.056060791015625
0.9990110397338867 0.0054390085861086845 -0.04412936791777611 -0.8926304578781128 -0.005333742126822472 0.9999827146530151 0.0025027848314493895 0.0644131451845169 0.044142212718725204 -0.0022649350576102734 0.9990227222442627 38.69798278808594
0.9990830421447754 0.005916858557611704 -0.04240427911281586 -0.9155234098434448 -0.005915708374232054 0.999982476234436 0.00015262563829310238 0.076261505484581 0.04240443930029869 9.836586832534522e-05 0.9991005063056946 39.352783203125
0.9992228746414185 0.0068242293782532215 -0.03882294520735741 -0.9503094553947449 -0.006784127093851566 0.9999762773513794 0.0011646049097180367 0.07293963432312012 0.038829974830150604 -0.0009003198938444257 0.9992454051971436 39.99176025390625
0.9992759227752686 0.011687647551298141 -0.03620682656764984 -0.9748331904411316 -0.01155938021838665 0.9999261498451233 0.0037499526515603065 0.07511177659034729 0.03624797612428665 -0.0033287093974649906 0.9993371963500977 40.636322021484375
0.999349057674408 0.015882693231105804 -0.03238848224282265 -1.0019387006759644 -0.01565779559314251 0.9998515844345093 0.007185635156929493 0.07688229531049728 0.03249780088663101 -0.006673826370388269 0.9994495511054993 41.260406494140625
0.9993807077407837 0.02108301781117916 -0.028171995654702187 -1.0262340307235718 -0.020858684554696083 0.9997484683990479 0.008233253844082355 0.08041442185640335 0.028338490054011345 -0.007640523836016655 0.9995691180229187 41.8673095703125
0.9994425177574158 0.02456352300941944 -0.022611184045672417 -1.0497406721115112 -0.024374347180128098 0.9996658563613892 0.008604355156421661 0.08331003040075302 0.022814979776740074 -0.008048425428569317 0.9997072219848633 42.448829650878906
0.9994481205940247 0.028689643368124962 -0.016743335872888565 -1.0653902292251587 -0.028515085577964783 0.9995374083518982 0.010572602041065693 0.08545251935720444 0.017038913443684578 -0.0100893285125494 0.9998038411140442 43.02277755737305
0.999383807182312 0.03349795192480087 -0.010482488200068474 -1.0707368850708008 -0.03337534889578819 0.9993748068809509 0.011659813113510609 0.08807451277971268 0.010866517201066017 -0.011302772909402847 0.9998770952224731 43.587074279785156
0.9993118643760681 0.036923401057720184 -0.0035094842314720154 -1.0755659341812134 -0.0368809700012207 0.9992538094520569 0.011470423080027103 0.09002697467803955 0.003930393140763044 -0.011333098635077477 0.9999279975891113 44.12065124511719
0.999179482460022 0.04029681161046028 0.004058284219354391 -1.081860065460205 -0.040341030806303024 0.9991199970245361 0.011478619650006294 0.09139825403690338 -0.003592161228880286 -0.011632917448878288 0.999925971031189 44.623390197753906
0.9989491105079651 0.044462863355875015 0.011124888435006142 -1.0747944116592407 -0.044586312025785446 0.9989438056945801 0.011106010526418686 0.094124436378479 -0.0106193320825696 -0.01159035786986351 0.9998764991760254 45.1240234375
0.998654305934906 0.04824098199605942 0.019035086035728455 -1.0726268291473389 -0.048403188586235046 0.9987944960594177 0.00815445277839899 0.10093814134597778 -0.018618766218423843 -0.009064837358891964 0.9997856616973877 45.596187591552734
0.998354434967041 0.05060623958706856 0.02696974202990532 -1.062289834022522 -0.05076164752244949 0.9986977577209473 0.005108759272843599 0.10229775309562683 -0.026676084846258163 -0.006469381973147392 0.9996231198310852 46.0529899597168
0.9980930089950562 0.05104594677686691 0.03471038490533829 -1.0454643964767456 -0.05124210566282272 0.9986748695373535 0.004784599877893925 0.10547821968793869 -0.034420158714056015 -0.006554108113050461 0.9993859529495239 46.479164123535156
0.9978347420692444 0.05007774382829666 0.04263869300484657 -1.0212544202804565 -0.05038473755121231 0.9987109303474426 0.006155241280794144 0.10607335716485977 -0.04227548837661743 -0.008290251716971397 0.9990715384483337 46.87849426269531
0.9973447918891907 0.05224398151040077 0.05073463171720505 -0.9998721480369568 -0.05265587195754051 0.9985894560813904 0.006815205793827772 0.10981867462396622 -0.0503070093691349 -0.00946858525276184 0.9986889362335205 47.2715950012207
0.9966867566108704 0.055264927446842194 0.059675101190805435 -0.9876167178153992 -0.05579513683915138 0.9984158277511597 0.007254147902131081 0.10551061481237411 -0.059179674834012985 -0.010559692978858948 0.9981914758682251 47.6253776550293
0.995872974395752 0.06020866334438324 0.06791027635335922 -0.955914318561554 -0.06078067421913147 0.9981306791305542 0.006386658642441034 0.11011484265327454 -0.067398801445961 -0.01048793364316225 0.9976710081100464 47.95411682128906
0.9949659705162048 0.06390981376171112 0.07718955725431442 -0.9379087686538696 -0.06461575627326965 0.9978878498077393 0.0066800774075090885 0.10584916919469833 -0.0765995979309082 -0.01163411047309637 0.9969940781593323 48.251434326171875
0.9942436814308167 0.06309233605861664 0.08659539371728897 -0.9087530374526978 -0.06396707147359848 0.9979248046875 0.007361139170825481 0.10410821437835693 -0.08595126867294312 -0.012858021073043346 0.9962164163589478 48.535545349121094
0.9933542013168335 0.0618947297334671 0.09703866392374039 -0.8688703775405884 -0.06271371990442276 0.998016893863678 0.005409686826169491 0.10533713549375534 -0.09651140123605728 -0.011459391564130783 0.9952659606933594 48.814300537109375
0.9921993613243103 0.060493748635053635 0.10899936407804489 -0.835241973400116 -0.06097127124667168 0.9981389045715332 0.0010504616657271981 0.101066954433918 -0.10873297601938248 -0.00768809812143445 0.9940412640571594 49.07020568847656
0.9905939102172852 0.06153644621372223 0.12221712619066238 -0.7931442260742188 -0.061607226729393005 0.9980953335762024 -0.003203360829502344 0.10422930866479874 -0.1221814751625061 -0.004356227815151215 0.9924982190132141 49.33708953857422
0.9884596467018127 0.0630379319190979 0.1377454251050949 -0.7533844113349915 -0.06289801001548767 0.9980055093765259 -0.005372739862650633 0.10142361372709274 -0.1378093659877777 -0.003353176871314645 0.9904531240463257 49.598480224609375
0.9859574437141418 0.0649247020483017 0.15385936200618744 -0.7034862041473389 -0.06467244774103165 0.9978843927383423 -0.006649347022175789 0.09829135984182358 -0.15396559238433838 -0.0033944868482649326 0.9880703687667847 49.851253509521484
0.9831588864326477 0.06540022790431976 0.17064951360225677 -0.647674024105072 -0.06502952426671982 0.99785315990448 -0.007767107803374529 0.09621516615152359 -0.1707911491394043 -0.0034609546419233084 0.9853011965751648 50.11172103881836
0.9798758029937744 0.06434961408376694 0.18895107507705688 -0.5899837613105774 -0.06377404183149338 0.9979226589202881 -0.009130913764238358 0.09730184078216553 -0.18914611637592316 -0.0031030105892568827 0.9819440841674805 50.36573028564453
0.9759761691093445 0.06370121240615845 0.20835712552070618 -0.522188127040863 -0.06312952190637589 0.9979611039161682 -0.009399378672242165 0.09442009031772614 -0.20853105187416077 -0.003979914356023073 0.9780075550079346 50.608238220214844
0.9714863300323486 0.06379126757383347 0.22835256159305573 -0.44627872109413147 -0.06307794153690338 0.9979541301727295 -0.010428582318127155 0.08797936141490936 -0.22855065762996674 -0.004272784106433392 0.9735226035118103 50.84371566772461
0.9661755561828613 0.06596048921346664 0.24930700659751892 -0.37145164608955383 -0.06478775292634964 0.9978154897689819 -0.012916001491248608 0.0891885757446289 -0.24961432814598083 -0.0036729162093251944 0.9683383107185364 51.084259033203125
0.9599266648292542 0.06719586998224258 0.27207642793655396 -0.2866884469985962 -0.06556057929992676 0.9977342486381531 -0.015107087790966034 0.08790238946676254 -0.27247512340545654 -0.003335789777338505 0.9621570110321045 51.32848358154297
0.9526395201683044 0.06870042532682419 0.2962401807308197 -0.18945741653442383 -0.06694487482309341 0.9976270794868469 -0.016078408807516098 0.07535021007061005 -0.2966417670249939 -0.004514834377914667 0.9549781680107117 51.56288146972656
0.9440810084342957 0.07149054855108261 0.3218696713447571 -0.09129191935062408 -0.0697375163435936 0.9974207282066345 -0.016989145427942276 0.06852182000875473 -0.3222540318965912 -0.006407264620065689 0.9466315507888794 51.800201416015625
0.9343089461326599 0.07329834997653961 0.3488469123840332 0.0203041173517704 -0.07149238884449005 0.9972774982452393 -0.018067587167024612 0.059575922787189484 -0.34922152757644653 -0.008059189654886723 0.9370055794715881 52.03441619873047
0.9230263233184814 0.07412680238485336 0.37752845883369446 0.13455219566822052 -0.0721355527639389 0.9972054362297058 -0.01943337917327881 0.0524124801158905 -0.3779140114784241 -0.009295702911913395 0.9257940649986267 52.268733978271484
0.9104937314987183 0.07183470577001572 0.4072357714176178 0.282444030046463 -0.06900552660226822 0.9973812699317932 -0.02165204845368862 0.044453319162130356 -0.40772464871406555 -0.00838746502995491 0.9130663871765137 52.5118408203125
0.8954740762710571 0.06968065351247787 0.43962574005126953 0.4252404570579529 -0.06565497070550919 0.9975445866584778 -0.024378078058362007 0.03702707961201668 -0.4402449429035187 -0.007033676840364933 0.8978501558303833 52.73987579345703
0.8781728148460388 0.06868862360715866 0.4733862578868866 0.5814518332481384 -0.06265463680028915 0.9976274967193604 -0.028526529669761658 0.02638629637658596 -0.4742225706577301 -0.004608622286468744 0.8803929686546326 52.96082305908203
0.8586874008178711 0.07059987634420395 0.5076135396957397 0.7414130568504333 -0.06206287816166878 0.9975014925003052 -0.033747848123311996 0.02027801051735878 -0.5087279677391052 -0.002525105606764555 0.8609235882759094 53.17252731323242
0.8369078040122986 0.07255767285823822 0.5425132513046265 0.928678572177887 -0.061629768460989 0.997363269329071 -0.03831779956817627 0.011706346645951271 -0.54386305809021 -0.001366501790471375 0.8391728401184082 53.399356842041016
0.8122459053993225 0.07522422820329666 0.5784443616867065 1.1228818893432617 -0.062402669340372086 0.9971646666526794 -0.04205182567238808 0.001926506171002984 -0.5799677968025208 -0.0019400501623749733 0.8146371245384216 53.62574005126953
0.7847210168838501 0.0793362706899643 0.6147509813308716 1.3325610160827637 -0.0655265524983406 0.9968355298042297 -0.045002199709415436 -0.009523936547338963 -0.6163760423660278 -0.004968343768268824 0.787436306476593 53.85544967651367
0.7547435760498047 0.08379080146551132 0.6506466865539551 1.559570550918579 -0.06930259615182877 0.996443510055542 -0.0479324646294117 -0.02430996298789978 -0.652349054813385 -0.008914787322282791 0.7578663229942322 54.08619689941406
0.7216683626174927 0.08473711460828781 0.68703293800354 1.8190876245498657 -0.0688309371471405 0.9963449835777283 -0.050586048513650894 -0.04308116063475609 -0.6888083815574646 -0.010782768949866295 0.7248632311820984 54.32157897949219
0.6850011944770813 0.08227701485157013 0.7238810062408447 2.0966551303863525 -0.06527583301067352 0.9965375065803528 -0.05149756371974945 -0.06357786804437637 -0.7256117463111877 -0.011976051144301891 0.6880000829696655 54.54428482055664
0.6458569765090942 0.08065111190080643 0.7591863870620728 2.388793468475342 -0.06222773715853691 0.9966569542884827 -0.052939917892217636 -0.08671704679727554 -0.760918140411377 -0.013050840236246586 0.6487165689468384 54.750301361083984
0.6031875610351562 0.07998497039079666 0.7935786843299866 2.7214949131011963 -0.06012657284736633 0.9966878890991211 -0.054755061864852905 -0.10838600993156433 -0.7953298091888428 -0.014687595888972282 0.6059989333152771 54.97053146362305
0.5568413138389587 0.08015228062868118 0.8267425298690796 3.0804648399353027 -0.0568380244076252 0.9966771006584167 -0.05834486335515976 -0.1249520480632782 -0.8286718726158142 -0.014501577243208885 0.5595467686653137 55.18196487426758
0.5079859495162964 0.07878963649272919 0.8577543497085571 3.449033737182617 -0.05351712554693222 0.9967708587646484 -0.059864770621061325 -0.15087568759918213 -0.8597012162208557 -0.015494082123041153 0.5105622410774231 55.37519454956055
0.45975252985954285 0.07726465910673141 0.8846794962882996 3.8827919960021973 -0.05187423527240753 0.9968433976173401 -0.06010250374674797 -0.17013399302959442 -0.8865306973457336 -0.01825980469584465 0.462309330701828 55.560298919677734
0.4106394350528717 0.0749315693974495 0.9087136387825012 4.320199489593506 -0.050913888961076736 0.9969469308853149 -0.05919967591762543 -0.1913796365261078 -0.9103752374649048 -0.0219564288854599 0.4132007658481598 55.720943450927734
0.3600935935974121 0.07486701756715775 0.9299073219299316 4.779939651489258 -0.05413588881492615 0.9967718720436096 -0.05928695201873779 -0.21103858947753906 -0.9313441514968872 -0.028992505744099617 0.36298424005508423 55.885494232177734
0.3101215958595276 0.07548192143440247 0.9476956725120544 5.23444128036499 -0.05280695855617523 0.996671736240387 -0.06210235878825188 -0.2342572808265686 -0.9492291808128357 -0.030785642564296722 0.3130754232406616 56.01765060424805
0.2634059488773346 0.07197479158639908 0.9619963765144348 5.7164812088012695 -0.04136699065566063 0.997138261795044 -0.06327728927135468 -0.26624494791030884 -0.9637977480888367 -0.023127274587750435 0.26562952995300293 56.100135803222656
0.21950030326843262 0.06639709323644638 0.973350465297699 6.232903003692627 -0.02791465073823929 0.9977004528045654 -0.06176309287548065 -0.290069043636322 -0.9752129912376404 -0.013613714836537838 0.22084897756576538 56.172176361083984
0.17709991335868835 0.06521543860435486 0.9820298552513123 6.757756233215332 -0.01923936791718006 0.997840940952301 -0.06279579550027847 -0.3231429159641266 -0.9840048551559448 -0.007772501558065414 0.1779722273349762 56.23822021484375
0.1384207159280777 0.0667225643992424 0.98812335729599 7.276525497436523 -0.016020962968468666 0.9977483153343201 -0.06512819230556488 -0.34808728098869324 -0.9902439117431641 -0.006815596483647823 0.13917799293994904 56.289249420166016
0.10573556274175644 0.06744299829006195 0.9921045303344727 7.816719055175781 -0.007497687358409166 0.9977231621742249 -0.06702585518360138 -0.38305190205574036 -0.9943659901618958 -0.00035147316521033645 0.10600047558546066 56.31709671020508
0.07706481218338013 0.06567977368831635 0.9948604106903076 8.382121086120605 2.4619275791337714e-05 0.9978277683258057 -0.06587757170200348 -0.4182344079017639 -0.9970260262489319 0.005101334769278765 0.0768958032131195 56.33631896972656
0.05208274722099304 0.06394042074680328 0.9965936541557312 8.951282501220703 0.006705518811941147 0.9979032874107361 -0.06437487155199051 -0.4536014795303345 -0.9986202716827393 0.010035495273768902 0.05154477432370186 56.349876403808594
0.032039109617471695 0.0632358267903328 0.9974841475486755 9.509184837341309 0.011838671751320362 0.997902512550354 -0.06364260613918304 -0.47543075680732727 -0.9994165301322937 0.013847938738763332 0.031223278492689133 56.34367752075195
0.01630132459104061 0.0651925802230835 0.9977394938468933 10.098381042480469 0.014772247523069382 0.997747540473938 -0.06543444097042084 -0.5009502172470093 -0.9997580051422119 0.015805521979928017 0.015301566570997238 56.34086990356445
0.0027969612274318933 0.06486036628484726 0.9978904724121094 10.684572219848633 0.014998997561633587 0.9977793097496033 -0.06489519029855728 -0.5379475355148315 -0.9998836517333984 0.015148865059018135 0.0018179122125729918 56.33338928222656
-0.008477957919239998 0.06571461260318756 0.9978024959564209 11.294116973876953 0.016098661348223686 0.9977179169654846 -0.06557226926088333 -0.574334442615509 -0.9998344779014587 0.015507367439568043 -0.009516527876257896 56.317169189453125
-0.01781575195491314 0.06867272406816483 0.9974801540374756 11.938615798950195 0.021243991330266 0.9974393844604492 -0.06829047203063965 -0.6086972951889038 -0.9996155500411987 0.019973816350102425 -0.019229009747505188 56.306846618652344
-0.024249527603387833 0.07038358598947525 0.9972252249717712 12.560175895690918 0.02528858184814453 0.9972425103187561 -0.06976986676454544 -0.6467061042785645 -0.9993860125541687 0.023526521399617195 -0.02596255950629711 56.276580810546875
-0.028837915509939194 0.06983412802219391 0.9971416592597961 13.213390350341797 0.025336449965834618 0.9972870945930481 -0.06911157816648483 -0.6840123534202576 -0.9992629289627075 0.023270998150110245 -0.03052903153002262 56.26205062866211
-0.03258894383907318 0.06727389991283417 0.9972021579742432 13.87087345123291 0.023324092850089073 0.9975115656852722 -0.06653253734111786 -0.7130115628242493 -0.9991967082023621 0.021090608090162277 -0.03407695144414902 56.242374420166016
-0.03505013510584831 0.060292456299066544 0.9975653290748596 14.559371948242188 0.02128410153090954 0.9979971647262573 -0.05957074090838432 -0.7537080645561218 -0.9991588592529297 0.019144317135214806 -0.03626320883631706 56.223575592041016
-0.0363457091152668 0.05488492548465729 0.9978310465812683 15.248822212219238 0.022780312225222588 0.9982767701148987 -0.054079681634902954 -0.7865528464317322 -0.9990795850753784 0.020765341818332672 -0.03753336891531944 56.197792053222656
-0.036794185638427734 0.05200178176164627 0.9979689717292786 15.92400074005127 0.025143690407276154 0.9983771443367004 -0.05109603330492973 -0.8221834301948547 -0.999006450176239 0.02321258932352066 -0.03804199397563934 56.168731689453125
-0.03689952567219734 0.05442111939191818 0.9978359937667847 16.63456153869629 0.028362618759274483 0.9981708526611328 -0.053390536457300186 -0.8601434230804443 -0.9989164471626282 0.026331156492233276 -0.038375549018383026 56.147178649902344
-0.035513196140527725 0.06212473288178444 0.9974363446235657 17.34539031982422 0.029383664950728416 0.9976994395256042 -0.061094921082258224 -0.8858575820922852 -0.99893718957901 0.027138661593198776 -0.03725694119930267 56.11366271972656
-0.03378775715827942 0.07001236826181412 0.9969737529754639 18.051082611083984 0.03031511977314949 0.9971562027931213 -0.06899777799844742 -0.9265602827072144 -0.9989691376686096 0.0278921015560627 -0.03581409901380539 56.09287643432617
-0.031942758709192276 0.0706011950969696 0.9969930648803711 18.770282745361328 0.031235119327902794 0.9970853328704834 -0.06960700452327728 -0.9625996947288513 -0.9990015029907227 0.02891775779426098 -0.034054890275001526 56.078765869140625
-0.029696008190512657 0.06608474999666214 0.9973720908164978 19.508840560913086 0.03056713007390499 0.9974054098129272 -0.06517684459686279 -1.0068365335464478 -0.9990914463996887 0.028551310300827026 -0.0316389799118042 56.056610107421875
-0.026966378092765808 0.059902407228946686 0.9978399276733398 20.253883361816406 0.03008698672056198 0.9977993369102478 -0.0590868778526783 -1.046243667602539 -0.9991834163665771 0.028428636491298676 -0.02870931476354599 56.034461975097656
-0.02381635643541813 0.05829465389251709 0.998015284538269 20.999658584594727 0.02875414490699768 0.997925341129303 -0.05760321766138077 -1.0887091159820557 -0.9993026852607727 0.027325179427862167 -0.02544316090643406 56.01918029785156
-0.020869849249720573 0.06351454555988312 0.9977626204490662 21.747848510742188 0.03550488501787186 0.9973976016044617 -0.06274865567684174 -1.1439749002456665 -0.9991515874862671 0.034115906804800034 -0.023070616647601128 56.002647399902344
-0.01797812432050705 0.06913530081510544 0.9974453449249268 22.483076095581055 0.03718288615345955 0.9969626069068909 -0.06843166798353195 -1.1834094524383545 -0.9991467595100403 0.03585762158036232 -0.02049417234957218 55.99224090576172
-0.015471130609512329 0.06987259536981583 0.9974359273910522 23.22276496887207 0.030957240611314774 0.9971105456352234 -0.06936962157487869 -1.223862886428833 -0.9994010329246521 0.029804639518260956 -0.017589490860700607 55.99479293823242
-0.012086442671716213 0.06616999208927155 0.9977351427078247 23.985429763793945 0.0266727227717638 0.9974742531776428 -0.06582958251237869 -1.2697291374206543 -0.9995711445808411 0.0258166640996933 -0.013820849359035492 55.99491500854492
-0.007158924825489521 0.062489189207553864 0.9980199337005615 24.727136611938477 0.030863435938954353 0.9975838661193848 -0.062240492552518845 -1.3202617168426514 -0.9994979500770569 0.0303567536175251 -0.0090702585875988 55.9767951965332
-0.0033457488752901554 0.06337311863899231 0.9979843497276306 25.469711303710938 0.03541111946105957 0.9973714351654053 -0.06321548670530319 -1.369350552558899 -0.9993671774864197 0.035128239542245865 -0.005581067409366369 55.96670913696289
-0.0010593993356451392 0.06769268959760666 0.9977056980133057 26.201568603515625 0.03504583239555359 0.9970958232879639 -0.0676141008734703 -1.4157534837722778 -0.9993851184844971 0.03489379584789276 -0.003428670112043619 55.975379943847656
0.002795976586639881 0.06871546804904938 0.9976323246955872 26.965579986572266 0.031263284385204315 0.9971426129341125 -0.06876934319734573 -1.459195613861084 -0.9995072484016418 0.03138154372572899 0.0006397169199772179 55.982364654541016
0.006682523060590029 0.06809405237436295 0.997656524181366 27.71784019470215 0.030723964795470238 0.9971938133239746 -0.06826826184988022 -1.506070613861084 -0.9995055794715881 0.031108176335692406 0.004571651574224234 55.99061965942383
0.010484844446182251 0.06497244536876678 0.9978320002555847 28.461742401123047 0.034783508628606796 0.997259259223938 -0.06530064344406128 -1.5534793138504028 -0.9993398189544678 0.03539276868104935 0.008196137845516205 55.99352264404297
0.014199212193489075 0.06598824262619019 0.997719407081604 29.206892013549805 0.038668375462293625 0.9970372915267944 -0.0664934366941452 -1.595123052597046 -0.9991512298583984 0.039524342864751816 0.011605486273765564 55.99416732788086
0.017573215067386627 0.06625483930110931 0.9976481199264526 29.961965560913086 0.04251084476709366 0.9968502521514893 -0.06695067137479782 -1.6547284126281738 -0.9989414215087891 0.043587394058704376 0.014701317995786667 55.99979782104492
0.020485894754529 0.06624545156955719 0.997593104839325 30.71537208557129 0.04306161776185036 0.9968180060386658 -0.06707827001810074 -1.6990331411361694 -0.9988623261451721 0.04433212801814079 0.01756807416677475 56.015159606933594
0.02393648773431778 0.06466451287269592 0.9976199865341187 31.460920333862305 0.044409751892089844 0.996851921081543 -0.06568028032779694 -1.7477985620498657 -0.9987266063690186 0.04587620869278908 0.020989403128623962 56.03763961791992
0.0273557398468256 0.06348929554224014 0.9976076483726501 32.20280838012695 0.04678573086857796 0.9968060851097107 -0.06472121179103851 -1.7963546514511108 -0.9985302686691284 0.04844427853822708 0.02429797686636448 56.05795669555664
0.03036469779908657 0.06370826810598373 0.9975064992904663 32.95949172973633 0.04475635290145874 0.9968791007995605 -0.06503058969974518 -1.8469053506851196 -0.9985363483428955 0.04661937803030014 0.027418583631515503 56.07476043701172
0.0335153304040432 0.06557523459196091 0.9972846508026123 33.71288299560547 0.041670843958854675 0.9968858957290649 -0.06694941222667694 -1.8884855508804321 -0.9985690712928772 0.043801527470350266 0.030678384006023407 56.10727310180664
0.0365787111222744 0.06562694162130356 0.997173547744751 34.46903610229492 0.04359506070613861 0.9967867136001587 -0.06720064580440521 -1.9349308013916016 -0.9983794689178467 0.045929957181215286 0.033600158989429474 56.127925872802734
0.03869909048080444 0.06513567268848419 0.9971257448196411 35.22579574584961 0.041394997388124466 0.9969120621681213 -0.06672829389572144 -1.9840844869613647 -0.9983930587768555 0.04385833442211151 0.03588330000638962 56.17652893066406
0.04058503359556198 0.06594125181436539 0.9969978332519531 35.97290802001953 0.0393621027469635 0.9969399571418762 -0.06753973662853241 -2.023768186569214 -0.9984003901481628 0.041985027492046356 0.037865251302719116 56.219825744628906
0.04348152503371239 0.06559903919696808 0.9968982338905334 36.76475143432617 0.03683488443493843 0.9970582127571106 -0.0672161802649498 -2.0786993503570557 -0.9983749389648438 0.039643287658691406 0.040937282145023346 56.25764846801758
0.04711815342307091 0.0675371065735817 0.9966035485267639 37.529911041259766 0.035488080233335495 0.9969686269760132 -0.06923967599868774 -2.1253929138183594 -0.9982587695121765 0.03862999752163887 0.044578563421964645 56.29390335083008
0.04970575124025345 0.07122044265270233 0.9962213635444641 38.289817810058594 0.034212589263916016 0.9967474341392517 -0.07296507805585861 -2.1736905574798584 -0.9981777667999268 0.03771009296178818 0.047107450664043427 56.34541702270508
0.053179629147052765 0.07261788845062256 0.9959409832954407 39.058624267578125 0.03506054729223251 0.9966016411781311 -0.07453814148902893 -2.233139753341675 -0.9979692697525024 0.038882143795490265 0.050452880561351776 56.39027786254883
0.05592826381325722 0.07493940740823746 0.995618462562561 39.843177795410156 0.028705181553959846 0.9966463446617126 -0.07662927359342575 -2.285343885421753 -0.9980220794677734 0.03286514803767204 0.053589556366205215 56.45112228393555
0.058748360723257065 0.07449566572904587 0.9954893589019775 40.632572174072266 0.024434460327029228 0.9968056082725525 -0.07603614777326584 -2.3349461555480957 -0.9979737401008606 0.028791243210434914 0.05674042925238609 56.50362014770508
0.06271112710237503 0.07523193955421448 0.9951922297477722 41.40815734863281 0.02697281911969185 0.9966628551483154 -0.07704277336597443 -2.387295722961426 -0.9976671934127808 0.0316745787858963 0.060472626239061356 56.55339813232422
0.06636601686477661 0.07643800973892212 0.9948632121086121 42.175086975097656 0.025912204757332802 0.9965930581092834 -0.07829949259757996 -2.4427738189697266 -0.9974587559700012 0.030975528061389923 0.06415923684835434 56.60658264160156
0.06953298300504684 0.07722476124763489 0.994586169719696 42.960418701171875 0.021869447082281113 0.9966415166854858 -0.07891327887773514 -2.4979028701782227 -0.9973399043083191 0.02723812311887741 0.06761059910058975 56.683536529541016
0.07378114759922028 0.07510565221309662 0.9944422245025635 43.754417419433594 0.021065853536128998 0.9968201518058777 -0.07684819400310516 -2.553595542907715 -0.997052013874054 0.026618717238307 0.07196438312530518 56.74629211425781
0.07907047867774963 0.0748770460486412 0.9940529465675354 44.55803680419922 0.021313443779945374 0.9968201518058777 -0.07678081095218658 -2.622204303741455 -0.9966411590576172 0.02725779078900814 0.07722314447164536 56.79927062988281
0.08446040749549866 0.0784643217921257 0.9933326840400696 45.35408401489258 0.018195847049355507 0.9966069459915161 -0.08027011156082153 -2.678325653076172 -0.9962607026100159 0.02485417202115059 0.08274611085653305 56.872398376464844
0.089704230427742 0.08707665652036667 0.992154598236084 46.14484786987305 0.015892159193754196 0.9959186911582947 -0.08884388208389282 -2.741089344024658 -0.9958416819572449 0.02373715117573738 0.08795429021120071 56.96781921386719
0.09718681871891022 0.09190961718559265 0.9910133481025696 46.927520751953125 0.014973372220993042 0.9954792261123657 -0.09379219263792038 -2.800978660583496 -0.995153546333313 0.023954177275300026 0.09537125378847122 57.04793930053711
0.10460850596427917 0.09447222203016281 0.9900162220001221 47.70648956298828 0.009793763980269432 0.9953318238258362 -0.09601428359746933 -2.873312473297119 -0.9944652318954468 0.019739894196391106 0.10319492220878601 57.13686752319336
0.11168323457241058 0.09316588938236237 0.9893669486045837 48.51695251464844 0.006732816342264414 0.9955017566680908 -0.09450360387563705 -2.9363577365875244 -0.9937210083007812 0.01721569523215294 0.11055359244346619 57.2370719909668
0.11886513978242874 0.09185385704040527 0.9886526465415955 49.32636642456055 0.006648870185017586 0.9956158399581909 -0.09330018609762192 -3.0016136169433594 -0.9928880929946899 0.017663560807704926 0.11773329228162766 57.34716033935547
0.12651047110557556 0.08830374479293823 0.9880270957946777 50.153038024902344 0.006107482127845287 0.9959417581558228 -0.0897931158542633 -3.0718517303466797 -0.9919465184211731 0.01739412546157837 0.12545771896839142 57.457725524902344
0.13437381386756897 0.08238017559051514 0.9875004291534424 50.95742416381836 0.004227136727422476 0.9964815974235535 -0.08370461314916611 -3.1438746452331543 -0.9909217357635498 0.015422008000314236 0.13355283439159393 57.56745529174805
0.14192765951156616 0.07508286833763123 0.9870253205299377 51.769832611083984 0.0017315923469141126 0.9970988035202026 -0.07609813660383224 -3.203997850418091 -0.9898755550384521 0.01250955555588007 0.14138586819171906 57.68741226196289
0.14823919534683228 0.07233233004808426 0.9863027334213257 52.57593536376953 0.0009078931179828942 0.9973112344741821 -0.0732761025428772 -3.2759478092193604 -0.9889511466026306 0.011757850646972656 0.14777494966983795 57.832427978515625
0.15589465200901031 0.07419178634881973 0.9849835634231567 53.38939666748047 0.0013616059441119432 0.9971581101417542 -0.07532434165477753 -3.3325467109680176 -0.9877727627754211 0.013083817437291145 0.15535062551498413 57.9603271484375
