1.0 0.0 0.0 0.0 0.0 1.0 0.0 0.0 0.0 0.0 1.0 0.0
1.0 -6.648802809650078e-05 0.0001218690667883493 -0.014873076230287552 6.631216820096597e-05 0.9999989867210388 0.0014424410182982683 -0.01267093513160944 -0.00012196484749438241 -0.0014424328692257404 0.999998927116394 1.3156399726867676
0.9999985098838806 -0.0015909631038084626 -0.0006598095642402768 -0.010310641489923 0.0015921544982120395 0.9999970197677612 0.001809264998883009 -0.04054611176252365 0.0006569291581399739 -0.001810312969610095 0.999998152256012 2.6175804138183594
0.9999960064888 -0.0027679321356117725 -0.0006172214634716511 -0.015873344615101814 0.0027683887165039778 0.9999958872795105 0.0007400820613838732 -0.05569903552532196 0.0006151704001240432 -0.0007417877204716206 0.999999463558197 3.930420398712158
0.9999957084655762 -0.002913624979555607 -0.00045718607725575566 -0.02643030695617199 0.0029139791149646044 0.9999954104423523 0.000776047760155052 -0.07320791482925415 0.0004549228760879487 -0.0007773766410537064 0.9999995827674866 5.250722408294678
0.9999927282333374 -0.003745598252862692 -0.0006401660502888262 -0.024823268875479698 0.0037468024529516697 0.9999911785125732 0.0018898728303611279 -0.10151892900466919 0.000633081654086709 -0.0018922575982287526 0.9999979734420776 6.574007987976074
0.9999864101409912 -0.005186866503208876 -0.00047501077642664313 -0.030139267444610596 0.005188248120248318 0.9999820590019226 0.002955265808850527 -0.11611316353082657 0.000459673727164045 -0.0029576902743428946 0.9999955296516418 7.897271633148193
0.9999895095825195 -0.004561395850032568 -0.00041346275247633457 -0.04004078730940819 0.004562833346426487 0.9999833106994629 0.0035451834555715322 -0.13652214407920837 0.0003972848644480109 -0.003547032829374075 0.999993622303009 9.238777160644531
0.9999935626983643 -0.0035131308250129223 -0.0006459044525399804 -0.04910224676132202 0.0035141240805387497 0.9999926686286926 0.0015437055844813585 -0.15130090713500977 0.0006404764717444777 -0.0015459659043699503 0.9999985694885254 10.586348533630371
0.9999988675117493 -0.0012088569346815348 -0.0009025546605698764 -0.056437376886606216 0.0012086275964975357 0.9999993443489075 -0.000254527636570856 -0.17985571920871735 0.0009028616477735341 0.0002534363593440503 0.9999995827674866 11.918481826782227
0.9999969005584717 0.002407780848443508 -0.0005755643360316753 -0.07211914658546448 -0.002408405300229788 0.9999964237213135 -0.0010866402881219983 -0.20340228080749512 0.000572945864405483 0.0010880231857299805 0.9999992847442627 13.262362480163574
0.9999892115592957 0.004616296850144863 -0.00040849304059520364 -0.09341637790203094 -0.0046168128028512 0.9999885559082031 -0.0012720344820991158 -0.22262930870056152 0.00040261622052639723 0.0012739067897200584 0.9999991059303284 14.597471237182617
0.9999836087226868 0.0056961821392178535 -0.0004946814733557403 -0.09623198956251144 -0.005696391686797142 0.9999837279319763 -0.0004237107641529292 -0.24375022947788239 0.0004922598018310964 0.0004265217576175928 0.9999998807907104 15.955466270446777
0.9999940395355225 0.0034266712609678507 0.00032544322311878204 -0.11231159418821335 -0.0034274228382855654 0.9999913573265076 0.0023364645894616842 -0.26717594265937805 -0.0003174340818077326 -0.0023375663440674543 0.9999971985816956 17.30872344970703
0.9999995827674866 -0.0007876344607211649 0.0004375594144221395 -0.1145307719707489 0.0007857441087253392 0.9999904036521912 0.004302493762224913 -0.2877133786678314 -0.0004409440152812749 -0.00430214824154973 0.9999905824661255 18.66407585144043
0.9999956488609314 -0.0029333392158150673 0.0002816655905917287 -0.12145169824361801 0.002932832343503833 0.999994158744812 0.0017853087047114968 -0.2999945878982544 -0.0002869008167181164 -0.0017844745889306068 0.9999983310699463 20.006275177001953
0.99998939037323 -0.004594110883772373 9.87342864391394e-05 -0.12158914655447006 0.004594079218804836 0.9999893307685852 0.0003144016955047846 -0.33309873938560486 -0.00010017762542702258 -0.00031394476536661386 0.9999999403953552 21.374380111694336
0.9999980330467224 -0.0015751132741570473 0.0012067204806953669 -0.14441996812820435 0.0015769470483064651 0.999997615814209 -0.0015207366086542606 -0.3472084403038025 -0.0012043222086504102 0.0015226367395371199 0.9999980926513672 22.718502044677734
0.9999985694885254 0.0005664393538609147 0.0016053159488365054 -0.14508993923664093 -0.0005675017600879073 0.9999996423721313 0.000661396945361048 -0.36967337131500244 -0.0016049407422542572 -0.00066230702213943 0.9999985098838806 24.10302734375
0.9999973773956299 0.001243357895873487 0.001922109047882259 -0.14985021948814392 -0.001251683454029262 0.9999898076057434 0.00433623231947422 -0.39047953486442566 -0.0019166978308930993 -0.004338627681136131 0.9999887943267822 25.475383758544922
0.9999968409538269 -0.0008259059977717698 0.002369023859500885 -0.15043585002422333 0.000811181787867099 0.9999803900718689 0.006209531798958778 -0.4003737270832062 -0.0023741060867905617 -0.006207590457051992 0.9999779462814331 26.854045867919922
0.9999784231185913 -0.00629461882635951 0.0018398670945316553 -0.1359078586101532 0.006286100018769503 0.9999696612358093 0.004600032232701778 -0.424804151058197 -0.00186876708175987 -0.004588366951793432 0.9999877214431763 28.28230857849121
0.9999797940254211 -0.006062712054699659 0.0019073362927883863 -0.1383562982082367 0.0060584656894207 0.9999791383743286 0.002224580617621541 -0.4358823299407959 -0.0019207834266126156 -0.002212980529293418 0.9999956488609314 29.65767478942871
0.9999749064445496 -0.006515443325042725 0.002772977575659752 -0.14671511948108673 0.006516173016279936 0.9999786615371704 -0.0002538905246183276 -0.4599519670009613 -0.0027712644077837467 0.0002719533222261816 0.9999961256980896 31.034297943115234
0.9999885559082031 -0.003242651466280222 0.0035262221936136484 -0.161618173122406 0.0032456135377287865 0.9999943971633911 -0.0008344100206159055 -0.48366090655326843 -0.0035234964452683926 0.0008458452066406608 0.9999933838844299 32.410213470458984
0.999988853931427 -0.0025548965204507113 0.003963840659707785 -0.16745798289775848 0.0025666714645922184 0.9999922513961792 -0.002968286629766226 -0.5101478099822998 -0.0039562261663377285 0.002978426869958639 0.9999877214431763 33.78169631958008
0.9999904036521912 -0.0019499515183269978 0.003922753501683474 -0.16183191537857056 0.0019590549636632204 0.9999954104423523 -0.002318223239853978 -0.5339147448539734 -0.003918214235454798 0.002325885696336627 0.9999895691871643 35.17911148071289
0.9999897480010986 -0.0010076859034597874 0.004442312754690647 -0.18975825607776642 0.0010135401971638203 0.9999985694885254 -0.0013157358625903726 -0.5571832656860352 -0.004440981429070234 0.0013202247209846973 0.9999892115592957 36.5567512512207
0.9999916553497314 0.00041096392669714987 0.004073995631188154 -0.19407342374324799 -0.0004126322455704212 0.9999998211860657 0.0004087130364496261 -0.5797244906425476 -0.004073827061802149 -0.00041039043571799994 0.9999915957450867 37.95413589477539
0.9999870657920837 0.0028528948314487934 0.004214369226247072 -0.20276470482349396 -0.0028567109256982803 0.9999955296516418 0.000899693404790014 -0.6087149977684021 -0.004211782477796078 -0.0009117208537645638 0.999990701675415 39.358829498291016
0.9999758005142212 0.005277562420815229 0.004540478810667992 -0.21123270690441132 -0.005279656033962965 0.9999859929084778 0.00044929111027158797 -0.6282508969306946 -0.004538042936474085 -0.00047325241030193865 0.9999895691871643 40.75394821166992
0.9999632239341736 0.007355889305472374 0.0044092838652431965 -0.2176753133535385 -0.007359213661402464 0.9999725818634033 0.0007381378090940416 -0.6464462876319885 -0.0044037336483597755 -0.0007705593598075211 0.9999899864196777 42.17564392089844
0.9999608993530273 0.007850770838558674 0.004068062640726566 -0.21825112402439117 -0.00785340741276741 0.999968945980072 0.000632363255135715 -0.6655630469322205 -0.004062972031533718 -0.0006642866646870971 0.9999915361404419 43.57951736450195
0.9999681711196899 0.006995131261646748 0.003834078786894679 -0.2346133142709732 -0.006998740136623383 0.9999750256538391 0.0009287789580412209 -0.6948451399803162 -0.0038274861872196198 -0.0009555830620229244 0.9999921917915344 44.96990203857422
0.9999798536300659 0.005751630291342735 0.002688122447580099 -0.2270289659500122 -0.005753375589847565 0.9999832510948181 0.0006421724683605134 -0.7158963084220886 -0.0026843836531043053 -0.000657625263556838 0.9999961256980896 46.375282287597656
0.9999844431877136 0.005225996021181345 0.0019593797624111176 -0.23880243301391602 -0.005227634683251381 0.9999859929084778 0.0008319697808474302 -0.7361364364624023 -0.001955004408955574 -0.0008421996608376503 0.9999977350234985 47.77007293701172
0.9999856352806091 0.005298061296343803 0.0007636754307895899 -0.23881682753562927 -0.005299300886690617 0.9999846816062927 0.0016304366290569305 -0.7517194151878357 -0.0007550254813395441 -0.001634460175409913 0.9999983906745911 49.20160675048828
0.9999836087226868 0.005706489086151123 -0.00021017651306465268 -0.25290802121162415 -0.00570607790723443 0.9999818205833435 0.0019076860044151545 -0.7823385000228882 0.0002210588863817975 -0.0019064557272940874 0.999998152256012 50.60519790649414
0.9999831318855286 0.00557482335716486 -0.0016049746191129088 -0.2644879221916199 -0.005570906680077314 0.9999814629554749 0.0024345621932297945 -0.8000341057777405 0.0016185172135010362 -0.0024255800526589155 0.9999957084655762 52.02030563354492
0.9999797940254211 0.005841346457600594 -0.00250476342625916 -0.279675155878067 -0.005833240691572428 0.999977707862854 0.003231569193303585 -0.8220037817955017 0.002523584757000208 -0.0032168931793421507 0.9999915957450867 53.43586349487305
0.9999858140945435 0.0044214241206645966 -0.002949755871668458 -0.2922957241535187 -0.004409763030707836 0.9999824166297913 0.003948235884308815 -0.8375933766365051 0.002967161126434803 -0.003935172688215971 0.9999878406524658 54.875064849853516
0.9999902844429016 0.0022315816022455692 -0.0037961541675031185 -0.3009108304977417 -0.0022140585351735353 0.9999868273735046 0.0046140281483531 -0.8625977039337158 0.003806400578469038 -0.004605577792972326 0.9999821782112122 56.31340789794922
0.9999905824661255 -0.00016148178838193417 -0.004335956182330847 -0.3116641044616699 0.0001802005135687068 0.9999906420707703 0.00431715277954936 -0.8815248012542725 0.004335218574851751 -0.00431789318099618 0.9999813437461853 57.73500061035156
0.99998939037323 -0.0012794715585187078 -0.00442560575902462 -0.32455164194107056 0.0012988551752641797 0.9999895691871643 0.0043797907419502735 -0.901897668838501 0.004419955890625715 -0.004385491367429495 0.999980628490448 59.14234924316406
0.9999890923500061 -0.002478264505043626 -0.003969718236476183 -0.33424022793769836 0.0024977014400064945 0.9999849200248718 0.004898856859654188 -0.9163146018981934 0.00395751791074872 -0.0049087186343967915 0.9999801516532898 60.571044921875
0.9999886155128479 -0.003468190087005496 -0.0032645072788000107 -0.3482120931148529 0.0034867189824581146 0.9999777674674988 0.005687621422111988 -0.9383091330528259 0.003244709223508835 -0.005698939319700003 0.9999784827232361 61.99394607543945
0.999983549118042 -0.005106428638100624 -0.002622397383674979 -0.36646243929862976 0.005121386609971523 0.9999704957008362 0.0057291071861982346 -0.9620139002799988 0.002593065146356821 -0.005742442794144154 0.9999801516532898 63.39230728149414
0.9999786615371704 -0.006270336452871561 -0.0018023565644398332 -0.37402674555778503 0.00627864571288228 0.9999695420265198 0.004642105661332607 -0.9825931787490845 0.001773193827830255 -0.004653323907405138 0.9999875426292419 64.78475189208984
0.999977707862854 -0.006496258080005646 -0.0015393849462270737 -0.37148723006248474 0.0065029701218008995 0.9999691843986511 0.004395555704832077 -1.0028189420700073 0.001510782865807414 -0.004405467305332422 0.9999890923500061 66.20152282714844
0.9999890327453613 -0.004674951545894146 -0.0005776347825303674 -0.38823211193084717 0.004677330143749714 0.9999802112579346 0.004187914542853832 -1.0179804563522339 0.0005580451688729227 -0.004190569277852774 0.9999910593032837 67.59461212158203
0.9999988675117493 -0.0014958351384848356 -7.143693073885515e-05 -0.40483206510543823 0.0014962152345106006 0.9999827742576599 0.005664153024554253 -1.0389255285263062 6.296311767073348e-05 -0.005664254538714886 0.9999839663505554 68.987548828125
0.9999988675117493 0.0012774779461324215 0.000695449358318001 -0.40873008966445923 -0.0012822148855775595 0.9999756813049316 0.006853959057480097 -1.0544663667678833 -0.0006866765907034278 -0.0068548438139259815 0.9999762773513794 70.41594696044922
0.9999842047691345 0.0053651477210223675 0.0016671923222020268 -0.42508384585380554 -0.0053771198727190495 0.9999591112136841 0.007262052968144417 -1.0687490701675415 -0.0016281623393297195 -0.007270902395248413 0.9999722838401794 71.80789184570312
0.9999499917030334 0.00977394450455904 0.0021040563005954027 -0.44034290313720703 -0.00978806708008051 0.999928891658783 0.006809771992266178 -1.0848201513290405 -0.002037348225712776 -0.00683002732694149 0.9999746084213257 73.20433807373047
0.9999156594276428 0.012670404277741909 0.0028300276026129723 -0.45959794521331787 -0.012687033973634243 0.9999018907546997 0.005937738809734583 -1.0958061218261719 -0.002754516201093793 -0.005973143503069878 0.9999783635139465 74.5856704711914
0.9998986721038818 0.013872469775378704 0.0031795615795999765 -0.45325249433517456 -0.013892154209315777 0.9998839497566223 0.006255036219954491 -1.1185526847839355 -0.003092419356107712 -0.00629857461899519 0.9999753832817078 75.9623794555664
0.9998987317085266 0.013813215307891369 0.0034271772019565105 -0.4584643244743347 -0.013835587538778782 0.9998825788497925 0.006592263001948595 -1.13285231590271 -0.0033357145730406046 -0.0066390130668878555 0.9999723434448242 77.3751449584961
0.9998981356620789 0.013753070496022701 0.0038153554778546095 -0.4706539511680603 -0.01377554889768362 0.9998874664306641 0.005929354578256607 -1.1476833820343018 -0.003733379300683737 -0.0059813098050653934 0.9999751448631287 78.75509643554688
0.9999234080314636 0.01184149645268917 0.0035957670770585537 -0.47614526748657227 -0.01186032872647047 0.9999158382415771 0.00526190223172307 -1.168538212776184 -0.0035331561230123043 -0.005304146092385054 0.9999796748161316 80.11972045898438
0.9999316334724426 0.01128331758081913 0.003072648076340556 -0.4798242747783661 -0.011299865320324898 0.999921441078186 0.005422814283519983 -1.1869090795516968 -0.0030112199019640684 -0.005457163788378239 0.9999805688858032 81.49722290039062
0.9999355673789978 0.01103550847619772 0.002630645874887705 -0.4781542122364044 -0.011049187742173672 0.9999251961708069 0.005244069267064333 -1.2027053833007812 -0.0025725779123604298 -0.005272798240184784 0.9999827742576599 82.84577178955078
0.999947190284729 0.010106656700372696 0.0018625973025336862 -0.4798068106174469 -0.010115751065313816 0.999936580657959 0.004939938895404339 -1.2194929122924805 -0.001812553033232689 -0.004958519246429205 0.9999860525131226 84.20697021484375
0.9999438524246216 0.01050759106874466 0.0013801943277940154 -0.4989752173423767 -0.010514670982956886 0.9999310374259949 0.005226593464612961 -1.2310603857040405 -0.0013251800555735826 -0.005240811035037041 0.99998539686203 85.56025695800781
0.9999486804008484 0.010127125307917595 0.00018582218035589904 -0.4967959225177765 -0.010128052905201912 0.9999309778213501 0.005970718804746866 -1.2538578510284424 -0.00012534312554635108 -0.005972294602543116 0.9999821782112122 86.92575073242188
0.9999722242355347 0.007385117467492819 -0.0009903236059471965 -0.50604647397995 -0.007377900183200836 0.9999475479125977 0.007102704141288996 -1.2690246105194092 0.0010427258675917983 -0.007095200475305319 0.9999743103981018 88.32288360595703
0.9999818205833435 0.005612646695226431 -0.002191050909459591 -0.5083319544792175 -0.005595965776592493 0.9999558925628662 0.0075466022826731205 -1.2871278524398804 0.002233310602605343 -0.007534205447882414 0.9999691247940063 89.65855407714844
0.9999904036521912 0.003346256911754608 -0.002818816341459751 -0.5194383263587952 -0.0033238998148590326 0.9999633431434631 0.00789911299943924 -1.306834101676941 0.002845145296305418 -0.007889668457210064 0.9999648332595825 91.01595306396484
0.9999911189079285 0.001966040814295411 -0.003732123877853155 -0.5216871500015259 -0.0019388307118788362 0.9999715685844421 0.007280503399670124 -1.3255761861801147 0.0037463316693902016 -0.007273202296346426 0.999966561794281 92.3794937133789
0.9999920129776001 0.001001277705654502 -0.0038683211896568537 -0.5374571681022644 -0.0009745518327690661 0.9999756217002869 0.006904755253344774 -1.3402029275894165 0.003875140566378832 -0.0069009303115308285 0.9999686479568481 93.71476745605469
0.9999916553497314 0.0011854919139295816 -0.00394601421430707 -0.5546891093254089 -0.0011607721680775285 0.9999797344207764 0.006260918453335762 -1.357308030128479 0.003953356761485338 -0.006256284657865763 0.9999726414680481 95.06488800048828
0.9999918937683105 0.0011738071916624904 -0.0038505597040057182 -0.5737417340278625 -0.0011518235551193357 0.9999830722808838 0.005706442520022392 -1.3726493120193481 0.0038571928162127733 -0.005701960995793343 0.999976396560669 96.41680145263672
0.9999909400939941 0.0023810004349797964 -0.003520019818097353 -0.5923141241073608 -0.0023643982131034136 0.9999861121177673 0.004713065456598997 -1.3869882822036743 0.0035311926621943712 -0.004704699851572514 0.9999826550483704 97.75357818603516
0.9999881982803345 0.003824967658147216 -0.003002757206559181 -0.6189004182815552 -0.0038104343693703413 0.999981164932251 0.004830810707062483 -1.401394248008728 0.0030211785342544317 -0.004819312132894993 0.9999837875366211 99.0959701538086
0.9999886751174927 0.003699525725096464 -0.0029938658699393272 -0.6168562173843384 -0.003679600078612566 0.9999711513519287 0.00663386844098568 -1.4226925373077393 0.0030183219350874424 -0.006622776854783297 0.9999735355377197 100.4450912475586
0.9999833106994629 0.004816349595785141 -0.003197156125679612 -0.6362234354019165 -0.004790729843080044 0.9999566674232483 0.007973268628120422 -1.4373853206634521 0.0032354197464883327 -0.0079578198492527 0.9999631643295288 101.77290344238281
0.999986469745636 0.004304175265133381 -0.0029262821190059185 -0.6408019661903381 -0.00428513390943408 0.9999697804450989 0.0064821490086615086 -1.459324598312378 0.002954093972221017 -0.006469522602856159 0.9999747276306152 103.12687683105469
0.9999867677688599 0.004555166698992252 -0.0023841133806854486 -0.662179708480835 -0.004545625764876604 0.9999816417694092 0.003991845995187759 -1.4714452028274536 0.0024022532161325216 -0.003980955574661493 0.9999892115592957 104.44911193847656
0.9999885559082031 0.003674682229757309 -0.0030726520344614983 -0.6659407615661621 -0.0036660784389823675 0.9999893307685852 0.0028010434471070766 -1.492614984512329 0.0030829128809273243 -0.0027897467371076345 0.9999913573265076 105.78323364257812
0.9999945163726807 0.0010238171089440584 -0.003171762218698859 -0.6775414943695068 -0.0010099206119775772 0.9999898672103882 0.004379855934530497 -1.5141040086746216 0.0031762144062668085 -0.004376628436148167 0.9999854564666748 107.10830688476562
0.9999972581863403 -0.0006566595984622836 -0.002208759542554617 -0.7001441717147827 0.0006697119097225368 0.9999822974205017 0.005913828033953905 -1.5250804424285889 0.00220483704470098 -0.005915291141718626 0.9999800324440002 108.44292449951172
0.9999966621398926 -0.0020818740595132113 -0.0014990252675488591 -0.7097307443618774 0.002091439673677087 0.9999772906303406 0.006408244837075472 -1.5441851615905762 0.0014856501948088408 -0.006411358714103699 0.9999783039093018 109.77310180664062
0.9999955296516418 -0.0029463584069162607 -0.00047283447929657996 -0.720724880695343 0.0029486953280866146 0.9999830722808838 0.005020164884626865 -1.5593448877334595 0.00045803538523614407 -0.005021536722779274 0.9999872446060181 111.12679290771484
0.9999992847442627 -0.0011239472078159451 0.00030934519600123167 -0.7322458624839783 0.001122994115576148 0.999994695186615 0.0030638526659458876 -1.5795682668685913 -0.0003127871314063668 -0.003063503187149763 0.999995231628418 112.45230102539062
0.9999976754188538 0.0013666312443092465 0.0016200820682570338 -0.7474908828735352 -0.0013677647802978754 0.9999988079071045 0.0006986828520894051 -1.5993123054504395 -0.00161912536714226 -0.0007008971297182143 0.9999984502792358 113.77476501464844
0.9999865293502808 0.0042403023689985275 0.0029858173802495003 -0.7560116648674011 -0.00424285838380456 0.9999906420707703 0.0008501982083544135 -1.6194998025894165 -0.0029821840580552816 -0.0008628551149740815 0.999995231628418 115.09584045410156
0.9999740123748779 0.005487308371812105 0.004677701275795698 -0.7640154361724854 -0.00550028495490551 0.9999810457229614 0.0027659833431243896 -1.6412484645843506 -0.004662434104830027 -0.002791640115901828 0.9999852180480957 116.42682647705078
0.9999685883522034 0.0055303568951785564 0.005681225098669529 -0.7605676651000977 -0.005559098906815052 0.9999716877937317 0.0050557637587189674 -1.6584831476211548 -0.005653104279190302 -0.005087187513709068 0.9999710917472839 117.7586898803711
0.9999660849571228 0.004966569598764181 0.006570750847458839 -0.766652524471283 -0.005003545433282852 0.9999716281890869 0.005623010452836752 -1.677364468574524 -0.006542637478560209 -0.005655697546899319 0.9999626278877258 119.09513854980469
0.9999567866325378 0.005494899116456509 0.007499719969928265 -0.762373685836792 -0.005531960166990757 0.9999725818634033 0.004929900635033846 -1.6909648180007935 -0.0074724238365888596 -0.004971176385879517 0.9999597668647766 120.43968200683594
0.9999330043792725 0.0070841084234416485 0.009154324419796467 -0.7688343524932861 -0.007128689903765917 0.9999628663063049 0.00484648160636425 -1.7133231163024902 -0.009119651280343533 -0.004911415278911591 0.9999463558197021 121.75769805908203
0.9999036192893982 0.009024419821798801 0.010558050125837326 -0.765280544757843 -0.00907169934362173 0.9999489784240723 0.004438729956746101 -1.7248101234436035 -0.010517456568777561 -0.004534081090241671 0.9999344348907471 123.1117935180664
0.9998906254768372 0.00943627767264843 0.011397556401789188 -0.7606374621391296 -0.009476558305323124 0.999949038028717 0.003485301975160837 -1.7416245937347412 -0.011364088393747807 -0.003592930268496275 0.9999289512634277 124.47432708740234
0.9998605251312256 0.010803546756505966 0.012734005227684975 -0.7582184672355652 -0.01083344966173172 0.9999387860298157 0.0022816997952759266 -1.7521371841430664 -0.012708574533462524 -0.0024193350691348314 0.9999163150787354 125.82553100585938
0.9998642802238464 0.009532704949378967 0.01343165896832943 -0.7476532459259033 -0.009564638137817383 0.9999515414237976 0.002315204357728362 -1.7721866369247437 -0.013408937491476536 -0.0024433592334389687 0.9999071359634399 127.17253875732422
0.9998522996902466 0.009341479279100895 0.014419084414839745 -0.7383077144622803 -0.009388861246407032 0.9999507069587708 0.003221933264285326 -1.786112666130066 -0.01438827533274889 -0.0033568365033715963 0.999890923500061 128.52293395996094
0.999854564666748 0.007602660916745663 0.015263404697179794 -0.732203483581543 -0.007669313345104456 0.9999613165855408 0.004313006531447172 -1.806899905204773 -0.015230023302137852 -0.004429440479725599 0.9998742341995239 129.88287353515625
0.9998490214347839 0.0070828041061758995 0.01586645282804966 -0.717246949672699 -0.007154097314924002 0.9999645352363586 0.0044410680420696735 -1.8198553323745728 -0.01583443582057953 -0.0045539080165326595 0.9998642802238464 131.2358856201172
0.9998562932014465 0.005107771139591932 0.016165120527148247 -0.7067973017692566 -0.00518488185480237 0.999975323677063 0.004731824155896902 -1.8378244638442993 -0.01614055410027504 -0.004814958665519953 0.9998582005500793 132.5741424560547
0.9998641610145569 0.0035556689836084843 0.01609564945101738 -0.7074010968208313 -0.003640212584286928 0.9999797344207764 0.005226359236985445 -1.855460524559021 -0.016076743602752686 -0.00528424046933651 0.9998567700386047 133.9209442138672
0.9998759031295776 0.0019991565495729446 0.015627894550561905 -0.6943092942237854 -0.0020763250067830086 0.9999856948852539 0.004923191852867603 -1.8713167905807495 -0.015617833472788334 -0.0049550291150808334 0.999865710735321 135.2738037109375
0.9999010562896729 0.0007464113878086209 0.01404610276222229 -0.679364025592804 -0.0008107746252790093 0.9999892115592957 0.004577151499688625 -1.884830117225647 -0.014042534865438938 -0.004588086623698473 0.9998908638954163 136.6046600341797
0.9999148845672607 -0.00030747128766961396 0.013044096529483795 -0.6669142246246338 0.0002383427054155618 0.9999858736991882 0.005300828721374273 -1.8976742029190063 -0.013045544736087322 -0.005297268740832806 0.9999008774757385 137.96168518066406
0.99992436170578 -0.002315562916919589 0.0120796924456954 -0.6581588387489319 0.0022436752915382385 0.9999796748161316 0.00596130546182394 -1.9248038530349731 -0.012093249708414078 -0.005933751817792654 0.9999092221260071 139.28294372558594
0.9999370574951172 -0.002766714198514819 0.010875692591071129 -0.6560893654823303 0.0027033172082155943 0.9999793171882629 0.005839624907821417 -1.937455415725708 -0.010891624726355076 -0.005809856113046408 0.9999237656593323 140.6088104248047
0.9999493956565857 -0.003004925325512886 0.009601044468581676 -0.6440120339393616 0.002953042509034276 0.9999809861183167 0.005413480568677187 -1.9576072692871094 -0.009617128409445286 -0.005384854972362518 0.9999392032623291 141.9608154296875
0.9999578595161438 -0.003099126275628805 0.008649341762065887 -0.6453279852867126 0.003055879380553961 0.9999827146530151 0.005008801817893982 -1.9733182191848755 -0.00866471603512764 -0.004982159473001957 0.9999499917030334 143.294921875
0.9999555945396423 -0.005411295220255852 0.007716536521911621 -0.6310719847679138 0.005391922313719988 0.9999822378158569 0.0025291338097304106 -1.9931180477142334 -0.007730084005743265 -0.0024874149821698666 0.9999670386314392 144.632568359375
0.9999175071716309 -0.010801934637129307 0.006949939299374819 -0.6272376775741577 0.010788671672344208 0.9999399185180664 0.0019430636893957853 -2.009829044342041 -0.0069705103524029255 -0.0018679227214306593 0.9999739527702332 145.98114013671875
0.9998152256011963 -0.018242474645376205 0.006060230080038309 -0.6179115772247314 0.018214602023363113 0.9998235106468201 0.004623161628842354 -2.0346710681915283 -0.006143498700112104 -0.004511923063546419 0.9999709725379944 147.31619262695312
0.9996815919876099 -0.024837899953126907 0.004441919736564159 -0.6070519685745239 0.02481137029826641 0.9996745586395264 0.005930630024522543 -2.0481605529785156 -0.0045877788215875626 -0.005818530917167664 0.9999725818634033 148.65040588378906
0.9995959401130676 -0.02826714888215065 0.002961458871141076 -0.5887789726257324 0.028259817510843277 0.9995975494384766 0.002487974939867854 -2.0656778812408447 -0.003030594438314438 -0.002403279533609748 0.9999926090240479 149.99771118164062
0.9996094703674316 -0.027677062898874283 0.0038630713243037462 -0.599158763885498 0.02767847664654255 0.9996169209480286 -0.0003147476527374238 -2.0914082527160645 -0.0038528796285390854 0.000421548611484468 0.9999924898147583 151.3238983154297
0.9996906518936157 -0.024395307525992393 0.004837397951632738 -0.6051651239395142 0.024406056851148605 0.9996997117996216 -0.0021762121468782425 -2.1181721687316895 -0.004782855976372957 0.002293600467965007 0.9999858736991882 152.64723205566406
0.9996920228004456 -0.02413887530565262 0.005758100189268589 -0.6032402515411377 0.02415338158607483 0.9997052550315857 -0.002463189186528325 -2.1371705532073975 -0.005696944426745176 0.002601507818326354 0.9999803304672241 154.0150146484375
0.9996026754379272 -0.027473334223031998 0.0062974970787763596 -0.600107729434967 0.02746925689280033 0.9996224641799927 0.0007329517975449562 -2.158320426940918 -0.006315256003290415 -0.000559672771487385 0.9999798536300659 155.35946655273438
0.999441921710968 -0.03272348269820213 0.006697321310639381 -0.5858167409896851 0.03269951045513153 0.9994585514068604 0.0036577938590198755 -2.1827635765075684 -0.006813390180468559 -0.003436753526329994 0.9999708533287048 156.7081756591797
0.9993062019348145 -0.036661263555288315 0.006565138231962919 -0.5763793587684631 0.03662758320569992 0.9993155598640442 0.005179391708225012 -2.201064109802246 -0.006750528234988451 -0.004935333039611578 0.9999650120735168 158.04049682617188
0.9992615580558777 -0.03784182667732239 0.006662068422883749 -0.5658400058746338 0.03781020641326904 0.9992733597755432 0.004810051526874304 -2.2184407711029053 -0.006839248351752758 -0.004554605111479759 0.9999662637710571 159.38919067382812
0.9993159770965576 -0.036150407046079636 0.007785050198435783 -0.5689281821250916 0.036107197403907776 0.9993321299552917 0.005620989482849836 -2.2353787422180176 -0.007983051240444183 -0.005336049012839794 0.9999539256095886 160.72389221191406
0.9994571805000305 -0.03193089738488197 0.008106935769319534 -0.5446653366088867 0.031895339488983154 0.9994811415672302 0.004478784278035164 -2.2514102458953857 -0.00824573915451765 -0.004217779263854027 0.9999571442604065 162.1041259765625
0.9995450973510742 -0.028400694951415062 0.010146602988243103 -0.5703626275062561 0.028374558314681053 0.9995936751365662 0.002710635308176279 -2.27201247215271 -0.01021946407854557 -0.002421497367322445 0.9999448657035828 163.4163055419922
0.9996151924133301 -0.025512628257274628 0.010886354371905327 -0.5604984164237976 0.025491395965218544 0.9996727705001831 0.0020850065629929304 -2.289569616317749 -0.01093598734587431 -0.001806696061976254 0.9999386072158813 164.76939392089844
0.9996619820594788 -0.023212958127260208 0.011710329912602901 -0.5676199793815613 0.02317468822002411 0.9997256994247437 0.0033932242076843977 -2.310642719268799 -0.011785884387791157 -0.0031206938438117504 0.9999256730079651 166.11041259765625
0.9997096657752991 -0.021501529961824417 0.010880106128752232 -0.5459391474723816 0.02147144451737404 0.9997653961181641 0.0028744840528815985 -2.331827402114868 -0.010939359664916992 -0.0026400373317301273 0.9999366998672485 167.4824981689453
0.9997633695602417 -0.01897575519979 0.010634638369083405 -0.5369569659233093 0.01897413842380047 0.9998199343681335 0.00025291775818914175 -2.345123291015625 -0.010637522675096989 -5.1074825023533776e-05 0.9999434351921082 168.85269165039062
0.9998300671577454 -0.015147300437092781 0.010508603416383266 -0.5388419032096863 0.015174636617302895 0.9998816847801208 -0.0025262320414185524 -2.3669309616088867 -0.010469095781445503 0.002685267012566328 0.9999415874481201 170.20413208007812
0.9999001026153564 -0.009557872079312801 0.010414077900350094 -0.5354098081588745 0.009597612544894218 0.9999468326568604 -0.0037727102171629667 -2.3931338787078857 -0.010377462953329086 0.003872283734381199 0.9999386072158813 171.56707763671875
0.9999280571937561 -0.005258276127278805 0.010791275650262833 -0.5352736115455627 0.005286050960421562 0.9999827742576599 -0.0025469243992120028 -2.4185407161712646 -0.010777697898447514 0.002603784203529358 0.9999384880065918 172.9349822998047
0.9999330639839172 -0.0020815986208617687 0.011375916190445423 -0.5318480730056763 0.0020898180082440376 0.9999975562095642 -0.0007107281708158553 -2.4419519901275635 -0.01137440837919712 0.0007344542536884546 0.9999350309371948 174.29913330078125
0.9999338984489441 -0.0008467687875963748 0.011464654467999935 -0.5268911719322205 0.0008336189785040915 0.9999989867210388 0.0011516903759911656 -2.4587714672088623 -0.011465618386864662 -0.0011420570081099868 0.9999335408210754 175.67605590820312
0.999931812286377 -0.004575160797685385 0.010744605213403702 -0.5254189372062683 0.004548700526356697 0.9999865889549255 0.0024858065880835056 -2.48313307762146 -0.01075583416968584 -0.0024367631413042545 0.9999392032623291 177.03282165527344
0.9999452233314514 -0.005860427860170603 0.008673545904457569 -0.5099509954452515 0.005841319914907217 0.9999805092811584 0.0022266805171966553 -2.4947316646575928 -0.008686425164341927 -0.002175893634557724 0.9999599456787109 178.4226837158203
0.9999507665634155 -0.006721841171383858 0.007288751658052206 -0.5159157514572144 0.00673340167850256 0.9999760985374451 -0.0015627614920958877 -2.526411533355713 -0.007278072647750378 0.001611762447282672 0.9999722242355347 179.7952423095703
0.9999707341194153 -0.005297933705151081 0.005505898967385292 -0.5064722299575806 0.005330156534910202 0.9999686479568481 -0.005854347720742226 -2.5504655838012695 -0.005474710371345282 0.005883524194359779 0.9999676942825317 181.1903533935547
0.9999879002571106 -0.0002793774183373898 0.0049041989259421825 -0.5153651833534241 0.0003106472722720355 0.9999796152114868 -0.006376530043780804 -2.583184242248535 -0.004902317188680172 0.0063779763877391815 0.999967634677887 182.5933074951172
0.9999831318855286 0.0032424042001366615 0.004824887495487928 -0.5220029354095459 -0.0032164244912564754 0.9999802708625793 -0.00538252480328083 -2.6137213706970215 -0.004842245485633612 0.005366915836930275 0.9999738335609436 183.9823760986328
0.9999719262123108 0.005430702120065689 0.005187517497688532 -0.5327444672584534 -0.0054208626970648766 0.9999834895133972 -0.00190899264998734 -2.6438493728637695 -0.005197799298912287 0.0018808180466294289 0.9999847412109375 185.3653564453125
0.9999669194221497 0.006060386076569557 0.005422668997198343 -0.5318684577941895 -0.00606148736551404 0.999981701374054 0.00018688055570237339 -2.6677134037017822 -0.005421437788754702 -0.00021974381525069475 0.9999852776527405 186.75909423828125
0.9999699592590332 0.0054285963997244835 0.005533055402338505 -0.5311889052391052 -0.005433937534689903 0.9999848008155823 0.0009508786606602371 -2.6839003562927246 -0.005527809262275696 -0.0009809165494516492 0.9999842643737793 188.17965698242188
0.9999788999557495 0.0034839340951293707 0.005491467192769051 -0.5308727025985718 -0.003491644747555256 0.9999929666519165 0.001395156141370535 -2.700510263442993 -0.0054865675047039986 -0.0014143009902909398 0.9999839663505554 189.60011291503906
0.9999825954437256 0.0013211843324825168 0.005747064016759396 -0.5309351086616516 -0.0013326341286301613 0.999997079372406 0.0019889024551957846 -2.72446608543396 -0.005744420923292637 -0.001996526261791587 0.9999815225601196 191.0384521484375
0.9999793767929077 -0.0011252592084929347 0.006313340272754431 -0.5344794392585754 0.0011114013614133 0.9999970197677612 0.002198119880631566 -2.746307611465454 -0.006315795239061117 -0.0021910578943789005 0.9999776482582092 192.473876953125
0.999966561794281 -0.00501930620521307 0.006460470613092184 -0.5275108814239502 0.004997291602194309 0.9999816417694092 0.0034190737642347813 -2.7704477310180664 -0.00647751335054636 -0.003386673517525196 0.9999732971191406 193.8844757080078
0.9999308586120605 -0.00924907810986042 0.0072617484256625175 -0.5202503800392151 0.00921179261058569 0.999944269657135 0.005151367746293545 -2.7904791831970215 -0.007308989763259888 -0.005084117408841848 0.9999603629112244 195.30873107910156
0.9998950362205505 -0.01251228991895914 0.0073008351027965546 -0.5046603083610535 0.0124749094247818 0.999908983707428 0.005142985377460718 -2.810037851333618 -0.00736452080309391 -0.005051370244473219 0.9999601244926453 196.77496337890625
0.9999198317527771 -0.010187411680817604 0.00752266775816679 -0.49879443645477295 0.010183211416006088 0.9999479055404663 0.0005966363823972642 -2.825789213180542 -0.007528354413807392 -0.0005199835868552327 0.9999715089797974 198.2166748046875
0.9999645948410034 -0.0031548270490020514 0.007809871342033148 -0.4970032274723053 0.0031885795760899782 0.9999856352806091 -0.0043129767291247845 -2.846928834915161 -0.0077961515635252 0.004337726626545191 0.9999602437019348 199.64083862304688
0.9999369382858276 0.00636664591729641 0.009253652766346931 -0.5104659795761108 -0.006323829758912325 0.9999691843986511 -0.0046488749794662 -2.872236728668213 -0.009282965213060379 0.004590064287185669 0.9999463558197021 201.091796875
0.9998490214347839 0.013925360515713692 0.010398340411484241 -0.522413432598114 -0.013915733434259892 0.9999026656150818 -0.0009976212168112397 -2.8963828086853027 -0.010411220602691174 0.0008527701138518751 0.9999454021453857 202.51998901367188
0.9998253583908081 0.01473174523562193 0.011507438495755196 -0.5250609517097473 -0.014750778675079346 0.9998899698257446 0.0015705336118116975 -2.9285645484924316 -0.01148303598165512 -0.0017400030046701431 0.9999325275421143 203.93858337402344
0.9998576045036316 0.012767788954079151 0.011036266572773457 -0.5114194750785828 -0.012789882719516754 0.9999163746833801 0.0019337001722306013 -2.9446115493774414 -0.011010655201971531 -0.0020745773799717426 0.9999371767044067 205.38912963867188
0.9999033212661743 0.009679540060460567 0.00998296681791544 -0.5038918852806091 -0.009699570015072823 0.9999510645866394 0.0019599986262619495 -2.9669511318206787 -0.00996350683271885 -0.002056639874354005 0.9999482035636902 206.83355712890625
0.9999253153800964 0.007829448208212852 0.009388136677443981 -0.5015249252319336 -0.007842366583645344 0.9999684691429138 0.0013401865726336837 -2.9847497940063477 -0.00937734730541706 -0.00141371157951653 0.9999549984931946 208.28567504882812
0.9999282956123352 0.008291301317512989 0.008643591776490211 -0.483366996049881 -0.008297421969473362 0.9999653100967407 0.000672440102789551 -3.0052313804626465 -0.008637716993689537 -0.0007441116031259298 0.9999623894691467 209.7779998779297
0.9999148845672607 0.009758717380464077 0.00866730883717537 -0.48360735177993774 -0.009766937233507633 0.9999518394470215 0.0009067007340490818 -3.0262370109558105 -0.00865804310888052 -0.0009912766981869936 0.9999620318412781 211.24476623535156
0.9999100565910339 0.010417221114039421 0.008450029417872429 -0.4855068325996399 -0.010435477830469608 0.9999433159828186 0.0021193644497543573 -3.0537400245666504 -0.008427471853792667 -0.0022073539439588785 0.9999620914459229 212.6912384033203
0.999912440776825 0.010399973019957542 0.008176826871931553 -0.473275750875473 -0.01041165366768837 0.999944806098938 0.0013872524723410606 -3.074220895767212 -0.00816194899380207 -0.001472265226766467 0.9999656081199646 214.19393920898438
0.9999200105667114 0.009837636724114418 0.007953768596053123 -0.4664734899997711 -0.009840317070484161 0.9999515414237976 0.0002978714182972908 -3.1001977920532227 -0.007950452156364918 -0.00037611526204273105 0.9999683499336243 215.66775512695312
0.999934196472168 0.008857390843331814 0.00728971092030406 -0.45594316720962524 -0.00885830819606781 0.9999607801437378 9.32796610868536e-05 -3.118140697479248 -0.007288598455488682 -0.00015784802963025868 0.9999734163284302 217.15213012695312
0.999932050704956 0.009350345470011234 0.00696564419195056 -0.45684340596199036 -0.009350157342851162 0.9999563097953796 -5.940404662396759e-05 -3.1397783756256104 -0.006965894252061844 -5.72985345570487e-06 0.9999757409095764 218.62318420410156
0.9999310970306396 0.009560668841004372 0.006829241290688515 -0.4586644470691681 -0.009559734724462032 0.9999542832374573 -0.00016924600640777498 -3.1631722450256348 -0.0068305479362607 0.0001039485796354711 0.9999766945838928 220.1045379638672
0.999934732913971 0.00959405954927206 0.006216271780431271 -0.4529404044151306 -0.009591003879904747 0.9999539256095886 -0.0005209764349274337 -3.187173366546631 -0.006220983806997538 0.00046132210991345346 0.9999805688858032 221.59144592285156
0.9999288320541382 0.010287654586136341 0.006045848596841097 -0.4564357101917267 -0.010285348631441593 0.9999470114707947 -0.0004127428401261568 -3.2155849933624268 -0.006049775052815676 0.0003505298518575728 0.9999816417694092 223.04283142089844
