1.0 0.0 0.0 0.0 0.0 1.0 0.0 0.0 0.0 0.0 1.0 0.0
1.0 -5.0762289902195334e-05 0.00011743820505216718 -0.014596328139305115 5.059310205979273e-05 0.9999989867210388 0.0014402242377400398 -0.012577925808727741 -0.00011751119018299505 -0.0014402183005586267 0.999998927116394 1.3157157897949219
0.9999983906745911 -0.0015913384268060327 -0.0007751845405437052 -0.006500965915620327 0.0015926645137369633 0.9999971985816956 0.0017132563516497612 -0.03798588737845421 0.0007724559982307255 -0.001714488142170012 0.9999982118606567 2.62247896194458
0.9999956488609314 -0.0028251162730157375 -0.0007717873086221516 -0.012620523571968079 0.002825613832101226 0.999995768070221 0.0006444971659220755 -0.053397830575704575 0.0007699632551521063 -0.0006466751801781356 0.9999995231628418 3.9315667152404785
0.9999951720237732 -0.0030379167292267084 -0.0006121218902990222 -0.023130688816308975 0.003038336057215929 0.999995231628418 0.0006854814710095525 -0.07064708322286606 0.0006100366008467972 -0.0006873380043543875 0.9999996423721313 5.258114337921143
0.9999929666519165 -0.0036645398940891027 -0.0007822011830285192 -0.020687229931354523 0.0036658290773630142 0.9999918341636658 0.0016534761525690556 -0.09598874300718307 0.0007761357119306922 -0.001656332053244114 0.9999982714653015 6.578451156616211
0.9999866485595703 -0.005143587477505207 -0.0004865424707531929 -0.028057761490345 0.005144807044416666 0.9999834895133972 0.0025407839566469193 -0.10867118835449219 0.0004734657413791865 -0.002543253591284156 0.9999966621398926 7.904486656188965
0.999988853931427 -0.004688303451985121 -0.0005445166025310755 -0.03592189773917198 0.004690127447247505 0.9999831914901733 0.0034003143664449453 -0.13321013748645782 0.0005285657825879753 -0.0034028305672109127 0.9999940991401672 9.241066932678223
0.9999934434890747 -0.0035423648077994585 -0.0007208159076981246 -0.047058988362550735 0.0035433615557849407 0.9999927282333374 0.0013866312801837921 -0.14815476536750793 0.0007158988155424595 -0.0013891770504415035 0.9999988079071045 10.58591079711914
0.9999984502792358 -0.0014146271860226989 -0.0010939603671431541 -0.04894468933343887 0.0014142364962026477 0.9999988675117493 -0.00035787164233624935 -0.17279058694839478 0.0010944654932245612 0.0003563237842172384 0.9999993443489075 11.941279411315918
0.9999972581863403 0.002249893732368946 -0.0006371133495122194 -0.07038921862840652 -0.002250771736726165 0.999996542930603 -0.0013808629009872675 -0.19970348477363586 0.0006340043619275093 0.0013822931796312332 0.9999988675117493 13.25549602508545
0.9999886751174927 0.004686849657446146 -0.0008689874084666371 -0.08051271736621857 -0.004688159562647343 0.9999879598617554 -0.0015119326999410987 -0.22209331393241882 0.0008618906140327454 0.0015159894246608019 0.9999984502792358 14.595948219299316
0.9999848008155823 0.0054989708587527275 -0.0004678665427491069 -0.09252160787582397 -0.0054991645738482475 0.9999848008155823 -0.00041306359344162047 -0.2472674399614334 0.00046558791655115783 0.0004156300856266171 0.9999997615814209 15.942538261413574
0.9999952912330627 0.003064848715439439 -0.000231813988648355 -0.09666723012924194 -0.0030642887577414513 0.9999924302101135 0.0023792814463377 -0.26649826765060425 0.0002391043381066993 -0.0023785599041730165 0.9999971389770508 17.29494285583496
0.9999993443489075 -0.0011939220130443573 -0.0002478826208971441 -0.09046643227338791 0.0011949815088883042 0.9999899864196777 0.0043188720010221004 -0.29038769006729126 0.00024272366135846823 -0.00431916443631053 0.999990701675415 18.66445541381836
0.9999935626983643 -0.0035768477246165276 -0.00019612938922364265 -0.09684033691883087 0.0035771913826465607 0.9999920129776001 0.0017785775708034635 -0.3026871681213379 0.00018976611318066716 -0.0017792677972465754 0.9999983906745911 19.9966983795166
0.9999902844429016 -0.004395883064717054 -7.058923074509948e-05 -0.11073470860719681 0.004395886790007353 0.9999903440475464 5.020212847739458e-05 -0.32172033190727234 7.036783790681511e-05 -5.0511909648776054e-05 1.0 21.34078025817871
0.9999974966049194 -0.001954826293513179 0.001043274300172925 -0.1269497275352478 0.0019563206005841494 0.9999970197677612 -0.0014334124280139804 -0.3464045524597168 -0.0010404691565781832 0.0014354498125612736 0.9999984502792358 22.691802978515625
0.9999986290931702 0.0009221405489370227 0.0013708395417779684 -0.1255728304386139 -0.0009226177935488522 0.9999995231628418 0.00034726745798252523 -0.3691483438014984 -0.0013705185847356915 -0.0003485317574813962 0.9999989867210388 24.05763053894043
0.9999972581863403 0.001386829768307507 0.0019024393986910582 -0.1289801001548767 -0.0013941802317276597 0.9999915361404419 0.0038678832352161407 -0.38715678453445435 -0.0018970591481775045 -0.003870524698868394 0.999990701675415 25.43983268737793
0.9999960064888 -0.0010552705498412251 0.002606916707009077 -0.1326688975095749 0.0010396094294264913 0.9999814629554749 0.006001720204949379 -0.4042584300041199 -0.0026132012717425823 -0.00599898723885417 0.9999786019325256 26.80976104736328
0.999981164932251 -0.005926520563662052 0.0015895424876362085 -0.11615689098834991 0.0059198979288339615 0.9999738931655884 0.004138459451496601 -0.42394745349884033 -0.0016140275401994586 -0.004128971602767706 0.9999901056289673 28.197832107543945
0.9999830722808838 -0.005509504582732916 0.0018661041976884007 -0.12301583588123322 0.005506012123078108 0.9999831318855286 0.0018708482384681702 -0.4361475110054016 -0.0018763800617307425 -0.001860541757196188 0.9999964833259583 29.571792602539062
0.9999764561653137 -0.006399857345968485 0.002516436157748103 -0.1296839714050293 0.006401530466973782 0.9999793171882629 -0.000657176598906517 -0.46036818623542786 -0.002512178383767605 0.0006732700858265162 0.9999966025352478 30.934707641601562
0.9999898672103882 -0.0031389729119837284 0.0032302711624652147 -0.1412964165210724 0.0031421170569956303 0.9999946355819702 -0.0009686646517366171 -0.487322598695755 -0.0032272133976221085 0.0009788046590983868 0.9999942779541016 32.3142204284668
0.999991238117218 -0.0024856652598828077 0.0033674330916255713 -0.13910479843616486 0.0024968923535197973 0.999991238117218 -0.003333824221044779 -0.5113290548324585 -0.003359117079526186 0.003342202864587307 0.9999887943267822 33.69865417480469
0.9999924302101135 -0.0018172378186136484 0.0034219445660710335 -0.13810937106609344 0.0018263267120346427 0.9999947547912598 -0.002654791809618473 -0.5345357656478882 -0.003417102387174964 0.0026610209606587887 0.9999906420707703 35.09115219116211
0.999993085861206 -0.0011347803520038724 0.003536308417096734 -0.1539703905582428 0.001140899839811027 0.9999978542327881 -0.0017289406387135386 -0.5583515167236328 -0.0035343386698514223 0.0017329633701592684 0.9999922513961792 36.47426986694336
0.9999948740005493 0.0002588638453744352 0.0031857239082455635 -0.1604144126176834 -0.0002590269723441452 1.0 5.075789522379637e-05 -0.5835641026496887 -0.003185710171237588 -5.15826977789402e-05 0.9999948740005493 37.873146057128906
0.9999909400939941 0.002811176236718893 0.0031922850757837296 -0.16181789338588715 -0.0028129161801189184 0.9999958872795105 0.0005405907286331058 -0.6137747168540955 -0.003190751885995269 -0.0005495654186233878 0.9999947547912598 39.27728271484375
0.9999786615371704 0.005400348454713821 0.003676404245197773 -0.1749238520860672 -0.005400680471211672 0.9999854564666748 8.054223144426942e-05 -0.633030891418457 -0.003675915766507387 -0.00010039561311714351 0.9999932646751404 40.66329574584961
0.999967098236084 0.0073200189508497715 0.003495247336104512 -0.17543481290340424 -0.0073213898576796055 0.9999731183052063 0.00037958621396683156 -0.6537686586380005 -0.0034923753701150417 -0.00040516373701393604 0.9999938011169434 42.08493423461914
0.9999617338180542 0.008168874308466911 0.0031379694119095802 -0.17764019966125488 -0.008170041255652905 0.999966561794281 0.00035895025939680636 -0.675457239151001 -0.003134931903332472 -0.0003845738829113543 0.9999949932098389 43.48358917236328
0.9999693036079407 0.007371840067207813 0.002655964344739914 -0.18109369277954102 -0.007372465915977955 0.9999727606773376 0.00022607334540225565 -0.6990393996238708 -0.002654225565493107 -0.000245647388510406 0.9999964237213135 44.904178619384766
0.9999778270721436 0.006391415372490883 0.0018652435392141342 -0.18001523613929749 -0.006390939000993967 0.9999794960021973 -0.00026230065850540996 -0.7179592847824097 -0.0018668819684535265 0.00025037419982254505 0.9999982118606567 46.29787826538086
0.9999840259552002 0.005571302492171526 0.0009140721522271633 -0.18510964512825012 -0.005571342539042234 0.9999845027923584 4.148749212617986e-05 -0.7436232566833496 -0.0009138267487287521 -4.657949830288999e-05 0.9999995827674866 47.71461486816406
0.9999825358390808 0.005902336444705725 -0.0003154476289637387 -0.18743976950645447 -0.005901996046304703 0.9999819993972778 0.0010706085013225675 -0.7629716396331787 0.000321761064697057 -0.0010687279282137752 0.9999993443489075 49.14252471923828
0.9999791979789734 0.006342991720885038 -0.001173055381514132 -0.20051181316375732 -0.006341882981359959 0.9999794363975525 0.0009467966156080365 -0.7886132001876831 0.0011790368007496 -0.0009393375366926193 0.9999988675117493 50.551387786865234
0.9999747276306152 0.0066996412351727486 -0.002367279026657343 -0.214753657579422 -0.006696018390357494 0.999976396560669 0.0015347539447247982 -0.8085615634918213 0.002377505414187908 -0.0015188639517873526 0.9999960064888 51.9703254699707
0.9999731183052063 0.006473965011537075 -0.0034360417630523443 -0.22638486325740814 -0.006466412916779518 0.9999767541885376 0.0022044500801712275 -0.830021858215332 0.0034502337221056223 -0.002182172378525138 0.9999916553497314 53.39749526977539
0.9999800324440002 0.005053213331848383 -0.003795031923800707 -0.24091912806034088 -0.0050408197566866875 0.9999819993972778 0.003268242347985506 -0.851628303527832 0.003811479080468416 -0.0032490468584001064 0.9999874830245972 54.83787536621094
0.9999836087226868 0.003217038232833147 -0.004730349872261286 -0.24927851557731628 -0.0032002523075789213 0.9999885559082031 0.0035517329815775156 -0.873725175857544 0.004741722717881203 -0.003536536591127515 0.999982476234436 56.25874328613281
0.9999869465827942 0.0004731130029540509 -0.005082540214061737 -0.26453864574432373 -0.00045882389531470835 0.9999960660934448 0.0028122002258896828 -0.894309401512146 0.005083851050585508 -0.002809832338243723 0.9999831318855286 57.666378021240234
0.9999859929084778 -0.000593893404584378 -0.005252252332866192 -0.27794939279556274 0.0006120441830717027 0.9999939203262329 0.003454881953075528 -0.916627824306488 0.005250167101621628 -0.003458048216998577 0.9999802708625793 59.08945846557617
0.9999868869781494 -0.0019514040322974324 -0.004739233758300543 -0.286077618598938 0.0019693223293870687 0.9999909400939941 0.003779121907427907 -0.9349439144134521 0.0047318171709775925 -0.0037884048651903868 0.9999816417694092 60.51988220214844
0.9999858736991882 -0.003220091573894024 -0.004221522249281406 -0.2966422140598297 0.0032399925403296947 0.9999836683273315 0.004715906921774149 -0.9536187648773193 0.004206267185509205 -0.004729518201202154 0.9999800324440002 61.94887161254883
0.9999846816062927 -0.004170467145740986 -0.0036171223036944866 -0.314871221780777 0.004185640253126621 0.9999823570251465 0.00419739680364728 -0.9797186851501465 0.0035995536018162966 -0.004212472587823868 0.999984622001648 63.34463882446289
0.9999806880950928 -0.005399608053267002 -0.0030519957654178143 -0.3261466324329376 0.005410198587924242 0.9999793171882629 0.0034725083969533443 -0.9980241656303406 0.003033182816579938 -0.003488953458145261 0.9999892711639404 64.7588119506836
0.9999797344207764 -0.005730560515075922 -0.0027824665885418653 -0.32777976989746094 0.005739558953791857 0.999978244304657 0.003236699616536498 -1.0252180099487305 0.002763858065009117 -0.0032526045106351376 0.9999908804893494 66.16783905029297
0.999987781047821 -0.004591946490108967 -0.0018278942443430424 -0.33932435512542725 0.00459787854924798 0.9999841451644897 0.003254404291510582 -1.0434454679489136 0.0018129212548956275 -0.0032627691980451345 0.9999930262565613 67.59693145751953
0.9999988675117493 -0.0009312985348515213 -0.0011849188013002276 -0.3585111200809479 0.0009361665579490364 0.9999910593032837 0.0041143945418298244 -1.0602993965148926 0.0011810766300186515 -0.004115498159080744 0.9999907612800598 68.96723175048828
0.9999974370002747 0.002268838696181774 -0.00033842131961137056 -0.3748592138290405 -0.002266995143145323 0.999983012676239 0.005351492203772068 -1.0809688568115234 0.00035055738408118486 -0.005350709892809391 0.9999855756759644 70.36347961425781
0.9999818801879883 0.005990090314298868 0.0004976684576831758 -0.38551557064056396 -0.005992993712425232 0.9999637007713318 0.006051838397979736 -1.1001536846160889 -0.0004613992932718247 -0.006054712459445 0.9999815821647644 71.76155090332031
0.9999492764472961 0.010006663389503956 0.0011295485310256481 -0.40186601877212524 -0.01001280639320612 0.9999343156814575 0.005571597255766392 -1.1162177324295044 -0.001073721214197576 -0.005582625512033701 0.9999838471412659 73.15563201904297
0.9999076724052429 0.013470710255205631 0.0017966158920899034 -0.41376402974128723 -0.013479271903634071 0.9998974204063416 0.004841672722250223 -1.1367921829223633 -0.001731210621073842 -0.004865442402660847 0.9999866485595703 74.55506896972656
0.9998844861984253 0.015022401697933674 0.0023009979631751776 -0.418033242225647 -0.015033812262117863 0.9998743534088135 0.005023248493671417 -1.159379005432129 -0.0022252476774156094 -0.0050572617910802364 0.9999847412109375 75.94198608398438
0.9998866319656372 0.014868199825286865 0.0023864919785410166 -0.42230910062789917 -0.014880671165883541 0.9998751878738403 0.0052965241484344006 -1.1739598512649536 -0.002307444578036666 -0.005331435706466436 0.9999831318855286 77.34501647949219
0.99989253282547 0.014438465237617493 0.0025478580500930548 -0.43063342571258545 -0.014450940303504467 0.9998833537101746 0.0049481564201414585 -1.1934540271759033 -0.002476117108017206 -0.004984443075954914 0.9999844431877136 78.72586059570312
0.9999147057533264 0.012805350124835968 0.002558113308623433 -0.42959368228912354 -0.012815786525607109 0.9999094009399414 0.004105906933546066 -1.2182899713516235 -0.002505304291844368 -0.00413834024220705 0.999988317489624 80.0972900390625
0.9999265074729919 0.011964458040893078 0.0019620098173618317 -0.4305240511894226 -0.011972649022936821 0.9999194145202637 0.0042176200076937675 -1.236710548400879 -0.0019113902235403657 -0.004240801092237234 0.9999890923500061 81.47595977783203
0.9999272227287292 0.011917601339519024 0.0018575099529698491 -0.43620744347572327 -0.011925501748919487 0.9999196529388428 0.004301988519728184 -1.257047176361084 -0.0018060911679640412 -0.004323828034102917 0.9999890327453613 82.83139038085938
0.9999383687973022 0.011071947403252125 0.000811232952401042 -0.42916226387023926 -0.011074865236878395 0.9999318718910217 0.003687131218612194 -1.2683178186416626 -0.0007703540031798184 -0.0036958884447813034 0.999992847442627 84.22147369384766
0.9999356865882874 0.01133797224611044 0.00036337171331979334 -0.44808876514434814 -0.011339372023940086 0.9999272227287292 0.00411376915872097 -1.2866779565811157 -0.00031670345924794674 -0.004117625765502453 0.9999914765357971 85.58552551269531
0.9999396800994873 0.010960528627038002 -0.0006839136476628482 -0.4486001133918762 -0.010957054793834686 0.9999279379844666 0.004889787640422583 -1.3097922801971436 0.0007374588749371469 -0.004881998058408499 0.9999878406524658 86.94525146484375
0.9999620914459229 0.008541256189346313 -0.0016860829200595617 -0.4638301730155945 -0.008531025610864162 0.9999457001686096 0.0059839878231287 -1.3269946575164795 0.0017371021676808596 -0.005969377234578133 0.9999807476997375 88.34941101074219
0.9999720454216003 0.0067794229835271835 -0.0031899861060082912 -0.45887815952301025 -0.006758970208466053 0.9999567270278931 0.006379286292940378 -1.3511954545974731 0.003233096795156598 -0.006357545964419842 0.9999745488166809 89.70805358886719
0.9999834895133972 0.003982259891927242 -0.004144870210438967 -0.46475961804389954 -0.00395439937710762 0.9999695420265198 0.0067082601599395275 -1.370888113975525 0.004171458538621664 -0.0066917589865624905 0.9999688863754272 91.0687255859375
0.9999849796295166 0.003217959078028798 -0.004437248222529888 -0.48039335012435913 -0.003190569346770644 0.9999759197235107 0.006166027393192053 -1.396215558052063 0.004456984344869852 -0.006151777692139149 0.9999711513519287 92.43307495117188
0.9999858736991882 0.0022222530096769333 -0.004834159277379513 -0.4922056496143341 -0.0021948525682091713 0.9999815821647644 0.005666020326316357 -1.4106578826904297 0.004846661351621151 -0.005655330140143633 0.9999722838401794 93.76966094970703
0.9999856352806091 0.002631392329931259 -0.004674783442169428 -0.5111637711524963 -0.002606976544484496 0.9999829530715942 0.005221271887421608 -1.4315075874328613 0.004688443150371313 -0.005209008697420359 0.9999754428863525 95.13871002197266
0.9999861121177673 0.002644370775669813 -0.004561926703900099 -0.5306365489959717 -0.0026230975054204464 0.9999856352806091 0.00466278987005353 -1.4493122100830078 0.004574192222207785 -0.004650758113712072 0.9999787211418152 96.48388671875
0.9999854564666748 0.003415542421862483 -0.004171275068074465 -0.5471136569976807 -0.0033996731508523226 0.9999869465827942 0.0038055498152971268 -1.4669116735458374 0.004184217657893896 -0.003791313385590911 0.999984085559845 97.82981872558594
0.9999819993972778 0.004682044964283705 -0.0037346244789659977 -0.5714337825775146 -0.004666805267333984 0.9999808073043823 0.004079022910445929 -1.4844930171966553 0.00375365000218153 -0.004061521030962467 0.9999847412109375 99.1781234741211
0.999981164932251 0.005090032704174519 -0.0034232595935463905 -0.5743103623390198 -0.005070667248219252 0.9999711513519287 0.005641914438456297 -1.5073859691619873 0.003451878670603037 -0.00562444981187582 0.999978244304657 100.50956726074219
0.9999744892120361 0.0062019191682338715 -0.003510075621306896 -0.5951592326164246 -0.006176707334816456 0.9999552965164185 0.007148642558604479 -1.5244600772857666 0.0035542543046176434 -0.007126780692487955 0.9999682903289795 101.838134765625
0.9999792575836182 0.005576330237090588 -0.0032222100999206305 -0.5962292551994324 -0.005558650009334087 0.9999696016311646 0.005470154341310263 -1.5485377311706543 0.0032526154536753893 -0.005452129058539867 0.9999798536300659 103.20631408691406
0.9999792575836182 0.005584720056504011 -0.0032025473192334175 -0.61212557554245 -0.005574853625148535 0.9999796748161316 0.0030813820194453 -1.5615806579589844 0.003219690639525652 -0.0030634652357548475 0.9999901056289673 104.53234100341797
0.9999827742576599 0.004905076697468758 -0.0032207174226641655 -0.6208378076553345 -0.004898718558251858 0.9999859929084778 0.0019791722297668457 -1.5877223014831543 0.003230380592867732 -0.0019633607007563114 0.999992847442627 105.86366271972656
0.9999925494194031 0.0023663511965423822 -0.0030555103439837694 -0.6312062740325928 -0.0023560170084238052 0.9999914765357971 0.0033812744077295065 -1.607637643814087 0.003063485724851489 -0.003374050371348858 0.9999895691871643 107.19426727294922
0.9999969005584717 0.0008503798744641244 -0.0023479473311454058 -0.6452690362930298 -0.000838346837554127 0.9999865293502808 0.005121222697198391 -1.6223962306976318 0.0023522712290287018 -0.005119237583130598 0.9999841451644897 108.53206634521484
0.9999984502792358 -0.0006403616862371564 -0.0016596766654402018 -0.6524621248245239 0.0006497366703115404 0.9999837875366211 0.005654515232890844 -1.6421864032745361 0.001656029256992042 -0.0056555853225290775 0.9999826550483704 109.86781311035156
0.9999991655349731 -0.0011811712756752968 -0.0004973828908987343 -0.6644872426986694 0.001183168962597847 0.9999912977218628 0.004035517573356628 -1.6555678844451904 0.000492611899971962 -0.004036102443933487 0.9999917149543762 111.21057891845703
0.9999996423721313 0.000681904552038759 0.00035291112726554275 -0.6783109307289124 -0.0006826933822594583 0.9999973177909851 0.0022398503497242928 -1.678868293762207 -0.000351382652297616 -0.002240091096609831 0.9999973773956299 112.53275299072266
0.999993622303009 0.0031155620235949755 0.0017318112077191472 -0.6903290748596191 -0.0031149412970989943 0.9999951124191284 -0.00036108490894548595 -1.69647216796875 -0.001732927979901433 0.0003556881274562329 0.9999984502792358 113.86540985107422
0.9999778270721436 0.006003095768392086 0.002880376297980547 -0.6955002546310425 -0.006002767011523247 0.9999819397926331 -0.00012307384167797863 -1.7194061279296875 -0.0028810633812099695 0.0001057809276971966 0.9999958872795105 115.18765258789062
0.9999639391899109 0.007208428345620632 0.004495084751397371 -0.6988171339035034 -0.007216686848551035 0.9999722242355347 0.0018235745374113321 -1.7439510822296143 -0.00448181526735425 -0.0018559483578428626 0.9999881982803345 116.53282165527344
0.9999567270278931 0.007492799311876297 0.00551367225125432 -0.697767436504364 -0.007515112869441509 0.9999635219573975 0.004037206061184406 -1.7611851692199707 -0.0054832217283546925 -0.0040784673765301704 0.999976634979248 117.86200714111328
0.9999581575393677 0.006586199626326561 0.006348211783915758 -0.6983215808868408 -0.00661627808585763 0.9999670386314392 0.0047289528883993626 -1.7832527160644531 -0.006316855549812317 -0.004770756233483553 0.9999686479568481 119.20074462890625
0.9999465942382812 0.0073406994342803955 0.007271988317370415 -0.6902096271514893 -0.007368806283921003 0.999965488910675 0.0038458453491330147 -1.7975350618362427 -0.0072435056790709496 -0.00389922596514225 0.9999662041664124 120.55370330810547
0.9999268651008606 0.008649434894323349 0.008443930186331272 -0.6867655515670776 -0.008682046085596085 0.9999549388885498 0.0038329511880874634 -1.8211350440979004 -0.008410396054387093 -0.0039059817790985107 0.9999570250511169 121.87841033935547
0.9998951554298401 0.010609614662826061 0.009855604730546474 -0.6838394403457642 -0.010647106915712357 0.9999362230300903 0.0037595799658447504 -1.8405243158340454 -0.009815088473260403 -0.0038641197606921196 0.9999443888664246 123.2121810913086
0.9998741745948792 0.011519169434905052 0.010903106071054935 -0.6840212345123291 -0.011544815264642239 0.999930739402771 0.0022920563351362944 -1.8557010889053345 -0.010875946842133999 -0.0024176426231861115 0.999937891960144 124.55008697509766
0.9998417496681213 0.012952744029462337 0.012197350151836872 -0.6813043355941772 -0.012967584654688835 0.999915361404419 0.001138400984928012 -1.8690186738967896 -0.012181571684777737 -0.001296391012147069 0.9999250173568726 125.9115219116211
0.9998483061790466 0.011628000065684319 0.012963633053004742 -0.6726585626602173 -0.011646592058241367 0.9999312162399292 0.0013596088392660022 -1.8920941352844238 -0.012946930713951588 -0.001510384725406766 0.9999150633811951 127.25260162353516
0.999836266040802 0.011547836475074291 0.013931222259998322 -0.6640077829360962 -0.011581246741116047 0.9999302625656128 0.0023199962452054024 -1.9095429182052612 -0.01390345860272646 -0.002480957191437483 0.9999002814292908 128.60397338867188
0.9998418688774109 0.009842733852565289 0.014807515777647495 -0.6548700332641602 -0.009894981049001217 0.9999449849128723 0.0034591304138302803 -1.933359146118164 -0.014772655442357063 -0.0036051038186997175 0.9998843669891357 129.955810546875
0.999840497970581 0.009108891710639 0.015360153280198574 -0.6424212455749512 -0.009166274219751358 0.9999512434005737 0.0036694358568638563 -1.9480267763137817 -0.015325977467000484 -0.0038096460048109293 0.9998752474784851 131.30712890625
0.9998553991317749 0.007062007673084736 0.01546872965991497 -0.6307063102722168 -0.0071206665597856045 0.9999675750732422 0.003740211483091116 -1.9645116329193115 -0.015441815368831158 -0.003849818604066968 0.9998733401298523 132.6549835205078
0.9998657703399658 0.0055953036062419415 0.015394817106425762 -0.6277451515197754 -0.005662527401000261 0.9999746084213257 0.004326557740569115 -1.9835669994354248 -0.015370214357972145 -0.004413151182234287 0.999872088432312 133.9951171875
0.9998762011528015 0.004158954601734877 0.015169341117143631 -0.6185524463653564 -0.004219939932227135 0.9999831318855286 0.003990542143583298 -2.000340461730957 -0.015152488835155964 -0.004054062534123659 0.9998769760131836 135.34629821777344
0.9999011158943176 0.0027585430070757866 0.013787487521767616 -0.6068549156188965 -0.0028114765882492065 0.9999887347221375 0.0038212966173887253 -2.01554799079895 -0.013776788488030434 -0.003859681310132146 0.9998976588249207 136.67759704589844
0.999920666217804 0.0017254549311473966 0.012474922463297844 -0.5822925567626953 -0.0017820248613134027 0.9999881982803345 0.004524990450590849 -2.0336191654205322 -0.012466964311897755 -0.004546862095594406 0.9999119639396667 138.0367431640625
0.9999350309371948 0.00011157700646435842 0.011405367404222488 -0.5719602108001709 -0.00016811120440252125 0.999987781047821 0.0049559567123651505 -2.0539894104003906 -0.0114046735689044 -0.004957552533596754 0.9999226927757263 139.38108825683594
0.9999513626098633 0.0003249653964303434 0.009857937693595886 -0.5561119318008423 -0.00036895033554174006 0.9999899864196777 0.004460383206605911 -2.0668833255767822 -0.009856391698122025 -0.004463803488761187 0.9999414682388306 140.73764038085938
0.9999614357948303 -0.00011173379607498646 0.008781435899436474 -0.5533285140991211 7.627179002156481e-05 0.9999918937683105 0.004038520622998476 -2.0868656635284424 -0.008781816810369492 -0.004037695005536079 0.9999532699584961 142.07522583007812
0.9999709725379944 0.00032647637999616563 0.007614634465426207 -0.5433617830276489 -0.0003542207705322653 0.9999933242797852 0.0036424899008125067 -2.1058008670806885 -0.007613394409418106 -0.003645082004368305 0.9999643564224243 143.417724609375
0.9999743103981018 -0.0027231955900788307 0.00662500923499465 -0.5432822108268738 0.0027135524433106184 0.999995231628418 0.001464073546230793 -2.1267383098602295 -0.006628964561969042 -0.0014460589736700058 0.9999769926071167 144.74929809570312
0.9999529123306274 -0.00798874907195568 0.00550847826525569 -0.5265492796897888 0.007984560914337635 0.9999677538871765 0.0007818983867764473 -2.144524574279785 -0.005514547694474459 -0.0007378787267953157 0.9999845027923584 146.11534118652344
0.9998733401298523 -0.01518211979418993 0.004764652345329523 -0.524378776550293 0.015166908502578735 0.999879777431488 0.003212484996765852 -2.1627304553985596 -0.00481285247951746 -0.0031398129649460316 0.999983549118042 147.45623779296875
0.9997461438179016 -0.022332170978188515 0.0029926751740276814 -0.5108269453048706 0.02231835015118122 0.999740481376648 0.0045737638138234615 -2.182847023010254 -0.0030940405558794737 -0.004505811259150505 0.9999850392341614 148.8165283203125
0.9996642470359802 -0.025842206552624702 0.0018896415131166577 -0.49679458141326904 0.02584010921418667 0.9996654391288757 0.001125323586165905 -2.198745012283325 -0.0019180901581421494 -0.0010761171579360962 0.9999975562095642 150.1749725341797
0.9996894598007202 -0.02479720488190651 0.002455569803714752 -0.5019291639328003 0.0248017068952322 0.9996906518936157 -0.00182078848592937 -2.229334831237793 -0.0024096595589071512 0.001881125383079052 0.9999952912330627 151.51687622070312
0.9997732043266296 -0.021017951890826225 0.003426921321079135 -0.5099515318870544 0.02103119157254696 0.999771237373352 -0.003874243935570121 -2.2551519870758057 -0.0033447090536355972 0.003945437725633383 0.9999865889549255 152.84423828125
0.9997518658638 -0.021890845149755478 0.0041268435306847095 -0.5101243257522583 0.02190614864230156 0.9997531771659851 -0.003700590692460537 -2.287550926208496 -0.004044815897941589 0.003790075657889247 0.999984622001648 154.21429443359375
0.9996702075004578 -0.025248253718018532 0.004701811820268631 -0.5112409591674805 0.025249147787690163 0.9996811747550964 -0.00013184710405766964 -2.315739393234253 -0.004696983378380537 0.0002505204174667597 0.9999889731407166 155.55528259277344
0.999516487121582 -0.030644750222563744 0.005262753460556269 -0.4982033967971802 0.030630677938461304 0.9995270371437073 0.0027332885656505823 -2.3378281593322754 -0.005344024393707514 -0.0025707650929689407 0.9999824166297913 156.91383361816406
0.9994057416915894 -0.03410817310214043 0.004968962166458368 -0.4887320399284363 0.03408930450677872 0.999411404132843 0.0038329320959746838 -2.351552724838257 -0.0050967722199857235 -0.0036612655967473984 0.9999803900718689 158.2476348876953
0.9993447661399841 -0.03585109859704971 0.004979526624083519 -0.47521549463272095 0.03583257272839546 0.9993507266044617 0.0037623762618750334 -2.3736958503723145 -0.00511117884889245 -0.0035814817529171705 0.9999805092811584 159.6088409423828
0.999398946762085 -0.03412758931517601 0.00608986709266901 -0.4774995446205139 0.03409796208143234 0.9994064569473267 0.004904529545456171 -2.3944051265716553 -0.0062536317855119705 -0.004693929571658373 0.9999694228172302 160.9496307373047
0.9995125532150269 -0.030488349497318268 0.006711385678499937 -0.46274471282958984 0.030460946261882782 0.9995274543762207 0.004148184787482023 -2.4155049324035645 -0.0068346853367984295 -0.003941728267818689 0.9999688863754272 162.32418823242188
0.9996094107627869 -0.026711132377386093 0.008220650255680084 -0.4872349500656128 0.02669648453593254 0.9996418356895447 0.0018861134303733706 -2.434934139251709 -0.008268086239695549 -0.001665914198383689 0.9999644160270691 163.62933349609375
0.9996660351753235 -0.024156374856829643 0.009183217771351337 -0.48449528217315674 0.024144910275936127 0.9997076392173767 0.0013570974115282297 -2.454753875732422 -0.009213314391672611 -0.001134916441515088 0.9999569058418274 164.98109436035156
0.9997137188911438 -0.021864604204893112 0.009707842022180557 -0.48909056186676025 0.021841101348400116 0.9997584223747253 0.0025205882266163826 -2.4759037494659424 -0.009760607965290546 -0.0023078371305018663 0.9999496936798096 166.32574462890625
0.999756932258606 -0.02014237456023693 0.00896178837865591 -0.47109198570251465 0.02012416161596775 0.9997953772544861 0.002117621246725321 -2.4996771812438965 -0.009002607315778732 -0.0019367586355656385 0.9999576210975647 167.69642639160156
0.9998010396957397 -0.01784552074968815 0.008910061791539192 -0.4717668294906616 0.01785048097372055 0.999840497970581 -0.0004774061671923846 -2.513880729675293 -0.008900121785700321 0.000636360258795321 0.99996018409729 169.05027770996094
0.999864935874939 -0.014067281037569046 0.008494947105646133 -0.4709693193435669 0.014094377867877483 0.9998957514762878 -0.0031383109744638205 -2.5383238792419434 -0.008449913002550602 0.0032576178200542927 0.9999589920043945 170.39938354492188
0.9999260306358337 -0.008678519167006016 0.008521859534084797 -0.4771080017089844 0.008716623298823833 0.9999521374702454 -0.0044446648098528385 -2.5658888816833496 -0.008482878096401691 0.00451861834153533 0.9999537467956543 171.773681640625
0.9999514222145081 -0.0042657069861888885 0.008885446935892105 -0.4812687635421753 0.0042947218753397465 0.9999855160713196 -0.0032489104196429253 -2.591372489929199 -0.008871461264789104 0.00328691303730011 0.9999552369117737 173.14102172851562
0.9999539852142334 -0.0011744529474526644 0.009512048214673996 -0.48333442211151123 0.0011889578308910131 0.9999980926513672 -0.0015193845611065626 -2.613229274749756 -0.00951024703681469 0.0015306241111829877 0.9999536275863647 174.50503540039062
0.9999535083770752 0.00010638274397933856 0.009639542549848557 -0.48135948181152344 -0.00011061492114095017 0.9999998807907104 0.0004385061329230666 -2.632429838180542 -0.009639493189752102 -0.0004395523574203253 0.9999535083770752 175.88577270507812
0.9999556541442871 -0.0035989584866911173 0.008701992221176624 -0.4734537601470947 0.0035838386975228786 0.9999919533729553 0.0017524614231660962 -2.656621217727661 -0.008708231151103973 -0.0017211969243362546 0.9999605417251587 177.26397705078125
0.9999618530273438 -0.005711888894438744 0.0065969740971922874 -0.4579627513885498 0.0057016098871827126 0.999982476234436 0.0015758826630190015 -2.6696174144744873 -0.006605858914554119 -0.0015382092678919435 0.9999769926071167 178.66128540039062
0.999968409538269 -0.006110825575888157 0.005088199395686388 -0.4642258286476135 0.006123265251517296 0.9999783039093018 -0.0024328341241925955 -2.700871706008911 -0.005073222331702709 0.002463913755491376 0.999984085559845 180.03126525878906
0.9999839663505554 -0.004621224943548441 0.0032856250181794167 -0.45748698711395264 0.0046430546790361404 0.9999670386314392 -0.006667838431894779 -2.725289821624756 -0.0032547032460570335 0.006682987324893475 0.9999723434448242 181.42930603027344
0.9999957084655762 0.0006273277103900909 0.0028313365764915943 -0.474648118019104 -0.0006066480418667197 0.9999731779098511 -0.007298832293599844 -2.7577126026153564 -0.00283583952113986 0.007297083735466003 0.9999693036079407 182.83270263671875
0.9999871850013733 0.004212503787130117 0.0028086218517273664 -0.4849125146865845 -0.004194488748908043 0.9999707937240601 -0.006389831658452749 -2.788022994995117 -0.002835456980392337 0.006377968471497297 0.9999756217002869 184.2317657470703
0.9999755620956421 0.006232447922229767 0.0031694318167865276 -0.49598264694213867 -0.0062230974435806274 0.999976396560669 -0.002951000351458788 -2.8167269229888916 -0.003187749069184065 0.002931204391643405 0.9999906420707703 185.6298370361328
0.9999704957008362 0.006900683976709843 0.0033696508035063744 -0.49740272760391235 -0.0068982187658548355 0.9999759197235107 -0.0007432680577039719 -2.8432023525238037 -0.003374698106199503 0.0007200015243142843 0.9999940395355225 187.0271759033203
0.9999762177467346 0.006032525096088648 0.0033307592384517193 -0.4955512285232544 -0.006032963749021292 0.9999817609786987 0.00012102360051358119 -2.863051652908325 -0.0033299692440778017 -0.0001411151752108708 0.9999944567680359 188.44654846191406
0.9999859929084778 0.004119968973100185 0.0033069318160414696 -0.4984332323074341 -0.004121866542845964 0.9999912977218628 0.0005670733517035842 -2.88152813911438 -0.003304567188024521 -0.0005806961562484503 0.9999943971633911 189.86431884765625
0.9999920129776001 0.0020155305974185467 0.0034535040613263845 -0.4926132559776306 -0.002019133185967803 0.9999974370002747 0.00103999103885144 -2.9058189392089844 -0.0034513985738158226 -0.00104695581831038 0.9999935030937195 191.30538940429688
0.999993085861206 -0.0007070914143696427 0.0036465246230363846 -0.49476170539855957 0.0007034589070826769 0.9999992251396179 0.0009971517138183117 -2.9243240356445312 -0.0036472270730882883 -0.0009945796336978674 0.999992847442627 192.7334442138672
0.9999842643737793 -0.0038565252907574177 0.004100643564015627 -0.4894794225692749 0.0038478318601846695 0.9999902844429016 0.0021258529741317034 -2.947826385498047 -0.004108803812414408 -0.0021100405137985945 0.9999893307685852 194.14959716796875
0.9999547004699707 -0.00828625075519085 0.004695577081292868 -0.49002957344055176 0.008269614540040493 0.9999594688415527 0.003551372792571783 -2.965740203857422 -0.004724813625216484 -0.0035123813431710005 0.9999826550483704 195.5778045654297
0.9999257326126099 -0.011162195354700089 0.004916525911539793 -0.48031944036483765 0.011143583804368973 0.9999306797981262 0.003797127166762948 -2.9901976585388184 -0.004958569537848234 -0.003742057364434004 0.999980628490448 197.00950622558594
0.999946117401123 -0.009037058800458908 0.005100721027702093 -0.47712767124176025 0.00904066488146782 0.9999588131904602 -0.0006847259937785566 -3.008366107940674 -0.005094322841614485 0.0007308032363653183 0.9999867677688599 198.45068359375
0.999984085559845 -0.0017400968354195356 0.0053610545583069324 -0.48108232021331787 0.0017705555073916912 0.9999822974205017 -0.005681892856955528 -3.0303142070770264 -0.005351071711629629 0.0056912945583462715 0.999969482421875 199.87008666992188
0.9999465346336365 0.007605378516018391 0.00700153224170208 -0.4997844696044922 -0.00756476866081357 0.9999544620513916 -0.005808625835925341 -3.061253070831299 -0.007045390550047159 0.005755350459367037 0.9999585747718811 201.32110595703125
0.9998549818992615 0.015063414350152016 0.007946766912937164 -0.5127564668655396 -0.015046961605548859 0.9998844861984253 -0.002126245526596904 -3.087557315826416 -0.00797787681221962 0.0020063617266714573 0.9999662041664124 202.74986267089844
0.9998362064361572 0.01574644073843956 0.00892064068466425 -0.510962724685669 -0.01574871316552162 0.9998759031295776 0.0001846728118835017 -3.116981267929077 -0.008916628547012806 -0.0003251310554333031 0.99996018409729 204.19007873535156
0.9998698830604553 0.01377466507256031 0.008384494110941887 -0.502503514289856 -0.013778825290501118 0.9999049305915833 0.0004386990622151643 -3.134769916534424 -0.008377655409276485 -0.0005541706341318786 0.999964714050293 205.64305114746094
0.9999145865440369 0.01086688507348299 0.007259950041770935 -0.49366295337677 -0.010869769379496574 0.9999408721923828 0.0003582891367841512 -3.1567296981811523 -0.007255626376718283 -0.00043717247899621725 0.9999735951423645 207.0802764892578
0.9999339580535889 0.00924494955688715 0.006827835459262133 -0.4979212284088135 -0.009243201464414597 0.999957263469696 -0.00028719977126456797 -3.1751861572265625 -0.006830199155956507 0.00022406972129829228 0.9999767541885376 208.53396606445312
0.9999395608901978 0.009430007077753544 0.005654556676745415 -0.4733259677886963 -0.009425558149814606 0.9999552965164185 -0.0008128203917294741 -3.2003042697906494 -0.005661969073116779 0.0007594737107865512 0.9999837875366211 210.03843688964844
0.999918520450592 0.011278927326202393 0.005969252437353134 -0.492917537689209 -0.011275333352386951 0.9999361634254456 -0.0006356864469125867 -3.226743698120117 -0.005976041313260794 0.0005683295312337577 0.9999819993972778 211.44334411621094
0.9999175071716309 0.011446624994277954 0.0058224983513355255 -0.490381121635437 -0.011450603604316711 0.999934196472168 0.0006502223550342023 -3.2550065517425537 -0.005814672913402319 -0.0007168399752117693 0.9999828338623047 212.896728515625
0.9999134540557861 0.011935089714825153 0.005521736573427916 -0.49293041229248047 -0.011933940462768078 0.9999287128448486 -0.00024113217659760267 -3.2771713733673096 -0.005524220876395702 0.0001752151147229597 0.9999846816062927 214.3626708984375
0.9999258518218994 0.01111254096031189 0.004961383994668722 -0.48951172828674316 -0.011107191443443298 0.9999376535415649 -0.001104632276110351 -3.303617000579834 -0.004973350092768669 0.001049443380907178 0.9999870657920837 215.83168029785156
0.999930202960968 0.010843352414667606 0.004678822588175535 -0.48771417140960693 -0.010836022906005383 0.999940037727356 -0.0015888083726167679 -3.3250961303710938 -0.004695769399404526 0.001537997741252184 0.999987781047821 217.29197692871094
0.9999276399612427 0.01116161048412323 0.0044725206680595875 -0.4930328130722046 -0.011154191568493843 0.9999364018440247 -0.0016800733283162117 -3.3510231971740723 -0.004490987863391638 0.0016300644492730498 0.9999886155128479 218.76475524902344
0.9999257326126099 0.01141534373164177 0.004273077938705683 -0.49659043550491333 -0.01140758115798235 0.9999332427978516 -0.0018367039738222957 -3.3756465911865234 -0.004293759353458881 0.0017878221115097404 0.9999892115592957 220.25035095214844
0.9999266862869263 0.011430489830672741 0.003992015495896339 -0.5001868009567261 -0.011422280222177505 0.999932587146759 -0.0020735962316393852 -3.401455879211426 -0.004015448037534952 0.002027846174314618 0.999989926815033 221.73709106445312
0.9999192357063293 0.012193726375699043 0.0035882757510989904 -0.5029017329216003 -0.012186168693006039 0.9999234676361084 -0.002120607066899538 -3.4325199127197266 -0.0036138605792075396 0.002076708246022463 0.999991238117218 223.21212768554688
