0.9999797940254211 0.0026970626786351204 0.005751717835664749 -0.6893728375434875 -0.0026891655288636684 0.9999954104423523 -0.0013802913017570972 0.46752142906188965 -0.005755414254963398 0.0013647961895912886 0.9999825358390808 -1.590074896812439
0.9999900460243225 0.001098338863812387 0.00432990025728941 -0.6892049312591553 -0.0010883507784456015 0.9999966621398926 -0.002308494644239545 0.4590468406677246 -0.004332421347498894 0.002303759101778269 0.9999880194664001 -1.0261939764022827
0.9999939203262329 0.0009154973668046296 0.0033400319516658783 -0.6908413767814636 -0.0009022895246744156 0.9999917149543762 -0.003953759092837572 0.44838178157806396 -0.0033436238300055265 0.003950722049921751 0.9999866485595703 -0.4704909920692444
0.9999992251396179 0.00018788292072713375 0.0012149447575211525 -0.6890190243721008 -0.0001819330791477114 0.9999880194664001 -0.004895128309726715 0.4299103617668152 -0.0012158490717411041 0.004894903860986233 0.9999873042106628 0.09464418143033981
0.9999984502792358 -0.001630838611163199 -0.0006347130984067917 -0.6966344118118286 0.0016264067962765694 0.9999747276306152 -0.0069205015897750854 0.4235006868839264 0.0006459830328822136 0.006919459439814091 0.999975860118866 0.661749541759491
0.9999898076057434 -0.004237412475049496 -0.0015537032159045339 -0.7099855542182922 0.004223911557346582 0.9999541640281677 -0.008591602556407452 0.40201589465141296 0.0015900383004918694 0.008584952913224697 0.9999618530273438 1.2098252773284912
0.9999805092811584 -0.005436666309833527 -0.003054858883842826 -0.712810754776001 0.005408328026533127 0.9999428987503052 -0.00920933112502098 0.38815993070602417 0.0031047542579472065 0.009192629717290401 0.9999529123306274 1.7810882329940796
0.9999756217002869 -0.005422825925052166 -0.004402157850563526 -0.7208482623100281 0.005384927615523338 0.9999486804008484 -0.008575464598834515 0.3752557337284088 0.004448436200618744 0.008551551029086113 0.9999535083770752 2.3639793395996094
0.9999684691429138 -0.005852200090885162 -0.005372041370719671 -0.7295646071434021 0.0058037652634084225 0.9999427795410156 -0.00898754596710205 0.35995811223983765 0.005424331407994032 0.00895608402788639 0.9999451637268066 2.95609974861145
0.9999635815620422 -0.0053633092902600765 -0.006627266760915518 -0.7352277636528015 0.005285236053168774 0.9999170899391174 -0.011742418631911278 0.34449777007102966 0.006689693313091993 0.011706966906785965 0.9999091029167175 3.549553394317627
0.999963641166687 -0.0036294262390583754 -0.007716967724263668 -0.7492492198944092 0.003509667469188571 0.9998741149902344 -0.015476219356060028 0.3277195990085602 0.007772166281938553 0.015448573045432568 0.9998503923416138 4.152215957641602
0.9999545812606812 -0.002521916525438428 -0.009191645309329033 -0.7587522268295288 0.0023457498755306005 0.9998142123222351 -0.019126638770103455 0.31422585248947144 0.009238172322511673 0.019104208797216415 0.9997748136520386 4.766181468963623
0.9999467730522156 -0.0003994584549218416 -0.01030974555760622 -0.7723514437675476 0.00020171345386188477 0.9998161792755127 -0.01917436718940735 0.2987242341041565 0.01031550858169794 0.01917126402258873 0.999763011932373 5.395564556121826
0.9999305605888367 0.0015387549065053463 -0.01167722512036562 -0.7799435257911682 -0.0016828557709231973 0.9999224543571472 -0.012340585701167583 0.2890412211418152 0.011657333001494408 0.012359380722045898 0.999855637550354 6.0402116775512695
0.9999251961708069 0.0026795039884746075 -0.011932558380067348 -0.7983656525611877 -0.002700636861845851 0.9999948143959045 -0.00175526924431324 0.27447816729545593 0.011927791871130466 0.0017873644828796387 0.9999272227287292 6.698192596435547
0.9999095797538757 0.003251579822972417 -0.013059324584901333 -0.8085451722145081 -0.0031887178774923086 0.9999832510948181 0.004831535741686821 0.2639133334159851 0.013074816204607487 -0.004789452999830246 0.9999029636383057 7.3872480392456055
0.9998812675476074 0.0056707714684307575 -0.014326771721243858 -0.8241289258003235 -0.005615870468318462 0.9999768137931824 0.0038693593814969063 0.24737903475761414 0.014348376542329788 -0.0037884432822465897 0.9998897910118103 8.077254295349121
0.999859631061554 0.007794421631842852 -0.014829317107796669 -0.8497300744056702 -0.007844161242246628 0.9999638199806213 -0.003298916155472398 0.23790082335472107 0.014803067781031132 0.0034147771075367928 0.9998845458030701 8.760225296020508
0.9998451471328735 0.007468878291547298 -0.015930673107504845 -0.8670641183853149 -0.007615702226758003 0.999928891658783 -0.009175796061754227 0.23507922887802124 0.01586100459098816 0.009295700117945671 0.9998310208320618 9.472799301147461
0.9998427629470825 0.005161759909242392 -0.016961926594376564 -0.8796863555908203 -0.005295366048812866 0.9999552369117737 -0.007841354236006737 0.233962744474411 0.01692068949341774 0.007929941639304161 0.9998254179954529 10.205804824829102
0.9998380541801453 0.00437046866863966 -0.017452485859394073 -0.8948303461074829 -0.0043494668789207935 0.9999896883964539 0.001241146819666028 0.22665604948997498 0.01745772920548916 -0.0011650370433926582 0.9998469352722168 10.974374771118164
0.9998311996459961 0.004119756631553173 -0.017903590574860573 -0.9144223928451538 -0.003959755413234234 0.9999520182609558 0.00896307174116373 0.21590861678123474 0.017939656972885132 -0.008890665136277676 0.9997995495796204 11.753060340881348
0.9998266696929932 0.0031176276970654726 -0.018356233835220337 -0.9312677979469299 -0.002907500835135579 0.9999300837516785 0.01146272849291563 0.21242384612560272 0.018390687182545662 -0.011407370679080486 0.9997658133506775 12.538628578186035
0.9998263716697693 0.0015286393463611603 -0.01857025921344757 -0.945396900177002 -0.0013363489415496588 0.9999454021453857 0.010362764820456505 0.21089008450508118 0.01858508214354515 -0.01033614668995142 0.9997738599777222 13.339473724365234
0.9998372793197632 0.001160924439318478 -0.018000178039073944 -0.9688124656677246 -0.0010180368553847075 0.9999679327011108 0.007945254445075989 0.20924554765224457 0.018008822575211525 -0.007925637997686863 0.9998064637184143 14.176867485046387
0.9998348951339722 0.0035577903036028147 -0.017816919833421707 -0.9865278005599976 -0.0034782621078193188 0.9999839067459106 0.004492591135203838 0.20924890041351318 0.017832614481449127 -0.004429877735674381 0.9998311996459961 15.012531280517578
0.9998614192008972 -6.322869739960879e-05 -0.01664198935031891 -1.0003546476364136 4.09842177759856e-05 0.9999991059303284 -0.0013370069209486246 0.20765896141529083 0.016642054542899132 0.0013361397432163358 0.9998605847358704 15.862930297851562
0.9998659491539001 -0.0029444543179124594 -0.016109339892864227 -1.0084381103515625 0.002822818700224161 0.9999673366546631 -0.007568139582872391 0.19727720320224762 0.016131095588207245 0.007521651219576597 0.9998416304588318 16.73695945739746
0.9998850226402283 -0.0016309230122715235 -0.01507838536053896 -1.0257409811019897 0.001436763210222125 0.9999159574508667 -0.012878554873168468 0.18136540055274963 0.015098120085895061 0.012855411507189274 0.999803364276886 17.62457847595215
0.9998876452445984 -0.00013512105215340853 -0.014987391419708729 -1.0462615489959717 -6.968835805309936e-05 0.999906599521637 -0.013664082624018192 0.16475343704223633 0.01498783752322197 0.01366359367966652 0.9997943043708801 18.53588104248047
0.9998851418495178 -0.0002199601149186492 -0.015154956839978695 -1.0698078870773315 2.210699676652439e-05 0.9999147653579712 -0.013054265640676022 0.14023521542549133 0.015156537294387817 0.013052431866526604 0.999799907207489 19.48270606994629
0.9998812079429626 0.0011202174937352538 -0.015371224842965603 -1.071284532546997 -0.0013441134942695498 0.9998930096626282 -0.014563319273293018 0.11591097712516785 0.015353262424468994 0.014582251198589802 0.999775767326355 20.41930389404297
0.9998764395713806 0.003812934271991253 -0.015250529162585735 -1.0920253992080688 -0.004066983237862587 0.9998529553413391 -0.01666221208870411 0.0947675108909607 0.015184752643108368 0.01672217808663845 0.9997448325157166 21.37335968017578
0.9998534321784973 0.007284895982593298 -0.015491765923798084 -1.116047978401184 -0.00755594065412879 0.9998181462287903 -0.017510078847408295 0.07101383805274963 0.015361391939222813 0.017624568194150925 0.9997266530990601 22.33716583251953
0.99984210729599 0.009365607984364033 -0.015094492584466934 -1.1527900695800781 -0.009629370644688606 0.9998005628585815 -0.017497116699814796 0.04260435700416565 0.014927608892321587 0.017639702185988426 0.9997329115867615 23.314498901367188
0.9998270273208618 0.010149923153221607 -0.015582427382469177 -1.1555664539337158 -0.010421001352369785 0.999794065952301 -0.017415009438991547 0.006832391023635864 0.01540245208889246 0.017574377357959747 0.9997268915176392 24.316499710083008
0.9998288154602051 0.010050836950540543 -0.015531589277088642 -1.1772003173828125 -0.010320254601538181 0.9997959733009338 -0.017364779487252235 -0.020709365606307983 0.01535388920456171 0.017522096633911133 0.9997285008430481 25.307411193847656
0.9998102188110352 0.010949818417429924 -0.016111284494400024 -1.1970161199569702 -0.011210446245968342 0.9998062252998352 -0.016176365315914154 -0.04952859878540039 0.015931032598018646 0.0163539070636034 0.9997393488883972 26.317649841308594
0.9998008608818054 0.011682731099426746 -0.016178902238607407 -1.2203452587127686 -0.011911756359040737 0.9998291730880737 -0.014132575131952763 -0.08188983798027039 0.016011031344532967 0.01432248018682003 0.9997692108154297 27.327777862548828
0.9997864961624146 0.012349199503660202 -0.01656966656446457 -1.2432278394699097 -0.012564857490360737 0.9998368620872498 -0.012974873185157776 -0.11137577891349792 0.01640673540532589 0.01318029873073101 0.9997785091400146 28.348562240600586
0.9997866153717041 0.011938988231122494 -0.016855798661708832 -1.2628477811813354 -0.012172467075288296 0.999830424785614 -0.01381770521402359 -0.14387530088424683 0.016687972471117973 0.01401993352919817 0.9997624158859253 29.372215270996094
0.9997668862342834 0.013826041482388973 -0.016581818461418152 -1.2905879020690918 -0.014074886217713356 0.9997886419296265 -0.014985311776399612 -0.1679529845714569 0.01637112908065319 0.01521520595997572 0.9997501969337463 30.40383529663086
0.9997690916061401 0.01330479234457016 -0.016873642802238464 -1.3148200511932373 -0.013537629507482052 0.9998137354850769 -0.013760589994490147 -0.19994790852069855 0.016687417402863503 0.01398584246635437 0.9997629523277283 31.44334602355957
0.9997611045837402 0.012986031360924244 -0.017585111781954765 -1.3346712589263916 -0.013185755349695683 0.9998493194580078 -0.011289535090327263 -0.2232794165611267 0.01743585243821144 0.011518710292875767 0.9997816681861877 32.49763107299805
0.9997509717941284 0.013062823563814163 -0.01808873936533928 -1.360025405883789 -0.013206317089498043 0.9998821020126343 -0.007836231030523777 -0.24724966287612915 0.017984237521886826 0.008073166012763977 0.9998056888580322 33.55744552612305
0.9997386932373047 0.01339876838028431 -0.018512804061174393 -1.3875958919525146 -0.013505060225725174 0.9998928904533386 -0.005628552287817001 -0.2692905366420746 0.018435407429933548 0.0058770980685949326 0.9998128414154053 34.619606018066406
0.9997327327728271 0.012703174725174904 -0.01932123489677906 -1.4067188501358032 -0.012796875089406967 0.9999068975448608 -0.00473371148109436 -0.2964414358139038 0.01925930567085743 0.004979697521775961 0.9998021125793457 35.685462951660156
0.9997268915176392 0.012618192471563816 -0.01967170089483261 -1.4371328353881836 -0.012745571322739124 0.9998984932899475 -0.006363287102431059 -0.31637534499168396 0.019589412957429886 0.006612277124077082 0.9997861981391907 36.762454986572266
0.999705970287323 0.013337516225874424 -0.02025029994547367 -1.46524977684021 -0.013480792753398418 0.9998849630355835 -0.006955451797693968 -0.33847475051879883 0.020155200734734535 0.007226395886391401 0.9997707605361938 37.852333068847656
0.9996965527534485 0.013153383508324623 -0.02082701213657856 -1.4952096939086914 -0.013278821483254433 0.9998944401741028 -0.005896023474633694 -0.355856716632843 0.020747261121869087 0.00617079297080636 0.9997657537460327 38.936378479003906
0.9996841549873352 0.01314584817737341 -0.021419335156679153 -1.5343830585479736 -0.01323636807501316 0.9999040961265564 -0.004089835099875927 -0.3788687288761139 0.021363515406847 0.004372057504951954 0.999762237071991 40.03197479248047
0.9996755123138428 0.012828732840716839 -0.02200801856815815 -1.5678036212921143 -0.012860774993896484 0.9999165534973145 -0.0013150498270988464 -0.40595102310180664 0.021989310160279274 0.0015976633876562119 0.999756932258606 41.119651794433594
0.9996379613876343 0.014254480600357056 -0.02281651273369789 -1.580324649810791 -0.014288210310041904 0.9998970031738281 -0.0013160466914996505 -0.431694895029068 0.022795405238866806 0.0016415775753557682 0.9997387528419495 42.200313568115234
0.9996122717857361 0.01545005477964878 -0.023162398487329483 -1.6139553785324097 -0.015572899952530861 0.9998655319213867 -0.005132748745381832 -0.45384180545806885 0.02307998575270176 0.005491464864462614 0.9997184872627258 43.2741584777832
0.9995871186256409 0.016790196299552917 -0.023318851366639137 -1.6465407609939575 -0.017009107396006584 0.9998127818107605 -0.009221204556524754 -0.4774778485298157 0.023159664124250412 0.00961402989923954 0.9996855854988098 44.36121368408203
0.9995841383934021 0.017216261476278305 -0.023135975003242493 -1.6891908645629883 -0.017438635230064392 0.9998033046722412 -0.009444501250982285 -0.5036143660545349 0.022968826815485954 0.009844033047556877 0.9996877312660217 45.43195724487305
0.9995779395103455 0.0174851231276989 -0.023200111463665962 -1.706055760383606 -0.017643386498093605 0.9998223185539246 -0.006634570192545652 -0.5328372716903687 0.02307998389005661 0.007041099481284618 0.9997088313102722 46.556880950927734
0.9995774626731873 0.017935339361429214 -0.022875551134347916 -1.7372171878814697 -0.01804329827427864 0.999826967716217 -0.0045217243023216724 -0.5584689378738403 0.022790495306253433 0.004932563751935959 0.9997281432151794 47.644683837890625
0.9995994567871094 0.016453931108117104 -0.02302663028240204 -1.770371675491333 -0.016540803015232086 0.99985671043396 -0.003587363287806511 -0.5766985416412354 0.02296430990099907 0.003966805525124073 0.9997284412384033 48.72712707519531
0.9996000528335571 0.016861960291862488 -0.02270364575088024 -1.7990443706512451 -0.016965482383966446 0.9998463988304138 -0.004374740645289421 -0.6031945943832397 0.022626396268606186 0.004758169408887625 0.9997326731681824 49.82420349121094
0.999625027179718 0.01594669185578823 -0.022259309887886047 -1.8284449577331543 -0.016087254509329796 0.9998517036437988 -0.006150043103843927 -0.6275796890258789 0.022157935425639153 0.006505828350782394 0.9997333288192749 50.923728942871094
0.9996297955513 0.015894891694188118 -0.02207796461880207 -1.8515105247497559 -0.016084574162960052 0.9998350143432617 -0.008440726436674595 -0.6489442586898804 0.021940156817436218 0.008792716078460217 0.9997206330299377 52.01557159423828
0.9996483325958252 0.015168015845119953 -0.021754590794444084 -1.8840521574020386 -0.015400780364871025 0.9998255968093872 -0.010572273284196854 -0.6860055923461914 0.02159043587744236 0.01090359315276146 0.9997074604034424 53.110740661621094
0.9996760487556458 0.013429973274469376 -0.021619213744997978 -1.9147377014160156 -0.013732682913541794 0.9998088479042053 -0.013914852403104305 -0.7195371985435486 0.021428203210234642 0.014207237400114536 0.9996693730354309 54.19799041748047
0.9996922016143799 0.01170756109058857 -0.02187155745923519 -1.9345474243164062 -0.01205330528318882 0.9998033046722412 -0.015743451192975044 -0.7509687542915344 0.021682938560843468 0.0160022284835577 0.9996368288993835 55.28748321533203
0.9997288584709167 0.010338951833546162 -0.020862556993961334 -1.9682426452636719 -0.010616783984005451 0.9998558163642883 -0.013250752352178097 -0.7877169847488403 0.02072254754602909 0.013468654826283455 0.9996945261955261 56.3674201965332
0.9997420907020569 0.008734509348869324 -0.02095942385494709 -1.991746187210083 -0.008900552056729794 0.9999296069145203 -0.007841902785003185 -0.8085066080093384 0.02088945545256138 0.008026430383324623 0.9997496008872986 57.48466491699219
0.9997566342353821 0.007230277173221111 -0.020841509103775024 -2.012688159942627 -0.007266524247825146 0.9999722242355347 -0.0016639004461467266 -0.8342515230178833 0.02082889713346958 0.0018149404786527157 0.9997814297676086 58.57585525512695
0.9997717142105103 0.005655580200254917 -0.020603539422154427 -2.0382864475250244 -0.005682467482984066 0.999983012676239 -0.0012466439511626959 -0.8556160926818848 0.02059614285826683 0.0013634383212774992 0.999786913394928 59.678504943847656
0.9997808933258057 0.0023582512512803078 -0.02080259658396244 -2.056601047515869 -0.002449611434713006 0.9999874234199524 -0.004367359913885593 -0.8723670244216919 0.02079203724861145 0.004417360760271549 0.9997740983963013 60.77452850341797
0.9997920989990234 0.0010880857007578015 -0.02035709284245968 -2.0883901119232178 -0.0012417089892551303 0.9999707937240601 -0.0075352732092142105 -0.8952351808547974 0.02034830115735531 0.007558985147625208 0.9997644424438477 61.86225509643555
0.999787449836731 0.0034210539888590574 -0.02033015713095665 -2.120407819747925 -0.0036510436329990625 0.9999296069145203 -0.011286391876637936 -0.9299604296684265 0.020290115848183632 0.011358218267560005 0.9997296333312988 62.968650817871094
0.9997822046279907 0.0036965510807931423 -0.02053784392774105 -2.1425163745880127 -0.004020630847662687 0.9998677968978882 -0.015760816633701324 -0.9558376669883728 0.020476868376135826 0.015839960426092148 0.999664843082428 64.06265258789062
0.9997782111167908 0.006662278436124325 -0.019976943731307983 -2.1719369888305664 -0.006991817150264978 0.9998399615287781 -0.01647176966071129 -0.9847134351730347 0.019864004105329514 0.01660779118537903 0.9996647834777832 65.16883850097656
0.9997759461402893 0.010243063792586327 -0.0185238029807806 -2.2179627418518066 -0.010477133095264435 0.9998658895492554 -0.012583511881530285 -1.0251621007919312 0.018392430618405342 0.012774772010743618 0.9997492432594299 66.2620620727539
0.999767005443573 0.011490472592413425 -0.01827196404337883 -2.2479352951049805 -0.011683720164000988 0.9998765587806702 -0.01050487905740738 -1.053045630455017 0.018149003386497498 0.010715918615460396 0.9997778534889221 67.35652923583984
0.9997682571411133 0.010689989663660526 -0.018683772534132004 -2.2664947509765625 -0.010873856022953987 0.9998931884765625 -0.00976718682795763 -1.080214023590088 0.018577368929982185 0.009968089871108532 0.9997777342796326 68.45588684082031
0.9997808337211609 0.009459576569497585 -0.01867588981986046 -2.2869625091552734 -0.009628601372241974 0.9999133348464966 -0.00898135919123888 -1.114225149154663 0.018589308485388756 0.009159214794635773 0.9997851848602295 69.56121063232422
0.9997906684875488 0.008443156257271767 -0.018636804074048996 -2.3139939308166504 -0.008583515882492065 0.9999353289604187 -0.007464217953383923 -1.1437156200408936 0.018572574481368065 0.00762262474745512 0.9997984170913696 70.65206909179688
0.9997943639755249 0.006720439530909061 -0.019130868837237358 -2.337559700012207 -0.006827772594988346 0.9999613165855408 -0.005550742149353027 -1.1702399253845215 0.019092824310064316 0.005680222064256668 0.999801516532898 71.7574462890625
0.9997871518135071 0.006085733883082867 -0.01971464604139328 -2.363506555557251 -0.0061606974340975285 0.9999739527702332 -0.003743954934179783 -1.2004302740097046 0.01969134993851185 0.0038646140601485968 0.9997986555099487 72.85225677490234
0.9997836947441101 0.005528881214559078 -0.02005164325237274 -2.391543388366699 -0.005621160846203566 0.9999738335609436 -0.004548670724034309 -1.2312347888946533 0.02002597041428089 0.004660400096327066 0.9997886419296265 73.9411849975586
0.9997665882110596 0.005611670669168234 -0.020862098783254623 -2.415644645690918 -0.0057938238605856895 0.9999455213546753 -0.008681072853505611 -1.2560312747955322 0.020812252536416054 0.008799917064607143 0.9997445940971375 75.02306365966797
0.9997442364692688 0.006160987075418234 -0.021762674674391747 -2.4399237632751465 -0.006399435922503471 0.9999200105667114 -0.010904158465564251 -1.2819514274597168 0.021693754941225052 0.011040636338293552 0.9997036457061768 76.10230255126953
0.9997193217277527 0.008035026490688324 -0.022287804633378983 -2.4715967178344727 -0.008240845054388046 0.9999240636825562 -0.009158137254416943 -1.310828685760498 0.022212520241737366 0.00933923665434122 0.9997096657752991 77.18602752685547
0.9996948838233948 0.009203783236443996 -0.022920439019799232 -2.5017054080963135 -0.009322459809482098 0.9999436736106873 -0.00507629569619894 -1.3332303762435913 0.022872427478432655 0.0052884239703416824 0.9997243881225586 78.26258087158203
0.9996734261512756 0.01019217073917389 -0.023430706933140755 -2.532052993774414 -0.010212636552751064 0.9999475479125977 -0.0007540151127614081 -1.3654942512512207 0.023421794176101685 0.000993058318272233 0.9997251033782959 79.34561920166016
0.9996450543403625 0.011342748068273067 -0.024105317890644073 -2.5666332244873047 -0.011347359046339989 0.9999356269836426 -5.445507122203708e-05 -1.3870010375976562 0.024103151634335518 0.00032796739833429456 0.99970942735672 80.41481018066406
0.9996351003646851 0.011378131806850433 -0.024497298523783684 -2.5996878147125244 -0.011442583985626698 0.9999313950538635 -0.0024924366734921932 -1.4033176898956299 0.024467259645462036 0.0027718397323042154 0.9996968507766724 81.48662567138672
0.9996256828308105 0.011199497617781162 -0.024961180984973907 -2.633875846862793 -0.011277767829596996 0.999932050704956 -0.002997053088620305 -1.4318702220916748 0.024925915524363518 0.0032774379942566156 0.9996839165687561 82.55835723876953
0.999616265296936 0.010459311306476593 -0.025652706623077393 -2.6608824729919434 -0.010540938004851341 0.9999399185180664 -0.0030488220509141684 -1.456554651260376 0.025619275867938995 0.003318055532872677 0.9996662735939026 83.61176300048828
0.9996080994606018 0.009182524867355824 -0.026442451402544975 -2.693347692489624 -0.009261321276426315 0.999953031539917 -0.002859045285731554 -1.4757167100906372 0.026414945721626282 0.0031028171069920063 0.9996462464332581 84.65756225585938
0.9996042847633362 0.00811986718326807 -0.02693166770040989 -2.721116065979004 -0.008161377161741257 0.9999656677246094 -0.0014317617751657963 -1.5033791065216064 0.02691911906003952 0.0016509947599843144 0.9996362328529358 85.68231201171875
0.999596118927002 0.008493966422975063 -0.027118658646941185 -2.7571499347686768 -0.00846119038760662 0.9999632835388184 0.0013231165939942002 -1.526725172996521 0.027128910645842552 -0.0010931260185316205 0.9996313452720642 86.68461608886719
0.9995719194412231 0.007379030808806419 -0.0283140167593956 -2.7905712127685547 -0.007315157447010279 0.9999704360961914 0.002358783967792988 -1.5502586364746094 0.028330594301223755 -0.002150652464479208 0.9995962381362915 87.6636734008789
0.9995114207267761 0.006351343356072903 -0.030600905418395996 -2.8217837810516357 -0.006277038715779781 0.9999771118164062 0.0025236255023628473 -1.5699268579483032 0.030616240575909615 -0.0023303101770579815 0.9995284676551819 88.63667297363281
0.9994078874588013 0.005575611721724272 -0.033949971199035645 -2.8569042682647705 -0.005523548927158117 0.9999834895133972 0.0016271243803203106 -1.590434193611145 0.03395848721265793 -0.0014386370312422514 0.9994222521781921 89.56813049316406
0.9992949962615967 0.00532909482717514 -0.03716350719332695 -2.898688554763794 -0.005307099781930447 0.9999856948852539 0.0006904789479449391 -1.6098445653915405 0.03716664761304855 -0.0004927619593217969 0.9993088841438293 90.49420166015625
0.9991747736930847 0.005192892160266638 -0.0402844101190567 -2.941281795501709 -0.00514977565035224 0.9999859929084778 0.001174011267721653 -1.6306700706481934 0.04028995335102081 -0.0009655863977968693 0.9991875886917114 91.38927459716797
0.9990410208702087 0.006332554388791323 -0.04332277551293373 -2.9863739013671875 -0.0062418654561042786 0.9999780654907227 0.0022282786667346954 -1.6487008333206177 0.0433359369635582 -0.0019557266496121883 0.9990586638450623 92.2551040649414
0.998907208442688 0.007138067856431007 -0.04618925228714943 -3.0359244346618652 -0.0069930534809827805 0.9999701976776123 0.0033003701828420162 -1.6667239665985107 0.04621144011616707 -0.0029737602453678846 0.9989271759986877 93.097412109375
0.9987401366233826 0.008484833873808384 -0.04945923388004303 -3.079087972640991 -0.008250782266259193 0.9999538064002991 0.0049344561994075775 -1.6827635765075684 0.049498822540044785 -0.004520162008702755 0.9987638592720032 93.91596984863281
0.9986133575439453 0.009616214781999588 -0.05175727978348732 -3.134462356567383 -0.009340719319880009 0.9999408721923828 0.005562102422118187 -1.6981700658798218 0.0518077090382576 -0.005070940591394901 0.998644232749939 94.70267486572266
0.9984537363052368 0.011900443583726883 -0.05429999902844429 -3.1824541091918945 -0.01157678384333849 0.9999133348464966 0.006271286867558956 -1.7185711860656738 0.05436992272734642 -0.005632970482110977 0.9985049962997437 95.47238159179688
0.9982602000236511 0.013656255789101124 -0.0573577880859375 -3.2267117500305176 -0.013383999466896057 0.9998973608016968 0.005128112621605396 -1.7335909605026245 0.05742191895842552 -0.004351513460278511 0.9983405470848083 96.20357513427734
0.9981064200401306 0.015069631859660149 -0.059637852013111115 -3.2821125984191895 -0.015005596913397312 0.9998862147331238 0.0015214881859719753 -1.7529643774032593 0.05965400114655495 -0.0006237048655748367 0.9982188940048218 96.8958740234375
0.9979164600372314 0.017717355862259865 -0.062038395553827286 -3.340034246444702 -0.017883772030472755 0.9998376965522766 -0.002128198742866516 -1.7671221494674683 0.061990611255168915 0.0032332460395991802 0.998071551322937 97.57344818115234
0.9977537989616394 0.019280387088656425 -0.0641528069972992 -3.3865716457366943 -0.019642336294054985 0.9997945427894592 -0.005016016773879528 -1.7841219902038574 0.06404291093349457 0.006264862604439259 0.9979274868965149 98.20581817626953
0.9976682066917419 0.021498821675777435 -0.06477539241313934 -3.436248779296875 -0.02192593552172184 0.9997421503067017 -0.005890054162591696 -1.7989705801010132 0.06463206559419632 0.00729658268392086 0.9978825449943542 98.82232666015625
0.9976575970649719 0.0236830934882164 -0.06417396664619446 -3.476738452911377 -0.024069832637906075 0.9996964335441589 -0.0052598570473492146 -1.8192521333694458 0.06402992457151413 0.006792192813009024 0.9979248642921448 99.41368103027344
0.9977352619171143 0.02771907113492489 -0.061285775154829025 -3.5164778232574463 -0.02800293080508709 0.9996007084846497 -0.0037774958182126284 -1.8343491554260254 0.06115659326314926 0.005485122092068195 0.9981131553649902 99.98236083984375
0.9980010986328125 0.030188063159585 -0.055520642548799515 -3.554936408996582 -0.03037547878921032 0.9995353817939758 -0.0025345494505017996 -1.8464500904083252 0.05541833117604256 0.004215950146317482 0.9984543323516846 100.51995849609375
0.9983546733856201 0.031020406633615494 -0.04822641611099243 -3.5773367881774902 -0.03107159212231636 0.9995170831680298 -0.0003118859604001045 -1.8648490905761719 0.04819345474243164 0.0018098442815244198 0.9988364577293396 101.04045104980469
0.9987739324569702 0.03093990683555603 -0.038643285632133484 -3.593463182449341 -0.03088539093732834 0.9995208382606506 0.0020071095786988735 -1.8787084817886353 0.03868687152862549 -0.0008111344650387764 0.9992510080337524 101.54512023925781
0.9991812109947205 0.03037000074982643 -0.026731159538030624 -3.601813793182373 -0.030298447236418724 0.9995361566543579 0.003077888395637274 -1.8893296718597412 0.026812240481376648 -0.0022654556669294834 0.9996379613876343 102.02774810791016
0.999481201171875 0.029341965913772583 -0.013275079429149628 -3.5996384620666504 -0.029303831979632378 0.999565839767456 0.003058403730392456 -1.8997478485107422 0.013359058648347855 -0.0026678075082600117 0.9999072551727295 102.48046112060547
0.9995668530464172 0.02933385968208313 0.0023608654737472534 -3.5988428592681885 -0.029339099302887917 0.9995670318603516 0.0022157765924930573 -1.9118293523788452 -0.0022948458790779114 -0.0022840825840830803 0.9999947547912598 102.92391967773438
0.9994432330131531 0.027263889089226723 0.019229236990213394 -3.5547494888305664 -0.02725709043443203 0.9996282458305359 -0.0006155524752102792 -1.9285807609558105 -0.019238868728280067 9.107671212404966e-05 0.9998149275779724 103.32852172851562
0.9988036751747131 0.026926297694444656 0.04081748425960541 -3.5274877548217773 -0.026730895042419434 0.9996284246444702 -0.005325639620423317 -1.9390621185302734 -0.04094572365283966 0.004228181671351194 0.9991524815559387 103.74639892578125
0.9975607991218567 0.02512492798268795 0.06512468308210373 -3.4810009002685547 -0.0245062243193388 0.9996467232704163 -0.010281972587108612 -1.949183464050293 -0.06536001712083817 0.008660933002829552 0.9978241324424744 104.14917755126953
0.995491623878479 0.0226884838193655 0.0920955240726471 -3.417797088623047 -0.0215715654194355 0.9996813535690308 -0.013105378486216068 -1.9626158475875854 -0.09236352890729904 0.011059651151299477 0.9956640005111694 104.5544662475586
0.9923539757728577 0.01996508613228798 0.12179873883724213 -3.3378286361694336 -0.018336452543735504 0.9997270703315735 -0.014477879740297794 -1.973829984664917 -0.1220545619726181 0.01213382463902235 0.9924492835998535 104.95672607421875
0.9879247546195984 0.017724646255373955 0.15391680598258972 -3.2494239807128906 -0.015380080789327621 0.9997470378875732 -0.01641015335917473 -1.9879279136657715 -0.1541687250137329 0.013844745233654976 0.9879475831985474 105.33226776123047
0.9817306995391846 0.014882773160934448 0.18969261646270752 -3.155057907104492 -0.011715459637343884 0.9997727870941162 -0.017807580530643463 -2.0086870193481445 -0.1899145245552063 0.015259911306202412 0.9816820621490479 105.69271850585938
0.9735965132713318 0.01124416384845972 0.2279985249042511 -3.0421981811523438 -0.007295087445527315 0.9998086094856262 -0.018155982717871666 -2.0237298011779785 -0.22815902531147003 0.016013331711292267 0.9734922051429749 106.03704833984375
0.963455080986023 0.009577091783285141 0.2676984965801239 -2.916229248046875 -0.004668892826884985 0.9998092651367188 -0.018965357914566994 -2.0394647121429443 -0.2678290903568268 0.01702241785824299 0.963316023349762 106.38156127929688
0.9509083032608032 0.010952427051961422 0.3092789947986603 -2.779611587524414 -0.004988234024494886 0.9997861981391907 -0.020068401470780373 -2.055229663848877 -0.30943262577056885 0.017540453001856804 0.9507595896720886 106.70875549316406
0.9352973103523254 0.012113296426832676 0.3536555767059326 -2.6456146240234375 -0.005236769560724497 0.9997783303260803 -0.020394625142216682 -2.075922966003418 -0.353824257850647 0.017223021015524864 0.9351534247398376 107.0076904296875
0.9171172380447388 0.011975125409662724 0.39843761920928955 -2.464385986328125 -0.00455204863101244 0.999798059463501 -0.01957130804657936 -2.0844404697418213 -0.3985915184020996 0.016135478392243385 0.9169865250587463 107.337646484375
0.8964981436729431 0.011458604596555233 0.4428991973400116 -2.2789459228515625 -0.0035729226656258106 0.9998198747634888 -0.018634993582963943 -2.0944595336914062 -0.4430329501628876 0.015123792923986912 0.8963777422904968 107.64302825927734
0.8728799819946289 0.010734309442341328 0.4878169298171997 -2.08282470703125 -0.001570119638927281 0.9998146295547485 -0.019191201776266098 -2.1087870597839355 -0.4879325032234192 0.015985684469342232 0.8727349638938904 107.93204498291016
0.8472149968147278 0.011093429289758205 0.5311342477798462 -1.8697891235351562 0.00012933416292071342 0.999777615070343 -0.02108795754611492 -2.1278035640716553 -0.53125 0.017934730276465416 0.8470252156257629 108.21041107177734
0.8191542625427246 0.013071531429886818 0.5734241604804993 -1.6450424194335938 0.0010288453195244074 0.9997051954269409 -0.024258585646748543 -2.146677017211914 -0.5735721588134766 0.020461492240428925 0.8188993334770203 108.47773742675781
0.7878448367118835 0.017336562275886536 0.6156296133995056 -1.4051742553710938 -0.00010707136243581772 0.9996075630187988 -0.028012629598379135 -2.168346405029297 -0.6158736348152161 0.022003687918186188 0.7875375151634216 108.74752044677734
0.75364089012146 0.02361774630844593 0.6568619012832642 -1.1458969116210938 -0.003504534251987934 0.9994843602180481 -0.03191600739955902 -2.183382749557495 -0.6572769284248352 0.021751215681433678 0.7533351182937622 109.00975036621094
0.7166624665260315 0.02860807627439499 0.6968332529067993 -0.8632125854492188 -0.0045037949457764626 0.9993274211883545 -0.03639483451843262 -2.1781933307647705 -0.6974055767059326 0.02294442057609558 0.7163091897964478 109.24671936035156
0.6781620979309082 0.028883377090096474 0.7343446016311646 -0.5631637573242188 -0.003294147551059723 0.9993368983268738 -0.036263979971408844 -2.2041127681732178 -0.7349048852920532 0.022173816338181496 0.6778074502944946 109.44857788085938
0.6382596492767334 0.025872662663459778 0.7693862318992615 -0.2644309997558594 0.002390175359323621 0.9993637800216675 -0.035589076578617096 -2.2075514793395996 -0.7698174118995667 0.024554044008255005 0.6377916932106018 109.60807800292969
0.5936157703399658 0.02397262677550316 0.8043914437294006 0.062229156494140625 0.003651818260550499 0.9994655847549438 -0.03248119354248047 -2.2217631340026855 -0.804740309715271 0.022218842059373856 0.5932110548019409 109.80941772460938
0.5473714470863342 0.02221238985657692 0.8365947604179382 0.404876708984375 0.005500826984643936 0.9995306134223938 -0.030137591063976288 -2.229893445968628 -0.8368715643882751 0.02109842374920845 0.5469924211502075 109.98695373535156
0.4993201494216919 0.020061535760760307 0.8661852478981018 0.7589607238769531 0.0072944508865475655 0.9995990991592407 -0.027356458827853203 -2.2404563426971436 -0.8663867712020874 0.019977977499365807 0.4989737570285797 110.14441680908203
0.44772517681121826 0.015930049121379852 0.8940292596817017 1.1276168823242188 0.009704493917524815 0.9996958374977112 -0.022672802209854126 -2.2613489627838135 -0.8941184282302856 0.018827291205525398 0.44743451476097107 110.29702758789062
0.39557722210884094 0.01659570448100567 0.9182827472686768 1.4835357666015625 0.006091168150305748 0.9997673630714417 -0.020692287012934685 -2.2821812629699707 -0.9184125065803528 0.013778810389339924 0.3953841030597687 110.41455078125
0.3438328802585602 0.021561676636338234 0.9387832283973694 1.8660240173339844 0.002372564747929573 0.9997131824493408 -0.023830058053135872 -2.2970590591430664 -0.9390278458595276 0.010420882143080235 0.3436831533908844 110.52704620361328
0.29378727078437805 0.026402851566672325 0.9555060863494873 2.2478466033935547 0.0023418955970555544 0.9995956420898438 -0.028341203927993774 -2.3116636276245117 -0.9558679461479187 0.010563979856669903 0.29360660910606384 110.60808563232422
0.2475327104330063 0.02857433632016182 0.9684581160545349 2.6548004150390625 0.004083385691046715 0.9995254874229431 -0.030534669756889343 -2.323030948638916 -0.968870997428894 0.01151291560381651 0.24729850888252258 110.67202758789062
0.20617158710956573 0.028346434235572815 0.9781051874160767 3.072477340698242 0.01091182790696621 0.9994515776634216 -0.03126514330506325 -2.3418469429016113 -0.9784550070762634 0.017118899151682854 0.20574919879436493 110.72257995605469
0.17089398205280304 0.028478242456912994 0.9848777651786804 3.5144405364990234 0.018780095502734184 0.9993064999580383 -0.0321541428565979 -2.3509361743927 -0.9851104021072388 0.023991050198674202 0.17024068534374237 110.76654815673828
0.140326127409935 0.029428323730826378 0.9896678924560547 3.9354066848754883 0.023567218333482742 0.9991757273674011 -0.03305266052484512 -2.3702404499053955 -0.9898248314857483 0.027961870655417442 0.1395168900489807 110.79949951171875
0.1123189628124237 0.02764412760734558 0.9932875633239746 4.4079389572143555 0.021890932694077492 0.9993014335632324 -0.0302868839353323 -2.3896665573120117 -0.9934311509132385 0.02514578029513359 0.11163537204265594 110.83635711669922
0.08660908043384552 0.024147039279341698 0.9959496855735779 4.898948669433594 0.01577121764421463 0.9995477795600891 -0.025605760514736176 -2.4027669429779053 -0.9961176514625549 0.01792502962052822 0.08618909865617752 110.87674713134766
0.0629822313785553 0.020166976377367973 0.9978108406066895 5.404616832733154 0.011002801358699799 0.9997209906578064 -0.02090008370578289 -2.4201653003692627 -0.9979540705680847 0.012295047752559185 0.06274276971817017 110.9018325805664
0.04031219333410263 0.01780151203274727 0.9990285634994507 5.931238174438477 0.014708105474710464 0.9997223615646362 -0.018407367169857025 -2.4401190280914307 -0.9990789294242859 0.015435858629643917 0.040039174258708954 110.90937805175781
0.020306453108787537 0.018465138971805573 0.9996232986450195 6.464716911315918 0.023303257301449776 0.9995490908622742 -0.01893715187907219 -2.4607362747192383 -0.9995222091674805 0.02367902174592018 0.019867025315761566 110.89169311523438
0.002646961947903037 0.02113404870033264 0.9997731447219849 7.0138373374938965 0.026740262284874916 0.9994176626205444 -0.021197333931922913 -2.4783663749694824 -0.9996389150619507 0.026790304109454155 0.0020802903454750776 110.88280487060547
-0.011754973791539669 0.026499399915337563 0.9995796084403992 7.583277225494385 0.02736935205757618 0.9992827773094177 -0.026169665157794952 -2.4894254207611084 -0.999556303024292 0.02705022692680359 -0.012471813708543777 110.86933898925781
-0.022548720240592957 0.031042881309986115 0.9992637038230896 8.181097984313965 0.025265172123908997 0.9992163777351379 -0.03047129139304161 -2.5021071434020996 -0.9994264245033264 0.02455948106944561 -0.02331535331904888 110.85702514648438
-0.02940172329545021 0.0308298971503973 0.9990921020507812 8.796382904052734 0.02602984569966793 0.9992088079452515 -0.030067482963204384 -2.526486396789551 -0.9992287755012512 0.025122173130512238 -0.030180957168340683 110.83944702148438
-0.03135570138692856 0.02806582860648632 0.9991141557693481 9.458133697509766 0.03316827118396759 0.9990843534469604 -0.027024058625102043 -2.539989709854126 -0.9989578127861023 0.032291531562805176 -0.03225788474082947 110.80323791503906
-0.030917370691895485 0.02623683214187622 0.9991774559020996 10.112397193908691 0.03460587188601494 0.9990841746330261 -0.025163576006889343 -2.5633187294006348 -0.9989227652549744 0.0337994247674942 -0.03179699927568436 110.77906036376953
-0.02908528782427311 0.0259014330804348 0.9992412328720093 10.784662246704102 0.03340824693441391 0.9991308450698853 -0.024926146492362022 -2.58744478225708 -0.9990184903144836 0.032657917588949203 -0.029925327748060226 110.76485443115234
-0.0274056289345026 0.02607620321214199 0.9992841482162476 11.48331356048584 0.03037123754620552 0.9992198944091797 -0.025241583585739136 -2.614758253097534 -0.9991628527641296 0.029657740145921707 -0.028176218271255493 110.75161743164062
-0.026223542168736458 0.027342962101101875 0.9992820620536804 12.198431968688965 0.029756586998701096 0.9992042183876038 -0.026559943333268166 -2.6316442489624023 -0.9992130994796753 0.02903873473405838 -0.027016310021281242 110.739013671875
-0.025549549609422684 0.028220413252711296 0.9992752075195312 12.91374397277832 0.028826283290982246 0.99920654296875 -0.0274814460426569 -2.6610751152038574 -0.9992578029632568 0.02810325287282467 -0.026342768222093582 110.73088073730469
-0.024969492107629776 0.02770688571035862 0.9993041753768921 13.665304183959961 0.028159040957689285 0.9992386698722839 -0.02700146660208702 -2.683967351913452 -0.9992915987968445 0.027465233579277992 -0.0257306806743145 110.7249755859375
