0.9999913573265076 0.003977901302278042 0.0012311824830248952 0.2358599156141281 -0.0039792973548173904 0.9999914169311523 0.0011333227157592773 0.251264363527298 -0.0012266637058928609 -0.0011382121592760086 0.9999986290931702 -1.6501556634902954
0.9999972581863403 0.0023566687013953924 -0.0002078623219858855 0.23404058814048767 -0.0023566260933876038 0.9999971985816956 0.00020700041204690933 0.24421101808547974 0.00020834944734815508 -0.00020651001250371337 0.9999999403953552 -1.0859040021896362
0.9999969601631165 0.002169968094676733 -0.0011785560054704547 0.2292708456516266 -0.0021716610062867403 0.9999966025352478 -0.0014366235118359327 0.23489871621131897 0.001175434561446309 0.0014391787117347121 0.9999983310699463 -0.530634343624115
0.9999934434890747 0.0014690677635371685 -0.003318587550893426 0.2288588136434555 -0.0014770000707358122 0.9999960660934448 -0.0023890696465969086 0.21802954375743866 0.0033150645904242992 0.002393955597653985 0.9999916553497314 0.035195592790842056
0.9999866485595703 -0.0003861172590404749 -0.005155149381607771 0.2182769924402237 0.00036351551534608006 0.9999903440475464 -0.0043844785541296005 0.21248169243335724 0.00515679270029068 0.004382546059787273 0.9999771118164062 0.6015478372573853
0.9999696016311646 -0.0033805943094193935 -0.007023814599961042 0.22143222391605377 0.0033400931861251593 0.999977707862854 -0.005769917741417885 0.1882992833852768 0.007043164223432541 0.005746282637119293 0.9999586939811707 1.165812373161316
0.9999529719352722 -0.0046174474991858006 -0.008529202081263065 0.2150467336177826 0.004563410300761461 0.9999694228172302 -0.006344204302877188 0.17601895332336426 0.008558237925171852 0.006304983049631119 0.9999434947967529 1.737000823020935
0.9999416470527649 -0.004621005617082119 -0.009760692715644836 0.2015676200389862 0.004565434064716101 0.9999732375144958 -0.0057081189006567 0.1639396995306015 0.009786809794604778 0.005663223098963499 0.999936044216156 2.3158504962921143
0.99992835521698 -0.005044064484536648 -0.010858024470508099 0.19274885952472687 0.004977312870323658 0.9999686479568481 -0.006165926344692707 0.15194548666477203 0.010888786055147648 0.006111439783126116 0.9999220371246338 2.91304349899292
0.9999165534973145 -0.004439337179064751 -0.012133431620895863 0.18375277519226074 0.004332833457738161 0.999951958656311 -0.00879002921283245 0.1349397450685501 0.012171871960163116 0.00873672403395176 0.9998877048492432 3.5053069591522217
0.9999070167541504 -0.0027416725642979145 -0.013357004150748253 0.16910149157047272 0.0025734344962984324 0.9999173283576965 -0.012596550397574902 0.12109842151403427 0.013390435837209225 0.012561005540192127 0.9998314380645752 4.1118903160095215
0.9998907446861267 -0.0014914940111339092 -0.014709098264575005 0.15326999127864838 0.0012506701750680804 0.9998652338981628 -0.01636812835931778 0.11070560663938522 0.014731526374816895 0.016347944736480713 0.9997578859329224 4.724925994873047
0.9998753070831299 0.0004889973788522184 -0.015786802396178246 0.13410240411758423 -0.0007476451573893428 0.9998654723167419 -0.016382144764065742 0.09756486862897873 0.01577666774392128 0.016391905024647713 0.9997411966323853 5.3549017906188965
0.9998495578765869 0.0025779670104384422 -0.01715361326932907 0.12437047809362411 -0.002741970354691148 0.999950647354126 -0.009544203989207745 0.08873260766267776 0.01712816394865513 0.009589801542460918 0.9998072981834412 5.995955467224121
0.9998416304588318 0.003520372323691845 -0.01743948832154274 0.10243703424930573 -0.0035001388750970364 0.9999931454658508 0.00119059591088444 0.07557577639818192 0.01744355820119381 -0.0011293675052002072 0.9998472332954407 6.658726692199707
0.9998192191123962 0.0043667093850672245 -0.018504321575164795 0.08797163516283035 -0.004225429613143206 0.9999617338180542 0.00766720250248909 0.06685560196638107 0.018537096679210663 -0.007587626576423645 0.999799370765686 7.342374801635742
0.9997768402099609 0.006779049057513475 -0.02001311257481575 0.07089895009994507 -0.0066497535444796085 0.9999567270278931 0.006520039401948452 0.053750962018966675 0.02005644328892231 -0.006385503336787224 0.9997784495353699 8.026872634887695
0.9997511506080627 0.008749076165258884 -0.020520459860563278 0.04449980705976486 -0.008765343576669693 0.9999613165855408 -0.0007029121043160558 0.048891931772232056 0.020513515919446945 0.0008826053235679865 0.9997891783714294 8.719120025634766
0.9997265338897705 0.00845463015139103 -0.02180149033665657 0.02876127138733864 -0.008600247092545033 0.9999412298202515 -0.006594148464500904 0.04960861802101135 0.021744461730122566 0.006779843475669622 0.9997405409812927 9.426116943359375
0.9997172951698303 0.0059944516979157925 -0.023007038980722427 0.011023403145372868 -0.006111102644354105 0.9999687671661377 -0.005003280006349087 0.04866071790456772 0.022976331412792206 0.005142464302480221 0.9997227191925049 10.166258811950684
0.999714732170105 0.005494070705026388 -0.023249449208378792 -0.01024782657623291 -0.005393041297793388 0.9999757409095764 0.0044059450738132 0.03590806946158409 0.02327309362590313 -0.004279302433133125 0.9997199773788452 10.920320510864258
0.9997115731239319 0.004926006309688091 -0.023507384583353996 -0.03283091261982918 -0.0046471888199448586 0.9999183416366577 0.011900783516466618 0.03188853710889816 0.023564089089632034 -0.011788105592131615 0.9996528029441833 11.695999145507812
0.9997004866600037 0.004181919619441032 -0.024110548198223114 -0.05606227368116379 -0.003839796641841531 0.999891459941864 0.014218638651072979 0.03218288719654083 0.024167392402887344 -0.014121802523732185 0.9996081590652466 12.4857759475708
0.9997020959854126 0.0023756062146276236 -0.024290885776281357 -0.07484719902276993 -0.0020531543996185064 0.9999095797538757 0.013290942646563053 0.03308604657649994 0.024320263415575027 -0.01323711033910513 0.9996166229248047 13.29058837890625
0.9997173547744751 0.0018019360722973943 -0.023705370724201202 -0.09751635044813156 -0.0015445956960320473 0.9999396800994873 0.01086961105465889 0.03318597748875618 0.023723531514406204 -0.010829922743141651 0.9996598958969116 14.122496604919434
0.9997216463088989 0.004548482596874237 -0.023151656612753868 -0.1219748705625534 -0.0043737576343119144 0.9999615550041199 0.0075920093804597855 0.03231050446629524 0.023185299709439278 -0.0074886358343064785 0.9997031688690186 14.960116386413574
0.9997479915618896 0.0010569295845925808 -0.022423621267080307 -0.13972175121307373 -0.0010149599984288216 0.9999977350234985 0.001882967771962285 0.030466195195913315 0.022425560280680656 -0.0018597360467538238 0.9997467994689941 15.813901901245117
0.9997630715370178 -0.0014507485320791602 -0.021714787930250168 -0.1595347374677658 0.0013544736430048943 0.9999892115592957 -0.00444767577573657 0.021404359489679337 0.0217210054397583 0.004417210351675749 0.9997543096542358 16.688581466674805
0.9997805953025818 -0.0006938739097677171 -0.020934248343110085 -0.17231713235378265 0.0004899309133179486 0.9999523758888245 -0.009745660237967968 0.010367893613874912 0.020940013229846954 0.009733264334499836 0.9997332692146301 17.592872619628906
0.9997918605804443 0.0005324295489117503 -0.020394962280988693 -0.200663223862648 -0.0007472817087545991 0.9999442100524902 -0.01052839308977127 -0.00350101082585752 0.020388221368193626 0.010541441850364208 0.999736487865448 18.497222900390625
0.9997732639312744 0.0006317677325569093 -0.021283302456140518 -0.21635326743125916 -0.0008454333292320371 0.9999493360519409 -0.0100316246971488 -0.019877376034855843 0.02127588726580143 0.010047344490885735 0.9997231364250183 19.433835983276367
0.9997779726982117 0.002174727153033018 -0.020958317443728447 -0.24734844267368317 -0.0024133664555847645 0.9999324679374695 -0.011367822997272015 -0.04398804530501366 0.020932184532284737 0.011415878310799599 0.9997156858444214 20.374286651611328
0.9997656941413879 0.005323037039488554 -0.020977212116122246 -0.2699730396270752 -0.00560718635097146 0.9998930096626282 -0.013510185293853283 -0.06513731926679611 0.020903050899505615 0.013624644838273525 0.9996886849403381 21.32817268371582
0.9997389316558838 0.00858389213681221 -0.02117186412215233 -0.29895949363708496 -0.008889460004866123 0.9998570680618286 -0.014381111599504948 -0.08603488653898239 0.021045390516519547 0.014565566554665565 0.9996724724769592 22.29339027404785
0.9997238516807556 0.010453073307871819 -0.021046651527285576 -0.33117181062698364 -0.010752031579613686 0.9998421669006348 -0.014141865074634552 -0.11282550543546677 0.020895501598715782 0.014364252798259258 0.9996784925460815 23.270048141479492
0.9997100234031677 0.01143236830830574 -0.02119324542582035 -0.36083686351776123 -0.01173713244497776 0.9998287558555603 -0.01431205216795206 -0.1364520639181137 0.021025994792580605 0.014556651934981346 0.9996730089187622 24.25089454650879
0.9997062683105469 0.010821722447872162 -0.021684976294636726 -0.3774118721485138 -0.011134739965200424 0.9998347759246826 -0.014366351999342442 -0.16023920476436615 0.021525925025343895 0.01460359338670969 0.9996616840362549 25.23063087463379
0.9996907711029053 0.011567635461688042 -0.022011272609233856 -0.39863085746765137 -0.01185827236622572 0.9998435378074646 -0.013119629584252834 -0.19325783848762512 0.021856067702174187 0.013376588001847267 0.9996716380119324 26.253067016601562
0.9996756315231323 0.012321650050580502 -0.022284166887402534 -0.42569562792778015 -0.012566809542477131 0.9998615980148315 -0.010895052924752235 -0.220675528049469 0.022146839648485184 0.011171560734510422 0.9996923208236694 27.27043914794922
0.9996650815010071 0.012779380194842815 -0.02249894104897976 -0.4537373185157776 -0.012998178601264954 0.9998692870140076 -0.009605588391423225 -0.24811628460884094 0.022373247891664505 0.00989481806755066 0.9997007250785828 28.291154861450195
0.9996535181999207 0.013218813575804234 -0.022757381200790405 -0.4771563410758972 -0.013464061543345451 0.9998525381088257 -0.010657296516001225 -0.271345317363739 0.022613149136304855 0.010960010811686516 0.9996842741966248 29.325429916381836
0.9996333718299866 0.01464966032654047 -0.02276797965168953 -0.5148513913154602 -0.014929109252989292 0.9998146295547485 -0.012152652256190777 -0.2910231053829193 0.022585730999708176 0.012488104403018951 0.9996669292449951 30.32722282409668
0.9996303915977478 0.014156254939734936 -0.023204823955893517 -0.5436984896659851 -0.014412150718271732 0.9998367428779602 -0.010897799395024776 -0.31967681646347046 0.023046763613820076 0.011228205636143684 0.9996713995933533 31.362903594970703
0.9996243715286255 0.01406208798289299 -0.023524722084403038 -0.5772270560264587 -0.014267904683947563 0.9998611211776733 -0.008604058064520359 -0.3398849666118622 0.02340046502649784 0.008936475031077862 0.9996863007545471 32.41752243041992
0.9996128678321838 0.014074255712330341 -0.02400045096874237 -0.6084446310997009 -0.014194593764841557 0.9998874664306641 -0.004851009231060743 -0.36347562074661255 0.023929478600621223 0.005189806688576937 0.9997001886367798 33.46842956542969
0.999594509601593 0.014052734710276127 -0.02477026730775833 -0.6338311433792114 -0.014120683073997498 0.9998970031738281 -0.002570271259173751 -0.38571539521217346 0.024731598794460297 0.002919002203270793 0.9996898770332336 34.556217193603516
0.9995812177658081 0.014361405745148659 -0.025123046711087227 -0.6675269603729248 -0.014417516998946667 0.9998939633369446 -0.002053722972050309 -0.4026404023170471 0.025090888142585754 0.0024150749668478966 0.9996823072433472 35.62755584716797
0.9995699524879456 0.013661027885973454 -0.025948133319616318 -0.6958571672439575 -0.013754185289144516 0.9998996257781982 -0.003415021114051342 -0.4236047863960266 0.025898877531290054 0.0037704473361372948 0.9996574521064758 36.717041015625
0.9995484948158264 0.014233291149139404 -0.026460755616426468 -0.7350959777832031 -0.014345954172313213 0.9998887777328491 -0.004072791431099176 -0.44015589356422424 0.026399843394756317 0.004450557287782431 0.9996415376663208 37.79603576660156
0.9995439648628235 0.013700123876333237 -0.026909315958619118 -0.7714568972587585 -0.013784587383270264 0.9999006390571594 -0.0029557552188634872 -0.4618344306945801 0.02686614915728569 0.0033253401052206755 0.9996334910392761 38.872894287109375
0.9995071291923523 0.014354711398482323 -0.027919521555304527 -0.8055119514465332 -0.014394541271030903 0.9998956322669983 -0.0012260230723768473 -0.4756235182285309 0.027899010106921196 0.0016273068031296134 0.9996094703674316 39.959590911865234
0.9995035529136658 0.013739330694079399 -0.02835400030016899 -0.845886766910553 -0.01369511429220438 0.9999046921730042 0.001753060962073505 -0.5034492015838623 0.028375383466482162 -0.0013638791861012578 0.9995964169502258 41.0513801574707
0.9994726181030273 0.015495380386710167 -0.028534332290291786 -0.8915415406227112 -0.015458243899047375 0.9998794198036194 0.0015216334722936153 -0.5225059986114502 0.028554467484354973 -0.0010797401191666722 0.9995916485786438 42.12686538696289
0.9994328022003174 0.017011519521474838 -0.02906423807144165 -0.9190285801887512 -0.01708747074007988 0.9998512268066406 -0.0023667938075959682 -0.544558584690094 0.029019655659794807 0.0028620862867683172 0.9995747208595276 43.21928405761719
0.9994166493415833 0.01815800555050373 -0.028925567865371704 -0.9597858190536499 -0.018353145569562912 0.9998104572296143 -0.006495072040706873 -0.5634972453117371 0.02880215086042881 0.007022159174084663 0.9995604753494263 44.29945373535156
0.9994105100631714 0.01848723366856575 -0.02892942540347576 -0.9971425533294678 -0.01868889480829239 0.9998027682304382 -0.006715965457260609 -0.5876287817955017 0.02879956364631653 0.007252665236592293 0.9995588660240173 45.382606506347656
0.9993963241577148 0.019300542771816254 -0.0288869496434927 -1.037207841873169 -0.019427470862865448 0.999802827835083 -0.0041197254322469234 -0.6100136637687683 0.02880174107849598 0.004678437951952219 0.9995741844177246 46.48391342163086
0.9993973970413208 0.019516129046678543 -0.02870512194931507 -1.0758099555969238 -0.019575219601392746 0.9998067617416382 -0.0017788275144994259 -0.6370950937271118 0.028664859011769295 0.0023396643809974194 0.999586284160614 47.58095169067383
0.9994239807128906 0.018075961619615555 -0.02872275747358799 -1.1107337474822998 -0.01810101792216301 0.9998359680175781 -0.0006124378414824605 -0.656246542930603 0.028706975281238556 0.0011319961631670594 0.9995871782302856 48.669612884521484
0.9994295835494995 0.017932850867509842 -0.028616704046726227 -1.1406060457229614 -0.017972946166992188 0.9998378157615662 -0.001144405803643167 -0.6806789040565491 0.028591537848114967 0.0016580794472247362 0.9995898604393005 49.759544372558594
0.9994537830352783 0.017304176464676857 -0.028154928237199783 -1.1840226650238037 -0.01740129105746746 0.999843418598175 -0.003207914065569639 -0.6997612118721008 0.02809501253068447 0.003696093801409006 0.9995983839035034 50.84268569946289
0.9994665384292603 0.017083264887332916 -0.027835749089717865 -1.211965799331665 -0.017239827662706375 0.9998368620872498 -0.005394262727349997 -0.7195220589637756 0.027739059180021286 0.005871268454939127 0.9995979070663452 51.930824279785156
0.9994778633117676 0.016515294089913368 -0.027772918343544006 -1.2468832731246948 -0.01673866994678974 0.9998291730880737 -0.007829749025404453 -0.7510610818862915 0.027638869360089302 0.008290541358292103 0.9995836615562439 53.03135299682617
0.999518632888794 0.01466150488704443 -0.02734113112092018 -1.2873739004135132 -0.014966992661356926 0.9998274445533752 -0.011002217419445515 -0.7807942032814026 0.02717510424554348 0.011406135745346546 0.999565601348877 54.10981750488281
0.9995418190956116 0.012902876362204552 -0.027380315586924553 -1.3158835172653198 -0.013257845304906368 0.9998298287391663 -0.012822652235627174 -0.809097170829773 0.027210205793380737 0.013179780915379524 0.9995428323745728 55.1960563659668
0.9995768070220947 0.011008789762854576 -0.026925673708319664 -1.344854712486267 -0.011293042451143265 0.9998818635940552 -0.010427765548229218 -0.8388388156890869 0.026807695627212524 0.01072742510586977 0.9995830655097961 56.27775955200195
0.999593198299408 0.010131222195923328 -0.026660919189453125 -1.38458251953125 -0.01026473380625248 0.9999354481697083 -0.004875659476965666 -0.8614055514335632 0.02660980634391308 0.005147342104464769 0.9996326565742493 57.39113235473633
0.9996181726455688 0.008459502831101418 -0.026305586099624634 -1.4141534566879272 -0.008439972996711731 0.9999640583992004 0.0008533779764547944 -0.8799504041671753 0.026311863213777542 -0.000631034083198756 0.9996536374092102 58.48356246948242
0.9996294975280762 0.0071044727228581905 -0.026274507865309715 -1.444625735282898 -0.007060805801302195 0.9999735355377197 0.0017543586436659098 -0.9010266661643982 0.026286276057362556 -0.0015681894728913903 0.9996532201766968 59.58195495605469
0.9996447563171387 0.003790841670706868 -0.026381412521004677 -1.4705919027328491 -0.003823990700766444 0.9999918937683105 -0.0012061845045536757 -0.9173029661178589 0.02637662924826145 0.001306638470850885 0.9996511936187744 60.67601013183594
0.9996588826179504 0.002339764731004834 -0.026012638583779335 -1.5083941221237183 -0.0024543371982872486 0.9999874234199524 -0.004373416770249605 -0.9371433258056641 0.026002081111073494 0.004435767885297537 0.999652087688446 61.76227951049805
0.999643862247467 0.004771461244672537 -0.02625679410994053 -1.5435550212860107 -0.0049962373450398445 0.9999513626098633 -0.00850174855440855 -0.9630399346351624 0.026214955374598503 0.008629905991256237 0.9996190667152405 62.86892318725586
0.9996404051780701 0.004807919263839722 -0.02638058364391327 -1.573338508605957 -0.005147387273609638 0.9999045729637146 -0.012815311551094055 -0.9877501726150513 0.026316454634070396 0.012946495786309242 0.999569833278656 63.96178436279297
0.999642550945282 0.007975044660270214 -0.02551925927400589 -1.6171718835830688 -0.008324005641043186 0.9998728632926941 -0.013597583398222923 -1.0159339904785156 0.025407575070858 0.013805144466459751 0.9995818734169006 65.0537109375
0.9996353387832642 0.011566376313567162 -0.02440008707344532 -1.6645832061767578 -0.011811548843979836 0.9998809695243835 -0.009927867911756039 -1.0447858572006226 0.02428235299885273 0.010212450288236141 0.9996529817581177 66.16133880615234
0.9996247887611389 0.012833748944103718 -0.024197600781917572 -1.6977407932281494 -0.013028171844780445 0.9998840093612671 -0.007894359529018402 -1.0699082612991333 0.024093477055430412 0.00820664782077074 0.9996760487556458 67.255615234375
0.999629557132721 0.011971157975494862 -0.02444087527692318 -1.725737452507019 -0.01214774139225483 0.9999011158943176 -0.007089273538440466 -1.0949046611785889 0.024353589862585068 0.007383549120277166 0.9996761083602905 68.34535217285156
0.999638557434082 0.011046533472836018 -0.02450721152126789 -1.7531650066375732 -0.011205372400581837 0.9999170303344727 -0.006353478413075209 -1.122776985168457 0.02443499118089676 0.006625794805586338 0.999679446220398 69.45061492919922
0.9996450543403625 0.00993071123957634 -0.024719493463635445 -1.783432126045227 -0.010047056712210178 0.99993896484375 -0.004586895927786827 -1.153005599975586 0.024672433733940125 0.004833626095205545 0.9996838569641113 70.53992462158203
0.9996546506881714 0.008192583918571472 -0.024968238547444344 -1.8123555183410645 -0.008260495029389858 0.9999624490737915 -0.0026179556734859943 -1.1763570308685303 0.024945851415395737 0.002823301125317812 0.9996848106384277 71.6417465209961
0.9996426701545715 0.007545008789747953 -0.025644803419709206 -1.8469398021697998 -0.007573149167001247 0.9999707937240601 -0.0010003710631281137 -1.2007948160171509 0.02563650906085968 0.0011942252749577165 0.9996705651283264 72.72660064697266
0.9996428489685059 0.007091306149959564 -0.025764796882867813 -1.8848611116409302 -0.007151767611503601 0.999971866607666 -0.00225529121235013 -1.2244023084640503 0.025748081505298615 0.002438749186694622 0.9996654391288757 73.81181335449219
0.9996196627616882 0.006841124966740608 -0.026716651394963264 -1.9141587018966675 -0.007000486832112074 0.9999581575393677 -0.005875901319086552 -1.250282883644104 0.026675334200263023 0.006060695741325617 0.9996258020401001 74.89421081542969
0.9995886087417603 0.0074647339060902596 -0.02769421972334385 -1.943233609199524 -0.007690936792641878 0.9999378323554993 -0.008070356212556362 -1.2740072011947632 0.027632255107164383 0.008280031383037567 0.999583899974823 75.97372436523438
0.9995629787445068 0.009402977302670479 -0.02802538126707077 -1.9855053424835205 -0.009585426189005375 0.999933660030365 -0.0063829259015619755 -1.299007534980774 0.027963507920503616 0.006648771930485964 0.999586820602417 77.05377960205078
0.9995265007019043 0.010875183157622814 -0.028782706707715988 -2.0224661827087402 -0.010937843471765518 0.9999381303787231 -0.0020204661414027214 -1.3211170434951782 0.028758954256772995 0.0023343306966125965 0.9995836615562439 78.12725830078125
0.9995080828666687 0.011124399490654469 -0.029322002083063126 -2.0606186389923096 -0.011069390922784805 0.9999366402626038 0.002037696773186326 -1.3479520082473755 0.029342815279960632 -0.0017121172277256846 0.9995679259300232 79.19061279296875
0.9994809627532959 0.012924996204674244 -0.029508639127016068 -2.1034185886383057 -0.012852552346885204 0.9999139308929443 0.0026433789171278477 -1.363497257232666 0.029540259391069412 -0.0022627455182373524 0.9995610117912292 80.28511047363281
0.9994600415229797 0.012683341279625893 -0.030310867354273796 -2.139744520187378 -0.012678892351686954 0.999919593334198 0.0003389562771189958 -1.3780041933059692 0.030312728136777878 4.553522740025073e-05 0.9995404481887817 81.35295104980469
0.999452531337738 0.013095321133732796 -0.030382957309484482 -2.1851673126220703 -0.01312150526791811 0.99991375207901 -0.0006626127869822085 -1.395074725151062 0.030371656641364098 0.0010609201854094863 0.9995381236076355 82.41654968261719
0.9994389414787292 0.01180341374129057 -0.03134436905384064 -2.2107365131378174 -0.011821448802947998 0.9999300241470337 -0.0003901941527146846 -1.4239619970321655 0.031337570399045944 0.0007605108548887074 0.9995085000991821 83.4625473022461
0.9994184970855713 0.010827390477061272 -0.03233439847826958 -2.2460310459136963 -0.010838823392987251 0.9999412298202515 -0.00017834939353633672 -1.4429495334625244 0.03233056887984276 0.0005287124658934772 0.9994770288467407 84.49586486816406
0.9994075894355774 0.00950346328318119 -0.03307971730828285 -2.280282735824585 -0.0094703808426857 0.9999544620513916 0.0011566667817533016 -1.4634521007537842 0.03308920934796333 -0.0008427037973888218 0.9994519948959351 85.53077697753906
0.9993964433670044 0.009404275566339493 -0.03344086557626724 -2.3182473182678223 -0.00927696842700243 0.9999490976333618 0.003960061818361282 -1.4857583045959473 0.03347640484571457 -0.003647441975772381 0.9994328618049622 86.5359878540039
0.9993852972984314 0.008879686705768108 -0.033914100378751755 -2.358210563659668 -0.008721821941435337 0.9999503493309021 0.00479994248598814 -1.5035746097564697 0.03395504504442215 -0.004501199349761009 0.999413251876831 87.50843048095703
0.9993067979812622 0.007628499064594507 -0.03644132986664772 -2.399197578430176 -0.007447177078574896 0.9999592304229736 0.005108879879117012 -1.5231128931045532 0.036478813737630844 -0.0048339529894292355 0.9993226528167725 88.47314453125
0.9991751313209534 0.0067787012085318565 -0.040040843188762665 -2.431553363800049 -0.006616240367293358 0.9999693632125854 0.004188509192317724 -1.5411866903305054 0.04006800428032875 -0.0039201341569423676 0.9991891980171204 89.40677642822266
0.9990297555923462 0.0063051688484847546 -0.04358739033341408 -2.4752228260040283 -0.00616101548075676 0.9999751448631287 0.0034407677594572306 -1.561148762702942 0.04360799491405487 -0.003168886760249734 0.9990436434745789 90.32365417480469
0.9989122748374939 0.006609214004129171 -0.046156834810972214 -2.534668445587158 -0.006442047189921141 0.9999722838401794 0.003769490635022521 -1.5760341882705688 0.04618046432733536 -0.0034680466633290052 0.998927116394043 91.21495056152344
0.9987659454345703 0.007717297412455082 -0.04906121641397476 -2.584667444229126 -0.007489901036024094 0.9999603629112244 0.0048170872032642365 -1.5929863452911377 0.049096446484327316 -0.004443679004907608 0.9987841844558716 92.07601928710938
0.9986012578010559 0.008464694954454899 -0.05219031125307083 -2.640699863433838 -0.008165040984749794 0.9999489784240723 0.005952106323093176 -1.6071934700012207 0.05223803222179413 -0.005517643876373768 0.9986194372177124 92.9243392944336
0.9984033107757568 0.009904426522552967 -0.05561331287026405 -2.683243751525879 -0.009497415274381638 0.9999262690544128 0.007578121032565832 -1.6216120719909668 0.055684272199869156 -0.007037837523967028 0.99842369556427 93.74365997314453
0.9982648491859436 0.010909303091466427 -0.05786322429776192 -2.743807792663574 -0.010441233403980732 0.9999103546142578 0.008385449647903442 -1.6366567611694336 0.05794952064752579 -0.00776673574000597 0.9982893466949463 94.52822875976562
0.9980931282043457 0.013083407655358315 -0.06032358482480049 -2.7968873977661133 -0.012568124569952488 0.9998812675476074 0.008913529105484486 -1.6510926485061646 0.0604330413043499 -0.008138379082083702 0.9981390833854675 95.28455352783203
0.9978746175765991 0.014896267093718052 -0.06343649327754974 -2.8464741706848145 -0.014436314813792706 0.9998660683631897 0.0077028158120810986 -1.6631304025650024 0.06354273855686188 -0.006770654581487179 0.9979561567306519 96.01811981201172
0.9976959228515625 0.016168808564543724 -0.06589051336050034 -2.903488874435425 -0.01593119464814663 0.9998645186424255 0.0041300635784864426 -1.6815110445022583 0.06594836711883545 -0.0030708324629813433 0.9978182911872864 96.70561218261719
0.9974948763847351 0.018844790756702423 -0.06818192452192307 -2.9681715965270996 -0.018864624202251434 0.9998219609260559 0.0003529890382196754 -1.6915488243103027 0.06817643344402313 0.0009341231198050082 0.9976729154586792 97.37398529052734
0.9973179697990417 0.020406166091561317 -0.07028871774673462 -3.0133843421936035 -0.020618576556444168 0.9997847676277161 -0.002297663828358054 -1.710054636001587 0.07022670656442642 0.003740755608305335 0.9975240230560303 98.01261138916016
0.9972212314605713 0.022372562438249588 -0.07105843722820282 -3.063105583190918 -0.02266019769012928 0.9997380971908569 -0.00324426987208426 -1.7237374782562256 0.07096724957227707 0.004845453891903162 0.9974668622016907 98.63019561767578
0.9972345232963562 0.024798456579446793 -0.07005983591079712 -3.1162805557250977 -0.02505584992468357 0.9996821880340576 -0.002797388471662998 -1.7379422187805176 0.06996820122003555 0.0045450609177351 0.9975388646125793 99.21495056152344
0.997347354888916 0.028900587931275368 -0.06680621206760406 -3.1675500869750977 -0.02903810143470764 0.9995778203010559 -0.0010880382033064961 -1.7560914754867554 0.06674656271934509 0.003025077749043703 0.9977653622627258 99.78364562988281
0.9976038336753845 0.031143970787525177 -0.06177885830402374 -3.1936147212982178 -0.031186936423182487 0.999513566493988 0.0002688634267542511 -1.7692233324050903 0.06175718456506729 0.0016584740951657295 0.9980898499488831 100.3337631225586
0.9980108737945557 0.032138269394636154 -0.05423552170395851 -3.2270753383636475 -0.03206537663936615 0.9994832873344421 0.0022139004431664944 -1.781808853149414 0.0542786531150341 -0.0004704139137174934 0.9985257387161255 100.8464584350586
0.9984866380691528 0.03185044601559639 -0.04483345150947571 -3.236649751663208 -0.03167788311839104 0.9994876980781555 0.004554407671093941 -1.7960091829299927 0.0449555478990078 -0.0031272866763174534 0.9989840388298035 101.34093475341797
0.9989529848098755 0.031412720680236816 -0.03325926885008812 -3.2458202838897705 -0.031232429668307304 0.9994944930076599 0.00592656759545207 -1.8098920583724976 0.033428631722927094 -0.004881594330072403 0.9994291663169861 101.83088684082031
0.9993519186973572 0.03014228120446205 -0.01967705227434635 -3.2457149028778076 -0.03002833016216755 0.9995306730270386 0.006061170250177383 -1.8211215734481812 0.019850516691803932 -0.005466373171657324 0.9997879266738892 102.26747131347656
0.9995375871658325 0.030112087726593018 -0.004212961066514254 -3.2409510612487793 -0.03009064495563507 0.9995343089103699 0.00506427651271224 -1.8308513164520264 0.004363495856523514 -0.004935163538902998 0.999978244304657 102.70606231689453
0.9994984865188599 0.02855849452316761 0.013681401498615742 -3.2237868309020996 -0.028589539229869843 0.9995890259742737 0.0020785259548574686 -1.8419108390808105 -0.013616418465971947 -0.0024686285760253668 0.9999041557312012 103.129150390625
0.998986542224884 0.028273800387978554 0.03502095118165016 -3.1944313049316406 -0.028203971683979034 0.9995990991592407 -0.0024864538572728634 -1.85492742061615 -0.035077210515737534 0.0014962045243009925 0.9993834495544434 103.5405044555664
0.9979438781738281 0.02598208747804165 0.058590397238731384 -3.140972137451172 -0.025582019239664078 0.9996442198753357 -0.007568089757114649 -1.8637930154800415 -0.05876617133617401 0.006053667049854994 0.9982534050941467 103.94679260253906
0.9960192441940308 0.023934034630656242 0.08586589246988297 -3.0854275226593018 -0.02310364879667759 0.9996762871742249 -0.010651596821844578 -1.8714418411254883 -0.08609303832054138 0.008625379763543606 0.9962496757507324 104.34317016601562
0.9930446147918701 0.0211805310100317 0.11581781506538391 -3.013335943222046 -0.019961901009082794 0.9997326135635376 -0.011671873740851879 -1.8871034383773804 -0.11603405326604843 0.009278747253119946 0.9932018518447876 104.74698638916016
0.9887982606887817 0.01877947337925434 0.14807185530662537 -2.925226926803589 -0.016891533508896828 0.9997594356536865 -0.013997499831020832 -1.8961197137832642 -0.14829906821250916 0.011339541524648666 0.9888774752616882 105.12201690673828
0.9828948974609375 0.015924403443932533 0.1834777295589447 -2.825385808944702 -0.013366630300879478 0.99979567527771 -0.015168906189501286 -1.91959547996521 -0.18368175625801086 0.012456961907446384 0.9829067587852478 105.48854064941406
0.9748992323875427 0.012699355371296406 0.222283735871315 -2.72544264793396 -0.009379826486110687 0.9998283386230469 -0.015983114019036293 -1.930309772491455 -0.22244854271411896 0.013496942818164825 0.9748510122299194 105.81625366210938
0.9648630023002625 0.010824640281498432 0.26253047585487366 -2.611997127532959 -0.006636675912886858 0.999836266040802 -0.016833798959851265 -1.945297122001648 -0.26266971230506897 0.014499979093670845 0.964776873588562 106.13510131835938
0.9524039626121521 0.011603986844420433 0.3046180009841919 -2.480095386505127 -0.006482882425189018 0.9998202323913574 -0.017817655578255653 -1.9630143642425537 -0.30476999282836914 0.014994802884757519 0.9523079991340637 106.47467803955078
0.9372023940086365 0.013682750053703785 0.34851759672164917 -2.3281145095825195 -0.00772519176825881 0.9997994899749756 -0.018478084355592728 -1.9769601821899414 -0.34870049357414246 0.014625338837504387 0.9371201395988464 106.79794311523438
0.9192678332328796 0.014084435999393463 0.3933805525302887 -2.158392906188965 -0.007664813660085201 0.9998105764389038 -0.0178853627294302 -1.983915090560913 -0.39355796575546265 0.013426247052848339 0.9192017316818237 107.1277084350586
0.8989939093589783 0.013140314258635044 0.4377639889717102 -1.9725209474563599 -0.006319706793874502 0.9998348951339722 -0.017033759504556656 -1.994607925415039 -0.4379155933856964 0.012546705082058907 0.8989285230636597 107.42864990234375
0.8755741119384766 0.012573649175465107 0.4829200804233551 -1.7836263179779053 -0.004590094089508057 0.9998326301574707 -0.01771012879908085 -2.0077075958251953 -0.48306193947792053 0.013289880938827991 0.875485360622406 107.713134765625
0.8506085872650146 0.012985986657440662 0.525638997554779 -1.565481424331665 -0.002777108456939459 0.9997919201850891 -0.020205983892083168 -2.020620107650757 -0.525792121887207 0.015727626159787178 0.8504677414894104 107.98991394042969
0.8223305940628052 0.015246814116835594 0.5688056945800781 -1.3369816541671753 -0.0022563303355127573 0.9997204542160034 -0.023535462096333504 -2.045215129852295 -0.5690054893493652 0.018070517107844353 0.8221351504325867 108.29125213623047
0.7915828824043274 0.019911766052246094 0.6107372045516968 -1.092396855354309 -0.003795035183429718 0.9996097683906555 -0.027671335265040398 -2.0666332244873047 -0.611050009727478 0.019586384296417236 0.7913497090339661 108.5649185180664
0.7589272856712341 0.025600938126444817 0.6506718397140503 -0.8447170853614807 -0.006376380566507578 0.9994712471961975 -0.03188733011484146 -2.0763370990753174 -0.6511440277099609 0.02005123347043991 0.7586892247200012 108.77326965332031
0.7211917638778687 0.030411627143621445 0.6920676827430725 -0.5762309432029724 -0.007937843911349773 0.9993330836296082 -0.03564194217324257 -2.0796146392822266 -0.6926900744438171 0.020211150869727135 0.7209521532058716 109.02117919921875
0.6818753480911255 0.03073144517838955 0.7308225631713867 -0.2792241871356964 -0.00634468300268054 0.9993278980255127 -0.03610248118638992 -2.1019411087036133 -0.7314409613609314 0.019980549812316895 0.6816120147705078 109.24869537353516
0.6407318115234375 0.027952570468187332 0.7672557234764099 0.032128192484378815 -0.002106153406202793 0.9993972182273865 -0.034651078283786774 -2.1188809871673584 -0.7677618861198425 0.020586088299751282 0.6404044032096863 109.45181274414062
0.596625566482544 0.02600855939090252 0.8020982146263123 0.35558587312698364 -0.00030817496008239686 0.9994820356369019 -0.03217962756752968 -2.1288187503814697 -0.802519679069519 0.01895199902355671 0.5963245034217834 109.6477279663086
0.5512850284576416 0.02470080927014351 0.8339511752128601 0.6924974918365479 0.0002937614044640213 0.9995558857917786 -0.029800038784742355 -2.1415019035339355 -0.8343169689178467 0.016673296689987183 0.5510329008102417 109.8094482421875
0.5027819871902466 0.02239161729812622 0.8641232252120972 1.0276023149490356 0.0017263585468754172 0.9996363520622253 -0.026907574385404587 -2.1573359966278076 -0.8644115328788757 0.015020428225398064 0.5025604963302612 109.96058654785156
0.45186105370521545 0.018740316852927208 0.8918914794921875 1.398267388343811 0.004850138444453478 0.9997128844261169 -0.023463083431124687 -2.169105052947998 -0.8920751214027405 0.014927849173545837 0.45164036750793457 110.10823822021484
0.39988791942596436 0.01865985244512558 0.916374146938324 1.7739189863204956 0.0027655421290546656 0.999763548374176 -0.021564718335866928 -2.186583995819092 -0.9165598750114441 0.011157739907503128 0.3997417688369751 110.24229431152344
0.3491252362728119 0.023489996790885925 0.936781644821167 2.154465913772583 -0.0013532729353755713 0.9996973276138306 -0.024563279002904892 -2.204185962677002 -0.937075138092041 0.007307938300073147 0.349051296710968 110.34737396240234
0.2985153794288635 0.02865394577383995 0.9539746046066284 2.570782423019409 -0.0004008891701232642 0.999552845954895 -0.029897505417466164 -2.209545850753784 -0.9544047117233276 0.008542426861822605 0.2983934283256531 110.45861053466797
0.25126105546951294 0.03111938014626503 0.967418909072876 2.956986427307129 0.00028918750467710197 0.9994804859161377 -0.032225824892520905 -2.2267956733703613 -0.9679193496704102 0.008376860059797764 0.25112149119377136 110.53372955322266
0.2100999504327774 0.031002800911664963 0.9771881699562073 3.3806326389312744 0.007485862821340561 0.9994167685508728 -0.033317528665065765 -2.2425034046173096 -0.9776512980461121 0.0143151069059968 0.20974527299404144 110.583251953125
0.17538073658943176 0.03047473169863224 0.9840289354324341 3.81563663482666 0.016265731304883957 0.9992946982383728 -0.03384649381041527 -2.2587790489196777 -0.9843663573265076 0.021941974759101868 0.1747613549232483 110.61829376220703
0.14474207162857056 0.031735170632600784 0.9889604449272156 4.268283843994141 0.02064494788646698 0.9991709589958191 -0.035084374248981476 -2.2775654792785645 -0.9892540574073792 0.025495225563645363 0.143966943025589 110.65817260742188
0.1166311576962471 0.030064061284065247 0.9927201271057129 4.745025157928467 0.01863982528448105 0.9992994070053101 -0.03245323523879051 -2.296022415161133 -0.9930003881454468 0.02228919044137001 0.1159890666604042 110.70231628417969
0.09125800430774689 0.02660505659878254 0.9954718351364136 5.234469890594482 0.012616769410669804 0.9995318651199341 -0.027870185673236847 -2.3117222785949707 -0.995747447013855 0.015103017911314964 0.09087959676980972 110.73567199707031
0.0676620751619339 0.022424187511205673 0.9974563121795654 5.743790626525879 0.008449137210845947 0.9996985793113708 -0.02304774522781372 -2.330700397491455 -0.9976724982261658 0.009987104684114456 0.06745224446058273 110.75926971435547
0.04463115707039833 0.020324986428022385 0.9987967014312744 6.250606536865234 0.011376750655472279 0.9997178316116333 -0.020852098241448402 -2.3545267581939697 -0.9989386796951294 0.012293717823922634 0.044387336820364 110.78096008300781
0.02438420243561268 0.021107234060764313 0.9994797706604004 6.78554630279541 0.019449569284915924 0.9995778799057007 -0.021583814173936844 -2.372767210006714 -0.9995134472846985 0.019965756684541702 0.023963380604982376 110.77049255371094
0.006758431904017925 0.023610398173332214 0.9996983408927917 7.3338189125061035 0.024172374978661537 0.9994252324104309 -0.023767363280057907 -2.3929669857025146 -0.9996848702430725 0.024325717240571976 0.006183832883834839 110.75543975830078
-0.007637458853423595 0.028831394389271736 0.9995551109313965 7.933937072753906 0.024704497307538986 0.9992846250534058 -0.028634831309318542 -2.406036615371704 -0.9996656179428101 0.02447480708360672 -0.0083442572504282 110.7536392211914
-0.018595624715089798 0.033826787024736404 0.9992546439170837 8.548420906066895 0.02187068946659565 0.9992021322250366 -0.03341800719499588 -2.4196252822875977 -0.9995877742767334 0.021232962608337402 -0.01932060532271862 110.74942016601562
-0.024309059605002403 0.033712293952703476 0.9991358518600464 9.182975769042969 0.02492678165435791 0.9991409778594971 -0.033105991780757904 -2.4318854808807373 -0.9993936419487 0.024100463837385178 -0.025128517299890518 110.71987915039062
-0.026629719883203506 0.030909791588783264 0.9991673231124878 9.823933601379395 0.03149477392435074 0.9990516304969788 -0.030066808685660362 -2.4499855041503906 -0.9991491436958313 0.030667878687381744 -0.0275779590010643 110.6914291381836
-0.026675820350646973 0.028801189735531807 0.9992291927337646 10.476725578308105 0.03268684819340706 0.9990754723548889 -0.02792413718998432 -2.4791369438171387 -0.9991096258163452 0.03191675618290901 -0.027592573314905167 110.67559051513672
-0.02474564127624035 0.028515011072158813 0.9992870688438416 11.148530006408691 0.03062056563794613 0.9991457462310791 -0.02775271236896515 -2.5053534507751465 -0.9992247223854065 0.02991197258234024 -0.025597648695111275 110.66682434082031
-0.022860443219542503 0.028662193566560745 0.9993276596069336 11.850563049316406 0.028414597734808922 0.9992036819458008 -0.028008630499243736 -2.534788131713867 -0.9993348121643066 0.02775520272552967 -0.02365666627883911 110.64810943603516
-0.021738778799772263 0.029741110280156136 0.9993212223052979 12.564756393432617 0.027778543531894684 0.9991894364356995 -0.029132911935448647 -2.5550003051757812 -0.9993777871131897 0.02712637186050415 -0.022547321394085884 110.6410140991211
-0.021160069853067398 0.03061808831989765 0.9993071556091309 13.281023025512695 0.026730073615908623 0.9991910457611084 -0.030048523098230362 -2.5865914821624756 -0.9994187355041504 0.02607572451233864 -0.021961377933621407 110.63517761230469
-0.020039955154061317 0.030283957719802856 0.9993404150009155 14.03696060180664 0.026251057162880898 0.9992125034332275 -0.029753662645816803 -2.6145834922790527 -0.9994544982910156 0.02563748136162758 -0.02081916108727455 110.62297821044922
