1.0 -2.1845498849870637e-06 -5.548630269913701e-06 3.53623072442133e-05 2.1845416995347477e-06 1.0 -1.4616222188124084e-06 6.5087442635558546e-06 5.5486334531451575e-06 1.4616100543207722e-06 1.0 -4.692042693932308e-06
0.9999973177909851 0.0010388740338385105 0.0020633190870285034 -0.009283686988055706 -0.0010366535279899836 0.9999988675117493 -0.0010769229847937822 -0.01690869964659214 -0.0020644355099648237 0.0010747812921181321 0.9999972581863403 1.2061158418655396
0.9999744296073914 0.0021176121663302183 0.006826284807175398 -0.07212409377098083 -0.002111332956701517 0.9999973177909851 -0.0009269450092688203 -0.03332062065601349 -0.006828229408711195 0.0009125086362473667 0.9999762773513794 2.4504458904266357
0.9999658465385437 0.0016021968331187963 0.008105231449007988 -0.07242492586374283 -0.001597129856236279 0.9999985098838806 -0.0006315870559774339 -0.05206466466188431 -0.008106231689453125 0.0006186203681863844 0.9999669790267944 3.659233331680298
0.9999579191207886 0.0013980824733152986 0.009063297882676125 -0.06629586964845657 -0.0013909554108977318 0.9999987483024597 -0.0007926294347271323 -0.07169847935438156 -0.009064394049346447 0.0007799894083291292 0.9999586343765259 4.855083465576172
0.9999541640281677 0.0010646278969943523 0.009514863602817059 -0.05678260326385498 -0.001060076174326241 0.9999993443489075 -0.0004834149731323123 -0.09609728306531906 -0.009515372104942799 0.000473306339699775 0.9999546408653259 6.091859817504883
0.9999486804008484 0.0013044776860624552 0.010055406019091606 -0.04831432178616524 -0.0012898477725684643 0.9999982118606567 -0.0014612775994464755 -0.11863197386264801 -0.010057294741272926 0.0014482326805591583 0.9999483823776245 7.2940754890441895
0.9999303221702576 0.0011392070446163416 0.01175840012729168 -0.05468658730387688 -0.0011216673301532865 0.9999982714653015 -0.0014981824206188321 -0.14638826251029968 -0.011760088615119457 0.0014848888386040926 0.999929666519165 8.465058326721191
0.9999300241470337 0.0008948948234319687 0.011795783415436745 -0.045998573303222656 -0.0008954876102507114 0.9999995231628418 4.4955693738302216e-05 -0.16978584229946136 -0.011795736849308014 -5.55155347683467e-05 0.9999303817749023 9.6607027053833
0.9999452233314514 0.00047598619130440056 0.010457671247422695 -0.040744200348854065 -0.0004886106471531093 0.9999991655349731 0.0012046763440594077 -0.19391512870788574 -0.010457088239490986 -0.0012097200378775597 0.9999445676803589 10.85171890258789
0.9999649524688721 -0.0012730282032862306 0.008277361281216145 -0.04068687558174133 0.0012675662292167544 0.9999989867210388 0.0006650644936598837 -0.21522635221481323 -0.008278199471533298 -0.0006545489886775613 0.999965488910675 12.049899101257324
0.9999776482582092 -0.0008533518412150443 0.006636614911258221 -0.04527335241436958 0.0008523243013769388 0.9999996423721313 0.00015764631098136306 -0.23209798336029053 -0.006636746693402529 -0.00015198611072264612 0.9999780058860779 13.24744987487793
0.9999866485595703 -0.0009588349494151771 0.005081254988908768 -0.03922782838344574 0.000958302232902497 0.9999995827674866 0.00010730054782470688 -0.25651291012763977 -0.005081355571746826 -0.0001024296652758494 0.9999870657920837 14.44384479522705
0.9999908804893494 0.00032515815109945834 0.004262978211045265 -0.0394766703248024 -0.0003243075334466994 0.9999999403953552 -0.0002002440014621243 -0.27835771441459656 -0.004263042937964201 0.00019885966321453452 0.9999908804893494 15.635740280151367
0.9999929070472717 0.00016751592920627445 0.0037748883478343487 -0.0404023602604866 -0.00016693645738996565 1.0 -0.0001538389769848436 -0.29780665040016174 -0.0037749139592051506 0.00015320772945415229 0.9999929070472717 16.836091995239258
0.9999954700469971 -0.0007555876509286463 0.0029009697027504444 -0.03782636672258377 0.0007551045273430645 0.9999997019767761 0.00016757928824517876 -0.3162301182746887 -0.002901095664128661 -0.0001653879735385999 0.999995768070221 18.02280044555664
0.9999960064888 -0.0005144440801814198 0.0027581544127315283 -0.04567510262131691 0.0005125612369738519 0.9999996423721313 0.000683329242747277 -0.3418327569961548 -0.0027585045900195837 -0.0006819128175266087 0.9999959468841553 19.209774017333984
0.9999986290931702 -0.00034657365176826715 0.0015958861913532019 -0.04594401642680168 0.0003467560454737395 0.9999998807907104 -0.00011396764602977782 -0.3646092116832733 -0.0015958462608978152 0.00011452092439867556 0.9999987483024597 20.404329299926758
0.9999980330467224 -0.0008025530260056257 0.0018286831909790635 -0.06237639859318733 0.0008042686968110502 0.9999992251396179 -0.0009379115654155612 -0.3893222212791443 -0.0018279290525242686 0.0009393804939463735 0.9999979138374329 21.601314544677734
0.9999991655349731 0.0005840749945491552 0.0012499620206654072 -0.06884274631738663 -0.0005834338371641934 0.9999997019767761 -0.000513478007633239 -0.4072914123535156 -0.0012502615572884679 0.0005127483163960278 0.9999991059303284 22.797626495361328
0.9999997615814209 -2.551695979491342e-05 0.0006542147020809352 -0.08277279883623123 2.6072786567965522e-05 0.9999996423721313 -0.0008497381932102144 -0.42846786975860596 -0.0006541931070387363 0.0008497551316395402 0.9999993443489075 23.990943908691406
0.9999997615814209 0.00016482127830386162 -0.0004736337868962437 -0.08534025400876999 -0.0001654517400311306 0.9999990463256836 -0.001331294421106577 -0.4511716365814209 0.00047341399476863444 0.0013313725357875228 0.9999989867210388 25.184123992919922
0.9999990463256836 0.0003385063901077956 -0.0012716103810817003 -0.09502551704645157 -0.000338992103934288 0.9999998807907104 -0.00038183314609341323 -0.48099425435066223 0.001271480810828507 0.00038226391188800335 0.9999990463256836 26.374879837036133
0.9999974966049194 -0.0012089761439710855 -0.0018411960918456316 -0.10348331928253174 0.0012114790733903646 0.9999983310699463 0.001358973328024149 -0.5008094906806946 0.0018395499791949987 -0.00136120046954602 0.9999973177909851 27.58024787902832
0.9999947547912598 -0.0012312490725889802 -0.0029916090425103903 -0.10879994928836823 0.0012350985780358315 0.9999983310699463 0.0012853076914325356 -0.5206447243690491 0.002990021836012602 -0.001288995728828013 0.999994695186615 28.770095825195312
0.9999901652336121 -0.0020503774285316467 -0.003935157787054777 -0.11821076273918152 0.00205322727560997 0.9999975562095642 0.0007203576969914138 -0.5438425540924072 0.003933671861886978 -0.0007284302264451981 0.9999920129776001 29.9686336517334
0.9999866485595703 -0.0021142957266420126 -0.004716104362159967 -0.1254626363515854 0.0021121399477124214 0.9999976754188538 -0.0004621675470843911 -0.5611165165901184 0.004717069678008556 0.0004522003000602126 0.9999887943267822 31.163034439086914
0.9999839067459106 -0.0015022654552012682 -0.005463414825499058 -0.13894806802272797 0.0015000039711594582 0.9999987483024597 -0.0004179819661658257 -0.5804399251937866 0.005464036483317614 0.0004097800701856613 0.9999849796295166 32.357303619384766
0.9999794363975525 -0.0015394063666462898 -0.006227368954569101 -0.1504753828048706 0.0015398020623251796 0.9999988079071045 5.872960900887847e-05 -0.6011726260185242 0.006227272097021341 -6.83174075675197e-05 0.9999805688858032 33.561283111572266
0.9999751448631287 -0.002508007688447833 -0.006581394001841545 -0.16604198515415192 0.002509236801415682 0.9999968409538269 0.0001785033382475376 -0.6199405789375305 0.0065809255465865135 -0.00019501308270264417 0.999978244304657 34.75340270996094
0.9999693632125854 -0.0030159377492964268 -0.007224737666547298 -0.17487631738185883 0.0030190804973244667 0.9999954104423523 0.0004241180431563407 -0.643877387046814 0.007223424501717091 -0.00044591695768758655 0.999973714351654 35.952335357666016
0.9999659657478333 -0.002977927913889289 -0.007691783364862204 -0.19232022762298584 0.0029793884605169296 0.9999955296516418 0.0001784212072379887 -0.663345217704773 0.00769121665507555 -0.00020133197540417314 0.9999703168869019 37.14714431762695
0.9999639391899109 -0.003729315474629402 -0.007626333273947239 -0.2071770280599594 0.0037360473070293665 0.9999926090240479 0.0008686740766279399 -0.6859384775161743 0.0076230368576943874 -0.0008971350616775453 0.999970555305481 38.342491149902344
0.9999628067016602 -0.003390609286725521 -0.007935983128845692 -0.2153833657503128 0.0034061281476169825 0.9999923706054688 0.0019427351653575897 -0.7002871632575989 0.007929335348308086 -0.0019696939270943403 0.9999666213989258 39.54159927368164
0.9999659657478333 -0.002761824056506157 -0.007767837028950453 -0.23484191298484802 0.002780940616503358 0.9999931454658508 0.002451194915920496 -0.7162789702415466 0.00776101415976882 -0.0024727138224989176 0.9999668002128601 40.742984771728516
0.9999706745147705 -0.002135777845978737 -0.0073523991741240025 -0.2566995620727539 0.0021521160379052162 0.999995231628418 0.0022148878779262304 -0.7352820634841919 0.00734763452783227 -0.0022306465543806553 0.9999704957008362 41.94091033935547
0.9999720454216003 -0.0011479583336040378 -0.007393118925392628 -0.2653692662715912 0.0011611810186877847 0.9999977350234985 0.0017844513058662415 -0.7466935515403748 0.00739105511456728 -0.001792986411601305 0.9999710917472839 43.133689880371094
0.9999753832817078 0.0012216134928166866 -0.006913919933140278 -0.2823900878429413 -0.0011944447178393602 0.9999915957450867 0.003932322841137648 -0.7678840160369873 0.006918665487319231 -0.003923967480659485 0.9999683499336243 44.347869873046875
0.9999881386756897 0.0011541208950802684 -0.004729114938527346 -0.31155267357826233 -0.0011202016612514853 0.9999736547470093 0.007168809417635202 -0.7879833579063416 0.004737264476716518 -0.007163424510508776 0.9999630451202393 45.54462432861328
0.9999943971633911 0.0015093899564817548 -0.002978311385959387 -0.3254380226135254 -0.001480380306020379 0.9999516606330872 0.009718600660562515 -0.79644775390625 0.002992836758494377 -0.009714136831462383 0.999948263168335 46.7421760559082
0.9999979138374329 0.0016450800467282534 -0.0011607890482991934 -0.32730787992477417 -0.0016296165995299816 0.9999114871025085 0.01319896336644888 -0.8049159049987793 0.0011824003886431456 -0.013197043910622597 0.9999122023582458 47.942726135253906
0.9999983906745911 0.0016980624059215188 0.0004388514789752662 -0.3454032838344574 -0.0017043009866029024 0.999891459941864 0.014629343524575233 -0.814573347568512 -0.00041396234882995486 -0.014630069956183434 0.9998928904533386 49.149269104003906
0.9999986886978149 -0.0004728989442810416 0.0015193845611065626 -0.34106895327568054 0.00045324512757360935 0.9999164938926697 0.012909695506095886 -0.8162294030189514 -0.0015253621386364102 -0.012908991426229477 0.9999154806137085 50.355812072753906
0.9999936819076538 0.0012396859237924218 0.0033251058775931597 -0.35205674171447754 -0.0012772163609042764 0.9999352097511292 0.011308730579912663 -0.8207172155380249 -0.0033108710777014494 -0.011312904767692089 0.9999305009841919 51.5491828918457
0.9999903440475464 0.001453480334021151 0.004135838709771633 -0.3543725609779358 -0.001497846213169396 0.9999411106109619 0.010744399391114712 -0.8251773715019226 -0.004119977820664644 -0.010750489309430122 0.9999337196350098 52.7598991394043
0.9999912977218628 0.0009024700266309083 0.004076538607478142 -0.3571039140224457 -0.0009449908975511789 0.9999449849128723 0.010440738871693611 -0.8358986973762512 -0.004066892433911562 -0.010444499552249908 0.9999371767044067 53.94812774658203
0.9999935626983643 4.108846769668162e-05 0.0035845793318003416 -0.35521000623703003 -7.364305201917887e-05 0.9999587535858154 0.009082202799618244 -0.8438639640808105 -0.003584058955311775 -0.00908240769058466 0.9999522566795349 55.172203063964844
0.9999986290931702 0.00022834331321064383 0.001660071429796517 -0.35529059171676636 -0.0002444162091705948 0.9999531507492065 0.009688280522823334 -0.8518731594085693 -0.001657781540416181 -0.009688672609627247 0.9999516606330872 56.3872184753418
0.9999996423721313 0.0002178869763156399 0.000708224659319967 -0.36468109488487244 -0.00022569173597730696 0.9999390244483948 0.011039064265787601 -0.8660842776298523 -0.0007057763868942857 -0.011039221659302711 0.9999387860298157 57.57943344116211
0.9999998211860657 -0.00036129666841588914 -0.00027500276337377727 -0.36913877725601196 0.0003643633972387761 0.9999368786811829 0.01123350951820612 -0.872348964214325 0.0002709269756451249 -0.011233610101044178 0.9999368786811829 58.78654098510742
0.9999985694885254 0.0010435492731630802 -0.0013328467030078173 -0.3717581033706665 -0.0010284953750669956 0.9999361634254456 0.011245761066675186 -0.8847278356552124 0.0013444969663396478 -0.011244373396039009 0.9999358057975769 59.983421325683594
0.999997079372406 0.0015348620945587754 -0.0018812998896464705 -0.37960323691368103 -0.0015142093179747462 0.9999391436576843 0.01093064621090889 -0.8896981477737427 0.0018979633459821343 -0.010927763767540455 0.9999384880065918 61.188316345214844
0.9999979138374329 0.00023632637748960406 -0.002019973937422037 -0.38786107301712036 -0.00021512893727049232 0.9999449849128723 0.010487760417163372 -0.9000498056411743 0.0020223413594067097 -0.01048730406910181 0.99994295835495 62.38793182373047
0.9999971389770508 -0.0007546758279204369 -0.0022761556319892406 -0.39418545365333557 0.0007770793745294213 0.999951183795929 0.009858077391982079 -0.9112892746925354 0.002268604002892971 -0.009859819896519184 0.9999487996101379 63.59768295288086
0.9999960064888 -0.0012281632516533136 -0.0025506052188575268 -0.4021216034889221 0.0012562976917251945 0.9999380707740784 0.011058390140533447 -0.9249935746192932 0.002536865184083581 -0.011061550118029118 0.9999356269836426 64.78409576416016
0.9999956488609314 -0.0012160604819655418 -0.0026984584983438253 -0.4105343818664551 0.001249259919859469 0.9999231100082397 0.012335808016359806 -0.9266694784164429 0.00268324906937778 -0.012339126318693161 0.9999203085899353 65.98674011230469
0.9999949932098389 -0.0008646711939945817 -0.003024888224899769 -0.4212539494037628 0.0008980596903711557 0.9999384880065918 0.011053856462240219 -0.9425358176231384 0.0030151440296322107 -0.01105651818215847 0.9999343156814575 67.17805480957031
0.9999960660934448 0.0010553093161433935 -0.002591658616438508 -0.43850862979888916 -0.0010295116808265448 0.9999500513076782 0.009935314767062664 -0.9509256482124329 0.002602013759315014 -0.009932606481015682 0.9999472498893738 68.37677001953125
0.9999916553497314 0.003082146868109703 -0.002673062263056636 -0.4481443762779236 -0.0030548523645848036 0.999943733215332 0.01015570666640997 -0.9597850441932678 0.00270421477034688 -0.010147455148398876 0.9999448657035828 69.57201385498047
0.9999828338623047 0.005267859436571598 -0.0025923794601112604 -0.4590124785900116 -0.0052409362979233265 0.9999333620071411 0.010285110212862492 -0.9668190479278564 0.002646387554705143 -0.0102713443338871 0.9999437928199768 70.7617416381836
0.9999755620956421 0.006614928599447012 -0.0022631436586380005 -0.4725279211997986 -0.006590171251446009 0.9999201893806458 0.010777811519801617 -0.9761372208595276 0.002334257122129202 -0.010762635618448257 0.9999393820762634 71.96226501464844
0.9999740719795227 0.007124307565391064 -0.0010400742758065462 -0.48435693979263306 -0.007111906073987484 0.9999088644981384 0.011477519758045673 -0.9820619821548462 0.0011217484716325998 -0.011469826102256775 0.9999336004257202 73.15721130371094
0.9999611377716064 0.008810918778181076 0.0003754273639060557 -0.48610809445381165 -0.008814826607704163 0.9998875260353088 0.012133818119764328 -0.9882130026817322 -0.0002684756473172456 -0.012136655859649181 0.9999263882637024 74.34979248046875
0.9999654293060303 0.007647544611245394 0.0032697550486773252 -0.48417606949806213 -0.007681104354560375 0.999916672706604 0.010377423837780952 -1.003627061843872 -0.003190120914950967 -0.010402178391814232 0.999940812587738 75.52545928955078
0.9999712109565735 0.004988124128431082 0.005716843064874411 -0.4811936318874359 -0.005016674287617207 0.9999749660491943 0.004990582820028067 -1.0112178325653076 -0.00569180678576231 -0.00501911761239171 0.9999712109565735 76.69992065429688
0.9999458193778992 0.006048478651791811 0.008464840240776539 -0.4762383699417114 -0.006089937407523394 0.9999695420265198 0.004880486521869898 -1.0267324447631836 -0.008435062132775784 -0.00493177305907011 0.9999522566795349 77.88397216796875
0.9999268651008606 0.0049315402284264565 0.011038913391530514 -0.46544840931892395 -0.005024388432502747 0.9999520778656006 0.008399034850299358 -1.0411285161972046 -0.010996964760124683 -0.008453885093331337 0.9999037384986877 79.06800079345703
0.9998824596405029 0.005342451389878988 0.014370642602443695 -0.45304176211357117 -0.00548013299703598 0.9999392628669739 0.009558445774018764 -1.0507138967514038 -0.014318706467747688 -0.009636073373258114 0.9998509883880615 80.24496459960938
0.9998184442520142 0.0052204616367816925 0.018325094133615494 -0.43706169724464417 -0.0053688157349824905 0.9999531507492065 0.008055811747908592 -1.0629938840866089 -0.01828218251466751 -0.008152732625603676 0.9997995495796204 81.4135513305664
0.9997437596321106 0.004238700028508902 0.022237161174416542 -0.42006877064704895 -0.0043493155390024185 0.9999784231185913 0.004928347654640675 -1.0776087045669556 -0.022215791046619415 -0.0050238012336194515 0.9997405409812927 82.57788848876953
0.9996680021286011 0.002746369456872344 0.025619646534323692 -0.39349329471588135 -0.00278614298440516 0.9999949932098389 0.0015168956015259027 -1.0936464071273804 -0.025615351274609566 -0.0015877721598371863 0.9996706247329712 83.73954772949219
0.9995726346969604 0.0024412469938397408 0.029131976887583733 -0.3642370104789734 -0.002457995666190982 0.9999969005584717 0.0005391231970861554 -1.1110546588897705 -0.029130568727850914 -0.0006104991189204156 0.9995754361152649 84.89427185058594
0.9994642734527588 0.002087489701807499 0.0326651893556118 -0.3303035795688629 -0.002166915452107787 0.9999947547912598 0.002396288327872753 -1.1326358318328857 -0.032660018652677536 -0.0024657873436808586 0.9994634389877319 86.06492614746094
0.9993256330490112 0.00341268558986485 0.03656112030148506 -0.3013988733291626 -0.0035278869327157736 0.9999889731407166 0.0030868747271597385 -1.1560745239257812 -0.03655017912387848 -0.0032137762755155563 0.9993267059326172 87.22999572753906
0.9991859793663025 0.0027882191352546215 0.04024234414100647 -0.2539469301700592 -0.0028180170338600874 0.999995768070221 0.0006837607943452895 -1.1727911233901978 -0.040240269154310226 -0.000796607811935246 0.9991896748542786 88.38118743896484
0.9990559220314026 0.002651837421581149 0.04336084797978401 -0.20638008415699005 -0.0025982370134443045 0.9999958276748657 -0.0012924522161483765 -1.1960917711257935 -0.04336409270763397 0.0011785704409703612 0.9990586042404175 89.52940368652344
0.9989096522331238 0.00292951543815434 0.046592023223638535 -0.15837828814983368 -0.0028403562027961016 0.9999939799308777 -0.0019796998240053654 -1.211171269416809 -0.04659754037857056 0.0018452033400535583 0.99891197681427 90.6930160522461
0.9987687468528748 0.0021533125545829535 0.04956137388944626 -0.10542819648981094 -0.0021273617167025805 0.9999975562095642 -0.0005763510707765818 -1.2318634986877441 -0.0495624914765358 0.00047020651982165873 0.9987708926200867 91.84857177734375
0.9986178278923035 0.0009714076877571642 0.05254831910133362 -0.053492434322834015 -0.001014838693663478 0.9999991655349731 0.0007998200017027557 -1.2534677982330322 -0.05254748463630676 -0.0008520427509211004 0.9986180663108826 93.0130615234375
0.9984735250473022 0.00020069336460437626 0.0552317276597023 0.008697200566530228 -0.0003401240974199027 0.9999967813491821 0.002515080152079463 -1.2699334621429443 -0.055231038480997086 -0.002530026249587536 0.9984703660011292 94.17513275146484
0.9983412623405457 -0.001350124948658049 0.05755764618515968 0.07798048853874207 0.001153048244304955 0.9999933838844299 0.0034570605494081974 -1.286186695098877 -0.05756193399429321 -0.0033849598839879036 0.9983361959457397 95.33751678466797
0.9981985688209534 -0.0022609273437410593 0.05995434895157814 0.13763630390167236 0.002190005499869585 0.9999968409538269 0.0012486112536862493 -1.3051987886428833 -0.05995698273181915 -0.0011150619247928262 0.9982003569602966 96.48760986328125
0.9980650544166565 -0.003618747228756547 0.06207342818379402 0.2105293869972229 0.003772274125367403 0.9999900460243225 -0.0023562931455671787 -1.3228012323379517 -0.062064286321401596 0.002585891867056489 0.9980688095092773 97.64192199707031
0.9979296326637268 -0.002606601221486926 0.06426241248846054 0.2753926217556 0.0029383248183876276 0.9999828338623047 -0.0050680371932685375 -1.3422386646270752 -0.06424809992313385 0.005246369168162346 0.9979201555252075 98.80425262451172
0.997818648815155 -0.0027604338247328997 0.06595734506845474 0.3492477238178253 0.003166812239214778 0.9999765753746033 -0.006057491526007652 -1.3656052350997925 -0.06593906879425049 0.006253151688724756 0.9978040456771851 99.97925567626953
0.9978005886077881 -0.0024585279170423746 0.06624199450016022 0.42489123344421387 0.0028282764833420515 0.9999809265136719 -0.005488594528287649 -1.3872196674346924 -0.06622723489999771 0.005663872230798006 0.9977884888648987 101.15721893310547
0.9978474974632263 -0.0027528239879757166 0.06551878899335861 0.4951205849647522 0.0029944381676614285 0.9999890923500061 -0.00358979357406497 -1.4168202877044678 -0.06550817936658859 0.003778258105739951 0.9978448748588562 102.34058380126953
0.9979140758514404 -0.0028921053744852543 0.06449230015277863 0.5602447390556335 0.0030447340104728937 0.999992847442627 -0.002268462674692273 -1.4352447986602783 -0.06448526680469513 0.0024600920733064413 0.9979156255722046 103.53429412841797
0.9980462789535522 -0.002682711696252227 0.06242280453443527 0.6281983256340027 0.0027682252693921328 0.9999952912330627 -0.0012834644876420498 -1.4572275876998901 -0.06241907924413681 0.0014537570532411337 0.9980489611625671 104.71878814697266
0.9982222318649292 -0.0028542890213429928 0.05953388288617134 0.7017189264297485 0.0029076379723846912 0.9999954104423523 -0.0008095054654404521 -1.477390170097351 -0.05953130125999451 0.0009811692871153355 0.99822598695755 105.923828125
0.9983689188957214 -0.0019226109143346548 0.05705923214554787 0.7556275725364685 0.001981147797778249 0.9999975562095642 -0.0009693481842987239 -1.4946147203445435 -0.057057224214076996 0.001080809743143618 0.9983702898025513 107.11971282958984
0.9985698461532593 -0.0004050334682688117 0.05345965921878815 0.8038427233695984 0.0004896930768154562 0.9999986290931702 -0.0015705262776464224 -1.5097808837890625 -0.05345894768834114 0.0015944590559229255 0.9985688328742981 108.31523895263672
0.9987837076187134 -0.0002562344307079911 0.04930514842271805 0.863326370716095 0.000310289062326774 0.9999993443489075 -0.0010886735981330276 -1.5295151472091675 -0.049304839223623276 0.0011026483261957765 0.9987831711769104 109.52833557128906
0.9989882707595825 -0.00025503913639113307 0.044969845563173294 0.9207652807235718 0.0002512375940568745 0.9999999403953552 9.01872044778429e-05 -1.5521093606948853 -0.044969864189624786 -7.879798795329407e-05 0.9989883899688721 110.75397491455078
0.9991632699966431 0.0005039948155172169 0.040899865329265594 0.9588269591331482 -0.0005352919106371701 0.9999995231628418 0.0007542588282376528 -1.5684646368026733 -0.04089947044849396 -0.0007755209226161242 0.9991629719734192 111.95639038085938
0.9993316531181335 0.0005924617289565504 0.03654756769537926 0.996874988079071 -0.0006417299737222493 0.999998927116394 0.0013363400939852 -1.5862452983856201 -0.0365467332303524 -0.0013589004520326853 0.999330997467041 113.17617797851562
0.999508261680603 0.001177560188807547 0.031332481652498245 1.0339012145996094 -0.0012192543363198638 0.9999984502792358 0.001311629544943571 -1.5996203422546387 -0.031330887228250504 -0.0013491867575794458 0.9995081424713135 114.39148712158203
0.9996379613876343 0.0017845252295956016 0.026846792548894882 1.0520662069320679 -0.0018205633386969566 0.9999974966049194 0.0013179781381040812 -1.6224743127822876 -0.02684437297284603 -0.0013663775753229856 0.9996386766433716 115.63661193847656
0.999760091304779 0.0019016109872609377 0.021822083741426468 1.0701097249984741 -0.0019301155116409063 0.9999973177909851 0.0012852330692112446 -1.6419832706451416 -0.02181958220899105 -0.0013270438648760319 0.9997611045837402 116.85829162597656
0.9998465180397034 0.0032120856922119856 0.01722118631005287 1.084619402885437 -0.0032170156482607126 0.9999948143959045 0.00025858148001134396 -1.6574293375015259 -0.01722026616334915 -0.00031394261168316007 0.999851644039154 118.09205627441406
0.9998903274536133 0.005220991093665361 0.013860722072422504 1.0946884155273438 -0.005225243512541056 0.9999862909317017 0.00027061026776209474 -1.6775037050247192 -0.01385912112891674 -0.0003430062788538635 0.9999039173126221 119.32636260986328
0.9999088644981384 0.006854348350316286 0.01163622085005045 1.1012938022613525 -0.006860808935016394 0.999976396560669 0.0005154811078682542 -1.6973645687103271 -0.011632411740720272 -0.0005952680367045105 0.9999322295188904 120.55064392089844
0.999904453754425 0.008401203900575638 0.010974915698170662 1.0995756387710571 -0.008401338011026382 0.999964714050293 -3.393384031369351e-05 -1.7174699306488037 -0.010974813252687454 -5.827342829434201e-05 0.9999397993087769 121.82003021240234
0.9998981952667236 0.010459702461957932 0.009706178680062294 1.1092993021011353 -0.010463094338774681 0.9999452233314514 0.00029894273029640317 -1.7360897064208984 -0.00970251951366663 -0.0004004690272267908 0.9999528527259827 123.0652847290039
0.9998912215232849 0.011794587597250938 0.008854452520608902 1.1076581478118896 -0.01180446520447731 0.9999297857284546 0.0010641893604770303 -1.753592848777771 -0.008841278962790966 -0.0011685959761962295 0.9999602437019348 124.30306243896484
0.9998976588249207 0.011486561968922615 0.008519542403519154 1.1073713302612305 -0.011499680578708649 0.9999327659606934 0.0014926240546628833 -1.7699135541915894 -0.008501824922859669 -0.0015904437750577927 0.999962568283081 125.55101013183594
0.9998544454574585 0.015342208556830883 0.007466605398803949 1.1045409440994263 -0.01536986418068409 0.9998751878738403 0.0036610437091439962 -1.7930089235305786 -0.007409506011754274 -0.0037752711214125156 0.9999653697013855 126.7922134399414
0.9998425841331482 0.016318287700414658 0.006971207447350025 1.1002461910247803 -0.016366150230169296 0.9998425245285034 0.006865035742521286 -1.8061851263046265 -0.006858084816485643 -0.006978046614676714 0.9999520778656006 128.0452880859375
0.9998666048049927 0.015097351744771004 0.006249932572245598 1.1035336256027222 -0.015137095004320145 0.9998651742935181 0.006361581850796938 -1.819657802581787 -0.006153048016130924 -0.006455338094383478 0.9999603033065796 129.30258178710938
0.9998728632926941 0.014865045435726643 0.005771594122052193 1.1060328483581543 -0.014893729239702225 0.9998767971992493 0.004959363956004381 -1.8316586017608643 -0.005697161890566349 -0.005044694058597088 0.9999710321426392 130.55865478515625
0.9999165534973145 0.012154079042375088 0.004381879698485136 1.1166353225708008 -0.012180518358945847 0.9999074935913086 0.006058241240680218 -1.8442823886871338 -0.004307840950787067 -0.00611110869795084 0.9999721050262451 131.81170654296875
0.9999462962150574 0.009714819490909576 0.0036305070389062166 1.11256742477417 -0.00974273681640625 0.999922513961792 0.007753191981464624 -1.8545963764190674 -0.003554905066266656 -0.00778814684599638 0.9999633431434631 133.07347106933594
0.9999713897705078 0.006518788170069456 0.0038142106495797634 1.1156033277511597 -0.006555445492267609 0.999931812286377 0.009678550064563751 -1.8661154508590698 -0.0037508574314415455 -0.009703277610242367 0.9999458193778992 134.33534240722656
0.9999865293502808 0.004239533096551895 0.0029873992316424847 1.1225594282150269 -0.004271308891475201 0.9999334812164307 0.010711649432778358 -1.875072717666626 -0.0029417884070426226 -0.010724264197051525 0.9999381303787231 135.59976196289062
0.9999936819076538 0.00024326247512362897 0.0035404893569648266 1.1245163679122925 -0.0002751943829935044 0.9999592900276184 0.009021512232720852 -1.8851343393325806 -0.003538150805979967 -0.009022429585456848 0.999953031539917 136.8677978515625
0.9999921321868896 -0.0021664772648364305 0.0033077721018344164 1.1291613578796387 0.0021398591343313456 0.9999655485153198 0.008029610849916935 -1.8934096097946167 -0.003325053956359625 -0.008022471331059933 0.9999622702598572 138.14013671875
0.999987006187439 -0.003268033731728792 0.0038994555361568928 1.1245753765106201 0.0032368183601647615 0.9999628663063049 0.007984733209013939 -1.905625581741333 -0.003925404977053404 -0.007972006686031818 0.9999605417251587 139.41029357910156
0.999983549118042 -0.0037000738084316254 0.004385836888104677 1.124333381652832 0.0036649301182478666 0.9999613165855408 0.007994161918759346 -1.9136537313461304 -0.004415246192365885 -0.007977955974638462 0.9999584555625916 140.6880645751953
0.9999819397926331 -0.003443036461248994 0.004925556015223265 1.1236190795898438 0.003391959937289357 0.9999407529830933 0.010340875945985317 -1.9272640943527222 -0.004960867576301098 -0.010323981754481792 0.9999344348907471 141.96054077148438
0.9999846816062927 -0.001127793686464429 0.005445852875709534 1.1269795894622803 0.0010641199769452214 0.9999312162399292 0.011680918745696545 -1.9375444650650024 -0.0054586525075137615 -0.011674941517412663 0.9999169707298279 143.2557373046875
0.9999808669090271 -0.0012178027536720037 0.006067872978746891 1.127734661102295 0.001158368424512446 0.9999514818191528 0.009788849391043186 -1.9426652193069458 -0.006079499609768391 -0.00978163257241249 0.999933660030365 144.5317840576172
0.9999784827232361 -0.00077095627784729 0.006518847309052944 1.128877878189087 0.0007161744288168848 0.9999644756317139 0.008401822298765182 -1.9604982137680054 -0.006525093223899603 -0.00839697290211916 0.9999434351921082 145.81153869628906
0.9999740123748779 -0.000733553955797106 0.0071699791587889194 1.1272598505020142 0.0006923284381628036 0.9999833106994629 0.005750511772930622 -1.9705530405044556 -0.0071740769781172276 -0.005745398346334696 0.999957799911499 147.08038330078125
0.9999673962593079 -0.001955935964360833 0.007837810553610325 1.1300314664840698 0.0019421319011598825 0.999996542930603 0.0017684693448245525 -1.9901418685913086 -0.007841242477297783 -0.0017531896010041237 0.9999677538871765 148.3467559814453
0.9999640583992004 -0.0015196317108348012 0.00834126491099596 1.1368447542190552 0.0015328823355957866 0.9999975562095642 -0.0015823458088561893 -2.0154995918273926 -0.008338839747011662 0.0015950751258060336 0.9999639391899109 149.6373291015625
0.9999634027481079 -0.0022663355339318514 0.008257943205535412 1.1455330848693848 0.0022868418600410223 0.9999943375587463 -0.0024746048729866743 -2.038440465927124 -0.008252288214862347 0.002493398729711771 0.9999628663063049 150.91232299804688
0.9999616146087646 -0.00200152606703341 0.008525543846189976 1.1456931829452515 0.002018808387219906 0.9999960064888 -0.002019039820879698 -2.0705409049987793 -0.008521467447280884 0.0020361740607768297 0.9999616146087646 152.1814727783203
0.999964714050293 -0.001844320329837501 0.008195888251066208 1.1529251337051392 0.001858905772678554 0.9999967217445374 -0.0017723158234730363 -2.0871899127960205 -0.008192592300474644 0.001787488698028028 0.9999648332595825 153.47109985351562
0.9999680519104004 -0.0019577057100832462 0.0077472650445997715 1.1606872081756592 0.001963151851668954 0.9999978542327881 -0.0006954155396670103 -2.1112923622131348 -0.007745885755866766 0.000710602558683604 0.9999697804450989 154.73077392578125
0.9999688267707825 -0.0005720926565118134 0.007876422256231308 1.1559357643127441 0.0005735313170589507 0.9999999403953552 -0.00018039120186585933 -2.134004831314087 -0.007876317948102951 0.00018490300863049924 0.999968945980072 155.99008178710938
0.9999730587005615 -0.00019892805721610785 0.007344855461269617 1.157446026802063 0.0002022687840508297 0.9999999403953552 -0.000454101013019681 -2.1559035778045654 -0.007344764191657305 0.0004555743944365531 0.9999728798866272 157.26266479492188
0.9999799132347107 -0.00021428795298561454 0.006332952529191971 1.1696913242340088 0.000215381573070772 0.9999999403953552 -0.00017200053844135255 -2.1804637908935547 -0.006332915276288986 0.00017336108430754393 0.9999799132347107 158.54434204101562
0.9999837279319763 -0.0008894788916222751 0.005634383298456669 1.1713587045669556 0.0008832238963805139 0.9999990463256836 0.0011125681921839714 -2.2027249336242676 -0.0056353663094341755 -0.0011075737420469522 0.999983549118042 159.81234741210938
0.9999864101409912 0.00038125552237033844 0.005197552032768726 1.1691652536392212 -0.0003891873639076948 0.9999987483024597 0.0015252279117703438 -2.2247776985168457 -0.005196964368224144 -0.0015272300224751234 0.9999853372573853 161.09201049804688
0.9999906420707703 0.0002881608088500798 0.004330168478190899 1.1717724800109863 -0.00028940921765752137 1.0 0.0002876982616726309 -2.242391347885132 -0.004330086521804333 -0.0002889487659558654 0.9999905824661255 162.36033630371094
0.9999911785125732 0.001032156404107809 0.004075906705111265 1.1658004522323608 -0.0010293915402144194 0.9999992251396179 -0.0006804306176491082 -2.2657809257507324 -0.004076606128364801 0.0006762288976460695 0.9999914169311523 163.62045288085938
0.9999940991401672 0.0018423162400722504 0.002888808026909828 1.1699479818344116 -0.0018404024885967374 0.9999980330467224 -0.0006649675779044628 -2.2872016429901123 -0.002890026895329356 0.0006596471648663282 0.9999955892562866 164.88232421875
0.9999954104423523 0.0016916434979066253 0.0025059273466467857 1.1597329378128052 -0.001687838463112712 0.9999974370002747 -0.0015197652392089367 -2.3108019828796387 -0.0025084917433559895 0.0015155287692323327 0.9999957084655762 166.15284729003906
0.9999973773956299 0.0019415452843531966 0.0012656323378905654 1.1613706350326538 -0.0019380721496418118 0.9999944567680359 -0.002739548683166504 -2.33320951461792 -0.001270945300348103 0.002737088594585657 0.9999954700469971 167.42111206054688
0.9999964237213135 0.0024062402080744505 0.0011254425626248121 1.1502450704574585 -0.0024033712688833475 0.9999938011169434 -0.002543675946071744 -2.354464292526245 -0.0011315566953271627 0.002540961839258671 0.9999961256980896 168.68992614746094
0.9999964237213135 0.0026746795047074556 0.00024843780556693673 1.1453663110733032 -0.0026744117494672537 0.9999958872795105 -0.0010717430850490928 -2.3802826404571533 -0.0002513038052711636 0.0010710747446864843 0.9999993443489075 169.96546936035156
0.9999971985816956 0.0023700690362602472 4.815357897314243e-05 1.1369972229003906 -0.00237003224901855 0.9999968409538269 -0.0007544913678430021 -2.40323543548584 -4.9942096666200086e-05 0.0007543748943135142 0.9999996423721313 171.22511291503906
0.9999958276748657 0.002829521195963025 -0.000607033958658576 1.1283080577850342 -0.00282973051071167 0.9999959468841553 -0.0003447783528827131 -2.4262192249298096 0.0006060551968403161 0.0003464945766609162 0.9999997615814209 172.49559020996094
0.9999942779541016 0.003142542904242873 -0.0012296878267079592 1.1158289909362793 -0.0031426779460161924 0.9999949932098389 -0.000107813291833736 -2.4469521045684814 0.0012293427716940641 0.00011167710908921435 0.9999992251396179 173.77317810058594
0.9999929666519165 0.0033294379245489836 -0.001706965733319521 1.111594796180725 -0.0033313899766653776 0.9999938011169434 -0.001142262015491724 -2.4704413414001465 0.0017031524330377579 0.00114794063847512 0.9999978542327881 175.05679321289062
0.9999905824661255 0.0038479622453451157 -0.0020311272237449884 1.0867648124694824 -0.0038513080216944218 0.9999911785125732 -0.0016459577018395066 -2.494086980819702 0.0020247753709554672 0.0016537647461518645 0.9999966025352478 176.33151245117188
0.9999836683273315 0.005075052846223116 -0.0026129847392439842 1.0840765237808228 -0.005078595597296953 0.9999861121177673 -0.0013510710559785366 -2.5114026069641113 0.0026060936506837606 0.0013643192360177636 0.9999956488609314 177.58155822753906
0.9999845027923584 0.0049428860656917095 -0.002553915372118354 1.0770323276519775 -0.004949950147420168 0.9999839067459106 -0.002767324447631836 -2.532263994216919 0.0025401951279491186 0.002779923379421234 0.999992847442627 178.8549041748047
0.9999926090240479 0.0032636085525155067 -0.0020245008636265993 1.0558252334594727 -0.0032728328369557858 0.9999842047691345 -0.004570218734443188 -2.5519328117370605 0.0020095547661185265 0.004576811101287603 0.9999874830245972 180.1170196533203
0.9999961256980896 0.0003114752471446991 -0.0027708914130926132 1.0530790090560913 -0.0003225773689337075 0.9999918937683105 -0.0040071881376206875 -2.585508346557617 0.0027696213219314814 0.00400806637480855 0.9999881386756897 181.3814697265625
0.9999915361404419 0.00048744186642579734 -0.00409769918769598 1.0542266368865967 -0.0004887930699624121 0.9999997615814209 -0.0003287305007688701 -2.609560966491699 0.004097539000213146 0.00033073066151700914 0.9999915957450867 182.64817810058594
0.9999952912330627 -0.00026363084907643497 -0.0030537587590515614 1.0299431085586548 0.00027598461019806564 0.999991774559021 0.004045803565531969 -2.6310532093048096 0.003052666550502181 -0.004046628251671791 0.9999871253967285 183.90823364257812
0.9999940395355225 0.001159653184004128 -0.003249287372455001 1.0247961282730103 -0.0011492868652567267 0.9999942183494568 0.0031904801726341248 -2.6468138694763184 0.003252968657761812 -0.0031867267098277807 0.9999895691871643 185.16697692871094
0.9999924898147583 0.00259733316488564 -0.0028609102591872215 1.0071651935577393 -0.0025968579575419426 0.9999966025352478 0.0001695759710855782 -2.664891004562378 0.002861339831724763 -0.00016214523930102587 0.9999958276748657 186.40402221679688
0.9999909996986389 0.002921662526205182 -0.0031028592493385077 0.9991030097007751 -0.002927440218627453 0.9999940395355225 -0.0018592524575069547 -2.6854310035705566 0.003097407752647996 0.0018683189991861582 0.9999934434890747 187.64866638183594
0.9999897480010986 0.002943445462733507 -0.0034349472261965275 0.9836913347244263 -0.0029484136030077934 0.9999946355819702 -0.0014421652304008603 -2.7119710445404053 0.0034306824672967196 0.0014522781129926443 0.999993085861206 188.9022674560547
0.9999905228614807 0.002820804016664624 -0.0033160680904984474 0.9749858975410461 -0.0028228298760950565 0.999995768070221 -0.0006063973996788263 -2.7325034141540527 0.003314343048259616 0.0006157523021101952 0.9999943375587463 190.14764404296875
0.9999911189079285 0.003043060190975666 -0.002914509503170848 0.9618548154830933 -0.003037899499759078 0.9999938011169434 0.0017732649575918913 -2.75486159324646 0.0029198869597166777 -0.0017643949249759316 0.999994158744812 191.39976501464844
0.9999949336051941 0.0020653181709349155 -0.0024260508362203836 0.9558118581771851 -0.002058030106127262 0.9999933242797852 0.0030026219319552183 -2.7814910411834717 0.0024322359822690487 -0.0029976137448102236 0.9999924898147583 192.6505126953125
0.9999969601631165 0.0023152304347604513 -0.0008236452122218907 0.9477317333221436 -0.002313499106094241 0.9999950528144836 0.002097260905429721 -2.7987852096557617 0.0008284964715130627 -0.0020953493658453226 0.9999974370002747 193.8890380859375
0.9999991655349731 0.0009438149281777442 0.0007272787042893469 0.9401171803474426 -0.0009443853632546961 0.9999991655349731 0.0007838033488951623 -2.8215487003326416 -0.0007265382446348667 -0.0007844901410862803 0.999999463558197 195.12255859375
0.999997079372406 0.0013436591252684593 0.0020100625697523355 0.9396865367889404 -0.0013420331524685025 0.9999986886978149 -0.0008101043058559299 -2.844879627227783 -0.0020111463963985443 0.0008074041688814759 0.999997615814209 196.35037231445312
