1.0 -3.74274158332355e-08 -3.182335831297678e-06 2.0714411220978945e-05 3.742604803846916e-08 1.0 -4.30170189247292e-07 2.1134360395080876e-06 3.182335831297678e-06 4.3017004713874485e-07 1.0 -1.404024260409642e-06
0.9999973177909851 0.0010378594743087888 0.002069359878078103 -0.00959501788020134 -0.0010356439743191004 0.9999988675117493 -0.0010713808005675673 -0.016852645203471184 -0.0020704695489257574 0.0010692349169403315 0.9999972581863403 1.2062214612960815
0.9999887347221375 0.0015635223826393485 0.004467140417546034 -0.0293391365557909 -0.0015609866240993142 0.9999986290931702 -0.0005710506229661405 -0.03992161527276039 -0.004468027036637068 0.0005640710005536675 0.9999898076057434 2.404857873916626
0.999982476234436 0.0012013539671897888 0.005793130490928888 -0.030903857201337814 -0.0011994285741820931 0.9999992251396179 -0.0003358239191584289 -0.05791891738772392 -0.005793530493974686 0.00032886958797462285 0.9999831914901733 3.6027719974517822
0.9999762177467346 0.0010834577260538936 0.006815803237259388 -0.028743918985128403 -0.001080344314686954 0.9999992847442627 -0.00046045900671742857 -0.07826371490955353 -0.006816297769546509 0.0004530846490524709 0.9999766945838928 4.802058219909668
0.9999719858169556 0.0007064709207043052 0.00745306396856904 -0.02388107404112816 -0.0007051468128338456 0.9999997615814209 -0.00018026672478299588 -0.10032400488853455 -0.007453190162777901 0.00017500616377219558 0.9999722242355347 5.996185779571533
0.9999669790267944 0.000922788807656616 0.008073369041085243 -0.016385722905397415 -0.0009132424602285028 0.999998927116394 -0.0011860544327646494 -0.12164555490016937 -0.008074454963207245 0.0011786422692239285 0.9999666810035706 7.195001125335693
0.999955415725708 0.0008427161374129355 0.009403911419212818 -0.0214424729347229 -0.0008315269369632006 0.999998927116394 -0.0011936886003240943 -0.14859984815120697 -0.009404906071722507 0.0011858157813549042 0.9999550580978394 8.374021530151367
0.9999540448188782 0.0005826596170663834 0.00957053154706955 -0.016567058861255646 -0.0005850975285284221 0.9999998211860657 0.0002519280824344605 -0.17023706436157227 -0.009570383466780186 -0.00025751619250513613 0.9999541640281677 9.57093334197998
0.9999662041664124 3.21837178489659e-05 0.00822280254215002 -0.011727534234523773 -4.330018418841064e-05 0.9999990463256836 0.0013517222832888365 -0.19209960103034973 -0.008222753182053566 -0.001352032646536827 0.999965250492096 10.768072128295898
0.9999812245368958 -0.0015138702001422644 0.005940556991845369 -0.013390608131885529 0.001509077730588615 0.9999984502792358 0.0008110625203698874 -0.2138609141111374 -0.005941776093095541 -0.0008020824170671403 0.9999819993972778 11.967168807983398
0.9999909996986389 -0.0012367080198600888 0.004067093133926392 -0.01775509864091873 0.0012358009116724133 0.9999991655349731 0.0002255490981042385 -0.23045338690280914 -0.004067367874085903 -0.00022052088752388954 0.9999917149543762 13.161992073059082
0.9999957084655762 -0.001320276758633554 0.0026168248150497675 -0.015741746872663498 0.0013198042288422585 0.9999990463256836 0.00018222356447950006 -0.2539200186729431 -0.0026170627679675817 -0.0001787690562196076 0.999996542930603 14.362960815429688
0.9999980926513672 0.00025711991474963725 0.001945667085237801 -0.02423054911196232 -0.0002573915699031204 0.9999999403953552 0.00013940705684944987 -0.275783896446228 -0.0019456312293186784 -0.00013990758452564478 0.9999980926513672 15.5465726852417
0.9999989867210388 2.6036610506707802e-05 0.0014406684786081314 -0.028930172324180603 -2.626024252094794e-05 1.0 0.00015520717715844512 -0.29527541995048523 -0.0014406646369025111 -0.00015524485206697136 0.999998927116394 16.747638702392578
0.9999995827674866 -0.0008357763872481883 0.0005451960023492575 -0.030092105269432068 0.0008354507153853774 0.999999463558197 0.0005972250364720821 -0.3153928518295288 -0.0005456950748339295 -0.0005967692122794688 0.9999997019767761 17.934240341186523
0.9999994039535522 -0.0009244598913937807 0.0005157655687071383 -0.039659589529037476 0.0009239519131369889 0.9999991059303284 0.000984154874458909 -0.3366125524044037 -0.0005166746559552848 -0.0009836778044700623 0.9999993443489075 19.144886016845703
0.9999997019767761 -0.0006774415378458798 -0.00041786424117162824 -0.04574728012084961 0.0006775170913897455 0.9999998211860657 0.00018079340225085616 -0.35928961634635925 0.0004177417140454054 -0.00018107634969055653 0.9999998807907104 20.342716217041016
0.9999992847442627 -0.001098167384043336 -0.000436134374467656 -0.05822219327092171 0.0010977963684126735 0.9999991655349731 -0.0008497367380186915 -0.379648357629776 0.0004370675596874207 0.00084925745613873 0.9999995231628418 21.549495697021484
0.9999991655349731 0.00011937889939872548 -0.001216798322275281 -0.06453093886375427 -0.00011986990284640342 0.9999999403953552 -0.00040336130768992007 -0.39791354537010193 0.0012167500099167228 0.0004035068559460342 0.9999991655349731 22.74580192565918
0.9999985694885254 -0.000333176227286458 -0.0016583455726504326 -0.08356159925460815 0.0003324255521874875 0.9999998211860657 -0.00045294789015315473 -0.4227846562862396 0.0016584962140768766 0.00045239596511237323 0.9999985098838806 23.93940544128418
0.9999964237213135 -0.0002879479434341192 -0.0026479167863726616 -0.09239333868026733 0.00028503400972113013 0.9999993443489075 -0.0011007694993168116 -0.4433232247829437 0.0026482315734028816 0.0011000109370797873 0.9999958872795105 25.134296417236328
0.9999940991401672 -0.00010434206342324615 -0.003421306610107422 -0.10505268722772598 0.00010355521226301789 0.9999999403953552 -0.00023009467986412346 -0.4723401963710785 0.003421331290155649 0.0002297390456078574 0.9999940991401672 26.33080291748047
0.9999895691871643 -0.001896724570542574 -0.00415443442761898 -0.11462464928627014 0.0019034261349588633 0.9999967813491821 0.0016097432235255837 -0.49422651529312134 0.004151368513703346 -0.0016176342032849789 0.9999900460243225 27.534744262695312
0.9999862313270569 -0.0015116656431928277 -0.005015240516513586 -0.1264302134513855 0.001519220182672143 0.9999978542327881 0.00150288175791502 -0.5110347270965576 0.005012956913560629 -0.0015104806516319513 0.9999862909317017 28.728654861450195
0.999979555606842 -0.002337158191949129 -0.005951957777142525 -0.1380399763584137 0.002342395717278123 0.9999969005584717 0.0008731283014640212 -0.5326764583587646 0.0059498995542526245 -0.0008870525634847581 0.9999819397926331 29.926631927490234
0.9999752640724182 -0.0024732646998018026 -0.006577868480235338 -0.15234944224357605 0.0024711047299206257 0.9999969005584717 -0.00033643568167462945 -0.5492083430290222 0.006578679662197828 0.0003201727813575417 0.9999783039093018 31.121213912963867
0.9999714493751526 -0.00203422992490232 -0.007270204834640026 -0.17031699419021606 0.0020320576149970293 0.9999979138374329 -0.00030620410689152777 -0.5671165585517883 0.007270812522619963 0.00029142192215658724 0.999973475933075 32.31421661376953
0.9999657273292542 -0.002131520537659526 -0.007997306063771248 -0.18385586142539978 0.0021327920258045197 0.9999976754188538 0.00015044552856124938 -0.5873878002166748 0.007996967062354088 -0.00016749699716456234 0.9999679923057556 33.51961898803711
0.9999618530273438 -0.0025823484174907207 -0.008341491222381592 -0.19846168160438538 0.0025858336593955755 0.9999966025352478 0.0004070531576871872 -0.6103090643882751 0.008340411819517612 -0.0004286074254196137 0.9999651312828064 34.71026611328125
0.9999539256095886 -0.0031934380531311035 -0.009046901017427444 -0.209611177444458 0.0032010162249207497 0.9999945163726807 0.0008232882246375084 -0.6364568471908569 0.00904422253370285 -0.0008522096322849393 0.9999586939811707 35.90914535522461
0.9999502301216125 -0.003411252750083804 -0.00937063992023468 -0.23123031854629517 0.0034165910910815 0.9999939799308777 0.0005537902470678091 -0.6572179198265076 0.009368694387376308 -0.0005857782089151442 0.9999558925628662 37.10790252685547
0.9999449253082275 -0.0042569865472614765 -0.009592168033123016 -0.2430211454629898 0.004270159639418125 0.9999899864196777 0.0013532580342143774 -0.6782757043838501 0.009586312808096409 -0.0013941435609012842 0.9999530911445618 38.30674362182617
0.9999500513076782 -0.00386342266574502 -0.00921881664544344 -0.26596981287002563 0.0038857189938426018 0.9999895095825195 0.0024019270204007626 -0.6952165365219116 0.009209441021084785 -0.0024376281071454287 0.9999546408653259 39.52278518676758
0.9999532103538513 -0.003169952891767025 -0.009133615531027317 -0.2818698585033417 0.0031946259550750256 0.999991238117218 0.002688080072402954 -0.7058639526367188 0.009125016629695892 -0.002717132680118084 0.9999547004699707 40.72437286376953
0.9999518394470215 -0.002579075051471591 -0.009465440176427364 -0.29574713110923767 0.002603315282613039 0.9999933242797852 0.0025495104491710663 -0.7261655926704407 0.00945880264043808 -0.002574029378592968 0.9999520182609558 41.92672348022461
0.9999595284461975 -0.0015022021252661943 -0.008873051963746548 -0.3222658634185791 0.0015253388555720448 0.9999954700469971 0.0026013553142547607 -0.7469828128814697 0.008869102224707603 -0.0026147845201194286 0.999957263469696 43.1224250793457
0.9999614953994751 0.0007887645624577999 -0.008739376440644264 -0.3358606696128845 -0.0007512987940572202 0.9999904632568359 0.004289500880986452 -0.7608112096786499 0.008742677047848701 -0.004282769747078419 0.9999526143074036 44.31845474243164
0.9999757409095764 0.0014560811687260866 -0.006826663389801979 -0.355609267950058 -0.0014059782261028886 0.9999721646308899 0.007338350638747215 -0.7756912708282471 0.006837158929556608 -0.007328573614358902 0.9999497532844543 45.53112030029297
0.9999887347221375 0.00177006796002388 -0.004394088871777058 -0.3743562400341034 -0.0017253225669264793 0.9999467730522156 0.010166065767407417 -0.7854520678520203 0.004411849193274975 -0.01015837024897337 0.9999386668205261 46.74665832519531
0.9999911785125732 0.0021689850836992264 -0.0035992732737213373 -0.375163197517395 -0.002120180521160364 0.9999065399169922 0.01350829005241394 -0.7920562028884888 0.0036282367072999477 -0.01350054144859314 0.9999023079872131 47.95016860961914
0.9999972581863403 0.0009344809222966433 -0.002161110984161496 -0.38694751262664795 -0.000902850937563926 0.9998931288719177 0.014590942300856113 -0.7992742657661438 0.002174514112994075 -0.014588950201869011 0.9998911619186401 49.157989501953125
0.9999999403953552 -0.0003502887557260692 -0.00014585732424166054 -0.3908311426639557 0.0003522008773870766 0.9999111294746399 0.01332174614071846 -0.8031311631202698 0.0001411779085174203 -0.013321795500814915 0.9999112486839294 50.3791389465332
0.9999995827674866 0.0004782533214893192 0.0007725240429863334 -0.3932303488254547 -0.0004874208243563771 0.999928891658783 0.01191083062440157 -0.8116791844367981 -0.0007667722529731691 -0.011911199428141117 0.9999288320541382 51.592018127441406
0.9999980926513672 0.0004004940565209836 0.0018820620607584715 -0.40136682987213135 -0.0004215747758280486 0.9999370574951172 0.011213861405849457 -0.8158833384513855 -0.001877451897598803 -0.011214634403586388 0.9999353289604187 52.78416061401367
0.9999983906745911 0.0002122799342032522 0.0017479932866990566 -0.4021714925765991 -0.0002307216782355681 0.999944269657135 0.010556841269135475 -0.8197529315948486 -0.001745654852129519 -0.01055722963064909 0.9999427199363708 53.98929977416992
0.9999994039535522 -0.00038568992749787867 0.0010665167355909944 -0.4047143757343292 0.0003758059174288064 0.9999571442604065 0.009252244606614113 -0.825680673122406 -0.0010700398124754429 -0.009251837618649006 0.9999566674232483 55.196590423583984
0.9999999403953552 -0.00015625810192432255 -8.647388312965631e-05 -0.417243093252182 0.00015711925516370684 0.9999495148658752 0.010049715638160706 -0.8374187350273132 8.489915489917621e-05 -0.01004972867667675 0.9999495148658752 56.40449523925781
0.9999991655349731 -0.00025898704188875854 -0.0012824353761970997 -0.425855427980423 0.0002729338884819299 0.9999407529830933 0.010887048207223415 -0.8415355086326599 0.0012795396614819765 -0.01088738813996315 0.9999399185180664 57.60884475708008
0.9999967813491821 -0.000544952810741961 -0.0024881898425519466 -0.43008506298065186 0.0005742208450101316 0.9999305009841919 0.011777257546782494 -0.8580020666122437 0.0024815986398607492 -0.011778646148741245 0.9999275207519531 58.81560134887695
0.9999940395355225 0.0003044154727831483 -0.0034470323007553816 -0.43912187218666077 -0.00026515452191233635 0.9999352097511292 0.01138448528945446 -0.861686646938324 0.003450273536145687 -0.011383503675460815 0.9999292492866516 60.01339340209961
0.9999914169311523 0.0006430530920624733 -0.004096768330782652 -0.44862502813339233 -0.0005963901639916003 0.9999350309371948 0.011381234973669052 -0.8739977478981018 0.004103821236640215 -0.011378693394362926 0.9999268651008606 61.221736907958984
0.9999911785125732 -0.00022892889683134854 -0.004202111624181271 -0.4577430188655853 0.00027423197752796113 0.9999418258666992 0.010783596895635128 -0.8785874843597412 0.004199399147182703 -0.010784654878079891 0.9999330639839172 62.418296813964844
0.9999895691871643 -0.0012611208949238062 -0.004390832968056202 -0.46805161237716675 0.0013049031840637326 0.9999493360519409 0.009982744231820107 -0.8930860161781311 0.004378019366413355 -0.009988371282815933 0.9999405145645142 63.631004333496094
0.9999870657920837 -0.0014749906258657575 -0.00486459257081151 -0.4744265675544739 0.0015291253803297877 0.9999367594718933 0.011143399402499199 -0.8989745378494263 0.004847848322242498 -0.011150691658258438 0.9999260902404785 64.83451080322266
0.9999843239784241 -0.002225813688710332 -0.005126909352838993 -0.4882166385650635 0.0022908709943294525 0.9999165534973145 0.01271867472678423 -0.9090153574943542 0.0050981719978153706 -0.012730219401419163 0.9999060034751892 66.0405044555664
0.999984085559845 -0.0016992585733532906 -0.005374674219638109 -0.49954867362976074 0.001759145874530077 0.9999363422393799 0.011157507076859474 -0.9201148152351379 0.005355371627956629 -0.011166787706315517 0.9999232888221741 67.23438262939453
0.9999868273735046 0.00023574053193442523 -0.0051110354252159595 -0.518085241317749 -0.00018433590594213456 0.9999494552612305 0.010055760852992535 -0.9281510710716248 0.0051131462678313255 -0.010054687969386578 0.9999364018440247 68.43450927734375
0.999983012676239 0.0022376819979399443 -0.005377516150474548 -0.5276849865913391 -0.002181537449359894 0.9999433159828186 0.010423797182738781 -0.9388247132301331 0.005400536116212606 -0.010411889292299747 0.9999312162399292 69.62555694580078
0.999976396560669 0.004536031745374203 -0.005162210203707218 -0.5419686436653137 -0.004480910487473011 0.9999333620071411 0.010639818385243416 -0.9476678371429443 0.005210129078477621 -0.01061643660068512 0.9999300837516785 70.80941009521484
0.9999715685844421 0.005702003370970488 -0.00492172921076417 -0.5587473511695862 -0.005647061858326197 0.9999223947525024 0.011105554178357124 -0.9556970000267029 0.004984672646969557 -0.01107744313776493 0.9999262094497681 72.01338195800781
0.9999721646308899 0.006334149744361639 -0.00393760995939374 -0.5697618722915649 -0.006286040414124727 0.9999068975448608 0.012112501077353954 -0.9638724327087402 0.004013967700302601 -0.012087412178516388 0.9999188780784607 73.20844268798828
0.9999653100967407 0.008054027333855629 -0.002111021662130952 -0.578386664390564 -0.00802653655409813 0.9998868703842163 0.012721412815153599 -0.9691540002822876 0.0022132417652755976 -0.012704025022685528 0.9999168515205383 74.40347290039062
0.9999759793281555 0.006875625345855951 0.000795425265096128 -0.5851030945777893 -0.006883624475449324 0.9999208450317383 0.01053254771977663 -0.9809807538986206 -0.0007229434559121728 -0.010537771508097649 0.9999442100524902 75.56709289550781
0.999986469745636 0.004175941925495863 0.003087697084993124 -0.5834829807281494 -0.004192658234387636 0.9999765157699585 0.005426815245300531 -0.9906614422798157 -0.003064962336793542 -0.0054396879859268665 0.9999805092811584 76.74102783203125
0.9999684691429138 0.0053098914213478565 0.005897595081478357 -0.5839483141899109 -0.005339294206351042 0.9999733567237854 0.004981304984539747 -1.0025246143341064 -0.00587098766118288 -0.00501263840124011 0.9999701380729675 77.9249267578125
0.9999561309814453 0.004182722419500351 0.008386654779314995 -0.5762104988098145 -0.004255029838532209 0.9999538064002991 0.008622653782367706 -1.0170588493347168 -0.008350200951099396 -0.008657961152493954 0.9999275803565979 79.1065902709961
0.9999175667762756 0.004431349691003561 0.012052491307258606 -0.568996787071228 -0.0045501491986215115 0.9999411702156067 0.009847424924373627 -1.0288214683532715 -0.012008145451545715 -0.009901453740894794 0.9998788833618164 80.27369689941406
0.9998612999916077 0.004595194477587938 0.01600893959403038 -0.5552810430526733 -0.004724547732621431 0.999956488609314 0.008051672950387001 -1.038750171661377 -0.015971247106790543 -0.008126191794872284 0.9998394250869751 81.44329833984375
0.9998006224632263 0.003343752818182111 0.01968497969210148 -0.5398797988891602 -0.0034454830456525087 0.9999808073043823 0.005136251915246248 -1.0531482696533203 -0.019667429849505424 -0.005203052889555693 0.9997930526733398 82.6033935546875
0.9997334480285645 0.0019769594073295593 0.023002104833722115 -0.5149338245391846 -0.0020153832156211138 0.9999966025352478 0.0016473797149956226 -1.0688166618347168 -0.02299877069890499 -0.0016932989237830043 0.9997340440750122 83.76832580566406
0.9996427297592163 0.0014930992620065808 0.02668577805161476 -0.48972320556640625 -0.0015150423860177398 0.9999985098838806 0.0008020735695026815 -1.0874688625335693 -0.026684539392590523 -0.0008422170649282634 0.9996435642242432 84.92242431640625
0.9995458126068115 0.0011521453270688653 0.03011731058359146 -0.4559502601623535 -0.001230094931088388 0.9999959468841553 0.002569788135588169 -1.1088085174560547 -0.030114231631159782 -0.0026056678034365177 0.9995430707931519 86.08802795410156
0.9994187951087952 0.002277241088449955 0.03401387855410576 -0.43032264709472656 -0.0023913062177598476 0.9999917149543762 0.0033131935633718967 -1.1310505867004395 -0.03400604426860809 -0.003392605809494853 0.9994158744812012 87.25031280517578
0.9992870092391968 0.0016150579322129488 0.037720534950494766 -0.3855016231536865 -0.0016464532818645239 0.9999983310699463 0.0008012709440663457 -1.1458520889282227 -0.03771916776895523 -0.0008628047653473914 0.999288022518158 88.3999252319336
0.9991589784622192 0.0014878767542541027 0.04097788408398628 -0.3437621593475342 -0.0014355570310726762 0.999998152256012 -0.0013061746722087264 -1.1667754650115967 -0.04097975045442581 0.0012462498852983117 0.9991591572761536 89.54756164550781
0.9990229606628418 0.0014287016820162535 0.04416834935545921 -0.29653215408325195 -0.001346863224171102 0.9999973177909851 -0.001882571610622108 -1.1850496530532837 -0.04417091980576515 0.0018212434370070696 0.9990222454071045 90.71525573730469
0.9988894462585449 0.0006679520010948181 0.047110509127378464 -0.24752521514892578 -0.0006349475588649511 0.9999995231628418 -0.000715538626536727 -1.2042357921600342 -0.047110967338085175 0.000684831291437149 0.9988893866539001 91.87410736083984
0.9987568259239197 -0.0006866608746349812 0.049843400716781616 -0.19116544723510742 0.0006484764162451029 0.999999463558197 0.0007822556653991342 -1.2239155769348145 -0.0498439222574234 -0.0007489608833566308 0.9987567663192749 93.03839874267578
0.9986244440078735 -0.00149237597361207 0.052411455661058426 -0.13211870193481445 0.0013563609682023525 0.9999956488609314 0.002630610018968582 -1.2429159879684448 -0.0524151585996151 -0.0025559028144925833 0.9986221194267273 94.19694519042969
0.9984992742538452 -0.0029949333984404802 0.05468323826789856 -0.06627893447875977 0.0028081315103918314 0.9999900460243225 0.0034925895743072033 -1.2582118511199951 -0.05469315126538277 -0.0033337909262627363 0.9984976649284363 95.36016845703125
0.9983468055725098 -0.003947791643440723 0.05734184756875038 -0.010595321655273438 0.0038751859683543444 0.9999915361404419 0.0013773345854133368 -1.2796785831451416 -0.057346802204847336 -0.0011528471950441599 0.9983536005020142 96.51612854003906
0.998223066329956 -0.005617027636617422 0.05932304263114929 0.06252479553222656 0.005762140266597271 0.9999808073043823 -0.002275364240631461 -1.2973918914794922 -0.05930911377072334 0.0026131481863558292 0.9982362985610962 97.67105865478516
0.9980902075767517 -0.004702466074377298 0.06159641221165657 0.1219186782836914 0.005022350698709488 0.9999746680259705 -0.005039433483034372 -1.3191125392913818 -0.0615711584687233 0.005339168477803469 0.9980884194374084 98.83455657958984
0.9979793429374695 -0.004403417930006981 0.06338759511709213 0.19116783142089844 0.0047895764000713825 0.9999709129333496 -0.005941355135291815 -1.338932752609253 -0.0633595883846283 0.00623294897377491 0.9979712963104248 100.01172637939453
0.9979533553123474 -0.004257429391145706 0.06380447000265121 0.25864458084106445 0.004605262540280819 0.999975323677063 -0.005305486731231213 -1.3618489503860474 -0.06378031522035599 0.00558846490457654 0.9979482293128967 101.19194030761719
0.9980177283287048 -0.004469371400773525 0.06277535110712051 0.3330378532409668 0.004686965607106686 0.9999834895133972 -0.003319407347589731 -1.3882094621658325 -0.06275948882102966 0.0036070530768483877 0.9980221390724182 102.37461853027344
0.9980828166007996 -0.004762561060488224 0.0617084726691246 0.39438724517822266 0.004896117374300957 0.9999859929084778 -0.002013303805142641 -1.4072903394699097 -0.06169802322983742 0.00231157592497766 0.9980921745300293 103.56238555908203
0.9982166886329651 -0.004290347453206778 0.059540338814258575 0.4639892578125 0.004367000889033079 0.9999897480010986 -0.0011573664378374815 -1.4265707731246948 -0.059534765779972076 0.0014153148513287306 0.998225212097168 104.7573471069336
0.9983615875244141 -0.004097007680684328 0.05707227811217308 0.5246849060058594 0.004149994347244501 0.9999910593032837 -0.0008099187398329377 -1.4452404975891113 -0.05706844478845596 0.001045440905727446 0.9983696937561035 105.94717407226562
0.998522162437439 -0.0035456810146570206 0.054229985922575 0.5809440612792969 0.003588733496144414 0.9999933242797852 -0.0006965181091800332 -1.4699151515960693 -0.05422716215252876 0.0008901059627532959 0.998528242111206 107.16436004638672
0.998723566532135 -0.001953602535650134 0.05047110840678215 0.6317400932312012 0.0020264845807105303 0.9999969601631165 -0.0013929002452641726 -1.4829552173614502 -0.050468236207962036 0.0014934012433514 0.9987245202064514 108.36885070800781
0.9989176988601685 -0.0018734722398221493 0.0464751198887825 0.6822824478149414 0.0019151015440002084 0.9999977946281433 -0.0008512185886502266 -1.5030299425125122 -0.046473428606987 0.0009393021464347839 0.9989190697669983 109.57257843017578
0.9991002678871155 -0.0014926675939932466 0.042383261024951935 0.7328648567199707 0.0014887885190546513 0.999998927116394 0.00012308958685025573 -1.521498680114746 -0.042383402585983276 -5.987921031191945e-05 0.9991014003753662 110.79815673828125
0.999271810054779 -0.0009164590737782419 0.03814270719885826 0.7725937366485596 0.0008820219081826508 0.9999991059303284 0.0009196719620376825 -1.541149377822876 -0.03814351558685303 -0.000885359535459429 0.9992718696594238 112.00883483886719
0.9994286298751831 -0.0007456255261786282 0.033790819346904755 0.8060805797576904 0.000697373179718852 0.9999988675117493 0.0014397307531908154 -1.5575731992721558 -0.03379184752702713 -0.0014153434894979 0.9994279146194458 113.23135375976562
0.9995840787887573 -0.00011194468970643356 0.02883756160736084 0.8367772102355957 7.12839319021441e-05 0.9999991059303284 0.00141101551707834 -1.5728603601455688 -0.02883768640458584 -0.0014083730056881905 0.9995831847190857 114.45175170898438
0.9997177124023438 0.0004663070139940828 0.02375475876033306 0.8633053302764893 -0.0005009293672628701 0.9999988079071045 0.0014515620423480868 -1.5936553478240967 -0.023754049092531204 -0.0014630516525357962 0.9997167587280273 115.68465423583984
0.9998196363449097 0.0008536429959349334 0.01897376775741577 0.8756723403930664 -0.0008759787306189537 0.999998927116394 0.0011689141392707825 -1.6089904308319092 -0.01897275075316429 -0.0011853236937895417 0.999819278717041 116.90646362304688
0.9998981356620789 0.001863616518676281 0.014151571318507195 0.8890238404273987 -0.00186989177018404 0.999998152256012 0.0004302579036448151 -1.6280512809753418 -0.01415074523538351 -0.0004566758871078491 0.9998997449874878 118.1363296508789
0.9999361634254456 0.003769044764339924 0.010646362788975239 0.8964047431945801 -0.003773639677092433 0.9999927282333374 0.0004115294141229242 -1.6480637788772583 -0.010644734837114811 -0.0004516787885222584 0.9999432563781738 119.3716812133789
0.9999487400054932 0.0056280638091266155 0.008419438265264034 0.8983423709869385 -0.005633048713207245 0.9999839067459106 0.0005685390206053853 -1.6667388677597046 -0.008416103199124336 -0.0006159370532259345 0.9999644756317139 120.6000747680664
0.9999471306800842 0.006940711755305529 0.007586295250803232 0.8963713049888611 -0.006942653097212315 0.999975860118866 0.00022961593640502542 -1.6895124912261963 -0.007584518752992153 -0.00028227284201420844 0.9999711513519287 121.85430908203125
0.9999356269836426 0.009245287626981735 0.006564471870660782 0.8920839428901672 -0.009249020367860794 0.9999570846557617 0.0005384408286772668 -1.7070462703704834 -0.006559212226420641 -0.0005991212092339993 0.9999783039093018 123.09425354003906
0.9999311566352844 0.010412466712296009 0.005394747946411371 0.8980497717857361 -0.010419648140668869 0.999944806098938 0.0013051063288003206 -1.7259986400604248 -0.00538086099550128 -0.001361228059977293 0.999984622001648 124.34175872802734
0.9999375343322754 0.010071264579892159 0.004851654637604952 0.8990147113800049 -0.010078908875584602 0.9999480247497559 0.001553732785396278 -1.7400953769683838 -0.004835754632949829 -0.0016025351360440254 0.9999869465827942 125.59144592285156
0.9998988509178162 0.01366498414427042 0.003956733737140894 0.894304633140564 -0.01367874350398779 0.9999004602432251 0.0034712781198322773 -1.755347728729248 -0.003908905200660229 -0.0035250496584922075 0.9999861121177673 126.84024810791016
0.9998858571052551 0.014697737991809845 0.0035008981358259916 0.888248085975647 -0.014721089042723179 0.9998688697814941 0.006740065291523933 -1.7697314023971558 -0.0034013758413493633 -0.006790833082050085 0.9999710917472839 128.0906219482422
0.9999063611030579 0.013450697995722294 0.002545831259340048 0.8933748006820679 -0.013467160984873772 0.9998877644538879 0.006563669536262751 -1.7872220277786255 -0.0024572601541876793 -0.006597340572625399 0.9999752044677734 129.3438720703125
0.9999140501022339 0.012964732013642788 0.00196604011580348 0.8902136087417603 -0.012974480167031288 0.9999032020568848 0.005028740502893925 -1.7967479228973389 -0.0019006541697308421 -0.005053817760199308 0.99998539686203 130.58651733398438
0.9999377727508545 0.010982430540025234 0.001959361368790269 0.8772719502449036 -0.010993911884725094 0.9999218583106995 0.005948152393102646 -1.807600498199463 -0.0018938829889521003 -0.005969323683530092 0.9999803900718689 131.8649444580078
0.9999644756317139 0.008397135883569717 0.0007283985614776611 0.8802683353424072 -0.008402439765632153 0.9999357461929321 0.007612329442054033 -1.8171873092651367 -0.0006644296227023005 -0.007618179079145193 0.9999707341194153 133.11611938476562
0.9999845027923584 0.005545296706259251 0.00046139012556523085 0.8811079859733582 -0.005549675785005093 0.9999334812164307 0.010102912783622742 -1.8364111185073853 -0.0004053352167829871 -0.01010531559586525 0.9999489188194275 134.3689422607422
0.9999929666519165 0.003731533419340849 0.00033024567528627813 0.8833683133125305 -0.003734867088496685 0.9999352693557739 0.010749482549726963 -1.83633291721344 -0.0002901122497860342 -0.010750642977654934 0.9999421834945679 135.66845703125
0.9999997019767761 -0.0006328730378299952 0.00048638356383889914 0.8837827444076538 0.0006286641582846642 0.9999628663063049 0.008606407791376114 -1.84226393699646 -0.0004918121267110109 -0.008606099523603916 0.9999628663063049 136.93736267089844
0.999995231628418 -0.0029980598483234644 0.0007643270073458552 0.8788695335388184 0.0029919343069195747 0.9999643564224243 0.007892821915447712 -1.8535505533218384 -0.0007879629265516996 -0.007890497334301472 0.9999685883522034 138.2061767578125
0.9999895095825195 -0.004536905791610479 0.0005717872409150004 0.8793575763702393 0.004532271530479193 0.999958872795105 0.007860563695430756 -1.8667035102844238 -0.0006074263365007937 -0.00785789079964161 0.9999690055847168 139.48155212402344
0.9999887347221375 -0.004515393171459436 0.001407924573868513 0.8741950988769531 0.004504143726080656 0.9999586939811707 0.00789315439760685 -1.8741406202316284 -0.001443506102077663 -0.007886724546551704 0.9999678730964661 140.76617431640625
0.9999899864196777 -0.004065284971147776 0.001843978650867939 0.870184600353241 0.004047151189297438 0.9999444484710693 0.009733619168400764 -1.88335120677948 -0.00188344600610435 -0.009726057760417461 0.9999509453773499 142.03871154785156
0.9999949336051941 -0.0014748323010280728 0.002802289789542556 0.8634990453720093 0.0014423438115045428 0.9999321103096008 0.011560371145606041 -1.8966524600982666 -0.002819149289280176 -0.011556270532310009 0.9999291896820068 143.3323516845703
0.9999932646751404 -0.001605248311534524 0.003313124878332019 0.8616365194320679 0.001571809290908277 0.9999480843544006 0.010070931166410446 -1.9069448709487915 -0.003329120110720396 -0.010065657086670399 0.999943733215332 144.60696411132812
0.9999914765357971 -0.0012583117932081223 0.003928537014871836 0.8590894341468811 0.0012262217933312058 0.9999659061431885 0.008160230703651905 -1.9182217121124268 -0.003938671667128801 -0.008155347779393196 0.9999589323997498 145.87855529785156
0.9999898076057434 -0.0014528038445860147 0.004274462349712849 0.8614988327026367 0.00142869062256068 0.9999830722808838 0.0056389388628304005 -1.9291744232177734 -0.004282581619918346 -0.005632776767015457 0.9999749660491943 147.15353393554688
0.9999836087226868 -0.002109668916091323 0.00532223004847765 0.8535743951797485 0.002101590856909752 0.9999966025352478 0.0015228916890919209 -1.9462125301361084 -0.005325424484908581 -0.001511682290583849 0.9999846816062927 148.40956115722656
0.9999828934669495 -0.0020449883304536343 0.0054845865815877914 0.8610665798187256 0.0020568387117236853 0.9999955296516418 -0.0021558664739131927 -1.9685367345809937 -0.005480153951793909 0.002167109865695238 0.9999825954437256 149.6876983642578
0.9999808669090271 -0.0027448886539787054 0.005540771409869194 0.8638761639595032 0.002762686926871538 0.9999910593032837 -0.003207145258784294 -1.9901881217956543 -0.005531918257474899 0.0032223910093307495 0.9999794960021973 150.9629364013672
0.9999794960021973 -0.002831084653735161 0.005744547117501497 0.8670727610588074 0.0028478067833930254 0.9999917149543762 -0.0029047848656773567 -2.0179548263549805 -0.0057362765073776245 0.0029210844077169895 0.9999791979789734 152.22767639160156
0.9999830722808838 -0.002024644985795021 0.0054579833522439 0.8689274787902832 0.0020372148137539625 0.9999953508377075 -0.0022983825765550137 -2.0443241596221924 -0.0054533048532903194 0.0023094629868865013 0.9999824166297913 153.49017333984375
0.9999839663505554 -0.0015647300751879811 0.0054451110772788525 0.8692740797996521 0.0015720140654593706 0.9999978542327881 -0.0013336831470951438 -2.0658586025238037 -0.005443012807518244 0.0013422215124592185 0.9999842643737793 154.7528533935547
0.999985933303833 -0.0011864646803587675 0.005183886736631393 0.8686412572860718 0.0011897147633135319 0.9999991059303284 -0.0006239195936359465 -2.0897271633148193 -0.005183142144232988 0.0006300780805759132 0.9999863505363464 156.0231475830078
0.99998939037323 -0.0011721882037818432 0.004451991990208626 0.872945249080658 0.0011778046609833837 0.9999985098838806 -0.001259144744835794 -2.1106231212615967 -0.004450509324669838 0.0012643750524148345 0.9999892711639404 157.29000854492188
0.9999922513961792 -0.0008048115996643901 0.0038519389927387238 0.8668314218521118 0.0008082971908152103 0.9999993443489075 -0.0009034115355461836 -2.1330699920654297 -0.003851209068670869 0.0009065182530321181 0.9999921321868896 158.55764770507812
0.9999935626983643 -0.001382850925438106 0.0033041436690837145 0.8715616464614868 0.0013821945758536458 0.9999990463256836 0.00020091662008780986 -2.159548282623291 -0.0033044186420738697 -0.00019634835189208388 0.9999945163726807 159.8307342529297
0.9999956488609314 -0.00032609820482321084 0.0029187214095145464 0.8628726005554199 0.0003240149235352874 0.9999997019767761 0.0007141467649489641 -2.181494951248169 -0.0029189535416662693 -0.0007131978636607528 0.9999955296516418 161.07676696777344
0.9999974370002747 5.410844551079208e-06 0.0022320884745568037 0.8615022301673889 -3.976373136538314e-06 0.9999997615814209 -0.0006426640902645886 -2.2016561031341553 -0.0022320912685245275 0.0006426534382626414 0.9999973177909851 162.36279296875
0.9999988079071045 0.00043908768566325307 0.0014253351837396622 0.8578329682350159 -0.00043690693564713 0.9999986886978149 -0.0015299143269658089 -2.2281441688537598 -0.001426005270332098 0.0015292898751795292 0.9999978542327881 163.62599182128906
0.9999985098838806 0.001280600787140429 0.0011245997156947851 0.8470582962036133 -0.0012788630556315184 0.9999979138374329 -0.001544501748867333 -2.2530341148376465 -0.0011265743523836136 0.0015430612256750464 0.999998152256012 164.88253784179688
0.9999992847442627 0.0010638448875397444 0.0004622245905920863 0.836870551109314 -0.0010627387091517448 0.999996542930603 -0.002387094311416149 -2.276935577392578 -0.0004647619207389653 0.002386601408943534 0.999997079372406 166.159912109375
0.9999987483024597 0.001511868555098772 -0.000377451884560287 0.8299793004989624 -0.0015131279360502958 0.9999932050704956 -0.003358486108481884 -2.3038485050201416 0.0003723717527464032 0.003359053283929825 0.9999942183494568 167.4336395263672
0.9999980926513672 0.001759311999194324 -0.0008261152543127537 0.820296585559845 -0.001761859399266541 0.9999936819076538 -0.0030931043438613415 -2.327195882797241 0.0008206682978197932 0.0030945539474487305 0.9999948740005493 168.70111083984375
0.9999970197677612 0.002055122284218669 -0.0013002515770494938 0.8093019723892212 -0.002057422185316682 0.9999963045120239 -0.0017698588781058788 -2.3520336151123047 0.00129660964012146 0.0017725287470966578 0.999997615814209 169.98178100585938
0.9999960660934448 0.0017786116804927588 -0.002169334562495351 0.8056873083114624 -0.0017816704930737615 0.9999974370002747 -0.001408993499353528 -2.3777263164520264 0.0021668211556971073 0.0014128531329333782 0.9999966621398926 171.228271484375
0.9999927878379822 0.0023964925203472376 -0.0029558436945080757 0.7947372198104858 -0.0024006350431591272 0.9999961853027344 -0.0013986609410494566 -2.3955726623535156 0.0029524792917072773 0.0014057467924430966 0.9999946355819702 172.5000762939453
0.9999896287918091 0.002774682128801942 -0.0035950937308371067 0.7796628475189209 -0.0027791245374828577 0.9999954104423523 -0.0012312906328588724 -2.4199979305267334 0.003591660875827074 0.0012412691721692681 0.9999927878379822 173.79563903808594
0.9999887943267822 0.0030795063357800245 -0.0035906422417610884 0.7597116231918335 -0.003086246782913804 0.9999934434890747 -0.0018730949377641082 -2.4453091621398926 0.003584850812330842 0.0018841555574908853 0.9999917149543762 175.0420379638672
0.9999838471412659 0.0040573845617473125 -0.00397886149585247 0.7428863048553467 -0.004068236798048019 0.9999879598617554 -0.0027229972183704376 -2.4648585319519043 0.00396776432171464 0.002739140298217535 0.999988317489624 176.31082153320312
0.999984085559845 0.003908490762114525 -0.004066993948072195 0.7168415784835815 -0.0039175269193947315 0.9999898672103882 -0.002216073451563716 -2.4869933128356934 0.004058290738612413 0.002231970662251115 0.9999892711639404 177.5727081298828
0.9999831318855286 0.0037744478322565556 -0.004401626531034708 0.7052201628684998 -0.0037896176800131798 0.9999868273735046 -0.003443152876570821 -2.5120902061462402 0.00438857264816761 0.0034597753547132015 0.9999843835830688 178.80804443359375
0.999985933303833 0.002807240467518568 -0.004499059170484543 0.6927377581596375 -0.002829696051776409 0.9999834299087524 -0.004992534406483173 -2.536925792694092 0.0044849710538983345 0.0050051952712237835 0.9999774098396301 180.07290649414062
0.9999878406524658 -0.00042700531776063144 -0.004909811541438103 0.6841952204704285 0.0004024095833301544 0.9999874830245972 -0.005009282846003771 -2.563598155975342 0.004911887925118208 0.005007246509194374 0.9999753832817078 181.34393310546875
0.9999872446060181 0.00022443178750108927 -0.005037505645304918 0.6762059330940247 -0.00023027618590276688 0.9999992847442627 -0.001159642357379198 -2.5895724296569824 0.005037240218371153 0.0011607877677306533 0.9999865889549255 182.61312866210938
0.9999876022338867 -0.000538468942977488 -0.004951531998813152 0.6624297499656677 0.0005539041012525558 0.9999949932098389 0.0031164062675088644 -2.6121826171875 0.004949828144162893 -0.0031191103626042604 0.9999828338623047 183.8792724609375
0.9999873638153076 0.0003763534186873585 -0.0050163608975708485 0.6527456641197205 -0.0003641502116806805 0.9999969601631165 0.0024333647452294827 -2.6306116580963135 0.005017263349145651 -0.002431507222354412 0.9999844431877136 185.1381072998047
0.9999877214431763 0.0022472136188298464 -0.0044128671288490295 0.632847249507904 -0.00225087464787066 0.999997079372406 -0.0008248346857726574 -2.648568868637085 0.004411001689732075 0.000834758160635829 0.999989926815033 186.38674926757812
0.999984860420227 0.002020235639065504 -0.0051201991736888885 0.6207447648048401 -0.002033637836575508 0.9999945163726807 -0.002613660879433155 -2.6747467517852783 0.005114892963320017 0.0026240339502692223 0.9999834895133972 187.6392364501953
0.9999836087226868 0.001963363727554679 -0.0053793503902852535 0.6085731983184814 -0.0019758548587560654 0.9999953508377075 -0.0023176998365670443 -2.6996731758117676 0.00537477433681488 0.002328290371224284 0.9999828338623047 188.8897247314453
0.9999861121177673 0.0016692248173058033 -0.004998072981834412 0.5942120552062988 -0.0016751508228480816 0.9999979138374329 -0.0011817020131275058 -2.7232022285461426 0.004996087867766619 0.0011900580720975995 0.9999868273735046 190.13682556152344
0.9999855756759644 0.0018357658991590142 -0.005054156761616468 0.584290087223053 -0.0018302197568118572 0.9999977946281433 0.0011017222423106432 -2.747960329055786 0.005056167487055063 -0.0010924559319391847 0.9999866485595703 191.3872528076172
0.9999915957450867 0.0011049075983464718 -0.003940257243812084 0.5674967169761658 -0.0010978658683598042 0.9999977946281433 0.0017888328293338418 -2.769951343536377 0.003942224662750959 -0.001784491934813559 0.9999906420707703 192.62948608398438
0.9999962449073792 0.0011638525174930692 -0.0024689333513379097 0.556480884552002 -0.001160847139544785 0.9999986290931702 0.0012183520011603832 -2.7919180393218994 0.0024703482631593943 -0.0012154816649854183 0.9999962449073792 193.87059020996094
0.9999995827674866 0.00020507382578216493 -0.0008691884577274323 0.5477785468101501 -0.00020536988449748605 0.9999998807907104 -0.00034047759254463017 -2.814215660095215 0.0008691204129718244 0.0003406557079870254 0.9999995827674866 195.10401916503906
0.9999998807907104 -0.00015015035751275718 0.0003171872813254595 0.5392037034034729 0.00015074078692123294 0.9999982118606567 -0.0018622690113261342 -2.8372373580932617 -0.0003169068950228393 0.001862316858023405 0.9999982714653015 196.33901977539062
