1.0 4.494698373491701e-07 -1.0203491001448128e-05 2.2571772205992602e-05 -4.494773975238786e-07 1.0 -7.392409315798432e-07 1.4454579968514736e-06 1.0203490091953427e-05 7.392455358967709e-07 1.0 6.788102382415673e-06
0.9999789595603943 0.00039967981865629554 -0.006478333380073309 -0.008280577138066292 -0.0003971018304582685 0.9999998211860657 0.0003992221609223634 -0.0019356741104274988 0.006478492170572281 -0.0003966412041336298 0.9999789595603943 0.09161823987960815
0.9999070763587952 0.0009702701936475933 -0.013597211800515652 -0.016353828832507133 -0.0009679757058620453 0.9999995231628418 0.00017532508354634047 -0.0020515869837254286 0.013597375713288784 -0.00016214701463468373 0.9999075531959534 0.18855518102645874
0.999772310256958 0.0013939231866970658 -0.021290555596351624 -0.026146095246076584 -0.0014063057024031878 0.9999988675117493 -0.0005666418001055717 -0.0021225595846772194 0.02128974162042141 0.0005964538431726396 0.9997731447219849 0.2853977084159851
0.9995415806770325 0.0017076467629522085 -0.03022855892777443 -0.043002866208553314 -0.0017681937897577882 0.9999964833259583 -0.001976355677470565 -0.0019741314463317394 0.030225081369280815 0.0020288995001465082 0.9995410442352295 0.3906106650829315
0.9991248846054077 0.0019217249937355518 -0.04178320989012718 -0.05894818902015686 -0.002066877903416753 0.9999919533729553 -0.003431029384955764 -0.004892189521342516 0.04177628085017204 0.0035143874119967222 0.999120831489563 0.5011782050132751
0.9984785914421082 0.001735677127726376 -0.055113643407821655 -0.08423037827014923 -0.0019613190088421106 0.999989926815033 -0.0040402961894869804 -0.007947900332510471 0.05510607361793518 0.004142244812101126 0.9984719157218933 0.62607342004776
0.9974265694618225 0.0018160069594159722 -0.07167263329029083 -0.10855383425951004 -0.0021389415487647057 0.9999879002571106 -0.004429192747920752 -0.004293951205909252 0.07166372239589691 0.004571097902953625 0.9974184036254883 0.7615142464637756
0.9959037899971008 0.00022273628565017134 -0.09041932225227356 -0.13467474281787872 -0.0006037742132321 0.9999910593032837 -0.004186790902167559 -0.009160791523754597 0.09041757881641388 0.004224233329296112 0.9958949685096741 0.9169947504997253
0.9939122796058655 -0.0007465286762453616 -0.11017152667045593 -0.1761646568775177 0.00026674801483750343 0.9999904036521912 -0.004369526170194149 -0.012547716498374939 0.11017373949289322 0.00431353785097599 0.9939029812812805 1.0754477977752686
0.9912905693054199 -0.0007884525693953037 -0.13169047236442566 -0.22428131103515625 0.00018101983005180955 0.9999892711639404 -0.004624486900866032 -0.014504475519061089 0.13169269263744354 0.004560371395200491 0.9912800192832947 1.2247014045715332
0.987790584564209 0.002870572730898857 -0.15576086938381195 -0.28056925535202026 -0.0038326242938637733 0.9999753832817078 -0.005876496434211731 -0.020504040643572807 0.1557401567697525 0.006401719991117716 0.9877772927284241 1.394456386566162
0.9834153652191162 0.007225482724606991 -0.1812240481376648 -0.34690624475479126 -0.008676760829985142 0.9999364018440247 -0.0072166807949543 -0.02739952877163887 0.18116039037704468 0.008669432252645493 0.9834153652191162 1.5687888860702515
0.9780141115188599 0.010085762478411198 -0.20829489827156067 -0.41843000054359436 -0.012080848217010498 0.99989253282547 -0.00830823089927435 -0.03046225942671299 0.2081887274980545 0.010641945526003838 0.978030800819397 1.7501156330108643
0.9713554382324219 0.010739424265921116 -0.2373884618282318 -0.49700361490249634 -0.01319090649485588 0.9998748302459717 -0.008740857243537903 -0.029550936073064804 0.23726490139961243 0.011621847748756409 0.9713755249977112 1.9344236850738525
0.9633252024650574 0.01260851975530386 -0.26804035902023315 -0.5875568985939026 -0.015334083698689938 0.999849796295166 -0.008077451959252357 -0.03561699390411377 0.267898291349411 0.011891367845237255 0.9633737802505493 2.1309969425201416
0.9539157748222351 0.014726015739142895 -0.2997129261493683 -0.6812273263931274 -0.017658112570643425 0.9998190402984619 -0.007076785899698734 -0.03757369518280029 0.29955440759658813 0.01204302255064249 0.9540032148361206 2.31217360496521
0.9426620006561279 0.01655375398695469 -0.3333377540111542 -0.7815080881118774 -0.01970103196799755 0.9997875094413757 -0.006063458509743214 -0.03683104366064072 0.33316653966903687 0.01228289119899273 0.9427880048751831 2.5018067359924316
0.9301318526268005 0.018613537773489952 -0.366753488779068 -0.8820881843566895 -0.022114524617791176 0.9997411370277405 -0.005346120335161686 -0.04197639226913452 0.36655908823013306 0.01308317668735981 0.9303027391433716 2.6788876056671143
0.9162806272506714 0.02148667350411415 -0.3999599814414978 -1.0025181770324707 -0.025514382869005203 0.9996631741523743 -0.004747726023197174 -0.041942495852708817 0.39972320199012756 0.014554979279637337 0.916520357131958 2.859050989151001
0.9002191424369812 0.022342756390571594 -0.43486353754997253 -1.1192229986190796 -0.026738334447145462 0.9996345639228821 -0.00399152934551239 -0.04475856572389603 0.4346153736114502 0.015220778062939644 0.9004875421524048 3.0337424278259277
0.8818463087081909 0.01812475360929966 -0.47118842601776123 -1.2428747415542603 -0.022902188822627068 0.9997279644012451 -0.004406704101711512 -0.04736066609621048 0.4709804058074951 0.01467728242278099 0.8820215463638306 3.2099430561065674
0.8606729507446289 0.013472394086420536 -0.5089799165725708 -1.3794196844100952 -0.018419642001390457 0.9998193979263306 -0.004682551603764296 -0.05146579444408417 0.50882488489151 0.013405369594693184 0.8607656359672546 3.3861148357391357
0.835604190826416 0.015059459023177624 -0.549125611782074 -1.5403108596801758 -0.019008608534932137 0.9998181462287903 -0.0015059360302984715 -0.05479252710938454 0.5490030646324158 0.01169647742062807 0.8357385396957397 3.566706418991089
0.8064954876899719 0.020661501213908195 -0.5908790826797485 -1.7175467014312744 -0.023676451295614243 0.9997162222862244 0.002641297411173582 -0.06164216622710228 0.5907659530639648 0.011859724298119545 0.8067557215690613 3.730165481567383
0.7739445567131042 0.023818494752049446 -0.6328052282333374 -1.9200053215026855 -0.027078306302428246 0.9996231198310852 0.004507569130510092 -0.0637320950627327 0.6326741576194763 0.013646682724356651 0.7742978930473328 3.906259536743164
0.738224983215332 0.02288725972175598 -0.674166202545166 -2.130465507507324 -0.026097971946001053 0.9996451735496521 0.005359150934964418 -0.06629487127065659 0.6740495562553406 0.013638113625347614 0.7385601997375488 4.0692057609558105
0.6983200907707214 0.01857457309961319 -0.7155445218086243 -2.3480348587036133 -0.02014545351266861 0.9997772574424744 0.006292357109487057 -0.06340587139129639 0.7155020236968994 0.010020890273153782 0.6985387802124023 4.235658645629883
0.6553611755371094 0.01488606445491314 -0.7551689743995667 -2.586277961730957 -0.0147372055798769 0.9998674392700195 0.006920175161212683 -0.063134104013443 0.7551718950271606 0.006593865808099508 0.6554936170578003 4.400197505950928
0.6115082502365112 0.014569099061191082 -0.7911038994789124 -2.849043607711792 -0.012204671278595924 0.9998852014541626 0.008980071172118187 -0.06277945637702942 0.7911438941955566 0.004163776058703661 0.6116158366203308 4.536223411560059
0.5631083846092224 0.015126116573810577 -0.826244592666626 -3.1280951499938965 -0.009711576625704765 0.9998845458030701 0.011686247773468494 -0.05955676734447479 0.8263260126113892 0.0014435123885050416 0.563190221786499 4.677935600280762
0.5120227336883545 0.015599684789776802 -0.8588302135467529 -3.4229326248168945 -0.007912819273769855 0.9998782873153687 0.013444148004055023 -0.05429449677467346 0.858935534954071 -8.794199675321579e-05 0.5120837688446045 4.803110122680664
0.4598849415779114 0.016789434477686882 -0.887819766998291 -3.7299611568450928 -0.007785865105688572 0.9998590350151062 0.014875161461532116 -0.04264090210199356 0.8879444003105164 7.158220978453755e-05 0.45995083451271057 4.899650573730469
0.40520012378692627 0.018971871584653854 -0.9140311479568481 -4.0635175704956055 -0.00634111138060689 0.9998188614845276 0.017941424623131752 -0.04087100178003311 0.9142060875892639 -0.0014738928293809295 0.4052469730377197 4.997872352600098
0.3497554659843445 0.020886080339550972 -0.9366081953048706 -4.4165191650390625 -0.006293594837188721 0.9997813105583191 0.01994461938738823 -0.032912977039813995 0.9368199706077576 -0.001081107184290886 0.349810391664505 5.081429481506348
0.294352650642395 0.024036332964897156 -0.9553945660591125 -4.7860636711120605 -0.00361078348942101 0.9997044801712036 0.024038638919591904 -0.029186338186264038 0.9556900262832642 -0.003626113058999181 0.2943524122238159 5.156106948852539
0.24081645905971527 0.025764834135770798 -0.9702285528182983 -5.1359992027282715 0.001430288888514042 0.9996370673179626 0.026900790631771088 -0.03093971312046051 0.9705696105957031 -0.007865861058235168 0.24069219827651978 5.211266040802002
0.18987789750099182 0.026194842532277107 -0.9814581871032715 -5.525993824005127 0.0035726800560951233 0.9996188879013062 0.027370737865567207 -0.02600516378879547 0.9818012118339539 -0.008703536354005337 0.18971192836761475 5.246589660644531
0.14215189218521118 0.027301009744405746 -0.9894682168960571 -5.9508233070373535 0.0011189619544893503 0.9996144771575928 0.02774171531200409 -0.0178336501121521 0.9898442029953003 -0.005050715059041977 0.1420665681362152 5.270875930786133
0.09984657168388367 0.027586741372942924 -0.9946202635765076 -6.378047943115234 0.00011337804608047009 0.9996151924133301 0.027736661955714226 -0.009359359741210938 0.995002806186676 -0.0028821793384850025 0.09980501234531403 5.273418426513672
0.06204017996788025 0.02621173858642578 -0.9977293014526367 -6.812180042266846 -0.0020224484615027905 0.9996562600135803 0.026136603206396103 -0.0004497319459915161 0.998071551322937 0.0003963356139138341 0.06207188963890076 5.259532928466797
0.02759239636361599 0.02335941046476364 -0.9993462562561035 -7.273221492767334 -5.4851760069141164e-05 0.9997269511222839 0.02336679771542549 0.0049966126680374146 0.9996192455291748 -0.0005899299285374582 0.02758614718914032 5.255928993225098
-0.003513762727379799 0.020752286538481712 -0.9997783899307251 -7.747767448425293 0.0002513410581741482 0.9997846484184265 0.020751530304551125 0.008817270398139954 0.9999937415122986 -0.00017836943152360618 -0.0035182256251573563 5.225918292999268
-0.03039751946926117 0.018816636875271797 -0.9993607401847839 -8.241365432739258 -9.621772915124893e-05 0.9998226761817932 0.018828261643648148 0.01686030626296997 0.9995378851890564 0.0006684887339361012 -0.03039032220840454 5.191166877746582
-0.05071386694908142 0.01641652174293995 -0.9985782504081726 -8.74682903289795 -0.0012307196157053113 0.9998630881309509 0.01650014892220497 0.02685738354921341 0.9987125396728516 0.002065756358206272 -0.050686731934547424 5.140652179718018
-0.06740687787532806 0.015446345321834087 -0.9976059794425964 -9.265524864196777 -0.0004307028139010072 0.9998795390129089 0.015510649420320988 0.04162025451660156 0.9977254867553711 0.0014751962153241038 -0.06739210337400436 5.101169586181641
-0.08037585020065308 0.015735168009996414 -0.9966404438018799 -9.803021430969238 -0.00015076808631420135 0.9998751282691956 0.015798397362232208 0.050272971391677856 0.9967646598815918 0.00142007099930197 -0.0803634375333786 5.046529769897461
-0.08990104496479034 0.017218494787812233 -0.9958018064498901 -10.35947036743164 3.4163909731432796e-05 0.9998505711555481 0.017285417765378952 0.053525492548942566 0.9959506988525391 0.0015199568588286638 -0.08988820016384125 4.986945152282715
-0.0969289019703865 0.018410537391901016 -0.9951209425926208 -10.933176040649414 -0.001850347500294447 0.999823808670044 0.01867777854204178 0.052273914217948914 0.9952895641326904 0.003651736071333289 -0.09687775373458862 4.924909591674805
-0.10137052834033966 0.01943027973175049 -0.9946589469909668 -11.524772644042969 -0.0017662441823631525 0.9998042583465576 0.01971079781651497 0.058563604950904846 0.9948471784591675 0.003754904493689537 -0.10131634026765823 4.857295036315918
-0.10283437371253967 0.020098751410841942 -0.9944954514503479 -12.132572174072266 0.0003404875169508159 0.9997965693473816 0.020170679315924644 0.0699547827243805 0.9946984648704529 0.0017356261378154159 -0.10282029211521149 4.79257345199585
-0.10200736671686172 0.022251702845096588 -0.9945347309112549 -12.748724937438965 0.002170440275222063 0.9997524619102478 0.022145826369524002 0.07656773924827576 0.9947812557220459 0.00010045987437479198 -0.10203041136264801 4.734026908874512
-0.10026189684867859 0.024723490700125694 -0.9946538209915161 -13.406293869018555 0.0014774274313822389 0.9996938109397888 0.02469984069466591 0.08404766023159027 0.9949599504470825 0.0010069238487631083 -0.10026773065328598 4.6618523597717285
-0.09867165982723236 0.024804677814245224 -0.994810938835144 -14.060293197631836 -0.000864558678586036 0.9996868371963501 0.025012006983160973 0.09007576107978821 0.9951196312904358 0.0033280483912676573 -0.09861932694911957 4.592592239379883
-0.09701133519411087 0.022324655205011368 -0.9950329065322876 -14.72563362121582 -0.002080049831420183 0.9997416138648987 0.02263309434056282 0.10157275199890137 0.9952811598777771 0.004265384748578072 -0.09693984687328339 4.5243940353393555
-0.0955345630645752 0.022065065801143646 -0.9951815605163574 -15.403768539428711 -0.0028603787068277597 0.9997440576553345 0.02244081348180771 0.11281067132949829 0.9954220056533813 0.004990469664335251 -0.09544699639081955 4.452663421630859
-0.09382503479719162 0.024619832634925842 -0.995284378528595 -16.104564666748047 -0.002882161410525441 0.9996832609176636 0.025000350549817085 0.1254100799560547 0.9955845475196838 0.005214227829128504 -0.09372435510158539 4.384232044219971
-0.09208560734987259 0.028314918279647827 -0.9953484535217285 -16.826101303100586 -0.003791158553212881 0.9995783567428589 0.028785990551114082 0.13583949208259583 0.9957438111305237 0.0064242989756166935 -0.09193942695856094 4.3157267570495605
-0.09027117490768433 0.03025161474943161 -0.995457649230957 -17.555076599121094 -0.003935344982892275 0.9995198249816895 0.030731938779354095 0.14689305424690247 0.995909571647644 0.006691676564514637 -0.09010878950357437 4.244457244873047
-0.08855465054512024 0.029485128819942474 -0.9956347942352295 -18.291980743408203 -0.0059932139702141285 0.9995278120040894 0.030133472755551338 0.16297876834869385 0.9960532784461975 0.008635512553155422 -0.08833613991737366 4.171523571014404
-0.08649126440286636 0.026684995740652084 -0.9958951473236084 -19.049476623535156 -0.008349808864295483 0.9995867013931274 0.027509067207574844 0.17288148403167725 0.9962176084518433 0.010694828815758228 -0.08623269200325012 4.092831611633301
-0.08487502485513687 0.026033436879515648 -0.9960514307022095 -19.824724197387695 -0.009269866161048412 0.9995947480201721 0.02691594325006008 0.1892404854297638 0.99634850025177 0.011517754755914211 -0.08459930121898651 4.019099235534668
-0.08350740373134613 0.028173938393592834 -0.9961087703704834 -20.60650062561035 -0.006829089019447565 0.9995605945587158 0.02884407714009285 0.20658788084983826 0.9964837431907654 0.009211210533976555 -0.08327831327915192 3.951852321624756
-0.08256451785564423 0.030502652749419212 -0.9961187839508057 -21.40493392944336 -0.004595162812620401 0.9995092749595642 0.030987346544861794 0.21644484996795654 0.996575117111206 0.007135783787816763 -0.08238380402326584 3.8892951011657715
-0.08084632456302643 0.032153524458408356 -0.9962078332901001 -22.195863723754883 -0.003962699789553881 0.9994612336158752 0.03258012607693672 0.23221701383590698 0.99671870470047 0.006581655703485012 -0.08067535609006882 3.8099021911621094
-0.08036334067583084 0.027586951851844788 -0.9963837265968323 -22.9892578125 -0.0038659702986478806 0.9996007084846497 0.027987826615571976 0.23890236020088196 0.9967581033706665 0.006101186852902174 -0.08022460341453552 3.7561988830566406
-0.07989820092916489 0.02073749341070652 -0.9965872168540955 -23.797222137451172 -0.0026025224942713976 0.9997758269309998 0.02101249061524868 0.2479303926229477 0.996799647808075 0.0042725009843707085 -0.07982632517814636 3.6873388290405273
-0.0803876519203186 0.016161177307367325 -0.9966326355934143 -24.61931800842285 0.0008778765914030373 0.9998694062232971 0.01614285446703434 0.2593001127243042 0.996763288974762 0.000422766141127795 -0.08039133995771408 3.627368927001953
-0.08090952038764954 0.01670006290078163 -0.9965815544128418 -25.453651428222656 0.0018960837041959167 0.999860405921936 0.016601070761680603 0.2713311016559601 0.9967195987701416 -0.0005464170244522393 -0.08092988282442093 3.556767463684082
-0.08089057356119156 0.02417933940887451 -0.9964296221733093 -26.30293846130371 0.0009443877497687936 0.9997071027755737 0.02418220415711403 0.2764548063278198 0.9967225790023804 0.0010150966700166464 -0.08088972419500351 3.4802074432373047
-0.0812041312456131 0.03132373467087746 -0.9962050914764404 -27.13288688659668 -0.00041254196548834443 0.999504804611206 0.031461115926504135 0.28427422046661377 0.9966974258422852 0.0029657487757503986 -0.08115100115537643 3.4135327339172363
-0.08171477168798447 0.036696359515190125 -0.9959799647331238 -27.977628707885742 -0.00225960579700768 0.9993124604225159 0.03700453042984009 0.29641813039779663 0.9966532588005066 0.005274338647723198 -0.0815756693482399 3.3391313552856445
-0.08191658556461334 0.03733666241168976 -0.9959395527839661 -28.818017959594727 -0.0040956586599349976 0.9992769360542297 0.037798650562763214 0.30386656522750854 0.996630847454071 0.007175365462899208 -0.08170444518327713 3.259763717651367
-0.08221616595983505 0.033513300120830536 -0.9960509538650513 -29.651918411254883 -0.00400201790034771 0.9994152784347534 0.03395683690905571 0.3226723074913025 0.9966065287590027 0.006778013426810503 -0.08203396946191788 3.187044858932495
-0.08230309933423996 0.030641764402389526 -0.9961360692977905 -30.491958618164062 -0.003974348306655884 0.9995092153549194 0.03107389062643051 0.34153419733047485 0.9965993762016296 0.006516471039503813 -0.08214092999696732 3.1061556339263916
-0.08239682018756866 0.03202752768993378 -0.9960848093032837 -31.323993682861328 -0.005587508901953697 0.9994528889656067 0.03259803727269173 0.3550245761871338 0.9965839385986328 0.008251606486737728 -0.08217277377843857 3.030407667160034
-0.08255961537361145 0.0345480777323246 -0.995987057685852 -32.16503143310547 -0.006370970048010349 0.999360203742981 0.03519318625330925 0.36438727378845215 0.9965657591819763 0.009250939823687077 -0.08228670060634613 2.9611868858337402
-0.08221305161714554 0.03306020423769951 -0.9960662722587585 -32.99334716796875 -0.007604991085827351 0.9993998408317566 0.033798541873693466 0.3717883825302124 0.9965857863426208 0.010353757068514824 -0.08191227912902832 2.8800625801086426
-0.081991046667099 0.0277947336435318 -0.9962453246116638 -33.81782913208008 -0.008159165270626545 0.9995588660240173 0.028558675199747086 0.38483476638793945 0.9965997338294983 0.01047008577734232 -0.08172808587551117 2.8109965324401855
-0.08163464069366455 0.023570913821458817 -0.9963836073875427 -34.653953552246094 -0.009827682748436928 0.9996525645256042 0.02445344626903534 0.3975551426410675 0.9966138601303101 0.011788389645516872 -0.0813746452331543 2.730879306793213
-0.08110103756189346 0.02446109987795353 -0.9964056611061096 -35.47686004638672 -0.009298969991505146 0.999636709690094 0.025297295302152634 0.40309131145477295 0.9966624975204468 0.011317183263599873 -0.08084411174058914 2.6627774238586426
-0.08057571947574615 0.027092725038528442 -0.9963802099227905 -36.30523681640625 -0.00805650744587183 0.9995801448822021 0.027831248939037323 0.4082920551300049 0.9967158436775208 0.010269868187606335 -0.08032363653182983 2.5940816402435303
-0.0800117701292038 0.03200361132621765 -0.9962800145149231 -37.15445327758789 -0.007840881124138832 0.9994333386421204 0.03273460268974304 0.41951024532318115 0.9967631101608276 0.010430866852402687 -0.07971549034118652 2.5160789489746094
-0.07947549223899841 0.03737444430589676 -0.9961358308792114 -37.99195098876953 -0.0073316665366292 0.9992479085922241 0.03807615488767624 0.4386410117149353 0.9968097805976868 0.010329456068575382 -0.07914169132709503 2.4483706951141357
-0.07953990250825882 0.04057726263999939 -0.9960054755210876 -38.82189178466797 -0.00788879208266735 0.9991142749786377 0.04133390262722969 0.4524655342102051 0.9968004822731018 0.011144974268972874 -0.07914934307336807 2.3752830028533936
-0.07933830469846725 0.04070127010345459 -0.9960164427757263 -39.651405334472656 -0.007147834170609713 0.9991172552108765 0.0413973443210125 0.4708688259124756 0.9968221187591553 0.01040375605225563 -0.07897733896970749 2.3086819648742676
-0.07915092259645462 0.03615579754114151 -0.9962068200111389 -40.4760856628418 -0.007537368219345808 0.9992917776107788 0.03686661645770073 0.49189335107803345 0.9968341588973999 0.010426805354654789 -0.07882235199213028 2.2375845909118652
-0.07859467715024948 0.031951289623975754 -0.9963945746421814 -41.30845260620117 -0.008422612212598324 0.9994293451309204 0.03271297365427017 0.5048977732658386 0.9968711733818054 0.010963310487568378 -0.07828070223331451 2.156874895095825
-0.07842259109020233 0.029273079708218575 -0.9964904189109802 -42.130367279052734 -0.01270304061472416 0.999458372592926 0.03035997599363327 0.515607476234436 0.9968392252922058 0.015039365738630295 -0.0780082568526268 2.080878257751465
-0.07858441770076752 0.02721802331507206 -0.9965358972549438 -42.96217346191406 -0.015428570099174976 0.9994743466377258 0.028514934703707695 0.5317456126213074 0.9967881441116333 0.017615951597690582 -0.07812316715717316 1.9967279434204102
-0.0794515386223793 0.025451362133026123 -0.9965137839317322 -43.75312423706055 -0.013243183493614197 0.9995588064193726 0.026585005223751068 0.5356565713882446 0.9967507719993591 0.015309236012399197 -0.07907943427562714 1.9397985935211182
-0.08089131861925125 0.02188892289996147 -0.9964825510978699 -44.57991409301758 -0.009839145466685295 0.9996925592422485 0.022758139297366142 0.5418132543563843 0.9966743588447571 0.011645473539829254 -0.08065108209848404 1.8798480033874512
-0.08116539567708969 0.020384356379508972 -0.9964922666549683 -45.40452194213867 -0.005515506491065025 0.9997663497924805 0.020900573581457138 0.5510178208351135 0.9966854453086853 0.007192562334239483 -0.08103401958942413 1.802858829498291
-0.08341362327337265 0.02384253777563572 -0.9962298274040222 -46.22968673706055 -0.005247622728347778 0.9996894001960754 0.024364713579416275 0.5560958981513977 0.9965012669563293 0.007260188460350037 -0.083262600004673 1.732494592666626
-0.08538898080587387 0.0305645689368248 -0.9958788752555847 -47.038673400878906 -0.0025384847540408373 0.9995193481445312 0.030893955379724503 0.5569993257522583 0.9963444471359253 0.0051660253666341305 -0.08527036756277084 1.6681768894195557
-0.0865546464920044 0.03415282070636749 -0.9956615567207336 -47.83182907104492 -0.0005542688304558396 0.9994103908538818 0.034329596906900406 0.5660253763198853 0.9962470531463623 0.0035232501104474068 -0.08648467808961868 1.5904865264892578
-0.08800816535949707 0.033196501433849335 -0.9955664277076721 -48.642234802246094 -0.0004640033293981105 0.999442994594574 0.03336678817868233 0.5769801139831543 0.9961196184158325 0.0033984959591180086 -0.08794374763965607 1.514164924621582
-0.08928129076957703 0.029133390635252 -0.99558025598526 -49.43866729736328 -0.004032567609101534 0.9995533227920532 0.029611285775899887 0.5873857140541077 0.9959983229637146 0.006658478640019894 -0.0891239196062088 1.4354267120361328
-0.09020327776670456 0.02556607499718666 -0.9955951571464539 -50.22575759887695 -0.008860784582793713 0.9996103048324585 0.02647198736667633 0.5931872725486755 0.9958840012550354 0.011209613643586636 -0.0899415835738182 1.346369743347168
-0.09198718518018723 0.024517953395843506 -0.9954583644866943 -51.013980865478516 -0.012778359465301037 0.9995854496955872 0.025800414383411407 0.5986251831054688 0.995678186416626 0.01509363204240799 -0.09163575619459152 1.2644128799438477
-0.09265158325433731 0.025266706943511963 -0.9953780770301819 -51.807865142822266 -0.01471040304750204 0.9995340704917908 0.02674148418009281 0.6052184104919434 0.9955899119377136 0.01712005026638508 -0.09223676472902298 1.1822314262390137
-0.09372132271528244 0.026879895478487015 -0.9952355027198792 -52.595489501953125 -0.014688652940094471 0.9994893670082092 0.028378013521432877 0.6117951273918152 0.9954900741577148 0.017278296872973442 -0.09327863901853561 1.1037936210632324
-0.09462717175483704 0.026367783546447754 -0.9951635003089905 -53.381004333496094 -0.0168076790869236 0.9994643330574036 0.028079934418201447 0.6187310218811035 0.9953708052635193 0.019383512437343597 -0.09413332492113113 1.0199670791625977
-0.09497740119695663 0.026228109374642372 -0.9951338768005371 -54.152076721191406 -0.017356039956212044 0.9994572997093201 0.0279985498636961 0.6232460141181946 0.9953281283378601 0.01993081346154213 -0.09447065740823746 0.9386677742004395
-0.09556271880865097 0.02805725298821926 -0.9950278401374817 -54.926849365234375 -0.015390981920063496 0.9994415640830994 0.029659854248166084 0.6324418187141418 0.9953044056892395 0.018148835748434067 -0.0950775220990181 0.8622937202453613
-0.09583868831396103 0.031135454773902893 -0.9949098229408264 -55.70621871948242 -0.01486736536026001 0.9993544220924377 0.03270670771598816 0.6380525827407837 0.9952858686447144 0.017926251515746117 -0.0953139066696167 0.7847871780395508
-0.09605319052934647 0.03527435287833214 -0.9947509765625 -56.477500915527344 -0.015008285641670227 0.9992069602012634 0.03688156232237816 0.6510341167449951 0.9952631592750549 0.0184720978140831 -0.0954475924372673 0.7063784599304199
-0.09661821275949478 0.037556055933237076 -0.9946126341819763 -57.240108489990234 -0.015067162923514843 0.9991183280944824 0.03918982297182083 0.6571097373962402 0.9952074885368347 0.01877244934439659 -0.09596714377403259 0.6279020309448242
-0.09725955873727798 0.03740525618195534 -0.9945557713508606 -57.98835372924805 -0.014840666204690933 0.999127984046936 0.03902849927544594 0.6710319519042969 0.9951484203338623 0.018555771559476852 -0.0966196060180664 0.5537056922912598
-0.0976632609963417 0.035438790917396545 -0.9945881962776184 -58.737518310546875 -0.013569778762757778 0.9992254972457886 0.036936502903699875 0.6837329864501953 0.9951269626617432 0.017103685066103935 -0.09710673242807388 0.47765111923217773
-0.09795822948217392 0.03194817900657654 -0.9946774840354919 -59.47112274169922 -0.01329189632087946 0.9993534684181213 0.033407386392354965 0.6927943229675293 0.9951017498970032 0.01649368181824684 -0.0974702313542366 0.4039497375488281
-0.09734546393156052 0.029026448726654053 -0.9948272705078125 -60.19392776489258 -0.01393882092088461 0.9994367957115173 0.030524881556630135 0.7024085521697998 0.9951531291007996 0.016838178038597107 -0.0968860536813736 0.32134437561035156
-0.0961291566491127 0.026690345257520676 -0.9950109720230103 -60.89537048339844 -0.01469679269939661 0.9994933605194092 0.0282304547727108 0.710882842540741 0.9952603578567505 0.017337242141366005 -0.09568819403648376 0.2497873306274414
-0.09404042363166809 0.026146698743104935 -0.9952248930931091 -61.59468078613281 -0.01682697795331478 0.9994705319404602 0.027848249301314354 0.7131931781768799 0.9954261779785156 0.01936548575758934 -0.0935506522655487 0.18400049209594727
-0.08945494145154953 0.027145380154252052 -0.9956209063529968 -62.27784729003906 -0.01733037829399109 0.999434769153595 0.028806472197175026 0.7174485921859741 0.9958400726318359 0.01983136683702469 -0.08893392980098724 0.1119832992553711
-0.0838196873664856 0.02881607599556446 -0.9960641264915466 -62.94407272338867 -0.01659448631107807 0.9994028210639954 0.030309105291962624 0.722461462020874 0.9963427186012268 0.019069673493504524 -0.0832914412021637 0.057645320892333984
-0.07665637135505676 0.030150707811117172 -0.9966016411781311 -63.59197998046875 -0.016166070476174355 0.9993736743927002 0.03147803246974945 0.7284940481185913 0.9969266057014465 0.01852412335574627 -0.07612095773220062 0.011307239532470703
-0.06800372898578644 0.03152593970298767 -0.9971867203712463 -64.22370910644531 -0.016840755939483643 0.9993219971656799 0.03274190425872803 0.7337756156921387 0.9975429177284241 0.019019952043890953 -0.06742669641971588 -0.030627727508544922
-0.05576816946268082 0.033261287957429886 -0.9978896975517273 -64.82878112792969 -0.019177665933966637 0.9992249011993408 0.0343775674700737 0.7408885955810547 0.9982595443725586 0.02105436660349369 -0.05508708581328392 -0.08019781112670898
-0.04080662876367569 0.034668393433094025 -0.9985654354095459 -65.4383773803711 -0.022379348054528236 0.9991154670715332 0.03560202941298485 0.7490406036376953 0.9989163875579834 0.023800041526556015 -0.03999468684196472 -0.10497736930847168
-0.022164564579725266 0.03572814166545868 -0.9991157650947571 -66.02679443359375 -0.023967336863279343 0.9990549683570862 0.036257676780223846 0.7606954574584961 0.9994670152664185 0.02474977821111679 -0.02128731831908226 -0.12048959732055664
-9.534507989883423e-05 0.037003617733716965 -0.9993152022361755 -66.59021759033203 -0.024947315454483032 0.9990040063858032 0.03699447959661484 0.7625738382339478 0.9996887445449829 0.02493375726044178 0.0008278824388980865 -0.10686780512332916
0.025469224900007248 0.03745127469301224 -0.9989738464355469 -67.1307144165039 -0.024036118760704994 0.9990321397781372 0.03684064373373985 0.7673988342285156 0.9993866682052612 0.02307315170764923 0.026344753801822662 -0.07873821258544922
0.05485090613365173 0.03664413467049599 -0.9978219866752625 -67.6498794555664 -0.022542880848050117 0.9991170763969421 0.03545250743627548 0.777825117111206 0.998240053653717 0.02054917998611927 0.055628541857004166 -0.031749725341796875
0.08903715014457703 0.03633352369070053 -0.9953655004501343 -68.16035461425781 -0.02175619825720787 0.9991669654846191 0.034526169300079346 0.789440393447876 0.9957906007766724 0.01858125627040863 0.08975343406200409 0.031912803649902344
0.1266167014837265 0.036909960210323334 -0.9912647604942322 -68.5628433227539 -0.021351594477891922 0.9991773962974548 0.034477297216653824 0.790848970413208 0.9917218685150146 0.0167996846139431 0.12730063498020172 0.10089778900146484
0.1678362339735031 0.036805424839258194 -0.9851275682449341 -69.0291976928711 -0.021067989990115166 0.9992085695266724 0.03374214842915535 0.7946244478225708 0.9855897426605225 0.015091502107679844 0.1684788018465042 0.20228195190429688
0.21305938065052032 0.037588488310575485 -0.9763160347938538 -69.47313690185547 -0.020162386819720268 0.9992160797119141 0.03407015651464462 0.800864577293396 0.9768311381340027 0.012425895780324936 0.21365022659301758 0.32108020782470703
0.26169922947883606 0.036287955939769745 -0.9644671082496643 -69.89708709716797 -0.01685159280896187 0.9993125200271606 0.03302649036049843 0.8004016876220703 0.9650022983551025 0.007609799969941378 0.26213085651397705 0.46422767639160156
0.31123030185699463 0.03118085488677025 -0.9498229026794434 -70.29286193847656 -0.00903102196753025 0.999513566493988 0.029852893203496933 0.7990102767944336 0.9502915740013123 -0.0007132511818781495 0.3113604485988617 0.6439876556396484
0.36236172914505005 0.02587755396962166 -0.931678295135498 -70.6893081665039 -0.003956552594900131 0.9996482729911804 0.026226595044136047 0.8026483058929443 0.932029128074646 -0.005817277356982231 0.3623366355895996 0.8433933258056641
0.41441288590431213 0.021228644996881485 -0.9098414182662964 -71.07134246826172 0.0009490223601460457 0.9997173547744751 0.02375790849328041 0.80550616979599 0.9100884795188904 -0.010709043592214584 0.41427555680274963 1.0614643096923828
0.46541857719421387 0.020809922367334366 -0.8848459720611572 -71.45196533203125 -0.0003028186038136482 0.9997273087501526 0.023352432996034622 0.816321611404419 0.8850905895233154 -0.010600707493722439 0.4652979075908661 1.3019523620605469
0.5152055025100708 0.01998421549797058 -0.8568336963653564 -71.81493377685547 0.0006281068781390786 0.9997190237045288 0.02369445189833641 0.8201115727424622 0.8570664525032043 -0.012745697051286697 0.5150482058525085 1.5261955261230469
0.5604490041732788 0.01455907616764307 -0.828061044216156 -72.16661071777344 0.008835839107632637 0.9996833801269531 0.023556845262646675 0.8363432884216309 0.8281416893005371 -0.02051902562379837 0.5601428747177124 1.811553955078125
0.604163408279419 0.008204812183976173 -0.7968181371688843 -72.48301696777344 0.019052810966968536 0.9995123744010925 0.024738172069191933 0.8359864950180054 0.7966325283050537 -0.030127523466944695 0.6037126183509827 2.1164703369140625
0.646531879901886 0.0027928324416279793 -0.762881875038147 -72.7890853881836 0.02095724456012249 0.9995508790016174 0.021420229226350784 0.8414154052734375 0.7625990509986877 -0.029836764559149742 0.6461829543113708 2.4290847778320312
0.6875617504119873 -0.0014685280621051788 -0.7261244058609009 -73.08902740478516 0.018365204334259033 0.9997132420539856 0.015368031337857246 0.8361794352531433 0.7258936762809753 -0.023901892825961113 0.6873916387557983 2.752513885498047
0.7280198335647583 -0.007996555417776108 -0.685509443283081 -73.36114501953125 0.014498695731163025 0.9998879432678223 0.0037339814007282257 0.8383075594902039 0.6854026317596436 -0.012657399289309978 0.7280541658401489 3.0858001708984375
0.7669472098350525 -0.008200189098715782 -0.6416576504707336 -73.59143829345703 0.007768698036670685 0.9999637007713318 -0.0034936247393488884 0.8263219594955444 0.6416630148887634 -0.0023054180201143026 0.7669830322265625 3.4062271118164062
0.8038758635520935 -0.009293917566537857 -0.5947245955467224 -73.84629821777344 0.006578571628779173 0.9999556541442871 -0.00673446711152792 0.8262209892272949 0.5947608947753906 0.0015012380899861455 0.8039013147354126 3.8042869567871094
0.8376116156578064 -0.010334202088415623 -0.5461684465408325 -74.09343719482422 0.006835843436419964 0.9999409914016724 -0.008436613716185093 0.8190175890922546 0.5462234020233154 0.003333084285259247 0.8376328945159912 4.239597320556641
0.8679004311561584 -0.009675132110714912 -0.49664387106895447 -74.32041931152344 0.004872375167906284 0.9999279379844666 -0.010964999906718731 0.8176964521408081 0.4967142641544342 0.007096694316715002 0.867885172367096 4.6920318603515625
0.8937845230102539 -0.00812063179910183 -0.44842296838760376 -74.55096435546875 0.004188172053545713 0.9999434947967529 -0.009760543704032898 0.8055133819580078 0.4484768509864807 0.006845751777291298 0.8937681913375854 5.187076568603516
0.9149492979049683 -0.0010535100009292364 -0.40356752276420593 -74.73748016357422 -0.0026277913711965084 0.9999598264694214 -0.0085679916664958 0.7901715040206909 0.4035602807998657 0.008899769745767117 0.9149097800254822 5.654150009155273
0.9321743249893188 0.0031424707267433405 -0.36199629306793213 -74.91736602783203 -0.007374940440058708 0.9999197125434875 -0.010310906916856766 0.7831885814666748 0.3619348406791687 0.01228126510977745 0.9321224093437195 6.170392990112305
0.9455530047416687 0.008282983675599098 -0.3253628611564636 -75.09455871582031 -0.011898362077772617 0.9998875260353088 -0.009123598225414753 0.7769988775253296 0.32525068521499634 0.012498128227889538 0.9455452561378479 6.709575653076172
0.9553614258766174 0.008830097503960133 -0.29530760645866394 -75.24856567382812 -0.011397353373467922 0.9999107122421265 -0.0069733476266264915 0.7608181834220886 0.29521965980529785 0.010027792304754257 0.9553767442703247 7.265596389770508
0.9626600742340088 0.008238762617111206 -0.2705877721309662 -75.4045639038086 -0.010143035091459751 0.999932587146759 -0.005639893002808094 0.7502591609954834 0.2705230116844177 0.00817388016730547 0.9626787900924683 7.835344314575195
0.9684290885925293 0.008438226766884327 -0.24914614856243134 -75.54927825927734 -0.009667177684605122 0.9999463558197021 -0.0037094797007739544 0.7448354363441467 0.24910153448581696 0.006000909022986889 0.9684588313102722 8.432699203491211
0.972877562046051 0.01055737305432558 -0.23107922077178955 -75.6837158203125 -0.011147530749440193 0.9999370574951172 -0.0012483843602240086 0.7375691533088684 0.2310514748096466 0.0037904875352978706 0.9729341864585876 9.049905776977539
0.9763159155845642 0.01592841185629368 -0.2157626897096634 -75.82347106933594 -0.016285354271531105 0.9998673796653748 0.00012349989265203476 0.7299796938896179 0.2157360017299652 0.00339319696649909 0.9764457941055298 9.682644844055176
0.9789900779724121 0.0189959779381752 -0.20302119851112366 -75.94345092773438 -0.019002258777618408 0.9998176097869873 0.0019184723496437073 0.7180343866348267 0.2030206322669983 0.0019796956330537796 0.9791724681854248 10.317569732666016
0.9817355275154114 0.01821388676762581 -0.18937648832798004 -76.09395599365234 -0.018265660852193832 0.9998320937156677 0.0014720639446750283 0.7107590436935425 0.18937145173549652 0.0020139100961387157 0.9819034337997437 11.0044527053833
0.984264612197876 0.018210632726550102 -0.1757599115371704 -76.20795440673828 -0.018265051767230034 0.9998323321342468 0.0013082462828606367 0.7019234299659729 0.17575429379940033 0.0019226035801693797 0.9844321012496948 11.685208320617676
0.9868049621582031 0.018389958888292313 -0.16086500883102417 -76.3202896118164 -0.018388140946626663 0.9998297691345215 0.0015001284191384912 0.7021850943565369 0.16086521744728088 0.0014776743482798338 0.9869752526283264 12.381169319152832
0.988959014415741 0.019936680793762207 -0.14684155583381653 -76.4235610961914 -0.01989826373755932 0.999800443649292 0.001730677904561162 0.6979681253433228 0.146846741437912 0.0012103227199986577 0.9891585111618042 13.089102745056152
0.99076247215271 0.020483478903770447 -0.13405278325080872 -76.52631378173828 -0.020752469077706337 0.999784529209137 -0.000609478447586298 0.6798792481422424 0.1340114027261734 0.003385774791240692 0.990973949432373 13.822514533996582
0.9921783208847046 0.020434796810150146 -0.12314575910568237 -76.61922454833984 -0.021315917372703552 0.999755859375 -0.0058417171239852905 0.6652498841285706 0.12299628555774689 0.008420989848673344 0.9923713803291321 14.561567306518555
0.9933712482452393 0.01865667663514614 -0.11342676728963852 -76.70279693603516 -0.020133845508098602 0.9997265934944153 -0.011891434900462627 0.6548239588737488 0.11317390203475952 0.014096326194703579 0.9934751987457275 15.302367210388184
0.9942646026611328 0.018478432670235634 -0.10534051805734634 -76.78255462646484 -0.019875813275575638 0.9997276663780212 -0.01223096251487732 0.6450409889221191 0.1050858199596405 0.01425454206764698 0.9943609833717346 16.058547973632812
0.9949356913566589 0.01997077651321888 -0.09850916266441345 -76.85977935791016 -0.02066504955291748 0.9997683167457581 -0.006032412871718407 0.6305081248283386 0.09836587309837341 0.008037559688091278 0.9951177835464478 16.826467514038086
0.9953165650367737 0.02490043267607689 -0.09340787678956985 -76.94003295898438 -0.024827109649777412 0.9996898770332336 0.001947113312780857 0.611567497253418 0.0934273973107338 0.0003810534253716469 0.9956259727478027 17.601165771484375
0.9956868290901184 0.02485954761505127 -0.08938579261302948 -77.00347900390625 -0.024450549855828285 0.9996849298477173 0.005667852237820625 0.6005796194076538 0.08949852734804153 -0.0034578731283545494 0.9959809184074402 18.365692138671875
0.9960153102874756 0.024701597169041634 -0.08569305390119553 -77.10213470458984 -0.02439083904027939 0.9996916055679321 0.004671703092753887 0.5864033699035645 0.0857820212841034 -0.002562962705269456 0.9963106513023376 19.18477439880371
0.996288001537323 0.024432843551039696 -0.08254330605268478 -77.16846466064453 -0.02420125901699066 0.9996998906135559 0.0038051516748964787 0.5765188336372375 0.08261151611804962 -0.0017933750059455633 0.9965802431106567 19.9512882232666
