1.0 3.3092453577410197e-06 5.011757366446545e-06 1.698688902251888e-05 -3.309250587335555e-06 1.0 1.0546345947659574e-06 2.9314614948816597e-06 -5.011753728467738e-06 -1.0546511930442648e-06 1.0 2.23975075641647e-06
0.9999790191650391 0.00041434046579524875 -0.006469737738370895 -0.008209748193621635 -0.00041178992250934243 0.9999998211860657 0.00039554835529997945 -0.001927679288201034 0.006469900254160166 -0.0003928758669644594 0.9999790191650391 0.09179387986660004
0.9999074339866638 0.0009585144580341876 -0.013572204858064651 -0.01641247048974037 -0.0009561303886584938 0.9999995231628418 0.00018214444571640342 -0.0019564859103411436 0.013572373427450657 -0.00016915077867452055 0.9999078512191772 0.18846996128559113
0.9997726082801819 0.0013929165434092283 -0.021280013024806976 -0.02607327327132225 -0.0014051870675757527 0.9999988675117493 -0.0005616830312646925 -0.0021514631807804108 0.02127920649945736 0.000591457705013454 0.999773383140564 0.2853735685348511
0.9995418190956116 0.001703944057226181 -0.030220918357372284 -0.042891133576631546 -0.001764404820278287 0.9999964833259583 -0.001974075101315975 -0.0019864218775182962 0.030217448249459267 0.002026492729783058 0.9995413422584534 0.3906365931034088
0.9991259574890137 0.0019267074530944228 -0.04175801947712898 -0.05907680466771126 -0.002071239287033677 0.9999920129776001 -0.003418184584006667 -0.004995657596737146 0.04175109788775444 0.0035016878973692656 0.999121904373169 0.5011377334594727
0.9984793066978455 0.001733313431032002 -0.055101487785577774 -0.08420228958129883 -0.0019587960559874773 0.999989926815033 -0.004038389306515455 -0.008007502183318138 0.05509393289685249 0.0041401805356144905 0.9984726309776306 0.6260719895362854
0.9974285364151001 0.0018549449741840363 -0.0716441422700882 -0.10873624682426453 -0.002178200986236334 0.999987781047821 -0.004434104077517986 -0.00403950922191143 0.07163503766059875 0.004578757099807262 0.9974203705787659 0.761210560798645
0.9959053993225098 0.0002131335058948025 -0.0904013067483902 -0.13493360579013824 -0.0005930654006078839 0.9999911189079285 -0.004175884649157524 -0.009390710853040218 0.0903996080160141 0.004212399944663048 0.9958966970443726 0.9163086414337158
0.9939139485359192 -0.0007604560814797878 -0.1101563349366188 -0.1762576699256897 0.00028111078427173197 0.9999904036521912 -0.0043669650331139565 -0.012729236856102943 0.11015859991312027 0.00430942140519619 0.9939046502113342 1.0752485990524292
0.9912514686584473 -0.0008646493661217391 -0.13198372721672058 -0.21967533230781555 0.00026855425676330924 0.9999896883964539 -0.004534163046628237 -0.015507616102695465 0.13198627531528473 0.004459050949662924 0.9912415146827698 1.2265347242355347
0.987766444683075 0.0027009989134967327 -0.15591681003570557 -0.2768956124782562 -0.0036584169138222933 0.9999761581420898 -0.005853936076164246 -0.019987355917692184 0.15589725971221924 0.00635273102670908 0.9877527952194214 1.3949215412139893
0.9833815693855286 0.00709541467949748 -0.18141193687915802 -0.34353911876678467 -0.008545142598450184 0.9999374747276306 -0.007211016491055489 -0.02713182382285595 0.18134942650794983 0.008641371503472328 0.9833807349205017 1.5710262060165405
0.978002667427063 0.00998303946107626 -0.20835350453853607 -0.41566938161849976 -0.01196784432977438 0.9998942017555237 -0.008267685770988464 -0.030368175357580185 0.20824895799160004 0.010579360648989677 0.9780186414718628 1.7504394054412842
0.9713271856307983 0.010725446976721287 -0.23750469088554382 -0.49541783332824707 -0.01315272320061922 0.9998762011528015 -0.008637632243335247 -0.03084547631442547 0.2373826503753662 0.011513802222907543 0.971347987651825 1.9372410774230957
0.9632599353790283 0.012416043318808079 -0.2682833671569824 -0.5826834440231323 -0.01513594388961792 0.9998529553413391 -0.00807218998670578 -0.03544726222753525 0.2681436538696289 0.011836339719593525 0.9633062481880188 2.132774829864502
0.9538038969039917 0.01466596219688654 -0.300071656703949 -0.6744676232337952 -0.017617760226130486 0.9998194575309753 -0.007133558392524719 -0.038012389093637466 0.29991284012794495 0.012090608477592468 0.9538899660110474 2.314541816711426
0.9425353407859802 0.016344787552952766 -0.33370640873908997 -0.7733306884765625 -0.01946517452597618 0.9997924566268921 -0.006008943542838097 -0.03854241222143173 0.3335389494895935 0.012159295380115509 0.9426578879356384 2.5004937648773193
0.9299771785736084 0.01860027201473713 -0.367146372795105 -0.8755398392677307 -0.02210087515413761 0.9997415542602539 -0.005332597065716982 -0.04378650709986687 0.3669523000717163 0.013073449023067951 0.9301478862762451 2.6814422607421875
0.9161235690116882 0.02149551920592785 -0.40031930804252625 -0.9980742931365967 -0.025527697056531906 0.9996629357337952 -0.004741846118122339 -0.043629106134176254 0.40008243918418884 0.014563345350325108 0.9163634777069092 2.863694667816162
0.9000920653343201 0.02224692888557911 -0.4351314306259155 -1.1145858764648438 -0.026652172207832336 0.999636709690094 -0.00402306392788887 -0.045476894825696945 0.43488383293151855 0.015218324959278107 0.9003580212593079 3.037153959274292
0.8816702961921692 0.0180344395339489 -0.4715210199356079 -1.2377550601959229 -0.022853005677461624 0.9997287392616272 -0.004494539927691221 -0.047443460673093796 0.4713120460510254 0.014738374389708042 0.8818433880805969 3.2145369052886963
0.8605874180793762 0.01373246405273676 -0.5091173648834229 -1.37795090675354 -0.018550503998994827 0.9998182058334351 -0.004388699773699045 -0.055586330592632294 0.5089645981788635 0.01322124619036913 0.8606858253479004 3.388404607772827
0.8355432152748108 0.015353864058852196 -0.5492100715637207 -1.539068341255188 -0.019212953746318817 0.9998144507408142 -0.0012786262668669224 -0.05798283964395523 0.5490886569023132 0.0116202961653471 0.835683286190033 3.569514274597168
0.806376576423645 0.020888494327664375 -0.5910334587097168 -1.7165992259979248 -0.023757413029670715 0.9997134804725647 0.002918767975643277 -0.06482503563165665 0.5909250378608704 0.011687799356877804 0.8066417574882507 3.734314441680908
0.7739086747169495 0.02417728304862976 -0.6328355669975281 -1.9190480709075928 -0.027281973510980606 0.9996161460876465 0.004826284479349852 -0.06780783832073212 0.6327093243598938 0.013529900461435318 0.7742711901664734 3.9077303409576416
0.7380753755569458 0.02339712344110012 -0.6743124723434448 -2.1281752586364746 -0.026405002921819687 0.9996345639228821 0.005783215630799532 -0.07097204774618149 0.6742014288902283 0.013536771759390831 0.7384234666824341 4.070544719696045
0.6979971528053284 0.018993908539414406 -0.7158485651016235 -2.3443691730499268 -0.020296132192015648 0.9997712969779968 0.006737346760928631 -0.06838329136371613 0.7158128619194031 0.00982630904763937 0.6982229948043823 4.239202976226807
0.6550657749176025 0.015278280712664127 -0.7554173469543457 -2.5825562477111816 -0.014920288696885109 0.9998621940612793 0.007283926010131836 -0.06633536517620087 0.7554245591163635 0.006499593146145344 0.6552034020423889 4.403401851654053
0.6112753748893738 0.014983775094151497 -0.7912760972976685 -2.846254348754883 -0.012263988144695759 0.9998800754547119 0.009459786117076874 -0.066952183842659 0.7913229465484619 0.003921667579561472 0.6113858222961426 4.538197994232178
0.562960147857666 0.015419320203363895 -0.8263400793075562 -3.1233930587768555 -0.00974398385733366 0.999880313873291 0.0120192626491189 -0.06285366415977478 0.8264265656471252 0.0012854795204475522 0.5630431175231934 4.678167819976807
0.5122619867324829 0.016135459765791893 -0.8586776256561279 -3.419511318206787 -0.008145982399582863 0.9998698234558105 0.013928953558206558 -0.05809006467461586 0.8587906360626221 -0.00014050207391846925 0.512326717376709 4.797988414764404
0.4596182703971863 0.017346953973174095 -0.8879470825195312 -3.72450852394104 -0.007563445717096329 0.9998494386672974 0.015618096105754375 -0.0491756908595562 0.888084352016449 -0.0004624223511200398 0.4596802294254303 4.901179790496826
0.40502995252609253 0.0195325817912817 -0.9140947461128235 -4.055644512176514 -0.006101025268435478 0.9998072385787964 0.018660778179764748 -0.04680607095360756 0.9142830967903137 -0.001981258625164628 0.40507107973098755 4.995975494384766
0.3495159447193146 0.0213409885764122 -0.9366873502731323 -4.4093403816223145 -0.005781966727226973 0.9997707009315491 0.020620759576559067 -0.03855748474597931 0.9369125962257385 -0.001791389542631805 0.34955915808677673 5.079861640930176
0.29393666982650757 0.02443036623299122 -0.9555125832557678 -4.788841247558594 -0.003229462308809161 0.9996930360794067 0.02456650696694851 -0.03318439796566963 0.9558194279670715 -0.004135204944759607 0.2939252555370331 5.15986967086792
0.24040739238262177 0.026454182341694832 -0.9703114628791809 -5.131995677947998 0.0013115301262587309 0.9996188879013062 0.027578147128224373 -0.0367276556789875 0.9706711769104004 -0.007902584038674831 0.24028103053569794 5.213884353637695
0.1895487755537033 0.02685927413403988 -0.9815038442611694 -5.518518924713135 0.0037054659333080053 0.9995990991592407 0.028070058673620224 -0.03157193586230278 0.9818642735481262 -0.0089575732126832 0.18937325477600098 5.248170852661133
0.14175181090831757 0.027960313484072685 -0.9895073175430298 -5.935829162597656 0.001255243318155408 0.9995951056480408 0.02842518500983715 -0.024782314896583557 0.9899013042449951 -0.005271392874419689 0.14165934920310974 5.271716117858887
0.09944067150354385 0.02831009216606617 -0.9946407675743103 -6.366623878479004 -0.00014849196304567158 0.9995955228805542 0.02843627706170082 -0.014606320299208164 0.9950434565544128 -0.002680026227608323 0.09940468519926071 5.273233413696289
0.06165723130106926 0.02684961073100567 -0.9977362155914307 -6.806604862213135 -0.0017942807171493769 0.9996394515037537 0.026789948344230652 -0.004590251948684454 0.9980957508087158 0.00013842458429280668 0.061683185398578644 5.261004447937012
0.027166560292243958 0.024105608463287354 -0.9993402361869812 -7.27239990234375 8.108596375677735e-05 0.9997091293334961 0.02411671169102192 0.00043763520079664886 0.999630868434906 -0.0007362003671005368 0.027156701311469078 5.258782386779785
-0.0038404481019824743 0.021445589140057564 -0.9997626543045044 -7.748465061187744 0.0005377887864597142 0.9997698664665222 0.021443679928779602 0.0053778039291501045 0.9999924898147583 -0.00045530771603807807 -0.003851098008453846 5.227648735046387
-0.030614301562309265 0.01953827030956745 -0.9993403553962708 -8.239899635314941 0.000244869792368263 0.9998090267181396 0.019539935514330864 0.012800208292901516 0.9995312690734863 0.00035349332028999925 -0.030613237991929054 5.191044330596924
-0.05123622715473175 0.017166653648018837 -0.9985390305519104 -8.747598648071289 -0.0009333611815236509 0.9998509287834167 0.01723710261285305 0.0238361656665802 0.9986861944198608 0.0018151619005948305 -0.051212575286626816 5.143178939819336
-0.06786878407001495 0.016176505014300346 -0.9975631237030029 -9.263678550720215 2.120915041814442e-06 0.9998686909675598 0.01621374487876892 0.03742857277393341 0.9976942539215088 0.0010982912499457598 -0.06785988062620163 5.102653503417969
-0.08077279478311539 0.01652047596871853 -0.996595561504364 -9.802005767822266 0.00021407156600616872 0.9998629689216614 0.01655728742480278 0.045919254422187805 0.9967325329780579 0.00112403545062989 -0.0807652473449707 5.047298908233643
-0.09043733775615692 0.01802016980946064 -0.9957390427589417 -10.357571601867676 0.0002632114046718925 0.9998366832733154 0.018070422112941742 0.048214517533779144 0.9959021210670471 0.001372150843963027 -0.09042730182409286 4.9882001876831055
-0.0973941907286644 0.019117670133709908 -0.9950622320175171 -10.928686141967773 -0.0013878101017326117 0.9998118877410889 0.019344758242368698 0.04897256940603256 0.9952449202537537 0.0032650239299982786 -0.09734932333230972 4.926454544067383
-0.10178737342357635 0.02013537846505642 -0.9946023225784302 -11.521434783935547 -0.0011708452366292477 0.9997920393943787 0.02036026120185852 0.05584244430065155 0.9948055744171143 0.0032369429245591164 -0.10174262523651123 4.856646537780762
-0.10317981243133545 0.020808914676308632 -0.9944449663162231 -12.12842082977295 0.0008891262114048004 0.9997826814651489 0.020828353241086006 0.0675053596496582 0.994662344455719 0.0012648779666051269 -0.10317587852478027 4.791780948638916
-0.10247872769832611 0.023051513358950615 -0.994468092918396 -12.744643211364746 0.0029749006498605013 0.999734103679657 0.022867020219564438 0.07303471118211746 0.9947307109832764 -0.0006150608533062041 -0.10252004861831665 4.73553466796875
-0.10058502107858658 0.025383662432432175 -0.9946045875549316 -13.405342102050781 0.0020184468012303114 0.9996776580810547 0.02530900202691555 0.0829104483127594 0.994926393032074 0.0005381503142416477 -0.10060383379459381 4.65779447555542
-0.09893372654914856 0.02552902139723301 -0.9947664737701416 -14.058882713317871 -0.00027037717518396676 0.9996700882911682 0.02568175457417965 0.08888624608516693 0.9950938820838928 0.002809754107147455 -0.09889418631792068 4.5882697105407715
-0.09732542932033539 0.02302863635122776 -0.9949861168861389 -14.723097801208496 -0.0014214231632649899 0.9997280240058899 0.023277422413229942 0.1010264903306961 0.9952515959739685 0.0036797812208533287 -0.09726621955633163 4.520905494689941
-0.09582744538784027 0.022744569927453995 -0.9951380491256714 -15.402839660644531 -0.0022916896268725395 0.999731183052063 0.023070229217410088 0.1121334582567215 0.9953953623771667 0.0044913082383573055 -0.09574957191944122 4.448144435882568
-0.09421555697917938 0.025404922664165497 -0.9952276349067688 -16.099721908569336 -0.001851994777098298 0.9996681213378906 0.02569359727203846 0.12608188390731812 0.9955500960350037 0.004263893701136112 -0.09413722902536392 4.3816022872924805
-0.09241978079080582 0.028986312448978424 -0.9952981472015381 -16.822072982788086 -0.002688330365344882 0.9995652437210083 0.029360216110944748 0.1382051408290863 0.9957164525985718 0.005389155354350805 -0.09230168908834457 4.311520099639893
-0.09082786738872528 0.03099212609231472 -0.9953842759132385 -17.550457000732422 -0.0026953676715493202 0.9995043277740479 0.03136635944247246 0.14990490674972534 0.9958629608154297 0.005531866569072008 -0.09069931507110596 4.243114948272705
-0.08904562145471573 0.03029414266347885 -0.9955667853355408 -18.28656005859375 -0.004996095318347216 0.999511182308197 0.03086102567613125 0.16444942355155945 0.9960150718688965 0.007721985690295696 -0.08885074406862259 4.16908597946167
-0.08699842542409897 0.02739076316356659 -0.9958318471908569 -19.046979904174805 -0.007467844057828188 0.9995759129524231 0.028146157041192055 0.1763002723455429 0.9961804747581482 0.009885389357805252 -0.08675698190927505 4.093389987945557
-0.08538784831762314 0.02678845264017582 -0.9959876537322998 -19.821365356445312 -0.008477999828755856 0.9995827674865723 0.02761198580265045 0.19221749901771545 0.9963117241859436 0.010801711119711399 -0.08512510359287262 4.018911838531494
-0.08400074392557144 0.029006121680140495 -0.9960435032844543 -20.600677490234375 -0.005842818412929773 0.9995446801185608 0.02960083819925785 0.20939838886260986 0.9964486360549927 0.008306191302835941 -0.0837930217385292 3.9526565074920654
-0.08293722569942474 0.031232167035341263 -0.9960653185844421 -21.400541305541992 -0.0038807003293186426 0.9994910955429077 0.0316627137362957 0.22150084376335144 0.9965472221374512 0.006491449195891619 -0.0827738344669342 3.888631820678711
-0.08129363507032394 0.03292513266205788 -0.9961462616920471 -22.191354751586914 -0.003048713319003582 0.9994412660598755 0.033282842487096786 0.2369513362646103 0.9966855645179749 0.005742646753787994 -0.08114783465862274 3.8099348545074463
-0.08073138445615768 0.02825007028877735 -0.9963355660438538 -22.986284255981445 -0.003111635334789753 0.9995862245559692 0.028594376519322395 0.2456781417131424 0.9967310428619385 0.0054086968302726746 -0.08061009645462036 3.7507498264312744
-0.0802549496293068 0.021406060084700584 -0.9965444207191467 -23.794158935546875 -0.0018316919449716806 0.9997644424438477 0.021622739732265472 0.2551165819168091 0.9967727065086365 0.0035606944002211094 -0.08019685745239258 3.6812899112701416
-0.08058501780033112 0.01676158607006073 -0.9966067671775818 -24.618316650390625 0.0015937226125970483 0.9998595118522644 0.01668742299079895 0.26705047488212585 0.9967464804649353 -0.00024355846107937396 -0.08060041069984436 3.6185450553894043
-0.08134449273347855 0.017460530623793602 -0.9965330362319946 -25.447813034057617 0.002572274999693036 0.9998468160629272 0.01730862446129322 0.2788892090320587 0.9966827034950256 -0.001155396457761526 -0.08137694746255875 3.5520949363708496
-0.08121596276760101 0.024972399696707726 -0.9963836073875427 -26.299461364746094 0.0017144038574770093 0.9996879696846008 0.024915477260947227 0.2840729057788849 0.9966949820518494 0.00031533019500784576 -0.0812334418296814 3.472390651702881
-0.081614188849926 0.03204508498311043 -0.9961487054824829 -27.129560470581055 0.00040343147702515125 0.9994838833808899 0.03211933374404907 0.2925475537776947 0.9966639280319214 0.0022195144556462765 -0.08158499747514725 3.40539813041687
-0.08195006847381592 0.03764127567410469 -0.9959253668785095 -27.97409439086914 -0.0015606374945491552 0.9992803931236267 0.037896499037742615 0.3030119836330414 0.9966351985931396 0.004659899510443211 -0.08183235675096512 3.3289260864257812
-0.08219332993030548 0.03825484588742256 -0.995881974697113 -28.81480598449707 -0.003269858192652464 0.9992472529411316 0.03865399211645126 0.31193047761917114 0.9966109991073608 0.0064334929920732975 -0.08200636506080627 3.248842239379883
-0.08270929753780365 0.03434257581830025 -0.995981752872467 -29.65117645263672 -0.003348275786265731 0.9993909001350403 0.034738171845674515 0.33101990818977356 0.9965680837631226 0.006207991391420364 -0.08254392445087433 3.1786046028137207
-0.08269064128398895 0.03140052780508995 -0.9960805177688599 -30.48778533935547 -0.0031941032502800226 0.9994900226593018 0.031773168593645096 0.3526208996772766 0.9965701699256897 0.005808927584439516 -0.08254817128181458 3.095734119415283
-0.0828312411904335 0.03287120908498764 -0.9960213303565979 -31.318483352661133 -0.004732360132038593 0.9994317293167114 0.033377308398485184 0.3650018870830536 0.9965522885322571 0.007478215731680393 -0.08262859284877777 3.0221450328826904
-0.08297225832939148 0.035245951265096664 -0.9959284067153931 -32.16020965576172 -0.005611735861748457 0.9993420839309692 0.03583427891135216 0.3759896159172058 0.9965360164642334 0.008562138304114342 -0.08271986991167068 2.952157497406006
-0.08260859549045563 0.03382742032408714 -0.9960078001022339 -32.98585891723633 -0.006808142177760601 0.9993813037872314 0.0345066674053669 0.38356372714042664 0.9965587258338928 0.009631512686610222 -0.08232717961072922 2.8712685108184814
-0.08240971714258194 0.028572361916303635 -0.9961888790130615 -33.80881118774414 -0.0072592562064528465 0.9995452165603638 0.029269155114889145 0.3968363106250763 0.9965720772743225 0.009643652476370335 -0.08216483145952225 2.8029885292053223
-0.0819694921374321 0.024343229830265045 -0.9963374733924866 -34.646358489990234 -0.008950143121182919 0.9996433854103088 0.02516033872961998 0.41021424531936646 0.9965945482254028 0.010979742743074894 -0.08172238618135452 2.7194111347198486
-0.08149481564760208 0.02533695288002491 -0.9963516592979431 -35.47370529174805 -0.008553408086299896 0.9996222257614136 0.026119733229279518 0.41495105624198914 0.9966369867324829 0.010650823824107647 -0.08124731481075287 2.6515326499938965
-0.08097174763679504 0.027948061004281044 -0.9963244795799255 -36.30215072631836 -0.007208704017102718 0.9995642304420471 0.028624791651964188 0.4214620590209961 0.9966902732849121 0.009500009007751942 -0.08073499798774719 2.582273006439209
-0.08046100288629532 0.03286522626876831 -0.9962157607078552 -37.153564453125 -0.006828800309449434 0.9994146227836609 0.03352229669690132 0.43413498997688293 0.9967343211174011 0.009500195272266865 -0.08018946647644043 2.5029726028442383
-0.07989316433668137 0.03834826871752739 -0.9960655570030212 -37.99010467529297 -0.006265841890126467 0.9992206692695618 0.038972318172454834 0.4520200192928314 0.9967837333679199 0.009354810230433941 -0.07959061115980148 2.4349777698516846
-0.0799068957567215 0.04130805283784866 -0.9959460496902466 -38.819488525390625 -0.0070075178518891335 0.9990929961204529 0.04200080409646034 0.46879303455352783 0.9967777132987976 0.01033526286482811 -0.07954495400190353 2.363060474395752
-0.07957454770803452 0.04140305891633034 -0.9959686994552612 -39.650047302246094 -0.006531618535518646 0.9990939497947693 0.04205482825636864 0.4870149493217468 0.9968075156211853 0.009851781651377678 -0.07923202216625214 2.29333758354187
-0.07944545149803162 0.03681132197380066 -0.9961593151092529 -40.47247314453125 -0.006792610045522451 0.9992746710777283 0.03746816888451576 0.5084612369537354 0.9968161582946777 0.00974319688975811 -0.07913778722286224 2.224588394165039
-0.07905619591474533 0.0323985293507576 -0.9963435530662537 -41.30402374267578 -0.007583427242934704 0.9994233250617981 0.033100392669439316 0.5257033705711365 0.996841311454773 0.01017248909920454 -0.0787649005651474 2.1471235752105713
-0.07878823578357697 0.0301847942173481 -0.9964343309402466 -42.12954330444336 -0.012075678445398808 0.9994392395019531 0.03123065084218979 0.5311912894248962 0.9968182444572449 0.014493225142359734 -0.0783795416355133 2.0669877529144287
-0.0789722427725792 0.0281556136906147 -0.9964791536331177 -42.957542419433594 -0.015016771852970123 0.9994540810585022 0.029429767280817032 0.5467948913574219 0.9967637062072754 0.01728803664445877 -0.07850632071495056 1.9833327531814575
-0.07992064952850342 0.026044761762022972 -0.9964609146118164 -43.762691497802734 -0.012349836528301239 0.9995560050010681 0.027116166427731514 0.5557869672775269 0.9967246651649475 0.014473270624876022 -0.07956352829933167 1.9273927211761475
-0.0812891349196434 0.022553134709596634 -0.9964353442192078 -44.59065246582031 -0.009009940549731255 0.9996865391731262 0.023361744359135628 0.5614853501319885 0.9966498017311096 0.010876880027353764 -0.08106046915054321 1.8656892776489258
-0.08186348527669907 0.020832303911447525 -0.9964258074760437 -45.416622161865234 -0.00467184791341424 0.9997624754905701 0.02128588780760765 0.5731391310691833 0.9966325759887695 0.0063976868987083435 -0.08174672722816467 1.792490839958191
-0.0841604545712471 0.024616161361336708 -0.9961481094360352 -46.238807678222656 -0.004595344420522451 0.9996746182441711 0.025091543793678284 0.5745200514793396 0.9964415431022644 0.006689360830932856 -0.08401995897293091 1.7238723039627075
-0.08580367267131805 0.03112913854420185 -0.9958256483078003 -47.05221176147461 -0.0018700127257034183 0.9995049238204956 0.03140527755022049 0.5789998173713684 0.996310293674469 0.004556895233690739 -0.08570299297571182 1.651437759399414
-0.08718157559633255 0.03484046459197998 -0.9955829977989197 -47.8630485534668 6.337868398986757e-05 0.9993883967399597 0.03496808931231499 0.589300811290741 0.996192455291748 0.002985475119203329 -0.08713047951459885 1.5724939107894897
-0.08862077444791794 0.034164104610681534 -0.9954793453216553 -48.65348434448242 -0.0003288827429059893 0.9994105100631714 0.03432830050587654 0.5927005410194397 0.9960653781890869 0.003369595855474472 -0.08855730295181274 1.4992825984954834
-0.08923206478357315 0.030218293890357018 -0.9955524206161499 -49.45174789428711 -0.0037628705613315105 0.99952232837677 0.030676063150167465 0.6032842993736267 0.9960037469863892 0.006483422126621008 -0.0890757367014885 1.4111994504928589
-0.09046456217765808 0.026614774018526077 -0.9955440163612366 -50.23979949951172 -0.008429980836808681 0.9995866417884827 0.02748887427151203 0.6114489436149597 0.9958640336990356 0.010879185050725937 -0.09020280838012695 1.327189326286316
-0.09201814234256744 0.02507185749709606 -0.9954415559768677 -51.034873962402344 -0.01258546207100153 0.999573826789856 0.026339318603277206 0.6219172477722168 0.9956777691841125 0.014951788820326328 -0.09166337549686432 1.2401070594787598
-0.09296999126672745 0.026156190782785416 -0.9953252673149109 -51.825599670410156 -0.014291689731180668 0.9995169639587402 0.027601275593042374 0.6278657913208008 0.9955663084983826 0.016790971159934998 -0.09255125373601913 1.160033941268921
-0.09398908168077469 0.027732092887163162 -0.9951868653297424 -52.613468170166016 -0.014277022331953049 0.9994716048240662 0.029199868440628052 0.6356847286224365 0.9954708218574524 0.016952773556113243 -0.09354349970817566 1.0818681716918945
-0.09494053572416306 0.027296602725982666 -0.9951086044311523 -53.39812088012695 -0.0163272637873888 0.9994468688964844 0.02897334285080433 0.6418991684913635 0.995349109172821 0.018998144194483757 -0.09444233775138855 0.9984157681465149
-0.09543108195066452 0.027109801769256592 -0.99506676197052 -54.171348571777344 -0.016955295577645302 0.9994397759437561 0.02885502204298973 0.6488104462623596 0.9952915906906128 0.01962532289326191 -0.09491796046495438 0.917124330997467
-0.09611131995916367 0.02886964939534664 -0.9949517846107483 -54.94483184814453 -0.015139324590563774 0.999421238899231 0.03046177700161934 0.6585385203361511 0.9952554106712341 0.01799062266945839 -0.09561863541603088 0.8426465392112732
-0.09620514512062073 0.031790126115083694 -0.9948537349700928 -55.722900390625 -0.01458593551069498 0.9993374347686768 0.033343907445669174 0.668840229511261 0.995254635810852 0.0177187267690897 -0.09567773342132568 0.7618243098258972
-0.09648134559392929 0.035931579768657684 -0.9946860671043396 -56.49393081665039 -0.014938324689865112 0.9991832375526428 0.03754300996661186 0.6817492842674255 0.9952226877212524 0.018481139093637466 -0.09586580842733383 0.6847208738327026
-0.09699281305074692 0.03836223483085632 -0.9945456385612488 -57.25169372558594 -0.014609413221478462 0.9990943670272827 0.039962489157915115 0.6870943903923035 0.9951778650283813 0.018405798822641373 -0.09634453803300858 0.6047055721282959
-0.09780311584472656 0.03811601549386978 -0.9944757223129272 -58.000728607177734 -0.014456059783697128 0.9991064071655273 0.03971521556377411 0.7019345164299011 0.995100736618042 0.018260471522808075 -0.09716472029685974 0.5321163535118103
-0.09810071438550949 0.03628420829772949 -0.9945147633552551 -58.74840545654297 -0.013250046409666538 0.9991989135742188 0.0377621129155159 0.713712751865387 0.9950882792472839 0.016881858929991722 -0.09754136204719543 0.4544507563114166
-0.09841040521860123 0.03287018835544586 -0.9946029186248779 -59.482303619384766 -0.01305597834289074 0.9993256330490112 0.03431808948516846 0.7223435640335083 0.9950603246688843 0.016362769529223442 -0.09791488200426102 0.3811894953250885
-0.0979401022195816 0.030001064762473106 -0.9947400093078613 -60.20573043823242 -0.013650355860590935 0.99941086769104 0.03148592263460159 0.7313399314880371 0.9950987100601196 0.016662292182445526 -0.09747287631034851 0.30011051893234253
-0.09669271856546402 0.027680952101945877 -0.994929313659668 -60.91024398803711 -0.01426769606769085 0.99947190284729 0.029193956404924393 0.7402285933494568 0.9952120184898376 0.017018193379044533 -0.09624671190977097 0.22613294422626495
-0.0943043902516365 0.026994727551937103 -0.9951773285865784 -61.60250473022461 -0.016617566347122192 0.9994503855705261 0.02868533879518509 0.7445043325424194 0.9954047203063965 0.019242580980062485 -0.09380397200584412 0.15838301181793213
-0.08996597677469254 0.0280007254332304 -0.9955511689186096 -62.27581787109375 -0.016956688836216927 0.9994167685508728 0.029641790315508842 0.748224139213562 0.9958004355430603 0.019547998905181885 -0.08943870663642883 0.08702865988016129
-0.08424265682697296 0.02946806699037552 -0.9960095286369324 -62.94298553466797 -0.016171270981431007 0.9993905425071716 0.030935870483517647 0.7572792172431946 0.9963139891624451 0.018712859600782394 -0.08371477574110031 0.031478650867938995
-0.07717946171760559 0.030859604477882385 -0.9965395927429199 -63.59143829345703 -0.015624485909938812 0.9993606805801392 0.0321570448577404 0.7634261846542358 0.9968947768211365 0.018052279949188232 -0.07664795219898224 -0.014088846743106842
-0.06815607100725174 0.03223329037427902 -0.9971538186073303 -64.2337875366211 -0.01676877588033676 0.9992997050285339 0.03344881162047386 0.7680255770683289 0.9975337386131287 0.019000789150595665 -0.06756781786680222 -0.062175434082746506
-0.05651038512587547 0.034088511019945145 -0.9978199005126953 -64.8525390625 -0.01851934753358364 0.9992091655731201 0.035184796899557114 0.7755544781684875 0.9982302188873291 0.020467277616262436 -0.05583438649773598 -0.09748431295156479
-0.04143505170941353 0.03561175987124443 -0.9985063672065735 -65.4319076538086 -0.021931177005171776 0.999091386795044 0.03654269874095917 0.7796382904052734 0.9989004731178284 0.023412570357322693 -0.040616389364004135 -0.1207830011844635
-0.022731533274054527 0.036745693534612656 -0.9990661144256592 -66.0219955444336 -0.02347562462091446 0.9990290999412537 0.037278469651937485 0.7904839515686035 0.9994658827781677 0.024301093071699142 -0.02184683457016945 -0.13289432227611542
-0.0005823520477861166 0.03772159665822983 -0.9992882013320923 -66.59803009033203 -0.024577440693974495 0.998986005783081 0.03772450610995293 0.7982591390609741 0.999697744846344 0.0245819129049778 0.0003453314711805433 -0.1284313052892685
0.024739306420087814 0.038265541195869446 -0.9989613890647888 -67.13581085205078 -0.02378099597990513 0.9990068674087524 0.03767835348844528 0.8009469509124756 0.9994110465049744 0.022824160754680634 0.025624729692935944 -0.09556937217712402
0.05404939129948616 0.03749921917915344 -0.9978339076042175 -67.66323852539062 -0.022758396342396736 0.9990812540054321 0.03631335124373436 0.8150829076766968 0.9982788562774658 0.0207463838160038 0.054853156208992004 -0.04507755488157272
0.08835002779960632 0.037350863218307495 -0.9953889846801758 -68.14936065673828 -0.021788327023386955 0.9991300106048584 0.0355573333799839 0.8226983547210693 0.9958512187004089 0.018546365201473236 0.08908699452877045 0.016386477276682854
0.1256650984287262 0.03730339556932449 -0.991371214389801 -68.64200592041016 -0.021154487505555153 0.9991663694381714 0.034915193915367126 0.8334106206893921 0.9918470978736877 0.016584327444434166 0.12634946405887604 0.10210400819778442
0.16701343655586243 0.03749381750822067 -0.9852414727210999 -69.01957702636719 -0.020766625180840492 0.9991887807846069 0.03450432047247887 0.8260625600814819 0.9857358932495117 0.014697453938424587 0.1676565408706665 0.18098630011081696
0.2123747617006302 0.03849891200661659 -0.9764296412467957 -69.47539520263672 -0.02004748024046421 0.9991849660873413 0.03503575548529625 0.8325954675674438 0.976982593536377 0.012134243734180927 0.2129734754562378 0.3032025694847107
0.26100271940231323 0.03753063082695007 -0.9646083116531372 -69.90441131591797 -0.01709238439798355 0.9992669820785522 0.034254271537065506 0.8324092030525208 0.9651867151260376 0.00754699669778347 0.26145288348197937 0.45012253522872925
0.310255765914917 0.03200535848736763 -0.9501142501831055 -70.30233001708984 -0.009329676628112793 0.999487578868866 0.0306219644844532 0.8373568654060364 0.9506072998046875 -0.0006363815627992153 0.31039538979530334 0.6360717415809631
0.36207515001296997 0.026882503181695938 -0.9317612648010254 -70.7088851928711 -0.004594214726239443 0.9996234178543091 0.02705513872206211 0.8409827351570129 0.9321376085281372 -0.005515281576663256 0.3620622754096985 0.8239141702651978
0.4137275218963623 0.022130656987428665 -0.9101317524909973 -71.08888244628906 0.0012580134207382798 0.9996896982192993 0.02488020248711109 0.842309296131134 0.9103999137878418 -0.011438582092523575 0.4135712683200836 1.0524765253067017
0.4646538197994232 0.021856285631656647 -0.8852226138114929 -71.43704223632812 0.00043319936958141625 0.9996895790100098 0.02490987442433834 0.8473078012466431 0.8854922652244568 -0.011957948096096516 0.46450015902519226 1.2727885246276855
0.5131458640098572 0.02063729614019394 -0.8580532670021057 -71.80496978759766 0.001654554158449173 0.9996852278709412 0.02503320947289467 0.8556584119796753 0.8582997918128967 -0.014265383593738079 0.5129502415657043 1.5278687477111816
0.5581539869308472 0.015801459550857544 -0.8295869827270508 -72.15473937988281 0.009785463102161884 0.9996237754821777 0.025623967871069908 0.8651281595230103 0.8296797275543213 -0.022420011460781097 0.5577893853187561 1.8153722286224365
0.6018117070198059 0.009298129938542843 -0.7985838651657104 -72.47914123535156 0.020185334607958794 0.9994356632232666 0.026848342269659042 0.8664296865463257 0.7983828186988831 -0.03227733075618744 0.6012844443321228 2.126753807067871
0.6441783308982849 0.004534848965704441 -0.7648618817329407 -72.78865051269531 0.02124905213713646 0.9994903206825256 0.023822233080863953 0.8687731623649597 0.7645801305770874 -0.03159835562109947 0.643753707408905 2.4400529861450195
0.6857300996780396 0.0013893103459849954 -0.7278546690940857 -73.06705474853516 0.017026424407958984 0.9996939301490784 0.017949208617210388 0.8549349904060364 0.7276567220687866 -0.024701077491044998 0.6854966282844543 2.732698917388916
0.7263488173484802 -0.005739208310842514 -0.68730229139328 -73.34919738769531 0.013823959045112133 0.9998849034309387 0.0062599400989711285 0.8629499673843384 0.687187135219574 -0.014048140496015549 0.726344645023346 3.0717084407806396
0.7652961611747742 -0.008272238075733185 -0.6436251401901245 -73.61869812011719 0.009022095240652561 0.9999569654464722 -0.0021243819501250982 0.8666443824768066 0.6436150074005127 -0.004181066062301397 0.7653380036354065 3.443114995956421
0.8022897839546204 -0.00942357536405325 -0.5968602895736694 -73.88719940185547 0.007587410043925047 0.9999555945396423 -0.00558900274336338 0.8696333765983582 0.5968864560127258 -4.462254582904279e-05 0.8023257255554199 3.8475232124328613
0.8363229036331177 -0.009646235965192318 -0.5481523275375366 -74.12350463867188 0.007161813788115978 0.9999521374702454 -0.006670017726719379 0.8558371067047119 0.5481904149055481 0.0016525224782526493 0.8363519310951233 4.261260032653809
0.8667662143707275 -0.008317997679114342 -0.4986453056335449 -74.34432983398438 0.004299765452742577 0.9999484419822693 -0.009206296876072884 0.8525516986846924 0.49869611859321594 0.005835648160427809 0.8667572736740112 4.7089385986328125
0.8926008939743042 -0.006980120204389095 -0.45079365372657776 -74.55216979980469 0.003866418031975627 0.999961793422699 -0.007827718742191792 0.8396006226539612 0.4508311152458191 0.0052440715953707695 0.8925938606262207 5.1836724281311035
0.9136109948158264 -0.0013724715681746602 -0.4065871834754944 -74.74596405029297 -0.0015252139419317245 0.9999757409095764 -0.006802700459957123 0.8302297592163086 0.406586617231369 0.006835153792053461 0.9135866761207581 5.682520866394043
0.9311992526054382 0.004133447539061308 -0.3644871413707733 -74.94393920898438 -0.007759741973131895 0.9999338984489441 -0.008485048078000546 0.8209725618362427 0.36442792415618896 0.010729596018791199 0.9311697483062744 6.187801361083984
0.9445842504501343 0.009048736654222012 -0.328144371509552 -75.11389923095703 -0.012133135460317135 0.9998993873596191 -0.007353291846811771 0.8169000148773193 0.3280447721481323 0.010927223600447178 0.9445989727973938 6.72442626953125
0.9545884728431702 0.009610682725906372 -0.297772616147995 -75.27947998046875 -0.011790817603468895 0.9999151825904846 -0.0055260611698031425 0.807396650314331 0.29769426584243774 0.008786097168922424 0.9546207785606384 7.28758430480957
0.9617103338241577 0.00903542060405016 -0.27391886711120605 -75.41932678222656 -0.01056514959782362 0.9999357461929321 -0.00410987576469779 0.7951419949531555 0.27386412024497986 0.006846502888947725 0.9617440104484558 7.864712238311768
0.9677659869194031 0.009461130946874619 -0.25167325139045715 -75.59832000732422 -0.010438618250191212 0.9999422430992126 -0.0025491591077297926 0.7954075336456299 0.2516346275806427 0.00509411096572876 0.9678089022636414 8.475201606750488
0.9722943902015686 0.011757606640458107 -0.23346355557441711 -75.73925018310547 -0.012081404216587543 0.9999271035194397 4.3114781874464825e-05 0.788472056388855 0.23344704508781433 0.0027786477003246546 0.9723655581474304 9.090043067932129
0.975799560546875 0.01683206297457218 -0.21801811456680298 -75.88168334960938 -0.016917280852794647 0.9998557567596436 0.0014758326578885317 0.7820662260055542 0.21801155805587769 0.002248157514259219 0.9759436249732971 9.722804069519043
0.9786406755447388 0.020269302651286125 -0.20457661151885986 -76.01968383789062 -0.02012041211128235 0.9997936487197876 0.0028080730699002743 0.7753312587738037 0.20459134876728058 0.0013680713018402457 0.978846549987793 10.368674278259277
0.9813153743743896 0.018141910433769226 -0.19154903292655945 -76.14302062988281 -0.01801544800400734 0.9998347759246826 0.0024018811527639627 0.7730168104171753 0.1915610283613205 0.0010938395280390978 0.981480062007904 11.030938148498535
0.983951210975647 0.019247645512223244 -0.17739610373973846 -76.28450775146484 -0.019160987809300423 0.9998138546943665 0.0022017660085111856 0.7616136074066162 0.1774054914712906 0.001232654438354075 0.9841370582580566 11.735358238220215
0.9864033460617065 0.019670521840453148 -0.16316060721874237 -76.39108276367188 -0.01948634162545204 0.9998063445091248 0.002729297149926424 0.7588142156600952 0.16318269073963165 0.0004872159333899617 0.9865956902503967 12.434233665466309
0.9886013269424438 0.021277353167533875 -0.14904597401618958 -76.500244140625 -0.021059364080429077 0.9997736811637878 0.003040790557861328 0.755634605884552 0.1490769237279892 0.00013268399925436825 0.9888256192207336 13.148712158203125
0.9904989004135132 0.022141819819808006 -0.13572584092617035 -76.6094970703125 -0.022252250462770462 0.9997521638870239 0.0007035983144305646 0.7380812764167786 0.1357077658176422 0.0023232921957969666 0.9907462000846863 13.870567321777344
0.991895854473114 0.02252272702753544 -0.12504109740257263 -76.6947250366211 -0.02326195500791073 0.999719500541687 -0.0044547878205776215 0.7226980924606323 0.12490569800138474 0.007327387109398842 0.9921415448188782 14.607832908630371
0.9930695295333862 0.0213600043207407 -0.11557119339704514 -76.78086853027344 -0.02279360219836235 0.9996785521507263 -0.011097010225057602 0.7140547633171082 0.11529699712991714 0.013654385693371296 0.9932371973991394 15.364009857177734
0.9939867854118347 0.021091561764478683 -0.10744953900575638 -76.85977935791016 -0.02245841920375824 0.999681293964386 -0.011526658199727535 0.7078051567077637 0.1071721687912941 0.013870494440197945 0.9941436648368835 16.123516082763672
0.9946525692939758 0.023000195622444153 -0.1006840169429779 -76.94002532958984 -0.023637821897864342 0.9997073411941528 -0.0051443749107420444 0.6898359656333923 0.10053622722625732 0.0074968175031244755 0.9949051737785339 16.889942169189453
0.995073139667511 0.027685102075338364 -0.09519952535629272 -77.02989959716797 -0.027510875836014748 0.9996166229248047 0.0031423750333487988 0.6717026829719543 0.09525001794099808 -0.0005078688845969737 0.9954532384872437 17.669048309326172
0.9954761266708374 0.027956126257777214 -0.0908065140247345 -77.10914611816406 -0.027445297688245773 0.9995996356010437 0.006869540549814701 0.6654840111732483 0.09096220135688782 -0.004346250556409359 0.9958449006080627 18.443954467773438
0.9957672357559204 0.026858709752559662 -0.08789923042058945 -77.17626953125 -0.026432065293192863 0.9996325373649597 0.00601434288546443 0.6487286686897278 0.08802846074104309 -0.0036655280273407698 0.9961111545562744 19.226680755615234
0.9960852861404419 0.026699800044298172 -0.08426916599273682 -77.24983978271484 -0.026367342099547386 0.9996395111083984 0.0050559137016534805 0.6398252844810486 0.08437377959489822 -0.0028141674119979143 0.9964302182197571 19.989473342895508
