1.0 0.0 0.0 0.0 0.0 1.0 0.0 0.0 0.0 0.0 1.0 0.0
0.9999955892562866 0.0029639611020684242 0.00013872147246729583 -0.0056494916789233685 -0.002964145503938198 0.999994695186615 0.0013475235318765044 -0.012469126842916012 -0.00013472673890646547 -0.001347928773611784 0.9999991059303284 0.7727558016777039
0.9999850988388062 0.005421393550932407 0.0006055764970369637 -0.012753760442137718 -0.005422582384198904 0.9999833703041077 0.0019777771085500717 -0.030550437048077583 -0.0005948441103100777 -0.001981031382456422 0.9999978542327881 1.538114070892334
0.9999770522117615 0.006684764754027128 0.0011826317058876157 -0.022021779790520668 -0.006686982698738575 0.9999758005142212 0.0018803380662575364 -0.048943616449832916 -0.001170033705420792 -0.0018882028525695205 0.9999975562095642 2.2725696563720703
0.9999620914459229 0.008641303516924381 0.0010746207553893328 -0.02509203366935253 -0.008643019944429398 0.9999613165855408 0.0016023027710616589 -0.06231512874364853 -0.001060733338817954 -0.0016115297330543399 0.9999982118606567 3.000190258026123
0.9999592304229736 0.008867630735039711 0.0017036816570907831 -0.033682748675346375 -0.00886975135654211 0.9999598860740662 0.0012401608983054757 -0.07456448674201965 -0.0016926160315051675 -0.0012552215484902263 0.9999977946281433 3.7155861854553223
0.9999570846557617 0.009096233174204826 0.0017812439473345876 -0.030813217163085938 -0.009099965915083885 0.9999563694000244 0.002099269302561879 -0.0874592661857605 -0.0017620708094909787 -0.00211538840085268 0.9999962449073792 4.407163143157959
0.999946117401123 0.009978342801332474 0.002845668001100421 -0.047244515269994736 -0.009992994368076324 0.9999366402626038 0.0051822238601744175 -0.10390697419643402 -0.002793777734041214 -0.0052103810012340546 0.9999825358390808 5.080868721008301
0.9999435544013977 0.009738115593791008 0.004234309308230877 -0.039118483662605286 -0.009775189682841301 0.9999132752418518 0.008824692107737064 -0.10667048394680023 -0.004148006439208984 -0.00886558648198843 0.9999520182609558 5.755873203277588
0.9999441504478455 0.009089667350053787 0.005381172988563776 -0.033815640956163406 -0.009155390784144402 0.9998822212219238 0.012317569926381111 -0.1169906035065651 -0.005268577020615339 -0.012366148643195629 0.9999095797538757 6.387134075164795
0.999941885471344 0.00845265667885542 0.006683405488729477 -0.039167679846286774 -0.008549449034035206 0.9998569488525391 0.014589203521609306 -0.12601086497306824 -0.006559132598340511 -0.014645496383309364 0.9998711347579956 6.990321636199951
0.9999315738677979 0.008960392326116562 0.007513176649808884 -0.02631881833076477 -0.009068887680768967 0.999853253364563 0.014533262699842453 -0.13637131452560425 -0.00738184992223978 -0.014600404538214207 0.9998661875724792 7.5694074630737305
0.9999189376831055 0.009596798568964005 0.008372126147150993 -0.02114935964345932 -0.00969652459025383 0.9998815059661865 0.01195367332547903 -0.144922137260437 -0.008256417699158192 -0.012033883482217789 0.9998934864997864 8.123178482055664
0.9999100565910339 0.009607021696865559 0.009359749965369701 -0.02337951958179474 -0.009690730832517147 0.9999130368232727 0.008939558640122414 -0.14762762188911438 -0.009273054078221321 -0.009029455482959747 0.9999162554740906 8.6527738571167
0.9999105334281921 0.008009557612240314 0.010712489485740662 -0.00875825434923172 -0.008092043921351433 0.9999377131462097 0.0076791662722826 -0.1586734652519226 -0.010650317184627056 -0.0077651627361774445 0.9999131560325623 9.154828071594238
0.9999086856842041 0.003968661651015282 0.012916525825858116 -0.005866050720214844 -0.0040362076833844185 0.999978244304657 0.005207618698477745 -0.1630300134420395 -0.012895578518509865 -0.005259275436401367 0.9999030232429504 9.609997749328613
0.9998859763145447 0.002280778717249632 0.014926622621715069 0.0010266155004501343 -0.0023425875697284937 0.9999886751174927 0.004124693106859922 -0.16941949725151062 -0.014917046763002872 -0.00415918929502368 0.9998800754547119 10.058793067932129
0.999836266040802 0.0065758624114096165 0.016857935115695 0.005801334977149963 -0.006611519493162632 0.9999760389328003 0.0020602955482900143 -0.17950157821178436 -0.01684398204088211 -0.0021714153699576855 0.9998557567596436 10.472630500793457
0.9997418522834778 0.01091259066015482 0.019930854439735413 0.006741568446159363 -0.010943163186311722 0.9999390840530396 0.001425514928996563 -0.18781721591949463 -0.019914088770747185 -0.0016432537231594324 0.9998002648353577 10.861830711364746
0.9996774792671204 0.011123302392661572 0.02283240482211113 0.01845608651638031 -0.011188525706529617 0.9999336004257202 0.0027309153228998184 -0.19998158514499664 -0.022800516337156296 -0.0029854951426386833 0.9997355937957764 11.205883979797363
0.999632716178894 0.0069278934970498085 0.026198185980319977 0.030775487422943115 -0.007014565635472536 0.9999701976776123 0.0032178533729165792 -0.2048829048871994 -0.026175115257501602 -0.0034004407934844494 0.9996515512466431 11.52662181854248
0.9995841383934021 0.0029689485672861338 0.02868247777223587 0.04731994867324829 -0.0030460762791335583 0.9999918341636658 0.0026456769555807114 -0.20437359809875488 -0.02867439202964306 -0.0027319458313286304 0.9995850920677185 11.809179306030273
0.9995161890983582 -0.0003929712693206966 0.03110123984515667 0.06254521012306213 0.00026568284374661744 0.9999915957450867 0.0040967282839119434 -0.21072208881378174 -0.031102586537599564 -0.0040864828042685986 0.9995079040527344 12.065958976745605
0.9994374513626099 -0.0008979720296338201 0.03352463245391846 0.0723831057548523 0.0007253375952132046 0.9999863505363464 0.005161270499229431 -0.2168932408094406 -0.03352881222963333 -0.0051340507343411446 0.9994245767593384 12.29816722869873
0.9993595480918884 -0.0003148565592709929 0.03578135371208191 0.07736414670944214 0.0001666693715378642 0.9999914765357971 0.004144360776990652 -0.22137264907360077 -0.0357823483645916 -0.004135743249207735 0.9993511438369751 12.502191543579102
0.999302089214325 0.00033947688643820584 0.03735100105404854 0.09675583243370056 -0.00045570015208795667 0.9999951124191284 0.0031031735707074404 -0.2305854707956314 -0.03734976053237915 -0.003118029097095132 0.9992974400520325 12.69957160949707
0.9991801381111145 0.0027790949679911137 0.04038666933774948 0.09454542398452759 -0.002872239099815488 0.9999932646751404 0.002248462988063693 -0.235412135720253 -0.04038015007972717 -0.0023626196198165417 0.9991816282272339 12.85824966430664
0.9990957975387573 0.005710243713110685 0.042131491005420685 0.09697535634040833 -0.00578131852671504 0.9999820590019226 0.0015653329901397228 -0.24101245403289795 -0.04212179780006409 -0.001807493157684803 0.9991108179092407 13.02674388885498
0.999038577079773 0.007132682017982006 0.043256256729364395 0.10378527641296387 -0.0071440269239246845 0.9999744296073914 0.00010768743231892586 -0.2480461597442627 -0.04325438290834427 -0.00041660736314952374 0.9990640878677368 13.181093215942383
0.9989484548568726 0.0060261995531618595 0.045449599623680115 0.11069074273109436 -0.005966781638562679 0.9999811053276062 -0.0014429031871259212 -0.25687217712402344 -0.04545743018388748 0.0011701988987624645 0.9989656805992126 13.3309907913208
0.9988798499107361 0.005254404619336128 0.047025781124830246 0.11470651626586914 -0.00511827040463686 0.9999822974205017 -0.0030148341320455074 -0.26026806235313416 -0.04704079031944275 0.0027707668486982584 0.998889148235321 13.469701766967773
0.9988175630569458 0.004226249642670155 0.0484311543405056 0.12492001056671143 -0.00403590640053153 0.9999836683273315 -0.004027309827506542 -0.25995394587516785 -0.04844740405678749 0.0038270840886980295 0.9988183975219727 13.604754447937012
0.9987539052963257 0.0048460206016898155 0.04966989532113075 0.1347302794456482 -0.00458707008510828 0.999975323677063 -0.0053260973654687405 -0.26392075419425964 -0.0496944785118103 0.005091621540486813 0.9987514019012451 13.739665031433105
0.9986802935600281 0.0055282325483858585 0.05105917155742645 0.1383569836616516 -0.00516881188377738 0.9999609589576721 -0.00716865248978138 -0.27162522077560425 -0.051096804440021515 0.0068952776491642 0.9986698627471924 13.855461120605469
0.9986199736595154 0.005981044378131628 0.05217546969652176 0.14190542697906494 -0.005474413279443979 0.9999365210533142 -0.009847655892372131 -0.2683414816856384 -0.05223105475306511 0.009548437781631947 0.998589277267456 13.98344612121582
0.9985978603363037 0.005008471664041281 0.052698202431201935 0.15249741077423096 -0.004387048538774252 0.999919593334198 -0.011901181191205978 -0.27440810203552246 -0.052753571420907974 0.011653304100036621 0.9985395669937134 14.10595417022705
0.998619019985199 0.004425746854394674 0.05234930291771889 0.15828430652618408 -0.0037101334892213345 0.999898374080658 -0.013759256340563297 -0.27683448791503906 -0.05240488424897194 0.013546031899750233 0.9985340237617493 14.231279373168945
0.9987313151359558 0.0038732835091650486 0.050206828862428665 0.16523313522338867 -0.0031179250217974186 0.9998809099197388 -0.01511451043188572 -0.2800460457801819 -0.050259388983249664 0.014938795007765293 0.9986244440078735 14.358646392822266
0.9988775849342346 0.003703922964632511 0.04722112789750099 0.16857874393463135 -0.0029654880054295063 0.9998723864555359 -0.015698276460170746 -0.28641465306282043 -0.04727325215935707 0.015540623106062412 0.998760998249054 14.483960151672363
0.9990556836128235 0.004468522034585476 0.043216876685619354 0.17070090770721436 -0.0037232122849673033 0.9998432397842407 -0.017310936003923416 -0.28308796882629395 -0.043287452310323715 0.0171336866915226 0.9989157319068909 14.612659454345703
0.999291718006134 0.00436081737279892 0.03737616911530495 0.1712939441204071 -0.003673987928777933 0.9998234510421753 -0.01842513121664524 -0.28670260310173035 -0.0374499149620533 0.018274759873747826 0.999131441116333 14.746879577636719
0.9995251893997192 0.004078667610883713 0.03053983673453331 0.1684492528438568 -0.0034986415412276983 0.9998129606246948 -0.019021855667233467 -0.29377931356430054 -0.030611705034971237 0.01890597864985466 0.9993524551391602 14.862504959106445
0.9997147917747498 0.004131936468183994 0.02351822890341282 0.16206304728984833 -0.0036701690405607224 0.9998002648353577 -0.01964387111365795 -0.2959167957305908 -0.023594697937369347 0.019551953300833702 0.9995303750038147 14.993718147277832
0.9998775124549866 0.00402630353346467 0.015121802687644958 0.16259264945983887 -0.0037132406141608953 0.999779462814331 -0.02067410759627819 -0.2950572371482849 -0.015201706439256668 0.02061542496085167 0.9996719360351562 15.128795623779297
0.9999813437461853 0.00335639133118093 0.005097169429063797 0.1521536111831665 -0.0032439723145216703 0.999754786491394 -0.021905433386564255 -0.2997341752052307 -0.005169447511434555 0.02188849076628685 0.9997469782829285 15.254995346069336
0.9999655485153198 0.0014513819478452206 -0.00817343220114708 0.14646168053150177 -0.0016432924894616008 0.9997220039367676 -0.023522282019257545 -0.30206286907196045 0.008137013763189316 0.023534905165433884 0.9996898770332336 15.40474796295166
0.9997146725654602 0.0005411229794844985 -0.02388080395758152 0.12295278906822205 -0.0011471639154478908 0.9996774196624756 -0.025371341034770012 -0.3090783655643463 0.023859374225139618 0.02539149485528469 0.9993927478790283 15.53753662109375
0.9990655183792114 0.001217287266626954 -0.04320506751537323 0.09710639715194702 -0.0023663381580263376 0.9996445178985596 -0.026554103940725327 -0.30876827239990234 0.043157391250133514 0.02663152851164341 0.9987131953239441 15.714079856872559
0.9978762865066528 0.001716427388601005 -0.06511397659778595 0.06273019313812256 -0.003416794817894697 0.9996558427810669 -0.02601134590804577 -0.31594812870025635 0.06504691392183304 0.026178590953350067 0.9975387454032898 15.894892692565918
0.9960702657699585 0.0022113691084086895 -0.08853904157876968 0.018192768096923828 -0.004435643553733826 0.9996793270111084 -0.0249330997467041 -0.3188042938709259 0.08845551311969757 0.025227844715118408 0.9957606196403503 16.094594955444336
0.9933170080184937 0.0035977372899651527 -0.11536174267530441 -0.031827569007873535 -0.00630609504878521 0.9997128248214722 -0.023120734840631485 -0.3274695873260498 0.11524541676044464 0.02369370125234127 0.9930543899536133 16.314041137695312
0.9893891215324402 0.004476507194340229 -0.14522133767604828 -0.10634779930114746 -0.007565046660602093 0.9997565746307373 -0.02072255313396454 -0.33635008335113525 0.14509324729442596 0.021601272746920586 0.9891822338104248 16.544137954711914
0.9839653968811035 0.004203297663480043 -0.17830942571163177 -0.16564226150512695 -0.007420686073601246 0.9998215436935425 -0.017380760982632637 -0.34102943539619446 0.1782045215368271 0.018425246700644493 0.9838208556175232 16.767730712890625
0.9765706658363342 0.005212647374719381 -0.21513335406780243 -0.2544982433319092 -0.008293823339045048 0.999875545501709 -0.01342194713652134 -0.34486979246139526 0.2150365710258484 0.014891758561134338 0.9764924049377441 17.023008346557617
0.9669987559318542 0.0069392225705087185 -0.2546864151954651 -0.3653867244720459 -0.009387667290866375 0.999920666217804 -0.008399313315749168 -0.3451813757419586 0.2546079158782959 0.010513034649193287 0.9669871926307678 17.28336524963379
0.9551783800125122 0.011227619834244251 -0.29581767320632935 -0.4985642433166504 -0.012736000120639801 0.9999138712882996 -0.003172558732330799 -0.35447296500205994 0.29575657844543457 0.006797894835472107 0.9552389979362488 17.561023712158203
0.9409524202346802 0.013908456079661846 -0.3382529318332672 -0.6193289756774902 -0.01442166231572628 0.999895453453064 0.0009960085153579712 -0.35258254408836365 0.3382314443588257 0.0039409734308719635 0.9410547018051147 17.819244384765625
0.9241867661476135 0.01650821790099144 -0.38158395886421204 -0.7700362205505371 -0.015059234574437141 0.9998635053634644 0.006783357821404934 -0.35826975107192993 0.3816438317298889 -0.0005227276124060154 0.924309253692627 18.094554901123047
0.9048702120780945 0.019850175827741623 -0.4252243936061859 -0.9458928108215332 -0.015241209417581558 0.9997824430465698 0.01423846185207367 -0.35972824692726135 0.4254145622253418 -0.006403025239706039 0.904975950717926 18.386131286621094
0.883286714553833 0.02439150959253311 -0.4681982100009918 -1.1343770027160645 -0.01647629588842392 0.9996438026428223 0.020994368940591812 -0.3626161217689514 0.46854349970817566 -0.01082987617701292 0.883374035358429 18.65006446838379
0.8583359122276306 0.030048787593841553 -0.5122075080871582 -1.3267769813537598 -0.019648563116788864 0.9994763135910034 0.025708310306072235 -0.3664304316043854 0.5127118825912476 -0.012002225033938885 0.8584768772125244 18.915077209472656
0.8303742408752441 0.03274097293615341 -0.5562432408332825 -1.5513362884521484 -0.019852057099342346 0.9993767738342285 0.02918854169547558 -0.36319124698638916 0.5568522810935974 -0.013194840401411057 0.8305066227912903 19.18577003479004
0.7994049787521362 0.0362827442586422 -0.5996959209442139 -1.8136358261108398 -0.022317344322800636 0.9992791414260864 0.030708879232406616 -0.354316771030426 0.6003779172897339 -0.011165209114551544 0.7996385097503662 19.46489715576172
0.7653731107711792 0.039184827357530594 -0.6423928737640381 -2.07327938079834 -0.022663593292236328 0.99916672706604 0.03394506499171257 -0.35062849521636963 0.6431875824928284 -0.01142171025276184 0.7656234502792358 19.72714614868164
0.7284952402114868 0.04283919185400009 -0.6837099194526672 -2.370436668395996 -0.023702990263700485 0.9990214109420776 0.03734002262353897 -0.33241915702819824 0.6846405863761902 -0.010996058583259583 0.7287978529930115 19.992374420166016
0.6893644332885742 0.04320777580142021 -0.7231249213218689 -2.704019546508789 -0.020923137664794922 0.9989907145500183 0.03974486142396927 -0.3132433295249939 0.7241125106811523 -0.012268648482859135 0.6895729303359985 20.261371612548828
0.6488445997238159 0.043505359441041946 -0.7596761584281921 -3.0764589309692383 -0.018671538680791855 0.9989739060401917 0.04126203432679176 -0.3023304343223572 0.7606918215751648 -0.012588325887918472 0.648991048336029 20.53567123413086
0.6065046191215515 0.04199470952153206 -0.7939701676368713 -3.4572973251342773 -0.013518471270799637 0.9990044832229614 0.042512793093919754 -0.28354108333587646 0.7949650883674622 -0.015050942078232765 0.6064684391021729 20.77762794494629
0.5614661574363708 0.04152912646532059 -0.8264569640159607 -3.873353958129883 -0.008399492129683495 0.9989745020866394 0.044491734355688095 -0.2619807720184326 0.8274571895599365 -0.018038783222436905 0.5612391233444214 21.033411026000977
0.5152360200881958 0.04314440116286278 -0.8559616208076477 -4.30912971496582 -0.007232485804706812 0.998915433883667 0.045996420085430145 -0.24084877967834473 0.8570178151130676 -0.01750827766954899 0.5149892568588257 21.247892379760742
0.4638350009918213 0.04328995570540428 -0.8848633170127869 -4.757184028625488 -0.0063176280818879604 0.9989416003227234 0.045559361577034 -0.22197753190994263 0.8858992457389832 -0.015541787259280682 0.46361759305000305 21.465356826782227
0.4112945795059204 0.042063456028699875 -0.9105314612388611 -5.241375923156738 -0.0006651889998465776 0.9989482760429382 0.04584754630923271 -0.20142245292663574 0.9115022420883179 -0.018251167610287666 0.41088998317718506 21.65239906311035
0.35769620537757874 0.041450854390859604 -0.932917594909668 -5.741263389587402 0.003972071688622236 0.9989377856254578 0.04590718820691109 -0.18336987495422363 0.9338295459747314 -0.02012644149363041 0.357151597738266 21.80896759033203
0.3038148283958435 0.040370162576436996 -0.9518754482269287 -6.274630546569824 0.00672853784635663 0.998986005783081 0.04451576992869377 -0.1614217758178711 0.9527073502540588 -0.019929278641939163 0.30323517322540283 21.948532104492188
0.25073111057281494 0.04584132879972458 -0.9669708013534546 -6.857786178588867 0.00785080622881651 0.9987489581108093 0.04938351735472679 -0.12448149919509888 0.9680249094963074 -0.01997348852455616 0.250057578086853 22.070215225219727
0.19959770143032074 0.05086222290992737 -0.9785569906234741 -7.437770843505859 0.01026919949799776 0.9984884858131409 0.05399281904101372 -0.0975043773651123 0.9798240661621094 -0.020825838670134544 0.19877371191978455 22.148868560791016
0.15129393339157104 0.0522376112639904 -0.9871076345443726 -8.040227890014648 0.01559802982956171 0.9983522295951843 0.05522337928414345 -0.07252013683319092 0.988365650177002 -0.023751895874738693 0.15022984147071838 22.217859268188477
0.10647024214267731 0.0537138357758522 -0.9928641319274902 -8.611761093139648 0.01872451975941658 0.9982544183731079 0.05601339787244797 -0.059631943702697754 0.9941394925117493 -0.02455466240644455 0.1052786186337471 22.26361083984375
0.06613488495349884 0.051958054304122925 -0.996457040309906 -9.248686790466309 0.018595922738313675 0.9984057545661926 0.053293872624635696 -0.03019249439239502 0.9976374506950378 -0.02205462008714676 0.0650632381439209 22.27674674987793
0.031026087701320648 0.04776129871606827 -0.9983767867088318 -9.89636516571045 0.015546811744570732 0.9987137913703918 0.048260562121868134 0.0039386749267578125 0.9993976354598999 -0.017018914222717285 0.030243635177612305 22.26224136352539
0.0019555932376533747 0.04760020971298218 -0.998864471912384 -10.558469772338867 0.01376396045088768 0.998770534992218 0.0476226769387722 0.03777289390563965 0.9999033808708191 -0.01384146511554718 0.0012980218743905425 22.252525329589844
-0.018758386373519897 0.051722899079322815 -0.9984853267669678 -11.255391120910645 0.012427832931280136 0.9985958933830261 0.05149514228105545 0.06915739178657532 0.9997467398643494 -0.011443042196333408 -0.019374851137399673 22.215116500854492
-0.03197140619158745 0.057704295963048935 -0.9978216290473938 -11.986528396606445 0.013994766399264336 0.998259961605072 0.057281244546175 0.10129040479660034 0.9993907809257507 -0.012132917530834675 -0.032723333686590195 22.189699172973633
-0.03987787291407585 0.060303036123514175 -0.9973832368850708 -12.729400634765625 0.013443797826766968 0.9981191158294678 0.05981002002954483 0.13493067026138306 0.9991140365600586 -0.011023522354662418 -0.040613576769828796 22.150671005249023
-0.043617598712444305 0.057533491402864456 -0.9973901510238647 -13.495336532592773 0.014691432937979698 0.9982693791389465 0.05694171413779259 0.1714838147163391 0.9989403486251831 -0.01216943096369505 -0.04438735917210579 22.10722541809082
-0.04286300763487816 0.05370515212416649 -0.9976365566253662 -14.280343055725098 0.02215484157204628 0.998359739780426 0.05279222130775452 0.20611655712127686 0.9988352656364441 -0.019839640706777573 -0.043982524424791336 22.082637786865234
-0.03833666071295738 0.05205640196800232 -0.9979079365730286 -15.084881782531738 0.03410277143120766 0.9981285929679871 0.05075778812170029 0.24962395429611206 0.9986828565597534 -0.03208554908633232 -0.04004017636179924 22.064624786376953
-0.03286551311612129 0.05223715677857399 -0.9980936646461487 -15.918608665466309 0.03426254540681839 0.9981051087379456 0.05110954865813255 0.28765690326690674 0.9988723397254944 -0.032517485320568085 -0.03459301218390465 22.04218292236328
-0.027919849380850792 0.051038775593042374 -0.9983062148094177 -16.760793685913086 0.03233759477734566 0.9982190132141113 0.05012992396950722 0.31570160388946533 0.9990869164466858 -0.03088320791721344 -0.02952059544622898 22.014978408813477
-0.024747049435973167 0.04439343139529228 -0.9987075328826904 -17.63622283935547 0.035911187529563904 0.9984081983566284 0.043490275740623474 0.3582456111907959 0.9990485310554504 -0.03478851914405823 -0.026301875710487366 22.001537322998047
-0.023044683039188385 0.03370850160717964 -0.999165952205658 -18.509645462036133 0.034161802381277084 0.998874306678772 0.032910749316215515 0.38755106925964355 0.9991505742073059 -0.03337489813566208 -0.02417028322815895 21.98383140563965
-0.021938901394605637 0.02532978355884552 -0.9994383454322815 -19.402400970458984 0.026064584031701088 0.9993535876274109 0.02475549280643463 0.4137529134750366 0.9994195103645325 -0.02550683729350567 -0.022584928199648857 21.938955307006836
-0.023387430235743523 0.02250950038433075 -0.999472975730896 -20.334062576293945 0.020705800503492355 0.9995428919792175 0.022026563063263893 0.43506354093551636 0.9995119571685791 -0.02017974480986595 -0.023842817172408104 21.91332244873047
-0.027003280818462372 0.028809644281864166 -0.999220073223114 -21.278438568115234 0.011475389823317528 0.9995275735855103 0.028508396819233894 0.45093294978141785 0.9995694160461426 -0.01069661881774664 -0.027321122586727142 21.865711212158203
-0.03179197013378143 0.036582302302122116 -0.9988248348236084 -22.233781814575195 0.00656849704682827 0.9993160367012024 0.03639122098684311 0.4791099429130554 0.9994729161262512 -0.005403829272836447 -0.0320105142891407 21.813928604125977
-0.03635053709149361 0.04639659821987152 -0.9982614517211914 -23.238727569580078 0.005103322211652994 0.998917281627655 0.04624125361442566 0.5061402916908264 0.9993260502815247 -0.003413556143641472 -0.03654795140028 21.77062225341797
-0.037986379116773605 0.05632852390408516 -0.997689425945282 -24.252784729003906 0.0036642076447606087 0.9984111785888672 0.05622977018356323 0.5503372550010681 0.9992715120315552 -0.001519775833003223 -0.03813242167234421 21.72553253173828
-0.038562219589948654 0.06418655812740326 -0.9971926212310791 -25.275941848754883 0.005698108114302158 0.9979327321052551 0.06401383876800537 0.5950882434844971 0.9992399215698242 -0.00321359490044415 -0.03884824737906456 21.68086814880371
-0.04046650975942612 0.06485606729984283 -0.9970737099647522 -26.29976463317871 0.006927055306732655 0.9978854060173035 0.06462772190570831 0.6478749513626099 0.9991568922996521 -0.004291526973247528 -0.04083018749952316 21.642963409423828
-0.04212357476353645 0.06185801699757576 -0.9971956014633179 -27.320796966552734 0.005764876026660204 0.9980799555778503 0.06166936457157135 0.7014129757881165 0.9990957975387573 -0.0031509753316640854 -0.042399294674396515 21.59242057800293
-0.04494179040193558 0.05730143561959267 -0.9973448514938354 -28.34044075012207 0.005500852130353451 0.998352587223053 0.0571114607155323 0.7437828779220581 0.9989744424819946 -0.0029195547103881836 -0.0451829619705677 21.54120445251465
-0.04948389157652855 0.052170634269714355 -0.9974114298820496 -29.362768173217773 0.005729340948164463 0.9986332654953003 0.05195029452443123 0.787869393825531 0.9987584948539734 -0.003143807640299201 -0.04971516132354736 21.48403549194336
-0.055002156645059586 0.04733092337846756 -0.997363805770874 -30.390790939331055 0.005550664383918047 0.9988749623298645 0.047096531838178635 0.8299789428710938 0.9984708428382874 -0.002945621032267809 -0.055202990770339966 21.421144485473633
-0.06156904622912407 0.045713022351264954 -0.9970554709434509 -31.41706085205078 0.004758408293128014 0.9989526271820068 0.045506175607442856 0.867072343826294 0.998091459274292 -0.0019426255021244287 -0.06172208860516548 21.340133666992188
-0.06875643134117126 0.04805482551455498 -0.9964754581451416 -32.499366760253906 0.005518944934010506 0.998842179775238 0.047788165509700775 0.9071000218391418 0.9976183176040649 -0.0022137488704174757 -0.06894203275442123 21.27469825744629
-0.07496833056211472 0.05300520732998848 -0.9957761764526367 -33.56846618652344 0.0041395616717636585 0.9985941648483276 0.05284356325864792 0.9467896819114685 0.9971773028373718 -0.00016048341058194637 -0.07508236169815063 21.183181762695312
-0.08124896883964539 0.055910542607307434 -0.9951243996620178 -34.638065338134766 0.0014963794965296984 0.9984310865402222 0.05597415193915367 0.9899629354476929 0.9966927170753479 0.003058758797124028 -0.08120518177747726 21.09189224243164
-0.0860191285610199 0.05782834440469742 -0.994613766670227 -35.70878601074219 -0.0017636653501540422 0.9983036518096924 0.05819541588425636 1.0407347679138184 0.9962919354438782 0.00676008639857173 -0.08577121049165726 20.99199676513672
-0.0884631872177124 0.05931432917714119 -0.9943119287490845 -36.78937911987305 -0.006326594389975071 0.9981719255447388 0.060107458382844925 1.0857353210449219 0.9960593581199646 0.011607905849814415 -0.08792620897293091 20.87889862060547
-0.09054959565401077 0.06050203740596771 -0.9940524697303772 -37.85203552246094 -0.010315622203052044 0.9980424046516418 0.06168455258011818 1.1386377811431885 0.9958385229110718 0.015839779749512672 -0.08974821865558624 20.783832550048828
-0.09153155982494354 0.05980750173330307 -0.9940045475959778 -38.93082046508789 -0.011321945115923882 0.9980678558349609 0.06109455227851868 1.1935834884643555 0.9957378506660461 0.01684614270925522 -0.09067757427692413 20.666959762573242
-0.09295155107975006 0.05925353989005089 -0.9939059019088745 -40.009090423583984 -0.012379412539303303 0.9980816841125488 0.060660220682621 1.2369587421417236 0.9955936670303345 0.017942430451512337 -0.09203971177339554 20.55636978149414
-0.0943036898970604 0.05851888284087181 -0.9938220381736755 -41.08961486816406 -0.013138140551745892 0.998110830783844 0.060018084943294525 1.2879608869552612 0.9954567551612854 0.018716901540756226 -0.09335669130086899 20.4489803314209
-0.09489031136035919 0.05762637034058571 -0.9938184022903442 -42.18288040161133 -0.015762025490403175 0.9981109499931335 0.059380244463682175 1.3394737243652344 0.9953628778457642 0.021299198269844055 -0.09380276501178741 20.334341049194336
-0.09591783583164215 0.05491073057055473 -0.9938735365867615 -43.26685333251953 -0.020204341039061546 0.9981641173362732 0.05709768459200859 1.3909937143325806 0.9951841831207275 0.025557244196534157 -0.09463229775428772 20.222898483276367
-0.09624738991260529 0.05035409703850746 -0.9940829277038574 -44.36420822143555 -0.025174906477332115 0.9982768893241882 0.05300397798418999 1.425987958908081 0.9950390458106995 0.030127432197332382 -0.09481386840343475 20.106534957885742
-0.09535383433103561 0.049487434327602386 -0.9942125678062439 -45.465476989746094 -0.027047310024499893 0.9982659816741943 0.05228326469659805 1.4788389205932617 0.9950760006904602 0.031876180320978165 -0.09384997934103012 19.99153709411621
-0.09372608363628387 0.05373511463403702 -0.9941467642784119 -46.578834533691406 -0.027854181826114655 0.998009979724884 0.05656995624303818 1.5222642421722412 0.9952083230018616 0.03299322724342346 -0.09204282611608505 19.882118225097656
-0.09175596386194229 0.0571703240275383 -0.9941390156745911 -47.6997184753418 -0.027565954253077507 0.997822105884552 0.059926386922597885 1.5644478797912598 0.9953998923301697 0.03290299326181412 -0.08998017013072968 19.773426055908203
-0.09015259146690369 0.05685104802250862 -0.9943039417266846 -48.80859375 -0.025661569088697433 0.9979053735733032 0.05938366800546646 1.6186683177947998 0.9955973029136658 0.03086899220943451 -0.0885048508644104 19.667543411254883
-0.08743895590305328 0.05575209856033325 -0.9946085214614868 -49.918121337890625 -0.02546602115035057 0.9979812502861023 0.05817994847893715 1.6713318824768066 0.995844304561615 0.030415913090109825 -0.08584264665842056 19.563068389892578
-0.08362031728029251 0.05602255463600159 -0.9949216246604919 -51.05277633666992 -0.029846083372831345 0.9978297352790833 0.05869476869702339 1.7271013259887695 0.9960506558418274 0.03460258990526199 -0.081766776740551 19.46527099609375
-0.07783949375152588 0.05672593042254448 -0.9953508377075195 -52.18046569824219 -0.03485674038529396 0.9976146817207336 0.05958085507154465 1.7825344800949097 0.9963564276695251 0.039332423359155655 -0.07567653805017471 19.362152099609375
-0.07156084477901459 0.05609535053372383 -0.9958576560020447 -53.30680847167969 -0.03911609575152397 0.9974914193153381 0.05899820104241371 1.836116075515747 0.9966689944267273 0.04317602515220642 -0.06918708980083466 19.262662887573242
-0.06597380340099335 0.05540626123547554 -0.9962818622589111 -54.46074295043945 -0.04041874408721924 0.9974894523620605 0.05814993008971214 1.8929059505462646 0.9970025420188904 0.044104840606451035 -0.06356871128082275 19.178363800048828
-0.06027919054031372 0.05445263907313347 -0.9966952204704285 -55.597232818603516 -0.04000432789325714 0.9975770115852356 0.056920234113931656 1.94845449924469 0.9973796606063843 0.0433032289147377 -0.05795479565858841 19.108566284179688
-0.05480668693780899 0.054031167179346085 -0.9970340132713318 -56.740455627441406 -0.038669466972351074 0.9976708889007568 0.05619132146239281 2.0009140968322754 0.9977478981018066 0.04163443669676781 -0.05258968099951744 19.03658103942871
-0.04921412840485573 0.05490279942750931 -0.997278094291687 -57.878448486328125 -0.03739730641245842 0.9976864457130432 0.05677078664302826 2.0479021072387695 0.9980878829956055 0.0400894358754158 -0.04704705998301506 18.97650146484375
-0.04337869957089424 0.056375809013843536 -0.9974669218063354 -59.0460319519043 -0.03670702502131462 0.9976425170898438 0.05798209086060524 2.0988359451293945 0.9983841180801392 0.03912921994924545 -0.041207049041986465 18.920490264892578
-0.0378442108631134 0.05763224512338638 -0.9976202845573425 -60.200138092041016 -0.03717515617609024 0.9975632429122925 0.0590391643345356 2.1500086784362793 0.9985918998718262 0.03932097181677818 -0.03560950607061386 18.87491798400879
-0.03295956552028656 0.05666240677237511 -0.9978492259979248 -61.365909576416016 -0.036950498819351196 0.997640073299408 0.057871025055646896 2.2006819248199463 0.9987733960151672 0.03877842798829079 -0.030788080766797066 18.840635299682617
-0.02841521054506302 0.05248696729540825 -0.9982172846794128 -62.5295295715332 -0.03664112091064453 0.9978947043418884 0.05351303890347481 2.2443411350250244 0.9989244341850281 0.038096390664577484 -0.026432204991579056 18.806310653686523
-0.024041082710027695 0.04712347686290741 -0.9985997676849365 -63.68210220336914 -0.03654168173670769 0.9981794953346252 0.04798338934779167 2.2885243892669678 0.9990428686141968 0.03764408454298973 -0.022275343537330627 18.778120040893555
-0.019941575825214386 0.0467815026640892 -0.9987061619758606 -64.8707275390625 -0.036168456077575684 0.9982171654701233 0.04748079553246498 2.3290557861328125 0.9991466999053955 0.03706850856542587 -0.018214011564850807 18.737892150878906
-0.01763029396533966 0.04972265660762787 -0.9986074566841125 -66.05437469482422 -0.03514116629958153 0.998114824295044 0.05031853914260864 2.355896234512329 0.9992268085479736 0.03597935661673546 -0.015849744901061058 18.73886489868164
-0.014912676066160202 0.04940039664506912 -0.9986677765846252 -67.22476959228516 -0.035955462604761124 0.9981063008308411 0.049909528344869614 2.400311231613159 0.9992421269416809 0.0366518460214138 -0.013108223676681519 18.706031799316406
-0.014146778732538223 0.04901200532913208 -0.9986979365348816 -68.38912963867188 -0.037832267582416534 0.9980565905570984 0.049516428261995316 2.447953224182129 0.9991840124130249 0.03848351538181305 -0.012265048921108246 18.68626594543457
-0.01353699341416359 0.050074394792318344 -0.998653769493103 -69.56592559814453 -0.03828739374876022 0.9979868531227112 0.05055995285511017 2.4845056533813477 0.9991750717163086 0.03892027959227562 -0.011592521332204342 18.66323471069336
-0.012092371471226215 0.04951959475874901 -0.998699963092804 -70.7448501586914 -0.038968589156866074 0.9979908466339111 0.049956273287534714 2.5268638134002686 0.999167263507843 0.03952200710773468 -0.010138365440070629 18.639629364013672
-0.01089516282081604 0.04763668775558472 -0.9988054037094116 -71.91214752197266 -0.03925304487347603 0.9980743527412415 0.048030007630586624 2.5663070678710938 0.9991698861122131 0.03972944617271423 -0.00900429766625166 18.614940643310547
-0.010413437150418758 0.046496909111738205 -0.9988641738891602 -73.11181640625 -0.03763006627559662 0.998192548751831 0.04685795679688454 2.606428861618042 0.9992374777793884 0.038075268268585205 -0.008644934743642807 18.602588653564453
-0.009440166875720024 0.04567879065871239 -0.9989115595817566 -74.29887390136719 -0.03475305438041687 0.9983376860618591 0.045980967581272125 2.6520183086395264 0.9993513226509094 0.03514929860830307 -0.007836997509002686 18.58416748046875
-0.009789417497813702 0.04722209274768829 -0.9988364577293396 -75.4840087890625 -0.031984202563762665 0.998358428478241 0.0475129708647728 2.681204319000244 0.9994404315948486 0.032412104308605194 -0.00826298724859953 18.577425003051758
-0.00974599551409483 0.04991623014211655 -0.9987058043479919 -76.67009735107422 -0.0316975899040699 0.9982360005378723 0.05020207166671753 2.7208945751190186 0.9994499683380127 0.032145846635103226 -0.008146579377353191 18.56144905090332
-0.009613554924726486 0.05357218533754349 -0.9985176920890808 -77.85631561279297 -0.03374021127820015 0.9979777932167053 0.05386806279420853 2.7606959342956543 0.9993844032287598 0.034208059310913086 -0.007786577567458153 18.54844856262207
-0.008881528861820698 0.053749002516269684 -0.9985150098800659 -79.0380859375 -0.03581611439585686 0.9978964924812317 0.0540342852473259 2.8039395809173584 0.9993188977241516 0.03624284267425537 -0.006937765516340733 18.529279708862305
-0.008947917260229588 0.05147301405668259 -0.9986342787742615 -80.22650146484375 -0.03738979622721672 0.9979586601257324 0.05177320912480354 2.8458428382873535 0.9992607235908508 0.03780199587345123 -0.007005087099969387 18.517850875854492
-0.008540554903447628 0.04884084686636925 -0.9987700581550598 -81.40654754638672 -0.03712663799524307 0.9981023073196411 0.04912567138671875 2.8921687602996826 0.9992740750312805 0.0375005342066288 -0.006711050868034363 18.50071907043457
-0.008502957411110401 0.04849199578166008 -0.9987874031066895 -82.59764862060547 -0.03489203006029129 0.9982007741928101 0.048760563135147095 2.927323818206787 0.999354898929596 0.035264331847429276 -0.006795673165470362 18.483352661132812
-0.008437885902822018 0.049606721848249435 -0.9987331628799438 -83.77685546875 -0.03377415984869003 0.9981848001480103 0.04986482113599777 2.9695563316345215 0.999393880367279 0.03415212780237198 -0.006747142877429724 18.471826553344727
-0.008260159753262997 0.05287740007042885 -0.9985668063163757 -84.9589614868164 -0.03278703987598419 0.9980496764183044 0.053121231496334076 3.0049054622650146 0.9994282126426697 0.03317883983254433 -0.0065103559754788876 18.460142135620117
-0.007379619870334864 0.055111631751060486 -0.9984529614448547 -86.13398742675781 -0.03324855864048004 0.9979144930839539 0.0553276501595974 3.0494658946990967 0.9994198679924011 0.0336054228246212 -0.005531846079975367 18.445205688476562
-0.0072159431874752045 0.055336568504571915 -0.9984416961669922 -87.30220031738281 -0.034556999802589417 0.9978575110435486 0.05555393546819687 3.0888211727142334 0.999376654624939 0.034904029220342636 -0.005288218148052692 18.426288604736328
-0.007341413758695126 0.05328061059117317 -0.9985527396202087 -88.47859954833984 -0.034291256219148636 0.9979788661003113 0.05350210517644882 3.132357358932495 0.9993850588798523 0.03463439643383026 -0.005499516148120165 18.41629981994629
-0.007289649918675423 0.05174434185028076 -0.9986338019371033 -89.64898681640625 -0.0327923558652401 0.9981107711791992 0.05195661634206772 3.177088499069214 0.9994356036186218 0.03312629461288452 -0.005579059477895498 18.40857696533203
-0.007424245588481426 0.05282813310623169 -0.9985761046409607 -90.81550598144531 -0.03066137619316578 0.9981218576431274 0.053032077848911285 3.2168149948120117 0.9995023012161255 0.031011434271931648 -0.0057905190624296665 18.400989532470703
-0.006560634355992079 0.05578183755278587 -0.9984215497970581 -91.9881362915039 -0.02929583750665188 0.9980036020278931 0.05595099925994873 3.2645983695983887 0.9995492696762085 0.029616666957736015 -0.004913361743092537 18.38047218322754
-0.007087381090968847 0.058182355016469955 -0.9982808232307434 -93.15874481201172 -0.02790040709078312 0.9979056119918823 0.05835858732461929 3.308514356613159 0.9995855689048767 0.028266049921512604 -0.005449227057397366 18.376720428466797
-0.00654734717682004 0.0598120391368866 -0.9981881380081177 -94.319091796875 -0.029084451496601105 0.9977758526802063 0.05997811257839203 3.363795280456543 0.9995554685592651 0.029424453154206276 -0.004793184343725443 18.360225677490234
-0.0053964462131261826 0.061842288821935654 -0.9980713725090027 -95.47441864013672 -0.031226390972733498 0.9975886940956116 0.06198121979832649 3.407258987426758 0.9994977712631226 0.031500644981861115 -0.003452322678640485 18.340179443359375
-0.0053573246113955975 0.0611066035926342 -0.9981168508529663 -96.63679504394531 -0.033122677356004715 0.997572660446167 0.061251066625118256 3.4570555686950684 0.9994369745254517 0.033388443291187286 -0.003320306073874235 18.327394485473633
-0.005464178044348955 0.05684790760278702 -0.9983679056167603 -97.78866577148438 -0.035684045404195786 0.9977357983589172 0.05700721964240074 3.5063211917877197 0.9993482232093811 0.03593729808926582 -0.0034232428297400475 18.308082580566406
-0.004413639195263386 0.05530409887433052 -0.9984598159790039 -98.960205078125 -0.03697269782423973 0.9977778196334839 0.05542976036667824 3.554905891418457 0.9993064999580383 0.03716038540005684 -0.0023590887431055307 18.292448043823242
-0.0042927940376102924 0.053565096110105515 -0.9985551238059998 -100.12926483154297 -0.03687717020511627 0.9978766441345215 0.05368722975254059 3.6031668186187744 0.9993105530738831 0.037054356187582016 -0.002308350056409836 18.281078338623047
-0.003732559736818075 0.05422545596957207 -0.9985218048095703 -101.2959213256836 -0.035635676234960556 0.9978873133659363 0.054324205964803696 3.646761655807495 0.9993578195571899 0.035785771906375885 -0.0017923135310411453 18.27470588684082
-0.004339192062616348 0.056157056242227554 -0.9984124898910522 -102.4507064819336 -0.035774458199739456 0.997774064540863 0.05627661570906639 3.6894283294677734 0.9993504285812378 0.03596186637878418 -0.002320545492693782 18.2698917388916
