1.0 0.0 0.0 0.0 0.0 1.0 0.0 0.0 0.0 0.0 1.0 0.0
0.9999957084655762 0.0029355280566960573 0.0001493456948082894 -0.005904055200517178 -0.0029357310850173235 0.9999947547912598 0.0013771620579063892 -0.012903140857815742 -0.00014530221233144403 -0.0013775945408269763 0.9999990463256836 0.7725048661231995
0.9999842643737793 0.0055632805451750755 0.0006394039955921471 -0.013315951451659203 -0.005564476363360882 0.9999826550483704 0.0018846496241167188 -0.029222460463643074 -0.0006289080483838916 -0.0018881777068600059 0.9999980330467224 1.5390650033950806
0.9999760985374451 0.006815583445131779 0.0011719292961061 -0.021499715745449066 -0.0068176197819411755 0.9999752640724182 0.0017424467951059341 -0.04733472689986229 -0.001160024548880756 -0.0017503948183730245 0.9999977350234985 2.274282932281494
0.9999616742134094 0.008701447397470474 0.0010157496435567737 -0.02441643364727497 -0.008702868595719337 0.9999611377716064 0.0014030177844688296 -0.06072228401899338 -0.0010035020532086492 -0.0014118039980530739 0.9999985098838806 3.001512050628662
0.999957263469696 0.009077101945877075 0.00174928258638829 -0.03493843972682953 -0.009079189039766788 0.9999580979347229 0.0011881483951583505 -0.07454375922679901 -0.0017384245293214917 -0.0012039795983582735 0.9999977350234985 3.714217185974121
0.9999552369117737 0.009287096560001373 0.0018372058402746916 -0.03091304749250412 -0.009290780872106552 0.9999549388885498 0.0020071817561984062 -0.08565998077392578 -0.0018184820655733347 -0.0020241609308868647 0.9999963045120239 4.408860206604004
0.9999451637268066 0.010035068728029728 0.002964607672765851 -0.04910425469279289 -0.010049918666481972 0.9999368190765381 0.005038103088736534 -0.10266371816396713 -0.0029138626996427774 -0.005067621357738972 0.9999828934669495 5.08003568649292
0.9999419450759888 0.009897761046886444 0.004263703245669603 -0.03953699395060539 -0.009934808127582073 0.9999122619628906 0.00875751581043005 -0.1065838411450386 -0.004176649730652571 -0.008799366652965546 0.999952495098114 5.750250816345215
0.9999427795410156 0.009183170273900032 0.005506968591362238 -0.037949685007333755 -0.009251468814909458 0.9998789429664612 0.012507792562246323 -0.11948439478874207 -0.005391441285610199 -0.012558022513985634 0.9999065399169922 6.374002456665039
0.9999397397041321 0.008601328358054161 0.006831812672317028 -0.038249749690294266 -0.008699899539351463 0.9998565316200256 0.01453210599720478 -0.12505625188350677 -0.006705837324261665 -0.014590663835406303 0.9998710751533508 6.991517066955566
0.9999284148216248 0.009310870431363583 0.007512873038649559 -0.024646900594234467 -0.009419417008757591 0.999849796295166 0.014544042758643627 -0.13518811762332916 -0.007376327179372311 -0.014613766223192215 0.9998660087585449 7.564263343811035
0.9999170303344727 0.009764885529875755 0.008395333774387836 -0.020105483010411263 -0.009865379892289639 0.9998791217803955 0.012013275176286697 -0.14470738172531128 -0.00827701110392809 -0.012095102109014988 0.9998925924301147 8.118400573730469
0.9999083280563354 0.0097922058776021 0.009347972460091114 -0.020555203780531883 -0.009875420480966568 0.9999117255210876 0.008897483348846436 -0.1462697982788086 -0.009260020218789577 -0.008988984860479832 0.9999167323112488 8.648988723754883
0.9999079704284668 0.008291608653962612 0.01073631551116705 -0.007574485149234533 -0.008373086340725422 0.9999362826347351 0.007566384971141815 -0.15584348142147064 -0.010672894306480885 -0.007655584719032049 0.99991375207901 9.150564193725586
0.9999085664749146 0.004218728747218847 0.012844673357903957 -0.002516134176403284 -0.00428462540730834 0.9999778270721436 0.0051071373745799065 -0.1604570597410202 -0.01282284315675497 -0.005161704961210489 0.9999045133590698 9.614843368530273
0.999887228012085 0.0023491668980568647 0.014828748069703579 0.004901510197669268 -0.0024120674934238195 0.9999881386756897 0.004225332755595446 -0.16899031400680542 -0.01481864508241415 -0.004260624758899212 0.9998811483383179 10.046367645263672
0.9998420476913452 0.0066912234760820866 0.016463780775666237 0.014450309798121452 -0.006729161832481623 0.9999747276306152 0.0022500534541904926 -0.18004263937473297 -0.016448309645056725 -0.002360485726967454 0.9998619556427002 10.46362590789795
0.999744713306427 0.011022916994988918 0.019726494327187538 0.012900200672447681 -0.011056076735258102 0.9999376535415649 0.0015726772835478187 -0.18785056471824646 -0.019707929342985153 -0.0017903739353641868 0.9998041391372681 10.849156379699707
0.9996705055236816 0.01143752783536911 0.022977955639362335 0.019407207146286964 -0.011505392380058765 0.9999298453330994 0.0028233902994543314 -0.19949154555797577 -0.022944048047065735 -0.0030868304893374443 0.9997320175170898 11.192171096801758
0.9996328353881836 0.007164841517806053 0.026131581515073776 0.032602690160274506 -0.007255134638398886 0.9999679923057556 0.0033621368929743767 -0.205527201294899 -0.026106655597686768 -0.0035504905972629786 0.9996529221534729 11.507558822631836
0.9995827674865723 0.002669873647391796 0.02876066043972969 0.049821849912405014 -0.0027513152454048395 0.999992311000824 0.0027924971655011177 -0.20529787242412567 -0.02875298261642456 -0.0028704621363431215 0.9995824098587036 11.792180061340332
0.9995130896568298 -0.0006972787668928504 0.031195959076285362 0.06429705768823624 0.0005660656024701893 0.9999909400939941 0.00421471381559968 -0.2117929309606552 -0.031198613345623016 -0.004195001907646656 0.9995043873786926 12.048948287963867
0.9994373321533203 -0.0011714347638189793 0.03351974114775658 0.07600244134664536 0.000997238210402429 0.9999858736991882 0.005213085096329451 -0.2164045125246048 -0.033525366336107254 -0.0051767248660326 0.9994245171546936 12.281099319458008
0.9993569850921631 -0.0005312615539878607 0.03585138916969299 0.07939097285270691 0.0003758437233045697 0.9999905228614807 0.004341641440987587 -0.22278062999248505 -0.03585335612297058 -0.00432537542656064 0.9993476271629333 12.48677921295166
0.9993001818656921 0.00033114096731878817 0.037402454763650894 0.09947101771831512 -0.0004491268773563206 0.9999949336051941 0.003146134549751878 -0.23110075294971466 -0.037401217967271805 -0.003160731168463826 0.9992953538894653 12.6806640625
0.9991710782051086 0.0026821871288120747 0.04062141850590706 0.0942835658788681 -0.0027779946103692055 0.9999934434890747 0.0023022841196507215 -0.235793799161911 -0.04061497747898102 -0.002413222100585699 0.9991719126701355 12.840984344482422
0.9990966320037842 0.005472275894135237 0.0421435683965683 0.09948159009218216 -0.005547419190406799 0.9999832510948181 0.0016663011629134417 -0.24133087694644928 -0.042133741080760956 -0.0018985841888934374 0.9991101622581482 13.008651733398438
0.9990288019180298 0.007081592455506325 0.04348956421017647 0.10525017231702805 -0.007092594169080257 0.99997478723526 9.868197957985103e-05 -0.24698257446289062 -0.04348776489496231 -0.00040703985723666847 0.9990538358688354 13.165719032287598
0.9989527463912964 0.00591001333668828 0.045371416956186295 0.1162760853767395 -0.005857238546013832 0.9999820590019226 -0.0012960275635123253 -0.25708186626434326 -0.04537826031446457 0.0010289186611771584 0.998969316482544 13.314549446105957
0.9988793134689331 0.004795985762029886 0.04708638787269592 0.12138127535581589 -0.0046669053845107555 0.9999850392341614 -0.0028508836403489113 -0.25870341062545776 -0.04709935560822487 0.002627941081300378 0.9988867044448853 13.452376365661621
0.998820424079895 0.004042610060423613 0.048388589173555374 0.12897272408008575 -0.0038581229746341705 0.9999849200248718 -0.0039053959771990776 -0.26086699962615967 -0.04840364679694176 0.0037141002248972654 0.998820960521698 13.591143608093262
0.9987468719482422 0.005083097144961357 0.04978803172707558 0.13693775236606598 -0.004817967768758535 0.9999735951423645 -0.005443734582513571 -0.2625052034854889 -0.049814384430646896 0.005197036080062389 0.9987449645996094 13.72464370727539
0.9986802935600281 0.00548164825886488 0.051064375787973404 0.14173772931098938 -0.005121585913002491 0.9999611377716064 -0.007179319392889738 -0.26935893297195435 -0.051101747900247574 0.006908314302563667 0.9986695051193237 13.845458030700684
0.9986302852630615 0.005711409728974104 0.05200811102986336 0.14932489395141602 -0.005221502389758825 0.9999407529830933 -0.009550826624035835 -0.2709139287471771 -0.05205957591533661 0.009266184642910957 0.998600959777832 13.971091270446777
0.9986019730567932 0.005142289213836193 0.052607227116823196 0.15875867009162903 -0.004525968339294195 0.9999198317527771 -0.011827944777905941 -0.27462878823280334 -0.05266382917761803 0.011573310941457748 0.998545229434967 14.10101318359375
0.9986280202865601 0.004258593078702688 0.05219148099422455 0.16484543681144714 -0.0035539143718779087 0.9999014139175415 -0.013587174005806446 -0.27901527285575867 -0.05224419757723808 0.0133830476552248 0.9985446333885193 14.225686073303223
0.9987319111824036 0.0036931908689439297 0.05020831152796745 0.16897770762443542 -0.0029466943815350533 0.9998841881752014 -0.01493388507515192 -0.2818436026573181 -0.050257645547389984 0.014766999520361423 0.9986271262168884 14.34713077545166
0.9988724589347839 0.004089272581040859 0.04729773476719856 0.17317284643650055 -0.003345581004396081 0.9998697638511658 -0.015792101621627808 -0.28500667214393616 -0.047356147319078445 0.015616057440638542 0.9987559914588928 14.475966453552246
0.9990559220314026 0.004674009513109922 0.04319104179739952 0.17172515392303467 -0.003937639761716127 0.9998457431793213 -0.01711849868297577 -0.28598010540008545 -0.04326438903808594 0.01693226583302021 0.9989200830459595 14.60185432434082
0.9992809891700745 0.004304674454033375 0.03766661882400513 0.1660739928483963 -0.003620375879108906 0.9998274445533752 -0.018216630443930626 -0.29035329818725586 -0.037738535553216934 0.018067168071866035 0.99912428855896 14.727177619934082
0.9995205402374268 0.004070545081049204 0.03069235011935234 0.1694599688053131 -0.0034993316512554884 0.9998200535774231 -0.018641743808984756 -0.2966551184654236 -0.03076270967721939 0.01852540299296379 0.9993550181388855 14.845500946044922
0.9997135400772095 0.004385192412883043 0.023528076708316803 0.16430051624774933 -0.003926919307559729 0.99980229139328 -0.019488699734210968 -0.29792267084121704 -0.023608887568116188 0.01939072646200657 0.9995331764221191 14.9691801071167
0.9998793601989746 0.0036091357469558716 0.015107554383575916 0.16310517489910126 -0.003302303608506918 0.9997887015342712 -0.020285768434405327 -0.3010369539260864 -0.015177580527961254 0.020233435556292534 0.9996800422668457 15.103878021240234
0.9999815225601196 0.0027891225181519985 0.005398815497756004 0.14704690873622894 -0.002672599395737052 0.999765932559967 -0.021471144631505013 -0.30506154894828796 -0.005457439459860325 0.021456323564052582 0.9997549057006836 15.232321739196777
0.9999686479568481 0.0014235310954973102 -0.007784894201904535 0.14278894662857056 -0.001603760989382863 0.9997296929359436 -0.02319418266415596 -0.30665522813796997 0.007749774027615786 0.023205939680337906 0.999700665473938 15.384529113769531
0.99971604347229 0.0005650249659083784 -0.023824047297239304 0.11962190270423889 -0.0011649848893284798 0.9996823668479919 -0.025176595896482468 -0.3094414472579956 0.023802252486348152 0.02519720047712326 0.9993991255760193 15.535147666931152
0.9990668892860413 0.0009781266562640667 -0.04317905753850937 0.09389828890562057 -0.0021110696252435446 0.9996545314788818 -0.026200465857982635 -0.3120967745780945 0.04313850775361061 0.026267169043421745 0.9987237453460693 15.716248512268066
0.9978973865509033 0.0022236802615225315 -0.0647750273346901 0.05425357446074486 -0.0039020583499222994 0.9996596574783325 -0.025795914232730865 -0.3176760673522949 0.06469561159610748 0.0259944349527359 0.9975664019584656 15.89094352722168
0.9960683584213257 0.0026130808982998133 -0.08854986727237701 0.019327351823449135 -0.0047782184556126595 0.9996945858001709 -0.024247916415333748 -0.3262201249599457 0.08845945447683334 0.024575691670179367 0.9957765936851501 16.094572067260742
0.9933534860610962 0.0033017934765666723 -0.1150561049580574 -0.029429128393530846 -0.0059722475707530975 0.9997204542160034 -0.022873040288686752 -0.33180445432662964 0.11494842916727066 0.023408155888319016 0.9930956363677979 16.304515838623047
0.9894021153450012 0.004190793726593256 -0.14514070749282837 -0.09513402730226517 -0.007233906537294388 0.9997646808624268 -0.020445233210921288 -0.34321141242980957 0.14502088725566864 0.021278491243720055 0.9891997575759888 16.526779174804688
0.9840027689933777 0.0043275547213852406 -0.17810046672821045 -0.17180348932743073 -0.00750440638512373 0.9998244643211365 -0.017167633399367332 -0.3456122875213623 0.17799492180347443 0.018229534849524498 0.983862578868866 16.777015686035156
0.9766298532485962 0.005407929886132479 -0.21485993266105652 -0.2632823586463928 -0.008446142077445984 0.999876856803894 -0.013224859721958637 -0.35054218769073486 0.21476195752620697 0.01473053079098463 0.976555347442627 17.034826278686523
0.9670065641403198 0.006963050924241543 -0.25465601682662964 -0.3611844778060913 -0.009302553720772266 0.9999247193336487 -0.007983725517988205 -0.35499295592308044 0.2545813024044037 0.010089264251291752 0.9669986963272095 17.282630920410156
0.955166220664978 0.010810518637299538 -0.2958725690841675 -0.48664000630378723 -0.012265290133655071 0.9999200701713562 -0.0030612354166805744 -0.35881680250167847 0.2958158850669861 0.006552950944751501 0.955222487449646 17.553621292114258
0.940983235836029 0.014214853756129742 -0.33815431594848633 -0.6262580156326294 -0.014695723541080952 0.9998912811279297 0.0011381817748770118 -0.36021947860717773 0.3381337821483612 0.003898411523550749 0.9410899877548218 17.829538345336914
0.924268901348114 0.016594620421528816 -0.38138115406036377 -0.7718656063079834 -0.01511916983872652 0.9998620748519897 0.006864928640425205 -0.3630736172199249 0.38144251704216003 -0.0005788749549537897 0.9243923425674438 18.09784507751465
0.9048609137535095 0.020319079980254173 -0.4252220392227173 -0.9296196103096008 -0.015444386750459671 0.9997695088386536 0.014908396638929844 -0.37286660075187683 0.4254269599914551 -0.006922734435647726 0.9049662351608276 18.37215805053711
0.8832310438156128 0.0244961716234684 -0.46829795837402344 -1.1089133024215698 -0.01641748659312725 0.9996377825737 0.02132587879896164 -0.37012654542922974 0.4686507284641266 -0.011147400364279747 0.8833132386207581 18.632274627685547
0.8584157228469849 0.02976892702281475 -0.5120899677276611 -1.3316199779510498 -0.019244983792304993 0.9994807839393616 0.025841690599918365 -0.3690134584903717 0.5125932693481445 -0.012327752076089382 0.8585429787635803 18.926551818847656
0.830437421798706 0.03287021815776825 -0.5561412572860718 -1.5555198192596436 -0.020033003762364388 0.9993740916252136 0.02915354259312153 -0.3664368987083435 0.5567514300346375 -0.013069015927612782 0.8305762410163879 19.1960506439209
0.7995769381523132 0.03695952147245407 -0.5994253754615784 -1.8057509660720825 -0.022632649168372154 0.9992498755455017 0.03142218664288521 -0.3671097159385681 0.6001370549201965 -0.011557870544493198 0.7998136281967163 19.459014892578125
0.7653906345367432 0.04044230654835701 -0.6422940492630005 -2.0765273571014404 -0.023627476766705513 0.9991165399551392 0.03475406765937805 -0.3638131320476532 0.6431321501731873 -0.011424648575484753 0.7656700015068054 19.737707138061523
0.7285922169685364 0.044174615293741226 -0.6835217475891113 -2.393768310546875 -0.02478431537747383 0.9989649057388306 0.038142502307891846 -0.34261587262153625 0.684499204158783 -0.01084971148520708 0.7289329171180725 20.019588470458984
0.6899523735046387 0.04349267855286598 -0.7225469350814819 -2.7195303440093994 -0.020998533815145493 0.9989756941795349 0.040080636739730835 -0.3184073865413666 0.7235500812530518 -0.012481305748224258 0.690159022808075 20.273618698120117
0.6485585570335388 0.043314289301633835 -0.7599312663078308 -3.067859172821045 -0.01854313723742962 0.998982310295105 0.04111410677433014 -0.3034025728702545 0.760938823223114 -0.01257339771836996 0.6487017869949341 20.536540985107422
0.6066455245018005 0.04227815195918083 -0.7938475012779236 -3.451148509979248 -0.012871290557086468 0.9989762306213379 0.04336671903729439 -0.29444700479507446 0.7948682904243469 -0.016090381890535355 0.6065686345100403 20.776748657226562
0.5609142184257507 0.04208816587924957 -0.82680344581604 -3.8583579063415527 -0.008031568489968777 0.9989364743232727 0.04540182277560234 -0.2757154107093811 0.827834963798523 -0.01882600039243698 0.5606557726860046 21.03749656677246
0.5151135325431824 0.0438971146941185 -0.8559971451759338 -4.28754186630249 -0.005851137451827526 0.9988445043563843 0.04770155996084213 -0.2591799199581146 0.8571019768714905 -0.019563157111406326 0.5147751569747925 21.242778778076172
0.46485331654548645 0.04330969229340553 -0.8843278288841248 -4.7421345710754395 -0.00469744298607111 0.9989094734191895 0.046452056616544724 -0.23474356532096863 0.8853752017021179 -0.017439309507608414 0.46454983949661255 21.44308090209961
0.4133402705192566 0.04244104027748108 -0.9095870852470398 -5.230438232421875 0.001003023935481906 0.9988914728164673 0.04706374555826187 -0.21848689019680023 0.9105761647224426 -0.020365675911307335 0.412839412689209 21.62297821044922
0.35899922251701355 0.04139174520969391 -0.9324196577072144 -5.739080905914307 0.005819590296596289 0.9988973736763 0.04658346623182297 -0.19398047029972076 0.9333197474479675 -0.022149724885821342 0.35836249589920044 21.800371170043945
0.3054038882255554 0.040193911641836166 -0.9513741731643677 -6.256509304046631 0.008690708316862583 0.9989494681358337 0.044993720948696136 -0.16897691786289215 0.9521832466125488 -0.02200937271118164 0.3047337234020233 21.932899475097656
0.2521580755710602 0.04571700096130371 -0.966605544090271 -6.8149333000183105 0.009723047725856304 0.9987132549285889 0.04977203533053398 -0.13795456290245056 0.9676371812820435 -0.02194877341389656 0.2513890862464905 22.039398193359375
0.20037025213241577 0.05115325748920441 -0.9783838987350464 -7.411531925201416 0.012054482474923134 0.9984317421913147 0.054670147597789764 -0.11283295601606369 0.9796460866928101 -0.0227481871843338 0.19943943619728088 22.133556365966797
0.15271280705928802 0.05240413174033165 -0.9868802428245544 -7.997237205505371 0.017774108797311783 0.9982860684394836 0.05576019734144211 -0.0880727469921112 0.9881107807159424 -0.02605622075498104 0.15151965618133545 22.196990966796875
0.10821204632520676 0.05378837138414383 -0.9926716685295105 -8.615616798400879 0.02026008814573288 0.9982084631919861 0.05629695579409599 -0.06613685190677643 0.9939214587211609 -0.026203623041510582 0.10692843794822693 22.240886688232422
0.06827240437269211 0.05208975821733475 -0.9963059425354004 -9.249427795410156 0.019991448149085045 0.9983640313148499 0.05356728285551071 -0.03845923766493797 0.9974664449691772 -0.023574767634272575 0.06711938977241516 22.24895477294922
0.032566655427217484 0.04774755239486694 -0.9983283877372742 -9.890871047973633 0.017815489321947098 0.9986717104911804 0.04834514111280441 -0.005857093259692192 0.9993107914924622 -0.019360145553946495 0.031672753393650055 22.248931884765625
0.004298284649848938 0.04759439080953598 -0.9988574981689453 -10.566920280456543 0.015401839278638363 0.9987450242042542 0.047655314207077026 0.03065590001642704 0.9998722672462463 -0.015589077956974506 0.003559843171387911 22.22437858581543
-0.01701921597123146 0.05190731957554817 -0.9985069632530212 -11.265796661376953 0.014376665465533733 0.9985609650611877 0.051665086299180984 0.05922591686248779 0.9997517466545105 -0.01347589772194624 -0.01774097979068756 22.201074600219727
-0.029804253950715065 0.05790314823389053 -0.9978771805763245 -11.990152359008789 0.0158487968146801 0.9982225894927979 0.0574498176574707 0.09269857406616211 0.9994300603866577 -0.014102903194725513 -0.03066897578537464 22.16657066345215
-0.03794573247432709 0.06063435599207878 -0.9974384903907776 -12.733121871948242 0.015553697012364864 0.9980722665786743 0.06008116900920868 0.12347215414047241 0.9991587400436401 -0.01323403138667345 -0.03881567344069481 22.134193420410156
-0.04140174388885498 0.05778921768069267 -0.9974699020385742 -13.491141319274902 0.016468975692987442 0.9982297420501709 0.05714966356754303 0.15819960832595825 0.9990068078041077 -0.014061210677027702 -0.042280182242393494 22.09332275390625
-0.04083353653550148 0.05398400127887726 -0.9977065324783325 -14.27537727355957 0.024038249626755714 0.9983034729957581 0.053032469004392624 0.194674551486969 0.9988767504692078 -0.021817611530423164 -0.0420619361102581 22.066884994506836
-0.03669580817222595 0.05222369357943535 -0.9979609847068787 -15.083155632019043 0.03583741933107376 0.9980599880218506 0.05091110244393349 0.23960399627685547 0.9986836910247803 -0.033896129578351974 -0.03849618136882782 22.0535945892334
-0.03099166974425316 0.052236221730709076 -0.9981537461280823 -15.908027648925781 0.03629659488797188 0.9980335831642151 0.051102954894304276 0.2775415778160095 0.9988604187965393 -0.03464581072330475 -0.03282672539353371 22.02964973449707
-0.02595406211912632 0.05115985497832298 -0.998353123664856 -16.76534080505371 0.03433706983923912 0.9981458187103271 0.050256580114364624 0.30546483397483826 0.9990732073783875 -0.03297615051269531 -0.027662621811032295 22.00215721130371
-0.02292674407362938 0.044528327882289886 -0.9987449645996094 -17.63783073425293 0.03793972358107567 0.9983266592025757 0.04363875836133957 0.34615305066108704 0.9990170001983643 -0.03689161315560341 -0.024577772244811058 21.993427276611328
-0.02078823372721672 0.03380217403173447 -0.9992123246192932 -18.513229370117188 0.03576412796974182 0.998813807964325 0.033044639974832535 0.37966930866241455 0.9991439580917358 -0.03504900634288788 -0.021972481161355972 21.97305679321289
-0.02018709108233452 0.025398273020982742 -0.9994735717773438 -19.41936683654785 0.028035800904035568 0.9992985725402832 0.024827569723129272 0.40649738907814026 0.9994030594825745 -0.027519844472408295 -0.02088499255478382 21.937477111816406
-0.021597333252429962 0.02260497957468033 -0.999511182308197 -20.336891174316406 0.022610612213611603 0.9994997382164001 0.022116150707006454 0.42984405159950256 0.9995110034942627 -0.022121908143162727 -0.022097639739513397 21.905563354492188
-0.024981768801808357 0.028773082420229912 -0.9992737174034119 -21.28788948059082 0.013280424289405346 0.9995071887969971 0.02844778634607792 0.44579097628593445 0.9995996356010437 -0.012560105882585049 -0.025351570919156075 21.86451530456543
-0.030008265748620033 0.03700266033411026 -0.9988645315170288 -22.25375747680664 0.008763357996940613 0.9992859363555908 0.036754995584487915 0.4698338508605957 0.999511182308197 -0.007650453131645918 -0.030311105772852898 21.81766700744629
-0.034296151250600815 0.046758417040109634 -0.998317301273346 -23.22429847717285 0.007333387155085802 0.9988899230957031 0.04653330519795418 0.5006778836250305 0.9993848204612732 -0.005725134629756212 -0.03460096940398216 21.76839828491211
-0.036193493753671646 0.0564446784555912 -0.9977495074272156 -24.260250091552734 0.0056312195956707 0.9983992576599121 0.05627717077732086 0.5435066819190979 0.9993288516998291 -0.0035816782619804144 -0.03645341470837593 21.733219146728516
-0.03725946322083473 0.06419925391674042 -0.9972412586212158 -25.27968978881836 0.007636066991835833 0.9979233741760254 0.06395786255598068 0.5895511507987976 0.9992763996124268 -0.005231965333223343 -0.03767232224345207 21.69482421875
-0.03881711885333061 0.0649464800953865 -0.9971334934234619 -26.310636520385742 0.008478065021336079 0.9978710412979126 0.06466447561979294 0.6429832577705383 0.9992102384567261 -0.005943672731518745 -0.03928510099649429 21.65241241455078
-0.04045884311199188 0.06222022324800491 -0.9972419738769531 -27.309410095214844 0.007030060980468988 0.9980522394180298 0.0619855634868145 0.6921433210372925 0.9991564750671387 -0.004502808675169945 -0.04081745445728302 21.60515785217285
-0.04316828027367592 0.05713462829589844 -0.9974327087402344 -28.32769775390625 0.006615163292735815 0.998357892036438 0.05690132454037666 0.741305410861969 0.9990459084510803 -0.0041418480686843395 -0.04347534850239754 21.554170608520508
-0.04756617546081543 0.05201070383191109 -0.9975129961967468 -29.356660842895508 0.006586993578821421 0.9986380934715271 0.05175526812672615 0.7841958999633789 0.9988463521003723 -0.004108812194317579 -0.04784398898482323 21.495553970336914
-0.053319524973630905 0.047657351940870285 -0.9974396228790283 -30.378467559814453 0.007138362154364586 0.9988531470298767 0.04734329879283905 0.8218907117843628 0.9985519051551819 -0.0045957621186971664 -0.05359857529401779 21.438581466674805
-0.05974424257874489 0.04578298330307007 -0.9971632957458496 -31.40128517150879 0.006230379454791546 0.9989452958106995 0.04549152031540871 0.8609399199485779 0.9981942176818848 -0.0034948489628732204 -0.059966474771499634 21.358325958251953
-0.06687434762716293 0.04811730608344078 -0.9966005086898804 -32.45167541503906 0.006649147719144821 0.9988359212875366 0.04777904972434044 0.9030597805976868 0.9977392554283142 -0.0034313516225665808 -0.06711643189191818 21.292037963867188
-0.07315279543399811 0.05286940932273865 -0.995918333530426 -33.51947784423828 0.005004602484405041 0.9986007809638977 0.052644211798906326 0.9449246525764465 0.9973081946372986 -0.0011331053683534265 -0.07331501692533493 21.205415725708008
-0.07924838364124298 0.055866070091724396 -0.9952882528305054 -34.58272933959961 0.002233179286122322 0.9984358549118042 0.05586494132876396 0.9871589541435242 0.9968523383140564 0.0022045497316867113 -0.07924919575452805 21.11094856262207
-0.08372223377227783 0.05810999497771263 -0.9947933554649353 -35.656490325927734 -0.0011791604338213801 0.9982917904853821 0.05841359496116638 1.0347793102264404 0.9964884519577026 0.006063537672162056 -0.08351070433855057 21.008560180664062
-0.08632992208003998 0.05967523902654648 -0.9944777488708496 -36.73611831665039 -0.0056099495850503445 0.9981594681739807 0.06038316711783409 1.0782380104064941 0.9962508082389832 0.010791844688355923 -0.085836261510849 20.899930953979492
-0.08815725147724152 0.06050138175487518 -0.9942675232887268 -37.799468994140625 -0.009581387042999268 0.9980559945106506 0.06158145144581795 1.1385873556137085 0.9960604906082153 0.014955311082303524 -0.0874062106013298 20.799882888793945
-0.08935650438070297 0.05984139442443848 -0.9942003488540649 -38.878082275390625 -0.01043167058378458 0.9980824589729309 0.0610126294195652 1.193354845046997 0.9959450960159302 0.015823042020201683 -0.08856090903282166 20.68853759765625
-0.09069567173719406 0.059393446892499924 -0.9941059350967407 -39.9623908996582 -0.011214983649551868 0.9980958104133606 0.06065499410033226 1.2374306917190552 0.9958155155181885 0.01665002480149269 -0.08985687047243118 20.582536697387695
-0.09173780679702759 0.05854412540793419 -0.994060754776001 -41.03841781616211 -0.012283459305763245 0.9981277585029602 0.05991724878549576 1.287615418434143 0.9957074522972107 0.017707180231809616 -0.0908469408750534 20.47284507751465
-0.09305127710103989 0.057408787310123444 -0.9940049052238464 -42.127079010009766 -0.014570444822311401 0.9981508851051331 0.059012219309806824 1.3443595170974731 0.9955546855926514 0.019974254071712494 -0.09204274415969849 20.364669799804688
-0.09327421337366104 0.05509451404213905 -0.9941149353981018 -43.210906982421875 -0.019078770652413368 0.9981855750083923 0.05711020529270172 1.3888859748840332 0.9954575896263123 0.024293405935168266 -0.09205383062362671 20.24628257751465
-0.09352511167526245 0.05026978626847267 -0.9943469762802124 -44.29996109008789 -0.02383868396282196 0.9983251094818115 0.052713096141815186 1.435682773590088 0.9953314661979675 0.028633922338485718 -0.0921700969338417 20.135128021240234
-0.09269125014543533 0.049687083810567856 -0.9944543838500977 -45.40409469604492 -0.02570270746946335 0.9983019232749939 0.052275024354457855 1.4760756492614746 0.9953630566596985 0.03040560521185398 -0.0912567675113678 20.021413803100586
-0.09121673554182053 0.0536477155983448 -0.9943849444389343 -46.514835357666016 -0.0263722725212574 0.9980675578117371 0.05626557022333145 1.5229572057724 0.9954817891120911 0.03135655075311661 -0.08962564170360565 19.917573928833008
-0.08908624202013016 0.057101838290691376 -0.9943857789039612 -47.61001968383789 -0.026495199650526047 0.997866153717041 0.05967538803815842 1.5634831190109253 0.9956713914871216 0.031662702560424805 -0.0873832181096077 19.81092643737793
-0.08764380216598511 0.05680905655026436 -0.9945306777954102 -48.741416931152344 -0.024591607972979546 0.9979448914527893 0.059171244502067566 1.6187344789505005 0.9958482980728149 0.0296431016176939 -0.08606665581464767 19.709070205688477
-0.08516748994588852 0.055745337158441544 -0.9948059320449829 -49.849056243896484 -0.02428971417248249 0.9980208277702332 0.05800497159361839 1.6717642545700073 0.9960705637931824 0.02910369075834751 -0.08364487439393997 19.611364364624023
-0.08111671358346939 0.05591735616326332 -0.9951348304748535 -50.98486328125 -0.028944730758666992 0.9978717565536499 0.05843052640557289 1.7308063507080078 0.9962842464447021 0.033543601632118225 -0.07932556420564651 19.508804321289062
-0.07497838884592056 0.05674300715327263 -0.9955694675445557 -52.10920715332031 -0.03410318121314049 0.9976497292518616 0.05942995473742485 1.7841167449951172 0.9966018199920654 0.03840804472565651 -0.07286705821752548 19.4050350189209
-0.0690048485994339 0.05637728050351143 -0.99602210521698 -53.231727600097656 -0.03812306746840477 0.9975236654281616 0.05910345911979675 1.835661768913269 0.9968875646591187 0.042049843817949295 -0.06668470054864883 19.309032440185547
-0.06349830329418182 0.055574819445610046 -0.9964333176612854 -54.39596176147461 -0.03941332921385765 0.9975296854972839 0.058147601783275604 1.8923189640045166 0.9972032904624939 0.04296502470970154 -0.06115104630589485 19.23450469970703
-0.058639805763959885 0.05460096150636673 -0.9967848658561707 -55.5316047668457 -0.03875159099698067 0.9976260662078857 0.05692674592137337 1.9477694034576416 0.9975267648696899 0.041965171694755554 -0.05638471618294716 19.17569923400879
-0.05245015397667885 0.054130055010318756 -0.9971554279327393 -56.68196105957031 -0.037647396326065063 0.9977128505706787 0.056140560656785965 1.9993584156036377 0.997913658618927 0.04048489034175873 -0.05029233545064926 19.099349975585938
-0.04696037247776985 0.05496717616915703 -0.9973832964897156 -57.82307434082031 -0.036593854427337646 0.9977198839187622 0.05670870095491409 2.0471882820129395 0.9982262849807739 0.03916115313768387 -0.04484182968735695 19.043119430541992
-0.0409192219376564 0.05617428943514824 -0.9975821375846863 -58.98493957519531 -0.03576900437474251 0.9976959228515625 0.057647887617349625 2.1022281646728516 0.9985219836235046 0.03804141655564308 -0.03881564363837242 18.987106323242188
-0.03566290810704231 0.057458918541669846 -0.9977107048034668 -60.14030456542969 -0.03636683523654938 0.9976098537445068 0.058753035962581635 2.1540064811706543 0.9987019300460815 0.038378890603780746 -0.03348806872963905 18.94713020324707
-0.030566394329071045 0.05673007667064667 -0.9979215264320374 -61.304420471191406 -0.035978708416223526 0.9976785778999329 0.057818297296762466 2.202108860015869 0.9988849759101868 0.03767123073339462 -0.028454365208745003 18.913606643676758
-0.02572835609316826 0.052549928426742554 -0.9982867240905762 -62.455902099609375 -0.035693906247615814 0.9979322552680969 0.053451187908649445 2.243319272994995 0.9990315437316895 0.03700797259807587 -0.023799443617463112 18.876615524291992
-0.022971488535404205 0.0470619760453701 -0.9986277222633362 -63.6175537109375 -0.03535432368516922 0.9982283711433411 0.047856405377388 2.288987874984741 0.999110758304596 0.036405157297849655 -0.021266944706439972 18.86738395690918
-0.017654284834861755 0.04709705337882042 -0.9987342357635498 -64.77816772460938 -0.03537817671895027 0.9982350468635559 0.04769888147711754 2.3209102153778076 0.9992180466651917 0.03617548570036888 -0.01595691591501236 18.824283599853516
-0.014002651907503605 0.04942558705806732 -0.9986795783042908 -65.9495620727539 -0.03514217212796211 0.9981361627578735 0.04989142343401909 2.363241195678711 0.9992842674255371 0.03579438105225563 -0.012239627540111542 18.795949935913086
-0.012368891388177872 0.04899216070771217 -0.9987225532531738 -67.10856628417969 -0.03524035960435867 0.9981571435928345 0.04940086230635643 2.4064249992370605 0.999302327632904 0.03580637648701668 -0.010619597509503365 18.782127380371094
-0.011247674934566021 0.04909375309944153 -0.9987308382987976 -68.28532409667969 -0.03651954233646393 0.9981074333190918 0.04947439953684807 2.44411301612854 0.9992696046829224 0.03702966123819351 -0.009433507919311523 18.767356872558594
-0.01037679798901081 0.04986808821558952 -0.9987019300460815 -69.4638900756836 -0.03752181679010391 0.9980327486991882 0.05022455379366875 2.487492084503174 0.9992418885231018 0.03799428045749664 -0.008485243655741215 18.74826431274414
-0.009194611571729183 0.04970868304371834 -0.9987214207649231 -70.6266098022461 -0.038182057440280914 0.9980177879333496 0.05002518743276596 2.524364709854126 0.9992284774780273 0.03859320282936096 -0.00727840606123209 18.72690773010254
-0.008613322861492634 0.047859277576208115 -0.9988169074058533 -71.82267761230469 -0.038159362971782684 0.9981106519699097 0.04815450310707092 2.5636818408966064 0.9992345571517944 0.038528990000486374 -0.006770770531147718 18.725351333618164
-0.00805350486189127 0.04663126543164253 -0.9988797307014465 -73.0018081665039 -0.03667210787534714 0.9982263445854187 0.04689643904566765 2.6053245067596436 0.9992948770523071 0.037008702754974365 -0.006329155061393976 18.713972091674805
-0.007454696577042341 0.04669615998864174 -0.9988812804222107 -74.18656158447266 -0.03297249972820282 0.998354434967041 0.04691759869456291 2.6388614177703857 0.9994284510612488 0.03328537195920944 -0.005902741104364395 18.69921112060547
-0.007787103299051523 0.047227829694747925 -0.9988537430763245 -75.374267578125 -0.030453484505414963 0.9984095692634583 0.047444235533475876 2.680203437805176 0.999505877494812 0.030788032338023186 -0.006336467806249857 18.696575164794922
-0.0076073347590863705 0.05000485107302666 -0.9987199902534485 -76.56072998046875 -0.030006088316440582 0.9982877373695374 0.050211768597364426 2.7198867797851562 0.9995208382606506 0.03034965693950653 -0.006093859206885099 18.68224334716797
-0.007330931257456541 0.053390022367239 -0.998546838760376 -77.73445892333984 -0.032247576862573624 0.9980417490005493 0.053599756211042404 2.7617111206054688 0.999453067779541 0.032593656331300735 -0.005594875663518906 18.670501708984375
-0.0067538367584347725 0.05357613041996956 -0.9985410571098328 -78.9300308227539 -0.03453299403190613 0.9979557394981384 0.05377829447388649 2.803865432739258 0.9993807077407837 0.03484581410884857 -0.0048898858949542046 18.64804458618164
-0.006232028361409903 0.051149532198905945 -0.9986715912818909 -80.1053466796875 -0.03594372048974037 0.9980341792106628 0.05134119093418121 2.8506059646606445 0.9993343353271484 0.03621593490242958 -0.004381272010505199 18.63206672668457
-0.005527060478925705 0.049017902463674545 -0.9987826347351074 -81.28527069091797 -0.03551171347498894 0.9981582760810852 0.04918377846479416 2.8891165256500244 0.9993539452552795 0.03574032336473465 -0.0037761719431728125 18.609638214111328
-0.006420738995075226 0.04852299764752388 -0.9988013505935669 -82.46786499023438 -0.032886769622564316 0.9982714653015137 0.04870866611599922 2.927588939666748 0.9994384050369263 0.03316010162234306 -0.004813876003026962 18.614843368530273
-0.006301406305283308 0.049705374985933304 -0.9987440705299377 -83.64390563964844 -0.03168218955397606 0.9982525706291199 0.049880802631378174 2.970900297164917 0.9994781017303467 0.03195671737194061 -0.004715620540082455 18.606159210205078
-0.005270514637231827 0.052518799901008606 -0.9986059665679932 -84.82369232177734 -0.030489344149827957 0.9981471300125122 0.05265558511018753 3.01322865486145 0.9995211958885193 0.030724365264177322 -0.003659485373646021 18.585834503173828
-0.005292824469506741 0.05536232516169548 -0.9984523057937622 -85.98387908935547 -0.031042959541082382 0.9979758858680725 0.05550047755241394 3.044966220855713 0.999504029750824 0.031288664788007736 -0.0035635018721222878 18.580135345458984
-0.004926789086312056 0.055356208235025406 -0.9984545111656189 -87.1465835571289 -0.03257700428366661 0.997927725315094 0.055487748235464096 3.0906178951263428 0.999457061290741 0.03280002996325493 -0.0031132404692471027 18.564807891845703
-0.005011115688830614 0.05340023711323738 -0.9985606074333191 -88.32185363769531 -0.03201545774936676 0.9980526566505432 0.05353374406695366 3.133070707321167 0.999474823474884 0.032237641513347626 -0.003291724482551217 18.555213928222656
-0.0046355570666491985 0.052030760794878006 -0.9986346364021301 -89.49309539794922 -0.030922776088118553 0.9981604218482971 0.052149590104818344 3.1751294136047363 0.9995109438896179 0.031122298911213875 -0.0030180932953953743 18.54947853088379
-0.004565570969134569 0.05316229164600372 -0.9985753893852234 -90.65530395507812 -0.029360618442296982 0.9981483221054077 0.05327378585934639 3.2155206203460693 0.9995583891868591 0.02956201508641243 -0.0029962381813675165 18.53961753845215
-0.003907936159521341 0.05573953688144684 -0.9984376430511475 -91.8266372680664 -0.027199087664484978 0.9980700016021729 0.05582546442747116 3.2660279273986816 0.9996223449707031 0.027374757453799248 -0.0023843294475227594 18.523386001586914
-0.004293451085686684 0.05830739066004753 -0.9982894659042358 -92.98271179199219 -0.025157859548926353 0.9979763627052307 0.05839729681611061 3.3078725337982178 0.9996742606163025 0.025365548208355904 -0.0028178738430142403 18.529491424560547
-0.004166109953075647 0.06043610721826553 -0.9981634020805359 -94.1516342163086 -0.02579563483595848 0.9978333711624146 0.06052378565073013 3.35147762298584 0.9996585845947266 0.026000406593084335 -0.0025980959180742502 18.521961212158203
-0.00346176465973258 0.06193464621901512 -0.9980742335319519 -95.31596374511719 -0.02868296205997467 0.9976633787155151 0.062008634209632874 3.408480644226074 0.9995825886726379 0.0288423839956522 -0.0016772072995081544 18.501571655273438
-0.0030053548980504274 0.06157360598444939 -0.9980980157852173 -96.47136688232422 -0.030674392357468605 0.997627317905426 0.06163691729307175 3.450037956237793 0.9995248317718506 0.03080129623413086 -0.00110949098598212 18.492300033569336
-0.0030316088814288378 0.05698762461543083 -0.9983702898025513 -97.6230239868164 -0.0330067053437233 0.9978252649307251 0.057056743651628494 3.506155490875244 0.9994505047798157 0.03312588483095169 -0.001144041889347136 18.478090286254883
-0.0024539621081203222 0.05545077472925186 -0.9984583854675293 -98.78108978271484 -0.0344315767288208 0.9978646636009216 0.055502429604530334 3.5537993907928467 0.9994040727615356 0.03451469913125038 -0.0005394643521867692 18.46226692199707
-0.0023263695184141397 0.05396319553256035 -0.9985402226448059 -99.94733428955078 -0.03407746180891991 0.9979586601257324 0.054011162370443344 3.5920238494873047 0.9994164705276489 0.03415336459875107 -0.00048269194667227566 18.461669921875
-0.002181620104238391 0.054506491869688034 -0.9985110759735107 -101.11663055419922 -0.03288040682673454 0.9979695081710815 0.054548777639865875 3.637399673461914 0.9994569420814514 0.03295046091079712 -0.00038499475340358913 18.460323333740234
-0.002350530819967389 0.05640009045600891 -0.9984054565429688 -102.25553131103516 -0.03294810652732849 0.9978618025779724 0.05644695460796356 3.6828622817993164 0.9994543194770813 0.0330282486975193 -0.0004872285935562104 18.45125389099121
