1.0 0.0 0.0 0.0 0.0 1.0 0.0 0.0 0.0 0.0 1.0 0.0
0.9999337792396545 -0.0025047319941222668 0.011230651289224625 0.01589273288846016 0.0024936154950410128 0.9999963641166687 0.0010037292959168553 -0.0038636268582195044 -0.011233124881982803 -0.0009756578947417438 0.9999364018440247 0.2956877052783966
0.9998282790184021 -0.004531252197921276 0.017968090251088142 0.025905592367053032 0.004510982893407345 0.9999891519546509 0.0011684243800118566 -0.00846936833113432 -0.017973190173506737 -0.0010871699778363109 0.9998378753662109 0.582862913608551
0.9997767210006714 -0.007453719154000282 0.019771408289670944 0.03823850303888321 0.007455699611455202 0.9999722242355347 -2.645558924996294e-05 -0.012466702610254288 -0.019770661368966103 0.00017385935643687844 0.9998044967651367 0.8867459297180176
0.9998144507408142 -0.008683251217007637 0.01719384454190731 0.04962782561779022 0.008715102449059486 0.9999604225158691 -0.0017783893272280693 -0.01009199395775795 -0.017177721485495567 0.0019279054831713438 0.9998505711555481 1.2018688917160034
0.999877393245697 -0.011450527235865593 0.010679204948246479 0.05249738320708275 0.01148782018572092 0.9999280571937561 -0.0034372603986412287 -0.009701932780444622 -0.010639078915119171 0.0035595200024545193 0.9999370574951172 1.5243133306503296
0.999910831451416 -0.013233695179224014 -0.0017908293521031737 0.049522675573825836 0.013223867863416672 0.9998979568481445 -0.005390585865825415 -0.012451843358576298 0.0018619837937876582 0.005366423632949591 0.9999837875366211 1.8505167961120605
0.9997540712356567 -0.012414168566465378 -0.01837308704853058 0.02953634038567543 0.012313074432313442 0.999908447265625 -0.005605215206742287 -0.0185750350356102 0.018440989777445793 0.005377608351409435 0.9998154044151306 2.1888904571533203
0.9992439150810242 -0.008061759173870087 -0.03803374618291855 -0.0019079819321632385 0.007855838164687157 0.9999536871910095 -0.005560493096709251 -0.02295299991965294 0.03807681426405907 0.005257502663880587 0.9992609024047852 2.532064437866211
0.9983225464820862 -0.004391567315906286 -0.05773098021745682 -0.040169522166252136 0.00400539580732584 0.9999688267707825 -0.00680316798388958 -0.02947598323225975 0.05775906518101692 0.006560520268976688 0.9983090162277222 2.8819234371185303
0.9969300627708435 -0.0040880125015974045 -0.07819080352783203 -0.07963773608207703 0.003536757780238986 0.9999679923057556 -0.007187307812273502 -0.03280388563871384 0.07821768522262573 0.006888701114803553 0.9969125390052795 3.2456252574920654
0.995023250579834 -0.005518436897546053 -0.09949054569005966 -0.1257433444261551 0.004840011242777109 0.9999633431434631 -0.0070590730756521225 -0.03319038450717926 0.09952586889266968 0.006542406044900417 0.9950135350227356 3.6186721324920654
0.9928889274597168 -0.007463156245648861 -0.11881136894226074 -0.1880875825881958 0.006820622831583023 0.9999599456787109 -0.005813731346279383 -0.04378963261842728 0.1188499927520752 0.004962021019309759 0.9928998351097107 4.00766658782959
0.9906373023986816 -0.0061208875849843025 -0.1363828033208847 -0.2645489275455475 0.00538673996925354 0.999968945980072 -0.005751396995037794 -0.042713142931461334 0.1364137828350067 0.004962889011949301 0.9906395673751831 4.402942180633545
0.9882159233093262 -0.0051717995665967464 -0.15297898650169373 -0.32722237706184387 0.004534376785159111 0.9999794363975525 -0.004515327513217926 -0.05606517195701599 0.15299920737743378 0.003768454072996974 0.9882190823554993 4.815532207489014
0.9859826564788818 -0.004329884424805641 -0.1667919009923935 -0.4101320505142212 0.0035387645475566387 0.9999810457229614 -0.005040063057094812 -0.05963335931301117 0.1668105572462082 0.004379177466034889 0.9859791994094849 5.23530387878418
0.9840041399002075 -0.005899160634726286 -0.17804789543151855 -0.5049870610237122 0.004996046889573336 0.9999722838401794 -0.005520237609744072 -0.06891126930713654 0.17807552218437195 0.004542400129139423 0.9840063452720642 5.661952018737793
0.9822077751159668 -0.00965369027107954 -0.18754906952381134 -0.5957838892936707 0.008291978389024734 0.9999333024024963 -0.008043765090405941 -0.07337130606174469 0.18761418759822845 0.006345496047288179 0.9822223782539368 6.110604763031006
0.9805878400802612 -0.008853471837937832 -0.19588018953800201 -0.6888620853424072 0.0070681883953511715 0.9999268651008606 -0.009811323136091232 -0.08023684471845627 0.19595272839069366 0.008236346766352654 0.9805787801742554 6.5767035484313965
0.9789924621582031 -0.00847531482577324 -0.20372004806995392 -0.7940704822540283 0.0062034763395786285 0.9999112486839294 -0.0117877759039402 -0.0853496715426445 0.20380187034606934 0.010276371613144875 0.9789581894874573 7.050631046295166
0.977376401424408 -0.009282439947128296 -0.211304172873497 -0.9049233794212341 0.006390524096786976 0.9998763799667358 -0.014364819973707199 -0.09684760123491287 0.21141141653060913 0.012689491733908653 0.9773147702217102 7.507866859436035
0.9755820035934448 -0.01327050942927599 -0.21923427283763885 -1.0156583786010742 0.010005234740674496 0.9998219609260559 -0.015997588634490967 -0.1072378158569336 0.21940751373767853 0.013413469307124615 0.9755410552024841 8.006174087524414
0.973699688911438 -0.01957377791404724 -0.22699283063411713 -1.1317869424819946 0.015992097556591034 0.9997170567512512 -0.01760733313858509 -0.11860119551420212 0.22727321088314056 0.013514162972569466 0.9737372398376465 8.516592979431152
0.9715360403060913 -0.020039312541484833 -0.23604264855384827 -1.2578773498535156 0.01575772650539875 0.9996755123138428 -0.020011689513921738 -0.13297367095947266 0.23636707663536072 0.01572258211672306 0.9715366363525391 9.041336059570312
0.9694703221321106 -0.01650426536798477 -0.2446526288986206 -1.4021141529083252 0.010915410704910755 0.9996479749679565 -0.02418241836130619 -0.14296534657478333 0.2449655830860138 0.020773649215698242 0.9693092107772827 9.563859939575195
0.967284619808197 -0.013405438512563705 -0.2533392608165741 -1.559349536895752 0.006711748894304037 0.999605655670166 -0.02726769633591175 -0.15974962711334229 0.2536048889160156 0.024675277993083 0.9669930934906006 10.104676246643066
0.965008556842804 -0.01597924530506134 -0.26173093914985657 -1.7167490720748901 0.008807916194200516 0.9995536208152771 -0.028549911454319954 -0.18381333351135254 0.26207026839256287 0.025245605036616325 0.9647184610366821 10.660454750061035
0.9625353813171387 -0.019296206533908844 -0.27046868205070496 -1.8682438135147095 0.01129595935344696 0.9994522929191589 -0.0311047974973917 -0.20190757513046265 0.2709208130836487 0.026884272694587708 0.962226152420044 11.233070373535156
0.9603193402290344 -0.018786314874887466 -0.2782692611217499 -2.0459723472595215 0.009895318187773228 0.9993956685066223 -0.0333213172852993 -0.2257177233695984 0.27872708439826965 0.029245546087622643 0.9599249362945557 11.806952476501465
0.9580065608024597 -0.01760469377040863 -0.28620532155036926 -2.2374508380889893 0.007258689031004906 0.9992824792861938 -0.03716980293393135 -0.2503969669342041 0.28665435314178467 0.03353143483400345 0.9574471116065979 12.40629768371582
0.9556474685668945 -0.018331797793507576 -0.2939417362213135 -2.4252214431762695 0.006217768415808678 0.9990942478179932 -0.04209405928850174 -0.2831740081310272 0.2944471538066864 0.03839942812919617 0.9548959732055664 12.99708080291748
0.9538122415542603 -0.020555440336465836 -0.29969921708106995 -2.6175858974456787 0.005895407870411873 0.9987450242042542 -0.049738287925720215 -0.31762248277664185 0.3003455400466919 0.045674145221710205 0.9527362585067749 13.606534957885742
0.9524175524711609 -0.02147701382637024 -0.3040388226509094 -2.8225412368774414 0.004040698055177927 0.9983164072036743 -0.05786242336034775 -0.3529995381832123 0.3047696352005005 0.053880658000707626 0.9509007334709167 14.229057312011719
0.951116681098938 -0.021462399512529373 -0.3080848753452301 -3.0303218364715576 0.0009246991248801351 0.997775673866272 -0.0666542500257492 -0.3933570384979248 0.3088301420211792 0.0631110817193985 0.94902104139328 14.841772079467773
0.949912965297699 -0.020769773051142693 -0.3118235766887665 -3.2584338188171387 -0.0028684234712272882 0.9971675872802734 -0.07515690475702286 -0.4464544653892517 0.31250134110450745 0.07228697091341019 0.9471628069877625 15.481223106384277
0.9486927390098572 -0.02026890031993389 -0.3155491054058075 -3.491971015930176 -0.005965589080005884 0.9966185092926025 -0.08195194602012634 -0.5012723803520203 0.3161431550979614 0.07962965220212936 0.9453637003898621 16.127025604248047
0.947006106376648 -0.018356792628765106 -0.3206906318664551 -3.7213239669799805 -0.010697122663259506 0.9960096478462219 -0.08860187232494354 -0.562265932559967 0.3210373520851135 0.08733697980642319 0.9430308938026428 16.772171020507812
0.9454428553581238 -0.017138522118330002 -0.32533690333366394 -3.9701743125915527 -0.014586757868528366 0.9953870177268982 -0.09482602775096893 -0.6236175298690796 0.3254612386226654 0.09439820796251297 0.9408315420150757 17.44183921813965
0.9437486529350281 -0.015305321663618088 -0.3303093910217285 -4.216171741485596 -0.018839191645383835 0.9948168396949768 -0.09992286562919617 -0.701164722442627 0.33012664318084717 0.10052482038736343 0.9385687112808228 18.113128662109375
0.9420640468597412 -0.012358819134533405 -0.3352053761482239 -4.469395637512207 -0.02355068363249302 0.9944179654121399 -0.10285063832998276 -0.7731132507324219 0.33460530638694763 0.10478618741035461 0.9365143179893494 18.78156280517578
0.9403420686721802 -0.01136752963066101 -0.34004056453704834 -4.738302230834961 -0.02571174129843712 0.9942092895507812 -0.1043391153216362 -0.8504869937896729 0.3392576277256012 0.10685749351978302 0.9346046447753906 19.483095169067383
0.9380247592926025 -0.011329763568937778 -0.3463831841945648 -5.007475852966309 -0.02626991644501686 0.9942656755447388 -0.10366155952215195 -0.929964542388916 0.345571368932724 0.1063365712761879 0.9323480725288391 20.189367294311523
0.9357736706733704 -0.011149365454912186 -0.3524252772331238 -5.279742240905762 -0.02647506445646286 0.9944567680358887 -0.10175837576389313 -1.0153658390045166 0.35160622000694275 0.10455329716205597 0.9302911758422852 20.89203453063965
0.9332762956619263 -0.01159044448286295 -0.3589722216129303 -5.567580699920654 -0.026102690026164055 0.994647204875946 -0.09997826814651489 -1.0960321426391602 0.358209490776062 0.10267750918865204 0.927977979183197 21.608386993408203
0.9299605488777161 -0.0105292908847332 -0.36750856041908264 -5.855647087097168 -0.027062322944402695 0.9949178695678711 -0.0969846248626709 -1.177022933959961 0.3666619658470154 0.10013750940561295 0.9249494671821594 22.335824966430664
0.9266324639320374 -0.008802331052720547 -0.37586545944213867 -6.167453765869141 -0.027488041669130325 0.9954640865325928 -0.0910797044634819 -1.2565737962722778 0.37496230006217957 0.0947292149066925 0.9221875071525574 23.074617385864258
0.9231777191162109 -0.004835119005292654 -0.3843429386615753 -6.491534233093262 -0.030650483444333076 0.9958108067512512 -0.08614887297153473 -1.3336046934127808 0.38314929604530334 0.0913110300898552 0.9191620945930481 23.816682815551758
0.9193507432937622 -0.0012104675406590104 -0.3934371769428253 -6.819899559020996 -0.033871639519929886 0.9960390329360962 -0.08221284300088882 -1.4097729921340942 0.39197832345962524 0.08890879154205322 0.9156681895256042 24.57400131225586
0.9156992435455322 0.0002187909558415413 -0.40186426043510437 -7.170034885406494 -0.03556668385863304 0.9961198568344116 -0.08050091564655304 -1.4843969345092773 0.40028733015060425 0.0880075991153717 0.9121538996696472 25.319705963134766
0.9117547869682312 4.625188739737496e-05 -0.41073495149612427 -7.514808654785156 -0.03599982708692551 0.9961605072021484 -0.07980072498321533 -1.5535006523132324 0.4091542065143585 0.08754507452249527 0.9082558155059814 26.061058044433594
0.9078443050384521 0.0001847573003033176 -0.41930750012397766 -7.87812614440918 -0.03659096732735634 0.9962198734283447 -0.0787842720746994 -1.620586633682251 0.4177079498767853 0.08686672151088715 0.9044192433357239 26.832923889160156
0.9038302898406982 0.0007836042204871774 -0.42789024114608765 -8.26809310913086 -0.037419021129608154 0.9963119626045227 -0.07721543312072754 -1.6886545419692993 0.42625167965888977 0.0858008861541748 0.9005263447761536 27.627153396606445
0.90012127161026 0.000301381602184847 -0.4356391131877899 -8.628963470458984 -0.036469534039497375 0.9965417385101318 -0.07466424256563187 -1.763340711593628 0.4341100752353668 0.08309444785118103 0.8970193266868591 28.365236282348633
0.8964946269989014 0.00046621309593319893 -0.4430544078350067 -9.029891967773438 -0.035310469567775726 0.9968937039375305 -0.07039965689182281 -1.8335450887680054 0.4416453242301941 0.07875736802816391 0.8937263488769531 29.15342140197754
0.8925030827522278 0.0027198255993425846 -0.4510330557823181 -9.438491821289062 -0.03576493263244629 0.9972599148750305 -0.06475785374641418 -1.8996033668518066 0.4496210813522339 0.07392777502536774 0.8901547193527222 29.948211669921875
0.8886484503746033 0.002748508006334305 -0.4585808217525482 -9.862354278564453 -0.03431268036365509 0.9975773692131042 -0.06051289290189743 -1.9643182754516602 0.45730358362197876 0.0695098340511322 0.8865899443626404 30.757038116455078
0.8850092887878418 0.0017348115798085928 -0.4655701220035553 -10.300644874572754 -0.03283713012933731 0.997735321521759 -0.05870284140110016 -2.0251407623291016 0.4644138514995575 0.06724055111408234 0.883061945438385 31.567829132080078
0.8815810680389404 0.0010715177049860358 -0.47203147411346436 -10.731525421142578 -0.0321284681558609 0.9978147149085999 -0.05773908272385597 -2.0847842693328857 0.4709380269050598 0.06606733798980713 0.8796888589859009 32.386016845703125
0.8784278035163879 0.0017753285355865955 -0.47787177562713623 -11.190276145935059 -0.03261713683605194 0.9978837966918945 -0.056249864399433136 -2.1380081176757812 0.4767606556415558 0.06499826163053513 0.8766267895698547 33.21429443359375
0.8753292560577393 -0.00039736824692226946 -0.48352721333503723 -11.647916793823242 -0.029684187844395638 0.9980692863464355 -0.054557498544454575 -2.1948628425598145 0.48261532187461853 0.06210889294743538 0.8736274242401123 34.043212890625
0.8728545308113098 -0.0011852086754515767 -0.487978994846344 -12.155401229858398 -0.029061906039714813 0.9980957508087158 -0.054407596588134766 -2.2582039833068848 0.487114280462265 0.061671528965234756 0.8711580038070679 34.896488189697266
0.8703911900520325 -0.0034934314899146557 -0.49234840273857117 -12.606103897094727 -0.027081770822405815 0.9981213212013245 -0.05495825037360191 -2.3112077713012695 0.4916154444217682 0.06116883456707001 0.8686614036560059 35.73820877075195
0.8690226078033447 -0.0031142830848693848 -0.49476251006126404 -13.111692428588867 -0.028007429093122482 0.9980670809745789 -0.05547581613063812 -2.369572401046753 0.49397897720336914 0.06206676363945007 0.867255687713623 36.605106353759766
0.8684778809547424 -0.0031435415148735046 -0.4957179129123688 -13.608551025390625 -0.02749580144882202 0.9981350898742676 -0.054501090198755264 -2.4315097332000732 0.4949647784233093 0.06096315756440163 0.8667717576026917 37.46775817871094
0.8683004379272461 -0.002758958376944065 -0.4960310459136963 -14.119637489318848 -0.02714967355132103 0.9982213377952576 -0.05307755246758461 -2.488574504852295 0.4952952265739441 0.059554342180490494 0.8666809797286987 38.351985931396484
0.8679746985435486 -0.004152160137891769 -0.49659106135368347 -14.637884140014648 -0.02509610541164875 0.9983205795288086 -0.05221191793680191 -2.5569143295288086 0.49597397446632385 0.057781118899583817 0.8664128184318542 39.234554290771484
0.8672121167182922 -0.006365770939737558 -0.4978981912136078 -15.159292221069336 -0.02307429537177086 0.998330295085907 -0.05295350030064583 -2.618560791015625 0.49740397930145264 0.05741056427359581 0.8656172752380371 40.14479446411133
0.8660913705825806 -0.009068734012544155 -0.4998035132884979 -15.691208839416504 -0.020241132006049156 0.9983791708946228 -0.05319032073020935 -2.682349920272827 0.49947577714920044 0.05618426203727722 0.8645040392875671 41.059513092041016
0.8644375205039978 -0.009333358146250248 -0.5026537179946899 -16.234268188476562 -0.0192012470215559 0.9984852075576782 -0.051561348140239716 -2.7396867275238037 0.5023735165596008 0.054223135113716125 0.8629488945007324 41.99760055541992
0.862420380115509 -0.008564747869968414 -0.5061202645301819 -16.779422760009766 -0.018006622791290283 0.9987050890922546 -0.04758342355489731 -2.8008604049682617 0.505872368812561 0.05015043914318085 0.8611493110656738 42.90571594238281
0.8597567081451416 -0.00832299143075943 -0.5106359720230103 -17.334726333618164 -0.016260620206594467 0.9989141821861267 -0.04365953803062439 -2.860745906829834 0.5104448199272156 0.045839838683605194 0.8586878776550293 43.8246955871582
0.8555174469947815 -0.00904117152094841 -0.5176950097084045 -17.90183448791504 -0.01453936006873846 0.9990337491035461 -0.04147445410490036 -2.9279186725616455 0.5175697803497314 0.04300906881690025 0.8545593619346619 44.7546272277832
0.850227952003479 -0.012361268512904644 -0.5262694358825684 -18.467838287353516 -0.012758731842041016 0.9989466667175293 -0.04407642036676407 -2.983952045440674 0.5262600779533386 0.044189538806676865 0.8491746783256531 45.66252899169922
0.844240128993988 -0.01644730009138584 -0.535712718963623 -19.037132263183594 -0.010513357818126678 0.9988284707069397 -0.04723396152257919 -3.043053150177002 0.5358620285987854 0.045508939772844315 0.8430781960487366 46.55531311035156
0.8380431532859802 -0.015803247690200806 -0.5453749895095825 -19.625118255615234 -0.011538450606167316 0.9988435506820679 -0.046673741191625595 -3.1051478385925293 0.5454819202423096 0.04540739208459854 0.8368916511535645 47.45372772216797
0.8323906064033508 -0.01230059564113617 -0.5540528893470764 -20.230262756347656 -0.012674452736973763 0.9990695714950562 -0.04122214391827583 -3.166135787963867 0.5540444254875183 0.04133524373173714 0.8314602971076965 48.33927536010742
0.8273288607597351 -0.0071207513101398945 -0.5616727471351624 -20.85546112060547 -0.01652642898261547 0.9991781711578369 -0.03701033070683479 -3.2238004207611084 0.5614746809005737 0.039902158081531525 0.8265312910079956 49.228248596191406
0.8232384324073792 -0.007313521113246679 -0.567648708820343 -21.468433380126953 -0.017671475186944008 0.9991022944450378 -0.03850054740905762 -3.2769417762756348 0.5674207210540771 0.04172631353139877 0.8223700523376465 50.102054595947266
0.819556474685669 -0.010002443566918373 -0.5729110836982727 -22.086994171142578 -0.017626460641622543 0.9989344477653503 -0.04265524446964264 -3.335346221923828 0.5727272033691406 0.0450567789375782 0.8185068368911743 50.995155334472656
0.8165461421012878 -0.011900795623660088 -0.5771575570106506 -22.712888717651367 -0.020647644996643066 0.99854576587677 -0.04980136454105377 -3.3930227756500244 0.5769109129905701 0.052582062780857086 0.815112829208374 51.86399841308594
0.8132684230804443 -0.013399390503764153 -0.5817342400550842 -23.338520050048828 -0.02026459202170372 0.9984762072563171 -0.05132845789194107 -3.4560046195983887 0.5815356969833374 0.0535324327647686 0.8117578029632568 52.7344970703125
0.8100506663322449 -0.011798952706158161 -0.5862410664558411 -23.977680206298828 -0.019648540765047073 0.9986898899078369 -0.04724985361099243 -3.5204267501831055 0.5860305428504944 0.04979356750845909 0.8087576031684875 53.593563079833984
0.8070740699768066 -0.00909482128918171 -0.5903801321983337 -24.61939239501953 -0.019522102549672127 0.9989235997200012 -0.04207596927881241 -3.579092025756836 0.5901273488998413 0.04548387974500656 0.8060279488563538 54.44951629638672
0.8040562868118286 -0.006753365974873304 -0.594514787197113 -25.255531311035156 -0.02064249850809574 0.9990155100822449 -0.03926637023687363 -3.631139039993286 0.5941947102546692 0.04384464770555496 0.8031253218650818 55.299339294433594
0.8009534478187561 -0.0064553385600447655 -0.5986917614936829 -25.909225463867188 -0.021912584081292152 0.9989558458328247 -0.040086664259433746 -3.679839611053467 0.5983254909515381 0.045226436108350754 0.7999756932258606 56.159912109375
0.797444760799408 -0.007489265874028206 -0.6033454537391663 -26.56502914428711 -0.021904977038502693 0.9989045262336731 -0.04135122522711754 -3.739083766937256 0.6029942035675049 0.04619157686829567 0.7964070439338684 57.004791259765625
0.793353796005249 -0.010420155711472034 -0.6086715459823608 -27.227439880371094 -0.020787185057997704 0.9988067150115967 -0.04419347643852234 -3.7943623065948486 0.6084057092666626 0.047713637351989746 0.7921904921531677 57.86358642578125
0.7892390489578247 -0.011573168449103832 -0.6139770150184631 -27.882186889648438 -0.020030062645673752 0.9988051652908325 -0.044574711471796036 -3.8517632484436035 0.6137593388557434 0.047478098422288895 0.7880643606185913 58.69524383544922
0.7845211625099182 -0.012285629287362099 -0.6199802756309509 -28.5632381439209 -0.01858651638031006 0.9988886117935181 -0.04331345856189728 -3.9178576469421387 0.6198233962059021 0.04550359770655632 0.7834208607673645 59.549373626708984
0.779879093170166 -0.01167182344943285 -0.6258213520050049 -29.252538681030273 -0.019216811284422874 0.9989083409309387 -0.04257744550704956 -3.975820779800415 0.6256350874900818 0.04523155465722084 0.7788034677505493 60.385284423828125
0.7743845582008362 -0.013103850185871124 -0.632579505443573 -29.941146850585938 -0.01880212500691414 0.998867392539978 -0.04370846599340439 -4.036871910095215 0.6324357986450195 0.045741006731987 0.7732610106468201 61.23226547241211
0.7687302231788635 -0.015195629559457302 -0.639392614364624 -30.625837326049805 -0.01685759238898754 0.9988890886306763 -0.04400690644979477 -4.1079840660095215 0.6393510103225708 0.04460806027054787 0.7676199078559875 62.058876037597656
0.7631334662437439 -0.016236020252108574 -0.6460369229316711 -31.335601806640625 -0.016600746661424637 0.9988619685173035 -0.044712815433740616 -4.168105125427246 0.646027684211731 0.0448465459048748 0.7619953751564026 62.890350341796875
0.7574362754821777 -0.017726005986332893 -0.6526684165000916 -32.056949615478516 -0.016334377229213715 0.998803973197937 -0.04608320817351341 -4.2274394035339355 0.6527047157287598 0.04556602984666824 0.7562409043312073 63.722900390625
0.7511955499649048 -0.019480101764202118 -0.6597923040390015 -32.78416061401367 -0.01579788699746132 0.9987475275993347 -0.04747403785586357 -4.28659200668335 0.6598907113075256 0.04608560726046562 0.7499469518661499 64.55010986328125
0.7452176809310913 -0.020379291847348213 -0.6665095686912537 -33.54075622558594 -0.014971080236136913 0.9987695813179016 -0.047277532517910004 -4.358017921447754 0.666653037071228 0.04521043598651886 0.7439958453178406 65.37281799316406
0.7390069365501404 -0.02008834481239319 -0.6733981966972351 -34.294700622558594 -0.014371832832694054 0.998857855796814 -0.0455692857503891 -4.423599720001221 0.6735444068908691 0.04335399344563484 0.7378740906715393 66.19419860839844
0.7323342561721802 -0.0206619743257761 -0.6806319355964661 -35.062644958496094 -0.01344243809580803 0.9989060759544373 -0.04478739574551582 -4.481359481811523 0.680812656879425 0.04194869101047516 0.7312552332878113 67.01290893554688
0.7257022261619568 -0.02249014750123024 -0.6876412630081177 -35.821372985839844 -0.012188001535832882 0.9988884925842285 -0.045532479882240295 -4.545567512512207 0.687900960445404 0.041423995047807693 0.7246214151382446 67.81641387939453
0.7189919352531433 -0.024762548506259918 -0.6945770382881165 -36.60643005371094 -0.011162635870277882 0.9988247752189636 -0.047164369374513626 -4.60775089263916 0.694928765296936 0.04166411980986595 0.7178704738616943 68.63644409179688
0.7132667303085327 -0.024092476814985275 -0.7004784345626831 -37.41127395629883 -0.012601325288414955 0.9988067150115967 -0.047184646129608154 -4.668052673339844 0.7007794380187988 0.042482201009988785 0.7121119499206543 69.43150329589844
0.7076563835144043 -0.023526107892394066 -0.7061649560928345 -38.22315979003906 -0.01278764195740223 0.9988552927970886 -0.04609183594584465 -4.734292030334473 0.7064409852027893 0.04164736345410347 0.7065455317497253 70.2376708984375
0.7026217579841614 -0.023436397314071655 -0.7111775279045105 -39.033790588378906 -0.013304660096764565 0.9988499283790588 -0.04606105759739876 -4.795177936553955 0.7114391326904297 0.04182547703385353 0.7015019059181213 71.03131103515625
0.6978815793991089 -0.023564038798213005 -0.7158253192901611 -39.86453628540039 -0.014745911583304405 0.998773992061615 -0.047254614531993866 -4.85791540145874 0.7160612344741821 0.04353362321853638 0.6966785788536072 71.83242797851562
0.6924401521682739 -0.025864042341709137 -0.7210115790367126 -40.71238708496094 -0.014789506793022156 0.998638391494751 -0.050026483833789825 -4.930133819580078 0.7213237285614014 0.04530375078320503 0.6911147832870483 72.635986328125
0.6874558925628662 -0.028800567612051964 -0.7256548404693604 -41.554901123046875 -0.013338706456124783 0.9985439777374268 -0.05226783826947212 -4.99752950668335 0.7261036038398743 0.04561112821102142 0.6860708594322205 73.42486572265625
0.6823334693908691 -0.02910657785832882 -0.7304613590240479 -42.414764404296875 -0.014226206578314304 0.9984891414642334 -0.05307552218437195 -5.068697929382324 0.7309025526046753 0.04660690948367119 0.6808885335922241 74.22065734863281
0.6774750351905823 -0.028407568112015724 -0.734997034072876 -43.287864685058594 -0.014292365871369839 0.9985568523406982 -0.05176795646548271 -5.138462066650391 0.7354069352149963 0.04557633027434349 0.6760913133621216 75.01434326171875
0.6724860072135925 -0.028397107496857643 -0.739564836025238 -44.16741180419922 -0.013431076891720295 0.9986307621002197 -0.05055735260248184 -5.211005687713623 0.7399879693984985 0.04393225535750389 0.6711838245391846 75.80152893066406
0.6671004891395569 -0.029911018908023834 -0.7443671226501465 -45.05328369140625 -0.012798150070011616 0.9985860586166382 -0.0515960231423378 -5.278961658477783 0.7448577880859375 0.04394625499844551 0.6657743453979492 76.59602355957031
0.6623503565788269 -0.031212545931339264 -0.7485437989234924 -45.928863525390625 -0.011589974164962769 0.9985853433609009 -0.051894113421440125 -5.346883296966553 0.7491046786308289 0.04304768145084381 0.6610516309738159 77.36627197265625
0.6580749750137329 -0.03143319487571716 -0.7522960305213928 -46.840240478515625 -0.011286173015832901 0.9986041784286499 -0.05159733444452286 -5.4247050285339355 0.7528678178787231 0.042445454746484756 0.6568016409873962 78.14401245117188
0.6538698077201843 -0.03224150836467743 -0.7559198141098022 -47.738525390625 -0.009676232933998108 0.9986535310745239 -0.050964534282684326 -5.501557350158691 0.7565451264381409 0.040638625621795654 0.6526774168014526 78.92046356201172
0.6499439477920532 -0.03522791340947151 -0.7591652274131775 -48.6460075378418 -0.006910182535648346 0.9986098408699036 -0.052254993468523026 -5.577011585235596 0.7599506974220276 0.03920878469944 0.6487970352172852 79.6920394897461
0.6456589698791504 -0.0397302508354187 -0.7625916004180908 -49.556419372558594 -0.004344799555838108 0.9984382390975952 -0.055696211755275726 -5.647791862487793 0.7636134624481201 0.03927406296133995 0.6444780230522156 80.45480346679688
0.641042947769165 -0.04410535469651222 -0.7662367224693298 -50.47602081298828 -2.442765617161058e-05 0.9983462691307068 -0.05748625099658966 -5.719588279724121 0.7675050497055054 0.03686986863613129 0.639981746673584 81.22074890136719
0.6342020630836487 -0.04746599122881889 -0.7717089653015137 -51.40690612792969 0.0049344319850206375 0.9983418583869934 -0.05735045671463013 -5.800132751464844 0.7731515765190125 0.03256383538246155 0.6333848237991333 81.99623107910156
0.6260459423065186 -0.05135078355669975 -0.7780935764312744 -52.34095764160156 0.009567894972860813 0.9982600808143616 -0.05818258598446846 -5.88049840927124 0.7797274589538574 0.028980255126953125 0.6254479885101318 82.7427978515625
0.6171083450317383 -0.05215555429458618 -0.7851478457450867 -53.29566192626953 0.012090634554624557 0.9983116388320923 -0.05681256949901581 -5.962562084197998 0.7867853045463562 0.025566576048731804 0.6166970133781433 83.48123168945312
0.6083160638809204 -0.05048133060336113 -0.792087733745575 -54.26139831542969 0.01256561279296875 0.9984627366065979 -0.053983740508556366 -6.044600486755371 0.7935953736305237 0.022886106744408607 0.608015239238739 84.2203369140625
0.599721372127533 -0.05050783231854439 -0.7986131906509399 -55.24226760864258 0.012131479568779469 0.9984652400016785 -0.054037176072597504 -6.121528148651123 0.8001166582107544 0.022718895226716995 0.5994137525558472 84.940185546875
0.5902321338653564 -0.05199619382619858 -0.805557131767273 -56.24418640136719 0.011527330614626408 0.9983644485473633 -0.05599522590637207 -6.199605941772461 0.807151198387146 0.02376425638794899 0.5898662805557251 85.65460968017578
0.5802245140075684 -0.054097577929496765 -0.81265789270401 -57.25434875488281 0.011860116384923458 0.998246967792511 -0.057984087616205215 -6.283500671386719 0.8143700957298279 0.024005573242902756 0.5798490643501282 86.36920928955078
0.5705437660217285 -0.05594998598098755 -0.8193591237068176 -58.28498840332031 0.01229961309581995 0.9981468915939331 -0.059593938291072845 -6.36123514175415 0.8211750388145447 0.023923153057694435 0.5701746344566345 87.08145904541016
0.559485912322998 -0.05625841021537781 -0.8269282579421997 -59.313941955566406 0.01522619929164648 0.9982229471206665 -0.057610299438238144 -6.454631328582764 0.8287000060081482 0.01964118331670761 0.5593483448028564 87.80290222167969
0.5500139594078064 -0.05663668364286423 -0.8332328200340271 -60.34839630126953 0.016456814482808113 0.9982390999794006 -0.05698945000767708 -6.533303737640381 0.834993302822113 0.017632633447647095 0.5499774813652039 88.46227264404297
0.5399866700172424 -0.057561200112104416 -0.8397029042243958 -61.4100456237793 0.017000114545226097 0.9982011318206787 -0.05749392881989479 -6.614421367645264 0.841501772403717 0.016770904883742332 0.5399938225746155 89.13002014160156
0.5292360782623291 -0.05833927169442177 -0.8464665412902832 -62.479000091552734 0.016178127378225327 0.9981458783149719 -0.058678094297647476 -6.703413009643555 0.8483203649520874 0.017360320314764977 0.5291985273361206 89.79920959472656
0.5187480449676514 -0.059256479144096375 -0.8528711199760437 -63.54901123046875 0.015546534210443497 0.9980838894844055 -0.05988972634077072 -6.786310195922852 0.8547857999801636 0.01780848577618599 0.5186753273010254 90.46305847167969
0.5090265870094299 -0.06018572300672531 -0.8586440682411194 -64.63090515136719 0.014999762177467346 0.9980211853981018 -0.061062972992658615 -6.8775553703308105 0.8606202006340027 0.018203213810920715 0.5089219808578491 91.09524536132812
0.49924996495246887 -0.060012418776750565 -0.8643772602081299 -65.72740173339844 0.013528457842767239 0.998016893863678 -0.06147700548171997 -6.965240001678467 0.8663524985313416 0.018998699262738228 0.4990716278553009 91.72714233398438
0.4906383156776428 -0.058217260986566544 -0.8694164752960205 -66.85331726074219 0.013195732608437538 0.9981476068496704 -0.05939052626490593 -7.052799224853516 0.871263325214386 0.01766667701303959 0.4904977083206177 92.35311126708984
0.48256123065948486 -0.056822653859853745 -0.874017059803009 -67.96968078613281 0.013775109313428402 0.9982622861862183 -0.05729474127292633 -7.137975692749023 0.8757539391517639 0.015608537010848522 0.4825054407119751 92.96800231933594
0.47482118010520935 -0.0566386841237545 -0.8782578706741333 -69.07429504394531 0.01343240961432457 0.9982771873474121 -0.05711660534143448 -7.229384422302246 0.8799797296524048 0.015323050320148468 0.4747639298439026 93.56652069091797
0.466972291469574 -0.05985273793339729 -0.8822440505027771 -70.17992401123047 0.015510007739067078 0.9981076121330261 -0.05950362980365753 -7.3162150382995605 0.884135901927948 0.01410293485969305 0.46701687574386597 94.15460968017578
0.45991581678390503 -0.06313706934452057 -0.885715126991272 -71.31387329101562 0.01836075261235237 0.9979318380355835 -0.06160232052206993 -7.407610893249512 0.8877726793289185 0.012069480493664742 0.46012386679649353 94.74313354492188
0.45416370034217834 -0.06603341549634933 -0.8884676694869995 -72.44617462158203 0.01923132874071598 0.9977437257766724 -0.0643245130777359 -7.503071308135986 0.8907105922698975 0.01212744228541851 0.4544088840484619 95.31330108642578
0.44821497797966003 -0.06984052807092667 -0.8911932706832886 -73.5881118774414 0.02152169682085514 0.9974974393844604 -0.0673472136259079 -7.600419998168945 0.893666684627533 0.011006037704646587 0.448596328496933 95.89816284179688
0.4437727928161621 -0.0707532986998558 -0.8933419585227966 -74.72332763671875 0.024595553055405617 0.9974644184112549 -0.06678188592195511 -7.704328536987305 0.8958017230033875 0.0076637472957372665 0.44438785314559937 96.45497131347656
0.4394643008708954 -0.06824824959039688 -0.8956636190414429 -75.87049865722656 0.026251520961523056 0.9976593852043152 -0.0631396621465683 -7.802943229675293 0.8978763222694397 0.004235096275806427 0.44022732973098755 97.02137756347656
0.43546542525291443 -0.06670849025249481 -0.8977303504943848 -77.00546264648438 0.02992674894630909 0.9977720975875854 -0.05962570756673813 -7.902101516723633 0.8997077941894531 -0.0009012192022055387 0.4364916682243347 97.57611846923828
0.43217650055885315 -0.06588790565729141 -0.8993788361549377 -78.14897918701172 0.030724290758371353 0.9978240728378296 -0.05833606421947479 -7.992739200592041 0.9012655019760132 -0.002421305049210787 0.4332605004310608 98.12213897705078
0.42944279313087463 -0.0659726932644844 -0.9006811380386353 -79.27649688720703 0.03227948024868965 0.9978121519088745 -0.057696517556905746 -8.078704833984375 0.9025170207023621 -0.004296161234378815 0.4306327998638153 98.65570068359375
0.42730411887168884 -0.06488217413425446 -0.9017769694328308 -80.41837310791016 0.033790115267038345 0.9978708624839783 -0.05578473582863808 -8.173685073852539 0.9034762978553772 -0.006634095683693886 0.4285867512226105 99.1806869506836
0.4244277775287628 -0.06422493606805801 -0.9031810760498047 -81.55341339111328 0.03655976429581642 0.9978833794593811 -0.053778812289237976 -8.260318756103516 0.9047234058380127 -0.010194865986704826 0.4258774518966675 99.72235870361328
0.42213088274002075 -0.06535850465297699 -0.9041757583618164 -82.68328857421875 0.039010584354400635 0.9977834224700928 -0.053912147879600525 -8.343643188476562 0.9056951999664307 -0.012514444999396801 0.4237448275089264 100.253173828125
0.41957980394363403 -0.06556618213653564 -0.9053472876548767 -83.77532196044922 0.040548890829086304 0.9977460503578186 -0.05346555635333061 -8.424737930297852 0.9068124890327454 -0.014277759939432144 0.42129263281822205 100.77140808105469
0.4171028733253479 -0.06477490812540054 -0.9065480828285217 -84.8779067993164 0.04389302432537079 0.9977287650108337 -0.051094792783260345 -8.505319595336914 0.9077987670898438 -0.018479350954294205 0.41899874806404114 101.29240417480469
0.41507285833358765 -0.06435976922512054 -0.9075088500976562 -85.99232482910156 0.045920711010694504 0.997705340385437 -0.04975339025259018 -8.584300994873047 0.908628523349762 -0.021022172644734383 0.41707584261894226 101.79725646972656
0.4135313630104065 -0.0659310594201088 -0.9080996513366699 -87.09046936035156 0.04817718639969826 0.997562050819397 -0.05048735439777374 -8.66217041015625 0.9092143774032593 -0.022871585562825203 0.4156995415687561 102.29823303222656
0.4121781289577484 -0.0664522722363472 -0.9086767435073853 -88.15885925292969 0.049671705812215805 0.9974923133850098 -0.050416212528944016 -8.752761840820312 0.9097482562065125 -0.02435506135225296 0.41444531083106995 102.78323364257812
0.41144856810569763 -0.0670180395245552 -0.9089656472206116 -89.2443618774414 0.048873938620090485 0.9974803924560547 -0.05142117664217949 -8.837745666503906 0.9101216197013855 -0.02326756715774536 0.4136872887611389 103.27252197265625
0.4118909239768982 -0.06766863167285919 -0.908717155456543 -90.29683685302734 0.04770668223500252 0.9974727034568787 -0.052654068917036057 -8.915287971496582 0.9099834561347961 -0.021664153784513474 0.41407814621925354 103.7508544921875
0.414311945438385 -0.0673345997929573 -0.9076407551765442 -91.34138488769531 0.04539073258638382 0.9975472092628479 -0.053284864872694016 -8.997211456298828 0.9090022444725037 -0.019121918827295303 0.41635215282440186 104.22101593017578
0.41858360171318054 -0.06735087186098099 -0.9056774377822876 -92.37434387207031 0.0438230074942112 0.9975825548171997 -0.05393141508102417 -9.082977294921875 0.9071203470230103 -0.017114700749516487 0.4205232560634613 104.69330596923828
0.4235538840293884 -0.0680461898446083 -0.9033116102218628 -93.39897918701172 0.04245734587311745 0.9975701570510864 -0.05523882061243057 -9.15899658203125 0.9048754572868347 -0.014955596067011356 0.42541369795799255 105.16944885253906
0.42954373359680176 -0.06807588040828705 -0.9004764556884766 -94.40782165527344 0.042110152542591095 0.9975797533988953 -0.055329564958810806 -9.238609313964844 0.9020637273788452 -0.014152728021144867 0.4313708543777466 105.64176940917969
0.43611451983451843 -0.06727026402950287 -0.8973733186721802 -95.44210815429688 0.04186815395951271 0.9976388812065125 -0.05443902686238289 -9.320821762084961 0.8989166617393494 -0.013829709030687809 0.4379012882709503 106.14756774902344
0.44455528259277344 -0.066102035343647 -0.8933091759681702 -96.44574737548828 0.04059134051203728 0.9977355003356934 -0.05362899601459503 -9.393906593322754 0.8948312401771545 -0.012419557198882103 0.44623178243637085 106.63543701171875
0.45323026180267334 -0.06617525964975357 -0.8889337182044983 -97.42318725585938 0.04044625535607338 0.9977401494979858 -0.05365331098437309 -9.466389656066895 0.8904753923416138 -0.01163674145936966 0.45488253235816956 107.1366958618164
0.46319371461868286 -0.06514297425746918 -0.8838596940040588 -98.44026184082031 0.03904305398464203 0.9978265762329102 -0.05308184400200844 -9.54178237915039 0.8853966593742371 -0.009921405464410782 0.4647303819656372 107.64611053466797
0.4726586937904358 -0.06517072021961212 -0.8788325190544128 -99.4106674194336 0.0377754345536232 0.9978434443473816 -0.05367949232459068 -9.624314308166504 0.880435585975647 -0.007826198823750019 0.474101185798645 108.1711654663086
0.48320087790489197 -0.06711062788963318 -0.872933566570282 -100.37278747558594 0.0364353246986866 0.9977354407310486 -0.056537024676799774 -9.693852424621582 0.8747510313987732 -0.004486872814595699 0.4845517873764038 108.6926498413086
0.4952469766139984 -0.06796266883611679 -0.8660898208618164 -101.3329086303711 0.034667957574129105 0.9976872801780701 -0.05846541002392769 -9.769266128540039 0.8680601119995117 -0.0010707431938499212 0.4964577257633209 109.22607421875
0.5072483420372009 -0.06645601242780685 -0.8592338562011719 -102.28004455566406 0.03260793909430504 0.9977884292602539 -0.057922206819057465 -9.845663070678711 0.8611827492713928 0.0013630999019369483 0.5082934498786926 109.78187561035156
0.5201201438903809 -0.06385130435228348 -0.8517029881477356 -103.20364379882812 0.030689924955368042 0.9979548454284668 -0.05607384815812111 -9.921555519104004 0.8535414338111877 0.0030264423694461584 0.5210160613059998 110.33494567871094
0.5324328541755676 -0.06128235161304474 -0.8442510366439819 -104.116455078125 0.029819747433066368 0.9981147646903992 -0.05364496633410454 -10.00205135345459 0.8459468483924866 0.003386991797015071 0.533256471157074 110.90727233886719
0.5446351766586304 -0.06061624363064766 -0.8364795446395874 -105.02139282226562 0.029998237267136574 0.9981544613838196 -0.052800171077251434 -10.076080322265625 0.8381363153457642 0.0036639254540205 0.5454484820365906 111.4861068725586
