1.0 0.0 0.0 0.0 0.0 1.0 0.0 0.0 0.0 0.0 1.0 0.0
0.9999336004257202 -0.0025279303081333637 0.011241049505770206 0.015696482732892036 0.0025169732980430126 0.9999963641166687 0.000988761312328279 -0.0038528009317815304 -0.011243508197367191 -0.0009604022488929331 0.9999363422393799 0.2953576445579529
0.9998283386230469 -0.004551087971776724 0.017960723489522934 0.02583034709095955 0.004530424252152443 0.9999890327453613 0.0011910229222849011 -0.008756824769079685 -0.017965946346521378 -0.0011094487272202969 0.9998379945755005 0.5826547741889954
0.9997764825820923 -0.007442272733896971 0.019789794459939003 0.03807724639773369 0.007444375194609165 0.9999722838401794 -3.257126809330657e-05 -0.012574488297104836 -0.01978900469839573 0.00017988664330914617 0.9998041391372681 0.8868540525436401
0.9998151063919067 -0.008679181337356567 0.017158323898911476 0.05052910000085831 0.008710901252925396 0.9999604821205139 -0.0017747936071828008 -0.009933888912200928 -0.017142241820693016 0.001923929899930954 0.9998512268066406 1.2033283710479736
0.9998828172683716 -0.011515704914927483 0.010086122900247574 0.05638350918889046 0.011550952680408955 0.9999273419380188 -0.003443439258262515 -0.010299893096089363 -0.010045737028121948 0.0035595400258898735 0.999943196773529 1.520116925239563
0.9999120235443115 -0.01307760737836361 -0.0022212774492800236 0.059822723269462585 0.01306482870131731 0.9998985528945923 -0.0056730518117547035 -0.00889266561716795 0.0022952426224946976 0.005643532145768404 0.9999814629554749 1.8598859310150146
0.999744713306427 -0.012379351072013378 -0.018898997455835342 0.04153856262564659 0.01226590946316719 0.9999061226844788 -0.006106676533818245 -0.011096141301095486 0.018972817808389664 0.005873304326087236 0.9998027682304382 2.1982436180114746
0.9992232918739319 -0.007790641393512487 -0.03862712159752846 0.01402661669999361 0.007572215050458908 0.9999544620513916 -0.005797836929559708 -0.02066129818558693 0.03867053613066673 0.005500840023159981 0.9992369413375854 2.538239002227783
0.9982916116714478 -0.004342225845903158 -0.0582662969827652 -0.03172236680984497 0.00393105810508132 0.999966561794281 -0.007169471122324467 -0.022571418434381485 0.058295488357543945 0.006928174756467342 0.9982753396034241 2.892845392227173
0.9968956112861633 -0.004068402107805014 -0.07862784713506699 -0.07248315960168839 0.003475720761343837 0.9999645352363586 -0.007673188112676144 -0.025262851268053055 0.07865627855062485 0.007376079447567463 0.9968745112419128 3.2594497203826904
0.9949674010276794 -0.005506997462362051 -0.1000475287437439 -0.1166096180677414 0.0047883642837405205 0.9999610781669617 -0.007421635556966066 -0.025504576042294502 0.10008449852466583 0.006905221380293369 0.9949550628662109 3.631312370300293
0.9928086400032043 -0.007404010277241468 -0.11948291957378387 -0.17827944457530975 0.006707168184220791 0.9999580979347229 -0.0062332418747246265 -0.03662508726119995 0.11952406167984009 0.005387024488300085 0.992816686630249 4.013145923614502
0.99055016040802 -0.005945793353021145 -0.13702215254306793 -0.2554870843887329 0.0051467157900333405 0.999967634677887 -0.006185285281389952 -0.03578858822584152 0.1370544731616974 0.005421621259301901 0.9905487298965454 4.410548686981201
0.9881142377853394 -0.005007914267480373 -0.1536400318145752 -0.31951114535331726 0.004276498220860958 0.9999778866767883 -0.005090696737170219 -0.04803525656461716 0.15366213023662567 0.004373148549348116 0.9881138205528259 4.82256555557251
0.9860296249389648 -0.003895942587405443 -0.16652438044548035 -0.4104256331920624 0.003066886914893985 0.9999815821647644 -0.0052354419603943825 -0.05387528985738754 0.1665417104959488 0.004651590716093779 0.9860234260559082 5.238162994384766
0.983844518661499 -0.00568050891160965 -0.1789349913597107 -0.4937818944454193 0.004649416543543339 0.9999700784683228 -0.0061812205240130424 -0.05890296772122383 0.1789647340774536 0.005249416455626488 0.9838414788246155 5.668683052062988
0.9820024967193604 -0.009447041898965836 -0.18863151967525482 -0.5861196517944336 0.008004297502338886 0.9999326467514038 -0.008408802561461926 -0.06728630512952805 0.18869824707508087 0.0067476024851202965 0.9820119142532349 6.12387228012085
0.9804626703262329 -0.008423009887337685 -0.19652456045150757 -0.6847466230392456 0.006539647467434406 0.9999262690544128 -0.010230318643152714 -0.07602723687887192 0.19659623503684998 0.008745244704186916 0.9804455041885376 6.577872276306152
0.9789506196975708 -0.007940624840557575 -0.20394274592399597 -0.7909644246101379 0.005587455350905657 0.9999110102653503 -0.012111610732972622 -0.08059580624103546 0.20402073860168457 0.010717146098613739 0.9789078831672668 7.047208309173584
0.9771888256072998 -0.008814806118607521 -0.2121894210577011 -0.9002759456634521 0.005746650043874979 0.9998698830604553 -0.015071899630129337 -0.08940332382917404 0.21229466795921326 0.013508709147572517 0.9771122932434082 7.530412197113037
0.9754809737205505 -0.012574909254908562 -0.21972407400608063 -1.0188783407211304 0.009102710522711277 0.9998173117637634 -0.016807856038212776 -0.10022298991680145 0.21989528834819794 0.014395656995475292 0.9754172563552856 8.02624225616455
0.9734556078910828 -0.01916353404521942 -0.22807219624519348 -1.1264187097549438 0.015368959866464138 0.9997125267982483 -0.018402181565761566 -0.10950534790754318 0.22835926711559296 0.01440847385674715 0.9734702110290527 8.543743133544922
0.9713404178619385 -0.01977672427892685 -0.23686851561069489 -1.2429968118667603 0.015373662114143372 0.9996732473373413 -0.020421449095010757 -0.12949097156524658 0.2371949553489685 0.016194641590118408 0.9713270664215088 9.049128532409668
0.9691731333732605 -0.015858571976423264 -0.24586987495422363 -1.3913440704345703 0.009935099631547928 0.9996301531791687 -0.025313695892691612 -0.1357118934392929 0.24618038535118103 0.02209060825407505 0.9689722657203674 9.576722145080566
0.9670574069023132 -0.01268882304430008 -0.2542421519756317 -1.5534297227859497 0.005727128591388464 0.9995885491371155 -0.02810368500649929 -0.15544374287128448 0.2544941306114197 0.025721795856952667 0.9667322039604187 10.117524147033691
0.9646667242050171 -0.015273873694241047 -0.2630300223827362 -1.707983374595642 0.007562063168734312 0.9995120763778687 -0.030306613072752953 -0.17217639088630676 0.2633645832538605 0.027246728539466858 0.9643115401268005 10.692314147949219
0.9621879458427429 -0.018503233790397644 -0.2717570662498474 -1.8564640283584595 0.010152380913496017 0.9994329810142517 -0.03210309520363808 -0.1940845251083374 0.2721969485282898 0.02813022956252098 0.9618302583694458 11.250845909118652
0.9600061774253845 -0.0180809423327446 -0.2793941795825958 -2.034912347793579 0.008802803233265877 0.9993683695793152 -0.03442725911736488 -0.21777155995368958 0.2798402011394501 0.030590929090976715 0.9595590829849243 11.822854995727539
0.9577438235282898 -0.017032591626048088 -0.2871178090572357 -2.2264890670776367 0.006366297602653503 0.9992558360099792 -0.0380423329770565 -0.24515077471733093 0.2875520586967468 0.03460693359375 0.9571395516395569 12.41047477722168
0.9554111361503601 -0.017730938270688057 -0.2947461009025574 -2.4207897186279297 0.005178841296583414 0.999048113822937 -0.043312326073646545 -0.2741134464740753 0.29523351788520813 0.03985463082790375 0.9545934796333313 13.018217086791992
0.9533728361129761 -0.01991613395512104 -0.3011370897293091 -2.601408004760742 0.004801069851964712 0.9986947178840637 -0.05085035786032677 -0.3070196509361267 0.30175676941871643 0.04703357070684433 0.95222407579422 13.622391700744629
0.9519498944282532 -0.020657243207097054 -0.3055563271045685 -2.806554079055786 0.0026922498364001513 0.9982484579086304 -0.05909932404756546 -0.3425000011920929 0.3062419891357422 0.05543696507811546 0.9503381252288818 14.24343204498291
0.9506778120994568 -0.0205149557441473 -0.30950096249580383 -3.020631790161133 -0.00050942855887115 0.9977058172225952 -0.0676966980099678 -0.38549306988716125 0.310179740190506 0.06451541930437088 0.948486328125 14.858918190002441
0.9493090510368347 -0.020522193983197212 -0.31367358565330505 -3.240046501159668 -0.003718155436217785 0.9970636963844299 -0.07648591697216034 -0.43335235118865967 0.31432223320007324 0.07377506792545319 0.9464453458786011 15.49587345123291
0.9482324719429016 -0.019854549318552017 -0.31695565581321716 -3.4780209064483643 -0.007036162540316582 0.9964853525161743 -0.08347123116254807 -0.48773276805877686 0.31749898195266724 0.08138029277324677 0.9447600841522217 16.13707160949707
0.9463567137718201 -0.018194302916526794 -0.3226110339164734 -3.7078030109405518 -0.011569991707801819 0.9958651065826416 -0.09010358154773712 -0.5480285882949829 0.32291650772094727 0.08900273591279984 0.942233145236969 16.797311782836914
0.9447800517082214 -0.017030544579029083 -0.32726210355758667 -3.9517529010772705 -0.015415037982165813 0.9952335357666016 -0.09629343450069427 -0.6083769798278809 0.32734215259552 0.09602087736129761 0.9400143623352051 17.4617919921875
0.9431440234184265 -0.01507310289889574 -0.33204230666160583 -4.206644058227539 -0.019823318347334862 0.9946421980857849 -0.10145872831344604 -0.6868055462837219 0.33179253339767456 0.10227237641811371 0.9377921223640442 18.13607406616211
0.9413915872573853 -0.012807086110115051 -0.3370724022388458 -4.466653823852539 -0.02390941046178341 0.9942320585250854 -0.10455121845006943 -0.7598482966423035 0.3364671468734741 0.1064828559756279 0.9356555342674255 18.826248168945312
0.9395448565483093 -0.011403081938624382 -0.34223586320877075 -4.730483055114746 -0.026560474187135696 0.994007408618927 -0.10603654384613037 -0.8385634422302246 0.3413941264152527 0.10871604084968567 0.9336116909980774 19.528770446777344
0.9373478293418884 -0.011236649937927723 -0.34821370244026184 -5.004051685333252 -0.027181953191757202 0.9940744042396545 -0.10524862259626389 -0.9198605418205261 0.3473329246044159 0.10811969637870789 0.931488037109375 20.23161506652832
0.9349014759063721 -0.010968302376568317 -0.3547375798225403 -5.273312568664551 -0.027498465031385422 0.9942789673805237 -0.1032140702009201 -1.0109552145004272 0.3538402020931244 0.10624974220991135 0.9292513132095337 20.941869735717773
0.9323384165763855 -0.011612221598625183 -0.361400306224823 -5.562246322631836 -0.0269195307046175 0.9944814443588257 -0.1014007106423378 -1.0934866666793823 0.3605833649635315 0.10426851361989975 0.9268805980682373 21.663354873657227
0.9290845990180969 -0.010273362509906292 -0.3697245419025421 -5.850691795349121 -0.028173772618174553 0.9947442412376404 -0.09843866527080536 -1.1735005378723145 0.3687925934791565 0.10187438130378723 0.9239121079444885 22.373170852661133
0.9257234930992126 -0.008393654599785805 -0.37810760736465454 -6.160964488983154 -0.02871827594935894 0.995307207107544 -0.09240609407424927 -1.2553956508636475 0.3771088421344757 0.09640108793973923 0.9211382269859314 23.109840393066406
0.9222022294998169 -0.005204781889915466 -0.38667282462120056 -6.492605686187744 -0.031083375215530396 0.9956763386726379 -0.08753509819507599 -1.3355112075805664 0.38545656204223633 0.09274416416883469 0.9180532097816467 23.862817764282227
0.9185577034950256 -0.0014108989853411913 -0.3952844738960266 -6.825327396392822 -0.03442676365375519 0.995908260345459 -0.08355522155761719 -1.4134461879730225 0.3937850296497345 0.0903586596250534 0.9147505760192871 24.614049911499023
0.9146917462348938 7.6060947321821e-05 -0.40415212512016296 -7.175120830535889 -0.03651448339223862 0.9959256649017334 -0.08245346695184708 -1.4816550016403198 0.4024992287158966 0.09017691761255264 0.9109678268432617 25.36597442626953
0.9106351137161255 -0.00043998961336910725 -0.4132111966609955 -7.520862579345703 -0.036376953125 0.9960314631462097 -0.08122812211513519 -1.5578593015670776 0.41160717606544495 0.08900053799152374 0.9070051908493042 26.10352325439453
0.9068057537078857 -0.00028012850088998675 -0.4215485751628876 -7.886782169342041 -0.036859605461359024 0.9961170554161072 -0.07995173335075378 -1.626887321472168 0.41993415355682373 0.08803881704807281 0.9032743573188782 26.872304916381836
0.9025651812553406 6.083325934014283e-05 -0.43055322766304016 -8.270999908447266 -0.03738823160529137 0.9962335228919983 -0.07823586463928223 -1.696466088294983 0.42892682552337646 0.08671059459447861 0.8991679549217224 27.665990829467773
0.8988320231437683 -0.0006682795356027782 -0.4382927417755127 -8.642110824584961 -0.036190107464790344 0.9964709281921387 -0.07573647797107697 -1.7767894268035889 0.43679654598236084 0.08393622189760208 0.895635724067688 28.40106201171875
0.8950846791267395 -0.0004816011351067573 -0.4458959102630615 -9.044889450073242 -0.0351504385471344 0.9968112111091614 -0.07163708657026291 -1.8467460870742798 0.44450849294662476 0.07979470491409302 0.8922135233879089 29.193431854248047
0.8911058902740479 0.001961921341717243 -0.45379117131233215 -9.453527450561523 -0.035886500030756 0.9971635341644287 -0.06615888327360153 -1.9098337888717651 0.4523742198944092 0.07523954659700394 0.8886487483978271 29.976133346557617
0.8873989582061768 0.0019682985730469227 -0.4609981179237366 -9.88357162475586 -0.034346383064985275 0.9974938631057739 -0.061856165528297424 -1.9761210680007935 0.45972108840942383 0.07072470337152481 0.8852427005767822 30.77910614013672
0.8837283849716187 0.0011277764569967985 -0.467998743057251 -10.31981086730957 -0.03308039903640747 0.9976463317871094 -0.06006205454468727 -2.0378334522247314 0.4668295383453369 0.06856013089418411 0.881685733795166 31.581600189208984
0.8801443576812744 0.000875885714776814 -0.474705308675766 -10.747072219848633 -0.03296105936169624 0.9976975321769714 -0.059271764010190964 -2.0981838703155518 0.4735604226589203 0.06781449913978577 0.878146767616272 32.39456558227539
0.8771897554397583 0.001505882479250431 -0.4801414906978607 -11.212774276733398 -0.03304925188422203 0.997812807559967 -0.0572495236992836 -2.1596484184265137 0.4790051281452179 0.0660870149731636 0.8753208518028259 33.21731948852539
0.8738372921943665 -0.0006737433723174036 -0.4862179756164551 -11.664294242858887 -0.030395951122045517 0.9979673027992249 -0.056010857224464417 -2.212503671646118 0.48526740074157715 0.06372343003749847 0.8720406293869019 34.045555114746094
0.8713091611862183 -0.0014212881214916706 -0.4907323718070984 -12.1737642288208 -0.029827415943145752 0.997993528842926 -0.05584987252950668 -2.277214288711548 0.48982706665992737 0.06329979002475739 0.8695185780525208 34.896034240722656
0.8689457774162292 -0.0031998774502426386 -0.49489694833755493 -12.632308006286621 -0.028504276648163795 0.9979955554008484 -0.056500911712646484 -2.332813262939453 0.49408575892448425 0.06320290267467499 0.8671128153800964 35.734283447265625
0.8675480484962463 -0.002777047222480178 -0.49734562635421753 -13.134907722473145 -0.029281461611390114 0.9979645609855652 -0.056649670004844666 -2.3953161239624023 0.4964907169342041 0.0637093111872673 0.8657009601593018 36.59600067138672
0.8671335577964783 -0.0024199180770665407 -0.4980698525905609 -13.636176109313965 -0.029379289597272873 0.9979985356330872 -0.055997855961322784 -2.456678628921509 0.49720850586891174 0.06319056451320648 0.8653268814086914 37.446292877197266
0.8669437170028687 -0.0022561342921108007 -0.49840083718299866 -14.149124145507812 -0.02870110608637333 0.9981043338775635 -0.054442331194877625 -2.517897367477417 0.49757885932922363 0.061503101140260696 0.8652355670928955 38.32574462890625
0.8667916655540466 -0.00316890818066895 -0.4986603558063507 -14.667441368103027 -0.027319887652993202 0.9981762170791626 -0.0538317896425724 -2.5837173461914062 0.49792149662971497 0.060284294188022614 0.8651242852210999 39.19655990600586
0.8660423755645752 -0.005343192722648382 -0.49994200468063354 -15.189619064331055 -0.02525390312075615 0.998198926448822 -0.05441535264253616 -2.6489601135253906 0.49933233857154846 0.059751491993665695 0.8643478155136108 40.10206985473633
0.8650025725364685 -0.007843726314604282 -0.501706063747406 -15.726877212524414 -0.02272382564842701 0.9982395768165588 -0.05478523671627045 -2.713615655899048 0.5012527108192444 0.058790046721696854 0.8633015155792236 41.01101303100586
0.8633814454078674 -0.00826909951865673 -0.5044838786125183 -16.274097442626953 -0.021529167890548706 0.9983513355255127 -0.053209539502859116 -2.772897243499756 0.5040921568870544 0.05680124834179878 0.861780047416687 41.947628021240234
0.861230731010437 -0.007379543036222458 -0.5081604719161987 -16.816579818725586 -0.020469719544053078 0.9985795021057129 -0.04919353127479553 -2.8368449211120605 0.5078016519546509 0.05276889353990555 0.8598563075065613 42.857627868652344
0.8585816025733948 -0.007118684705346823 -0.5126274824142456 -17.369213104248047 -0.018650837242603302 0.9988080263137817 -0.04510773345828056 -2.8999133110046387 0.5123375654220581 0.048289600759744644 0.8574255108833313 43.76792526245117
0.8543816208839417 -0.00744217773899436 -0.5195930004119873 -17.938594818115234 -0.017431190237402916 0.9989242553710938 -0.042970284819602966 -2.9694507122039795 0.5193539261817932 0.04577013850212097 0.8533326387405396 44.68940734863281
0.8490799069404602 -0.010939788073301315 -0.5281512141227722 -18.50387954711914 -0.01542133279144764 0.998846173286438 -0.045481499284505844 -3.026873826980591 0.5280393362045288 0.046762216836214066 0.847931444644928 45.59696960449219
0.8429402112960815 -0.014675762504339218 -0.537807047367096 -19.07636833190918 -0.013729836791753769 0.9987155199050903 -0.04877277836203575 -3.086603879928589 0.5378320217132568 0.048496536910533905 0.841655969619751 46.49672317504883
0.8369359970092773 -0.014406777918338776 -0.5471110939979553 -19.664854049682617 -0.013910086825489998 0.9987707138061523 -0.0475788488984108 -3.151855707168579 0.5471239686012268 0.047430817037820816 0.8357067108154297 47.377525329589844
0.8309576511383057 -0.011122183874249458 -0.5562244653701782 -20.2716064453125 -0.015153304673731327 0.9989768266677856 -0.04261330887675285 -3.213665008544922 0.5561292171478271 0.043838486075401306 0.8299388289451599 48.273963928222656
0.8258418440818787 -0.00636606989428401 -0.5638658404350281 -20.883602142333984 -0.01842307671904564 0.9990978837013245 -0.03826243057847023 -3.272298574447632 0.5636007189750671 0.0419868566095829 0.8249796032905579 49.151973724365234
0.8217725157737732 -0.00612084474414587 -0.5697827339172363 -21.497074127197266 -0.020011525601148605 0.9990154504776001 -0.039593592286109924 -3.3262171745300293 0.5694640874862671 0.04393914341926575 0.8208410143852234 50.01372528076172
0.818157970905304 -0.009122536517679691 -0.5749212503433228 -22.121706008911133 -0.01963856630027294 0.9988474249839783 -0.04379638284444809 -3.387411117553711 0.5746580958366394 0.04712298512458801 0.8170358538627625 50.907257080078125
0.8151484131813049 -0.01149192824959755 -0.5791382789611816 -22.751712799072266 -0.02224656008183956 0.9984444379806519 -0.051124755293130875 -3.443678140640259 0.5788249373435974 0.05455809459090233 0.8136246800422668 51.77629089355469
0.8118994235992432 -0.012429787777364254 -0.5836650729179382 -23.388124465942383 -0.022472050040960312 0.9983669519424438 -0.052520763128995895 -3.5075955390930176 0.5833646059036255 0.05575772747397423 0.8102942109107971 52.65731430053711
0.8085971474647522 -0.010775203816592693 -0.588263988494873 -24.02821159362793 -0.021843845024704933 0.998593270778656 -0.048316601663827896 -3.574638605117798 0.587956964969635 0.05191861838102341 0.8072242736816406 53.51502990722656
0.8053601980209351 -0.0083962082862854 -0.5927263498306274 -24.66094207763672 -0.021781180053949356 0.9988053441047668 -0.04374340549111366 -3.629237413406372 0.592385470867157 0.04813947528600693 0.804215133190155 54.360633850097656
0.8026917576789856 -0.006036925129592419 -0.5963635444641113 -25.3149356842041 -0.02236856333911419 0.9989405870437622 -0.0402197428047657 -3.692258596420288 0.5959745049476624 0.04562385752797127 0.8017062544822693 55.219017028808594
0.7996563911437988 -0.005571415182203054 -0.6004319787025452 -25.971342086791992 -0.02385341189801693 0.9988729357719421 -0.04103657603263855 -3.741316556930542 0.5999838709831238 0.04713751748204231 0.7986222505569458 56.07828140258789
0.7960188388824463 -0.006765110418200493 -0.6052340865135193 -26.633012771606445 -0.023737460374832153 0.9988193511962891 -0.042384568601846695 -3.8001980781555176 0.6048062443733215 0.0481056347489357 0.794918417930603 56.930274963378906
0.7917976379394531 -0.00980097521096468 -0.6107050180435181 -27.296783447265625 -0.02273455262184143 0.9987055063247681 -0.0455038845539093 -3.852736234664917 0.6103603839874268 0.04991397261619568 0.7905496954917908 57.794456481933594
0.7878479957580566 -0.010691815987229347 -0.6157770156860352 -27.953590393066406 -0.022252414375543594 0.9987022876739502 -0.04581116512417793 -3.912581205368042 0.6154676675796509 0.049794752150774 0.786587655544281 58.613651275634766
0.7831667065620422 -0.011197305284440517 -0.6217109560966492 -28.630367279052734 -0.020900478586554527 0.9987988471984863 -0.04431706666946411 -3.981518268585205 0.6214604377746582 0.047701720148324966 0.7819920182228088 59.45751953125
0.7784386873245239 -0.010765948332846165 -0.6276282668113708 -29.31833839416504 -0.02120884135365486 0.9988309741020203 -0.04343836009502411 -4.040987968444824 0.6273621320724487 0.047125376760959625 0.7773004174232483 60.2917366027832
0.7730540037155151 -0.011980363167822361 -0.6342270970344543 -30.0164794921875 -0.02118256501853466 0.9987764358520508 -0.04468584433197975 -4.101595401763916 0.6339864730834961 0.04797913134098053 0.7718544006347656 61.14119338989258
0.7673085927963257 -0.014097732491791248 -0.6411230564117432 -30.709747314453125 -0.019161883741617203 0.9988078474998474 -0.044896237552165985 -4.175943851470947 0.6409916877746582 0.046734388917684555 0.7661237120628357 61.972110748291016
0.7616687417030334 -0.015264096669852734 -0.6477868556976318 -31.420124053955078 -0.01878444291651249 0.998782217502594 -0.045621540397405624 -4.235431671142578 0.6476942300796509 0.04691682010889053 0.7604544162750244 62.80195999145508
0.7559913992881775 -0.0167706236243248 -0.6543666124343872 -32.14286804199219 -0.018343999981880188 0.9987363219261169 -0.046789273619651794 -4.3000712394714355 0.6543244123458862 0.047375988215208054 0.754728376865387 63.629356384277344
0.7499841451644897 -0.0184241384267807 -0.6611992716789246 -32.87314987182617 -0.018065782263875008 0.9986686110496521 -0.0483192577958107 -4.357456207275391 0.6612091660499573 0.048183757811784744 0.7486526370048523 64.44987487792969
0.7437342405319214 -0.019552268087863922 -0.668189525604248 -33.63325119018555 -0.016988225281238556 0.998696506023407 -0.04813231900334358 -4.426987171173096 0.6682595610618591 0.04714900255203247 0.7424326539039612 65.27922058105469
0.737337052822113 -0.01930123195052147 -0.6752493381500244 -34.39144515991211 -0.01620413362979889 0.9987987875938416 -0.04624359309673309 -4.4944281578063965 0.6753306984901428 0.045038945972919464 0.7361385226249695 66.10499572753906
0.7308429479598999 -0.019749417901039124 -0.6822599768638611 -35.15947723388672 -0.01563766412436962 0.9988344311714172 -0.045664526522159576 -4.552666187286377 0.6823664903640747 0.04404255002737045 0.7296821475028992 66.91664123535156
0.7243128418922424 -0.0214547086507082 -0.6891376376152039 -35.918365478515625 -0.014641000889241695 0.9988117814064026 -0.04648400470614433 -4.616925239562988 0.6893160939216614 0.043758634477853775 0.7231379747390747 67.71244049072266
0.7174021601676941 -0.024130217730998993 -0.6962412595748901 -36.7059211730957 -0.013165171258151531 0.9987518787384033 -0.048179883509874344 -4.677380084991455 0.6965348720550537 0.0437304861843586 0.7161890864372253 68.53862762451172
0.7116873264312744 -0.02327674999833107 -0.7021106481552124 -37.51170349121094 -0.014529114589095116 0.9987493753433228 -0.04783836752176285 -4.74319314956665 0.70234614610672 0.04424700513482094 0.7104591131210327 69.33070373535156
0.7056890726089478 -0.02321845479309559 -0.7081411480903625 -38.326358795166016 -0.014315060339868069 0.9987915754318237 -0.04701376333832741 -4.80507755279541 0.7083770632743835 0.04331418126821518 0.7045039534568787 70.14868927001953
0.7005956768989563 -0.02316536195576191 -0.7131824493408203 -39.14051055908203 -0.014901997521519661 0.998779833316803 -0.04708104953169823 -4.864737033843994 0.7134029269218445 0.04361261427402496 0.6993956565856934 70.94527435302734
0.6956170201301575 -0.023519696667790413 -0.7180277109146118 -39.973384857177734 -0.016205422580242157 0.9986959099769592 -0.04841288551688194 -4.925971031188965 0.7182300686836243 0.04531276971101761 0.6943287253379822 71.74407196044922
0.6904316544532776 -0.025650251656770706 -0.7229426503181458 -40.81709289550781 -0.0160627793520689 0.9985811710357666 -0.05077042430639267 -5.003466606140137 0.7232191562652588 0.0466659814119339 0.6890400648117065 72.53448486328125
0.6854555606842041 -0.02865004539489746 -0.7275506258010864 -41.66114807128906 -0.01470287423580885 0.9984771013259888 -0.053170982748270035 -5.070672988891602 0.7279660701751709 0.04714342579245567 0.6839903593063354 73.31831359863281
0.6802533268928528 -0.028675613924860954 -0.7324159145355225 -42.53044128417969 -0.015950027853250504 0.9984186291694641 -0.05390425771474838 -5.1455607414245605 0.7328034043312073 0.04835059493780136 0.6787202954292297 74.12329864501953
0.6753238439559937 -0.02835254557430744 -0.7369760870933533 -43.39383316040039 -0.01536285039037466 0.9985031485557556 -0.05249153450131416 -5.217058181762695 0.7373611927032471 0.0467708446085453 0.673877477645874 74.90692901611328
0.6701109409332275 -0.028469959273934364 -0.7417147159576416 -44.27886199951172 -0.014534219168126583 0.9985693097114563 -0.05146016925573349 -5.2921528816223145 0.7421186566352844 0.045264262706041336 0.6687383651733398 75.69868469238281
0.6649007797241211 -0.02981160208582878 -0.7463364601135254 -45.158443450927734 -0.013901702128350735 0.998536229133606 -0.052270278334617615 -5.3606276512146 0.7468022704124451 0.04512989893555641 0.6635130643844604 76.48103332519531
0.6601523756980896 -0.030486291274428368 -0.7505127787590027 -46.06352615356445 -0.01323650311678648 0.998548686504364 -0.05220450833439827 -5.43519926071167 0.7510152459144592 0.04439708963036537 0.6587905883789062 77.26372528076172
0.6555910706520081 -0.03161206468939781 -0.7544540762901306 -46.953857421875 -0.011720959097146988 0.9985769391059875 -0.05202600359916687 -5.504969596862793 0.7550252079963684 0.04295070469379425 0.654287576675415 78.04305267333984
0.651734471321106 -0.032112110406160355 -0.7577669620513916 -47.87894821166992 -0.011078234761953354 0.9985936284065247 -0.051845770329236984 -5.581237316131592 0.7583661675453186 0.04218440502882004 0.6504622101783752 78.8190689086914
0.6479682922363281 -0.034771889448165894 -0.7608731389045715 -48.78511428833008 -0.008904182352125645 0.9985433220863342 -0.05321631208062172 -5.651946067810059 0.7616151571273804 0.04125744104385376 0.6467148065567017 79.58489990234375
0.6436885595321655 -0.03907657787203789 -0.7642892003059387 -49.71119689941406 -0.006171029061079025 0.9983980059623718 -0.05624336376786232 -5.731563568115234 0.7652626633644104 0.04091966524720192 0.6424161791801453 80.35665130615234
0.6389719843864441 -0.04360866919159889 -0.7679929137229919 -50.629356384277344 -0.0015872985823079944 0.9983148574829102 -0.05800760164856911 -5.803149700164795 0.7692283987998962 0.038284264504909515 0.6378260254859924 81.12397766113281
0.6323196291923523 -0.046822912991046906 -0.7732913494110107 -51.55925369262695 0.002755309920758009 0.9983013868331909 -0.05819429084658623 -5.8824639320373535 0.7747027277946472 0.034666743129491806 0.6313745975494385 81.88479614257812
0.6237916946411133 -0.05087826028466225 -0.7799328565597534 -52.496368408203125 0.007523276377469301 0.9982235431671143 -0.05910113826394081 -5.960544109344482 0.7815544605255127 0.03099915012717247 0.6230663657188416 82.63636779785156
0.6147037148475647 -0.0513700470328331 -0.787083625793457 -53.45785903930664 0.010253394953906536 0.9983130693435669 -0.05714842677116394 -6.047792911529541 0.7886914610862732 0.027059070765972137 0.6141934990882874 83.3868179321289
0.605509877204895 -0.04966781660914421 -0.7942864298820496 -54.43254852294922 0.010569612495601177 0.9984645247459412 -0.05437779799103737 -6.129644393920898 0.7957675457000732 0.02453099563717842 0.6051051020622253 84.13289642333984
0.5967814922332764 -0.049348510801792145 -0.8008849620819092 -55.41742706298828 0.009966930374503136 0.9984859228134155 -0.05409729853272438 -6.2139081954956055 0.8023419380187988 0.02430190145969391 0.596369743347168 84.85047149658203
0.5877092480659485 -0.051260124891996384 -0.8074467778205872 -56.4094123840332 0.009352917782962322 0.9983547329902649 -0.056572139263153076 -6.281537055969238 0.8090183138847351 0.025695983320474625 0.5872216820716858 85.55081939697266
0.5777777433395386 -0.053577639162540436 -0.814433753490448 -57.41830825805664 0.009550976566970348 0.9982187151908875 -0.058892276138067245 -6.359806537628174 0.8161383867263794 0.026248004287481308 0.5772602558135986 86.26527404785156
0.5680937170982361 -0.055572185665369034 -0.8210854530334473 -58.450439453125 0.010053165256977081 0.9981116652488708 -0.06059796363115311 -6.4386749267578125 0.8229025602340698 0.02617081068456173 0.5675796270370483 86.9601058959961
0.5574641823768616 -0.05560256540775299 -0.8283370137214661 -59.46439743041992 0.013168812729418278 0.9982213973999023 -0.058143652975559235 -6.537590503692627 0.8300965428352356 0.021504787728190422 0.5572049617767334 87.65283203125
0.5477818846702576 -0.055588241666555405 -0.8347724080085754 -60.514652252197266 0.013980058953166008 0.9982591271400452 -0.05730117857456207 -6.620041847229004 0.8365043997764587 0.01971837691962719 0.5476053357124329 88.32954406738281
0.5366801619529724 -0.056388989090919495 -0.8418993949890137 -61.56272506713867 0.014455324038863182 0.9982324838638306 -0.05764516070485115 -6.706334114074707 0.8436618447303772 0.018767088651657104 0.5365467667579651 89.01464080810547
0.5263579487800598 -0.05718739703297615 -0.8483376502990723 -62.604148864746094 0.013675729744136333 0.998175859451294 -0.05880294367671013 -6.790789604187012 0.8501530289649963 0.01934976316988468 0.52618008852005 89.65339660644531
0.5163323283195496 -0.05766419321298599 -0.854444682598114 -63.67844772338867 0.01205250434577465 0.9981209635734558 -0.060077305883169174 -6.874233245849609 0.8563035130500793 0.020721660926938057 0.5160571932792664 90.29734802246094
0.5064985156059265 -0.058695536106824875 -0.8602405786514282 -64.75809478759766 0.01103616040199995 0.9980398416519165 -0.06159983202815056 -6.964299201965332 0.8621701598167419 0.02170647867023945 0.5061535835266113 90.92420959472656
0.4967930018901825 -0.058242447674274445 -0.8659124374389648 -65.85368347167969 0.01028462778776884 0.9980706572532654 -0.06123106926679611 -7.060794353485107 0.8678080439567566 0.02151358127593994 0.4964335262775421 91.55274963378906
0.4880332946777344 -0.056236594915390015 -0.8710113763809204 -66.97278594970703 0.009691006503999233 0.9982098340988159 -0.059019189327955246 -7.14946174621582 0.8727712631225586 0.020362352952361107 0.4877045750617981 92.17266845703125
0.47946733236312866 -0.054967258125543594 -0.8758364915847778 -68.08332824707031 0.010544054210186005 0.9983252286911011 -0.05688238516449928 -7.232621669769287 0.8774963021278381 0.018038379028439522 0.4792439043521881 92.794677734375
0.47220587730407715 -0.05498269572854042 -0.879771888256073 -69.17221069335938 0.010415148921310902 0.9983311295509338 -0.05680204555392265 -7.321908950805664 0.8814267516136169 0.017659302800893784 0.4719904661178589 93.36076354980469
0.46431758999824524 -0.05848425626754761 -0.8837356567382812 -70.30510711669922 0.012527978047728539 0.9981511831283569 -0.059473853558301926 -7.404901027679443 0.8855801224708557 0.01654333434998989 0.46419185400009155 93.95940399169922
0.4575512111186981 -0.06154266372323036 -0.887050986289978 -71.4361801147461 0.015342999249696732 0.9979998469352722 -0.06132608279585838 -7.497622489929199 0.8890509009361267 0.014449798502027988 0.4575802981853485 94.53132629394531
0.4510832130908966 -0.06470497697591782 -0.890133261680603 -72.55350494384766 0.016596242785453796 0.9978041052818298 -0.06412141025066376 -7.5887627601623535 0.892327606678009 0.014151223003864288 0.4511665403842926 95.11370086669922
0.4454725384712219 -0.0680999606847763 -0.8927018642425537 -73.6971435546875 0.01883804053068161 0.9975951313972473 -0.06670128554105759 -7.690915107727051 0.8950974345207214 0.012896840460598469 0.44568413496017456 95.68348693847656
0.4406573176383972 -0.06917040795087814 -0.8950064778327942 -74.83751678466797 0.022002574056386948 0.9975595474243164 -0.06626323610544205 -7.794023513793945 0.8974056839942932 0.00950692780315876 0.44110384583473206 96.24402618408203
0.43660876154899597 -0.06643303483724594 -0.8971953392028809 -75.98714447021484 0.02340598776936531 0.9977710843086243 -0.06248997896909714 -7.892287731170654 0.8993468880653381 0.006283928640186787 0.4371905028820038 96.80252838134766
0.43244636058807373 -0.06479036808013916 -0.8993288278579712 -77.12420654296875 0.027031267061829567 0.997898280620575 -0.05889349803328514 -7.992048263549805 0.9012543559074402 0.0011582784354686737 0.4332888126373291 97.35679626464844
0.4293978810310364 -0.06405462324619293 -0.9008409380912781 -78.26262664794922 0.027478158473968506 0.9979463815689087 -0.057861510664224625 -8.07844066619873 0.9026972055435181 9.216546459356323e-05 0.43027621507644653 97.88982391357422
0.4265096187591553 -0.06403196603059769 -0.9022135734558105 -79.38943481445312 0.02934141643345356 0.9979454874992371 -0.056955486536026 -8.1671142578125 0.9040068984031677 -0.0021801621187478304 0.42751213908195496 98.42224884033203
0.4243048429489136 -0.06251513957977295 -0.9033588171005249 -80.51333618164062 0.030301032587885857 0.9980355501174927 -0.054834745824337006 -8.26494026184082 0.905012309551239 -0.00410605501383543 0.4253655970096588 98.94376373291016
0.42187198996543884 -0.06233767792582512 -0.9045097827911377 -81.6646499633789 0.032938241958618164 0.9980287551879883 -0.05342017114162445 -8.343147277832031 0.9060568809509277 -0.007256481796503067 0.4230937063694 99.4692611694336
0.41930344700813293 -0.0638648048043251 -0.9055969715118408 -82.80436706542969 0.035645004361867905 0.9979116320610046 -0.05387093126773834 -8.420991897583008 0.907146155834198 -0.009691739454865456 0.4207042157649994 100.00117492675781
0.41666528582572937 -0.06387712061405182 -0.9068129658699036 -83.90258026123047 0.03744526207447052 0.9978875517845154 -0.05308707058429718 -8.505005836486816 0.9082884192466736 -0.011836308985948563 0.4181770086288452 100.51919555664062
0.4143378436565399 -0.0630817860364914 -0.9079343676567078 -85.00743103027344 0.040845777839422226 0.9978786706924438 -0.050690919160842896 -8.58492374420166 0.9092060923576355 -0.016082119196653366 0.41603556275367737 101.03482055664062
0.4124397039413452 -0.06239412724971771 -0.9088456630706787 -86.11407470703125 0.04255593568086624 0.9978821873664856 -0.049194518476724625 -8.666422843933105 0.9099903702735901 -0.01838700659573078 0.41422155499458313 101.52806854248047
0.41091859340667725 -0.06376906484365463 -0.9094390273094177 -87.21115112304688 0.04486279934644699 0.9977564811706543 -0.04969111457467079 -8.74605941772461 0.9105675220489502 -0.020380983129143715 0.4128575921058655 102.02323913574219
0.4092426598072052 -0.06459905952215195 -0.9101360440254211 -88.27731323242188 0.04652278125286102 0.9976704716682434 -0.04989306628704071 -8.833086013793945 0.9112387895584106 -0.021923692896962166 0.4112946391105652 102.51082611083984
0.4087027311325073 -0.06568525731563568 -0.9103007912635803 -89.34147644042969 0.046089813113212585 0.99761962890625 -0.051292795687913895 -8.911742210388184 0.9115030765533447 -0.020992087200284004 0.41075724363327026 102.9857177734375
0.4090142846107483 -0.06636111438274384 -0.9101117849349976 -90.39299011230469 0.045433804392814636 0.997596263885498 -0.05232162028551102 -8.992774963378906 0.9113962650299072 -0.01994955725967884 0.4110461473464966 103.46719360351562
0.4115649163722992 -0.06599975377321243 -0.9089874625205994 -91.44202423095703 0.04348284378647804 0.9976605176925659 -0.05275028944015503 -9.077433586120605 0.9103425741195679 -0.01781519502401352 0.41347193717956543 103.92720794677734
0.4159682095050812 -0.06615006178617477 -0.9069699048995972 -92.4800033569336 0.04114247485995293 0.9976984262466431 -0.05389798432588577 -9.15616512298584 0.9084479808807373 -0.014895141124725342 0.4177324175834656 104.39913177490234
0.4210224151611328 -0.06636681407690048 -0.904619038105011 -93.51762390136719 0.03979528322815895 0.9977108240127563 -0.054675158113241196 -9.241117477416992 0.9061768651008606 -0.012980100698769093 0.4226997494697571 104.871337890625
0.42678600549697876 -0.06669699400663376 -0.9018898010253906 -94.53923034667969 0.0399075523018837 0.997694194316864 -0.05489718168973923 -9.319028854370117 0.9034717082977295 -0.012562857009470463 0.4284636080265045 105.35448455810547
0.433269739151001 -0.06577832996845245 -0.8988606929779053 -95.54474639892578 0.038858067244291306 0.9977690577507019 -0.05428600683808327 -9.393562316894531 0.9004262089729309 -0.011407501995563507 0.43485915660858154 105.84471130371094
0.4421203136444092 -0.06412303447723389 -0.8946607708930969 -96.5609130859375 0.037337616086006165 0.997892439365387 -0.05307058244943619 -9.470881462097168 0.8961783051490784 -0.009940918534994125 0.4435827434062958 106.3240966796875
0.45089906454086304 -0.06353780627250671 -0.8903105854988098 -97.5332260131836 0.03713717684149742 0.997934877872467 -0.05241033062338829 -9.551454544067383 0.8918020129203796 -0.009431852027773857 0.45232757925987244 106.81485748291016
0.46048110723495483 -0.06334500759840012 -0.885406494140625 -98.52149963378906 0.03613555431365967 0.9979614615440369 -0.05260424315929413 -9.620095252990723 0.8869337439537048 -0.007771392352879047 0.46183139085769653 107.32068634033203
0.4699191749095917 -0.06345758587121964 -0.8804254531860352 -99.49342346191406 0.034887880086898804 0.9979684948921204 -0.05330852046608925 -9.703204154968262 0.8820198178291321 -0.005665483418852091 0.47117841243743896 107.8418197631836
0.4803102910518646 -0.06518089026212692 -0.8746733665466309 -100.4599380493164 0.0336623340845108 0.9978702068328857 -0.05587650090456009 -9.77260684967041 0.8764524459838867 -0.0026054850313812494 0.4814814031124115 108.36968231201172
0.4920090436935425 -0.0665426030755043 -0.8680433034896851 -101.41676330566406 0.03202076256275177 0.9977832436561584 -0.05833878740668297 -9.842791557312012 0.8700010776519775 0.0009078023722395301 0.49304908514022827 108.9040298461914
0.5044015645980835 -0.06472073495388031 -0.8610403537750244 -102.36499786376953 0.030025359243154526 0.9978986382484436 -0.05741879343986511 -9.923002243041992 0.8629471063613892 0.0031090816482901573 0.50528484582901 109.45417785644531
0.5174382925033569 -0.06222933530807495 -0.8534547686576843 -103.30680847167969 0.028364147990942 0.9980515241622925 -0.05557574704289436 -10.00039291381836 0.8552502989768982 0.004549500998109579 0.5181951522827148 110.00798034667969
0.529577374458313 -0.057971566915512085 -0.8462783694267273 -104.22380828857422 0.026081537827849388 0.9983030557632446 -0.0520644374191761 -10.097831726074219 0.8478604555130005 0.005499906837940216 0.5301907658576965 110.5838851928711
0.5414869785308838 -0.057436976581811905 -0.8387448191642761 -105.13897705078125 0.026441937312483788 0.9983333349227905 -0.051294852048158646 -10.169824600219727 0.8402931094169617 0.005597457755357027 0.5421033501625061 111.16776275634766
