1.0 0.0 0.0 0.0 0.0 1.0 0.0 0.0 0.0 0.0 1.0 0.0
0.9998737573623657 0.0015000138664618134 0.01581689529120922 0.010611847043037415 -0.0014854026958346367 0.9999984502792358 -0.0009354769135825336 -0.003371339524164796 -0.015818273648619652 0.0009118643938563764 0.999874472618103 0.12609745562076569
0.9992920160293579 0.004311126656830311 0.03737563639879227 0.027082398533821106 -0.004299122840166092 0.999990701675415 -0.0004015345766674727 -0.004785371944308281 -0.037377018481492996 0.0002405678533250466 0.9993011951446533 0.27252212166786194
0.9978947043418884 0.005985878873616457 0.06457803398370743 0.05624939501285553 -0.006060353945940733 0.999981164932251 0.000957429176196456 -0.004761389922350645 -0.0645710825920105 -0.0013467792887240648 0.9979122281074524 0.43630731105804443
0.9951347708702087 0.005671429913491011 0.09835945069789886 0.10353007912635803 -0.006017007865011692 0.999976634979248 0.003217133926227689 -0.0034259469248354435 -0.09833890199661255 -0.003793311771005392 0.9951457381248474 0.6112666726112366
0.9906317591667175 0.0025838168803602457 0.13653570413589478 0.1637483537197113 -0.003327687969431281 0.9999808669090271 0.005220221355557442 -0.004403143189847469 -0.13651959598064423 -0.005625665653496981 0.9906213879585266 0.7952927947044373
0.9843482375144958 -0.00027037455583922565 0.17623423039913177 0.23694802820682526 -0.0007008813554421067 0.9999849200248718 0.005448896903544664 -0.0033923136070370674 -0.17623303830623627 -0.005487130023539066 0.9843331575393677 0.9909003973007202
0.9755706787109375 -0.0004750154330395162 0.21968574821949005 0.3211934566497803 -0.0010116198100149632 0.9999773502349854 0.006654555443674326 -0.00015800818800926208 -0.2196839600801468 -0.006714226678013802 0.9755479693412781 1.1935548782348633
0.9633845686912537 -0.0002694864524528384 0.26812317967414856 0.4126056432723999 -0.0023815156891942024 0.9999514818191528 0.00956198014318943 0.0025908462703227997 -0.26811274886131287 -0.009850404225289822 0.9633371233940125 1.4100322723388672
0.9489650130271912 -0.0039562685415148735 0.3153568506240845 0.5308273434638977 -0.0013896006857976317 0.999859094619751 0.01672516204416752 -0.0022124163806438446 -0.31537869572639465 -0.01630980521440506 0.9488257765769958 1.620150089263916
0.9319607615470886 -0.013418971560895443 0.36231058835983276 0.6711452603340149 0.00475363340228796 0.9996811747550964 0.02479776367545128 -0.006673485040664673 -0.36252787709236145 -0.021388253197073936 0.9317275285720825 1.8309508562088013
0.9105862379074097 -0.018343951553106308 0.41291186213493347 0.8259648680686951 0.007037693168967962 0.9995579123497009 0.028886107727885246 -0.003220371901988983 -0.4132591485977173 -0.02339734509587288 0.910312831401825 2.053946018218994
0.8850507736206055 -0.019783586263656616 0.46507394313812256 0.993582010269165 0.005118510685861111 0.9994496703147888 0.032774489372968674 0.0021399185061454773 -0.46546638011932373 -0.026626598089933395 0.8846648931503296 2.2858173847198486
0.8568348288536072 -0.022158104926347733 0.5151145458221436 1.1836951971054077 0.0033407392911612988 0.9992936849594116 0.03742855414748192 0.004056453704833984 -0.5155800580978394 -0.030349228531122208 0.8563036918640137 2.5003294944763184
0.8243806958198547 -0.026544122025370598 0.5654130578041077 1.367850422859192 0.0036758005153387785 0.9991298317909241 0.04154619947075844 0.008566677570343018 -0.5660238265991211 -0.032171525061130524 0.8237608671188354 2.699794054031372
0.7881700396537781 -0.03213740140199661 0.6146178841590881 1.5954152345657349 0.005662140902131796 0.9989721179008484 0.04497369006276131 0.009695902466773987 -0.615431547164917 -0.03196686506271362 0.7875418663024902 2.9093546867370605
0.7497628927230835 -0.03569377586245537 0.6607431769371033 1.8397247791290283 0.005786889232695103 0.9988595843315125 0.047392506152391434 0.01856134831905365 -0.6616812944412231 -0.031709492206573486 0.7491143941879272 3.1280572414398193
0.7093997001647949 -0.0384833961725235 0.7037549614906311 2.107720375061035 0.0064732953906059265 0.9988218545913696 0.048093318939208984 0.035243526101112366 -0.7047766447067261 -0.02956177107989788 0.7088130712509155 3.337790012359619
0.667087972164154 -0.04020337015390396 0.7438933253288269 2.4105029106140137 0.005413137376308441 0.9987781047821045 0.049124255776405334 0.05130989849567413 -0.7449591755867004 -0.028743406757712364 0.6664904952049255 3.5619003772735596
0.6241636872291565 -0.04021449387073517 0.7802579402923584 2.7395524978637695 0.00038644997403025627 0.9986902475357056 0.05116335675120354 0.06700588762760162 -0.7812933921813965 -0.03163278102874756 0.6233619451522827 3.783639430999756
0.5824128985404968 -0.040665898472070694 0.8118752241134644 3.0833916664123535 -0.0029193449299782515 0.9986368417739868 0.0521148182451725 0.08287590742111206 -0.8128876686096191 -0.03272249177098274 0.5815003514289856 3.988351345062256
0.5416357517242432 -0.041957736015319824 0.8395654559135437 3.4570860862731934 -0.004711387678980827 0.9985863566398621 0.052944380789995193 0.100643590092659 -0.8406000137329102 -0.032632097601890564 0.5406724214553833 4.196022033691406
0.5028433203697205 -0.04400425776839256 0.8632567524909973 3.871002197265625 -0.0064936415292322636 0.9984827637672424 0.054679881781339645 0.11935129761695862 -0.8643531799316406 -0.03310108929872513 0.5017946362495422 4.404643535614014
0.46572038531303406 -0.043441157788038254 0.8838649988174438 4.302090644836426 -0.009607305750250816 0.9984872341156006 0.05413695052266121 0.13951432704925537 -0.8848797082901001 -0.0337042436003685 0.46459847688674927 4.605483531951904
0.4290880560874939 -0.0425611287355423 0.902259349822998 4.759971618652344 -0.010729512199759483 0.9985785484313965 0.052207306027412415 0.16146790981292725 -0.903198778629303 -0.03208233788609505 0.4280214309692383 4.796535491943359
0.3956770896911621 -0.0412340871989727 0.9174636602401733 5.253726482391357 -0.009481683373451233 0.9987548589706421 0.048976797610521317 0.1836063265800476 -0.9183406829833984 -0.028078090399503708 0.39479342103004456 4.976842880249023
0.36608150601387024 -0.03962438553571701 0.9297388195991516 5.7697529792785645 -0.007220476865768433 0.9989420175552368 0.04541679099202156 0.20258870720863342 -0.9305547475814819 -0.023339401930570602 0.36540812253952026 5.158162593841553
0.34071481227874756 -0.037797655910253525 0.9394065737724304 6.318029880523682 -0.006109749898314476 0.9990813732147217 0.04241466522216797 0.2253621518611908 -0.940146803855896 -0.020190848037600517 0.3401709496974945 5.336182594299316
0.3204180896282196 -0.03746308013796806 0.9465351700782776 6.8935089111328125 -0.004665976390242577 0.999143123626709 0.041124772280454636 0.2485869824886322 -0.9472646713256836 -0.017593635246157646 0.3199687600135803 5.515525817871094
0.30577585101127625 -0.03790011629462242 0.9513489007949829 7.492755889892578 -0.003513890318572521 0.9991557002067566 0.04093407467007637 0.2701290249824524 -0.9520969390869141 -0.015859585255384445 0.3053845465183258 5.700369834899902
0.29408958554267883 -0.039048902690410614 0.9549797773361206 8.129965782165527 -0.002997081261128187 0.9991225004196167 0.04177684336900711 0.29515576362609863 -0.9557730555534363 -0.015148287639021873 0.2937145233154297 5.89931058883667
0.28305914998054504 -0.04049012064933777 0.9582474231719971 8.789505004882812 -0.004201240837574005 0.9990466833114624 0.043455079197883606 0.3269992470741272 -0.9590931534767151 -0.016326183453202248 0.2826191484928131 6.0923871994018555
0.2723585069179535 -0.04221002012491226 0.9612696170806885 9.462869644165039 -0.0056096878834068775 0.9989506602287292 0.045454032719135284 0.3546549677848816 -0.9621794819831848 -0.017772214487195015 0.27183595299720764 6.285667419433594
0.2627882957458496 -0.044197022914886475 0.9638407826423645 10.161589622497559 -0.006295093335211277 0.9988504648208618 0.047518741339445114 0.379385769367218 -0.9648330211639404 -0.01855483464896679 0.262207955121994 6.461911201477051
0.2523936629295349 -0.04610450193285942 0.966525673866272 10.89161205291748 -0.0078208539634943 0.9987343549728394 0.04968319460749626 0.4028052091598511 -0.9675931334495544 -0.02009878121316433 0.2517136335372925 6.657841682434082
0.24204960465431213 -0.04739238694310188 0.9691057205200195 11.637307167053223 -0.007891240529716015 0.998677134513855 0.05080948770046234 0.43793678283691406 -0.970231831073761 -0.019945865496993065 0.24135541915893555 6.841050148010254
0.23181474208831787 -0.04885309189558029 0.9715324640274048 12.386581420898438 -0.007980583235621452 0.9986089468002319 0.052118852734565735 0.4663691222667694 -0.9727272391319275 -0.019835317507386208 0.23110243678092957 7.016413688659668
0.2215428352355957 -0.05191253870725632 0.9737678170204163 13.16804313659668 -0.009567237459123135 0.9984182119369507 0.05540332570672035 0.49956822395324707 -0.9751037359237671 -0.021590476855635643 0.22069574892520905 7.193818092346191
0.209684357047081 -0.05516926199197769 0.9762114882469177 13.96925163269043 -0.011471790261566639 0.9981993436813354 0.058875951915979385 0.538249135017395 -0.9777018427848816 -0.023544253781437874 0.2086738795042038 7.3740034103393555
0.1976698637008667 -0.05913875252008438 0.9784831404685974 14.769379615783691 -0.012034633196890354 0.9979568719863892 0.06274692714214325 0.5742323398590088 -0.9801947474479675 -0.02417885884642601 0.1965542882680893 7.529109954833984
0.18460190296173096 -0.0608452707529068 0.9809281826019287 15.565646171569824 -0.013178219087421894 0.9978389143943787 0.06437423080205917 0.6154242157936096 -0.9827249646186829 -0.024810494855046272 0.18340110778808594 7.679971694946289
0.17034834623336792 -0.06144823879003525 0.9834660887718201 16.38217544555664 -0.013586089946329594 0.9978125095367432 0.06469788402318954 0.6527099013328552 -0.9852902889251709 -0.024382635951042175 0.16914083063602448 7.825427055358887
0.15512795746326447 -0.06049976870417595 0.9860402345657349 17.182723999023438 -0.015160814858973026 0.9978596568107605 0.06361013650894165 0.6870665550231934 -0.9877780079841614 -0.024816883727908134 0.15387870371341705 7.961700439453125
0.13839511573314667 -0.059621233493089676 0.9885808825492859 18.00316619873047 -0.01569202169775963 0.997929036617279 0.0623818002641201 0.7229117155075073 -0.9902527332305908 -0.024146173149347305 0.13717292249202728 8.075159072875977
0.11831051111221313 -0.0581655353307724 0.9912715554237366 18.821664810180664 -0.018302036449313164 0.9979856014251709 0.06074388697743416 0.7577993869781494 -0.9928079843521118 -0.025328930467367172 0.11700762808322906 8.164233207702637
0.09309365600347519 -0.05644683912396431 0.9940560460090637 19.653160095214844 -0.022297615185379982 0.9980230927467346 0.058760277926921844 0.7964144349098206 -0.9954076409339905 -0.02763529121875763 0.09165098518133163 8.23867416381836
0.06225202977657318 -0.05668120086193085 0.9964495897293091 20.498306274414062 -0.02698184922337532 0.9979255795478821 0.05845080316066742 0.8215546011924744 -0.9976956844329834 -0.030524739995598793 0.060593534260988235 8.297064781188965
0.02832309901714325 -0.05637560039758682 0.9980078339576721 21.340885162353516 -0.03050549142062664 0.9978945851325989 0.057234931737184525 0.8585817813873291 -0.9991332292556763 -0.03206578642129898 0.02654370665550232 8.326042175292969
-0.005723427981138229 -0.05625109374523163 0.9984001517295837 22.17658233642578 -0.03137231990695 0.9979352951049805 0.0560450442135334 0.8834080696105957 -0.9994913935661316 -0.031001359224319458 -0.007476340979337692 8.307782173156738
-0.039446305483579636 -0.05479598417878151 0.9977180361747742 23.016643524169922 -0.03291400149464607 0.9980246424674988 0.05351151153445244 0.9137835502624512 -0.998679518699646 -0.030728060752153397 -0.04117194190621376 8.267607688903809
-0.07243335992097855 -0.052494894713163376 0.9959908127784729 23.884746551513672 -0.035104598850011826 0.9981293678283691 0.050054628401994705 0.9469811320304871 -0.9967553019523621 -0.03133822977542877 -0.07414069026708603 8.200798988342285
-0.1052204817533493 -0.049420829862356186 0.9932201504707336 24.735050201416016 -0.037450313568115234 0.9982528686523438 0.04570380225777626 0.9745244383811951 -0.9937435984611511 -0.032387420535087585 -0.10688748210668564 8.109530448913574
-0.13748373091220856 -0.04520030319690704 0.9894720911979675 25.57282829284668 -0.034046370536088943 0.9985835552215576 0.04088589549064636 0.988979697227478 -0.9899187684059143 -0.028066784143447876 -0.13882791996002197 7.978811264038086
-0.1690039038658142 -0.039350591599941254 0.9848294854164124 26.392333984375 -0.029442302882671356 0.99895840883255 0.034862615168094635 1.0020893812179565 -0.985175609588623 -0.023103734478354454 -0.16998644173145294 7.820075035095215
-0.1991172581911087 -0.03283167630434036 0.9794254899024963 27.213764190673828 -0.022935179993510246 0.9993209838867188 0.028835879638791084 1.015014886856079 -0.9797071814537048 -0.016721582040190697 -0.19973503053188324 7.641591548919678
-0.22806209325790405 -0.02717042714357376 0.9732674360275269 28.039121627807617 -0.01686198078095913 0.9995707869529724 0.023953529074788094 1.0214638710021973 -0.9735005497932434 -0.010948327369987965 -0.2284223735332489 7.429835319519043
-0.2555173933506012 -0.02094995230436325 0.9665774703025818 28.848384857177734 -0.0082319350913167 0.9997761249542236 0.019493378698825836 1.024855613708496 -0.9667693972587585 -0.002975905779749155 -0.25563257932662964 7.195000648498535
-0.28186506032943726 -0.010770491324365139 0.9593936204910278 29.655054092407227 -0.0021731313318014145 0.9999416470527649 0.010587242431938648 1.0154205560684204 -0.9594516158103943 0.0008992846123874187 -0.281872034072876 6.939589500427246
-0.3071698844432831 0.004899041261523962 0.9516420960426331 30.43306541442871 0.0021730836015194654 0.9999877214431763 -0.004446498118340969 1.003899097442627 -0.9516521096229553 0.000702167279087007 -0.3071768581867218 6.679471969604492
-0.33200767636299133 0.022241445258259773 0.9430145025253296 31.208919525146484 0.0035886543337255716 0.9997445344924927 -0.022315988317131996 0.9800548553466797 -0.9432698488235474 -0.004024927970021963 -0.3320026993751526 6.397071838378906
-0.3569066524505615 0.03684656694531441 0.9334130883216858 31.98407554626465 0.0034328261390328407 0.9992667436599731 -0.038133539259433746 0.9499063491821289 -0.934133768081665 -0.010405870154500008 -0.3567713797092438 6.096117973327637
-0.3812766373157501 0.047115109860897064 0.9232595562934875 32.74363327026367 0.007170315831899643 0.9988211393356323 -0.048009999096393585 0.9039082527160645 -0.9244332313537598 -0.011685027740895748 -0.3811649978160858 5.771367073059082
-0.4043610692024231 0.05137224495410919 0.9131555557250977 33.496360778808594 0.01065493281930685 0.9986181259155273 -0.05146200954914093 0.8516794443130493 -0.9145373106002808 -0.011079618707299232 -0.40434959530830383 5.418408393859863
-0.4271131157875061 0.051003895699977875 0.9027585387229919 34.24357986450195 0.01408672146499157 0.998661994934082 -0.04975753277540207 0.7976024150848389 -0.9040884375572205 -0.008535183034837246 -0.4272601008415222 5.064056396484375
-0.447388619184494 0.04664923623204231 0.8931221961975098 34.97408676147461 0.017113912850618362 0.998902440071106 -0.043601494282484055 0.7447444200515747 -0.8941758275032043 -0.004221997689455748 -0.44769591093063354 4.685817718505859
-0.4656040668487549 0.045446667820215225 0.8838254809379578 35.6866340637207 0.02475724369287491 0.9989586472511292 -0.038324613124132156 0.6960625648498535 -0.8846467137336731 0.004036983009427786 -0.4662443697452545 4.300928115844727
-0.47856390476226807 0.04604911431670189 0.8768444061279297 36.411895751953125 0.027493229135870934 0.9989200234413147 -0.03745489567518234 0.646537184715271 -0.8776221871376038 0.006182726006954908 -0.47931304574012756 3.8856687545776367
-0.4895024299621582 0.05028395354747772 0.8705509901046753 37.10799026489258 0.03142297640442848 0.998704731464386 -0.040017422288656235 0.6010434627532959 -0.8714355826377869 0.00776667520403862 -0.4904484748840332 3.4816207885742188
-0.49933987855911255 0.05274291709065437 0.8647993206977844 37.80020523071289 0.03227978199720383 0.9985848069190979 -0.04226379096508026 0.552262544631958 -0.8658046722412109 0.006811532657593489 -0.5003358125686646 3.07308292388916
-0.5101448893547058 0.05203577131032944 0.8585129976272583 38.48883056640625 0.026137497276067734 0.9986450672149658 -0.04499799758195877 0.5019229650497437 -0.8596912622451782 -0.0005161172011867166 -0.51081383228302 2.671415328979492
-0.5213502049446106 0.050434842705726624 0.8518511056900024 39.18751525878906 0.02537434734404087 0.9987267255783081 -0.04360117018222809 0.4523271322250366 -0.8529654741287231 -0.0011163140879943967 -0.5219661593437195 2.2516345977783203
-0.5297428965568542 0.0516301766037941 0.8465854525566101 39.85996627807617 0.027436215430498123 0.9986662268638611 -0.04373709112405777 0.40660977363586426 -0.8477144241333008 5.768572736997157e-05 -0.5304529666900635 1.8197040557861328
-0.5369535684585571 0.054757192730903625 0.8418328762054443 40.53929901123047 0.030607039108872414 0.9984987378120422 -0.045425206422805786 0.35674989223480225 -0.8430563807487488 0.001374782295897603 -0.537823498249054 1.3822460174560547
-0.5404329895973206 0.05781402438879013 0.8393986225128174 41.23670959472656 0.03200604394078255 0.9983270168304443 -0.04815375432372093 0.3117109537124634 -0.8407782912254333 0.0008419540245085955 -0.5413792133331299 0.9269199371337891
-0.5401528477668762 0.06000614911317825 0.8394250273704529 41.937416076660156 0.0316782109439373 0.9981975555419922 -0.05097170174121857 0.2627744674682617 -0.840970516204834 -0.0009410249767825007 -0.5410800576210022 0.4782981872558594
-0.5365607738494873 0.06033773720264435 0.841701865196228 42.665611267089844 0.033780287951231 0.9981768131256104 -0.0500207394361496 0.214949369430542 -0.8431852459907532 0.0015937623102217913 -0.5376206636428833 0.00797271728515625
-0.5308067202568054 0.059325192123651505 0.8454139828681946 43.402523040771484 0.03244273364543915 0.9982381463050842 -0.049679629504680634 0.15706074237823486 -0.8468717932701111 0.0010572602041065693 -0.5317960977554321 -0.44597816467285156
-0.5240877866744995 0.05748943239450455 0.8497216701507568 44.14118957519531 0.02949293702840805 0.9983457922935486 -0.04935433343052864 0.1100226640701294 -0.8511534333229065 -0.0008052148041315377 -0.5249163508415222 -0.8860111236572266
-0.516876220703125 0.057132091373205185 0.8541514873504639 44.91423416137695 0.027986299246549606 0.9983649253845215 -0.0498427078127861 0.05790090560913086 -0.855602502822876 -0.001857970841228962 -0.5176301002502441 -1.3493614196777344
-0.5111860036849976 0.05555643513798714 0.8576726317405701 45.69969940185547 0.024729033932089806 0.9984462261199951 -0.04993626847863197 0.0028154850006103516 -0.8591142892837524 -0.004317305516451597 -0.5117655396461487 -1.798858642578125
-0.5064700245857239 0.05330793187022209 0.8606081008911133 46.50965118408203 0.020395366474986076 0.9985484480857849 -0.04984952509403229 -0.050252676010131836 -0.8620163202285767 -0.007694873493164778 -0.5068220496177673 -2.2729759216308594
-0.5052193999290466 0.0503828190267086 0.8615189790725708 47.335235595703125 0.01622498780488968 0.9986724853515625 -0.048888932913541794 -0.10792326927185059 -0.8628385066986084 -0.010721503756940365 -0.5053661465644836 -2.743562698364258
-0.505971372127533 0.04796930029988289 0.8612152934074402 48.16381072998047 0.013235563412308693 0.9987666606903076 -0.04785482585430145 -0.1647341251373291 -0.8624486923217773 -0.012814505025744438 -0.5059822201728821 -3.2094058990478516
-0.5064753890037537 0.04694390296936035 0.8609755635261536 49.026092529296875 0.01233456376940012 0.998809278011322 -0.047203242778778076 -0.22554707527160645 -0.862166166305542 -0.013287525624036789 -0.5064513087272644 -3.7212085723876953
-0.5067631006240845 0.046438612043857574 0.8608335852622986 49.88113021850586 0.011757802218198776 0.9988275170326233 -0.04696114733815193 -0.2769519090652466 -0.8620051145553589 -0.01367666944861412 -0.5067149996757507 -4.218656539916992
-0.507119357585907 0.04579118639230728 0.8606585264205933 50.760009765625 0.012198438867926598 0.9988689422607422 -0.045957051217556 -0.3386576175689697 -0.8617895245552063 -0.012807016260921955 -0.5071043372154236 -4.73554801940918
-0.507142961025238 0.04490407928824425 0.8606913685798645 51.63836669921875 0.012604793533682823 0.9989214539527893 -0.04468873143196106 -0.3989536762237549 -0.8617697954177856 -0.011814741417765617 -0.5071619749069214 -5.249683380126953
-0.5073012113571167 0.04464392736554146 0.8606117367744446 52.524391174316406 0.012188148684799671 0.9989290237426758 -0.04463460296392441 -0.45882487297058105 -0.8616825938224792 -0.012153918854892254 -0.507301926612854 -5.766542434692383
-0.5075101852416992 0.04310004040598869 0.8605670928955078 53.417964935302734 0.009917954914271832 0.9989743232727051 -0.0441829189658165 -0.5148106813430786 -0.8615886569023132 -0.013888217508792877 -0.5074169635772705 -6.287178039550781
-0.5076864957809448 0.04226075857877731 0.8605048060417175 54.303466796875 0.009101600386202335 0.9990035891532898 -0.04369284212589264 -0.5769258737564087 -0.8614938259124756 -0.014350290410220623 -0.5075652003288269 -6.800468444824219
-0.5069781541824341 0.04149213805794716 0.8609596490859985 55.198307037353516 0.008246353827416897 0.9990284442901611 -0.04329019412398338 -0.640045166015625 -0.8619194626808167 -0.01484740525484085 -0.5068277716636658 -7.327556610107422
-0.5055659413337708 0.04002506658434868 0.8618592023849487 56.089012145996094 0.007786046247929335 0.9990943074226379 -0.04183103144168854 -0.7000912427902222 -0.8627528548240662 -0.014437868259847164 -0.5054196715354919 -7.845935821533203
-0.5037297606468201 0.038111720234155655 0.8630201816558838 56.981529235839844 0.00877702608704567 0.999200701713562 -0.039002563804388046 -0.7594286203384399 -0.8638166189193726 -0.0120720025151968 -0.5036616325378418 -8.357725143432617
-0.5011366009712219 0.036470022052526474 0.8645994067192078 57.86098098754883 0.008923649787902832 0.9992762207984924 -0.036978580057621 -0.8217098712921143 -0.8653221130371094 -0.010815936140716076 -0.5010994076728821 -8.865036010742188
-0.4988272488117218 0.03639248386025429 0.8659370541572571 58.75836181640625 0.009008251130580902 0.9992817044258118 -0.03680728003382683 -0.8743188381195068 -0.866654634475708 -0.010559896007180214 -0.4987967610359192 -9.373884201049805
-0.49688029289245605 0.03658932074904442 0.8670473694801331 59.642333984375 0.008958452381193638 0.9992738366127014 -0.03703543171286583 -0.9297425746917725 -0.8677728772163391 -0.010634770616889 -0.4968472123146057 -9.874822616577148
-0.495902955532074 0.03703103959560394 0.8675879836082458 60.52223205566406 0.009013754315674305 0.9992560148239136 -0.037498839199543 -0.9888772964477539 -0.8683311343193054 -0.010775561444461346 -0.4958678185939789 -10.373270034790039
-0.496915727853775 0.038570716977119446 0.8669412136077881 61.40201950073242 0.0083640580996871 0.9991781711578369 -0.03965989127755165 -1.044695258140564 -0.8677584528923035 -0.01245647668838501 -0.4968300461769104 -10.870140075683594
-0.4999326467514038 0.04030155763030052 0.8651260137557983 62.27191162109375 0.006795079912990332 0.9990684390068054 -0.04261453077197075 -1.102862000465393 -0.8660375475883484 -0.015425793826580048 -0.4997408390045166 -11.362653732299805
-0.5041435360908508 0.04070323705673218 0.8626601099967957 63.16278076171875 0.00583049887791276 0.999026358127594 -0.043730080127716064 -1.1677623987197876 -0.8636001348495483 -0.017016498371958733 -0.5038900375366211 -11.879209518432617
-0.510010838508606 0.039300017058849335 0.8592696785926819 64.0254898071289 0.007476110477000475 0.9991205334663391 -0.04125893861055374 -1.228602647781372 -0.8601354956626892 -0.014618514105677605 -0.509856104850769 -12.383111953735352
-0.5152525901794434 0.036903850734233856 0.8562434911727905 64.88253021240234 0.008274758234620094 0.9992401003837585 -0.03808755427598953 -1.2855644226074219 -0.8569983839988708 -0.01253950223326683 -0.5151664614677429 -12.898992538452148
-0.5208162069320679 0.03440411016345024 0.8529752492904663 65.75605010986328 0.005328038707375526 0.9992991089820862 -0.037052735686302185 -1.3439483642578125 -0.8536520600318909 -0.014752988703548908 -0.5206345319747925 -13.416437149047852
-0.5259554982185364 0.03769862651824951 0.849676251411438 66.60379791259766 0.00823214277625084 0.9991960525512695 -0.03923680633306503 -1.4035412073135376 -0.8504722118377686 -0.013642161153256893 -0.52584308385849 -13.936891555786133
-0.5311038494110107 0.03988998010754585 0.8463672399520874 67.44617462158203 0.008347153663635254 0.9990890622138977 -0.04184995964169502 -1.44942307472229 -0.8472656607627869 -0.015161916613578796 -0.530953049659729 -14.458187103271484
-0.535564124584198 0.04045906290411949 0.8435248136520386 68.27925109863281 0.006858274806290865 0.9990271329879761 -0.04356320947408676 -1.512688159942627 -0.8444666862487793 -0.01754577085375786 -0.5353205800056458 -14.982034683227539
-0.5392451286315918 0.04047688841819763 0.8411754965782166 69.10090637207031 0.005672113038599491 0.9989961981773376 -0.04443495348095894 -1.5744256973266602 -0.8421297669410706 -0.019190095365047455 -0.5389334559440613 -15.505910873413086
-0.5427378416061401 0.03915741294622421 0.8389889001846313 69.9200210571289 0.005799447186291218 0.9990635514259338 -0.04287680238485336 -1.639190435409546 -0.8398820757865906 -0.018405195325613022 -0.5424566864967346 -16.025711059570312
-0.5447536110877991 0.03305688127875328 0.8379443287849426 70.74898529052734 0.007418089546263218 0.9993735551834106 -0.034602705389261246 -1.6849689483642578 -0.8385633230209351 -0.012634002603590488 -0.5446576476097107 -16.570573806762695
-0.5472956895828247 0.024036068469285965 0.8365940451622009 71.56987762451172 0.006640634033828974 0.999680757522583 -0.02437741868197918 -1.7373837232589722 -0.8369129300117493 -0.007786142639815807 -0.5472807288169861 -17.098745346069336
-0.5489407777786255 0.022776775062084198 0.835550844669342 72.38512420654297 0.007665181998163462 0.9997238516807556 -0.022216185927391052 -1.7814793586730957 -0.8358261585235596 -0.005790719762444496 -0.548963725566864 -17.629926681518555
-0.5497595071792603 0.02741694636642933 0.834872841835022 73.18090057373047 0.008135296404361725 0.9995894432067871 -0.027469132095575333 -1.8271825313568115 -0.8352833390235901 -0.008309478871524334 -0.5497570633888245 -18.155385971069336
-0.5510223507881165 0.03349163383245468 0.833818256855011 73.98363494873047 0.009606285952031612 0.9993827939033508 -0.033793553709983826 -1.8724677562713623 -0.8344351649284363 -0.010611108504235744 -0.5510038137435913 -18.682031631469727
-0.551594614982605 0.03721906244754791 0.8332816362380981 74.77094268798828 0.015152990818023682 0.9992863535881042 -0.03460317477583885 -1.9201761484146118 -0.8339747190475464 -0.006460215896368027 -0.5517648458480835 -19.20775032043457
-0.551439106464386 0.03861932083964348 0.8333207368850708 75.56998443603516 0.01888032630085945 0.9992497563362122 -0.033815301954746246 -1.9720377922058105 -0.8340015411376953 -0.002913712989538908 -0.5517544746398926 -19.743194580078125
-0.5507190227508545 0.03525711968541145 0.8339457511901855 76.3824691772461 0.01738639362156391 0.9993752837181091 -0.030769478529691696 -2.0185012817382812 -0.834509551525116 -0.002446030732244253 -0.5509878993034363 -20.28083610534668
-0.5509880185127258 0.030404046177864075 0.8339591026306152 77.15336608886719 0.014965347945690155 0.9995354413986206 -0.026553090661764145 -2.0495152473449707 -0.8343789577484131 -0.002149948850274086 -0.5511870980262756 -20.76128387451172
-0.5501247048377991 0.023551061749458313 0.834750235080719 77.94601440429688 0.012574218213558197 0.9997225403785706 -0.019918695092201233 -2.095304012298584 -0.8349878787994385 -0.0004614354111254215 -0.5502683520317078 -21.276273727416992
-0.5502099394798279 0.018049543723464012 0.8348312377929688 78.74535369873047 0.004142789635807276 0.9998130798339844 -0.018886171281337738 -2.1309523582458496 -0.8350160121917725 -0.006932832300662994 -0.550182044506073 -21.772525787353516
-0.5484586954116821 0.01309051550924778 0.8360752463340759 79.53630065917969 -0.0027710068970918655 0.9998435378074646 -0.017472412437200546 -2.1632633209228516 -0.8361731171607971 -0.011899668723344803 -0.5483366847038269 -22.27527618408203
-0.5470753312110901 0.013562914915382862 0.8369734287261963 80.33539581298828 -0.0005465421127155423 0.9998626708984375 -0.016559727489948273 -2.1930885314941406 -0.8370831608772278 -0.009516861289739609 -0.5469928979873657 -22.783580780029297
-0.5436095595359802 0.016773587092757225 0.839170515537262 81.12824249267578 0.004411269910633564 0.9998435974121094 -0.01712757721543312 -2.237431526184082 -0.8393265604972839 -0.00560890743508935 -0.5435986518859863 -23.303495407104492
-0.5384671092033386 0.02040143869817257 0.8423994779586792 81.90254974365234 0.006294124759733677 0.9997763633728027 -0.02018958516418934 -2.2593212127685547 -0.8426228761672974 -0.005569261033087969 -0.5384751558303833 -23.793075561523438
-0.5303452610969543 0.02283412031829357 0.847474217414856 82.68830871582031 0.011750217527151108 0.9997391700744629 -0.019583478569984436 -2.294039249420166 -0.847700297832489 -0.0004279986605979502 -0.5304751992225647 -24.29441261291504
-0.5225315093994141 0.026161491870880127 0.8522184491157532 83.48368072509766 0.019408823922276497 0.9996351003646851 -0.01878652535378933 -2.335425853729248 -0.8523989915847778 0.006724005099385977 -0.5228486061096191 -24.786514282226562
-0.5133224725723267 0.0252201147377491 0.8578251004219055 84.28488159179688 0.016115495935082436 0.9996750354766846 -0.01974700577557087 -2.3608899116516113 -0.8580443859100342 0.0036876946687698364 -0.5135622024536133 -25.254032135009766
-0.5022710561752319 0.022398922592401505 0.8644201159477234 85.10457611083984 0.013931307941675186 0.9997442364692688 -0.017810674384236336 -2.3990206718444824 -0.8645980358123779 0.0030967160128057003 -0.5024546384811401 -25.719284057617188
-0.49116015434265137 0.019091645255684853 0.8708600401878357 85.91568756103516 0.014037404209375381 0.9998034238815308 -0.014001421630382538 -2.4318394660949707 -0.8709561824798584 0.005347674712538719 -0.491331547498703 -26.163436889648438
-0.4804622530937195 0.018027978017926216 0.8768300414085388 86.72651672363281 0.01366794016212225 0.9998212456703186 -0.013067320920526981 -2.466262102127075 -0.8769088983535767 0.005706106778234243 -0.4806227385997772 -26.597204208374023
-0.4688846170902252 0.017444266006350517 0.8830872178077698 87.5382080078125 0.013668847270309925 0.999828577041626 -0.012492720037698746 -2.488372325897217 -0.8831536769866943 0.006213138811290264 -0.46904265880584717 -27.015846252441406
-0.45704275369644165 0.018259666860103607 0.8892572522163391 88.36672973632812 0.0147019624710083 0.9998077750205994 -0.012973443605005741 -2.5165998935699463 -0.8893232345581055 0.007144407369196415 -0.45722338557243347 -27.437625885009766
-0.44440001249313354 0.021813927218317986 0.8955628275871277 89.2035903930664 0.013247068971395493 0.9997541904449463 -0.01777828112244606 -2.551011562347412 -0.8957304954528809 0.003962913993746042 -0.44457975029945374 -27.859081268310547
-0.4331914484500885 0.03084251470863819 0.9007741212844849 90.02399444580078 0.015967324376106262 0.9995200634002686 -0.026544731110334396 -2.585965871810913 -0.9011604189872742 0.002884001936763525 -0.4334760308265686 -28.24712562561035
-0.42063191533088684 0.03533633053302765 0.9065430164337158 90.8506851196289 0.015566802583634853 0.9993751645088196 -0.03173192963004112 -2.620985269546509 -0.9070978164672852 0.0007645129226148129 -0.42091917991638184 -28.62268829345703
-0.4090941548347473 0.031175019219517708 0.9119595289230347 91.70458984375 0.01280429121106863 0.9995139241218567 -0.028424182906746864 -2.6644718647003174 -0.9124024510383606 4.882924258708954e-05 -0.409294456243515 -29.00835609436035
-0.3969602882862091 0.027677226811647415 0.9174184203147888 92.54231262207031 0.010965846478939056 0.9996170401573181 -0.025412198156118393 -2.7033627033233643 -0.917770266532898 -2.7362439141143113e-05 -0.397111713886261 -29.36673355102539
-0.3874437212944031 0.028456615284085274 0.9214540719985962 93.37810516357422 0.008382013067603111 0.9995909333229065 -0.02734527550637722 -2.7467265129089355 -0.9218553304672241 -0.002871114993467927 -0.38752371072769165 -29.705352783203125
-0.3805539309978485 0.03254850208759308 0.9241856336593628 94.22618865966797 0.0033718410413712263 0.9994226098060608 -0.033809807151556015 -2.7932016849517822 -0.9247526526451111 -0.009750247932970524 -0.3804439306259155 -30.041797637939453
-0.37557023763656616 0.037212442606687546 0.9260465502738953 95.0534439086914 -0.0036149700172245502 0.9991271495819092 -0.04161522164940834 -2.8351240158081055 -0.9267868995666504 -0.018977072089910507 -0.37510791420936584 -30.36456871032715
-0.3724231421947479 0.03929029405117035 0.927230954170227 95.89112091064453 -0.005741730332374573 0.9989867210388184 -0.044637031853199005 -2.8858113288879395 -0.9280452728271484 -0.021947775036096573 -0.37182021141052246 -30.685588836669922
-0.3685816824436188 0.03909853845834732 0.9287728071212769 96.72985076904297 -0.006273865699768066 0.9989876747131348 -0.044544149190187454 -2.942394256591797 -0.9295741319656372 -0.022245153784751892 -0.3679633140563965 -31.010461807250977
-0.3638424873352051 0.039009276777505875 0.9306431412696838 97.55908203125 -0.008048666641116142 0.9989537000656128 -0.045019302517175674 -2.9968295097351074 -0.9314256906509399 -0.023870373144745827 -0.3631477952003479 -31.326560974121094
-0.3576472997665405 0.03491714969277382 0.9332037568092346 98.4061508178711 -0.009867007844150066 0.9991036653518677 -0.04116439446806908 -3.050230026245117 -0.9338045716285706 -0.0239302609115839 -0.35698220133781433 -31.648033142089844
-0.352485328912735 0.030787145718932152 0.9353107810020447 99.26287078857422 -0.01074918732047081 0.9992595314979553 -0.03694310039281845 -3.103734016418457 -0.9357556104660034 -0.023075731471180916 -0.3518933951854706 -31.964487075805664
-0.34688594937324524 0.027773668989539146 0.9374960064888 100.10328674316406 -0.013122394680976868 0.9993199110031128 -0.034460678696632385 -3.1513009071350098 -0.9378154873847961 -0.024256117641925812 -0.34628552198410034 -32.26525115966797
-0.3409343659877777 0.025692729279398918 0.9397359490394592 100.96703338623047 -0.020816069096326828 0.9991750717163086 -0.03486984223127365 -3.2047433853149414 -0.9398565888404846 -0.03144993633031845 -0.34011828899383545 -32.56378173828125
-0.33487173914909363 0.02612968534231186 0.9419012665748596 101.81085205078125 -0.0284760482609272 0.9988781809806824 -0.03783432021737099 -3.2462103366851807 -0.9418333172798157 -0.03949127346277237 -0.33375197649002075 -32.84225082397461
-0.32819414138793945 0.030156027525663376 0.9441288113594055 102.65269470214844 -0.026423577219247818 0.9988059997558594 -0.04108770936727524 -3.2974863052368164 -0.9442406892776489 -0.03843200206756592 -0.32700544595718384 -33.12838363647461
-0.321358323097229 0.03333730250597 0.9463707208633423 103.50344848632812 -0.024937734007835388 0.9987355470657349 -0.04365002363920212 -3.34659743309021 -0.9466291666030884 -0.03762764111161232 -0.320120632648468 -33.41196823120117
-0.3144433796405792 0.03182137757539749 0.9487427473068237 104.36107635498047 -0.026185164228081703 0.9987668991088867 -0.04217781871557236 -3.3933866024017334 -0.9489150047302246 -0.038105521351099014 -0.31322240829467773 -33.69400405883789
-0.3078725337982178 0.026928087696433067 0.9510464668273926 105.2157974243164 -0.026672489941120148 0.9989621639251709 -0.03691919520497322 -3.443722724914551 -0.9510537385940552 -0.03673318400979042 -0.3068348169326782 -33.958824157714844
-0.30011799931526184 0.024256911128759384 0.9535936117172241 106.07825469970703 -0.027467472478747368 0.9990423321723938 -0.03405765816569328 -3.4944989681243896 -0.9535065293312073 -0.03641412407159805 -0.2991642951965332 -34.23189926147461
-0.2943037450313568 0.027499282732605934 0.9553162455558777 106.9332046508789 -0.030172500759363174 0.9988203048706055 -0.03804679960012436 -3.536228656768799 -0.9552355408668518 -0.040021590888500214 -0.29312679171562195 -34.48149490356445
-0.28780436515808105 0.02994687296450138 0.9572209119796753 107.79164123535156 -0.02941593900322914 0.9987629652023315 -0.04009091854095459 -3.589052200317383 -0.9572373628616333 -0.03969589248299599 -0.28656741976737976 -34.732364654541016
-0.2812115252017975 0.030423056334257126 0.9591635465621948 108.64598083496094 -0.031306736171245575 0.9986745119094849 -0.04085491597652435 -3.6367030143737793 -0.9591350555419922 -0.04151714965701103 -0.27988624572753906 -34.970619201660156
-0.2741185426712036 0.03004615195095539 0.9612263441085815 109.50985717773438 -0.03138326108455658 0.9987000226974487 -0.04016726091504097 -3.687366008758545 -0.9611837267875671 -0.041177019476890564 -0.2728192210197449 -35.21422576904297
-0.26581671833992004 0.02994033508002758 0.9635584354400635 110.36693572998047 -0.027515096589922905 0.9988747239112854 -0.038628287613391876 -3.7368693351745605 -0.9636308550834656 -0.03678044676780701 -0.26469382643699646 -35.452369689941406
-0.25794729590415955 0.03132348507642746 0.9656511545181274 111.22444152832031 -0.02460012212395668 0.9989374279975891 -0.03897446393966675 -3.785504102706909 -0.9658458232879639 -0.03380849212408066 -0.2569025754928589 -35.68315124511719
-0.251564085483551 0.0317789763212204 0.9673187732696533 112.08232879638672 -0.023302113637328148 0.9989721775054932 -0.038878899067640305 -3.8324856758117676 -0.9675599932670593 -0.032321102917194366 -0.2505650520324707 -35.89846420288086
-0.24498490989208221 0.030690301209688187 0.9690409302711487 112.95001983642578 -0.029341965913772583 0.9988062381744385 -0.039050981402397156 -3.879035472869873 -0.969082772731781 -0.03800047188997269 -0.24379193782806396 -36.100250244140625
-0.2390427589416504 0.02875499054789543 0.9705832004547119 113.8187255859375 -0.03393317013978958 0.9987034797668457 -0.037945427000522614 -3.9271295070648193 -0.9704159498214722 -0.04200553521513939 -0.2377571016550064 -36.303890228271484
-0.23451393842697144 0.028709718957543373 0.9716886878013611 114.69607543945312 -0.03143223747611046 0.9988171458244324 -0.037097327411174774 -3.9762542247772217 -0.9716044664382935 -0.039242181926965714 -0.23333413898944855 -36.510311126708984
-0.23030821979045868 0.028806155547499657 0.9726913571357727 115.5613784790039 -0.029878517612814903 0.9988811612129211 -0.036656226962804794 -4.026544570922852 -0.9726589322090149 -0.03750481456518173 -0.22918987274169922 -36.70269775390625
-0.22495415806770325 0.030529003590345383 0.973891019821167 116.43458557128906 -0.02832946926355362 0.998881459236145 -0.037856072187423706 -4.075575828552246 -0.9739574193954468 -0.036105699837207794 -0.2238377034664154 -36.91035461425781
-0.21910308301448822 0.029390443116426468 0.9752588868141174 117.29844665527344 -0.021927006542682648 0.9991453886032104 -0.035036440938711166 -4.124701976776123 -0.9754552841186523 -0.029061108827590942 -0.2182714194059372 -37.1046028137207
-0.21391929686069489 0.028654353693127632 0.9764309525489807 118.17388153076172 -0.015021497383713722 0.9993550181388855 -0.03261803090572357 -4.163642406463623 -0.9767358303070068 -0.021645084023475647 -0.21335089206695557 -37.302101135253906
-0.20871983468532562 0.028006218373775482 0.9775744080543518 119.04817199707031 -0.013062742538750172 0.9994208812713623 -0.03142109140753746 -4.210072994232178 -0.9778882265090942 -0.019328009337186813 -0.20823314785957336 -37.489479064941406
