1.0 0.0 0.0 0.0 0.0 1.0 0.0 0.0 0.0 0.0 1.0 0.0
0.9998737573623657 0.0015176921151578426 0.015817008912563324 0.010558942332863808 -0.0015027179615572095 0.9999983906745911 -0.0009585520019754767 -0.0031083037611097097 -0.015818437561392784 0.0009346624719910324 0.999874472618103 0.12627938389778137
0.9992919564247131 0.004308249335736036 0.03737605735659599 0.027095800265669823 -0.004296062048524618 0.999990701675415 -0.0004063876694999635 -0.004715269431471825 -0.03737746179103851 0.0002455301000736654 0.9993011951446533 0.2725931704044342
0.9978951215744019 0.005976222455501556 0.06457260996103287 0.05632937699556351 -0.0060518295504152775 0.9999812245368958 0.0009753537597134709 -0.004986628890037537 -0.06456556916236877 -0.0013640832621604204 0.9979125261306763 0.4362523853778839
0.9951339960098267 0.005562485195696354 0.09837356209754944 0.10284031182527542 -0.005909591447561979 0.9999772310256958 0.003237416734918952 -0.0037436482962220907 -0.0983533263206482 -0.0038030107971280813 0.9951443076133728 0.6099711060523987
0.990635871887207 0.002524107461795211 0.13650701940059662 0.16393476724624634 -0.003269905922934413 0.9999809265136719 0.005239488556981087 -0.004908659961074591 -0.13649114966392517 -0.0056367903016507626 0.990625262260437 0.7944855093955994
0.9843471050262451 -0.0003198656195309013 0.17624035477638245 0.23644249141216278 -0.0006512191030196846 0.9999849200248718 0.005452134180814028 -0.003652891842648387 -0.17623941600322723 -0.005481563974171877 0.9843320846557617 0.9897322058677673
0.9755655527114868 -0.0005014788475818932 0.21970845758914948 0.3202860355377197 -0.0009925500489771366 0.9999771118164062 0.006689613219350576 -0.0010445615043863654 -0.21970678865909576 -0.006744227837771177 0.9755426645278931 1.1934568881988525
0.9634236693382263 -0.00026797299506142735 0.26798272132873535 0.4123842120170593 -0.0023662985768169165 0.9999520182609558 0.00950698647648096 0.002648466033861041 -0.2679724097251892 -0.009793383069336414 0.9633768200874329 1.4077036380767822
0.9489580392837524 -0.004009148105978966 0.31537681818008423 0.5284470319747925 -0.0013619482051581144 0.9998577833175659 0.016808493062853813 -0.003959701396524906 -0.3153993487358093 -0.016380084678530693 0.9488176703453064 1.6165621280670166
0.9320129156112671 -0.01335017941892147 0.3621792495250702 0.6685319542884827 0.004694914445281029 0.9996821880340576 0.024767344817519188 -0.0076320599764585495 -0.362394779920578 -0.02138308249413967 0.9317794442176819 1.8237547874450684
0.9105924367904663 -0.01851181872189045 0.4128907322883606 0.8246897459030151 0.0071825142949819565 0.9995543360710144 0.028974324464797974 -0.005147111136466265 -0.4132431149482727 -0.023418204858899117 0.9103195071220398 2.050849199295044
0.8851562142372131 -0.019900232553482056 0.46486830711364746 0.9927042126655579 0.005215042736381292 0.9994465708732605 0.03285466507077217 -0.0001564225385664031 -0.46526482701301575 -0.02665720321238041 0.8847700357437134 2.2790310382843018
0.8567373156547546 -0.022027786821126938 0.5152823328971863 1.1687958240509033 0.003138747299090028 0.999291718006134 0.03750002011656761 0.0010752914240583777 -0.5157434344291687 -0.030510328710079193 0.8561995625495911 2.487017869949341
0.8242170214653015 -0.0264566782861948 0.5656557083129883 1.3678061962127686 0.0035217341501265764 0.9991281628608704 0.04159940779209137 0.0068923006765544415 -0.5662630796432495 -0.03229484707117081 0.8235915899276733 2.6998965740203857
0.7881132960319519 -0.03223680332303047 0.6146854758262634 1.5962899923324585 0.005631123203784227 0.9989634156227112 0.0451701357960701 0.006885437294840813 -0.6155044436454773 -0.03213781490921974 0.7874779105186462 2.9117424488067627
0.7497970461845398 -0.03601948171854019 0.660686731338501 1.8367784023284912 0.006024765782058239 0.9988473653793335 0.04761806130409241 0.015208971686661243 -0.661640465259552 -0.031723394989967346 0.7491499185562134 3.118544340133667
0.7095731496810913 -0.03918636962771416 0.7035412192344666 2.1052498817443848 0.007048370782285929 0.9987971186637878 0.0485229529440403 0.0279781986027956 -0.7045965194702148 -0.02947176620364189 0.7089958190917969 3.3262593746185303
0.6671247482299805 -0.04082582890987396 0.7438264489173889 2.407895803451538 0.005899240728467703 0.9987553358078003 0.049526989459991455 0.04442474618554115 -0.7449226975440979 -0.028652667999267578 0.6665352582931519 3.5495481491088867
0.6241484880447388 -0.04064039885997772 0.7802480459213257 2.7278244495391846 0.0007833613781258464 0.9986782670021057 0.051391031593084335 0.06480738520622253 -0.7813053131103516 -0.03146442025899887 0.6233553886413574 3.767876386642456
0.5825979709625244 -0.04161838814616203 0.8116942048072815 3.063182830810547 -0.0022481270134449005 0.9986017346382141 0.05281539261341095 0.07180772721767426 -0.8127574920654297 -0.03259493038058281 0.5816898345947266 3.9641942977905273
0.5420259237289429 -0.04272165894508362 0.8392751216888428 3.442946672439575 -0.0040017301216721535 0.9985643625259399 0.05341438949108124 0.09466033428907394 -0.8403522968292236 -0.03231053054332733 0.5410767793655396 4.173031330108643
0.5028262734413147 -0.04474155232310295 0.8632286787033081 3.853721857070923 -0.00596038019284606 0.9984562397003174 0.05522235110402107 0.11498146504163742 -0.8643669486045837 -0.03291242942214012 0.5017834901809692 4.386775493621826
0.4661637842655182 -0.04422163590788841 0.8835925459861755 4.281896591186523 -0.00905699748545885 0.9984591007232666 0.05474870279431343 0.13333798944950104 -0.8846520185470581 -0.03352455049753189 0.46504491567611694 4.5763373374938965
0.4294362962245941 -0.04345827177166939 0.9020509719848633 4.7419304847717285 -0.010252522304654121 0.9985426664352417 0.052987851202487946 0.15522778034210205 -0.9030389189720154 -0.03200319781899452 0.4283648431301117 4.770025253295898
0.39599624276161194 -0.04197638854384422 0.9172922372817993 5.229878902435303 -0.009331239387392998 0.9987190961837769 0.04973088577389717 0.17744627594947815 -0.918204665184021 -0.02825271338224411 0.3950973153114319 4.94921350479126
0.3665104806423187 -0.04001307487487793 0.9295530319213867 5.746610164642334 -0.006877497304230928 0.9989310503005981 0.04571118205785751 0.20226173102855682 -0.9303884506225586 -0.023146629333496094 0.3658435046672821 5.129236221313477
0.3414106070995331 -0.03838149830698967 0.9391301870346069 6.295134544372559 -0.0057319882325828075 0.9990622997283936 0.04291467368602753 0.2236255705356598 -0.9398967027664185 -0.020034611225128174 0.3408704996109009 5.3037800788879395
0.3211683928966522 -0.03792370483279228 0.9462624788284302 6.86224365234375 -0.004264120478183031 0.9991298317909241 0.04148975759744644 0.24717558920383453 -0.9470125436782837 -0.017360175028443336 0.32072722911834717 5.485135078430176
0.30567508935928345 -0.038546349853277206 0.9513552188873291 7.475212574005127 -0.003589141182601452 0.9991264343261719 0.04163510724902153 0.26857972145080566 -0.9521291851997375 -0.016141368076205254 0.30526968836784363 5.689011573791504
0.2945081293582916 -0.03936619684100151 0.9548377990722656 8.106205940246582 -0.0026231149677187204 0.9991141557693481 0.04200069606304169 0.2989497780799866 -0.9556453824043274 -0.01487419381737709 0.2941439747810364 5.871440410614014
0.2834751009941101 -0.04084018990397453 0.9581095576286316 8.76425838470459 -0.0038035577163100243 0.999036967754364 0.04371011257171631 0.33075159788131714 -0.9589720368385315 -0.01603494957089424 0.28304678201675415 6.065075397491455
0.2726815938949585 -0.042706236243247986 0.9611560702323914 9.435840606689453 -0.005181700456887484 0.9989347457885742 0.045854877680540085 0.35482096672058105 -0.9620904326438904 -0.017484202980995178 0.272169828414917 6.261033058166504
0.2630176842212677 -0.044551782310009 0.9637618660926819 10.130721092224121 -0.005965922027826309 0.9988390803337097 0.04780144244432449 0.38237830996513367 -0.9647725820541382 -0.018322350457310677 0.2624465525150299 6.437291145324707
0.25253093242645264 -0.0466202050447464 0.9664649963378906 10.873181343078613 -0.007377113681286573 0.9987167716026306 0.05010354518890381 0.40385711193084717 -0.9675606489181519 -0.019782420247793198 0.2518630027770996 6.643257141113281
0.2422872930765152 -0.04779709503054619 0.969026505947113 11.616751670837402 -0.007432175800204277 0.9986650347709656 0.05111728608608246 0.44093990325927734 -0.970176100730896 -0.019587047398090363 0.2416086196899414 6.824623107910156
0.23173972964286804 -0.04901105538010597 0.9715423583984375 12.36677360534668 -0.00744774891063571 0.998611330986023 0.052153080701828 0.472929447889328 -0.9727492928504944 -0.01932174526154995 0.2310529202222824 7.007887363433838
0.22146441042423248 -0.0522763654589653 0.9737662672996521 13.155204772949219 -0.009072570130228996 0.9984083771705627 0.05566265061497688 0.5053377151489258 -0.9751262664794922 -0.02116185799241066 0.22063766419887543 7.179757595062256
0.2097359448671341 -0.05546807125210762 0.9761834144592285 13.9554443359375 -0.011286656372249126 0.9981856942176819 0.05914323031902313 0.5424648523330688 -0.9776929020881653 -0.023422308266162872 0.2087293565273285 7.3619065284729
0.19756834208965302 -0.05946030840277672 0.9784841537475586 14.754789352416992 -0.011971940286457539 0.9979379177093506 0.06305976957082748 0.5787143111228943 -0.9802160263061523 -0.024172967299818993 0.19644911587238312 7.519697189331055
0.18444658815860748 -0.06132853776216507 0.9809272885322571 15.55098819732666 -0.013056213036179543 0.9978103041648865 0.06483907997608185 0.617609441280365 -0.9827558398246765 -0.02476653829216957 0.18324199318885803 7.6705145835876465
0.1702623963356018 -0.061836738139390945 0.9834566712379456 16.371129989624023 -0.012814766727387905 0.9978057742118835 0.06495754420757294 0.6591301560401917 -0.9853153824806213 -0.023662595078349113 0.16909638047218323 7.814548969268799
0.15529410541057587 -0.060567352920770645 0.9860097765922546 17.17792320251465 -0.015109499916434288 0.9978562593460083 0.06367475539445877 0.6961075067520142 -0.9877527356147766 -0.024786431342363358 0.15404605865478516 7.949052333831787
0.13875827193260193 -0.059593696147203445 0.9885315895080566 17.996667861938477 -0.015701476484537125 0.9979299306869507 0.06236426159739494 0.7327768802642822 -0.9902018308639526 -0.02417496219277382 0.13753531873226166 8.060306549072266
0.1185295358300209 -0.05828544870018959 0.9912382960319519 18.815731048583984 -0.018071414902806282 0.9979837536811829 0.06084300950169563 0.7669066786766052 -0.9927861094474792 -0.025124773383140564 0.11723723262548447 8.152040481567383
0.09305354952812195 -0.05649929866194725 0.994056761264801 19.648914337158203 -0.022407958284020424 0.9980170130729675 0.05882197991013527 0.8064979910850525 -0.9954089522361755 -0.02774837799370289 0.09160298109054565 8.227992057800293
0.06205861270427704 -0.05653723329305649 0.9964698553085327 20.489965438842773 -0.026832541450858116 0.9979390501976013 0.05829166620969772 0.8326278328895569 -0.9977117776870728 -0.030355315655469894 0.0604136623442173 8.287579536437988
0.02834959141910076 -0.056419920176267624 0.9980046153068542 21.33201789855957 -0.03010224923491478 0.997904896736145 0.0572693757712841 0.8671259880065918 -0.9991447329521179 -0.03166573867201805 0.026591824367642403 8.312767028808594
-0.005938453134149313 -0.05599983036518097 0.9984130859375 22.165252685546875 -0.031081672757864 0.9979586601257324 0.05578946694731712 0.8945192098617554 -0.9994992613792419 -0.0307010505348444 -0.007666905410587788 8.29838752746582
-0.040208034217357635 -0.054713647812604904 0.9976922273635864 23.011960983276367 -0.032733917236328125 0.998035728931427 0.053413283079862595 0.9247598648071289 -0.9986549615859985 -0.030510731041431427 -0.04192005470395088 8.262145042419434
-0.07350097596645355 -0.05311078950762749 0.9958798885345459 23.874568939208984 -0.03471449762582779 0.9981120824813843 0.05066772550344467 0.9504736661911011 -0.9966908693313599 -0.03084734082221985 -0.07520593702793121 8.197656631469727
-0.10533536970615387 -0.05014070123434067 0.9931718707084656 24.7236328125 -0.03789356350898743 0.9982050657272339 0.046375822275877 0.9787231087684631 -0.9937145113945007 -0.032749805599451065 -0.10704630613327026 8.107081413269043
-0.13767215609550476 -0.045578088611364365 0.9894286394119263 25.565662384033203 -0.03497355803847313 0.9985414743423462 0.04113154485821724 1.0001261234283447 -0.9898601770401001 -0.02894117496907711 -0.13906538486480713 7.974330902099609
-0.16911429166793823 -0.03954058140516281 0.9848030209541321 26.395360946655273 -0.029407594352960587 0.9989525079727173 0.03505870699882507 1.0160800218582153 -0.9851576089859009 -0.02303175814449787 -0.17009994387626648 7.813994884490967
-0.19931858777999878 -0.03322572261095047 0.9793712496757507 27.236106872558594 -0.022486472502350807 0.9993168711662292 0.02932601049542427 1.029449224472046 -0.9796766638755798 -0.01617739163339138 -0.19992955029010773 7.6256561279296875
-0.22824542224407196 -0.02756194956600666 0.9732133746147156 28.046701431274414 -0.017079753801226616 0.9995587468147278 0.024302387610077858 1.0300960540771484 -0.9734538197517395 -0.0110753383487463 -0.22861544787883759 7.4258294105529785
-0.25613850355148315 -0.021303830668330193 0.9664052724838257 28.86519432067871 -0.008496326394379139 0.9997681379318237 0.01978740468621254 1.0336675643920898 -0.9666028022766113 -0.003142578760161996 -0.25626012682914734 7.189290523529053
-0.2818250060081482 -0.010887891985476017 0.9594039916992188 29.661161422729492 -0.001959759509190917 0.999940037727356 0.010772238485515118 1.0254915952682495 -0.9594637751579285 0.0011556852841749787 -0.28182947635650635 6.930636405944824
-0.3071924149990082 0.0050385938957333565 0.9516341090202332 30.4502010345459 0.002750496380031109 0.9999865293502808 -0.004406728316098452 1.0153546333312988 -0.9516434073448181 0.0012637512991204858 -0.30720213055610657 6.66050386428833
-0.3318398892879486 0.021757496520876884 0.9430847764015198 31.224924087524414 0.003158197971060872 0.999754011631012 -0.021953623741865158 0.9902601838111877 -0.9433304667472839 -0.004306640010327101 -0.33182695508003235 6.380046844482422
-0.3570690155029297 0.03676028549671173 0.9333543181419373 31.990991592407227 0.0037381912115961313 0.9992735385894775 -0.03792641684412956 0.9583544731140137 -0.9340705275535583 -0.010053293779492378 -0.35694706439971924 6.079649925231934
-0.3814682364463806 0.047080498188734055 0.9231821894645691 32.751731872558594 0.007461006753146648 0.9988264441490173 -0.04785523936152458 0.9135814905166626 -0.9243519306182861 -0.01136738434433937 -0.38137179613113403 5.753984451293945
-0.40467798709869385 0.051301177591085434 0.9130191206932068 33.50324249267578 0.010151023976504803 0.998615562915802 -0.05161147192120552 0.8651974201202393 -0.9144029021263123 -0.011617950163781643 -0.4046385884284973 5.414577484130859
-0.4274703562259674 0.050821948796510696 0.9025997519493103 34.25486373901367 0.013837618753314018 0.9986693859100342 -0.049677785485982895 0.8085116147994995 -0.903923511505127 -0.008745948784053326 -0.4276047945022583 5.052820205688477
-0.4472315013408661 0.0465388186275959 0.8932065963745117 34.994022369384766 0.017383752390742302 0.998909056186676 -0.043342139571905136 0.7526922225952148 -0.8942492604255676 -0.003856687806546688 -0.4475525915622711 4.661799430847168
-0.46516942977905273 0.045566126704216 0.8840481042861938 35.7198600769043 0.02563204988837242 0.9989489912986755 -0.03800131380558014 0.7026988863945007 -0.8848504424095154 0.004982916638255119 -0.4658484160900116 4.264952182769775
-0.47871309518814087 0.04557278752326965 0.8767877221107483 36.42667007446289 0.027020834386348724 0.9989436268806458 -0.03716910630464554 0.6547466516494751 -0.8775554895401001 0.005898198578506708 -0.479438841342926 3.871779680252075
-0.4895385503768921 0.049990758299827576 0.8705474138259888 37.12370681762695 0.03119036927819252 0.9987202882766724 -0.03981160745024681 0.6094815135002136 -0.8714236617088318 0.007663379888981581 -0.49047133326530457 3.464905261993408
-0.49949783086776733 0.05223245546221733 0.8647390604019165 37.817665100097656 0.0315055213868618 0.9986156821250916 -0.04212045669555664 0.5635088682174683 -0.8657420873641968 0.006204984616488218 -0.5004519820213318 3.0614609718322754
-0.5107014775276184 0.051698051393032074 0.858202338218689 38.50628662109375 0.025492366403341293 0.9986621737480164 -0.04498925805091858 0.5126283764839172 -0.8593801259994507 -0.0010984687833115458 -0.5113361477851868 2.664425849914551
-0.5215530395507812 0.0499766506254673 0.8517539501190186 39.20607376098633 0.02462446503341198 0.9987488985061646 -0.04352332279086113 0.4634834825992584 -0.8528634309768677 -0.001725736423395574 -0.5221312046051025 2.240703821182251
-0.5298693180084229 0.051364388316869736 0.8465224504470825 39.88009262084961 0.026783378794789314 0.9986797571182251 -0.04383213445544243 0.4194759428501129 -0.8476563096046448 -0.0005525749293155968 -0.5305454730987549 1.8057187795639038
-0.5374236702919006 0.05426853522658348 0.841564416885376 40.56261444091797 0.029689177870750427 0.9985262751579285 -0.045430734753608704 0.37001490592956543 -0.8427896499633789 0.0005698042223230004 -0.5382428765296936 1.3728528022766113
-0.5406569242477417 0.05725758895277977 0.8392924666404724 41.258174896240234 0.03118216246366501 0.9983594417572021 -0.04802235588431358 0.32163211703300476 -0.8406651020050049 0.00020732905250042677 -0.5415554046630859 0.9157512187957764
-0.5404338836669922 0.05955389142036438 0.8392763137817383 41.96151351928711 0.03092210739850998 0.9982239007949829 -0.05092097073793411 0.2742302119731903 -0.8408181667327881 -0.001567225088365376 -0.541315495967865 0.465363472700119
-0.5371648669242859 0.0597887746989727 0.8413556218147278 42.68901824951172 0.03269507735967636 0.9982107877731323 -0.05006106570363045 0.226273313164711 -0.8428434133529663 0.0006171403219923377 -0.538158655166626 0.0002859134110622108
-0.5314151644706726 0.05849866569042206 0.8450891971588135 43.42125701904297 0.03146835416555405 0.9982874393463135 -0.04931516945362091 0.16458956897258759 -0.8465267419815063 0.0003867313207592815 -0.5323460102081299 -0.4522499144077301
-0.5242747068405151 0.05697948858141899 0.8496406674385071 44.18144607543945 0.02890206314623356 0.9983746409416199 -0.04911988601088524 0.11509324610233307 -0.8510584831237793 -0.0011959488037973642 -0.5250694751739502 -0.9144567847251892
-0.5169708728790283 0.05649800971150398 0.8541364669799805 44.95169448852539 0.02736567333340645 0.9984003305435181 -0.049477312713861465 0.0619610920548439 -0.8555654883384705 -0.0022043120115995407 -0.5176900029182434 -1.3772807121276855
-0.511307418346405 0.05501566082239151 0.8576350808143616 45.74070358276367 0.024347996339201927 0.9984756112098694 -0.049534451216459274 0.007315424736589193 -0.8590528964996338 -0.004445637576282024 -0.5118675231933594 -1.8303296566009521
-0.5064283013343811 0.05276221036911011 0.8606664538383484 46.55424499511719 0.020045852288603783 0.9985767602920532 -0.04942140728235245 -0.04614100605249405 -0.8620490431785583 -0.0077756065875291824 -0.5067653059959412 -2.3080761432647705
-0.5050035119056702 0.05005912482738495 0.8616644144058228 47.376991271972656 0.01594535820186138 0.9986873865127563 -0.04867435246706009 -0.10079433768987656 -0.8629699945449829 -0.010841171257197857 -0.5051389336585999 -2.780116558074951
-0.5055687427520752 0.047388095408678055 0.8614839315414429 48.208045959472656 0.012840313836932182 0.9987931847572327 -0.04740569740533829 -0.16059480607509613 -0.8626907467842102 -0.012905116192996502 -0.5055672526359558 -3.2517387866973877
-0.5064727067947388 0.04641970247030258 0.8610054850578308 49.0698127746582 0.012557483278214931 0.9988409876823425 -0.04646414890885353 -0.2255532443523407 -0.8621644377708435 -0.012720760889351368 -0.5064687132835388 -3.753255605697632
-0.5065745711326599 0.045825984328985214 0.8609774708747864 49.92449188232422 0.01197851449251175 0.9988642334938049 -0.04611726477742195 -0.276541531085968 -0.8621129393577576 -0.01304860133677721 -0.5065481662750244 -4.252215385437012
-0.5071824193000793 0.045099448412656784 0.8606578707695007 50.807533264160156 0.01198946125805378 0.998902440071106 -0.04527828469872475 -0.33634793758392334 -0.8617553114891052 -0.012645524926483631 -0.5071665048599243 -4.7701826095581055
-0.5072287321090698 0.044314827769994736 0.86067134141922 51.68825912475586 0.012240984477102757 0.9989467859268188 -0.04422033205628395 -0.39501211047172546 -0.8617244958877563 -0.011894362047314644 -0.5072370767593384 -5.2853522300720215
-0.507449746131897 0.04417070746421814 0.8605484962463379 52.57390594482422 0.01217369083315134 0.9989530444145203 -0.044096216559410095 -0.4537009000778198 -0.8615953326225281 -0.011900562793016434 -0.5074562430381775 -5.800585746765137
-0.5077271461486816 0.04265505075454712 0.8604612350463867 53.46653366088867 0.01005040854215622 0.9989988207817078 -0.043592289090156555 -0.5099036693572998 -0.8614592552185059 -0.013485006988048553 -0.5076476335525513 -6.32084321975708
-0.5077953338623047 0.041540179401636124 0.8604755401611328 54.35157775878906 0.008874925784766674 0.9990360140800476 -0.042991913855075836 -0.5725731253623962 -0.8614320158958435 -0.014194433577358723 -0.507674515247345 -6.835765361785889
-0.5071811676025391 0.0409112274646759 0.8608678579330444 55.243534088134766 0.007764684502035379 0.9990491271018982 -0.04290347173810005 -0.6336931586265564 -0.8618044853210449 -0.015075464732944965 -0.5070165395736694 -7.353452682495117
-0.5060464143753052 0.039372511208057404 0.8616071343421936 56.12583541870117 0.007588217966258526 0.999122142791748 -0.0411997027695179 -0.6923636198043823 -0.8624730110168457 -0.014310897327959538 -0.5059008598327637 -7.866015434265137
-0.5039368271827698 0.0373108871281147 0.8629343509674072 57.01255798339844 0.007658700924366713 0.9992203712463379 -0.038730986416339874 -0.7514810562133789 -0.8637065291404724 -0.012909013777971268 -0.5038296580314636 -8.379586219787598
-0.5013802647590637 0.0358019694685936 0.864486038684845 57.90000915527344 0.008242004550993443 0.9992958307266235 -0.036604851484298706 -0.8132957220077515 -0.8651878237724304 -0.011227850802242756 -0.5013222098350525 -8.891412734985352
-0.4989827573299408 0.0357106477022171 0.8658758997917175 58.78532028198242 0.008681175298988819 0.9993064403533936 -0.036210883408784866 -0.8678687810897827 -0.8665684461593628 -0.010551782324910164 -0.4989467263221741 -9.3956937789917
-0.4968940317630768 0.03594314679503441 0.8670665621757507 59.67106628417969 0.008531642146408558 0.9992959499359131 -0.03653527423739433 -0.9240987300872803 -0.8677692413330078 -0.0107566611841321 -0.496850848197937 -9.898356437683105
-0.4958822727203369 0.03635317459702492 0.8676285147666931 60.55451583862305 0.008309430442750454 0.9992762804031372 -0.037119995802640915 -0.9788511991500854 -0.8683500289916992 -0.011197648011147976 -0.49582546949386597 -10.40531063079834
-0.4961478114128113 0.0380532406270504 0.8674038052558899 61.42973709106445 0.008439763449132442 0.9992032647132874 -0.039007849991321564 -1.0367459058761597 -0.8681970238685608 -0.012032972648739815 -0.4960736930370331 -10.908191680908203
-0.4994790256023407 0.039677415043115616 0.865416944026947 62.30073547363281 0.006896577309817076 0.9991011023521423 -0.04182615131139755 -1.0955594778060913 -0.8662986159324646 -0.014922869391739368 -0.4993036985397339 -11.397876739501953
-0.5041891932487488 0.03987397998571396 0.8626722097396851 63.178443908691406 0.005249259062111378 0.9990565180778503 -0.04310993105173111 -1.1582146883010864 -0.8635772466659546 -0.017207171767950058 -0.5039228200912476 -11.905702590942383
-0.5095813870429993 0.03860016539692879 0.8595561981201172 64.04059600830078 0.007073560263961554 0.999147355556488 -0.040675289928913116 -1.2184487581253052 -0.8603934645652771 -0.014647245407104492 -0.509419858455658 -12.414724349975586
-0.514815628528595 0.03619231656193733 0.8565366268157959 64.89405822753906 0.008384003303945065 0.9992733001708984 -0.037184398621320724 -1.279115080833435 -0.8572599291801453 -0.011961904354393482 -0.5147448778152466 -12.930521965026855
-0.5205385088920593 0.03369387611746788 0.8531731963157654 65.76763916015625 0.005142979323863983 0.9993266463279724 -0.03632800281047821 -1.334169626235962 -0.8538228869438171 -0.014522267505526543 -0.5203612446784973 -13.444803237915039
-0.5256623029708862 0.03684954345226288 0.8498948812484741 66.61042022705078 0.007785688620060682 0.9992278218269348 -0.0385088287293911 -1.3938571214675903 -0.8506577014923096 -0.013625618070363998 -0.5255432724952698 -13.962251663208008
-0.5307465195655823 0.038774315267801285 0.8466431498527527 67.45162963867188 0.00777520053088665 0.9991336464881897 -0.04088388383388519 -1.441654920578003 -0.8474949598312378 -0.015116159804165363 -0.5305882096290588 -14.482806205749512
-0.5357486605644226 0.03950399532914162 0.843453049659729 68.27769470214844 0.006248581688851118 0.9990631341934204 -0.04282315820455551 -1.4997011423110962 -0.8443544507026672 -0.017672063782811165 -0.5354935526847839 -14.993229866027832
-0.5387605428695679 0.039853181689977646 0.8415157794952393 69.0840072631836 0.005604343954473734 0.9990279078483582 -0.04372471943497658 -1.5584505796432495 -0.8424403071403503 -0.018841007724404335 -0.5384601354598999 -15.5192232131958
-0.5421385765075684 0.03935590013861656 0.8393670320510864 69.9027328491211 0.0067787873558700085 0.9990749359130859 -0.042465876787900925 -1.615562915802002 -0.8402618169784546 -0.017332496121525764 -0.5419037938117981 -16.041162490844727
-0.5440487265586853 0.032346926629543304 0.8384299278259277 70.72589874267578 0.007108666468411684 0.9993984699249268 -0.033944401890039444 -1.6639987230300903 -0.8390235304832458 -0.012507290579378605 -0.5439513325691223 -16.578378677368164
-0.546690046787262 0.023014262318611145 0.8370187282562256 71.53543090820312 0.005631325766444206 0.9997006058692932 -0.023809246718883514 -1.7197226285934448 -0.83731609582901 -0.008302750997245312 -0.5466560125350952 -17.103363037109375
-0.5485957264900208 0.021803678944706917 0.8358033895492554 72.35104370117188 0.0067143808118999004 0.9997425079345703 -0.021673258394002914 -1.7602039575576782 -0.8360608220100403 -0.006277954205870628 -0.5486008524894714 -17.63149070739746
-0.5492472648620605 0.026718659326434135 0.835232675075531 73.14297485351562 0.007389706559479237 0.9996048808097839 -0.02711739018559456 -1.804724097251892 -0.8356272578239441 -0.008722026832401752 -0.549227774143219 -18.152503967285156
-0.5512315630912781 0.03241289407014847 0.8337225317955017 73.94122314453125 0.008298767730593681 0.9994086623191833 -0.03336744010448456 -1.848619818687439 -0.8343110084533691 -0.01147431693971157 -0.5511746406555176 -18.657909393310547
-0.5506796836853027 0.03663863241672516 0.833912193775177 74.71444702148438 0.014567447826266289 0.9993059039115906 -0.03428563103079796 -1.8934032917022705 -0.8345896601676941 -0.006732429377734661 -0.550831139087677 -19.197383880615234
-0.5504417419433594 0.038109101355075836 0.8340033888816833 75.50450134277344 0.018259430304169655 0.9992682337760925 -0.033609531819820404 -1.9439986944198608 -0.8346739411354065 -0.0032716598361730576 -0.5507346987724304 -19.730316162109375
-0.5500320196151733 0.03489409759640694 0.8344142436981201 76.30975341796875 0.016550125554203987 0.9993859529495239 -0.03088342770934105 -1.983482003211975 -0.8349795341491699 -0.0031772118527442217 -0.55027174949646 -20.25429916381836
-0.5494968295097351 0.029889307916164398 0.8349609971046448 77.09860229492188 0.014697839505970478 0.999550998210907 -0.02610837109386921 -2.0229320526123047 -0.8353664875030518 -0.002074343850836158 -0.5496894717216492 -20.771093368530273
-0.5494666695594788 0.022711090743541718 0.8352069854736328 77.89230346679688 0.011706259101629257 0.9997416138648987 -0.01948382332921028 -2.067119598388672 -0.8354337811470032 -0.0009285616688430309 -0.549590528011322 -21.266862869262695
-0.5493218898773193 0.01713997684419155 0.8354350924491882 78.69251251220703 0.003218331839889288 0.9998255968093872 -0.018396509811282158 -2.102604627609253 -0.8356046080589294 -0.007416895590722561 -0.5492811799049377 -21.765417098999023
-0.5473539233207703 0.012475013732910156 0.8368083238601685 79.49229431152344 -0.004124533385038376 0.9998365640640259 -0.017603261396288872 -2.128831624984741 -0.8368911147117615 -0.013086658902466297 -0.547213077545166 -22.281253814697266
-0.5453110337257385 0.01282494142651558 0.8381356596946716 80.28250122070312 -0.00015961610188242048 0.9998813271522522 -0.01540378201752901 -2.1757543087005615 -0.8382337689399719 -0.008533633314073086 -0.5452443361282349 -22.795242309570312
-0.5421794056892395 0.01640784554183483 0.8401025533676147 81.07353973388672 0.003071007551625371 0.9998412728309631 -0.017545728012919426 -2.1958577632904053 -0.8402571678161621 -0.006932969205081463 -0.5421437621116638 -23.30706787109375
-0.536582350730896 0.01980418525636196 0.8436155319213867 81.8631820678711 0.004987024702131748 0.9997814297676086 -0.020298240706324577 -2.223104953765869 -0.8438332676887512 -0.006684543564915657 -0.5365638136863708 -23.813295364379883
-0.5290231704711914 0.02178085781633854 0.8483277559280396 82.65251922607422 0.009795884601771832 0.9997607469558716 -0.01956012099981308 -2.2580418586730957 -0.8485509157180786 -0.0020376364700496197 -0.5291100144386292 -24.304922103881836
-0.5207342505455017 0.025645172223448753 0.853333592414856 83.45308685302734 0.017119646072387695 0.999661386013031 -0.019595738500356674 -2.2905073165893555 -0.853547215461731 0.004404598847031593 -0.5209969282150269 -24.804330825805664
-0.5110723972320557 0.024636566638946533 0.8591844439506531 84.25859069824219 0.015327430330216885 0.9996914267539978 -0.01954823173582554 -2.326991319656372 -0.8594008684158325 0.0031785261817276478 -0.5112923979759216 -25.276412963867188
-0.5003089904785156 0.022330617532134056 0.8655588626861572 85.06658172607422 0.01326262392103672 0.9997476935386658 -0.01812652498483658 -2.357259750366211 -0.8657452464103699 0.0024107182398438454 -0.500478982925415 -25.733461380004883
-0.48866280913352966 0.019019590690732002 0.8722653388977051 85.8718032836914 0.013435881584882736 0.9998078942298889 -0.014273546636104584 -2.391120672225952 -0.8723692297935486 0.004744703881442547 -0.4888244867324829 -26.177364349365234
-0.47743967175483704 0.018335852771997452 0.878473162651062 86.68505859375 0.012419947423040867 0.9998231530189514 -0.014118630439043045 -2.4165849685668945 -0.8785766959190369 0.00416979705914855 -0.47758302092552185 -26.61719512939453
-0.4662720263004303 0.017275189980864525 0.884472668170929 87.5265121459961 0.012555104680359364 0.9998377561569214 -0.012909721583127975 -2.4422049522399902 -0.8845522403717041 0.0050852070562541485 -0.46641331911087036 -27.046030044555664
-0.4540766179561615 0.018504416570067406 0.8907703757286072 88.34585571289062 0.013380270451307297 0.9998131990432739 -0.013948925770819187 -2.4668033123016357 -0.890862226486206 0.005584868602454662 -0.4542393386363983 -27.462583541870117
-0.44199901819229126 0.022016484290361404 0.8967452049255371 89.16484069824219 0.013308113440871239 0.9997496604919434 -0.017985932528972626 -2.507350444793701 -0.8969168066978455 0.003984223119914532 -0.44218137860298157 -27.863298416137695
-0.43088120222091675 0.03100244700908661 0.901875913143158 89.98529815673828 0.015858478844165802 0.9995154738426208 -0.026782291010022163 -2.541865348815918 -0.9022693634033203 0.0027623947244137526 -0.43116405606269836 -28.24785614013672
-0.41737768054008484 0.03570915386080742 0.9080312252044678 90.83435821533203 0.01486055739223957 0.9993621706962585 -0.032470159232616425 -2.573828935623169 -0.9086115956306458 -5.847147258464247e-05 -0.41764214634895325 -28.65048599243164
-0.40589243173599243 0.032091181725263596 0.9133572578430176 91.67759704589844 0.012680082581937313 0.9994848370552063 -0.02948233298957348 -2.6144704818725586 -0.9138329029083252 -0.00038521114038303494 -0.40609028935432434 -29.017879486083984
-0.3946789503097534 0.028568251058459282 0.91837477684021 92.53046417236328 0.011871237307786942 0.999591588973999 -0.02599293552339077 -2.661003351211548 -0.9187423586845398 0.0006433806847780943 -0.3948569595813751 -29.372806549072266
-0.38498252630233765 0.028368515893816948 0.9224877953529358 93.37135314941406 0.00527231628075242 0.9995787739753723 -0.028538933023810387 -2.692016124725342 -0.9229087829589844 -0.0061233434826135635 -0.38496991991996765 -29.713911056518555
-0.378025084733963 0.03262566402554512 0.9252203702926636 94.20960998535156 7.003574137343094e-05 0.9993798136711121 -0.03521210700273514 -2.738072395324707 -0.925795316696167 -0.013246261514723301 -0.37779292464256287 -30.043142318725586
-0.37334373593330383 0.03764568641781807 0.9269289374351501 95.05345916748047 -0.005222331266850233 0.999075174331665 -0.04267921298742294 -2.783440351486206 -0.9276783466339111 -0.02077474631369114 -0.37280187010765076 -30.363500595092773
-0.3698993921279907 0.03963891789317131 0.9282258152961731 95.90206909179688 -0.008169605396687984 0.9989120364189148 -0.04591308906674385 -2.836674451828003 -0.9290359020233154 -0.02456646040081978 -0.3691731095314026 -30.69805908203125
-0.36595454812049866 0.03929952159523964 0.9298025369644165 96.7411117553711 -0.009231016039848328 0.998905599117279 -0.04585343226790428 -2.8929996490478516 -0.9305869340896606 -0.025363296270370483 -0.3651912808418274 -31.023305892944336
-0.36164364218711853 0.03943037614226341 0.9314822554588318 97.57135009765625 -0.010518227703869343 0.9988691210746765 -0.04636656120419502 -2.9457714557647705 -0.9322570562362671 -0.026565711945295334 -0.36081987619400024 -31.32863998413086
-0.3558184504508972 0.03514205291867256 0.933894157409668 98.42049407958984 -0.012758913449943066 0.9990170001983643 -0.04245379939675331 -2.9993600845336914 -0.9344679713249207 -0.027021322399377823 -0.35502028465270996 -31.64762306213379
-0.3502778708934784 0.031446389853954315 0.9361177682876587 99.27259826660156 -0.013542350381612778 0.9991617798805237 -0.03863147273659706 -3.049879789352417 -0.9365480542182922 -0.02620898373425007 -0.34955838322639465 -31.960397720336914
-0.3445506989955902 0.02837427332997322 0.9383388757705688 100.11528015136719 -0.01577393151819706 0.9992270469665527 -0.03600751981139183 -3.099409341812134 -0.9386352300643921 -0.02720770612359047 -0.34383678436279297 -32.2618293762207
-0.33906668424606323 0.026567168533802032 0.9403871297836304 100.97122955322266 -0.024333251640200615 0.9990191459655762 -0.03699721395969391 -3.1496224403381348 -0.9404475688934326 -0.03542720153927803 -0.33808767795562744 -32.54649353027344
-0.33272799849510193 0.02678213082253933 0.9426424503326416 101.82560729980469 -0.030357228592038155 0.9987742900848389 -0.03909223526716232 -3.198598623275757 -0.9425340890884399 -0.04162309318780899 -0.33150714635849 -32.83259201049805
-0.32616284489631653 0.030792929232120514 0.9448118805885315 102.66717529296875 -0.0281266737729311 0.9987106919288635 -0.04225931316614151 -3.2511227130889893 -0.9448950886726379 -0.040357839316129684 -0.32487621903419495 -33.1153678894043
-0.3193351626396179 0.033999428153038025 0.9470316767692566 103.51773834228516 -0.026903582736849785 0.9986280798912048 -0.0449235700070858 -3.3003182411193848 -0.9472599625587463 -0.0398242212831974 -0.3179822862148285 -33.39700698852539
-0.31271660327911377 0.03234941512346268 0.9492954611778259 104.37893676757812 -0.028318626806139946 0.9986581206321716 -0.04336026683449745 -3.3495371341705322 -0.9494242072105408 -0.04044222831726074 -0.3113808333873749 -33.67087173461914
-0.3055083155632019 0.027433687821030617 0.9517941474914551 105.23223876953125 -0.02945665456354618 0.9988341331481934 -0.038244571536779404 -3.3989484310150146 -0.9517336487770081 -0.03972070291638374 -0.3043440282344818 -33.94230651855469
-0.29857194423675537 0.024613305926322937 0.9540697336196899 106.09151458740234 -0.030354207381606102 0.998916745185852 -0.03526949882507324 -3.4514336585998535 -0.9539043307304382 -0.039490506052970886 -0.29750141501426697 -34.201995849609375
-0.29216328263282776 0.028073126450181007 0.9559563398361206 106.9488754272461 -0.032689791172742844 0.9986918568611145 -0.03931890428066254 -3.4931323528289795 -0.9558095932006836 -0.04273754730820656 -0.29086342453956604 -34.452022552490234
-0.2857734262943268 0.03071615844964981 0.957804799079895 107.80315399169922 -0.03218045458197594 0.9986147880554199 -0.041626375168561935 -3.5450639724731445 -0.9577566981315613 -0.042718302458524704 -0.2843891978263855 -34.70037078857422
-0.2789838910102844 0.031244346871972084 0.9597873687744141 108.65811920166016 -0.034367963671684265 0.9985053539276123 -0.042494576424360275 -3.5931854248046875 -0.9596806168556213 -0.044841229915618896 -0.27749311923980713 -34.93783950805664
-0.27206605672836304 0.03066791407763958 0.9617897868156433 109.52308654785156 -0.03450894355773926 0.9985381364822388 -0.04160139709711075 -3.648499011993408 -0.9616596102714539 -0.0445086695253849 -0.2706100046634674 -35.17827606201172
-0.2637600302696228 0.030486907809972763 0.9641063809394836 110.38381958007812 -0.03047279082238674 0.998738169670105 -0.039918769150972366 -3.6996898651123047 -0.9641067981719971 -0.03990798443555832 -0.26249822974205017 -35.41543197631836
-0.25626885890960693 0.0317419059574604 0.9660842418670654 111.23918914794922 -0.027803754433989525 0.9988051056861877 -0.040192365646362305 -3.749953031539917 -0.9662055373191833 -0.03716082125902176 -0.25508010387420654 -35.6401252746582
-0.24965494871139526 0.03225436434149742 0.9677974581718445 112.10625457763672 -0.0265900157392025 0.998839795589447 -0.040148138999938965 -3.7982492446899414 -0.9679697155952454 -0.03575693443417549 -0.24850766360759735 -35.857975006103516
-0.24314609169960022 0.031009528785943985 0.9694938659667969 112.9739990234375 -0.03268591687083244 0.9986591935157776 -0.04013991728425026 -3.8455393314361572 -0.9694388508796692 -0.04144866019487381 -0.2418065220117569 -36.057960510253906
-0.23719391226768494 0.029200799763202667 0.9710233807563782 113.83895111083984 -0.03755834698677063 0.9985251426696777 -0.03920230641961098 -3.893537998199463 -0.970736026763916 -0.04576858505606651 -0.23574739694595337 -36.25894546508789
-0.23268377780914307 0.029216600582003593 0.9721134305000305 114.71503448486328 -0.035021476447582245 0.9986486434936523 -0.03839680552482605 -3.943244457244873 -0.9719216823577881 -0.0429791621863842 -0.23134614527225494 -36.46235275268555
-0.22855648398399353 0.029187776148319244 0.9730930328369141 115.58438110351562 -0.03359542042016983 0.9987186193466187 -0.037847187370061874 -3.99442982673645 -0.9729508757591248 -0.041341692209243774 -0.2272830605506897 -36.65314865112305
-0.22330603003501892 0.030947977676987648 0.9742569923400879 116.4570083618164 -0.03219547122716904 0.9987162947654724 -0.039104361087083817 -4.043361663818359 -0.9742165207862854 -0.040098898112773895 -0.22202299535274506 -36.8563117980957
-0.21729658544063568 0.02986017055809498 0.975648820400238 117.32274627685547 -0.025969192385673523 0.9990012645721436 -0.03635874763131142 -4.091010570526123 -0.9757601022720337 -0.03323743864893913 -0.21630413830280304 -37.05122756958008
-0.21206116676330566 0.02894117869436741 0.97682785987854 118.19805908203125 -0.019075529649853706 0.9992483854293823 -0.03374658524990082 -4.132471561431885 -0.977070152759552 -0.025789843872189522 -0.2113497257232666 -37.24729919433594
-0.2066795974969864 0.028193553909659386 0.9780024290084839 119.06656646728516 -0.017280424013733864 0.9993235468864441 -0.032460037618875504 -4.180224895477295 -0.9782560467720032 -0.023609118536114693 -0.20605261623859406 -37.42924499511719
