1.000000000 -0.000000000 0.000000000 0.000000007 -0.000000000 0.999999940 0.000000000 -0.000000000 0.000000000 0.000000000 1.000000000 0.000000000
0.999991357 -0.002463618 -0.003351090 -0.003081848 0.002456275 0.999994516 -0.002193549 -0.005224850 0.003356477 0.002185299 0.999991953 0.666701794
0.999970913 -0.001595599 -0.007463252 -0.012984074 0.001570447 0.999992967 -0.003374848 -0.012526654 0.007468584 0.003363029 0.999966502 1.369217753
0.999935985 -0.001311903 -0.011237700 -0.029065888 0.001257385 0.999987423 -0.004857033 -0.013630743 0.011243930 0.004842591 0.999925077 2.070304394
0.999871135 -0.000014348 -0.016056642 -0.050211873 -0.000075257 0.999984443 -0.005579979 -0.016274385 0.016056472 0.005580468 0.999855459 2.797134399
0.999791205 -0.000790228 -0.020425512 -0.065518975 0.000675304 0.999983847 -0.005632783 -0.029483199 0.020429641 0.005617813 0.999775529 3.537654877
0.999687254 0.000908046 -0.024990330 -0.090236247 -0.001082282 0.999975145 -0.006959482 -0.033144642 0.024983395 0.006984353 0.999663472 4.292833328
0.999555469 0.003546354 -0.029604269 -0.123591311 -0.003768068 0.999965191 -0.007436800 -0.044983607 0.029576868 0.007545045 0.999534070 5.052192688
0.999422610 0.003866330 -0.033755329 -0.156802207 -0.004068876 0.999974072 -0.005933797 -0.050887421 0.033731509 0.006067717 0.999412537 5.839950562
0.999260426 0.003313898 -0.038307544 -0.191652328 -0.003451329 0.999987721 -0.003522022 -0.055240497 0.038295403 0.003651628 0.999259770 6.642619133
0.999134600 0.002778897 -0.041498732 -0.231877029 -0.002807139 0.999995828 -0.000622312 -0.065174028 0.041496832 0.000738265 0.999138296 7.446963787
0.999015272 0.004200260 -0.044167429 -0.274437070 -0.004269148 0.999989748 -0.001465508 -0.073249906 0.044160828 0.001652622 0.999023020 8.269127846
0.998917878 0.003780090 -0.046355374 -0.319568276 -0.003864034 0.999991059 -0.001721416 -0.077841006 0.046348460 0.001898672 0.998923600 9.088768959
0.998860002 0.001111681 -0.047723960 -0.365430057 -0.001222724 0.999996543 -0.002297630 -0.085452855 0.047721256 0.002353364 0.998857915 9.916047096
0.998738706 0.000643793 -0.050205354 -0.401170492 -0.000720697 0.999998569 -0.001513700 -0.092599839 0.050204299 0.001547973 0.998737752 10.763235092
0.998661995 -0.000907268 -0.051704463 -0.447845101 0.000813583 0.999997973 -0.001832963 -0.100186691 0.051706016 0.001788445 0.998660803 11.616023064
0.998568058 0.001291626 -0.053481814 -0.500545323 -0.001508275 0.999990821 -0.004010737 -0.111436859 0.053476132 0.004085659 0.998560786 12.471321106
0.998492897 0.001648794 -0.054856043 -0.550840855 -0.002015211 0.999975920 -0.006624973 -0.122669391 0.054843806 0.006725536 0.998472214 13.335986137
0.998385012 0.005465463 -0.056547094 -0.609663188 -0.005932139 0.999949634 -0.008088318 -0.136647224 0.056500033 0.008410700 0.998367131 14.211654663
0.998314500 0.006678757 -0.057651207 -0.663786292 -0.007136069 0.999944627 -0.007730188 -0.148085713 0.057596382 0.008128559 0.998306811 15.097531319
0.998235583 0.005713132 -0.059103336 -0.719321430 -0.006094208 0.999961734 -0.006269405 -0.161108881 0.059065253 0.006618531 0.998232126 15.991626740
0.998158395 0.006670482 -0.060294960 -0.780395031 -0.006964318 0.999964833 -0.004664480 -0.174302876 0.060261730 0.005075803 0.998169601 16.889907837
0.998113513 0.006085949 -0.061093170 -0.839057446 -0.006377165 0.999969125 -0.004572913 -0.189332485 0.061063454 0.004953888 0.998121560 17.784646988
0.998012543 0.005974892 -0.062732778 -0.899407744 -0.006328050 0.999965131 -0.005432392 -0.200653225 0.062698141 0.005818572 0.998015523 18.690961838
0.997948408 0.004394723 -0.063871838 -0.959053397 -0.004776725 0.999971569 -0.005829284 -0.217081532 0.063844405 0.006122423 0.997941077 19.609693527
0.997918427 0.004550859 -0.064329207 -1.020861983 -0.004841294 0.999978781 -0.004359655 -0.227927178 0.064307995 0.004662016 0.997919202 20.522693634
0.997897089 0.005652521 -0.064571559 -1.085239291 -0.005733937 0.999983013 -0.001075618 -0.236256599 0.064564370 0.001443604 0.997912467 21.448432922
0.997957706 0.006590751 -0.063539758 -1.150918961 -0.006407502 0.999974668 0.003087352 -0.252366275 0.063558497 -0.002673916 0.997974515 22.375926971
0.998069048 0.005203132 -0.061894696 -1.204634190 -0.004848728 0.999970973 0.005874722 -0.257411420 0.061923459 -0.005563268 0.998065531 23.305391312
0.998167396 0.005361703 -0.060274806 -1.267174244 -0.004983515 0.999966979 0.006422943 -0.259101212 0.060307253 -0.006110793 0.998161137 24.246652603
0.998236597 0.005913988 -0.059063781 -1.323295593 -0.005721823 0.999977827 0.003422099 -0.264400572 0.059082706 -0.003078113 0.998248339 25.181982040
0.998302341 0.006607546 -0.057869408 -1.382441759 -0.006674249 0.999977291 -0.000959456 -0.276793301 0.057861757 0.001344062 0.998323679 26.129915237
0.998398721 0.005715101 -0.056279693 -1.445166349 -0.005936609 0.999975324 -0.003769422 -0.286042839 0.056256756 0.004097497 0.998407841 27.075698853
0.998448074 0.003278824 -0.055593766 -1.498396873 -0.003431105 0.999990642 -0.002643929 -0.294120848 0.055584572 0.002830573 0.998449981 28.038879395
0.998426616 0.001309342 -0.056061391 -1.548729300 -0.001180059 0.999996543 0.002339147 -0.307281435 0.056064267 -0.002269310 0.998424590 29.016702652
0.998378575 -0.002301140 -0.056876753 -1.605199218 0.002622271 0.999980986 0.005572089 -0.314052641 0.056862861 -0.005712200 0.998365641 29.988788605
0.998274803 -0.009861004 -0.057881750 -1.656893253 0.010177034 0.999934793 0.005167723 -0.322910607 0.057827018 -0.005747871 0.998310089 30.966056824
0.998153448 -0.012320034 -0.059480507 -1.704044342 0.012416171 0.999922037 0.001246969 -0.328461081 0.059460521 -0.001983187 0.998228610 31.944093704
0.998081148 -0.011997001 -0.060745552 -1.769511819 0.011847150 0.999925792 -0.002826405 -0.333951414 0.060774952 0.002101320 0.998149216 32.920036316
0.998005688 -0.010509846 -0.062242918 -1.853444219 0.010303202 0.999940276 -0.003639951 -0.342557430 0.062277462 0.002991390 0.998054385 33.901805878
0.997934878 -0.010766257 -0.063325025 -1.900946379 0.010678148 0.999941468 -0.001729671 -0.363158435 0.063339934 0.001049905 0.997991443 34.876049042
0.997894526 -0.007629605 -0.064408481 -1.973215938 0.007700268 0.999970019 0.000848913 -0.374254853 0.064400077 -0.001343089 0.997923255 35.870830536
0.997781098 -0.008131085 -0.066081300 -2.036832809 0.008316884 0.999962151 0.002537069 -0.387232989 0.066058159 -0.003081030 0.997810960 36.870758057
0.997734725 -0.006795417 -0.066926926 -2.110002041 0.007155385 0.999961197 0.005140307 -0.395184815 0.066889383 -0.005607551 0.997744560 37.849437714
0.997754514 -0.006868216 -0.066624396 -2.175336599 0.007432013 0.999938548 0.008218150 -0.404194683 0.066563874 -0.008694850 0.997744262 38.836112976
0.997720718 -0.001031146 -0.067471400 -2.250890493 0.001716133 0.999947548 0.010095057 -0.399557024 0.067457460 -0.010187837 0.997670114 39.828647614
0.997726023 -0.000577228 -0.067398086 -2.325201035 0.001232217 0.999952376 0.009677027 -0.410417229 0.067389287 -0.009738071 0.997679293 40.806911469
0.997726917 -0.001221314 -0.067374714 -2.394094229 0.001771008 0.999965608 0.008099626 -0.408780634 0.067362510 -0.008200536 0.997694850 41.819873810
0.997732759 0.001097070 -0.067290142 -2.473519325 -0.000714115 0.999983430 0.005714905 -0.411540866 0.067295291 -0.005653894 0.997717083 42.812507629
0.997689962 0.000684947 -0.067927562 -2.548577309 -0.000284057 0.999982476 0.005911209 -0.417633295 0.067930408 -0.005878259 0.997672737 43.789413452
0.997598529 -0.001444465 -0.069246463 -2.613477707 0.001939207 0.999973059 0.007077958 -0.426810682 0.069234371 -0.007195245 0.997574449 44.775989532
0.997542977 -0.000975862 -0.070050150 -2.684701443 0.001552593 0.999965310 0.008179142 -0.433523476 0.070039734 -0.008267806 0.997509956 45.765750885
0.997551262 0.001896306 -0.069911301 -2.769626856 -0.001575997 0.999987960 0.004636529 -0.445251584 0.069919258 -0.004514997 0.997542381 46.737655640
0.997457266 0.001641696 -0.071248539 -2.833577394 -0.001600036 0.999998510 0.000641788 -0.450301766 0.071249500 -0.000526156 0.997458279 47.697601318
0.997425854 0.002716724 -0.071654879 -2.912927866 -0.002769292 0.999996006 -0.000634303 -0.456698060 0.071652874 0.000831104 0.997429192 48.669406891
0.997412026 0.001391213 -0.071884297 -2.984772205 -0.001156267 0.999993801 0.003309908 -0.477425337 0.071888469 -0.003218224 0.997407377 49.637809753
0.997385681 -0.000669589 -0.072259456 -3.042565823 0.001111867 0.999980867 0.006080642 -0.481035501 0.072253987 -0.006145088 0.997367263 50.594955444
0.997359097 -0.002352376 -0.072591290 -3.113612413 0.002850109 0.999973059 0.006753843 -0.491648197 0.072573438 -0.006942898 0.997338891 51.560066223
0.997314870 -0.005764305 -0.073005982 -3.181337595 0.006186809 0.999965310 0.005562440 -0.498402327 0.072971366 -0.005999178 0.997316062 52.517364502
0.997277260 -0.009059582 -0.073184788 -3.242158413 0.009431880 0.999944270 0.004743057 -0.513952971 0.073137738 -0.005420414 0.997307122 53.451763153
0.997200072 -0.010513191 -0.074037477 -3.314878941 0.010970016 0.999923289 0.005766209 -0.520717502 0.073971175 -0.006562256 0.997238874 54.402076721
0.997031152 -0.014147203 -0.075688958 -3.377060890 0.014934751 0.999839962 0.009849154 -0.521991968 0.075537518 -0.010950312 0.997082889 55.355792999
0.997007728 -0.014387405 -0.075950041 -3.452188969 0.015556593 0.999769211 0.014825036 -0.526081443 0.075719208 -0.015962202 0.997001350 56.301685333
0.996992648 -0.012665063 -0.076453499 -3.530826330 0.014002903 0.999757707 0.016988106 -0.525003970 0.076219819 -0.018007590 0.996928394 57.249622345
0.996894777 -0.011173909 -0.077947631 -3.609176636 0.012213639 0.999842584 0.012874854 -0.525068700 0.077791497 -0.013786899 0.996874273 58.179801941
0.996804118 -0.009565840 -0.079309709 -3.681288719 0.010005592 0.999936700 0.005149194 -0.531833768 0.079255424 -0.005926277 0.996836782 59.085529327
0.996768713 -0.008036316 -0.079921700 -3.768364906 0.008106280 0.999967098 0.000550975 -0.541620255 0.079914629 -0.001197063 0.996800959 60.004486084
0.996738911 -0.002742798 -0.080648661 -3.853586674 0.002851692 0.999995232 0.001235059 -0.550292134 0.080644883 -0.001461017 0.996741831 60.904079437
0.996632457 0.000084250 -0.081999801 -3.937705040 0.000210940 0.999993503 0.003591202 -0.562411308 0.081999570 -0.003596405 0.996625841 61.802700043
0.996545374 0.002585249 -0.083010055 -4.010933876 -0.002181645 0.999985278 0.004952434 -0.572527826 0.083021641 -0.004754226 0.996536374 62.680606842
0.996423781 0.003101724 -0.084439777 -4.085751534 -0.002723136 0.999985695 0.004598338 -0.578940749 0.084452823 -0.004351953 0.996417940 63.548450470
0.996287107 0.004709829 -0.085963696 -4.165551186 -0.004257225 0.999976099 0.005447629 -0.587054312 0.085987292 -0.005061436 0.996283293 64.403503418
0.996198595 0.005831528 -0.086915985 -4.248402596 -0.005305689 0.999966145 0.006279743 -0.603075147 0.086949684 -0.005794723 0.996195793 65.232261658
0.996090412 0.005650700 -0.088158838 -4.325700760 -0.005067063 0.999963701 0.006842660 -0.611242473 0.088194311 -0.006369203 0.996082842 66.048454285
0.995983481 0.005278483 -0.089382038 -4.400613785 -0.004599560 0.999958992 0.007800024 -0.617452562 0.089419536 -0.007357576 0.995966792 66.864036560
0.995828807 0.007856280 -0.090903737 -4.479455948 -0.006926591 0.999920487 0.010538138 -0.621201456 0.090979300 -0.009864528 0.995803833 67.665153503
0.995691299 0.009566884 -0.092235148 -4.554238319 -0.008245728 0.999857962 0.014694275 -0.628610969 0.092362650 -0.013870414 0.995628834 68.447273254
0.995490611 0.012996987 -0.093965381 -4.633752346 -0.011530925 0.999803424 0.016128326 -0.628637314 0.094156548 -0.014972089 0.995444834 69.220100403
0.995354295 0.015706971 -0.094990104 -4.715242386 -0.014597060 0.999816954 0.012368132 -0.640289903 0.095166966 -0.010924098 0.995401442 69.962539673
0.995198071 0.015831674 -0.096593536 -4.787945747 -0.015418729 0.999868512 0.005020075 -0.646243572 0.096660316 -0.003506619 0.995311201 70.686668396
0.995069802 0.014779669 -0.098069727 -4.857678890 -0.014929976 0.999888182 -0.000798946 -0.652349830 0.098046973 0.002259186 0.995179236 71.399963379
0.995019674 0.015339825 -0.098491684 -4.929679871 -0.015607675 0.999876201 -0.001949575 -0.657815814 0.098449603 0.003477092 0.995135963 72.091896057
0.994907975 0.018076653 -0.099152230 -5.007593155 -0.017998964 0.999836564 0.001678051 -0.669625401 0.099166356 0.000115131 0.995070815 72.766883850
0.994769692 0.018435188 -0.100465126 -5.079227924 -0.018118469 0.999827564 0.004064140 -0.686331868 0.100522712 -0.002222609 0.994932294 73.416824341
0.994730294 0.015125687 -0.101404138 -5.141599655 -0.015139901 0.999885082 0.000629469 -0.695110679 0.101402000 0.000909096 0.994845092 74.042686462
0.994808853 0.007037970 -0.101517051 -5.192764282 -0.007528337 0.999961674 -0.004448056 -0.709724665 0.101481855 0.005189219 0.994823873 74.663352966
0.994939804 0.003243735 -0.100420028 -5.247962952 -0.004207112 0.999947071 -0.009383176 -0.716490924 0.100384280 0.009758173 0.994900942 75.260375977
0.995205879 0.005381627 -0.097653762 -5.302562714 -0.006340403 0.999934614 -0.009510433 -0.728732049 0.097596183 0.010084003 0.995175123 75.847076416
0.995576859 0.010535061 -0.093358159 -5.367348194 -0.011200692 0.999915302 -0.006608719 -0.740493596 0.093280643 0.007625164 0.995610654 76.409988403
0.996016085 0.008899890 -0.088728786 -5.415949821 -0.009232044 0.999951780 -0.003333796 -0.752624631 0.088694848 0.004139663 0.996050179 76.965438843
0.996525764 0.005178639 -0.083123885 -5.451452255 -0.005164864 0.999986529 0.000380778 -0.755447865 0.083124757 0.000049868 0.996539116 77.514289856
0.997190714 0.000643698 -0.074901968 -5.479821205 -0.000318342 0.999990344 0.004355646 -0.775415659 0.074904054 -0.004319566 0.997181356 78.038612366
0.997913897 0.004508847 -0.064403541 -5.509959698 -0.004248446 0.999982357 0.004179645 -0.784032166 0.064421244 -0.003897312 0.997915208 78.560653687
0.998729587 0.009661253 -0.049456205 -5.535599232 -0.009491904 0.999948323 0.003657947 -0.790535927 0.049488980 -0.003183867 0.998769641 79.064064026
0.999410152 0.014728414 -0.031022765 -5.554606438 -0.014606250 0.999884665 0.004160784 -0.795070887 0.031080469 -0.003705204 0.999510050 79.558288574
0.999872267 0.013290574 -0.008877292 -5.543671608 -0.013247186 0.999900162 0.004928501 -0.802447438 0.008941896 -0.004810273 0.999948502 80.038276672
0.999802351 0.009875936 0.017254686 -5.512034416 -0.009979245 0.999932587 0.005911502 -0.809437990 -0.017195145 -0.006082521 0.999833763 80.491325378
0.998879433 0.008645303 0.046531960 -5.464392185 -0.009004152 0.999931216 0.007507789 -0.816932082 -0.046463862 -0.007918356 0.998888552 80.946907043
0.996803045 0.008221267 0.079473510 -5.406147003 -0.008996764 0.999915183 0.009404756 -0.827749133 -0.079389460 -0.010089694 0.996792614 81.395423889
0.993078470 0.008264272 0.117161594 -5.334332466 -0.009455762 0.999909043 0.009617433 -0.827731133 -0.117071450 -0.010658719 0.993066311 81.825851440
0.987229705 0.008547720 0.159073502 -5.244102478 -0.010241885 0.999899209 0.009833412 -0.833211720 -0.158973396 -0.011337050 0.987217784 82.253974915
0.978942573 0.008011172 0.203978270 -5.124458313 -0.010232661 0.999899209 0.009838425 -0.839908123 -0.203878909 -0.011718496 0.978926003 82.671440125
0.967448950 0.010321025 0.252855659 -4.992343903 -0.012640021 0.999891579 0.007548450 -0.845001996 -0.252750367 -0.010498839 0.967474580 83.067230225
0.951951683 0.011601629 0.306028426 -4.838449478 -0.013655193 0.999896228 0.004570363 -0.850177646 -0.305943668 -0.008529642 0.952011466 83.449851990
0.932242393 0.011555953 0.361649811 -4.671741486 -0.013462449 0.999905527 0.002752397 -0.858366132 -0.361583889 -0.007434595 0.932309926 83.789520264
0.907998085 0.011899672 0.418805301 -4.469734192 -0.013584945 0.999907136 0.001042342 -0.864410400 -0.418754041 -0.006635892 0.908075511 84.138885498
0.878781140 0.012334689 0.477065772 -4.255283356 -0.013399008 0.999909401 -0.001171284 -0.867448986 -0.477037072 -0.005362905 0.878866792 84.466827393
0.845360398 0.011175742 0.534079552 -4.009967804 -0.010877538 0.999933958 -0.003706503 -0.869715631 -0.534085691 -0.002676140 0.845426142 84.772377014
0.808163881 0.011181547 0.588851690 -3.751487732 -0.009959403 0.999936104 -0.005318836 -0.875855923 -0.588873565 -0.001566120 0.808223724 85.063781738
0.768413901 0.009239323 0.639886439 -3.466026306 -0.008736685 0.999953985 -0.003946806 -0.887563705 -0.639893472 -0.002557706 0.768459380 85.339355469
0.727311969 0.008456827 0.686254919 -3.178791046 -0.010895677 0.999940336 -0.000774881 -0.906959116 -0.686220586 -0.006913632 0.727360666 85.546867371
0.681791842 0.007615312 0.731506646 -2.876823425 -0.010349190 0.999946177 -0.000764051 -0.910351455 -0.731473148 -0.007049579 0.681833863 85.778625488
0.635195017 0.006408469 0.772325158 -2.552642822 -0.007360253 0.999970376 -0.002243981 -0.915377736 -0.772316813 -0.004259144 0.635223269 85.986564636
0.588339388 0.003593440 0.808606207 -2.216983795 -0.001867808 0.999993443 -0.003084954 -0.924686730 -0.808612108 0.000304678 0.588342071 86.170532227
0.541774035 0.005356061 0.840507090 -1.882926941 -0.004017181 0.999984801 -0.003782924 -0.936503530 -0.840514660 -0.001326979 0.541787207 86.338539124
0.494596958 0.008658697 0.869079292 -1.547794342 -0.007194142 0.999956846 -0.005868421 -0.938011765 -0.869092703 -0.003349778 0.494637787 86.494430542
0.447956830 0.010680407 0.893991411 -1.219795227 -0.009180531 0.999930918 -0.007345919 -0.953338861 -0.894008040 -0.004916660 0.448023915 86.636840820
0.405093223 0.008469672 0.914236188 -0.868289948 -0.001854470 0.999962687 -0.008442153 -0.954901814 -0.914273560 0.001724435 0.405093729 86.751495361
0.366324186 0.000226806 0.930487216 -0.493927002 0.013443838 0.999894321 -0.005536436 -0.960826933 -0.930390179 0.014537449 0.366282344 86.832130432
0.330653667 -0.003366121 0.943746150 -0.128343582 0.017163949 0.999849677 -0.002447379 -0.965756595 -0.943596125 0.017007643 0.330661714 86.924468994
0.297878623 0.000962360 0.954603255 0.238721848 0.014523695 0.999879241 -0.005540039 -0.970805705 -0.954493225 0.015514623 0.297828674 87.015830994
0.266104341 0.008707570 0.963904917 0.600580215 0.003468751 0.999944031 -0.009990751 -0.981794894 -0.963937998 0.006002127 0.266059279 87.128150940
0.237891689 0.013175615 0.971202433 0.981292725 -0.001424942 0.999911487 -0.013216060 -0.997394919 -0.971290648 0.001760083 0.237889394 87.208488464
0.212191045 0.014687584 0.977117896 1.370244980 -0.000307149 0.999887884 -0.014963155 -1.012578964 -0.977228165 0.002874926 0.212171763 87.271202087
0.188448057 0.015926629 0.981954098 1.780204773 0.007162120 0.999819577 -0.017590890 -1.022865057 -0.982056975 0.010347841 0.188299969 87.329757690
0.168569148 0.022110987 0.985441804 2.193044662 0.014527615 0.999584019 -0.024913389 -1.020977259 -0.985582769 0.018515745 0.168177754 87.370635986
0.148782864 0.029328348 0.988434851 2.611038208 0.016319580 0.999351084 -0.032108732 -1.014908314 -0.988735199 0.020908071 0.148207724 87.423278809
0.131189838 0.029748501 0.990910709 3.046198845 0.013908836 0.999395967 -0.031844664 -1.029624939 -0.991259634 0.017960113 0.130696878 87.473930359
0.115706310 0.025612751 0.992953181 3.508510590 0.011849904 0.999560654 -0.027164031 -1.050308466 -0.993212700 0.014909448 0.115352020 87.525871277
0.101257846 0.022534670 0.994605005 3.982533455 0.012342962 0.999638021 -0.023905305 -1.067071199 -0.994783580 0.014696972 0.100943051 87.565528870
0.088153325 0.019976165 0.995906651 4.465041637 0.014790423 0.999662399 -0.021360686 -1.082087994 -0.995997131 0.016612895 0.087828130 87.595306396
0.076479562 0.019196099 0.996886373 4.959172726 0.018483611 0.999615550 -0.020666687 -1.096038699 -0.996899903 0.020006636 0.076095358 87.620475769
0.066099495 0.019879591 0.997615039 5.476170540 0.021402827 0.999543309 -0.021336116 -1.112377167 -0.997583449 0.022762088 0.065643840 87.651939392
0.058338616 0.020500608 0.998086333 5.997966290 0.023765815 0.999477267 -0.021918299 -1.122506142 -0.998013914 0.024999017 0.057820905 87.672737122
0.052840363 0.020792555 0.998386502 6.546572685 0.025380943 0.999432266 -0.022157641 -1.137462139 -0.998280466 0.026510810 0.052282628 87.696357727
0.047041021 0.021742983 0.998656273 7.111282825 0.026854737 0.999374211 -0.023023583 -1.154165387 -0.998531938 0.027901707 0.046427675 87.722877502
0.041444212 0.022580191 0.998885691 7.693770409 0.027494391 0.999340236 -0.023731217 -1.165728807 -0.998762608 0.028447270 0.040796038 87.737503052
0.036943819 0.022495199 0.999064147 8.297848701 0.030024407 0.999270260 -0.023610096 -1.182553768 -0.998866200 0.030868553 0.036241457 87.755706787
0.034042764 0.022622554 0.999164283 8.914730072 0.031359263 0.999227285 -0.023692429 -1.199525714 -0.998928249 0.032139603 0.033307027 87.772552490
0.030969657 0.022123452 0.999275506 9.554025650 0.032368902 0.999208450 -0.023125146 -1.217168689 -0.998996079 0.033061620 0.030229028 87.788940430
0.028785694 0.021367082 0.999357164 10.210071564 0.034504011 0.999154449 -0.022356613 -1.236036181 -0.998989820 0.035125390 0.028024105 87.803459167
0.028234957 0.021039763 0.999379814 10.885580063 0.039348543 0.998980224 -0.022143040 -1.253237367 -0.998826504 0.039949358 0.027378274 87.813636780
0.029212024 0.020500153 0.999363005 11.582608223 0.042687889 0.998851955 -0.021737466 -1.273301601 -0.998661280 0.043295689 0.028303375 87.831077576
0.031517547 0.020680131 0.999289274 12.284664154 0.043996360 0.998788059 -0.022057407 -1.290166378 -0.998534501 0.044660278 0.030569503 87.849525452
0.035245702 0.020860713 0.999160945 13.007288933 0.046296421 0.998674631 -0.022483680 -1.307154417 -0.998305738 0.047050033 0.034233209 87.877029419
0.039630562 0.020132607 0.999011636 13.739934921 0.046935719 0.998655915 -0.021987364 -1.330427527 -0.998111367 0.047760695 0.038632359 87.906013489
0.043846730 0.018601689 0.998865068 14.504220009 0.048514295 0.998607337 -0.020726502 -1.346883059 -0.997859657 0.049368028 0.042883221 87.934349060
0.047592193 0.016997373 0.998722196 15.265905380 0.048225500 0.998650014 -0.019294240 -1.366917372 -0.997702003 0.049082134 0.046708241 87.976020813
0.051556405 0.014799771 0.998560429 16.045194626 0.045184184 0.998831630 -0.017136682 -1.389620781 -0.997647464 0.046002641 0.050827462 88.031143188
0.055596087 0.013811165 0.998357832 16.851930618 0.044259850 0.998887300 -0.016283214 -1.406619310 -0.997471869 0.045092445 0.054922938 88.079040527
0.059661053 0.014858434 0.998108089 17.654294968 0.041436587 0.998990476 -0.017348407 -1.425245523 -0.997358322 0.042393215 0.058985136 88.138862610
0.062743202 0.018808426 0.997852504 18.445678711 0.039210074 0.999003947 -0.021295594 -1.453264594 -0.997259200 0.040462028 0.061943237 88.189628601
0.064444534 0.024066940 0.997631073 19.259817123 0.033287749 0.999100804 -0.026252711 -1.478473902 -0.997365952 0.034900729 0.063585460 88.248603821
0.064260602 0.027225645 0.997561753 20.071311951 0.030631734 0.999102890 -0.029240930 -1.503401518 -0.997462928 0.032436080 0.063368984 88.306396484
0.064116612 0.026945069 0.997578681 20.887475967 0.028445089 0.999179780 -0.028816555 -1.530581951 -0.997536957 0.030223832 0.063297585 88.372871399
0.064456284 0.024853762 0.997610986 21.709218979 0.025536917 0.999321282 -0.026546331 -1.568125248 -0.997593701 0.027186980 0.063777842 88.426734924
0.063944295 0.023732249 0.997671306 22.528381348 0.026334891 0.999328911 -0.025459576 -1.597367525 -0.997605920 0.027901556 0.063276388 88.488838196
0.064261302 0.022657661 0.997675776 23.342020035 0.023904469 0.999420285 -0.024236988 -1.634840488 -0.997646689 0.025406407 0.063682429 88.549667358
0.064677112 0.022853736 0.997644484 24.145538330 0.021988804 0.999462306 -0.024320908 -1.667736292 -0.997663856 0.023510011 0.064139798 88.596450806
0.064816885 0.023477210 0.997621000 24.976184845 0.018792136 0.999517202 -0.024742786 -1.701931715 -0.997720122 0.020351183 0.064344406 88.659240723
0.063778043 0.024874995 0.997654021 25.786787033 0.015969476 0.999535859 -0.025942810 -1.731773138 -0.997836173 0.017586596 0.063351199 88.714904785
0.060331073 0.024809264 0.997870147 26.599798203 0.012694151 0.999591172 -0.025619540 -1.761398077 -0.998097658 0.014212773 0.059991475 88.779541016
0.056382682 0.023536017 0.998131812 27.409749985 0.010366127 0.999654472 -0.024157485 -1.791123867 -0.998355448 0.011708827 0.056119222 88.834175110
0.051929086 0.020912841 0.998431683 28.216806412 0.008023456 0.999739647 -0.021357538 -1.824027538 -0.998618543 0.009119951 0.051747780 88.872741699
0.045987859 0.018645976 0.998767912 29.030136108 0.005829330 0.999803603 -0.018933719 -1.854320765 -0.998924911 0.006692869 0.045870148 88.911613464
0.038070481 0.018934831 0.999095619 29.836885452 0.005382197 0.999801993 -0.019153308 -1.882617712 -0.999260485 0.006106505 0.037961032 88.947708130
0.029719830 0.019884327 0.999360442 30.640216827 0.005144799 0.999785781 -0.020045793 -1.908047676 -0.999545038 0.005737265 0.029611165 88.966651917
0.019587144 0.020279558 0.999602497 31.443298340 0.005618114 0.999776185 -0.020393169 -1.931574345 -0.999792337 0.006015325 0.019468825 88.984130859
0.009415172 0.019375376 0.999767900 32.243930817 0.007630489 0.999781728 -0.019447500 -1.958754420 -0.999926567 0.007811820 0.009265274 88.990303040
-0.001430393 0.018692112 0.999824405 33.038761139 0.006332097 0.999805331 -0.018682696 -1.982395649 -0.999978900 0.006304261 -0.001548475 88.989486694
-0.012458897 0.017942773 0.999761403 33.826992035 0.007820468 0.999810100 -0.017846188 -2.006754160 -0.999891758 0.007596258 -0.012596854 88.976364136
-0.023543168 0.018385332 0.999553740 34.608905792 0.007877159 0.999803245 -0.018204391 -2.032909393 -0.999691784 0.007445055 -0.023683360 88.958183289
-0.034543909 0.019032536 0.999221921 35.388298035 0.008133130 0.999790967 -0.018762209 -2.057084560 -0.999370098 0.007478683 -0.034691475 88.929794312
-0.045017555 0.019859323 0.998788834 36.165222168 0.007533518 0.999780715 -0.019539494 -2.085871220 -0.998957813 0.006644773 -0.045157302 88.891067505
-0.055430193 0.021024849 0.998241186 36.929290771 0.008106970 0.999754786 -0.020606566 -2.108259439 -0.998429656 0.006950486 -0.055587061 88.849357605
-0.064750105 0.021534408 0.997669101 37.683628082 0.009547714 0.999734759 -0.020959329 -2.139007092 -0.997855783 0.008168343 -0.064938530 88.791946411
-0.074794814 0.021967018 0.996957004 38.459007263 0.009496893 0.999727547 -0.021315582 -2.166950703 -0.997153640 0.007873698 -0.074983060 88.742965698
-0.084306501 0.022396006 0.996188164 39.198478699 0.010136062 0.999714851 -0.021617491 -2.192888737 -0.996388197 0.008274932 -0.084509477 88.683143616
-0.092739657 0.021760039 0.995452583 39.930530548 0.011557806 0.999717355 -0.020776505 -2.217788458 -0.995623291 0.009578445 -0.092964932 88.606063843
-0.100159891 0.020712983 0.994755745 40.654907227 0.013017374 0.999724984 -0.019505763 -2.243507147 -0.994886100 0.010995411 -0.100401968 88.531661987
-0.105088137 0.018998271 0.994281352 41.400074005 0.016031403 0.999719918 -0.017407786 -2.275153637 -0.994333684 0.014110378 -0.105363287 88.439926147
-0.108235985 0.017466677 0.993971765 42.106201172 0.019452333 0.999691486 -0.015448973 -2.296813250 -0.993934929 0.017662937 -0.108542353 88.347045898
-0.111352421 0.016468497 0.993644536 42.818592072 0.020443248 0.999688923 -0.014277714 -2.317909241 -0.993570685 0.018723464 -0.111654460 88.274024963
-0.113069057 0.015336921 0.993468702 43.502876282 0.020399345 0.999705851 -0.013111511 -2.341946125 -0.993377686 0.018783607 -0.113348648 88.197082520
-0.114145219 0.015884507 0.993337095 44.170753479 0.021328803 0.999680817 -0.013535039 -2.362273693 -0.993235111 0.019641729 -0.114447579 88.123329163
-0.113050893 0.016782034 0.993447483 44.822093964 0.021843068 0.999657631 -0.014401276 -2.382797003 -0.993349135 0.020071860 -0.113378748 88.048599243
-0.109901711 0.018447524 0.993771255 45.447498322 0.023227628 0.999602258 -0.015987005 -2.404168367 -0.993671000 0.021325948 -0.110286489 87.979873657
-0.104755066 0.019113440 0.994314373 46.069648743 0.023506498 0.999583483 -0.016738221 -2.422019720 -0.994220197 0.021619432 -0.105160743 87.912612915
-0.096775413 0.019852001 0.995108247 46.665473938 0.022869499 0.999581397 -0.017717151 -2.441180229 -0.995043397 0.021043045 -0.097188927 87.860839844
-0.085770249 0.019841263 0.996117353 47.245300293 0.021553989 0.999604642 -0.018054822 -2.463675499 -0.996081889 0.019921741 -0.086164013 87.821746826
-0.071886092 0.019999355 0.997212350 47.809886932 0.021133805 0.999604881 -0.018523866 -2.485899448 -0.997188926 0.019743286 -0.072280392 87.786819458
-0.054965515 0.021144912 0.998264313 48.351100922 0.019501373 0.999607682 -0.020099595 -2.513635874 -0.998297691 0.018362740 -0.055356316 87.775581360
-0.033538647 0.023602189 0.999158740 48.884757996 0.017556857 0.999580741 -0.023022829 -2.535055399 -0.999283135 0.016769933 -0.033938974 87.774513245
-0.009103391 0.026456911 0.999608517 49.401454926 0.015453344 0.999534190 -0.026314212 -2.559921980 -0.999839067 0.015207748 -0.009508003 87.790252686
0.019170277 0.028300058 0.999415696 49.926082611 0.013849726 0.999495804 -0.028567985 -2.580884457 -0.999720335 0.014389288 0.018768664 87.820915222
0.052412529 0.027719852 0.998240709 50.430976868 0.011520008 0.999531388 -0.028360546 -2.603566647 -0.998559058 0.012986190 0.052068628 87.863769531
0.091120988 0.025403038 0.995515764 50.929634094 0.010794489 0.999590635 -0.026495053 -2.621750116 -0.995781302 0.013160340 0.090809472 87.921913147
0.132842019 0.021522924 0.990903497 51.429115295 0.008770151 0.999699593 -0.022889717 -2.640552044 -0.991098464 0.011731092 0.132613361 88.018836975
0.178420722 0.017408261 0.983800292 51.916496277 0.005925429 0.999806345 -0.018766111 -2.660618305 -0.983936429 0.009177702 0.178283006 88.128875732
0.226463065 0.014087952 0.973917842 52.396881104 0.001574003 0.999888778 -0.014829626 -2.678895473 -0.974018514 0.004891312 0.226415724 88.279045105
0.278341413 0.012424362 0.960401833 52.881259918 -0.002001037 0.999921620 -0.012355680 -2.696154356 -0.960480094 0.001517297 0.278344423 88.438034058
0.333751649 0.012481820 0.942578435 53.336826324 -0.002680276 0.999920785 -0.012292118 -2.704879284 -0.942657173 0.001576143 0.333758652 88.627372742
0.391916454 0.012572329 0.919914901 53.776969910 0.000064255 0.999906242 -0.013692933 -2.719263792 -0.920000792 0.005425595 0.391878843 88.840484619
0.448954225 0.016563583 0.893401325 54.174613953 0.000825846 0.999819994 -0.018951587 -2.728302002 -0.893554389 0.009246205 0.448859721 89.112182617
0.508699358 0.019681701 0.860719383 54.569145203 0.002591069 0.999699116 -0.024391057 -2.742666006 -0.860940337 0.014637897 0.508495212 89.382781982
0.568228126 0.024105961 0.822518110 54.946907043 -0.001106918 0.999592245 -0.028530866 -2.750633001 -0.822870493 0.015301580 0.568023026 89.668121338
0.623367071 0.026396850 0.781483769 55.293418884 -0.004955039 0.999543250 -0.029809944 -2.773251534 -0.781913698 0.014710257 0.623213172 90.003692627
0.675188124 0.027583944 0.737129569 55.585742950 -0.006257224 0.999478757 -0.031669818 -2.783240557 -0.737618983 0.016770704 0.675008774 90.342155457
0.725153029 0.024736365 0.688143373 55.898632050 -0.005933954 0.999541759 -0.029676966 -2.807426691 -0.688562334 0.017436929 0.724967539 90.702033997
0.769988656 0.021691903 0.637688756 56.154674530 -0.008096665 0.999673605 -0.024228886 -2.821952820 -0.638006151 0.013492813 0.769913077 91.084854126
0.810821831 0.019049758 0.584982932 56.394653320 -0.009602359 0.999768615 -0.019247657 -2.808925629 -0.585214317 0.009989202 0.810817182 91.506065369
0.847183406 0.017916061 0.530998588 56.609989166 -0.012510018 0.999826849 -0.013775326 -2.805459023 -0.531153440 0.005027425 0.847260773 91.935302734
0.878715158 0.012153124 0.477191508 56.805671692 -0.011303290 0.999925315 -0.004651890 -2.835587978 -0.477212429 -0.001306147 0.878786981 92.351249695
0.904577136 0.012830108 0.426116794 56.971485138 -0.014676128 0.999891818 0.001048938 -2.846243143 -0.426057279 -0.007202591 0.904667556 92.791229248
0.924647689 0.014561257 0.380545229 57.103839874 -0.017828032 0.999828279 0.005060874 -2.859210253 -0.380406231 -0.011463901 0.924748421 93.230972290
0.939823627 0.020767370 0.341028333 57.213356018 -0.024879597 0.999660790 0.007688819 -2.866300106 -0.340753078 -0.015710782 0.940021634 93.673576355
0.951565444 0.025409969 0.306394547 57.318458557 -0.028859884 0.999560833 0.006733995 -2.866183281 -0.306088895 -0.015250349 0.951880813 94.121292114
0.960969508 0.026597969 0.275372863 57.434806824 -0.029803401 0.999527991 0.007461695 -2.867045641 -0.275044441 -0.015377509 0.961308479 94.584632874
0.967037559 0.022083865 0.253674328 57.545597076 -0.024579801 0.999675512 0.006673468 -2.860910892 -0.253444701 -0.012688758 0.967266619 95.050590515
0.971022904 0.018702863 0.238253847 57.651351929 -0.021131156 0.999747396 0.007641833 -2.867288828 -0.238050804 -0.012454973 0.971172869 95.532592773
0.973924041 0.023441643 0.225660339 57.745613098 -0.025663123 0.999646723 0.006915569 -2.864463806 -0.225418523 -0.012526388 0.974181473 96.027580261
0.975981414 0.028481703 0.215984121 57.840476990 -0.030861329 0.999494433 0.007652322 -2.862799168 -0.215657011 -0.014134085 0.976366878 96.530647278
0.977107942 0.036062293 0.209665507 57.935081482 -0.038226914 0.999249279 0.006279522 -2.859228611 -0.209281743 -0.014150640 0.977752984 97.035438538
0.977312326 0.042987555 0.207395047 58.019279480 -0.044653971 0.998996854 0.003358054 -2.875532389 -0.207042694 -0.012542880 0.978251517 97.559051514
0.977446556 0.045367420 0.206252158 58.134399414 -0.046602737 0.998912811 0.001132545 -2.887977362 -0.205976591 -0.010718921 0.978498161 98.070434570
0.977087915 0.042430572 0.208564162 58.258159637 -0.042778108 0.999080479 -0.002846046 -2.886408806 -0.208493173 -0.006141144 0.978004515 98.600440979
0.976282537 0.041348148 0.212515518 58.379928589 -0.040229488 0.999144316 -0.009587236 -2.887027502 -0.212730154 0.000810462 0.977110624 99.148834229
0.975374401 0.041410662 0.216633573 58.504558563 -0.039188072 0.999125779 -0.014547269 -2.887308121 -0.217046633 0.005699580 0.976144552 99.706916809
0.974118888 0.046579380 0.221185476 58.623981476 -0.044630617 0.998908162 -0.013802919 -2.900979996 -0.221586913 0.003574041 0.975134075 100.285697937
0.972694755 0.049503531 0.226747319 58.754535675 -0.048472151 0.998773277 -0.010117838 -2.906481743 -0.226970047 -0.001149361 0.973901153 100.874259949
0.971743107 0.046421751 0.231431141 58.903076172 -0.046507239 0.998904943 -0.005089309 -2.922238827 -0.231413990 -0.005817724 0.972837985 101.484779358
0.971044123 0.042211790 0.235141367 59.057472229 -0.043505114 0.999053180 0.000312846 -2.928848982 -0.234905556 -0.010533640 0.971961141 102.098587036
0.970237851 0.039637797 0.238887861 59.213844299 -0.042066414 0.999101996 0.005074454 -2.935220480 -0.238472193 -0.014972583 0.971033931 102.724479675
0.969728589 0.034385353 0.241751656 59.377197266 -0.036905512 0.999301255 0.005902762 -2.942390919 -0.241379797 -0.014646049 0.970320165 103.353630066
0.969645739 0.031407855 0.242488429 59.531883240 -0.033038478 0.999450505 0.002660001 -2.944716215 -0.242271647 -0.010590708 0.970150650 103.997581482
0.969869614 0.030757820 0.241675228 59.706329346 -0.030591061 0.999522030 -0.004443076 -2.951296091 -0.241696358 -0.003083897 0.970347047 104.647361755
0.970010579 0.032978151 0.240815133 59.864143372 -0.031242581 0.999451041 -0.011022616 -2.958065510 -0.241046458 0.003168368 0.970508456 105.306167603
0.970508635 0.036331046 0.238313153 60.020401001 -0.033688124 0.999317527 -0.015155007 -2.958353281 -0.238701105 0.006679742 0.971070170 105.988220215
0.971153617 0.034446493 0.235953689 60.186019897 -0.032852933 0.999403059 -0.010683006 -2.966243267 -0.236180842 0.002623070 0.971705616 106.678192139
0.971683800 0.029969620 0.234376907 60.362316132 -0.030148245 0.999541402 -0.002821578 -2.980982065 -0.234354034 -0.004324374 0.972141683 107.372856140
0.972273469 0.030349264 0.231869191 60.529190063 -0.031929635 0.999485314 0.003065080 -2.991866350 -0.231656849 -0.010383597 0.972742200 108.092514038
0.972548306 0.033627044 0.230258912 60.686248779 -0.035162643 0.999378204 0.002567699 -3.003560305 -0.230029419 -0.010593725 0.973126054 108.815490723
0.972851992 0.039680611 0.228001267 60.849159241 -0.040219773 0.999188185 -0.002282972 -3.003470659 -0.227906764 -0.006949164 0.973658204 109.545799255
0.973741531 0.040554367 0.224014968 61.013572693 -0.039861877 0.999176145 -0.007614637 -3.009311676 -0.224139199 -0.001514968 0.974555969 110.281265259
0.974648833 0.038988579 0.220317081 61.182029724 -0.037607383 0.999237835 -0.010461608 -3.020086765 -0.220557049 0.001910845 0.975372255 111.044281006
0.975586295 0.036869377 0.216499493 61.350482941 -0.035788544 0.999319613 -0.008912190 -3.030167103 -0.216680780 0.000946410 0.976242125 111.816375732
0.976466835 0.033189986 0.213098437 61.518806458 -0.032472223 0.999448955 -0.006868428 -3.041834593 -0.213209018 -0.000212990 0.977006614 112.596031189
0.976898015 0.031800691 0.211326644 61.690010071 -0.031664614 0.999490321 -0.004028813 -3.054948092 -0.211347058 -0.002755836 0.977407157 113.382919312
0.977261841 0.028486948 0.210113481 61.861549377 -0.028750185 0.999584973 -0.001802149 -3.060235023 -0.210077599 -0.004279631 0.977675259 114.184349060
0.977445066 0.023508780 0.209877372 62.032592773 -0.023921143 0.999713600 -0.000573899 -3.068233728 -0.209830761 -0.004459551 0.977727592 114.980606079
0.977593482 0.024204066 0.209105641 62.207389832 -0.024991233 0.999687076 0.001122757 -3.078440428 -0.209013075 -0.006323408 0.977892399 115.789916992
0.977362633 0.029430050 0.209513962 62.372570038 -0.029909771 0.999552250 -0.000879091 -3.084820509 -0.209446028 -0.005407324 0.977805257 116.608642578
0.977045178 0.035405375 0.210069358 62.533897400 -0.035286743 0.999367893 -0.004314075 -3.089715481 -0.210089341 -0.003197616 0.977676988 117.417396545
0.976506829 0.043914232 0.210964277 62.695747375 -0.043683462 0.999028862 -0.005756388 -3.099851131 -0.211012200 -0.003594496 0.977476835 118.238105774
0.975574195 0.050177481 0.213862702 62.861335754 -0.050253734 0.998723626 -0.005083552 -3.116771698 -0.213844806 -0.005788018 0.976850510 119.056602478
0.974851310 0.052207150 0.216655180 63.042518616 -0.052759718 0.998601913 -0.003236840 -3.128603458 -0.216521263 -0.008275229 0.976242840 119.906547546
0.974346399 0.052561715 0.218829632 63.229797363 -0.052957684 0.998588383 -0.004059740 -3.140527964 -0.218734100 -0.007633116 0.975754678 120.740753174
0.973888695 0.051272031 0.221161157 63.408653259 -0.050962679 0.998675227 -0.007108564 -3.147993803 -0.221232623 -0.004348016 0.975211382 121.576484680
0.973916173 0.045130674 0.222374871 63.607620239 -0.044989962 0.998971224 -0.005701141 -3.163708210 -0.222403392 -0.004452202 0.974944592 122.413352966
0.974043489 0.038748156 0.223020092 63.798755646 -0.038089842 0.999248028 -0.007254289 -3.182300568 -0.223133445 -0.001428808 0.974786878 123.265708923
0.973910570 0.037529383 0.223807618 63.997314453 -0.036946792 0.999294102 -0.006791643 -3.203392029 -0.223904535 -0.001654522 0.974609733 124.083328247
0.973397851 0.039948151 0.225612238 64.188568115 -0.040041927 0.999189377 -0.004162192 -3.213028669 -0.225595638 -0.004982480 0.974208295 124.932357788
0.972886741 0.042155653 0.227407873 64.368553162 -0.043721627 0.999042034 0.001850952 -3.227538347 -0.227111995 -0.011743410 0.973797977 125.774261475
0.972479045 0.046145987 0.228375033 64.554283142 -0.048780106 0.998792112 0.005899830 -3.240741253 -0.227826953 -0.016877620 0.973555446 126.615737915
0.972257435 0.045332436 0.229479223 64.747268677 -0.046502665 0.998918176 -0.000308711 -3.256106615 -0.229244977 -0.010371249 0.973313570 127.455627441
0.972576380 0.040847052 0.228968918 64.940605164 -0.038450856 0.999149084 -0.014918609 -3.267929554 -0.229383513 0.005705439 0.973319411 128.246749878
