1.000000000 0.000000000 0.000000000 0.000000000 0.000000000 1.000000000 0.000000000 0.000000000 0.000000000 0.000000000 1.000000000 0.000000000
0.999042392 -0.000548425 0.043749239 0.046174452 0.000651040 0.999997079 -0.002331313 -0.021017149 -0.043747835 0.002357564 0.999039829 1.025558352
0.996024966 -0.004671781 0.088951476 0.138130873 0.005353566 0.999958098 -0.007427655 -0.037872456 -0.088913053 0.007874338 0.996008277 2.047898769
0.990859985 -0.004073577 0.134832799 0.269234657 0.005689679 0.999916494 -0.011602802 -0.059325375 -0.134774297 0.012263909 0.990800440 3.056189299
0.983532727 -0.001248543 0.180725962 0.450741827 0.003761309 0.999900877 -0.013561701 -0.092525542 -0.180691108 0.014018142 0.983439982 4.092412472
0.974013031 -0.003710093 0.226461247 0.687954307 0.006951453 0.999884486 -0.013517284 -0.123915464 -0.226384968 0.014740248 0.973926306 5.093471527
0.962344229 -0.004156183 0.271801978 0.961921930 0.008481513 0.999855399 -0.014740704 -0.155746445 -0.271701485 0.016490923 0.962240219 6.095441341
0.948783755 -0.006957067 0.315849662 1.286020517 0.013108724 0.999763429 -0.017356118 -0.188878834 -0.315654129 0.020607589 0.948650479 7.078902721
0.933629692 -0.008700023 0.358133942 1.659594774 0.016686065 0.999676108 -0.019214597 -0.219652325 -0.357850790 0.023915166 0.933472514 8.035632133
0.916272879 -0.008619654 0.400462151 2.069056988 0.018199455 0.999631763 -0.020124717 -0.250165612 -0.400141269 0.025727920 0.916092336 8.972391129
0.896764159 -0.009251957 0.442412078 2.530500650 0.019499764 0.999636471 -0.018620862 -0.288826108 -0.442078948 0.025325447 0.896618545 9.896714211
0.874949932 -0.008909239 0.484131426 3.021910667 0.019939885 0.999645531 -0.017640501 -0.325082958 -0.483802646 0.025088081 0.874817431 10.781426430
0.850928247 -0.008836016 0.525207758 3.550304413 0.020521803 0.999654412 -0.016430868 -0.359149754 -0.524881005 0.024759695 0.850815415 11.647518158
0.825434685 -0.009488424 0.564417839 4.138667107 0.022684081 0.999608636 -0.016369985 -0.396923840 -0.564041674 0.026315652 0.825326920 12.499826431
0.798200071 -0.011276576 0.602286816 4.745382309 0.026124723 0.999532044 -0.015908461 -0.430411696 -0.601825595 0.028432710 0.798121214 13.293552399
0.769337058 -0.009964236 0.638765335 5.410807610 0.026539125 0.999513686 -0.016372431 -0.465446472 -0.638291597 0.029548192 0.769227386 14.104626656
0.738787770 -0.013197136 0.673808932 6.087098122 0.031515002 0.999391019 -0.014980212 -0.496990800 -0.673200846 0.032302290 0.738753736 14.835578918
0.706789792 -0.012519760 0.707312703 6.837702751 0.032091357 0.999381542 -0.014378127 -0.527821064 -0.706695318 0.032860938 0.706754565 15.578043938
0.672698021 -0.011123551 0.739833415 7.588580132 0.032945462 0.999345660 -0.014930492 -0.562674999 -0.739183247 0.034417868 0.672624350 16.259983063
0.637146056 -0.012317875 0.770644605 8.394646645 0.037862040 0.999165356 -0.015332692 -0.584840894 -0.769812524 0.038947344 0.637080669 16.924404144
0.600459576 -0.010549065 0.799585521 9.185190201 0.037982021 0.999160647 -0.015341023 -0.613398314 -0.798752546 0.039581537 0.600356340 17.515964508
0.562750816 -0.009489144 0.826572061 10.041454315 0.041117374 0.999017596 -0.016524887 -0.644322574 -0.825603366 0.043285869 0.562588274 18.095603943
0.523752332 -0.007475798 0.851837814 10.881458282 0.045666087 0.998770058 -0.019312497 -0.667387426 -0.850645661 0.049015064 0.523449600 18.613893509
0.485260069 -0.006620670 0.874344826 11.782740593 0.047199219 0.998711705 -0.018633092 -0.695655465 -0.873095155 0.050310276 0.484947354 19.102994919
0.446862727 -0.008464894 0.894562542 12.678338051 0.052513104 0.998479128 -0.016783768 -0.723516226 -0.893059969 0.054476295 0.446627676 19.540817261
0.410148680 -0.009239638 0.911971867 13.617542267 0.056547623 0.998282373 -0.015317540 -0.751815736 -0.910263956 0.057852313 0.409966618 19.949398041
0.375152379 -0.006811145 0.926938117 14.554097176 0.058077004 0.998181164 -0.016170409 -0.779209614 -0.925142050 0.059900157 0.374865592 20.318283081
0.341638356 -0.007666973 0.939800203 15.525391579 0.058562476 0.998197198 -0.013145384 -0.802967310 -0.938005149 0.059527989 0.341471463 20.669956207
0.308214575 -0.009174278 0.951272607 16.526185989 0.061059128 0.998082399 -0.010157581 -0.823239207 -0.949355245 0.061214592 0.308183759 20.986217499
0.275633305 -0.009149557 0.961219311 17.518581390 0.061807334 0.998054206 -0.008223314 -0.845439434 -0.959273756 0.061677016 0.275662482 21.263246536
0.243420616 -0.006309131 0.969900429 18.519468307 0.059155524 0.998213828 -0.008353245 -0.868634343 -0.968115151 0.059408311 0.243359059 21.515676498
0.212499171 -0.004763263 0.977149665 19.557876587 0.058928672 0.998230517 -0.007949097 -0.883431077 -0.975382745 0.059271310 0.212403834 21.740470886
0.181923866 -0.004605037 0.983301818 20.586992264 0.060673684 0.998136163 -0.006550927 -0.902813077 -0.981438875 0.060852312 0.181864232 21.933567047
0.151073322 -0.004718724 0.988511324 21.646898270 0.062174421 0.998054028 -0.004737786 -0.915013433 -0.986565351 0.062175870 0.151072726 22.094369888
0.120518982 -0.005383093 0.992696404 22.742097855 0.060597729 0.998160362 -0.001944184 -0.927396059 -0.990859747 0.060389452 0.120623462 22.224569321
0.091356933 -0.005851466 0.995801032 23.822401047 0.061258212 0.998121917 0.000245143 -0.942579746 -0.993932247 0.060978595 0.091543809 22.317895889
0.064305604 -0.005662476 0.997914135 24.945089340 0.063993789 0.997949123 0.001538915 -0.948245168 -0.995876431 0.063761346 0.064536057 22.379325867
0.039591528 -0.005065626 0.999203026 26.063337326 0.068204954 0.997668564 0.002355355 -0.953440189 -0.996885538 0.068057343 0.039844722 22.407150269
0.016899511 -0.004513918 0.999846935 27.239852905 0.072488092 0.997363865 0.003277508 -0.954448342 -0.997226119 0.072421618 0.017182166 22.416629791
-0.003222284 -0.004585772 0.999984384 28.395183563 0.078213394 0.996924996 0.004823773 -0.953622818 -0.996931434 0.078227706 -0.002853707 22.404947281
-0.020249985 -0.005409376 0.999780416 29.577117920 0.082603812 0.996557415 0.007065032 -0.957220435 -0.996376693 0.082728744 -0.019733438 22.356132507
-0.035911150 -0.005282920 0.999340951 30.789043427 0.085691974 0.996286750 0.008346101 -0.955909729 -0.995674253 0.085935213 -0.035325103 22.303924561
-0.050217971 -0.005777820 0.998721540 31.988300323 0.087944992 0.996073186 0.010184574 -0.950041652 -0.994858623 0.088344023 -0.049512643 22.244836807
-0.063294128 -0.006897285 0.997971058 33.203189850 0.088151291 0.996028960 0.012474663 -0.947665751 -0.994094133 0.088761993 -0.062434781 22.159429550
-0.075265184 -0.006650989 0.997141361 34.404197693 0.087883294 0.996042252 0.013277175 -0.942984939 -0.993283212 0.088631377 -0.074382804 22.071628571
-0.086724795 -0.004081333 0.996223927 35.635414124 0.087736450 0.996074736 0.011718488 -0.941541314 -0.992361367 0.088421442 -0.086026289 21.974287033
-0.096938983 -0.000558367 0.995290101 36.867774963 0.088169336 0.996063530 0.009146293 -0.932011962 -0.991377354 0.088640720 -0.096508145 21.856594086
-0.106204793 0.001769954 0.994342625 38.135906219 0.089521378 0.995954454 0.007788870 -0.932597458 -0.990306199 0.089842141 -0.105933569 21.725614548
-0.113463774 0.002948456 0.993537784 39.419773102 0.089302018 0.995978236 0.007242753 -0.922507048 -0.989520669 0.089546718 -0.113270752 21.581390381
-0.119162589 0.003505143 0.992868543 40.718650818 0.088938326 0.996011376 0.007158007 -0.917551756 -0.988883317 0.089157030 -0.118999027 21.427230835
-0.124292269 0.005284713 0.992231548 42.040134430 0.090272494 0.995899022 0.006003773 -0.909640133 -0.988130629 0.090317450 -0.124259599 21.265243530
-0.128934249 0.006723636 0.991630375 43.374870300 0.089062437 0.996014357 0.004826759 -0.905893087 -0.987645626 0.088939346 -0.129019186 21.094272614
-0.133272901 0.007257889 0.991052866 44.743736267 0.089782469 0.995949984 0.004779842 -0.904100478 -0.987004340 0.089616194 -0.133384779 20.921466827
-0.136284530 0.006691490 0.990647137 46.149543762 0.089306414 0.995988786 0.005558424 -0.894412518 -0.986636162 0.089228675 -0.136335477 20.732585907
-0.139053181 0.004831009 0.990273118 47.584224701 0.090242155 0.995889246 0.007813308 -0.891264796 -0.986164570 0.090450838 -0.138917521 20.534482956
-0.140890181 0.003469564 0.990019083 49.006717682 0.089772463 0.995918989 0.009285328 -0.883930206 -0.985946655 0.090184666 -0.140626654 20.323305130
-0.143391296 0.004316519 0.989656687 50.440078735 0.092275769 0.995692551 0.009026986 -0.875272870 -0.985354722 0.092615716 -0.143171936 20.132734299
-0.144065961 0.004657698 0.989557147 51.887722015 0.091859467 0.995734096 0.008686708 -0.854232907 -0.985295296 0.092151649 -0.143879235 19.902986526
-0.144892573 0.006270015 0.989427507 53.357967377 0.094034329 0.995540977 0.007461711 -0.841079235 -0.984968841 0.094121292 -0.144836143 19.692771912
-0.144562677 0.006476983 0.989474475 54.846298218 0.093752742 0.995569646 0.007180436 -0.832515121 -0.985044181 0.093803965 -0.144529402 19.466953278
-0.144370764 0.008052698 0.989491045 56.358039856 0.093317010 0.995621204 0.005512744 -0.821934581 -0.985113680 0.093132213 -0.144490063 19.259120941
-0.142723352 0.008223262 0.989728510 57.893806458 0.093956776 0.995562255 0.005277260 -0.811891794 -0.985292912 0.093744874 -0.142862618 19.029636383
-0.141011477 0.006579851 0.989986062 59.434181213 0.093360923 0.995609939 0.006680898 -0.816869617 -0.985595942 0.093368091 -0.141006723 18.802070618
-0.139807329 0.007305988 0.990151763 61.022968292 0.094235256 0.995532095 0.005960132 -0.810117483 -0.985684335 0.094140477 -0.139871165 18.576152802
-0.138869777 0.007889366 0.990279257 62.616809845 0.094030403 0.995555580 0.005254758 -0.805859685 -0.985836446 0.093846083 -0.138994366 18.362762451
-0.137949318 0.008589373 0.990402043 64.241348267 0.095062643 0.995460749 0.004607669 -0.800891757 -0.985866666 0.094785862 -0.138139665 18.131837845
-0.137015402 0.008463564 0.990532696 65.882408142 0.094289429 0.995534599 0.004536280 -0.794291079 -0.986071169 0.094018303 -0.137201577 17.902526855
-0.135608301 0.006999877 0.990737736 67.524612427 0.096623108 0.995301723 0.006193269 -0.787414193 -0.986039758 0.096568033 -0.135647520 17.666992188
-0.134909540 0.004835137 0.990846097 69.180435181 0.098072253 0.995142996 0.008497008 -0.784827292 -0.985992551 0.098320842 -0.134728462 17.441303253
-0.134898588 0.005831899 0.990842223 70.940933228 0.099210136 0.995037079 0.007650412 -0.775929153 -0.985880196 0.099333622 -0.134807676 17.208724976
-0.133822218 0.007014173 0.990980446 72.623352051 0.100969948 0.994867682 0.006593314 -0.778239548 -0.985848248 0.100941598 -0.133843586 16.975631714
-0.133338481 0.007005682 0.991045713 74.353408813 0.099830478 0.994983912 0.006397993 -0.772908568 -0.986029804 0.099789694 -0.133368969 16.750652313
-0.132863611 0.007558523 0.991105497 76.069442749 0.100709483 0.994898438 0.005913262 -0.762315035 -0.986004412 0.100599386 -0.132946998 16.517593384
-0.132588744 0.006376395 0.991150618 77.804115295 0.100501239 0.994912028 0.007043713 -0.758609533 -0.986062706 0.100545771 -0.132554963 16.285919189
-0.132438809 0.006286708 0.991171241 79.533973694 0.101850025 0.994772911 0.007299491 -0.757812202 -0.985944510 0.101917543 -0.132386848 16.062513351
-0.132381305 0.006280308 0.991178989 81.309822083 0.102761962 0.994678199 0.007422351 -0.746532798 -0.985857606 0.102838084 -0.132322177 15.824473381
-0.132221922 0.007579085 0.991191149 83.076698303 0.103294253 0.994631708 0.006173749 -0.734726965 -0.985823333 0.103200659 -0.132294998 15.585366249
-0.133042321 0.008082849 0.991077423 84.877777100 0.103008814 0.994664013 0.005715814 -0.742804348 -0.985742807 0.102850154 -0.133165017 15.348421097
-0.133959129 0.008899052 0.990947008 86.671646118 0.102510452 0.994719744 0.004924731 -0.746061981 -0.985670626 0.102242127 -0.134164050 15.108232498
-0.135626003 0.009256158 0.990716875 88.479049683 0.101530716 0.994821668 0.004604726 -0.750170708 -0.985544086 0.101212718 -0.135863483 14.876698494
-0.136756063 0.008299484 0.990570009 90.301780701 0.100371376 0.994934678 0.005521015 -0.753328860 -0.985506654 0.100179918 -0.136896417 14.635574341
-0.137935460 0.007922989 0.990409553 92.142486572 0.100394495 0.994929492 0.006022912 -0.752958000 -0.985339940 0.100262441 -0.138031512 14.387056351
-0.138431773 0.007022190 0.990347087 93.997634888 0.097962886 0.995167911 0.006636984 -0.749247730 -0.985515058 0.097936027 -0.138450772 14.130595207
-0.140311211 0.007704775 0.990077436 95.825805664 0.097754702 0.995191813 0.006108968 -0.752112746 -0.985269904 0.097641900 -0.140389726 13.880403519
-0.142425314 0.008777139 0.989766657 97.699249268 0.097204752 0.995251000 0.005161785 -0.745579600 -0.985020936 0.096945204 -0.142602116 13.600517273
-0.146583423 0.009598941 0.989151716 99.583808899 0.097467862 0.995227098 0.004785967 -0.741321266 -0.984384656 0.097112060 -0.146819398 13.319288254
-0.151169598 0.008654628 0.988469899 101.457107544 0.095580868 0.995404124 0.005902123 -0.743194461 -0.983876050 0.095371045 -0.151302084 13.044788361
-0.155982509 0.007836545 0.987728715 103.356193542 0.094129942 0.995535672 0.006966560 -0.743728817 -0.983264446 0.094061524 -0.156023815 12.753722191
-0.160254762 0.008581551 0.987038374 105.256057739 0.092746295 0.995669305 0.006401627 -0.744249225 -0.982708693 0.092570044 -0.160356656 12.445882797
-0.164613694 0.010631613 0.986300826 107.179618835 0.093311012 0.995625198 0.004841496 -0.737512112 -0.981934488 0.092829712 -0.164885625 12.117908478
-0.169485345 0.012248026 0.985456526 109.102600098 0.093195759 0.995641112 0.003653815 -0.747118056 -0.981116354 0.092459641 -0.169888020 11.801469803
-0.174183786 0.012236330 0.984637082 111.035728455 0.092016794 0.995749950 0.003903481 -0.756406605 -0.980404437 0.091283083 -0.174569413 11.466569901
-0.179056704 0.011995053 0.983765662 112.989715576 0.090141848 0.995919824 0.004263608 -0.759946287 -0.979700565 0.089441895 -0.179407343 11.118206024
-0.183561146 0.011644989 0.982939422 114.956085205 0.088601008 0.996055901 0.004745603 -0.761045694 -0.979007304 0.087960511 -0.183868885 10.748128891
-0.189720944 0.010906649 0.981777430 116.887756348 0.087266408 0.996168077 0.005797045 -0.760795355 -0.977952242 0.086776003 -0.189945728 10.397407532
-0.194587231 0.010673815 0.980827153 118.864852905 0.087978482 0.996100426 0.006614110 -0.763730109 -0.976931751 0.087578706 -0.194767490 9.999847412
-0.200247601 0.012168572 0.979669750 120.796928406 0.088188581 0.996087730 0.005653527 -0.761717796 -0.975768268 0.087527797 -0.200537354 9.619607925
-0.205835775 0.013347603 0.978495538 122.757965088 0.087958470 0.996111989 0.004914987 -0.764640033 -0.974625587 0.087078653 -0.206209540 9.218336105
-0.211677089 0.013407055 0.977247715 124.723876953 0.088581778 0.996053517 0.005522231 -0.762236178 -0.973317027 0.087735265 -0.212029353 8.804273605
-0.217098713 0.013331362 0.976058602 126.705276489 0.087532379 0.996144354 0.005863590 -0.762074471 -0.972217202 0.086709701 -0.217428595 8.370605469
-0.222321555 0.014022028 0.974872589 128.683334351 0.086725138 0.996217370 0.005448794 -0.762028337 -0.971108496 0.085757330 -0.222696647 7.925392151
-0.227769658 0.014618209 0.973605335 130.685882568 0.085888915 0.996291459 0.005134412 -0.764057636 -0.969919622 0.084791362 -0.228180513 7.476566315
-0.232429534 0.013989925 0.972512603 132.676696777 0.086986192 0.996188581 0.006459099 -0.764447391 -0.968715608 0.086096451 -0.232760578 7.013462067
-0.235892534 0.014101448 0.971676767 134.678970337 0.089400560 0.995969296 0.007249645 -0.755888939 -0.967658103 0.088578597 -0.236202404 6.517787933
-0.239326090 0.014956663 0.970824063 136.677673340 0.090886354 0.995836198 0.007063163 -0.755312920 -0.966676116 0.089925058 -0.239688978 6.026216507
-0.242608726 0.015522827 0.970000029 138.682876587 0.091210917 0.995807827 0.006877115 -0.756856680 -0.965826988 0.090143017 -0.243007496 5.532886505
-0.246354714 0.015764309 0.969051480 140.723190308 0.090590790 0.995864749 0.006829714 -0.753262579 -0.964936554 0.089469679 -0.246764064 5.028987885
-0.249460965 0.016085928 0.968251228 142.724578857 0.089306980 0.995983183 0.006462469 -0.761781514 -0.964258015 0.088083722 -0.249895513 4.513984680
-0.255345672 0.016703969 0.966705501 144.768142700 0.088486791 0.996058285 0.006161744 -0.766257167 -0.962792039 0.087114044 -0.255817235 3.997859955
-0.258304119 0.016066745 0.965930045 146.828826904 0.086795434 0.996204019 0.006640091 -0.771033823 -0.962156713 0.085553497 -0.258718133 3.479488373
-0.263183981 0.016582517 0.964603066 148.868209839 0.087112643 0.996176302 0.006642677 -0.772086322 -0.960804641 0.085777380 -0.263622224 2.937339783
-0.267943799 0.016897742 0.963286340 150.924468994 0.086510889 0.996229112 0.006587898 -0.776664853 -0.959542572 0.085099943 -0.268395245 2.378288269
-0.273001462 0.017053893 0.961862445 152.978942871 0.085926145 0.996278763 0.006723979 -0.776474535 -0.958168447 0.084484786 -0.273451030 1.815807343
-0.277318925 0.016367612 0.960638463 155.013778687 0.085923173 0.996271014 0.007829740 -0.782936811 -0.956928134 0.084712461 -0.277691215 1.236846924
-0.281856120 0.016434306 0.959315956 157.071578979 0.086542748 0.996213078 0.008360682 -0.782682419 -0.955545664 0.085378356 -0.282210946 0.647827148
-0.286305100 0.017189570 0.957984269 159.155868530 0.087418348 0.996137500 0.008251855 -0.782179356 -0.954142272 0.086107969 -0.286701918 0.044734955
-0.290183961 0.018344479 0.956795037 161.219284058 0.087709174 0.996117830 0.007502680 -0.780508876 -0.952943027 0.086096853 -0.290666401 -0.570663452
-0.293775529 0.019736199 0.955670655 163.285522461 0.087552495 0.996139705 0.006341903 -0.785070598 -0.951856256 0.085534453 -0.294369459 -1.199329376
-0.296948344 0.020991435 0.954662800 165.365036011 0.088564686 0.996054411 0.005646533 -0.789108992 -0.950777531 0.086226135 -0.297635883 -1.836952209
-0.300439566 0.021569982 0.953556955 167.450912476 0.087763540 0.996128321 0.005118909 -0.794437468 -0.949754536 0.085225463 -0.301169336 -2.483448029
-0.304053783 0.021568699 0.952410698 169.550277710 0.088158682 0.996090710 0.005586459 -0.801347852 -0.948566973 0.085661858 -0.304766625 -3.144744873
-0.308054984 0.021692500 0.951121211 171.633026123 0.087719597 0.996128857 0.005692159 -0.804552019 -0.947315812 0.085185468 -0.308765292 -3.802902222
-0.312360466 0.022703916 0.949692309 173.738815308 0.089960419 0.995928586 0.005779342 -0.806242287 -0.945694506 0.087239958 -0.313131154 -4.487377167
-0.314919114 0.023300651 0.948832452 175.825439453 0.092351504 0.995707154 0.006199861 -0.805822372 -0.944614828 0.089578554 -0.315719068 -5.188041687
-0.317493200 0.022688497 0.947989106 177.895339966 0.092964128 0.995642662 0.007305831 -0.811125755 -0.943692625 0.090448543 -0.318219006 -5.876953125
-0.320127010 0.022146132 0.947115898 179.984069824 0.092527956 0.995677948 0.007992985 -0.808107734 -0.942845285 0.090193443 -0.320792586 -6.583412170
-0.322879732 0.022725187 0.946167171 182.091598511 0.091659382 0.995763123 0.007362384 -0.807733893 -0.941991091 0.089102253 -0.323594689 -7.293777466
-0.325482249 0.024702905 0.945225418 184.193191528 0.091103248 0.995827019 0.005345471 -0.810097277 -0.941148937 0.087852955 -0.326374590 -8.017063141
-0.328653038 0.026788002 0.944070756 186.316040039 0.090940103 0.995850563 0.003401112 -0.813719809 -0.940062284 0.086971678 -0.329725415 -8.747959137
-0.331774741 0.027871320 0.942946792 188.441680908 0.090212591 0.995919883 0.002304116 -0.824929237 -0.939035237 0.085830122 -0.332935482 -9.488426208
-0.335461348 0.028958745 0.941608787 190.602569580 0.088637970 0.996063471 0.000945052 -0.833828032 -0.937874734 0.083779320 -0.336707681 -10.241558075
-0.338972002 0.029082438 0.940346837 192.740585327 0.089463912 0.995989025 0.001446249 -0.847551346 -0.936533093 0.084617324 -0.340214223 -11.017311096
-0.342692286 0.027930751 0.939032435 194.906936646 0.088694640 0.996055007 0.002741547 -0.859548271 -0.935251474 0.084226638 -0.343817681 -11.794803619
-0.346352398 0.027542995 0.937700093 197.069671631 0.088763684 0.996046484 0.003529277 -0.868897676 -0.933895648 0.084456086 -0.347427815 -12.588993073
-0.350269854 0.027623883 0.936241388 199.228713989 0.088683836 0.996052563 0.003790086 -0.871837020 -0.932440996 0.084357023 -0.351336986 -13.390262604
-0.354015976 0.028077429 0.934817791 201.388351440 0.087890141 0.996124506 0.003365251 -0.873726130 -0.931100428 0.083352625 -0.355111718 -14.193794250
-0.357791215 0.028524952 0.933365822 203.549270630 0.087113753 0.996194005 0.002948623 -0.891051292 -0.929729342 0.082363978 -0.358914375 -15.017272949
-0.361442268 0.028793491 0.931949735 205.728286743 0.086686619 0.996231496 0.002840515 -0.906403303 -0.928356051 0.081814252 -0.362576187 -15.840389252
-0.364155054 0.029805832 0.930861294 207.828399658 0.088415563 0.996080041 0.002694252 -0.926437318 -0.927132010 0.083283752 -0.365362793 -16.661327362
-0.366470814 0.029682713 0.929956079 209.971206665 0.089723006 0.995960355 0.003567975 -0.943171442 -0.926093280 0.084746011 -0.367653698 -17.507965088
-0.369153678 0.029152067 0.928911030 212.153106689 0.090747058 0.995862365 0.004810115 -0.951860070 -0.924927294 0.086071633 -0.370271713 -18.376258850
-0.372237712 0.030013528 0.927652001 214.352844238 0.092136867 0.995734930 0.004755345 -0.963130474 -0.923552871 0.087241076 -0.373415530 -19.254024506
-0.375087619 0.031197296 0.926464260 216.544586182 0.092372075 0.995717049 0.003868398 -0.973254085 -0.922375560 0.087030418 -0.376362890 -20.134864807
-0.377738178 0.031343002 0.925381780 218.721160889 0.091931745 0.995758057 0.003799606 -0.987078309 -0.921337306 0.086507216 -0.379017323 -21.018074036
-0.380653381 0.032823779 0.924135029 220.892303467 0.091874786 0.995767474 0.002475399 -1.003887892 -0.920142293 0.085846968 -0.382058054 -21.907379150
-0.383189350 0.033976622 0.923044682 223.071624756 0.091686077 0.995786965 0.001408004 -1.017800331 -0.919108033 0.085169882 -0.384690136 -22.810932159
-0.385745645 0.033814214 0.921985269 225.248733521 0.089544751 0.995982349 0.000936168 -1.039335132 -0.918249428 0.082920067 -0.387223810 -23.711753845
-0.389017463 0.034900669 0.920569062 227.419677734 0.090324812 0.995912194 0.000412707 -1.056616068 -0.916791618 0.083310783 -0.390579641 -24.616947174
-0.391576260 0.034511331 0.919498086 229.577255249 0.091749161 0.995780706 0.001697752 -1.079836965 -0.915560007 0.085027985 -0.393090457 -25.536979675
-0.394492686 0.033578988 0.918285251 231.746292114 0.092110775 0.995743752 0.003159121 -1.097787619 -0.914270818 0.085830241 -0.395906657 -26.457977295
-0.398022324 0.033021677 0.916781187 233.888488770 0.090876035 0.995855689 0.003584127 -1.112864375 -0.912863493 0.084739998 -0.399373770 -27.372692108
-0.401054293 0.033296619 0.915448964 236.029541016 0.089647256 0.995968938 0.003048804 -1.131177425 -0.911657214 0.083290234 -0.402422547 -28.304660797
-0.404877067 0.032697696 0.913786411 238.214920044 0.087991804 0.996115506 0.003343425 -1.144931793 -0.910127461 0.081759378 -0.406181544 -29.256950378
-0.408977032 0.031892564 0.911987185 240.381317139 0.086876087 0.996210575 0.004121347 -1.162095308 -0.908399880 0.080915414 -0.410198003 -30.204086304
-0.412783682 0.032312069 0.910255671 242.534851074 0.086593740 0.996236026 0.003904450 -1.175614595 -0.906703353 0.080434151 -0.414028019 -31.171646118
-0.416708916 0.031814348 0.908483088 244.687271118 0.085955024 0.996288598 0.004537189 -1.193769455 -0.904967010 0.079979390 -0.417896986 -32.145874023
-0.420931667 0.031320568 0.906551480 246.853012085 0.084641404 0.996399462 0.004876118 -1.207905769 -0.903134763 0.078784309 -0.422067136 -33.127265930
-0.425056756 0.031210417 0.904628456 248.974838257 0.083691485 0.996479452 0.004944667 -1.217987299 -0.901289344 0.077811450 -0.426172376 -34.104858398
-0.428787887 0.031772915 0.902846277 251.120391846 0.083933890 0.996459782 0.004795282 -1.239811063 -0.899497688 0.077835545 -0.429936707 -35.112808228
-0.432316005 0.032139514 0.901149213 253.198348999 0.084191270 0.996437788 0.004851811 -1.256999850 -0.897783220 0.077966414 -0.433481872 -36.102272034
-0.436526537 0.031905346 0.899125397 255.338043213 0.083737202 0.996473730 0.005294773 -1.270561695 -0.895786047 0.077601552 -0.437658846 -37.119903564
-0.440407693 0.032525431 0.897208512 257.462158203 0.082884602 0.996548712 0.004558412 -1.281627893 -0.893963754 0.076372333 -0.441583633 -38.142272949
-0.444146812 0.033025753 0.895345151 259.602111816 0.083130330 0.996528625 0.004479792 -1.291139960 -0.892089069 0.076420024 -0.445350498 -39.194656372
-0.448122025 0.033903435 0.893329322 261.728546143 0.083666861 0.996485054 0.004151532 -1.289320469 -0.890048623 0.076602444 -0.449383467 -40.243324280
-0.451487273 0.034924980 0.891593814 263.849121094 0.084892564 0.996382236 0.003958389 -1.301343203 -0.888229966 0.077476844 -0.452818781 -41.312149048
-0.455213755 0.036829296 0.889620125 265.974212646 0.086949669 0.996207416 0.003249784 -1.312431335 -0.886126459 0.078831531 -0.456689626 -42.394119263
-0.457884848 0.037601214 0.888215959 268.101287842 0.088700086 0.996051967 0.003559558 -1.329636097 -0.884575486 0.080414698 -0.459412366 -43.494224548
-0.460919559 0.039952684 0.886542082 270.232177734 0.090467483 0.995896995 0.002153819 -1.330003738 -0.882818639 0.081195951 -0.462642938 -44.600845337
-0.463961124 0.041976761 0.884860456 272.348999023 0.092014119 0.995757103 0.001008434 -1.354971170 -0.881063819 0.081887551 -0.465855092 -45.684097290
-0.467264742 0.042525399 0.883094132 274.492858887 0.092507437 0.995711505 0.000999262 -1.365952611 -0.879264474 0.082159691 -0.469194740 -46.788879395
-0.470537126 0.043617658 0.881301463 276.649230957 0.092941731 0.995671511 0.000344571 -1.381020904 -0.877471745 0.082071818 -0.472554356 -47.915802002
-0.474194944 0.043224320 0.879358232 278.808654785 0.091566592 0.995799005 0.000429500 -1.389622569 -0.875645339 0.080723494 -0.476160616 -49.067176819
-0.477320969 0.044862419 0.877583206 280.958831787 0.093024269 0.995663822 -0.000302483 -1.405061722 -0.873791277 0.081492141 -0.479424566 -50.229629517
-0.480435222 0.044936273 0.875878274 283.112152100 0.091964781 0.995762050 -0.000642457 -1.415644169 -0.872195125 0.080241285 -0.482531697 -51.408149719
-0.482964486 0.044717103 0.874497414 285.263793945 0.090715289 0.995876551 -0.000823857 -1.430056453 -0.870928288 0.078932375 -0.485029519 -52.588752747
-0.485379636 0.045863256 0.873099744 287.418945312 0.092325501 0.995728314 -0.000978626 -1.434642553 -0.869415104 0.080134362 -0.487540573 -53.781707764
-0.487877488 0.045696463 0.871715188 289.604553223 0.093899108 0.995581627 0.000363306 -1.456724048 -0.867847085 0.082030527 -0.490012735 -54.978370667
-0.489949614 0.046152495 0.870528340 291.782226562 0.095214278 0.995456457 0.000812593 -1.467859268 -0.866535425 0.083284847 -0.492117882 -56.200424194
-0.491773844 0.045228008 0.869547546 293.940673828 0.094654441 0.995508671 0.001752281 -1.481469393 -0.865562856 0.083168238 -0.493846148 -57.411392212
-0.493917763 0.045215290 0.868332207 296.137756348 0.094673313 0.995506346 0.002013877 -1.480194688 -0.864339173 0.083202578 -0.495978951 -58.646362305
-0.496498138 0.045926869 0.866821945 298.355285645 0.096103065 0.995368719 0.002308236 -1.476193666 -0.862701416 0.084450282 -0.498612463 -59.907455444
-0.498782635 0.045595311 0.865526915 300.559265137 0.096306786 0.995346963 0.003065186 -1.483944654 -0.861359894 0.084884986 -0.500852883 -61.170455933
-0.500879526 0.046106875 0.864288032 302.767028809 0.095595598 0.995417595 0.002298177 -1.493795395 -0.860221446 0.083773240 -0.502991974 -62.437728882
-0.503472090 0.048658770 0.862640321 304.962371826 0.095361434 0.995442569 -0.000492916 -1.501818895 -0.858732760 0.082014434 -0.505817592 -63.698127747
-0.506636202 0.047403947 0.860855699 307.152496338 0.093545608 0.995615065 0.000229448 -1.523193359 -0.857069969 0.080645531 -0.508848965 -64.981872559
-0.511114240 0.045741349 0.858294785 309.367309570 0.091360167 0.995816946 0.001334594 -1.532391548 -0.854643524 0.079096094 -0.513155162 -66.273124695
-0.516354442 0.043067329 0.855291367 311.584106445 0.088841915 0.996039629 0.003480865 -1.544853806 -0.851754189 0.077783093 -0.518135667 -67.571907043
-0.521106720 0.041544650 0.852479815 313.809143066 0.087394670 0.996161759 0.004876087 -1.547026992 -0.849005282 0.077043161 -0.522737384 -68.914611816
-0.525940537 0.042074110 0.849480033 316.064361572 0.088271007 0.996082306 0.005316237 -1.551844001 -0.845928252 0.077780485 -0.527594030 -70.276702881
-0.530321598 0.043583132 0.846675575 318.313140869 0.090498224 0.995881855 0.005420628 -1.552136064 -0.842952609 0.079497322 -0.532081842 -71.672447205
-0.534092963 0.044638075 0.844246507 320.555297852 0.091200747 0.995819747 0.005043794 -1.547052622 -0.840492189 0.079689778 -0.535931349 -73.090026855
-0.538677931 0.044896834 0.841314673 322.812072754 0.092344679 0.995709062 0.005990453 -1.557073236 -0.837435722 0.080917858 -0.540512443 -74.503829956
-0.542831361 0.043375473 0.838720858 325.016082764 0.092423849 0.995684981 0.008324903 -1.564723015 -0.834740639 0.082036853 -0.544497967 -75.934959412
-0.546196222 0.041551862 0.836626112 327.219116211 0.090446539 0.995855153 0.009588430 -1.556407213 -0.832759798 0.080907099 -0.547690630 -77.378860474
-0.550064683 0.041106686 0.834109783 329.414794922 0.089744575 0.995913684 0.010102516 -1.561270475 -0.830286086 0.080413871 -0.551505923 -78.810409546
-0.553973615 0.040976290 0.831525207 331.617187500 0.090018071 0.995880544 0.010895814 -1.561439991 -0.827653289 0.080888286 -0.555380106 -80.268821716
-0.557502449 0.041290652 0.829147816 333.818908691 0.091143265 0.995769143 0.011694712 -1.554187536 -0.825156927 0.082091071 -0.558907092 -81.741569519
-0.561865807 0.040775888 0.826222837 336.025543213 0.091629080 0.995706081 0.013171326 -1.546566486 -0.822138011 0.083106555 -0.563189447 -83.223045349
-0.565356135 0.039766204 0.823887885 338.233276367 0.090136334 0.995833993 0.013786571 -1.537185669 -0.819907188 0.082056552 -0.566585124 -84.723007202
-0.568527818 0.038895570 0.821743965 340.430084229 0.089903042 0.995836616 0.015064009 -1.524393559 -0.817736745 0.082441613 -0.569657683 -86.235229492
-0.571058989 0.038464051 0.820007384 342.612060547 0.090892904 0.995722413 0.016592156 -1.514078140 -0.815861583 0.084007941 -0.572112381 -87.748672485
-0.574003756 0.037837047 0.817978024 344.813323975 0.088707015 0.995926321 0.016180456 -1.496408463 -0.814033628 0.081848040 -0.575021863 -89.281837463
-0.576931655 0.037209343 0.815944433 346.972747803 0.084983692 0.996274531 0.014656696 -1.473650455 -0.812359333 0.077797890 -0.577944517 -90.780563354
-0.580341578 0.036329277 0.813562453 349.131042480 0.081615180 0.996569455 0.013717476 -1.460854053 -0.810273170 0.074359857 -0.581315756 -92.281288147
-0.582881331 0.033656601 0.811859965 351.302551270 0.079517566 0.996708632 0.015770538 -1.451204777 -0.808657110 0.073749475 -0.583639205 -93.832916260
-0.586465120 0.033146042 0.809295952 353.478881836 0.080502160 0.996600449 0.017519357 -1.434098244 -0.805964053 0.075424567 -0.587139785 -95.376091003
-0.588942230 0.033816431 0.807467341 355.641143799 0.080403991 0.996618986 0.016906202 -1.409873486 -0.804165602 0.074880376 -0.589669943 -96.949111938
-0.592404366 0.032678407 0.804977715 357.828247070 0.078229569 0.996788621 0.017106166 -1.394527912 -0.801833630 0.073106833 -0.593058288 -98.516868591
-0.595691323 0.028694378 0.802700758 359.995941162 0.075656578 0.996923029 0.020508129 -1.377505779 -0.799642384 0.072946109 -0.596029282 -100.094268799
-0.599283636 0.026217286 0.800107360 362.168365479 0.073020205 0.997087300 0.022020672 -1.346662998 -0.797199547 0.071620628 -0.599452555 -101.678680420
-0.602209091 0.025681214 0.797925234 364.357421875 0.071850583 0.997169793 0.022133073 -1.310278416 -0.795098543 0.070660129 -0.602349877 -103.301826477
-0.605347157 0.025499236 0.795552909 366.488647461 0.071247444 0.997210443 0.022250351 -1.283829689 -0.792766452 0.070150308 -0.605475187 -104.891914368
-0.608354270 0.024963474 0.793272913 368.634704590 0.071161717 0.997195065 0.023192616 -1.257922173 -0.790468872 0.070559986 -0.608424366 -106.505088806
-0.611450255 0.023945889 0.790920436 370.766082764 0.070379153 0.997226238 0.024217211 -1.231801987 -0.788146675 0.070471928 -0.611439645 -108.105560303
-0.614308059 0.022538301 0.788744330 372.909027100 0.067342460 0.997442484 0.023947373 -1.202753067 -0.786187410 0.067827046 -0.614254773 -109.741516113
-0.617490232 0.019024113 0.786348403 375.050170898 0.057310089 0.998138428 0.020855537 -1.173233986 -0.784487903 0.057943799 -0.617431104 -111.376373291
-0.621090114 0.021620279 0.783440888 377.183837891 0.049975663 0.998677611 0.012059244 -1.160437107 -0.782144189 0.046642851 -0.621349275 -113.012588501
-0.623819411 0.031742737 0.780923665 379.303771973 0.060145717 0.998161614 0.007472808 -1.161452293 -0.779250801 0.051630899 -0.624581814 -114.687019348
-0.624658167 0.033013638 0.780200183 381.408081055 0.067790091 0.997626662 0.012061436 -1.162765026 -0.777950346 0.060424108 -0.625413656 -116.365730286
-0.626752675 0.023842352 0.778853297 383.525146484 0.066797696 0.997496367 0.023217442 -1.139104843 -0.776349723 0.066577211 -0.626776099 -118.054512024
-0.630217314 0.013171655 0.776306987 385.651214600 0.060573250 0.997642696 0.032247156 -1.091335297 -0.774052322 0.067346163 -0.629529476 -119.732429504
-0.633824944 0.007014758 0.773444712 387.749389648 0.054666709 0.997864664 0.035748310 -1.031625748 -0.771542251 0.064939842 -0.632854939 -121.402488708
-0.636288762 0.006515647 0.771423459 389.828430176 0.053051349 0.997966707 0.035328947 -0.963724136 -0.769624591 0.063404471 -0.635340750 -123.089965820
-0.639288962 0.011885568 0.768874705 391.882904053 0.058863126 0.997703075 0.033519488 -0.913904190 -0.766710341 0.066687010 -0.638520241 -124.770919800
-0.641473949 0.018205216 0.766928732 393.914398193 0.063116267 0.997581422 0.029111246 -0.860664368 -0.764544010 0.067079782 -0.641071618 -126.449974060
-0.644201994 0.021380164 0.764556527 395.952026367 0.064321756 0.997582555 0.026299849 -0.818991661 -0.762145936 0.066120028 -0.644019961 -128.119506836
-0.647239327 0.021144040 0.761993587 398.027343750 0.064151093 0.997580051 0.026808934 -0.777009010 -0.759582639 0.066234514 -0.647029459 -129.850662231
-0.650227249 0.020940127 0.759451091 400.087951660 0.065408371 0.997451544 0.028498944 -0.737866402 -0.756918788 0.068205252 -0.649939895 -131.602966309
-0.652818561 0.020406475 0.757239342 402.137817383 0.066091508 0.997359574 0.030100362 -0.686413765 -0.754625499 0.069697179 -0.652443528 -133.350311279
-0.654735804 0.020779138 0.755572140 404.183349609 0.066622257 0.997317970 0.030303612 -0.637290955 -0.752916038 0.070178784 -0.654364109 -135.096237183
-0.656035185 0.020886866 0.754441142 406.224639893 0.066858664 0.997295380 0.030527581 -0.588061333 -0.751763105 0.070468105 -0.655657291 -136.856704712
-0.657407880 0.021895830 0.753216743 408.272277832 0.067988925 0.997224271 0.030351698 -0.535953522 -0.750461459 0.071163841 -0.657071769 -138.613204956
-0.658393085 0.020933971 0.752383113 410.284484863 0.068891764 0.997093260 0.032542910 -0.484420776 -0.749514818 0.073259026 -0.657921314 -140.363464355
-0.659396350 0.020601569 0.751513124 412.312805176 0.070943579 0.996868908 0.034920026 -0.426044464 -0.748440802 0.076341167 -0.658793151 -142.130462646
-0.660854995 0.020228066 0.750240862 414.347625732 0.072349422 0.996698141 0.036856439 -0.362604141 -0.747018218 0.078636259 -0.660136580 -143.900299072
-0.661942840 0.020447871 0.749275386 416.356140137 0.070899062 0.996853948 0.035431009 -0.294512749 -0.746193707 0.076576218 -0.661310077 -145.663803101
-0.663495958 0.020263284 0.747905374 418.357971191 0.066722609 0.997252822 0.032173272 -0.236168861 -0.745198786 0.071249045 -0.663025081 -147.414520264
-0.664991438 0.019679027 0.746591687 420.355499268 0.063868448 0.997489214 0.030595513 -0.181896210 -0.744115055 0.068029404 -0.664578676 -149.167694092
-0.666135192 0.018965315 0.745589852 422.347290039 0.063439734 0.997494519 0.031306278 -0.133354187 -0.743127942 0.068154231 -0.665669501 -150.923629761
-0.666829288 0.017693490 0.745000422 424.308166504 0.061323773 0.997630239 0.031195857 -0.078043938 -0.742682934 0.066488542 -0.666334152 -152.684509277
-0.667901099 0.016411247 0.744068980 426.311035156 0.058048494 0.997860074 0.030097386 -0.027807236 -0.741982818 0.063294172 -0.667424500 -154.449050903
-0.668835282 0.015453117 0.743250012 428.307312012 0.056747049 0.997928143 0.030317290 0.021277428 -0.741241693 0.062454514 -0.668326437 -156.217437744
-0.670094371 0.013994268 0.742143989 430.281433105 0.057296615 0.997814357 0.032918755 0.070098877 -0.740061224 0.064581014 -0.669431567 -157.962799072
-0.670009196 0.013226490 0.742235005 432.255981445 0.060151760 0.997520983 0.036522847 0.131025314 -0.739911795 0.069117390 -0.669143736 -159.728973389
-0.669693589 0.012052421 0.742539763 434.247467041 0.064650439 0.997018456 0.042125020 0.200357437 -0.739818096 0.076216370 -0.668476105 -161.497589111
-0.668374181 0.011145804 0.743741691 436.240081787 0.067916259 0.996625423 0.046098363 0.283733368 -0.740718126 0.081323110 -0.666875720 -163.269256592
-0.667021632 0.008768877 0.744986773 438.224884033 0.062240016 0.997091293 0.043990128 0.371051788 -0.742434025 0.075710371 -0.665627241 -165.017639160
-0.666627169 0.007798147 0.745350480 440.220886230 0.054835875 0.997748792 0.038605325 0.450908661 -0.743371427 0.066607311 -0.665554166 -166.762390137
-0.664895117 0.005130237 0.746919215 442.226348877 0.049959440 0.998042524 0.037617996 0.511976242 -0.745264053 0.062327683 -0.663849950 -168.524017334
-0.663250923 0.005679791 0.748375535 444.231140137 0.048667729 0.998181880 0.035556264 0.582098961 -0.746812999 0.060004462 -0.662321508 -170.274597168
-0.660576046 0.006652378 0.750729680 446.228454590 0.051095687 0.998040378 0.036115855 0.646806717 -0.749018371 0.062216312 -0.659621537 -172.024353027
-0.657768667 0.006446459 0.753192425 448.221862793 0.051428579 0.998014152 0.036371119 0.714135170 -0.751462221 0.062659390 -0.656793952 -173.750335693
-0.655208230 0.007051809 0.755415261 450.209686279 0.049099319 0.998239636 0.033267647 0.771145821 -0.753850937 0.058887627 -0.654401124 -175.456665039
-0.653515875 0.002216633 0.756909430 452.224700928 0.042332023 0.998537600 0.033625234 0.832428932 -0.755728126 0.054016147 -0.652653933 -177.177795410
-0.652669191 -0.004181937 0.757631481 454.240509033 0.033767033 0.998830557 0.034602243 0.883644104 -0.756890178 0.048166770 -0.651764691 -178.874481201
-0.651945353 -0.007470307 0.758229077 456.264648438 0.026466995 0.999117970 0.032600645 0.945415497 -0.757803738 0.041321889 -0.651172698 -180.577972412
-0.651786804 -0.008582869 0.758353591 458.289764404 0.024335364 0.999184370 0.032224197 0.992998123 -0.758011580 0.039458118 -0.651046395 -182.275207520
-0.650586843 -0.008406848 0.759385467 460.309478760 0.026371468 0.999085486 0.033653650 1.049045563 -0.758973837 0.041920725 -0.649770081 -183.987396240
-0.649430871 -0.009712856 0.760358632 462.339660645 0.027585836 0.998959243 0.036322132 1.106304169 -0.759920120 0.044563845 -0.648487091 -185.681457520
-0.648513198 -0.011657730 0.761114120 464.342712402 0.026490536 0.998931348 0.037871774 1.177124023 -0.760742307 0.044722669 -0.647511423 -187.363113403
-0.647806406 -0.012116998 0.761708617 466.383972168 0.023924790 0.999056697 0.036239848 1.244861603 -0.761429191 0.041700125 -0.646905422 -189.059387207
-0.646899998 -0.011316627 0.762490869 468.408264160 0.022664798 0.999162972 0.034058128 1.309896469 -0.762237966 0.039313909 -0.646101952 -190.740966797
-0.645956695 -0.010035139 0.763308108 470.443725586 0.023402972 0.999183238 0.032941155 1.363139153 -0.763015270 0.039142240 -0.645194232 -192.444076538
-0.645424843 -0.009403114 0.763765872 472.450866699 0.025470894 0.999103010 0.033824790 1.419048309 -0.763398945 0.041285150 -0.644606531 -194.108078003
