1.000000000 0.000000000 0.000000000 0.000000000 0.000000000 1.000000000 0.000000000 0.000000000 0.000000000 0.000000000 1.000000000 0.000000000
0.999041378 -0.000403686 0.043774486 0.046397164 0.000501626 0.999997377 -0.002226398 -0.021590697 -0.043773472 0.002246222 0.999038935 1.027521253
0.996023178 -0.004649453 0.088972993 0.138431415 0.005313265 0.999959767 -0.007225444 -0.039688203 -0.088935830 0.007669447 0.996007800 2.050629377
0.990866840 -0.003967050 0.134785697 0.269191533 0.005557600 0.999919236 -0.011426375 -0.059978228 -0.134729490 0.012071101 0.990808904 3.058377743
0.983470261 -0.000949177 0.181067109 0.447934270 0.003439215 0.999903738 -0.013438551 -0.094765507 -0.181036934 0.013839144 0.983378947 4.085574627
0.973927557 -0.003551668 0.226831332 0.684756637 0.006761960 0.999887645 -0.013377297 -0.126499340 -0.226758346 0.014562343 0.973842144 5.087759018
0.962224603 -0.003963089 0.272227943 0.956903577 0.008273563 0.999857843 -0.014688062 -0.156759128 -0.272131056 0.016385505 0.962120652 6.090818882
0.948666096 -0.006769889 0.316206843 1.283302426 0.012870559 0.999769092 -0.017208787 -0.191790521 -0.316017330 0.020395150 0.948534191 7.065661430
0.933493376 -0.008441729 0.358495295 1.657776594 0.016382271 0.999683142 -0.019117936 -0.222902179 -0.358220190 0.023719434 0.933335781 8.021227837
0.916134894 -0.008137986 0.400787473 2.064625978 0.017583307 0.999647558 -0.019894745 -0.256968230 -0.400484264 0.025273439 0.915955067 8.949438095
0.896695554 -0.009144976 0.442553341 2.511791945 0.019215066 0.999648333 -0.018276449 -0.297596306 -0.442230552 0.024892103 0.896555901 9.836970329
0.874951184 -0.009135237 0.484124988 3.004295826 0.020022653 0.999649405 -0.017323643 -0.334037602 -0.483797044 0.024850806 0.874827266 10.718109131
0.850944102 -0.009166821 0.525176406 3.528351784 0.020752801 0.999653757 -0.016177084 -0.366094530 -0.524846256 0.024664670 0.850839555 11.576999664
0.825478375 -0.009859181 0.564347565 4.120580673 0.023009488 0.999604106 -0.016193137 -0.403449655 -0.563964427 0.026352433 0.825378478 12.432643890
0.798215330 -0.011493978 0.602262497 4.732558250 0.026166093 0.999535859 -0.015603720 -0.438717812 -0.601803660 0.028213987 0.798145652 13.225982666
0.769388676 -0.010342847 0.638697326 5.384104252 0.026880024 0.999507487 -0.016194576 -0.469968408 -0.638215125 0.029628117 0.769287646 14.027455330
0.738916636 -0.013564100 0.673660338 6.061552048 0.031637434 0.999393165 -0.014579388 -0.504416347 -0.673053682 0.032085832 0.738897264 14.760283470
0.706865430 -0.012698398 0.707233906 6.788554192 0.032067642 0.999386132 -0.014106936 -0.530833781 -0.706620753 0.032651026 0.706838846 15.479479790
0.672702968 -0.011424761 0.739824414 7.537263870 0.032965198 0.999350727 -0.014541890 -0.567918777 -0.739177942 0.034170832 0.672642767 16.158882141
0.637128949 -0.012854015 0.770650029 8.316547394 0.038026523 0.999167621 -0.014772577 -0.591312647 -0.769818604 0.038717180 0.637087345 16.799901962
0.600248218 -0.010677833 0.799742401 9.114589691 0.037647575 0.999179780 -0.014915824 -0.618915200 -0.798927128 0.039061561 0.600158036 17.411188126
0.562372625 -0.009561979 0.826828539 9.932347298 0.040436994 0.999054849 -0.015949767 -0.651284039 -0.825894535 0.042404186 0.562227786 17.962606430
0.523463607 -0.007802817 0.852012277 10.781556129 0.045127187 0.998808444 -0.018578278 -0.676463962 -0.850852072 0.048173971 0.523192048 18.479108810
0.484649479 -0.006395082 0.874685109 11.648236275 0.046607543 0.998741567 -0.018522417 -0.695285678 -0.873465896 0.049743801 0.484337568 18.960041046
0.446388483 -0.008712631 0.894796848 12.549002647 0.052006919 0.998514950 -0.016222231 -0.730777264 -0.893326700 0.053777043 0.446178764 19.391832352
0.409508795 -0.009279945 0.912258983 13.472041130 0.055890247 0.998325229 -0.014933418 -0.755554795 -0.910592556 0.057101753 0.409341633 19.792398453
0.374160558 -0.006838730 0.927338719 14.409437180 0.057493705 0.998220265 -0.015835978 -0.781646013 -0.925580025 0.059241340 0.373887837 20.164234161
0.341089278 -0.007664852 0.939999640 15.377150536 0.058167651 0.998222589 -0.012967170 -0.803206086 -0.938229442 0.059100538 0.340928853 20.511226654
0.307685703 -0.009198000 0.951443493 16.372220993 0.060650587 0.998109341 -0.009964554 -0.825009882 -0.949553013 0.060771566 0.307661831 20.826032639
0.275085449 -0.008957502 0.961378038 17.369424820 0.061191838 0.998092175 -0.008209642 -0.842990160 -0.959470451 0.061086837 0.275108784 21.104305267
0.242988601 -0.006272282 0.970008850 18.373428345 0.058736335 0.998239398 -0.008258712 -0.866820574 -0.968249202 0.058981534 0.242929220 21.355220795
0.212026075 -0.004608233 0.977253139 19.405839920 0.058613237 0.998248637 -0.008009566 -0.879503846 -0.975504696 0.058978215 0.211924881 21.582752228
0.181463242 -0.004547687 0.983387172 20.438953400 0.060571071 0.998142302 -0.006561183 -0.900690496 -0.981530547 0.060755420 0.181401595 21.772857666
0.151078135 -0.004511340 0.988511443 21.505302429 0.062335894 0.998042941 -0.004972205 -0.910356224 -0.986554444 0.062370948 0.151063651 21.928674698
0.120694466 -0.005224125 0.992675960 22.596818924 0.060722109 0.998152435 -0.002129949 -0.923540294 -0.990830719 0.060534444 0.120788686 22.058624268
0.091477856 -0.005684791 0.995790839 23.684759140 0.061359070 0.998115778 0.000061342 -0.936729133 -0.993914902 0.061095189 0.091654308 22.154642105
0.064476058 -0.005319973 0.997905016 24.803670883 0.064191349 0.997936904 0.001172650 -0.939494252 -0.995852530 0.063981265 0.064684533 22.216403961
0.039815191 -0.004767628 0.999195695 25.929531097 0.068440810 0.997653067 0.002033091 -0.945186794 -0.996860385 0.068304807 0.040048052 22.241899490
0.017244248 -0.004383315 0.999841690 27.108104706 0.072471850 0.997365594 0.003122539 -0.947233498 -0.997221351 0.072406530 0.017516484 22.254871368
-0.002674852 -0.004343487 0.999986947 28.254861832 0.078291796 0.996920168 0.004539587 -0.944181263 -0.996926904 0.078302942 -0.002326554 22.242214203
-0.020243365 -0.004890026 0.999783099 29.452840805 0.082815878 0.996543288 0.006551017 -0.942586660 -0.996359169 0.082930535 -0.019768421 22.204204559
-0.035519768 -0.004591322 0.999358416 30.669567108 0.085992247 0.996266544 0.007633502 -0.937555432 -0.995662451 0.086208202 -0.034992341 22.140983582
-0.050065927 -0.005293952 0.998732030 31.869461060 0.088126034 0.996062100 0.009697514 -0.934567392 -0.994850338 0.088499807 -0.049402241 22.092237473
-0.062836304 -0.006343696 0.998003662 33.080394745 0.088404723 0.996013582 0.011897184 -0.930815279 -0.994100690 0.088975817 -0.062024999 21.996217728
-0.074881762 -0.006173336 0.997173250 34.279842377 0.088197447 0.996020913 0.012789305 -0.927432954 -0.993284404 0.088905826 -0.074039333 21.908765793
-0.086091824 -0.003683065 0.996280372 35.504314423 0.087962158 0.996059895 0.011283346 -0.927350104 -0.992396474 0.088606372 -0.085428648 21.804964066
-0.096091665 -0.000077329 0.995372474 36.735717773 0.088334292 0.996053696 0.008605035 -0.915709615 -0.991445124 0.088752411 -0.095705628 21.685100555
-0.105399631 0.002445925 0.994426966 37.994358063 0.089787208 0.995935917 0.007066939 -0.911392868 -0.990368187 0.090031669 -0.105190888 21.555372238
-0.112757616 0.003591586 0.993616045 39.286647797 0.089599371 0.995956361 0.006567876 -0.900791287 -0.989574492 0.089767940 -0.112623468 21.412923813
-0.118406400 0.004177373 0.992956400 40.596210480 0.089330830 0.995981157 0.006462277 -0.897798419 -0.988938808 0.089466818 -0.118303694 21.255662918
-0.123316891 0.005842100 0.992350161 41.920768738 0.090748452 0.995859146 0.005414328 -0.892382741 -0.988209307 0.090721935 -0.123336405 21.090795517
-0.128072366 0.007344895 0.991737723 43.256198883 0.089662395 0.995963335 0.004202753 -0.889779150 -0.987703383 0.089459822 -0.128213942 20.924749374
-0.132409602 0.008318084 0.991160214 44.623786926 0.090307973 0.995907009 0.003706368 -0.883180261 -0.987072468 0.090000421 -0.132618845 20.752824783
-0.136366069 0.007350224 0.990631163 46.048763275 0.089470625 0.995977283 0.004926256 -0.877255201 -0.986609936 0.089304179 -0.136475146 20.579647064
-0.138791695 0.005306066 0.990307331 47.472770691 0.090140954 0.995902240 0.007297222 -0.875926852 -0.986210644 0.090280056 -0.138701245 20.380107880
-0.140626669 0.003986717 0.990054667 48.918453217 0.090299927 0.995875537 0.008815981 -0.874809027 -0.985936165 0.090641618 -0.140406668 20.151536942
-0.143412769 0.004486354 0.989652872 50.346920013 0.092774138 0.995647132 0.008930577 -0.870682657 -0.985304952 0.093094945 -0.143204734 19.970233917
-0.144235790 0.004579854 0.989532769 51.795310974 0.091940075 0.995725691 0.008792807 -0.851437807 -0.985262930 0.092245944 -0.144040361 19.741905212
-0.144654259 0.005942094 0.989464402 53.260704041 0.094078422 0.995534539 0.007775201 -0.842277288 -0.984999716 0.094211981 -0.144567326 19.526096344
-0.144717515 0.006024058 0.989454687 54.751785278 0.093494333 0.995590687 0.007613054 -0.835540473 -0.985046029 0.093610153 -0.144642636 19.306770325
-0.144240275 0.007318659 0.989515722 56.257156372 0.093251273 0.995623112 0.006229274 -0.831144333 -0.985139072 0.093172103 -0.144291446 19.093658447
-0.142999783 0.007509210 0.989694238 57.794700623 0.093733288 0.995579302 0.005989552 -0.819740355 -0.985274196 0.093623802 -0.143071488 18.872087479
-0.141204774 0.005972178 0.989962399 59.343589783 0.092827395 0.995655954 0.007234051 -0.819285929 -0.985618711 0.092917107 -0.141145796 18.639692307
-0.139807358 0.006796519 0.990155518 60.924388885 0.093731195 0.995576978 0.006400869 -0.811403036 -0.985732377 0.093703337 -0.139826089 18.415550232
-0.139097556 0.007210710 0.990252435 62.517333984 0.093285374 0.995622158 0.005853683 -0.810731769 -0.985875070 0.093190297 -0.139161259 18.207321167
-0.137931466 0.007772914 0.990411282 64.139045715 0.094580397 0.995502770 0.005359038 -0.807419479 -0.985915542 0.094412670 -0.138046309 17.968845367
-0.136864856 0.007672813 0.990559995 65.723777771 0.093792766 0.995577872 0.005247584 -0.802965343 -0.986139417 0.093625560 -0.136979252 17.756006241
-0.135611430 0.005875477 0.990744650 67.369354248 0.095579185 0.995395958 0.007179653 -0.797991753 -0.986140966 0.095668212 -0.135548636 17.526786804
-0.135520980 0.004479314 0.990764320 69.067337036 0.098126091 0.995133996 0.008923031 -0.792461514 -0.985903323 0.098429076 -0.135301054 17.296251297
-0.134261459 0.004996607 0.990933299 70.748771667 0.099249512 0.995026886 0.008430055 -0.792273223 -0.985963225 0.099481478 -0.134089649 17.061153412
-0.133831918 0.007325394 0.990976989 72.435203552 0.101698011 0.994794846 0.006380751 -0.781271815 -0.985772073 0.101634353 -0.133880243 16.832590103
-0.133159935 0.006769727 0.991071463 74.137252808 0.100479186 0.994916558 0.006704349 -0.779763043 -0.985988081 0.100474812 -0.133163229 16.609235764
-0.132990345 0.006893213 0.991093278 75.882690430 0.101259485 0.994837701 0.006668300 -0.774946332 -0.985931098 0.101244435 -0.133001834 16.371728897
-0.132737309 0.005789993 0.991134286 77.610374451 0.101175003 0.994838476 0.007738193 -0.771808326 -0.985973835 0.101305172 -0.132637993 16.140058517
-0.132738203 0.006123386 0.991132140 79.334289551 0.102650031 0.994688511 0.007602136 -0.767548084 -0.985821187 0.102748841 -0.132661760 15.917811394
-0.132674873 0.005945845 0.991141796 81.106033325 0.103582412 0.994589448 0.007899083 -0.759446681 -0.985732198 0.103712864 -0.132572934 15.679346085
-0.132521644 0.007143479 0.991154373 82.865150452 0.104032710 0.994551003 0.006741671 -0.750264227 -0.985705435 0.104005910 -0.132542714 15.439293861
-0.133135989 0.008095828 0.991064727 84.672531128 0.103653640 0.994596541 0.005799768 -0.744570673 -0.985662580 0.103499621 -0.133255735 15.194356918
-0.134096548 0.008748707 0.990929663 86.468200684 0.102938987 0.994674325 0.005148348 -0.746359527 -0.985607266 0.102695666 -0.134282976 14.953341484
-0.135878578 0.009187731 0.990682900 88.268478394 0.101861477 0.994787276 0.004745166 -0.746692896 -0.985475123 0.101557188 -0.136106133 14.726058006
-0.136538431 0.008449518 0.990598679 90.078132629 0.100889973 0.994882762 0.005420031 -0.746900082 -0.985483885 0.100681528 -0.136692211 14.480170250
-0.137812436 0.008210097 0.990424335 91.913360596 0.100877889 0.994881928 0.005789591 -0.744857371 -0.985307693 0.100709796 -0.137935311 14.237485886
-0.138350233 0.007235427 0.990356922 93.769577026 0.098468617 0.995118976 0.006485585 -0.742363393 -0.985476077 0.098416366 -0.138387412 13.985612869
-0.140296608 0.007997184 0.990077198 95.594406128 0.098246977 0.995144665 0.005883746 -0.743772388 -0.985222936 0.098097555 -0.140401140 13.742580414
-0.142451450 0.009103209 0.989759922 97.465423584 0.097556695 0.995217979 0.004887468 -0.735362411 -0.984982371 0.097253956 -0.142658323 13.465732574
-0.146585733 0.010097523 0.989146352 99.338485718 0.098024145 0.995174587 0.004367550 -0.731301308 -0.984329164 0.097600468 -0.146868199 13.190832138
-0.151046187 0.009171427 0.988484144 101.220748901 0.096123807 0.995354474 0.005453110 -0.730669916 -0.983842015 0.095840521 -0.151226103 12.910851479
-0.155659735 0.008603012 0.987773240 103.114913940 0.094830483 0.995473683 0.006273926 -0.730041862 -0.983248293 0.094647601 -0.155771017 12.619123459
-0.160246670 0.009081387 0.987035215 105.018051147 0.093355320 0.995614827 0.005996055 -0.736641049 -0.982652426 0.093105838 -0.160391763 12.315810204
-0.164237544 0.011124312 0.986358106 106.933601379 0.093867019 0.995575130 0.004401449 -0.730294287 -0.981944501 0.093309388 -0.164554998 11.985424042
-0.169126600 0.012547864 0.985514462 108.868431091 0.093568571 0.995607078 0.003381167 -0.743263721 -0.981142759 0.092785016 -0.169557735 11.661538124
-0.173680037 0.012693354 0.984720349 110.803070068 0.092555232 0.995701432 0.003489525 -0.750018835 -0.980443180 0.091747083 -0.174108267 11.324949265
-0.177849591 0.012277547 0.983981133 112.737922668 0.090728126 0.995867789 0.003972785 -0.758437276 -0.979866326 0.089981325 -0.178228572 10.968242645
-0.182472542 0.011675518 0.983141601 114.685974121 0.088830754 0.996035755 0.004658478 -0.761381149 -0.979189932 0.088183269 -0.182786345 10.614948273
-0.187969357 0.010996935 0.982113302 116.637390137 0.087960623 0.996107697 0.005681394 -0.766534686 -0.978228211 0.087455235 -0.188205034 10.253969193
-0.192884743 0.010633769 0.981163800 118.618545532 0.087962128 0.996102750 0.006496592 -0.767290473 -0.977270782 0.087558322 -0.193068355 9.858341217
-0.197937727 0.012604038 0.980133533 120.599586487 0.088842787 0.996032417 0.005133288 -0.762918293 -0.976180077 0.088093847 -0.198272169 9.459380150
-0.203741387 0.013189099 0.978935897 122.555877686 0.087637886 0.996140718 0.004818769 -0.771164060 -0.975094378 0.086773656 -0.204110965 9.068636894
-0.209904060 0.013250598 0.977632105 124.542655945 0.088451654 0.996065259 0.005490721 -0.772053719 -0.973712802 0.087625712 -0.210250214 8.660545349
-0.215458632 0.013357625 0.976421714 126.535812378 0.087527826 0.996145844 0.005686561 -0.769866705 -0.972582340 0.086689264 -0.215797395 8.230710983
-0.220796824 0.013954137 0.975220144 128.530502319 0.086567715 0.996231616 0.005344766 -0.771126688 -0.971470416 0.085602663 -0.221172780 7.789828777
-0.226087824 0.014583895 0.973997772 130.540130615 0.085940890 0.996287525 0.005031262 -0.774535239 -0.970308423 0.084843755 -0.226501808 7.340803146
-0.230553463 0.013845776 0.972961128 132.526748657 0.086935297 0.996193349 0.006423858 -0.776010215 -0.969168365 0.086065702 -0.230879486 6.879269123
-0.233942479 0.014221229 0.972146392 134.527221680 0.089705631 0.995943546 0.007017886 -0.766585290 -0.968103170 0.088848777 -0.234269246 6.385639191
-0.237429380 0.014948292 0.971289754 136.538894653 0.090928040 0.995833576 0.006901112 -0.766796410 -0.967139781 0.089956000 -0.237799391 5.892138481
-0.240423426 0.015698461 0.970541179 138.537872314 0.091412641 0.995791554 0.006537942 -0.766415298 -0.966354132 0.090291597 -0.240846708 5.393201351
-0.244071320 0.015966382 0.969625831 140.575225830 0.090945907 0.995834589 0.006494682 -0.765624702 -0.965483308 0.089768670 -0.244506761 4.892992020
-0.247619957 0.016211350 0.968721569 142.590133667 0.089679681 0.995950937 0.006256456 -0.774196029 -0.964697778 0.088423863 -0.248071149 4.370441437
-0.252633244 0.016912289 0.967414379 144.620880127 0.088919722 0.996021867 0.005808331 -0.780498862 -0.963467598 0.087489560 -0.253132075 3.854234457
-0.256402791 0.016396565 0.966430843 146.649780273 0.087838374 0.996114135 0.006404143 -0.786293805 -0.962570548 0.086531758 -0.256846726 3.315808058
-0.261013657 0.016486358 0.965194285 148.679397583 0.088218145 0.996077597 0.006842616 -0.791854322 -0.961295605 0.086933672 -0.261444390 2.773111820
-0.265754402 0.016857265 0.963893414 150.733840942 0.087487988 0.996143043 0.006699977 -0.794753969 -0.960062742 0.086109646 -0.266204059 2.217391491
-0.270903319 0.016956145 0.962457359 152.790191650 0.086978793 0.996186197 0.006931601 -0.796063066 -0.958668828 0.085591160 -0.271344960 1.660047770
-0.275498629 0.016059987 0.961167216 154.832305908 0.086712629 0.996199548 0.008209047 -0.805316210 -0.957382500 0.085606933 -0.275844216 1.085734963
-0.280022085 0.016204322 0.959856808 156.891235352 0.087329894 0.996141791 0.008660145 -0.801321447 -0.956013143 0.086249225 -0.280356824 0.501654267
-0.284622192 0.016832782 0.958491981 158.980865479 0.087876730 0.996094227 0.008601672 -0.800008774 -0.954603434 0.086677358 -0.284989774 -0.094491147
-0.288046241 0.018130179 0.957444787 161.043792725 0.088441506 0.996051252 0.007746291 -0.796622455 -0.953523695 0.086909138 -0.288512290 -0.712176740
-0.291838765 0.019426107 0.956270218 163.108413696 0.088164501 0.996083438 0.006671539 -0.801558137 -0.952395499 0.086256109 -0.292408556 -1.333243847
-0.295540422 0.020744553 0.955105007 165.189300537 0.088896163 0.996023595 0.005874055 -0.802989781 -0.951185226 0.086641192 -0.296209276 -1.957468748
-0.299263567 0.021530291 0.953927457 167.278732300 0.088394135 0.996071756 0.005249277 -0.805337489 -0.950067163 0.085892506 -0.299991131 -2.600694180
-0.302915365 0.021484766 0.952775180 169.376007080 0.088749945 0.996037245 0.005755918 -0.812566280 -0.948876023 0.086302318 -0.303621769 -3.256703854
-0.307163417 0.021890834 0.951404989 171.465621948 0.088548891 0.996055603 0.005670038 -0.812211692 -0.947528124 0.085987501 -0.307890326 -3.910307884
-0.311401814 0.022751307 0.950005949 173.564163208 0.090661697 0.995864451 0.005868393 -0.815864742 -0.945943654 0.087956592 -0.312176704 -4.593793869
-0.314333707 0.023385584 0.949024379 175.656753540 0.093133710 0.995633602 0.006313425 -0.815987110 -0.944732904 0.090370700 -0.315139174 -5.293388844
-0.316776425 0.022923101 0.948223114 177.723693848 0.093980536 0.995547056 0.007329284 -0.819884956 -0.943832815 0.091436282 -0.317520201 -5.982479572
-0.319355398 0.022628047 0.947364748 179.808929443 0.093613803 0.995578229 0.007777450 -0.814211488 -0.942999780 0.091170177 -0.320061535 -6.688069820
-0.322226822 0.023175305 0.946378767 181.911621094 0.092917733 0.995647371 0.007255189 -0.818870962 -0.942091405 0.090273164 -0.322977692 -7.399914742
-0.324992388 0.025277305 0.945378661 184.015731812 0.092461392 0.995702863 0.005162558 -0.820153892 -0.941185772 0.089088835 -0.325933039 -8.119325638
-0.327935308 0.027600832 0.944296896 186.127487183 0.092389502 0.995718479 0.002981185 -0.820701420 -0.940171599 0.088220760 -0.329081267 -8.851787567
-0.331068665 0.028623557 0.943172336 188.254776001 0.091759346 0.995779216 0.001988932 -0.834346652 -0.939134598 0.087203376 -0.332297802 -9.593216896
-0.334764332 0.029755950 0.941831887 190.418640137 0.090240203 0.995919764 0.000610154 -0.842658103 -0.937970996 0.085195355 -0.336083591 -10.349227905
-0.337944359 0.029874366 0.940691829 192.550704956 0.091045409 0.995846093 0.001082196 -0.857478142 -0.936752021 0.086011387 -0.339260519 -11.125658035
-0.341984600 0.029142426 0.939253688 194.720657349 0.090610355 0.995884240 0.002091940 -0.866151869 -0.935326755 0.085821509 -0.343217731 -11.899178505
-0.345585734 0.028499037 0.937954307 196.884918213 0.090712503 0.995872021 0.003163851 -0.879170179 -0.933992267 0.086177558 -0.346744448 -12.691321373
-0.349319845 0.028716272 0.936563432 199.041275024 0.090807877 0.995862842 0.003335094 -0.884406388 -0.932592928 0.086212344 -0.350482315 -13.491179466
-0.353314549 0.028799057 0.935061097 201.205596924 0.089842603 0.995950520 0.003272789 -0.897531807 -0.931180477 0.085164644 -0.354471266 -14.291450500
-0.357288003 0.029148506 0.933539271 203.384735107 0.088863902 0.996039510 0.002910368 -0.913175762 -0.929757237 0.083997801 -0.358463287 -15.113121033
-0.361019343 0.029721491 0.932084501 205.571487427 0.088525601 0.996070623 0.002526325 -0.924724340 -0.928347051 0.083425410 -0.362231880 -15.942628860
-0.363992751 0.030509263 0.930901885 207.692520142 0.089929372 0.995944977 0.002522385 -0.943226099 -0.927050173 0.084633559 -0.365260392 -16.764739990
-0.366448253 0.030446054 0.929940104 209.839782715 0.090838932 0.995860398 0.003191316 -0.955838263 -0.925993502 0.085644200 -0.367696911 -17.610406876
-0.369266719 0.029798942 0.928845584 212.019149780 0.092049412 0.995743573 0.004649509 -0.967974246 -0.924753487 0.087216601 -0.370437950 -18.477096558
-0.372006327 0.030902922 0.927715540 214.202728271 0.093706660 0.995590091 0.004411734 -0.979420066 -0.923488140 0.088574328 -0.373261660 -19.350526810
-0.375312239 0.031532891 0.926361918 216.404525757 0.093573652 0.995604157 0.004021166 -0.992061853 -0.922163069 0.088192269 -0.376613081 -20.231763840
-0.377814561 0.031917874 0.925330937 218.581207275 0.093024492 0.995657086 0.003638430 -1.002219558 -0.921196282 0.087453082 -0.379143000 -21.113061905
-0.380823284 0.033400197 0.924044430 220.755508423 0.092985637 0.995664656 0.002332884 -1.019210577 -0.919960499 0.086811267 -0.382277966 -22.002902985
-0.383433521 0.034575384 0.922921062 222.925537109 0.092975758 0.995667517 0.001326684 -1.034744024 -0.918876648 0.086317964 -0.384986967 -22.905029297
-0.386192143 0.034422781 0.921775818 225.100524902 0.090466306 0.995899260 0.000711393 -1.053928733 -0.917971373 0.083664387 -0.387722582 -23.799737930
-0.389392018 0.035459790 0.920389295 227.270004272 0.091570087 0.995798707 0.000375775 -1.073072791 -0.916509032 0.084426478 -0.391003072 -24.705795288
-0.391965061 0.035138607 0.919308722 229.413864136 0.092804991 0.995683074 0.001511335 -1.095404029 -0.915287197 0.085908808 -0.393534034 -25.616165161
-0.394995123 0.033951931 0.918055534 231.586181641 0.092967637 0.995664060 0.003177412 -1.116285443 -0.913967013 0.086604513 -0.396438867 -26.540588379
-0.398475140 0.033649404 0.916561663 233.724639893 0.092175119 0.995736599 0.003517002 -1.131306410 -0.912535667 0.085885614 -0.399877906 -27.456150055
-0.401676267 0.033853300 0.915155768 235.864974976 0.090666182 0.995876968 0.002955490 -1.149512053 -0.911282420 0.084160820 -0.403089523 -28.385013580
-0.405080199 0.033296179 0.913674653 238.044570923 0.088929258 0.996033013 0.003129553 -1.160694480 -0.909945846 0.082520157 -0.406434298 -29.341779709
-0.409028202 0.032516085 0.911942244 240.211120605 0.087853700 0.996125817 0.003886791 -1.177007079 -0.908282816 0.081707306 -0.410300195 -30.293882370
-0.412808418 0.033380568 0.910206139 242.363357544 0.087845139 0.996128500 0.003308990 -1.188867331 -0.906571805 0.081323147 -0.414142668 -31.261371613
-0.416843206 0.032803770 0.908386290 244.517639160 0.087211184 0.996181607 0.004045508 -1.206722617 -0.904785037 0.080907784 -0.418112487 -32.235198975
-0.420960516 0.032325305 0.906502724 246.677825928 0.086033382 0.996282339 0.004425277 -1.221306682 -0.902989745 0.079852380 -0.422176570 -33.214641571
-0.424887389 0.032283299 0.904670417 248.796691895 0.085363567 0.996339560 0.004537301 -1.234495997 -0.901212394 0.079153717 -0.426087856 -34.195629120
-0.428523064 0.033188056 0.902921021 250.938156128 0.085806534 0.996303380 0.004103022 -1.254429579 -0.899447083 0.079234749 -0.429786742 -35.203273773
-0.432009131 0.033474825 0.901247799 253.006256104 0.086040720 0.996282518 0.004238556 -1.272845745 -0.897755623 0.079375111 -0.433283299 -36.186706543
-0.435541749 0.033447221 0.899546921 255.130477905 0.085990980 0.996285319 0.004590864 -1.286591649 -0.896051764 0.079352438 -0.436800063 -37.205490112
-0.439488351 0.033841897 0.897610486 257.252014160 0.084744327 0.996394992 0.003926258 -1.302109122 -0.894241810 0.077792950 -0.440771878 -38.225288391
-0.443058997 0.034113783 0.895843148 259.363494873 0.085215978 0.996353567 0.004204209 -1.324996233 -0.892433167 0.078202859 -0.444350481 -39.262935638
-0.446719825 0.034983508 0.893989682 261.491668701 0.085891664 0.996296704 0.003932445 -1.325963616 -0.890541315 0.078542963 -0.448070318 -40.315261841
-0.450278461 0.036616027 0.892136991 263.616607666 0.087580301 0.996151865 0.003318318 -1.331659317 -0.888582587 0.079627790 -0.451752573 -41.381973267
-0.453968436 0.038518772 0.890184820 265.744659424 0.089433715 0.995989621 0.002511598 -1.342204094 -0.886518061 0.080752723 -0.455592662 -42.465904236
-0.457236886 0.038844753 0.888496101 267.879455566 0.090532139 0.995888889 0.003049624 -1.361515641 -0.884724915 0.081831872 -0.458873838 -43.556125641
-0.460173905 0.040993053 0.886881948 270.004394531 0.092405356 0.995719552 0.001922398 -1.369757414 -0.883006930 0.082837269 -0.461992174 -44.659191132
-0.462876767 0.043182351 0.885370195 272.133422852 0.093997814 0.995572209 0.000585373 -1.390240550 -0.881424606 0.083493821 -0.464886338 -45.757244110
-0.465896755 0.043935813 0.883747518 274.271850586 0.094802991 0.995495856 0.000487106 -1.403529882 -0.879745662 0.084008858 -0.467963576 -46.856578827
-0.469474167 0.044515550 0.881823242 276.436859131 0.094410598 0.995533347 0.000007522 -1.418585658 -0.877884209 0.083257012 -0.471579880 -47.982307434
-0.472827584 0.044587635 0.880026042 278.594238281 0.093611158 0.995608807 -0.000147609 -1.427714229 -0.876168370 0.082310490 -0.474925250 -49.131626129
-0.476368308 0.046044085 0.878039420 280.761444092 0.094775870 0.995498240 -0.000784247 -1.444187522 -0.874122858 0.082843356 -0.478587717 -50.286460876
-0.479585171 0.046088804 0.876284122 282.917633057 0.093978785 0.995573759 -0.000928877 -1.459015012 -0.872448206 0.081906639 -0.481793821 -51.463184357
-0.482476622 0.046029262 0.874698579 285.065948486 0.092549741 0.995707154 -0.001347412 -1.471645117 -0.871005654 0.080303021 -0.484665424 -52.632991791
-0.484959781 0.046972170 0.873274028 287.223907471 0.094252110 0.995547771 -0.001207565 -1.483602047 -0.869442582 0.081722319 -0.487227708 -53.826564789
-0.487401634 0.046957459 0.871914387 289.407501221 0.095920473 0.995388985 0.000012447 -1.505622745 -0.867893398 0.083640508 -0.489658326 -55.025638580
-0.489686370 0.047482144 0.870604813 291.584869385 0.097177655 0.995266974 0.000378094 -1.516114235 -0.866466165 0.084788486 -0.491982847 -56.243106842
-0.491360217 0.046603221 0.869708717 293.744049072 0.096443824 0.995337903 0.001152931 -1.528085947 -0.865600109 0.084444545 -0.493564010 -57.457763672
-0.493800163 0.046099633 0.868352532 295.945220947 0.096096478 0.995370388 0.001803699 -1.532304645 -0.864249229 0.084336303 -0.495943993 -58.690860748
-0.496781647 0.046599478 0.866623521 298.171844482 0.097347341 0.995247841 0.002287438 -1.530786157 -0.862398684 0.085499860 -0.498957217 -59.951717377
-0.499177307 0.046086103 0.865273416 300.371551514 0.097264990 0.995253682 0.003103195 -1.536846161 -0.861023545 0.085709840 -0.501290619 -61.213436127
-0.501289248 0.046607904 0.864023745 302.574859619 0.096496120 0.995330632 0.002294124 -1.549276471 -0.859882295 0.084524922 -0.503446162 -62.480777740
-0.503712535 0.049279619 0.862464607 304.775726318 0.096281238 0.995353878 -0.000640730 -1.553930044 -0.858489156 0.082716398 -0.506116986 -63.759769440
-0.507152557 0.048474345 0.860492051 306.984283447 0.094595693 0.995515645 -0.000328338 -1.570066452 -0.856649280 0.081232302 -0.509463787 -65.050712585
-0.511572599 0.046186425 0.857997894 309.172210693 0.092156634 0.995743632 0.001346108 -1.589459538 -0.854283750 0.079758838 -0.513651371 -66.326370239
-0.517112911 0.043671090 0.854802370 311.394439697 0.089520738 0.995979607 0.003271872 -1.598768234 -0.851222813 0.078214467 -0.518943369 -67.630859375
-0.521718919 0.041952919 0.852085173 313.596679688 0.088164255 0.996093690 0.004938381 -1.607298493 -0.848549604 0.077699907 -0.523379683 -68.960113525
-0.526863694 0.041905250 0.848916113 315.858245850 0.088576593 0.996052444 0.005805007 -1.611507297 -0.845321715 0.078252554 -0.528495729 -70.322677612
-0.531326652 0.044079434 0.846019506 318.141540527 0.091081798 0.995829225 0.005317373 -1.607637763 -0.842256546 0.079882249 -0.533125460 -71.730171204
-0.535409868 0.044429880 0.843422949 320.383209229 0.091418907 0.995796859 0.005576615 -1.609870315 -0.839630187 0.080090567 -0.537221253 -73.143707275
-0.539811671 0.044851109 0.840590119 322.636688232 0.092526086 0.995690405 0.006291806 -1.612378597 -0.836685300 0.081172891 -0.541635156 -74.567543030
-0.543808162 0.043728285 0.838069379 324.850708008 0.093209617 0.995609939 0.008533703 -1.620367646 -0.834017038 0.082756840 -0.545496702 -76.006011963
-0.547877729 0.041542463 0.835526168 327.079833984 0.090861395 0.995812654 0.010068450 -1.615669131 -0.831609368 0.081433386 -0.549358249 -77.457893372
-0.551649094 0.041385084 0.833048940 329.284545898 0.090250917 0.995865881 0.010290905 -1.614553809 -0.829179347 0.080860399 -0.553103387 -78.906242371
-0.555390894 0.041676555 0.830544412 331.471435547 0.090764955 0.995814502 0.010725385 -1.611089230 -0.826621234 0.081341103 -0.556849122 -80.371734619
-0.558931410 0.042186692 0.828140080 333.657104492 0.092029862 0.995691180 0.011391146 -1.603678346 -0.824091136 0.082580499 -0.560405433 -81.838027954
-0.563549697 0.041788671 0.825024486 335.880584717 0.092293911 0.995651960 0.012612035 -1.591398358 -0.820910215 0.083252251 -0.564956188 -83.327140808
-0.566576242 0.040598761 0.823008537 338.095520020 0.090670466 0.995792031 0.013297316 -1.581235170 -0.819005609 0.082156509 -0.567873240 -84.856010437
-0.569718599 0.039979633 0.820866823 340.304565430 0.090404160 0.995803297 0.014244802 -1.563694477 -0.816852391 0.082325310 -0.570941985 -86.379112244
-0.572170138 0.039573848 0.819179595 342.491577148 0.091154233 0.995715141 0.015566136 -1.551205635 -0.815053344 0.083578154 -0.573326051 -87.903198242
-0.574898958 0.038802452 0.817303836 344.697906494 0.089025632 0.995911181 0.015339402 -1.540887594 -0.813366830 0.081579611 -0.576002717 -89.457923889
-0.577953994 0.037710160 0.815197587 346.846435547 0.085259505 0.996255279 0.014361092 -1.529547691 -0.811603308 0.077803396 -0.579004884 -90.957168579
-0.581645310 0.037307255 0.812586486 348.998474121 0.081866898 0.996560454 0.012846105 -1.510980010 -0.809312344 0.073995814 -0.582699060 -92.444580078
-0.584429204 0.034542881 0.810709178 351.132080078 0.080099046 0.996669769 0.015275963 -1.511195660 -0.807481825 0.073864736 -0.585249782 -93.978752136
-0.587851763 0.034194555 0.808245599 353.296447754 0.081035085 0.996570051 0.016776282 -1.495307446 -0.804899633 0.075358212 -0.588606477 -95.524635315
-0.590545654 0.034512360 0.806265891 355.444183350 0.080402471 0.996630371 0.016229466 -1.474179864 -0.802988887 0.074409999 -0.591330647 -97.104675293
-0.594090879 0.033361271 0.803705812 357.624603271 0.078226499 0.996799946 0.016447728 -1.454938769 -0.800585151 0.072642535 -0.594799519 -98.678977966
-0.597517550 0.029136710 0.801326275 359.798248291 0.075514987 0.996942818 0.020059122 -1.443090558 -0.798292100 0.072497822 -0.597891152 -100.262191772
-0.600774944 0.027105313 0.798958659 361.975524902 0.073431447 0.997070849 0.021390170 -1.413776040 -0.796038389 0.071519360 -0.601005673 -101.866241455
-0.604148924 0.026216781 0.796440065 364.164703369 0.072030015 0.997163892 0.021815106 -1.382851601 -0.793609321 0.070547163 -0.604323864 -103.485862732
-0.607236147 0.026556700 0.794077396 366.314880371 0.071662597 0.997198224 0.021451101 -1.352228284 -0.791282952 0.069931529 -0.607438028 -105.087783813
-0.610065460 0.025789807 0.791931212 368.454833984 0.071313925 0.997201025 0.022462232 -1.328686357 -0.789135277 0.070179150 -0.610197008 -106.706169128
-0.612731397 0.024962440 0.789896786 370.576507568 0.070988409 0.997198999 0.023552829 -1.303877711 -0.787096381 0.070505075 -0.612787247 -108.326179504
-0.615798652 0.023412356 0.787555635 372.709899902 0.067597277 0.997442842 0.023203224 -1.274006724 -0.784998477 0.067525141 -0.615806580 -109.957237244
-0.618757844 0.019916862 0.785329163 374.840362549 0.057698913 0.998130858 0.020147001 -1.247504950 -0.783460021 0.057778765 -0.618750513 -111.602798462
-0.622323275 0.022341480 0.782441378 376.984680176 0.050003644 0.998685539 0.011254921 -1.234651089 -0.781161606 0.046129119 -0.622622371 -113.251602173
-0.624813676 0.032538418 0.780095518 379.109649658 0.060123976 0.998169541 0.006521545 -1.236485243 -0.778455377 0.050977193 -0.625626445 -114.935279846
-0.625522435 0.033837702 0.779472053 381.227752686 0.067815825 0.997635961 0.011113440 -1.239974618 -0.777253270 0.059812244 -0.626338422 -116.632255554
-0.627340198 0.025099687 0.778340757 383.340240479 0.067451984 0.997475505 0.022199834 -1.218708992 -0.775818527 0.066427484 -0.627449632 -118.331199646
-0.630981266 0.014052133 0.775670767 385.502105713 0.060874980 0.997649908 0.031446159 -1.175099969 -0.773406029 0.067060880 -0.630353808 -120.030982971
-0.634772897 0.008000926 0.772657335 387.600555420 0.054899063 0.997886300 0.034768872 -1.116912246 -0.770746052 0.064488508 -0.633870423 -121.702659607
-0.637720644 0.007924141 0.770227015 389.680725098 0.053794540 0.997963727 0.034272868 -1.052838802 -0.768386960 0.063290522 -0.636848271 -123.389457703
-0.640787244 0.012527463 0.767616212 391.773315430 0.058726840 0.997736990 0.032740690 -1.005188942 -0.765469074 0.066059485 -0.640072823 -125.091995239
-0.642959356 0.019133056 0.765661299 393.803192139 0.063253745 0.997599304 0.028187996 -0.953228056 -0.763283849 0.066554680 -0.642626047 -126.780540466
-0.645750225 0.021698801 0.763240337 395.875152588 0.063764237 0.997636855 0.025585957 -0.914000332 -0.760881603 0.065189570 -0.645607889 -128.510192871
-0.648735881 0.022221779 0.760689139 397.932617188 0.064492524 0.997583032 0.025858859 -0.881277442 -0.758275986 0.065834329 -0.648601115 -130.250991821
-0.651117980 0.021648725 0.758667707 399.948211670 0.065363422 0.997478724 0.027634162 -0.837567985 -0.756156743 0.067582212 -0.650891423 -131.973953247
-0.653244197 0.021016981 0.756855488 401.975158691 0.065970927 0.997392893 0.029243277 -0.790262818 -0.754267812 0.069033459 -0.652927697 -133.718124390
-0.655357540 0.021384416 0.755016029 403.993682861 0.066363737 0.997363567 0.029355569 -0.746956527 -0.752397776 0.069344074 -0.655048847 -135.423355103
-0.656639576 0.021171683 0.753907442 406.063507080 0.066512771 0.997336686 0.029923595 -0.698320568 -0.751265943 0.069793470 -0.656298995 -137.212097168
-0.657680273 0.022130838 0.752972066 408.092681885 0.067549542 0.997274101 0.029689653 -0.647206724 -0.750262499 0.070389204 -0.657382309 -138.985702515
-0.658511519 0.021498948 0.752263486 410.107635498 0.068729408 0.997132659 0.031666834 -0.595299304 -0.749425650 0.072555602 -0.658100903 -140.753524780
-0.659892499 0.021226859 0.751060069 412.169494629 0.070983917 0.996891260 0.034192864 -0.537636161 -0.747999310 0.075876802 -0.659347892 -142.540924072
-0.661128998 0.020884272 0.749981523 414.195465088 0.072658598 0.996696115 0.036296140 -0.477150261 -0.746745706 0.078489028 -0.660462201 -144.308380127
-0.662294388 0.021060592 0.748947740 416.204040527 0.071081288 0.996862411 0.034825146 -0.410573155 -0.745864391 0.076300666 -0.661713243 -146.074905396
-0.663761139 0.021216214 0.747643650 418.197753906 0.067355365 0.997231662 0.031499494 -0.353370339 -0.744905651 0.071265958 -0.663352668 -147.828842163
-0.665286124 0.020525726 0.746306181 420.202239990 0.064396657 0.997474194 0.029972048 -0.300541013 -0.743805945 0.067999616 -0.664927542 -149.589416504
-0.666770697 0.019756936 0.745000958 422.203033447 0.063866206 0.997485876 0.030707130 -0.251799375 -0.742521346 0.068054989 -0.666356206 -151.344192505
-0.667783439 0.018200021 0.744133055 424.198455811 0.060893521 0.997685909 0.030244283 -0.191798106 -0.741860688 0.065509506 -0.667346418 -153.101425171
-0.668628991 0.017192498 0.743397295 426.198944092 0.058002967 0.997892439 0.029091034 -0.141522497 -0.741330504 0.062570363 -0.668217003 -154.877746582
-0.669920981 0.016227437 0.742255032 428.197021484 0.056893930 0.997943342 0.029532144 -0.098983780 -0.740249217 0.062014006 -0.669466496 -156.641433716
-0.670397103 0.014872548 0.741853476 430.164611816 0.057768069 0.997810543 0.032199830 -0.049152456 -0.739750445 0.064442106 -0.669788480 -158.406021118
-0.670122027 0.014561167 0.742108166 432.125366211 0.060646031 0.997538745 0.035190150 0.015847811 -0.739769399 0.068587601 -0.669355750 -160.172271729
-0.669339418 0.013418751 0.742835581 434.119201660 0.065507554 0.997008741 0.041016046 0.083434217 -0.740063190 0.076114997 -0.668216228 -161.960891724
-0.667884827 0.012147696 0.744165480 436.106872559 0.068266086 0.996651947 0.044999212 0.164571390 -0.741127253 0.080855563 -0.666477919 -163.725036621
-0.666699648 0.009440614 0.745266557 438.078002930 0.062506579 0.997105420 0.043286312 0.244834840 -0.742700636 0.075443044 -0.665360153 -165.454605103
-0.666036308 0.008812073 0.745867193 440.071807861 0.055497132 0.997744143 0.037769340 0.323424786 -0.743851781 0.066549234 -0.665023029 -167.203933716
-0.664223492 0.006099408 0.747509062 442.073699951 0.050247908 0.998069346 0.036505532 0.386551023 -0.745843172 0.061808590 -0.663247764 -168.967132568
-0.662423790 0.006003068 0.749105096 444.072357178 0.048477095 0.998215497 0.034868307 0.447610617 -0.747559011 0.059412047 -0.661532700 -170.698165894
-0.659910560 0.007264591 0.751308918 446.070739746 0.051338479 0.998052180 0.035442639 0.508632779 -0.749588013 0.061960038 -0.658998132 -172.441574097
-0.657276392 0.007184549 0.753615379 448.065887451 0.051563449 0.998040020 0.035457045 0.577991843 -0.751883626 0.062164079 -0.656358659 -174.163528442
-0.654719114 0.008272678 0.755827010 450.053680420 0.049634703 0.998252392 0.032068934 0.635439992 -0.754240870 0.058511388 -0.653985560 -175.870941162
-0.653212786 0.002822925 0.757169187 452.071502686 0.042498838 0.998553336 0.032941036 0.688610256 -0.755980968 0.053696312 -0.652387679 -177.585540771
-0.652417958 -0.003113888 0.757852912 454.085266113 0.033974607 0.998866022 0.033352129 0.743755579 -0.757097304 0.047507286 -0.651572406 -179.275756836
-0.651952684 -0.006916774 0.758228183 456.111022949 0.026693746 0.999129355 0.032066613 0.795369148 -0.757789850 0.041145857 -0.651200235 -180.974136353
-0.651709676 -0.007597758 0.758430481 458.135192871 0.024800183 0.999201596 0.031320225 0.845299780 -0.758062959 0.039220903 -0.651000977 -182.675643921
-0.650225759 -0.007398350 0.759704947 460.152740479 0.027213007 0.999084115 0.033020943 0.897203684 -0.759253383 0.042144928 -0.649428964 -184.393142700
-0.648631811 -0.008549126 0.761054397 462.181274414 0.028595038 0.998957217 0.035592556 0.953716874 -0.760564983 0.044848841 -0.647711039 -186.097229004
-0.647397935 -0.010573997 0.762078762 464.172210693 0.027023615 0.998956561 0.036817718 1.022755265 -0.761672795 0.044429842 -0.646436691 -187.762344360
-0.646268487 -0.010444415 0.763038576 466.212768555 0.025344137 0.999060988 0.035140727 1.091263175 -0.762688994 0.042048905 -0.645397007 -189.470001221
-0.645288944 -0.009912240 0.763874292 468.243591309 0.023727892 0.999173343 0.033009868 1.151639581 -0.763570011 0.039426029 -0.644520283 -191.156066895
-0.644208193 -0.008871542 0.764798641 470.280364990 0.024269419 0.999192119 0.032033183 1.199625254 -0.764465034 0.039197259 -0.643472433 -192.852325439
-0.643445373 -0.008458778 0.765445292 472.298614502 0.025871398 0.999127388 0.032789052 1.252363801 -0.765054643 0.040901106 -0.642664969 -194.519241333
