0.999999940 0.000000000 -0.000000001 0.000000954 0.000000000 1.000000000 -0.000000001 0.000000000 -0.000000001 -0.000000001 1.000000000 -0.000000477
0.999996066 -0.002452558 -0.001318612 -0.007483614 0.002456462 0.999992549 0.002967127 -0.016452819 0.001311325 -0.002970356 0.999994636 1.523236990
0.999991775 -0.002841262 -0.002867857 -0.009654511 0.002852273 0.999988496 0.003842531 -0.035017822 0.002856905 -0.003850680 0.999988496 3.042756557
0.999989331 -0.001874913 -0.004216852 -0.026802473 0.001889888 0.999991894 0.003550191 -0.049483247 0.004210161 -0.003558122 0.999984741 4.555305958
0.999982715 -0.000990080 -0.005784178 -0.038815122 0.001010123 0.999993503 0.003463338 -0.065546602 0.005780710 -0.003469121 0.999977291 6.055967331
0.999972641 -0.001299498 -0.007270162 -0.053154964 0.001324699 0.999993205 0.003462632 -0.076950453 0.007265611 -0.003472168 0.999967635 7.556053162
0.999958038 -0.001795102 -0.008975423 -0.072734773 0.001832160 0.999989867 0.004122240 -0.094430774 0.008967933 -0.004138511 0.999951243 9.065308571
0.999936342 -0.003503636 -0.010718809 -0.094244882 0.003537929 0.999988794 0.003181939 -0.106865183 0.010707540 -0.003219659 0.999937475 10.563188553
0.999918997 -0.004395159 -0.011941797 -0.116163224 0.004436524 0.999984205 0.003439649 -0.121823609 0.011926491 -0.003492351 0.999922812 12.049725533
0.999902904 -0.004111346 -0.013309563 -0.142539561 0.004156348 0.999985695 0.003355281 -0.138216257 0.013295576 -0.003410275 0.999905825 13.537107468
0.999889910 -0.003792431 -0.014353756 -0.167767942 0.003842197 0.999986708 0.003441066 -0.154446393 0.014340518 -0.003495838 0.999890983 15.009209633
0.999882281 -0.002003671 -0.015213243 -0.196531788 0.002065782 0.999989629 0.004068111 -0.170055866 0.015204934 -0.004099060 0.999875963 16.494295120
0.999879122 -0.000779151 -0.015525238 -0.225865573 0.000851033 0.999988973 0.004623897 -0.184243679 0.015521463 -0.004636551 0.999868751 17.978139877
0.999867558 -0.000154746 -0.016268289 -0.258461654 0.000244352 0.999984860 0.005506190 -0.198303401 0.016267184 -0.005509437 0.999852479 19.443111420
0.999859512 -0.000521222 -0.016751843 -0.280453324 0.000614655 0.999984324 0.005572769 -0.213398278 0.016748670 -0.005582282 0.999844134 20.908744812
0.999847531 0.000684646 -0.017445611 -0.311485171 -0.000587001 0.999984145 0.005601646 -0.224149302 0.017449165 -0.005590551 0.999832094 22.374135971
0.999845445 0.000545350 -0.017572286 -0.332578778 -0.000437873 0.999981165 0.006119529 -0.234223649 0.017575288 -0.006110887 0.999826849 23.853004456
0.999846160 0.001719152 -0.017449249 -0.365583271 -0.001591971 0.999972105 0.007299921 -0.244770437 0.017461311 -0.007271022 0.999821067 25.299547195
0.999845684 0.002174348 -0.017427452 -0.394222856 -0.002069203 0.999979615 0.006049041 -0.257968694 0.017440246 -0.006012046 0.999829829 26.738594055
0.999844015 0.002160469 -0.017524028 -0.424871325 -0.002093576 0.999990404 0.003834742 -0.265314341 0.017532142 -0.003797458 0.999839008 28.170848846
0.999853194 0.000582912 -0.017123969 -0.458271652 -0.000518595 0.999992788 0.003760201 -0.280065656 0.017126041 -0.003750768 0.999846280 29.589279175
0.999855518 -0.000075199 -0.016997190 -0.490568489 0.000183954 0.999979496 0.006396945 -0.295162559 0.016996356 -0.006399147 0.999835074 31.010099411
0.999858558 -0.001892657 -0.016706780 -0.519488752 0.002022563 0.999967754 0.007762223 -0.309792042 0.016691545 -0.007794918 0.999830306 32.411312103
0.999864042 -0.002728075 -0.016253768 -0.551814020 0.002842333 0.999971330 0.007010716 -0.317259401 0.016234169 -0.007055962 0.999843359 33.808914185
0.999873638 -0.002425130 -0.015710006 -0.584766626 0.002507188 0.999983251 0.005205660 -0.332278281 0.015697118 -0.005244392 0.999863029 35.198032379
0.999881864 -0.001288933 -0.015320336 -0.609498322 0.001359182 0.999988556 0.004575860 -0.348824382 0.015314261 -0.004596143 0.999872208 36.542701721
0.999897718 -0.000917564 -0.014269508 -0.641751289 0.000968506 0.999993145 0.003563458 -0.364126801 0.014266143 -0.003576913 0.999891758 37.918033600
0.999913812 -0.000382484 -0.013122327 -0.667114496 0.000445125 0.999988496 0.004771034 -0.381403208 0.013120351 -0.004776463 0.999902487 39.253059387
0.999931574 -0.000078114 -0.011688732 -0.689456642 0.000158354 0.999976456 0.006863980 -0.398018330 0.011687921 -0.006865363 0.999908090 40.585491180
0.999951243 -0.000553786 -0.009853960 -0.709920406 0.000629679 0.999970198 0.007700352 -0.411028594 0.009849401 -0.007706183 0.999921799 41.876739502
0.999969542 0.000083376 -0.007802770 -0.721549690 -0.000017057 0.999963760 0.008499039 -0.424233407 0.007803194 -0.008498645 0.999933422 43.176174164
0.999990463 -0.000348541 -0.004359084 -0.738715053 0.000383210 0.999968231 0.007954940 -0.436652690 0.004356172 -0.007956536 0.999958873 44.447082520
0.999999106 -0.001092348 -0.000654173 -0.743232965 0.001096339 0.999980628 0.006132906 -0.450151831 0.000647462 -0.006133618 0.999980986 45.689636230
0.999995232 -0.001033364 0.002892777 -0.748350561 0.001020613 0.999989808 0.004405628 -0.463954210 -0.002897299 -0.004402656 0.999986172 46.911243439
0.999976277 -0.000665784 0.006854393 -0.738608837 0.000631088 0.999986947 0.005062797 -0.479394555 -0.006857674 -0.005058351 0.999963641 48.147895813
0.999924719 -0.000254446 0.012267826 -0.736329794 0.000193767 0.999987662 0.004947118 -0.493567914 -0.012268934 -0.004944367 0.999912441 49.349555969
0.999825656 0.000819647 0.018654950 -0.720132232 -0.000892289 0.999992013 0.003886065 -0.507759988 -0.018651616 -0.003902033 0.999818385 50.574630737
0.999666095 0.002266482 0.025736492 -0.688232422 -0.002368758 0.999989510 0.003944150 -0.521432459 -0.025727278 -0.004003796 0.999660969 51.754203796
0.999404132 0.003584919 0.034328155 -0.658273935 -0.003753686 0.999981225 0.004853075 -0.531675935 -0.034310114 -0.004979040 0.999398828 52.943073273
0.999000251 0.005385994 0.044380963 -0.610549212 -0.005645882 0.999967575 0.005732539 -0.553300858 -0.044348653 -0.005977377 0.998998165 54.093955994
0.998326182 0.007670245 0.057323311 -0.558734179 -0.008003186 0.999952435 0.005580793 -0.564346194 -0.057277780 -0.006030221 0.998340011 55.243267059
0.997334361 0.009842787 0.072299130 -0.488888741 -0.010315685 0.999927700 0.006170350 -0.577787995 -0.072233178 -0.006899717 0.997363985 56.379917145
0.996028185 0.011952911 0.088231817 -0.397934437 -0.012675177 0.999890506 0.007630273 -0.589411497 -0.088130951 -0.008718322 0.996070743 57.502704620
0.994273186 0.012316928 0.106156096 -0.286898613 -0.013269515 0.999877691 0.008271789 -0.598227859 -0.106041230 -0.009633059 0.994315028 58.617187500
0.992107332 0.011768985 0.124838293 -0.152623653 -0.012801353 0.999890149 0.007470653 -0.609861732 -0.124736682 -0.009009789 0.992148995 59.699829102
0.989371002 0.010960387 0.144999295 0.002138138 -0.012027771 0.999906540 0.006486690 -0.617343783 -0.144914672 -0.008161762 0.989410460 60.781242371
0.986074090 0.008341385 0.166096717 0.179404259 -0.009508613 0.999935389 0.006233436 -0.626653552 -0.166033968 -0.007725980 0.986089826 61.849857330
0.982271850 0.002878539 0.187439486 0.381079674 -0.004513901 0.999955356 0.008298512 -0.633292854 -0.187407225 -0.008997479 0.982241094 62.878101349
0.977617800 -0.002391495 0.210374713 0.606681824 0.000327442 0.999951482 0.009845605 -0.643056750 -0.210388064 -0.009556354 0.977571309 63.910903931
0.972128510 -0.007686802 0.234322563 0.857338905 0.005668713 0.999940813 0.009284766 -0.652120709 -0.234380081 -0.007697679 0.972114563 64.928817749
0.965662956 -0.013838870 0.259429753 1.132802010 0.012256519 0.999895096 0.007715981 -0.662535071 -0.259509385 -0.004271330 0.965731144 65.928276062
0.958162308 -0.017064702 0.285716414 1.429082870 0.015247024 0.999846935 0.008585310 -0.669333220 -0.285819203 -0.003869795 0.958275735 66.916847229
0.949563026 -0.019870391 0.312945694 1.742620468 0.017312087 0.999790132 0.010951751 -0.678235173 -0.313097656 -0.004981637 0.949707925 67.861450195
0.939941287 -0.024134669 0.340481669 2.085536957 0.020761106 0.999692678 0.013548553 -0.678771973 -0.340704054 -0.005666071 0.940153599 68.795753479
0.929078281 -0.027118785 0.368887633 2.456878662 0.023889035 0.999625862 0.013320746 -0.683152914 -0.369110912 -0.003563647 0.929378510 69.713706970
0.916948199 -0.025899421 0.398164749 2.841999054 0.024044635 0.999664247 0.009651892 -0.686324060 -0.398281097 0.000723441 0.917263150 70.611686707
0.904003859 -0.027638366 0.426629961 3.263393402 0.028534442 0.999583602 0.004293196 -0.693057597 -0.426570982 0.008292583 0.904416084 71.475105286
0.889868975 -0.029683091 0.455249608 3.706951141 0.032324389 0.999475479 0.001983644 -0.701019049 -0.455069631 0.012950481 0.890361607 72.324195862
0.874260545 -0.030370945 0.484505981 4.175313950 0.031741846 0.999481618 0.005375701 -0.709536910 -0.484418094 0.010679351 0.874771357 73.164543152
0.856535017 -0.028983666 0.515274346 4.668233871 0.027270880 0.999568701 0.010892646 -0.714263260 -0.515367806 0.004722051 0.856956005 73.991195679
0.836856067 -0.029403822 0.546632648 5.184526443 0.025523737 0.999566197 0.014692450 -0.721586525 -0.546827555 0.001656641 0.837243617 74.795494080
0.815912604 -0.023261815 0.577707112 5.724172592 0.021470120 0.999720156 0.009931615 -0.724799573 -0.577776432 0.004300113 0.816183805 75.562820435
0.793964207 -0.016319789 0.607745469 6.287910461 0.018318277 0.999827921 0.002917225 -0.730235100 -0.607688427 0.008816676 0.794126570 76.304122925
0.771348953 -0.013953169 0.636259496 6.883869171 0.017506301 0.999846458 0.000703432 -0.732893109 -0.636171639 0.010595957 0.771474779 77.046630859
0.747983813 -0.016235463 0.663518429 7.507598877 0.018375121 0.999824107 0.003750185 -0.739088178 -0.663462579 0.009387152 0.748150468 77.746368408
0.723572373 -0.017024282 0.690038621 8.147415161 0.019024730 0.999807835 0.004717484 -0.755973697 -0.689986348 0.009714358 0.723757088 78.412818909
0.698135316 -0.014935817 0.715809882 8.801704407 0.019553779 0.999807298 0.001790632 -0.765164077 -0.715698779 0.012746688 0.698292851 79.061431885
0.672158778 -0.012838729 0.740295589 9.476966858 0.019405179 0.999811709 -0.000279688 -0.775621235 -0.740152538 0.014553564 0.672281444 79.661132812
0.644931316 -0.010127103 0.764173388 10.172451019 0.017361026 0.999848247 -0.001401654 -0.783814967 -0.764043272 0.014170804 0.645009339 80.257186890
0.616951227 -0.008448306 0.786956072 10.886005402 0.017055864 0.999851048 -0.002637490 -0.795369387 -0.786816597 0.015049418 0.617003381 80.815963745
0.587833166 -0.002292383 0.808978915 11.618976593 0.015717670 0.999839544 -0.008587810 -0.815267920 -0.808829427 0.017763466 0.587774932 81.368301392
0.557961822 0.007133724 0.829835832 12.377220154 0.014514647 0.999726176 -0.018353490 -0.827966511 -0.829739809 0.022285322 0.557705462 81.875091553
0.527027190 0.015424127 0.849708438 13.147785187 0.013273893 0.999563873 -0.026377406 -0.853968978 -0.849744797 0.025180548 0.526592612 82.359756470
0.495281428 0.020461112 0.868491530 13.961799622 0.010680282 0.999503672 -0.029638398 -0.877204239 -0.868666947 0.023955084 0.494817048 82.830940247
0.462584585 0.019870572 0.886352420 14.793100357 0.008857174 0.999595344 -0.027031820 -0.908605635 -0.886530936 0.020355083 0.462221354 83.269142151
0.429667473 0.018802395 0.902791381 15.642251968 0.004226099 0.999730349 -0.022832677 -0.937833011 -0.902977169 0.013625745 0.429472148 83.679946899
0.395191789 0.019813912 0.918384910 16.497934341 -0.000250867 0.999769688 -0.021461815 -0.971825957 -0.918598533 0.008251140 0.395105690 84.057418823
0.359996885 0.022982027 0.932670295 17.378681183 -0.007269535 0.999735236 -0.021828650 -0.997925103 -0.932925165 0.001078166 0.360068649 84.418624878
0.324741483 0.024874065 0.945475698 18.275894165 -0.012105645 0.999681473 -0.022142231 -1.025351524 -0.945725262 -0.004255092 0.324939162 84.719635010
0.288090944 0.023842672 0.957306147 19.186431885 -0.014844537 0.999681056 -0.020430759 -1.059892297 -0.957488000 -0.008324849 0.288352966 85.019371033
0.251743734 0.023892531 0.967498899 20.137762070 -0.015592001 0.999665618 -0.020629846 -1.079926491 -0.967668295 -0.009891810 0.252032071 85.278182983
0.215831518 0.023562670 0.976146162 21.083091736 -0.014921673 0.999671757 -0.020831265 -1.102914572 -0.976316571 -0.010069693 0.216112182 85.486312866
0.180762172 0.022133900 0.983277619 22.048274994 -0.012713222 0.999715805 -0.020166771 -1.130704522 -0.983444691 -0.008855238 0.180992097 85.654731750
0.146354765 0.021055117 0.989008009 23.019262314 -0.004444545 0.999777317 -0.020626677 -1.164442301 -0.989222169 -0.001376878 0.146415740 85.788665771
0.112753570 0.024363333 0.993324220 23.987213135 -0.002542437 0.999703109 -0.024231192 -1.196360350 -0.993619740 0.000206689 0.112782009 85.892745972
0.079187289 0.029136360 0.996433854 24.959583282 -0.001666211 0.999575138 -0.029095802 -1.232098579 -0.996858299 0.000643749 0.079202197 85.986434937
0.050146364 0.033356015 0.998184681 25.972827911 0.005475399 0.999417901 -0.033672296 -1.262096643 -0.998726845 0.007154003 0.049934532 86.034805298
0.024574734 0.031706266 0.999195099 26.957061768 0.007683293 0.999461412 -0.031903680 -1.295026660 -0.999668479 0.008461135 0.024317889 86.053092957
0.002362445 0.028320378 0.999596119 27.948019028 0.008878619 0.999558926 -0.028340302 -1.334596634 -0.999957800 0.008941987 0.002109960 86.051002502
-0.016343210 0.026012419 0.999527991 28.995843887 0.008951947 0.999625266 -0.025868576 -1.374397278 -0.999826252 0.008524945 -0.016569950 86.037147522
-0.032764047 0.029015936 0.999041796 29.989665985 0.011040822 0.999528050 -0.028667964 -1.411986589 -0.999402046 0.010090964 -0.033068944 85.999954224
-0.047551222 0.033676062 0.998300970 30.992759705 0.013173259 0.999365807 -0.033084515 -1.441732883 -0.998781979 0.011577668 -0.047964685 85.951843262
-0.059764393 0.038833685 0.997456849 31.985902786 0.017359212 0.999132335 -0.037858807 -1.481932759 -0.998061597 0.015052455 -0.060386654 85.891563416
-0.068359055 0.042212229 0.996767402 32.982387543 0.023177391 0.998902142 -0.040713102 -1.530769706 -0.997391582 0.020319358 -0.069262363 85.813690186
-0.074042417 0.047715750 0.996112883 34.007541656 0.027380241 0.998575389 -0.045798495 -1.578755379 -0.996879160 0.023882780 -0.075243399 85.725097656
-0.077572756 0.052252203 0.995616496 35.008041382 0.029388215 0.998311520 -0.050103877 -1.633887649 -0.996553481 0.025372693 -0.078977369 85.644355774
-0.080571175 0.056331344 0.995155752 36.023097992 0.030916566 0.998062670 -0.053992771 -1.692809343 -0.996269226 0.026416542 -0.082156636 85.560684204
-0.083120733 0.059463281 0.994763851 37.022006989 0.031334832 0.997880578 -0.057031307 -1.752583623 -0.996046603 0.026430272 -0.084807836 85.476562500
-0.085385703 0.062689848 0.994373798 38.046764374 0.032835945 0.997653544 -0.060077041 -1.819194674 -0.995806694 0.027521482 -0.087243840 85.379661560
-0.087316334 0.066921212 0.993930280 39.056297302 0.033897098 0.997362792 -0.064174481 -1.881385088 -0.995603740 0.028087869 -0.089354508 85.283935547
-0.089201041 0.068052649 0.993685961 40.063194275 0.036909588 0.997203708 -0.064980254 -1.954182148 -0.995329499 0.030880243 -0.091463409 85.186737061
-0.091605216 0.066698946 0.993558943 41.079925537 0.037035123 0.997292101 -0.063534945 -2.026984692 -0.995106459 0.030976456 -0.093827367 85.096984863
-0.093678534 0.066390470 0.993386388 42.105403900 0.036409978 0.997335076 -0.063220836 -2.099368811 -0.994936466 0.030246748 -0.095846176 84.997230530
-0.096131831 0.067836493 0.993054271 43.128120422 0.036079768 0.997256756 -0.064630896 -2.166887760 -0.994714439 0.029616084 -0.098315656 84.906181335
-0.098402634 0.069939353 0.992685914 44.149452209 0.035735838 0.997132182 -0.066710204 -2.243652344 -0.994504869 0.028910005 -0.100619778 84.799293518
-0.100892082 0.072183855 0.992275298 45.178649902 0.034161061 0.997027695 -0.069056161 -2.321625948 -0.994310737 0.026929962 -0.103058062 84.693855286
-0.103385657 0.075575784 0.991765976 46.212638855 0.031494875 0.996857762 -0.072680652 -2.399391413 -0.994142592 0.023721401 -0.105441049 84.588867188
-0.105707482 0.080027021 0.991171837 47.251335144 0.027693838 0.996606648 -0.077512302 -2.475199461 -0.994011641 0.019255720 -0.107565030 84.486671448
-0.108613171 0.082361095 0.990666389 48.296211243 0.025699621 0.996461332 -0.080025278 -2.562298059 -0.993751943 0.016767941 -0.110345483 84.378829956
-0.111221857 0.080912635 0.990496218 49.361900330 0.023468865 0.996616006 -0.078777254 -2.645295858 -0.993518472 0.014484078 -0.112744406 84.253746033
-0.114357375 0.076842785 0.990463257 50.417591095 0.020099586 0.996978879 -0.075027615 -2.727787495 -0.993236303 0.011327943 -0.115556389 84.141189575
-0.117115565 0.074945286 0.990286291 51.458854675 0.020563342 0.997117758 -0.073030375 -2.817422867 -0.992905319 0.011810604 -0.118319139 84.030578613
-0.118184373 0.075302072 0.990132272 52.532165527 0.020876575 0.997088432 -0.073339246 -2.909347057 -0.992772222 0.012003019 -0.119412348 83.888839722
-0.119816855 0.078271240 0.989705741 53.576934814 0.021555847 0.996857345 -0.076227203 -2.987611771 -0.992561996 0.012200641 -0.121127538 83.772392273
-0.120216317 0.080846533 0.989450276 54.630012512 0.022770427 0.996640742 -0.078667492 -3.076630116 -0.992486596 0.013073090 -0.121653393 83.634361267
-0.120267481 0.081826709 0.989363372 55.706630707 0.021224389 0.996581435 -0.079843640 -3.163385391 -0.992514610 0.011396043 -0.121593073 83.498291016
-0.120412998 0.080626845 0.989444315 56.771339417 0.018186579 0.996708274 -0.079005502 -3.253639221 -0.992557287 0.008481318 -0.121482961 83.374336243
-0.120398857 0.079734817 0.989518285 57.829902649 0.014674059 0.996803284 -0.078536369 -3.344182014 -0.992617190 0.005064561 -0.121184029 83.254203796
-0.120257176 0.080819927 0.989447474 58.897960663 0.011023977 0.996727884 -0.080074750 -3.434004784 -0.992681623 0.001278082 -0.120754652 83.127998352
-0.120344862 0.081044123 0.989418507 59.970939636 0.006707836 0.996705651 -0.080825135 -3.525778532 -0.992709458 -0.003090034 -0.120492049 83.006973267
-0.120853968 0.080566093 0.989395499 61.061752319 0.003135932 0.996727169 -0.080780044 -3.619284153 -0.992665291 -0.006659913 -0.120711066 82.880928040
-0.121519312 0.075221851 0.989734709 62.146949768 0.003118736 0.997148454 -0.075402379 -3.708845377 -0.992584169 -0.006076127 -0.121407375 82.760276794
-0.121910878 0.066724211 0.990295768 63.234539032 0.006727980 0.997770429 -0.066399612 -3.794016361 -0.992518306 -0.001432146 -0.122087985 82.631111145
-0.121260904 0.061074056 0.990739942 64.345237732 0.012892961 0.998118162 -0.059950851 -3.880647898 -0.992536902 0.005503878 -0.121820115 82.478614807
-0.120878808 0.063974977 0.990603626 65.437515259 0.021108679 0.997861087 -0.061867885 -3.948728085 -0.992442787 0.013431819 -0.121970698 82.342147827
-0.119654715 0.069673374 0.990367711 66.551979065 0.026328066 0.997406363 -0.066987634 -4.019953728 -0.992466390 0.018059084 -0.121178746 82.193962097
-0.118103117 0.075056113 0.990160704 67.650154114 0.030732498 0.996937931 -0.071904175 -4.105393887 -0.992525578 0.021938000 -0.120048173 82.050430298
-0.117771976 0.079496183 0.989853621 68.748092651 0.031414483 0.996589959 -0.076299511 -4.191503048 -0.992543638 0.022109793 -0.119867712 81.929603577
-0.117452726 0.076725625 0.990110099 69.895431519 0.028653841 0.996857703 -0.073849425 -4.277045250 -0.992664993 0.019696644 -0.119282126 81.787803650
-0.116794422 0.072112449 0.990534604 71.018585205 0.027800195 0.997207046 -0.069320276 -4.364283562 -0.992766917 0.019440835 -0.118472949 81.651405334
-0.116363421 0.070090413 0.990730464 72.156158447 0.025933335 0.997381151 -0.067515001 -4.453042984 -0.992868125 0.017836664 -0.117876373 81.518745422
-0.116931096 0.070923887 0.990604341 73.297332764 0.023274461 0.997368515 -0.068660855 -4.528297424 -0.992867231 0.015027187 -0.118274115 81.395759583
-0.116758741 0.076384872 0.990218580 74.433052063 0.024342438 0.996958554 -0.074034542 -4.612921715 -0.992861927 0.015460149 -0.118263014 81.264770508
-0.115649641 0.078914121 0.990150273 75.562248230 0.024424821 0.996763706 -0.076588370 -4.704371452 -0.992989719 0.015326830 -0.117202833 81.126693726
-0.114874549 0.078203492 0.990296900 76.712486267 0.024165649 0.996821344 -0.075915530 -4.788164139 -0.993085980 0.015210405 -0.116399258 80.991744995
-0.114745237 0.070954010 0.990857661 77.860954285 0.025667051 0.997324586 -0.068444751 -4.884888649 -0.993063211 0.017578686 -0.116259448 80.859802246
-0.115212142 0.069415830 0.990912497 79.015350342 0.024842441 0.997444630 -0.066985026 -4.970763206 -0.993030131 0.016899200 -0.116642207 80.730987549
-0.115075208 0.072480924 0.990708947 80.173934937 0.022301968 0.997271597 -0.070370570 -5.054368973 -0.993106365 0.013996850 -0.116377689 80.605056763
-0.114828661 0.075901769 0.990481317 81.326843262 0.021406800 0.997034252 -0.073922187 -5.136621952 -0.993154645 0.012714651 -0.116112925 80.478988647
-0.114791930 0.075154193 0.990542591 82.509559631 0.020413512 0.997101963 -0.073286176 -5.227041245 -0.993179798 0.011807791 -0.115993425 80.343521118
-0.114272930 0.071860686 0.990847051 83.694038391 0.019870486 0.997346282 -0.070040412 -5.314157486 -0.993250728 0.011684891 -0.115397587 80.204872131
-0.113719501 0.070709333 0.990993500 84.882362366 0.020211164 0.997422338 -0.068848744 -5.403803825 -0.993307292 0.012199687 -0.114855498 80.076171875
-0.112426348 0.070767529 0.991136789 86.062965393 0.022274960 0.997389555 -0.068687275 -5.503351212 -0.993410349 0.014355272 -0.113709204 79.937431335
-0.111224458 0.071662188 0.991208136 87.256996155 0.024149314 0.997297108 -0.069392577 -5.580143929 -0.993501902 0.016218843 -0.112654418 79.800819397
-0.111148529 0.070471101 0.991302013 88.451423645 0.023704283 0.997386873 -0.068245851 -5.677870750 -0.993521094 0.015912680 -0.112528548 79.688583374
-0.108952381 0.070907786 0.991514683 89.650207520 0.025374338 0.997325957 -0.068535119 -5.765649796 -0.993722975 0.017691962 -0.110460289 79.531455994
-0.107763380 0.069240555 0.991762400 90.852111816 0.025414387 0.997437596 -0.066875286 -5.850079060 -0.993851662 0.017998325 -0.109246962 79.403030396
-0.106572047 0.068383105 0.991950631 92.065666199 0.023994794 0.997518539 -0.066188999 -5.937526703 -0.994015396 0.016747748 -0.107948437 79.271781921
-0.104746222 0.067598961 0.992198825 93.279296875 0.025071781 0.997549593 -0.065316677 -6.023980618 -0.994182885 0.018034518 -0.106184386 79.141891479
-0.103147008 0.068311043 0.992317557 94.511581421 0.023095062 0.997534573 -0.066269524 -6.113698959 -0.994397998 0.016082134 -0.104470327 79.015037537
-0.102086402 0.071178302 0.992225707 95.731445312 0.023347203 0.997333467 -0.069142640 -6.198048592 -0.994501472 0.016107172 -0.103476003 78.890449524
-0.101387680 0.069838814 0.992392480 96.950721741 0.020548884 0.997467041 -0.068096578 -6.284136772 -0.994634688 0.013488404 -0.102565981 78.778991699
-0.100518875 0.068620339 0.992565989 98.194213867 0.017732527 0.997583866 -0.067171454 -6.381054401 -0.994777083 0.010848703 -0.101492822 78.654838562
-0.100734100 0.069728918 0.992466748 99.432098389 0.014871731 0.997535169 -0.068575554 -6.467650414 -0.994802177 0.007851803 -0.101522781 78.537620544
-0.100486241 0.069139294 0.992533267 100.655097961 0.012208969 0.997593045 -0.068255715 -6.557883263 -0.994863510 0.005259047 -0.101088516 78.410949707
-0.101799116 0.066395707 0.992586792 101.899429321 0.009260762 0.997790217 -0.065793999 -6.649907589 -0.994761825 0.002494339 -0.102189049 78.291931152
-0.102743506 0.065007493 0.992581367 103.159545898 0.007307063 0.997884572 -0.064598463 -6.741193771 -0.994681060 0.000615781 -0.103001185 78.165374756
-0.104675248 0.064536057 0.992410302 104.423286438 0.005158294 0.997914076 -0.064349882 -6.826278210 -0.994493067 -0.001616699 -0.104789823 78.049179077
-0.105797529 0.063990369 0.992326617 105.672157288 0.005249871 0.997949302 -0.063793227 -6.927858829 -0.994373858 -0.001539580 -0.105916530 77.911903381
-0.108225629 0.062820561 0.992139459 106.930351257 0.004779584 0.998022735 -0.062671714 -7.012271404 -0.994114876 -0.002040672 -0.108311892 77.781234741
-0.111466788 0.058100965 0.992068231 108.204956055 0.001698234 0.998299062 -0.058275070 -7.097311020 -0.993766665 -0.004810972 -0.111375868 77.650489807
-0.116072603 0.058002755 0.991545558 109.461990356 0.000779278 0.998298347 -0.058306549 -7.179153442 -0.993240476 -0.005995104 -0.115920290 77.513885498
-0.121193640 0.064138606 0.990554571 110.699600220 -0.003315583 0.997878432 -0.065018505 -7.261713028 -0.992623329 -0.011164094 -0.120723911 77.364501953
-0.128725052 0.067199260 0.989400864 111.920471191 -0.002716618 0.997673750 -0.068114601 -7.348611355 -0.991676629 -0.011455880 -0.128243044 77.219619751
-0.137210444 0.063305132 0.988516927 113.176727295 -0.000423324 0.997951806 -0.063968122 -7.440465927 -0.990541756 -0.009195557 -0.136902630 77.039642334
-0.147935480 0.061350051 0.987092316 114.404815674 0.001831778 0.998089373 -0.061759010 -7.528758049 -0.988995373 -0.007328214 -0.147765175 76.858146667
-0.160960138 0.062020816 0.985010207 115.632148743 0.001908757 0.998041272 -0.062529400 -7.620460033 -0.986958981 -0.008184599 -0.160763264 76.665451050
-0.174936816 0.062264908 0.982608795 116.848999023 0.004129885 0.998035908 -0.062507220 -7.706908703 -0.984570980 -0.006876755 -0.174850374 76.451377869
-0.189346626 0.060076430 0.980070770 118.061477661 0.004316933 0.998167932 -0.060351741 -7.794009209 -0.981900811 -0.007196498 -0.189259052 76.222496033
-0.204419151 0.062688150 0.976874113 119.262451172 0.008568053 0.998023629 -0.062252436 -7.881448269 -0.978846073 -0.004355680 -0.204552233 75.968887329
-0.219891295 0.065967999 0.973291337 120.440994263 0.008382668 0.997801960 -0.065735415 -7.968903065 -0.975488305 -0.006295870 -0.219960913 75.711318970
-0.235202819 0.069884852 0.969430625 121.608482361 0.008126917 0.997518301 -0.069937907 -8.057264328 -0.971912265 -0.008571109 -0.235187083 75.436424255
-0.250787884 0.067773439 0.965666711 122.783638000 0.004903824 0.997622371 -0.068742648 -8.152723312 -0.968029618 -0.012504363 -0.250523984 75.135940552
-0.266840577 0.062180549 0.961732745 123.944412231 -0.000745748 0.997902691 -0.064726040 -8.242029190 -0.963740349 -0.017988745 -0.266234666 74.831878662
-0.282771438 0.058065522 0.957428157 125.134712219 -0.004656561 0.998071134 -0.061905708 -8.328469276 -0.959176004 -0.021963486 -0.281955659 74.503997803
-0.298385382 0.059513863 0.952588081 126.282135010 -0.006627413 0.997900784 -0.064420760 -8.413437843 -0.954422474 -0.025535416 -0.297364682 74.164497375
-0.312110573 0.061665308 0.948042333 127.438385010 -0.006332558 0.997734070 -0.066982284 -8.498621941 -0.950024605 -0.026909420 -0.311012834 73.784820557
-0.326130688 0.063874394 0.943164170 128.572280884 -0.004965405 0.997585118 -0.069276921 -8.589208603 -0.945311666 -0.027276529 -0.325025976 73.404434204
-0.340363741 0.063446589 0.938150942 129.701751709 -0.002685207 0.997651279 -0.068444766 -8.687971115 -0.940289974 -0.025815250 -0.339394033 73.002044678
-0.354406416 0.061386798 0.933074296 130.825622559 -0.003068308 0.997761130 -0.066807963 -8.780386925 -0.935086489 -0.026540134 -0.353424639 72.587463379
-0.368906856 0.060226880 0.927513003 131.950469971 -0.003088305 0.997813463 -0.066020086 -8.871886253 -0.929461241 -0.027219711 -0.367914259 72.145980835
-0.383711398 0.061596993 0.921396375 133.047302246 -0.004550056 0.997634649 -0.068588510 -8.962976456 -0.923441887 -0.030510597 -0.382523507 71.702507019
-0.398790836 0.063623965 0.914832115 134.140716553 -0.003602887 0.997473896 -0.070942029 -9.053481102 -0.917034864 -0.031587061 -0.397554219 71.243804932
-0.413462698 0.065354466 0.908172488 135.235321045 -0.002381340 0.997339725 -0.072855309 -9.146556854 -0.910517931 -0.032285623 -0.412207156 70.756660461
-0.427965015 0.067978270 0.901235163 136.312530518 0.000379365 0.997180820 -0.075035103 -9.242294312 -0.903795183 -0.031770512 -0.426784337 70.246658325
-0.442892730 0.071095370 0.893751264 137.385665894 0.000130907 0.996856153 -0.079232201 -9.342322350 -0.896574557 -0.034974381 -0.441509783 69.729576111
-0.457944155 0.073413715 0.885944426 138.460220337 0.000619942 0.996610403 -0.082263596 -9.441756248 -0.888980746 -0.037122898 -0.456437469 69.184494019
-0.473397344 0.070751868 0.878002942 139.526168823 -0.000652805 0.996740460 -0.080672041 -9.543968201 -0.880848706 -0.038763087 -0.471808165 68.624877930
-0.489298373 0.066238083 0.869597375 140.597778320 -0.003545478 0.996952295 -0.077933773 -9.645894051 -0.872109234 -0.041216008 -0.487572283 68.040939331
-0.505305827 0.066445716 0.860378444 141.657714844 -0.003992235 0.996840537 -0.079329148 -9.746904373 -0.862931073 -0.043520316 -0.503444016 67.432296753
-0.521332800 0.065709673 0.850819826 142.713592529 -0.005066085 0.996775031 -0.080086149 -9.843455315 -0.853338361 -0.046061870 -0.519318700 66.800003052
-0.537187397 0.064863943 0.840965092 143.752365112 -0.005627168 0.996740937 -0.080473490 -9.942396164 -0.843444109 -0.047961604 -0.535071850 66.145126343
-0.552791953 0.064052872 0.830853879 144.787322998 -0.006952162 0.996652365 -0.081460238 -10.052064896 -0.833290339 -0.050806779 -0.550496042 65.477905273
-0.568423867 0.063303776 0.820296884 145.805664062 -0.007380675 0.996603072 -0.082024060 -10.158286095 -0.822702825 -0.052678775 -0.566025674 64.786628723
-0.582985818 0.061416246 0.810157657 146.832290649 -0.006953326 0.996725202 -0.080563091 -10.258076668 -0.812452555 -0.052600436 -0.580649734 64.048912048
-0.598020434 0.057665873 0.799403608 147.837387085 -0.007043783 0.996991575 -0.077188455 -10.366439819 -0.801449955 -0.051791102 -0.595815301 63.313598633
-0.613013268 0.055937387 0.788089871 148.839202881 -0.006600558 0.997093260 -0.075906321 -10.465974808 -0.790045023 -0.051733430 -0.610862136 62.544254303
-0.627472520 0.054607507 0.776721418 149.817993164 -0.007160872 0.997090876 -0.075885497 -10.564592361 -0.778605700 -0.053178079 -0.625256121 61.761737823
-0.642689347 0.055295721 0.764128804 150.798614502 -0.008685070 0.996801972 -0.079437770 -10.673387527 -0.766077697 -0.057690300 -0.640153766 60.967922211
-0.658050895 0.054636128 0.750988424 151.758056641 -0.010825761 0.996574461 -0.081989110 -10.779010773 -0.752895534 -0.062083028 -0.655205429 60.150775909
-0.673967481 0.051282492 0.736978889 152.709381104 -0.012828700 0.996624947 -0.081081741 -10.887631416 -0.738649607 -0.064100936 -0.671034873 59.312934875
-0.690232694 0.043733899 0.722264588 153.641921997 -0.016344042 0.996974826 -0.075987101 -10.995925903 -0.723402858 -0.064253502 -0.687429845 58.450725555
-0.707114935 0.041130301 0.705901504 154.565399170 -0.017539067 0.996979415 -0.075659573 -11.098670959 -0.706881106 -0.065880857 -0.704257607 57.554431915
-0.724705815 0.038676165 0.687972128 155.472518921 -0.018880228 0.996934116 -0.075933598 -11.202033997 -0.688799739 -0.068018585 -0.721753776 56.636306763
-0.742069423 0.034987673 0.669409335 156.353240967 -0.021998020 0.996827900 -0.076486461 -11.304103851 -0.669962049 -0.071483940 -0.738945961 55.692756653
-0.758643746 0.032989841 0.650669694 157.201477051 -0.021651743 0.996888816 -0.075788274 -11.413063049 -0.651145697 -0.071584456 -0.755569220 54.727825165
-0.774692714 0.035174001 0.631358624 158.027282715 -0.019605102 0.996635675 -0.079580083 -11.514489174 -0.632033765 -0.074027970 -0.771396875 53.738239288
-0.789617658 0.035374366 0.612578452 158.823287964 -0.015251344 0.996896923 -0.077226557 -11.628106117 -0.613409340 -0.070322126 -0.786628008 52.722930908
-0.804577470 0.035837825 0.592765212 159.622375488 -0.012193467 0.996969938 -0.076826058 -11.738416672 -0.593722463 -0.069040388 -0.801702559 51.687454224
-0.818882227 0.037104413 0.572760999 160.369842529 -0.010459702 0.996777773 -0.079527296 -11.846418381 -0.573866248 -0.071114391 -0.815855563 50.639747620
-0.832785606 0.038256060 0.552272081 161.103088379 -0.009836674 0.996429324 -0.083855949 -11.961885452 -0.553508162 -0.075266555 -0.829435766 49.570331573
-0.845877767 0.038421001 0.531991184 161.806213379 -0.007218332 0.996486247 -0.083444670 -12.080102921 -0.533327997 -0.074424081 -0.842628300 48.481227875
-0.857472181 0.036581758 0.513228118 162.479476929 -0.006067554 0.996681035 -0.081178539 -12.195802689 -0.514494359 -0.072722383 -0.854404569 47.369525909
-0.868013382 0.038279619 0.495062977 163.125396729 -0.003280332 0.996560097 -0.082808271 -12.309471130 -0.496529907 -0.073502652 -0.864901960 46.254943848
-0.877424002 0.041190840 0.477943867 163.740631104 -0.000399913 0.996243596 -0.086593851 -12.422331810 -0.479715526 -0.076170646 -0.874111593 45.137825012
-0.886475444 0.038788341 0.461147130 164.345520020 -0.002265679 0.996105552 -0.088140510 -12.540472031 -0.462770015 -0.079179212 -0.882935226 44.005737305
-0.894800067 0.036105201 0.445004642 164.935546875 -0.003230071 0.996175170 -0.087319039 -12.663768768 -0.446455330 -0.079570457 -0.891261041 42.866252899
-0.902027190 0.034040824 0.430334836 165.503402710 -0.004220364 0.996142864 -0.087644339 -12.785260201 -0.431658506 -0.080873743 -0.898404360 41.709075928
-0.908592224 0.032099620 0.416448921 166.052459717 -0.004697859 0.996194005 -0.087035649 -12.909473419 -0.417657822 -0.081036307 -0.904983461 40.532508850
-0.914899051 0.029719006 0.402587116 166.583618164 -0.005658330 0.996244311 -0.086401679 -13.026651382 -0.403642863 -0.081326790 -0.911294878 39.360317230
-0.920558751 0.024758326 0.389818639 167.097091675 -0.008293400 0.996525228 -0.082876652 -13.140935898 -0.390516013 -0.079525739 -0.917154849 38.172775269
-0.925872266 0.020885056 0.377258807 167.621322632 -0.009940029 0.996779203 -0.079576656 -13.259704590 -0.377705604 -0.077427790 -0.922682881 36.972862244
-0.930274844 0.021436276 0.366236389 168.103210449 -0.007129372 0.997046530 -0.076467671 -13.368242264 -0.366793931 -0.073746979 -0.927374661 35.765213013
-0.933408320 0.025736563 0.357891411 168.564025879 -0.002450631 0.996943831 -0.078083321 -13.480518341 -0.358807236 -0.073760681 -0.930492699 34.586074829
-0.935782611 0.030679896 0.351240009 169.024765015 0.002764985 0.996814907 -0.079702623 -13.589245796 -0.352566540 -0.073613144 -0.932886899 33.383441925
-0.937742174 0.034366440 0.345627904 169.473876953 0.006220618 0.996595144 -0.082215831 -13.701248169 -0.347276628 -0.074947216 -0.934762955 32.168514252
-0.939384162 0.031262286 0.341438055 169.918792725 0.003838398 0.996731043 -0.080700889 -13.818346024 -0.342844784 -0.074498564 -0.936433315 30.941709518
-0.941342056 0.023631783 0.336625189 170.370590210 -0.002384443 0.997054338 -0.076663114 -13.932830811 -0.337445289 -0.072968885 -0.938512743 29.741773605
-0.943261623 0.017208070 0.331604183 170.822601318 -0.008210973 0.997142076 -0.075101510 -14.038196564 -0.331948906 -0.073563166 -0.940424562 28.533967972
-0.944662333 0.010720807 0.327868909 171.250991821 -0.015202730 0.996961236 -0.076401502 -14.146496773 -0.327691674 -0.077158131 -0.941628814 27.286006927
-0.946047246 0.007876573 0.323932707 171.684570312 -0.018852768 0.996672928 -0.079294190 -14.249986649 -0.323479503 -0.081123091 -0.942751348 26.083654404
-0.946665883 0.008305053 0.322109520 172.099853516 -0.019070745 0.996471167 -0.081740424 -14.360431671 -0.321651697 -0.083523743 -0.943166971 24.869289398
-0.947015703 0.009047065 0.321059525 172.521240234 -0.018876612 0.996307671 -0.083754279 -14.472263336 -0.320631772 -0.085377149 -0.943348289 23.667755127
-0.946971238 0.011591543 0.321108997 172.937164307 -0.016853565 0.996181726 -0.085662887 -14.588813782 -0.320875883 -0.086532123 -0.943159997 22.459304810
-0.946342528 0.012791993 0.322911799 173.351730347 -0.016302185 0.996054351 -0.087234251 -14.709371567 -0.322753578 -0.087817669 -0.942400217 21.223648071
-0.946058393 0.014027189 0.323692173 173.776199341 -0.015597213 0.995932162 -0.088744812 -14.834114075 -0.323620290 -0.089006498 -0.941991329 20.014587402
-0.945432007 0.015197068 0.325464606 174.199981689 -0.014447781 0.995973647 -0.088474348 -14.952917099 -0.325498760 -0.088348739 -0.941405952 18.820449829
-0.944493473 0.014918911 0.328191191 174.623825073 -0.014994642 0.995969772 -0.088427499 -15.079412460 -0.328187764 -0.088440299 -0.940463305 17.601703644
-0.943364739 0.013608540 0.331478089 175.057769775 -0.016688133 0.995946884 -0.088381030 -15.203139305 -0.331337333 -0.088907287 -0.939314127 16.419456482
-0.941979289 0.012097797 0.335453004 175.499542236 -0.017773043 0.996150851 -0.085833415 -15.326211929 -0.335200191 -0.086815298 -0.938138545 15.235919952
-0.939979255 0.010122005 0.341081500 175.942703247 -0.019319041 0.996378124 -0.082809657 -15.448299408 -0.340684384 -0.084428728 -0.936379194 14.044586182
-0.937346399 0.007294903 0.348322123 176.387130737 -0.022027390 0.996539652 -0.080146976 -15.558103561 -0.347701430 -0.082798101 -0.933942258 12.850910187
-0.934777975 0.009428766 0.355107218 176.841003418 -0.020053582 0.996652901 -0.079251707 -15.675429344 -0.354665905 -0.081203930 -0.931460083 11.679756165
-0.931408465 0.009826611 0.363842666 177.295547485 -0.020675160 0.996593177 -0.079842634 -15.784098625 -0.363387674 -0.081888594 -0.928032160 10.500190735
-0.927771688 0.012559604 0.372936994 177.767105103 -0.019581756 0.996417582 -0.082271293 -15.893787384 -0.372634262 -0.083631739 -0.924202085 9.350139618
-0.923565686 0.013991551 0.383184761 178.254943848 -0.018581977 0.996526778 -0.081173971 -16.007575989 -0.382989585 -0.082089834 -0.920097947 8.181049347
-0.918326974 0.016830979 0.395464540 178.752563477 -0.017126147 0.996470332 -0.082179233 -16.118524551 -0.395451903 -0.082240202 -0.914797425 7.007213593
-0.913023770 0.018252710 0.407497704 179.277526855 -0.017268771 0.996373177 -0.083321474 -16.233135223 -0.407540619 -0.083111487 -0.909397066 5.883892059
-0.906820834 0.020508716 0.421016961 179.807800293 -0.015754580 0.996468723 -0.082473814 -16.351482391 -0.421221703 -0.081421919 -0.903295457 4.735778809
-0.900205255 0.020145930 0.434999526 180.357940674 -0.016606834 0.996614456 -0.080522589 -16.455112457 -0.435148925 -0.079710811 -0.896823108 3.570739746
-0.893947124 0.022565374 0.447604060 180.933197021 -0.015044844 0.996657729 -0.080292508 -16.574371338 -0.447919905 -0.078511372 -0.890619934 2.443443298
-0.886904001 0.024989450 0.461277187 181.498580933 -0.013409961 0.996722281 -0.079780415 -16.677444458 -0.461758882 -0.076943286 -0.883661985 1.328964233
-0.879405558 0.026620477 0.475328356 182.094100952 -0.011995202 0.996879518 -0.078021988 -16.775175095 -0.475922048 -0.074314632 -0.876342118 0.220634460
-0.872009337 0.028140083 0.488679707 182.708648682 -0.010002529 0.997113287 -0.075266369 -16.882320404 -0.489387065 -0.070521012 -0.869210601 -0.864280701
-0.863359988 0.031576816 0.503599346 183.321655273 -0.006083561 0.997316062 -0.072963506 -16.991895676 -0.504551709 -0.066057444 -0.860850692 -1.943199158
-0.854699612 0.034381770 0.517982960 183.960845947 -0.003313311 0.997422636 -0.071672305 -17.094005585 -0.519112289 -0.062974542 -0.852382839 -2.977531433
-0.844282508 0.036984228 0.534620702 184.604995728 -0.000575812 0.997552514 -0.069918469 -17.199333191 -0.535898149 -0.059338771 -0.842194796 -4.004295349
-0.833343148 0.039705422 0.551328003 185.266021729 0.002186839 0.997645795 -0.068542808 -17.304254532 -0.552751541 -0.055914015 -0.831468284 -5.022399902
-0.822081327 0.041447025 0.567859530 185.953826904 0.003215464 0.997669041 -0.068163067 -17.394342422 -0.569360912 -0.054209650 -0.820298314 -6.021865845
-0.810118377 0.043264989 0.584667742 186.645294189 0.004686857 0.997719347 -0.067336358 -17.497394562 -0.586247563 -0.051810171 -0.808473527 -7.006591797
-0.797042847 0.045721520 0.602189660 187.372528076 0.006723308 0.997740149 -0.066855051 -17.590400696 -0.603885412 -0.049237635 -0.795548916 -7.986106873
-0.783631623 0.046713077 0.619466960 188.121261597 0.008540779 0.997884631 -0.064444818 -17.682079315 -0.621167064 -0.045210272 -0.782372952 -8.924263000
-0.768219948 0.048690233 0.638331831 188.891601562 0.010547351 0.997930825 -0.063425951 -17.768489838 -0.640099227 -0.041992366 -0.767143786 -9.866645813
