1.000000000 0.000000000 0.000000000 0.000000000 0.000000000 1.000000000 0.000000000 0.000000000 0.000000000 0.000000000 1.000000000 0.000000000
0.999998629 0.000813621 0.001457946 -0.006296539 -0.000806950 0.999989212 -0.004570255 -0.002178217 -0.001461649 0.004569072 0.999988496 0.964022517
0.999996662 -0.001457126 0.002146049 -0.002629806 0.001468599 0.999984562 -0.005354282 -0.000893750 -0.002138214 0.005357416 0.999983370 1.918536901
0.999993503 -0.002489498 0.002616889 -0.009276232 0.002492769 0.999996126 -0.001247409 -0.004556834 -0.002613774 0.001253924 0.999995768 2.850000620
0.999985754 -0.004968181 0.001961108 -0.006464605 0.004958426 0.999975562 0.004947897 -0.008172764 -0.001985642 -0.004938102 0.999985754 3.798703909
0.999963462 -0.008545436 0.000366811 -0.003215532 0.008543506 0.999951065 0.004973544 -0.005081683 -0.000409294 -0.004970228 0.999987483 4.736770630
0.999937356 -0.011190926 -0.000308736 -0.004599830 0.011191548 0.999935150 0.002083291 -0.001766908 0.000285402 -0.002086615 0.999997795 5.666498184
0.999928892 -0.011848999 -0.001335477 -0.007819385 0.011847009 0.999928653 -0.001488672 0.003683911 0.001353021 0.001472746 0.999998093 6.591392994
0.999932230 -0.011514083 -0.001712668 -0.015319956 0.011510951 0.999931991 -0.001827272 -0.002739425 0.001733591 0.001807434 0.999996841 7.518009186
0.999929845 -0.011490002 -0.002888322 -0.023621725 0.011490486 0.999933898 0.000150609 -0.002511986 0.002886400 -0.000183786 0.999995828 8.430526733
0.999935091 -0.010925580 -0.003204572 -0.033953592 0.010934286 0.999936521 0.002711606 0.002629953 0.003174742 -0.002746470 0.999991119 9.373040199
0.999926686 -0.011292027 -0.004367245 -0.039956305 0.011311353 0.999926209 0.004425980 0.002844899 0.004316945 -0.004475055 0.999980628 10.294224739
0.999911010 -0.012425568 -0.004850032 -0.045085035 0.012451170 0.999908507 0.005284572 0.003654795 0.004783925 -0.005344491 0.999974191 11.207899094
0.999901116 -0.012780587 -0.005856987 -0.051300783 0.012812494 0.999903083 0.005442490 0.004957522 0.005786861 -0.005516995 0.999967992 12.121720314
0.999894381 -0.012973101 -0.006541837 -0.057994064 0.012998087 0.999908328 0.003791652 0.012053158 0.006492047 -0.003876283 0.999971390 13.022250175
0.999883711 -0.013278431 -0.007491490 -0.079132095 0.013291772 0.999910116 0.001733940 0.017331460 0.007467792 -0.001833313 0.999970436 13.931839943
0.999849379 -0.014576674 -0.009416490 -0.078774884 0.014578599 0.999893665 0.000135823 0.025161248 0.009413509 -0.000273081 0.999955654 14.836679459
0.999835312 -0.014408004 -0.011034892 -0.095365949 0.014407052 0.999896228 -0.000165745 0.018775936 0.011036133 0.000006737 0.999939084 15.734275818
0.999841511 -0.013050323 -0.012111599 -0.121765524 0.013038912 0.999914467 -0.001020756 0.020004675 0.012123884 0.000862672 0.999926090 16.635957718
0.999834955 -0.011400590 -0.014142795 -0.134683654 0.011389866 0.999934793 -0.000838663 0.016592305 0.014151433 0.000677440 0.999899626 17.529281616
0.999815762 -0.012167887 -0.014847017 -0.161579505 0.012166543 0.999925911 -0.000180942 0.017473750 0.014848120 0.000000272 0.999889672 18.426288605
0.999791861 -0.011834078 -0.016617870 -0.174742460 0.011856472 0.999928951 0.001249646 0.016900998 0.016601896 -0.001446416 0.999861121 19.308656693
0.999763072 -0.011591308 -0.018425051 -0.190406010 0.011620140 0.999931514 0.001458452 0.023071608 0.018406879 -0.001672208 0.999829233 20.192874908
0.999715269 -0.012854650 -0.020106090 -0.210139573 0.012890646 0.999915481 0.001661656 0.020377686 0.020083031 -0.001920364 0.999796510 21.067249298
0.999676824 -0.012651502 -0.022045933 -0.232346416 0.012661747 0.999919772 0.000325153 0.028379954 0.022040049 -0.000604188 0.999756932 21.945474625
0.999670565 -0.012471681 -0.022431353 -0.257465780 0.012507199 0.999920666 0.001443792 0.020820597 0.022411570 -0.001723870 0.999747336 22.803215027
0.999644637 -0.012362671 -0.023616361 -0.279769063 0.012442243 0.999917328 0.003225384 0.025682539 0.023574537 -0.003518079 0.999715924 23.659212112
0.999607861 -0.013497729 -0.024534028 -0.298008442 0.013650343 0.999888420 0.006063704 0.028626725 0.024449445 -0.006396224 0.999680579 24.503120422
0.999596596 -0.013410387 -0.025036477 -0.326102048 0.013604040 0.999878645 0.007580578 0.030453037 0.024931781 -0.007918115 0.999657810 25.346109390
0.999591172 -0.012893127 -0.025521586 -0.355624467 0.013054124 0.999895811 0.006151765 0.036673754 0.025439613 -0.006482410 0.999655366 26.177742004
0.999593675 -0.010959606 -0.026311932 -0.383285463 0.011061659 0.999931812 0.003736170 0.037516464 0.026269188 -0.004025706 0.999646783 26.990108490
0.999571800 -0.010769350 -0.027207656 -0.406002015 0.010826523 0.999939501 0.001954925 0.041062348 0.027184956 -0.002248652 0.999627888 27.785390854
0.999556720 -0.009880770 -0.028084451 -0.435414612 0.009924444 0.999949753 0.001416223 0.045240425 0.028069045 -0.001694318 0.999604523 28.580812454
0.999524355 -0.009614103 -0.029304300 -0.462913066 0.009644911 0.999953151 0.000910119 0.045027334 0.029294174 -0.001192323 0.999570131 29.366083145
0.999456108 -0.009818251 -0.031482358 -0.486322910 0.009835633 0.999951482 0.000397250 0.039326243 0.031476930 -0.000706683 0.999504209 30.160306931
0.999388874 -0.010133794 -0.033456959 -0.515505195 0.010153794 0.999948323 0.000427869 0.038622491 0.033450890 -0.000767323 0.999440014 30.925544739
0.999332011 -0.009662370 -0.035244487 -0.548451722 0.009718556 0.999951720 0.001423239 0.043634769 0.035229038 -0.001764814 0.999377668 31.687738419
0.999238789 -0.010215139 -0.037647646 -0.570639551 0.010362291 0.999939322 0.003715590 0.042918243 0.037607405 -0.004102877 0.999284089 32.443309784
0.999162912 -0.009264224 -0.039847028 -0.600882471 0.009473041 0.999942303 0.005054829 0.046968389 0.039797902 -0.005428070 0.999192953 33.183170319
0.999117076 -0.007928931 -0.041255780 -0.645978570 0.008153625 0.999952734 0.005280919 0.046851505 0.041211955 -0.005612641 0.999134660 33.903770447
0.999056101 -0.005329953 -0.043110710 -0.685871661 0.005537270 0.999973655 0.004690978 0.044300880 0.043084562 -0.004925265 0.999059260 34.628730774
0.998971641 -0.003809006 -0.045179777 -0.716823518 0.003990683 0.999984264 0.003931672 0.050083041 0.045164090 -0.004107927 0.998971105 35.338397980
0.998897791 -0.003215373 -0.046830032 -0.747748196 0.003447600 0.999982178 0.004879026 0.057389684 0.046813503 -0.005035099 0.998890877 36.049331665
0.998865724 -0.001986064 -0.047573842 -0.793413877 0.002313489 0.999974012 0.006828381 0.056470647 0.047559045 -0.006930697 0.998844385 36.736503601
0.998844802 0.000515977 -0.048050977 -0.827574551 -0.000163430 0.999973059 0.007340571 0.060051803 0.048053473 -0.007324238 0.998817921 37.415248871
0.998896837 0.003953382 -0.046791401 -0.866843283 -0.003715739 0.999979734 0.005164671 0.061742544 0.046810873 -0.004985109 0.998891354 38.089267731
0.998983264 0.005499416 -0.044745263 -0.906542540 -0.005391744 0.999982297 0.002526646 0.056079783 0.044758361 -0.002282823 0.998995185 38.729820251
0.999057591 0.005507413 -0.043051649 -0.930528343 -0.005494112 0.999984860 0.000427252 0.063091964 0.043053340 -0.000190318 0.999072790 39.376251221
0.999185920 0.006706946 -0.039780766 -0.963530183 -0.006651537 0.999976754 0.001525056 0.062526032 0.039790068 -0.001259212 0.999207258 40.012493134
0.999265909 0.011580436 -0.036517803 -0.995535314 -0.011430410 0.999925375 0.004314490 0.063936591 0.036565036 -0.003893909 0.999323726 40.653663635
0.999331236 0.016053956 -0.032851201 -1.017950535 -0.015822466 0.999848127 0.007294572 0.071982041 0.032963317 -0.006769908 0.999433637 41.295150757
0.999369323 0.020944308 -0.028671708 -1.040367126 -0.020718442 0.999752045 0.008152254 0.076490827 0.028835341 -0.007553081 0.999555647 41.903057098
0.999423504 0.024720231 -0.023269035 -1.062265396 -0.024529787 0.999663532 0.008434610 0.083610743 0.023469711 -0.007858963 0.999693632 42.485263824
0.999445200 0.028668310 -0.016957123 -1.089279652 -0.028489988 0.999537110 0.010666106 0.087846808 0.017255053 -0.010177080 0.999799311 43.058132172
0.999380410 0.033503283 -0.010784790 -1.093538880 -0.033375230 0.999372661 0.011842665 0.085924491 0.011174793 -0.011475381 0.999871731 43.613895416
0.999316990 0.036758717 -0.003778798 -1.098738194 -0.036713533 0.999260724 0.011401922 0.090502344 0.004195124 -0.011255403 0.999927819 44.145904541
0.999184787 0.040227108 0.003401703 -1.099043250 -0.040264219 0.999121130 0.011651472 0.090196595 -0.002930010 -0.011778940 0.999926329 44.656410217
0.998966992 0.044171941 0.010666959 -1.094310045 -0.044288527 0.998958766 0.010952665 0.096726663 -0.010172052 -0.011413774 0.999883175 45.157302856
0.998656869 0.048350826 0.018618794 -1.095476389 -0.048511401 0.998788357 0.008271673 0.098158546 -0.018196294 -0.009163789 0.999792457 45.624206543
0.998369515 0.050582774 0.026451427 -1.086451411 -0.050735835 0.998698831 0.005147482 0.103078760 -0.026156636 -0.006481125 0.999636829 46.067607880
0.998096049 0.051099632 0.034542855 -1.074113369 -0.051301569 0.998670697 0.004984606 0.102665462 -0.034242228 -0.006747217 0.999390841 46.497291565
0.997839272 0.050199807 0.042389419 -1.047609568 -0.050504643 0.998704910 0.006150754 0.105445050 -0.042025756 -0.008278325 0.999082267 46.898410797
0.997383893 0.052026544 0.050184146 -1.022925854 -0.052449550 0.998597980 0.007148576 0.102163054 -0.049741868 -0.009762012 0.998714328 47.287158966
0.996747851 0.054936193 0.058954377 -1.003119111 -0.055451412 0.998435915 0.007137955 0.105318151 -0.058470029 -0.010383845 0.998235166 47.647449493
0.995928109 0.059754252 0.067502312 -0.978985667 -0.060333014 0.998156667 0.006566307 0.105806716 -0.066985518 -0.010612187 0.997697473 47.971225739
0.995034099 0.063565716 0.076594986 -0.961463273 -0.064274520 0.997908950 0.006822076 0.102818273 -0.076001182 -0.011711305 0.997038960 48.268802643
0.994328976 0.062712453 0.085890256 -0.930304050 -0.063597932 0.997946560 0.007609381 0.098394498 -0.085236683 -0.013028672 0.996275544 48.550037384
0.993416846 0.061571445 0.096602514 -0.894068658 -0.062404964 0.998035014 0.005627997 0.099209197 -0.096066169 -0.011619424 0.995307207 48.826999664
0.992276192 0.060170811 0.108477928 -0.860511661 -0.060665138 0.998157382 0.001259550 0.096055135 -0.108202249 -0.007830649 0.994098008 49.088134766
0.990692556 0.061082661 0.121643566 -0.816714704 -0.061178815 0.998122573 -0.002947731 0.098222710 -0.121595234 -0.004521715 0.992569447 49.354007721
0.988550901 0.062621199 0.137279749 -0.779082298 -0.062489148 0.998031616 -0.005275633 0.098269664 -0.137339920 -0.003363262 0.990518272 49.615833282
0.986092627 0.064500615 0.153169766 -0.723824680 -0.064285755 0.997911274 -0.006360114 0.090832412 -0.153260097 -0.003574973 0.988179445 49.862998962
0.983283460 0.064958066 0.170100018 -0.669971347 -0.064623646 0.997881472 -0.007507862 0.088554464 -0.170227379 -0.003610125 0.985398173 50.120193481
0.979990900 0.064072214 0.188448042 -0.613804996 -0.063561812 0.997939467 -0.008756768 0.087869905 -0.188620806 -0.003396547 0.982044160 50.371196747
0.976147890 0.063327506 0.207665429 -0.544098318 -0.062824607 0.997983754 -0.009022726 0.084970921 -0.207818121 -0.004238986 0.978158355 50.617259979
0.971636117 0.063383281 0.227828681 -0.469574600 -0.062675275 0.997980356 -0.010348591 0.085044391 -0.228024468 -0.004224161 0.973646283 50.864112854
0.966346264 0.065656669 0.248725057 -0.391390502 -0.064541221 0.997834980 -0.012645873 0.082825355 -0.249016851 -0.003832727 0.968491554 51.101852417
0.960101068 0.066880777 0.271537870 -0.309044868 -0.065322064 0.997754633 -0.014785490 0.080918334 -0.271917075 -0.003541849 0.962314188 51.340335846
0.952791393 0.068322599 0.295839220 -0.217755705 -0.066623978 0.997652531 -0.015831156 0.071229920 -0.296226412 -0.004626199 0.955106556 51.581600189
0.944258511 0.071112566 0.321432859 -0.118376233 -0.069421545 0.997446954 -0.016734887 0.065118179 -0.321802318 -0.006512306 0.946784496 51.819423676
0.934458971 0.073077805 0.348491192 -0.009782951 -0.071363330 0.997291982 -0.017773192 0.056491308 -0.348846316 -0.008261176 0.937143564 52.052814484
0.923231065 0.073848270 0.377082139 0.111182682 -0.071945615 0.997224629 -0.019149378 0.049102604 -0.377449811 -0.009450109 0.925981939 52.292442322
0.910615027 0.071882933 0.406956047 0.250840753 -0.069187075 0.997375071 -0.021357248 0.041332021 -0.407423079 -0.008707868 0.913198054 52.530067444
0.895674944 0.069552630 0.439236850 0.399334043 -0.065622494 0.997552335 -0.024146363 0.034878846 -0.439841241 -0.007196530 0.898046732 52.760826111
0.878441274 0.068522438 0.472911984 0.552558601 -0.062622122 0.997637868 -0.028230892 0.023508234 -0.473729432 -0.004815578 0.880657375 52.971225739
0.858923733 0.070341736 0.507249475 0.717680752 -0.061895594 0.997519553 -0.033521298 0.018884987 -0.508349180 -0.002604264 0.861147106 53.200744629
0.837178051 0.072325781 0.542127132 0.905008316 -0.061515141 0.997380018 -0.038067002 0.009952530 -0.543460011 -0.001480161 0.839433789 53.427806854
0.812506735 0.075138576 0.578089118 1.099051833 -0.062471583 0.997170746 -0.041805666 0.001093048 -0.579594791 -0.002146751 0.814902008 53.653884888
0.785001695 0.079136170 0.614418268 1.310397148 -0.065395676 0.996851385 -0.044841249 -0.009908768 -0.616032183 -0.004979841 0.787705243 53.886310577
0.755071044 0.083562873 0.650296032 1.534032345 -0.069239303 0.996461511 -0.047649946 -0.025386376 -0.651976645 -0.009046950 0.758184969 54.112632751
0.721989155 0.084844992 0.686682642 1.796985149 -0.069045365 0.996334076 -0.050509423 -0.040473670 -0.688450694 -0.010944993 0.725200534 54.349384308
0.685348213 0.082212090 0.723559916 2.073884010 -0.065406412 0.996540368 -0.051276341 -0.063103333 -0.725272238 -0.012183311 0.688354373 54.572025299
0.646213770 0.080562554 0.758892238 2.365617514 -0.062257040 0.996663034 -0.052790575 -0.084945925 -0.760612786 -0.013132389 0.649072945 54.779155731
0.603566527 0.079790957 0.793309987 2.697707176 -0.060103942 0.996702135 -0.054519773 -0.107651092 -0.795044005 -0.014774743 0.606371820 54.999069214
0.557255030 0.079840980 0.826493919 3.057981968 -0.056561906 0.996704400 -0.058147352 -0.123597033 -0.828412652 -0.014345163 0.559934556 55.209884644
0.508657873 0.078321151 0.857398927 3.428004265 -0.053248968 0.996809065 -0.059465587 -0.153221518 -0.859320462 -0.015407972 0.511205256 55.401275635
0.460190833 0.077116705 0.884464443 3.858096838 -0.051811002 0.996855378 -0.059958596 -0.167694837 -0.886306882 -0.018232593 0.462739229 55.587875366
0.411069453 0.074761681 0.908533216 4.297156811 -0.050655559 0.996964812 -0.059119262 -0.188399002 -0.910195529 -0.021720128 0.413608879 55.749916077
0.360509485 0.074641414 0.929764211 4.753129482 -0.054025337 0.996790588 -0.059074342 -0.209119901 -0.931189656 -0.028933963 0.363384992 55.913814545
0.311150789 0.075232878 0.947377980 5.219995499 -0.052371237 0.996704340 -0.061949488 -0.232160255 -0.948916435 -0.030339727 0.314065427 56.043621063
0.263854086 0.071660288 0.961896956 5.682456017 -0.041230503 0.997162879 -0.062977791 -0.266550601 -0.963680983 -0.023042552 0.266060084 56.124771118
0.219547585 0.066011518 0.973366022 6.192195892 -0.027871752 0.997725427 -0.061376911 -0.289993644 -0.975203574 -0.013654263 0.220888063 56.201187134
0.177385643 0.065088697 0.981986701 6.717686653 -0.018628074 0.997853816 -0.062775441 -0.318171501 -0.983965099 -0.007157059 0.178217426 56.263717651
0.138774872 0.066409923 0.988094687 7.260800362 -0.015575991 0.997771919 -0.064872734 -0.345807195 -0.990201473 -0.006387850 0.139500067 56.321735382
0.106356226 0.067143954 0.992058516 7.770999432 -0.007144281 0.997743309 -0.066762775 -0.381148934 -0.994302452 0.000013093 0.106595904 56.338638306
0.077259719 0.065588139 0.994851351 8.332596779 0.000325584 0.997832179 -0.065809935 -0.414573550 -0.997011006 0.005408365 0.077070870 56.362224579
0.052230060 0.063502558 0.996614039 8.901055336 0.006629047 0.997932136 -0.063933961 -0.454703093 -0.998613179 0.009945875 0.051701088 56.374237061
0.032338347 0.062793285 0.997502506 9.478775978 0.011904742 0.997929513 -0.063206106 -0.476411730 -0.999406040 0.013918990 0.031523846 56.374961853
0.016717441 0.064972788 0.997747004 10.058761597 0.014825737 0.997760653 -0.065222085 -0.499737501 -0.999750257 0.015882682 0.015716737 56.369113922
0.003262392 0.064890601 0.997887135 10.653518677 0.015551895 0.997768402 -0.064933725 -0.529975176 -0.999873698 0.015730873 0.002245941 56.364547729
-0.008496488 0.065607138 0.997809410 11.265998840 0.016410751 0.997720122 -0.065461539 -0.569146931 -0.999829233 0.015818605 -0.009553777 56.359977722
-0.017494684 0.068196557 0.997518599 11.884707451 0.021118879 0.997473955 -0.067823112 -0.608626246 -0.999623895 0.019879926 -0.018890725 56.339851379
-0.023945166 0.070136204 0.997250021 12.505821228 0.025351899 0.997257888 -0.069528013 -0.642065763 -0.999391735 0.023617320 -0.025657590 56.311309814
-0.028638298 0.069735877 0.997154355 13.160522461 0.025743838 0.997284055 -0.069005579 -0.677196741 -0.999258280 0.023694374 -0.030355789 56.298255920
-0.032176450 0.066943616 0.997237802 13.807265282 0.023298750 0.997533500 -0.066211723 -0.708469987 -0.999210596 0.021103935 -0.033656795 56.277286530
-0.034789462 0.060135204 0.997583807 14.506961823 0.021307215 0.998005748 -0.059417576 -0.746493220 -0.999167502 0.019188626 -0.036001395 56.260696411
-0.036021624 0.054708090 0.997852445 15.195430756 0.022559451 0.998290539 -0.053917728 -0.778044641 -0.999096334 0.020568797 -0.037194226 56.234134674
-0.036475636 0.052059188 0.997977614 15.875092506 0.024911037 0.998379171 -0.051169649 -0.811990261 -0.999024093 0.022994213 -0.037713360 56.203971863
-0.036434982 0.054105442 0.997870326 16.582323074 0.028576117 0.998181403 -0.053078920 -0.854329288 -0.998927355 0.026581328 -0.037914846 56.181102753
-0.035184689 0.061628152 0.997478843 17.290977478 0.029750481 0.997719049 -0.060593590 -0.884377003 -0.998937905 0.027543511 -0.036937900 56.145503998
-0.032857556 0.069741763 0.997023880 18.003492355 0.030485932 0.997168243 -0.068747178 -0.918026030 -0.998995006 0.028136337 -0.034890652 56.122871399
-0.030576397 0.070504315 0.997042835 18.737588882 0.031169536 0.997091234 -0.069551878 -0.950476587 -0.999046326 0.028950710 -0.032685049 56.098907471
-0.028643511 0.066183180 0.997396231 19.479043961 0.030642690 0.997394741 -0.065303095 -0.993679464 -0.999119878 0.028692391 -0.030596921 56.082408905
-0.026199790 0.059660949 0.997874796 20.222091675 0.029976418 0.997815490 -0.058870353 -1.042223334 -0.999207139 0.028370321 -0.027930977 56.069622040
-0.023585064 0.057712607 0.998054624 20.971054077 0.028312596 0.997970462 -0.057038683 -1.087183595 -0.999320865 0.026912255 -0.025171191 56.056102753
-0.020127419 0.063333355 0.997789443 21.699399948 0.035868216 0.997395039 -0.062584773 -1.126542687 -0.999153912 0.034529261 -0.022346642 56.034362793
-0.016894460 0.068779528 0.997488916 22.429588318 0.037803106 0.996961892 -0.068102919 -1.169296265 -0.999142408 0.036557615 -0.019443214 56.019119263
-0.014597988 0.069357470 0.997485042 23.165699005 0.031560764 0.997126341 -0.068870634 -1.211288095 -0.999395251 0.030476021 -0.016745009 56.024215698
-0.011465488 0.065804936 0.997766674 23.918542862 0.027017120 0.997488260 -0.065476120 -1.258198023 -0.999569237 0.026206067 -0.013214550 56.031787872
-0.006723394 0.062041741 0.998050869 24.687862396 0.030923514 0.997609019 -0.061805960 -1.309263468 -0.999499142 0.030447695 -0.008625866 56.013336182
-0.003004479 0.062804334 0.998021305 25.426221848 0.035647664 0.997398257 -0.062657811 -1.356420159 -0.999359965 0.035388876 -0.005235489 56.001216888
-0.000911084 0.067113876 0.997744977 26.161392212 0.035291981 0.997125924 -0.067040019 -1.405644655 -0.999376595 0.035151314 -0.003277048 56.015747070
0.003065421 0.068128593 0.997671783 26.908941269 0.031509407 0.997174621 -0.068191454 -1.446778774 -0.999498844 0.031645082 0.000910069 56.027317047
0.006958911 0.067836270 0.997672200 27.664657593 0.030840859 0.997207165 -0.068019770 -1.488813519 -0.999500096 0.031242417 0.004847346 56.029659271
0.010622909 0.064965680 0.997830927 28.409578323 0.034443788 0.997271299 -0.065295935 -1.534972787 -0.999350250 0.035062712 0.008356259 56.035999298
0.014144766 0.065437913 0.997756362 29.155860901 0.038899317 0.997064829 -0.065944023 -1.583720803 -0.999143004 0.039744806 0.011557759 56.047023773
0.017742846 0.066462956 0.997631133 29.901853561 0.041352984 0.996885657 -0.067148753 -1.630204320 -0.998987079 0.042446431 0.014939145 56.061176300
0.020531308 0.066022925 0.997606993 30.673831940 0.042594776 0.996853471 -0.066849694 -1.682558775 -0.998881459 0.043865353 0.017654479 56.068206787
0.024358395 0.064707018 0.997606993 31.428920746 0.043983120 0.996867478 -0.065732971 -1.726612687 -0.998735309 0.045479018 0.021436077 56.085033417
0.028043745 0.064020373 0.997554541 32.178276062 0.046006240 0.996806860 -0.065265730 -1.767866135 -0.998547435 0.047724027 0.025008861 56.102661133
0.031247098 0.063804626 0.997473180 32.934040070 0.044757988 0.996870100 -0.065168150 -1.818310618 -0.998509049 0.046681207 0.028293530 56.122436523
0.033703294 0.065966740 0.997252524 33.701232910 0.041406903 0.996870399 -0.067340851 -1.860962152 -0.998573780 0.043562744 0.030866336 56.167842865
0.036384977 0.066027798 0.997154176 34.452808380 0.043220773 0.996777296 -0.067579910 -1.906177521 -0.998402774 0.045556661 0.033413947 56.194404602
0.039358549 0.066020697 0.997041643 35.213218689 0.041039534 0.996866226 -0.067629106 -1.948010325 -0.998382032 0.043579914 0.036525741 56.228004456
0.041323427 0.065879889 0.996971488 35.973022461 0.039292887 0.996944785 -0.067506760 -2.002215147 -0.998372912 0.041963499 0.038608562 56.269012451
0.044534311 0.066419393 0.996797442 36.739608765 0.036508378 0.997012794 -0.068064831 -2.044924021 -0.998340547 0.039422676 0.041976403 56.309829712
0.047272563 0.068091176 0.996558487 37.490901947 0.035547089 0.996927381 -0.069802560 -2.093114376 -0.998249352 0.038724501 0.044706866 56.348937988
0.050114930 0.071850382 0.996155620 38.275974274 0.033685755 0.996719837 -0.073585734 -2.147327900 -0.998175204 0.037244000 0.047530212 56.405139923
0.054115202 0.073980249 0.995790362 39.047649384 0.033986617 0.996537387 -0.075882711 -2.199138403 -0.997956157 0.037949950 0.051413488 56.441833496
0.056995850 0.075649269 0.995504260 39.814914703 0.028245632 0.996603727 -0.077349983 -2.255292892 -0.997974753 0.032527275 0.054665525 56.495704651
0.059261665 0.075171024 0.995408118 40.590778351 0.023999859 0.996765137 -0.076702334 -2.308299303 -0.997953832 0.028435161 0.057265870 56.558349609
0.062910236 0.075114235 0.995188475 41.352680206 0.027077356 0.996668160 -0.076937594 -2.363131046 -0.997651756 0.031787235 0.060666740 56.609878540
0.066369042 0.076903187 0.994827151 42.146919250 0.024597734 0.996596277 -0.078680970 -2.426711082 -0.997491896 0.029692473 0.064251520 56.669643402
0.070104249 0.077998735 0.994485557 42.930755615 0.020977648 0.996602535 -0.079643555 -2.478843689 -0.997319043 0.026445316 0.068229847 56.736392975
0.074347392 0.075680666 0.994356513 43.721935272 0.020131472 0.996798992 -0.077371769 -2.536089420 -0.997029185 0.025770251 0.072585844 56.800281525
0.078764454 0.075800471 0.994007289 44.530235291 0.019728635 0.996791124 -0.077576049 -2.600399017 -0.996697962 0.025720643 0.077016294 56.878860474
0.083928131 0.079311877 0.993310452 45.310478210 0.016423706 0.996582091 -0.080960788 -2.658658743 -0.996336401 0.023108732 0.082338683 56.941669464
0.089614213 0.087967388 0.992084146 46.099025726 0.014271183 0.995876253 -0.089592725 -2.719060659 -0.995874286 0.022186998 0.087989263 57.024990082
0.096704744 0.092545860 0.991001248 46.896877289 0.013089005 0.995463550 -0.094239816 -2.784753561 -0.995226979 0.022084661 0.095054708 57.115413666
0.104464009 0.095992312 0.989885151 47.697807312 0.008167546 0.995214701 -0.097371049 -2.847089529 -0.994495094 0.018256703 0.103180073 57.203147888
0.111680850 0.093576215 0.989328504 48.502605438 0.004993131 0.995491087 -0.094722778 -2.924971104 -0.993731558 0.015518568 0.110710062 57.303016663
0.118889138 0.092421420 0.988596797 49.312580109 0.004931628 0.995591164 -0.093668394 -2.989696980 -0.992895305 0.016011545 0.117909178 57.411960602
0.126831323 0.088798523 0.987941623 50.137802124 0.004447280 0.995923936 -0.090086937 -3.059966564 -0.991914272 0.015819496 0.125919431 57.517177582
0.133707181 0.082689330 0.987565160 50.939998627 0.002420104 0.996482670 -0.083763681 -3.135229826 -0.991017938 0.013589812 0.133036777 57.643650055
0.141403466 0.075932734 0.987035632 51.755630493 0.000052751 0.997053325 -0.076710962 -3.186896563 -0.989952087 0.010899262 0.140982777 57.756488800
0.148440287 0.073038712 0.986220419 52.563293457 -0.001086971 0.997280300 -0.073694184 -3.264457941 -0.988920748 0.009867195 0.148115963 57.887050629
0.155605391 0.074822336 0.984981537 53.366058350 -0.001213011 0.997140944 -0.075554378 -3.323716640 -0.987818480 0.010561876 0.155251265 58.023376465
0.161243230 0.081312776 0.983559191 54.145545959 -0.000414106 0.996605575 -0.082323454 -3.381502151 -0.986914515 0.012866804 0.160729572 58.154598236
0.167113543 0.085460298 0.982226908 54.925086975 -0.002008324 0.996263742 -0.086339906 -3.433265209 -0.985935569 0.012455939 0.166660801 58.280750275
0.171871528 0.088085979 0.981173277 55.694648743 -0.003080443 0.996037543 -0.088880830 -3.502441645 -0.985114515 0.012253637 0.171461836 58.430549622
0.176653937 0.087422132 0.980382919 56.483070374 -0.006375957 0.996128500 -0.087677315 -3.578052998 -0.984252334 0.009237663 0.176527426 58.585880280
0.181769058 0.084443070 0.979708791 57.251743317 -0.002321813 0.996340156 -0.085445784 -3.642095566 -0.983338475 0.013256699 0.181299865 58.730735779
0.186210111 0.078182563 0.979394317 58.010845184 -0.001687863 0.996852875 -0.079255342 -3.697276115 -0.982508540 0.013105060 0.185756043 58.879375458
0.189869434 0.072047517 0.979162276 58.763774872 -0.003114322 0.997343004 -0.072781391 -3.753267527 -0.981804430 0.010769533 0.189589337 59.027751923
0.192761883 0.068289138 0.978866398 59.502128601 -0.007209417 0.997647047 -0.068179645 -3.817279339 -0.981219172 0.006085380 0.192800626 59.186943054
0.196080491 0.068241157 0.978210390 60.236640930 -0.008861795 0.997658014 -0.067821525 -3.870559931 -0.980547786 0.004629775 0.196226031 59.340911865
0.198339492 0.070462912 0.977597177 60.959484100 -0.010023012 0.997506082 -0.069864392 -3.916027784 -0.980082095 0.004058398 0.198551118 59.491821289
0.199915320 0.074772529 0.976955891 61.660121918 -0.014184407 0.997200251 -0.073419392 -3.967968941 -0.979710460 0.000820119 0.200416222 59.643917084
0.201745331 0.078966141 0.976249516 62.347740173 -0.015217789 0.996877074 -0.077489838 -4.019042015 -0.979319811 0.000776853 0.202316970 59.798465729
0.203536093 0.084025003 0.975455225 63.026168823 -0.015356889 0.996461987 -0.082630172 -4.073253155 -0.978947043 0.001838267 0.204106361 59.953540802
0.205017000 0.086177655 0.974957168 63.705905914 -0.015416190 0.996277034 -0.084820360 -4.129524231 -0.978637040 0.002359493 0.205582261 60.101436615
0.206415385 0.086022899 0.974675715 64.365631104 -0.017436730 0.996293068 -0.084238067 -4.181585312 -0.978309095 0.000392876 0.207150176 60.246570587
0.207794681 0.082965687 0.974647760 65.063003540 -0.017155960 0.996552408 -0.081172660 -4.240882397 -0.978021979 0.000146231 0.208501697 60.391670227
0.208459929 0.080547385 0.974708438 65.717575073 -0.017195662 0.996750772 -0.078691274 -4.293504715 -0.977879703 -0.000356777 0.209167674 60.533039093
0.208647013 0.079493247 0.974754989 66.373680115 -0.016131682 0.996835291 -0.077840939 -4.342346668 -0.977857947 0.000516843 0.209269062 60.675148010
0.206795558 0.078730978 0.975211263 67.003791809 -0.016350128 0.996895969 -0.077014551 -4.392052174 -0.978247523 -0.000018562 0.207440898 60.815502167
0.205440313 0.079126254 0.975465655 67.629234314 -0.016460147 0.996864617 -0.077395432 -4.441081047 -0.978531182 -0.000156169 0.206098586 60.950286865
0.202633783 0.082172528 0.975800753 68.247108459 -0.018094037 0.996617138 -0.080168098 -4.494915009 -0.979087412 -0.001411407 0.203435153 61.091259003
0.200180590 0.085970268 0.975979984 68.845199585 -0.016160741 0.996297181 -0.084445246 -4.544820786 -0.979625762 0.001131739 0.200828701 61.217140198
0.198616758 0.086520664 0.976250708 69.450477600 -0.013997805 0.996244609 -0.085444786 -4.593541145 -0.979977250 0.003305397 0.199081972 61.340660095
0.196535379 0.085593954 0.976753592 70.037902832 -0.014652162 0.996327519 -0.084361039 -4.636805058 -0.980387270 0.002268380 0.197067767 61.457767487
0.194089487 0.082651049 0.977495790 70.618858337 -0.015222116 0.996578038 -0.081242070 -4.686732292 -0.980865657 0.000888677 0.194683477 61.575359344
0.191964641 0.078714587 0.978240013 71.196235657 -0.014651261 0.996897042 -0.077340744 -4.736218452 -0.981292427 0.000514238 0.192522243 61.692211151
0.190249354 0.077736475 0.978653252 71.750854492 -0.011004166 0.996966362 -0.077051930 -4.783000469 -0.981674075 0.003889817 0.190527648 61.790611267
0.188344344 0.079477541 0.978881896 72.312118530 -0.008016399 0.996811330 -0.079390869 -4.825320244 -0.982070327 0.007105710 0.188380897 61.899757385
0.186033681 0.081520729 0.979155660 72.861656189 -0.003713804 0.996603370 -0.082267754 -4.864701271 -0.982536435 0.011668181 0.185704514 61.999298096
0.184484527 0.083575018 0.979275644 73.405311584 -0.004397912 0.996438265 -0.084211223 -4.903566837 -0.982825577 0.011228900 0.184194982 62.095752716
0.182971239 0.086131074 0.979338050 73.940292358 -0.005048103 0.996224046 -0.086673021 -4.948609352 -0.983105302 0.010914871 0.182715133 62.197795868
0.182015970 0.084223181 0.979681909 74.500129700 -0.002848010 0.996365905 -0.085128374 -4.998910904 -0.983291388 0.012704579 0.181594387 62.302722931
0.182942674 0.082880579 0.979623795 75.043632507 0.003052973 0.996387422 -0.084869012 -5.036153793 -0.983118832 0.018516930 0.182028770 62.386013031
0.185049817 0.080994271 0.979385734 75.598373413 0.008120190 0.996437788 -0.083938725 -5.075962067 -0.982695580 0.023485644 0.183732927 62.485515594
0.187361330 0.080239452 0.979008377 76.144989014 0.011166384 0.996419668 -0.083803505 -5.118233204 -0.982227564 0.026633518 0.185794532 62.579517365
0.190636694 0.080341667 0.978367448 76.696563721 0.008200493 0.996480167 -0.083426923 -5.159290314 -0.981626391 0.023927327 0.189306825 62.693157196
0.195706367 0.080811612 0.977327228 77.267013550 0.007221570 0.996453106 -0.083839163 -5.207821846 -0.980636001 0.023465691 0.194428623 62.829933167
0.202423364 0.079567313 0.976060331 77.828598022 0.008601910 0.996510863 -0.083018355 -5.252368450 -0.979260385 0.025200834 0.201032639 62.948879242
0.209975183 0.080472797 0.974389315 78.375892639 0.005924734 0.996483922 -0.083574280 -5.283979893 -0.977688789 0.023321524 0.208760113 63.065147400
0.218112767 0.078260452 0.972780645 78.946235657 0.006591221 0.996638596 -0.081657693 -5.327591896 -0.975901365 0.024222393 0.216863781 63.204353333
0.227242991 0.077792801 0.970725954 79.522804260 0.003128695 0.996740758 -0.080610007 -5.375111103 -0.973833025 0.021355165 0.226258963 63.347312927
0.236557364 0.077886321 0.968490779 80.109275818 0.001684958 0.996747375 -0.080570295 -5.417536736 -0.971616089 0.020691361 0.235656694 63.504867554
0.246077001 0.081557699 0.965812802 80.693222046 -0.003801952 0.996527076 -0.083182663 -5.468244076 -0.969242871 0.016797364 0.245532438 63.675743103
0.255554080 0.083704434 0.963164389 81.296707153 -0.007367400 0.996384621 -0.084636696 -5.509185791 -0.966766715 0.014533239 0.255246878 63.849830627
0.266613394 0.086227015 0.959938645 81.896736145 -0.010752779 0.996194065 -0.086497195 -5.556171894 -0.963743567 0.012739302 0.266525865 64.020034790
0.276752323 0.088079877 0.956896067 82.509338379 -0.012232457 0.996032536 -0.088144436 -5.606613636 -0.960863411 0.012688987 0.276731759 64.209136963
0.286514491 0.088960521 0.953936875 83.136932373 -0.015051923 0.995974839 -0.088359982 -5.653311729 -0.957957685 0.010957832 0.286700279 64.412811279
0.296740919 0.089311361 0.950772464 83.765701294 -0.016463909 0.995947480 -0.088416427 -5.709778309 -0.954816043 0.010583349 0.297008842 64.619705200
0.307151586 0.090399317 0.947357237 84.394668579 -0.020478752 0.995875478 -0.088389434 -5.747944832 -0.951440215 0.007748261 0.307736009 64.832229614
0.317513555 0.085793175 0.944364667 85.054115295 -0.019642161 0.996280134 -0.083905481 -5.792125702 -0.948050261 0.008091765 0.318017602 65.063690186
0.328502715 0.078410164 0.941242695 85.715713501 -0.016133415 0.996868491 -0.077413343 -5.847600937 -0.944365203 0.010245035 0.328739047 65.289398193
0.339256585 0.074233845 0.937760234 86.380859375 -0.014695654 0.997178018 -0.073620930 -5.896282196 -0.940578997 0.011195385 0.339390159 65.543617249
0.349634349 0.071038343 0.934189141 87.063644409 -0.015692897 0.997425437 -0.069973707 -5.945074081 -0.936754763 0.009805078 0.349848986 65.807937622
0.359145969 0.068554595 0.930760145 87.752197266 -0.009230496 0.997510612 -0.069909357 -5.984107971 -0.933235765 0.016516283 0.358884722 66.074691772
0.367704123 0.063318618 0.927784801 88.453453064 -0.002668232 0.997747004 -0.067035861 -6.020797253 -0.929938972 0.022173814 0.367044717 66.344383240
0.374720782 0.054013416 0.925563037 89.173591614 0.006996063 0.998108387 -0.061079383 -6.061629772 -0.927111268 0.029363012 0.373634130 66.624053955
0.381767601 0.049183171 0.922948837 89.879386902 0.012525062 0.998216093 -0.058374956 -6.107532024 -0.924173594 0.033845652 0.380470514 66.917129517
0.389014363 0.049146537 0.919919789 90.584823608 0.014219638 0.998136640 -0.059338447 -6.157515049 -0.921121955 0.036164436 0.387590647 67.218856812
0.396673173 0.055450123 0.916283667 91.298126221 0.016700178 0.997572780 -0.067599207 -6.194202423 -0.917807996 0.042116895 0.394784331 67.523986816
0.403717905 0.059786893 0.912927866 92.012939453 0.020611921 0.997014880 -0.074408740 -6.236319542 -0.914651275 0.048857342 0.401280403 67.837738037
0.409094363 0.061929826 0.910388112 92.715942383 0.018734565 0.996913850 -0.076234430 -6.286631107 -0.912299752 0.048242796 0.406671613 68.158676147
0.413314015 0.063515931 0.908370614 93.405975342 0.011486467 0.997121334 -0.074948050 -6.343630791 -0.910516083 0.041411050 0.411394656 68.489471436
0.417283177 0.067483172 0.906267464 94.093872070 0.004533591 0.997072220 -0.076332189 -6.397936821 -0.908765137 0.035960790 0.415755510 68.827110291
0.421528608 0.070469700 0.904072821 94.782463074 0.003827994 0.996828735 -0.079484552 -6.456427097 -0.906807005 0.036965802 0.419922084 69.144790649
0.425507784 0.074781828 0.901859760 95.457832336 0.000697371 0.996552467 -0.082962751 -6.512319565 -0.904954553 0.035930220 0.423988640 69.470535278
0.429007888 0.077738717 0.899949431 96.114509583 -0.002315802 0.996381283 -0.084964678 -6.569220543 -0.903297782 0.034366410 0.427635461 69.794700623
0.432670116 0.075856335 0.898355365 96.767570496 -0.003361457 0.996582806 -0.082531616 -6.632926941 -0.901546001 0.032689184 0.431446612 70.118370056
0.436947018 0.072863810 0.896531224 97.420494080 -0.002495326 0.996807992 -0.079797462 -6.690839291 -0.899483800 0.032630127 0.435734093 70.442047119
0.440199345 0.070290178 0.895144701 98.056045532 -0.002680474 0.997029603 -0.076972425 -6.741131306 -0.897895992 0.031483799 0.439080238 70.760162354
0.443793654 0.069211856 0.893452227 98.686408997 -0.003744262 0.997147501 -0.075384825 -6.800500393 -0.896121144 0.030109990 0.442786932 71.082725525
0.447154641 0.071277380 0.891612172 99.300415039 -0.006170697 0.997041941 -0.076610968 -6.849182606 -0.894435287 0.028755091 0.446271807 71.398056030
0.449674606 0.071670495 0.890312374 99.908660889 -0.005414020 0.996975839 -0.077522457 -6.906081200 -0.893176019 0.030039713 0.448702782 71.713966370
0.451752096 0.069524430 0.889430463 100.504302979 -0.003037073 0.997072875 -0.076395981 -6.957643986 -0.892138362 0.031810787 0.450640947 72.020172119
0.453423142 0.068687409 0.888644755 101.094688416 -0.001866531 0.997097075 -0.076117799 -7.013766289 -0.891293406 0.032854892 0.452235103 72.317703247
0.455857724 0.068262868 0.887431085 101.690315247 -0.001443692 0.997109890 -0.075957999 -7.048672199 -0.890051484 0.033344850 0.454638779 72.622497559
0.457677245 0.067559063 0.886547983 102.264945984 -0.000057506 0.997111201 -0.075954832 -7.099292278 -0.889118373 0.034711812 0.456359059 72.924652100
0.460338861 0.069375463 0.885028362 102.826126099 -0.000744007 0.996971488 -0.077763461 -7.144601822 -0.887742937 0.035139076 0.458996356 73.214920044
0.463306963 0.069141947 0.883496463 103.386787415 0.002577946 0.996842265 -0.079364210 -7.194118500 -0.886194110 0.039047595 0.461665750 73.508651733
0.466369569 0.068734899 0.881915510 103.937950134 0.003837266 0.996809900 -0.079718769 -7.244864464 -0.884581625 0.040562548 0.464618087 73.803115845
0.469125837 0.066925481 0.880591869 104.475677490 0.007021738 0.996810257 -0.079498887 -7.295074463 -0.883103430 0.043478265 0.467159480 74.108131409
0.472831279 0.065925732 0.878683329 104.987609863 0.008283904 0.996820569 -0.079246998 -7.336947441 -0.881114066 0.044749390 0.470781833 74.354957581
0.476005852 0.065507658 0.876998961 105.505897522 0.009638581 0.996773362 -0.079685748 -7.380046844 -0.879389346 0.046383906 0.473838568 74.639335632
0.479667425 0.064685702 0.875062823 106.023864746 0.010079199 0.996806920 -0.079210103 -7.428368568 -0.877392530 0.046814438 0.477483869 74.923782349
0.482820421 0.064005487 0.873377204 106.532737732 0.011828171 0.996757805 -0.079586297 -7.472822189 -0.875639498 0.048756342 0.480497956 75.212493896
0.486807317 0.065251656 0.871068895 107.034362793 0.011374393 0.996648014 -0.081015475 -7.517635822 -0.873435378 0.049346812 0.484433323 75.490684509
0.490599692 0.065462187 0.868922651 107.535003662 0.013176003 0.996502817 -0.082512982 -7.569039822 -0.871285379 0.051929776 0.488021493 75.790283203
0.495759636 0.068956017 0.865717888 108.019302368 0.011017461 0.996263206 -0.085663423 -7.610017776 -0.868389904 0.052006479 0.493147373 76.064575195
0.501285970 0.074794583 0.862043023 108.503211975 0.007692259 0.995832503 -0.090875857 -7.654781818 -0.865247488 0.052185848 0.498621553 76.353973389
0.506996751 0.081903771 0.858047843 108.987327576 0.002312367 0.995342314 -0.096375339 -7.705416203 -0.861944795 0.050846104 0.504445970 76.658042908
0.512558281 0.088034853 0.854127526 109.463714600 -0.002889561 0.994901478 -0.100810394 -7.759715080 -0.858647585 0.049203143 0.510199368 76.968917847
0.519295514 0.092472792 0.849576890 109.937629700 -0.006547472 0.994529784 -0.104248226 -7.812005997 -0.854569614 0.048573058 0.517060459 77.263359070
0.524961531 0.092698500 0.846062839 110.427200317 -0.010652530 0.994689047 -0.102373026 -7.863318443 -0.851059318 0.044729188 0.523160994 77.576560974
0.530435741 0.091996357 0.842718542 110.919097900 -0.017191829 0.995057106 -0.097805448 -7.913994312 -0.847550809 0.037391633 0.529395461 77.905014038
0.536079407 0.089427464 0.839417398 111.419319153 -0.023316540 0.995562255 -0.091171689 -7.968179703 -0.843845427 0.029302960 0.535785615 78.246498108
0.541885376 0.087916702 0.835841417 111.919952393 -0.030013811 0.995903611 -0.085294306 -8.019924164 -0.839916229 0.021132965 0.542304397 78.589256287
0.547907889 0.085783139 0.832128704 112.428283691 -0.032412231 0.996158361 -0.081351206 -8.068522453 -0.835910559 0.017601822 0.548583448 78.940292358
0.554185688 0.089505374 0.827566922 112.941543579 -0.037219636 0.995872140 -0.082784034 -8.109197617 -0.831560493 0.015075997 0.555229604 79.304214478
0.560167789 0.093521118 0.823083103 113.458992004 -0.041560594 0.995528281 -0.084829845 -8.158791542 -0.827335835 0.013311128 0.561549783 79.676071167
0.566599190 0.096958764 0.818269134 113.986068726 -0.043960780 0.995195508 -0.087483190 -8.198402405 -0.822820008 0.013596152 0.568139493 80.051635742
0.572875619 0.099145904 0.813623726 114.515037537 -0.046432715 0.994988620 -0.088553064 -8.248498917 -0.818326056 0.012951135 0.574608386 80.439056396
