1.000000000 0.000000000 0.000000000 0.000000000 0.000000000 1.000000000 0.000000000 0.000000000 0.000000000 0.000000000 1.000000000 0.000000000
0.999998629 0.000766555 0.001469155 -0.006349013 -0.000759836 0.999989271 -0.004568574 -0.002398788 -0.001472641 0.004567452 0.999988496 0.963966608
0.999996662 -0.001443743 0.002153343 -0.002711188 0.001455226 0.999984682 -0.005340583 -0.000905818 -0.002145600 0.005343698 0.999983430 1.918565869
0.999993384 -0.002415782 0.002712603 -0.010958172 0.002419345 0.999996185 -0.001310873 -0.004085007 -0.002709426 0.001317427 0.999995410 2.850427151
0.999985754 -0.004896077 0.002129395 -0.008681503 0.004885534 0.999975920 0.004928872 -0.008099573 -0.002153476 -0.004918398 0.999985576 3.799008846
0.999963641 -0.008499144 0.000567766 -0.005508214 0.008496197 0.999951422 0.005002013 -0.005403813 -0.000610251 -0.004997008 0.999987304 4.736941814
0.999938190 -0.011114561 -0.000159554 -0.006160874 0.011114864 0.999936104 0.002029184 -0.001166289 0.000136990 -0.002030833 0.999997854 5.667448044
0.999929428 -0.011812803 -0.001192087 -0.008261266 0.011810852 0.999928892 -0.001629944 0.005139212 0.001211257 0.001615750 0.999997973 6.596449852
0.999934494 -0.011340403 -0.001545208 -0.016867913 0.011337645 0.999934137 -0.001781856 -0.002991285 0.001565313 0.001764221 0.999997199 7.518942356
0.999933183 -0.011240897 -0.002693248 -0.025613835 0.011241035 0.999936819 0.000036685 -0.001799715 0.002692665 -0.000066958 0.999996424 8.433616638
0.999936640 -0.010856874 -0.002982649 -0.037238047 0.010864795 0.999937475 0.002653118 0.002620971 0.002953657 -0.002685356 0.999992013 9.370141983
0.999929309 -0.011204206 -0.003986094 -0.044249572 0.011221126 0.999928057 0.004247472 0.005181149 0.003938217 -0.004291900 0.999983013 10.291413307
0.999914467 -0.012233641 -0.004631092 -0.048062574 0.012256866 0.999912262 0.005020837 0.008079320 0.004569262 -0.005077169 0.999976695 11.204226494
0.999905884 -0.012551932 -0.005546219 -0.055914104 0.012581014 0.999907136 0.005240133 0.009057079 0.005479930 -0.005309416 0.999970913 12.118665695
0.999898374 -0.012861297 -0.006154557 -0.066825129 0.012884821 0.999909759 0.003797911 0.011460397 0.006105156 -0.003876824 0.999973893 13.017743111
0.999888539 -0.013041536 -0.007261103 -0.079441085 0.013053103 0.999913633 0.001548062 0.019858001 0.007240287 -0.001642669 0.999972403 13.923763275
0.999857485 -0.014293516 -0.008976757 -0.087031960 0.014294127 0.999897838 0.000003900 0.027374282 0.008975783 -0.000132215 0.999959707 14.828986168
0.999848485 -0.013916979 -0.010447768 -0.107884541 0.013911024 0.999903083 -0.000642489 0.027195249 0.010455697 0.000497053 0.999945223 15.736198425
0.999841630 -0.013048784 -0.012098211 -0.120338321 0.013030007 0.999913812 -0.001629530 0.028347237 0.012118431 0.001471632 0.999925435 16.637575150
0.999840736 -0.011544699 -0.013604561 -0.138170734 0.011526924 0.999932587 -0.001384007 0.025031099 0.013619622 0.001226968 0.999906421 17.527893066
0.999813855 -0.012060484 -0.015064422 -0.156937361 0.012052845 0.999927163 -0.000597801 0.025532164 0.015070535 0.000416121 0.999886334 18.419847488
0.999790967 -0.011772756 -0.016717358 -0.174661264 0.011792162 0.999929905 0.001062702 0.021864546 0.016703675 -0.001259614 0.999859691 19.312849045
0.999769449 -0.011569663 -0.018083273 -0.195941508 0.011606524 0.999930739 0.001934754 0.019971788 0.018059636 -0.002144192 0.999834597 20.189916611
0.999727368 -0.012612765 -0.019652441 -0.214465991 0.012655769 0.999917746 0.002065378 0.017071800 0.019624777 -0.002313532 0.999804735 21.084003448
0.999711394 -0.011839819 -0.020902878 -0.235226318 0.011857275 0.999929368 0.000711277 0.026008010 0.020892981 -0.000958922 0.999781251 21.928991318
0.999675930 -0.011958520 -0.022472456 -0.256554931 0.011987688 0.999927402 0.001163546 0.026809441 0.022456910 -0.001432561 0.999746799 22.791555405
0.999659538 -0.011751682 -0.023294201 -0.282756805 0.011827087 0.999925196 0.003101940 0.029093541 0.023256006 -0.003376387 0.999723852 23.652854919
0.999626219 -0.012876638 -0.024113426 -0.300155878 0.013022032 0.999897897 0.005882327 0.032063834 0.024035214 -0.006194134 0.999692023 24.498655319
0.999599278 -0.013161180 -0.025061591 -0.320408553 0.013352520 0.999882817 0.007482798 0.034472048 0.024960175 -0.007814435 0.999657869 25.337533951
0.999602556 -0.012355085 -0.025340434 -0.353358895 0.012522289 0.999900758 0.006450274 0.036300793 0.025258224 -0.006765030 0.999658048 26.162858963
0.999604940 -0.010410654 -0.026106056 -0.378126532 0.010517124 0.999936938 0.003944381 0.036479019 0.026063340 -0.004217384 0.999651313 26.974067688
0.999589980 -0.009935096 -0.026852775 -0.404247493 0.009992774 0.999948084 0.002014582 0.042636424 0.026831364 -0.002282090 0.999637365 27.776721954
0.999582529 -0.008835321 -0.027506717 -0.435108960 0.008882225 0.999959350 0.001583513 0.046583317 0.027491609 -0.001827173 0.999620318 28.569524765
0.999537885 -0.008935728 -0.029051958 -0.457369715 0.008984335 0.999958396 0.001542983 0.040475924 0.029036960 -0.001803282 0.999576688 29.360280991
0.999466777 -0.008822197 -0.031438336 -0.482527345 0.008844201 0.999960721 0.000560850 0.041542917 0.031432148 -0.000838598 0.999505520 30.136421204
0.999414027 -0.008594464 -0.033133127 -0.515281618 0.008619223 0.999962628 0.000604474 0.040999182 0.033126701 -0.000889701 0.999450803 30.903648376
0.999348819 -0.009001952 -0.034941092 -0.540079117 0.009062107 0.999957740 0.001563580 0.045155920 0.034925539 -0.001879201 0.999388158 31.665433884
0.999261141 -0.009390532 -0.037268754 -0.567375422 0.009540544 0.999947131 0.003849393 0.047676742 0.037230626 -0.004202113 0.999297917 32.416732788
0.999203861 -0.008215373 -0.039040104 -0.602302969 0.008429689 0.999950290 0.005328253 0.050417632 0.038994387 -0.005653108 0.999223351 33.161174774
0.999140203 -0.006757364 -0.040904693 -0.634766042 0.006998305 0.999958992 0.005749967 0.047547579 0.040864166 -0.006031286 0.999146461 33.888271332
0.999080718 -0.004433667 -0.042638514 -0.676551223 0.004654789 0.999976218 0.005088095 0.047639266 0.042614944 -0.005281890 0.999077618 34.594890594
0.999006629 -0.002249104 -0.044505265 -0.712635279 0.002447412 0.999987304 0.004401844 0.052755117 0.044494804 -0.004506392 0.998999476 35.304836273
0.998923779 -0.002255027 -0.046326034 -0.739136994 0.002494593 0.999983788 0.005114120 0.058510214 0.046313748 -0.005224180 0.998913288 36.021041870
0.998890042 -0.000668533 -0.047097016 -0.785245001 0.001006966 0.999973774 0.007162503 0.059864327 0.047090992 -0.007201978 0.998864710 36.701789856
0.998890519 0.002157853 -0.047042236 -0.825424135 -0.001803950 0.999969721 0.007564229 0.064911544 0.047057126 -0.007470975 0.998864293 37.389484406
0.998916984 0.004594097 -0.046300553 -0.850819290 -0.004348885 0.999975979 0.005395437 0.067800388 0.046324234 -0.005188238 0.998912990 38.056674957
0.998985946 0.006390615 -0.044567131 -0.886201859 -0.006293662 0.999977469 0.002315417 0.070371091 0.044580933 -0.002032578 0.999003768 38.699050903
0.999071896 0.006569702 -0.042569216 -0.914145648 -0.006560553 0.999978423 0.000354605 0.077620529 0.042570625 -0.000074999 0.999093413 39.351360321
0.999203086 0.007821276 -0.039140519 -0.947690487 -0.007782883 0.999969065 0.001133208 0.079785042 0.039148171 -0.000827679 0.999233127 39.995632172
0.999261677 0.012422837 -0.036359493 -0.973805904 -0.012293478 0.999917269 0.003779234 0.079082854 0.036403432 -0.003329458 0.999331653 40.642883301
0.999334216 0.016560897 -0.032510523 -1.000441909 -0.016329193 0.999839425 0.007379485 0.079563126 0.032627515 -0.006843700 0.999444246 41.267646790
0.999369562 0.021808431 -0.028015032 -1.029334307 -0.021585282 0.999732912 0.008243251 0.083955050 0.028187321 -0.007633341 0.999573529 41.868976593
0.999418557 0.025260424 -0.022902498 -1.047134876 -0.025069078 0.999648690 0.008603875 0.088335723 0.023111794 -0.008024728 0.999700665 42.456382751
0.999430597 0.029286267 -0.016754424 -1.063941717 -0.029111950 0.999520361 0.010555310 0.090168029 0.017055521 -0.010061546 0.999803960 43.021507263
0.999353528 0.034435328 -0.010332292 -1.078233719 -0.034315102 0.999343812 0.011595152 0.093637735 0.010724797 -0.011233103 0.999879420 43.602619171
0.999271154 0.038036525 -0.003192977 -1.086470008 -0.037997454 0.999211490 0.011513975 0.093172550 0.003628409 -0.011384261 0.999928594 44.132865906
0.999134362 0.041381463 0.004236822 -1.090196371 -0.041427210 0.999077141 0.011347406 0.097056359 -0.003763339 -0.011513106 0.999926686 44.640460968
0.998919010 0.045155250 0.011030046 -1.076665163 -0.045275588 0.998914897 0.010916266 0.101913214 -0.010525151 -0.011403860 0.999879539 45.139530182
0.998601973 0.049377952 0.018865116 -1.075251102 -0.049532875 0.998741746 0.007835040 0.107939869 -0.018454500 -0.008758532 0.999791324 45.608798981
0.998294055 0.051749650 0.027035935 -1.067804456 -0.051905524 0.998638928 0.005095382 0.104950592 -0.026735455 -0.006490004 0.999621570 46.064144135
0.998032689 0.052236974 0.034671761 -1.049082160 -0.052433383 0.998613000 0.004779235 0.108144730 -0.034374021 -0.006587791 0.999387324 46.490966797
0.997764766 0.051325094 0.042792656 -1.026404381 -0.051634822 0.998646975 0.006163504 0.108954430 -0.042418420 -0.008359319 0.999064982 46.890842438
0.997288465 0.053335804 0.050704505 -1.004382849 -0.053748913 0.998531163 0.006818101 0.111446798 -0.050266385 -0.009524927 0.998690426 47.280502319
0.996620178 0.056423739 0.059703857 -0.992319822 -0.056955915 0.998350501 0.007248458 0.107900679 -0.059196386 -0.010624449 0.998189807 47.637504578
0.995802462 0.061319478 0.067952022 -0.960797787 -0.061893657 0.998062432 0.006374922 0.112435579 -0.067429446 -0.010553962 0.997668147 47.965148926
0.994878769 0.065157712 0.077270366 -0.943947315 -0.065867409 0.997806072 0.006668948 0.107714355 -0.076666310 -0.011724396 0.996987879 48.260684967
0.994154155 0.064349860 0.086697981 -0.914921761 -0.065227799 0.997843444 0.007329013 0.106167227 -0.086039387 -0.012941288 0.996207714 48.546386719
0.993255734 0.063168578 0.097225308 -0.874261856 -0.063991919 0.997936010 0.005370459 0.107176065 -0.096685380 -0.011555874 0.995247900 48.821681976
0.992118299 0.061748758 0.109033793 -0.840894699 -0.062234413 0.998061001 0.001053513 0.101890758 -0.108757325 -0.007830862 0.994037628 49.080978394
0.990506470 0.062837459 0.122263454 -0.799140453 -0.062920228 0.998013437 -0.003187673 0.104689419 -0.122220881 -0.004535435 0.992492557 49.347900391
0.988378406 0.064333878 0.137728900 -0.758150101 -0.064213336 0.997922003 -0.005322887 0.101242423 -0.137785152 -0.003583008 0.990455627 49.609294891
0.985882878 0.066115797 0.153830081 -0.708415985 -0.065855883 0.997806013 -0.006790332 0.100584239 -0.153941572 -0.003436144 0.988073945 49.864582062
0.983049154 0.066639572 0.170802996 -0.654307365 -0.066247948 0.997771084 -0.007997931 0.099909663 -0.170955271 -0.003452989 0.985272765 50.123809814
0.979789436 0.065478146 0.189011425 -0.595197678 -0.064861260 0.997849464 -0.009454321 0.102899969 -0.189224005 -0.002996276 0.981929421 50.383628845
0.975918233 0.064745374 0.208306730 -0.526555061 -0.064141713 0.997893989 -0.009658711 0.096825749 -0.208493412 -0.003935038 0.978015840 50.621726990
0.971414149 0.064857647 0.228359595 -0.451619148 -0.064116716 0.997885346 -0.010670077 0.090258777 -0.228568733 -0.004276603 0.973518431 50.857738495
0.966113508 0.067010842 0.249267623 -0.374929428 -0.065804586 0.997745454 -0.013178978 0.091104269 -0.249588788 -0.003670563 0.968344986 51.093559265
0.959845424 0.068202026 0.272112846 -0.292978287 -0.066512890 0.997666121 -0.015437633 0.089305341 -0.272530645 -0.003281269 0.962141514 51.343826294
0.952537954 0.069878951 0.296290815 -0.197308540 -0.068106465 0.997544706 -0.016312998 0.075190604 -0.296703190 -0.004640571 0.954958439 51.580284119
0.943943799 0.072715588 0.321997881 -0.099667549 -0.070952028 0.997330904 -0.017226214 0.068331957 -0.322391093 -0.006585828 0.946583688 51.817970276
0.934103310 0.074755207 0.349088311 0.011178970 -0.072903514 0.997168124 -0.018459801 0.061372936 -0.349479735 -0.008206408 0.936907947 52.055751801
0.922917843 0.075400501 0.377541155 0.132062912 -0.073329501 0.997109652 -0.019879857 0.054383636 -0.377948940 -0.009337429 0.925779343 52.293155670
0.910339236 0.073243298 0.407330275 0.273918152 -0.070378877 0.997276962 -0.022034228 0.044500828 -0.407834947 -0.008608826 0.913015068 52.530166626
0.895366073 0.070773028 0.439671099 0.417425156 -0.066645391 0.997467458 -0.024840748 0.036888242 -0.440315723 -0.007060492 0.897815287 52.753986359
0.878089666 0.069812864 0.473375708 0.571485519 -0.063693933 0.997548997 -0.028968027 0.025710344 -0.474237800 -0.004714636 0.880384088 52.969055176
0.858496070 0.071945645 0.507748187 0.735677719 -0.063293286 0.997404933 -0.034312077 0.019955873 -0.508899093 -0.002680267 0.860821962 53.199111938
0.836698651 0.073830038 0.542664289 0.921817780 -0.062747680 0.997269750 -0.038933039 0.010843158 -0.544056952 -0.001475694 0.839047015 53.425918579
0.812119126 0.076512530 0.578453422 1.118560791 -0.063565880 0.997066200 -0.042639561 0.001274586 -0.580018878 -0.002141497 0.814600289 53.650447845
0.784537852 0.080672547 0.614810944 1.330648422 -0.066687264 0.996727288 -0.045688599 -0.010157347 -0.616484702 -0.005155622 0.787350059 53.884582520
0.754556537 0.085083365 0.650696039 1.556520462 -0.070322111 0.996333301 -0.048731480 -0.024684906 -0.652456284 -0.008987663 0.757773042 54.113723755
0.721423507 0.086146630 0.687114894 1.815208435 -0.069954470 0.996222258 -0.051453389 -0.043823004 -0.688951731 -0.010947070 0.724724591 54.349487305
0.684830964 0.083567232 0.723894358 2.096029282 -0.066221640 0.996429086 -0.052380830 -0.065896749 -0.725686789 -0.012065449 0.687919557 54.571914673
0.645645797 0.082135089 0.759207010 2.385021210 -0.063356094 0.996532738 -0.053930882 -0.087303281 -0.761004269 -0.013280150 0.648610890 54.772613525
0.603080392 0.081342675 0.793522060 2.716770172 -0.061100289 0.996575177 -0.055720795 -0.110806465 -0.795336843 -0.014880320 0.605984986 54.990879059
0.556754112 0.081485927 0.826671124 3.080308914 -0.057674959 0.996567428 -0.059389345 -0.127428174 -0.828672767 -0.014612957 0.559542596 55.203491211
0.507916451 0.080105908 0.857673705 3.445993423 -0.054346181 0.996662974 -0.060903452 -0.154729724 -0.859690249 -0.015677424 0.510574937 55.395721436
0.459544718 0.078557186 0.884673655 3.882316589 -0.052607384 0.996739328 -0.061181404 -0.174394488 -0.886595249 -0.018424768 0.462178975 55.586357117
0.410576224 0.076193385 0.908637345 4.319751740 -0.051514667 0.996849358 -0.060312979 -0.195880651 -0.910369992 -0.022045068 0.413207710 55.743934631
0.359593511 0.075906798 0.930016637 4.771867752 -0.054754473 0.996684909 -0.060177222 -0.220309973 -0.931501210 -0.029283229 0.362557590 55.911029816
0.309933722 0.076803260 0.947650969 5.227462769 -0.053346306 0.996566474 -0.063320503 -0.238578796 -0.949260294 -0.030928520 0.312966734 56.039596558
0.263206333 0.073271580 0.961953044 5.710680008 -0.041810252 0.997041225 -0.064504258 -0.270925045 -0.963833094 -0.023241572 0.265491068 56.122356415
0.219354406 0.067772068 0.973288536 6.225666046 -0.028324714 0.997606337 -0.063081712 -0.294886291 -0.975234032 -0.013730867 0.220749021 56.193485260
0.176568538 0.066759519 0.982021749 6.729476929 -0.019428955 0.997739196 -0.064334683 -0.324739099 -0.984096587 -0.007720180 0.177466452 56.256427765
0.138092443 0.068164453 0.988070905 7.257509708 -0.015916634 0.997652709 -0.066600971 -0.349224687 -0.990291417 -0.006529673 0.138853252 56.307643890
0.105288751 0.069001749 0.992044926 7.804881573 -0.007331031 0.997616529 -0.068611220 -0.384814322 -0.994414747 -0.000048723 0.105543651 56.343971252
0.076633170 0.067074582 0.994800687 8.352832794 0.000119915 0.997733951 -0.067281596 -0.424563140 -0.997059464 0.005275294 0.076451473 56.355804443
0.051752198 0.065185107 0.996530294 8.923363686 0.006809788 0.997821271 -0.065623201 -0.461750031 -0.998636723 0.010182303 0.051195551 56.364234924
0.031782430 0.064447455 0.997414827 9.499895096 0.011819136 0.997825027 -0.064850576 -0.485243082 -0.999424934 0.013849690 0.030951589 56.366207123
0.015896274 0.066681378 0.997647703 10.088841438 0.014980025 0.997645915 -0.066919945 -0.510365367 -0.999761403 0.016008569 0.014859963 56.367706299
0.002319889 0.066361770 0.997792900 10.687179565 0.015370823 0.997675419 -0.066389695 -0.547390223 -0.999879122 0.015490914 0.001294461 56.363498688
-0.009061875 0.067314789 0.997690558 11.297711372 0.016475137 0.997606337 -0.067159444 -0.582165539 -0.999823272 0.015828498 -0.010149204 56.350280762
-0.018174849 0.070079640 0.997375846 11.922172546 0.021218905 0.997342944 -0.069690645 -0.619919360 -0.999609768 0.019896604 -0.019613573 56.332237244
-0.024676451 0.071945816 0.997103333 12.542334557 0.025416506 0.997129619 -0.071318701 -0.655684769 -0.999372303 0.023582991 -0.026434235 56.303451538
-0.029409777 0.071294658 0.997021735 13.188489914 0.025538199 0.997181058 -0.070552737 -0.695941687 -0.999241114 0.023387196 -0.031147609 56.289703369
-0.033053007 0.068652302 0.997092962 13.861047745 0.023475276 0.997416079 -0.067896359 -0.728000998 -0.999177873 0.021162855 -0.034579244 56.269580841
-0.035473883 0.061581217 0.997471452 14.536419868 0.021321893 0.997919083 -0.060850564 -0.769496560 -0.999143124 0.019109374 -0.036713097 56.251811981
-0.037098709 0.056138374 0.997733533 15.218391418 0.022768660 0.998209059 -0.055318538 -0.801315606 -0.999052167 0.020664809 -0.038310468 56.228019714
-0.037341952 0.053550318 0.997866631 15.926407814 0.025119422 0.998297930 -0.052633442 -0.839350224 -0.998986721 0.023100393 -0.038623549 56.193428040
-0.037109509 0.055865105 0.997748375 16.620967865 0.028578429 0.998087168 -0.054821145 -0.877654433 -0.998902440 0.026479699 -0.038635060 56.163356781
-0.036259793 0.063329369 0.997333705 17.322957993 0.029405093 0.997625470 -0.062278822 -0.908276498 -0.998909712 0.027068475 -0.038035903 56.141414642
-0.034087017 0.071290284 0.996873021 18.026844025 0.030228285 0.997069836 -0.070270732 -0.946363926 -0.998961568 0.027738445 -0.036142133 56.121932983
-0.031755194 0.072287664 0.996878207 18.765226364 0.031058762 0.996970832 -0.071305014 -0.979477406 -0.999012947 0.028697500 -0.033904176 56.088027954
-0.029553544 0.068055078 0.997243822 19.495803833 0.030568702 0.997274399 -0.067151263 -1.021652937 -0.999095678 0.028499890 -0.031553358 56.071533203
-0.027017109 0.061612722 0.997734487 20.240341187 0.029844217 0.997703493 -0.060802676 -1.067461133 -0.999189377 0.028133888 -0.028793857 56.052703857
-0.024242371 0.059821155 0.997914732 20.971321106 0.028196627 0.997851849 -0.059132405 -1.112498164 -0.999308407 0.026704317 -0.025877051 56.040607452
-0.021093106 0.065135047 0.997653484 21.718742371 0.035587940 0.997291982 -0.064359024 -1.159591317 -0.999143898 0.034146897 -0.023354009 56.021175385
-0.017995015 0.070658371 0.997338176 22.450820923 0.037299018 0.996852875 -0.069950983 -1.201109290 -0.999142110 0.035940968 -0.020573869 56.008705139
-0.015516832 0.071253762 0.997337461 23.194606781 0.031076046 0.997010052 -0.070746876 -1.244219184 -0.999396563 0.029895538 -0.017684724 56.010597229
-0.012401476 0.067765646 0.997624218 23.947147369 0.026831832 0.997364223 -0.067414440 -1.288332820 -0.999563038 0.025932049 -0.014187061 56.014675140
-0.007372614 0.064236231 0.997907460 24.685838699 0.031144401 0.997465253 -0.063977666 -1.336673975 -0.999487698 0.030607553 -0.009354523 55.995666504
-0.003659945 0.065452538 0.997848928 25.428739548 0.035517447 0.997234464 -0.065281972 -1.383209229 -0.999362290 0.035202119 -0.005974531 55.985427856
-0.001355588 0.069723777 0.997565329 26.161142349 0.035351958 0.996946096 -0.069632448 -1.432715535 -0.999374032 0.035171494 -0.003816320 55.995899200
0.002622594 0.070776291 0.997488737 26.913253784 0.031591672 0.996988416 -0.070823863 -1.474475384 -0.999497414 0.031698082 0.000378754 56.000732422
0.006752481 0.070364185 0.997498453 27.662813187 0.031008363 0.997026801 -0.070540816 -1.520560145 -0.999496341 0.031407125 0.004550525 56.004795074
0.010216798 0.066958353 0.997703373 28.407354355 0.035014726 0.997119665 -0.067277730 -1.571962476 -0.999334455 0.035621688 0.007842842 56.010349274
0.013710440 0.067668475 0.997613668 29.161558151 0.039369315 0.996897221 -0.068160951 -1.624034166 -0.999130607 0.040209882 0.011003837 56.014968872
0.017622653 0.068673067 0.997483492 29.906623840 0.042592790 0.996681333 -0.069370329 -1.669553041 -0.998937070 0.043708097 0.014639191 56.020000458
0.020121321 0.068786509 0.997428477 30.657684326 0.042759985 0.996658444 -0.069596007 -1.713660002 -0.998882651 0.044050388 0.017112773 56.038311005
0.022836909 0.066909410 0.997497737 31.408517838 0.044176999 0.996715724 -0.067868382 -1.768286467 -0.998762667 0.045616351 0.019806052 56.074146271
0.026973324 0.066128649 0.997446477 32.157283783 0.045757383 0.996681929 -0.067315347 -1.817409039 -0.998588383 0.047456253 0.023857951 56.079608917
0.029718818 0.066413529 0.997349501 32.905139923 0.044139490 0.996729672 -0.067687519 -1.861982584 -0.998583257 0.046034090 0.026690168 56.110569000
0.032577768 0.068156205 0.997142732 33.664802551 0.040927477 0.996744394 -0.069466121 -1.910251141 -0.998631001 0.043073580 0.029682249 56.143714905
0.035823788 0.068328112 0.997019529 34.414737701 0.042542938 0.996651113 -0.069831483 -1.954932213 -0.998452306 0.044917773 0.032796942 56.160617828
0.038688183 0.068522915 0.996899128 35.174438477 0.040920001 0.996700466 -0.070097312 -1.996587276 -0.998413146 0.043505054 0.035756573 56.192642212
0.041316789 0.068932898 0.996765375 35.934242249 0.039341934 0.996731281 -0.070561297 -2.043952942 -0.998371243 0.042130042 0.038469788 56.225349426
0.043766763 0.068645976 0.996680617 36.688480377 0.036690850 0.996853113 -0.070269041 -2.098593235 -0.998367786 0.039644510 0.041110352 56.271682739
0.046520367 0.070530742 0.996424258 37.455791473 0.035107352 0.996772468 -0.072194457 -2.149205685 -0.998300254 0.038340323 0.043894075 56.319393158
0.049629025 0.073924296 0.996028185 38.220939636 0.033198934 0.996583879 -0.075619757 -2.205533266 -0.998215914 0.036820006 0.047005273 56.362159729
0.053469896 0.075981930 0.995674551 38.994266510 0.033490367 0.996403515 -0.077836066 -2.259606361 -0.998007655 0.037507392 0.050732926 56.401039124
0.056350645 0.077789292 0.995376050 39.762031555 0.027774733 0.996452153 -0.079445787 -2.315997839 -0.998024702 0.032123122 0.053990152 56.456378937
0.058337901 0.077083141 0.995316327 40.542175293 0.023718389 0.996625960 -0.078574754 -2.372690916 -0.998014987 0.028191186 0.056312785 56.522418976
0.062074598 0.077912837 0.995025814 41.317180634 0.026055692 0.996482134 -0.079652354 -2.425064087 -0.997731328 0.030870473 0.059826154 56.575084686
0.065675139 0.079125941 0.994698882 42.092403412 0.025371067 0.996396363 -0.080936089 -2.482474089 -0.997518480 0.030552054 0.063430957 56.631042480
0.069559887 0.080258913 0.994343936 42.881511688 0.021625716 0.996402740 -0.081937924 -2.535480022 -0.997343302 0.027202994 0.067574017 56.694206238
0.073730983 0.077845238 0.994235337 43.684497833 0.020575205 0.996617913 -0.079557627 -2.597759724 -0.997065842 0.026322454 0.071879938 56.759841919
0.078420460 0.077732302 0.993885279 44.486064911 0.020305408 0.996624172 -0.079548672 -2.667398930 -0.996713579 0.026419491 0.076577328 56.828956604
0.083581738 0.081099607 0.993195355 45.280639648 0.017002856 0.996421754 -0.082793921 -2.727784634 -0.996355891 0.023807218 0.081903726 56.902873993
0.089188941 0.089632735 0.991973460 46.072494507 0.014949119 0.995709896 -0.091314442 -2.792979479 -0.995902598 0.022973368 0.087466381 56.994731903
0.096607782 0.094736695 0.990803659 46.860954285 0.013864921 0.995235264 -0.096512325 -2.853304625 -0.995225906 0.023061262 0.094833955 57.075740814
0.103901729 0.097332589 0.989813507 47.673439026 0.009213983 0.995063066 -0.098816000 -2.928987026 -0.994544864 0.019387279 0.102491938 57.157562256
0.110979125 0.095808141 0.989193857 48.491191864 0.005550648 0.995267093 -0.097019091 -2.997462988 -0.993807197 0.016257759 0.109922066 57.261768341
0.118472025 0.094139412 0.988484740 49.303928375 0.005177565 0.995423555 -0.095420770 -3.071177483 -0.992943883 0.016422635 0.117442429 57.365390778
0.126272976 0.090513580 0.987857521 50.128093719 0.004974363 0.995758235 -0.091873348 -3.143310070 -0.991983056 0.016515085 0.125287116 57.471233368
0.133638084 0.084920458 0.987385094 50.937637329 0.003242237 0.996279120 -0.086124226 -3.214379311 -0.991024911 0.014710812 0.132865503 57.584503174
0.140555635 0.077884458 0.987004519 51.757835388 0.000662520 0.996893466 -0.078759126 -3.275141478 -0.990072548 0.011723951 0.140067413 57.718326569
0.147832870 0.075188063 0.986150205 52.563678741 0.000959174 0.997094691 -0.076166309 -3.337592125 -0.989011943 0.012205774 0.147331223 57.850849152
0.155492947 0.076726466 0.984852791 53.371593475 0.000736195 0.996969640 -0.077786677 -3.404660940 -0.987836719 0.012820329 0.154965281 57.979412079
0.161415815 0.082886301 0.983399570 54.147960663 0.000743988 0.996456206 -0.084108919 -3.475698471 -0.986886203 0.014308146 0.160782129 58.105880737
0.166506678 0.087262511 0.982171416 54.926258087 -0.000793329 0.996087909 -0.088364437 -3.525250673 -0.986040115 0.013934086 0.165924504 58.237823486
0.171508983 0.090244457 0.981040597 55.707130432 -0.002093668 0.995826900 -0.091238596 -3.593820333 -0.985180318 0.013594266 0.170982197 58.387065887
0.176893115 0.089563526 0.980146527 56.475662231 -0.004073352 0.995909214 -0.090268724 -3.658527374 -0.984221697 0.011975434 0.176534280 58.531475067
0.182200909 0.086599052 0.979440391 57.234020233 -0.000470569 0.996121585 -0.087986417 -3.729011774 -0.983261228 0.015570311 0.181534976 58.669708252
0.186653763 0.080025300 0.979161084 57.993885040 -0.000248279 0.996680677 -0.081409812 -3.791036844 -0.982425690 0.014952346 0.186054051 58.820365906
0.190035596 0.073957704 0.978987634 58.744358063 -0.002049340 0.997186482 -0.074934714 -3.853393078 -0.981775045 0.012233987 0.189652473 58.964233398
0.193246812 0.070776895 0.978594124 59.482135773 -0.005826285 0.997459948 -0.070990831 -3.907505274 -0.981132925 0.008017186 0.193168327 59.120037079
0.196517736 0.070888169 0.977934480 60.214893341 -0.007327759 0.997461498 -0.070831105 -3.961785793 -0.980472922 0.006753505 0.196538344 59.270957947
0.198261827 0.072958991 0.977429926 60.937282562 -0.009494985 0.997321963 -0.072517827 -4.014807224 -0.980103076 0.005096839 0.198423624 59.430686951
0.199860871 0.077011757 0.976793170 61.647697449 -0.013457077 0.997028172 -0.075853668 -4.073197365 -0.979731858 0.002015404 0.200303257 59.584449768
0.202238977 0.081126481 0.975970209 62.328216553 -0.013984148 0.996700644 -0.079951897 -4.127134323 -0.979236364 0.002521280 0.202706233 59.727783203
0.204256713 0.086414322 0.975095749 63.013427734 -0.014437519 0.996253729 -0.085265085 -4.183212757 -0.978810906 0.003338002 0.204739109 59.878120422
0.205972210 0.088650405 0.974533975 63.688907623 -0.013579713 0.996051192 -0.087737598 -4.234215260 -0.978463590 0.004837613 0.206362680 60.023895264
0.207459137 0.088518515 0.974230528 64.361083984 -0.016420087 0.996072471 -0.087006450 -4.292175293 -0.978105843 0.002053333 0.208097816 60.175559998
0.208103865 0.085757099 0.974340022 65.030746460 -0.016320400 0.996314764 -0.084205434 -4.349754333 -0.977970600 0.001621855 0.208736554 60.321609497
0.208613053 0.083338283 0.974441051 65.679626465 -0.016802516 0.996521115 -0.081629485 -4.408411503 -0.977853894 0.000655915 0.209287599 60.466781616
0.208332077 0.081786305 0.974632621 66.336654663 -0.015203552 0.996648014 -0.080383889 -4.461730003 -0.977939963 0.001928666 0.208877191 60.608505249
0.207166433 0.080874160 0.974957108 66.976379395 -0.015169668 0.996722877 -0.079456300 -4.513984680 -0.978187978 0.001670901 0.207714379 60.744544983
0.205557272 0.081950128 0.975207806 67.597229004 -0.016532611 0.996636391 -0.080266044 -4.564782143 -0.978505433 0.000376537 0.206220701 60.876876831
0.203106493 0.084968582 0.975463092 68.208854675 -0.017606530 0.996383548 -0.083124943 -4.618183136 -0.978998303 -0.000291308 0.203867972 61.011886597
0.200822264 0.088060603 0.975661695 68.808288574 -0.015385390 0.996112168 -0.086739600 -4.675851345 -0.979506791 0.002408308 0.201396331 61.137718201
0.199233010 0.089455612 0.975860596 69.399429321 -0.013543718 0.995980978 -0.088534899 -4.717639923 -0.979858458 0.004422296 0.199643865 61.256721497
0.196816638 0.088167898 0.976467907 69.990425110 -0.014470458 0.996101141 -0.087023951 -4.768069744 -0.980333507 0.002997824 0.197325110 61.379570007
0.194803521 0.085612819 0.977098823 70.575477600 -0.014893879 0.996326745 -0.084328160 -4.814217567 -0.980729163 0.001874634 0.195363075 61.492580414
0.192772806 0.081196934 0.977878153 71.153930664 -0.014649188 0.996697545 -0.079871707 -4.872027397 -0.981134057 0.001071972 0.193325639 61.606208801
0.190899327 0.080205172 0.978327453 71.709098816 -0.010606324 0.996766806 -0.079647258 -4.920014381 -0.981552303 0.004828152 0.191132769 61.709159851
0.189410686 0.081796288 0.978484988 72.264328003 -0.006910295 0.996610522 -0.081973836 -4.961719513 -0.981873572 0.008765099 0.189333916 61.807754517
0.186885655 0.083595142 0.978818417 72.813209534 -0.002821623 0.996414542 -0.084559180 -5.006855011 -0.982377589 0.013041043 0.186451450 61.908676147
0.185055286 0.085606083 0.978992343 73.367263794 -0.003398020 0.996248424 -0.086472683 -5.048170090 -0.982722223 0.012675593 0.184651911 62.022315979
0.183744669 0.088157266 0.979012847 73.906326294 -0.003622256 0.996024251 -0.089009255 -5.092522621 -0.982967317 0.012808740 0.183333471 62.124057770
0.182224929 0.086987242 0.979401469 74.450401306 -0.002672097 0.996119082 -0.087974869 -5.133055210 -0.983253241 0.013414158 0.181750178 62.226661682
0.183322176 0.085503273 0.979327440 74.998603821 0.003532925 0.996146441 -0.087633073 -5.174216270 -0.983046532 0.019524975 0.182313710 62.312538147
0.185348466 0.083937719 0.979081392 75.557083130 0.008267713 0.996176720 -0.086968482 -5.213431358 -0.982638061 0.024214236 0.183945864 62.418029785
0.187079996 0.083258986 0.978810012 76.110656738 0.010765460 0.996168137 -0.086793110 -5.261423588 -0.982285678 0.026774593 0.185466826 62.529731750
0.190528154 0.083157226 0.978153229 76.665046692 0.008354659 0.996232331 -0.086321555 -5.304623604 -0.981646180 0.024618821 0.189115524 62.644477844
0.195820376 0.083545282 0.977074444 77.229263306 0.007024636 0.996219277 -0.086590111 -5.354928970 -0.980614603 0.023819700 0.194493160 62.768600464
0.202878818 0.082177714 0.975749373 77.776130676 0.008612696 0.996283948 -0.085697882 -5.398789406 -0.979165971 0.025790120 0.201417148 62.870883942
0.210409939 0.082621418 0.974115670 78.339653015 0.006743298 0.996275902 -0.085957550 -5.438763618 -0.977589965 0.024655066 0.209069207 63.000328064
0.218738541 0.080363117 0.972468555 78.910285950 0.006831841 0.996452272 -0.083881781 -5.487600327 -0.975759625 0.024991924 0.217413485 63.139183044
0.227791473 0.080254897 0.970396876 79.487625122 0.003504865 0.996523440 -0.083238378 -5.532264709 -0.973703504 0.022362102 0.226718277 63.283615112
0.237615079 0.080361813 0.968029499 80.070678711 0.002324050 0.996522069 -0.083297610 -5.572803497 -0.971356571 0.022042515 0.236601904 63.431552887
0.247141153 0.084069975 0.965325475 80.668922424 -0.003646628 0.996302724 -0.085834160 -5.628024578 -0.968972623 0.017692972 0.246533975 63.602012634
0.256784767 0.086251661 0.962612152 81.263412476 -0.006327825 0.996138573 -0.087567672 -5.664653778 -0.966447830 0.016394807 0.256338984 63.769523621
0.266971916 0.089219578 0.959565401 81.826080322 -0.010596870 0.995916843 -0.089651227 -5.699292183 -0.963646054 0.013765972 0.266827196 63.944633484
0.276986092 0.090877272 0.956566691 82.438659668 -0.011989715 0.995766878 -0.091129631 -5.753763199 -0.960799098 0.013772681 0.276903182 64.137100220
0.287148625 0.091879353 0.953469396 83.064155579 -0.014918525 0.995697379 -0.091455683 -5.801472664 -0.957769811 0.012037016 0.287283808 64.329559326
0.297419399 0.092374898 0.950267613 83.694236755 -0.016429324 0.995656133 -0.091644958 -5.857704639 -0.954605520 0.011644734 0.297645092 64.539611816
0.307374686 0.093725309 0.946961641 84.317092896 -0.020885719 0.995562553 -0.091756232 -5.898610115 -0.951359272 0.008425576 0.307968318 64.754806519
0.317977428 0.089194804 0.943893313 84.978187561 -0.020111810 0.995975375 -0.087341152 -5.944572926 -0.947884917 0.008789113 0.318491638 64.986053467
0.328708857 0.081533641 0.940905213 85.638092041 -0.016750583 0.996613085 -0.080509096 -6.005609512 -0.944282711 0.010703342 0.328961283 65.214439392
0.339602679 0.077525645 0.937368453 86.296661377 -0.015297612 0.996920705 -0.076908708 -6.053131580 -0.940444529 0.011778909 0.339742959 65.462341309
0.349759251 0.074459910 0.933875918 86.979484558 -0.016305037 0.997169256 -0.073399805 -6.102035522 -0.936697721 0.010445378 0.349983245 65.729026794
0.359242558 0.072006807 0.930462122 87.663734436 -0.010002088 0.997258723 -0.073314369 -6.145788670 -0.933190584 0.017031077 0.358978033 65.994232178
0.367805958 0.066738494 0.927504599 88.361572266 -0.003599062 0.997515976 -0.070348926 -6.185182095 -0.929895580 0.022536606 0.367132485 66.266197205
0.375052154 0.057268921 0.925233126 89.082679749 0.006145098 0.997914314 -0.064258628 -6.229084015 -0.926983356 0.029785983 0.373917997 66.545143127
0.381904662 0.052917417 0.922685504 89.784713745 0.011273284 0.998018384 -0.061903954 -6.274659157 -0.924132943 0.034043096 0.380551308 66.836441040
0.389220804 0.052649111 0.919638693 90.490547180 0.013197442 0.997943997 -0.062717661 -6.328260899 -0.921049953 0.036547903 0.387725711 67.138084412
0.396680087 0.059231289 0.916043997 91.203414917 0.015425491 0.997345090 -0.071167998 -6.366931438 -0.917827308 0.042361356 0.394713253 67.443664551
0.403915048 0.063879922 0.912563384 91.906051636 0.019211197 0.996746600 -0.078275979 -6.408131123 -0.914594829 0.049148280 0.401373744 67.750717163
0.409031212 0.065881990 0.910138965 92.615386963 0.017229501 0.996654987 -0.079887815 -6.462947369 -0.912357748 0.048357844 0.406527877 68.077835083
0.413524598 0.067322731 0.908000469 93.318077087 0.009979136 0.996867597 -0.078456409 -6.526334763 -0.910438180 0.041504726 0.411557496 68.412590027
0.417424172 0.071038201 0.905930758 94.003631592 0.003283636 0.996815264 -0.079677850 -6.585507870 -0.908705831 0.036234211 0.415861517 68.747741699
0.421308994 0.074011199 0.903892219 94.682075500 0.002509122 0.996565640 -0.082768857 -6.648451805 -0.906913817 0.037139237 0.419676304 69.077407837
0.425597668 0.078158475 0.901530981 95.358085632 -0.000542373 0.996284842 -0.086117163 -6.705555439 -0.904912353 0.036162280 0.424058884 69.392112732
0.428930700 0.081198700 0.899680614 96.021141052 -0.003756683 0.996103585 -0.088110119 -6.767047882 -0.903329492 0.034413323 0.427564472 69.723403931
0.432938576 0.079583600 0.897903442 96.673904419 -0.004648057 0.996278882 -0.086061776 -6.824856758 -0.901411474 0.033085946 0.431697428 70.042953491
0.436913639 0.076647624 0.896231890 97.325309753 -0.004116321 0.996522784 -0.083218008 -6.889715195 -0.899494052 0.032669906 0.435709953 70.367095947
0.440581501 0.073738851 0.894679010 97.970397949 -0.003791181 0.996764660 -0.080285735 -6.942999840 -0.897704601 0.031980515 0.439435631 70.681503296
0.444142193 0.072536640 0.893015206 98.602149963 -0.004697585 0.996892154 -0.078637883 -7.002766132 -0.895943940 0.030731376 0.443102628 71.005218506
0.447438478 0.074337684 0.891219735 99.215263367 -0.006870421 0.996795654 -0.079694569 -7.056625843 -0.894288242 0.029535366 0.446515501 71.322616577
0.450011343 0.075208589 0.889850199 99.826934814 -0.006569145 0.996699154 -0.080917142 -7.113393307 -0.892998636 0.030568082 0.449019969 71.638893127
0.452307612 0.073119149 0.888859630 100.420082092 -0.004129683 0.996794581 -0.079896636 -7.165490627 -0.891852438 0.032467145 0.451159716 71.942321777
0.454163879 0.072124116 0.887993991 101.015007019 -0.002595180 0.996820629 -0.079635866 -7.221277237 -0.890914321 0.033863220 0.452906996 72.237663269
0.456019163 0.072065063 0.887047410 101.598419189 -0.003474767 0.996852696 -0.079199478 -7.267743111 -0.889963090 0.033034194 0.454834342 72.543479919
0.457974821 0.070785657 0.886142492 102.171836853 -0.001876302 0.996899486 -0.078663290 -7.325767517 -0.888963163 0.034363136 0.456687689 72.844039917
0.460617512 0.072784089 0.884609520 102.733985901 -0.002569650 0.996737361 -0.080671750 -7.372875214 -0.887594938 0.034885682 0.459301710 73.139114380
0.463288665 0.072824582 0.883210182 103.283737183 -0.000047730 0.996619821 -0.082150683 -7.427602768 -0.886207402 0.038017325 0.461726099 73.421966553
0.466164917 0.072435006 0.881727517 103.836372375 0.002009812 0.996553242 -0.082930662 -7.469511032 -0.884695530 0.040431473 0.464412570 73.727874756
0.469589978 0.070538670 0.880062222 104.378051758 0.004846847 0.996582270 -0.082464188 -7.523149967 -0.882871270 0.042989880 0.467643112 74.012634277
0.472696394 0.069821946 0.878454983 104.906730652 0.006316978 0.996562004 -0.082608581 -7.567898750 -0.881202757 0.044597954 0.470630169 74.300643921
0.475848675 0.069168553 0.876803100 105.422157288 0.007442977 0.996550560 -0.082654461 -7.617246151 -0.879495680 0.045857038 0.473692417 74.584732056
0.479436696 0.068276614 0.874916434 105.936851501 0.007745540 0.996600807 -0.082017004 -7.669276237 -0.877542257 0.046098661 0.477278143 74.871047974
0.482598007 0.067781672 0.873215199 106.432380676 0.009417889 0.996541679 -0.082559608 -7.712707520 -0.875791311 0.048066955 0.480290592 75.147384644
0.486748874 0.069000423 0.870812535 106.943626404 0.009119598 0.996419847 -0.084050618 -7.760077477 -0.873494327 0.048853010 0.484376967 75.432540894
0.490881026 0.069224484 0.868472219 107.434440613 0.010999876 0.996266425 -0.085628152 -7.808548927 -0.871157169 0.051586319 0.488286883 75.716552734
0.496078819 0.072404891 0.865253389 107.928283691 0.009130519 0.996026933 -0.088582940 -7.855934143 -0.868229449 0.051844325 0.493446827 75.999336243
0.501140118 0.078262597 0.861819923 108.412208557 0.005238404 0.995609343 -0.093458213 -7.908204079 -0.865350306 0.051350214 0.498529851 76.297630310
0.506989717 0.085338861 0.857717216 108.895355225 0.000221549 0.995073795 -0.099136159 -7.956977844 -0.861952066 0.050451040 0.504473269 76.598297119
0.512489200 0.091538370 0.853800654 109.367378235 -0.005479967 0.994630098 -0.103347786 -8.015183449 -0.858676195 0.048285820 0.510238886 76.904541016
0.518852055 0.096274093 0.849425614 109.851661682 -0.009169100 0.994207799 -0.107083000 -8.063955307 -0.854815006 0.047771759 0.516729474 77.219985962
0.524544954 0.096651956 0.845878780 110.340942383 -0.013155527 0.994336843 -0.105457105 -8.113874435 -0.851281047 0.044189021 0.522845984 77.533737183
0.529693425 0.095971972 0.842742026 110.834190369 -0.019805018 0.994706511 -0.100829616 -8.167173386 -0.847957909 0.036718268 0.528790236 77.869430542
0.535282195 0.093437292 0.839489341 111.325981140 -0.025890134 0.995210826 -0.094261192 -8.222837448 -0.844276428 0.028721839 0.535137773 78.208076477
0.541316032 0.091915451 0.835780144 111.827789307 -0.032402147 0.995549023 -0.088499986 -8.270603180 -0.840194583 0.020825392 0.541884959 78.539772034
0.547336519 0.089689970 0.832092822 112.336753845 -0.034862831 0.995821416 -0.084405847 -8.322245598 -0.836186111 0.017189287 0.548176289 78.891799927
0.553596377 0.093318440 0.827540159 112.849555969 -0.039851196 0.995532036 -0.085603125 -8.367325783 -0.831831098 0.014411110 0.554841757 79.254409790
0.559528351 0.097376801 0.823070943 113.363166809 -0.044117637 0.995165467 -0.087745734 -8.418631554 -0.827636182 0.012784281 0.561119378 79.625144958
0.566067576 0.100880086 0.818163097 113.890289307 -0.046719693 0.994814813 -0.090337127 -8.461284637 -0.823033929 0.012912598 0.567845523 79.999008179
0.572137475 0.103072695 0.813655198 114.417831421 -0.049221199 0.994598567 -0.091383524 -8.512750626 -0.818679452 0.012234852 0.574120522 80.388053894
