1.000000000 0.000000000 0.000000000 0.000000000 0.000000000 1.000000000 0.000000000 0.000000000 0.000000000 0.000000000 1.000000000 0.000000000
1.000000000 -0.000039516 0.000116401 -0.014611529 0.000039350 0.999998987 0.001431302 -0.012453213 -0.000116458 -0.001431298 0.999998987 1.315696478
0.999998450 -0.001596395 -0.000663416 -0.010843901 0.001597523 0.999997199 0.001702299 -0.037668325 0.000660697 -0.001703356 0.999998331 2.618634701
0.999995708 -0.002840319 -0.000691470 -0.014923139 0.002840770 0.999995768 0.000650905 -0.052768145 0.000689618 -0.000652866 0.999999523 3.930809021
0.999994993 -0.003083900 -0.000678046 -0.023988599 0.003084391 0.999994934 0.000724251 -0.070710503 0.000675809 -0.000726339 0.999999464 5.256862640
0.999993384 -0.003572288 -0.000655358 -0.024481714 0.003573333 0.999992311 0.001600514 -0.096220650 0.000649635 -0.001602845 0.999998510 6.574038506
0.999987066 -0.005086141 -0.000289213 -0.032578275 0.005086869 0.999983728 0.002577235 -0.109496392 0.000276101 -0.002578672 0.999996662 7.899811268
0.999988914 -0.004683446 -0.000395571 -0.038194556 0.004684761 0.999983251 0.003392854 -0.134990394 0.000379674 -0.003394669 0.999994099 9.237099648
0.999993622 -0.003514196 -0.000638007 -0.048614841 0.003515142 0.999992728 0.001487018 -0.151322454 0.000632777 -0.001489251 0.999998689 10.582666397
0.999998689 -0.001430673 -0.000914716 -0.051033624 0.001430368 0.999998927 -0.000333887 -0.174946249 0.000915193 0.000332579 0.999999523 11.937464714
0.999997020 0.002386105 -0.000473207 -0.074334130 -0.002386746 0.999996245 -0.001356135 -0.201764852 0.000469969 0.001357260 0.999998987 13.245955467
0.999988854 0.004666764 -0.000699269 -0.084217742 -0.004667797 0.999987960 -0.001482634 -0.224082321 0.000692341 0.001485881 0.999998629 14.586517334
0.999983728 0.005705843 -0.000112114 -0.100405410 -0.005705882 0.999983609 -0.000349284 -0.248969153 0.000110119 0.000349918 0.999999881 15.932360649
0.999994636 0.003256162 0.000085971 -0.102375776 -0.003256367 0.999991596 0.002493595 -0.268511653 -0.000077851 -0.002493861 0.999996901 17.287420273
0.999999225 -0.001167846 0.000059818 -0.095899135 0.001167574 0.999989748 0.004368670 -0.292343587 -0.000064920 -0.004368597 0.999990463 18.658109665
0.999993980 -0.003474946 -0.000080108 -0.101663925 0.003475104 0.999991834 0.002064717 -0.307912171 0.000072933 -0.002064983 0.999997795 19.987638474
0.999991179 -0.004197192 0.000013429 -0.114224426 0.004197190 0.999991238 0.000126064 -0.324221462 -0.000013958 -0.000126006 0.999999940 21.332979202
0.999997497 -0.001761192 0.001370946 -0.136492044 0.001763117 0.999997437 -0.001403931 -0.347211003 -0.001368470 0.001406344 0.999998033 22.685121536
0.999998450 0.001061862 0.001392745 -0.126708508 -0.001062737 0.999999225 0.000628142 -0.372968644 -0.001392077 -0.000629621 0.999998808 24.054792404
0.999996781 0.001648103 0.001911323 -0.132355571 -0.001656349 0.999989212 0.004320821 -0.391809821 -0.001904181 -0.004323973 0.999988854 25.431344986
0.999996245 -0.000464045 0.002698146 -0.137858376 0.000447554 0.999981165 0.006109291 -0.403002262 -0.002700930 -0.006108060 0.999977708 26.805627823
0.999982178 -0.005733194 0.001667257 -0.115040779 0.005726114 0.999974728 0.004220598 -0.423593581 -0.001691413 -0.004210976 0.999989688 28.205722809
0.999982953 -0.005527084 0.001880162 -0.120715752 0.005522894 0.999982297 0.002226579 -0.439049959 -0.001892435 -0.002216158 0.999995768 29.579675674
0.999976695 -0.006302909 0.002620045 -0.128093302 0.006304609 0.999979913 -0.000641258 -0.459269315 -0.002615951 0.000657761 0.999996305 30.947406769
0.999989748 -0.003102127 0.003269614 -0.138973922 0.003105130 0.999994695 -0.000914171 -0.486701906 -0.003266761 0.000924315 0.999994278 32.326118469
0.999991894 -0.002350580 0.003306244 -0.132539272 0.002361828 0.999991417 -0.003402034 -0.507885814 -0.003298220 0.003409814 0.999988735 33.720729828
0.999993324 -0.001655132 0.003272392 -0.128380045 0.001664267 0.999994695 -0.002790700 -0.530520618 -0.003267756 0.002796127 0.999990761 35.118438721
0.999993265 -0.000975487 0.003534157 -0.148562834 0.000981749 0.999997973 -0.001770405 -0.555719316 -0.003532422 0.001773862 0.999992192 36.502220154
0.999994516 0.000436025 0.003281421 -0.156007111 -0.000436350 0.999999940 0.000098474 -0.581529975 -0.003281378 -0.000099905 0.999994576 37.900897980
0.999990702 0.002955073 0.003134619 -0.154967889 -0.002956434 0.999995530 0.000429749 -0.609179080 -0.003133335 -0.000439013 0.999994993 39.312217712
0.999976873 0.005711366 0.003675512 -0.168374330 -0.005710317 0.999983609 -0.000295721 -0.626215994 -0.003677141 0.000274725 0.999993205 40.703250885
0.999965787 0.007534279 0.003411178 -0.167802230 -0.007535134 0.999971569 0.000238103 -0.648161292 -0.003409287 -0.000263798 0.999994099 42.125328064
0.999962032 0.008198632 0.002963231 -0.168651596 -0.008199160 0.999966323 0.000166001 -0.669293225 -0.002961770 -0.000190290 0.999995589 43.531341553
0.999968767 0.007468762 0.002574835 -0.174025729 -0.007469048 0.999972105 0.000101217 -0.695086122 -0.002574007 -0.000120446 0.999996603 44.942592621
0.999977529 0.006435081 0.001845968 -0.174718797 -0.006434581 0.999979377 -0.000276670 -0.716281593 -0.001847710 0.000264785 0.999998212 46.344871521
0.999983072 0.005753801 0.000884665 -0.177014261 -0.005753736 0.999983430 -0.000075332 -0.740265965 -0.000885084 0.000070241 0.999999583 47.761737823
0.999981940 0.006017263 -0.000167776 -0.181199595 -0.006017091 0.999981284 0.001004252 -0.760043442 0.000173816 -0.001003224 0.999999464 49.189830780
0.999977887 0.006556695 -0.001120853 -0.194541678 -0.006555839 0.999978244 0.000766235 -0.784551024 0.001125853 -0.000758870 0.999999106 50.600090027
0.999974489 0.006786386 -0.002256826 -0.207578272 -0.006783377 0.999976158 0.001338708 -0.804862618 0.002265857 -0.001323364 0.999996603 52.023563385
0.999972165 0.006566993 -0.003525592 -0.217564076 -0.006559023 0.999975860 0.002267791 -0.827775896 0.003540400 -0.002244604 0.999991238 53.441463470
0.999977291 0.005315362 -0.004138957 -0.231712937 -0.005301923 0.999980628 0.003251525 -0.847474575 0.004156160 -0.003229506 0.999986172 54.876789093
0.999983966 0.002983431 -0.004827612 -0.241575792 -0.002965882 0.999989033 0.003638040 -0.872778237 0.004838413 -0.003623663 0.999981761 56.295894623
0.999986887 0.000752356 -0.005071301 -0.258608222 -0.000738657 0.999996006 0.002702590 -0.888780117 0.005073314 -0.002698808 0.999983490 57.714233398
0.999986112 -0.000287992 -0.005262998 -0.271214247 0.000305478 0.999994457 0.003321826 -0.911050200 0.005262013 -0.003323388 0.999980688 59.139320374
0.999987483 -0.001519317 -0.004772889 -0.281892210 0.001536554 0.999992311 0.003609916 -0.929073811 0.004767368 -0.003617204 0.999982119 60.567470551
0.999986053 -0.003048934 -0.004320155 -0.290821373 0.003069127 0.999984384 0.004675095 -0.949400246 0.004305834 -0.004688289 0.999979794 61.998119354
0.999985158 -0.004010394 -0.003679897 -0.306458443 0.004025756 0.999983191 0.004176802 -0.974841535 0.003663084 -0.004191554 0.999984503 63.404399872
0.999982238 -0.005166804 -0.002954250 -0.321992397 0.005176132 0.999981701 0.003158877 -0.990048170 0.002937874 -0.003174113 0.999990642 64.814338684
0.999980211 -0.005658921 -0.002721725 -0.321527809 0.005667774 0.999978662 0.003255908 -1.020290136 0.002703243 -0.003271270 0.999991000 66.226524353
0.999987662 -0.004617537 -0.001836147 -0.331407428 0.004623119 0.999984741 0.003047607 -1.035350323 0.001822047 -0.003056058 0.999993682 67.661506653
0.999998152 -0.001285667 -0.001377935 -0.350637048 0.001291432 0.999990404 0.004191518 -1.054220200 0.001372533 -0.004193291 0.999990225 69.034355164
0.999998331 0.001753727 -0.000465648 -0.366776317 -0.001751153 0.999983549 0.005472473 -1.074186802 0.000475237 -0.005471647 0.999984920 70.440093994
0.999982476 0.005895732 0.000479077 -0.381233543 -0.005898579 0.999963522 0.006176084 -1.096729279 -0.000442647 -0.006178802 0.999980807 71.820755005
0.999951720 0.009776752 0.001002612 -0.395957053 -0.009782358 0.999935627 0.005747547 -1.112257361 -0.000946355 -0.005757076 0.999983013 73.218582153
0.999910653 0.013273217 0.001545670 -0.406099796 -0.013281043 0.999898434 0.005167696 -1.135518432 -0.001476921 -0.005187763 0.999985456 74.622100830
0.999883592 0.015070404 0.002390984 -0.415671945 -0.015082454 0.999873221 0.005103718 -1.154421329 -0.002313765 -0.005139185 0.999984086 76.011421204
0.999885082 0.014959610 0.002427289 -0.418547958 -0.014972424 0.999873579 0.005349399 -1.169190049 -0.002346957 -0.005385127 0.999982774 77.417373657
0.999894559 0.014236428 0.002869217 -0.430185258 -0.014250773 0.999885738 0.005042883 -1.188745856 -0.002797097 -0.005083239 0.999983191 78.786590576
0.999914110 0.012830189 0.002665465 -0.435966432 -0.012841190 0.999908924 0.004151879 -1.208016396 -0.002611953 -0.004185750 0.999987841 80.179077148
0.999922812 0.012257494 0.002021803 -0.437751412 -0.012266243 0.999915183 0.004373338 -1.232361794 -0.001968026 -0.004397800 0.999988377 81.553245544
0.999924958 0.012086489 0.001963726 -0.436916411 -0.012094780 0.999917746 0.004266891 -1.248355746 -0.001911993 -0.004290322 0.999988973 82.927024841
0.999933839 0.011450754 0.001102117 -0.432783067 -0.011454818 0.999927342 0.003753328 -1.266026258 -0.001059058 -0.003765704 0.999992371 84.294517517
0.999931693 0.011670223 0.000584201 -0.451218098 -0.011672555 0.999923170 0.004162553 -1.281903982 -0.000535578 -0.004169088 0.999991179 85.657623291
0.999937057 0.011199357 -0.000535300 -0.452053994 -0.011196552 0.999924839 0.004984162 -1.303551674 0.000591078 -0.004977854 0.999987423 87.024177551
0.999960423 0.008740032 -0.001600851 -0.464616537 -0.008730170 0.999943435 0.006067321 -1.318940401 0.001653789 -0.006053106 0.999980330 88.428016663
0.999970138 0.007240964 -0.002709653 -0.468486965 -0.007223188 0.999952674 0.006513106 -1.347105384 0.002756686 -0.006493340 0.999975145 89.764892578
0.999983072 0.004430767 -0.003808013 -0.471749485 -0.004404644 0.999966919 0.006841042 -1.366877198 0.003838199 -0.006824152 0.999969363 91.137771606
0.999983311 0.003641192 -0.004485346 -0.482214570 -0.003613877 0.999974966 0.006082993 -1.381660461 0.004507383 -0.006066682 0.999971509 92.504356384
0.999986470 0.002597808 -0.004502696 -0.491280705 -0.002572216 0.999980509 0.005680176 -1.400165558 0.004517364 -0.005668519 0.999973714 93.848487854
0.999983788 0.002854721 -0.004934372 -0.501467168 -0.002831935 0.999985337 0.004618628 -1.410566211 0.004947485 -0.004604580 0.999977171 95.219299316
0.999985456 0.002789977 -0.004617598 -0.520070195 -0.002770054 0.999986827 0.004315373 -1.432377100 0.004629578 -0.004302519 0.999980032 96.583831787
0.999984622 0.003277190 -0.004458379 -0.537751019 -0.003259708 0.999986947 0.003922754 -1.455106616 0.004471177 -0.003908161 0.999982417 97.921897888
0.999979496 0.004847510 -0.004190177 -0.548869908 -0.004830696 0.999980211 0.004013506 -1.475037694 0.004209550 -0.003993182 0.999983191 99.245147705
0.999978542 0.005277367 -0.003896199 -0.565922439 -0.005256034 0.999971271 0.005465215 -1.492182851 0.003924929 -0.005444618 0.999977469 100.577049255
0.999970317 0.006608685 -0.003957251 -0.578236997 -0.006582077 0.999955893 0.006699827 -1.509802818 0.004001353 -0.006673581 0.999969661 101.918327332
0.999975026 0.006123954 -0.003531159 -0.594947100 -0.006104925 0.999966919 0.005374701 -1.524615049 0.003563957 -0.005353008 0.999979258 103.251785278
0.999972343 0.006578338 -0.003468055 -0.609021306 -0.006568575 0.999974430 0.002818736 -1.545308113 0.003486509 -0.002795879 0.999989986 104.553298950
0.999976516 0.005666214 -0.003855972 -0.614624500 -0.005660525 0.999982834 0.001485097 -1.559687257 0.003864322 -0.001463235 0.999991417 105.908332825
0.999987662 0.003457865 -0.003565495 -0.631230950 -0.003446976 0.999989390 0.003055764 -1.587763548 0.003576024 -0.003043436 0.999988973 107.240509033
0.999994934 0.001118591 -0.002955181 -0.642616928 -0.001103997 0.999987185 0.004935467 -1.603557706 0.002960664 -0.004932179 0.999983430 108.579948425
0.999997914 -0.000203543 -0.002045568 -0.653709173 0.000214502 0.999985635 0.005358548 -1.622791529 0.002044448 -0.005358976 0.999983549 109.907417297
0.999998033 -0.001325488 -0.001492892 -0.658210218 0.001331664 0.999990523 0.004143754 -1.641421318 0.001487385 -0.004145734 0.999990284 111.226173401
0.999999344 0.001030113 -0.000541263 -0.673734546 -0.001029175 0.999997973 0.001730246 -1.662173867 0.000543044 -0.001729688 0.999998331 112.554359436
0.999994993 0.002943849 0.001134495 -0.685354948 -0.002943343 0.999995589 -0.000447080 -1.680917859 -0.001135806 0.000443739 0.999999166 113.897026062
0.999977231 0.006400370 0.002102123 -0.694975138 -0.006399855 0.999979615 -0.000250917 -1.705239654 -0.002103685 0.000237458 0.999997675 115.202713013
0.999965429 0.007540709 0.003516584 -0.701679766 -0.007546312 0.999970257 0.001583021 -1.724995017 -0.003504542 -0.001609504 0.999992490 116.550354004
0.999959528 0.007710815 0.004640388 -0.705518723 -0.007727954 0.999963343 0.003687027 -1.746232271 -0.004611789 -0.003722738 0.999982417 117.872421265
0.999957919 0.007254917 0.005617283 -0.708637238 -0.007277423 0.999965549 0.003996595 -1.760442972 -0.005588095 -0.004037307 0.999976218 119.208847046
0.999947429 0.007979642 0.006432439 -0.706004739 -0.008000757 0.999962807 0.003263647 -1.774200678 -0.006406155 -0.003314941 0.999974012 120.546966553
0.999923885 0.009638505 0.007696148 -0.701090336 -0.009659860 0.999949634 0.002742540 -1.790729403 -0.007669325 -0.002816675 0.999966681 121.891792297
0.999887168 0.012092472 0.008907263 -0.708618999 -0.012112577 0.999924183 0.002206998 -1.808842540 -0.008879901 -0.002314640 0.999957919 123.219276428
0.999871790 0.012564791 0.009924745 -0.703806043 -0.012575960 0.999920368 0.001063892 -1.824906826 -0.009910588 -0.001188569 0.999950171 124.564537048
0.999843717 0.013936279 0.010872545 -0.699372053 -0.013942479 0.999902606 0.000494484 -1.852808475 -0.010864594 -0.000645997 0.999940753 125.893028259
0.999850392 0.012661652 0.011779744 -0.690861583 -0.012666161 0.999919713 0.000308508 -1.870570421 -0.011774891 -0.000457666 0.999930561 127.240539551
0.999841511 0.012409987 0.012761494 -0.684041142 -0.012430864 0.999921441 0.001558107 -1.898056030 -0.012741157 -0.001716496 0.999917328 128.569824219
0.999841571 0.011485675 0.013594135 -0.673406839 -0.011515465 0.999931395 0.002115262 -1.918619394 -0.013568908 -0.002271469 0.999905348 129.888214111
0.999846816 0.010458595 0.014035566 -0.668704987 -0.010498494 0.999940991 0.002771836 -1.940464735 -0.014005749 -0.002918764 0.999897659 131.255462646
0.999866843 0.008336036 0.014036080 -0.653008223 -0.008374467 0.999961317 0.002681358 -1.955170870 -0.014013186 -0.002798546 0.999897897 132.610504150
0.999884605 0.006625803 0.013670450 -0.643776178 -0.006673211 0.999971867 0.003425234 -1.977262497 -0.013647371 -0.003516065 0.999900639 133.958755493
0.999901712 0.005085268 0.013065062 -0.633239388 -0.005123466 0.999982655 0.002891906 -1.991816878 -0.013050129 -0.002958560 0.999910474 135.301376343
0.999921441 0.003515528 0.012035389 -0.626632333 -0.003551953 0.999989152 0.003006442 -2.012923241 -0.012024690 -0.003048955 0.999922991 136.633010864
0.999937534 0.002153957 0.010964018 -0.613508224 -0.002195950 0.999990284 0.003819485 -2.031149864 -0.010955686 -0.003843323 0.999932587 137.986785889
0.999948978 0.000882849 0.010061332 -0.606805325 -0.000924034 0.999991238 0.004089460 -2.050881624 -0.010057634 -0.004098549 0.999941051 139.331024170
0.999965310 0.000288230 0.008322248 -0.594456792 -0.000322195 0.999991596 0.004080153 -2.070981264 -0.008321002 -0.004082692 0.999957025 140.670608521
0.999972582 -0.000555286 0.007377088 -0.593831301 0.000526129 0.999992013 0.003953795 -2.094161272 -0.007379225 -0.003949806 0.999964952 142.010559082
0.999980092 -0.000393283 0.006302025 -0.593827963 0.000371167 0.999993682 0.003510189 -2.114001274 -0.006303367 -0.003507780 0.999973953 143.339202881
0.999981523 -0.003004950 0.005276784 -0.594033659 0.002999204 0.999994874 0.001096285 -2.133679628 -0.005280051 -0.001080439 0.999985516 144.670974731
0.999952257 -0.008776030 0.004297065 -0.581827283 0.008773351 0.999961317 0.000641233 -2.152404070 -0.004302525 -0.000603502 0.999990582 146.044403076
0.999869704 -0.015749175 0.003540745 -0.581207275 0.015739262 0.999872208 0.002809746 -2.168562412 -0.003584543 -0.002753652 0.999989748 147.386734009
0.999728024 -0.023247471 0.001838205 -0.572228432 0.023239093 0.999719977 0.004453276 -2.192206860 -0.001941217 -0.004409346 0.999988377 148.752883911
0.999638617 -0.026878459 0.000405413 -0.556043684 0.026878048 0.999638140 0.000984466 -2.207994938 -0.000431727 -0.000973213 0.999999404 150.109176636
0.999662876 -0.025928246 0.001385529 -0.569983006 0.025930911 0.999661863 -0.001944283 -2.240015984 -0.001334649 0.001979555 0.999997139 151.467559814
0.999745190 -0.022447987 0.002385064 -0.581529498 0.022457188 0.999740124 -0.003904476 -2.266516924 -0.002296797 0.003957042 0.999989510 152.794723511
0.999734819 -0.022817293 0.003112415 -0.581188977 0.022829086 0.999732077 -0.003807635 -2.299144030 -0.003024701 0.003877679 0.999987900 154.176452637
0.999651134 -0.026149942 0.003715346 -0.584097743 0.026150638 0.999657929 -0.000139157 -2.328295708 -0.003710436 0.000236267 0.999993086 155.516098022
0.999488652 -0.031710304 0.004116239 -0.571372092 0.031699639 0.999493897 0.002632084 -2.351744413 -0.004197621 -0.002500255 0.999988019 156.880813599
0.999361515 -0.035493869 0.004104526 -0.567776144 0.035477653 0.999362588 0.003959396 -2.368898869 -0.004242445 -0.003811249 0.999983728 158.212478638
0.999324322 -0.036521122 0.004124869 -0.554533839 0.036506198 0.999326706 0.003636816 -2.385167122 -0.004254912 -0.003483775 0.999984860 159.591842651
0.999374986 -0.035001017 0.004955912 -0.554891944 0.034978408 0.999377608 0.004576561 -2.405172586 -0.005113011 -0.004400350 0.999977231 160.934677124
0.999515116 -0.030502241 0.006248194 -0.552879214 0.030479476 0.999528527 0.003707064 -2.423287868 -0.006358321 -0.003514825 0.999973595 162.298995972
0.999601185 -0.027211891 0.007546710 -0.570707321 0.027201189 0.999628723 0.001517385 -2.442316532 -0.007585200 -0.001311501 0.999970376 163.623886108
0.999671221 -0.024194336 0.008496394 -0.564598083 0.024187608 0.999706984 0.000893873 -2.461192369 -0.008515531 -0.000688071 0.999963522 164.976852417
0.999717057 -0.022112226 0.008756636 -0.567455769 0.022094579 0.999753773 0.002106400 -2.483782291 -0.008801059 -0.001912330 0.999959469 166.336410522
0.999754548 -0.020720297 0.007834109 -0.547637463 0.020706221 0.999783874 0.001874020 -2.510465145 -0.007871248 -0.001711346 0.999967635 167.704483032
0.999807537 -0.017919378 0.007989721 -0.554737687 0.017927712 0.999838829 -0.000973044 -2.522183418 -0.007970998 0.001116094 0.999967575 169.058471680
0.999876678 -0.013899888 0.007312596 -0.552726150 0.013927435 0.999896049 -0.003729613 -2.545068502 -0.007259994 0.003830998 0.999966323 170.412658691
0.999934375 -0.008743396 0.007400780 -0.559383631 0.008780339 0.999949038 -0.004974019 -2.573727369 -0.007356913 0.005038673 0.999960244 171.779724121
0.999961078 -0.004211527 0.007749174 -0.563903093 0.004241563 0.999983549 -0.003863581 -2.599341869 -0.007732775 0.003896299 0.999962509 173.148117065
0.999964118 -0.000974698 0.008410518 -0.570124745 0.000992585 0.999997258 -0.002122761 -2.624295235 -0.008408426 0.002131032 0.999962330 174.509109497
0.999964714 0.000099199 0.008402161 -0.567046523 -0.000099831 1.000000000 0.000074734 -2.648778439 -0.008402154 -0.000075570 0.999964714 175.884552002
0.999966264 -0.003103988 0.007595951 -0.562767625 0.003096892 0.999994755 0.000945819 -2.669165373 -0.007598845 -0.000922263 0.999970734 177.262649536
0.999969900 -0.005042924 0.005901089 -0.552309632 0.005036762 0.999986768 0.001058410 -2.690340996 -0.005906348 -0.001028656 0.999981999 178.645919800
0.999977112 -0.005292482 0.004216874 -0.554404438 0.005306443 0.999980450 -0.003306528 -2.712317944 -0.004199292 0.003328829 0.999985635 180.041793823
0.999988973 -0.004151370 0.002182320 -0.549498081 0.004167009 0.999965310 -0.007211175 -2.745750427 -0.002152308 0.007220190 0.999971628 181.426727295
0.999998450 0.000838519 0.001554694 -0.562707305 -0.000826349 0.999969125 -0.007812107 -2.775518417 -0.001561197 0.007810810 0.999968290 182.823699951
0.999988854 0.004469196 0.001473159 -0.572356224 -0.004458536 0.999964356 -0.007161668 -2.803707600 -0.001505114 0.007155021 0.999973297 184.217453003
0.999978065 0.006386871 0.001830683 -0.585990727 -0.006380415 0.999973476 -0.003511352 -2.836229324 -0.001853062 0.003499595 0.999992132 185.605316162
0.999971271 0.007238692 0.002218158 -0.594945669 -0.007235475 0.999972761 -0.001455750 -2.861828804 -0.002228635 0.001439658 0.999996483 187.004272461
0.999973893 0.006810347 0.002407600 -0.598732591 -0.006808866 0.999976575 -0.000623074 -2.880033255 -0.002411788 0.000606665 0.999996901 188.406799316
0.999983668 0.005187886 0.002403725 -0.599470735 -0.005187666 0.999986529 -0.000097537 -2.906971455 -0.002404199 0.000085066 0.999997079 189.817199707
0.999994516 0.002252470 0.002484696 -0.598224759 -0.002254083 0.999997258 0.000646654 -2.934759855 -0.002483233 -0.000652251 0.999996662 191.236480713
0.999997079 -0.000323027 0.002395649 -0.597482920 0.000321506 0.999999702 0.000635464 -2.953105688 -0.002395854 -0.000634692 0.999996901 192.660064697
0.999987602 -0.003973752 0.002983008 -0.596383154 0.003968732 0.999990702 0.001686830 -2.976649761 -0.002989683 -0.001674971 0.999994099 194.084396362
0.999957502 -0.008512053 0.003530382 -0.600120604 0.008500230 0.999958217 0.003350308 -2.997797489 -0.003558753 -0.003320157 0.999988198 195.507568359
0.999929130 -0.011312443 0.003709540 -0.587841690 0.011299955 0.999930501 0.003370307 -3.021206379 -0.003747408 -0.003328150 0.999987364 196.932312012
0.999950349 -0.009087244 0.004083342 -0.590117216 0.009091918 0.999958038 -0.001127610 -3.039958477 -0.004072924 0.001164679 0.999991000 198.369430542
0.999987543 -0.002073089 0.004539635 -0.600143611 0.002100465 0.999979615 -0.006034124 -3.064265251 -0.004527033 0.006043583 0.999971449 199.785140991
0.999953806 0.007530434 0.005968148 -0.613119245 -0.007492345 0.999951601 -0.006378943 -3.092709780 -0.006015896 0.006333934 0.999961793 201.231491089
0.999865830 0.014805312 0.006998644 -0.628633738 -0.014787600 0.999887466 -0.002575564 -3.121533871 -0.007035987 0.002471726 0.999972165 202.665237427
0.999831915 0.016474586 0.008047763 -0.629125953 -0.016471561 0.999864161 -0.000442108 -3.148659706 -0.008053956 0.000309474 0.999967515 204.108520508
0.999875009 0.013951713 0.007433619 -0.622408152 -0.013953680 0.999902546 0.000212686 -3.173033714 -0.007429928 -0.000316385 0.999972403 205.551483154
0.999931514 0.009938080 0.006187993 -0.612742543 -0.009939658 0.999950528 0.000224064 -3.201178551 -0.006185459 -0.000285555 0.999980867 207.000701904
0.999943912 0.009125445 0.005373521 -0.604210734 -0.009121735 0.999958098 -0.000714323 -3.214327335 -0.005379815 0.000665267 0.999985278 208.476715088
0.999943197 0.009604018 0.004614191 -0.597112477 -0.009599048 0.999953330 -0.001097979 -3.237291813 -0.004624520 0.001053625 0.999988735 209.948074341
0.999932885 0.010682628 0.004490808 -0.599899352 -0.010679604 0.999942720 -0.000696802 -3.266325474 -0.004497994 0.000648795 0.999989629 211.403335571
0.999926031 0.011384338 0.004260483 -0.602587104 -0.011384644 0.999935150 0.000047423 -3.292723894 -0.004259667 -0.000095924 0.999990880 212.880569458
0.999924242 0.011592308 0.004128426 -0.607923865 -0.011590006 0.999932706 -0.000581342 -3.311585665 -0.004134887 0.000533449 0.999991298 214.349624634
0.999936283 0.010645400 0.003747894 -0.608542442 -0.010639741 0.999942183 -0.001526305 -3.341824770 -0.003763925 0.001486331 0.999991834 215.813812256
0.999938250 0.010453349 0.003777044 -0.613805771 -0.010445564 0.999943256 -0.002075374 -3.360815048 -0.003798524 0.002035793 0.999990761 217.270996094
0.999946356 0.009902656 0.003027271 -0.613819718 -0.009896852 0.999949098 -0.001925924 -3.392502308 -0.003046189 0.001895860 0.999993563 218.764602661
0.999940336 0.010508079 0.002987679 -0.622914851 -0.010501344 0.999942303 -0.002261123 -3.415376663 -0.003011267 0.002229613 0.999992907 220.244430542
0.999940515 0.010648686 0.002373704 -0.623430014 -0.010642833 0.999940336 -0.002464317 -3.442003489 -0.002399805 0.002438908 0.999994159 221.734191895
0.999934077 0.011269866 0.002191709 -0.628583014 -0.011264417 0.999933422 -0.002484406 -3.474118710 -0.002219562 0.002459553 0.999994516 223.201492310
0.999935031 0.011233489 0.001944241 -0.635312557 -0.011228112 0.999933183 -0.002755710 -3.497943401 -0.001975067 0.002733701 0.999994338 224.682800293
0.999930799 0.011672196 0.001482948 -0.638377964 -0.011668091 0.999928176 -0.002748473 -3.525124073 -0.001514923 0.002730979 0.999995112 226.182708740
0.999939442 0.010939725 0.001247269 -0.642065465 -0.010935679 0.999935091 -0.003204788 -3.545636654 -0.001282247 0.003190954 0.999994099 227.681823730
0.999953926 0.009498326 0.001372769 -0.646018505 -0.009494260 0.999950588 -0.002939465 -3.582814217 -0.001400622 0.002926297 0.999994695 229.176864624
0.999965966 0.008121347 0.001415057 -0.651313663 -0.008117292 0.999963045 -0.002847116 -3.610649586 -0.001438127 0.002835533 0.999994993 230.675094604
0.999974310 0.006949264 0.001727854 -0.655635238 -0.006946073 0.999974191 -0.001845572 -3.638690472 -0.001740634 0.001833522 0.999996781 232.175918579
0.999974370 0.007050761 0.001251668 -0.656343699 -0.007048564 0.999973595 -0.001750804 -3.663702965 -0.001263979 0.001741936 0.999997675 233.678985596
0.999970734 0.007405397 0.001916039 -0.673053861 -0.007401857 0.999970913 -0.001848056 -3.699876547 -0.001929669 0.001833820 0.999996424 235.178634644
0.999964595 0.008140041 0.002126132 -0.676348865 -0.008135132 0.999964237 -0.002306380 -3.729853630 -0.002144830 0.002289002 0.999995053 236.685806274
0.999951601 0.009457420 0.002727066 -0.685065925 -0.009452693 0.999953747 -0.001740539 -3.756295204 -0.002743401 0.001714677 0.999994755 238.186614990
0.999940515 0.010248606 0.003713755 -0.696886659 -0.010249449 0.999947429 0.000207718 -3.781251431 -0.003711432 -0.000245770 0.999993086 239.710556030
0.999943674 0.009662766 0.004373983 -0.699816227 -0.009665797 0.999952972 0.000672585 -3.806098938 -0.004367279 -0.000714825 0.999990225 241.221359253
0.999929249 0.010794869 0.004992894 -0.700606227 -0.010789800 0.999941230 -0.001040784 -3.830708981 -0.005003835 0.000986838 0.999987006 242.718627930
0.999925733 0.010961408 0.005314086 -0.693794966 -0.010947300 0.999936521 -0.002676209 -3.852819920 -0.005343084 0.002617836 0.999982297 244.234451294
0.999925375 0.010922162 0.005459898 -0.692768812 -0.010913527 0.999939144 -0.001609077 -3.887677193 -0.005477141 0.001549370 0.999983788 245.748870850
0.999934256 0.010372511 0.004881862 -0.681746364 -0.010370184 0.999946117 -0.000501162 -3.916219473 -0.004886796 0.000450503 0.999987960 247.282043457
0.999924958 0.011195183 0.004985917 -0.688163996 -0.011193957 0.999937356 -0.000273312 -3.940588713 -0.004988664 0.000217480 0.999987483 248.803756714
0.999926031 0.011163389 0.004834224 -0.695791960 -0.011164669 0.999937654 0.000237940 -3.977730513 -0.004831268 -0.000291895 0.999988258 250.340911865
0.999908507 0.012515632 0.005138922 -0.698003173 -0.012517188 0.999921620 0.000270607 -3.998566151 -0.005135132 -0.000334907 0.999986708 251.881271362
0.999882221 0.014300941 0.005558469 -0.709316134 -0.014303150 0.999897659 0.000357684 -4.027992249 -0.005552785 -0.000437145 0.999984443 253.398117065
0.999875784 0.014512001 0.006136884 -0.716640830 -0.014515352 0.999894559 0.000502063 -4.050043583 -0.006128951 -0.000591080 0.999981046 254.929702759
0.999897122 0.013192327 0.005618621 -0.712272406 -0.013197824 0.999912381 0.000942621 -4.080829144 -0.005605693 -0.001016678 0.999983788 256.483032227
0.999915123 0.011666906 0.005790201 -0.710941076 -0.011676209 0.999930561 0.001575713 -4.102779865 -0.005771414 -0.001643186 0.999982059 258.008056641
0.999943554 0.009197458 0.005319139 -0.702322125 -0.009207578 0.999955773 0.001881076 -4.116976261 -0.005301604 -0.001929947 0.999984086 259.530761719
0.999957204 0.007208804 0.005798891 -0.720330238 -0.007217207 0.999972939 0.001429355 -4.140456676 -0.005788430 -0.001471146 0.999982178 261.078155518
0.999963880 0.006072900 0.005944035 -0.727009296 -0.006075387 0.999981463 0.000400439 -4.163033485 -0.005941493 -0.000436537 0.999982297 262.623596191
0.999971032 0.004665576 0.006004406 -0.714107037 -0.004677258 0.999987125 0.001932667 -4.185214043 -0.005995312 -0.001960695 0.999980092 264.180358887
0.999975979 0.002627555 0.006419075 -0.710578561 -0.002650385 0.999990165 0.003550590 -4.205341339 -0.006409682 -0.003567517 0.999973118 265.726196289
0.999979615 0.001503435 0.006195763 -0.702691317 -0.001521014 0.999994814 0.002833449 -4.226589680 -0.006191470 -0.002842816 0.999976814 267.307250977
0.999977827 0.001090879 0.006572390 -0.692190886 -0.001102985 0.999997675 0.001838588 -4.246079445 -0.006570369 -0.001845796 0.999976695 268.859710693
0.999973416 0.001457359 0.007146029 -0.687935233 -0.001469571 0.999997497 0.001704039 -4.274251938 -0.007143528 -0.001714495 0.999972999 270.406372070
0.999962747 0.003079929 0.008076397 -0.687353373 -0.003095326 0.999993384 0.001894722 -4.300966740 -0.008070508 -0.001919650 0.999965608 271.940277100
0.999943793 0.005033202 0.009329163 -0.690964222 -0.005043901 0.999986649 0.001123649 -4.317933083 -0.009323381 -0.001170641 0.999955833 273.477966309
0.999927461 0.006209208 0.010319883 -0.681164026 -0.006217425 0.999980390 0.000764363 -4.343077183 -0.010314932 -0.000828470 0.999946475 275.034790039
0.999915600 0.007103831 0.010878238 -0.663923740 -0.007109175 0.999974549 0.000452635 -4.368261337 -0.010874748 -0.000529932 0.999940753 276.574768066
0.999907196 0.007452997 0.011405521 -0.657003164 -0.007449599 0.999972165 -0.000340283 -4.393944740 -0.011407740 0.000255285 0.999934912 278.122802734
0.999904752 0.006028194 0.012419512 -0.648154020 -0.006024401 0.999981761 -0.000342859 -4.423303127 -0.012421354 0.000268007 0.999922812 279.677337646
0.999899209 0.005839888 0.012941168 -0.618524790 -0.005838542 0.999983072 -0.000141872 -4.452831745 -0.012941775 0.000066301 0.999916255 281.245697021
0.999903381 0.004282984 0.013221622 -0.596868277 -0.004292535 0.999990523 0.000694206 -4.473224163 -0.013218523 -0.000750893 0.999912322 282.822143555
0.999902785 0.003422344 0.013515049 -0.583931208 -0.003435550 0.999993622 0.000954046 -4.498647690 -0.013511698 -0.001000385 0.999908209 284.391601562
0.999908805 0.002932662 0.013183999 -0.559763670 -0.002915525 0.999994874 -0.001318881 -4.528680325 -0.013187798 0.001280322 0.999912202 285.966003418
0.999908447 0.001605675 0.013436051 -0.549130440 -0.001558253 0.999992490 -0.003539170 -4.558941364 -0.013441633 0.003517910 0.999903440 287.524078369
0.999920309 0.001369017 0.012548413 -0.531866074 -0.001324728 0.999992847 -0.003537048 -4.587109089 -0.012553165 0.003520143 0.999914944 289.092620850
0.999934614 0.000362450 0.011429554 -0.519266367 -0.000321845 0.999993622 -0.003554245 -4.615670204 -0.011430768 0.003550334 0.999928355 290.658996582
0.999946952 0.000252596 0.010290484 -0.511730194 -0.000209721 0.999991298 -0.004167338 -4.643627167 -0.010291446 0.004164958 0.999938369 292.203674316
0.999951065 0.000469896 0.009881026 -0.505664110 -0.000424205 0.999989212 -0.004625666 -4.670928955 -0.009883094 0.004621249 0.999940395 293.765136719
0.999960721 0.000371208 0.008854497 -0.488521814 -0.000334756 0.999991477 -0.004117868 -4.703898430 -0.008855951 0.004114744 0.999952257 295.338256836
0.999970078 -0.000211310 0.007732502 -0.479888916 0.000242752 0.999991715 -0.004065602 -4.734277725 -0.007731581 0.004067357 0.999961853 296.913360596
0.999978185 -0.000551561 0.006578435 -0.472814202 0.000568645 0.999996483 -0.002595395 -4.767796516 -0.006576979 0.002599079 0.999974966 298.487365723
0.999982774 0.000857269 0.005810503 -0.471432090 -0.000849644 0.999998748 -0.001314727 -4.794804573 -0.005811622 0.001309768 0.999982178 300.063934326
0.999977171 0.001144959 0.006655063 -0.472189665 -0.001136020 0.999998450 -0.001346730 -4.818665028 -0.006656596 0.001339139 0.999976933 301.653717041
0.999971330 0.001514869 0.007416104 -0.466616392 -0.001504648 0.999997914 -0.001383550 -4.848793983 -0.007418184 0.001372352 0.999971569 303.251464844
0.999968767 0.000071726 0.007899682 -0.465110779 -0.000058281 0.999998569 -0.001702147 -4.873207569 -0.007899793 0.001701634 0.999967337 304.836547852
0.999965787 -0.001554276 0.008123226 -0.456063986 0.001575675 0.999995291 -0.002628586 -4.902879238 -0.008119103 0.002641296 0.999963522 306.429962158
0.999957681 -0.003125071 0.008651282 -0.446810722 0.003165690 0.999984026 -0.004685402 -4.931171417 -0.008636500 0.004712590 0.999951541 308.023101807
0.999959171 -0.003393447 0.008375601 -0.441106319 0.003440790 0.999978125 -0.005644574 -4.962473392 -0.008356265 0.005673163 0.999948919 309.621337891
0.999977529 -0.002489626 0.006238570 -0.443096876 0.002531385 0.999974430 -0.006694744 -4.993875504 -0.006221745 0.006710385 0.999958098 311.228149414
0.999990344 -0.001537461 0.004121238 -0.439512134 0.001562673 0.999980032 -0.006121399 -5.024520874 -0.004111744 0.006127780 0.999972761 312.840026855
0.999993920 -0.000733030 0.003418837 -0.438511252 0.000743858 0.999994636 -0.003167032 -5.052564144 -0.003416497 0.003169556 0.999989152 314.469573975
0.999989092 -0.002125085 0.004146701 -0.438399673 0.002123770 0.999997675 0.000321495 -5.090450287 -0.004147374 -0.000312685 0.999991357 316.099182129
0.999987543 -0.003194396 0.003849726 -0.434853554 0.003190452 0.999994338 0.001030166 -5.113312244 -0.003852995 -0.001017871 0.999992073 317.724853516
0.999983013 -0.003849181 0.004373299 -0.437889099 0.003850345 0.999992549 -0.000257881 -5.140602112 -0.004372275 0.000274716 0.999990404 319.338836670
0.999974012 -0.005537403 0.004620970 -0.440487742 0.005536519 0.999984622 0.000204275 -5.168223858 -0.004622031 -0.000178686 0.999989331 320.951110840
0.999969125 -0.005375693 0.005736684 -0.458053827 0.005374195 0.999985516 0.000276485 -5.193475246 -0.005738087 -0.000245647 0.999983490 322.565399170
0.999965668 -0.005417081 0.006256892 -0.453894854 0.005415584 0.999985278 0.000255959 -5.222218990 -0.006258185 -0.000222066 0.999980330 324.186035156
0.999971092 -0.004012646 0.006456014 -0.449114084 0.004018137 0.999991596 -0.000837733 -5.245021343 -0.006452598 0.000863650 0.999978840 325.812835693
0.999969244 -0.003272622 0.007126589 -0.447743416 0.003280132 0.999994040 -0.001042444 -5.287047863 -0.007123135 0.001065788 0.999974072 327.441375732
0.999960303 -0.004815113 0.007500730 -0.437749386 0.004808008 0.999988019 0.000964954 -5.315180779 -0.007505286 -0.000928852 0.999971390 329.084564209
0.999952674 -0.005767817 0.007838409 -0.438495159 0.005755237 0.999982059 0.001626426 -5.341254234 -0.007847651 -0.001581237 0.999967933 330.672760010
0.999944389 -0.007271628 0.007650942 -0.426534891 0.007267045 0.999973416 0.000626549 -5.372277260 -0.007655293 -0.000570914 0.999970555 332.305603027
0.999955595 -0.005694197 0.007499332 -0.417619705 0.005691118 0.999983668 0.000431828 -5.398173809 -0.007501669 -0.000389129 0.999971747 333.933807373
0.999966979 -0.003980180 0.007081328 -0.416446686 0.003991108 0.999990821 -0.001529700 -5.427184105 -0.007075175 0.001557912 0.999973774 335.543273926
0.999973893 -0.001789642 0.006999862 -0.429922104 0.001820862 0.999988377 -0.004456335 -5.457557678 -0.006991806 0.004468963 0.999965489 337.141998291
0.999980509 -0.000714971 0.006188381 -0.430089235 0.000739787 0.999991715 -0.004008671 -5.489348412 -0.006185464 0.004013171 0.999972820 338.753662109
0.999988139 0.000091145 0.004866152 -0.428246737 -0.000088605 0.999999881 -0.000522242 -5.521528721 -0.004866199 0.000521805 0.999988079 340.326934814
0.999992311 0.000729070 0.003843426 -0.428228855 -0.000739194 0.999996245 0.002633424 -5.554990292 -0.003841492 -0.002636245 0.999989092 341.962707520
0.999995768 0.001469858 0.002522182 -0.431773484 -0.001472857 0.999998212 0.001187689 -5.578247070 -0.002520432 -0.001191399 0.999996126 343.564758301
0.999999464 0.000895541 0.000674636 -0.437817037 -0.000895214 0.999999583 -0.000484405 -5.603265762 -0.000675069 0.000483801 0.999999642 345.153686523
0.999999106 -0.000610253 -0.001187852 -0.438518405 0.000611289 0.999999404 0.000871990 -5.631209373 0.001187320 -0.000872716 0.999998868 346.751739502
0.999995887 -0.001752037 -0.002293077 -0.445751905 0.001755081 0.999997556 0.001325955 -5.656830788 0.002290748 -0.001329974 0.999996483 348.351562500
0.999994814 -0.002149770 -0.002399624 -0.466270208 0.002150973 0.999997497 0.000498693 -5.680599689 0.002398546 -0.000503852 0.999997020 349.937103271
0.999990463 -0.003321537 -0.002834536 -0.474641919 0.003319981 0.999994278 -0.000553509 -5.705128670 0.002836359 0.000544093 0.999995768 351.535705566
0.999991119 -0.003135508 -0.002809250 -0.484811425 0.003133062 0.999994695 -0.000874605 -5.728644371 0.002811976 0.000865796 0.999995589 353.121520996
0.999989092 -0.003743296 -0.002771570 -0.495451301 0.003740343 0.999992430 -0.001070148 -5.755654812 0.002775553 0.001059770 0.999995589 354.708892822
0.999987006 -0.004017934 -0.003131652 -0.503026724 0.004012421 0.999990404 -0.001764572 -5.783845425 0.003138712 0.001751984 0.999993563 356.305236816
0.999986708 -0.004134496 -0.003074652 -0.517186463 0.004127153 0.999988616 -0.002390844 -5.814634800 0.003084502 0.002378122 0.999992430 357.912872314
0.999984384 -0.004690340 -0.003031432 -0.526501477 0.004683963 0.999986827 -0.002107334 -5.845546246 0.003041275 0.002093102 0.999993205 359.500427246
0.999983072 -0.004891699 -0.003148669 -0.533168674 0.004882919 0.999984205 -0.002790386 -5.877828121 0.003162269 0.002774964 0.999991179 361.091857910
0.999974668 -0.006371236 -0.003174478 -0.541434824 0.006358211 0.999971390 -0.004095867 -5.910181046 0.003200483 0.004075579 0.999986589 362.678070068
0.999962747 -0.007945621 -0.003372180 -0.549118042 0.007938597 0.999966323 -0.002090570 -5.943361759 0.003388677 0.002063721 0.999992132 364.285156250
0.999943614 -0.009894939 -0.003858818 -0.546842277 0.009889797 0.999950171 -0.001349139 -5.974465370 0.003871975 0.001310900 0.999991655 365.884765625
0.999944925 -0.009876067 -0.003554719 -0.560885191 0.009867047 0.999948084 -0.002546181 -5.998558998 0.003579681 0.002510966 0.999990463 367.473907471
0.999959052 -0.008653861 -0.002667875 -0.583474398 0.008644291 0.999956250 -0.003578397 -6.020618916 0.002698725 0.003555188 0.999990106 369.071746826
0.999966741 -0.007768018 -0.002490483 -0.599997818 0.007762545 0.999967396 -0.002199428 -6.064219475 0.002507487 0.002180023 0.999994457 370.670715332
0.999979019 -0.005999185 -0.002434933 -0.607280552 0.005995158 0.999980628 -0.001657609 -6.085451603 0.002444830 0.001642977 0.999995649 372.276489258
0.999977291 -0.006421846 -0.002058388 -0.615276814 0.006418317 0.999977946 -0.001716166 -6.120173454 0.002069363 0.001702915 0.999996424 373.852203369
0.999980390 -0.006052170 -0.001665312 -0.637885153 0.006047347 0.999977589 -0.002886633 -6.142908096 0.001682744 0.002876506 0.999994457 375.441894531
0.999981999 -0.005824518 -0.001438722 -0.645161569 0.005820614 0.999979436 -0.002702900 -6.181097031 0.001454436 0.002694478 0.999995291 377.039062500
0.999981999 -0.005917419 -0.000939335 -0.644369483 0.005914988 0.999979258 -0.002568729 -6.215826511 0.000954515 0.002563127 0.999996245 378.659423828
0.999992311 -0.003820330 -0.000856442 -0.668014169 0.003817785 0.999988377 -0.002954295 -6.237601757 0.000867718 0.002951003 0.999995291 380.268585205
0.999997079 -0.002360510 -0.000432697 -0.676382542 0.002359622 0.999995172 -0.002039539 -6.271260262 0.000437509 0.002038512 0.999997854 381.872924805
0.999999821 -0.000596252 -0.000039495 -0.695701420 0.000596105 0.999993324 -0.003608769 -6.290242672 0.000041646 0.003608745 0.999993503 383.495422363
