1.000000000 0.000000000 0.000000000 0.000000000 0.000000000 1.000000000 0.000000000 0.000000000 0.000000000 0.000000000 1.000000000 0.000000000
1.000000000 -0.000055015 0.000126418 -0.014852047 0.000054834 0.999998987 0.001434762 -0.012559633 -0.000126497 -0.001434755 0.999998987 1.315577149
0.999998629 -0.001515563 -0.000630794 -0.011076755 0.001516703 0.999997318 0.001811822 -0.040400423 0.000628046 -0.001812776 0.999998152 2.616863489
0.999996245 -0.002662053 -0.000617966 -0.016055906 0.002662537 0.999996126 0.000784708 -0.055891354 0.000615875 -0.000786351 0.999999464 3.929322481
0.999995589 -0.002901281 -0.000505536 -0.026125964 0.002901693 0.999995410 0.000816512 -0.072892286 0.000503165 -0.000817975 0.999999583 5.257838726
0.999992907 -0.003719469 -0.000605286 -0.024899192 0.003720630 0.999991179 0.001928666 -0.101879209 0.000598107 -0.001930905 0.999997973 6.572551727
0.999986410 -0.005203089 -0.000392957 -0.030985095 0.005204248 0.999981940 0.003007021 -0.116783276 0.000377304 -0.003009025 0.999995410 7.896207809
0.999988973 -0.004677794 -0.000455165 -0.039227486 0.004679441 0.999982238 0.003687080 -0.138173684 0.000437910 -0.003689168 0.999993086 9.237494469
0.999993443 -0.003559952 -0.000621689 -0.048675496 0.003560929 0.999992430 0.001576178 -0.151349723 0.000616073 -0.001578381 0.999998510 10.584273338
0.999998569 -0.001324075 -0.001064947 -0.051483486 0.001323799 0.999999106 -0.000259068 -0.177989855 0.001065289 0.000257658 0.999999344 11.925906181
0.999997020 0.002355035 -0.000680192 -0.070438400 -0.002355784 0.999996603 -0.001102296 -0.201581463 0.000677594 0.001103895 0.999999106 13.264369011
0.999989510 0.004559393 -0.000433270 -0.091198817 -0.004559920 0.999988854 -0.001224771 -0.222388864 0.000427681 0.001226733 0.999999166 14.597480774
0.999984086 0.005614454 -0.000611188 -0.093336321 -0.005614727 0.999984086 -0.000446351 -0.242077082 0.000608672 0.000449776 0.999999762 15.955163002
0.999994814 0.003218417 0.000145966 -0.105784386 -0.003218766 0.999991775 0.002457741 -0.266642153 -0.000138055 -0.002458198 0.999996960 17.312950134
0.999999583 -0.000889913 0.000323329 -0.111014910 0.000888503 0.999990165 0.004332228 -0.285002023 -0.000327181 -0.004331939 0.999990523 18.666215897
0.999995649 -0.002955885 -0.000072706 -0.110860251 0.002956019 0.999993742 0.001917400 -0.298824221 0.000067038 -0.001917607 0.999998152 20.031393051
0.999987721 -0.004952679 -0.000124215 -0.118269853 0.004952751 0.999987543 0.000588967 -0.330749094 0.000121296 -0.000589575 0.999999821 21.382299423
0.999997079 -0.002170185 0.001015895 -0.140447661 0.002171292 0.999997020 -0.001089833 -0.346732885 -0.001013527 0.001092036 0.999998868 22.729398727
0.999998569 0.000567175 0.001620243 -0.146642148 -0.000567760 0.999999762 0.000360154 -0.355474055 -0.001620039 -0.000361073 0.999998629 24.111360550
0.999998152 0.000297892 0.001898639 -0.153437153 -0.000306585 0.999989450 0.004579913 -0.393623561 -0.001897254 -0.004580487 0.999987721 25.466142654
0.999993682 -0.001491724 0.003229697 -0.170124069 0.001471950 0.999980152 0.006116393 -0.396757632 -0.003238758 -0.006111600 0.999976099 26.833084106
0.999979317 -0.005996092 0.002333644 -0.158431053 0.005985168 0.999971211 0.004659880 -0.419316292 -0.002361518 -0.004645817 0.999986410 28.219909668
0.999978125 -0.006189800 0.002331681 -0.163028151 0.006184413 0.999978244 0.002310476 -0.433116734 -0.002345932 -0.002296005 0.999994636 29.590877533
0.999972999 -0.006596566 0.003228167 -0.162996188 0.006597371 0.999978185 -0.000238911 -0.453797817 -0.003226520 0.000260202 0.999994755 30.974414825
0.999987543 -0.003050060 0.003943870 -0.178031400 0.003053157 0.999994993 -0.000779703 -0.477893502 -0.003941473 0.000791734 0.999991894 32.350162506
0.999987185 -0.002396777 0.004456019 -0.182761863 0.002409348 0.999993086 -0.002818025 -0.506034851 -0.004449235 0.002828726 0.999986053 33.720584869
0.999989212 -0.001844811 0.004256707 -0.177574217 0.001854316 0.999995768 -0.002230147 -0.529049337 -0.004252575 0.002238016 0.999988437 35.113857269
0.999989033 -0.001099470 0.004553941 -0.195876151 0.001104671 0.999998748 -0.001139764 -0.552893996 -0.004552681 0.001144782 0.999988973 36.501010895
0.999991596 0.000109021 0.004101433 -0.198072478 -0.000111169 0.999999881 0.000523517 -0.575766206 -0.004101375 -0.000523968 0.999991477 37.898162842
0.999986410 0.002941401 0.004303513 -0.208839983 -0.002945851 0.999995053 0.001027825 -0.602580547 -0.004300468 -0.001040488 0.999990225 39.294105530
0.999975622 0.005181212 0.004686515 -0.218721658 -0.005184731 0.999986231 0.000738930 -0.623723149 -0.004682621 -0.000763210 0.999988794 40.680686951
0.999961376 0.007507550 0.004569656 -0.226765931 -0.007511817 0.999971390 0.000917608 -0.641424119 -0.004562636 -0.000951899 0.999989152 42.093273163
0.999960363 0.007890401 0.004125617 -0.226127282 -0.007894421 0.999968350 0.000958855 -0.661649048 -0.004117920 -0.000991387 0.999991000 43.496093750
0.999965072 0.007380361 0.003915388 -0.241567582 -0.007384027 0.999972224 0.000922534 -0.685702741 -0.003908471 -0.000951413 0.999991894 44.878128052
0.999975085 0.006367539 0.003053629 -0.236587048 -0.006368769 0.999979556 0.000393158 -0.702971578 -0.003051064 -0.000412596 0.999995291 46.289131165
0.999982655 0.005466673 0.002200700 -0.251378804 -0.005468727 0.999984562 0.000928419 -0.727748394 -0.002195591 -0.000940438 0.999997139 47.668972015
0.999983430 0.005665304 0.001059434 -0.253948480 -0.005667338 0.999982119 0.001927371 -0.745205879 -0.001048496 -0.001933343 0.999997616 49.092468262
0.999981046 0.006158923 -0.000144434 -0.263269275 -0.006158644 0.999979317 0.001857421 -0.770650744 0.000155871 -0.001856496 0.999998212 50.509868622
0.999980211 0.006184130 -0.001121647 -0.279726177 -0.006181585 0.999978304 0.002259177 -0.787802458 0.001135594 -0.002252199 0.999996781 51.921184540
0.999977350 0.006301239 -0.002351891 -0.292243063 -0.006293745 0.999975085 0.003180547 -0.807697177 0.002371874 -0.003165673 0.999992192 53.326545715
0.999984384 0.004701171 -0.003018045 -0.303231478 -0.004688859 0.999980748 0.004073586 -0.825578213 0.003037137 -0.004059371 0.999987185 54.756778717
0.999989510 0.002746136 -0.003664818 -0.312931061 -0.002730021 0.999986589 0.004395244 -0.847333312 0.003676839 -0.004385193 0.999983668 56.208583832
0.999992251 0.000053366 -0.003927421 -0.329915911 -0.000037825 0.999992192 0.003957143 -0.867819130 0.003927601 -0.003956964 0.999984443 57.648250580
0.999989569 -0.001220707 -0.004404101 -0.340771824 0.001241439 0.999988198 0.004707770 -0.889718473 0.004398301 -0.004713188 0.999979198 59.067291260
0.999987721 -0.002743687 -0.004127631 -0.343237877 0.002764854 0.999983013 0.005131437 -0.907139182 0.004113482 -0.005142787 0.999978304 60.522361755
0.999984384 -0.004297989 -0.003586037 -0.351475984 0.004319697 0.999972284 0.006067846 -0.923702002 0.003559858 -0.006083242 0.999975145 61.954444885
0.999984324 -0.004936342 -0.002687923 -0.376244575 0.004951435 0.999971867 0.005637463 -0.949442029 0.002660019 -0.005650682 0.999980509 63.347183228
0.999977231 -0.006381156 -0.002212654 -0.385080606 0.006391054 0.999969423 0.004495339 -0.961427867 0.002183901 -0.004509378 0.999987423 64.761161804
0.999978006 -0.006361504 -0.001871582 -0.385487109 0.006370121 0.999968946 0.004634754 -0.989215612 0.001842040 -0.004646575 0.999987483 66.173637390
0.999983490 -0.005696148 -0.000788813 -0.396691233 0.005699809 0.999972641 0.004719777 -1.006397128 0.000761907 -0.004724195 0.999988496 67.605484009
0.999996841 -0.002362215 -0.000788083 -0.405852735 0.002366690 0.999980927 0.005727449 -1.022267580 0.000774539 -0.005729298 0.999983311 68.982757568
0.999999642 0.000824300 -0.000035465 -0.421693414 -0.000824033 0.999975264 0.006982953 -1.039865494 0.000041220 -0.006982921 0.999975622 70.381919861
0.999989808 0.004483514 0.000555769 -0.425932884 -0.004487642 0.999960601 0.007662644 -1.059673429 -0.000521392 -0.007665060 0.999970496 71.771347046
0.999964178 0.008383262 0.001200265 -0.444176614 -0.008391781 0.999938309 0.007277098 -1.074152231 -0.001139185 -0.007286910 0.999972820 73.160377502
0.999926865 0.011951360 0.001860521 -0.460008264 -0.011963372 0.999906719 0.006586073 -1.090365052 -0.001781635 -0.006607850 0.999976575 74.559097290
0.999903440 0.013671275 0.002484614 -0.467572719 -0.013687469 0.999884367 0.006621941 -1.109220147 -0.002393798 -0.006655311 0.999974966 75.948104858
0.999905348 0.013507390 0.002614652 -0.470335513 -0.013524871 0.999885380 0.006786972 -1.118884921 -0.002522679 -0.006821692 0.999973476 77.356620789
0.999912918 0.012878695 0.002924644 -0.479485273 -0.012897520 0.999895632 0.006511757 -1.140190721 -0.002840476 -0.006548910 0.999974549 78.725402832
0.999929905 0.011520324 0.002706018 -0.485449284 -0.011535247 0.999917984 0.005566560 -1.155618191 -0.002641667 -0.005597384 0.999980867 80.109703064
0.999938309 0.010889469 0.002194467 -0.487525851 -0.010901664 0.999924719 0.005623982 -1.172469258 -0.002133060 -0.005647558 0.999981761 81.484451294
0.999939501 0.010800940 0.002068009 -0.491917819 -0.010812689 0.999924898 0.005756101 -1.190554738 -0.002005683 -0.005778114 0.999981284 82.853675842
0.999949098 0.010036482 0.001015978 -0.484475464 -0.010041633 0.999936163 0.005197634 -1.204641581 -0.000963747 -0.005207573 0.999985993 84.227958679
0.999946415 0.010337990 0.000510912 -0.502594769 -0.010340722 0.999930441 0.005671040 -1.220134854 -0.000452250 -0.005676020 0.999983788 85.588264465
0.999950230 0.009957746 -0.000656293 -0.502052486 -0.009953341 0.999929965 0.006403031 -1.240581393 0.000720007 -0.006396181 0.999979258 86.955734253
0.999971867 0.007302076 -0.001740107 -0.516906857 -0.007289106 0.999946475 0.007347181 -1.251330972 0.001793664 -0.007334291 0.999971509 88.372108459
0.999979377 0.005776214 -0.002775766 -0.520829916 -0.005754098 0.999952137 0.007910577 -1.277062178 0.002821327 -0.007894444 0.999964833 89.704116821
0.999987781 0.003214986 -0.003735028 -0.529318869 -0.003184386 0.999961495 0.008170094 -1.293900967 0.003761151 -0.008158101 0.999959648 91.062683105
0.999988914 0.001915753 -0.004330278 -0.537130415 -0.001883352 0.999970317 0.007474003 -1.310807347 0.004344467 -0.007465763 0.999962687 92.430824280
0.999989092 0.001025631 -0.004578376 -0.551181614 -0.000993019 0.999974191 0.007119702 -1.323781133 0.004585560 -0.007115077 0.999964118 93.769195557
0.999988317 0.001670646 -0.004529544 -0.569188714 -0.001641874 0.999978483 0.006348219 -1.342307091 0.004540052 -0.006340707 0.999969542 95.126525879
0.999989331 0.001377872 -0.004405240 -0.588748991 -0.001351307 0.999980867 0.006027651 -1.360126376 0.004413461 -0.006021633 0.999972105 96.482376099
0.999988317 0.002461502 -0.004162170 -0.606458902 -0.002440398 0.999984205 0.005067958 -1.376743674 0.004174579 -0.005057740 0.999978483 97.817687988
0.999983370 0.004145166 -0.004005311 -0.628911316 -0.004124671 0.999978423 0.005111483 -1.390416026 0.004026412 -0.005094877 0.999978900 99.161003113
0.999986053 0.003932113 -0.003565089 -0.636179447 -0.003907085 0.999967992 0.007000364 -1.414224386 0.003592502 -0.006986338 0.999969125 100.504035950
0.999982417 0.004844244 -0.003434777 -0.659165323 -0.004815879 0.999954641 0.008218722 -1.427192092 0.003474435 -0.008202037 0.999960303 101.829200745
0.999985516 0.004323247 -0.003201001 -0.664535940 -0.004301100 0.999966979 0.006893587 -1.451012373 0.003230697 -0.006879720 0.999971092 103.191864014
0.999984801 0.004685847 -0.002923638 -0.684002519 -0.004673244 0.999979913 0.004302364 -1.460004568 0.002943739 -0.004288636 0.999986470 104.515983582
0.999988079 0.003660737 -0.003227152 -0.689725101 -0.003649989 0.999987900 0.003329861 -1.485645294 0.003239303 -0.003318042 0.999989271 105.843147278
0.999994695 0.001372206 -0.002952346 -0.705264807 -0.001357788 0.999987185 0.004880035 -1.506387949 0.002959004 -0.004876001 0.999983728 107.165390015
0.999997377 -0.000765086 -0.002142592 -0.726303160 0.000779072 0.999978364 0.006534366 -1.518352628 0.002137546 -0.006536017 0.999976337 108.501640320
0.999996245 -0.002366676 -0.001387499 -0.735432625 0.002376529 0.999971688 0.007143357 -1.537532091 0.001370553 -0.007146627 0.999973476 109.833595276
0.999995351 -0.003026347 -0.000323247 -0.747692108 0.003028176 0.999978423 0.005817079 -1.554878831 0.000305636 -0.005818030 0.999983013 111.157417297
0.999999821 -0.000431344 0.000383602 -0.759363472 0.000429977 0.999993563 0.003556504 -1.569770813 -0.000385134 -0.003556339 0.999993563 112.481880188
0.999996901 0.001700065 0.001829137 -0.773959160 -0.001701865 0.999998212 0.000983190 -1.584601402 -0.001827462 -0.000986300 0.999997854 113.800506592
0.999985456 0.004511353 0.002980439 -0.779759049 -0.004514678 0.999989271 0.001110053 -1.604071379 -0.002975399 -0.001123493 0.999994993 115.120803833
0.999971628 0.005766705 0.004848758 -0.785514474 -0.005782754 0.999977827 0.003302379 -1.631143332 -0.004829607 -0.003330325 0.999982715 116.463554382
0.999965787 0.006025381 0.005668268 -0.782228053 -0.006056152 0.999966919 0.005427055 -1.644472957 -0.005635380 -0.005461197 0.999969184 117.792793274
0.999962807 0.005273404 0.006841946 -0.787646770 -0.005316020 0.999966621 0.006225467 -1.666235805 -0.006808889 -0.006261607 0.999957204 119.133216858
0.999952734 0.005957652 0.007688942 -0.779126704 -0.006000116 0.999966860 0.005511539 -1.678536534 -0.007655851 -0.005557413 0.999955177 120.484703064
0.999931157 0.007552051 0.008976480 -0.780637205 -0.007598651 0.999957740 0.005168502 -1.696067214 -0.008937067 -0.005236355 0.999946356 121.807258606
0.999903321 0.009532185 0.010112702 -0.774007797 -0.009581933 0.999942183 0.004882241 -1.712074280 -0.010065580 -0.004978669 0.999936938 123.142944336
0.999880731 0.010447516 0.011371668 -0.776823521 -0.010490189 0.999938071 0.003699336 -1.727088571 -0.011332317 -0.003818185 0.999928415 124.471984863
0.999853373 0.011696551 0.012506740 -0.770999134 -0.011729584 0.999927878 0.002571145 -1.739041448 -0.012475765 -0.002717466 0.999918401 125.821670532
0.999852598 0.010595404 0.013508684 -0.765588760 -0.010631031 0.999940217 0.002568364 -1.757835150 -0.013480661 -0.002711597 0.999905467 127.168869019
0.999835134 0.010505397 0.014812334 -0.761632979 -0.010559816 0.999937832 0.003600497 -1.773959875 -0.014773587 -0.003756319 0.999883831 128.510284424
0.999849021 0.008492261 0.015157724 -0.744917154 -0.008561491 0.999953210 0.004508149 -1.787796974 -0.015118729 -0.004637240 0.999874890 129.889724731
0.999847710 0.007895605 0.015560923 -0.727307558 -0.007971978 0.999956489 0.004852111 -1.802481055 -0.015521936 -0.004975424 0.999867141 131.244842529
0.999856532 0.005801362 0.015912261 -0.719061077 -0.005881913 0.999970138 0.005019978 -1.819459081 -0.015882663 -0.005112852 0.999860764 132.592483521
0.999869227 0.004155622 0.015625892 -0.704651117 -0.004242120 0.999975801 0.005506538 -1.831611395 -0.015602631 -0.005572105 0.999862671 133.922195435
0.999879479 0.002205112 0.015367080 -0.695899010 -0.002289225 0.999982536 0.005458212 -1.849406123 -0.015354773 -0.005492733 0.999866962 135.274856567
0.999907255 0.000977087 0.013580421 -0.676739395 -0.001046465 0.999986470 0.005102563 -1.860273361 -0.013575251 -0.005116301 0.999894738 136.615417480
0.999927104 -0.000278793 0.012070249 -0.649921536 0.000209466 0.999983430 0.005744520 -1.874812484 -0.012071651 -0.005741574 0.999910653 137.983383179
0.999936402 -0.001779347 0.011138842 -0.644252539 0.001713683 0.999981105 0.005901820 -1.890209079 -0.011149134 -0.005882356 0.999920487 139.325256348
0.999953806 -0.001731514 0.009456959 -0.631178498 0.001678840 0.999983072 0.005575038 -1.905026674 -0.009466452 -0.005558903 0.999939680 140.659591675
0.999961376 -0.002346964 0.008476133 -0.628050029 0.002302422 0.999983609 0.005260901 -1.924237370 -0.008488341 -0.005241182 0.999950230 142.000640869
0.999972522 -0.001917908 0.007161376 -0.625699043 0.001883905 0.999986947 0.004751752 -1.940730333 -0.007170395 -0.004738130 0.999963045 143.332794189
0.999971271 -0.004620520 0.006010385 -0.624933481 0.004607060 0.999986887 0.002251308 -1.956964493 -0.006020708 -0.002223554 0.999979377 144.663894653
0.999938190 -0.009926817 0.005002731 -0.614955544 0.009918140 0.999949276 0.001756295 -1.974669218 -0.005019912 -0.001706569 0.999985933 146.043014526
0.999842048 -0.017187137 0.004532953 -0.617774606 0.017169084 0.999844670 0.003991880 -1.989399910 -0.004600858 -0.003913423 0.999981761 147.378829956
0.999709487 -0.023957504 0.002633332 -0.604734182 0.023942158 0.999696970 0.005712409 -2.009861708 -0.002769389 -0.005647703 0.999980211 148.742050171
0.999642432 -0.026712390 0.001221221 -0.591821909 0.026710182 0.999641597 0.001789671 -2.018857718 -0.001268590 -0.001756412 0.999997675 150.094436646
0.999639392 -0.026798036 0.001763621 -0.589581251 0.026800511 0.999639809 -0.001393162 -2.039129257 -0.001725652 0.001439926 0.999997497 151.447677612
0.999725878 -0.023307774 0.002211605 -0.608468115 0.023314849 0.999722898 -0.003229500 -2.071472883 -0.002135720 0.003280178 0.999992311 152.736999512
0.999716580 -0.023641210 0.002797706 -0.616930902 0.023649948 0.999715388 -0.003133256 -2.102470636 -0.002722835 0.003198533 0.999991179 154.065460205
0.999651074 -0.026209597 0.003285865 -0.612211645 0.026209306 0.999656439 0.000130139 -2.119958878 -0.003288147 -0.000043974 0.999994576 155.437774658
0.999502599 -0.031315878 0.003740026 -0.600451529 0.031306490 0.999506593 0.002543435 -2.136959314 -0.003817831 -0.002425083 0.999989748 156.800750732
0.999370575 -0.035275664 0.003742728 -0.602602303 0.035259593 0.999369025 0.004274725 -2.162351131 -0.003891161 -0.004140068 0.999983788 158.132751465
0.999343574 -0.036019385 0.003871796 -0.601592541 0.036004975 0.999344647 0.003728807 -2.171740055 -0.004003569 -0.003586955 0.999985516 159.476531982
0.999394238 -0.034451995 0.004921584 -0.610969543 0.034429405 0.999396503 0.004603233 -2.194892645 -0.005077204 -0.004430998 0.999977291 160.818878174
0.999521554 -0.030315176 0.006144836 -0.618308008 0.030293683 0.999534607 0.003561606 -2.209761143 -0.006249948 -0.003373752 0.999974728 162.164169312
0.999613166 -0.026926247 0.006959368 -0.616956890 0.026915787 0.999636412 0.001592066 -2.232138634 -0.006999706 -0.001404133 0.999974489 163.508163452
0.999683082 -0.023879325 0.007966878 -0.617446840 0.023872348 0.999714494 0.000969391 -2.250140190 -0.007987752 -0.000778896 0.999967754 164.860855103
0.999729812 -0.021620171 0.008535221 -0.623310089 0.021603798 0.999764621 0.002006259 -2.268985987 -0.008576588 -0.001821323 0.999961555 166.201187134
0.999773562 -0.019902138 0.007528738 -0.605688393 0.019889962 0.999800801 0.001688460 -2.293259621 -0.007560842 -0.001538332 0.999970198 167.568023682
0.999818206 -0.017440980 0.007705510 -0.615217626 0.017449703 0.999847174 -0.001066741 -2.308086395 -0.007685727 0.001201006 0.999969661 168.917297363
0.999888182 -0.013168049 0.007094466 -0.616127431 0.013196494 0.999904990 -0.003978015 -2.328965902 -0.007041410 0.004071193 0.999966860 170.269027710
0.999940515 -0.008090770 0.007313857 -0.625780582 0.008127914 0.999954164 -0.005063165 -2.359426975 -0.007272558 0.005122311 0.999960423 171.616729736
0.999964237 -0.003818979 0.007539179 -0.629239500 0.003847516 0.999985456 -0.003774279 -2.387432814 -0.007524655 0.003803152 0.999964476 172.991271973
0.999965906 -0.000677729 0.008226850 -0.634966969 0.000693769 0.999997854 -0.001946976 -2.411846876 -0.008225513 0.001952617 0.999964237 174.344360352
0.999965668 0.000694556 0.008262511 -0.633339822 -0.000692664 0.999999702 -0.000231918 -2.428516150 -0.008262671 0.000226187 0.999965847 175.728790283
0.999968350 -0.002949571 0.007387792 -0.638496041 0.002940544 0.999994934 0.001232439 -2.456216812 -0.007391389 -0.001210676 0.999971926 177.082778931
0.999974072 -0.004613251 0.005529923 -0.630911052 0.004607845 0.999988973 0.000990040 -2.470190525 -0.005534429 -0.000964533 0.999984145 178.471496582
0.999980330 -0.004943267 0.003861524 -0.635519743 0.004955212 0.999982893 -0.003090052 -2.498659611 -0.003846183 0.003109126 0.999987721 179.853393555
0.999990642 -0.003738890 0.002157130 -0.631231070 0.003754369 0.999966860 -0.007217329 -2.525992632 -0.002130073 0.007225361 0.999971628 181.250885010
0.999997854 0.001393352 0.001542972 -0.639775813 -0.001381213 0.999968410 -0.007840576 -2.561080456 -0.001553848 0.007838429 0.999968052 182.653381348
0.999985814 0.005126592 0.001439633 -0.651479363 -0.005116496 0.999962807 -0.006930572 -2.593215227 -0.001475110 0.006923109 0.999974966 184.054061890
0.999974430 0.006921660 0.001810397 -0.665700376 -0.006915582 0.999970496 -0.003341995 -2.622899294 -0.001833475 0.003329389 0.999992728 185.454879761
0.999967575 0.007772279 0.002109096 -0.672836959 -0.007769443 0.999968886 -0.001349653 -2.648551702 -0.002119521 0.001333223 0.999996781 186.844329834
0.999971569 0.007246809 0.002071676 -0.674319506 -0.007245430 0.999973476 -0.000672393 -2.664967299 -0.002076494 0.000657364 0.999997556 188.275817871
0.999985099 0.005112725 0.001865987 -0.676981747 -0.005112504 0.999986887 -0.000122999 -2.684720993 -0.001866591 0.000113457 0.999998212 189.698059082
0.999993622 0.002883922 0.002173060 -0.679710984 -0.002885520 0.999995589 0.000732589 -2.716310024 -0.002170938 -0.000738854 0.999997377 191.134124756
0.999996424 0.000314521 0.002669365 -0.686532915 -0.000316166 0.999999702 0.000616048 -2.734299421 -0.002669170 -0.000616889 0.999996245 192.565841675
0.999991059 -0.003025178 0.002953008 -0.688426435 0.003019464 0.999993563 0.001937516 -2.762978077 -0.002958850 -0.001928582 0.999993742 193.963363647
0.999968112 -0.007135980 0.003595209 -0.693362594 0.007125096 0.999970019 0.003031263 -2.775395393 -0.003616732 -0.003005550 0.999988914 195.388381958
0.999941409 -0.010110173 0.003853668 -0.688569605 0.010097337 0.999943376 0.003335732 -2.800263643 -0.003887174 -0.003296625 0.999987006 196.815307617
0.999961019 -0.007745016 0.004232645 -0.694532514 0.007750086 0.999969244 -0.001183090 -2.819369078 -0.004223351 0.001215847 0.999990344 198.242385864
0.999989867 -0.000885681 0.004408978 -0.696418405 0.000913003 0.999980390 -0.006198717 -2.841092825 -0.004403400 0.006202679 0.999971092 199.679367065
0.999943554 0.008723089 0.006068386 -0.717114389 -0.008684590 0.999942124 -0.006342011 -2.870171070 -0.006123357 0.006288951 0.999961436 201.125564575
0.999832809 0.016807325 0.007209719 -0.737759292 -0.016787179 0.999854982 -0.002845925 -2.893810272 -0.007256506 0.002724417 0.999969959 202.561691284
0.999822497 0.017084751 0.007946068 -0.733837724 -0.017082373 0.999854028 -0.000367068 -2.926975012 -0.007951180 0.000231265 0.999968350 204.003479004
0.999853253 0.015324366 0.007666591 -0.733295679 -0.015325164 0.999882638 0.000045209 -2.945766211 -0.007664999 -0.000162694 0.999970615 205.441329956
0.999908745 0.011988312 0.006228359 -0.721010149 -0.011987878 0.999928057 -0.000106985 -2.969837666 -0.006229195 0.000032310 0.999980628 206.892028809
0.999931753 0.010406346 0.005294462 -0.727127254 -0.010403484 0.999945700 -0.000567855 -2.991265774 -0.005300083 0.000512736 0.999985814 208.340362549
0.999929070 0.010864797 0.004885005 -0.726283193 -0.010858782 0.999940217 -0.001256327 -3.010135174 -0.004898363 0.001203193 0.999987304 209.810272217
0.999917328 0.011961911 0.004713755 -0.726709366 -0.011957485 0.999928057 -0.000966309 -3.037061214 -0.004724974 0.000909864 0.999988377 211.265457153
0.999913096 0.012476861 0.004239791 -0.722927988 -0.012476382 0.999922216 -0.000139006 -3.063514233 -0.004241195 0.000086096 0.999991000 212.724761963
0.999916494 0.012205947 0.004246119 -0.732062697 -0.012204480 0.999925435 -0.000370727 -3.091120243 -0.004250327 0.000318874 0.999990940 214.201019287
0.999917805 0.012207196 0.003940463 -0.734228730 -0.012201342 0.999924421 -0.001506016 -3.117383242 -0.003958549 0.001457813 0.999991119 215.672058105
0.999930859 0.011276602 0.003320026 -0.726557434 -0.011270111 0.999934554 -0.001967263 -3.136136293 -0.003341992 0.001929710 0.999992549 217.147872925
0.999915004 0.012496715 0.003703153 -0.743095696 -0.012487901 0.999919116 -0.002393469 -3.157844305 -0.003732764 0.002347021 0.999990284 218.613235474
0.999921918 0.012175505 0.002805872 -0.738858640 -0.012169387 0.999923527 -0.002187818 -3.188417673 -0.002832296 0.002153501 0.999993622 220.108032227
0.999924183 0.012050027 0.002531166 -0.743254364 -0.012043845 0.999924481 -0.002444556 -3.214513540 -0.002560432 0.002413886 0.999993801 221.591247559
0.999915779 0.012817192 0.002061370 -0.749474108 -0.012811651 0.999914348 -0.002679621 -3.242559671 -0.002095538 0.002652986 0.999994278 223.071228027
0.999921381 0.012446876 0.001519295 -0.753686786 -0.012442636 0.999918759 -0.002768568 -3.270436525 -0.001553631 0.002749447 0.999994993 224.574569702
0.999910355 0.013312541 0.001447933 -0.766255438 -0.013308618 0.999907732 -0.002687541 -3.296957493 -0.001483578 0.002668030 0.999995351 226.055648804
0.999925375 0.012116897 0.001548427 -0.785643220 -0.012112337 0.999922335 -0.002921567 -3.321646452 -0.001583708 0.002902594 0.999994516 227.568298340
0.999939799 0.010775345 0.002067749 -0.804323077 -0.010769594 0.999938190 -0.002772839 -3.350965977 -0.002097499 0.002750403 0.999994040 229.051406860
0.999954462 0.009254511 0.002314100 -0.813801527 -0.009248861 0.999954224 -0.002440412 -3.384265184 -0.002336578 0.002418898 0.999994338 230.569290161
0.999964952 0.007973358 0.002584401 -0.822880566 -0.007968068 0.999966145 -0.002050929 -3.406244040 -0.002600666 0.002030264 0.999994516 232.074768066
0.999960899 0.008347265 0.002914850 -0.826507807 -0.008343400 0.999964416 -0.001335053 -3.443885088 -0.002925890 0.001310681 0.999994874 233.580535889
0.999953806 0.009139205 0.002971958 -0.832724750 -0.009133824 0.999956667 -0.001818179 -3.468620777 -0.002988445 0.001790950 0.999993920 235.091583252
0.999949515 0.009421485 0.003486024 -0.834904253 -0.009414004 0.999953330 -0.002156743 -3.500574112 -0.003506181 0.002123818 0.999991536 236.576583862
0.999936581 0.010498496 0.004060354 -0.837857842 -0.010491990 0.999943733 -0.001620706 -3.526994467 -0.004077140 0.001578002 0.999990404 238.075546265
0.999917984 0.011705523 0.005201609 -0.851167679 -0.011706859 0.999931395 0.000226544 -3.549397230 -0.005198601 -0.000287420 0.999986410 239.611999512
0.999910831 0.011941902 0.005971072 -0.855282843 -0.011945985 0.999928355 0.000648505 -3.572797775 -0.005962901 -0.000719777 0.999981999 241.119216919
0.999906421 0.012030616 0.006511971 -0.847382784 -0.012026327 0.999927461 -0.000697186 -3.599243641 -0.006519888 0.000618806 0.999978542 242.625442505
0.999897838 0.012170186 0.007499442 -0.846368790 -0.012155306 0.999924064 -0.002026650 -3.624758244 -0.007523538 0.001935285 0.999969840 244.141403198
0.999898314 0.012191089 0.007396892 -0.836893022 -0.012181912 0.999924958 -0.001284238 -3.655039787 -0.007411994 0.001194000 0.999971807 245.685195923
0.999905586 0.011938275 0.006801430 -0.819704890 -0.011936632 0.999928653 -0.000282235 -3.679346323 -0.006804314 0.000201022 0.999976814 247.231811523
0.999897301 0.012628466 0.006778498 -0.822601974 -0.012629122 0.999920249 0.000054059 -3.703631639 -0.006777275 -0.000139660 0.999976993 248.763336182
0.999900103 0.012509198 0.006584482 -0.816379726 -0.012513100 0.999921501 0.000551704 -3.738663912 -0.006577064 -0.000634041 0.999978185 250.308868408
0.999880970 0.013838410 0.006831513 -0.812783897 -0.013841948 0.999904096 0.000470741 -3.758494377 -0.006824344 -0.000565247 0.999976516 251.852783203
0.999847293 0.015853586 0.007354010 -0.817627966 -0.015857184 0.999874115 0.000430944 -3.783259869 -0.007346253 -0.000547492 0.999972880 253.413345337
0.999840260 0.016325790 0.007286656 -0.809101641 -0.016328201 0.999866664 0.000271333 -3.799798965 -0.007281255 -0.000390268 0.999973416 254.970535278
0.999860883 0.014904519 0.007491496 -0.814284503 -0.014911371 0.999888420 0.000859599 -3.831647158 -0.007477848 -0.000971188 0.999971569 256.511535645
0.999885321 0.013345818 0.007162997 -0.803710580 -0.013357927 0.999909461 0.001645109 -3.854742765 -0.007140393 -0.001740603 0.999972999 258.042083740
0.999917150 0.010737469 0.007109827 -0.800670922 -0.010753388 0.999939740 0.002204500 -3.872726202 -0.007085728 -0.002280772 0.999972284 259.571472168
0.999930143 0.009074421 0.007574458 -0.821477473 -0.009087422 0.999957204 0.001683867 -3.894408703 -0.007558854 -0.001752582 0.999969900 261.055725098
0.999940991 0.008001373 0.007354417 -0.817887366 -0.008006190 0.999967754 0.000625776 -3.915670872 -0.007349173 -0.000684620 0.999972761 262.608337402
0.999955535 0.005891733 0.007361826 -0.802400768 -0.005909894 0.999979556 0.002447650 -3.941782713 -0.007347254 -0.002491049 0.999969900 264.169525146
0.999963045 0.003628761 0.007798908 -0.797603548 -0.003663969 0.999983132 0.004504954 -3.965836287 -0.007782430 -0.004533362 0.999959409 265.713378906
0.999966562 0.003095348 0.007572820 -0.786477685 -0.003121178 0.999989331 0.003401508 -3.982773781 -0.007562211 -0.003425031 0.999965489 267.305664062
0.999962151 0.002783813 0.008247297 -0.776471555 -0.002803304 0.999993324 0.002352713 -4.001057148 -0.008240693 -0.002375744 0.999963224 268.861450195
0.999958158 0.003209431 0.008569071 -0.767675877 -0.003227071 0.999992728 0.002045547 -4.024737358 -0.008562443 -0.002073115 0.999961197 270.404418945
0.999941170 0.005052965 0.009598150 -0.764608502 -0.005072616 0.999985158 0.002024119 -4.047920227 -0.009587779 -0.002072688 0.999951899 271.940460205
0.999922872 0.006884081 0.010346501 -0.766328871 -0.006898817 0.999975264 0.001389116 -4.066346169 -0.010336682 -0.001460388 0.999945462 273.459533691
0.999903977 0.008010087 0.011312612 -0.754759967 -0.008028502 0.999966502 0.001583346 -4.096135139 -0.011299551 -0.001674018 0.999934733 275.024169922
0.999891162 0.009114938 0.011600930 -0.736872435 -0.009124284 0.999958098 0.000752907 -4.113448620 -0.011593581 -0.000858675 0.999932408 276.542205811
0.999877930 0.009700633 0.012247827 -0.730099797 -0.009701122 0.999952972 -0.000019452 -4.141139984 -0.012247438 -0.000099368 0.999924958 278.081176758
0.999871731 0.008542235 0.013547909 -0.723717749 -0.008542774 0.999963582 -0.000017982 -4.169727325 -0.013547568 -0.000097757 0.999908209 279.633819580
0.999871314 0.008407441 0.013661511 -0.684222281 -0.008407992 0.999964654 -0.000017067 -4.197643757 -0.013661172 -0.000097801 0.999906600 281.194976807
0.999872744 0.007423146 0.014119084 -0.666853845 -0.007436887 0.999971926 0.000920967 -4.220930576 -0.014111851 -0.001025852 0.999899924 282.779357910
0.999875963 0.006341454 0.014418954 -0.652503192 -0.006357121 0.999979258 0.001040917 -4.243889809 -0.014412055 -0.001132450 0.999895513 284.348419189
0.999882400 0.006012659 0.014102571 -0.631242275 -0.005994721 0.999981105 -0.001313860 -4.272707939 -0.014110204 0.001229165 0.999899685 285.943023682
0.999892712 0.004627435 0.013894651 -0.614016771 -0.004577443 0.999982953 -0.003627538 -4.299174786 -0.013911199 0.003563548 0.999896884 287.512420654
0.999906480 0.004373839 0.012959516 -0.597776234 -0.004327953 0.999984384 -0.003566559 -4.328415871 -0.012974911 0.003510137 0.999909639 289.081237793
0.999924064 0.003236810 0.011883706 -0.584930956 -0.003194541 0.999988496 -0.003574077 -4.357643127 -0.011895139 0.003535843 0.999922991 290.646697998
0.999938130 0.002982412 0.010713267 -0.579382300 -0.002936871 0.999986529 -0.004264092 -4.385974884 -0.010725839 0.004232364 0.999933541 292.186950684
0.999941349 0.003067439 0.010386494 -0.571409941 -0.003020920 0.999985278 -0.004491522 -4.417846680 -0.010400117 0.004459881 0.999935985 293.752197266
0.999950290 0.003100632 0.009474262 -0.554773688 -0.003063695 0.999987781 -0.003910632 -4.451610088 -0.009486268 0.003881411 0.999947488 295.322875977
0.999960482 0.002577017 0.008507216 -0.550565124 -0.002546621 0.999990344 -0.003581834 -4.485456944 -0.008516365 0.003560029 0.999957383 296.892303467
0.999972463 0.002082356 0.007127037 -0.539839566 -0.002067298 0.999995589 -0.002119497 -4.519366741 -0.007131420 0.002104705 0.999972343 298.447906494
0.999973774 0.003494093 0.006330180 -0.536672175 -0.003488651 0.999993503 -0.000870527 -4.545074463 -0.006333181 0.000848420 0.999979556 300.027832031
0.999967277 0.003742883 0.007161809 -0.534279764 -0.003736158 0.999992669 -0.000952129 -4.567652702 -0.007165320 0.000925340 0.999973834 301.621002197
0.999960780 0.004045588 0.007872917 -0.527869284 -0.004037245 0.999991238 -0.001075420 -4.595433235 -0.007877198 0.001043593 0.999968410 303.224822998
0.999962389 0.002591525 0.008275453 -0.526403189 -0.002580597 0.999995708 -0.001331055 -4.621574402 -0.008278867 0.001309650 0.999964893 304.800598145
0.999963939 0.001004006 0.008433355 -0.515182912 -0.000984982 0.999996901 -0.002259708 -4.651371479 -0.008435598 0.002251319 0.999961913 306.382812500
0.999960184 -0.000507606 0.008912206 -0.505202115 0.000545725 0.999990702 -0.004275208 -4.678474903 -0.008909955 0.004279901 0.999951065 307.973419189
0.999961436 -0.000890173 0.008734305 -0.498866737 0.000936758 0.999985337 -0.005330973 -4.708497524 -0.008729435 0.005338950 0.999947667 309.570861816
0.999979198 -0.000310111 0.006447772 -0.497649044 0.000351222 0.999979675 -0.006375841 -4.742384434 -0.006445664 0.006377972 0.999958992 311.180114746
0.999990225 0.000805844 0.004347906 -0.494979948 -0.000781609 0.999984086 -0.005572827 -4.775249958 -0.004352327 0.005569374 0.999975026 312.797149658
0.999990225 0.001673720 0.004087535 -0.499040186 -0.001663686 0.999995530 -0.002456923 -4.804677010 -0.004091629 0.002450099 0.999988616 314.426574707
0.999990463 0.000030580 0.004373482 -0.488164872 -0.000033438 0.999999762 0.000653316 -4.835566998 -0.004373461 -0.000653456 0.999990225 316.072326660
0.999991417 -0.000855918 0.004039837 -0.482143253 0.000850053 0.999998569 0.001453040 -4.859453678 -0.004041074 -0.001449593 0.999990821 317.699401855
0.999986649 -0.001674611 0.004893876 -0.490022302 0.001674483 0.999998569 0.000030189 -4.881955147 -0.004893919 -0.000021993 0.999988019 319.323120117
0.999981344 -0.003187851 0.005224075 -0.493390024 0.003185623 0.999994814 0.000434654 -4.909422874 -0.005225433 -0.000418004 0.999986291 320.932678223
0.999976158 -0.003153830 0.006143203 -0.508557618 0.003150087 0.999994874 0.000618986 -4.935875416 -0.006145123 -0.000599619 0.999980927 322.553649902
0.999972105 -0.003387514 0.006649136 -0.502402067 0.003382595 0.999993980 0.000750847 -4.964694500 -0.006651639 -0.000728335 0.999977529 324.182250977
0.999975860 -0.002130853 0.006610450 -0.497538954 0.002132883 0.999997675 -0.000300002 -4.989134312 -0.006609795 0.000314094 0.999978065 325.800506592
0.999969840 -0.001255828 0.007661523 -0.495545298 0.001260709 0.999998987 -0.000632242 -5.026494980 -0.007660720 0.000641881 0.999970376 327.426849365
0.999963522 -0.002806423 0.008062390 -0.484559506 0.002794710 0.999995053 0.001463667 -5.055447578 -0.008066455 -0.001441082 0.999966383 329.067077637
0.999954879 -0.003951318 0.008641648 -0.487871885 0.003929858 0.999989152 0.002498924 -5.084118366 -0.008651429 -0.002464851 0.999959528 330.687408447
0.999951303 -0.005266075 0.008336953 -0.472631514 0.005256495 0.999985516 0.001170727 -5.108490944 -0.008342996 -0.001126847 0.999964535 332.326934814
0.999958456 -0.004481148 0.007933289 -0.453208327 0.004469012 0.999988854 0.001546867 -5.139681339 -0.007940132 -0.001511349 0.999967337 333.972717285
0.999965847 -0.001883345 0.008045727 -0.468049467 0.001891191 0.999997735 -0.000967638 -5.165111065 -0.008043887 0.000982821 0.999967158 335.561157227
0.999971151 -0.000213013 0.007585438 -0.467840910 0.000241346 0.999992967 -0.003734469 -5.195455551 -0.007584590 0.003736193 0.999964237 337.173858643
0.999976993 0.000784833 0.006734482 -0.459656298 -0.000762722 0.999994278 -0.003285197 -5.231247425 -0.006737021 0.003279985 0.999971926 338.794189453
0.999982715 0.001896704 0.005573662 -0.459580213 -0.001898760 0.999998093 0.000363570 -5.263133526 -0.005572962 -0.000374147 0.999984384 340.385711670
0.999986708 0.002486927 0.004519023 -0.459147662 -0.002501442 0.999991655 0.003209122 -5.292844772 -0.004511005 -0.003220383 0.999984562 341.996490479
0.999988973 0.003290927 0.003343795 -0.462497354 -0.003297066 0.999992907 0.001831924 -5.315739632 -0.003337743 -0.001842929 0.999992728 343.601074219
0.999994516 0.002929456 0.001522398 -0.466304660 -0.002929523 0.999995708 0.000041708 -5.339263916 -0.001522269 -0.000046168 0.999998808 345.191772461
0.999999106 0.001253763 -0.000446792 -0.462638885 -0.001253157 0.999998212 0.001355251 -5.363686562 0.000448490 -0.001354690 0.999998987 346.810852051
0.999998868 0.000017840 -0.001569758 -0.467885494 -0.000015282 0.999998629 0.001629812 -5.389296055 0.001569785 -0.001629786 0.999997437 348.403167725
0.999998569 -0.000325534 -0.001612333 -0.490450233 0.000327229 0.999999344 0.001050872 -5.412438869 0.001611990 -0.001051398 0.999998152 349.995574951
0.999996781 -0.001380840 -0.002119133 -0.493551433 0.001381175 0.999999046 0.000156697 -5.438716412 0.002118914 -0.000159623 0.999997735 351.597412109
0.999997079 -0.001373287 -0.001979995 -0.506449401 0.001373024 0.999999046 -0.000134475 -5.462033749 0.001980178 0.000131756 0.999997973 353.197540283
0.999996185 -0.002051636 -0.001827212 -0.520379126 0.002051151 0.999997914 -0.000267081 -5.488576412 0.001827756 0.000263332 0.999998271 354.783050537
0.999994576 -0.002298692 -0.002349971 -0.520346999 0.002296404 0.999996901 -0.000975578 -5.518819332 0.002352207 0.000970176 0.999996781 356.382141113
0.999994040 -0.002558135 -0.002323431 -0.534971654 0.002554324 0.999995351 -0.001641763 -5.545282841 0.002327620 0.001635819 0.999995947 357.990600586
0.999992847 -0.002934295 -0.002410455 -0.545701623 0.002930432 0.999994397 -0.001604395 -5.572013855 0.002415150 0.001597320 0.999995828 359.577789307
0.999991715 -0.003164294 -0.002553503 -0.549085081 0.003158935 0.999992788 -0.002100048 -5.607271194 0.002560130 0.002091964 0.999994457 361.184020996
0.999986827 -0.004546318 -0.002381213 -0.560342729 0.004537825 0.999983370 -0.003559877 -5.636056423 0.002397358 0.003549024 0.999990821 362.771484375
0.999978781 -0.006065447 -0.002387926 -0.570415080 0.006061204 0.999980032 -0.001780082 -5.664474487 0.002398676 0.001765571 0.999995589 364.390045166
0.999963164 -0.008103326 -0.002829107 -0.567441523 0.008100566 0.999966741 -0.000985815 -5.692901611 0.002837002 0.000962862 0.999995589 365.990966797
0.999966085 -0.007968559 -0.002074944 -0.590094388 0.007964276 0.999966085 -0.002064596 -5.720851421 0.002091326 0.002048001 0.999995708 367.598022461
0.999975801 -0.006754226 -0.001652936 -0.609366179 0.006749143 0.999972522 -0.003061634 -5.741032124 0.001673569 0.003050404 0.999993920 369.210662842
0.999982059 -0.005824110 -0.001401301 -0.617191672 0.005821388 0.999981165 -0.001938124 -5.782322884 0.001412562 0.001929931 0.999997139 370.817504883
0.999990582 -0.004129102 -0.001275497 -0.625664592 0.004127949 0.999991059 -0.000904818 -5.808520317 0.001279221 0.000899544 0.999998808 372.425079346
0.999990404 -0.004150857 -0.001386416 -0.630428374 0.004148825 0.999990344 -0.001464985 -5.840170383 0.001392483 0.001459219 0.999997914 374.018676758
0.999990642 -0.004068109 -0.001454599 -0.647212029 0.004063999 0.999987781 -0.002817493 -5.861177921 0.001466044 0.002811556 0.999994934 375.611907959
0.999993384 -0.003461105 -0.001064937 -0.663125634 0.003458286 0.999990523 -0.002637743 -5.899788857 0.001074056 0.002634043 0.999995947 377.201385498
0.999993086 -0.003503138 -0.001245673 -0.657259643 0.003500039 0.999990821 -0.002481502 -5.933431625 0.001254354 0.002477125 0.999996185 378.830291748
0.999998868 -0.001425759 -0.000443008 -0.688016474 0.001424463 0.999994755 -0.002913297 -5.955612659 0.000447159 0.002912662 0.999995589 380.450500488
0.999999940 0.000151924 -0.000245246 -0.695598185 -0.000152411 0.999998033 -0.001984548 -5.988263130 0.000244944 0.001984586 0.999997973 382.052551270
0.999997497 0.002079855 0.000826079 -0.724981666 -0.002077247 0.999992907 -0.003146501 -6.017742634 -0.000832617 0.003144778 0.999994695 383.688995361
