1.000000000 0.000000000 0.000000000 0.000000000 0.000000000 1.000000000 0.000000000 0.000000000 0.000000000 0.000000000 1.000000000 0.000000000
0.999997675 -0.001608841 -0.001431656 -0.002627483 0.001607518 0.999998271 -0.000924857 -0.007729910 0.001433142 0.000922554 0.999998569 0.563924551
0.999995530 -0.001802531 -0.002396763 -0.007872267 0.001796327 0.999995053 -0.002588321 -0.017515752 0.002401417 0.002584004 0.999993801 1.119429469
0.999986589 -0.002525792 -0.004518525 -0.009133766 0.002509766 0.999990582 -0.003549011 -0.035056639 0.004527446 0.003537623 0.999983490 1.684962153
0.999970317 -0.004349221 -0.006361053 -0.020000799 0.004313763 0.999975145 -0.005577313 -0.040908135 0.006385152 0.005549707 0.999964237 2.252263784
0.999950111 -0.007055403 -0.007067299 -0.040761784 0.007005421 0.999950409 -0.007072037 -0.064448327 0.007116844 0.007022175 0.999950051 2.803224802
0.999928534 -0.008270303 -0.008619860 -0.046105977 0.008204104 0.999936819 -0.007686950 -0.077213764 0.008682890 0.007615680 0.999933302 3.375211954
0.999917090 -0.008250560 -0.009884497 -0.058532417 0.008181120 0.999941766 -0.007045171 -0.089680865 0.009942048 0.006963718 0.999926329 3.955270529
0.999901891 -0.008726603 -0.010950388 -0.068572029 0.008645013 0.999934673 -0.007476210 -0.103479430 0.011014917 0.007380808 0.999912024 4.550416946
0.999893367 -0.008077449 -0.012167327 -0.079021655 0.007953247 0.999916136 -0.010221916 -0.119474962 0.012248873 0.010124056 0.999873638 5.144530773
0.999891520 -0.006347454 -0.013287918 -0.095452428 0.006162080 0.999883831 -0.013945340 -0.135295585 0.013374892 0.013861945 0.999814451 5.747769833
0.999877095 -0.005301656 -0.014755475 -0.108891048 0.005041066 0.999831736 -0.017641939 -0.147061944 0.014846525 0.017565388 0.999735475 6.365170002
0.999870121 -0.003214191 -0.015793951 -0.127425790 0.002933538 0.999838054 -0.017760769 -0.160216004 0.015848476 0.017712129 0.999717534 6.993169308
0.999852955 -0.001078852 -0.017110758 -0.139370084 0.000892588 0.999940276 -0.010889668 -0.170172423 0.017121485 0.010872797 0.999794304 7.634423256
0.999848068 -0.000058654 -0.017429033 -0.161280513 0.000052823 0.999999881 -0.000334994 -0.182786524 0.017429052 0.000334023 0.999848068 8.293755531
0.999828160 0.000653259 -0.018529782 -0.175427794 -0.000536477 0.999979973 0.006306663 -0.193630785 0.018533530 -0.006295637 0.999808431 8.979223251
0.999795854 0.003019412 -0.019978629 -0.192174837 -0.002914716 0.999981940 0.005267412 -0.208931968 0.019994168 -0.005208105 0.999786496 9.666226387
0.999775410 0.004937390 -0.020612383 -0.216977313 -0.004976965 0.999985874 -0.001869062 -0.215252280 0.020602867 0.001971229 0.999785781 10.360206604
0.999752164 0.004568852 -0.021789057 -0.235014200 -0.004739385 0.999958515 -0.007781337 -0.214680612 0.021752603 0.007882675 0.999732256 11.069516182
0.999734402 0.002103948 -0.022948133 -0.250670493 -0.002248873 0.999977708 -0.006291346 -0.215177983 0.022934388 0.006341282 0.999716878 11.806833267
0.999730945 0.001920871 -0.023112159 -0.275352895 -0.001854304 0.999994099 0.002901277 -0.228229672 0.023117593 -0.002857640 0.999728560 12.570705414
0.999726355 0.001442492 -0.023347069 -0.298283547 -0.001200428 0.999945402 0.010378744 -0.233194634 0.023360766 -0.010347878 0.999673486 13.348327637
0.999712646 0.000555868 -0.023962898 -0.320574671 -0.000248489 0.999917805 0.012828317 -0.235303059 0.023968054 -0.012818675 0.999630451 14.138513565
0.999707103 -0.001209671 -0.024169538 -0.338016957 0.001495049 0.999929428 0.011792770 -0.234762430 0.024153566 -0.011825449 0.999638319 14.944023132
0.999718428 -0.001813286 -0.023660431 -0.360191196 0.002035295 0.999954045 0.009362428 -0.234603211 0.023642367 -0.009407949 0.999676228 15.775538445
0.999734044 0.000870792 -0.023044365 -0.385027081 -0.000730760 0.999981165 0.006084327 -0.236064017 0.023049228 -0.006065868 0.999715984 16.612524033
0.999749482 -0.002294938 -0.022267930 -0.407549679 0.002301314 0.999997258 0.000260705 -0.239932299 0.022267273 -0.000311884 0.999752104 17.472852707
0.999752879 -0.005276316 -0.021591315 -0.421985358 0.005148359 0.999968767 -0.005977613 -0.247696400 0.021622183 0.005864976 0.999749124 18.338453293
0.999777436 -0.004009262 -0.020712767 -0.437441856 0.003773405 0.999927759 -0.011413635 -0.261825830 0.020757033 0.011332936 0.999720335 19.259346008
0.999790192 -0.002937094 -0.020273259 -0.464330971 0.002690457 0.999922216 -0.012182211 -0.276957005 0.020307463 0.012125108 0.999720275 20.164840698
0.999772727 -0.002722918 -0.021145124 -0.480729520 0.002476340 0.999928713 -0.011678688 -0.295474797 0.021175414 0.011623669 0.999708235 21.103374481
0.999786615 -0.000966196 -0.020635672 -0.514596283 0.000699028 0.999915898 -0.012950182 -0.321834505 0.020646449 0.012932992 0.999703169 22.040813446
0.999778330 0.001703261 -0.020986665 -0.522759318 -0.002022746 0.999882221 -0.015211426 -0.341857731 0.020958282 0.015250503 0.999663949 23.003479004
0.999761522 0.005001803 -0.021258468 -0.549938321 -0.005342981 0.999857366 -0.016022658 -0.365476102 0.021175291 0.016132418 0.999645591 23.968116760
0.999756992 0.006627007 -0.021025704 -0.586838186 -0.006963483 0.999848187 -0.015970424 -0.391561389 0.020916674 0.016112955 0.999651313 24.950454712
0.999747455 0.007848559 -0.021060910 -0.614494145 -0.008184859 0.999839604 -0.015929582 -0.419757128 0.020932510 0.016097939 0.999651253 25.922479630
0.999738395 0.007500161 -0.021607697 -0.629842103 -0.007846978 0.999841034 -0.016010907 -0.444909036 0.021484178 0.016176272 0.999638259 26.894193649
0.999726057 0.008470031 -0.021817865 -0.656040192 -0.008791253 0.999853730 -0.014669257 -0.481854767 0.021690430 0.014857045 0.999654293 27.930074692
0.999714911 0.009115778 -0.022067329 -0.683330953 -0.009391718 0.999878585 -0.012433315 -0.510838032 0.021951314 0.012637020 0.999679148 28.947889328
0.999701321 0.009832993 -0.022371937 -0.711519241 -0.010084629 0.999886811 -0.011162990 -0.540041447 0.022259640 0.011385268 0.999687374 29.968450546
0.999694467 0.010192267 -0.022518318 -0.735371053 -0.010470218 0.999870002 -0.012260094 -0.563033998 0.022390435 0.012492120 0.999671280 31.004724503
0.999684572 0.011214859 -0.022473468 -0.770517290 -0.011518988 0.999843240 -0.013449335 -0.592213213 0.022319114 0.013703964 0.999656916 32.010559082
0.999678850 0.010702671 -0.022974072 -0.797954917 -0.010988976 0.999863207 -0.012372131 -0.620495796 0.022838512 0.012620619 0.999659419 33.046474457
0.999667585 0.010705110 -0.023456313 -0.828737617 -0.010938533 0.999891758 -0.009845703 -0.643879652 0.023348374 0.010099007 0.999676347 34.102130890
0.999660909 0.010615629 -0.023775706 -0.862565815 -0.010767180 0.999922514 -0.006255185 -0.667593062 0.023707457 0.006509062 0.999697685 35.150878906
0.999648333 0.010786920 -0.024227116 -0.895332456 -0.010888572 0.999932408 -0.004067827 -0.690353870 0.024181597 0.004330195 0.999698162 36.229267120
0.999638438 0.011118666 -0.024484657 -0.930067062 -0.011211605 0.999930441 -0.003661838 -0.707605064 0.024442235 0.003935026 0.999693453 37.300697327
0.999631345 0.010542072 -0.025022481 -0.961754203 -0.010664740 0.999931693 -0.004773954 -0.733300149 0.024970440 0.005039052 0.999675512 38.389106750
0.999609947 0.010983054 -0.025680376 -0.999746561 -0.011127084 0.999923050 -0.005472428 -0.751870155 0.025618298 0.005756040 0.999655247 39.469337463
0.999595940 0.010335047 -0.026477795 -1.030326486 -0.010450827 0.999936461 -0.004238082 -0.776408136 0.026432313 0.004513084 0.999640465 40.545688629
0.999568224 0.011062042 -0.027220046 -1.067749143 -0.011133687 0.999935031 -0.002481875 -0.791785598 0.027190819 0.002783862 0.999626398 41.632045746
0.999562800 0.010333235 -0.027699243 -1.107628226 -0.010328010 0.999946654 0.000331703 -0.818941236 0.027701188 -0.000045480 0.999616265 42.724231720
0.999542058 0.011874496 -0.027833605 -1.152422905 -0.011869614 0.999929488 0.000340668 -0.843322694 0.027835688 -0.000010138 0.999612570 43.800636292
0.999496460 0.013249512 -0.028833490 -1.172183394 -0.013361582 0.999903858 -0.003697489 -0.862391293 0.028781731 0.004080887 0.999577403 44.888237000
0.999487162 0.014416606 -0.028594805 -1.213689327 -0.014650926 0.999860585 -0.008001855 -0.881076932 0.028475460 0.008416690 0.999559045 45.969009399
0.999474525 0.014808882 -0.028835870 -1.250432730 -0.015054568 0.999852002 -0.008321806 -0.905743897 0.028708369 0.008751543 0.999549508 47.050395966
0.999466181 0.015514365 -0.028752945 -1.288823962 -0.015677834 0.999862075 -0.005468529 -0.932089508 0.028664146 0.005916392 0.999571621 48.150150299
0.999482512 0.015210461 -0.028340565 -1.330256224 -0.015311956 0.999876976 -0.003367678 -0.957145870 0.028285855 0.003799886 0.999592662 49.244289398
0.999504328 0.013692142 -0.028345659 -1.364845514 -0.013756101 0.999903202 -0.002062602 -0.979138553 0.028314674 0.002451506 0.999596059 50.332687378
0.999508739 0.013891455 -0.028094519 -1.398665071 -0.013978141 0.999898016 -0.002891410 -1.003108025 0.028051484 0.003282699 0.999601126 51.423419952
0.999523759 0.013065876 -0.027956028 -1.437536716 -0.013214902 0.999899268 -0.005152489 -1.021179914 0.027885890 0.005519472 0.999595881 52.512077332
0.999536991 0.013019202 -0.027499028 -1.467806339 -0.013211677 0.999889374 -0.006829189 -1.053000331 0.027407072 0.007189335 0.999598444 53.594459534
0.999555230 0.012195321 -0.027216434 -1.501196504 -0.012453629 0.999878764 -0.009341587 -1.079414964 0.027099216 0.009676375 0.999585867 54.687519073
0.999580681 0.010904785 -0.026823325 -1.538862348 -0.011251657 0.999854505 -0.012814951 -1.112048626 0.026679678 0.013111385 0.999558151 55.774665833
0.999596119 0.008923171 -0.026981041 -1.564108014 -0.009306285 0.999857128 -0.014107334 -1.149246931 0.026851304 0.014352730 0.999536395 56.858039856
0.999613702 0.007336730 -0.026806356 -1.596155405 -0.007650887 0.999902964 -0.011635787 -1.181819916 0.026718386 0.011836384 0.999572933 57.947101593
0.999630213 0.006238223 -0.026469398 -1.628503799 -0.006388342 0.999963880 -0.005590624 -1.210741639 0.026433568 0.005757649 0.999633968 59.041812897
0.999642611 0.004668897 -0.026321255 -1.654526353 -0.004673787 0.999989092 -0.000124249 -1.225042701 0.026320385 0.000247225 0.999653459 60.146945953
0.999639153 0.002951171 -0.026696589 -1.680148005 -0.002944448 0.999995708 0.000291091 -1.241455317 0.026697330 -0.000212379 0.999643505 61.239017487
0.999656618 -0.000040621 -0.026200490 -1.711464167 -0.000027227 0.999996603 -0.002589246 -1.260653973 0.026200507 0.002589070 0.999653280 62.330646515
0.999661148 -0.001810323 -0.025966011 -1.747201920 0.001655947 0.999980748 -0.005965570 -1.280936480 0.025976315 0.005920549 0.999645054 63.428386688
0.999657631 0.000322552 -0.026161607 -1.782810211 -0.000585801 0.999949217 -0.010055399 -1.306301713 0.026157035 0.010067280 0.999607265 64.517059326
0.999662697 0.000493312 -0.025964538 -1.815448165 -0.000862611 0.999898553 -0.014213933 -1.336267710 0.025954893 0.014231535 0.999561787 65.598617554
0.999676585 0.003040858 -0.025246924 -1.853996277 -0.003417996 0.999882936 -0.014908280 -1.367462516 0.025198633 0.014989755 0.999570072 66.710739136
0.999682128 0.006992786 -0.024224333 -1.897001028 -0.007271163 0.999908209 -0.011422653 -1.395632863 0.024142239 0.011595158 0.999641240 67.810447693
0.999662340 0.008758166 -0.024462290 -1.928504944 -0.008986825 0.999916732 -0.009253168 -1.428203821 0.024379216 0.009469883 0.999657869 68.916976929
0.999670684 0.008242535 -0.024303641 -1.953921795 -0.008444471 0.999930561 -0.008217985 -1.460724354 0.024234217 0.008420508 0.999670804 69.996276855
0.999683976 0.006628220 -0.024251666 -1.981470585 -0.006805579 0.999950647 -0.007238014 -1.490596652 0.024202494 0.007400773 0.999679625 71.092056274
0.999693215 0.005794818 -0.024083098 -2.021137476 -0.005937855 0.999965072 -0.005872073 -1.516372204 0.024048235 0.006013274 0.999692619 72.187675476
0.999685347 0.003659226 -0.024815440 -2.043805122 -0.003760207 0.999984741 -0.004023838 -1.538848877 0.024800343 0.004115883 0.999683917 73.285362244
0.999667108 0.002251675 -0.025703259 -2.069652081 -0.002320999 0.999993682 -0.002667581 -1.558518052 0.025697092 0.002726350 0.999666035 74.376678467
0.999658763 0.001747219 -0.026063446 -2.106191397 -0.001838073 0.999992371 -0.003462333 -1.593044877 0.026057201 0.003509059 0.999654233 75.466262817
0.999638557 0.001857154 -0.026821373 -2.135783195 -0.002053365 0.999971449 -0.007289784 -1.617155313 0.026807070 0.007342222 0.999613643 76.544647217
0.999615788 0.002775578 -0.027575832 -2.169627666 -0.003039534 0.999949992 -0.009534709 -1.641335130 0.027547989 0.009614864 0.999574244 77.629699707
0.999601007 0.004746834 -0.027844595 -2.214563608 -0.004960957 0.999958575 -0.007625906 -1.672537565 0.027807243 0.007760998 0.999583125 78.714416504
0.999578774 0.005476505 -0.028502131 -2.250078201 -0.005575336 0.999978721 -0.003389213 -1.694676757 0.028482970 0.003546693 0.999587953 79.798004150
0.999560237 0.006773087 -0.028870054 -2.290381193 -0.006754320 0.999976873 0.000747521 -1.721888900 0.028874448 -0.000552195 0.999582887 80.871093750
0.999527872 0.008171209 -0.029619290 -2.329280376 -0.008132091 0.999965847 0.001440958 -1.741262078 0.029630056 -0.001199411 0.999560177 81.941604614
0.999520302 0.008082531 -0.029900491 -2.370409012 -0.008118253 0.999966562 -0.001073496 -1.755914807 0.029890811 0.001315721 0.999552369 83.013000488
0.999506176 0.007622078 -0.030485732 -2.406590939 -0.007673355 0.999969363 -0.001565399 -1.781548142 0.030472865 0.001798554 0.999533892 84.084121704
0.999497473 0.006889882 -0.030943565 -2.442280769 -0.006943950 0.999974608 -0.001640235 -1.804348946 0.030931478 0.001854281 0.999519706 85.137229919
0.999474525 0.005636896 -0.031923551 -2.476919174 -0.005685254 0.999982774 -0.001424225 -1.822870731 0.031914968 0.001604970 0.999489248 86.182212830
0.999459267 0.004585411 -0.032558143 -2.509596825 -0.004591972 0.999989450 -0.000126734 -1.844541430 0.032557219 0.000276171 0.999469876 87.212478638
0.999447942 0.005001723 -0.032844711 -2.549691439 -0.004916662 0.999984384 0.002670025 -1.867074132 0.032857548 -0.002507064 0.999457002 88.218101501
0.999405265 0.003717670 -0.034281336 -2.585475206 -0.003594164 0.999986887 0.003663603 -1.888414979 0.034294508 -0.003538211 0.999405503 89.197113037
0.999343395 0.002892235 -0.036114141 -2.629558086 -0.002756321 0.999988914 0.003812693 -1.905262709 0.036124777 -0.003710648 0.999340355 90.163475037
0.999229074 0.002150558 -0.039198995 -2.672247887 -0.002043527 0.999994099 0.002770334 -1.923102140 0.039204724 -0.002688094 0.999227583 91.093902588
0.999088883 0.001720891 -0.042644132 -2.716802597 -0.001646806 0.999997079 0.001772339 -1.941159368 0.042647060 -0.001700498 0.999088764 92.019798279
0.998953640 0.001715141 -0.045701500 -2.767641544 -0.001610198 0.999996006 0.002332958 -1.960517883 0.045705322 -0.002256929 0.998952389 92.911582947
0.998804510 0.002870443 -0.048798919 -2.817006826 -0.002701614 0.999990165 0.003525286 -1.979212523 0.048808556 -0.003389235 0.998802423 93.776473999
0.998653233 0.003647096 -0.051754896 -2.869929314 -0.003418334 0.999984026 0.004507943 -1.996177554 0.051770516 -0.004324954 0.998649597 94.620918274
0.998481274 0.005060228 -0.054858770 -2.920505285 -0.004729819 0.999969959 0.006151055 -2.011445999 0.054888241 -0.005882241 0.998475194 95.437385559
0.998330534 0.006291588 -0.057415001 -2.975489140 -0.005920955 0.999960542 0.006623167 -2.023386955 0.057454403 -0.006272159 0.998328388 96.225814819
0.998160422 0.008405075 -0.060042441 -3.021971464 -0.007972879 0.999940515 0.007434147 -2.043215513 0.060101368 -0.006941760 0.998168051 96.985099792
0.997952282 0.010137575 -0.063153841 -3.070074081 -0.009774955 0.999933898 0.006048183 -2.054564953 0.063210987 -0.005418472 0.997985423 97.717849731
0.997797906 0.011513529 -0.065320082 -3.131715775 -0.011368012 0.999931991 0.002599020 -2.075767756 0.065345570 -0.001850738 0.997860909 98.409484863
0.997593820 0.014082624 -0.067884214 -3.189484835 -0.014188501 0.999898732 -0.001077785 -2.086945534 0.067862161 0.002038365 0.997692585 99.085563660
0.997419715 0.015891934 -0.070008814 -3.235953808 -0.016192934 0.999861896 -0.003734021 -2.108064175 0.069939807 0.004858034 0.997539282 99.722473145
0.997334123 0.017539114 -0.070831396 -3.285947323 -0.017906459 0.999829352 -0.004554515 -2.124627113 0.070739403 0.005810711 0.997477889 100.348960876
0.997360885 0.020012524 -0.069791205 -3.338337421 -0.020364126 0.999783337 -0.004329972 -2.136424065 0.069689415 0.005739780 0.997552156 100.934165955
0.997493804 0.024052463 -0.066540062 -3.389549017 -0.024291581 0.999701083 -0.002786725 -2.153236628 0.066453144 0.004396105 0.997779787 101.503211975
0.997746229 0.026307993 -0.061727658 -3.413961649 -0.026438525 0.999649644 -0.001298638 -2.169050932 0.061671879 0.002927699 0.998092115 102.051292419
0.998143375 0.027252901 -0.054470491 -3.442779779 -0.027246889 0.999628484 0.000853162 -2.183727503 0.054473504 0.000632573 0.998514950 102.566955566
0.998619258 0.027051477 -0.045030914 -3.452479362 -0.026926320 0.999631703 0.003383692 -2.200001240 0.045105867 -0.002166503 0.998979807 103.068145752
0.999094307 0.026498504 -0.033292174 -3.464493036 -0.026362356 0.999642313 0.004521830 -2.211798668 0.033400081 -0.003640076 0.999435425 103.553665161
0.999490738 0.025308333 -0.019438211 -3.466343403 -0.025222845 0.999671161 0.004630641 -2.222268343 0.019549012 -0.004137995 0.999800324 104.001258850
0.999672413 0.025250474 -0.004199984 -3.458639383 -0.025234355 0.999674201 0.003847710 -2.234106064 0.004295774 -0.003740465 0.999983728 104.438270569
0.999621391 0.023791226 0.013830986 -3.442794800 -0.023803294 0.999716401 0.000708423 -2.242624283 -0.013810204 -0.001037378 0.999904096 104.865501404
0.999109924 0.023428289 0.035078861 -3.412168026 -0.023312792 0.999721408 -0.003697979 -2.257656813 -0.035155721 0.002876902 0.999377728 105.277091980
0.998036027 0.021214040 0.058941938 -3.359575272 -0.020749515 0.999748707 -0.008481989 -2.267811060 -0.059107061 0.007242313 0.998225391 105.682052612
0.996116519 0.018880321 0.085997470 -3.302812576 -0.017957270 0.999772787 -0.011494523 -2.276165724 -0.086194918 0.009905603 0.996228993 106.075859070
0.993125439 0.016157579 0.115934059 -3.228507996 -0.014818495 0.999813378 -0.012403026 -2.289629698 -0.116112806 0.010599792 0.993179440 106.477180481
0.988850296 0.013614153 0.148289874 -3.145650864 -0.011666448 0.999834001 -0.013996389 -2.305802584 -0.148455784 0.012110315 0.988844872 106.848945618
0.982911110 0.011153247 0.183742896 -3.039991379 -0.008511204 0.999848843 -0.015161434 -2.328160048 -0.183884189 0.013338467 0.982857347 107.228950500
0.974883556 0.007405913 0.222592324 -2.945940018 -0.003998935 0.999867916 -0.015752738 -2.340880632 -0.222679615 0.014466953 0.974784315 107.528160095
0.964743257 0.005327270 0.263138771 -2.824472427 -0.001040705 0.999864459 -0.016426831 -2.356730223 -0.263190597 0.015573823 0.964618206 107.881217957
0.952412724 0.006340673 0.304744929 -2.684150696 -0.001033456 0.999845088 -0.017573429 -2.370060444 -0.304809123 0.016422218 0.952271879 108.221321106
0.937082529 0.008172194 0.349011928 -2.541625977 -0.002084757 0.999839127 -0.017813975 -2.385065556 -0.349101365 0.015965560 0.936948955 108.538986206
0.919378579 0.008895711 0.393273175 -2.366825104 -0.002352159 0.999850690 -0.017117513 -2.389606476 -0.393366784 0.014812432 0.919262350 108.858024597
0.898679674 0.007658592 0.438538671 -2.191085815 -0.000900790 0.999877632 -0.015615807 -2.403707266 -0.438604593 0.013638576 0.898576677 109.165321350
0.875480413 0.006393471 0.483211279 -1.996242523 0.001504870 0.999871552 -0.015956033 -2.417124271 -0.483251214 0.014696365 0.875358403 109.452743530
0.850486338 0.007046798 0.525949836 -1.775920868 0.003132759 0.999824643 -0.018461708 -2.426756859 -0.525987744 0.017349103 0.850315213 109.735237122
0.822240949 0.010011542 0.569051385 -1.552196503 0.002801881 0.999761939 -0.021637732 -2.446989536 -0.569132566 0.019385844 0.822017312 110.022720337
0.792414010 0.013438347 0.609835565 -1.307064056 0.002158165 0.999689281 -0.024833467 -2.470762014 -0.609979868 0.020994514 0.792138696 110.268432617
0.758337975 0.019848270 0.651559472 -1.055133820 -0.001332237 0.999581456 -0.028899409 -2.479637861 -0.651860297 0.021047486 0.758046985 110.523490906
0.720687270 0.024497941 0.692827404 -0.784622192 -0.003370033 0.999487340 -0.031835694 -2.487120628 -0.693252206 0.020608731 0.720400393 110.772399902
0.681425393 0.024907274 0.731463671 -0.490898132 -0.001624632 0.999469757 -0.032519732 -2.503290415 -0.731885850 0.020971406 0.681104541 110.993835449
0.640846252 0.022033686 0.767352998 -0.175510406 0.002901061 0.999511302 -0.031122645 -2.514916658 -0.767663836 0.022170963 0.640469193 111.188446045
0.596752286 0.020028358 0.802175581 0.150169373 0.004593784 0.999586761 -0.028374631 -2.521207094 -0.802412391 0.020617645 0.596413672 111.387840271
0.551309466 0.018668903 0.834091902 0.465633392 0.004799856 0.999662042 -0.025547303 -2.539420605 -0.834286988 0.018087991 0.551033616 111.526245117
0.503124535 0.016142197 0.864063144 0.823345184 0.006600072 0.999724567 -0.022519659 -2.548357010 -0.864188731 0.017033072 0.502879500 111.691780090
0.452279270 0.012381470 0.891790390 1.193397522 0.009700071 0.999776125 -0.018800205 -2.556673050 -0.891823471 0.017153373 0.452058077 111.839233398
0.399720132 0.012384186 0.916553497 1.553794861 0.005879889 0.999853492 -0.016073998 -2.582134247 -0.916618347 0.011814334 0.399588853 111.973663330
0.348481596 0.017865654 0.937145293 1.950889587 0.002306626 0.999798894 -0.019917803 -2.584269524 -0.937312782 0.009102631 0.348370343 112.093391418
0.298104078 0.023012705 0.954255879 2.344614029 0.000581240 0.999704897 -0.024290320 -2.604286909 -0.954533219 0.007795695 0.298002601 112.186508179
0.251370221 0.025112214 0.967565238 2.750432968 0.002212906 0.999645770 -0.026519746 -2.615696907 -0.967888534 0.008807402 0.251225561 112.258407593
0.210347086 0.024786917 0.977312505 3.171016693 0.009031893 0.999586582 -0.027295778 -2.632354736 -0.977585137 0.014568569 0.210036218 112.305534363
0.175316840 0.024494311 0.984207332 3.607120514 0.017756611 0.999449134 -0.028036630 -2.643175602 -0.984351933 0.022391478 0.174785316 112.341621399
0.144715354 0.025770107 0.989137709 4.059597015 0.021912225 0.999332190 -0.029241566 -2.656993389 -0.989230633 0.025905911 0.144054025 112.380317688
0.116340011 0.023903396 0.992921770 4.531029701 0.019918391 0.999453127 -0.026394455 -2.676316738 -0.993009746 0.022848137 0.115800261 112.428314209
0.091061831 0.020635322 0.995631456 5.046665192 0.013682469 0.999664903 -0.021970341 -2.689744473 -0.995751202 0.015623354 0.090748966 112.472763062
0.067480311 0.016816311 0.997578859 5.530638218 0.008273383 0.999814093 -0.017413637 -2.704137802 -0.997686327 0.009428428 0.067328632 112.498504639
0.044813290 0.014289433 0.998893142 6.055664062 0.012398903 0.999812782 -0.014858836 -2.722414017 -0.998918474 0.013051054 0.044627719 112.504875183
0.024649788 0.015059933 0.999582648 6.593471527 0.020200655 0.999674916 -0.015559468 -2.738212109 -0.999492049 0.020575764 0.024337534 112.489311218
0.007336881 0.017570464 0.999818623 7.145750999 0.025105307 0.999527216 -0.017749568 -2.752752542 -0.999657929 0.025230985 0.006892275 112.471931458
-0.007738329 0.022677097 0.999712884 7.754100323 0.023888117 0.999461651 -0.022486489 -2.773214579 -0.999684751 0.023707252 -0.008275881 112.484848022
-0.017963866 0.027781365 0.999452531 8.362522125 0.022800436 0.999365330 -0.027369132 -2.773002386 -0.999578595 0.022296306 -0.018585891 112.465614319
-0.024651896 0.027384644 0.999320924 8.984018326 0.024719436 0.999335825 -0.026775260 -2.790951014 -0.999390364 0.024042593 -0.025312455 112.450378418
-0.027318830 0.024603000 0.999323905 9.631834984 0.031210933 0.999230623 -0.023747480 -2.804032326 -0.999139369 0.030541079 -0.028065696 112.429168701
-0.026787788 0.022610642 0.999385417 10.277666092 0.032227520 0.999244034 -0.021743607 -2.832486153 -0.999121547 0.031625252 -0.027496228 112.403572083
-0.024393879 0.022315312 0.999453425 10.977726936 0.031003103 0.999286890 -0.021554900 -2.854173899 -0.999221563 0.030460348 -0.025068330 112.385040283
-0.022885488 0.022792751 0.999478161 11.659772873 0.027855352 0.999366522 -0.022152385 -2.872508764 -0.999350011 0.027333848 -0.023505887 112.374626160
-0.021817422 0.023937084 0.999475300 12.372078896 0.026955437 0.999364018 -0.023346011 -2.891367197 -0.999398530 0.026431946 -0.022448784 112.370338440
-0.020863360 0.024741551 0.999476194 13.101716995 0.026393661 0.999358892 -0.024187708 -2.916077852 -0.999433875 0.025875200 -0.021503003 112.356079102
-0.020408837 0.024540618 0.999490559 13.851049423 0.025606461 0.999383569 -0.024015129 -2.934454441 -0.999463737 0.025103295 -0.021024652 112.352912903
-0.019819012 0.023137186 0.999535918 14.607431412 0.024898298 0.999433517 -0.022641132 -2.959157467 -0.999493480 0.024438014 -0.020383861 112.342956543
-0.018870836 0.021508103 0.999590516 15.355464935 0.025787951 0.999446452 -0.021018161 -2.992901564 -0.999489248 0.025380764 -0.019415040 112.318893433
-0.019618474 0.019397737 0.999619305 16.143075943 0.026150079 0.999479711 -0.018881805 -3.015086174 -0.999465466 0.025769698 -0.020115515 112.310935974
-0.021143904 0.017577387 0.999621928 16.925394058 0.022881959 0.999592066 -0.017092869 -3.044476271 -0.999514580 0.022511896 -0.021537479 112.303543091
-0.021647314 0.016713165 0.999625921 17.718780518 0.023443909 0.999593794 -0.016204940 -3.061262369 -0.999490738 0.023084346 -0.022030350 112.276565552
-0.022776535 0.014406012 0.999636710 18.518085480 0.025635397 0.999575853 -0.013821037 -3.077048540 -0.999411881 0.025311289 -0.023136176 112.257873535
-0.024476890 0.012749175 0.999619067 19.331315994 0.026905959 0.999564826 -0.012089659 -3.099688530 -0.999338329 0.026599795 -0.024809267 112.245796204
-0.026033128 0.011614244 0.999593556 20.153263092 0.024701579 0.999634683 -0.010971403 -3.129121542 -0.999355853 0.024405921 -0.026310507 112.224922180
-0.026607040 0.016363375 0.999512076 20.971323013 0.021423856 0.999645650 -0.015795259 -3.155257463 -0.999416351 0.020993134 -0.026948182 112.202629089
-0.027666356 0.021009404 0.999396503 21.807186127 0.022672791 0.999535084 -0.020384667 -3.176879883 -0.999360025 0.022095131 -0.028129837 112.186790466
-0.028878689 0.022953887 0.999319375 22.644968033 0.022828024 0.999490678 -0.022298127 -3.198654890 -0.999322176 0.022168541 -0.029387971 112.165351868
-0.030621611 0.020596087 0.999318838 23.492086411 0.019190233 0.999615431 -0.020014163 -3.230648041 -0.999346793 0.018564289 -0.031005077 112.152893066
-0.031141208 0.015972298 0.999387383 24.333894730 0.016362375 0.999746621 -0.015468181 -3.265309334 -0.999381185 0.015870653 -0.031394653 112.129425049
-0.031498276 0.010612777 0.999447405 25.188470840 0.014864114 0.999838054 -0.010148471 -3.290877819 -0.999393225 0.014536243 -0.031650927 112.108489990
-0.031681333 0.004970457 0.999485612 26.036956787 0.011391606 0.999924421 -0.004611555 -3.311868906 -0.999433100 0.011239650 -0.031735551 112.089225769
-0.031413261 0.003089639 0.999501705 26.885910034 0.008713135 0.999958038 -0.002817207 -3.342328310 -0.999468505 0.008620298 -0.031438857 112.072921753
-0.030396294 0.010267165 0.999485195 27.717899323 0.010823375 0.999891937 -0.009942183 -3.369991779 -0.999479294 0.010515595 -0.030504134 112.037673950
-0.028731428 0.021404086 0.999357998 28.546928406 0.013597404 0.999686539 -0.021020200 -3.391742706 -0.999494672 0.012984733 -0.029013461 112.005775452
-0.029056489 0.026751498 0.999219656 29.381265640 0.015355351 0.999535859 -0.026313435 -3.411664248 -0.999459863 0.014578795 -0.029453771 111.995140076
-0.027972570 0.021141902 0.999385059 30.224617004 0.016952001 0.999642551 -0.020672861 -3.445468187 -0.999464869 0.016363304 -0.028320964 111.975418091
-0.026601365 0.013259979 0.999558210 31.059776306 0.020194395 0.999715090 -0.012724625 -3.478887796 -0.999442101 0.019846976 -0.026861567 111.944122314
-0.025630791 0.010737090 0.999613881 31.890207291 0.021674599 0.999713242 -0.010182407 -3.500017166 -0.999436557 0.021405241 -0.025856165 111.920600891
-0.026155435 0.011317045 0.999593854 32.709041595 0.020656889 0.999728560 -0.010778060 -3.523622513 -0.999444366 0.020366592 -0.026382105 111.906929016
-0.027230496 0.011824162 0.999559224 33.531421661 0.016800111 0.999794245 -0.011369265 -3.555327892 -0.999487996 0.016483111 -0.027423540 111.895103455
-0.029095650 0.012006801 0.999504507 34.343299866 0.015299560 0.999816000 -0.011565172 -3.578862429 -0.999459505 0.014955482 -0.029273996 111.871307373
-0.031035207 0.011686330 0.999449909 35.151252747 0.014641463 0.999829590 -0.011236119 -3.604691505 -0.999411047 0.014284692 -0.031201020 111.844314575
-0.033036646 0.012110308 0.999380648 35.954803467 0.014089246 0.999832809 -0.011650036 -3.627212048 -0.999354839 0.013695642 -0.033201747 111.821884155
-0.035275672 0.012234146 0.999302685 36.764904022 0.011848208 0.999859929 -0.011822723 -3.654836893 -0.999307334 0.011422892 -0.035415679 111.802879333
-0.037479766 0.011535225 0.999230742 37.559207916 0.010560818 0.999882102 -0.011146621 -3.677707195 -0.999241590 0.010134921 -0.037597172 111.783737183
-0.039408177 0.010440548 0.999168634 38.348712921 0.010798138 0.999891400 -0.010022214 -3.702033997 -0.999164879 0.010394203 -0.039516643 111.751808167
-0.041455850 0.009901313 0.999091268 39.127944946 0.010007869 0.999904871 -0.009494113 -3.732631922 -0.999090254 0.009605188 -0.041550994 111.721488953
-0.043082573 0.011380092 0.999006748 39.930999756 0.010673349 0.999883294 -0.010929785 -3.748915911 -0.999014437 0.010191863 -0.043199010 111.697387695
-0.044507951 0.011612559 0.998941541 40.715278625 0.011015058 0.999877274 -0.011132661 -3.772934198 -0.998948336 0.010507907 -0.044630405 111.667297363
-0.045223534 0.010517826 0.998921454 41.472808838 0.013638907 0.999857783 -0.009910220 -3.794577122 -0.998883784 0.013176024 -0.045360561 111.624862671
-0.046783913 0.009878371 0.998856127 42.248184204 0.013640558 0.999864101 -0.009249451 -3.817340136 -0.998811901 0.013192229 -0.046912298 111.594985962
-0.048548147 0.009516035 0.998775363 43.012306213 0.012492518 0.999882221 -0.008919345 -3.838724136 -0.998742700 0.012044204 -0.048661295 111.568412781
-0.049483754 0.008599117 0.998737812 43.772544861 0.010427445 0.999912858 -0.008092592 -3.858615875 -0.998720467 0.010013833 -0.049569104 111.536071777
-0.050772522 0.007497554 0.998681962 44.513336182 0.009272822 0.999932289 -0.007035512 -3.880723000 -0.998667181 0.008903391 -0.050838597 111.510597229
-0.051764246 0.006770155 0.998636246 45.237213135 0.009376311 0.999936223 -0.006292945 -3.909054279 -0.998615384 0.009037777 -0.051824417 111.485130310
-0.051036399 0.009445976 0.998652160 45.922718048 0.009383461 0.999915600 -0.008978385 -3.924315691 -0.998652697 0.008912588 -0.051120732 111.436325073
-0.051173016 0.012379009 0.998613179 46.624866486 0.009743692 0.999881804 -0.011895430 -3.945125341 -0.998642266 0.009121453 -0.051287588 111.407012939
-0.051091492 0.014156791 0.998593628 47.325191498 0.007715846 0.999875307 -0.013780192 -3.964015484 -0.998664141 0.007000944 -0.051194355 111.374893188
-0.051263086 0.014710157 0.998576880 48.025249481 0.007886080 0.999866247 -0.014324313 -3.989619255 -0.998654008 0.007140549 -0.051372249 111.343513489
-0.052037302 0.014539918 0.998539150 48.749183655 0.009053783 0.999859750 -0.014087321 -4.009572029 -0.998604119 0.008307491 -0.052161645 111.317565918
-0.052299410 0.013809278 0.998535812 49.436103821 0.009182508 0.999868691 -0.013346766 -4.033388615 -0.998589337 0.008471037 -0.052419350 111.283378601
-0.052958921 0.014293417 0.998494267 50.133796692 0.005239928 0.999887705 -0.014035443 -4.052009106 -0.998582959 0.004488738 -0.053027872 111.263359070
-0.052942630 0.014176678 0.998496890 50.815788269 0.002830868 0.999897242 -0.014046462 -4.078199387 -0.998593569 0.002082956 -0.052977327 111.237068176
-0.052353576 0.013076709 0.998542905 51.488983154 0.005404687 0.999903262 -0.012811154 -4.097364426 -0.998614013 0.004726103 -0.052419189 111.200157166
-0.052919976 0.012433626 0.998521447 52.168411255 0.005795042 0.999909461 -0.012143784 -4.120740414 -0.998581827 0.005143825 -0.052987244 111.154258728
-0.056514066 0.011641820 0.998333871 52.837905884 0.002190668 0.999930978 -0.011536433 -4.143746853 -0.998399377 0.001535047 -0.056535676 111.123130798
-0.061541390 0.011134899 0.998042285 53.509799957 -0.001560791 0.999935508 -0.011252259 -4.166929245 -0.998103261 -0.002250215 -0.061520040 111.089912415
-0.067089602 0.015620193 0.997624695 54.156173706 0.003001737 0.999876082 -0.015453577 -4.179522038 -0.997742355 0.001957833 -0.067128181 111.035873413
-0.073719233 0.018106258 0.997114599 54.840198517 0.005426901 0.999827683 -0.017754294 -4.203632832 -0.997264206 0.004102410 -0.073804788 110.981292725
-0.081556097 0.019534785 0.996477246 55.526741028 0.002904831 0.999808371 -0.019362342 -4.228597164 -0.996664464 0.001315481 -0.081597209 110.934890747
-0.087891504 0.018436840 0.995959342 56.166145325 -0.000688629 0.999827266 -0.018569209 -4.253439426 -0.996129811 -0.002317922 -0.087863632 110.881492615
-0.093176134 0.017665954 0.995492876 56.854225159 -0.000622951 0.999841273 -0.017801428 -4.270754337 -0.995649457 -0.002278811 -0.093150355 110.820419312
-0.097538725 0.017940830 0.995069981 57.542182922 -0.003020900 0.999827504 -0.018322723 -4.295327187 -0.995227098 -0.004793182 -0.097467721 110.752998352
-0.102219172 0.017519316 0.994607627 58.236244202 -0.004811532 0.999824464 -0.018105701 -4.312144756 -0.994750261 -0.006636337 -0.102116957 110.695709229
-0.104284883 0.013296308 0.994458497 58.939079285 -0.005540107 0.999887228 -0.013949855 -4.345070362 -0.994532049 -0.006964168 -0.104199484 110.616561890
-0.105225757 0.010465533 0.994393229 59.655029297 -0.003492668 0.999934435 -0.010893442 -4.364767551 -0.994442225 -0.004619356 -0.105182320 110.533172607
-0.107424147 0.008164584 0.994179726 60.366195679 -0.003150101 0.999958456 -0.008552418 -4.380611897 -0.994208217 -0.004050503 -0.107393965 110.465629578
-0.108636312 0.008070042 0.994048834 61.091922760 -0.003961293 0.999955535 -0.008550913 -4.394755363 -0.994073629 -0.004866659 -0.108599514 110.391471863
-0.109161355 0.011949413 0.993952274 61.823928833 -0.002268487 0.999922097 -0.012270324 -4.410484314 -0.994021416 -0.003594213 -0.109125748 110.316833496
-0.109558485 0.016169978 0.993848860 62.561824799 0.003878478 0.999866962 -0.015840344 -4.430952072 -0.993972778 0.002119177 -0.109606639 110.233024597
-0.110282890 0.020447550 0.993689895 63.304985046 0.010534640 0.999756157 -0.019403212 -4.461722374 -0.993844390 0.008328325 -0.110471420 110.142234802
-0.110765353 0.021517552 0.993613720 64.059783936 0.011763660 0.999723971 -0.020338500 -4.482494354 -0.993776977 0.009435732 -0.110987909 110.054695129
-0.110984139 0.018878615 0.993642807 64.810302734 0.009413727 0.999794781 -0.017944036 -4.508579731 -0.993777573 0.007362379 -0.111139067 109.978256226
-0.110931970 0.013947754 0.993730128 65.560577393 0.010024375 0.999866366 -0.012914838 -4.532442093 -0.993777454 0.008528855 -0.111056961 109.897720337
-0.111083776 0.012728773 0.993729532 66.311782837 0.012014753 0.999862075 -0.011464260 -4.550427437 -0.993738413 0.010665922 -0.111221388 109.813819885
-0.111986533 0.011912621 0.993638277 67.053421021 0.012508906 0.999865770 -0.010577481 -4.576368332 -0.993631005 0.011244792 -0.112120502 109.727050781
-0.113641523 0.012588350 0.993441999 67.799537659 0.010982461 0.999874413 -0.011413556 -4.598962784 -0.993461013 0.009613384 -0.113765508 109.649108887
-0.115985043 0.013458481 0.993159771 68.535354614 0.010036312 0.999872923 -0.012377375 -4.618432999 -0.993200243 0.008532071 -0.116105393 109.570304871
-0.118297018 0.013697796 0.992883742 69.274116516 0.011379156 0.999857962 -0.012438243 -4.641035080 -0.992913008 0.009826771 -0.118436068 109.483581543
-0.120296672 0.013941783 0.992640078 70.017127991 0.011436042 0.999854565 -0.012657193 -4.660825729 -0.992672086 0.009829254 -0.120438598 109.397026062
-0.122088119 0.013471149 0.992427766 70.763725281 0.011312230 0.999861836 -0.012180429 -4.683825970 -0.992454767 0.009739487 -0.122223631 109.303825378
-0.123749085 0.013675981 0.992219329 71.514518738 0.009158956 0.999878109 -0.012639246 -4.705194950 -0.992271245 0.007523597 -0.123859234 109.216209412
-0.124703862 0.015340374 0.992075443 72.264442444 0.009023721 0.999856591 -0.014326413 -4.725812435 -0.992152929 0.007165653 -0.124824397 109.124595642
-0.125464365 0.015569913 0.991976023 73.028572083 0.008392793 0.999857724 -0.014632109 -4.746057510 -0.992062569 0.006489641 -0.125577167 109.033256531
-0.127147257 0.015835490 0.991757452 73.794807434 0.007534978 0.999859154 -0.014998835 -4.767117500 -0.991855204 0.005565810 -0.127248645 108.942977905
-0.128272653 0.014410146 0.991634250 74.573287964 0.008198229 0.999875665 -0.013469425 -4.783737659 -0.991705000 0.006401885 -0.128374845 108.849784851
-0.129031092 0.012129642 0.991566360 75.354553223 0.006229387 0.999915361 -0.011421151 -4.803772449 -0.991620958 0.004703167 -0.129095703 108.751831055
-0.131123230 0.010075664 0.991314769 76.145263672 0.002604564 0.999948382 -0.009818901 -4.821281910 -0.991362572 0.001294457 -0.131142706 108.660820007
-0.133100674 0.009323182 0.991058707 76.924987793 0.004248830 0.999951839 -0.008836218 -4.844996452 -0.991093397 0.003034733 -0.133133888 108.551803589
-0.134641916 0.010132488 0.990842521 77.721008301 0.005679703 0.999939144 -0.009453718 -4.862234592 -0.990878046 0.004354824 -0.134691268 108.446632385
-0.137029186 0.011712699 0.990497828 78.516052246 0.004953599 0.999925733 -0.011138887 -4.876894474 -0.990554631 0.003380176 -0.137077019 108.338745117
-0.138747856 0.014635321 0.990219593 79.312561035 0.006191218 0.999884009 -0.013910659 -4.906462669 -0.990308404 0.004200591 -0.138822377 108.233718872
-0.139058173 0.018920120 0.990103483 80.125267029 0.008418390 0.999803901 -0.017923143 -4.923969269 -0.990248442 0.005842716 -0.139190167 108.121253967
-0.140058339 0.022415601 0.989889503 80.926651001 0.008835818 0.999732137 -0.021388318 -4.961067200 -0.990103722 0.005750871 -0.140218884 108.000236511
-0.140000522 0.023634311 0.989869356 81.752075195 0.011066543 0.999689996 -0.022303613 -4.987515450 -0.990089536 0.007831914 -0.140218690 107.886444092
-0.139593571 0.023095274 0.989939451 82.586067200 0.014524044 0.999668121 -0.021274179 -5.014132500 -0.990102291 0.011408186 -0.139882714 107.771659851
-0.139045864 0.021086106 0.990061402 83.411117554 0.015214590 0.999700785 -0.019154642 -5.044307709 -0.990168989 0.012400007 -0.139325082 107.646331787
-0.137958348 0.019429861 0.990247428 84.256988525 0.014254140 0.999742866 -0.017630335 -5.072406769 -0.990335405 0.011682874 -0.138199851 107.531173706
-0.137004197 0.016755708 0.990428746 85.109802246 0.013703614 0.999793231 -0.015018537 -5.101335526 -0.990475595 0.011514851 -0.137205511 107.438331604
-0.135707438 0.013710542 0.990654171 85.966674805 0.014155190 0.999828994 -0.011898436 -5.123401165 -0.990647733 0.012408191 -0.135878310 107.331420898
-0.133941576 0.010418396 0.990934491 86.815467834 0.014587317 0.999857128 -0.008540483 -5.147944927 -0.990881801 0.013311149 -0.134074420 107.217483521
-0.132097915 0.010214561 0.991183996 87.665176392 0.012666622 0.999882638 -0.008616085 -5.170749664 -0.991155744 0.011416787 -0.132211819 107.110206604
-0.130785644 0.014276750 0.991307855 88.517135620 0.013236814 0.999832273 -0.012653153 -5.197350025 -0.991322279 0.011466907 -0.130952716 107.001495361
-0.128847629 0.020544715 0.991451502 89.367820740 0.014315367 0.999719679 -0.018855639 -5.220521927 -0.991561055 0.011763489 -0.129105657 106.894279480
-0.127339855 0.024031434 0.991567910 90.215744019 0.012147176 0.999669254 -0.022667805 -5.245027065 -0.991784751 0.009158235 -0.127589673 106.789199829
-0.125858009 0.021589193 0.991813362 91.078582764 0.010881942 0.999733090 -0.020380706 -5.272854805 -0.991988599 0.008227778 -0.126059353 106.684783936
