0.999999940 -0.000000000 -0.000000000 -0.000000030 -0.000000000 1.000000000 0.000000000 0.000000030 -0.000000000 0.000000000 1.000000000 0.000000000
0.999997616 -0.001622384 -0.001435348 -0.002483428 0.001621048 0.999998271 -0.000932040 -0.007702732 0.001436857 0.000929712 0.999998510 0.564240515
0.999995470 -0.001795356 -0.002393038 -0.008015186 0.001789132 0.999994993 -0.002600460 -0.017421357 0.002397695 0.002596168 0.999993742 1.119421959
0.999986529 -0.002519719 -0.004519161 -0.009328272 0.002503802 0.999990642 -0.003524355 -0.035446502 0.004528000 0.003512994 0.999983549 1.684836149
0.999969959 -0.004389164 -0.006378939 -0.019774500 0.004353983 0.999975324 -0.005518552 -0.041784827 0.006403004 0.005490614 0.999964416 2.252073288
0.999946654 -0.007094804 -0.007503268 -0.032289531 0.007042150 0.999950588 -0.007020688 -0.065459535 0.007552707 0.006967474 0.999947250 2.804020643
0.999925256 -0.008322968 -0.008954526 -0.039078776 0.008254910 0.999936938 -0.007610824 -0.078542091 0.009017306 0.007536337 0.999930918 3.375213385
0.999913454 -0.008345028 -0.010170559 -0.053403456 0.008274569 0.999941587 -0.006950218 -0.091771118 0.010227966 0.006865459 0.999924123 3.954313040
0.999897957 -0.008778423 -0.011264574 -0.062397823 0.008694847 0.999934494 -0.007447015 -0.103891671 0.011329208 0.007348311 0.999908745 4.551283360
0.999889135 -0.008050045 -0.012519985 -0.072012551 0.007922844 0.999916792 -0.010176430 -0.120517023 0.012600862 0.010076110 0.999869764 5.142343998
0.999884486 -0.006459672 -0.013756054 -0.086144075 0.006267985 0.999883294 -0.013932587 -0.135809273 0.013844447 0.013844755 0.999808311 5.748117924
0.999874413 -0.005122498 -0.014999704 -0.102573507 0.004856789 0.999831617 -0.017697446 -0.148000836 0.015087835 0.017622372 0.999730885 6.359139919
0.999864399 -0.003273037 -0.016137904 -0.123348020 0.002986897 0.999838471 -0.017723227 -0.160910517 0.016193308 0.017672623 0.999712646 6.994182587
0.999845624 -0.000953686 -0.017545249 -0.131316334 0.000761611 0.999939680 -0.010950861 -0.170132622 0.017554631 0.010935807 0.999786079 7.632422447
0.999836266 -0.000044938 -0.018094825 -0.149503306 0.000043396 0.999999940 -0.000085646 -0.186299890 0.018094826 0.000084847 0.999836266 8.292355537
0.999820650 0.000692822 -0.018924654 -0.168243319 -0.000570915 0.999979019 0.006446350 -0.195480555 0.018928723 -0.006434390 0.999800086 8.976392746
0.999791205 0.003121883 -0.020192670 -0.187984154 -0.003015022 0.999981344 0.005320375 -0.210069880 0.020208901 -0.005258384 0.999781907 9.658573151
0.999771118 0.005045037 -0.020789975 -0.212193996 -0.005084111 0.999985397 -0.001827000 -0.215984017 0.020780455 0.001932279 0.999782205 10.349403381
0.999747455 0.004751837 -0.021966720 -0.231583625 -0.004923220 0.999957860 -0.007754429 -0.216124341 0.021928944 0.007860616 0.999728620 11.060110092
0.999730945 0.002327979 -0.023077255 -0.248722121 -0.002470451 0.999978006 -0.006147030 -0.218831107 0.023062440 0.006202387 0.999714792 11.796851158
0.999722421 0.002122462 -0.023464218 -0.272347182 -0.002052208 0.999993324 0.003017733 -0.231531292 0.023470473 -0.002968742 0.999720156 12.561275482
0.999718070 0.001755494 -0.023679091 -0.295475900 -0.001508338 0.999944270 0.010451552 -0.236566186 0.023696119 -0.010412890 0.999665022 13.337419510
0.999707460 0.000779813 -0.024173705 -0.320177644 -0.000469306 0.999917328 0.012847872 -0.237543851 0.024181727 -0.012832770 0.999625325 14.123308182
0.999700010 -0.000954499 -0.024472512 -0.336979836 0.001247485 0.999927640 0.011959553 -0.238547862 0.024459332 -0.011986495 0.999629021 14.931651115
0.999712825 -0.001405635 -0.023919422 -0.360194892 0.001634732 0.999952912 0.009560969 -0.240872279 0.023904856 -0.009597325 0.999668181 15.760078430
0.999728024 0.001287345 -0.023282725 -0.385814875 -0.001141107 0.999979436 0.006293128 -0.242312148 0.023290353 -0.006264849 0.999709129 16.596086502
0.999741793 -0.002099549 -0.022619622 -0.402796149 0.002110854 0.999997616 0.000475888 -0.244886428 0.022618568 -0.000523511 0.999744058 17.449401855
0.999748588 -0.004834531 -0.021895474 -0.422190517 0.004710744 0.999972582 -0.005701603 -0.254985541 0.021922441 0.005597029 0.999743998 18.324319839
0.999777794 -0.003588601 -0.020773089 -0.441259682 0.003356640 0.999931753 -0.011190501 -0.268566191 0.020811830 0.011118283 0.999721587 19.224405289
0.999790668 -0.002253383 -0.020339087 -0.468077987 0.002007164 0.999924600 -0.012118032 -0.282534242 0.020364856 0.012074668 0.999719739 20.129816055
0.999775171 -0.002262492 -0.021083178 -0.484838128 0.002019262 0.999931216 -0.011550816 -0.301106006 0.021107860 0.011505645 0.999711037 21.066181183
0.999784231 -0.000813752 -0.020753592 -0.516863346 0.000546298 0.999916732 -0.012889522 -0.326294541 0.020762352 0.012875402 0.999701560 22.005693436
0.999780715 0.002423766 -0.020798191 -0.533991396 -0.002730972 0.999887407 -0.014755124 -0.350504607 0.020760085 0.014808690 0.999674737 22.955669403
0.999763191 0.005668283 -0.021008722 -0.562462807 -0.005996388 0.999860525 -0.015587587 -0.373006970 0.020917436 0.015709871 0.999657750 23.920795441
0.999753654 0.007426320 -0.020916177 -0.593806267 -0.007749888 0.999850810 -0.015431337 -0.400914520 0.020798462 0.015589635 0.999662101 24.896406174
0.999741852 0.008367224 -0.021121863 -0.623601615 -0.008696651 0.999841213 -0.015553081 -0.425194204 0.020988375 0.015732758 0.999655902 25.880128860
0.999732256 0.008379490 -0.021565881 -0.635255158 -0.008712527 0.999843538 -0.015395460 -0.456560493 0.021433499 0.015579235 0.999648809 26.871904373
0.999715149 0.009396831 -0.021938199 -0.660388947 -0.009707092 0.999853730 -0.014079157 -0.486443192 0.021802694 0.014288102 0.999660134 27.873611450
0.999706507 0.009895553 -0.022115722 -0.688865781 -0.010166695 0.999874115 -0.012181536 -0.512577176 0.021992395 0.012402803 0.999681115 28.889316559
0.999696612 0.010437643 -0.022307735 -0.719933569 -0.010692050 0.999878824 -0.011315643 -0.538997829 0.022186926 0.011550727 0.999687135 29.915649414
0.999693513 0.010464557 -0.022431629 -0.745138228 -0.010743837 0.999865770 -0.012366069 -0.565512359 0.022299215 0.012603283 0.999671936 30.941127777
0.999668181 0.011622365 -0.022984089 -0.771555722 -0.011934488 0.999837816 -0.013489771 -0.590132713 0.022823576 0.013759598 0.999644876 31.973304749
0.999677002 0.011341741 -0.022742454 -0.809474170 -0.011629705 0.999853432 -0.012569988 -0.615691245 0.022596553 0.012830417 0.999662340 33.010478973
0.999663413 0.011002248 -0.023493383 -0.836004198 -0.011233466 0.999889493 -0.009732792 -0.643620908 0.023383703 0.009993427 0.999676585 34.054653168
0.999653399 0.011345158 -0.023755873 -0.868924022 -0.011490998 0.999915898 -0.006011707 -0.666773856 0.023685670 0.006282602 0.999699712 35.107769012
0.999644279 0.011672354 -0.023978852 -0.909166098 -0.011766667 0.999923527 -0.003796006 -0.685729086 0.023932710 0.004076806 0.999705255 36.163257599
0.999620318 0.011033620 -0.025249420 -0.919845343 -0.011114475 0.999933600 -0.003064067 -0.712192893 0.025213931 0.003343538 0.999676526 37.255371094
0.999602795 0.010523703 -0.026145443 -0.945482075 -0.010651430 0.999932051 -0.004750769 -0.728235006 0.026093669 0.005027369 0.999646902 38.328826904
0.999589682 0.011129575 -0.026391814 -0.986938894 -0.011272378 0.999922633 -0.005268248 -0.746106267 0.026331134 0.005563586 0.999637842 39.423171997
0.999564350 0.010747592 -0.027486816 -1.017519832 -0.010856439 0.999933898 -0.003813783 -0.772030413 0.027444007 0.004110531 0.999614894 40.481105804
0.999546528 0.010624679 -0.028172031 -1.050910711 -0.010690344 0.999940515 -0.002181326 -0.788564205 0.028147181 0.002481507 0.999600708 41.596225739
0.999525547 0.010927675 -0.028797254 -1.088215709 -0.010923831 0.999940336 0.000290846 -0.807860911 0.028798716 0.000023869 0.999585211 42.680130005
0.999491215 0.012043903 -0.029531244 -1.122748256 -0.012040489 0.999927521 0.000293375 -0.831378520 0.029532639 0.000062346 0.999563813 43.755924225
0.999460936 0.013546204 -0.029902555 -1.164904237 -0.013653823 0.999901056 -0.003397745 -0.856414258 0.029853571 0.003804199 0.999547005 44.855270386
0.999453306 0.014969145 -0.029477851 -1.203495264 -0.015199928 0.999855459 -0.007620594 -0.873757064 0.029359518 0.008064489 0.999536395 45.943199158
0.999455452 0.015184985 -0.029296177 -1.244588852 -0.015425511 0.999849021 -0.008001617 -0.896792829 0.029170251 0.008449168 0.999538779 47.026470184
0.999467790 0.015960369 -0.028450482 -1.293538332 -0.016116045 0.999856353 -0.005250954 -0.921498418 0.028362591 0.005706669 0.999581397 48.094757080
0.999443531 0.016626647 -0.028915083 -1.325037837 -0.016726000 0.999854982 -0.003197611 -0.948438942 0.028857727 0.003679467 0.999576747 49.211128235
0.999468207 0.014516272 -0.029194864 -1.352867723 -0.014568686 0.999892652 -0.001583371 -0.974949479 0.029168744 0.002007860 0.999572456 50.325874329
0.999492288 0.014396206 -0.028420927 -1.392834425 -0.014462689 0.999893188 -0.002134953 -1.000403047 0.028387155 0.002544912 0.999593794 51.414299011
0.999502718 0.013362248 -0.028557651 -1.425840259 -0.013487032 0.999900341 -0.004181382 -1.017854571 0.028498931 0.004564461 0.999583364 52.503074646
0.999507189 0.013824167 -0.028182277 -1.460117340 -0.014011043 0.999881148 -0.006444344 -1.044227242 0.028089838 0.006836032 0.999581993 53.591415405
0.999526739 0.012771425 -0.027984239 -1.493495226 -0.013025966 0.999875307 -0.008932538 -1.070104241 0.027866665 0.009292832 0.999568462 54.687747955
0.999543667 0.011364049 -0.027987165 -1.527589798 -0.011705288 0.999858797 -0.012059205 -1.106144786 0.027846171 0.012381300 0.999535561 55.765861511
0.999568522 0.009616678 -0.027751470 -1.555056334 -0.010002193 0.999854982 -0.013786547 -1.137864232 0.027614865 0.014058174 0.999519825 56.856975555
0.999595284 0.008115124 -0.027266763 -1.590600371 -0.008427180 0.999900162 -0.011349246 -1.170775056 0.027171940 0.011574434 0.999563873 57.944259644
0.999601603 0.006672391 -0.027423440 -1.617704511 -0.006825063 0.999961674 -0.005477383 -1.196279526 0.027385846 0.005662368 0.999608934 59.037982941
0.999617398 0.005182711 -0.027168253 -1.648856640 -0.005181007 0.999986589 0.000133171 -1.215930700 0.027168579 0.000007639 0.999630868 60.149082184
0.999617517 0.003334140 -0.027451973 -1.675403357 -0.003318826 0.999994397 0.000603435 -1.232707500 0.027453829 -0.000512096 0.999623001 61.238048553
0.999637783 0.000076877 -0.026912244 -1.708096743 -0.000140395 0.999997199 -0.002358258 -1.251638055 0.026911987 0.002361182 0.999635041 62.328346252
0.999646664 -0.001055883 -0.026558585 -1.746148586 0.000916886 0.999985814 -0.005245253 -1.277956724 0.026563749 0.005219047 0.999633431 63.425926208
0.999645054 0.000967470 -0.026623474 -1.783677101 -0.001216266 0.999955714 -0.009330371 -1.303181767 0.026613273 0.009359441 0.999601960 64.512931824
0.999648571 0.001221012 -0.026478166 -1.818277836 -0.001576521 0.999908924 -0.013409786 -1.332814336 0.026459379 0.013446815 0.999559402 65.592422485
0.999654055 0.004096093 -0.025980476 -1.850297689 -0.004467986 0.999888122 -0.014272435 -1.360226274 0.025919110 0.014383577 0.999560595 66.708663940
0.999664187 0.007897004 -0.024682445 -1.896921396 -0.008166163 0.999908149 -0.010823186 -1.387300491 0.024594707 0.011021112 0.999636769 67.807403564
0.999644876 0.009500301 -0.024899485 -1.927807689 -0.009720843 0.999914467 -0.008751231 -1.415768027 0.024814216 0.008990168 0.999651670 68.911918640
0.999644756 0.009449935 -0.024919765 -1.953745842 -0.009636774 0.999926269 -0.007388260 -1.456059575 0.024848109 0.007625781 0.999662161 69.998146057
0.999658644 0.007770775 -0.024942387 -1.981653690 -0.007939159 0.999946356 -0.006659073 -1.482983589 0.024889300 0.006854821 0.999666691 71.091423035
0.999661148 0.006772215 -0.025135694 -2.014533043 -0.006905483 0.999962568 -0.005218883 -1.508460402 0.025099408 0.005390688 0.999670446 72.191253662
0.999667764 0.005281501 -0.025231153 -2.051936865 -0.005365051 0.999980390 -0.003244776 -1.529161215 0.025213519 0.003379064 0.999676466 73.283332825
0.999642134 0.004292779 -0.026405055 -2.073287964 -0.004339075 0.999989212 -0.001696212 -1.553321958 0.026397485 0.001810178 0.999649942 74.359626770
0.999638498 0.003463739 -0.026662534 -2.108910799 -0.003537501 0.999990106 -0.002719847 -1.583427310 0.026652845 0.002813183 0.999640763 75.476600647
0.999616206 0.003730592 -0.027454766 -2.140000343 -0.003906982 0.999972105 -0.006373911 -1.609194994 0.027430223 0.006478729 0.999602735 76.556556702
0.999602675 0.004545324 -0.027818875 -2.181505442 -0.004784118 0.999952197 -0.008523317 -1.634085536 0.027778806 0.008653017 0.999576688 77.647987366
0.999574900 0.006264486 -0.028476037 -2.216526270 -0.006460677 0.999955952 -0.006802856 -1.659773588 0.028432170 0.006983936 0.999571383 78.731132507
0.999556899 0.007518794 -0.028799549 -2.262195826 -0.007593043 0.999968112 -0.002469588 -1.685654402 0.028780065 0.002687171 0.999582112 79.820709229
0.999524593 0.008790536 -0.029552145 -2.298414230 -0.008745712 0.999960423 0.001645687 -1.707678199 0.029565440 -0.001386450 0.999561846 80.893257141
0.999494553 0.009985806 -0.030180475 -2.338870525 -0.009921514 0.999948144 0.002279269 -1.728771806 0.030201670 -0.001978681 0.999541819 81.975479126
0.999488115 0.009445918 -0.030564353 -2.378818750 -0.009440250 0.999955416 0.000329764 -1.753473997 0.030566107 -0.000041060 0.999532700 83.035453796
0.999480128 0.009398245 -0.030839581 -2.420320034 -0.009406489 0.999955773 -0.000122243 -1.774020672 0.030837074 0.000412271 0.999524295 84.101333618
0.999473333 0.009183398 -0.031124234 -2.461440086 -0.009201808 0.999957561 -0.000448272 -1.792675853 0.031118797 0.000734435 0.999515355 85.162406921
0.999436915 0.007415570 -0.032724839 -2.488459587 -0.007420680 0.999972522 -0.000034660 -1.814056516 0.032723684 0.000277481 0.999464393 86.194473267
0.999439836 0.006591283 -0.032808993 -2.532882929 -0.006566854 0.999978125 0.000852310 -1.831670046 0.032813892 -0.000636380 0.999461234 87.226203918
0.999430418 0.006698105 -0.033072937 -2.573560476 -0.006583271 0.999971986 0.003579836 -1.851306200 0.033095989 -0.003360069 0.999446511 88.229141235
0.999408782 0.005913186 -0.033868399 -2.616565704 -0.005750701 0.999971509 0.004892971 -1.877429008 0.033896368 -0.004695310 0.999414265 89.212196350
0.999323666 0.004695041 -0.036470406 -2.651155949 -0.004523177 0.999978304 0.004793530 -1.892221093 0.036492120 -0.004625326 0.999323189 90.181640625
0.999198258 0.003645224 -0.039867491 -2.688815594 -0.003493514 0.999986410 0.003874385 -1.910429120 0.039881073 -0.003732001 0.999197423 91.115081787
0.999052107 0.003367351 -0.043398399 -2.734205961 -0.003262909 0.999991596 0.002477187 -1.924515605 0.043406378 -0.002333234 0.999054730 92.033493042
0.998933673 0.003398173 -0.046042405 -2.789301634 -0.003240604 0.999988616 0.003496476 -1.947700381 0.046053767 -0.003343542 0.998933315 92.928146362
0.998772383 0.004715460 -0.049310002 -2.837191582 -0.004507215 0.999980450 0.004333538 -1.961890221 0.049329478 -0.004105966 0.998774111 93.793365479
0.998623908 0.005423670 -0.052160751 -2.893780947 -0.005135198 0.999970734 0.005662879 -1.980048299 0.052189942 -0.005387230 0.998622596 94.639739990
0.998436034 0.006794309 -0.055491023 -2.939875603 -0.006409395 0.999954104 0.007111564 -1.992225409 0.055536803 -0.006744778 0.998433828 95.459648132
0.998291969 0.008129769 -0.057853762 -2.998559713 -0.007687477 0.999939442 0.007863482 -2.006808758 0.057914197 -0.007405302 0.998293996 96.247253418
0.998131514 0.010065850 -0.060266286 -3.050854683 -0.009572470 0.999918342 0.008469826 -2.024744987 0.060346615 -0.007877101 0.998146415 97.004516602
0.997918725 0.011630587 -0.063424997 -3.098570347 -0.011196824 0.999911487 0.007190179 -2.036717176 0.063503005 -0.006465056 0.997960687 97.737113953
0.997748852 0.013037413 -0.065781355 -3.156355381 -0.012825774 0.999911249 0.003638638 -2.056356430 0.065822951 -0.002786751 0.997827411 98.425537109
0.997532904 0.015535608 -0.068460420 -3.212201834 -0.015572826 0.999878764 -0.000009934 -2.068074465 0.068451963 0.001076032 0.997653842 99.096679688
0.997372329 0.017461957 -0.070308700 -3.263735771 -0.017715197 0.999838591 -0.002979796 -2.082751751 0.070245318 0.004217498 0.997520864 99.734191895
0.997278512 0.019318551 -0.071149625 -3.312304497 -0.019610647 0.999801993 -0.003408993 -2.103533983 0.071069673 0.004795006 0.997459888 100.370513916
0.997304380 0.021810498 -0.070058860 -3.366839170 -0.022085782 0.999751091 -0.003156981 -2.115281582 0.069972575 0.004695775 0.997537971 100.955230713
0.997425497 0.025831981 -0.066895537 -3.416547537 -0.025980825 0.999661565 -0.001355778 -2.134629726 0.066837870 0.003090288 0.997759104 101.524444580
0.997694016 0.028029405 -0.061812781 -3.444714546 -0.028083159 0.999605596 -0.000000775 -2.148605108 0.061788376 0.001736670 0.998087823 102.072975159
0.998084068 0.029150695 -0.054573312 -3.471978664 -0.029086169 0.999574959 0.001976494 -2.160185337 0.054607727 -0.000385378 0.998507917 102.591323853
0.998583376 0.028746774 -0.044774495 -3.488774300 -0.028580869 0.999582052 0.004341441 -2.174705982 0.044880580 -0.003055596 0.998987734 103.081512451
0.999057770 0.028156739 -0.033024460 -3.499271631 -0.027981959 0.999591947 0.005742789 -2.187320232 0.033172686 -0.004813289 0.999437988 103.560913086
0.999439955 0.027275160 -0.019384554 -3.503916025 -0.027168768 0.999614537 0.005730836 -2.195217609 0.019533388 -0.005200972 0.999795675 104.016632080
0.999618769 0.027277026 -0.004263491 -3.495774508 -0.027256845 0.999617338 0.004721993 -2.205754995 0.004390662 -0.004603984 0.999979734 104.456481934
0.999578118 0.025693445 0.013538759 -3.471120119 -0.025720457 0.999667525 0.001824888 -2.217797518 -0.013487375 -0.002172342 0.999906719 104.881134033
0.999073267 0.025392430 0.034756023 -3.442641735 -0.025309088 0.999675691 -0.002835833 -2.228394747 -0.034816761 0.001953561 0.999391794 105.297866821
0.997978687 0.023205819 0.059161399 -3.399001360 -0.022791581 0.999710917 -0.007667094 -2.238761425 -0.059322216 0.006303214 0.998219013 105.705123901
0.996068001 0.021122821 0.086037740 -3.330972195 -0.020307703 0.999740422 -0.010338293 -2.253036737 -0.086233772 0.008550412 0.996238291 106.116851807
0.993103683 0.018022284 0.115845308 -3.267348766 -0.016818792 0.999794066 -0.011357945 -2.266493082 -0.116026171 0.009331239 0.993202329 106.492469788
0.988853812 0.015801815 0.148048803 -3.174728632 -0.013971036 0.999812663 -0.013397899 -2.276788950 -0.148232788 0.011180168 0.988889337 106.859970093
0.982779324 0.013517730 0.184288025 -3.082455635 -0.010960785 0.999829113 -0.014886414 -2.290826321 -0.184457764 0.012610119 0.982759535 107.228950500
0.974939287 0.010072002 0.222243056 -2.960726976 -0.006816863 0.999858022 -0.015409006 -2.305692196 -0.222366735 0.013507845 0.974869490 107.590957642
0.964845300 0.008249828 0.262689203 -2.839757919 -0.004088816 0.999857426 -0.016382778 -2.319015026 -0.262786955 0.014732759 0.964741468 107.941635132
0.952555180 0.008528672 0.304246515 -2.709552526 -0.003511993 0.999848783 -0.017032299 -2.339753389 -0.304345787 0.015155694 0.952441156 108.261779785
0.937292993 0.010763247 0.348376334 -2.563352346 -0.004822883 0.999827921 -0.017914373 -2.349014044 -0.348509192 0.015110838 0.937183619 108.586647034
0.919604719 0.011311837 0.392682105 -2.387036562 -0.005034633 0.999842644 -0.017011696 -2.356867790 -0.392812729 0.013667027 0.919516981 108.905662537
0.899180949 0.010057102 0.437461406 -2.210601330 -0.003539348 0.999870300 -0.015711751 -2.369607925 -0.437562644 0.012579381 0.899099946 109.207595825
0.876170814 0.008493220 0.481925786 -2.013481379 -0.000778951 0.999868393 -0.016205005 -2.383103371 -0.482000023 0.013822959 0.876062155 109.484924316
0.850983500 0.009905587 0.525098979 -1.794333220 -0.000252232 0.999829769 -0.018452249 -2.397388458 -0.525192440 0.015570114 0.850841105 109.774238586
0.823178172 0.011285423 0.567670941 -1.581420779 0.000951316 0.999773622 -0.021255219 -2.423374891 -0.567782164 0.018036868 0.822981119 110.034896851
0.792103291 0.015903490 0.610179901 -1.347915411 -0.000639913 0.999681652 -0.025224611 -2.442327976 -0.610386729 0.019590033 0.791861236 110.299369812
0.758177400 0.022108203 0.651673436 -1.093817234 -0.004253095 0.999571383 -0.028962556 -2.455368757 -0.652034402 0.019187126 0.757946491 110.552192688
0.720655143 0.027016565 0.692767203 -0.822688758 -0.005959080 0.999444842 -0.032777429 -2.456051826 -0.693268120 0.019492963 0.720416009 110.798858643
0.681190252 0.026962221 0.731609821 -0.524909854 -0.003986115 0.999443293 -0.033121355 -2.476626396 -0.732095540 0.019645663 0.680918515 111.034622192
0.640788555 0.024510633 0.767326117 -0.213002145 0.000097709 0.999487579 -0.032008141 -2.488792896 -0.767717481 0.020585421 0.640457690 111.222679138
0.596198380 0.022589575 0.802519381 0.111755393 0.001802782 0.999563932 -0.029475348 -2.496848345 -0.802835166 0.019019919 0.595897555 111.432891846
0.551657498 0.021460315 0.833794534 0.441464037 0.003340590 0.999604046 -0.027938157 -2.499713421 -0.834063947 0.018197661 0.551367462 111.557632446
0.503744066 0.019064849 0.863642454 0.799759150 0.005265620 0.999670088 -0.025138974 -2.508666515 -0.863836825 0.017211227 0.503477633 111.721138000
0.452577263 0.015220640 0.891595364 1.170175076 0.008521657 0.999734938 -0.021392345 -2.518259287 -0.891684473 0.017279558 0.452327520 111.872932434
0.400245219 0.015453074 0.916277766 1.527816415 0.004757558 0.999809384 -0.018940018 -2.543584585 -0.916395724 0.011939898 0.400095373 112.002502441
0.348822325 0.020174881 0.936971724 1.914157867 0.001417390 0.999755800 -0.022054421 -2.557170868 -0.937187791 0.009021130 0.348708481 112.119483948
0.298710138 0.025864908 0.953993261 2.331540585 0.000225087 0.999630749 -0.027172724 -2.567327976 -0.954343796 0.008331500 0.298593968 112.218574524
0.252209038 0.028011907 0.967267215 2.738356590 0.002014394 0.999563575 -0.029472444 -2.579784155 -0.967670619 0.009381673 0.252042532 112.289108276
0.211118028 0.027573003 0.977071643 3.158256531 0.009166070 0.999502301 -0.030186534 -2.598279476 -0.977417588 0.015328828 0.210760206 112.336715698
0.175871685 0.027391572 0.984031916 3.591089249 0.017522702 0.999367416 -0.030950205 -2.609409809 -0.984257102 0.022686163 0.175280467 112.376876831
0.145457506 0.028644174 0.988949716 4.043577194 0.021794394 0.999245465 -0.032147963 -2.624070168 -0.989124417 0.026229722 0.144723460 112.413986206
0.117160484 0.026664838 0.992754936 4.516296864 0.020182334 0.999369144 -0.029224323 -2.646894693 -0.992907882 0.023460049 0.116548389 112.461212158
0.091551296 0.023453856 0.995524108 5.030580044 0.013954919 0.999594212 -0.024833081 -2.659474611 -0.995702565 0.016165961 0.091186889 112.508796692
0.068134658 0.019654788 0.997482479 5.514010906 0.008760883 0.999755621 -0.020298006 -2.674939632 -0.997637689 0.010121826 0.067945793 112.533760071
0.045731645 0.017217048 0.998805344 6.040030479 0.012914667 0.999757767 -0.017824782 -2.693970919 -0.998870254 0.013714396 0.045498200 112.537849426
0.025335897 0.017983150 0.999517202 6.576398373 0.020536834 0.999617815 -0.018505532 -2.711064577 -0.999468029 0.020995777 0.024956886 112.525497437
0.007995717 0.020379720 0.999760330 7.129218578 0.026066015 0.999448359 -0.020581830 -2.727701902 -0.999628246 0.026224336 0.007460076 112.509216309
-0.006945659 0.025653854 0.999646723 7.741508484 0.025175199 0.999358535 -0.025471540 -2.747544527 -0.999658942 0.024989391 -0.007587053 112.520591736
-0.017526275 0.030681118 0.999375522 8.355533600 0.024002349 0.999253929 -0.030256452 -2.748137236 -0.999558270 0.023457078 -0.018249622 112.512840271
-0.023696095 0.030144440 0.999264598 8.967529297 0.024916809 0.999252617 -0.029553210 -2.777565956 -0.999408603 0.024198191 -0.024429489 112.478721619
-0.026137348 0.027289104 0.999285817 9.614315987 0.031473175 0.999154150 -0.026462300 -2.793387413 -0.999162734 0.030759044 -0.026974119 112.453948975
-0.025964819 0.025313655 0.999342322 10.264941216 0.032797769 0.999162793 -0.024456957 -2.819397449 -0.999124706 0.032141175 -0.026773311 112.434852600
-0.023706473 0.024862198 0.999409795 10.947234154 0.031519987 0.999212325 -0.024109619 -2.841755629 -0.999221921 0.030929824 -0.024471458 112.416923523
-0.022174740 0.025366358 0.999432206 11.648785591 0.028255425 0.999294639 -0.024735956 -2.864455223 -0.999354780 0.027690871 -0.022875842 112.411582947
-0.021054005 0.026672503 0.999422491 12.362631798 0.027548525 0.999279976 -0.026088363 -2.880362988 -0.999398768 0.026983354 -0.021773634 112.403076172
-0.020374075 0.027450662 0.999415457 13.092786789 0.026785059 0.999279141 -0.026900880 -2.907907724 -0.999433517 0.026221322 -0.021094657 112.396850586
-0.019238329 0.026980963 0.999450743 13.839862823 0.026102277 0.999308646 -0.026474686 -2.936679840 -0.999474108 0.025578611 -0.019929294 112.384780884
-0.018717553 0.025731256 0.999493599 14.599480629 0.024985854 0.999368608 -0.025260128 -2.960591316 -0.999512494 0.024500394 -0.019348655 112.375259399
-0.018273272 0.024307162 0.999537528 15.357329369 0.025918726 0.999379992 -0.023829488 -2.988973856 -0.999496996 0.025471300 -0.018891957 112.363616943
-0.018762760 0.022097368 0.999579728 16.156835556 0.026345490 0.999419570 -0.021599306 -3.016907215 -0.999476790 0.025929151 -0.019334035 112.352455139
-0.019986900 0.020139422 0.999597311 16.943283081 0.023652101 0.999526858 -0.019665079 -3.048876286 -0.999520421 0.023249533 -0.020453779 112.344146729
-0.021439916 0.019431030 0.999581277 17.731727600 0.022984283 0.999556363 -0.018937560 -3.068887711 -0.999505877 0.022568639 -0.021877017 112.333740234
-0.022097882 0.016823858 0.999614239 18.534416199 0.025603211 0.999540150 -0.016256616 -3.092825890 -0.999427915 0.025234098 -0.022518462 112.303878784
-0.023403075 0.015493728 0.999606073 19.353366852 0.027035784 0.999524117 -0.014859489 -3.112481356 -0.999360502 0.026677378 -0.023810815 112.285560608
-0.025133669 0.014534631 0.999578476 20.183883667 0.024479259 0.999603570 -0.013919485 -3.140163660 -0.999384344 0.024119092 -0.025479497 112.271263123
-0.025901200 0.019099982 0.999482036 21.002315521 0.021295013 0.999601185 -0.018550403 -3.167261362 -0.999437630 0.020803506 -0.026297601 112.254447937
-0.026743958 0.023758201 0.999360085 21.826631546 0.022902375 0.999469638 -0.023147918 -3.192992210 -0.999379933 0.022268653 -0.027273905 112.235458374
-0.027933838 0.025554532 0.999283135 22.670017242 0.022832556 0.999428689 -0.024919998 -3.219247103 -0.999348998 0.022120077 -0.028501358 112.216522217
-0.029868860 0.023372635 0.999280572 23.515453339 0.019490877 0.999550164 -0.022796351 -3.249012232 -0.999363840 0.018795954 -0.030310977 112.205619812
-0.031145293 0.018926093 0.999335647 24.361774445 0.016511364 0.999693990 -0.018418288 -3.283035040 -0.999378443 0.015926750 -0.031448267 112.191864014
-0.030913502 0.013534402 0.999430418 25.194913864 0.015651280 0.999792337 -0.013055191 -3.313917398 -0.999399483 0.015238783 -0.031118916 112.161384583
-0.031167615 0.008219812 0.999480426 26.045415878 0.011918975 0.999898255 -0.007851570 -3.333117723 -0.999443114 0.011668068 -0.031262420 112.141876221
-0.031341620 0.006608561 0.999486864 26.900121689 0.009231873 0.999937415 -0.006322049 -3.362032890 -0.999466062 0.009028993 -0.031400673 112.132431030
-0.030533420 0.013418995 0.999443650 27.727020264 0.011863079 0.999844313 -0.013061954 -3.392467976 -0.999463320 0.011457652 -0.030687861 112.108543396
-0.028704364 0.024476433 0.999288201 28.551389694 0.014549404 0.999604523 -0.024066251 -3.418806791 -0.999481976 0.013848243 -0.029049126 112.071067810
-0.028586859 0.030124055 0.999137282 29.384279251 0.016582903 0.999422491 -0.029658198 -3.441085815 -0.999453723 0.015720760 -0.029069891 112.061325073
-0.027366342 0.024383496 0.999328017 30.224296570 0.018274117 0.999547541 -0.023888422 -3.476025820 -0.999458373 0.017608101 -0.027799550 112.040618896
-0.026176333 0.017176870 0.999509692 31.060821533 0.021416293 0.999632537 -0.016618103 -3.505097866 -0.999427915 0.020970792 -0.026534578 112.014411926
-0.026084082 0.013751321 0.999565125 31.893554688 0.021538721 0.999680996 -0.013190851 -3.539368153 -0.999427736 0.021185284 -0.026371948 111.997276306
-0.026056418 0.014182395 0.999559760 32.712802887 0.021451065 0.999677062 -0.013624874 -3.569773674 -0.999430358 0.021086603 -0.026352230 111.980758667
-0.026963258 0.015272915 0.999519706 33.528644562 0.018378571 0.999721885 -0.014780221 -3.594283342 -0.999467552 0.017971219 -0.027236452 111.965324402
-0.028946698 0.015561957 0.999459743 34.344230652 0.016905256 0.999743402 -0.015076758 -3.618916035 -0.999438047 0.016459700 -0.029202353 111.950546265
-0.031358395 0.015296224 0.999391139 35.158462524 0.015511970 0.999769807 -0.014815297 -3.650836706 -0.999387860 0.015037938 -0.031588458 111.935630798
-0.033507284 0.015530813 0.999317765 35.965843201 0.014684986 0.999778986 -0.015045591 -3.678184032 -0.999330580 0.014170829 -0.033727948 111.912025452
-0.035514563 0.016125435 0.999238908 36.771770477 0.012975215 0.999792993 -0.015673213 -3.701965332 -0.999284983 0.012408714 -0.035716437 111.889022827
-0.037957519 0.015029752 0.999166250 37.579883575 0.010829412 0.999834299 -0.014628399 -3.729002237 -0.999220669 0.010265125 -0.038113996 111.869071960
-0.039562274 0.014143498 0.999116957 38.362499237 0.011475669 0.999840260 -0.013699334 -3.753408909 -0.999151170 0.010923557 -0.039718267 111.832641602
-0.041510571 0.013825069 0.999042392 39.160957336 0.010673081 0.999853373 -0.013392824 -3.784949303 -0.999081075 0.010106917 -0.041652039 111.805183411
-0.043160085 0.014955568 0.998956263 39.943943024 0.010745047 0.999837041 -0.014504516 -3.807685614 -0.999010444 0.010107813 -0.043313753 111.773315430
-0.044328410 0.015215762 0.998901188 40.733905792 0.011281473 0.999827981 -0.014729240 -3.833314896 -0.998953342 0.010616151 -0.044492442 111.746238708
-0.045166634 0.013898483 0.998882771 41.503398895 0.012912766 0.999827862 -0.013327754 -3.858085155 -0.998896062 0.012296368 -0.045338325 111.706680298
-0.047132861 0.013126375 0.998802364 42.292156219 0.013778877 0.999827027 -0.012489627 -3.885298729 -0.998793542 0.013173701 -0.047305584 111.682342529
-0.048553359 0.012683247 0.998739898 43.039093018 0.012305350 0.999851108 -0.012099138 -3.914089203 -0.998744786 0.011702393 -0.048702192 111.647964478
-0.049924575 0.011860438 0.998682439 43.793998718 0.010622282 0.999879301 -0.011343638 -3.935228825 -0.998696566 0.010041961 -0.050044525 111.619766235
-0.050820734 0.010544984 0.998651981 44.532398224 0.009427415 0.999904811 -0.010078455 -3.959680319 -0.998663366 0.008902512 -0.050915293 111.592437744
-0.051538531 0.009894721 0.998621881 45.242576599 0.009614930 0.999909520 -0.009411254 -3.986584902 -0.998624742 0.009116637 -0.051628996 111.556015015
-0.051603589 0.012805637 0.998585463 45.945472717 0.009889457 0.999875426 -0.012311124 -4.007093430 -0.998618782 0.009240171 -0.051723786 111.525215149
-0.051575825 0.015883621 0.998542726 46.666381836 0.009745768 0.999833941 -0.015400779 -4.025208473 -0.998621523 0.008937258 -0.051722068 111.488708496
-0.051731694 0.017491257 0.998507857 47.364524841 0.007889466 0.999822617 -0.017105544 -4.048708439 -0.998629868 0.006992796 -0.051860515 111.459709167
-0.051913679 0.018212644 0.998485446 48.057327271 0.007956040 0.999809504 -0.017823141 -4.074490547 -0.998619854 0.007018726 -0.052048698 111.425201416
-0.051954836 0.017836785 0.998490036 48.764972687 0.009558565 0.999803603 -0.017362880 -4.101178169 -0.998603642 0.008642047 -0.052115120 111.392730713
-0.052233774 0.017404247 0.998483121 49.452285767 0.009498612 0.999811471 -0.016930498 -4.125865459 -0.998589694 0.008599859 -0.052389242 111.358703613
-0.053061329 0.017754255 0.998433411 50.144859314 0.005645422 0.999831259 -0.017479090 -4.147392750 -0.998575211 0.004709114 -0.053152606 111.337837219
-0.052614372 0.017743437 0.998457193 50.827812195 0.003582819 0.999839067 -0.017579190 -4.174381733 -0.998608470 0.002652374 -0.052669477 111.309936523
-0.052311216 0.015926098 0.998503864 51.502304077 0.006033492 0.999859631 -0.015631631 -4.202886105 -0.998612642 0.005206755 -0.052399967 111.272727966
-0.053166039 0.016078133 0.998456240 52.174800873 0.006317302 0.999855816 -0.015764289 -4.217265129 -0.998565733 0.005469425 -0.053259943 111.232749939
-0.056827907 0.015067023 0.998270392 52.848011017 0.002380648 0.999885321 -0.014955882 -4.245049000 -0.998381197 0.001526619 -0.056857262 111.203529358
-0.062141828 0.014622940 0.997960210 53.518951416 -0.001362250 0.999890447 -0.014736055 -4.269804478 -0.998066425 -0.002275198 -0.062115103 111.171325684
-0.067519762 0.018561488 0.997545242 54.173477173 0.002866031 0.999826431 -0.018409947 -4.289905548 -0.997713804 0.001615961 -0.067561239 111.118553162
-0.073723570 0.021479918 0.997047365 54.851917267 0.005675400 0.999760866 -0.021118728 -4.311556816 -0.997262597 0.004101695 -0.073827848 111.056091309
-0.081539415 0.023133062 0.996401548 55.548393250 0.003552471 0.999731004 -0.022919649 -4.337792397 -0.996663749 0.001670833 -0.081599660 111.010925293
-0.088032171 0.022015484 0.995874286 56.193660736 0.000179868 0.999756098 -0.022085404 -4.365754128 -0.996117532 -0.001765099 -0.088014655 110.958740234
-0.093082108 0.021097057 0.995434880 56.881896973 0.000276711 0.999776006 -0.021163188 -4.386576653 -0.995658338 -0.001694466 -0.093067095 110.893600464
-0.097848669 0.021608870 0.994966686 57.574081421 -0.002141064 0.999757409 -0.021923479 -4.412519932 -0.995199025 -0.004275471 -0.097778670 110.831855774
-0.102122352 0.020852899 0.994553208 58.266201019 -0.004564216 0.999759912 -0.021430736 -4.435226440 -0.994761407 -0.006727913 -0.102002665 110.770339966
-0.104119636 0.016975418 0.994419873 58.965953827 -0.004793298 0.999834239 -0.017569721 -4.466106892 -0.994553208 -0.006595904 -0.104021005 110.690406799
-0.105754070 0.014013220 0.994293571 59.687740326 -0.002544704 0.999893606 -0.014362805 -4.489637852 -0.994389057 -0.004049108 -0.105707169 110.613571167
-0.107794747 0.011794362 0.994103193 60.389728546 -0.002589502 0.999922872 -0.012144201 -4.506333828 -0.994169772 -0.003883312 -0.107755892 110.544517517
-0.109071821 0.011775715 0.993964136 61.115768433 -0.003313375 0.999919891 -0.012209869 -4.522524357 -0.994028330 -0.004625128 -0.109024070 110.470550537
-0.109485880 0.015439645 0.993868411 61.847312927 -0.002003411 0.999873877 -0.015753640 -4.543160439 -0.993986249 -0.003715928 -0.109441131 110.394515991
-0.109904490 0.019174270 0.993757188 62.587524414 0.003887371 0.999814570 -0.018861225 -4.570090294 -0.993934512 0.001790169 -0.109958656 110.311401367
-0.110786669 0.024108734 0.993551731 63.330825806 0.010881578 0.999675274 -0.023043966 -4.598419189 -0.993784666 0.008258445 -0.111013018 110.223373413
-0.111037672 0.025085848 0.993499517 64.080131531 0.012225772 0.999640226 -0.023874501 -4.621973515 -0.993740916 0.009495332 -0.111304432 110.132247925
-0.111298218 0.022689981 0.993528008 64.830947876 0.010042560 0.999713957 -0.021706259 -4.649357319 -0.993736327 0.007561697 -0.111494265 110.056404114
-0.111139379 0.017858865 0.993644297 65.578292847 0.010811788 0.999801099 -0.016760221 -4.674753666 -0.993745983 0.008880354 -0.111310355 109.973716736
-0.111313067 0.016082820 0.993655205 66.327812195 0.012428628 0.999813378 -0.014790189 -4.699745178 -0.993707657 0.010703431 -0.111492187 109.888336182
-0.112198763 0.015475689 0.993565202 67.066528320 0.013107282 0.999814749 -0.014092888 -4.726851940 -0.993599355 0.011441736 -0.112380825 109.802635193
-0.113812722 0.015951825 0.993374109 67.812408447 0.011524643 0.999825001 -0.014735019 -4.753372669 -0.993435442 0.009771250 -0.113976642 109.724174500
-0.115986750 0.016796634 0.993108690 68.545974731 0.010578479 0.999821186 -0.015674690 -4.776786804 -0.993194461 0.008687524 -0.116143689 109.644012451
-0.118498437 0.017311925 0.992803216 69.292472839 0.011973151 0.999800086 -0.016004849 -4.798618317 -0.992882073 0.009990433 -0.118682034 109.558364868
-0.120518871 0.017598743 0.992554963 70.035041809 0.012098105 0.999794543 -0.016258122 -4.821029186 -0.992637336 0.010048625 -0.120707035 109.471572876
-0.122206241 0.017143186 0.992356598 70.778717041 0.011973081 0.999803483 -0.015797378 -4.845705032 -0.992432475 0.009951029 -0.122387499 109.375991821
-0.123846814 0.017334813 0.992150009 71.528724670 0.009769037 0.999820173 -0.016249398 -4.869553089 -0.992253304 0.007679913 -0.123993896 109.288139343
-0.124930404 0.018847197 0.991986454 72.277580261 0.009587297 0.999795854 -0.017788155 -4.894936085 -0.992119193 0.007288189 -0.125085592 109.197860718
-0.125752315 0.019029664 0.991879106 73.041679382 0.008697235 0.999798834 -0.018078955 -4.919338703 -0.992023587 0.006353136 -0.125892535 109.106445312
-0.126996383 0.019190587 0.991717517 73.803253174 0.007941555 0.999800444 -0.018330028 -4.944246292 -0.991871357 0.005547933 -0.127123445 109.009925842
-0.128322840 0.017915634 0.991570532 74.585723877 0.008910994 0.999817312 -0.016911427 -4.960536957 -0.991692424 0.006665759 -0.128459036 108.918258667
-0.129116789 0.015692174 0.991505086 75.365394592 0.006959072 0.999864519 -0.014918241 -4.982511997 -0.991604984 0.004973761 -0.129208475 108.820289612
-0.131266937 0.013759897 0.991251469 76.155624390 0.003435891 0.999903977 -0.013425004 -5.001377106 -0.991341114 0.001643574 -0.131301597 108.729095459
-0.133199692 0.012910971 0.991005123 76.936607361 0.004800615 0.999911785 -0.012381768 -5.027807713 -0.991077602 0.003108187 -0.133249924 108.619956970
-0.134696335 0.013746691 0.990791559 77.732650757 0.006199036 0.999895811 -0.013030264 -5.047826767 -0.990867496 0.004386824 -0.134767532 108.514358521
-0.137077317 0.015096567 0.990445316 78.526969910 0.005441015 0.999880254 -0.014487343 -5.068537712 -0.990545392 0.003403141 -0.137143046 108.406036377
-0.138762012 0.017928366 0.990163445 79.320251465 0.006329831 0.999831736 -0.017216360 -5.101463795 -0.990305543 0.003878590 -0.138852134 108.298889160
-0.138985321 0.022061937 0.990048647 80.131134033 0.008805614 0.999739766 -0.021041743 -5.124771118 -0.990255296 0.005793493 -0.139143437 108.187110901
-0.140363187 0.025865112 0.989762127 80.957794189 0.009604279 0.999647260 -0.024761407 -5.161262512 -0.990053475 0.006030362 -0.140562117 108.072776794
-0.140239552 0.027239338 0.989742756 81.782989502 0.011790716 0.999596536 -0.025839867 -5.188950539 -0.990047455 0.008046003 -0.140504152 107.957572937
-0.139615476 0.026251495 0.989857733 82.613754272 0.015022299 0.999589622 -0.024390753 -5.224099159 -0.990091860 0.011464613 -0.139952570 107.841087341
-0.139469817 0.024408843 0.989925325 83.447441101 0.015788957 0.999623895 -0.022423487 -5.255564213 -0.990100443 0.012502493 -0.139802769 107.721763611
-0.138299122 0.022919672 0.990125239 84.291580200 0.014828387 0.999668002 -0.021069366 -5.284963131 -0.990279555 0.011768085 -0.138593093 107.602020264
-0.137045741 0.020141026 0.990359902 85.134529114 0.014417806 0.999727905 -0.018336408 -5.317040443 -0.990459740 0.011765893 -0.137298837 107.503540039
-0.135621086 0.017179167 0.990611851 85.990905762 0.014887639 0.999772072 -0.015299808 -5.341460705 -0.990648925 0.012672894 -0.135845914 107.395462036
-0.133756995 0.013728062 0.990919054 86.839797974 0.015319046 0.999813199 -0.011783470 -5.369433403 -0.990895748 0.013603814 -0.133942336 107.279159546
-0.132183358 0.013590124 0.991132081 87.695396423 0.013381911 0.999839306 -0.011924822 -5.395719051 -0.991135001 0.011686978 -0.132343963 107.177253723
-0.130930707 0.017802598 0.991231680 88.547500610 0.014025095 0.999771893 -0.016103422 -5.423380852 -0.991292417 0.011793684 -0.131150559 107.069313049
-0.128831461 0.024033425 0.991375268 89.396949768 0.014952435 0.999639690 -0.022290673 -5.449862480 -0.991553783 0.011951735 -0.129144415 106.959465027
-0.127463117 0.027505519 0.991461754 90.250221252 0.012822448 0.999577582 -0.026082203 -5.477171898 -0.991760433 0.009388450 -0.127761975 106.858314514
-0.125814140 0.025056234 0.991737366 91.109283447 0.011660216 0.999649286 -0.023776887 -5.508380890 -0.991985321 0.008572403 -0.126062170 106.751258850
