1.000000000 -0.000000000 0.000000000 0.000000000 -0.000000000 1.000000000 0.000000000 0.000000000 0.000000000 0.000000000 1.000000000 0.000000000
0.999997318 0.001040487 0.002066654 -0.009288395 -0.001038267 0.999998868 -0.001074677 -0.016919423 -0.002067770 0.001072528 0.999997258 1.206140995
0.999976754 0.002090235 0.006498147 -0.062459186 -0.002084526 0.999997437 -0.000885221 -0.035297871 -0.006499981 0.000871655 0.999978542 2.404739141
0.999967217 0.001773575 0.007892902 -0.061891731 -0.001769121 0.999998271 -0.000571224 -0.054661416 -0.007893900 0.000557242 0.999968588 3.603302479
0.999959111 0.001572449 0.008896516 -0.056064963 -0.001566484 0.999998569 -0.000677407 -0.075196370 -0.008897567 0.000663444 0.999960124 4.799218655
0.999953389 0.001434422 0.009545923 -0.049837440 -0.001431102 0.999998868 -0.000354538 -0.097924136 -0.009546421 0.000340860 0.999954343 6.004906178
0.999947667 0.001635585 0.010095860 -0.039939366 -0.001621092 0.999997675 -0.001443505 -0.119097643 -0.010098197 0.001427063 0.999947965 7.205627918
0.999932885 0.001643150 0.011469364 -0.044205759 -0.001627177 0.999997616 -0.001401947 -0.147863433 -0.011471641 0.001383190 0.999933243 8.398254395
0.999933422 0.001283015 0.011479089 -0.035734683 -0.001283449 0.999999106 0.000030457 -0.169677943 -0.011479042 -0.000045188 0.999934077 9.602968216
0.999948263 0.000889307 0.010132872 -0.030849079 -0.000900670 0.999998927 0.001116955 -0.193879649 -0.010131869 -0.001126023 0.999948025 10.791490555
0.999967992 -0.000757908 0.007960010 -0.029109016 0.000753534 0.999999583 0.000552586 -0.214037776 -0.007960426 -0.000546571 0.999968112 12.003103256
0.999980867 -0.000388647 0.006181682 -0.034203336 0.000387890 1.000000000 0.000123696 -0.232284978 -0.006181729 -0.000121296 0.999980807 13.200153351
0.999988616 -0.000519673 0.004743936 -0.029314807 0.000519974 0.999999881 -0.000062164 -0.254594266 -0.004743904 0.000064630 0.999988675 14.394376755
0.999990582 0.001045605 0.004212295 -0.043071922 -0.001044651 0.999999404 -0.000228711 -0.273701876 -0.004212532 0.000224308 0.999991119 15.587267876
0.999992788 0.000853934 0.003695448 -0.043851726 -0.000853331 0.999999523 -0.000164848 -0.293527663 -0.003695587 0.000161693 0.999993205 16.787149429
0.999996126 0.000049148 0.002783067 -0.041095957 -0.000049366 0.999999940 0.000078110 -0.311378092 -0.002783063 -0.000078247 0.999996126 17.976095200
0.999996722 -0.000067356 0.002602078 -0.048275623 0.000065654 0.999999881 0.000654309 -0.338506550 -0.002602121 -0.000654136 0.999996424 19.174905777
0.999998868 0.000363470 0.001460658 -0.048839666 -0.000363419 0.999999940 -0.000035100 -0.362440854 -0.001460671 0.000034569 0.999998987 20.369792938
0.999998331 -0.000267614 0.001774848 -0.068936102 0.000269396 0.999999404 -0.001003246 -0.387073636 -0.001774578 0.001003723 0.999997914 21.577159882
0.999998927 0.000935762 0.001048344 -0.073049396 -0.000935295 0.999999404 -0.000446055 -0.406099170 -0.001048761 0.000445074 0.999999285 22.775432587
0.999999464 0.000615449 0.000842166 -0.096278630 -0.000614682 0.999999404 -0.000911320 -0.425857991 -0.000842727 0.000910802 0.999999225 23.970670700
0.999999702 0.000736949 -0.000235969 -0.101311572 -0.000737321 0.999998450 -0.001579995 -0.447262049 0.000234804 0.001580169 0.999998689 25.163652420
0.999998868 0.000918274 -0.001210019 -0.110057309 -0.000918845 0.999999464 -0.000471034 -0.477865964 0.001209585 0.000472146 0.999999106 26.356525421
0.999997973 -0.000726769 -0.001895313 -0.118510962 0.000729242 0.999998808 0.001304520 -0.499171197 0.001894363 -0.001305900 0.999997377 27.559852600
0.999996126 -0.000537297 -0.002737446 -0.126635328 0.000540954 0.999998987 0.001335626 -0.519851029 0.002736727 -0.001337102 0.999995291 28.753158569
0.999992609 -0.001258617 -0.003639456 -0.137623429 0.001260980 0.999998987 0.000647137 -0.542590320 0.003638639 -0.000651721 0.999993145 29.952735901
0.999989867 -0.001508993 -0.004233469 -0.147143140 0.001506317 0.999998629 -0.000635233 -0.557411313 0.004234422 0.000628849 0.999990821 31.147897720
0.999986589 -0.001023477 -0.005074505 -0.158884689 0.001020927 0.999999344 -0.000505097 -0.578341067 0.005075018 0.000499910 0.999986947 32.341705322
0.999982238 -0.001073450 -0.005865171 -0.169528127 0.001073637 0.999999464 0.000028715 -0.599995792 0.005865137 -0.000035012 0.999982774 33.546749115
0.999978542 -0.001897039 -0.006264868 -0.182473212 0.001898700 0.999998093 0.000259159 -0.621582448 0.006264365 -0.000271049 0.999980271 34.746776581
0.999971807 -0.002540179 -0.007049520 -0.189792410 0.002543854 0.999996603 0.000512342 -0.645739198 0.007048193 -0.000530261 0.999974966 35.946300507
0.999969125 -0.002660456 -0.007392333 -0.208748445 0.002661821 0.999996364 0.000174882 -0.663926303 0.007391843 -0.000194553 0.999972641 37.145397186
0.999966919 -0.003535438 -0.007311952 -0.223255038 0.003541711 0.999993384 0.000845143 -0.686319709 0.007308915 -0.000871012 0.999972880 38.343223572
0.999966085 -0.003140671 -0.007597215 -0.231575012 0.003155332 0.999993265 0.001918602 -0.700411916 0.007591138 -0.001942509 0.999969244 39.543357849
0.999967694 -0.002430846 -0.007658808 -0.247542262 0.002450365 0.999993861 0.002540221 -0.718278408 0.007652587 -0.002558906 0.999967396 40.745937347
0.999972820 -0.001878504 -0.007122017 -0.274041772 0.001894165 0.999995768 0.002192921 -0.735859811 0.007117865 -0.002206352 0.999972165 41.940742493
0.999975264 -0.001007670 -0.006951716 -0.284935117 0.001018963 0.999998093 0.001620996 -0.745449781 0.006950070 -0.001628039 0.999974430 43.137874603
0.999976814 0.001330068 -0.006666513 -0.298824966 -0.001306211 0.999992669 0.003581773 -0.763728499 0.006671227 -0.003572982 0.999971330 44.352947235
0.999989688 0.001445284 -0.004294187 -0.335907370 -0.001415188 0.999974430 0.007003261 -0.786591351 0.004304198 -0.006997112 0.999966204 45.553382874
0.999995947 0.001761033 -0.002224455 -0.352182120 -0.001739851 0.999953449 0.009488617 -0.794664681 0.002241061 -0.009484709 0.999952495 46.755119324
0.999997556 0.002112536 -0.000648019 -0.351444781 -0.002103929 0.999913216 0.013006788 -0.804457307 0.000675440 -0.013005394 0.999915123 47.955387115
0.999998212 0.001818242 0.000551325 -0.370652616 -0.001826079 0.999892235 0.014562364 -0.816048384 -0.000524789 -0.014563342 0.999893785 49.159900665
0.999997616 -0.000281237 0.002173132 -0.372956514 0.000252917 0.999915183 0.013021131 -0.818682969 -0.002176610 -0.013020548 0.999912918 50.374286652
0.999992430 0.001264928 0.003689563 -0.383280277 -0.001306089 0.999936700 0.011175191 -0.821096241 -0.003675194 -0.011179925 0.999930680 51.566535950
0.999989808 0.001348772 0.004315970 -0.382521272 -0.001394812 0.999941945 0.010681989 -0.826815367 -0.004301312 -0.010687899 0.999933660 52.776988983
0.999991357 0.000886074 0.004079362 -0.383379370 -0.000928174 0.999946237 0.010329835 -0.836733222 -0.004069990 -0.010333532 0.999938250 53.967872620
0.999992728 -0.000109055 0.003807329 -0.387040526 0.000073965 0.999957681 0.009215323 -0.849012733 -0.003808172 -0.009214976 0.999950290 55.194759369
0.999998331 0.000036023 0.001841505 -0.386389107 -0.000053935 0.999952734 0.009727685 -0.856600106 -0.001841068 -0.009727769 0.999950945 56.406616211
0.999999523 -0.000100323 0.000965270 -0.399582088 0.000089677 0.999939203 0.011022466 -0.870227039 -0.000966318 -0.011022375 0.999938726 57.603054047
0.999999762 -0.000609652 -0.000061198 -0.403330594 0.000610312 0.999934316 0.011443018 -0.878797233 0.000054218 -0.011443054 0.999934494 58.809642792
0.999999225 0.000781166 -0.000980164 -0.409005970 -0.000769848 0.999933660 0.011494407 -0.892210841 0.000989077 -0.011493645 0.999933422 60.007804871
0.999998331 0.001188219 -0.001434815 -0.417702764 -0.001172097 0.999936819 0.011185328 -0.897667110 0.001448015 -0.011183628 0.999936402 61.211814880
0.999998808 0.000084562 -0.001515992 -0.428730190 -0.000068233 0.999942005 0.010767350 -0.908452272 0.001516814 -0.010767235 0.999940872 62.415973663
0.999998093 -0.000997112 -0.001702159 -0.435352027 0.001014008 0.999949872 0.009954507 -0.918633223 0.001692148 -0.009956213 0.999949038 63.624683380
0.999996424 -0.001591948 -0.002102100 -0.442907661 0.001615682 0.999934375 0.011337223 -0.934519947 0.002083913 -0.011340579 0.999933541 64.809432983
0.999994695 -0.001831208 -0.002680306 -0.444609165 0.001865103 0.999917567 0.012698662 -0.937908947 0.002656831 -0.012703595 0.999915838 66.012649536
0.999996305 -0.001198767 -0.002431084 -0.464844078 0.001226703 0.999933004 0.011522556 -0.953839600 0.002417108 -0.011525499 0.999930620 67.213943481
0.999997795 0.000780294 -0.001943166 -0.481933266 -0.000760359 0.999947309 0.010238719 -0.960893869 0.001951051 -0.010237221 0.999945641 68.411895752
0.999994576 0.002589668 -0.002013884 -0.492266178 -0.002568021 0.999939620 0.010678201 -0.971418619 0.002041417 -0.010672972 0.999940932 69.610054016
0.999986231 0.004918762 -0.001803118 -0.504032552 -0.004899290 0.999931335 0.010648961 -0.976726174 0.001855374 -0.010639982 0.999941647 70.800941467
0.999981046 0.005960435 -0.001547148 -0.517249882 -0.005942892 0.999920666 0.011106155 -0.985001683 0.001613224 -0.011096750 0.999937117 72.002075195
0.999976933 0.006781093 -0.000370347 -0.527192354 -0.006776186 0.999905705 0.011943576 -0.991068900 0.000451303 -0.011940791 0.999928653 73.194633484
0.999964356 0.008403828 0.000917867 -0.526525736 -0.008414606 0.999887168 0.012448334 -0.995338500 -0.000813149 -0.012455612 0.999922097 74.389236450
0.999967933 0.007044882 0.003813435 -0.526095748 -0.007085678 0.999916673 0.010792609 -1.012652993 -0.003737085 -0.010819284 0.999934494 75.574432373
0.999970675 0.004388316 0.006277824 -0.522800088 -0.004424176 0.999973893 0.005709923 -1.022053719 -0.006252603 -0.005737531 0.999963999 76.749549866
0.999945998 0.005227697 0.008978673 -0.518520772 -0.005277024 0.999971032 0.005478845 -1.036805153 -0.008949772 -0.005525930 0.999944627 77.933677673
0.999927342 0.003884778 0.011404553 -0.505731463 -0.003990010 0.999949515 0.009218968 -1.051734209 -0.011368165 -0.009263802 0.999892414 79.117683411
0.999881923 0.004543136 0.014682124 -0.492835045 -0.004692032 0.999937773 0.010122790 -1.059716344 -0.014635221 -0.010190481 0.999840975 80.300270081
0.999814451 0.004505215 0.018727323 -0.477281004 -0.004666131 0.999952614 0.008557796 -1.070977330 -0.018687878 -0.008643595 0.999787986 81.468078613
0.999744713 0.003312555 0.022352174 -0.458091795 -0.003436635 0.999979019 0.005515042 -1.085038304 -0.022333434 -0.005590451 0.999734938 82.635841370
0.999665201 0.001971497 0.025798580 -0.432464689 -0.002026956 0.999995649 0.002123725 -1.101132512 -0.025794283 -0.002175307 0.999664843 83.797340393
0.999569178 0.001645537 0.029306086 -0.402548760 -0.001683026 0.999997795 0.001254600 -1.118691802 -0.029303957 -0.001303383 0.999569654 84.951965332
0.999463558 0.001131978 0.032728873 -0.368100822 -0.001231177 0.999994695 0.003010940 -1.139060140 -0.032725289 -0.003049620 0.999459743 86.124519348
0.999322057 0.002598543 0.036723591 -0.338909060 -0.002738040 0.999989212 0.003748799 -1.161784053 -0.036713455 -0.003846808 0.999318480 87.288932800
0.999181867 0.001876205 0.040399179 -0.295374185 -0.001926444 0.999997437 0.001204682 -1.176240087 -0.040396817 -0.001281523 0.999182820 88.442001343
0.999048471 0.001752697 0.043580506 -0.248319879 -0.001719986 0.999998212 -0.000788089 -1.198849201 -0.043581810 0.000712381 0.999049544 89.590583801
0.998903275 0.001960377 0.046779986 -0.201016560 -0.001899410 0.999997258 -0.001347703 -1.214252949 -0.046782494 0.001257371 0.998904288 90.751174927
0.998768806 0.001218135 0.049593795 -0.146644920 -0.001213813 0.999999285 -0.000117262 -1.232689977 -0.049593896 0.000056920 0.998769403 91.910720825
0.998615265 -0.000051154 0.052608203 -0.096182041 -0.000017699 0.999999166 0.001308317 -1.254088879 -0.052608225 -0.001307436 0.998614371 93.066696167
0.998474598 -0.000859358 0.055205997 -0.032667987 0.000690984 0.999995053 0.003068938 -1.270824194 -0.055208359 -0.003026111 0.998470247 94.228248596
0.998344779 -0.002419773 0.057460628 0.036511842 0.002196335 0.999989748 0.003951376 -1.285760403 -0.057469599 -0.003818634 0.998339951 95.390312195
0.998194396 -0.003311550 0.059973933 0.093387686 0.003210324 0.999993384 0.001784106 -1.304953814 -0.059979431 -0.001588349 0.998198271 96.533699036
0.998057663 -0.004739570 0.062115882 0.165282875 0.004859569 0.999986589 -0.001780926 -1.322957873 -0.062106606 0.002079323 0.998067379 97.687484741
0.997935534 -0.003812062 0.064110219 0.232312188 0.004113301 0.999981165 -0.004567444 -1.341423273 -0.064091593 0.004821720 0.997932374 98.847648621
0.997817218 -0.003860698 0.065923199 0.305669487 0.004225189 0.999976516 -0.005390500 -1.365678430 -0.065900847 0.005657272 0.997810185 100.014678955
0.997795761 -0.003708868 0.066255406 0.380554378 0.004034952 0.999980330 -0.004788478 -1.388563752 -0.066236354 0.005045261 0.997791231 101.192039490
0.997846305 -0.003857382 0.065482028 0.450544417 0.004047103 0.999988079 -0.002764874 -1.418757558 -0.065470576 0.003023932 0.997849941 102.370895386
0.997930467 -0.004078666 0.064173095 0.520170689 0.004180290 0.999990165 -0.001449390 -1.435889721 -0.064166553 0.001714652 0.997937739 103.564979553
0.998040497 -0.003838692 0.062453583 0.581177294 0.003880553 0.999992311 -0.000548995 -1.457110167 -0.062450994 0.000790274 0.998047650 104.754760742
0.998212337 -0.003796258 0.059647966 0.651799738 0.003817308 0.999992669 -0.000238964 -1.473120928 -0.059646629 0.000466231 0.998219430 105.955841064
0.998377800 -0.003154563 0.056847647 0.709567964 0.003172020 0.999994874 -0.000216854 -1.492798090 -0.056846671 0.000396824 0.998382807 107.155471802
0.998575866 -0.001771919 0.053319395 0.761550009 0.001812535 0.999998093 -0.000713393 -1.508379698 -0.053318027 0.000809020 0.998577237 108.356979370
0.998785019 -0.001612065 0.049253777 0.813104928 0.001628023 0.999998748 -0.000283856 -1.529071212 -0.049253251 0.000363697 0.998786271 109.566596985
0.998977005 -0.001350058 0.045201197 0.869092941 0.001308114 0.999998748 0.000957508 -1.549901485 -0.045202430 -0.000897400 0.998977482 110.794525146
0.999167860 -0.000814250 0.040776376 0.909186423 0.000744075 0.999998212 0.001736097 -1.570546508 -0.040777709 -0.001704312 0.999166727 111.994300842
0.999334812 -0.000653498 0.036462337 0.944745660 0.000577153 0.999997616 0.002104285 -1.584189653 -0.036463626 -0.002081841 0.999332845 113.213363647
0.999498963 0.000019918 0.031654708 0.978198886 -0.000089422 0.999997616 0.002194288 -1.599531770 -0.031654589 -0.002196020 0.999496520 114.434860229
0.999640167 0.000537997 0.026815770 0.998965383 -0.000599429 0.999997199 0.002282899 -1.622847915 -0.026814468 -0.002298152 0.999637723 115.666175842
0.999765277 0.001094302 0.021634288 1.020405650 -0.001137039 0.999997377 0.001963187 -1.636137486 -0.021632083 -0.001987325 0.999764025 116.889717102
0.999851227 0.002149471 0.017114978 1.034692049 -0.002171909 0.999996841 0.001292504 -1.658800125 -0.017112145 -0.001329484 0.999852657 118.109115601
0.999897897 0.004072612 0.013699239 1.042970181 -0.004090613 0.999990821 0.001286344 -1.676564336 -0.013693874 -0.001342250 0.999905348 119.346847534
0.999920368 0.005761172 0.011230788 1.053768039 -0.005779753 0.999981999 0.001622820 -1.697127342 -0.011221237 -0.001687602 0.999935627 120.567848206
0.999916315 0.007222490 0.010735372 1.050575256 -0.007234511 0.999973297 0.001081294 -1.713978291 -0.010727276 -0.001158869 0.999941707 121.815917969
0.999910891 0.009317000 0.009547512 1.057030916 -0.009330429 0.999955475 0.001363062 -1.730825663 -0.009534387 -0.001452023 0.999953449 123.058494568
0.999907017 0.010453654 0.008746081 1.054422021 -0.010472641 0.999942839 0.002128009 -1.747302055 -0.008723336 -0.002219405 0.999959409 124.295005798
0.999914765 0.010165299 0.008184798 1.055149317 -0.010185630 0.999945104 0.002446112 -1.761087060 -0.008159484 -0.002529271 0.999963462 125.541694641
0.999875963 0.013956647 0.007293059 1.052041650 -0.013989640 0.999892056 0.004492867 -1.778971076 -0.007229566 -0.004594337 0.999963343 126.781829834
0.999863684 0.015045158 0.006803553 1.046640992 -0.015098082 0.999855638 0.007795818 -1.792053580 -0.006685282 -0.007897476 0.999946535 128.036911011
0.999890268 0.013720541 0.005579326 1.057921529 -0.013761253 0.999878526 0.007325542 -1.806760907 -0.005478138 -0.007401517 0.999957621 129.290679932
0.999892533 0.013457352 0.005804479 1.046924949 -0.013491633 0.999891520 0.005907862 -1.818614841 -0.005724344 -0.005985539 0.999965668 130.544006348
0.999931633 0.010741815 0.004627592 1.053649902 -0.010773992 0.999917448 0.006985400 -1.829705834 -0.004552174 -0.007034780 0.999964893 131.801620483
0.999957323 0.008324351 0.003987324 1.050482869 -0.008359705 0.999925196 0.008933820 -1.840757728 -0.003912657 -0.008966771 0.999952137 133.061508179
0.999978721 0.005224986 0.003894611 1.051084280 -0.005265926 0.999930203 0.010576862 -1.848659635 -0.003839074 -0.010597146 0.999936521 134.327224731
0.999990404 0.003106540 0.003065918 1.057555556 -0.003143247 0.999922633 0.012041663 -1.860086799 -0.003028272 -0.012051186 0.999922872 135.591644287
0.999993682 -0.001171416 0.003355991 1.063270211 0.001137620 0.999948740 0.010054587 -1.866558671 -0.003367599 -0.010050704 0.999943852 136.862716675
0.999986053 -0.003483283 0.003970784 1.058276296 0.003447248 0.999953091 0.009046115 -1.873109341 -0.004002108 -0.009032301 0.999951243 138.134826660
0.999983490 -0.004504556 0.003572824 1.068333030 0.004472850 0.999950945 0.008832919 -1.882784128 -0.003612438 -0.008816793 0.999954641 139.410751343
0.999979377 -0.005009493 0.004027380 1.068128109 0.004973154 0.999947190 0.008983081 -1.890011668 -0.004072168 -0.008962865 0.999951541 140.688919067
0.999981165 -0.004446513 0.004232608 1.076756120 0.004398957 0.999927819 0.011179333 -1.900066853 -0.004282012 -0.011160503 0.999928594 141.971649170
0.999982417 -0.002177427 0.005528979 1.063664675 0.002106751 0.999916434 0.012756678 -1.907180667 -0.005556294 -0.012744805 0.999903381 143.251220703
0.999980390 -0.002757782 0.005629155 1.075706959 0.002694644 0.999933720 0.011193114 -1.922074676 -0.005659650 -0.011177723 0.999921560 144.548171997
0.999980509 -0.001807819 0.005979872 1.073956013 0.001750895 0.999953270 0.009510956 -1.931231141 -0.005996787 -0.009500299 0.999936938 145.826416016
0.999976635 -0.001705594 0.006628303 1.072667360 0.001655708 0.999970376 0.007524523 -1.949620366 -0.006640940 -0.007513372 0.999949813 147.102874756
0.999967754 -0.003268600 0.007330027 1.073981762 0.003246680 0.999990225 0.003000441 -1.963389874 -0.007339763 -0.002976547 0.999968648 148.384185791
0.999965966 -0.003163559 0.007621513 1.078476191 0.003167363 0.999994814 -0.000486985 -1.982140183 -0.007619933 0.000511108 0.999970853 149.661331177
0.999961615 -0.003676787 0.007946715 1.083108783 0.003688452 0.999992073 -0.001453627 -2.005027533 -0.007941308 0.001482882 0.999967277 150.929534912
0.999960661 -0.003499175 0.008140802 1.083708882 0.003509065 0.999993086 -0.001200920 -2.028151274 -0.008136545 0.001229440 0.999966025 152.196853638
0.999965250 -0.003287403 0.007655997 1.098903656 0.003291211 0.999994397 -0.000484801 -2.054645538 -0.007654360 0.000509982 0.999970555 153.458221436
0.999968112 -0.003259928 0.007285583 1.107050896 0.003255242 0.999994397 0.000654876 -2.077385902 -0.007287677 -0.000631139 0.999973238 154.720520020
0.999970198 -0.001871183 0.007487754 1.098821521 0.001863953 0.999997795 0.000972486 -2.096559525 -0.007489556 -0.000958500 0.999971509 155.985671997
0.999974787 -0.001410466 0.006950703 1.100048542 0.001404965 0.999998748 0.000796189 -2.118259907 -0.006951817 -0.000786403 0.999975502 157.252075195
0.999979377 -0.001617690 0.006216742 1.105254412 0.001611925 0.999998212 0.000932309 -2.143595934 -0.006218239 -0.000922269 0.999980271 158.533004761
0.999981940 -0.002319462 0.005555276 1.106441140 0.002306187 0.999994457 0.002394890 -2.166614294 -0.005560800 -0.002382036 0.999981701 159.798690796
0.999985337 -0.000817630 0.005351781 1.101916075 0.000804340 0.999996603 0.002484916 -2.184244394 -0.005353795 -0.002480575 0.999982595 161.078369141
0.999989867 -0.000781630 0.004417991 1.105132818 0.000774619 0.999998391 0.001588541 -2.204545498 -0.004419226 -0.001585102 0.999988973 162.348083496
0.999992788 -0.000122912 0.003796106 1.106870294 0.000120975 0.999999881 0.000510488 -2.227135181 -0.003796169 -0.000510026 0.999992669 163.603973389
0.999995172 0.000820745 0.002990437 1.105872631 -0.000822645 0.999999523 0.000634187 -2.248154163 -0.002989915 -0.000636644 0.999995291 164.868469238
0.999996603 0.000459127 0.002563621 1.097746015 -0.000458079 0.999999821 -0.000409284 -2.268199682 -0.002563810 0.000408108 0.999996662 166.140396118
0.999998808 0.000699871 0.001375282 1.097028255 -0.000697472 0.999998212 -0.001743628 -2.287061691 -0.001376500 0.001742667 0.999997616 167.407684326
0.999999225 0.000821300 0.000955620 1.093744874 -0.000819901 0.999998510 -0.001463562 -2.308306932 -0.000956820 0.001462778 0.999998450 168.684936523
0.999999404 0.001096125 -0.000106776 1.091298938 -0.001096120 0.999999344 0.000045853 -2.333611012 0.000106828 -0.000045736 0.999999940 169.959030151
0.999999762 0.000604597 -0.000272195 1.085264921 -0.000604445 0.999999642 0.000556970 -2.358148098 0.000272533 -0.000556805 0.999999762 171.223907471
0.999998689 0.001012844 -0.001253072 1.077693343 -0.001011629 0.999998987 0.000969414 -2.380537748 0.001254054 -0.000968145 0.999998748 172.489990234
0.999997675 0.001437688 -0.001611735 1.067111254 -0.001435859 0.999998391 0.001135637 -2.401139498 0.001613365 -0.001133320 0.999998033 173.782165527
0.999995649 0.001735249 -0.002380276 1.059800982 -0.001734065 0.999998391 0.000499511 -2.426780939 0.002381139 -0.000495381 0.999997020 175.052291870
0.999993980 0.002451832 -0.002456623 1.046032429 -0.002451521 0.999997020 0.000129491 -2.447468996 0.002456934 -0.000123467 0.999996901 176.327911377
0.999990761 0.003005693 -0.003068106 1.031556129 -0.003004902 0.999995470 0.000262291 -2.462043285 0.003068880 -0.000253069 0.999995232 177.590011597
0.999989927 0.002864113 -0.003457440 1.016759396 -0.002867974 0.999995291 -0.001112240 -2.485579729 0.003454236 0.001122145 0.999993384 178.844329834
0.999993205 0.001488567 -0.003367897 1.006090045 -0.001497384 0.999995470 -0.002616960 -2.508277178 0.003363985 0.002621985 0.999990880 180.112869263
0.999992788 -0.001465065 -0.003502413 0.997583807 0.001455900 0.999995470 -0.002617817 -2.530881643 0.003506232 0.002612699 0.999990404 181.373703003
0.999985993 -0.001416461 -0.005100178 1.003075480 0.001423183 0.999998152 0.001314556 -2.554446220 0.005098307 -0.001321796 0.999986112 182.643020630
0.999991119 -0.001668545 -0.003858692 0.975940883 0.001689064 0.999984443 0.005320528 -2.571782827 0.003849754 -0.005326998 0.999978364 183.899093628
0.999991775 -0.000586067 -0.003996719 0.969991505 0.000604816 0.999988854 0.004691695 -2.587724686 0.003993924 -0.004694074 0.999980986 185.159118652
0.999992728 0.000614550 -0.003754383 0.951420486 -0.000609013 0.999998748 0.001475587 -2.603625774 0.003755284 -0.001473290 0.999991834 186.389205933
0.999991536 0.001050662 -0.003950757 0.942245901 -0.001052259 0.999999344 -0.000402131 -2.623352766 0.003950331 0.000406284 0.999992073 187.632293701
0.999990880 0.000796090 -0.004198728 0.924987197 -0.000796063 0.999999642 0.000008052 -2.647469997 0.004198733 -0.000004709 0.999991119 188.883941650
0.999992132 0.000965603 -0.003871892 0.912721515 -0.000962823 0.999999285 0.000719856 -2.664870024 0.003872585 -0.000716123 0.999992251 190.128616333
0.999993563 0.000963264 -0.003440683 0.896435380 -0.000951919 0.999994099 0.003297485 -2.691437244 0.003443840 -0.003294189 0.999988616 191.385055542
0.999995291 -0.000210241 -0.003063808 0.891732275 0.000223536 0.999990523 0.004339527 -2.714420319 0.003062867 -0.004340192 0.999985814 192.637557983
0.999998808 0.000238754 -0.001467437 0.882568121 -0.000233500 0.999993503 0.003579653 -2.730391979 0.001468282 -0.003579306 0.999992490 193.868789673
0.999999285 -0.001126760 0.000007968 0.877057314 0.001126739 0.999996781 0.002253324 -2.750682354 -0.000010506 -0.002253314 0.999997437 195.098541260
0.999998689 -0.000828563 0.001409788 0.870145440 0.000827873 0.999999523 0.000490057 -2.772136211 -0.001410192 -0.000488889 0.999998868 196.322402954
0.999995172 -0.001683881 0.002595160 0.872087002 0.001683862 0.999998629 0.000009443 -2.794538498 -0.002595172 -0.000005074 0.999996662 197.540756226
0.999991000 -0.000931583 0.004136991 0.866239607 0.000928689 0.999999344 0.000701516 -2.818762064 -0.004137642 -0.000697668 0.999991238 198.768981934
0.999986708 -0.001342089 0.004984092 0.875383854 0.001329293 0.999995828 0.002569681 -2.841238976 -0.004987520 -0.002563022 0.999984324 199.985382080
0.999976754 -0.000706524 0.006803984 0.864674926 0.000685670 0.999995053 0.003066883 -2.869335651 -0.006806118 -0.003062147 0.999972165 201.208251953
0.999966860 -0.000558150 0.008128373 0.865404427 0.000532981 0.999994993 0.003098294 -2.883973837 -0.008130062 -0.003093859 0.999962151 202.420623779
0.999964237 -0.000864234 0.008422421 0.883348703 0.000836513 0.999994159 0.003294358 -2.907024860 -0.008425220 -0.003287195 0.999959171 203.626007080
0.999944508 -0.000596862 0.010517723 0.863768339 0.000562552 0.999994516 0.003264797 -2.922906637 -0.010519614 -0.003258699 0.999939263 204.824508667
0.999929249 -0.000180916 0.011891907 0.867274284 0.000142657 0.999994814 0.003217964 -2.941241741 -0.011892427 -0.003216040 0.999924064 206.028228760
0.999917150 -0.000594629 0.012860161 0.870212734 0.000548011 0.999993265 0.003628246 -2.966344118 -0.012862233 -0.003620898 0.999910653 207.195465088
0.999916375 -0.001568093 0.012835171 0.880872488 0.001525850 0.999993384 0.003300342 -2.983591080 -0.012840262 -0.003280481 0.999912143 208.350234985
0.999910533 -0.001419611 0.013296193 0.888445139 0.001365061 0.999990582 0.004110867 -3.003921032 -0.013301903 -0.004092350 0.999903142 209.504745483
0.999912798 -0.002100686 0.013034694 0.892650127 0.002033151 0.999984384 0.005192200 -3.023421764 -0.013045399 -0.005165245 0.999901533 210.629745483
0.999917626 -0.001991180 0.012683767 0.901686013 0.001923639 0.999983907 0.005334965 -3.044447422 -0.012694187 -0.005310126 0.999905288 211.745223999
0.999925196 -0.001247759 0.012163645 0.904108226 0.001196935 0.999990523 0.004184778 -3.061129808 -0.012168752 -0.004169907 0.999917209 212.857803345
0.999931514 -0.000790581 0.011675127 0.913109839 0.000753575 0.999994695 0.003173701 -3.076090097 -0.011677574 -0.003164685 0.999926805 213.942504883
0.999935210 -0.001019997 0.011332761 0.913832247 0.000985911 0.999994993 0.003012918 -3.092812300 -0.011335777 -0.003001550 0.999931216 215.020660400
0.999945164 -0.001571086 0.010350953 0.918720186 0.001541533 0.999994814 0.002862498 -3.110113382 -0.010355394 -0.002846384 0.999942303 216.084304810
0.999961615 -0.002182521 0.008481402 0.926211894 0.002150883 0.999990702 0.003737549 -3.129689217 -0.008489480 -0.003719164 0.999956965 217.130004883
0.999975026 -0.002861351 0.006465847 0.925633967 0.002826943 0.999981821 0.005324306 -3.147121906 -0.006480963 -0.005305894 0.999964893 218.169448853
0.999984384 -0.003090538 0.004648145 0.923294902 0.003058725 0.999971926 0.006835773 -3.162673712 -0.004669141 -0.006821449 0.999965787 219.209259033
0.999994218 -0.002586373 0.002190602 0.918637812 0.002570618 0.999971032 0.007164442 -3.180196524 -0.002209068 -0.007158769 0.999971926 220.211669922
0.999996901 -0.002502893 -0.000078093 0.913553894 0.002503366 0.999973774 0.006789965 -3.193381548 0.000061098 -0.006790139 0.999976933 221.205749512
0.999992430 -0.002242778 -0.003183939 0.906556845 0.002264995 0.999972999 0.006991293 -3.210123062 0.003168173 -0.006998452 0.999970436 222.179031372
0.999979913 -0.001515407 -0.006151895 0.894281447 0.001560170 0.999972224 0.007277990 -3.224344015 0.006140697 -0.007287442 0.999954581 223.123809814
0.999959528 -0.001224363 -0.008917586 0.877289176 0.001286754 0.999974668 0.006994064 -3.239991188 0.008908795 -0.007005256 0.999935746 224.053405762
0.999929130 -0.000868152 -0.011868771 0.860445321 0.000943634 0.999979377 0.006355657 -3.251718044 0.011863010 -0.006366408 0.999909401 224.965652466
0.999888062 -0.000924204 -0.014934327 0.840813637 0.001007551 0.999983966 0.005574366 -3.263836145 0.014928938 -0.005588789 0.999872923 225.852569580
0.999836802 -0.000647152 -0.018048801 0.816401541 0.000747396 0.999984324 0.005547837 -3.287163973 0.018044926 -0.005560422 0.999821663 226.700790405
0.999785483 -0.000159232 -0.020706417 0.788242221 0.000261094 0.999987900 0.004916689 -3.301470518 0.020705383 -0.004921041 0.999773502 227.531875610
0.999736726 0.001145106 -0.022915158 0.759423196 -0.001032049 0.999987245 0.004944911 -3.318015575 0.022920530 -0.004919959 0.999725163 228.350509644
0.999713421 0.002266469 -0.023830475 0.736540556 -0.002146123 0.999984860 0.005074481 -3.325512886 0.023841614 -0.005021884 0.999703169 229.157028198
0.999720156 0.002982132 -0.023469288 0.710690022 -0.002833651 0.999975801 0.006357308 -3.342745304 0.023487676 -0.006289024 0.999704361 229.933746338
0.999728143 0.002824055 -0.023145339 0.689896226 -0.002668472 0.999973655 0.006750168 -3.353573322 0.023163792 -0.006686570 0.999709368 230.695404053
0.999738514 0.002446544 -0.022738794 0.669784844 -0.002299306 0.999976277 0.006499079 -3.368149042 0.022754151 -0.006445095 0.999720335 231.440460205
0.999750376 0.003769892 -0.022017961 0.643957615 -0.003665031 0.999981761 0.004800908 -3.380906820 0.022035655 -0.004719013 0.999746025 232.167297363
0.999768794 0.003511005 -0.021210814 0.628084421 -0.003454769 0.999990404 0.002687344 -3.392883778 0.021220041 -0.002613445 0.999771416 232.897644043
0.999795794 0.003701389 -0.019866064 0.608543217 -0.003677388 0.999992430 0.001244525 -3.407083511 0.019870518 -0.001171216 0.999801874 233.619720459
0.999819160 0.004269854 -0.018529378 0.592095017 -0.004256264 0.999990642 0.000772795 -3.416384697 0.018532503 -0.000693789 0.999827981 234.352142334
0.999852300 0.003825834 -0.016756888 0.578397453 -0.003815686 0.999992549 0.000637571 -3.428367376 0.016759200 -0.000573538 0.999859333 235.073043823
0.999883115 0.003758292 -0.014821418 0.563173056 -0.003747289 0.999992669 0.000770097 -3.445656300 0.014824201 -0.000714467 0.999889851 235.783996582
0.999908805 0.003820424 -0.012957122 0.550524235 -0.003815486 0.999992669 0.000405782 -3.456605911 0.012958578 -0.000356307 0.999915957 236.502838135
0.999929786 0.003481464 -0.011332915 0.545530856 -0.003481042 0.999993980 0.000056959 -3.470406771 0.011333046 -0.000017505 0.999935746 237.215423584
0.999960542 0.003660708 -0.008105421 0.532042861 -0.003656506 0.999993205 0.000533205 -3.482961416 0.008107319 -0.000503546 0.999967039 237.926879883
0.999984026 0.002526303 -0.005071996 0.534829319 -0.002518777 0.999995708 0.001489624 -3.500017405 0.005075739 -0.001476825 0.999986053 238.624633789
0.999996364 0.001886791 -0.001887516 0.526569068 -0.001884491 0.999997497 0.001218978 -3.504710674 0.001889811 -0.001215417 0.999997497 239.319732666
0.999998748 0.001296060 0.000874598 0.528818309 -0.001297231 0.999998212 0.001340065 -3.519060612 -0.000872861 -0.001341198 0.999998748 240.016159058
0.999990046 0.001273812 0.004260743 0.526417434 -0.001279006 0.999998391 0.001216586 -3.532924414 -0.004259186 -0.001222023 0.999990225 240.700515747
0.999972105 0.001246385 0.007370448 0.527345002 -0.001252259 0.999998927 0.000792519 -3.544670582 -0.007369452 -0.000801726 0.999972582 241.393722534
0.999946594 0.002005779 0.010146117 0.534337699 -0.002005180 0.999998033 -0.000069199 -3.555922508 -0.010146235 0.000048851 0.999948561 242.082901001
0.999911249 0.002213251 0.013140482 0.540903628 -0.002206275 0.999997497 -0.000545394 -3.567690134 -0.013141655 0.000516354 0.999913573 242.779098511
0.999867618 0.002690430 0.016047042 0.549776196 -0.002696164 0.999996305 0.000335746 -3.580544710 -0.016046079 -0.000378967 0.999871194 243.483383179
0.999832749 0.002909478 0.018058479 0.564011812 -0.002928583 0.999995172 0.001031592 -3.592169762 -0.018055389 -0.001084306 0.999836385 244.186798096
0.999786973 0.002611164 0.020473652 0.575492799 -0.002620771 0.999996424 0.000442393 -3.602248192 -0.020472424 -0.000495955 0.999790251 244.891159058
0.999727845 0.002284118 0.023213221 0.585218251 -0.002264298 0.999997079 -0.000880062 -3.614696264 -0.023215163 0.000827261 0.999730051 245.597488403
0.999680400 0.002561955 0.025149649 0.598491728 -0.002480563 0.999991655 -0.003266973 -3.625637531 -0.025157811 0.003203544 0.999678254 246.304885864
0.999661386 0.001237925 0.025991872 0.617096126 -0.001111575 0.999987483 -0.004875031 -3.637536049 -0.025997583 0.004844487 0.999650180 247.019897461
0.999664485 0.001591107 0.025853770 0.639729798 -0.001455191 0.999985039 -0.005275103 -3.651911259 -0.025861777 0.005235711 0.999651730 247.747528076
0.999670267 0.000157052 0.025681594 0.659690917 -0.000012310 0.999984145 -0.005636107 -3.667793512 -0.025682075 0.005633932 0.999654233 248.476806641
0.999657393 0.002048358 0.026097829 0.674218535 -0.001890204 0.999979734 -0.006083290 -3.680847406 -0.026109762 0.006031876 0.999640882 249.205673218
0.999649227 0.002858092 0.026333237 0.692550182 -0.002681819 0.999973774 -0.006726839 -3.693829298 -0.026351774 0.006653859 0.999630570 249.948013306
0.999642551 0.001284120 0.026704162 0.707623839 -0.001057423 0.999963284 -0.008501603 -3.712069511 -0.026714100 0.008470327 0.999607205 250.687255859
0.999625921 -0.002255913 0.027253632 0.726873994 0.002547517 0.999939799 -0.010669691 -3.729781389 -0.027227920 0.010735129 0.999571621 251.434432983
0.999602199 -0.005452497 0.027670566 0.751871884 0.005773095 0.999916971 -0.011519627 -3.745121241 -0.027605457 0.011674792 0.999550700 252.202011108
0.999594092 -0.002931435 0.028338911 0.769471705 0.003151038 0.999965250 -0.007707582 -3.758151770 -0.028315334 0.007793752 0.999568641 252.981826782
0.999581039 0.000631586 0.028935213 0.779687285 -0.000587237 0.999998629 -0.001541168 -3.771354198 -0.028936146 0.001523530 0.999580085 253.762207031
0.999563217 -0.000333181 0.029550238 0.804765224 0.000274939 0.999997973 0.001974989 -3.788148165 -0.029550839 -0.001966002 0.999561310 254.547668457
0.999481440 -0.001482847 0.032165226 0.827676356 0.001492048 0.999998808 -0.000262063 -3.798866749 -0.032164801 0.000309919 0.999482512 255.349090576
0.999336183 -0.000789910 0.036421441 0.846626818 0.001028876 0.999978006 -0.006542854 -3.810242653 -0.036415476 0.006575984 0.999315143 256.134521484
0.999205410 0.001630436 0.039821859 0.881380856 -0.001237245 0.999950290 -0.009896392 -3.823771954 -0.039836012 0.009839261 0.999157786 256.951049805
0.999089897 0.003602886 0.042502467 0.916692436 -0.003188143 0.999946654 -0.009821862 -3.837732553 -0.042535588 0.009677418 0.999048054 257.772277832
0.998942375 0.001852792 0.045942098 0.951337636 -0.001503743 0.999969721 -0.007630996 -3.853883028 -0.045954850 0.007553841 0.998914957 258.603851318
0.998790324 -0.001071741 0.049159873 0.995682120 0.001274004 0.999990821 -0.004083246 -3.872431993 -0.049155049 0.004140938 0.998782516 259.441101074
0.998652220 -0.003629227 0.051775049 1.041863680 0.003783663 0.999988616 -0.002885131 -3.885817289 -0.051763996 0.003077142 0.998654604 260.283264160
0.998498797 -0.003254634 0.054677170 1.084614277 0.003389232 0.999991417 -0.002369130 -3.900017023 -0.054669000 0.002550887 0.998501241 261.117767334
0.998335719 -0.000054884 0.057669919 1.128765464 0.000320575 0.999989390 -0.004597857 -3.909644604 -0.057669051 0.004608693 0.998325109 261.968963623
0.998203039 0.000915883 0.059916008 1.174875736 -0.000501486 0.999975860 -0.006930955 -3.924449205 -0.059920907 0.006888452 0.998179376 262.802886963
0.998006582 0.001247675 0.063097566 1.211597800 -0.000812439 0.999975741 -0.006923009 -3.946778297 -0.063104667 0.006857946 0.997983396 263.637237549
0.997861505 0.001458206 0.065347776 1.275112033 -0.001149237 0.999988019 -0.004765420 -3.964194536 -0.065353937 0.004680129 0.997851193 264.505340576
0.997668922 0.002790271 0.068184055 1.328992963 -0.002590308 0.999992132 -0.003020939 -3.985562325 -0.068191938 0.002837279 0.997668207 265.345397949
0.997437418 0.003932130 0.071437217 1.382246733 -0.003704993 0.999987721 -0.003311769 -3.998632669 -0.071449354 0.003038608 0.997439623 266.205230713
0.997255683 0.004048207 0.073922962 1.447802663 -0.003758007 0.999984682 -0.004064378 -4.012307644 -0.073938273 0.003775422 0.997255683 267.058776855
0.997092009 0.002095853 0.076178327 1.514731646 -0.001741349 0.999987364 -0.004719727 -4.027774811 -0.076187253 0.004573348 0.997083068 267.908325195
0.996929884 -0.000328979 0.078299187 1.577075124 0.000657397 0.999991179 -0.004168649 -4.039455414 -0.078297123 0.004207325 0.996921182 268.752014160
0.996891737 -0.001237336 0.078774542 1.651060700 0.001569999 0.999990165 -0.004161177 -4.059186459 -0.078768618 0.004271919 0.996883810 269.604156494
0.996834219 -0.002732413 0.079460330 1.714244246 0.003053656 0.999987602 -0.003921567 -4.081090927 -0.079448625 0.004151797 0.996830344 270.468048096
0.996838570 -0.002399222 0.079417728 1.784705400 0.002711009 0.999989092 -0.003818316 -4.094930172 -0.079407685 0.004021546 0.996834159 271.318634033
0.996832371 -0.002573070 0.079488926 1.841101050 0.002830970 0.999991000 -0.003131946 -4.116164684 -0.079480171 0.003347056 0.996830821 272.180358887
0.996854663 -0.001805225 0.079231068 1.906839132 0.002042289 0.999993682 -0.002911127 -4.129943371 -0.079225309 0.003063783 0.996852040 273.042144775
0.996966362 -0.001936359 0.077809639 1.973714232 0.002217273 0.999991357 -0.003524039 -4.148268223 -0.077802137 0.003685873 0.996962011 273.898315430
0.997076869 -0.002541698 0.076362796 2.033683062 0.002873413 0.999986887 -0.004234378 -4.171770096 -0.076351032 0.004441422 0.997071087 274.767852783
0.997208357 -0.001880861 0.074645840 2.096639872 0.002263331 0.999984741 -0.005039531 -4.187374592 -0.074635215 0.005194411 0.997197390 275.627502441
0.997316420 -0.000470272 0.073211953 2.148445845 0.000883280 0.999983847 -0.005608996 -4.205660343 -0.073208146 0.005658609 0.997300625 276.478607178
0.997435689 0.000379155 0.071568109 2.204812527 0.000040700 0.999982774 -0.005864968 -4.223769665 -0.071569115 0.005852841 0.997418404 277.331115723
0.997600436 0.001577282 0.069217488 2.261494637 -0.001205323 0.999984562 -0.005415217 -4.240044594 -0.069224976 0.005318793 0.997586846 278.200408936
0.997798085 0.001404589 0.066309460 2.312608480 -0.001138947 0.999991179 -0.004043731 -4.257946014 -0.066314556 0.003959305 0.997790873 279.054870605
0.998077393 0.000400048 0.061978936 2.365871429 -0.000311694 0.999998868 -0.001435214 -4.272501469 -0.061979454 0.001413137 0.998076379 279.895141602
0.998361588 -0.001278706 0.057205137 2.412246466 0.001250844 0.999999046 0.000522850 -4.298875332 -0.057205752 -0.000450438 0.998362243 280.743408203
0.998619854 -0.001251400 0.052505858 2.447520256 0.001189710 0.999998510 0.001206149 -4.305900574 -0.052507292 -0.001142018 0.998619854 281.575286865
0.998870730 -0.001815786 0.047474798 2.488654137 0.001736626 0.999996960 0.001708597 -4.321559906 -0.047477759 -0.001624222 0.998870909 282.397766113
0.999061406 -0.002548911 0.043239787 2.515097141 0.002428388 0.999993026 0.002839589 -4.341393471 -0.043246720 -0.002731921 0.999060690 283.215026855
0.999253333 -0.003529581 0.038476076 2.541265726 0.003421070 0.999989986 0.002885698 -4.353662968 -0.038485877 -0.002751913 0.999255419 284.018951416
0.999402165 -0.003898588 0.034351997 2.568092585 0.003810091 0.999989152 0.002641254 -4.370199203 -0.034361925 -0.002508790 0.999406338 284.808959961
0.999530971 -0.003426744 0.030431798 2.588938713 0.003355726 0.999991536 0.002384443 -4.382927418 -0.030439710 -0.002281203 0.999534011 285.582427979
0.999641538 -0.003107301 0.026590439 2.603052855 0.003046042 0.999992549 0.002343984 -4.398025036 -0.026597526 -0.002262149 0.999643624 286.329498291
