1.000000000 0.000000000 0.000000000 0.000000000 0.000000000 1.000000000 0.000000000 0.000000000 0.000000000 0.000000000 1.000000000 0.000000000
0.999997318 0.001029338 0.002085672 -0.009833712 -0.001027113 0.999998927 -0.001067539 -0.016891507 -0.002086768 0.001065394 0.999997258 1.206220031
0.999997973 0.000157164 0.001961831 0.012573292 -0.000154602 0.999999046 -0.001305903 -0.031555008 -0.001962034 0.001305598 0.999997139 2.403099537
0.999995351 -0.000322401 0.003022012 0.012114689 0.000325754 0.999999464 -0.001109289 -0.049921963 -0.003021654 0.001110268 0.999994814 3.598589897
0.999991953 -0.000505390 0.003974189 0.011499105 0.000510305 0.999999166 -0.001235800 -0.070761949 -0.003973561 0.001237818 0.999991298 4.791696548
0.999989331 -0.000829120 0.004548316 0.018397981 0.000833595 0.999999166 -0.000982087 -0.094783470 -0.004547499 0.000985869 0.999989152 6.000320911
0.999986231 -0.000558037 0.005221444 0.021938635 0.000568029 0.999998033 -0.001912344 -0.117734134 -0.005220365 0.001915284 0.999984503 7.199436188
0.999981880 -0.000698017 0.005979646 0.025333708 0.000710618 0.999997556 -0.002105461 -0.141229197 -0.005978161 0.002109673 0.999979913 8.388793945
0.999980569 -0.001057293 0.006139699 0.028504141 0.001061739 0.999999166 -0.000720921 -0.163088500 -0.006138931 0.000727426 0.999980867 9.589115143
0.999987364 -0.001533776 0.004790544 0.027952911 0.001531418 0.999998748 0.000495927 -0.188601688 -0.004791298 -0.000488584 0.999988377 10.784388542
0.999992490 -0.003138314 0.002266050 0.029754028 0.003138318 0.999994993 0.000001276 -0.211185649 -0.002266042 0.000005836 0.999997437 11.978404045
0.999996185 -0.002709803 0.000480906 0.019476149 0.002710076 0.999996185 -0.000568047 -0.228505030 -0.000479365 0.000569348 0.999999762 13.174177170
0.999995828 -0.002740835 -0.000954984 0.016767472 0.002740307 0.999996066 -0.000553640 -0.253298998 0.000956498 0.000551020 0.999999344 14.372006416
0.999996006 -0.001645324 -0.002298328 0.025974017 0.001643443 0.999998331 -0.000820199 -0.273497403 0.002299674 0.000816419 0.999997020 15.565122604
0.999994457 -0.001899515 -0.002729242 0.015285783 0.001897254 0.999997854 -0.000830810 -0.293635637 0.002730815 0.000825627 0.999995947 16.766162872
0.999989212 -0.002751656 -0.003717162 0.010665528 0.002750061 0.999996066 -0.000434024 -0.314175218 0.003718342 0.000423797 0.999993026 17.953279495
0.999987841 -0.002833655 -0.004030406 0.005224049 0.002834198 0.999995947 0.000129004 -0.340031266 0.004030023 -0.000140425 0.999991894 19.149587631
0.999983609 -0.002529870 -0.005122355 -0.004083127 0.002526624 0.999996603 -0.000639891 -0.364211857 0.005123956 0.000626938 0.999986708 20.346540451
0.999981523 -0.003316977 -0.005094413 -0.021474496 0.003308893 0.999993205 -0.001594541 -0.387982696 0.005099667 0.001577655 0.999985754 21.557519913
0.999980688 -0.002038968 -0.005879813 -0.033430353 0.002032325 0.999997258 -0.001135670 -0.407127291 0.005882112 0.001123699 0.999982059 22.754474640
0.999972224 -0.003181275 -0.006738929 -0.045606926 0.003173359 0.999994278 -0.001185048 -0.434715182 0.006742659 0.001163631 0.999976575 23.947362900
0.999963641 -0.003306723 -0.007863595 -0.058558986 0.003292753 0.999993026 -0.001788780 -0.456734687 0.007869455 0.001762823 0.999967456 25.141849518
0.999958217 -0.002828192 -0.008696243 -0.073895946 0.002820898 0.999995649 -0.000850848 -0.486735582 0.008698610 0.000826281 0.999961853 26.338911057
0.999946296 -0.004508265 -0.009342247 -0.091501489 0.004516726 0.999989450 0.000884845 -0.507575810 0.009338157 -0.000926994 0.999956012 27.540582657
0.999936521 -0.004312481 -0.010412260 -0.102890387 0.004320999 0.999990344 0.000795733 -0.528321326 0.010408727 -0.000840674 0.999945462 28.735061646
0.999923825 -0.005159906 -0.011216149 -0.122366726 0.005161702 0.999986649 0.000131171 -0.551372647 0.011215324 -0.000189056 0.999937057 29.934432983
0.999911427 -0.005305742 -0.012207021 -0.133641273 0.005294950 0.999985576 -0.000916329 -0.571609318 0.012211708 0.000851612 0.999925077 31.130140305
0.999904394 -0.004728904 -0.012993399 -0.155213594 0.004718144 0.999988496 -0.000858773 -0.592196405 0.012997311 0.000797387 0.999915242 32.323528290
0.999892712 -0.004921910 -0.013792040 -0.173579961 0.004915497 0.999987781 -0.000498910 -0.611890793 0.013794325 0.000431062 0.999904811 33.533412933
0.999884844 -0.005655901 -0.014081405 -0.195949227 0.005655013 0.999984026 -0.000102871 -0.636686802 0.014081761 0.000023229 0.999900877 34.720523834
0.999868810 -0.006349116 -0.014901529 -0.211908102 0.006353205 0.999979854 0.000227075 -0.662631571 0.014899785 -0.000321718 0.999888957 35.920162201
0.999858081 -0.006519692 -0.015536217 -0.228449494 0.006517987 0.999978662 -0.000160448 -0.682256877 0.015536935 0.000059160 0.999879241 37.125560760
0.999852836 -0.007151910 -0.015596733 -0.249306887 0.007161337 0.999974191 0.000548623 -0.703011572 0.015592409 -0.000660236 0.999878168 38.325294495
0.999855220 -0.007030329 -0.015491406 -0.272415936 0.007060377 0.999973297 0.001885910 -0.726391375 0.015477732 -0.001995012 0.999878228 39.538162231
0.999855220 -0.006343316 -0.015785106 -0.291372955 0.006380704 0.999976993 0.002319393 -0.739521682 0.015770029 -0.002419777 0.999872684 40.739082336
0.999860883 -0.005749659 -0.015651671 -0.317132384 0.005785633 0.999980628 0.002254152 -0.762923360 0.015638409 -0.002344393 0.999875009 41.939212799
0.999867558 -0.004730426 -0.015573296 -0.333858371 0.004761823 0.999986708 0.001979563 -0.778219163 0.015563726 -0.002053459 0.999876797 43.137432098
0.999881446 -0.002355228 -0.015219365 -0.359456152 0.002413508 0.999989748 0.003812089 -0.794470370 0.015210231 -0.003848369 0.999876916 44.337116241
0.999904633 -0.001861522 -0.013684744 -0.381048977 0.001956439 0.999974072 0.006925824 -0.811641276 0.013671496 -0.006951937 0.999882400 45.546375275
0.999930978 -0.001705638 -0.011626952 -0.396119058 0.001819364 0.999950469 0.009777755 -0.824233890 0.011609701 -0.009798232 0.999884605 46.740386963
0.999941766 -0.001217450 -0.010727529 -0.406907916 0.001358411 0.999912679 0.013142556 -0.831464827 0.010710593 -0.013156363 0.999856055 47.944644928
0.999955714 -0.002392593 -0.009098957 -0.429678231 0.002522839 0.999894083 0.014329997 -0.838753998 0.009063710 -0.014352316 0.999855936 49.155292511
0.999966383 -0.003413318 -0.007454444 -0.430011243 0.003507138 0.999914289 0.012609059 -0.838210106 0.007410767 -0.012634778 0.999892652 50.375366211
0.999975026 -0.002645975 -0.006558128 -0.440911531 0.002718238 0.999935448 0.011034448 -0.846393287 0.006528508 -0.011051998 0.999917567 51.590282440
0.999980628 -0.002643800 -0.005630932 -0.456745148 0.002703082 0.999940634 0.010546409 -0.851332545 0.005602716 -0.010561424 0.999928534 52.790088654
0.999979854 -0.002911968 -0.005628603 -0.464344263 0.002968623 0.999944866 0.010083581 -0.863667428 0.005598928 -0.010100090 0.999933302 53.976779938
0.999975145 -0.003383019 -0.006172177 -0.483084798 0.003437620 0.999954879 0.008857289 -0.871255159 0.006141933 -0.008878291 0.999941707 55.188354492
0.999960065 -0.003772462 -0.008099303 -0.487912536 0.003850377 0.999946237 0.009626038 -0.883214116 0.008062555 -0.009656843 0.999920845 56.395298004
0.999947906 -0.003709538 -0.009515351 -0.503151596 0.003808353 0.999938786 0.010387859 -0.887134671 0.009476234 -0.010423556 0.999900818 57.601680756
0.999935329 -0.003941160 -0.010660627 -0.517660022 0.004061644 0.999927878 0.011303877 -0.905407965 0.010615308 -0.011346448 0.999879241 58.799640656
0.999929607 -0.003070638 -0.011453025 -0.538446188 0.003192969 0.999937892 0.010678174 -0.907364726 0.011419525 -0.010713994 0.999877393 59.998222351
0.999919236 -0.002964574 -0.012359585 -0.553764939 0.003100445 0.999934793 0.010988525 -0.923313856 0.012326201 -0.011025957 0.999863207 61.208656311
0.999912143 -0.003977950 -0.012645506 -0.570777595 0.004107265 0.999939382 0.010216641 -0.927919805 0.012604099 -0.010267682 0.999867857 62.404567719
0.999905884 -0.004807637 -0.012848302 -0.587199330 0.004927596 0.999944329 0.009321212 -0.939280212 0.012802771 -0.009383645 0.999873936 63.623466492
0.999898314 -0.005047420 -0.013339772 -0.602928162 0.005189596 0.999929845 0.010645010 -0.947640002 0.013285106 -0.010713154 0.999854386 64.828613281
0.999889553 -0.005928256 -0.013629299 -0.625345230 0.006096440 0.999905288 0.012331694 -0.960628211 0.013554903 -0.012413422 0.999831080 66.034172058
0.999893606 -0.004760610 -0.013789217 -0.648151338 0.004904340 0.999933779 0.010408320 -0.966710031 0.013738754 -0.010474840 0.999850750 67.228034973
0.999907136 -0.002856659 -0.013329749 -0.678033948 0.002980965 0.999952137 0.009314825 -0.976200044 0.013302503 -0.009353697 0.999867737 68.425697327
0.999903083 -0.000998686 -0.013881883 -0.692656517 0.001132304 0.999953032 0.009620885 -0.986074030 0.013871621 -0.009635671 0.999857366 69.618431091
0.999905407 0.001100907 -0.013707133 -0.718772769 -0.000967754 0.999952316 0.009717038 -0.992870212 0.013717175 -0.009702853 0.999858856 70.810012817
0.999903679 0.002393011 -0.013667185 -0.740615308 -0.002253995 0.999945641 0.010177866 -1.003380299 0.013690796 -0.010146080 0.999854803 72.008560181
0.999912858 0.003021960 -0.012846971 -0.760820568 -0.002877928 0.999932945 0.011215115 -1.012350082 0.012880002 -0.011177165 0.999854565 73.202522278
0.999929070 0.004756151 -0.010918295 -0.779851973 -0.004625314 0.999917567 0.011977446 -1.020297289 0.010974362 -0.011926094 0.999868631 74.398864746
0.999959111 0.003371654 -0.008392571 -0.787499309 -0.003290565 0.999947965 0.009657209 -1.032139421 0.008424696 -0.009629198 0.999918163 75.581291199
0.999982655 0.000747546 -0.005857170 -0.798624158 -0.000721712 0.999989986 0.004411616 -1.041544914 0.005860410 -0.004407312 0.999973118 76.756271362
0.999992728 0.001980427 -0.003237131 -0.805882454 -0.001967571 0.999990165 0.003969959 -1.055526018 0.003244962 -0.003963562 0.999986887 77.939498901
0.999999344 0.000658579 -0.000920461 -0.807772994 -0.000651290 0.999968588 0.007897748 -1.072933435 0.000925633 -0.007897144 0.999968410 79.121650696
0.999996305 0.000921791 0.002539942 -0.808614135 -0.000944573 0.999959230 0.008982806 -1.084913969 -0.002531558 -0.008985173 0.999956369 80.297973633
0.999976933 0.001089538 0.006703900 -0.807709157 -0.001138030 0.999973178 0.007233976 -1.095978379 -0.006695838 -0.007241439 0.999951303 81.466102600
0.999948084 -0.000226187 0.010182136 -0.798448086 0.000182287 0.999990702 0.004312154 -1.111567020 -0.010183014 -0.004310075 0.999938846 82.626792908
0.999907255 -0.001597415 0.013519768 -0.784800768 0.001586185 0.999998391 0.000841347 -1.128056407 -0.013521090 -0.000819825 0.999908149 83.787689209
0.999846816 -0.001833585 0.017407103 -0.771954536 0.001836234 0.999998271 -0.000136167 -1.146365523 -0.017406825 0.000168110 0.999848425 84.940040588
0.999786079 -0.002426857 0.020538246 -0.746743679 0.002390351 0.999995530 0.001801823 -1.169654727 -0.020542528 -0.001752344 0.999787390 86.103645325
0.999701321 -0.001316601 0.024400216 -0.731877089 0.001255349 0.999996006 0.002525440 -1.192564368 -0.024403447 -0.002494055 0.999698997 87.265647888
0.999607921 -0.001962388 0.027932364 -0.693790913 0.001958260 0.999998093 0.000175123 -1.211584330 -0.027932664 -0.000120356 0.999609768 88.404411316
0.999510646 -0.002089649 0.031211987 -0.661449909 0.002155426 0.999995530 -0.002073926 -1.231548190 -0.031207517 0.002140186 0.999510646 89.552116394
0.999407947 -0.001981977 0.034349527 -0.623062134 0.002068591 0.999994755 -0.002486198 -1.251293540 -0.034344412 0.002555782 0.999406815 90.722854614
0.999305308 -0.002866652 0.037158955 -0.582974672 0.002921968 0.999994755 -0.001434398 -1.269536018 -0.037154645 0.001541979 0.999308407 91.877555847
0.999192476 -0.003937082 0.039986677 -0.542782068 0.003935319 0.999992251 0.000122798 -1.291140914 -0.039986860 0.000034662 0.999200225 93.038375854
0.999078989 -0.004691266 0.042652298 -0.494669437 0.004611350 0.999987423 0.001971867 -1.309592247 -0.042661015 -0.001773366 0.999088168 94.200431824
0.998975754 -0.006108357 0.044833746 -0.438842773 0.005984214 0.999977827 0.002902652 -1.325019121 -0.044850476 -0.002631384 0.998990357 95.362091064
0.998859286 -0.007323145 0.047183942 -0.388696194 0.007304923 0.999973178 0.000558614 -1.344301462 -0.047186762 -0.000213302 0.998886049 96.512077332
0.998744369 -0.008843854 0.049309224 -0.329604626 0.009000278 0.999955118 -0.002951162 -1.363889933 -0.049280912 0.003391253 0.998779178 97.671241760
0.998643994 -0.008051495 0.051432453 -0.279214382 0.008351521 0.999949276 -0.005621095 -1.385405779 -0.051384583 0.006043012 0.998660624 98.833808899
0.998554051 -0.007970585 0.053162079 -0.218353271 0.008330984 0.999943733 -0.006561134 -1.409307003 -0.053106796 0.006994541 0.998564363 100.017021179
0.998530447 -0.007824712 0.053625129 -0.160423756 0.008153674 0.999949098 -0.005918448 -1.433878660 -0.053576101 0.006346993 0.998543620 101.195259094
0.998581350 -0.007913099 0.052656047 -0.100173950 0.008136932 0.999958754 -0.004037800 -1.461583018 -0.052621931 0.004460531 0.998604536 102.384590149
0.998646796 -0.008094949 0.051369846 -0.045472145 0.008242106 0.999962509 -0.002653484 -1.481746674 -0.051346436 0.003073290 0.998676181 103.585731506
0.998750627 -0.007838325 0.049353138 0.006716728 0.007936780 0.999966860 -0.001799231 -1.502815604 -0.049337402 0.002188688 0.998779774 104.769897461
0.998875737 -0.007650844 0.046782225 0.058665276 0.007721321 0.999969304 -0.001325972 -1.522060513 -0.046770651 0.001685702 0.998904169 105.975608826
0.999002635 -0.007044138 0.044094861 0.100660801 0.007119417 0.999973416 -0.001550384 -1.539790392 -0.044082765 0.001862767 0.999026179 107.180671692
0.999168932 -0.005325557 0.040411409 0.132157803 0.005416078 0.999983013 -0.002130861 -1.556405902 -0.040399376 0.002347961 0.999180853 108.373527527
0.999325335 -0.005555764 0.036302455 0.180766106 0.005622304 0.999982655 -0.001731095 -1.576502323 -0.036292206 0.001934031 0.999339342 109.587318420
0.999463975 -0.005205519 0.032320093 0.218958378 0.005225101 0.999986172 -0.000521413 -1.599127293 -0.032316931 0.000690009 0.999477446 110.814285278
0.999607682 -0.004714702 0.027610349 0.253094912 0.004712446 0.999988854 0.000146799 -1.618879795 -0.027610734 -0.000016629 0.999618769 112.019866943
0.999720871 -0.004632272 0.023165872 0.275551558 0.004618193 0.999989092 0.000661190 -1.637392163 -0.023168685 -0.000554021 0.999731302 113.238723755
0.999825835 -0.004255007 0.018167935 0.294676423 0.004242167 0.999990702 0.000745207 -1.655207276 -0.018170943 -0.000668006 0.999834597 114.455978394
0.999904394 -0.003347766 0.013414085 0.302589774 0.003337598 0.999994099 0.000780332 -1.679353356 -0.013416620 -0.000735487 0.999909639 115.692283630
0.999959469 -0.003306807 0.008365128 0.306688070 0.003300442 0.999994218 0.000774477 -1.698877692 -0.008367641 -0.000746837 0.999964654 116.915359497
0.999990940 -0.002039232 0.003716308 0.303915679 0.002040084 0.999997854 -0.000225309 -1.716301799 -0.003715841 0.000232888 0.999993086 118.135299683
0.999999940 -0.000045074 0.000258851 0.299009293 0.000045157 0.999999881 -0.000322073 -1.735320091 -0.000258836 0.000322084 0.999999940 119.371826172
0.999996483 0.001648662 -0.002059431 0.289104551 -0.001648885 0.999998569 -0.000106849 -1.754749417 0.002059252 0.000110244 0.999997914 120.596092224
0.999991238 0.002997108 -0.002919733 0.279821992 -0.002999165 0.999995232 -0.000700366 -1.775866985 0.002917620 0.000709117 0.999995470 121.858306885
0.999978423 0.005263604 -0.003913837 0.261263400 -0.005265133 0.999986053 -0.000380194 -1.797124982 0.003911781 0.000400792 0.999992251 123.093986511
0.999965429 0.006551269 -0.005125062 0.254081249 -0.006548748 0.999978423 0.000508287 -1.816702604 0.005128282 -0.000474707 0.999986708 124.340553284
0.999964476 0.006316763 -0.005590231 0.234902442 -0.006312058 0.999979675 0.000859184 -1.833871841 0.005595544 -0.000823867 0.999984026 125.587455750
0.999928772 0.009927724 -0.006622534 0.219972670 -0.009909395 0.999947011 0.002795060 -1.851963997 0.006649931 -0.002729235 0.999974191 126.835113525
0.999914646 0.010993971 -0.007053096 0.198902130 -0.010951589 0.999921918 0.006019999 -1.866775036 0.007118729 -0.005942242 0.999957085 128.084960938
0.999919236 0.009986178 -0.007861665 0.188605785 -0.009942326 0.999934852 0.005597422 -1.883763194 0.007917050 -0.005518806 0.999953449 129.344924927
0.999921918 0.009306904 -0.008345329 0.171324253 -0.009273242 0.999948740 0.004063292 -1.893689632 0.008382719 -0.003985586 0.999956906 130.602096558
0.999936402 0.006929424 -0.008895244 0.157698512 -0.006886255 0.999964416 0.004874496 -1.903228164 0.008928704 -0.004812931 0.999948561 131.861740112
0.999940217 0.004636168 -0.009901105 0.142935872 -0.004570113 0.999967217 0.006683744 -1.916233659 0.009931767 -0.006638096 0.999928713 133.123443604
0.999947488 0.001476289 -0.010140578 0.123531580 -0.001386603 0.999959946 0.008845626 -1.930898666 0.010153231 -0.008831100 0.999909461 134.370513916
0.999945462 -0.000640186 -0.010428424 0.108859658 0.000744432 0.999949813 0.009995518 -1.941642642 0.010421501 -0.010002735 0.999895632 135.640319824
0.999934077 -0.004700100 -0.010473899 0.096598268 0.004782415 0.999957681 0.007847942 -1.945948958 0.010436570 -0.007897515 0.999914348 136.899398804
0.999915302 -0.007295747 -0.010779947 0.088687778 0.007370983 0.999948502 0.006955997 -1.957663774 0.010728646 -0.007034866 0.999917746 138.172729492
0.999903083 -0.008856049 -0.010740319 0.077996016 0.008928788 0.999937296 0.006743648 -1.970963240 0.010679926 -0.006838895 0.999919593 139.450149536
0.999913156 -0.008604406 -0.009977634 0.049827695 0.008673388 0.999938607 0.006891237 -1.978058338 0.009917725 -0.006977179 0.999926507 140.731750488
0.999918818 -0.008319463 -0.009646307 0.033605814 0.008405456 0.999925017 0.008908708 -1.989681602 0.009571466 -0.008989067 0.999913752 142.003067017
0.999943733 -0.006064504 -0.008697269 0.011954427 0.006155611 0.999925971 0.010487035 -2.002705574 0.008633028 -0.010539985 0.999907136 143.300552368
0.999949932 -0.006005322 -0.008007858 -0.004748583 0.006073993 0.999944687 0.008578958 -2.009481430 0.007955896 -0.008627169 0.999931097 144.578262329
0.999953806 -0.005914413 -0.007572902 -0.024682045 0.005967586 0.999957561 0.007018161 -2.027088642 0.007531072 -0.007063030 0.999946713 145.852813721
0.999956012 -0.006102903 -0.007117689 -0.038317561 0.006135079 0.999971032 0.004507581 -2.040247440 0.007089973 -0.004551050 0.999964476 147.124008179
0.999950230 -0.007413341 -0.006673167 -0.053646922 0.007417822 0.999972284 0.000646868 -2.062650442 0.006668187 -0.000696336 0.999977589 148.391601562
0.999957085 -0.006988480 -0.006080794 -0.069276989 0.006971459 0.999971747 -0.002815626 -2.087784529 0.006100300 0.002773113 0.999977529 149.683792114
0.999954522 -0.007511260 -0.005876596 -0.082404613 0.007488554 0.999964476 -0.003876273 -2.110086918 0.005905503 0.003832089 0.999975204 150.958190918
0.999953806 -0.007533469 -0.005969471 -0.095862925 0.007512651 0.999965727 -0.003502018 -2.143409729 0.005995648 0.003457010 0.999976039 152.223709106
0.999954998 -0.007151749 -0.006232182 -0.104798734 0.007133130 0.999970019 -0.003004618 -2.164062023 0.006253484 0.002960028 0.999976039 153.500579834
0.999952555 -0.006957290 -0.006818641 -0.113767326 0.006945751 0.999974310 -0.001714556 -2.191087723 0.006830396 0.001667114 0.999975324 154.762023926
0.999962449 -0.005671537 -0.006555987 -0.138169944 0.005663051 0.999983013 -0.001312316 -2.215545893 0.006563320 0.001275139 0.999977648 156.014968872
0.999959588 -0.005347212 -0.007235558 -0.151078701 0.005335994 0.999984503 -0.001568706 -2.238777876 0.007243834 0.001530034 0.999972641 157.284484863
0.999955118 -0.005260817 -0.007881432 -0.166840553 0.005249956 0.999985218 -0.001398062 -2.264613867 0.007888670 0.001356622 0.999967992 158.558593750
0.999944746 -0.006031708 -0.008609796 -0.183379889 0.006029207 0.999981701 -0.000316451 -2.286691904 0.008611547 0.000264523 0.999962926 159.824768066
0.999947906 -0.004699258 -0.009061896 -0.202666044 0.004702080 0.999988914 0.000290103 -2.312938213 0.009060433 -0.000332697 0.999958873 161.103179932
0.999934852 -0.005030723 -0.010246906 -0.213581681 0.005017807 0.999986589 -0.001285765 -2.329741478 0.010253237 0.001234265 0.999946654 162.371475220
0.999936402 -0.004076880 -0.010516043 -0.235008717 0.004056274 0.999989748 -0.001980097 -2.356317520 0.010524008 0.001937315 0.999942780 163.621459961
0.999933004 -0.003186532 -0.011125179 -0.255727291 0.003163051 0.999992669 -0.002127608 -2.377618074 0.011131878 0.002092276 0.999935925 164.887313843
0.999922514 -0.003460263 -0.011959051 -0.278146505 0.003424533 0.999989569 -0.003006945 -2.402565956 0.011969332 0.002965758 0.999924004 166.154998779
0.999908566 -0.003267965 -0.013126162 -0.295396566 0.003210917 0.999985278 -0.004364922 -2.425127983 0.013140237 0.004322376 0.999904335 167.422393799
0.999905348 -0.003081127 -0.013410100 -0.320852041 0.003030592 0.999988258 -0.003787078 -2.454577446 0.013421609 0.003746079 0.999902904 168.688644409
0.999892354 -0.002781990 -0.014403940 -0.342277050 0.002749574 0.999993742 -0.002269823 -2.482314110 0.014410161 0.002229974 0.999893725 169.963638306
0.999880970 -0.003011575 -0.015134355 -0.364065170 0.002984896 0.999993920 -0.001785108 -2.510469437 0.015139638 0.001739721 0.999883890 171.221557617
0.999870956 -0.002456570 -0.015877275 -0.391511679 0.002432391 0.999995828 -0.001541988 -2.532358408 0.015880996 0.001503169 0.999872804 172.491180420
0.999862671 -0.002281161 -0.016415188 -0.424149275 0.002258862 0.999996424 -0.001376844 -2.557033777 0.016418273 0.001339576 0.999864340 173.784301758
0.999856412 -0.001753672 -0.016854675 -0.453135252 0.001717842 0.999996245 -0.002140065 -2.581785202 0.016858364 0.002110804 0.999855697 175.017196655
0.999854267 -0.000948529 -0.017045217 -0.489417553 0.000899896 0.999995589 -0.002860630 -2.602976322 0.017047852 0.002844874 0.999850690 176.285964966
0.999846697 -0.000936271 -0.017483361 -0.525125980 0.000889346 0.999996006 -0.002691514 -2.621818066 0.017485809 0.002675553 0.999843538 177.546615601
0.999844253 -0.000976845 -0.017622449 -0.559887886 0.000911191 0.999992728 -0.003733213 -2.651356220 0.017625965 0.003716575 0.999837756 178.790008545
0.999840736 -0.001982700 -0.017741017 -0.587891102 0.001888379 0.999983966 -0.005331741 -2.675579071 0.017751304 0.005297390 0.999828398 180.056015015
0.999826550 -0.005192051 -0.017887076 -0.617189407 0.005098648 0.999973178 -0.005263477 -2.703846931 0.017913925 0.005171363 0.999826193 181.320983887
0.999821007 -0.004678118 -0.018328436 -0.641760111 0.004650711 0.999987960 -0.001537647 -2.730631351 0.018335408 0.001452132 0.999830842 182.582412720
0.999820232 -0.005284335 -0.018208923 -0.673097372 0.005339171 0.999981344 0.002964123 -2.755678654 0.018192925 -0.003060811 0.999829829 183.848373413
0.999820650 -0.004455054 -0.018403132 -0.700540543 0.004494308 0.999987662 0.002092200 -2.771646023 0.018393585 -0.002174534 0.999828398 185.102645874
0.999834478 -0.002801362 -0.017974814 -0.735641241 0.002779598 0.999995351 -0.001235672 -2.789788485 0.017978195 0.001185504 0.999837637 186.350433350
0.999823213 -0.003005203 -0.018561149 -0.764042854 0.002950845 0.999991298 -0.002955304 -2.817639351 0.018569870 0.002900011 0.999823391 187.598388672
0.999816954 -0.002799523 -0.018927446 -0.791931152 0.002748109 0.999992490 -0.002741850 -2.842175722 0.018934980 0.002689334 0.999817133 188.848480225
0.999823093 -0.003292323 -0.018519511 -0.824365854 0.003264346 0.999993503 -0.001540689 -2.868670464 0.018524464 0.001479962 0.999827325 190.099517822
0.999823749 -0.003156766 -0.018504424 -0.851921082 0.003171767 0.999994695 0.000781380 -2.894561291 0.018501859 -0.000839934 0.999828458 191.349807739
0.999837518 -0.003833106 -0.017614249 -0.882825613 0.003858934 0.999991536 0.001432577 -2.915632248 0.017608609 -0.001500317 0.999843836 192.599380493
0.999859631 -0.003913014 -0.016293963 -0.908426762 0.003925184 0.999992073 0.000715018 -2.936373949 0.016291037 -0.000778874 0.999867022 193.838226318
0.999878109 -0.004959307 -0.014805735 -0.933412790 0.004946030 0.999987364 -0.000933223 -2.958247900 0.014810175 0.000859880 0.999889970 195.069488525
0.999891698 -0.005247193 -0.013751364 -0.950485110 0.005220045 0.999984443 -0.002009347 -2.989044428 0.013761693 0.001937346 0.999903440 196.299987793
0.999909163 -0.005763331 -0.012190266 -0.971022964 0.005733783 0.999980569 -0.002457478 -3.015078783 0.012204193 0.002387358 0.999922693 197.517852783
0.999925196 -0.005320266 -0.011015208 -0.990292430 0.005300323 0.999984264 -0.001838948 -3.039829731 0.011024817 0.001780426 0.999937654 198.746948242
0.999936581 -0.005514428 -0.009827844 -1.002283096 0.005517736 0.999984741 0.000309431 -3.067782879 0.009825988 -0.000363639 0.999951661 199.961853027
0.999951720 -0.004806197 -0.008564511 -1.026362896 0.004810885 0.999988258 0.000526912 -3.093745947 0.008561878 -0.000568090 0.999963224 201.187606812
0.999962211 -0.004800285 -0.007255148 -1.044230461 0.004802729 0.999988437 0.000319585 -3.112050295 0.007253530 -0.000354417 0.999973655 202.398437500
0.999964654 -0.005679960 -0.006207515 -1.059908032 0.005682117 0.999983788 0.000330082 -3.138735294 0.006205539 -0.000365342 0.999980748 203.610839844
0.999975324 -0.004900081 -0.005037304 -1.074424505 0.004904067 0.999987662 0.000779419 -3.162003517 0.005033423 -0.000804103 0.999987006 204.790237427
0.999980807 -0.004467186 -0.004304204 -1.086053967 0.004470984 0.999989688 0.000873340 -3.186100483 0.004300259 -0.000892568 0.999990404 205.989685059
0.999981701 -0.005122788 -0.003236639 -1.102977991 0.005125434 0.999986529 0.000809534 -3.207670689 0.003232449 -0.000826108 0.999994457 207.155105591
0.999978781 -0.005822399 -0.002911600 -1.105276227 0.005824850 0.999982595 0.000833822 -3.232589245 0.002906694 -0.000850764 0.999995410 208.319763184
0.999979675 -0.005870186 -0.002483322 -1.119835138 0.005874608 0.999981105 0.001776523 -3.258524179 0.002472847 -0.001791076 0.999995351 209.473922729
0.999975324 -0.006416294 -0.002866754 -1.126244068 0.006424207 0.999975562 0.002759535 -3.279395580 0.002848977 -0.002777883 0.999992073 210.600219727
0.999975741 -0.006150887 -0.003282205 -1.138574719 0.006160384 0.999976933 0.002891202 -3.303790092 0.003264345 -0.002911351 0.999990404 211.710403442
0.999977946 -0.005422218 -0.003830214 -1.147777319 0.005429399 0.999983430 0.001866832 -3.326682091 0.003820028 -0.001887587 0.999990940 212.820083618
0.999977410 -0.005082538 -0.004382655 -1.157549143 0.005086442 0.999986649 0.000880232 -3.344450951 0.004378122 -0.000902504 0.999990046 213.906005859
0.999974310 -0.005276504 -0.004837201 -1.169953823 0.005280245 0.999985754 0.000761051 -3.366521835 0.004833117 -0.000786573 0.999988019 214.977966309
0.999966383 -0.005789168 -0.005801107 -1.183523536 0.005792737 0.999983013 0.000598636 -3.386712790 0.005797543 -0.000632221 0.999983013 216.041152954
0.999948382 -0.006300454 -0.007970861 -1.189035296 0.006312385 0.999978960 0.001472639 -3.407919168 0.007961415 -0.001522878 0.999967158 217.088180542
0.999922574 -0.007111622 -0.010213924 -1.205050945 0.007142412 0.999970019 0.002981175 -3.427820921 0.010192417 -0.003053896 0.999943376 218.127395630
0.999903798 -0.007146110 -0.011887405 -1.226475358 0.007201191 0.999963462 0.004597283 -3.446330547 0.011854119 -0.004682445 0.999918818 219.162200928
0.999873817 -0.006822842 -0.014345503 -1.244890332 0.006894717 0.999963820 0.004966771 -3.468127728 0.014311098 -0.005065052 0.999884725 220.159866333
0.999829948 -0.006873562 -0.017111501 -1.265857220 0.006948455 0.999966443 0.004321149 -3.480680466 0.017081225 -0.004439312 0.999844253 221.154464722
0.999779940 -0.006646181 -0.019901888 -1.292997837 0.006733644 0.999967873 0.004330884 -3.498239994 0.019872466 -0.004463942 0.999792516 222.135116577
0.999713898 -0.006138553 -0.023118965 -1.312309504 0.006258723 0.999967277 0.005129097 -3.521462679 0.023086719 -0.005272325 0.999719620 223.073776245
0.999649167 -0.005707280 -0.025866393 -1.345056534 0.005836187 0.999970913 0.004910786 -3.539982319 0.025837613 -0.005060024 0.999653459 224.003173828
0.999573112 -0.005494497 -0.028694510 -1.378577232 0.005615689 0.999975681 0.004144629 -3.552839518 0.028671039 -0.004304000 0.999579608 224.911026001
0.999468267 -0.005908501 -0.032063834 -1.411115646 0.006018050 0.999976337 0.003321176 -3.568085194 0.032043457 -0.003512372 0.999480307 225.793487549
0.999367833 -0.005246684 -0.035159610 -1.447689056 0.005368507 0.999979854 0.003371342 -3.592542887 0.035141211 -0.003557966 0.999375999 226.643997192
0.999255836 -0.004819856 -0.038268894 -1.485120296 0.004925022 0.999984384 0.002654276 -3.608240604 0.038255502 -0.002840776 0.999263883 227.473602295
0.999175370 -0.003412969 -0.040456608 -1.530047894 0.003523842 0.999990225 0.002669572 -3.626787186 0.040447101 -0.002809933 0.999177694 228.292785645
0.999161839 -0.002234566 -0.040871192 -1.571204662 0.002354988 0.999993086 0.002898484 -3.636867523 0.040864434 -0.002992306 0.999160230 229.098449707
0.999162912 -0.001966509 -0.040860325 -1.605310440 0.002134100 0.999989510 0.004058342 -3.657078505 0.040851913 -0.004142145 0.999156535 229.879898071
0.999175608 -0.002046719 -0.040542897 -1.638584137 0.002224477 0.999988139 0.004339823 -3.668711901 0.040533531 -0.004426433 0.999168336 230.640380859
0.999189615 -0.002461280 -0.040174551 -1.672048092 0.002635296 0.999987423 0.004279113 -3.686616421 0.040163513 -0.004381518 0.999183536 231.385391235
0.999210119 -0.001552716 -0.039706618 -1.704470158 0.001654165 0.999995589 0.002522253 -3.700615168 0.039702512 -0.002585942 0.999208331 232.117828369
0.999237597 -0.001766828 -0.039003160 -1.732341766 0.001783866 0.999998391 0.000402038 -3.713983774 0.039002392 -0.000471308 0.999239028 232.847366333
0.999293208 -0.001450528 -0.037562884 -1.766047001 0.001422405 0.999998748 -0.000775406 -3.731135130 0.037563957 0.000721428 0.999293983 233.572860718
0.999339759 -0.000896273 -0.036319263 -1.793307781 0.000849746 0.999998808 -0.001296481 -3.742937565 0.036320381 0.001264762 0.999339402 234.303482056
0.999407530 -0.001270748 -0.034391988 -1.821660995 0.001219691 0.999998093 -0.001505507 -3.756641150 0.034393828 0.001462668 0.999407351 235.022033691
0.999470174 -0.001510587 -0.032510042 -1.848270893 0.001466359 0.999997973 -0.001384237 -3.774587631 0.032512061 0.001335833 0.999470472 235.728332520
0.999529541 -0.001437558 -0.030637190 -1.874500275 0.001390840 0.999997854 -0.001546135 -3.788858891 0.030639343 0.001502796 0.999529362 236.451843262
0.999574900 -0.001745626 -0.029106833 -1.888433456 0.001693164 0.999996960 -0.001826937 -3.803081036 0.029109932 0.001776877 0.999574661 237.160125732
0.999673128 -0.001509244 -0.025516516 -1.918485641 0.001479179 0.999998212 -0.001197075 -3.819141150 0.025518276 0.001158941 0.999673605 237.866058350
0.999739885 -0.002748444 -0.022640631 -1.931187391 0.002741180 0.999996245 -0.000351858 -3.835020781 0.022641513 0.000289705 0.999743581 238.574371338
0.999801755 -0.003386566 -0.019618930 -1.947900772 0.003376325 0.999994099 -0.000555094 -3.844334841 0.019620696 0.000488744 0.999807417 239.265060425
0.999850988 -0.003931053 -0.016809497 -1.957065344 0.003924248 0.999992192 -0.000437770 -3.859458447 0.016811088 0.000371740 0.999858677 239.963836670
0.999900460 -0.004075291 -0.013511432 -1.973225236 0.004067212 0.999991536 -0.000625380 -3.873534441 0.013513868 0.000570364 0.999908566 240.650085449
0.999936521 -0.004252178 -0.010432205 -1.982613087 0.004243205 0.999990582 -0.000882160 -3.889837027 0.010435859 0.000837839 0.999945164 241.350814819
0.999965370 -0.003316720 -0.007624691 -1.987487793 0.003301297 0.999992430 -0.002034494 -3.899632931 0.007631382 0.002009253 0.999968827 242.038604736
0.999986172 -0.002930780 -0.004368198 -1.994965315 0.002918870 0.999992013 -0.002730476 -3.910064459 0.004376167 0.002717688 0.999986768 242.730529785
0.999995053 -0.002682335 -0.001657761 -1.996519327 0.002680012 0.999995410 -0.001401514 -3.927197695 0.001661513 0.001397064 0.999997675 243.432464600
0.999996901 -0.002500155 0.000264867 -1.994194627 0.002500350 0.999996483 -0.000739868 -3.939903021 -0.000263016 0.000740528 0.999999702 244.136962891
0.999993324 -0.002426847 0.002731896 -1.996033907 0.002430946 0.999995828 -0.001497791 -3.949619055 -0.002728252 0.001504422 0.999995232 244.841354370
0.999981821 -0.002552991 0.005449854 -1.999406219 0.002568515 0.999992669 -0.002843602 -3.963398457 -0.005442555 0.002857549 0.999981046 245.547683716
0.999969721 -0.002508753 0.007355515 -1.998140097 0.002546813 0.999983430 -0.005169492 -3.975822926 -0.007342423 0.005188068 0.999959588 246.255981445
0.999959350 -0.003608778 0.008256098 -1.992843628 0.003666440 0.999968886 -0.006979758 -3.988258600 -0.008230654 0.007009746 0.999941587 246.973297119
0.999960840 -0.003528774 0.008111750 -1.984208345 0.003585544 0.999969125 -0.006994727 -4.004746437 -0.008086816 0.007023538 0.999942601 247.695617676
0.999956310 -0.005073554 0.007841258 -1.977110863 0.005132490 0.999958634 -0.007514409 -4.021614552 -0.007802809 0.007554325 0.999940991 248.424331665
0.999960899 -0.003270920 0.008213805 -1.976961374 0.003336029 0.999963045 -0.007925636 -4.036688805 -0.008187579 0.007952727 0.999934852 249.157943726
0.999959767 -0.002914507 0.008475563 -1.973076582 0.002986094 0.999959946 -0.008445904 -4.051442623 -0.008450609 0.008470872 0.999928415 249.898635864
0.999952674 -0.003991986 0.008860746 -1.970132828 0.004083871 0.999937773 -0.010376099 -4.070709229 -0.008818774 0.010411792 0.999906898 250.645507812
0.999927938 -0.007497435 0.009367427 -1.963030338 0.007614790 0.999892175 -0.012555731 -4.090017319 -0.009272281 0.012626158 0.999877214 251.392745972
0.999893010 -0.010860772 0.009796739 -1.951526642 0.010991044 0.999850512 -0.013342820 -4.106927395 -0.009650361 0.013449066 0.999862969 252.158996582
0.999910474 -0.008344217 0.010454979 -1.950108051 0.008444228 0.999918640 -0.009558341 -4.121242523 -0.010374369 0.009645769 0.999899626 252.938598633
0.999929368 -0.004512412 0.010986109 -1.951523781 0.004549563 0.999984145 -0.003359154 -4.137384415 -0.010970775 0.003408900 0.999934018 253.713943481
0.999918580 -0.005246684 0.011626229 -1.942049742 0.005245871 0.999986291 0.000100375 -4.154116154 -0.011626596 -0.000039378 0.999932408 254.500686646
0.999878764 -0.006175784 0.014286877 -1.933387041 0.006208162 0.999978244 -0.002223046 -4.164991379 -0.014272839 0.002311471 0.999895453 255.300628662
0.999818742 -0.005307151 0.018274572 -1.922388077 0.005458258 0.999951184 -0.008228717 -4.178197384 -0.018230012 0.008326973 0.999799132 256.094757080
0.999750018 -0.003059842 0.022144662 -1.913970947 0.003324253 0.999923468 -0.011913213 -4.191072941 -0.022106517 0.011983849 0.999683797 256.899322510
0.999676108 -0.001500123 0.025400840 -1.898374557 0.001794285 0.999931514 -0.011561983 -4.209315300 -0.025381761 0.011603815 0.999610484 257.714447021
0.999596596 -0.002803386 0.028268268 -1.871104240 0.003066866 0.999952137 -0.009281642 -4.226868629 -0.028240902 0.009364590 0.999557316 258.542175293
0.999487936 -0.005970184 0.031439357 -1.842512131 0.006166468 0.999962091 -0.006150025 -4.244636536 -0.031401455 0.006340745 0.999486744 259.379516602
0.999386609 -0.008886755 0.033875335 -1.811150551 0.009052835 0.999947727 -0.004752510 -4.261990547 -0.033831324 0.005056262 0.999414802 260.215270996
0.999275148 -0.007722848 0.037276197 -1.787553787 0.007880785 0.999960661 -0.004091872 -4.279593468 -0.037243124 0.004382672 0.999296606 261.062988281
0.999197364 -0.005757597 0.039643321 -1.755893707 0.006009134 0.999962449 -0.006228753 -4.295241356 -0.039605968 0.006461976 0.999194503 261.904663086
0.999097228 -0.004862587 0.042202525 -1.729731560 0.005219087 0.999951601 -0.008341301 -4.318131924 -0.042159926 0.008554028 0.999074340 262.738830566
0.998983622 -0.004382493 0.044859562 -1.698451042 0.004779497 0.999950290 -0.008746511 -4.330314159 -0.044819001 0.008952027 0.998955011 263.576110840
0.998862863 -0.003524737 0.047545228 -1.662556648 0.003839438 0.999971330 -0.006529297 -4.351974487 -0.047520854 0.006704419 0.998847723 264.417358398
0.998717427 -0.001958781 0.050592691 -1.624008179 0.002213890 0.999985158 -0.004986835 -4.371104240 -0.050582174 0.005092444 0.998706877 265.262420654
0.998560965 -0.001505166 0.053606447 -1.583935738 0.001799091 0.999983609 -0.005435175 -4.385354042 -0.053597383 0.005523797 0.998547316 266.127288818
0.998419106 -0.001299362 0.056192700 -1.539611816 0.001626304 0.999982059 -0.005772881 -4.404655457 -0.056184188 0.005855140 0.998403251 266.971008301
0.998271525 -0.003401814 0.058671795 -1.487656593 0.003760576 0.999974906 -0.006005400 -4.423758507 -0.058649894 0.006215660 0.998259187 267.808715820
0.998146892 -0.006864266 0.060461935 -1.434226990 0.007196733 0.999960124 -0.005282745 -4.443237782 -0.060423277 0.005708084 0.998156488 268.678497314
0.998110890 -0.007226219 0.061011955 -1.374202728 0.007556926 0.999957979 -0.005191335 -4.462380409 -0.060971890 0.005642592 0.998123467 269.529235840
0.998060346 -0.007833255 0.061758462 -1.332286835 0.008165506 0.999953568 -0.005129271 -4.482306004 -0.061715409 0.005623612 0.998077929 270.377197266
0.998039424 -0.008365686 0.062025916 -1.276624680 0.008705919 0.999948502 -0.005217103 -4.499101639 -0.061979078 0.005746867 0.998060882 271.245849609
0.998047948 -0.008049313 0.061929725 -1.230594635 0.008358517 0.999953866 -0.004735363 -4.516587257 -0.061888751 0.005243761 0.998069286 272.110046387
0.998097599 -0.007683918 0.061172027 -1.178848267 0.007968556 0.999958515 -0.004410482 -4.533044815 -0.061135590 0.004889544 0.998117507 272.958953857
0.998170376 -0.008012673 0.059930019 -1.125305176 0.008331454 0.999952435 -0.005071238 -4.556052208 -0.059886537 0.005561264 0.998189688 273.830261230
0.998263597 -0.007986805 0.058360089 -1.078704834 0.008356002 0.999946594 -0.006084877 -4.574974537 -0.058308367 0.006561968 0.998277068 274.682861328
0.998361945 -0.007565386 0.056711186 -1.030700684 0.007951812 0.999946654 -0.006591360 -4.596462250 -0.056658294 0.007031520 0.998368859 275.564422607
0.998459399 -0.006521907 0.055102326 -0.987217903 0.006928623 0.999950171 -0.007193288 -4.613077641 -0.055052660 0.007563989 0.998454869 276.415374756
0.998553216 -0.005151923 0.053525314 -0.951328278 0.005541211 0.999959230 -0.007127113 -4.640252113 -0.053486425 0.007413397 0.998540998 277.270111084
0.998674810 -0.004545769 0.051262293 -0.911406517 0.004890245 0.999966264 -0.006596458 -4.658029556 -0.051230572 0.006838401 0.998663425 278.114868164
0.998813570 -0.004862938 0.048453007 -0.874671936 0.005116445 0.999973834 -0.005109375 -4.679210663 -0.048426881 0.005351221 0.998812377 278.979278564
0.999004006 -0.005911001 0.044226062 -0.842167854 0.006033708 0.999978244 -0.002641576 -4.699142456 -0.044209480 0.002905792 0.999018013 279.820281982
0.999206364 -0.007831956 0.039055817 -0.807303429 0.007866651 0.999968648 -0.000734716 -4.721889496 -0.039048854 0.001041370 0.999236643 280.669342041
0.999369800 -0.008222077 0.034530655 -0.782314301 0.008213849 0.999966323 0.000380116 -4.736400604 -0.034532618 -0.000096247 0.999403596 281.511291504
0.999523163 -0.008169248 0.029778183 -0.764610291 0.008150916 0.999966502 0.000736958 -4.747704506 -0.029783215 -0.000493887 0.999556243 282.328918457
0.999644756 -0.009163360 0.025025424 -0.742469788 0.009128023 0.999957144 0.001525952 -4.765885353 -0.025038332 -0.001296978 0.999685645 283.155120850
0.999743104 -0.009749382 0.020456515 -0.733659267 0.009724162 0.999951839 0.001332060 -4.777062416 -0.020468514 -0.001132796 0.999789834 283.956207275
0.999813974 -0.010161444 0.016399970 -0.724209309 0.010142372 0.999947786 0.001245658 -4.795293808 -0.016411774 -0.001079092 0.999864697 284.740051270
0.999874473 -0.009817498 0.012425077 -0.716439247 0.009804705 0.999951303 0.001089980 -4.810804367 -0.012435175 -0.000968019 0.999922216 285.511322021
