1.000000000 0.000000000 0.000000000 0.000000000 0.000000000 1.000000000 0.000000000 0.000000000 0.000000000 0.000000000 1.000000000 0.000000000
0.999978960 0.000422766 -0.006470109 -0.008280365 -0.000420189 0.999999821 0.000399568 -0.001971316 0.006470277 -0.000396841 0.999978960 0.091733508
0.999907196 0.000929755 -0.013592901 -0.016261877 -0.000927554 0.999999583 0.000168265 -0.001730443 0.013593052 -0.000155642 0.999907613 0.188580632
0.999772489 0.001383570 -0.021286210 -0.026024243 -0.001395903 0.999998868 -0.000564541 -0.002030912 0.021285405 0.000594126 0.999773264 0.285310984
0.999541759 0.001722738 -0.030220514 -0.042985197 -0.001782976 0.999996483 -0.001966459 -0.002020927 0.030217020 0.002019440 0.999541342 0.390521526
0.999125361 0.001930336 -0.041771047 -0.058791682 -0.002074972 0.999992013 -0.003419511 -0.005040301 0.041764114 0.003503195 0.999121368 0.500859737
0.998479426 0.001744538 -0.055097681 -0.084194884 -0.001970449 0.999989867 -0.004046131 -0.007925919 0.055090066 0.004148546 0.998472750 0.625724137
0.997427404 0.001822370 -0.071660966 -0.108379677 -0.002144492 0.999987960 -0.004418400 -0.004228125 0.071652055 0.004560709 0.997419238 0.761215210
0.995904922 0.000227860 -0.090406261 -0.134453133 -0.000608558 0.999991059 -0.004183433 -0.008951157 0.090404503 0.004221319 0.995896161 0.916944921
0.993914306 -0.000733068 -0.110153727 -0.176306993 0.000253683 0.999990463 -0.004365913 -0.012512915 0.110155873 0.004311399 0.993904948 1.075132370
0.991248906 -0.000802981 -0.132003024 -0.220872104 0.000199179 0.999989390 -0.004587296 -0.013408422 0.132005304 0.004520860 0.991238654 1.228311896
0.987727582 0.002838456 -0.156160757 -0.275387108 -0.003818396 0.999974847 -0.005975577 -0.018273674 0.156139895 0.006498525 0.987713575 1.396434546
0.983345926 0.007243223 -0.181599841 -0.342060596 -0.008726730 0.999934793 -0.007371393 -0.024928171 0.181534618 0.008833401 0.983344913 1.571270704
0.977959037 0.010184392 -0.208548144 -0.415191054 -0.012212970 0.999889731 -0.008441763 -0.027866701 0.208439142 0.010802690 0.977975607 1.752881527
0.971262872 0.010837073 -0.237762332 -0.493068039 -0.013303311 0.999872983 -0.008770596 -0.028970383 0.237637073 0.011681580 0.971283793 1.938897967
0.963209867 0.012726342 -0.268448770 -0.583193541 -0.015488135 0.999846637 -0.008172634 -0.033465181 0.268303573 0.012029734 0.963259280 2.136149168
0.953791440 0.014638387 -0.300112784 -0.677215219 -0.017551620 0.999821305 -0.007013402 -0.037105128 0.299956441 0.011956789 0.953877926 2.317274809
0.942530632 0.016489623 -0.333712429 -0.778261304 -0.019602878 0.999790072 -0.005963683 -0.037026551 0.333544016 0.012162680 0.942656100 2.507254124
0.929978848 0.018725278 -0.367135882 -0.880550563 -0.022188043 0.999740183 -0.005213324 -0.042781971 0.366942883 0.012994311 0.930152714 2.685328007
0.916109443 0.021426514 -0.400355458 -0.999881148 -0.025435209 0.999665380 -0.004701052 -0.041881777 0.400120735 0.014489804 0.916347861 2.865202188
0.900045931 0.022083808 -0.435235232 -1.114467502 -0.026469911 0.999641538 -0.004016773 -0.043230891 0.434990495 0.015135917 0.900307834 3.037320852
0.881651402 0.018023981 -0.471557051 -1.239799738 -0.022790022 0.999730587 -0.004397621 -0.046178773 0.471350729 0.014623965 0.881824613 3.214729071
0.860499740 0.013508848 -0.509271681 -1.374755859 -0.018497013 0.999817550 -0.004732827 -0.050053492 0.509114861 0.013492600 0.860592842 3.388104439
0.835434675 0.015115777 -0.549381912 -1.535701275 -0.019143982 0.999815404 -0.001602816 -0.052727763 0.549256384 0.011856404 0.835569918 3.568489552
0.806246579 0.020741202 -0.591215968 -1.712436438 -0.023783106 0.999713600 0.002638991 -0.060439125 0.591101408 0.011933274 0.806509078 3.733289957
0.773701370 0.023923647 -0.633098722 -1.912710309 -0.027249848 0.999618649 0.004472102 -0.062191341 0.632964253 0.013791772 0.774058223 3.905622959
0.737912297 0.022749063 -0.674513161 -2.126960039 -0.025979169 0.999648452 0.005293766 -0.065221265 0.674396455 0.013616954 0.738243937 4.073295593
0.697778881 0.018345131 -0.716078222 -2.343012094 -0.019935284 0.999782085 0.006187470 -0.062019970 0.716035843 0.009957734 0.697992623 4.242493629
0.654931545 0.014648135 -0.755546153 -2.583115339 -0.014506433 0.999871612 0.006810344 -0.060966145 0.755548835 0.006499968 0.655060053 4.406962395
0.611089289 0.014420242 -0.791430235 -2.844461918 -0.012117042 0.999887288 0.008862467 -0.061331321 0.791468918 0.004174035 0.611195087 4.540163517
0.562572479 0.014932613 -0.826613009 -3.122529984 -0.009776624 0.999887049 0.011409049 -0.057250135 0.826690078 0.001663066 0.562655151 4.682374001
0.511627138 0.015589111 -0.859066069 -3.417607307 -0.007951992 0.999878407 0.013408472 -0.053681113 0.859170794 -0.000028852 0.511688948 4.805377960
0.459382772 0.016608609 -0.888083100 -3.725230455 -0.007776557 0.999862015 0.014676443 -0.040562227 0.888204336 0.000164122 0.459448636 4.903376579
0.404627085 0.018881612 -0.914286792 -4.056531429 -0.006291295 0.999820650 0.017863752 -0.039899327 0.914460123 -0.001476111 0.404673338 5.000659943
0.349199235 0.020805180 -0.936817527 -4.412236214 -0.006198005 0.999782860 0.019893227 -0.032298148 0.937027931 -0.001140301 0.349252403 5.085301876
0.293874621 0.023786291 -0.955547988 -4.789458752 -0.003558442 0.999710619 0.023791239 -0.025605753 0.955837309 -0.003591380 0.293874204 5.159965515
0.240108788 0.025684556 -0.970406175 -5.131248474 0.001213193 0.999641180 0.026758526 -0.029764771 0.970745265 -0.007602248 0.239991501 5.215595245
0.189208642 0.026133928 -0.981589139 -5.522457123 0.003402154 0.999622285 0.027269838 -0.025001511 0.981931090 -0.008499207 0.189048290 5.250403881
0.141462475 0.027207594 -0.989569724 -5.936775684 0.000980875 0.999617875 0.027624084 -0.018091023 0.989943206 -0.004878414 0.141381711 5.273479462
0.099252373 0.027446283 -0.994683802 -6.358371258 -0.001127438 0.999621987 0.027470049 -0.006191835 0.995061636 -0.001605023 0.099245787 5.269803047
0.061403051 0.026101410 -0.997771800 -6.802305222 -0.002164084 0.999659061 0.026017608 0.000389993 0.998110831 0.000561703 0.061438560 5.260677814
0.026946995 0.023267506 -0.999365985 -7.272541046 -0.000496267 0.999729216 0.023262583 0.007293537 0.999636710 -0.000130904 0.026951248 5.258558273
-0.004154658 0.020624820 -0.999778628 -7.747120857 -0.000152089 0.999787271 0.020625632 0.011185586 0.999991298 0.000237747 -0.004150635 5.228565216
-0.030993924 0.018784950 -0.999343038 -8.238738060 -0.000485149 0.999822974 0.018809021 0.018267766 0.999519408 0.001067796 -0.030979320 5.191493034
-0.051350877 0.016357688 -0.998546720 -8.746542931 -0.001676033 0.999863029 0.016465446 0.028952859 0.998679280 0.002519113 -0.051316410 5.142064571
-0.068176262 0.015314808 -0.997555733 -9.262303352 -0.000705036 0.999881089 0.015398697 0.041805893 0.997673154 0.001753138 -0.068157367 5.103341103
-0.081207365 0.015667005 -0.996574104 -9.799823761 -0.000411672 0.999875784 0.015752455 0.050319865 0.996697068 0.001689477 -0.081190854 5.048602104
-0.090728208 0.017192580 -0.995727360 -10.357003212 -0.000446646 0.999850094 0.017304465 0.051360965 0.995875537 0.002014740 -0.090706944 4.988389969
-0.097664274 0.018242575 -0.995052218 -10.930153847 -0.002367078 0.999824882 0.018562403 0.051502585 0.995216608 0.004168250 -0.097603977 4.925029278
-0.102121085 0.019285800 -0.994584978 -11.520549774 -0.002151156 0.999805450 0.019607905 0.057437837 0.994769692 0.004141888 -0.102059729 4.857915401
-0.103440799 0.019977346 -0.994435012 -12.129631996 -0.000016188 0.999798238 0.020086773 0.069142655 0.994635642 0.002093890 -0.103419617 4.790261745
-0.102721594 0.022148997 -0.994463563 -12.742474556 0.001921640 0.999754608 0.022068348 0.072790846 0.994708300 0.000355895 -0.102738969 4.734246254
-0.101010382 0.024497384 -0.994583726 -13.397313118 0.001175724 0.999698997 0.024503972 0.085305437 0.994884670 0.001305800 -0.101008780 4.661536217
-0.099370129 0.024558473 -0.994747400 -14.050744057 -0.001092795 0.999692082 0.024789717 0.091376990 0.995049953 0.003550413 -0.099312693 4.591694355
-0.097602241 0.022099001 -0.994980156 -14.714764595 -0.002411270 0.999745190 0.022441370 0.102020115 0.995222569 0.004589493 -0.097524084 4.522176266
-0.096363604 0.021930994 -0.995104551 -15.394009590 -0.003028323 0.999746084 0.022326548 0.112521768 0.995341599 0.005164965 -0.096272722 4.451647282
-0.094696969 0.024593685 -0.995202303 -16.094165802 -0.002740189 0.999684513 0.024965189 0.124772698 0.995502353 0.005091170 -0.094599709 4.384978294
-0.092813060 0.028125502 -0.995286226 -16.815099716 -0.003606611 0.999584854 0.028583301 0.136711180 0.995676994 0.006242513 -0.092673086 4.313496113
-0.091069534 0.030150328 -0.995388091 -17.543951035 -0.003802325 0.999523640 0.030623483 0.146867454 0.995837271 0.006573655 -0.090911530 4.242774010
-0.089380153 0.029460374 -0.995561779 -18.283845901 -0.005724219 0.999530673 0.030091736 0.161386967 0.995981157 0.008388417 -0.089169577 4.169627190
-0.087389864 0.026610943 -0.995818734 -19.036088943 -0.008412782 0.999587774 0.027449939 0.171083838 0.996138573 0.010776451 -0.087129958 4.094679356
-0.085845172 0.025984617 -0.995969594 -19.810863495 -0.009250315 0.999595940 0.026876533 0.187502503 0.996265531 0.011520252 -0.085570119 4.020593643
-0.084427550 0.028120209 -0.996032834 -20.591617584 -0.006876379 0.999561548 0.028802702 0.204595685 0.996405780 0.009280838 -0.084197164 3.953448296
-0.083443739 0.030423220 -0.996048033 -21.390504837 -0.004801813 0.999509990 0.030931232 0.215039849 0.996500909 0.007363853 -0.083256766 3.889908314
-0.081600301 0.032145835 -0.996146619 -22.175468445 -0.003956105 0.999461353 0.032576878 0.229820549 0.996657252 0.006599141 -0.081429176 3.807569027
-0.081177182 0.027412448 -0.996322632 -22.979812622 -0.004073572 0.999604166 0.027834637 0.238299578 0.996691346 0.006318129 -0.081033379 3.752110958
-0.080807708 0.020669404 -0.996515393 -23.786624908 -0.002816072 0.999776185 0.020965397 0.246458396 0.996725678 0.004500424 -0.080731422 3.683752537
-0.081116609 0.016023971 -0.996575832 -24.611255646 0.000618159 0.999871433 0.016026644 0.258405149 0.996704400 0.000683986 -0.081116080 3.620573282
-0.081561938 0.016595952 -0.996530056 -25.449138641 0.001554943 0.999862313 0.016524177 0.269365609 0.996666968 -0.000201804 -0.081576504 3.546426058
-0.081604287 0.024287561 -0.996368766 -26.290643692 0.000720731 0.999704182 0.024309836 0.271068543 0.996664584 0.001265673 -0.081597649 3.470872164
-0.082036361 0.031163217 -0.996142030 -27.127490997 -0.000440731 0.999509811 0.031304870 0.286085784 0.996629179 0.003007169 -0.081982411 3.403455496
-0.082645945 0.036546603 -0.995908678 -27.973012924 -0.002431575 0.999316990 0.036873460 0.297814488 0.996576011 0.005469069 -0.082500644 3.329485893
-0.082811549 0.037023634 -0.995877326 -28.812398911 -0.004241014 0.999287546 0.037503079 0.307248712 0.996556163 0.007329218 -0.082595527 3.249201536
-0.083145842 0.033196386 -0.995984435 -29.647380829 -0.003968270 0.999426067 0.033642374 0.325538933 0.996529460 0.006749558 -0.082966387 3.177059174
-0.083020419 0.030216692 -0.996089756 -30.490045547 -0.003970247 0.999522209 0.030651730 0.346375465 0.996539891 0.006499442 -0.082860790 3.089834213
-0.083356492 0.032080039 -0.996003389 -31.312839508 -0.005643203 0.999450445 0.032663349 0.354043186 0.996503770 0.008343351 -0.083129659 3.024037600
-0.083518758 0.034380272 -0.995912910 -32.154598236 -0.006485682 0.999364674 0.035043333 0.364405990 0.996485054 0.009385951 -0.083242714 2.953537226
-0.083208844 0.032989629 -0.995985925 -32.979476929 -0.007531859 0.999402523 0.033732034 0.371802092 0.996503651 0.010308430 -0.082910657 2.874908209
-0.082916610 0.027877169 -0.996166527 -33.803714752 -0.008166200 0.999556065 0.028651742 0.382983804 0.996523023 0.010510601 -0.082652159 2.804383278
-0.082606137 0.023446210 -0.996306479 -34.637527466 -0.009676591 0.999657214 0.024327375 0.397911578 0.996535242 0.011650441 -0.082350947 2.724805832
-0.082051083 0.024450995 -0.996328235 -35.463722229 -0.009445019 0.999634922 0.025309989 0.401910961 0.996583343 0.011487050 -0.081790201 2.655200243
-0.081535622 0.027033182 -0.996303678 -36.293071747 -0.008161395 0.999580383 0.027790004 0.407553196 0.996636987 0.010397104 -0.081280775 2.585422516
-0.080940567 0.031946220 -0.996206820 -37.139232635 -0.007885480 0.999434292 0.032690406 0.419167519 0.996687770 0.010501547 -0.080642872 2.507924080
-0.080455586 0.037266530 -0.996061206 -37.977005005 -0.007448998 0.999250412 0.037987530 0.439462245 0.996730268 0.010475967 -0.080117673 2.441345215
-0.080528200 0.040594775 -0.995925486 -38.812564850 -0.007543841 0.999116778 0.041334841 0.451598525 0.996723711 0.010841724 -0.080150835 2.366184235
-0.080326386 0.040551577 -0.995943367 -39.640792847 -0.006822513 0.999126315 0.041231431 0.471391082 0.996745288 0.010106809 -0.079979531 2.298901796
-0.080101162 0.036178958 -0.996130109 -40.465698242 -0.007402423 0.999291956 0.036889043 0.489878654 0.996759236 0.010328632 -0.079776630 2.226702452
-0.079713643 0.031966675 -0.996305227 -41.296253204 -0.008021932 0.999432802 0.032708853 0.503913462 0.996785462 0.010599634 -0.079411983 2.149085760
-0.079394348 0.029446626 -0.996408343 -42.119995117 -0.012529957 0.999455154 0.030535063 0.511536837 0.996764481 0.014909263 -0.078982115 2.068329573
-0.079767793 0.027409820 -0.996436715 -42.941600800 -0.015859075 0.999460518 0.028762568 0.526002586 0.996687293 0.018096890 -0.079290062 1.992332458
-0.080506340 0.025419934 -0.996429980 -43.759330750 -0.013784421 0.999550819 0.026613258 0.534616828 0.996658802 0.015877746 -0.080119774 1.924098015
-0.081500441 0.021973126 -0.996431112 -44.587608337 -0.010823375 0.999678433 0.022930007 0.535891414 0.996614516 0.012653556 -0.081236407 1.854032755
-0.082296446 0.020388782 -0.996399343 -45.402832031 -0.005924550 0.999763131 0.020946942 0.549721122 0.996590257 0.007627080 -0.082156159 1.789410591
-0.084280133 0.023805961 -0.996157706 -46.218299866 -0.005650805 0.999687076 0.024368394 0.555544734 0.996426105 0.007682866 -0.084119223 1.715866566
-0.085945345 0.030116109 -0.995844603 -47.050544739 -0.004223580 0.999523044 0.030591864 0.557467639 0.996290922 0.006835259 -0.085777141 1.638154984
-0.087679394 0.034165639 -0.995562673 -47.860996246 -0.001916934 0.999404013 0.034466293 0.560517430 0.996146917 0.004930412 -0.087561660 1.573354244
-0.089179747 0.033305980 -0.995458603 -48.671356201 -0.001966044 0.999432921 0.033615083 0.570281744 0.996013641 0.004954900 -0.089063704 1.496930122
-0.090232618 0.029194307 -0.995492697 -49.465881348 -0.005305278 0.999541938 0.029793926 0.581696749 0.995906651 0.007969750 -0.090036415 1.415375233
-0.091109268 0.025561163 -0.995512784 -50.253787994 -0.010413704 0.999591410 0.026618943 0.587703288 0.995786548 0.012792208 -0.090805858 1.323382854
-0.092803948 0.024118748 -0.995392203 -51.044292450 -0.014741500 0.999563634 0.025594220 0.596246362 0.995575249 0.017048817 -0.092407919 1.243740082
-0.093527816 0.025326742 -0.995294511 -51.830936432 -0.016095804 0.999507248 0.026946470 0.600331366 0.995486677 0.018540310 -0.093074068 1.159439087
-0.094644979 0.026979854 -0.995145440 -52.618297577 -0.016070247 0.999461114 0.028625242 0.606884599 0.995381415 0.018701468 -0.094160385 1.081006050
-0.095424473 0.026420593 -0.995086014 -53.400806427 -0.017799946 0.999442577 0.028243210 0.614093184 0.995277524 0.020407571 -0.094901010 0.996975899
-0.096070372 0.026234714 -0.995028794 -54.178070068 -0.018563008 0.999431491 0.028143063 0.621599078 0.995201528 0.021174442 -0.095528774 0.915872574
-0.096648298 0.028187741 -0.994919300 -54.954967499 -0.016941356 0.999407470 0.029960612 0.629216909 0.995174527 0.019750917 -0.096113488 0.839849949
-0.096882433 0.030842410 -0.994817793 -55.724773407 -0.016474072 0.999333143 0.032586761 0.641418338 0.995159447 0.019545784 -0.096309714 0.764086246
-0.097254656 0.035214823 -0.994636238 -56.505222321 -0.016017821 0.999188960 0.036942229 0.650505900 0.995130658 0.019524712 -0.096611716 0.685347080
-0.097733781 0.037224777 -0.994516134 -57.266632080 -0.016526576 0.999101698 0.039020531 0.663739562 0.995075464 0.020249574 -0.097030796 0.607202530
-0.098549254 0.037330918 -0.994431674 -58.020957947 -0.015861167 0.999110222 0.039078403 0.674365163 0.995005727 0.019623997 -0.097869471 0.530992985
-0.098870486 0.035690758 -0.994460106 -58.761943817 -0.015509163 0.999179900 0.037402097 0.680603266 0.994979501 0.019121205 -0.098235875 0.455646992
-0.098839156 0.031885114 -0.994592369 -59.489326477 -0.014828358 0.999328375 0.033510532 0.696791053 0.994992912 0.018060328 -0.098299973 0.376348972
-0.098560989 0.028841371 -0.994712949 -60.225795746 -0.015316079 0.999417722 0.030495368 0.707768917 0.995013118 0.018240754 -0.098061830 0.296262264
-0.097467147 0.026460575 -0.994886875 -60.932533264 -0.015736524 0.999480665 0.028124427 0.718039870 0.995114326 0.018397268 -0.097000122 0.225420475
-0.095089972 0.025840778 -0.995133221 -61.627548218 -0.018593069 0.999442518 0.027729342 0.720041037 0.995294988 0.021139363 -0.094556503 0.150884151
-0.090450920 0.026623778 -0.995544970 -62.321247101 -0.018387737 0.999427557 0.028398242 0.728155136 0.995731056 0.020874467 -0.089909598 0.077279568
-0.084842049 0.028547188 -0.995985389 -62.965866089 -0.018476196 0.999372602 0.030218149 0.726937890 0.996223032 0.020965790 -0.084261365 0.027390957
-0.077913150 0.030077484 -0.996506333 -63.624767303 -0.017138515 0.999356747 0.031503506 0.734311938 0.996812940 0.019533176 -0.077347554 -0.018849850
-0.069012269 0.031302847 -0.997124493 -64.261795044 -0.018333416 0.999299049 0.032639988 0.739761949 0.997447371 0.020533258 -0.068389997 -0.064357281
-0.057207447 0.033060193 -0.997814715 -64.887512207 -0.020288529 0.999206722 0.034269504 0.747535944 0.998156130 0.022204664 -0.056491323 -0.104115248
-0.042327616 0.034409605 -0.998511016 -65.490470886 -0.023424663 0.999097943 0.035422813 0.756076932 0.998829186 0.024889143 -0.041483399 -0.129558563
-0.023924120 0.035846248 -0.999070823 -66.064819336 -0.024988839 0.999023378 0.036442924 0.763225913 0.999401331 0.025837492 -0.023005001 -0.137490511
-0.001569452 0.036731157 -0.999323905 -66.637306213 -0.026240798 0.998979509 0.036759716 0.770939708 0.999654353 0.026280750 -0.000603998 -0.131548062
0.024080558 0.037210841 -0.999017298 -67.181976318 -0.025455937 0.999005854 0.036596823 0.776143909 0.999385834 0.024549650 0.025003852 -0.104727507
0.053112205 0.036186356 -0.997932673 -67.696105957 -0.023759939 0.999106050 0.034964353 0.791300774 0.998305798 0.021853790 0.053924508 -0.049159527
0.087231442 0.036299374 -0.995526433 -68.207435608 -0.022558663 0.999151587 0.034454886 0.794121265 0.995932639 0.019452199 0.087976299 0.019289494
0.124080136 0.035887789 -0.991623044 -68.673294067 -0.022627449 0.999188185 0.033330247 0.811211586 0.992014170 0.018302279 0.124791451 0.115130424
0.165705696 0.036567345 -0.985497057 -69.084457397 -0.022175526 0.999197781 0.033347026 0.797759056 0.985925853 0.016328124 0.166383669 0.182671547
0.211044759 0.037415508 -0.976759970 -69.539314270 -0.021417646 0.999204278 0.033647619 0.805962682 0.977241755 0.013818748 0.211678192 0.304053307
0.259764075 0.035906404 -0.965004325 -69.975555420 -0.018120898 0.999313712 0.032305147 0.810758710 0.965502083 0.009095024 0.260236442 0.452896118
0.309121430 0.031000054 -0.950517178 -70.374519348 -0.010264719 0.999519169 0.029259974 0.807357073 0.950967133 0.000711902 0.309290975 0.637212753
0.360801101 0.025679160 -0.932289183 -70.773719788 -0.005197508 0.999660790 0.025523396 0.811289787 0.932628334 -0.004363294 0.360812128 0.824499130
0.412841767 0.021481609 -0.910549402 -71.142288208 -0.000394307 0.999725938 0.023406684 0.808336735 0.910802662 -0.009304225 0.412737131 1.038246155
0.463685066 0.020536600 -0.885762036 -71.496658325 0.000144367 0.999729574 0.023254538 0.817049325 0.886000037 -0.010910657 0.463556647 1.263172150
0.512257218 0.019355774 -0.858613908 -71.866226196 0.001230843 0.999728382 0.023271261 0.825138927 0.858831108 -0.012977688 0.512094259 1.517843246
0.557530224 0.015117751 -0.830019057 -72.218467712 0.009044970 0.999664187 0.024283199 0.828786492 0.830107391 -0.021046111 0.557206213 1.801551819
0.601027250 0.008083142 -0.799187660 -72.542709351 0.020062439 0.999481201 0.025196867 0.834002733 0.798976660 -0.031177655 0.600553274 2.115245819
0.643302500 0.003480825 -0.765604198 -72.851135254 0.020935632 0.999535739 0.022135666 0.835010707 0.765325844 -0.030268339 0.642930984 2.428512573
0.684823990 -0.000243742 -0.728708506 -73.132835388 0.017390359 0.999720693 0.016008679 0.824190736 0.728500962 -0.023635630 0.684636891 2.725955963
0.725447595 -0.007408688 -0.688237548 -73.415206909 0.014425278 0.999886096 0.004441694 0.830457330 0.688126266 -0.013150232 0.725471795 3.065128326
0.764520168 -0.009835914 -0.644524872 -73.688583374 0.009573204 0.999946535 -0.003904397 0.833541036 0.644528925 -0.003185179 0.764573276 3.439765930
0.801586747 -0.010920114 -0.597778738 -73.954627991 0.008128010 0.999939799 -0.007367531 0.836153090 0.597823203 0.001046967 0.801627278 3.839000702
0.835682571 -0.010982885 -0.549102843 -74.190063477 0.007702908 0.999936044 -0.008277131 0.819573283 0.549158633 0.002687366 0.835713804 4.251689911
0.866276085 -0.009740502 -0.499470621 -74.413368225 0.004960512 0.999928355 -0.010896798 0.816877246 0.499540955 0.006962006 0.866262257 4.699743271
0.892100275 -0.008493218 -0.451757610 -74.622482300 0.004729461 0.999943972 -0.009459915 0.803609967 0.451812685 0.006302622 0.892090619 5.176052094
0.913075864 -0.002654237 -0.407781094 -74.812156677 -0.000830128 0.999964595 -0.008367511 0.792768240 0.407788813 0.007978681 0.913041413 5.671087265
0.930804074 0.002767812 -0.365508050 -75.014442444 -0.006883527 0.999926686 -0.009957658 0.782279789 0.365453780 0.011784612 0.930754840 6.176998138
0.944235206 0.007527877 -0.329185694 -75.185447693 -0.011018507 0.999901056 -0.008739535 0.776934743 0.329087317 0.011879311 0.944224834 6.715906143
0.954261839 0.008343244 -0.298855782 -75.349052429 -0.010898824 0.999916911 -0.006885529 0.765143752 0.298773527 0.009827774 0.954273462 7.273006439
0.961431682 0.007879329 -0.274931043 -75.490806580 -0.009739629 0.999937952 -0.005401893 0.752760351 0.274871439 0.007871278 0.961448789 7.848665237
0.967461586 0.008069254 -0.252889335 -75.668540955 -0.009359758 0.999948621 -0.003900385 0.754078746 0.252844870 0.006140456 0.967487335 8.463979721
0.972022593 0.010287446 -0.234662116 -75.810646057 -0.010911634 0.999939620 -0.001361659 0.747054160 0.234633937 0.003884110 0.972075999 9.078516006
0.975571513 0.015467706 -0.219136834 -75.954574585 -0.015803352 0.999875188 0.000221211 0.738989592 0.219112903 0.003247290 0.975694120 9.710704803
0.978396952 0.018962976 -0.205864161 -76.089317322 -0.019052558 0.999817371 0.001547381 0.730753660 0.205855921 0.002408287 0.978579462 10.353545189
0.981105983 0.017325034 -0.192694023 -76.215141296 -0.017428773 0.999847472 0.001156871 0.726219893 0.192684695 0.002223408 0.981258214 11.012089729
0.983725607 0.017914206 -0.178782031 -76.352249146 -0.018039379 0.999836862 0.000925625 0.717518568 0.178769484 0.002314556 0.983888268 11.714288712
0.986236334 0.018357880 -0.164319471 -76.462348938 -0.018356128 0.999830306 0.001529273 0.713310540 0.164319664 0.001508044 0.986405969 12.413570404
0.988432229 0.019810414 -0.150364295 -76.570587158 -0.019771349 0.999802947 0.001754919 0.710405290 0.150369436 0.001238286 0.988629103 13.127536774
0.990309060 0.020589827 -0.137347132 -76.673477173 -0.020863522 0.999782205 -0.000553239 0.690859020 0.137305826 0.003413423 0.990522861 13.844936371
0.991709054 0.020881757 -0.126795918 -76.760261536 -0.021786390 0.999746084 -0.005751756 0.677301288 0.126643628 0.008466492 0.991912186 14.587082863
0.992903233 0.019546049 -0.117307924 -76.845932007 -0.021118023 0.999702811 -0.012172315 0.664333701 0.117035128 0.014563241 0.993021131 15.338509560
0.993845344 0.019295884 -0.109083019 -76.928161621 -0.020776302 0.999706507 -0.012451115 0.656256437 0.108810753 0.014640823 0.993954718 16.098432541
0.994535625 0.021127222 -0.102237888 -77.010757446 -0.021866651 0.999742091 -0.006116978 0.638312340 0.102082312 0.008319153 0.994741201 16.865335464
0.994961500 0.025886487 -0.096859246 -77.101272583 -0.025815168 0.999664783 0.001989628 0.621295214 0.096878275 0.000520833 0.995296180 17.646852493
0.995384336 0.026155036 -0.092336908 -77.183540344 -0.025732515 0.999652207 0.005763660 0.613051295 0.092455536 -0.003361000 0.995711267 18.422349930
0.995666265 0.025548071 -0.089420058 -77.250938416 -0.025228921 0.999670744 0.004697637 0.596255422 0.089510612 -0.002421307 0.995982945 19.194221497
0.995968103 0.025313621 -0.086062111 -77.323036194 -0.025080495 0.999678254 0.003789148 0.586579382 0.086130343 -0.001615391 0.996282637 19.959106445
0.996241927 0.023908243 -0.083249502 -77.386192322 -0.023478787 0.999705434 0.006133981 0.576708555 0.083371654 -0.004156331 0.996509850 20.729175568
0.996496141 0.021492749 -0.080829598 -77.456466675 -0.020885801 0.999746978 0.008347090 0.571540475 0.080988564 -0.006629653 0.996693015 21.512475967
0.996772647 0.019176390 -0.077951282 -77.514442444 -0.018434115 0.999777734 0.010230819 0.559914708 0.078130133 -0.008760839 0.996904671 22.275148392
0.997012138 0.018555876 -0.074983090 -77.575302124 -0.018121518 0.999814808 0.006468974 0.551340818 0.075089239 -0.005090839 0.997163773 23.033300400
0.997055233 0.021656230 -0.073566213 -77.631744385 -0.021738058 0.999763668 -0.000311724 0.534306049 0.073542066 0.001909993 0.997290254 23.780378342
0.997170925 0.022714902 -0.071653202 -77.694831848 -0.023353564 0.999694526 -0.008088031 0.520842671 0.071447581 0.009738508 0.997396827 24.529659271
0.997236013 0.023814667 -0.070377611 -77.752975464 -0.024723798 0.999621272 -0.012075002 0.501837969 0.070063375 0.013781627 0.997447371 25.282188416
0.997346699 0.025278363 -0.068267904 -77.809326172 -0.026068682 0.999602795 -0.010710586 0.485347360 0.067970023 0.012461821 0.997609556 26.039072037
0.997427762 0.028918015 -0.065586947 -77.876739502 -0.029397832 0.999547482 -0.006362278 0.459872425 0.065373287 0.008274027 0.997826517 26.810316086
0.997509539 0.031533532 -0.063090272 -77.934494019 -0.031666122 0.999497890 -0.001102546 0.441368610 0.063023828 0.003097625 0.998007298 27.560743332
0.997730851 0.029251114 -0.060642220 -77.981964111 -0.029273594 0.999571204 0.000517855 0.429835916 0.060631387 0.001258537 0.998159349 28.320005417
0.997889400 0.026481571 -0.059291724 -78.032539368 -0.026492616 0.999648809 0.000599943 0.413836628 0.059286792 0.000972116 0.998240471 29.083032608
0.998008251 0.024305323 -0.058213782 -78.073303223 -0.024315329 0.999704182 0.000536558 0.398391336 0.058209602 0.000879998 0.998303950 29.830207825
0.998062015 0.024231061 -0.057315111 -78.121421814 -0.024339769 0.999702930 -0.001199186 0.384405762 0.057269026 0.002591898 0.998355389 30.577911377
0.998158038 0.022032503 -0.056523409 -78.165016174 -0.022208201 0.999750257 -0.002482084 0.373314202 0.056454610 0.003732795 0.998398185 31.335069656
0.998212576 0.020727081 -0.056052223 -78.207878113 -0.020902023 0.999778271 -0.002536540 0.361024439 0.055987224 0.003703612 0.998424590 32.094242096
0.998189032 0.024705173 -0.054846443 -78.268707275 -0.024832692 0.999690235 -0.001644659 0.349465787 0.054788835 0.003003666 0.998493433 32.875896454
0.998187661 0.024448685 -0.054986928 -78.307716370 -0.024617903 0.999694049 -0.002402073 0.339288592 0.054911386 0.003751382 0.998484194 33.639118195
0.998100877 0.023915686 -0.056767888 -78.351387024 -0.024087565 0.999707162 -0.002345381 0.324489176 0.056695178 0.003708327 0.998384655 34.413890839
0.998058736 0.021617403 -0.058406282 -78.406623840 -0.021762947 0.999761462 -0.001856883 0.311938345 0.058352206 0.003124372 0.998291135 35.202148438
0.997836232 0.023248928 -0.061499257 -78.467102051 -0.023414038 0.999723911 -0.001965359 0.300582767 0.061436597 0.003401053 0.998105228 36.006729126
0.997560918 0.027176837 -0.064293534 -78.523513794 -0.027342694 0.999624610 -0.001701072 0.275921643 0.064223178 0.003454881 0.997929573 36.782600403
0.997384667 0.027405350 -0.066878945 -78.587898254 -0.027915487 0.999587774 -0.006705062 0.262909263 0.066667639 0.008554485 0.997738600 37.579372406
0.997215092 0.027923871 -0.069154352 -78.655723572 -0.028680557 0.999538839 -0.009973178 0.248769104 0.068843983 0.011928787 0.997556150 38.367324829
0.997101128 0.027778454 -0.070835806 -78.726974487 -0.028692408 0.999517202 -0.011917518 0.238005102 0.070470572 0.013915421 0.997416794 39.164253235
0.996936560 0.028306985 -0.072912268 -78.794303894 -0.029137868 0.999521732 -0.010357059 0.217692554 0.072584204 0.012449837 0.997284532 39.995437622
0.996782124 0.026779247 -0.075554013 -78.853584290 -0.027600382 0.999570549 -0.009844784 0.200854540 0.075257927 0.011898422 0.997093141 40.821254730
0.996653199 0.026378874 -0.077372871 -78.917015076 -0.027064335 0.999603093 -0.007823872 0.181356549 0.077135764 0.009891733 0.996971607 41.647087097
0.996604562 0.025480486 -0.078295954 -78.988609314 -0.025903143 0.999654770 -0.004387132 0.171055168 0.078157142 0.006400346 0.996920526 42.469940186
0.996558249 0.025562901 -0.078855172 -79.066825867 -0.025617711 0.999671757 0.000316629 0.156445771 0.078837380 0.001704551 0.996886015 43.337833405
0.996620476 0.025262710 -0.078163110 -79.135971069 -0.025157150 0.999680817 0.002335023 0.143582582 0.078197159 -0.000360771 0.996937752 44.188606262
0.996696353 0.028459769 -0.076068155 -79.209175110 -0.028344601 0.999594808 0.002593434 0.129078701 0.076111160 -0.000428745 0.997099280 45.042797089
0.996834934 0.028165188 -0.074343234 -79.279426575 -0.028137926 0.999603093 0.001414272 0.120915689 0.074353561 0.000682068 0.997231722 45.907489777
0.996995151 0.025938103 -0.072992526 -79.340286255 -0.026073525 0.999659598 -0.000902878 0.108420417 0.072944261 0.002803337 0.997332036 46.767681122
0.997197986 0.021754041 -0.071574718 -79.396911621 -0.021980882 0.999755621 -0.002383095 0.092684224 0.071505390 0.003949693 0.997432411 47.638633728
0.997398019 0.020570673 -0.069094151 -79.471687317 -0.020805312 0.999779940 -0.002677955 0.080286697 0.069023862 0.004108512 0.997606516 48.514167786
0.997493863 0.018137837 -0.068389259 -79.530647278 -0.018176818 0.999834776 0.000052307 0.063319631 0.068378903 0.001190922 0.997658730 49.390060425
0.997627556 0.015768474 -0.067011997 -79.596321106 -0.015654538 0.999875009 0.002225037 0.053708687 0.067038707 -0.001170716 0.997749627 50.266433716
0.997670352 0.015444464 -0.066447958 -79.652069092 -0.015292238 0.999879122 0.002798983 0.034838304 0.066483155 -0.001776324 0.997785926 51.141754150
0.997734845 0.017344836 -0.064994924 -79.718475342 -0.017423781 0.999848008 -0.000647927 0.018840194 0.064973794 0.001778917 0.997885346 52.019111633
0.997737408 0.019689456 -0.064284146 -79.783935547 -0.020120036 0.999779224 -0.006057493 -0.003214806 0.064150691 0.007337186 0.997913361 52.877506256
0.997744918 0.021624828 -0.063543051 -79.841735840 -0.022407457 0.999681294 -0.011629717 -0.020995259 0.063271314 0.013027327 0.997911394 53.739597321
0.997693598 0.026377391 -0.062545270 -79.910125732 -0.027512856 0.999470651 -0.017362900 -0.046024799 0.062054176 0.019043650 0.997891128 54.588924408
0.997759163 0.026493281 -0.061439887 -79.968536377 -0.027663428 0.999450326 -0.018273504 -0.074289560 0.060921974 0.019932196 0.997943521 55.436611176
0.997822881 0.023699228 -0.061546177 -80.020828247 -0.024522753 0.999619126 -0.012659805 -0.090866029 0.061222713 0.014141523 0.998023987 56.300449371
0.997825563 0.022700429 -0.061877396 -80.087104797 -0.022953326 0.999730766 -0.003379126 -0.118271604 0.061784014 0.004792070 0.998078048 57.165634155
0.997792304 0.021077609 -0.062977679 -80.144096375 -0.020812275 0.999771535 0.004866291 -0.142401844 0.063065864 -0.003544839 0.998003125 58.019172668
0.997678280 0.019461660 -0.065262683 -80.203186035 -0.019350005 0.999810040 0.002342633 -0.153603598 0.065295860 -0.001074361 0.997865379 58.857288361
0.997633994 0.014724387 -0.067152463 -80.264686584 -0.014829691 0.999889493 -0.001069902 -0.168115541 0.067129269 0.002063222 0.997742176 59.700302124
0.997458816 0.013354614 -0.069982983 -80.323753357 -0.013571684 0.999904454 -0.002627132 -0.189480677 0.069941215 0.003570243 0.997544765 60.532344818
0.997261822 0.014892109 -0.072438248 -80.393684387 -0.015277593 0.999871731 -0.004770339 -0.207840234 0.072357945 0.005863959 0.997361600 61.332382202
0.996985674 0.016419809 -0.075829104 -80.462684631 -0.017087417 0.999820650 -0.008163674 -0.226212978 0.075681470 0.009434789 0.997087419 62.153869629
0.996669471 0.017147794 -0.079723179 -80.535270691 -0.018097628 0.999773383 -0.011206828 -0.250199556 0.079512946 0.012612307 0.996754050 62.965789795
0.996401846 0.019236503 -0.082542360 -80.615570068 -0.020568734 0.999671042 -0.015320013 -0.272842109 0.082220510 0.016962683 0.996469855 63.778293610
0.996039450 0.023802867 -0.085666068 -80.706619263 -0.025201768 0.999565542 -0.015285260 -0.299650073 0.085265025 0.017383661 0.996206582 64.578491211
0.995633423 0.027531823 -0.089195654 -80.788963318 -0.028844314 0.999493301 -0.013459111 -0.321197808 0.088779911 0.015973130 0.995923221 65.383377075
0.995212197 0.030135278 -0.092975520 -80.876358032 -0.030968860 0.999491930 -0.007535535 -0.342888951 0.092701212 0.010378804 0.995639861 66.182975769
0.994786024 0.030781683 -0.097226828 -80.962203979 -0.031113988 0.999514103 -0.001903179 -0.363683522 0.097121000 0.004918373 0.995260417 66.998168945
0.994314194 0.030265775 -0.102094457 -81.047271729 -0.030242017 0.999540985 0.001780849 -0.381132185 0.102101497 0.001316819 0.994773149 67.791587830
0.993633330 0.029801512 -0.108649306 -81.138854980 -0.029683964 0.999555707 0.002699469 -0.391767800 0.108681493 0.000542860 0.994076490 68.581489563
0.993073702 0.027208220 -0.114299163 -81.235000610 -0.026630018 0.999623656 0.006582796 -0.404850245 0.114435263 -0.003493412 0.993424654 69.362846375
0.992278397 0.028705934 -0.120662846 -81.332504272 -0.028176555 0.999584436 0.006091491 -0.414524734 0.120787539 -0.002644592 0.992674828 70.140731812
0.991408944 0.033412714 -0.126459688 -81.445922852 -0.032983340 0.999440789 0.005488299 -0.426443517 0.126572326 -0.001270084 0.991956532 70.910964966
0.990604103 0.035676248 -0.132026136 -81.566070557 -0.035735834 0.999359488 0.001918785 -0.437426597 0.132010028 0.002817307 0.991244376 71.672721863
0.989764333 0.034228642 -0.138545349 -81.674972534 -0.034723617 0.999396265 -0.001156496 -0.444265783 0.138422117 0.005955455 0.990355313 72.429100037
0.988945127 0.035561040 -0.143954366 -81.793815613 -0.036245391 0.999340534 -0.002133383 -0.459886134 0.143783569 0.007327481 0.989581943 73.194427490
0.988221407 0.037613556 -0.148335740 -81.921554565 -0.037606448 0.999288499 0.002853637 -0.468034923 0.148337543 0.002758356 0.988932908 73.964294434
0.987275600 0.037960730 -0.154421553 -82.048057556 -0.037309390 0.999278486 0.007114877 -0.478425384 0.154580176 -0.001262970 0.987979412 74.728523254
0.986315548 0.037524961 -0.160541549 -82.177780151 -0.036454841 0.999289155 0.009606950 -0.496525526 0.160787910 -0.003622967 0.986982286 75.485099792
0.985203207 0.035462573 -0.167681828 -82.313125610 -0.034985796 0.999371052 0.005797626 -0.504080594 0.167781934 0.000154643 0.985824108 76.235252380
0.983832777 0.032335408 -0.176146746 -82.458442688 -0.033151124 0.999448955 -0.001689282 -0.505520463 0.175995037 0.007501430 0.984362543 76.987213135
0.982208908 0.029647147 -0.185436606 -82.593322754 -0.030755283 0.999522150 -0.003101508 -0.519234300 0.185256049 0.008749485 0.982651234 77.704696655
0.980183184 0.028960781 -0.195964649 -82.751113892 -0.029558811 0.999563038 -0.000127209 -0.530714691 0.195875317 0.005917171 0.980610967 78.445869446
0.977904618 0.029360455 -0.206979454 -82.916931152 -0.028720602 0.999568880 0.006096188 -0.539794743 0.207069218 -0.000016916 0.978326321 79.187332153
0.975342691 0.030618472 -0.218561560 -83.098693848 -0.028357830 0.999507070 0.013473446 -0.541401863 0.218866333 -0.006943298 0.975730181 79.917747498
0.972712934 0.031941626 -0.229803368 -83.268898010 -0.028712697 0.999436557 0.017381921 -0.552361488 0.230229095 -0.010309341 0.973081827 80.632926941
0.969785273 0.035034880 -0.241431475 -83.464302063 -0.032917600 0.999376118 0.012798768 -0.558890820 0.241729230 -0.004464714 0.970333517 81.347122192
0.966814756 0.035216957 -0.253039628 -83.669654846 -0.035392202 0.999366105 0.003860767 -0.565429568 0.253015190 0.005222986 0.967448175 82.049324036
0.963622868 0.032716859 -0.265255660 -83.880355835 -0.034141142 0.999416769 -0.000759311 -0.569276810 0.265076071 0.009787822 0.964177787 82.758117676
0.960376740 0.031735525 -0.276892304 -84.097732544 -0.031634543 0.999487877 0.004832879 -0.587936997 0.276903868 0.004117976 0.960888863 83.455474854
0.956830978 0.032067601 -0.288870156 -84.307373047 -0.030029697 0.999483049 0.011484982 -0.581240773 0.289089054 -0.002314503 0.957299411 84.187622070
0.953147233 0.032014534 -0.300807506 -84.543617249 -0.028265975 0.999459147 0.016806660 -0.584931970 0.301182896 -0.007516605 0.953536749 84.903816223
0.949175239 0.029729770 -0.313340634 -84.785690308 -0.026274778 0.999538600 0.015244349 -0.590218544 0.313649297 -0.006236603 0.949518383 85.608688354
0.945351124 0.027445724 -0.324896723 -85.030776978 -0.025235629 0.999620914 0.011015145 -0.594062209 0.325075954 -0.002214206 0.945685327 86.304183960
0.942532063 0.023569327 -0.333283275 -85.302253723 -0.023471510 0.999715149 0.004320526 -0.602276206 0.333290219 0.003750427 0.942816734 86.983581543
0.939526081 0.019401189 -0.341927350 -85.548324585 -0.021146927 0.999775350 -0.001378239 -0.615390182 0.341823846 0.008525604 0.939725220 87.714057922
0.936869800 0.019132519 -0.349154681 -85.818313599 -0.021581657 0.999762118 -0.003125364 -0.625502586 0.349011809 0.010463395 0.937059879 88.420677185
0.933831513 0.024521464 -0.356871635 -86.108230591 -0.027412495 0.999619544 -0.003044571 -0.641819060 0.356661230 0.012625859 0.934148431 89.124954224
0.930671394 0.024455909 -0.365038097 -86.387420654 -0.026611375 0.999645412 -0.000874439 -0.654974699 0.364887267 0.010527980 0.930992126 89.834274292
0.927787006 0.025459195 -0.372240573 -86.684295654 -0.025059175 0.999668419 0.005913326 -0.659799218 0.372267753 0.003841736 0.928117394 90.535827637
0.925002635 0.027046952 -0.378996700 -86.975494385 -0.023456797 0.999625564 0.014087792 -0.662898660 0.379235893 -0.004141195 0.925290704 91.245704651
0.922352910 0.037231743 -0.384550095 -87.295669556 -0.031594228 0.999280751 0.020969797 -0.672203064 0.385054260 -0.007191992 0.922865868 91.949722290
0.919640005 0.043845475 -0.390307069 -87.612777710 -0.040017970 0.999037862 0.017937565 -0.671833277 0.390718132 -0.000876807 0.920509934 92.645217896
0.917358756 0.040819108 -0.395962834 -87.903533936 -0.039689809 0.999150932 0.011048152 -0.681380630 0.396077633 0.005580571 0.918200016 93.302963257
0.915333211 0.032373238 -0.401394010 -88.210327148 -0.034096826 0.999414444 0.002850886 -0.672368050 0.401251256 0.011076750 0.915901065 94.026634216
0.913767874 0.032671291 -0.404920876 -88.528854370 -0.034755453 0.999393284 0.002205512 -0.674762845 0.404747307 0.012057882 0.914349079 94.719055176
0.911543727 0.038775604 -0.409370869 -88.865112305 -0.039141867 0.999205589 0.007487762 -0.682733476 0.409335941 0.009198118 0.912337422 95.419448853
0.909104049 0.041650325 -0.414481729 -89.192520142 -0.040256668 0.999116123 0.012101889 -0.690861464 0.414619356 0.005683772 0.909977198 96.113014221
0.906884253 0.037958525 -0.419666737 -89.506919861 -0.037110686 0.999259174 0.010187408 -0.702717185 0.419742495 0.006335318 0.907621086 96.790817261
0.904669642 0.036939275 -0.424509376 -89.855064392 -0.038934898 0.999233782 0.003975767 -0.711552382 0.424330980 0.012931474 0.905414820 97.508483887
0.902558029 0.034497570 -0.429184020 -90.194747925 -0.039263576 0.999226391 -0.002252588 -0.720788121 0.428774208 0.018884392 0.903214335 98.198883057
