1.000000000 -0.000000000 0.000000000 0.000000000 -0.000000000 1.000000000 0.000000000 0.000000000 0.000000000 0.000000000 1.000000000 0.000000000
0.999978960 0.000411033 -0.006474751 -0.008227189 -0.000408488 0.999999821 0.000394472 -0.001930735 0.006474912 -0.000391819 0.999978960 0.091791593
0.999907374 0.000955206 -0.013577217 -0.016430395 -0.000952836 0.999999523 0.000181045 -0.001959670 0.013577384 -0.000168091 0.999907792 0.188467637
0.999772489 0.001389604 -0.021285022 -0.026091684 -0.001401901 0.999998868 -0.000562808 -0.002154782 0.021284215 0.000592519 0.999773264 0.285371184
0.999541759 0.001703785 -0.030221032 -0.042962067 -0.001764517 0.999996483 -0.001983033 -0.001878146 0.030217547 0.002035450 0.999541283 0.390655369
0.999125302 0.001923822 -0.041772313 -0.058985267 -0.002069003 0.999991953 -0.003432577 -0.004870561 0.041765373 0.003516002 0.999121249 0.501167357
0.998479366 0.001735114 -0.055099681 -0.084315121 -0.001961318 0.999989867 -0.004051546 -0.007888499 0.055092093 0.004153453 0.998472631 0.626011014
0.997427344 0.001820401 -0.071661182 -0.108526893 -0.002143260 0.999987900 -0.004428717 -0.004240862 0.071652256 0.004570912 0.997419178 0.761432469
0.995905221 0.000199109 -0.090403371 -0.134659052 -0.000579134 0.999991119 -0.004177449 -0.009323718 0.090401739 0.004212699 0.995896459 0.917142987
0.993913949 -0.000755097 -0.110156648 -0.176409692 0.000275461 0.999990404 -0.004369283 -0.012704921 0.110158890 0.004312347 0.993904650 1.075043201
0.991239429 -0.000867450 -0.132074431 -0.217865691 0.000247617 0.999988854 -0.004709407 -0.013306836 0.132077038 0.004635446 0.991228580 1.226255417
0.987726688 0.002691686 -0.156169131 -0.273099273 -0.003707878 0.999973834 -0.006216046 -0.016027233 0.156148300 0.006718812 0.987710714 1.394550085
0.983340204 0.007056945 -0.181637779 -0.339316666 -0.008572144 0.999934733 -0.007558175 -0.023097046 0.181572571 0.008989282 0.983336389 1.569042921
0.977952659 0.009974996 -0.208588585 -0.412769169 -0.012049225 0.999889731 -0.008675810 -0.026053995 0.208479062 0.010997862 0.977964997 1.751270175
0.971265852 0.010693020 -0.237756610 -0.491707414 -0.013208827 0.999872327 -0.008990827 -0.027197069 0.237630099 0.011872970 0.971283138 1.936587572
0.963193595 0.012452423 -0.268520176 -0.579955697 -0.015274307 0.999847889 -0.008422411 -0.031816680 0.268374413 0.012213872 0.963237226 2.133486986
0.953791738 0.014569373 -0.300114930 -0.673507512 -0.017571662 0.999818921 -0.007307110 -0.035494588 0.299954116 0.012242980 0.953875065 2.312428474
0.942524195 0.016253507 -0.333742291 -0.772492588 -0.019433366 0.999792039 -0.006191290 -0.035988137 0.333572268 0.012321179 0.942644000 2.498414516
0.929977059 0.018486382 -0.367152333 -0.875510991 -0.022050975 0.999741614 -0.005516237 -0.041216549 0.366955459 0.013226042 0.930144489 2.679528236
0.916110098 0.021336110 -0.400358677 -0.996636629 -0.025435749 0.999664247 -0.004928078 -0.040953401 0.400119096 0.014698084 0.916345298 2.861137867
0.900077879 0.022156568 -0.435165226 -1.114170432 -0.026646191 0.999635994 -0.004217119 -0.042964227 0.434913367 0.015391232 0.900340796 3.035845995
0.881659091 0.017966300 -0.471544683 -1.237193584 -0.022864969 0.999727666 -0.004660641 -0.045471948 0.471332580 0.014890952 0.881829858 3.212406158
0.860524237 0.013648430 -0.509226441 -1.373150349 -0.018634340 0.999815345 -0.004692198 -0.052079674 0.509068370 0.013526849 0.860619664 3.384046078
0.835442066 0.015223731 -0.549367547 -1.533866644 -0.019267887 0.999813020 -0.001595136 -0.054525413 0.549240649 0.011917794 0.835579216 3.565171003
0.806342125 0.021014007 -0.591075897 -1.710012913 -0.024087267 0.999706268 0.002681988 -0.062942736 0.590958774 0.012074802 0.806611419 3.726092339
0.773833573 0.024075473 -0.632931173 -1.910617590 -0.027383724 0.999614656 0.004543543 -0.064722911 0.632796764 0.013816066 0.774194658 3.897486448
0.738008320 0.022860767 -0.674404263 -2.125124931 -0.026209652 0.999642909 0.005204097 -0.065721363 0.674282432 0.013835235 0.738343894 4.067492962
0.698086917 0.018669877 -0.715769589 -2.343125105 -0.020226713 0.999775171 0.006350764 -0.064865112 0.715727329 0.010044280 0.698307574 4.234110355
0.655019522 0.014707577 -0.755468845 -2.580304623 -0.014648044 0.999869823 0.006765218 -0.062213462 0.755470037 0.006634790 0.655149639 4.400200367
0.611169577 0.014515473 -0.791366577 -2.842133045 -0.012156801 0.999886036 0.008951544 -0.062814407 0.791406274 0.004149573 0.611276448 4.534739971
0.562818408 0.015083813 -0.826442957 -3.119480610 -0.009754538 0.999885082 0.011606423 -0.059520211 0.826523006 0.001529259 0.562900901 4.674821854
0.512664378 0.015539917 -0.858448505 -3.407499075 -0.008033786 0.999879241 0.013302379 -0.054431576 0.858551562 0.000076936 0.512727320 4.783155918
0.459584713 0.016741624 -0.887976110 -3.721619844 -0.007626057 0.999859750 0.014904073 -0.043902744 0.888101220 -0.000077928 0.459647983 4.896893024
0.404865503 0.018927481 -0.914180338 -4.052419186 -0.006290834 0.999819696 0.017914549 -0.041493639 0.914354622 -0.001502025 0.404911548 4.992564201
0.349274486 0.020810448 -0.936789334 -4.407146454 -0.005988025 0.999782443 0.019977232 -0.034045674 0.937001288 -0.001368020 0.349323153 5.077415466
0.293956459 0.023942696 -0.955518782 -4.787508011 -0.003424584 0.999706089 0.023996362 -0.028579464 0.955812693 -0.003781632 0.293952048 5.154950619
0.240313336 0.025789505 -0.970352650 -5.130348206 0.001297488 0.999637544 0.026889155 -0.031292416 0.970694423 -0.007720844 0.240192786 5.210278511
0.189368904 0.026185414 -0.981556833 -5.517195225 0.003481227 0.999620199 0.027338928 -0.025992842 0.981899798 -0.008594165 0.189205840 5.245203018
0.141677231 0.027324088 -0.989535689 -5.939110756 0.001189713 0.999613583 0.027772712 -0.019216064 0.989912212 -0.005112024 0.141589969 5.268943787
0.099357009 0.027682360 -0.994666696 -6.368132591 -0.000328727 0.999613822 0.027787209 -0.009732218 0.995051861 -0.002433880 0.099327736 5.269617081
0.061540890 0.026219340 -0.997760117 -6.801912785 -0.002042001 0.999656141 0.026143216 -0.001490332 0.998102486 0.000428549 0.061573289 5.256530762
0.027125904 0.023440467 -0.999357104 -7.266867161 -0.000065171 0.999725044 0.023447331 0.003989280 0.999632061 -0.000570901 0.027119976 5.253438950
-0.003935616 0.020784372 -0.999776244 -7.743209362 0.000427025 0.999783933 0.020782853 0.008470227 0.999992251 -0.000345136 -0.003943643 5.222917557
-0.030618325 0.018886691 -0.999352634 -8.233841896 0.000118125 0.999821484 0.018891932 0.015602952 0.999531150 0.000460391 -0.030615095 5.185656548
-0.051197320 0.016491283 -0.998552382 -8.741493225 -0.001197301 0.999861836 0.016574301 0.026166935 0.998687863 0.002044128 -0.051170520 5.137180805
-0.067886837 0.015536112 -0.997572124 -9.258270264 -0.000122029 0.999878585 0.015580337 0.039320022 0.997693062 0.001179433 -0.067876704 5.096756935
-0.080775857 0.015855454 -0.996606290 -9.796738625 0.000041088 0.999873519 0.015904108 0.047614831 0.996732354 0.001243719 -0.080766298 5.041060448
-0.090452351 0.017293433 -0.995750725 -10.349474907 0.000711491 0.999850094 0.017299997 0.052103285 0.995900571 0.000856358 -0.090451092 4.983656406
-0.097406551 0.018546494 -0.995071828 -10.925447464 -0.001729632 0.999821663 0.018804336 0.048707105 0.995243132 0.003552774 -0.097357109 4.919361591
-0.101847991 0.019530814 -0.994608223 -11.517631531 -0.001643626 0.999802649 0.019801121 0.055468645 0.994798601 0.003651469 -0.101795785 4.850790501
-0.103256352 0.020260928 -0.994448423 -12.124624252 0.000421637 0.999793351 0.020326048 0.066327497 0.994654596 0.001679497 -0.103243560 4.785863400
-0.102435753 0.022474235 -0.994485617 -12.741692543 0.002320136 0.999747455 0.022354161 0.072332919 0.994736850 -0.000017477 -0.102462023 4.727164268
-0.100707211 0.024819659 -0.994606435 -13.394406319 0.001502624 0.999691427 0.024794407 0.081646279 0.994914949 0.001002456 -0.100713424 4.656405926
-0.099064574 0.025001392 -0.994766891 -14.047238350 -0.000651503 0.999682486 0.025189817 0.087485597 0.995080769 0.003143512 -0.099016823 4.586517811
-0.097478330 0.022509025 -0.994983077 -14.709809303 -0.001937270 0.999738038 0.022806393 0.099004559 0.995235741 0.004150681 -0.097409174 4.521186352
-0.095946543 0.022100199 -0.995141089 -15.392101288 -0.002832630 0.999743342 0.022475520 0.110453442 0.995382488 0.004975314 -0.095859304 4.446442604
-0.094434343 0.024766961 -0.995222986 -16.085968018 -0.002489063 0.999681473 0.025114099 0.122756265 0.995527983 0.004848805 -0.094342627 4.381975174
-0.092707187 0.028386803 -0.995288670 -16.807985306 -0.003019046 0.999580801 0.028790437 0.135488272 0.995688856 0.005673902 -0.092582628 4.312501431
-0.091084152 0.030177023 -0.995385885 -17.535623550 -0.003226067 0.999526501 0.030597765 0.147547573 0.995837927 0.005998152 -0.090943672 4.244797707
-0.089198031 0.029594935 -0.995574176 -18.273477554 -0.005565135 0.999527931 0.030211078 0.160194352 0.995998383 0.008235273 -0.088991217 4.168234348
-0.087127686 0.026656449 -0.995840430 -19.028448105 -0.008035718 0.999590576 0.027459890 0.171835482 0.996164739 0.010394812 -0.086877815 4.091340065
-0.085593522 0.026113523 -0.995987952 -19.802841187 -0.008907853 0.999596477 0.026973661 0.187697336 0.996290326 0.011180883 -0.085326366 4.017993450
-0.084117405 0.028172871 -0.996057510 -20.581705093 -0.006526904 0.999563217 0.028823227 0.204814598 0.996434450 0.008925707 -0.083896786 3.950976849
-0.083129585 0.030383587 -0.996075392 -21.381618500 -0.004557107 0.999512970 0.030868767 0.216535211 0.996528327 0.007105330 -0.082950652 3.887676239
-0.081416614 0.032044034 -0.996164858 -22.173959732 -0.003583035 0.999467075 0.032443106 0.232161030 0.996673703 0.006210700 -0.081258424 3.806127071
-0.080777563 0.027478943 -0.996353328 -22.961372375 -0.004055651 0.999602556 0.027897362 0.239011958 0.996723950 0.006294342 -0.080634028 3.748524904
-0.080323666 0.020760270 -0.996552646 -23.769548416 -0.002855081 0.999774218 0.021057509 0.246559083 0.996764779 0.004536654 -0.080246247 3.679477930
-0.080590881 0.016100872 -0.996617317 -24.593826294 0.000582597 0.999870181 0.016106315 0.258381963 0.996747136 0.000717396 -0.080589794 3.616151333
-0.081139319 0.016648566 -0.996563673 -25.422031403 0.001604671 0.999861479 0.016573004 0.270526469 0.996701479 -0.000254435 -0.081154786 3.547571421
-0.081189945 0.024250766 -0.996403575 -26.274333954 0.000684537 0.999705136 0.024275338 0.273995280 0.996698380 0.001288839 -0.081182607 3.469258308
-0.081576928 0.031257205 -0.996176779 -27.101188660 -0.000912634 0.999505341 0.031436380 0.282882720 0.996666670 0.003473628 -0.081508033 3.402554035
-0.082093529 0.036591351 -0.995952666 -27.946208954 -0.002897495 0.999312758 0.036953636 0.295460165 0.996620476 0.005919422 -0.081931084 3.327341795
-0.082387157 0.037297163 -0.995902240 -28.786684036 -0.004652154 0.999274135 0.037808299 0.302998275 0.996589541 0.007748008 -0.082153842 3.248405695
-0.082747295 0.033444058 -0.996009290 -29.621671677 -0.004520874 0.999413908 0.033933975 0.321157366 0.996560335 0.007310777 -0.082547605 3.178191662
-0.082517147 0.030463358 -0.996123970 -30.461843491 -0.004531802 0.999510944 0.030942345 0.342023462 0.996579409 0.007067510 -0.082338728 3.090758324
-0.082873605 0.032020520 -0.996045530 -31.291442871 -0.005988706 0.999449551 0.032628242 0.353999645 0.996542037 0.008669043 -0.082636245 3.020277023
-0.083222486 0.034550764 -0.995931864 -32.133216858 -0.006707730 0.999356747 0.035230093 0.363497853 0.996508420 0.009612379 -0.082937188 2.952206850
-0.082676910 0.032948371 -0.996031523 -32.956268311 -0.008323031 0.999395609 0.033750519 0.370425731 0.996541560 0.011080392 -0.082352713 2.870947838
-0.082541503 0.027779376 -0.996200383 -33.778816223 -0.008720440 0.999553025 0.028595412 0.382759750 0.996549428 0.011047616 -0.082262374 2.802813768
-0.082238272 0.023641180 -0.996332228 -34.613521576 -0.010339617 0.999644578 0.024573216 0.393898726 0.996559024 0.012322555 -0.081964597 2.721401453
-0.081589259 0.024408009 -0.996367157 -35.441200256 -0.010118754 0.999628246 0.025316490 0.400531828 0.996614695 0.012147548 -0.081311941 2.651043415
-0.081016950 0.027062977 -0.996345341 -36.270225525 -0.008928900 0.999571502 0.027876655 0.405634969 0.996672750 0.011154750 -0.080740586 2.581134081
-0.080704883 0.031858500 -0.996228814 -37.114353180 -0.008508119 0.999430656 0.032650139 0.418516159 0.996701777 0.011111058 -0.080387868 2.507689953
-0.080310971 0.037402552 -0.996067882 -37.943157196 -0.007959607 0.999239862 0.038163427 0.435171962 0.996738136 0.010993252 -0.079952188 2.447639704
-0.080037884 0.040675070 -0.995961607 -38.783798218 -0.008522092 0.999102652 0.041488212 0.448579818 0.996755421 0.011808307 -0.079619423 2.364657402
-0.079723649 0.040637616 -0.995988369 -39.614685059 -0.007813618 0.999112427 0.041390531 0.469062686 0.996786416 0.011082075 -0.079335377 2.294894934
-0.079686567 0.036113098 -0.996165633 -40.438365936 -0.008192918 0.999286056 0.036881607 0.488510728 0.996786296 0.011100473 -0.079333805 2.226542473
-0.079082802 0.031915292 -0.996357024 -41.266025543 -0.009052254 0.999423206 0.032732006 0.503142238 0.996826947 0.011607816 -0.078748263 2.147056103
-0.078588210 0.029179115 -0.996480048 -42.092296600 -0.013502396 0.999448717 0.030330926 0.515411556 0.996815741 0.015838521 -0.078150883 2.064222574
-0.079366609 0.027515301 -0.996465683 -42.913894653 -0.016738856 0.999441206 0.028930683 0.524315715 0.996704936 0.018975826 -0.078861691 1.996445537
-0.080118880 0.025528021 -0.996458352 -43.731910706 -0.014522752 0.999536037 0.026774548 0.533406794 0.996679544 0.016616466 -0.079710960 1.928581953
-0.081275098 0.022035589 -0.996448159 -44.562332153 -0.011398683 0.999669492 0.023036564 0.536628366 0.996626496 0.013230494 -0.080997072 1.860375285
-0.082169488 0.020514699 -0.996407211 -45.379470825 -0.006588324 0.999755085 0.021126937 0.547792494 0.996596634 0.008300645 -0.082014203 1.797137141
-0.083812468 0.023745250 -0.996198595 -46.189868927 -0.006406512 0.999682546 0.024367288 0.557464361 0.996460974 0.008424442 -0.083633736 1.719793081
-0.085262902 0.030004539 -0.995906591 -47.025512695 -0.004773490 0.999522626 0.030522157 0.558616102 0.996347010 0.007356358 -0.085078977 1.638175249
-0.087095179 0.034049280 -0.995617926 -47.841335297 -0.002620002 0.999404430 0.034407966 0.563962877 0.996196568 0.005605289 -0.086954087 1.576194882
-0.088582538 0.033120092 -0.995518029 -48.651519775 -0.002561955 0.999436140 0.033478409 0.574646413 0.996065557 0.005516075 -0.088447742 1.499459267
-0.089679435 0.029049397 -0.995546937 -49.446201324 -0.005935533 0.999541223 0.029700624 0.585828066 0.995953023 0.008572635 -0.089465864 1.418368220
-0.090758532 0.025426656 -0.995548248 -50.227142334 -0.011161471 0.999585211 0.026547292 0.590002835 0.995810330 0.013521177 -0.090437092 1.329388857
-0.092427529 0.023935946 -0.995431662 -51.025882721 -0.015286214 0.999559104 0.025454534 0.598669052 0.995602071 0.017569080 -0.092020884 1.247567892
-0.093151800 0.025222160 -0.995332301 -51.809162140 -0.016771093 0.999497592 0.026897289 0.603367388 0.995510638 0.019198347 -0.092681982 1.166749239
-0.093998976 0.026824946 -0.995210767 -52.596549988 -0.016757110 0.999452651 0.028522015 0.610098064 0.995431304 0.019357895 -0.093498006 1.086614490
-0.095034257 0.026263179 -0.995127439 -53.377258301 -0.018583039 0.999430895 0.028151425 0.616331637 0.995300531 0.021167845 -0.094492130 1.006398559
-0.095651135 0.026080102 -0.995073140 -54.155151367 -0.019393867 0.999418199 0.028058207 0.623628616 0.995225966 0.021982113 -0.095089689 0.924949288
-0.096241891 0.028025497 -0.994963467 -54.926010132 -0.017722750 0.999396801 0.029864686 0.631446064 0.995200157 0.020507721 -0.095687166 0.850635231
-0.096423142 0.030646885 -0.994868517 -55.696430206 -0.017207060 0.999325216 0.032451890 0.643895745 0.995191693 0.020247875 -0.095830731 0.775360227
-0.096762508 0.035052780 -0.994690061 -56.474468231 -0.016821075 0.999179304 0.036847312 0.652220190 0.995165288 0.020297194 -0.096093468 0.694919884
-0.097429335 0.037123941 -0.994549811 -57.237346649 -0.017140565 0.999093294 0.038972680 0.665628850 0.995094836 0.020844229 -0.096704669 0.619074106
-0.098045662 0.037100807 -0.994490027 -57.987125397 -0.016696205 0.999102890 0.038918950 0.676349401 0.995041788 0.020420047 -0.097338274 0.541717887
-0.098314270 0.035382934 -0.994526148 -58.729274750 -0.016156083 0.999179244 0.037145589 0.683627367 0.995024264 0.019719588 -0.097661935 0.466114908
-0.098456077 0.031695046 -0.994636416 -59.457981110 -0.015868613 0.999315560 0.033414926 0.698403835 0.995014906 0.019073403 -0.097885735 0.390596956
-0.098101594 0.028708078 -0.994762242 -60.191654205 -0.016069446 0.999407709 0.030426884 0.708495438 0.995046675 0.018970201 -0.097582176 0.308357805
-0.097176775 0.026326481 -0.994918883 -60.897758484 -0.016416155 0.999471724 0.028050363 0.718076408 0.995131731 0.019058585 -0.096693255 0.240116879
-0.094762132 0.025578024 -0.995171249 -61.593173981 -0.019266119 0.999435425 0.027522178 0.722143233 0.995313525 0.021781148 -0.094215848 0.165532216
-0.090227500 0.026327975 -0.995573103 -62.288730621 -0.019048493 0.999421895 0.028156100 0.729856014 0.995739102 0.021504620 -0.089673832 0.092984788
-0.084671102 0.028362490 -0.996005177 -62.932247162 -0.018789016 0.999371588 0.030055618 0.728148580 0.996231794 0.021258797 -0.084084995 0.043134529
-0.077471808 0.029812887 -0.996548712 -63.576999664 -0.018041497 0.999347210 0.031299155 0.734821379 0.996831238 0.020404035 -0.076883368 -0.003203403
-0.068579130 0.031043723 -0.997162640 -64.213890076 -0.019330788 0.999286771 0.032439314 0.740329266 0.997458339 0.021500599 -0.067930125 -0.048039161
-0.056656789 0.032766864 -0.997855902 -64.837875366 -0.021326093 0.999193430 0.034021653 0.747857332 0.998165905 0.023207929 -0.055912323 -0.088335462
-0.041841295 0.034283888 -0.998535931 -65.443473816 -0.024332007 0.999079704 0.035322137 0.755026102 0.998827994 0.025774304 -0.040968601 -0.114826679
-0.023362242 0.035527226 -0.999095619 -66.021041870 -0.025882170 0.999011874 0.036129463 0.764199972 0.999391973 0.026702831 -0.022419635 -0.123865992
-0.000956729 0.036514629 -0.999332666 -66.593490601 -0.027108191 0.998964846 0.036527146 0.771368086 0.999632061 0.027125044 0.000034108 -0.118289866
0.024521481 0.036934040 -0.999016762 -67.139160156 -0.026333941 0.998994350 0.036286835 0.775262654 0.999352336 0.025418244 0.025469443 -0.090856500
0.053457275 0.036119454 -0.997916698 -67.653785706 -0.024719683 0.999087155 0.034837618 0.788396358 0.998264134 0.022805860 0.054301344 -0.034732826
0.087743424 0.036204990 -0.995484948 -68.163017273 -0.023500523 0.999136329 0.034266423 0.791987658 0.995865881 0.020387761 0.088518493 0.031955805
0.124765076 0.035809498 -0.991539836 -68.629295349 -0.023444952 0.999175847 0.033135202 0.807660043 0.991909266 0.019112486 0.125501812 0.127555728
0.166511998 0.036216684 -0.985374093 -69.039733887 -0.023054004 0.999195039 0.032828908 0.799059391 0.985769868 0.017250417 0.167212918 0.194793686
0.211750329 0.037108742 -0.976619005 -69.494781494 -0.022255994 0.999202847 0.033141322 0.806258619 0.977070332 0.014717943 0.212407440 0.317816973
0.260438442 0.035919558 -0.964822054 -69.923339844 -0.019065158 0.999304116 0.032056961 0.806771755 0.965302169 0.010045620 0.260942072 0.462988436
0.310175568 0.031124137 -0.950169683 -70.327392578 -0.011283242 0.999514043 0.029057156 0.802918673 0.950612307 0.001708174 0.310376018 0.644521534
0.361309350 0.025487427 -0.932097554 -70.724479675 -0.006159411 0.999669671 0.024947556 0.810199797 0.932425618 -0.003272615 0.361347020 0.839920223
0.413375914 0.021264197 -0.910312116 -71.089744568 -0.001041899 0.999737620 0.022879977 0.806014121 0.910559833 -0.008509580 0.413289636 1.053410769
0.464747578 0.020621929 -0.885203004 -71.446578979 -0.000977669 0.999739945 0.022776922 0.811744690 0.885442674 -0.009720083 0.464646935 1.271230817
0.513276279 0.019456774 -0.858002901 -71.817481995 0.000209367 0.999740064 0.022796173 0.819440544 0.858223438 -0.011880372 0.513138771 1.526959896
0.558309913 0.015030462 -0.829496264 -72.164871216 0.008099928 0.999689460 0.023566186 0.824798107 0.829592943 -0.019876098 0.558014750 1.811878085
0.601675034 0.007984651 -0.798700988 -72.486915588 0.019160546 0.999517918 0.024426196 0.829176188 0.798511147 -0.030000186 0.601232052 2.126517534
0.643908679 0.003477620 -0.765094399 -72.799987793 0.019968366 0.999572575 0.021348910 0.830052316 0.764841676 -0.029024435 0.643564045 2.441264391
0.685723186 -0.000298525 -0.727862358 -73.083145142 0.016563401 0.999747396 0.015194433 0.819527149 0.727673948 -0.022475049 0.685554802 2.736517906
0.726468682 -0.007352934 -0.687160194 -73.364624023 0.013524060 0.999902070 0.003598276 0.824975908 0.687066436 -0.011907236 0.726496875 3.073837757
0.765417397 -0.009783423 -0.643459737 -73.635543823 0.008865996 0.999949753 -0.004657236 0.826260567 0.643473029 -0.002140182 0.765465736 3.447296858
0.802383721 -0.010572208 -0.596714675 -73.888404846 0.007240843 0.999942005 -0.007979789 0.824850917 0.596764386 0.002082132 0.802413821 3.838959455
0.835965693 -0.011296352 -0.548665404 -74.119812012 0.007636251 0.999930799 -0.008952496 0.809455037 0.548728526 0.003294232 0.835994065 4.264145851
0.866965830 -0.009630857 -0.498274654 -74.380172729 0.004285545 0.999920249 -0.011870302 0.808773100 0.498349249 0.008155765 0.866938174 4.724653244
0.892812014 -0.008092520 -0.450356930 -74.587577820 0.003727294 0.999936998 -0.010578807 0.796267331 0.450414181 0.007766271 0.892786026 5.201347351
0.913806856 -0.002086048 -0.406143665 -74.779800415 -0.001953353 0.999952614 -0.009530956 0.784649491 0.406144291 0.009502794 0.913759530 5.698802471
0.931258619 0.002206922 -0.364352226 -74.967613220 -0.006736094 0.999915004 -0.011160385 0.777382076 0.364296556 0.012847514 0.931194305 6.213573456
0.944742143 0.007606310 -0.327726096 -75.149909973 -0.011525873 0.999883294 -0.010019204 0.768294871 0.327611685 0.013242894 0.944719553 6.741449833
0.954640925 0.008116596 -0.297648817 -75.305870056 -0.011101061 0.999903500 -0.008337717 0.757272065 0.297552407 0.011263742 0.954638958 7.305008411
0.961887360 0.007235558 -0.273350149 -75.457580566 -0.009437886 0.999932647 -0.006742680 0.745895386 0.273282945 0.009065546 0.961890876 7.889403820
0.967695713 0.007416125 -0.252011627 -75.610511780 -0.008941192 0.999947965 -0.004906978 0.736920834 0.251962125 0.007001748 0.967711747 8.503307343
0.972221613 0.010297772 -0.233835787 -75.750610352 -0.011114447 0.999935865 -0.002175003 0.728392124 0.233798400 0.004713540 0.972273707 9.110383987
0.975773871 0.014982723 -0.218268171 -75.896629333 -0.015547395 0.999878705 -0.000869729 0.723994911 0.218228698 0.004242160 0.975888491 9.745563507
0.978565216 0.018695487 -0.205087319 -76.030090332 -0.018910548 0.999820769 0.000911487 0.712336600 0.205067635 0.002986364 0.978743315 10.391524315
0.981236339 0.017664926 -0.191998035 -76.156806946 -0.017858524 0.999840260 0.000722268 0.700539947 0.191980138 0.002720085 0.981395066 11.054099083
0.983835638 0.017903076 -0.178177238 -76.275276184 -0.018142700 0.999835312 0.000284522 0.691883564 0.178153008 0.002952694 0.983998358 11.734375954
0.986367702 0.018005397 -0.163567722 -76.399772644 -0.018182062 0.999834538 0.000417076 0.691080987 0.163548127 0.002562608 0.986532032 12.447179794
0.988566577 0.019423990 -0.149528667 -76.503112793 -0.019581798 0.999808073 0.000416988 0.690404594 0.149508059 0.002515820 0.988757372 13.155871391
0.990398169 0.019729901 -0.136828944 -76.602424622 -0.020190859 0.999794245 -0.001981667 0.674533546 0.136761650 0.004725333 0.990592718 13.877385139
0.991875589 0.019854605 -0.125652924 -76.696006775 -0.020864859 0.999759674 -0.006728930 0.655632138 0.125489086 0.009295991 0.992051423 14.607394218
0.993133426 0.019935470 -0.115276009 -76.791931152 -0.021568233 0.999683738 -0.012933920 0.636767209 0.114981674 0.015331410 0.993249297 15.346672058
0.993954897 0.018139778 -0.108279943 -76.872886658 -0.019696916 0.999717116 -0.013328356 0.628349483 0.108007535 0.015380565 0.994031012 16.135101318
0.994669139 0.019964593 -0.101166256 -76.959159851 -0.020792440 0.999758244 -0.007135044 0.613207281 0.100999348 0.009200499 0.994843900 16.901479721
0.995067477 0.024372986 -0.096159734 -77.040809631 -0.024386896 0.999701977 0.001030810 0.595945299 0.096156210 0.001319309 0.995365441 17.669406891
0.995444119 0.024913952 -0.092034489 -77.110145569 -0.024572050 0.999686182 0.004846403 0.581177950 0.092126377 -0.002562848 0.995743990 18.430013657
0.995790422 0.024314407 -0.088375770 -77.189964294 -0.024053449 0.999702632 0.004016748 0.566196203 0.088447154 -0.001874098 0.996079028 19.200426102
0.996058702 0.024074262 -0.085367277 -77.252067566 -0.023957534 0.999710143 0.002391716 0.559753060 0.085400112 -0.000337103 0.996346653 19.961521149
0.996359885 0.023438741 -0.081960782 -77.340682983 -0.023092018 0.999719918 0.005175856 0.539439559 0.082059145 -0.003264375 0.996622145 20.759174347
0.996627450 0.021252969 -0.079259656 -77.401428223 -0.020696759 0.999755025 0.007832550 0.528490365 0.079406708 -0.006165716 0.996823311 21.528860092
0.996910572 0.019291505 -0.076138087 -77.460006714 -0.018609945 0.999780178 0.009651026 0.516248643 0.076307528 -0.008204284 0.997050583 22.292562485
0.997118056 0.018267652 -0.073632978 -77.514328003 -0.017899979 0.999823749 0.005650202 0.511937082 0.073723219 -0.004315889 0.997269452 23.047939301
0.997181654 0.020958101 -0.072038360 -77.576980591 -0.021084260 0.999777198 -0.000991206 0.493994385 0.072001532 0.002507288 0.997401416 23.809017181
0.997267306 0.021932280 -0.070546664 -77.632637024 -0.022605341 0.999706089 -0.008756362 0.481692821 0.070333891 0.010327167 0.997470021 24.549777985
0.997340143 0.022876285 -0.069204658 -77.691825867 -0.023825964 0.999632478 -0.012928475 0.466855764 0.068883471 0.014542956 0.997518718 25.310197830
0.997468889 0.024784150 -0.066645123 -77.754074097 -0.025620699 0.999602914 -0.011726902 0.450325340 0.066328034 0.013404715 0.997707784 26.072452545
0.997538149 0.028224243 -0.064194694 -77.813583374 -0.028756527 0.999559164 -0.007382701 0.426259458 0.063958041 0.009210544 0.997910082 26.824319839
0.997574806 0.031069387 -0.062283218 -77.865936279 -0.031259388 0.999509096 -0.002078244 0.408582240 0.062188055 0.004020138 0.998056352 27.597812653
0.997821689 0.028845215 -0.059328862 -77.918540955 -0.028932974 0.999581218 -0.000620467 0.397610992 0.059286114 0.002335676 0.998238266 28.358243942
0.997961402 0.026173266 -0.058208052 -77.965118408 -0.026247784 0.999655247 -0.000515887 0.380979717 0.058174487 0.002042668 0.998304367 29.122577667
0.998094082 0.024003671 -0.056851100 -78.011795044 -0.024059653 0.999710560 -0.000300392 0.363384485 0.056827433 0.001667637 0.998382628 29.873891830
0.998139024 0.023631090 -0.056213729 -78.051658630 -0.023801256 0.999713898 -0.002359336 0.352456301 0.056141902 0.003692903 0.998415947 30.620380402
0.998209596 0.021605058 -0.055775113 -78.091789246 -0.021839648 0.999755025 -0.003599773 0.339523405 0.055683676 0.004811437 0.998436868 31.377361298
0.998275101 0.020093102 -0.055164147 -78.134132385 -0.020325080 0.999786854 -0.003647358 0.327294201 0.055079106 0.004762283 0.998470545 32.134685516
0.998250663 0.024127020 -0.053976174 -78.189002991 -0.024314947 0.999700308 -0.002827596 0.314755052 0.053891782 0.004135077 0.998538196 32.910579681
0.998267710 0.023895437 -0.053763568 -78.237380981 -0.024109863 0.999703646 -0.003343048 0.298507422 0.053667754 0.004633489 0.998548090 33.688949585
0.998172700 0.023285016 -0.055757288 -78.278198242 -0.023509612 0.999717951 -0.003375447 0.283340573 0.055662956 0.004680112 0.998438597 34.462497711
0.998127401 0.021165954 -0.057389762 -78.330673218 -0.021366324 0.999767482 -0.002879928 0.269697011 0.057315465 0.004100744 0.998347700 35.249626160
0.997916043 0.022499543 -0.060475651 -78.391120911 -0.022733117 0.999736488 -0.003176915 0.258771777 0.060388237 0.004545095 0.998164594 36.053905487
0.997642696 0.026632272 -0.063241951 -78.447235107 -0.026863690 0.999635100 -0.002811615 0.233704746 0.063143998 0.004503900 0.997994244 36.840095520
0.997464299 0.027570222 -0.065610453 -78.516960144 -0.028167099 0.999569654 -0.008189525 0.230025947 0.065356433 0.010016815 0.997811615 37.630954742
0.997284114 0.028335780 -0.067981131 -78.581848145 -0.029201582 0.999504209 -0.011775970 0.217860758 0.067613743 0.013729144 0.997617126 38.435977936
0.997161508 0.027440460 -0.070113011 -78.640380859 -0.028422179 0.999510944 -0.013042741 0.196922392 0.069720812 0.014998484 0.997453749 39.245105743
0.996974528 0.027509136 -0.072698422 -78.701400757 -0.028450023 0.999523938 -0.011938459 0.180458009 0.072335392 0.013970612 0.997282445 40.077678680
0.996857285 0.026135672 -0.074782811 -78.773925781 -0.027022377 0.999575853 -0.010869791 0.157504678 0.074466988 0.012856439 0.997140586 40.902103424
0.996768057 0.025706911 -0.076107852 -78.843490601 -0.026486600 0.999606311 -0.009252747 0.142866507 0.075840034 0.011238682 0.997056603 41.716804504
0.996722817 0.025224650 -0.076857567 -78.916305542 -0.025731634 0.999653101 -0.005613112 0.126566648 0.076689325 0.007572388 0.997026265 42.553264618
0.996636868 0.024594914 -0.078166321 -78.981163025 -0.024727583 0.999693990 -0.000729676 0.112957560 0.078124449 0.002660086 0.996940017 43.396156311
0.996717632 0.025336742 -0.076888517 -79.058113098 -0.025302662 0.999678791 0.001417513 0.095908016 0.076899737 0.000532622 0.997038722 44.243370056
0.996761799 0.028225183 -0.075294241 -79.133522034 -0.028189357 0.999601424 0.001538818 0.084283054 0.075307660 0.000588661 0.997160137 45.125030518
0.996925414 0.028226411 -0.073093899 -79.201408386 -0.028294357 0.999599576 0.000105962 0.075415671 0.073067620 0.001962508 0.997325063 45.984336853
0.997079551 0.025830898 -0.071868487 -79.263854980 -0.026064094 0.999657691 -0.002308717 0.063110285 0.071784250 0.004175161 0.997411370 46.851222992
0.997281253 0.022421999 -0.070194744 -79.325561523 -0.022734568 0.999734819 -0.003657003 0.041758161 0.070094116 0.005242908 0.997526586 47.711936951
0.997467935 0.021131247 -0.067904517 -79.391571045 -0.021473613 0.999760091 -0.004315876 0.033492357 0.067797013 0.005763104 0.997682452 48.587623596
0.997574031 0.018893667 -0.066999458 -79.449760437 -0.019036796 0.999817669 -0.001498484 0.013888148 0.066958919 0.002770305 0.997751832 49.454570770
0.997650445 0.016197851 -0.066566281 -79.505126953 -0.016151652 0.999868810 0.001232162 -0.004234829 0.066577502 -0.000154112 0.997781217 50.335052490
0.997739971 0.016077312 -0.065240175 -79.573722839 -0.016027678 0.999870718 0.001284140 -0.015890982 0.065252386 -0.000235589 0.997868717 51.227268219
0.997798622 0.017517773 -0.063960791 -79.635467529 -0.017666241 0.999842405 -0.001756345 -0.034823187 0.063919939 0.002882425 0.997950912 52.095222473
0.997802436 0.020003201 -0.063167006 -79.705978394 -0.020522693 0.999760509 -0.007585926 -0.052585177 0.063000150 0.008865613 0.997974157 52.957477570
0.997807264 0.021629592 -0.062551841 -79.758766174 -0.022503460 0.999658406 -0.013299681 -0.070174724 0.062242795 0.014678152 0.997953176 53.834693909
0.997775793 0.026755279 -0.061053533 -79.836280823 -0.027929747 0.999439359 -0.018464964 -0.106238879 0.060525261 0.020129105 0.997963667 54.686286926
0.997810483 0.027581288 -0.060112737 -79.895431519 -0.028805658 0.999392927 -0.019597264 -0.134511560 0.059535731 0.021285942 0.997999251 55.546058655
0.997892320 0.023948329 -0.060310218 -79.943748474 -0.024802230 0.999601960 -0.013449820 -0.153749600 0.059964120 0.014917300 0.998089075 56.387790680
0.997879982 0.023610232 -0.060647469 -80.002426147 -0.023919601 0.999704182 -0.004380024 -0.178343937 0.060526136 0.005821400 0.998149633 57.244812012
0.997809947 0.022429822 -0.062227592 -80.054496765 -0.022267502 0.999746561 0.003300915 -0.199474558 0.062285874 -0.001908033 0.998056531 58.100357056
0.997730196 0.019337043 -0.064502530 -80.114082336 -0.019331394 0.999812841 0.000711768 -0.207929969 0.064504229 0.000536771 0.997917295 58.927616119
0.997710526 0.014889020 -0.065970689 -80.178092957 -0.015105531 0.999881983 -0.002784287 -0.226935118 0.065921456 0.003774432 0.997817755 59.782238007
0.997544408 0.013553401 -0.068713337 -80.237007141 -0.013839517 0.999897420 -0.003689569 -0.252941698 0.068656281 0.004631468 0.997629642 60.596294403
0.997322738 0.015465370 -0.071472377 -80.302658081 -0.015952006 0.999853253 -0.006242939 -0.270472258 0.071365342 0.007366352 0.997423053 61.418689728
0.997078896 0.017051639 -0.074451163 -80.377998352 -0.017808715 0.999796093 -0.009516699 -0.294321001 0.074273705 0.010814778 0.997179270 62.232269287
0.996768475 0.018293953 -0.078217410 -80.453689575 -0.019357357 0.999729872 -0.012858922 -0.313140750 0.077961043 0.014331451 0.996853411 63.048114777
0.996472299 0.020238146 -0.081444383 -80.524688721 -0.021651473 0.999629319 -0.016507583 -0.342335135 0.081080109 0.018212739 0.996541202 63.851215363
0.996101856 0.024985313 -0.084597655 -80.614807129 -0.026482416 0.999511063 -0.016620854 -0.366178811 0.084141009 0.018796412 0.996276557 64.647598267
0.995695591 0.028549848 -0.088177122 -80.696327209 -0.029971486 0.999440551 -0.014840552 -0.388331324 0.087704092 0.017419469 0.995994210 65.451454163
0.995282471 0.031501472 -0.091762125 -80.784500122 -0.032432336 0.999436259 -0.008670502 -0.413288236 0.091437265 0.011605659 0.995743215 66.252380371
0.994871557 0.031961065 -0.095963314 -80.868316650 -0.032390662 0.999470949 -0.002921840 -0.435514420 0.095819168 0.006015169 0.995380580 67.066421509
0.994431436 0.031176906 -0.100668408 -80.954940796 -0.031285618 0.999510348 0.000499042 -0.450717926 0.100634679 0.002653210 0.994919896 67.858749390
0.993771851 0.030667385 -0.107130796 -81.045501709 -0.030665219 0.999528348 0.001667889 -0.464450866 0.107131422 0.001627689 0.994243503 68.648551941
0.993239224 0.028287681 -0.112586796 -81.142173767 -0.027862772 0.999597430 0.005346037 -0.476946145 0.112692714 -0.002172913 0.993627489 69.428741455
0.992403805 0.029620452 -0.119403772 -81.235786438 -0.029242665 0.999560237 0.004915238 -0.487658620 0.119496845 -0.001386217 0.992833555 70.212715149
0.991546869 0.034339994 -0.125122175 -81.348686218 -0.034068715 0.999410212 0.004307902 -0.500573754 0.125196293 -0.000008736 0.992131948 70.982505798
0.990739524 0.036609441 -0.130747035 -81.467567444 -0.036813073 0.999321818 0.000859998 -0.513309419 0.130689844 0.003961166 0.991415381 71.746398926
0.989925683 0.035167783 -0.137150571 -81.577117920 -0.035813402 0.999355972 -0.002241856 -0.521016300 0.136983395 0.007131099 0.990547717 72.505950928
0.989127398 0.036540233 -0.142448708 -81.696052551 -0.037371494 0.999296367 -0.003163580 -0.537722290 0.142232880 0.008452704 0.989797115 73.272064209
0.988403916 0.038505539 -0.146884039 -81.821876526 -0.038672976 0.999250412 0.001716711 -0.545667350 0.146840036 0.003983636 0.989152312 74.042190552
0.987465620 0.038873624 -0.152972370 -81.948768616 -0.038425975 0.999244094 0.005882850 -0.556442797 0.153085425 0.000069000 0.988212943 74.809211731
0.986474276 0.038489193 -0.159333214 -82.076072693 -0.037624758 0.999256313 0.008439627 -0.575650811 0.159539551 -0.002330603 0.987188756 75.567207336
0.985380232 0.036162466 -0.166487813 -82.208686829 -0.035876349 0.999345064 0.004726748 -0.584601462 0.166549683 0.001315330 0.986032188 76.315277100
0.984061599 0.033370104 -0.174669117 -82.355926514 -0.034313612 0.999408305 -0.002383631 -0.591857255 0.174486190 0.008339167 0.984624326 77.067016602
0.982396841 0.031090157 -0.184200585 -82.485572815 -0.032415777 0.999465704 -0.004188982 -0.602326453 0.183971912 0.010086248 0.982879698 77.788993835
0.980423689 0.030372197 -0.194542900 -82.643989563 -0.031209515 0.999512017 -0.001239685 -0.614612699 0.194410309 0.007287005 0.980893195 78.528862000
0.978178501 0.030824872 -0.205467135 -82.809707642 -0.030429052 0.999523938 0.005086738 -0.624835193 0.205526128 0.001276430 0.978650808 79.272346497
0.975617349 0.032099742 -0.217118487 -82.990837097 -0.030128241 0.999469280 0.012385267 -0.626413465 0.217400804 -0.005541884 0.976066649 80.005332947
0.972941339 0.033055350 -0.228675559 -83.154579163 -0.030106094 0.999412596 0.016374590 -0.637497067 0.229082510 -0.009046982 0.973364949 80.719841003
0.969981909 0.036181111 -0.240470618 -83.345542908 -0.034362953 0.999340355 0.011751114 -0.644722700 0.240737125 -0.003135085 0.970585227 81.431274414
0.967058361 0.036317855 -0.251950502 -83.553619385 -0.036791269 0.999318957 0.002833173 -0.652013361 0.251881808 0.006529736 0.967736006 82.135177612
0.963933110 0.034248643 -0.263931811 -83.764427185 -0.035946850 0.999352396 -0.001606093 -0.658972025 0.263705909 0.011035684 0.964539945 82.843246460
0.960636497 0.032646984 -0.275883555 -83.977493286 -0.032891743 0.999451935 0.003741003 -0.671952307 0.275854439 0.005480550 0.961183786 83.543518066
0.957185984 0.033512816 -0.287527233 -84.195060730 -0.031814069 0.999437809 0.010579824 -0.671773314 0.287720144 -0.000979447 0.957714021 84.273971558
0.953510523 0.033452339 -0.299497366 -84.429840088 -0.030085025 0.999421597 0.015848581 -0.675338924 0.299854398 -0.006101403 0.953965485 84.991470337
0.949496925 0.031144466 -0.312227041 -84.669181824 -0.028074935 0.999503255 0.014322687 -0.681496859 0.312518030 -0.004833592 0.949899554 85.697113037
0.945773184 0.028780853 -0.323550344 -84.915657043 -0.026936505 0.999585330 0.010178012 -0.686303139 0.323709100 -0.000910777 0.946156263 86.391151428
0.942977130 0.024838058 -0.331929326 -85.185562134 -0.025087232 0.999679089 0.003535078 -0.696266413 0.331910580 0.004993689 0.943297565 87.071372986
0.939989984 0.020780746 -0.340568453 -85.433700562 -0.022944679 0.999733984 -0.002327151 -0.707106173 0.340429485 0.010001732 0.940216839 87.804382324
0.937381029 0.020564524 -0.347698033 -85.703689575 -0.023442185 0.999716818 -0.004071220 -0.718078375 0.347515881 0.011967086 0.937597752 88.510681152
0.934364021 0.025884014 -0.355378538 -85.992691040 -0.029103262 0.999569416 -0.003714830 -0.736251891 0.355129421 0.013813679 0.934715092 89.215484619
0.931201160 0.025847984 -0.363587976 -86.270462036 -0.028366340 0.999596357 -0.001587556 -0.750108778 0.363400221 0.011791995 0.931558490 89.925933838
0.928313732 0.027286517 -0.370795161 -86.566688538 -0.027310479 0.999613643 0.005186902 -0.755280554 0.370793462 0.005311521 0.928700149 90.621788025
0.925596178 0.028904261 -0.377407372 -86.857597351 -0.025740320 0.999578476 0.013425643 -0.759462714 0.377636373 -0.002712137 0.925950050 91.331695557
0.922908604 0.039112210 -0.383027285 -87.175682068 -0.033889789 0.999217808 0.020375669 -0.769641280 0.383524686 -0.005824168 0.923512280 92.036148071
0.920231819 0.045884650 -0.388674766 -87.491531372 -0.042480841 0.998946548 0.017351508 -0.770986199 0.389061540 0.000543823 0.921211541 92.727989197
0.917881608 0.042692062 -0.394551307 -87.781669617 -0.042015642 0.999063313 0.010357805 -0.778452039 0.394623965 0.007070088 0.918815553 93.391822815
0.915951431 0.034403857 -0.399811745 -88.086509705 -0.036606841 0.999327421 0.002127595 -0.768752873 0.399616092 0.012687072 0.916594803 94.104553223
0.914317608 0.034693640 -0.403509259 -88.403045654 -0.037303247 0.999302983 0.001393892 -0.770787597 0.403276354 0.013777743 0.914974451 94.799499512
0.912180007 0.040836867 -0.407749981 -88.739402771 -0.041683033 0.999107659 0.006813001 -0.780408025 0.407664359 0.010781572 0.913068235 95.498588562
0.909721196 0.043766066 -0.412906557 -89.065307617 -0.042804495 0.999016345 0.011583398 -0.790524244 0.413007289 0.007136591 0.910699725 96.192504883
0.907525420 0.040130373 -0.418075681 -89.378746033 -0.039708115 0.999164104 0.009712856 -0.802587390 0.418115944 0.007786333 0.908360243 96.869392395
0.905287802 0.038967837 -0.423007607 -89.723861694 -0.041487880 0.999133646 0.003251951 -0.808941185 0.422767848 0.014605738 0.906120300 97.584350586
0.903194427 0.036492992 -0.427677482 -90.063041687 -0.041842654 0.999119401 -0.003112640 -0.817839682 0.427187234 0.020706480 0.903926075 98.275779724
