1.000000000 0.000000000 0.000000000 0.000000000 0.000000000 1.000000000 0.000000000 0.000000000 0.000000000 0.000000000 1.000000000 0.000000000
0.999995649 0.002954700 0.000153119 -0.005943590 -0.002954910 0.999994695 0.001388349 -0.012907467 -0.000149016 -0.001388796 0.999999046 0.772521079
0.999983907 0.005619278 0.000731145 -0.014648472 -0.005620665 0.999982297 0.001909248 -0.029448988 -0.000720404 -0.001913328 0.999997914 1.537042141
0.999975622 0.006862727 0.001275907 -0.022789350 -0.006864963 0.999974906 0.001756161 -0.047110982 -0.001263823 -0.001764877 0.999997556 2.272897720
0.999960542 0.008808679 0.001154271 -0.025713351 -0.008810367 0.999960184 0.001466002 -0.060449939 -0.001141311 -0.001476113 0.999998212 3.000333786
0.999956965 0.009062270 0.001950314 -0.037260607 -0.009064612 0.999958217 0.001195119 -0.073933311 -0.001939402 -0.001212746 0.999997377 3.715935946
0.999956071 0.009199034 0.001770050 -0.027461397 -0.009202472 0.999955773 0.001943674 -0.084338851 -0.001752092 -0.001959878 0.999996543 4.418429375
0.999943137 0.010201085 0.003095087 -0.047813162 -0.010216530 0.999935269 0.005015976 -0.101956509 -0.003043717 -0.005047312 0.999982655 5.085928917
0.999939799 0.010010267 0.004491588 -0.042933155 -0.010049559 0.999910653 0.008812412 -0.107223615 -0.004402972 -0.008857017 0.999951065 5.750331879
0.999940753 0.009288468 0.005674850 -0.039669208 -0.009359016 0.999877572 0.012533871 -0.119632050 -0.005557735 -0.012586238 0.999905348 6.376147270
0.999938548 0.008610849 0.006980945 -0.042505972 -0.008712225 0.999855161 0.014623575 -0.126772478 -0.006854013 -0.014683495 0.999868691 6.983562469
0.999927163 0.009279647 0.007715302 -0.026539121 -0.009391642 0.999849200 0.014608809 -0.136720434 -0.007578574 -0.014680205 0.999863505 7.565890789
0.999914467 0.009837626 0.008624967 -0.020613477 -0.009941475 0.999877572 0.012081617 -0.146190628 -0.008505058 -0.012166328 0.999889851 8.123382568
0.999905050 0.009920402 0.009571754 -0.023466196 -0.010006606 0.999909461 0.009000597 -0.147951782 -0.009481598 -0.009095524 0.999913633 8.648801804
0.999904335 0.008327655 0.011042901 -0.010898257 -0.008413016 0.999934912 0.007706059 -0.158446521 -0.010978010 -0.007798227 0.999909282 9.146390915
0.999906719 0.004150964 0.013017406 -0.008284613 -0.004220764 0.999976814 0.005339160 -0.164954498 -0.012994942 -0.005393606 0.999900997 9.603991508
0.999884605 0.002594241 0.014966252 0.007588983 -0.002658578 0.999987245 0.004280507 -0.169302583 -0.014954958 -0.004319801 0.999878824 10.052314758
0.999835849 0.007012755 0.016707264 0.015626123 -0.007052248 0.999972403 0.002306095 -0.180149749 -0.016690632 -0.002423540 0.999857783 10.469971657
0.999735892 0.011404972 0.019951325 0.012346219 -0.011436319 0.999933600 0.001457777 -0.186826184 -0.019933376 -0.001685562 0.999799848 10.856688499
0.999670327 0.011590496 0.022908978 0.024831761 -0.011654194 0.999928653 0.002648939 -0.196522743 -0.022876639 -0.002915052 0.999734044 11.203172684
0.999625862 0.007276981 0.026364179 0.036199596 -0.007365673 0.999967635 0.003268584 -0.203945339 -0.026339537 -0.003461551 0.999647021 11.525636673
0.999575734 0.003068797 0.028967917 0.053088456 -0.003152227 0.999991000 0.002834828 -0.203951523 -0.028958958 -0.002924938 0.999576330 11.801125526
0.999510825 -0.000494932 0.031271551 0.069313936 0.000361436 0.999990761 0.004274409 -0.210804358 -0.031273380 -0.004261015 0.999501824 12.057521820
0.999428511 -0.000843886 0.033790976 0.078086771 0.000664458 0.999985576 0.005320822 -0.216403320 -0.033794980 -0.005295329 0.999414802 12.290071487
0.999353707 -0.000237323 0.035947509 0.083028309 0.000078583 0.999990165 0.004417216 -0.221398845 -0.035948209 -0.004411536 0.999343872 12.493314743
0.999295771 0.000558102 0.037519187 0.104527779 -0.000676448 0.999994755 0.003141632 -0.228882730 -0.037517242 -0.003164799 0.999290884 12.695552826
0.999164164 0.003146251 0.040756766 0.099146806 -0.003235957 0.999992430 0.002135228 -0.231566325 -0.040749744 -0.002265331 0.999166846 12.851152420
0.999086797 0.005846808 0.042324223 0.104454249 -0.005922667 0.999981046 0.001667171 -0.239405081 -0.042313673 -0.001916321 0.999102533 13.023257256
0.999016643 0.007384488 0.043717414 0.108897403 -0.007403522 0.999972522 0.000273501 -0.246991292 -0.043714195 -0.000596895 0.999043882 13.175406456
0.998938739 0.006280417 0.045628026 0.117416769 -0.006220517 0.999979496 -0.001454670 -0.253871411 -0.045636233 0.001169297 0.998957455 13.324094772
0.998869479 0.005137114 0.047257233 0.124555431 -0.005002114 0.999983072 -0.002974510 -0.253355473 -0.047271717 0.002734761 0.998878300 13.464395523
0.998806596 0.004326895 0.048648715 0.131167352 -0.004141138 0.999983788 -0.003918473 -0.256707400 -0.048664887 0.003712335 0.998808265 13.600836754
0.998735249 0.005174037 0.050010417 0.139369830 -0.004912076 0.999973595 -0.005359608 -0.259376734 -0.050036829 0.005107175 0.998734295 13.736721039
0.998668432 0.005755130 0.051266443 0.145343155 -0.005394029 0.999959648 -0.007179180 -0.265466064 -0.051305693 0.006893088 0.998659194 13.857739449
0.998623908 0.005916161 0.052108556 0.154853880 -0.005428571 0.999940157 -0.009493748 -0.267450452 -0.052161604 0.009197809 0.998596311 13.983621597
0.998590350 0.005333084 0.052809320 0.162454635 -0.004722424 0.999920607 -0.011681514 -0.272474080 -0.052867431 0.011415659 0.998536289 14.110992432
0.998605728 0.004529127 0.052593470 0.164829805 -0.003819187 0.999900341 -0.013591305 -0.275523692 -0.052649785 0.013371490 0.998523533 14.233505249
0.998727560 0.003800486 0.050286748 0.174737647 -0.003055524 0.999884546 -0.014882887 -0.278633267 -0.050337505 0.014710297 0.998623908 14.359734535
0.998869956 0.004219998 0.047339652 0.178889558 -0.003473715 0.999868572 -0.015835624 -0.281299055 -0.047400255 0.015653284 0.998753309 14.491605759
0.999046087 0.004640704 0.043421164 0.174492344 -0.003895861 0.999844074 -0.017222848 -0.281049818 -0.043494318 0.017037256 0.998908401 14.608262062
0.999273121 0.004497096 0.037855539 0.171105251 -0.003806628 0.999825418 -0.018291889 -0.285650730 -0.037931196 0.018134490 0.999115765 14.734333038
0.999516606 0.004291154 0.030792113 0.172581568 -0.003718989 0.999819815 -0.018614860 -0.293279320 -0.030866446 0.018491346 0.999352396 14.855051994
0.999720991 0.004260428 0.023230575 0.174444035 -0.003814279 0.999808073 -0.019215865 -0.299456269 -0.023307985 0.019121895 0.999545455 14.980459213
0.999874592 0.004185911 0.015273900 0.164568901 -0.003875152 0.999786079 -0.020318991 -0.296724617 -0.015355686 0.020257255 0.999676883 15.111368179
0.999979019 0.003306011 0.005574560 0.150550112 -0.003184915 0.999761760 -0.021593669 -0.299659073 -0.005644622 0.021575462 0.999751270 15.245096207
0.999969184 0.001983692 -0.007602260 0.145282879 -0.002159091 0.999730051 -0.023133606 -0.305063546 0.007554315 0.023149304 0.999703407 15.395180702
0.999719322 0.000974715 -0.023673274 0.122196257 -0.001571381 0.999681234 -0.025198705 -0.305660695 0.023641162 0.025228832 0.999402106 15.551280975
0.999075770 0.001407132 -0.042959787 0.096262053 -0.002534579 0.999653459 -0.026201060 -0.308196813 0.042908031 0.026285732 0.998733163 15.726211548
0.997906327 0.002452391 -0.064629629 0.060145762 -0.004124157 0.999659956 -0.025746161 -0.315115809 0.064544506 0.025958801 0.997577131 15.895844460
0.996083915 0.002617202 -0.088374317 0.024566431 -0.004789073 0.999691427 -0.024372734 -0.320640683 0.088283241 0.024700521 0.995789051 16.107044220
0.993379295 0.003756852 -0.114818625 -0.028057627 -0.006427367 0.999717176 -0.022897197 -0.326725900 0.114700124 0.023483586 0.993122578 16.311962128
0.989426553 0.004757158 -0.144956365 -0.093003154 -0.007790837 0.999762237 -0.020367747 -0.338204920 0.144824997 0.021281725 0.989228427 16.535684586
0.984021723 0.004913568 -0.177980781 -0.170565367 -0.008097417 0.999819934 -0.017166749 -0.339591116 0.177864373 0.018333640 0.983884275 16.791419983
0.976644576 0.005895951 -0.214780167 -0.255138785 -0.008894945 0.999876022 -0.012999246 -0.349169940 0.214676887 0.014606101 0.976575971 17.033645630
0.966983795 0.007360748 -0.254731655 -0.358497232 -0.009705698 0.999921262 -0.007949861 -0.349304050 0.254653096 0.010159736 0.966979146 17.300226212
0.955217540 0.011222495 -0.295691490 -0.496406466 -0.012657055 0.999915540 -0.002937841 -0.353691548 0.295633554 0.006548861 0.955278993 17.574115753
0.941103339 0.014620023 -0.337802619 -0.635444701 -0.015059309 0.999885738 0.001320252 -0.356330335 0.337783277 0.003844580 0.941216052 17.847061157
0.924334526 0.016904023 -0.381208569 -0.781412363 -0.015365862 0.999856830 0.007078561 -0.358709872 0.381273717 -0.000685360 0.924462020 18.119760513
0.905019581 0.020535650 -0.424873829 -0.947635472 -0.015643913 0.999765098 0.014999222 -0.367450029 0.425082088 -0.006927899 0.905128300 18.401216507
0.883327186 0.024896963 -0.468095213 -1.124213219 -0.016891049 0.999630630 0.021293616 -0.363867521 0.468452454 -0.010902611 0.883421421 18.656717300
0.858486593 0.030124456 -0.511950731 -1.331282854 -0.019553157 0.999470115 0.026022770 -0.364882708 0.512463391 -0.012329944 0.858620703 18.935350418
0.830504537 0.033154152 -0.556024313 -1.554469705 -0.020198740 0.999363184 0.029419381 -0.363109767 0.556645513 -0.013201942 0.830645263 19.204301834
0.799662769 0.037146565 -0.599299312 -1.803334475 -0.022813240 0.999243498 0.031496052 -0.361668289 0.600015938 -0.011514263 0.799905241 19.466520309
0.765464127 0.040220719 -0.642220378 -2.076497316 -0.023455495 0.999125361 0.034616161 -0.354986668 0.643050969 -0.011433832 0.765738010 19.747335434
0.729044139 0.044320080 -0.683030188 -2.399281979 -0.024990655 0.998959601 0.038145721 -0.335135818 0.684010267 -0.010740540 0.729393303 20.024196625
0.690135419 0.044027660 -0.722339630 -2.725035191 -0.021573761 0.998955667 0.040275872 -0.312881440 0.723358572 -0.012212223 0.690364480 20.285264969
0.648837149 0.043878276 -0.759661078 -3.074071407 -0.018969305 0.998958588 0.041498218 -0.298906952 0.760690749 -0.012515346 0.648993731 20.548049927
0.606839240 0.042900611 -0.793665886 -3.457855940 -0.013617243 0.998956919 0.043585565 -0.288034499 0.794707835 -0.015641890 0.606790364 20.789865494
0.561394334 0.042701162 -0.826445997 -3.863447666 -0.008314526 0.998908401 0.045964081 -0.273040414 0.827506661 -0.018932465 0.561136603 21.043851852
0.516086102 0.044359427 -0.855387270 -4.272917747 -0.006633907 0.998835027 0.047795989 -0.254566818 0.856511056 -0.018992284 0.515779197 21.228523254
0.465968579 0.043832134 -0.883714914 -4.727759838 -0.005332666 0.998893142 0.046733122 -0.230881050 0.884785295 -0.017063610 0.465686560 21.428495407
0.414057672 0.042835578 -0.909242153 -5.215088367 -0.000131833 0.998894930 0.046999197 -0.210632160 0.910250604 -0.019340508 0.413605779 21.614591599
0.359175116 0.041778151 -0.932334602 -5.724110126 0.005255806 0.998891056 0.046785332 -0.188726872 0.933255374 -0.021704296 0.358557314 21.799737930
0.306143939 0.040800795 -0.951110482 -6.235760212 0.008075523 0.998933911 0.045451678 -0.167840451 0.951950967 -0.021595474 0.305488080 21.925716400
0.252987474 0.046018153 -0.966374397 -6.795416832 0.008874571 0.998715758 0.049881496 -0.133019432 0.967428803 -0.021195551 0.252254188 22.032062531
0.201176196 0.051717032 -0.978188932 -7.387800694 0.011248171 0.998417556 0.055099841 -0.110022083 0.979490578 -0.022087613 0.200276136 22.124639511
0.153502807 0.052866247 -0.986733019 -7.971912861 0.016951866 0.998279989 0.056122039 -0.084922865 0.988002777 -0.025341857 0.152342588 22.188264847
0.109077334 0.054402810 -0.992543459 -8.591184616 0.019604132 0.998189270 0.056866702 -0.063984565 0.993839920 -0.025660824 0.107813276 22.232896805
0.069132924 0.052703194 -0.996214390 -9.224365234 0.019206995 0.998348176 0.054148957 -0.035563022 0.997422516 -0.022877760 0.068006456 22.240777969
0.033421464 0.048266109 -0.998275220 -9.862380981 0.017029032 0.998660684 0.048854858 -0.002077689 0.999296248 -0.018632462 0.032554779 22.241790771
0.005164633 0.048083950 -0.998830020 -10.538186073 0.014646191 0.998732507 0.048154984 0.034551464 0.999879360 -0.014877759 0.004453838 22.217672348
-0.016237896 0.052442633 -0.998491943 -11.237340927 0.013674807 0.998541772 0.052222863 0.063700549 0.999774575 -0.012806192 -0.016931364 22.195962906
-0.029068690 0.058397200 -0.997870147 -11.961766243 0.015090453 0.998203874 0.057977132 0.098186135 0.999463439 -0.013372994 -0.029897718 22.162765503
-0.037146945 0.061090533 -0.997440755 -12.705550194 0.014759209 0.998054445 0.060578436 0.129901841 0.999200821 -0.012471133 -0.037976317 22.130594254
-0.040652022 0.058329232 -0.997469366 -13.464173317 0.015792934 0.998207450 0.057728738 0.164536312 0.999048591 -0.013406180 -0.041500341 22.091222763
-0.039971124 0.054409407 -0.997718334 -14.246401787 0.023194164 0.998297870 0.053511787 0.201234952 0.998931646 -0.021002319 -0.041165065 22.064443588
-0.035876274 0.052706819 -0.997965395 -15.056149483 0.035101257 0.998058438 0.051449865 0.245816648 0.998739600 -0.033184007 -0.037656695 22.050952911
-0.030144259 0.052783415 -0.998150885 -15.880153656 0.035613246 0.998027325 0.051701352 0.283668548 0.998910964 -0.033988904 -0.031964581 22.026731491
-0.025145175 0.051589835 -0.998351693 -16.738983154 0.033623550 0.998146117 0.050732344 0.314152598 0.999118209 -0.032292455 -0.026833193 22.002264023
-0.022252424 0.044925109 -0.998742461 -17.611274719 0.037247397 0.998333573 0.044076823 0.355523258 0.999058366 -0.036219742 -0.023888685 21.996074677
-0.019966457 0.034245871 -0.999213994 -18.486047745 0.035049003 0.998822868 0.033532113 0.388630033 0.999186099 -0.034351926 -0.021143237 21.973695755
-0.019335549 0.025833102 -0.999479294 -19.392681122 0.027293386 0.999307275 0.025300644 0.415987194 0.999440432 -0.026789969 -0.020027230 21.938421249
-0.020710612 0.023009883 -0.999520659 -20.306388855 0.021888610 0.999505937 0.022555999 0.439760089 0.999545813 -0.021410968 -0.021204030 21.906963348
-0.024152130 0.029283632 -0.999279261 -21.261148453 0.012570322 0.999500751 0.028986298 0.455659240 0.999629259 -0.011861180 -0.024508176 21.866477966
-0.029169248 0.037417427 -0.998873889 -22.225879669 0.008013116 0.999275804 0.037198476 0.481137663 0.999542356 -0.006919042 -0.029447954 21.820812225
-0.033458218 0.047146462 -0.998327553 -23.197433472 0.006588460 0.998875439 0.046951529 0.512012720 0.999418378 -0.005006526 -0.033731215 21.771059036
-0.035413828 0.056869376 -0.997753322 -24.237997055 0.004877301 0.998377681 0.056731835 0.556639969 0.999360859 -0.002857252 -0.035633732 21.738403320
-0.036522504 0.064713769 -0.997235239 -25.256969452 0.006815628 0.997894049 0.064506903 0.602473617 0.999309599 -0.004440832 -0.036886651 21.700370789
-0.038048867 0.065435939 -0.997130990 -26.287860870 0.007672038 0.997843444 0.065189913 0.656565785 0.999246418 -0.005169625 -0.038468830 21.658859253
-0.039559808 0.062727548 -0.997246444 -27.274557114 0.006484352 0.998022676 0.062519163 0.705352724 0.999196172 -0.003993249 -0.039888341 21.610988617
-0.042310271 0.057700612 -0.997437000 -28.293943405 0.006142658 0.998327076 0.057491548 0.754301310 0.999085605 -0.003694431 -0.042593930 21.561523438
-0.046605196 0.052554611 -0.997529984 -29.322195053 0.006226037 0.998610914 0.052320682 0.798110843 0.998893976 -0.003772242 -0.046867669 21.503067017
-0.052369703 0.048119746 -0.997467756 -30.337875366 0.006613941 0.998833179 0.047838368 0.837369382 0.998605847 -0.004091913 -0.052626856 21.445543289
-0.058902349 0.046205256 -0.997193873 -31.360530853 0.005694851 0.998927534 0.045949206 0.877444386 0.998247504 -0.002972355 -0.059102312 21.367387772
-0.065843955 0.048500188 -0.996650517 -32.408664703 0.005790968 0.998819828 0.048223168 0.919743955 0.997813106 -0.002596367 -0.066047110 21.298837662
-0.072039835 0.053191453 -0.995982349 -33.476615906 0.004149175 0.998584211 0.053030297 0.962428331 0.997393072 -0.000312212 -0.072158545 21.212064743
-0.078199498 0.056379873 -0.995342195 -34.536815643 0.001551728 0.998405278 0.056431461 1.003585458 0.996936500 0.002868412 -0.078162283 21.119949341
-0.082907401 0.058426216 -0.994843066 -35.609672546 -0.001792157 0.998269498 0.058776807 1.054033399 0.996555567 0.006655947 -0.082659230 21.021337509
-0.085380696 0.059899170 -0.994546235 -36.688217163 -0.006375954 0.998137951 0.060662854 1.098699570 0.996327937 0.011520619 -0.084839799 20.912874222
-0.087108105 0.060817093 -0.994340718 -37.750293732 -0.010410185 0.998024702 0.061954394 1.158421636 0.996144474 0.015748000 -0.086302944 20.811412811
-0.088302173 0.060079489 -0.994280219 -38.829505920 -0.011336438 0.998054206 0.061314315 1.214833021 0.996029198 0.016685782 -0.087449268 20.700452805
-0.089462072 0.059609301 -0.994204819 -39.912609100 -0.012195050 0.998067081 0.060938224 1.259998083 0.995915532 0.017576037 -0.088562213 20.593624115
-0.090733021 0.058938500 -0.994129658 -40.985698700 -0.012810589 0.998095632 0.060342822 1.310364485 0.995792866 0.018210478 -0.089805186 20.489467621
-0.091702014 0.058212947 -0.994083524 -42.073650360 -0.015165469 0.998092353 0.059846688 1.363998771 0.995671034 0.020563807 -0.090644248 20.377717972
-0.092210673 0.055544756 -0.994189024 -43.158229828 -0.019641709 0.998147190 0.057587661 1.411773205 0.995545805 0.024837770 -0.090948835 20.264102936
-0.092461169 0.050639208 -0.994427741 -44.244220734 -0.024409406 0.998290479 0.053105485 1.459888935 0.995417058 0.029183589 -0.091067046 20.153806686
-0.091604814 0.050081871 -0.994535387 -45.350139618 -0.026248239 0.998265982 0.052687421 1.501181126 0.995449424 0.030931216 -0.090131424 20.041017532
-0.089948535 0.054007843 -0.994480968 -46.462406158 -0.027133919 0.998025060 0.056654509 1.549427509 0.995576680 0.032080155 -0.088305451 19.934898376
-0.087797366 0.057360355 -0.994485497 -47.552860260 -0.027193459 0.997830629 0.059954047 1.590526104 0.995767117 0.032307308 -0.086047068 19.829355240
-0.086617433 0.057051022 -0.994606674 -48.684150696 -0.025384273 0.997908354 0.059451051 1.646693110 0.995918214 0.030396869 -0.084988073 19.732976913
-0.083918273 0.056086604 -0.994892895 -49.791999817 -0.025279615 0.997973561 0.058392581 1.699071765 0.996151924 0.030050715 -0.082330361 19.632875443
-0.079907387 0.056250468 -0.995213866 -50.927921295 -0.029707285 0.997828603 0.058783501 1.758914828 0.996359527 0.034262337 -0.078062840 19.534038544
-0.073639482 0.057062317 -0.995651066 -52.051086426 -0.034945369 0.997600913 0.059758656 1.812907696 0.996672511 0.039193988 -0.071468748 19.429391861
-0.067872174 0.056615647 -0.996086299 -53.173355103 -0.038932476 0.997477829 0.059347551 1.864907622 0.996934116 0.042808149 -0.065496802 19.337263107
-0.062499221 0.055941440 -0.996475935 -54.327167511 -0.040257134 0.997474074 0.058522403 1.918366671 0.997232795 0.043772865 -0.060089316 19.267501831
-0.056886762 0.055064082 -0.996860921 -55.465362549 -0.039781563 0.997559905 0.057372857 1.973950505 0.997587800 0.042920440 -0.054557420 19.201787949
-0.051275082 0.054680578 -0.997186482 -56.606193542 -0.038284674 0.997658372 0.056675039 2.021958590 0.997950494 0.041082978 -0.049061596 19.132341385
-0.045649312 0.055403218 -0.997420013 -57.745456696 -0.037292853 0.997670293 0.057123926 2.071606874 0.998261154 0.039804306 -0.043476827 19.076444626
-0.039226774 0.056694012 -0.997620702 -58.907833099 -0.036549624 0.997639596 0.058132228 2.130713224 0.998561680 0.038743004 -0.037062049 19.014572144
-0.034054048 0.058166038 -0.997725904 -60.052257538 -0.037164383 0.997540772 0.059423726 2.175862312 0.998728752 0.039103493 -0.031808596 18.979490280
-0.030103547 0.057098005 -0.997914612 -61.201965332 -0.036315750 0.997645497 0.058178119 2.228822947 0.998886824 0.037991382 -0.027959110 18.960353851
-0.025030116 0.052454248 -0.998309553 -62.342506409 -0.036334194 0.997914910 0.053344507 2.280004501 0.999026179 0.037607998 -0.023072043 18.921058655
-0.019647378 0.047488894 -0.998678505 -63.512672424 -0.036878962 0.998157144 0.048189636 2.317082644 0.999126554 0.037777025 -0.017859831 18.886949539
-0.016217573 0.047151085 -0.998756051 -64.674438477 -0.036551222 0.998191833 0.047717955 2.357144356 0.999200106 0.037279628 -0.014464821 18.867538452
-0.011765962 0.049386755 -0.998710454 -65.840972900 -0.036224719 0.998102903 0.049783483 2.398719072 0.999274373 0.036763757 -0.009954618 18.826915741
-0.010867712 0.049324404 -0.998723626 -67.028617859 -0.036103457 0.998112082 0.049687058 2.432504654 0.999288917 0.036597364 -0.009066413 18.830375671
-0.009680226 0.048714414 -0.998765826 -68.201583862 -0.037918415 0.998076379 0.049048301 2.482925892 0.999233902 0.038346414 -0.007814431 18.809005737
-0.008415886 0.050073348 -0.998710096 -69.358978271 -0.039239164 0.997959673 0.050366379 2.519492865 0.999194384 0.039612427 -0.006433879 18.790170670
-0.007872861 0.049681522 -0.998734057 -70.545013428 -0.039791178 0.997958422 0.049956601 2.560204029 0.999176979 0.040134110 -0.005879901 18.780609131
-0.006890720 0.047397085 -0.998852372 -71.716934204 -0.040251166 0.998053372 0.047636844 2.604789972 0.999165773 0.040533230 -0.004969519 18.768301010
-0.005659373 0.045619983 -0.998942792 -72.893531799 -0.038783085 0.998197258 0.045805644 2.651699781 0.999231577 0.039001320 -0.003879887 18.751228333
-0.005710231 0.045940857 -0.998927832 -74.095138550 -0.035278030 0.998313010 0.046114240 2.678361177 0.999361217 0.035503525 -0.004079895 18.749065399
-0.005241013 0.046342012 -0.998911917 -75.280838013 -0.033318125 0.998362899 0.046491351 2.721633434 0.999431074 0.033525541 -0.003688404 18.738615036
-0.005198635 0.049436960 -0.998763740 -76.470916748 -0.032780267 0.998232126 0.049581259 2.754640341 0.999449074 0.032997508 -0.003568886 18.730535507
-0.004188715 0.053090215 -0.998580992 -77.652282715 -0.035162829 0.997964323 0.053204935 2.795559168 0.999372780 0.035335798 -0.002313385 18.708013535
-0.003945183 0.053121239 -0.998580396 -78.842010498 -0.037356369 0.997883201 0.053231750 2.836851120 0.999294221 0.037513334 -0.001952416 18.701482773
-0.003511214 0.050998081 -0.998692632 -80.019844055 -0.038443215 0.997953594 0.051095508 2.880069733 0.999254644 0.038572356 -0.001543499 18.691246033
-0.003388055 0.048131909 -0.998835266 -81.214385986 -0.038241725 0.998104036 0.048226394 2.928788662 0.999262750 0.038360581 -0.001540984 18.680677414
-0.003264226 0.047563192 -0.998862922 -82.400588989 -0.035978705 0.998215914 0.047649957 2.967108488 0.999347210 0.036093336 -0.001547140 18.673559189
-0.003163708 0.049075939 -0.998789966 -83.584861755 -0.034943927 0.998179615 0.049156636 3.000144482 0.999384284 0.035057165 -0.001443043 18.666133881
-0.003047738 0.051997013 -0.998642564 -84.760246277 -0.033663366 0.998075902 0.052070245 3.038594484 0.999428630 0.033776365 -0.001291479 18.663135529
-0.002796317 0.054534476 -0.998507917 -85.940696716 -0.034422357 0.997914910 0.054598473 3.075942993 0.999403417 0.034523681 -0.000913281 18.659111023
-0.002078556 0.054583900 -0.998507023 -87.128250122 -0.037461463 0.997804046 0.054623455 3.115540981 0.999295831 0.037519075 -0.000029199 18.632194519
-0.001932400 0.052374031 -0.998625755 -88.299575806 -0.036898535 0.997943699 0.052409671 3.159562349 0.999317110 0.036949106 0.000004098 18.628595352
-0.001851019 0.051321354 -0.998680472 -89.471466064 -0.035365872 0.998054206 0.051354714 3.196763754 0.999372661 0.035414267 -0.000032393 18.623203278
-0.001275545 0.052102581 -0.998640895 -90.614730835 -0.033852812 0.998067081 0.052115880 3.242996931 0.999426007 0.033873279 0.000490739 18.618814468
-0.001328055 0.054414637 -0.998517513 -91.793472290 -0.031585049 0.998017907 0.054429419 3.294419050 0.999500155 0.031610508 0.000393266 18.619916916
-0.001300399 0.057251845 -0.998358846 -92.965934753 -0.030398101 0.997896254 0.057264894 3.333617687 0.999537051 0.030422686 0.000442684 18.621347427
-0.000830931 0.059131116 -0.998249888 -94.136070251 -0.031204903 0.997762501 0.059128232 3.380042315 0.999512613 0.031199420 0.001016109 18.612863541
-0.000000718 0.061117548 -0.998130560 -95.298789978 -0.033653300 0.997565210 0.061082952 3.428780317 0.999433517 0.033590425 0.002056091 18.599538803
0.000046287 0.060421415 -0.998172939 -96.462249756 -0.035786469 0.997533679 0.060381059 3.474866867 0.999359429 0.035718292 0.002208442 18.596305847
0.000012678 0.056042600 -0.998428345 -97.615898132 -0.038125291 0.997702539 0.056001369 3.527568579 0.999272943 0.038064670 0.002149289 18.585817337
0.000033021 0.054355972 -0.998521626 -98.776481628 -0.039942544 0.997724831 0.054311275 3.575940609 0.999201953 0.039881699 0.002204062 18.579538345
0.000744940 0.052911494 -0.998598933 -99.933288574 -0.039427344 0.997824311 0.052841045 3.611313581 0.999222159 0.039332740 0.002829479 18.574123383
0.000881735 0.053503547 -0.998567283 -101.100074768 -0.038135521 0.997843087 0.053431075 3.654085398 0.999272227 0.038033765 0.002920219 18.577445984
0.000842402 0.055637285 -0.998450637 -102.251502991 -0.038280036 0.997721016 0.055564333 3.697557926 0.999266684 0.038173929 0.002970280 18.570072174
0.000696182 0.057722822 -0.998332322 -103.422378540 -0.037264358 0.997640669 0.057656854 3.744177103 0.999305248 0.037162080 0.002845544 18.571931839
0.000250772 0.056595918 -0.998397112 -104.576408386 -0.041197367 0.997550130 0.056537565 3.794450521 0.999150991 0.041117147 0.002581760 18.561903000
0.000053791 0.057935525 -0.998320282 -105.747077942 -0.044722576 0.997321486 0.057875164 3.845146656 0.998999476 0.044644333 0.002644674 18.552867889
0.000083696 0.057112150 -0.998367786 -106.919158936 -0.048766024 0.997180164 0.057040125 3.896744490 0.998810232 0.048681647 0.002868592 18.533334732
-0.000359947 0.052966375 -0.998596251 -108.086723328 -0.049781680 0.997357190 0.052918598 3.947806120 0.998760104 0.049730852 0.002277760 18.532224655
-0.000729682 0.049380619 -0.998779774 -109.266067505 -0.049533214 0.997552216 0.049356118 3.987291574 0.998772204 0.049508780 0.001718084 18.521104813
-0.001907910 0.048588194 -0.998817086 -110.463798523 -0.046006970 0.997757077 0.048624508 4.030387402 0.998939276 0.046045326 0.000331765 18.519407272
-0.002284013 0.047810055 -0.998853862 -111.640594482 -0.041571274 0.997988522 0.047863685 4.069786549 0.999132931 0.041632947 -0.000291895 18.522617340
-0.002643073 0.049665593 -0.998762488 -112.838973999 -0.040722299 0.997932076 0.049732067 4.113717079 0.999167025 0.040803347 -0.000615110 18.512458801
-0.003411440 0.053546008 -0.998559535 -114.072525024 -0.039568081 0.997776151 0.053639177 4.155404568 0.999211073 0.039694063 -0.001285140 18.507957458
-0.004084397 0.053822760 -0.998542130 -115.305915833 -0.037999909 0.997820854 0.053939320 4.206275463 0.999269426 0.038164817 -0.002030236 18.500547409
-0.004988595 0.049430318 -0.998764992 -116.524787903 -0.038117532 0.998042345 0.049584929 4.252547264 0.999260843 0.038317822 -0.003094667 18.492446899
-0.005334377 0.046205301 -0.998917699 -117.740234375 -0.038143933 0.998195529 0.046375591 4.283133507 0.999258041 0.038350035 -0.003562300 18.479635239
-0.006508503 0.044859994 -0.998972118 -118.980438232 -0.036984358 0.998298943 0.045070730 4.321519375 0.999294698 0.037239689 -0.004838314 18.470012665
-0.007093218 0.046044201 -0.998914182 -120.212020874 -0.038920701 0.998169720 0.046286255 4.366098404 0.999217153 0.039206754 -0.005288162 18.456029892
-0.007205633 0.050685465 -0.998688698 -121.498619080 -0.043999892 0.997731209 0.050954342 4.415941238 0.999005556 0.044309340 -0.004959131 18.432704926
-0.007544816 0.053767953 -0.998524964 -122.762298584 -0.049473856 0.997310519 0.054076374 4.465615749 0.998746932 0.049808878 -0.004864416 18.407030106
-0.008276549 0.053879056 -0.998513162 -124.015998840 -0.056910798 0.996903419 0.054263927 4.516644478 0.998344958 0.057275292 -0.005184620 18.392566681
-0.007129606 0.051793795 -0.998632491 -125.285751343 -0.060535971 0.996803761 0.052131150 4.566931248 0.998140574 0.060824852 -0.003971431 18.353893280
-0.007910423 0.050157569 -0.998710096 -126.545036316 -0.062390544 0.996770620 0.050554346 4.616981983 0.998020470 0.062709957 -0.004755520 18.339708328
-0.008179855 0.049794111 -0.998726010 -127.820854187 -0.063011989 0.996748805 0.050211623 4.657019138 0.997979283 0.063342430 -0.005015634 18.315778732
-0.008644571 0.049109861 -0.998755991 -129.096191406 -0.060341414 0.996947467 0.049543217 4.694517612 0.998140335 0.060694631 -0.005654825 18.305530548
-0.009196190 0.050021071 -0.998705864 -130.354476929 -0.060328741 0.996900976 0.050486188 4.735358238 0.998136222 0.060714945 -0.006149983 18.289199829
-0.010001810 0.054809574 -0.998446703 -131.617919922 -0.060243141 0.996649861 0.055314422 4.782286167 0.998133600 0.060702816 -0.006666402 18.274566650
-0.010357725 0.058717106 -0.998220921 -132.896286011 -0.059278220 0.996482730 0.059229944 4.836769104 0.998187780 0.059786249 -0.006840650 18.256586075
-0.010390636 0.057646029 -0.998282969 -134.156433105 -0.059377003 0.996539712 0.058163382 4.884041309 0.998181522 0.059879404 -0.006931833 18.231853485
-0.009780082 0.056201525 -0.998371661 -135.415390015 -0.058973234 0.996649027 0.056682263 4.931309700 0.998211682 0.059431564 -0.006432923 18.220794678
-0.008642847 0.055904407 -0.998398721 -136.661987305 -0.058282703 0.996710479 0.056314405 4.980328560 0.998262703 0.058676098 -0.005356156 18.202333450
-0.007596166 0.054924589 -0.998461604 -137.920501709 -0.058433048 0.996759832 0.055275526 5.030002117 0.998262405 0.058763046 -0.004362142 18.189447403
-0.006973356 0.057057925 -0.998346508 -139.166000366 -0.058168381 0.996657073 0.057367671 5.078607082 0.998282373 0.058472246 -0.003631078 18.180366516
-0.006082413 0.060681079 -0.998138666 -140.424575806 -0.059230033 0.996382713 0.060935266 5.134087086 0.998225868 0.059490416 -0.002466269 18.169942856
-0.004536027 0.061547391 -0.998093843 -141.699371338 -0.061381094 0.996205032 0.061709855 5.195005894 0.998104095 0.061544016 -0.000740967 18.149841309
-0.003517694 0.059011843 -0.998251140 -142.962982178 -0.063541137 0.996226788 0.059116088 5.249105453 0.997973025 0.063637950 0.000245258 18.136198044
-0.004079469 0.056106672 -0.998416424 -144.209915161 -0.061763089 0.996504486 0.056251578 5.294110775 0.998082519 0.061894756 -0.000599887 18.134130478
-0.003705420 0.054355517 -0.998514771 -145.460800171 -0.059384208 0.996747434 0.054479681 5.341356754 0.998228312 0.059497878 -0.000465508 18.130390167
-0.003907019 0.053509116 -0.998559773 -146.692611694 -0.057872646 0.996881604 0.053645626 5.390621662 0.998316288 0.057998884 -0.000798121 18.123035431
-0.004308583 0.054368302 -0.998511672 -147.949768066 -0.055600919 0.996963203 0.054523908 5.427386761 0.998443782 0.055753097 -0.001272572 18.122219086
-0.004501279 0.052797470 -0.998595178 -149.182617188 -0.053811863 0.997145474 0.052963391 5.475596905 0.998540998 0.053974669 -0.001647300 18.116878510
-0.004108805 0.052763779 -0.998598516 -150.431655884 -0.052754108 0.997204959 0.052907206 5.526739597 0.998599052 0.052897561 -0.001313815 18.102319717
-0.004583017 0.055202603 -0.998464644 -151.673019409 -0.050500263 0.997188330 0.055363838 5.578455925 0.998713553 0.050676465 -0.001782385 18.098783493
-0.004525888 0.056872144 -0.998371184 -152.902359009 -0.047934320 0.997221410 0.057023946 5.619196415 0.998840213 0.048114322 -0.001787185 18.091249466
-0.004229959 0.055407178 -0.998454869 -154.132110596 -0.045763865 0.997406960 0.055542905 5.668592930 0.998943329 0.045928098 -0.001683344 18.077703476
-0.005419115 0.055763844 -0.998429298 -155.361633301 -0.046651661 0.997342706 0.055956356 5.716404915 0.998896539 0.046881620 -0.002803239 18.070211411
-0.005311923 0.060209837 -0.998171628 -156.591873169 -0.047162022 0.997059703 0.060393754 5.772130013 0.998873115 0.047396589 -0.002456687 18.060623169
-0.004873590 0.066929512 -0.997745812 -157.819900513 -0.051953193 0.996393144 0.067092545 5.823909760 0.998637676 0.052163064 -0.001378810 18.049966812
-0.003593095 0.067030519 -0.997744441 -159.067916870 -0.056867529 0.996122479 0.067126341 5.882450581 0.998375297 0.056980453 0.000232696 18.028974533
-0.002260948 0.063206188 -0.997997940 -160.296981812 -0.060829110 0.996143639 0.063226558 5.942276478 0.998145700 0.060850270 0.001592547 18.009716034
-0.000449079 0.058073286 -0.998312235 -161.516494751 -0.062542886 0.996356249 0.057987630 5.988779545 0.998042166 0.062463369 0.003184628 17.999795914
0.000333946 0.056636550 -0.998394847 -162.739761353 -0.065292455 0.996265650 0.056493931 6.040703773 0.997866154 0.065168783 0.004030637 17.988967896
0.001565645 0.053352922 -0.998574495 -163.934967041 -0.060349483 0.996760666 0.053161390 6.079401970 0.998176098 0.060180221 0.004780395 18.000505447
0.001807799 0.048563555 -0.998818517 -165.144851685 -0.057210870 0.997189224 0.048380792 6.127860069 0.998360515 0.057055809 0.004581081 17.998956680
0.001426870 0.045263976 -0.998973966 -166.373153687 -0.050757334 0.997690678 0.045133330 6.165150166 0.998709917 0.050640862 0.003721054 18.003948212
0.000003964 0.048281107 -0.998833776 -167.604354858 -0.048751142 0.997646093 0.048223507 6.207002163 0.998810828 0.048694097 0.002357714 18.007368088
0.000773588 0.054712739 -0.998501778 -168.839584351 -0.049632240 0.997273684 0.054606989 6.250950813 0.998767197 0.049515642 0.003486995 17.999549866
0.002586554 0.058148138 -0.998304605 -170.041229248 -0.050485924 0.997042477 0.057943821 6.292696953 0.998721421 0.050250456 0.005514567 18.000230789
0.003900355 0.054735776 -0.998493254 -171.251205444 -0.051399004 0.997191906 0.054463673 6.342187405 0.998670578 0.051109135 0.006702768 18.002004623
0.004943547 0.054942984 -0.998477280 -172.477432251 -0.053779069 0.997059047 0.054598682 6.391759396 0.998540640 0.053427275 0.007883791 17.997737885
0.005915064 0.055744976 -0.998427629 -173.702377319 -0.052656535 0.997077107 0.055357628 6.442022324 0.998595238 0.052246295 0.008833112 17.999252319
0.006474473 0.053865127 -0.998527169 -174.909927368 -0.052012611 0.997214615 0.053457066 6.487689495 0.998625457 0.051589902 0.009258105 18.007303238
0.008042296 0.052599620 -0.998583317 -176.096069336 -0.052236862 0.997274220 0.052109964 6.527333736 0.998602390 0.051743776 0.010768015 18.012775421
0.009879557 0.054229274 -0.998479545 -177.250549316 -0.053492110 0.997127295 0.053626537 6.570738792 0.998519421 0.052880969 0.012752015 18.014736176
0.011028256 0.056213722 -0.998357773 -178.389160156 -0.053450424 0.997024298 0.055548202 6.604184628 0.998509645 0.052750051 0.014000087 18.023019791
0.011775455 0.057936639 -0.998250842 -179.474395752 -0.054637212 0.996865809 0.057211749 6.632305622 0.998436809 0.053867951 0.014904046 18.026496887
0.012014523 0.058940634 -0.998189211 -180.550354004 -0.054888215 0.996794939 0.058197659 6.670179367 0.998420238 0.054089606 0.015211163 18.034168243
0.011688842 0.060118925 -0.998122752 -181.609924316 -0.054009404 0.996771812 0.059405059 6.701672077 0.998472035 0.053213641 0.014898094 18.045310974
0.012149247 0.059233785 -0.998170197 -182.635772705 -0.054581538 0.996794820 0.058487840 6.740568161 0.998435497 0.053771082 0.015343378 18.049882889
0.013580469 0.059382178 -0.998142958 -183.616989136 -0.055115834 0.996761918 0.058550112 6.765230179 0.998387635 0.054218333 0.016809393 18.065622330
0.014748777 0.060320314 -0.998070121 -184.575622559 -0.055789601 0.996673346 0.059411477 6.800063610 0.998333693 0.054805681 0.018064961 18.079879761
0.014412645 0.058547150 -0.998180628 -185.521163940 -0.054361865 0.996853709 0.057684395 6.832436085 0.998417258 0.053431582 0.017550031 18.084978104
0.011078482 0.055295456 -0.998408556 -186.460754395 -0.051984597 0.997151494 0.054649003 6.864464283 0.998586416 0.051296435 0.013921436 18.097633362
0.006115716 0.051868863 -0.998635173 -187.391235352 -0.051899426 0.997324407 0.051482946 6.894428730 0.998633564 0.051513739 0.008791317 18.101831436
0.001049169 0.048745062 -0.998810768 -188.320358276 -0.053582720 0.997379184 0.048618913 6.928751945 0.998562813 0.053467985 0.003658312 18.094408035
-0.002748323 0.048121341 -0.998837709 -189.263061523 -0.055321980 0.997304499 0.048199691 6.959527493 0.998464763 0.055390153 -0.000078748 18.089307785
-0.005567170 0.048933413 -0.998786509 -190.182800293 -0.057183940 0.997151971 0.049172070 6.983780384 0.998348117 0.057388298 -0.002753109 18.073303223
-0.007693951 0.050793018 -0.998679519 -191.108123779 -0.055772990 0.997132719 0.051144022 7.015487194 0.998413801 0.056092843 -0.004839012 18.063728333
-0.009223972 0.052156787 -0.998596311 -192.043090820 -0.053453393 0.997185290 0.052576829 7.048379421 0.998527765 0.053863339 -0.006410052 18.057462692
-0.010756680 0.052755538 -0.998549521 -192.943252563 -0.051247351 0.997265816 0.053239767 7.070090771 0.998628020 0.051745698 -0.008023688 18.047790527
-0.011204978 0.051518887 -0.998609126 -193.849792480 -0.052002877 0.997290254 0.052034359 7.104393005 0.998584092 0.052513592 -0.008495487 18.029579163
-0.012057140 0.050348494 -0.998658955 -194.761779785 -0.053745467 0.997255147 0.050926615 7.136252403 0.998481929 0.054287419 -0.009318043 18.013570786
-0.012350937 0.049496502 -0.998697937 -195.661315918 -0.057342213 0.997095287 0.050126232 7.169314861 0.998278201 0.057886653 -0.009476825 17.998849869
-0.010820183 0.048080195 -0.998784959 -196.557754517 -0.060300715 0.996994138 0.048647247 7.191466808 0.998121619 0.060753819 -0.007888389 17.969562531
-0.009757197 0.045520030 -0.998915851 -197.473480225 -0.060043085 0.997134149 0.046025332 7.223178864 0.998148143 0.060427062 -0.006996071 17.951663971
-0.009396810 0.043201976 -0.999022126 -198.400604248 -0.059638858 0.997263551 0.043686889 7.250637531 0.998175800 0.059991062 -0.006794579 17.944837570
-0.008743039 0.042784724 -0.999046028 -199.322769165 -0.059663948 0.997281909 0.043231316 7.280004025 0.998180330 0.059984997 -0.006166568 17.930723190
-0.008392087 0.045461029 -0.998930812 -200.256408691 -0.057364944 0.997299016 0.045868687 7.307228565 0.998318076 0.057688549 -0.005761551 17.921230316
-0.008011892 0.046872873 -0.998868704 -201.191772461 -0.056270238 0.997296870 0.047250453 7.332951069 0.998383462 0.056585144 -0.005352689 17.903264999
-0.007396252 0.042973049 -0.999048829 -202.127700806 -0.051581342 0.997729719 0.043298189 7.365129471 0.998641372 0.051852524 -0.005162853 17.909530640
-0.007274397 0.039661728 -0.999186635 -203.069534302 -0.050145306 0.997941434 0.039977379 7.396025181 0.998715401 0.050395336 -0.005270573 17.904159546
-0.006646687 0.039700270 -0.999189496 -204.030456543 -0.054482259 0.997712970 0.040004022 7.429597855 0.998492718 0.054703999 -0.004468526 17.885658264
-0.005327194 0.044407457 -0.998999238 -204.991760254 -0.055988703 0.997433066 0.044636402 7.451874733 0.998417199 0.056170464 -0.002827203 17.875980377
-0.003097383 0.044025991 -0.999025583 -205.929214478 -0.053598762 0.997587025 0.044128772 7.479346275 0.998557746 0.053683218 -0.000730170 17.870464325
-0.000841659 0.045084435 -0.998982906 -206.891357422 -0.052420579 0.997607768 0.045066539 7.517973900 0.998624742 0.052405197 0.001523707 17.867052078
0.000741866 0.050031308 -0.998747289 -207.877304077 -0.053409304 0.997324049 0.049920347 7.550971031 0.998572409 0.053305365 0.003412019 17.863056183
0.002109064 0.053902082 -0.998543978 -208.877090454 -0.050246198 0.997290671 0.053728297 7.589251041 0.998734593 0.050059717 0.004811725 17.871456146
0.003278120 0.054356635 -0.998516142 -209.876708984 -0.050110441 0.997276008 0.054124612 7.632128239 0.998738289 0.049858648 0.005993025 17.871925354
0.005926302 0.055125959 -0.998461843 -210.893157959 -0.053346340 0.997074962 0.054732759 7.676243782 0.998558462 0.052939914 0.008849734 17.867452621
0.008520154 0.056851953 -0.998346269 -211.915237427 -0.056066535 0.996839106 0.056287646 7.722288609 0.998390615 0.055494234 0.011680715 17.871107101
0.011267140 0.057592675 -0.998276532 -212.922882080 -0.057292875 0.996737003 0.056857217 7.758968353 0.998293817 0.056553517 0.014530026 17.888017654
0.014733905 0.054689847 -0.998394668 -213.955413818 -0.060559463 0.996718824 0.053704336 7.807436943 0.998055756 0.059670962 0.017997548 17.890676498
