1.000000000 0.000000000 0.000000000 0.000000000 0.000000000 1.000000000 0.000000000 0.000000000 0.000000000 0.000000000 1.000000000 0.000000000
0.999995589 0.002963614 0.000155603 -0.005936227 -0.002963827 0.999994636 0.001390913 -0.012896533 -0.000151481 -0.001391368 0.999999046 0.772602558
0.999984622 0.005531019 0.000630577 -0.013613888 -0.005532242 0.999982774 0.001955190 -0.029898938 -0.000619752 -0.001958648 0.999997914 1.539250970
0.999977052 0.006677367 0.001135962 -0.020935247 -0.006679427 0.999975979 0.001819607 -0.048123635 -0.001123785 -0.001827152 0.999997675 2.275839329
0.999961913 0.008671192 0.000996753 -0.024115739 -0.008672687 0.999961317 0.001505289 -0.061365061 -0.000983662 -0.001513876 0.999998331 3.003201962
0.999958158 0.008975552 0.001759871 -0.035568681 -0.008977705 0.999958932 0.001219120 -0.074236408 -0.001748857 -0.001234869 0.999997675 3.715139866
0.999957085 0.009067478 0.001919429 -0.035867929 -0.009071610 0.999956548 0.002155253 -0.088208474 -0.001899803 -0.002172573 0.999995828 4.402779102
0.999946773 0.009915164 0.002873966 -0.047212463 -0.009929587 0.999937832 0.005048765 -0.102275059 -0.002823728 -0.005077034 0.999983132 5.082568169
0.999943793 0.009688227 0.004299562 -0.042390253 -0.009725684 0.999914110 0.008778417 -0.106145985 -0.004214146 -0.008819741 0.999952197 5.751715183
0.999944031 0.009009797 0.005544961 -0.039194833 -0.009077503 0.999882996 0.012308759 -0.116807885 -0.005433412 -0.012358402 0.999908805 6.381329060
0.999942958 0.008253008 0.006781160 -0.042120036 -0.008351400 0.999858379 0.014611624 -0.125826389 -0.006659609 -0.014667420 0.999870300 6.984261513
0.999934137 0.008741634 0.007439654 -0.025813382 -0.008849639 0.999854088 0.014610601 -0.137914151 -0.007310848 -0.014675476 0.999865532 7.567433357
0.999920666 0.009408370 0.008381049 -0.023405440 -0.009509508 0.999881387 0.012110525 -0.147520900 -0.008266117 -0.012189262 0.999891520 8.117519379
0.999912262 0.009329955 0.009404585 -0.024289116 -0.009416140 0.999913633 0.009161735 -0.151681975 -0.009318295 -0.009249484 0.999913752 8.645937920
0.999911070 0.007848718 0.010782379 -0.009688996 -0.007931801 0.999938905 0.007684381 -0.158921748 -0.010721410 -0.007769220 0.999912381 9.142949104
0.999909639 0.003862129 0.012873109 -0.007059015 -0.003930732 0.999978125 0.005308080 -0.163622528 -0.012852329 -0.005358200 0.999903083 9.612463951
0.999887705 0.002047653 0.014844983 0.002460241 -0.002111807 0.999988437 0.004307196 -0.170692056 -0.014835994 -0.004338061 0.999880552 10.054086685
0.999841928 0.006320902 0.016618157 0.009880900 -0.006359008 0.999977231 0.002241163 -0.180507705 -0.016603613 -0.002346483 0.999859452 10.468711853
0.999745667 0.010836695 0.019775830 0.008676410 -0.010872290 0.999939442 0.001693254 -0.189761907 -0.019756284 -0.001907831 0.999803007 10.858263016
0.999673605 0.011206549 0.022960065 0.017137259 -0.011275850 0.999932230 0.002891148 -0.200092882 -0.022926111 -0.003149098 0.999732256 11.200553894
0.999634922 0.006828232 0.026141308 0.030584723 -0.006917496 0.999970555 0.003325721 -0.205411971 -0.026117831 -0.003505338 0.999652803 11.524399757
0.999584734 0.002248132 0.028727943 0.047907621 -0.002329921 0.999993324 0.002813861 -0.207498670 -0.028721429 -0.002879627 0.999583304 11.797878265
0.999514520 -0.001098902 0.031138767 0.062959045 0.000966600 0.999990463 0.004263530 -0.212535113 -0.031143159 -0.004231361 0.999505997 12.055910110
0.999436796 -0.001419062 0.033524878 0.073324025 0.001240524 0.999984980 0.005345744 -0.219569474 -0.033531960 -0.005301145 0.999423563 12.287885666
0.999359787 -0.000845397 0.035768174 0.078004897 0.000689168 0.999990106 0.004379909 -0.224023610 -0.035771530 -0.004352455 0.999350488 12.490740776
0.999301374 -0.000125808 0.037371319 0.098230481 0.000005408 0.999994814 0.003221799 -0.232998714 -0.037371535 -0.003219346 0.999296248 12.690091133
0.999171853 0.002219678 0.040627919 0.093057424 -0.002312266 0.999994814 0.002232093 -0.236695468 -0.040622756 -0.002324188 0.999171853 12.846218109
0.999099076 0.004826985 0.042162802 0.098089844 -0.004908256 0.999986351 0.001824248 -0.245025039 -0.042153422 -0.002029550 0.999109089 13.014706612
0.999031782 0.006723368 0.043476116 0.103462815 -0.006737846 0.999977291 0.000186501 -0.249421731 -0.043473873 -0.000479256 0.999054492 13.170396805
0.998956859 0.005497021 0.045330450 0.114314914 -0.005443330 0.999984324 -0.001307772 -0.258067399 -0.045336932 0.001059660 0.998971105 13.320977211
0.998875618 0.004861151 0.047157511 0.115460336 -0.004734081 0.999984860 -0.002805901 -0.261935771 -0.047170438 0.002579499 0.998883545 13.458240509
0.998821735 0.003660874 0.048390858 0.126981676 -0.003482693 0.999986827 -0.003765910 -0.263885826 -0.048404004 0.003592943 0.998821378 13.600084305
0.998760462 0.004280880 0.049589630 0.137097895 -0.004033550 0.999978960 -0.005086531 -0.267510235 -0.049610361 0.004880204 0.998756707 13.736652374
0.998683512 0.004997404 0.051054046 0.141314924 -0.004650581 0.999965310 -0.006909802 -0.275117576 -0.051086813 0.006663273 0.998671949 13.853858948
0.998625219 0.005370222 0.052142628 0.144442260 -0.004873544 0.999941647 -0.009647843 -0.270862490 -0.052191399 0.009380460 0.998592973 13.979036331
0.998607874 0.004421234 0.052561838 0.156632662 -0.003812032 0.999924481 -0.011684809 -0.276992023 -0.052609526 0.011468176 0.998549283 14.105674744
0.998629689 0.003755391 0.052198350 0.163868368 -0.003058665 0.999905229 -0.013421128 -0.281599104 -0.052243810 0.013243080 0.998546481 14.228599548
0.998736262 0.003305331 0.050149400 0.167930901 -0.002565071 0.999886930 -0.014818273 -0.283686042 -0.050192714 0.014670910 0.998631716 14.354721069
0.998875916 0.003151858 0.047297031 0.169122934 -0.002422507 0.999877334 -0.015470063 -0.289544910 -0.047339991 0.015338097 0.998761058 14.478526115
0.999060750 0.003883222 0.043156732 0.173758119 -0.003157669 0.999852657 -0.016867517 -0.288552880 -0.043215882 0.016715398 0.998925924 14.606101990
0.999305308 0.003473615 0.037105132 0.177109241 -0.002800560 0.999830902 -0.018175729 -0.290114820 -0.037161991 0.018059187 0.999146044 14.742680550
0.999524951 0.003569203 0.030613493 0.169029504 -0.003002836 0.999823868 -0.018526629 -0.299001336 -0.030674228 0.018425904 0.999359608 14.849302292
0.999714077 0.004046724 0.023567330 0.162640184 -0.003587274 0.999803305 -0.019504944 -0.297645301 -0.023641627 0.019414824 0.999531925 14.974690437
0.999876916 0.003211463 0.015358910 0.158131897 -0.002898697 0.999788880 -0.020342911 -0.302679002 -0.015420994 0.020295888 0.999675095 15.107379913
0.999982357 0.002603729 0.005343447 0.148898348 -0.002487233 0.999761581 -0.021693781 -0.303391814 -0.005398653 0.021680109 0.999750376 15.239471436
0.999969542 0.000999551 -0.007741865 0.139866501 -0.001178251 0.999732196 -0.023112267 -0.309477776 0.007716693 0.023120686 0.999702930 15.387948990
0.999716163 0.000071654 -0.023824299 0.118779659 -0.000671046 0.999683380 -0.025151774 -0.311107934 0.023814959 0.025160624 0.999399722 15.542121887
0.999074697 0.000580979 -0.043004598 0.091481626 -0.001716113 0.999650955 -0.026363421 -0.311511278 0.042974271 0.026412832 0.998726964 15.724270821
0.997904420 0.001710239 -0.064684145 0.055416942 -0.003388897 0.999660075 -0.025850803 -0.320180178 0.064617932 0.026015837 0.997570932 15.894415855
0.996082604 0.001848441 -0.088408425 0.021659017 -0.004003496 0.999699116 -0.024205029 -0.330296338 0.088337071 0.024464151 0.995790184 16.087354660
0.993333459 0.003067886 -0.115235873 -0.031067848 -0.005716692 0.999726832 -0.022662504 -0.335759103 0.115134872 0.023170188 0.993079603 16.309000015
0.989398479 0.003859760 -0.145174950 -0.100134134 -0.006910083 0.999765694 -0.020512981 -0.345134258 0.145061761 0.021298680 0.989193320 16.539300919
0.983941138 0.004409073 -0.178438842 -0.166865349 -0.007582889 0.999824941 -0.017108472 -0.349630058 0.178332180 0.018186811 0.983802259 16.783760071
0.976637423 0.005087405 -0.214833274 -0.257517099 -0.008088567 0.999881506 -0.013092918 -0.356670082 0.214741170 0.014524728 0.976562977 17.023818970
0.967022240 0.006668036 -0.254604757 -0.364463091 -0.009009734 0.999927104 -0.008032301 -0.356815696 0.254532635 0.010061337 0.967011809 17.289247513
0.955139816 0.010527383 -0.295968294 -0.488978386 -0.011924955 0.999924660 -0.002917234 -0.365843385 0.295915306 0.006315774 0.955193341 17.553764343
0.941128671 0.013903467 -0.337762624 -0.635270596 -0.014303599 0.999896884 0.001304189 -0.364285529 0.337745905 0.003603810 0.941230416 17.835023880
0.924270332 0.016493391 -0.381382167 -0.773681164 -0.014835861 0.999863327 0.007286107 -0.371907175 0.381450206 -0.001076198 0.924388766 18.105787277
0.905009449 0.020114260 -0.424915701 -0.944870472 -0.015258813 0.999773622 0.014827261 -0.376040220 0.425117701 -0.006935103 0.905111492 18.388837814
0.883274794 0.024569800 -0.468211561 -1.127106667 -0.016447961 0.999635041 0.021427847 -0.378395706 0.468567193 -0.011225551 0.883356571 18.655448914
0.858571887 0.029311802 -0.511854768 -1.346084595 -0.018771010 0.999492109 0.025750775 -0.373867244 0.512349665 -0.012500858 0.858686030 18.936267853
0.830494106 0.033105772 -0.556042731 -1.567538261 -0.020078223 0.999362707 0.029511807 -0.376857221 0.556665421 -0.013345031 0.830629587 19.211242676
0.799711943 0.036411770 -0.599278688 -1.826964378 -0.022321725 0.999272346 0.030927708 -0.366185069 0.599968791 -0.011356323 0.799942791 19.482913971
0.765757501 0.039388828 -0.641922057 -2.105241776 -0.022975538 0.999161065 0.033901460 -0.357879281 0.642718792 -0.011211795 0.766020179 19.761047363
0.728693366 0.043540005 -0.683454752 -2.401725769 -0.024299856 0.998992383 0.037733279 -0.346508682 0.684408963 -0.010888137 0.729017019 20.027957916
0.690040112 0.043620598 -0.722455502 -2.737773895 -0.021288555 0.998973548 0.039982900 -0.324319303 0.723457992 -0.012209767 0.690260410 20.290811539
0.648733735 0.043393873 -0.759777248 -3.088644981 -0.018934069 0.998984277 0.040889107 -0.307824373 0.760779977 -0.012140470 0.648896456 20.555217743
0.606747687 0.042395644 -0.793763161 -3.471637726 -0.013068825 0.998973727 0.043366402 -0.300583959 0.794787109 -0.015938910 0.606679022 20.797336578
0.561380565 0.042607799 -0.826460183 -3.866556168 -0.008374032 0.998915076 0.045810498 -0.287385702 0.827515423 -0.018796317 0.561128259 21.047275543
0.514375746 0.043915134 -0.856439769 -4.301102638 -0.006532717 0.998859644 0.047294375 -0.264375508 0.857540131 -0.018732198 0.514076054 21.270618439
0.464809388 0.043251637 -0.884353757 -4.764972687 -0.005230485 0.998922944 0.046105843 -0.240127981 0.885395348 -0.016804822 0.464534819 21.468782425
0.412247598 0.042505678 -0.910079777 -5.235099792 0.000494216 0.998900473 0.046877958 -0.226842999 0.911071718 -0.019775100 0.411773384 21.652263641
0.358296067 0.041553818 -0.932682931 -5.736563683 0.005918812 0.998887837 0.046777196 -0.206581295 0.933589280 -0.022280458 0.357651681 21.817314148
0.304721385 0.040454943 -0.951582015 -6.273810863 0.008561515 0.998940885 0.045209948 -0.181058288 0.952403009 -0.021923421 0.304052353 21.952217102
0.251824975 0.046189092 -0.966669917 -6.836813450 0.008916270 0.998707235 0.050042652 -0.146369159 0.967731714 -0.021221073 0.251087576 22.061172485
0.200461894 0.051075611 -0.978369236 -7.417156696 0.011418800 0.998450458 0.054463595 -0.118132472 0.979635000 -0.022089673 0.199568003 22.142282486
0.152129322 0.052254036 -0.986978352 -8.024188042 0.016517116 0.998327613 0.055400793 -0.088620543 0.988222599 -0.024730120 0.151011765 22.214092255
0.107405148 0.054131459 -0.992740512 -8.614887238 0.020765843 0.998176754 0.056674547 -0.080547214 0.993998408 -0.026702236 0.106085241 22.264190674
0.067175314 0.052358590 -0.996366441 -9.250740051 0.020529551 0.998338223 0.053846311 -0.050231099 0.997529984 -0.024072098 0.065988779 22.275943756
0.032109663 0.048016239 -0.998330295 -9.895807266 0.017350690 0.998668194 0.048590533 -0.015418947 0.999333739 -0.018881947 0.031233788 22.261131287
0.002992583 0.047955688 -0.998844981 -10.561665535 0.015616651 0.998725355 0.047996733 0.018052489 0.999873579 -0.015742246 0.002239862 22.252510071
-0.017629139 0.051936828 -0.998494685 -11.257628441 0.014117739 0.998563349 0.051691134 0.050512850 0.999744892 -0.013185219 -0.018337043 22.214410782
-0.030832624 0.058017667 -0.997839332 -11.989932060 0.015801715 0.998217583 0.057551384 0.082846284 0.999399662 -0.013993114 -0.031694449 22.190092087
-0.038763717 0.060570553 -0.997410893 -12.733568192 0.015266332 0.998080492 0.060017899 0.117183983 0.999131799 -0.012900292 -0.039614003 22.151096344
-0.042574972 0.057707585 -0.997425318 -13.498349190 0.016360719 0.998236895 0.057056192 0.152903736 0.998959303 -0.013889429 -0.043444049 22.111530304
-0.041771390 0.053874426 -0.997673631 -14.276052475 0.023845362 0.998314500 0.052910652 0.188864887 0.998842537 -0.021579741 -0.042985648 22.084188461
-0.037606157 0.052257277 -0.997925460 -15.082981110 0.035909913 0.998057365 0.050910961 0.234450817 0.998647213 -0.033920839 -0.039409671 22.071483612
-0.031933248 0.052300423 -0.998120725 -15.910419464 0.036072239 0.998039782 0.051142108 0.274151921 0.998838902 -0.034371313 -0.033757240 22.045759201
-0.026862977 0.051275499 -0.998323202 -16.758459091 0.034421720 0.998138785 0.050339811 0.298802197 0.999046326 -0.033011720 -0.028577970 22.017723083
-0.023766235 0.044637378 -0.998720527 -17.623943329 0.038092513 0.998317719 0.043712895 0.338673055 0.998991549 -0.037004884 -0.025426606 22.005512238
-0.021697745 0.033776768 -0.999193847 -18.509803772 0.035778437 0.998815179 0.032987025 0.374435067 0.999124169 -0.035033859 -0.022880513 21.984809875
-0.021172494 0.025673540 -0.999446094 -19.403974533 0.028236719 0.999286830 0.025071274 0.396868706 0.999376953 -0.027690269 -0.021882329 21.951286316
-0.022268431 0.022564257 -0.999497354 -20.319431305 0.022431755 0.999504805 0.022064656 0.422685057 0.999500334 -0.021929134 -0.022763563 21.914083481
-0.025834898 0.028772214 -0.999252081 -21.277584076 0.013084253 0.999509811 0.028441349 0.440987825 0.999580622 -0.012339686 -0.026198696 21.873790741
-0.030731633 0.037181221 -0.998835921 -22.243095398 0.008492026 0.999281526 0.036936536 0.462470055 0.999491572 -0.007347022 -0.031025298 21.824369431
-0.035129320 0.046682492 -0.998291910 -23.214532852 0.006823815 0.998896360 0.046470635 0.496339321 0.999359429 -0.005179676 -0.035409104 21.774560928
-0.037144072 0.056410816 -0.997716427 -24.257316589 0.005676624 0.998401225 0.056238201 0.540270686 0.999293804 -0.003574745 -0.037404917 21.743438721
-0.038085300 0.064294972 -0.997203946 -25.275039673 0.007551543 0.997917891 0.064052597 0.584598124 0.999245942 -0.005090966 -0.038491532 21.701938629
-0.039742112 0.064919263 -0.997098804 -26.303998947 0.008574166 0.997872591 0.064627886 0.640033007 0.999173105 -0.005980841 -0.040214192 21.659704208
-0.041130073 0.062171899 -0.997217536 -27.300539017 0.007128499 0.998054981 0.061930101 0.689458132 0.999128342 -0.004561475 -0.041493271 21.610013962
-0.043953840 0.057452738 -0.997380197 -28.319234848 0.006628615 0.998339832 0.057215899 0.734490633 0.999011576 -0.004096392 -0.044261694 21.559095383
-0.048350282 0.052115396 -0.997469902 -29.353034973 0.006662601 0.998632550 0.051853187 0.781190038 0.998808205 -0.004138628 -0.048631389 21.500030518
-0.054205202 0.047552422 -0.997396886 -30.374473572 0.007284569 0.998857677 0.047226176 0.819369674 0.998503268 -0.004705701 -0.054489680 21.445514679
-0.060830537 0.045798246 -0.997096837 -31.396959305 0.006375553 0.998944342 0.045494139 0.857272267 0.998127818 -0.003589611 -0.061058305 21.366582870
-0.067626178 0.047966681 -0.996556938 -32.451965332 0.006497579 0.998843610 0.047635820 0.899984419 0.997689545 -0.003253779 -0.067859635 21.294513702
-0.073749498 0.052495185 -0.995894194 -33.518726349 0.004727286 0.998620808 0.052288845 0.943886936 0.997265577 -0.000851601 -0.073895946 21.204002380
-0.080076836 0.055721924 -0.995229959 -34.592609406 0.002221221 0.998443723 0.055723134 0.983903050 0.996786237 0.002251507 -0.080076002 21.112842560
-0.084668040 0.057777222 -0.994732678 -35.665172577 -0.001245580 0.998310506 0.058091056 1.033069253 0.996408463 0.006157474 -0.084453017 21.009902954
-0.087602951 0.059052117 -0.994403541 -36.740211487 -0.005430823 0.998198271 0.059755888 1.083879113 0.996140659 0.010635220 -0.087124385 20.910017014
-0.089305550 0.060134035 -0.994187236 -37.813594818 -0.009921371 0.998072505 0.061260242 1.137695670 0.995954871 0.015334578 -0.088536792 20.800922394
-0.090391822 0.059799973 -0.994109273 -38.893051147 -0.010903835 0.998076379 0.061030068 1.186100006 0.995846570 0.016356222 -0.089565895 20.688224792
-0.091906354 0.059067320 -0.994014144 -39.974601746 -0.011365303 0.998111844 0.060361654 1.235180616 0.995702803 0.016844891 -0.091061503 20.582021713
-0.092892468 0.058203574 -0.993973434 -41.051948547 -0.012240669 0.998147786 0.059591949 1.287527442 0.995600820 0.017702546 -0.092007942 20.477756500
-0.093908697 0.057302672 -0.993930399 -42.143535614 -0.014534816 0.998156905 0.058919631 1.338785410 0.995474637 0.019979663 -0.092902742 20.365322113
-0.094275452 0.054848261 -0.994034111 -43.220397949 -0.019062046 0.998198688 0.056885920 1.385435581 0.995363653 0.024311272 -0.093060113 20.246246338
-0.094573937 0.050129019 -0.994255006 -44.307659149 -0.023923628 0.998328567 0.052610032 1.430197597 0.995230377 0.028761718 -0.093216598 20.134931564
-0.093719088 0.049436022 -0.994370520 -45.420188904 -0.025698433 0.998313665 0.052054118 1.472718716 0.995266974 0.030432234 -0.092290618 20.019489288
-0.092213511 0.053540420 -0.994298816 -46.530906677 -0.026759112 0.998059511 0.056224618 1.518432260 0.995379627 0.031791225 -0.090601884 19.913070679
-0.090082496 0.056856018 -0.994310021 -47.625030518 -0.026952609 0.997864306 0.059501112 1.560220718 0.995569527 0.032159258 -0.088357694 19.805845261
-0.088989377 0.056402948 -0.994434416 -48.750030518 -0.024778185 0.997961044 0.058820315 1.614147902 0.995724320 0.029874660 -0.087410361 19.709522247
-0.086376391 0.055501822 -0.994715393 -49.857448578 -0.024739262 0.998019636 0.057834428 1.664841771 0.995955408 0.029604057 -0.084832266 19.607448578
-0.082464159 0.055709567 -0.995035648 -50.992591858 -0.029124267 0.997875214 0.058282230 1.722981334 0.996168375 0.033785876 -0.080666445 19.507682800
-0.076728567 0.056505956 -0.995449483 -52.114124298 -0.034143962 0.997658253 0.059263125 1.774740338 0.996467233 0.038535766 -0.074619539 19.406303406
-0.070369333 0.056210402 -0.995935977 -53.236404419 -0.038117852 0.997530282 0.058993664 1.824386001 0.996792436 0.042114288 -0.068052910 19.306127548
-0.064978570 0.055201638 -0.996358633 -54.391456604 -0.039513841 0.997543335 0.057844210 1.882699847 0.997103989 0.043128602 -0.062637731 19.231369019
-0.059623662 0.054308634 -0.996742487 -55.525276184 -0.039059483 0.997627318 0.056693323 1.936044335 0.997456431 0.042312510 -0.057360940 19.166347504
-0.053924911 0.053883865 -0.997090101 -56.671123505 -0.037721094 0.997720242 0.055957958 1.989008188 0.997832358 0.040628854 -0.051769413 19.092668533
-0.048488539 0.054706421 -0.997324467 -57.810779572 -0.036471531 0.997736037 0.056502193 2.035984993 0.998157680 0.039113663 -0.046383530 19.035259247
-0.042244282 0.056283381 -0.997520745 -58.966255188 -0.035747863 0.997687519 0.057806700 2.085681438 0.998467565 0.038101237 -0.040134594 18.975620270
-0.036902811 0.057778209 -0.997647166 -60.118675232 -0.036018394 0.997601509 0.059107896 2.133199215 0.998669565 0.038114890 -0.034733225 18.931423187
-0.032015804 0.056911502 -0.997865617 -61.265064240 -0.035522915 0.997681975 0.058040742 2.182606936 0.998855889 0.037305322 -0.029919934 18.898275375
-0.027074512 0.052419990 -0.998257995 -62.414493561 -0.035744954 0.997934699 0.053372487 2.232207775 0.998994052 0.037127718 -0.025144847 18.858024597
-0.022551211 0.046985783 -0.998640954 -63.571392059 -0.036050361 0.998207152 0.047779448 2.275223732 0.999095440 0.037078857 -0.020816926 18.830665588
-0.018945333 0.046557348 -0.998735905 -64.731468201 -0.035806451 0.998242795 0.047213584 2.315539360 0.999179125 0.036655672 -0.017244991 18.806715012
-0.015183657 0.048921496 -0.998687267 -65.896522522 -0.035161994 0.998158514 0.049430184 2.354284763 0.999266267 0.035866365 -0.013435518 18.771831512
-0.013630630 0.049041443 -0.998703718 -67.080619812 -0.034750804 0.998169899 0.049489528 2.386453867 0.999303043 0.035380334 -0.011901456 18.762386322
-0.012650952 0.048524790 -0.998741806 -68.253120422 -0.036525629 0.998132765 0.048957858 2.435192347 0.999252617 0.037099045 -0.010854933 18.739919662
-0.011428609 0.049567029 -0.998705387 -69.409507751 -0.037857555 0.998033106 0.049966883 2.474529743 0.999217749 0.038379602 -0.009529646 18.720535278
-0.010804102 0.049374577 -0.998721838 -70.597831726 -0.038346838 0.998025179 0.049754955 2.513511658 0.999206066 0.038835380 -0.008889404 18.704732895
-0.009754050 0.047019672 -0.998846352 -71.769363403 -0.038724482 0.998126805 0.047363956 2.558090210 0.999202311 0.039141793 -0.007914964 18.688442230
-0.008639825 0.045440190 -0.998929620 -72.951469421 -0.037300680 0.998257041 0.045732204 2.603738308 0.999266744 0.037655875 -0.006929817 18.668317795
-0.008796358 0.045866136 -0.998908877 -74.147674561 -0.033653554 0.998367965 0.046137653 2.628483772 0.999394834 0.034022670 -0.007238443 18.664709091
-0.008475911 0.046246789 -0.998894095 -75.331741333 -0.031574022 0.998419523 0.046492733 2.671684504 0.999465466 0.031933177 -0.007002316 18.652088165
-0.008481521 0.049701765 -0.998728096 -76.523162842 -0.030747740 0.998278916 0.049940519 2.700230598 0.999491215 0.031132206 -0.006938707 18.641206741
-0.007364344 0.053306602 -0.998551011 -77.704162598 -0.033198465 0.998014629 0.053522807 2.742180347 0.999421597 0.033544522 -0.005580027 18.614055634
-0.007049602 0.053349175 -0.998551011 -78.888404846 -0.035535023 0.997931719 0.053566966 2.782397747 0.999343574 0.035861157 -0.005139258 18.599227905
-0.006561533 0.051147237 -0.998669565 -80.065429688 -0.036699608 0.998005867 0.051354382 2.826478481 0.999304771 0.036987744 -0.004671365 18.584640503
-0.005902817 0.048624851 -0.998799622 -81.252304077 -0.036695942 0.998133779 0.048809305 2.868702888 0.999309063 0.036940008 -0.004107465 18.561407089
-0.006703493 0.048524424 -0.998799622 -82.429176331 -0.034020741 0.998232603 0.048725221 2.902973175 0.999398589 0.034306526 -0.005040807 18.562372208
-0.006317628 0.049583558 -0.998750031 -83.603332520 -0.032826580 0.998221397 0.049764961 2.947868824 0.999441147 0.033099942 -0.004678732 18.551094055
-0.005641225 0.052243005 -0.998618424 -84.784263611 -0.031471502 0.998130381 0.052395254 2.991313457 0.999488711 0.031723596 -0.003986511 18.532115936
-0.005985749 0.055025823 -0.998466909 -85.951164246 -0.032755081 0.997938275 0.055193048 3.022031546 0.999445498 0.033035237 -0.004171033 18.529491425
-0.005604263 0.055045117 -0.998468101 -87.116416931 -0.034174751 0.997889996 0.055205062 3.068061829 0.999400139 0.034431785 -0.003711286 18.513080597
-0.005808977 0.052818857 -0.998587191 -88.291557312 -0.033723511 0.998025715 0.052985333 3.112050533 0.999414265 0.033983648 -0.004016271 18.504346848
-0.004894792 0.051776931 -0.998646677 -89.460395813 -0.032969423 0.998107314 0.051910564 3.149409533 0.999444366 0.033178899 -0.003178472 18.489984512
-0.004838799 0.053012911 -0.998582125 -90.622879028 -0.031315330 0.998096049 0.053138845 3.189465761 0.999497831 0.031528052 -0.003169469 18.480442047
-0.004444262 0.055669423 -0.998439372 -91.796394348 -0.029278077 0.998014033 0.055776019 3.238335609 0.999561429 0.029480269 -0.002805542 18.465791702
-0.004565264 0.058205556 -0.998294175 -92.945335388 -0.027132390 0.997929811 0.058308393 3.278639317 0.999621451 0.027352298 -0.002976557 18.470180511
-0.004465524 0.059983190 -0.998189449 -94.112373352 -0.027707975 0.997808635 0.060084268 3.326514721 0.999606073 0.027926117 -0.002793726 18.462871552
-0.003655669 0.061795153 -0.998082161 -95.277465820 -0.030763961 0.997609437 0.061878566 3.380015135 0.999520004 0.030931169 -0.001745866 18.440551758
-0.003189370 0.061346523 -0.998111427 -96.433364868 -0.032755446 0.997574508 0.061418183 3.422988653 0.999458432 0.032889467 -0.001172201 18.432868958
-0.003295816 0.056994155 -0.998369038 -97.584999084 -0.035132777 0.997751594 0.057074882 3.476583481 0.999377191 0.035263591 -0.001286043 18.418420792
-0.002513949 0.055180814 -0.998473287 -98.743415833 -0.036448650 0.997807801 0.055235822 3.526878595 0.999332428 0.036531854 -0.000497172 18.401496887
-0.002570771 0.053794641 -0.998548687 -99.914527893 -0.036150131 0.997894347 0.053852454 3.563275337 0.999342978 0.036236111 -0.000620675 18.403802872
-0.002558967 0.053994965 -0.998537898 -101.075859070 -0.034722436 0.997934282 0.054051302 3.610290766 0.999393642 0.034809988 -0.000678844 18.406635284
-0.002590523 0.056271445 -0.998412073 -102.228851318 -0.035001524 0.997798622 0.056327686 3.654603720 0.999383926 0.035091858 -0.000615233 18.393354416
-0.002438419 0.058343213 -0.998293579 -103.393554688 -0.034043435 0.997713029 0.058392439 3.700976372 0.999417424 0.034127720 -0.000446640 18.387971878
-0.003159509 0.057189260 -0.998358369 -104.554389954 -0.038008180 0.997635007 0.057268109 3.753900766 0.999272406 0.038126718 -0.000978377 18.375862122
-0.003316246 0.058540031 -0.998279572 -105.721717834 -0.041476034 0.997417986 0.058627278 3.804656744 0.999133945 0.041599095 -0.000879675 18.363536835
-0.003479032 0.057829659 -0.998320401 -106.897178650 -0.045129597 0.997300208 0.057927832 3.855739594 0.998975098 0.045255329 -0.000859810 18.341499329
-0.003857119 0.053557467 -0.998557270 -108.074165344 -0.045998525 0.997498155 0.053678341 3.909833193 0.998934090 0.046139196 -0.001383905 18.336475372
-0.004242105 0.049982902 -0.998741031 -109.251670837 -0.045647260 0.997699201 0.050124649 3.948889732 0.998948634 0.045802422 -0.001950762 18.320222855
-0.005284366 0.049014740 -0.998784125 -110.447113037 -0.042220883 0.997896373 0.049194567 3.995405912 0.999094307 0.042429511 -0.003203804 18.312013626
-0.005788519 0.048678871 -0.998797715 -111.621955872 -0.037988864 0.998082876 0.048864182 4.029225349 0.999261379 0.038226038 -0.003928166 18.314605713
-0.005863309 0.050261423 -0.998718917 -112.831642151 -0.036833543 0.998047531 0.050443869 4.080219269 0.999304116 0.037082128 -0.004000555 18.298170090
-0.007148148 0.054428555 -0.998492122 -114.075630188 -0.036254436 0.997847140 0.054652937 4.116106033 0.999316990 0.036590435 -0.005159482 18.293441772
-0.007376202 0.054636929 -0.998479068 -115.289611816 -0.034590226 0.997894704 0.054860480 4.174669743 0.999374330 0.034942277 -0.005470769 18.277959824
-0.008642267 0.049995013 -0.998712122 -116.507896423 -0.034387458 0.998143733 0.050264142 4.226098537 0.999371171 0.034777563 -0.006907023 18.269546509
-0.008981820 0.046402775 -0.998882473 -117.740829468 -0.034747705 0.998304904 0.046688400 4.268047333 0.999355733 0.035128217 -0.007354205 18.245647430
-0.009405272 0.044933032 -0.998945653 -118.993583679 -0.033847868 0.998403132 0.045227308 4.313504219 0.999382734 0.034237564 -0.007869365 18.233957291
-0.010222565 0.045930088 -0.998892367 -120.234985352 -0.035873763 0.998284698 0.046269272 4.360296249 0.999304056 0.036307026 -0.008557346 18.214103699
-0.010160245 0.051228505 -0.998635292 -121.496871948 -0.040707733 0.997837722 0.051601764 4.396828651 0.999119341 0.041176468 -0.008052880 18.180522919
-0.010599212 0.054203473 -0.998473585 -122.753570557 -0.045973506 0.997447371 0.054635789 4.446476460 0.998886347 0.046482429 -0.008080232 18.153135300
-0.010512466 0.053910870 -0.998490334 -124.014617920 -0.053264365 0.997097671 0.054396458 4.500847816 0.998524964 0.053755801 -0.007610428 18.121562958
-0.009874183 0.051725265 -0.998612523 -125.271606445 -0.056578372 0.997032464 0.052202858 4.552072525 0.998349309 0.057015330 -0.006918350 18.086994171
-0.010903623 0.050409213 -0.998669088 -126.523056030 -0.059224237 0.996942580 0.050968684 4.602863312 0.998185158 0.059701160 -0.007884840 18.071643829
-0.011851590 0.049527083 -0.998702466 -127.786102295 -0.058936380 0.997001648 0.050142128 4.645852089 0.998191357 0.059454180 -0.008897106 18.054487228
-0.011823569 0.049179036 -0.998719990 -129.079650879 -0.057182796 0.997121990 0.049777318 4.689480782 0.998293698 0.057698149 -0.008977348 18.029373169
-0.012389389 0.049900088 -0.998677373 -130.330856323 -0.057070129 0.997090697 0.050528802 4.731976032 0.998293281 0.057620663 -0.009505538 18.012519836
-0.013048242 0.054880004 -0.998407722 -131.596374512 -0.057086501 0.996823192 0.055538982 4.777839661 0.998283923 0.057720289 -0.009873886 17.990921021
-0.013536520 0.059168003 -0.998156250 -132.877029419 -0.056361631 0.996615529 0.059841018 4.828218460 0.998318672 0.057067744 -0.010155901 17.967271805
-0.013317635 0.057895277 -0.998233914 -134.128982544 -0.056333609 0.996693313 0.058557484 4.878139973 0.998323262 0.057013970 -0.010012148 17.934585571
-0.012732051 0.056125287 -0.998342574 -135.386917114 -0.056154881 0.996807635 0.056755152 4.934098244 0.998340905 0.056784425 -0.009539699 17.922687531
-0.011036764 0.055408407 -0.998402715 -136.638946533 -0.055159062 0.996909559 0.055935290 4.987832069 0.998416543 0.055688307 -0.007946381 17.896142960
-0.010510687 0.054630484 -0.998451293 -137.889114380 -0.055611726 0.996929109 0.055132627 5.033788681 0.998397171 0.056105081 -0.007440314 17.881715775
-0.009695413 0.057087962 -0.998322010 -139.140045166 -0.055748336 0.996785343 0.057541493 5.079211235 0.998397768 0.056212682 -0.006481687 17.867010117
-0.009240766 0.060305074 -0.998137176 -140.387649536 -0.056749173 0.996539474 0.060733922 5.138298988 0.998345673 0.057204694 -0.005786526 17.850543976
-0.007880373 0.061522510 -0.998074532 -141.639144897 -0.058371324 0.996375322 0.061878644 5.191079140 0.998263776 0.058746561 -0.004260658 17.830026627
-0.006404291 0.058920193 -0.998242021 -142.898529053 -0.060468774 0.996412992 0.059200164 5.241172314 0.998149514 0.060741622 -0.002818487 17.812358856
-0.006554872 0.055861689 -0.998416960 -144.142715454 -0.058918510 0.996682346 0.056151446 5.293277740 0.998241365 0.059193309 -0.003241838 17.803844452
-0.006327165 0.054408655 -0.998498678 -145.389175415 -0.056228738 0.996919513 0.054678906 5.338216782 0.998397887 0.056490283 -0.003248346 17.797172546
-0.006981985 0.053616390 -0.998537183 -146.617996216 -0.054286946 0.997068703 0.053917117 5.384584904 0.998501003 0.054583974 -0.004050849 17.790267944
-0.006874593 0.054517854 -0.998489141 -147.850494385 -0.052312084 0.997125864 0.054803587 5.422034740 0.998607159 0.052609794 -0.004002892 17.778537750
-0.006986935 0.052811295 -0.998579979 -149.097824097 -0.050413158 0.997316003 0.053097174 5.478688240 0.998704016 0.050712559 -0.004305798 17.766756058
-0.006789788 0.052630577 -0.998590946 -150.339141846 -0.049451306 0.997374475 0.052902706 5.529493332 0.998753548 0.049740825 -0.004169311 17.752393723
-0.007155358 0.055364829 -0.998440504 -151.571258545 -0.047605079 0.997315109 0.055643581 5.577468395 0.998840570 0.047928993 -0.004500501 17.743621826
-0.007262798 0.056706186 -0.998364508 -152.799407959 -0.044999298 0.997361004 0.056976534 5.628604889 0.998960614 0.045339514 -0.004691892 17.736087799
-0.007053636 0.055285718 -0.998445690 -154.027404785 -0.042930029 0.997533262 0.055538487 5.677109718 0.999053180 0.043255053 -0.004662818 17.718185425
-0.008142188 0.055737663 -0.998412251 -155.262557983 -0.043535151 0.997478843 0.056040596 5.723340034 0.999018729 0.043922320 -0.005695112 17.710264206
-0.008095742 0.060418271 -0.998140275 -156.491104126 -0.044242758 0.997173905 0.060718622 5.776108742 0.998988032 0.044652056 -0.005399792 17.696699142
-0.007606625 0.067141756 -0.997714520 -157.722045898 -0.049439438 0.996497929 0.067436814 5.827641487 0.998748124 0.049839415 -0.004260535 17.680393219
-0.006315420 0.067163743 -0.997722089 -158.966369629 -0.053921320 0.996267438 0.067407146 5.886064529 0.998525202 0.054224182 -0.002670290 17.657749176
-0.005099233 0.062985376 -0.998001337 -160.194061279 -0.057771299 0.996328950 0.063175008 5.949584961 0.998316824 0.057977978 -0.001441767 17.637050629
-0.003191220 0.058115952 -0.998304844 -161.414840698 -0.059588801 0.996524751 0.058202822 5.995186806 0.998217881 0.059673522 0.000282930 17.622102737
-0.002865960 0.056795087 -0.998381793 -162.635131836 -0.062134199 0.996446669 0.056863364 6.044954300 0.998063684 0.062196624 0.000673140 17.613555908
-0.001292678 0.053417340 -0.998571455 -163.843444824 -0.057446700 0.996919215 0.053403325 6.088202477 0.998347700 0.057433672 0.001779954 17.616493225
-0.000993140 0.048818797 -0.998807132 -165.056701660 -0.054549605 0.997317851 0.048800245 6.137234688 0.998510540 0.054533001 0.001672570 17.607700348
-0.001372511 0.045277692 -0.998973489 -166.290390015 -0.048414197 0.997799993 0.045291014 6.180018425 0.998826325 0.048426658 0.000822592 17.610458374
-0.002612662 0.048234515 -0.998832643 -167.521667480 -0.046318382 0.997758150 0.048303779 6.223642349 0.998923302 0.046390507 -0.000372660 17.608293533
-0.001958374 0.054565176 -0.998508334 -168.751007080 -0.046933267 0.997404873 0.054596927 6.267991066 0.998896122 0.046970181 0.000607630 17.600013733
-0.000079723 0.057960428 -0.998318851 -169.973571777 -0.048145726 0.997160912 0.057897046 6.311308384 0.998840332 0.048069395 0.002711050 17.591228485
0.001584970 0.054426808 -0.998516500 -171.186172485 -0.048996806 0.997322738 0.054283962 6.362030506 0.998797715 0.048838079 0.004247467 17.585515976
0.002135571 0.054954484 -0.998486519 -172.407455444 -0.051250722 0.997182608 0.054773107 6.409489632 0.998683453 0.051056191 0.004946011 17.585588455
0.003435741 0.055876259 -0.998431802 -173.616638184 -0.050110918 0.997192919 0.055634487 6.455525875 0.998737752 0.049841184 0.006226107 17.579439163
0.003814062 0.053686824 -0.998550594 -174.822036743 -0.049640276 0.997336924 0.053431973 6.504232407 0.998759866 0.049364530 0.006468932 17.584497452
0.006026687 0.052018769 -0.998627901 -176.027404785 -0.050456960 0.997389734 0.051649764 6.549784660 0.998708069 0.050076455 0.008635665 17.576986313
0.007045377 0.054016788 -0.998515129 -177.190979004 -0.051212408 0.997249007 0.053586949 6.587837219 0.998663068 0.050758831 0.009792326 17.591918945
0.008867752 0.055930883 -0.998395264 -178.309097290 -0.051550545 0.997132480 0.055402260 6.620380402 0.998631001 0.050976541 0.011725590 17.583892822
0.009388498 0.057157598 -0.998320997 -179.398101807 -0.052418176 0.997020543 0.056590185 6.656764984 0.998581111 0.051798861 0.012356624 17.588417053
0.009668466 0.058771167 -0.998224676 -180.488113403 -0.052800480 0.996908665 0.058182281 6.684556007 0.998558283 0.052144207 0.012741723 17.587877274
0.009243044 0.059566557 -0.998181581 -181.540328979 -0.051925331 0.996905982 0.059009612 6.723837376 0.998608291 0.051285475 0.012307459 17.600091934
0.010188552 0.058774151 -0.998219311 -182.565414429 -0.052557964 0.996922672 0.058161367 6.759487152 0.998565912 0.051871788 0.013246248 17.596740723
0.011424771 0.058902901 -0.998198390 -183.540390015 -0.053256106 0.996882439 0.058215715 6.789869308 0.998515546 0.052495047 0.014526092 17.607505798
0.012782746 0.059598584 -0.998140574 -184.504135132 -0.053940523 0.996809721 0.058828328 6.822982788 0.998462319 0.053088237 0.015956745 17.617610931
0.012666483 0.058125477 -0.998228967 -185.442092896 -0.052733842 0.996958554 0.057382379 6.853012085 0.998528242 0.051913608 0.015693139 17.620334625
0.009057555 0.054909047 -0.998450279 -186.378692627 -0.050207250 0.997256815 0.054387961 6.883877277 0.998697758 0.049636822 0.011789541 17.631774902
0.003905698 0.051253770 -0.998678029 -187.301284790 -0.050082751 0.997442365 0.050994489 6.915136337 0.998737454 0.049817372 0.006462638 17.634557724
-0.000773112 0.048334405 -0.998830855 -188.228927612 -0.051605094 0.997498393 0.048309870 6.945361614 0.998667300 0.051582109 0.001723122 17.621278763
-0.004500379 0.047594264 -0.998856723 -189.164077759 -0.053803436 0.997408390 0.047767676 6.975930691 0.998541415 0.053956892 -0.001927982 17.609325409
-0.007146435 0.048438359 -0.998800576 -190.081726074 -0.055718984 0.997255147 0.048762072 7.002093792 0.998420894 0.056000624 -0.004427882 17.588548660
-0.008956147 0.049887180 -0.998714626 -191.009765625 -0.054565914 0.997242272 0.050302953 7.035841942 0.998469949 0.054946303 -0.006209308 17.571781158
-0.011167787 0.051578328 -0.998606503 -191.927688599 -0.051056784 0.997336686 0.052083723 7.061463833 0.998633325 0.051567290 -0.008504621 17.577888489
-0.012466243 0.051798195 -0.998579800 -192.842864990 -0.049528111 0.997399569 0.052355282 7.095352650 0.998694956 0.050110444 -0.009868359 17.561840057
-0.013187729 0.050531719 -0.998635411 -193.746520996 -0.050130568 0.997432888 0.051132888 7.129787922 0.998655617 0.050736476 -0.010620691 17.541515350
-0.013943430 0.049522214 -0.998675644 -194.660766602 -0.051896118 0.997390807 0.050183062 7.155837536 0.998555183 0.052527118 -0.011337039 17.519645691
-0.014010907 0.049393743 -0.998681128 -195.574981689 -0.055352625 0.997209251 0.050097510 7.178159714 0.998368502 0.055981535 -0.011237732 17.503484726
-0.013534866 0.047285855 -0.998789668 -196.489318848 -0.058043603 0.997159660 0.047995247 7.212393761 0.998222291 0.058622964 -0.010751778 17.487905502
-0.012700617 0.045172863 -0.998898447 -197.402328491 -0.058026314 0.997262239 0.045836650 7.232903481 0.998234272 0.058544550 -0.010044630 17.473909378
-0.011937561 0.042812262 -0.999011874 -198.330947876 -0.058117714 0.997364283 0.043436132 7.258711815 0.998238385 0.058578804 -0.009417948 17.449617386
-0.010631265 0.042002499 -0.999061048 -199.238235474 -0.057623614 0.997431338 0.042547178 7.290442467 0.998281717 0.058021836 -0.008183621 17.434637070
-0.010870073 0.044804528 -0.998936594 -200.170578003 -0.055187751 0.997446120 0.045338206 7.316199780 0.998416841 0.055621892 -0.008369648 17.432559967
-0.010342377 0.046110731 -0.998882771 -201.111999512 -0.054599065 0.997420013 0.046608523 7.342741966 0.998454750 0.055020113 -0.007798088 17.414627075
-0.009592177 0.042464357 -0.999051929 -202.038940430 -0.049666703 0.997844517 0.042889901 7.370552063 0.998719752 0.050031018 -0.007462436 17.407590866
-0.009095297 0.039286297 -0.999186695 -202.975341797 -0.048096664 0.998054206 0.039679594 7.399718761 0.998801291 0.048418440 -0.007188059 17.395399094
-0.008966343 0.039831109 -0.999166131 -203.916641235 -0.052718557 0.997797906 0.040249649 7.429630280 0.998569131 0.053035501 -0.006846759 17.379981995
-0.007409124 0.043589700 -0.999021947 -204.864746094 -0.053521186 0.997600198 0.043924592 7.458398819 0.998539209 0.053794291 -0.005058371 17.366701126
-0.004981930 0.043192472 -0.999054372 -205.847778320 -0.051465910 0.997731745 0.043391932 7.490974426 0.998662293 0.051633425 -0.002747689 17.353502274
-0.002820902 0.044229325 -0.999017417 -206.809066772 -0.050314866 0.997749805 0.044315279 7.529328346 0.998729408 0.050390437 -0.000589161 17.348993301
-0.001332624 0.048554234 -0.998819768 -207.780105591 -0.051254734 0.997504473 0.048558682 7.566138744 0.998684704 0.051258944 0.001159335 17.344638824
0.000145735 0.052858908 -0.998601913 -208.783020020 -0.048496131 0.997427404 0.052789651 7.596559525 0.998823285 0.048420642 0.002708812 17.349653244
0.001438030 0.052995574 -0.998593688 -209.773391724 -0.048021037 0.997446358 0.052865531 7.640148163 0.998845279 0.047877487 0.003979260 17.347784042
0.003044219 0.053990960 -0.998536825 -210.788879395 -0.051355634 0.997232199 0.053763859 7.680684090 0.998675823 0.051116817 0.005808533 17.348812103
0.006484788 0.055921789 -0.998414099 -211.821868896 -0.054047577 0.996995211 0.055491291 7.722986698 0.998517215 0.053602014 0.009487741 17.342113495
0.009904966 0.056154773 -0.998372912 -212.849380493 -0.055147726 0.996932983 0.055526659 7.767868042 0.998429060 0.054508001 0.012971396 17.351375580
0.012612010 0.053505585 -0.998487949 -213.873245239 -0.057846017 0.996933997 0.052691665 7.808105469 0.998245776 0.057094000 0.015668428 17.355554581
