1.000000000 0.000000000 0.000000000 0.000000000 0.000000000 1.000000000 0.000000000 0.000000000 0.000000000 0.000000000 1.000000000 0.000000000
0.999933839 -0.002512862 0.011226792 0.015830355 0.002501666 0.999996364 0.001011122 -0.003898981 -0.011229292 -0.000982969 0.999936461 0.295658559
0.999829233 -0.004531971 0.017914535 0.026305147 0.004511646 0.999989152 0.001174761 -0.008629939 -0.017919663 -0.001093736 0.999838829 0.582294524
0.999778092 -0.007461700 0.019699262 0.039859198 0.007464081 0.999972165 -0.000047368 -0.012420001 -0.019698361 0.000194394 0.999805927 0.886598885
0.999815822 -0.008609463 0.017153611 0.050041419 0.008642263 0.999960959 -0.001838860 -0.009659562 -0.017137110 0.001986768 0.999851167 1.201168656
0.999883413 -0.011465335 0.010085102 0.054065283 0.011499335 0.999928355 -0.003319787 -0.011618435 -0.010046317 0.003435371 0.999943614 1.514791131
0.999912262 -0.013087114 -0.002010897 0.057244860 0.013075480 0.999898314 -0.005693011 -0.008277802 0.002085197 0.005666220 0.999981761 1.862906694
0.999750316 -0.012286479 -0.018664179 0.038641516 0.012174953 0.999907434 -0.006077117 -0.011211898 0.018737121 0.005848365 0.999807358 2.201922178
0.999229372 -0.007705807 -0.038484663 0.010878414 0.007490216 0.999955416 -0.005743063 -0.020710047 0.038527209 0.005450378 0.999242723 2.541247368
0.998307168 -0.004259994 -0.058004789 -0.034437671 0.003849824 0.999966919 -0.007181237 -0.022133743 0.058033466 0.006945772 0.998290479 2.896711349
0.996899486 -0.004057772 -0.078581810 -0.072881311 0.003463198 0.999964297 -0.007701116 -0.025831284 0.078610271 0.007405092 0.996877968 3.262248993
0.994994223 -0.005473973 -0.099782862 -0.119135171 0.004751021 0.999960780 -0.007481452 -0.024522455 0.099819899 0.006969931 0.994981170 3.634441614
0.992893338 -0.007138972 -0.118794292 -0.185841471 0.006449251 0.999960065 -0.006189435 -0.037168097 0.118833750 0.005379313 0.992899597 4.013860703
0.990585983 -0.005928911 -0.136763915 -0.256794930 0.005187930 0.999969900 -0.005773754 -0.040925454 0.136794016 0.005009878 0.990586877 4.412046432
0.988242388 -0.004732899 -0.152821988 -0.329066157 0.004002919 0.999979079 -0.005083989 -0.047833439 0.152842864 0.004412480 0.988240659 4.819532394
0.986121476 -0.003753387 -0.165982977 -0.415744036 0.002944946 0.999982595 -0.005116473 -0.055410914 0.165999278 0.004556654 0.986115277 5.239421368
0.983940423 -0.005569906 -0.178410366 -0.500494301 0.004540313 0.999970615 -0.006178705 -0.059799917 0.178439572 0.005269438 0.983936787 5.673461914
0.982107639 -0.009348308 -0.188088655 -0.590571105 0.007933768 0.999934375 -0.008272058 -0.069373399 0.188153654 0.006631800 0.982117176 6.124607563
0.980550408 -0.008422792 -0.196086422 -0.687641799 0.006590793 0.999928355 -0.009993473 -0.078993224 0.196156591 0.008506741 0.980535686 6.578668118
0.979067862 -0.007882476 -0.203381404 -0.794337213 0.005600309 0.999914765 -0.011794198 -0.084369078 0.203457028 0.010408323 0.979028523 7.045595169
0.977376640 -0.008707665 -0.211327434 -0.906460762 0.005715873 0.999874711 -0.014763885 -0.092771091 0.211429507 0.013221955 0.977303743 7.527223587
0.975636303 -0.012552505 -0.219034702 -1.022701740 0.009152408 0.999821424 -0.016530922 -0.103385925 0.219203070 0.014123470 0.975576997 8.023910522
0.973607540 -0.019105539 -0.227427512 -1.129714251 0.015398529 0.999718308 -0.018063033 -0.112432294 0.227708548 0.014084257 0.973627448 8.542112350
0.971607625 -0.019624772 -0.235782415 -1.254966021 0.015370083 0.999684393 -0.019869549 -0.135617167 0.236097887 0.015681408 0.971602857 9.047568321
0.969491959 -0.015632633 -0.244624108 -1.404451013 0.009899192 0.999647141 -0.024649784 -0.142551750 0.244923115 0.021476185 0.969304562 9.574155807
0.967357635 -0.012411556 -0.253110856 -1.564245343 0.005611872 0.999604166 -0.027568763 -0.160926014 0.253352851 0.025248425 0.967044473 10.117327690
0.964927852 -0.015155810 -0.262077451 -1.716938853 0.007582750 0.999524653 -0.029883537 -0.176338345 0.262405783 0.026848186 0.964583993 10.692848206
0.962587059 -0.018296119 -0.270354301 -1.872199297 0.010178942 0.999455333 -0.031395957 -0.201125830 0.270781428 0.027469425 0.962248862 11.253207207
0.960383952 -0.017808618 -0.278110653 -2.049565554 0.008794959 0.999395847 -0.033624467 -0.225368619 0.278541446 0.029846424 0.959960341 11.825742722
0.958139241 -0.016744575 -0.285812765 -2.243966818 0.006315330 0.999281466 -0.037372641 -0.251439810 0.286233157 0.034003183 0.957556546 12.419849396
0.955837905 -0.017159801 -0.293392897 -2.434316635 0.004856221 0.999079883 -0.042612668 -0.280239373 0.293854177 0.039306019 0.955041826 13.020494461
0.953873456 -0.019378856 -0.299582690 -2.621976852 0.004589366 0.998739064 -0.049992040 -0.316099286 0.300173700 0.046311181 0.952759683 13.632065773
0.952470601 -0.020126920 -0.303964823 -2.826714516 0.002518497 0.998301208 -0.058210466 -0.351220489 0.304620028 0.054678231 0.950903237 14.252823830
0.951198578 -0.019826096 -0.307942271 -3.041247845 -0.000861395 0.997759402 -0.066899002 -0.393068492 0.308578610 0.063899487 0.949050069 14.868015289
0.949992180 -0.019432679 -0.311668575 -3.268955231 -0.004333354 0.997145355 -0.075380914 -0.444796503 0.312243670 0.072961837 0.947196066 15.509137154
0.948855162 -0.018782910 -0.315152884 -3.504220486 -0.007624879 0.996574163 -0.082351983 -0.498510659 0.315620065 0.080543093 0.945461154 16.152790070
0.947071314 -0.016811512 -0.320582986 -3.734544992 -0.012416936 0.995962262 -0.088910997 -0.561292112 0.320783228 0.088185713 0.943038285 16.816467285
0.945553660 -0.015801081 -0.325082481 -3.983807802 -0.015963081 0.995367169 -0.094812326 -0.627026200 0.325074583 0.094839454 0.940920770 17.486839294
0.943963289 -0.014285587 -0.329741269 -4.241619110 -0.020005198 0.994749546 -0.100365803 -0.695944071 0.329443723 0.101338170 0.938721120 18.163238525
0.942160606 -0.011534057 -0.334963173 -4.497086525 -0.024474446 0.994371891 -0.103080004 -0.774577737 0.334266901 0.105315946 0.936575770 18.858711243
0.940530956 -0.010317704 -0.339551032 -4.768734932 -0.026829731 0.994160295 -0.104525186 -0.851478457 0.338646680 0.107419260 0.934761763 19.555477142
0.938084245 -0.009942771 -0.346264511 -5.031964302 -0.027860798 0.994184136 -0.104026616 -0.930052519 0.345284969 0.107232936 0.932351470 20.280471802
0.935863078 -0.010065840 -0.352220148 -5.306222916 -0.027614214 0.994422615 -0.101790950 -1.019181609 0.351280183 0.104988672 0.930365324 20.978349686
0.933444560 -0.010285978 -0.358574271 -5.597115040 -0.027397929 0.994624794 -0.099854141 -1.099724293 0.357673973 0.103032492 0.928145289 21.694364548
0.930126429 -0.009245950 -0.367123038 -5.884353638 -0.028472912 0.994858205 -0.097193070 -1.177868485 0.366133988 0.100854918 0.925080597 22.417631149
0.926771581 -0.007432212 -0.375551850 -6.195156574 -0.029108647 0.995376587 -0.091531716 -1.255448461 0.374495894 0.095760815 0.922270417 23.155874252
0.923306108 -0.003755948 -0.384046525 -6.520197392 -0.031809635 0.995768726 -0.086213738 -1.337681770 0.382745326 0.091818050 0.919279873 23.903308868
0.919598162 0.000013377 -0.392860323 -6.850020409 -0.035093170 0.996005177 -0.082111351 -1.415065169 0.391289771 0.089296155 0.915925026 24.657552719
0.915854037 0.001302093 -0.401509374 -7.197359085 -0.036684405 0.996083558 -0.080447882 -1.488795519 0.399832100 0.088407636 0.912314832 25.403253555
0.911896646 0.000910551 -0.410418898 -7.543363571 -0.036881577 0.996133447 -0.079735987 -1.557966948 0.408759415 0.087847888 0.908404350 26.143659592
0.908056915 0.001310186 -0.418844610 -7.910534859 -0.037635099 0.996205211 -0.078476846 -1.628603220 0.417152375 0.087024704 0.904660463 26.917032242
0.904026568 0.001821007 -0.427472591 -8.294361115 -0.038367413 0.996300578 -0.076895885 -1.696324825 0.425751239 0.085916929 0.900752068 27.706792831
0.900231659 0.001181446 -0.435409635 -8.658561707 -0.037252646 0.996538579 -0.074317716 -1.773086786 0.433814704 0.083123341 0.897159517 28.451499939
0.896545589 0.001400828 -0.442949265 -9.058717728 -0.036242887 0.996874034 -0.070204288 -1.841303110 0.441466242 0.078995109 0.893793762 29.241687775
0.892632365 0.003725014 -0.450769961 -9.469885826 -0.036705881 0.997245848 -0.064445503 -1.909157515 0.449288517 0.074072056 0.890310705 30.035697937
0.888851523 0.003888985 -0.458178729 -9.895264626 -0.035417944 0.997555196 -0.060242474 -1.972610474 0.456824332 0.069774367 0.886816263 30.843212128
0.885293961 0.002888821 -0.465022951 -10.331481934 -0.033961304 0.997712076 -0.058456302 -2.033567667 0.463790238 0.067543797 0.883366585 31.648550034
0.881719947 0.002035016 -0.471768826 -10.763225555 -0.033020321 0.997804463 -0.057409756 -2.095004797 0.470616251 0.066197284 0.879851222 32.474514008
0.878543973 0.002664790 -0.477654040 -11.221557617 -0.033229008 0.997902751 -0.055550553 -2.151578188 0.476504296 0.064675577 0.876789927 33.303962708
0.875498414 0.000560952 -0.483220667 -11.680408478 -0.030547002 0.998063505 -0.054186389 -2.205696344 0.482254565 0.062201045 0.873820126 34.133926392
0.873006403 -0.000116523 -0.487708718 -12.187337875 -0.030035598 0.998089015 -0.054002661 -2.268615723 0.486783028 0.061793290 0.871334553 34.987579346
0.870585561 -0.002165076 -0.492012262 -12.635519028 -0.028418111 0.998099625 -0.054676186 -2.321041346 0.491195649 0.061582360 0.868869603 35.823875427
0.869150758 -0.001776384 -0.494543970 -13.135717392 -0.029240977 0.998059392 -0.054975394 -2.380507946 0.493681967 0.062242858 0.867412150 36.688766479
0.868750274 -0.001743521 -0.495247215 -13.640101433 -0.028893378 0.998112023 -0.054197893 -2.439424276 0.494406760 0.061393805 0.867059827 37.552650452
0.868464351 -0.001614972 -0.495749027 -14.148595810 -0.028297732 0.998202682 -0.052824385 -2.496888161 0.494943410 0.059904672 0.866857827 38.438343048
0.868353546 -0.002589705 -0.495938927 -14.674074173 -0.026738431 0.998287439 -0.052029960 -2.561888456 0.495224386 0.058441024 0.866797268 39.321575165
0.867582142 -0.004770206 -0.497271031 -15.195129395 -0.024689404 0.998307645 -0.052651804 -2.623794079 0.496680707 0.057957090 0.865996122 40.230098724
0.866554081 -0.007190680 -0.499031425 -15.728598595 -0.022232475 0.998347461 -0.052991528 -2.687108517 0.498587787 0.057014726 0.864962161 41.141269684
0.864862084 -0.007621052 -0.501951754 -16.271160126 -0.021085376 0.998450994 -0.051489398 -2.743250132 0.501566529 0.055115070 0.863361597 42.079345703
0.862843812 -0.007046503 -0.505421698 -16.808586121 -0.019612581 0.998683095 -0.047405604 -2.805155754 0.505090237 0.050816242 0.861569285 42.979339600
0.860043645 -0.007015763 -0.510172307 -17.358863831 -0.017565921 0.998905599 -0.043349169 -2.866327524 0.509918034 0.046243824 0.858979046 43.900894165
0.855969787 -0.007613059 -0.516969860 -17.923498154 -0.015917933 0.999029577 -0.041068032 -2.933350801 0.516780794 0.043382093 0.855017900 44.818050385
0.850705922 -0.011043703 -0.525525928 -18.487916946 -0.014042997 0.998944938 -0.043724775 -2.987427950 0.525454402 0.044576891 0.849653184 45.723434448
0.844574571 -0.014859480 -0.535231709 -19.048549652 -0.012106689 0.998829305 -0.046834074 -3.046713829 0.535301089 0.046034750 0.843405902 46.617004395
0.838467419 -0.014807495 -0.544750571 -19.633577347 -0.012235036 0.998867333 -0.045983259 -3.106485128 0.544814408 0.045220502 0.837336481 47.506202698
0.832653642 -0.011015852 -0.553684473 -20.232835770 -0.013959993 0.999066949 -0.040870599 -3.167454720 0.553618073 0.041760478 0.831722975 48.395988464
0.827526629 -0.006318506 -0.561390877 -20.841957092 -0.017146474 0.999185801 -0.036520947 -3.223455191 0.561164498 0.039847925 0.826744556 49.274845123
0.823523998 -0.005852446 -0.567251086 -21.461353302 -0.018956074 0.999104500 -0.037828021 -3.277644634 0.566964388 0.041905146 0.822675645 50.146400452
0.819954753 -0.008569306 -0.572364211 -22.075229645 -0.018947419 0.998933852 -0.042099405 -3.336321354 0.572114646 0.045364432 0.818918109 51.034767151
0.817087233 -0.010697152 -0.576414704 -22.704505920 -0.021604085 0.998557448 -0.049155824 -3.394593239 0.576109052 0.052617505 0.815677464 51.901447296
0.813739121 -0.011620604 -0.581114173 -23.331525803 -0.022053156 0.998462915 -0.050847601 -3.452775002 0.580811739 0.054192085 0.812232196 52.776546478
0.810445964 -0.010001346 -0.585727990 -23.968551636 -0.021383714 0.998682797 -0.046640277 -3.518451929 0.585422993 0.050324470 0.809164643 53.636886597
0.807329953 -0.007434975 -0.590053499 -24.606798172 -0.021143574 0.998914063 -0.041516136 -3.576715946 0.589721322 0.045993071 0.806296051 54.499664307
0.804457545 -0.005104329 -0.593988240 -25.247524261 -0.022310980 0.998997867 -0.038801190 -3.628466606 0.593591034 0.044466365 0.803537428 55.346385956
0.801322103 -0.004884275 -0.598213315 -25.899421692 -0.023501711 0.998937726 -0.039637245 -3.677467108 0.597771466 0.045821227 0.800355971 56.207996368
0.797819614 -0.006270597 -0.602863610 -26.559501648 -0.023071136 0.998896003 -0.040921826 -3.735936403 0.602454662 0.046556983 0.796794057 57.073669434
0.793515384 -0.009145399 -0.608481407 -27.205408096 -0.021927385 0.998808086 -0.043607283 -3.795319080 0.608154893 0.047945451 0.792369068 57.920642853
0.789351523 -0.010257837 -0.613855898 -27.874465942 -0.021068841 0.998818934 -0.043782979 -3.855843544 0.613579988 0.047493394 0.788203001 58.769805908
0.784861267 -0.010332845 -0.619585335 -28.553100586 -0.020678261 0.998867333 -0.042852376 -3.914005280 0.619326413 0.046445113 0.783758581 59.612091064
0.779970765 -0.009878152 -0.625738025 -29.245906830 -0.020926772 0.998904586 -0.041853942 -3.979957342 0.625465989 0.045739528 0.778909564 60.464241028
0.774610639 -0.011144312 -0.632340133 -29.924177170 -0.020852407 0.998851061 -0.043147679 -4.031765938 0.632094502 0.046608467 0.773488224 61.283714294
0.769504070 -0.012629695 -0.638516963 -30.628873825 -0.020318959 0.998814166 -0.044243522 -4.089022636 0.638318539 0.047019579 0.768334806 62.117218018
0.763692558 -0.013743115 -0.645433724 -31.330734253 -0.019917483 0.998795867 -0.044834036 -4.152435780 0.645272672 0.047094844 0.762499332 62.950141907
0.757901549 -0.015911564 -0.652175009 -32.055828094 -0.018229242 0.998795569 -0.045552760 -4.220414639 0.652114213 0.046413146 0.756698549 63.791591644
0.751587987 -0.017666029 -0.659396350 -32.784671783 -0.017583275 0.998749554 -0.046799343 -4.279217720 0.659398496 0.046768159 0.750337422 64.627738953
0.745679915 -0.018889574 -0.666036367 -33.545036316 -0.016403768 0.998774648 -0.046691731 -4.349618912 0.666102290 0.045742597 0.744456470 65.449249268
0.739148200 -0.018784709 -0.673280895 -34.298370361 -0.015446297 0.998875320 -0.044826295 -4.413980484 0.673365772 0.043532968 0.738026798 66.278732300
0.732867360 -0.019136328 -0.680102408 -35.071746826 -0.015113879 0.998899817 -0.044392928 -4.468677521 0.680203736 0.042813111 0.731771827 67.093208313
0.726192236 -0.020743268 -0.687178671 -35.828075409 -0.013793545 0.998903930 -0.044729695 -4.536807060 0.687353373 0.041960988 0.725110114 67.896903992
0.719484508 -0.023406452 -0.694113970 -36.613456726 -0.012501836 0.998833418 -0.046640791 -4.595314980 0.694395959 0.042235021 0.718352556 68.719589233
0.713783562 -0.022810601 -0.699994862 -37.417865753 -0.013857155 0.998813808 -0.046678279 -4.655130863 0.700229287 0.043018125 0.712620795 69.514541626
0.708240032 -0.021911222 -0.705631554 -38.232540131 -0.014479339 0.998857141 -0.045549303 -4.720844269 0.705823243 0.042476922 0.707113266 70.320030212
0.703181386 -0.021802239 -0.710676193 -39.044586182 -0.014906762 0.998857975 -0.045392685 -4.781258106 0.710854292 0.042513166 0.702053308 71.119659424
0.698350549 -0.022090696 -0.715414762 -39.871795654 -0.016431447 0.998765349 -0.046879563 -4.839034081 0.715567172 0.044493668 0.697125316 71.916152954
0.693262219 -0.024151385 -0.720280647 -40.712356567 -0.016593331 0.998638451 -0.049455766 -4.914384365 0.720494390 0.046237666 0.691917598 72.711639404
0.688465893 -0.027238932 -0.724757016 -41.559871674 -0.015070860 0.998541415 -0.051844940 -4.979411602 0.725112081 0.046616178 0.687051356 73.500831604
0.683245480 -0.027359266 -0.729676008 -42.415687561 -0.015972016 0.998498797 -0.052394491 -5.052956104 0.730014026 0.047452696 0.681782842 74.296821594
0.678148746 -0.026777824 -0.734436691 -43.289344788 -0.016163634 0.998550773 -0.051332366 -5.120911598 0.734746873 0.046682145 0.676733136 75.098892212
0.673152864 -0.026860379 -0.739015281 -44.165786743 -0.015408866 0.998613656 -0.050331395 -5.190799713 0.739342690 0.045268115 0.671805859 75.885665894
0.667671025 -0.028261095 -0.743919790 -45.043601990 -0.014618894 0.998588800 -0.051056344 -5.262039185 0.744312763 0.044964127 0.666315675 76.676956177
0.663050950 -0.029449649 -0.747994781 -45.919326782 -0.013529377 0.998591185 -0.051308952 -5.329865932 0.748452008 0.044140354 0.661718428 77.446685791
0.658656299 -0.030018140 -0.751844883 -46.830043793 -0.012846309 0.998609662 -0.051124509 -5.403929710 0.752334297 0.043331914 0.657354832 78.229797363
0.654204011 -0.030747803 -0.755692959 -47.724285126 -0.011478051 0.998654544 -0.050570033 -5.479516029 0.756231189 0.041756991 0.652970731 79.011169434
0.650580287 -0.033884704 -0.758681059 -48.650611877 -0.008544556 0.998614311 -0.051927842 -5.553272247 0.759389400 0.040265821 0.649389386 79.792594910
0.646397769 -0.038279846 -0.762039661 -49.558280945 -0.005968782 0.998456419 -0.055218872 -5.624196053 0.762977302 0.040241800 0.645171523 80.552856445
0.641927123 -0.042563319 -0.765583277 -50.485633850 -0.002221981 0.998350680 -0.057367321 -5.691871643 0.766762435 0.038526747 0.640773714 81.320800781
0.634912729 -0.045994923 -0.771213531 -51.416908264 0.002570895 0.998346508 -0.057424542 -5.768529415 0.772579610 0.034476861 0.633981168 82.099266052
0.626890481 -0.049770623 -0.777516067 -52.351966858 0.007749370 0.998306453 -0.057655811 -5.855315208 0.779068887 0.030118618 0.626214445 82.846817017
0.617978632 -0.050608326 -0.784564435 -53.307907104 0.010461617 0.998367012 -0.056159344 -5.937189579 0.786125362 0.026497459 0.617498875 83.591606140
0.609116137 -0.049045224 -0.791563094 -54.269851685 0.011001429 0.998512447 -0.053402092 -6.018661976 0.793004751 0.023819748 0.608749628 84.325584412
0.600407541 -0.049122594 -0.798184097 -55.251159668 0.010591089 0.998512566 -0.053484596 -6.095023632 0.799624145 0.023658914 0.600034595 85.053550720
0.590699077 -0.050454706 -0.805312932 -56.254226685 0.009900710 0.998421192 -0.055291191 -6.172711372 0.806831121 0.024687283 0.590265989 85.782943726
0.580915332 -0.052642368 -0.812259793 -57.255134583 0.010334305 0.998302996 -0.057308838 -6.254300117 0.813898385 0.024897451 0.580473661 86.478210449
0.571308553 -0.054461628 -0.818926394 -58.284320831 0.010673134 0.998204529 -0.058938380 -6.330597878 0.820665896 0.024931496 0.570864081 87.188339233
0.560673654 -0.054799486 -0.826221585 -59.315574646 0.013499876 0.998280048 -0.057050321 -6.423389912 0.827926874 0.020832727 0.560449064 87.907455444
0.550578415 -0.054996032 -0.832969904 -60.349082947 0.014709163 0.998311758 -0.056190066 -6.503215313 0.834653854 0.018684749 0.550457835 88.579788208
0.540577948 -0.055872329 -0.839436650 -61.409858704 0.014918213 0.998272002 -0.056837320 -6.582670212 0.841161728 0.018202100 0.540477276 89.248611450
0.530214727 -0.056637585 -0.845969558 -62.486755371 0.014577201 0.998227894 -0.057694938 -6.672884464 0.847738147 0.018258838 0.530100644 89.912475586
0.519451976 -0.057689752 -0.852550030 -63.549476624 0.014113099 0.998161495 -0.058943905 -6.753216267 0.854383051 0.018586395 0.519311190 90.580101013
0.509578168 -0.058550496 -0.858429968 -64.631462097 0.013685238 0.998107433 -0.059953619 -6.844663143 0.860315502 0.018803237 0.509414971 91.216751099
0.499675632 -0.058427863 -0.864239752 -65.724784851 0.012575136 0.998106718 -0.060207535 -6.932338238 0.866121113 0.019216314 0.499464422 91.847808838
0.491588265 -0.056527864 -0.868991256 -66.849929810 0.011696869 0.998229504 -0.058317915 -7.018436432 0.870749116 0.018503923 0.491379231 92.468414307
0.483416319 -0.055076677 -0.873656332 -67.965087891 0.012213781 0.998346031 -0.056179121 -7.102328300 0.875305414 0.016487259 0.483289480 93.086181641
0.476030260 -0.055189259 -0.877695501 -69.072792053 0.012044605 0.998344421 -0.056243073 -7.189545631 0.879346371 0.016201911 0.475906879 93.681716919
0.467904985 -0.058213938 -0.881859422 -70.174781799 0.014069637 0.998192430 -0.058428198 -7.277387142 0.883666754 0.014931403 0.467878282 94.274063110
0.460846961 -0.061474301 -0.885347962 -71.311393738 0.016992109 0.998026371 -0.060453303 -7.367930412 0.887316942 0.012815789 0.460981965 94.864364624
0.454840571 -0.064442568 -0.888238251 -72.442459106 0.018106954 0.997841477 -0.063122347 -7.463174820 0.890388787 0.012627310 0.455025643 95.439888000
0.449082464 -0.068246849 -0.890880048 -73.585090637 0.020378340 0.997601569 -0.066149883 -7.558659077 0.893257797 0.011552094 0.449396163 96.023788452
0.444362372 -0.069142736 -0.893175006 -74.721305847 0.023619814 0.997574747 -0.065473512 -7.663017750 0.895535707 0.007997337 0.444917858 96.586959839
0.440105051 -0.066668898 -0.895467877 -75.870025635 0.025224859 0.997764289 -0.061887488 -7.759336948 0.897591949 0.004648945 0.440802842 97.154090881
0.436253220 -0.065389127 -0.897444904 -77.004333496 0.028848715 0.997859895 -0.058681965 -7.853524208 0.899361312 -0.000289937 0.437205911 97.707015991
0.433095694 -0.064345345 -0.899048209 -78.153129578 0.029328987 0.997926474 -0.057293549 -7.943554401 0.900870681 -0.001554584 0.434084743 98.253585815
0.430074513 -0.064109646 -0.900514185 -79.278244019 0.031156249 0.997935236 -0.056165423 -8.033588409 0.902255595 -0.003901329 0.431183875 98.793090820
0.427916676 -0.063095249 -0.901613116 -80.420196533 0.032445461 0.997989774 -0.054440700 -8.125720978 0.903235614 -0.005957171 0.429103643 99.318801880
0.425109208 -0.062896557 -0.902954161 -81.536811829 0.035074908 0.997978151 -0.053002395 -8.202020645 0.904462218 -0.009139233 0.426455796 99.861297607
0.422265738 -0.064129971 -0.904200792 -82.674346924 0.038280636 0.997865975 -0.052895907 -8.283182144 0.905663431 -0.012277258 0.423819512 100.400611877
0.420117587 -0.064289220 -0.905189514 -83.758811951 0.039917145 0.997831106 -0.052342508 -8.367354393 0.906591296 -0.014142567 0.421772629 100.915321350
0.417572439 -0.063744009 -0.906404912 -84.865608215 0.043173574 0.997801423 -0.050281908 -8.443551064 0.907617390 -0.018136401 0.419406444 101.438507080
0.415697664 -0.063112423 -0.907310486 -85.972290039 0.045400467 0.997785747 -0.048604995 -8.525434494 0.908369005 -0.020987341 0.417642504 101.939109802
0.414005339 -0.064830877 -0.907962918 -87.068580627 0.047790948 0.997632921 -0.049442235 -8.600389481 0.909018993 -0.022923056 0.416123658 102.441864014
0.412524074 -0.065481558 -0.908590078 -88.144943237 0.049406763 0.997553229 -0.049461093 -8.688922882 0.909605861 -0.024486601 0.414750069 102.931785583
0.411913335 -0.066485964 -0.908794343 -89.209289551 0.049033165 0.997506797 -0.050751638 -8.768710136 0.909902930 -0.023655787 0.414146394 103.412651062
0.412585437 -0.066950925 -0.908455193 -90.258071899 0.048362788 0.997498751 -0.051548690 -8.852332115 0.909634233 -0.022667181 0.414791346 103.895370483
0.415027052 -0.067074083 -0.907333195 -91.298255920 0.046382662 0.997541785 -0.052526608 -8.928917885 0.908626020 -0.020284567 0.417117864 104.356933594
0.419195771 -0.067267671 -0.905400455 -92.331398010 0.044225730 0.997580469 -0.053640001 -9.006832123 0.906818092 -0.017556330 0.421156496 104.836029053
0.424157292 -0.067563012 -0.903064668 -93.372451782 0.042628121 0.997597158 -0.054613642 -9.090389252 0.904584706 -0.015331173 0.426018238 105.313766479
0.430142254 -0.067499898 -0.900234103 -94.390586853 0.042327967 0.997612000 -0.054576539 -9.171458244 0.901768208 -0.014629405 0.431972176 105.799118042
0.436512113 -0.066230290 -0.897257328 -95.394134521 0.041166130 0.997712553 -0.053618144 -9.248789787 0.898756087 -0.013531643 0.438240051 106.294479370
0.445208311 -0.064689808 -0.893087268 -96.409500122 0.039833434 0.997830391 -0.052419607 -9.325790405 0.894540548 -0.012237089 0.446819186 106.782455444
0.453764081 -0.064441524 -0.888788760 -97.381111145 0.039444160 0.997856736 -0.052211590 -9.400499344 0.890248418 -0.011365778 0.455333382 107.279113770
0.463558227 -0.064196639 -0.883737803 -98.368064880 0.038393389 0.997890472 -0.052349977 -9.469476700 0.885234237 -0.009662425 0.465045035 107.785110474
0.472898364 -0.064321637 -0.878766119 -99.338676453 0.037299708 0.997899294 -0.052969199 -9.553392410 0.880327165 -0.007728664 0.474304140 108.311218262
0.483142644 -0.066011533 -0.873049617 -100.295028687 0.036097925 0.997807741 -0.055468060 -9.626735687 0.874797165 -0.004716291 0.484466344 108.841323853
0.494688272 -0.067330629 -0.866458297 -101.251174927 0.034303065 0.997730136 -0.057946797 -9.695750237 0.868393242 -0.001056570 0.495875120 109.381164551
0.507578671 -0.065259270 -0.859130383 -102.200439453 0.032160837 0.997867644 -0.056796916 -9.777482986 0.861004949 0.001198551 0.508595169 109.926704407
0.520226955 -0.063429192 -0.851669312 -103.122436523 0.030833429 0.997982919 -0.055492051 -9.842974663 0.853471220 0.002608578 0.521133423 110.482513428
0.532588601 -0.059370767 -0.844289362 -104.056106567 0.029187134 0.998231649 -0.051784430 -9.943502426 0.845870852 0.002937417 0.533379674 111.060409546
0.544467270 -0.058925517 -0.836709738 -104.968887329 0.029523648 0.998257458 -0.051090822 -10.014041901 0.838262379 0.003114553 0.545258164 111.647476196
0.556115687 -0.058073234 -0.829073548 -105.859970093 0.028872723 0.998303533 -0.050560240 -10.099721909 0.830603182 0.004179728 0.556849003 112.242630005
0.567483723 -0.059992608 -0.821196079 -106.731796265 0.029827338 0.998185277 -0.052310534 -10.167669296 0.822844207 0.005191280 0.568243265 112.832733154
0.578233778 -0.061873905 -0.813521564 -107.583374023 0.032529719 0.998075783 -0.052789085 -10.240058899 0.815222383 0.004060793 0.579133809 113.441787720
0.589577079 -0.061336111 -0.805379868 -108.441894531 0.032693800 0.998107672 -0.052080415 -10.319883347 0.807050228 0.004374486 0.590466619 114.060714722
0.599483609 -0.058383569 -0.798254848 -109.263900757 0.031180395 0.998282433 -0.049597140 -10.392771721 0.799779475 0.004842772 0.600274384 114.684028625
0.609447598 -0.055799522 -0.790860415 -110.075103760 0.031200809 0.998435557 -0.046401318 -10.455250740 0.792212188 0.003603689 0.610235035 115.310638428
0.619407356 -0.054736394 -0.783159435 -110.870140076 0.030301295 0.998490036 -0.045820694 -10.515180588 0.784484863 0.004650927 0.620130539 115.934295654
0.629847229 -0.053753432 -0.774856806 -111.651962280 0.028657468 0.998531401 -0.045975804 -10.590066910 0.776190221 0.006752307 0.630462646 116.560661316
0.639501512 -0.053234994 -0.766944528 -112.420242310 0.026864154 0.998537898 -0.046910156 -10.652897835 0.768320382 0.009395800 0.639996529 117.191833496
0.648997009 -0.053889260 -0.758879960 -113.186958313 0.027010264 0.998491406 -0.047805160 -10.696113586 0.760311484 0.010527857 0.649473548 117.832267761
0.658540905 -0.051183760 -0.750802338 -113.929092407 0.026036559 0.998636663 -0.045242064 -10.766935349 0.752094507 0.010245441 0.658975720 118.480812073
0.666756332 -0.048622504 -0.743687928 -114.664405823 0.026236448 0.998782396 -0.041778244 -10.843212128 0.744813740 0.008344177 0.667220235 119.140426636
0.674891591 -0.048166156 -0.736343205 -115.376480103 0.026625233 0.998807192 -0.040931381 -10.900541306 0.737436354 0.008018932 0.675368905 119.795318604
0.682791770 -0.047123790 -0.729091763 -116.076606750 0.025165599 0.998842657 -0.040991247 -10.952831268 0.730179548 0.009640450 0.683187246 120.443275452
0.690283895 -0.046182409 -0.722063243 -116.769332886 0.024543259 0.998881102 -0.040424328 -11.005098343 0.723122239 0.010182478 0.690645039 121.096809387
0.697441697 -0.043535903 -0.715317905 -117.446182251 0.023777686 0.999009252 -0.037618555 -11.054862976 0.716246903 0.009228146 0.697785974 121.757629395
0.704912007 -0.040682498 -0.708127022 -118.111053467 0.022863770 0.999138236 -0.034641370 -11.107332230 0.708926082 0.008228668 0.705234706 122.414916992
0.712133884 -0.038998775 -0.700959623 -118.753242493 0.021716718 0.999201715 -0.033528943 -11.160341263 0.701707721 0.008654550 0.712412417 123.066345215
0.719612002 -0.038265903 -0.693321228 -119.389343262 0.021080505 0.999224067 -0.033269465 -11.205503464 0.694056392 0.009325541 0.719860256 123.728813171
0.727643549 -0.035205379 -0.685051441 -120.008392334 0.018477159 0.999325693 -0.031730250 -11.252941132 0.685706556 0.010430502 0.727803349 124.374122620
0.736765981 -0.032573983 -0.675362706 -120.612892151 0.017835882 0.999427617 -0.028746720 -11.293508530 0.675912559 0.009133914 0.736925304 125.028800964
0.746097744 -0.028385878 -0.665231049 -121.199409485 0.015548513 0.999561131 -0.025213355 -11.338258743 0.665654838 0.008468280 0.746211708 125.686668396
0.756272376 -0.026238261 -0.653730452 -121.771217346 0.013694108 0.999611497 -0.024278486 -11.375444412 0.654113531 0.009408894 0.756337821 126.341354370
0.766196787 -0.025505545 -0.642099619 -122.328506470 0.012170244 0.999608755 -0.025184194 -11.412364006 0.642490804 0.011481538 0.766207337 126.998252869
0.776108265 -0.026586974 -0.630038977 -122.865470886 0.012270617 0.999558330 -0.027064849 -11.445226669 0.630480349 0.013274285 0.776091695 127.659721375
0.786122262 -0.025463270 -0.617546320 -123.399032593 0.011703439 0.999585092 -0.026317656 -11.483407974 0.617960215 0.013461477 0.786094069 128.334808350
0.796318471 -0.023953263 -0.604403079 -123.918029785 0.011368943 0.999631822 -0.024637770 -11.515710831 0.604770720 0.012748085 0.796297550 129.019210815
0.806498706 -0.021526935 -0.590843856 -124.420692444 0.010821721 0.999707103 -0.021651955 -11.550248146 0.591136754 0.011068325 0.806495309 129.703811646
0.816226602 -0.019934250 -0.577387869 -124.917755127 0.010877753 0.999757648 -0.019139145 -11.582417488 0.577629447 0.009341193 0.816245615 130.395843506
0.825386047 -0.018550619 -0.564263940 -125.395919800 0.011459223 0.999804556 -0.016107203 -11.611873627 0.564452469 0.006828634 0.825437367 131.100845337
0.833652794 -0.017595353 -0.552008390 -125.865577698 0.011855192 0.999832153 -0.013965883 -11.640798569 0.552161396 0.005098530 0.833721578 131.794448853
0.840991795 -0.018015675 -0.540747762 -126.322158813 0.013379822 0.999832273 -0.012501824 -11.661914825 0.540882230 0.003278823 0.841091812 132.508193970
0.847404659 -0.017785145 -0.530649602 -126.763786316 0.013486332 0.999837339 -0.011973758 -11.682653427 0.530776143 0.002990102 0.847506702 133.228363037
0.854092002 -0.016879655 -0.519847929 -127.209060669 0.012399699 0.999849916 -0.012093232 -11.707734108 0.519974113 0.003882777 0.854173064 133.960998535
0.860796273 -0.014929468 -0.508730531 -127.644790649 0.010827941 0.999880552 -0.011021625 -11.729960442 0.508834362 0.003978871 0.860855222 134.692703247
0.867114544 -0.013804771 -0.497917563 -128.075775146 0.009855581 0.999895692 -0.010558806 -11.750308990 0.498011410 0.004248428 0.867160082 135.441925049
0.873007059 -0.014508815 -0.487491697 -128.492462158 0.010680989 0.999886394 -0.010631126 -11.774428368 0.487590581 0.004074156 0.873062909 136.187652588
0.877886534 -0.015624485 -0.478613853 -128.897384644 0.011536367 0.999867558 -0.011480640 -11.796203613 0.478729784 0.004557233 0.877950430 136.949218750
0.882529199 -0.016055768 -0.469983429 -129.316116333 0.011844087 0.999858856 -0.011916916 -11.816204071 0.470108449 0.004950503 0.882594764 137.715820312
0.885930538 -0.015502755 -0.463558704 -129.719192505 0.011568993 0.999868929 -0.011328446 -11.829243660 0.463673592 0.004673311 0.885993779 138.494796753
0.889148414 -0.013803618 -0.457410723 -130.119659424 0.011467780 0.999903083 -0.007882901 -11.850065231 0.457475245 0.001763584 0.889220595 139.272705078
0.892326951 -0.009673635 -0.451286048 -130.528076172 0.008955343 0.999952912 -0.003727315 -11.861776352 0.451300919 -0.000715437 0.892371476 140.072738647
0.895573437 -0.006879259 -0.444860786 -130.928680420 0.007331183 0.999972880 -0.000704630 -11.880611420 0.444853544 -0.002630307 0.895599484 140.879837036
0.898832560 -0.004115240 -0.438272804 -131.332519531 0.005311795 0.999984741 0.001504171 -11.889035225 0.438259900 -0.003680013 0.898840666 141.703918457
0.902045667 -0.002636808 -0.431632459 -131.733184814 0.004749415 0.999981463 0.003816742 -11.894555092 0.431614369 -0.005492878 0.902041554 142.539428711
0.905446708 -0.001144362 -0.424458444 -132.144439697 0.004333973 0.999969184 0.006549181 -11.898938179 0.424437821 -0.007769525 0.905423760 143.397933960
0.908974588 -0.001311409 -0.416849494 -132.543701172 0.005306874 0.999950469 0.008426230 -11.902925491 0.416817814 -0.009871397 0.908936501 144.263168335
0.912332654 -0.001571381 -0.409447014 -132.937500000 0.006003777 0.999936461 0.009540086 -11.903759003 0.409406096 -0.011161959 0.912284017 145.161102295
0.916094601 -0.001650407 -0.400958806 -133.341094971 0.006024969 0.999935210 0.009649724 -11.907419205 0.400916874 -0.011255822 0.916045427 146.065689087
0.919948161 -0.004459043 -0.392014563 -133.730133057 0.008651232 0.999922752 0.008928210 -11.903864861 0.391944438 -0.011604898 0.919915795 146.983169556
0.923936129 -0.006068185 -0.382498771 -134.110946655 0.009766933 0.999922395 0.007728934 -11.902622223 0.382422209 -0.010876879 0.923923671 147.912277222
0.928498507 -0.007047714 -0.371269047 -134.491577148 0.009907210 0.999934077 0.005795209 -11.907577515 0.371203750 -0.009059083 0.928507388 148.850662231
0.933821976 -0.005213982 -0.357699960 -134.867874146 0.007535581 0.999958634 0.005096800 -11.906086922 0.357658565 -0.007454981 0.933822751 149.817749023
0.939931870 -0.001482375 -0.341358840 -135.230041504 0.003785080 0.999974310 0.006079760 -11.906587601 0.341341078 -0.007006630 0.939913452 150.792755127
0.946291566 0.002399638 -0.323305488 -135.569030762 0.000655609 0.999956131 0.009340798 -11.917720795 0.323313624 -0.009051081 0.946248531 151.769378662
0.952953339 0.005620698 -0.303064704 -135.907577515 -0.002428334 0.999937475 0.010909408 -11.914710999 0.303107023 -0.009660216 0.952907443 152.791809082
0.959407032 0.006878074 -0.281941235 -136.220947266 -0.003713993 0.999924004 0.011755355 -11.916604996 0.282000661 -0.010231044 0.959359646 153.826171875
0.965443850 0.008753988 -0.260464281 -136.516342163 -0.005465783 0.999895930 0.013346058 -11.914478302 0.260554016 -0.011461227 0.965391219 154.884887695
0.971000612 0.009245723 -0.238898113 -136.777145386 -0.005604214 0.999857605 0.015917704 -11.908243179 0.239011288 -0.014117263 0.970914185 155.946029663
0.976116657 0.011926469 -0.216919124 -137.027450562 -0.007889991 0.999779284 0.019464802 -11.904506683 0.217103407 -0.017288428 0.975995541 157.033523560
0.980833352 0.013854800 -0.194355205 -137.261489868 -0.009421483 0.999674261 0.023716277 -11.895656586 0.194620505 -0.021430600 0.980644464 158.147888184
0.984995842 0.016091412 -0.171826154 -137.466445923 -0.011582456 0.999562502 0.027211819 -11.883170128 0.172188908 -0.024813358 0.984751403 159.273818970
0.988587618 0.017924586 -0.149576873 -137.646652222 -0.014046701 0.999538243 0.026942125 -11.865018845 0.149990737 -0.024533583 0.988382936 160.415298462
0.991642654 0.017045494 -0.127883568 -137.797622681 -0.013982317 0.999594331 0.024812547 -11.846551895 0.128254652 -0.022817073 0.991478741 161.573120117
0.994193971 0.017597951 -0.106153004 -137.961074829 -0.015172573 0.999606073 0.023612501 -11.817640305 0.106526703 -0.021864794 0.994069397 162.778976440
0.996186674 0.016566651 -0.085660361 -138.064956665 -0.014410430 0.999565125 0.025729164 -11.803567886 0.086049348 -0.024396649 0.995992124 163.966308594
0.997682095 0.016848223 -0.065926701 -138.152648926 -0.015079509 0.999515295 0.027234765 -11.784469604 0.066353597 -0.026177498 0.997452736 165.165924072
0.998804152 0.017831514 -0.045522995 -138.216079712 -0.016559806 0.999466240 0.028161353 -11.766082764 0.046000853 -0.027373822 0.998566270 166.382354736
0.999499857 0.019131480 -0.025179086 -138.249282837 -0.018405078 0.999416530 0.028771758 -11.745748520 0.025714841 -0.028293945 0.999268830 167.604064941
0.999796629 0.019633379 -0.004608311 -138.262512207 -0.019489760 0.999378383 0.029377125 -11.722839355 0.005182220 -0.029281331 0.999557793 168.842712402
0.999640465 0.021668820 0.015793333 -138.253570557 -0.022117259 0.999340713 0.028795425 -11.701065063 -0.015158955 -0.029134376 0.999460578 170.097656250
0.999084771 0.023169825 0.035955686 -138.220138550 -0.024166161 0.999328852 0.027527396 -11.677694321 -0.035293754 -0.028371112 0.998974144 171.371612549
0.998176992 0.023359714 0.055651307 -138.158233643 -0.024785815 0.999378264 0.025074681 -11.654306412 -0.055030961 -0.026408330 0.998135328 172.658615112
0.996905684 0.025460811 0.074368231 -138.063980103 -0.027197802 0.999378204 0.022437871 -11.638619423 -0.073750690 -0.024391096 0.996978402 173.947204590
0.995294690 0.025700320 0.093423560 -137.949752808 -0.027755652 0.999398947 0.020767510 -11.627742767 -0.092833698 -0.023262819 0.995409846 175.244155884
0.993336558 0.025815325 0.112321101 -137.809204102 -0.027948597 0.999456823 0.017459385 -11.612981796 -0.111809395 -0.020482261 0.993518591 176.553588867
0.991028666 0.026811272 0.130932376 -137.645706177 -0.028641950 0.999516189 0.012118424 -11.606395721 -0.130544156 -0.015759865 0.991317153 177.868011475
0.988453031 0.028663486 0.148791879 -137.458633423 -0.029819855 0.999539912 0.005546195 -11.609128952 -0.148564413 -0.009919104 0.988852978 179.192718506
0.985631287 0.030836089 0.166072562 -137.245330811 -0.031330943 0.999508977 0.000360107 -11.615269661 -0.165979892 -0.005558142 0.986113489 180.513809204
0.982428968 0.033078004 0.183682844 -137.006698608 -0.032930259 0.999450207 -0.003855451 -11.628467560 -0.183709353 -0.002261017 0.982978106 181.861022949
0.978837550 0.035312034 0.201568916 -136.746963501 -0.034666047 0.999376237 -0.006735085 -11.649776459 -0.201681003 -0.000395043 0.979451180 183.200607300
0.975178361 0.034506250 0.218715668 -136.451583862 -0.033889338 0.999403954 -0.006572647 -11.672852516 -0.218812078 -0.001002626 0.975766480 184.563293457
0.971280873 0.033676486 0.235540614 -136.131866455 -0.032900363 0.999432504 -0.007225422 -11.697980881 -0.235650286 -0.000731457 0.971837640 185.919708252
0.966953456 0.033726506 0.252712011 -135.783401489 -0.031625539 0.999423206 -0.012372270 -11.728906631 -0.252983451 0.003971255 0.967462540 187.276977539
0.962499261 0.035051927 0.269010127 -135.418914795 -0.031707823 0.999356508 -0.016767439 -11.758699417 -0.269424736 0.007608920 0.962991357 188.620208740
0.957665980 0.036992740 0.285494983 -135.018859863 -0.033556394 0.999293506 -0.016920770 -11.795964241 -0.285919249 0.006624266 0.958230793 189.997497559
0.952256560 0.039101265 0.302784622 -134.595840454 -0.035425417 0.999216795 -0.017624948 -11.835075378 -0.303236634 0.006057202 0.952896059 191.367614746
0.946366906 0.043070965 0.320209980 -134.152084351 -0.038449068 0.999045312 -0.020745492 -11.876187325 -0.320797741 0.007321074 0.947119415 192.748046875
0.940342188 0.043613367 0.337423325 -133.676406860 -0.037470013 0.998992383 -0.024701301 -11.924463272 -0.338160574 0.010584418 0.941028893 194.118927002
0.933907509 0.044666529 0.354713261 -133.170822144 -0.037520584 0.998930991 -0.027002145 -11.977898598 -0.355540186 0.011908453 0.934585154 195.496612549
0.927148640 0.045288850 0.371946961 -132.637603760 -0.035850540 0.998836398 -0.032255635 -12.040521622 -0.372975051 0.016571265 0.927693367 196.874420166
0.919142723 0.048635211 0.390911043 -132.077484131 -0.036519334 0.998595953 -0.038373053 -12.106331825 -0.392228574 0.020994499 0.919628203 198.251617432
0.909620881 0.052320890 0.412131459 -131.485900879 -0.038488124 0.998384416 -0.041799184 -12.182777405 -0.413652509 0.022159249 0.910165131 199.616577148
0.898447931 0.054910954 0.435632974 -130.862121582 -0.040046301 0.998261869 -0.043238204 -12.262646675 -0.437250048 0.021401785 0.899085402 200.963790894
