1.000000000 0.000000000 0.000000000 0.000000000 0.000000000 1.000000000 0.000000000 0.000000000 0.000000000 0.000000000 1.000000000 0.000000000
0.999933481 -0.002507639 0.011258597 0.015504565 0.002496687 0.999996424 0.000986746 -0.003740285 -0.011261031 -0.000958571 0.999936104 0.295491934
0.999828458 -0.004545192 0.017956149 0.025897531 0.004524620 0.999989033 0.001186171 -0.008702772 -0.017961344 -0.001104723 0.999838054 0.582672954
0.999776959 -0.007449488 0.019763084 0.038322773 0.007451660 0.999972224 -0.000036259 -0.012551950 -0.019762265 0.000183519 0.999804676 0.886617780
0.999814630 -0.008643747 0.017205382 0.049460389 0.008676315 0.999960721 -0.001819092 -0.009724034 -0.017188983 0.001968034 0.999850333 1.202129364
0.999884903 -0.011530530 0.009858197 0.058908444 0.011563556 0.999927700 -0.003299790 -0.011466438 -0.009819436 0.003413406 0.999945939 1.521790028
0.999913335 -0.013010155 -0.001971393 0.055520359 0.012999034 0.999900103 -0.005552351 -0.010364630 0.002043433 0.005526246 0.999982655 1.860737681
0.999752462 -0.012233750 -0.018582687 0.036515351 0.012123548 0.999908268 -0.006031441 -0.011419714 0.018654769 0.005804660 0.999809146 2.198360205
0.999248028 -0.007567949 -0.038025554 0.003299376 0.007352995 0.999956191 -0.005789546 -0.019079648 0.038067702 0.005505591 0.999260008 2.540417671
0.998312593 -0.004184388 -0.057917353 -0.037181754 0.003778892 0.999967575 -0.007109043 -0.022725232 0.057945229 0.006878183 0.998296022 2.892424822
0.996933818 -0.003860991 -0.078154191 -0.079402946 0.003290523 0.999966979 -0.007426737 -0.027924653 0.078180283 0.007146798 0.996913671 3.257034540
0.994985223 -0.005376346 -0.099877685 -0.118948475 0.004661033 0.999961853 -0.007393855 -0.025491774 0.099913619 0.006891244 0.994972169 3.634014845
0.992851257 -0.007406726 -0.119127952 -0.183343917 0.006737048 0.999959171 -0.006023244 -0.039583690 0.119167700 0.005177614 0.992860615 4.015827656
0.990547299 -0.006066096 -0.137036964 -0.253856093 0.005336974 0.999969602 -0.005687419 -0.041795179 0.137067303 0.004902295 0.990549624 4.413765907
0.988169134 -0.005035213 -0.153284952 -0.323755443 0.004365003 0.999979377 -0.004708531 -0.052207179 0.153305486 0.003983736 0.988170803 4.824502945
0.986008584 -0.004014587 -0.166645676 -0.411560684 0.003225312 0.999982238 -0.005006609 -0.057901088 0.166662812 0.004399075 0.986004114 5.243259430
0.983906627 -0.005548714 -0.178597242 -0.495378524 0.004542422 0.999971449 -0.006042854 -0.059986401 0.178625628 0.005134342 0.983903706 5.676178932
0.982146502 -0.009362779 -0.187884912 -0.589477181 0.007913235 0.999932885 -0.008463665 -0.065651178 0.187951520 0.006825781 0.982154608 6.125028133
0.980510235 -0.008450516 -0.196286038 -0.682531416 0.006563361 0.999925792 -0.010262805 -0.072893687 0.196358189 0.008774489 0.980492949 6.587971687
0.978975415 -0.008057272 -0.203819096 -0.790509820 0.005699052 0.999909937 -0.012154471 -0.077870578 0.203898668 0.010737353 0.978933036 7.060720444
0.977235615 -0.009189480 -0.211957917 -0.893473983 0.006234834 0.999873877 -0.014603932 -0.092751481 0.212065399 0.012949961 0.977169693 7.526995182
0.975413442 -0.013207853 -0.219986811 -1.003847599 0.009842161 0.999817252 -0.016388535 -0.101449244 0.220163092 0.013820453 0.975365222 8.027130127
0.973438799 -0.019729860 -0.228095666 -1.115473747 0.016080283 0.999711454 -0.017847754 -0.113763213 0.228381976 0.013705852 0.973475158 8.537226677
0.971383989 -0.020296980 -0.236645788 -1.241118908 0.016016956 0.999671757 -0.019994890 -0.130502000 0.236973941 0.015632376 0.971390247 9.053973198
0.969252229 -0.016369291 -0.245524228 -1.390762329 0.010619925 0.999637902 -0.024722520 -0.137533098 0.245840028 0.021354910 0.969075203 9.585067749
0.967186153 -0.013096844 -0.253731400 -1.553670764 0.006282460 0.999597967 -0.027648423 -0.157229573 0.253991485 0.025147114 0.966879547 10.122661591
0.964763403 -0.015853900 -0.262640685 -1.703842759 0.008447305 0.999534726 -0.029305724 -0.177897975 0.262983084 0.026054488 0.964448571 10.692231178
0.962390125 -0.018616581 -0.271032453 -1.867441893 0.010429063 0.999445617 -0.031617742 -0.197636604 0.271470815 0.027601993 0.962050796 11.259649277
0.960183978 -0.018107785 -0.278780788 -2.047683001 0.009044416 0.999388874 -0.033762790 -0.222230107 0.279221803 0.029897083 0.959761083 11.841451645
0.957842946 -0.017065454 -0.286784798 -2.238416433 0.006531089 0.999269664 -0.037649259 -0.249516711 0.287217855 0.034189060 0.957254946 12.423513412
0.955373943 -0.018465890 -0.294821322 -2.417882919 0.006162874 0.999072969 -0.042605199 -0.277323037 0.295334756 0.038886949 0.954602122 13.025717735
0.953621149 -0.019767782 -0.300359577 -2.616255522 0.004945843 0.998735547 -0.050027791 -0.311458737 0.300968736 0.046222027 0.952513278 13.632633209
0.952302217 -0.020288894 -0.304481387 -2.825288296 0.002575210 0.998286128 -0.058465775 -0.347356170 0.305145741 0.054892987 0.950722218 14.242013931
0.951027811 -0.020484347 -0.308425814 -3.033224106 -0.000216043 0.997757375 -0.066933028 -0.387145609 0.309105217 0.063721806 0.948890626 14.864413261
0.949653506 -0.019520875 -0.312693596 -3.255069017 -0.004521878 0.997099102 -0.075980015 -0.435456157 0.313269705 0.073568642 0.946810246 15.502196312
0.948356628 -0.019316813 -0.316617370 -3.482291698 -0.007411438 0.996522248 -0.082997091 -0.488160104 0.317119509 0.081057429 0.944915354 16.128925323
0.946775317 -0.017308380 -0.321429402 -3.716883421 -0.012146530 0.995921195 -0.089406297 -0.547143102 0.321665883 0.088551924 0.942703307 16.797292709
0.945136368 -0.016301218 -0.326268822 -3.962483406 -0.015749225 0.995319188 -0.095351055 -0.613092601 0.326295912 0.095258228 0.940455616 17.466203690
0.943590283 -0.014504642 -0.330797434 -4.214656353 -0.019958645 0.994732022 -0.100547992 -0.686794698 0.330513179 0.101478375 0.938329995 18.129480362
0.941650033 -0.011730799 -0.336388946 -4.458776474 -0.024648689 0.994305909 -0.103672981 -0.758240938 0.335689664 0.105915204 0.935999095 18.828792572
0.939882040 -0.011001936 -0.341322035 -4.728392601 -0.026595760 0.994087040 -0.105278194 -0.834679902 0.340462089 0.108026780 0.934031963 19.534261703
0.937685728 -0.010472655 -0.347326666 -5.002722740 -0.027535327 0.994163215 -0.104313947 -0.916990697 0.346391797 0.107377447 0.931924284 20.233715057
0.935302734 -0.010857584 -0.353681833 -5.267526150 -0.027322058 0.994329095 -0.102777123 -1.000161290 0.352792114 0.105791032 0.929702044 20.935569763
0.932817698 -0.011368693 -0.360169142 -5.557290554 -0.026851788 0.994530380 -0.100936830 -1.082119703 0.359346718 0.103826836 0.927410305 21.655502319
0.929483950 -0.010248870 -0.368720174 -5.845491886 -0.027935261 0.994787276 -0.098071180 -1.158658862 0.367803276 0.101455867 0.924352407 22.369173050
0.926091075 -0.008448413 -0.377205461 -6.156735897 -0.028427947 0.995345056 -0.092087626 -1.239940643 0.376227558 0.096004702 0.921539962 23.108266830
0.922599673 -0.004799659 -0.385728896 -6.486822128 -0.031184971 0.995721936 -0.086979143 -1.320393920 0.384496182 0.092275873 0.918503046 23.861982346
0.918953240 -0.001118733 -0.394364834 -6.819423676 -0.034545876 0.995923638 -0.083324410 -1.393411994 0.392850399 0.090194918 0.915168524 24.612592697
0.915136039 0.000645299 -0.403144926 -7.165708542 -0.036621664 0.995997310 -0.081536628 -1.467792034 0.401478738 0.089380935 0.911496460 25.354614258
0.911034703 -0.000472814 -0.412329435 -7.514325142 -0.036094576 0.996069014 -0.080892488 -1.537808895 0.410746872 0.088578731 0.907436371 26.117330551
0.907335579 0.000390071 -0.420406997 -7.889169693 -0.037419546 0.996105433 -0.079835817 -1.611119866 0.418738574 0.088169314 0.903816462 26.896389008
0.903404057 0.001876006 -0.428786099 -8.278879166 -0.039155357 0.996173382 -0.078137517 -1.682451248 0.426998675 0.087379038 0.900020540 27.671079636
0.899485588 0.001086485 -0.436949134 -8.661932945 -0.038094483 0.996384323 -0.075942211 -1.754012465 0.435286701 0.084954284 0.896274626 28.462289810
0.895669520 0.001234128 -0.444718510 -9.064815521 -0.036808666 0.996770680 -0.071367070 -1.830567241 0.443194300 0.080290802 0.892822623 29.243490219
0.891889334 0.003262861 -0.452241868 -9.471084595 -0.037098642 0.997131705 -0.065969966 -1.892086983 0.450729430 0.075615458 0.889452279 30.033933640
0.888075948 0.003456327 -0.459683746 -9.896641731 -0.035547227 0.997493863 -0.061174605 -1.965635538 0.458320320 0.070668183 0.885973215 30.834205627
0.884337783 0.003068805 -0.466837585 -10.323264122 -0.034956038 0.997606456 -0.059659891 -2.028035641 0.465537131 0.069078274 0.882328391 31.630455017
0.880807281 0.001971606 -0.473471105 -10.764631271 -0.033713445 0.997714281 -0.058563117 -2.083492994 0.472273439 0.067545153 0.878860354 32.459304810
0.877944291 0.002925794 -0.478754044 -11.227709770 -0.033855379 0.997857392 -0.055986159 -2.146714687 0.477564484 0.065361127 0.876162112 33.269733429
0.875012457 0.000778634 -0.484099656 -11.698236465 -0.031650882 0.997951090 -0.055604003 -2.199896812 0.483064443 0.063976385 0.873244345 34.091590881
0.872593999 0.000248544 -0.488446057 -12.201606750 -0.031342857 0.997967362 -0.055485249 -2.264930248 0.487439454 0.063725390 0.870828271 34.941040039
0.870106041 -0.001298029 -0.492862850 -12.654476166 -0.030214256 0.997975230 -0.055968925 -2.323904037 0.491937578 0.063590385 0.868305087 35.780006409
0.868564129 -0.000944823 -0.495575994 -13.155577660 -0.031081494 0.997925580 -0.056377087 -2.382300615 0.494601250 0.064370349 0.866733015 36.646835327
0.868178070 -0.000986430 -0.496251822 -13.654417038 -0.030612938 0.997987032 -0.055540193 -2.444859505 0.495307714 0.063410513 0.866400182 37.496620178
0.867897809 -0.000793588 -0.496742189 -14.164093971 -0.030068686 0.998081088 -0.054129910 -2.504347801 0.495831966 0.061915610 0.866208434 38.381847382
0.867662072 -0.001790674 -0.497151196 -14.677181244 -0.028612440 0.998156250 -0.053531598 -2.570554256 0.496330380 0.060672056 0.866011024 39.257717133
0.867022932 -0.004112638 -0.498251140 -15.201730728 -0.026451919 0.998175919 -0.054268938 -2.632262230 0.497565478 0.060232118 0.865332782 40.161472321
0.865800083 -0.006700082 -0.500345051 -15.730306625 -0.023841359 0.998222530 -0.054622352 -2.698236942 0.499821603 0.059220947 0.864101410 41.075870514
0.864008546 -0.007188962 -0.503425658 -16.270851135 -0.022476630 0.998350441 -0.052832242 -2.757456064 0.502975047 0.056962822 0.862421811 42.013771057
0.862022817 -0.006435451 -0.506828547 -16.818248749 -0.021328490 0.998573244 -0.048955251 -2.821137190 0.506420374 0.053010426 0.860655665 42.926242828
0.859283745 -0.006168954 -0.511462152 -17.369274139 -0.019484021 0.998806775 -0.044781208 -2.885687590 0.511128128 0.048445098 0.858138084 43.843280792
0.855189323 -0.006719958 -0.518272340 -17.935758591 -0.017950205 0.998932183 -0.042571448 -2.954742908 0.518005073 0.045709737 0.854155421 44.763652802
0.849849999 -0.010193168 -0.526926041 -18.499992371 -0.016027937 0.998850524 -0.045172937 -3.011350870 0.526780844 0.046835758 0.848709881 45.673305511
0.843701959 -0.014142923 -0.536625683 -19.065547943 -0.013988948 0.998734117 -0.048315831 -3.071620464 0.536629856 0.048270989 0.842435956 46.570400238
0.837533057 -0.014180142 -0.546202600 -19.652460098 -0.014096118 0.998769760 -0.047543995 -3.130770922 0.546204805 0.047519017 0.836302698 47.460865021
0.831595957 -0.010771816 -0.555276632 -20.251333237 -0.015344022 0.998984635 -0.042358898 -3.193149328 0.555169106 0.043745659 0.830586255 48.350646973
0.826675951 -0.005677352 -0.562649786 -20.865953445 -0.018980127 0.999098659 -0.037967939 -3.252198935 0.562358201 0.042066336 0.825823069 49.224220276
0.822745264 -0.005397039 -0.568384588 -21.484294891 -0.020465562 0.999025285 -0.039110355 -3.309278488 0.568041742 0.043810170 0.821832895 50.090209961
0.818790436 -0.008772528 -0.574025512 -22.095928192 -0.019728778 0.998862684 -0.043406241 -3.368263483 0.573753297 0.046865433 0.817686319 50.987503052
0.815920293 -0.011075408 -0.578058362 -22.725357056 -0.022464277 0.998454273 -0.050838031 -3.423895836 0.577727795 0.054465447 0.814410329 51.854518890
0.812420309 -0.012280486 -0.582942963 -23.355037689 -0.022268340 0.998395264 -0.052066889 -3.488868952 0.582646906 0.055281375 0.810843110 52.740436554
0.809109569 -0.010598877 -0.587562203 -23.994070053 -0.021557724 0.998628974 -0.047700323 -3.557497263 0.587262273 0.051261291 0.807771862 53.599815369
0.805897832 -0.008256226 -0.591997147 -24.628665924 -0.021306466 0.998850584 -0.042935293 -3.613907099 0.591671228 0.047214825 0.804795623 54.455410004
0.803103745 -0.005772398 -0.595811307 -25.275856018 -0.022362478 0.998956501 -0.039820943 -3.672175646 0.595419466 0.045304161 0.802136660 55.305564880
0.799875855 -0.005364515 -0.600141525 -25.930381775 -0.023849791 0.998885989 -0.040716086 -3.720101357 0.599691451 0.046881057 0.798856974 56.169769287
0.796482921 -0.006473598 -0.604626417 -26.595998764 -0.023785558 0.998833239 -0.042027336 -3.780118465 0.604193032 0.047855426 0.795399666 57.024211884
0.792124391 -0.009415284 -0.610287011 -27.254781723 -0.022855984 0.998722255 -0.045073938 -3.833106756 0.609931529 0.049652882 0.790897071 57.891464233
0.788442314 -0.010134925 -0.615025282 -27.917325974 -0.022586398 0.998712957 -0.045412693 -3.890211821 0.614693940 0.049696498 0.787198603 58.706703186
0.783708572 -0.010869591 -0.621033609 -28.582830429 -0.020803560 0.998826563 -0.043734767 -3.961123943 0.620780230 0.047195025 0.782562733 59.540878296
0.778732657 -0.010617542 -0.627266049 -29.267526627 -0.021057090 0.998851061 -0.043049015 -4.017886639 0.627002418 0.046732072 0.777614355 60.380023956
0.773280680 -0.011843089 -0.633953154 -29.963232040 -0.020839637 0.998810649 -0.044078793 -4.079310417 0.633721232 0.047296636 0.772114158 61.234230042
0.767882049 -0.013564936 -0.640447617 -30.657470703 -0.019589830 0.998810887 -0.044642970 -4.149361134 0.640291631 0.046826795 0.766703248 62.057716370
0.762225091 -0.014660803 -0.647146046 -31.365303040 -0.019193688 0.998791993 -0.045233998 -4.210182190 0.647027493 0.046899613 0.761022925 62.888305664
0.756552756 -0.016558737 -0.653723001 -32.089031219 -0.018338587 0.998748958 -0.046521425 -4.272501945 0.653675497 0.047184266 0.755302548 63.718959808
0.750558555 -0.018121460 -0.660555363 -32.819156647 -0.018320125 0.998669088 -0.048213474 -4.328362465 0.660549939 0.048288491 0.749227643 64.541435242
0.744248211 -0.019377617 -0.667621911 -33.575756073 -0.016872320 0.998714566 -0.047796369 -4.398951530 0.667689860 0.046836697 0.742964625 65.370529175
0.737938404 -0.019145707 -0.674596429 -34.335830688 -0.016138695 0.998810947 -0.046001289 -4.464755058 0.674675047 0.044833228 0.736751974 66.194671631
0.731355488 -0.019713867 -0.681711495 -35.101135254 -0.015277838 0.998857677 -0.045275569 -4.523803711 0.681825340 0.043527614 0.730218887 67.008644104
0.724888146 -0.021429727 -0.688533187 -35.860168457 -0.014140876 0.998842478 -0.045975234 -4.588850021 0.688721418 0.043063369 0.723746121 67.802818298
0.718058944 -0.023682091 -0.695579171 -36.646327972 -0.013285609 0.998772502 -0.047719751 -4.650034428 0.695855439 0.043506790 0.716862798 68.626014709
0.712371647 -0.022911847 -0.701428294 -37.452346802 -0.014756316 0.998756945 -0.047610488 -4.711906433 0.701647222 0.044266865 0.711148024 69.418678284
0.706406832 -0.022774342 -0.707439542 -38.269783020 -0.014464522 0.998808980 -0.046597708 -4.774293423 0.707658231 0.043149706 0.705236077 70.234413147
0.701336563 -0.022774547 -0.712466359 -39.084812164 -0.014889248 0.998803377 -0.046584193 -4.834519386 0.712674797 0.043279279 0.700158238 71.033531189
0.696411908 -0.023059338 -0.717271626 -39.914619446 -0.015975008 0.998737812 -0.047618534 -4.898938656 0.717464387 0.044620533 0.695164680 71.829254150
0.691323221 -0.025006467 -0.722112715 -40.739177704 -0.016262528 0.998609245 -0.050150555 -4.973716736 0.722362459 0.046413630 0.689955115 72.604797363
0.686326802 -0.028143117 -0.726748586 -41.580474854 -0.014715032 0.998509049 -0.052563552 -5.039164543 0.727144361 0.046769898 0.684889495 73.389595032
0.680931985 -0.028197406 -0.731803656 -42.448459625 -0.016033527 0.998444974 -0.053390410 -5.114170074 0.732171118 0.048088640 0.679421008 74.196586609
0.675940394 -0.027932307 -0.736426830 -43.310295105 -0.015328553 0.998532355 -0.051943392 -5.184736729 0.736796796 0.046398997 0.674520195 74.982360840
0.670953572 -0.027780792 -0.740978837 -44.194877625 -0.014822326 0.998595774 -0.050860941 -5.260492802 0.741351128 0.045108356 0.669599712 75.769119263
0.665812314 -0.029251995 -0.745545626 -45.074443817 -0.014082204 0.998560488 -0.051755380 -5.326866627 0.745986342 0.044958286 0.664442003 76.552032471
0.661130488 -0.029645905 -0.749684870 -45.976337433 -0.013709351 0.998574853 -0.051578104 -5.403141499 0.750145555 0.044377550 0.659781873 77.331291199
0.655961871 -0.030877722 -0.754162133 -46.859989166 -0.011924328 0.998614192 -0.051257998 -5.472605705 0.754699826 0.042616166 0.654684722 78.120613098
0.652605534 -0.031557679 -0.757040381 -47.788085938 -0.011279699 0.998617053 -0.051351581 -5.546435356 0.757613897 0.042051516 0.651346982 78.890106201
0.648719668 -0.034246430 -0.760256588 -48.691959381 -0.009083282 0.998567343 -0.052732021 -5.614709377 0.760973334 0.041113921 0.647479177 79.658470154
0.644279838 -0.038627602 -0.763813794 -49.616626740 -0.006187836 0.998427689 -0.055711962 -5.694676876 0.764764845 0.040620446 0.643027663 80.438186646
0.639849246 -0.043093815 -0.767291307 -50.534484863 -0.001798339 0.998339832 -0.057569966 -5.764843941 0.768498361 0.038215946 0.638709426 81.199287415
0.632697880 -0.046614643 -0.772994459 -51.460781097 0.003027981 0.998327971 -0.057724744 -5.843590260 0.774392843 0.034181707 0.631781042 81.970718384
0.624188721 -0.050445639 -0.779643297 -52.399135590 0.007933320 0.998271048 -0.058240134 -5.925814629 0.781233370 0.030167673 0.623509645 82.724464417
0.615246534 -0.051177505 -0.786671817 -53.355335236 0.010639186 0.998338699 -0.056626856 -6.008608818 0.788262963 0.026469929 0.614768922 83.466705322
0.606187165 -0.049517449 -0.793779016 -54.328857422 0.010898428 0.998483419 -0.053964462 -6.089231968 0.795247316 0.024061624 0.605807483 84.210823059
0.597256422 -0.049169034 -0.800541818 -55.305793762 0.010412059 0.998510301 -0.053560123 -6.174566269 0.801982760 0.023653835 0.596878648 84.928077698
0.588170171 -0.050855216 -0.807136595 -56.296115875 0.009417545 0.998383939 -0.056042455 -6.240534306 0.808682263 0.025361257 0.587698698 85.629188538
0.578349769 -0.053096306 -0.814059138 -57.302341461 0.009834381 0.998260856 -0.058123868 -6.320300579 0.815729618 0.025610154 0.577866256 86.341232300
0.568519711 -0.055135567 -0.820819914 -58.333339691 0.010181741 0.998146772 -0.059994742 -6.394726276 0.822606564 0.025750818 0.568027616 87.039871216
0.558104992 -0.055360053 -0.827921569 -59.340202332 0.013440529 0.998244107 -0.057688579 -6.493360996 0.829661489 0.021068580 0.557869077 87.723648071
0.548491716 -0.055332739 -0.834323168 -60.390285492 0.014322917 0.998283327 -0.056790642 -6.576372147 0.836033344 0.019199256 0.548342586 88.399375916
0.537475705 -0.056047741 -0.841414630 -61.442054749 0.014770123 0.998261511 -0.057060707 -6.663959503 0.843149841 0.018240949 0.537369072 89.086967468
0.526762962 -0.056770671 -0.848114252 -62.480590820 0.014386604 0.998219728 -0.057882853 -6.751448154 0.849890351 0.018289061 0.526641965 89.735671997
0.517085969 -0.057142884 -0.854023874 -63.555042267 0.012482116 0.998166263 -0.059229940 -6.833391190 0.855842412 0.019966939 0.516851068 90.375030518
0.506967604 -0.058082361 -0.860006034 -64.633728027 0.011907363 0.998103857 -0.060389794 -6.925830364 0.861882865 0.020375257 0.506697893 91.007637024
0.497353405 -0.058062196 -0.865602911 -65.731521606 0.010563240 0.998089194 -0.060879633 -7.009981632 0.867483735 0.021135122 0.497016400 91.632499695
0.488777459 -0.055948425 -0.870612621 -66.847099304 0.009686089 0.998228014 -0.058711462 -7.098399639 0.872354805 0.020264011 0.488453239 92.250747681
0.480216354 -0.054611232 -0.875448346 -67.961067200 0.010470744 0.998345673 -0.056534082 -7.182571888 0.877087593 0.017981997 0.479993761 92.876922607
0.472896129 -0.054621838 -0.879423499 -69.048171997 0.010226302 0.998349667 -0.056509424 -7.267941952 0.881058872 0.017729841 0.472674221 93.437301636
0.464822620 -0.058237240 -0.883486509 -70.179275513 0.012394655 0.998164654 -0.059275433 -7.350138664 0.885317087 0.016602052 0.464691341 94.039062500
0.458110034 -0.061236881 -0.886783659 -71.311889648 0.014809464 0.998011470 -0.061267197 -7.440790176 0.888772130 0.014934329 0.458105922 94.613861084
0.452011049 -0.064066648 -0.889708638 -72.430549622 0.016114684 0.997841120 -0.063666128 -7.535421848 0.891866684 0.014440425 0.452067673 95.187149048
0.446575433 -0.067361839 -0.892206669 -73.575370789 0.017995078 0.997636437 -0.066314735 -7.636634350 0.894565046 0.013559203 0.446732134 95.757232666
0.441542774 -0.068595514 -0.894614220 -74.714767456 0.021684214 0.997597873 -0.065789521 -7.740044117 0.896978140 0.009649877 0.441969573 96.323020935
0.437351704 -0.065915033 -0.896871567 -75.864753723 0.023282293 0.997805774 -0.061979726 -7.839032173 0.898989201 0.006225711 0.437926710 96.885002136
0.433294326 -0.064454287 -0.898944736 -77.001632690 0.026660748 0.997919619 -0.058700211 -7.934586525 0.900858164 0.001467924 0.434111267 97.436798096
0.430454820 -0.063722871 -0.900360048 -78.141799927 0.027038749 0.997967482 -0.057704028 -8.020162582 0.902207017 0.000494370 0.431302994 97.969749451
0.427252203 -0.063359268 -0.901909769 -79.270256042 0.029050276 0.997988462 -0.056347128 -8.112901688 0.903665721 -0.002126296 0.428233385 98.509475708
0.425280601 -0.062126443 -0.902926803 -80.412452698 0.030131381 0.998060107 -0.054480199 -8.207439423 0.904559791 -0.004037060 0.426327586 99.028839111
0.422440499 -0.061846286 -0.904278219 -81.519752502 0.032465965 0.998061657 -0.053093694 -8.285112381 0.905808985 -0.006929338 0.423629522 99.564918518
0.419513673 -0.063120469 -0.905551851 -82.661178589 0.035657141 0.997955501 -0.053042535 -8.365560532 0.907048464 -0.010037322 0.420906633 100.102432251
0.417174518 -0.063378438 -0.906613827 -83.756423950 0.037065782 0.997921944 -0.052705828 -8.446585655 0.908070207 -0.011616820 0.418656796 100.615081787
0.414645761 -0.062605724 -0.907826841 -84.862182617 0.040486649 0.997911870 -0.050326098 -8.526131630 0.909081757 -0.015887357 0.416314662 101.135612488
0.412705034 -0.062067259 -0.908747613 -85.969345093 0.042508300 0.997901082 -0.048851412 -8.606380463 0.909872293 -0.018468095 0.414477170 101.631057739
0.410784990 -0.063532874 -0.909515917 -87.065681458 0.045134947 0.997763097 -0.049311951 -8.684329033 0.910614431 -0.020794343 0.412733585 102.132148743
0.409528524 -0.064351365 -0.910024881 -88.134742737 0.046212099 0.997691810 -0.049754303 -8.769754410 0.911126137 -0.021678347 0.411557078 102.615287781
0.409113139 -0.065510005 -0.910129011 -89.204963684 0.045728348 0.997638166 -0.051253401 -8.847582817 0.911337137 -0.020650251 0.411142617 103.089881897
0.409570098 -0.066049263 -0.909884512 -90.250747681 0.045482200 0.997613788 -0.051944509 -8.930714607 0.911144137 -0.020108631 0.411596894 103.566207886
0.411889702 -0.065913945 -0.908846676 -91.296699524 0.042926457 0.997676671 -0.052902035 -9.009613991 0.910222054 -0.017223766 0.413762122 104.032501221
0.416340530 -0.065884881 -0.906818569 -92.331680298 0.040953763 0.997717679 -0.053686369 -9.090062141 0.908285975 -0.014785817 0.418088526 104.503852844
0.421716988 -0.066172659 -0.904309750 -93.374420166 0.039309014 0.997730017 -0.054677263 -9.172657967 0.905874968 -0.012489194 0.423360884 104.971435547
0.427225173 -0.066306047 -0.901710689 -94.389656067 0.039050020 0.997729897 -0.054865021 -9.254792213 0.903301477 -0.011772098 0.428844631 105.455574036
0.433680981 -0.065205783 -0.898704112 -95.394233704 0.038006824 0.997814298 -0.054056101 -9.331354141 0.900264502 -0.010713783 0.435211420 105.946205139
0.442507148 -0.063378319 -0.894522607 -96.408691406 0.036444161 0.997946262 -0.052677672 -9.410028458 0.896024108 -0.009289879 0.443908155 106.425811768
0.451263249 -0.063130833 -0.890155017 -97.383132935 0.036332689 0.997967184 -0.052358162 -9.487714767 0.891650856 -0.008714407 0.452639729 106.918045044
0.460883707 -0.062912457 -0.885227740 -98.370635986 0.035275798 0.997994423 -0.052560765 -9.556483269 0.886759162 -0.007002707 0.462178707 107.423225403
0.470164299 -0.063157678 -0.880316198 -99.341880798 0.033994764 0.997991920 -0.053444125 -9.638220787 0.881923914 -0.004798617 0.471367240 107.946304321
0.480867326 -0.064499304 -0.874417782 -100.316009521 0.032558914 0.997916341 -0.055703800 -9.710990906 0.876188636 -0.001683959 0.481965393 108.474647522
0.492560178 -0.065738097 -0.867792010 -101.272758484 0.030876745 0.997835338 -0.058063600 -9.782282829 0.869730473 0.001805222 0.493523657 109.009437561
0.505084693 -0.063761443 -0.860711336 -102.223968506 0.028757742 0.997957051 -0.057052892 -9.864175797 0.862590671 0.004064423 0.505886257 109.558624268
0.518167138 -0.060938828 -0.853105724 -103.165931702 0.026717789 0.998124957 -0.055069719 -9.939414978 0.854861975 0.005742218 0.518823743 110.110130310
0.530487180 -0.057341743 -0.845751226 -104.080276489 0.024948431 0.998333395 -0.052038170 -10.035728455 0.847325742 0.006505417 0.531033695 110.678054810
0.542178094 -0.056971669 -0.838329971 -104.992858887 0.025426731 0.998354256 -0.051402301 -10.106462479 0.839878857 0.006553213 0.542734385 111.264808655
0.553323627 -0.056363694 -0.831057191 -105.879058838 0.025142942 0.998383582 -0.050971702 -10.193773270 0.832586884 0.007308627 0.553846359 111.861785889
0.565398097 -0.058223210 -0.822760642 -106.763542175 0.025129952 0.998258293 -0.053373225 -10.254678726 0.824435234 0.009501182 0.565876484 112.442817688
0.576405764 -0.060282443 -0.814937115 -107.619384766 0.027825048 0.998144746 -0.054153997 -10.326346397 0.816689730 0.008539010 0.577013731 113.047065735
0.587283432 -0.059691936 -0.807177246 -108.475692749 0.027918592 0.998177290 -0.053503748 -10.407351494 0.808899641 0.008886611 0.587879479 113.668907166
0.597880125 -0.057043739 -0.799553156 -109.314201355 0.026546976 0.998326600 -0.051374152 -10.475121498 0.801145792 0.009489871 0.598393977 114.283248901
0.607719839 -0.054627407 -0.792270422 -110.125244141 0.026629120 0.998472095 -0.048418947 -10.537448883 0.793704927 0.008327693 0.608246028 114.908721924
0.617965221 -0.053302761 -0.784396410 -110.925048828 0.025837164 0.998537123 -0.047499340 -10.602785110 0.785780728 0.009086365 0.618438363 115.528587341
0.628309071 -0.052316427 -0.776202738 -111.717933655 0.024342841 0.998569846 -0.047599383 -10.682522774 0.777582884 0.011012153 0.628684044 116.162132263
0.637958229 -0.051984619 -0.768314362 -112.484970093 0.022757605 0.998555839 -0.048666459 -10.744945526 0.769734681 0.013562176 0.638219953 116.789909363
0.647279203 -0.052450705 -0.760446310 -113.253219604 0.022826668 0.998516083 -0.049441550 -10.793499947 0.761911154 0.014644037 0.647516072 117.433837891
0.656481087 -0.049295869 -0.752729893 -113.994651794 0.021760209 0.998684704 -0.046425506 -10.869069099 0.754028559 0.014097910 0.656690419 118.078178406
0.665107071 -0.047593515 -0.745229721 -114.720512390 0.022280619 0.998787344 -0.043901630 -10.929978371 0.746415555 0.012595105 0.665360987 118.727493286
0.673684061 -0.046761207 -0.737538576 -115.442794800 0.022432670 0.998830140 -0.042837039 -10.998197556 0.738678932 0.012313670 0.673944950 119.375839233
0.681335628 -0.046351314 -0.730502129 -116.139022827 0.021447806 0.998828709 -0.043372717 -11.046437263 0.731656849 0.013883711 0.681531727 120.017631531
0.688672662 -0.045390274 -0.723650336 -116.825973511 0.021129679 0.998871088 -0.042544872 -11.103517532 0.724764407 0.014008991 0.688854277 120.674324036
0.695990682 -0.042948745 -0.716765225 -117.514190674 0.020384947 0.998989105 -0.040065560 -11.150560379 0.717761397 0.013274035 0.696162641 121.335243225
0.703686595 -0.039878529 -0.709390581 -118.186691284 0.019112650 0.999124765 -0.037207030 -11.209705353 0.710253417 0.012623751 0.703832984 121.982498169
0.711069643 -0.038444169 -0.702069879 -118.836257935 0.018321829 0.999178112 -0.036156625 -11.262078285 0.702882886 0.012846670 0.711189568 122.640426636
0.718529344 -0.037948772 -0.694460571 -119.468490601 0.017910436 0.999188721 -0.036069456 -11.307959557 0.695265949 0.013478868 0.718626082 123.299835205
0.726729691 -0.034506395 -0.686056137 -120.097679138 0.014871880 0.999293923 -0.034507651 -11.355256081 0.686762393 0.014874791 0.726729631 123.946762085
0.735769987 -0.031762216 -0.676486135 -120.705543518 0.013918216 0.999397874 -0.031785544 -11.395575523 0.677088380 0.013971372 0.735768974 124.601753235
0.745266318 -0.027693152 -0.666191518 -121.291763306 0.012176253 0.999535739 -0.027928526 -11.446907997 0.666655719 0.012702476 0.745257556 125.253890991
0.755255342 -0.025805987 -0.654922426 -121.861633301 0.010422022 0.999571145 -0.027367564 -11.484701157 0.655347824 0.013843883 0.755200386 125.909286499
0.765370429 -0.024869176 -0.643109322 -122.421043396 0.009002795 0.999568999 -0.027939243 -11.527901649 0.643526852 0.015594091 0.765264571 126.562019348
0.775258720 -0.025890036 -0.631112933 -122.957626343 0.009022053 0.999511600 -0.029920103 -11.563748360 0.631579220 0.017501887 0.775113702 127.221832275
0.785232008 -0.024844598 -0.618703008 -123.491325378 0.008581554 0.999535322 -0.029245934 -11.603049278 0.619142175 0.017655406 0.785080433 127.900871277
0.795471489 -0.023226071 -0.605545640 -124.012390137 0.008242451 0.999587476 -0.027512137 -11.640419960 0.605934799 0.016893942 0.795334876 128.584503174
0.805578530 -0.021000303 -0.592116654 -124.509788513 0.007923190 0.999664068 -0.024675032 -11.674448967 0.592435956 0.015186222 0.805474401 129.265869141
0.815362930 -0.019213246 -0.578631163 -125.015907288 0.007662596 0.999719799 -0.022397798 -11.704924583 0.578899384 0.013828517 0.815281749 129.964752197
0.824555457 -0.017742971 -0.565503120 -125.488159180 0.008349104 0.999780893 -0.019194921 -11.744339943 0.565719783 0.011105832 0.824522913 130.653472900
0.832757294 -0.016961856 -0.553378344 -125.956367493 0.008928564 0.999812067 -0.017209459 -11.768997192 0.553566277 0.009390431 0.832752228 131.356094360
0.840069115 -0.017428167 -0.542199314 -126.414016724 0.010539375 0.999819517 -0.015808238 -11.793287277 0.542376935 0.007565572 0.840101242 132.071594238
0.846672177 -0.017047280 -0.531841695 -126.871780396 0.010521767 0.999827564 -0.015297516 -11.826542854 0.532010794 0.007356065 0.846705616 132.800582886
0.853294492 -0.016361615 -0.521172583 -127.310012817 0.009735030 0.999833167 -0.015449853 -11.846704483 0.521338463 0.008109642 0.853311479 133.524536133
0.860033810 -0.014157630 -0.510040522 -127.755325317 0.007825138 0.999863327 -0.014559262 -11.868771553 0.510177016 0.008530320 0.860027134 134.270767212
0.866094232 -0.013260364 -0.499704957 -128.174362183 0.007185440 0.999875009 -0.014079191 -11.894736290 0.499829173 0.008603304 0.866081238 135.020950317
0.872321844 -0.013678540 -0.488740742 -128.607070923 0.007806831 0.999870777 -0.014049789 -11.923853874 0.488869786 0.008440420 0.872315943 135.765853882
0.877193213 -0.014942104 -0.479905009 -129.015167236 0.008929201 0.999850512 -0.014809669 -11.950839043 0.480054528 0.008705772 0.877195477 136.529037476
0.881917775 -0.015266610 -0.471156031 -129.429992676 0.009111105 0.999840736 -0.015342975 -11.972600937 0.471315145 0.009238488 0.881916523 137.287628174
0.885313630 -0.014680678 -0.464762390 -129.836242676 0.008900789 0.999853432 -0.014627977 -11.991805077 0.464908987 0.008813598 0.885314643 138.068984985
0.888533831 -0.012891429 -0.458629996 -130.239578247 0.008630554 0.999897957 -0.011385159 -12.010987282 0.458730012 0.006157868 0.888554394 138.848098755
0.891687155 -0.008775015 -0.452567101 -130.648544312 0.006100408 0.999954283 -0.007368981 -12.024724007 0.452611029 0.003809982 0.891699910 139.645294189
0.894994795 -0.006008815 -0.446036071 -131.048904419 0.004605369 0.999980450 -0.004230409 -12.046971321 0.446052790 0.001732034 0.895004928 140.450622559
0.898341298 -0.003180844 -0.439286709 -131.456710815 0.002532271 0.999994636 -0.002062396 -12.058641434 0.439290911 0.000740343 0.898344576 141.274032593
0.901605964 -0.001710440 -0.432554930 -131.860031128 0.002055954 0.999997854 0.000331110 -12.068383217 0.432553411 -0.001187844 0.901607513 142.110626221
0.904994249 -0.000193319 -0.425424039 -132.271392822 0.001625991 0.999994099 0.003004519 -12.074323654 0.425421059 -0.003410807 0.904989123 142.967147827
0.908426464 -0.000536415 -0.418044358 -132.671524048 0.002855608 0.999983788 0.004922212 -12.080732346 0.418035001 -0.005665238 0.908413231 143.836273193
0.912132740 -0.000616843 -0.409894437 -133.071258545 0.003331821 0.999976993 0.005909410 -12.087354660 0.409881413 -0.006755862 0.912113786 144.717910767
0.915886045 -0.000622539 -0.401437879 -133.483200073 0.003331645 0.999976158 0.006050459 -12.095051765 0.401424557 -0.006878980 0.915866196 145.633636475
0.919570684 -0.003642222 -0.392907649 -133.853424072 0.006135988 0.999968231 0.005091194 -12.087472916 0.392876685 -0.007092590 0.919563830 146.550460815
0.923667908 -0.005060229 -0.383160412 -134.243545532 0.007082268 0.999967456 0.003866789 -12.089703560 0.383128375 -0.006285273 0.923673689 147.478591919
0.927973509 -0.006386009 -0.372591287 -134.616104126 0.007597666 0.999969542 0.001783776 -12.097385406 0.372568578 -0.004486121 0.927993834 148.419021606
0.933167338 -0.004527295 -0.359413713 -134.982360840 0.005224450 0.999985874 0.000968397 -12.101388931 0.359404266 -0.002781416 0.933177829 149.375503540
0.939300597 -0.001178541 -0.343093276 -135.348129272 0.002037645 0.999995589 0.002143515 -12.107112885 0.343089223 -0.002712507 0.939298928 150.355834961
0.945717990 0.002671028 -0.324977398 -135.693496704 -0.001035658 0.999985933 0.005205131 -12.114981651 0.324986786 -0.004586021 0.945707440 151.361511230
0.952365518 0.005656092 -0.304906428 -136.041305542 -0.003839446 0.999971211 0.006557337 -12.112074852 0.304934710 -0.005074309 0.952359796 152.394775391
0.958760262 0.007264971 -0.284123212 -136.329437256 -0.005384474 0.999958158 0.007399072 -12.117132187 0.284165055 -0.005564082 0.958759248 153.408752441
0.964902103 0.008684445 -0.262466103 -136.629623413 -0.006596117 0.999939203 0.008836606 -12.117486954 0.262526959 -0.006795202 0.964900732 154.468383789
0.970512033 0.009388985 -0.240869910 -136.899673462 -0.006823874 0.999910772 0.011481284 -12.115522385 0.240956232 -0.009499056 0.970489502 155.546249390
0.975659490 0.011982594 -0.218963489 -137.143203735 -0.008924136 0.999848366 0.014951618 -12.118439674 0.219109491 -0.012633627 0.975618482 156.622390747
0.980381787 0.014465353 -0.196576416 -137.372390747 -0.010955442 0.999760807 0.018930934 -12.109279633 0.196803242 -0.016405962 0.980305731 157.722976685
0.984651923 0.016207237 -0.173775554 -137.586318970 -0.012505831 0.999671459 0.022373835 -12.103426933 0.174081072 -0.019857232 0.984531105 158.851959229
0.988283396 0.018314421 -0.151527196 -137.769958496 -0.015095746 0.999635875 0.022364810 -12.091277122 0.151881650 -0.019815354 0.988200068 160.001266479
0.991394579 0.017267771 -0.129763559 -137.918807983 -0.014811627 0.999692798 0.019869221 -12.076038361 0.130066812 -0.017776230 0.991345823 161.156326294
0.993897438 0.017833536 -0.108857505 -138.054260254 -0.015835999 0.999690533 0.019187076 -12.066089630 0.109165996 -0.017346116 0.993872166 162.329162598
0.995952785 0.016277799 -0.088391587 -138.156784058 -0.014482093 0.999676228 0.020918852 -12.052908897 0.088703483 -0.019554092 0.995866120 163.508773804
0.997510076 0.016725253 -0.068512455 -138.240264893 -0.015205511 0.999627948 0.022643780 -12.039842606 0.068865687 -0.021545632 0.997393250 164.710235596
0.998680770 0.017650496 -0.048219342 -138.306121826 -0.016525486 0.999584079 0.023630988 -12.026566505 0.048616379 -0.022802964 0.998557270 165.926269531
0.999429107 0.018804109 -0.028068360 -138.335220337 -0.018132186 0.999547362 0.024004448 -12.010158539 0.028507033 -0.023481805 0.999317765 167.147811890
0.999783635 0.019492358 -0.007260977 -138.356613159 -0.019307811 0.999509156 0.024673942 -11.993420601 0.007738364 -0.024528412 0.999669254 168.390777588
0.999683797 0.021595936 0.012874315 -138.348937988 -0.021901587 0.999469936 0.024092749 -11.978054047 -0.012347182 -0.024367100 0.999626815 169.651748657
0.999213576 0.022212761 0.032845229 -138.317413330 -0.022958977 0.999482810 0.022519253 -11.955896378 -0.032328025 -0.023255641 0.999206722 170.931182861
0.998355448 0.023056032 0.052486461 -138.261199951 -0.024147095 0.999503255 0.020249149 -11.945121765 -0.051993527 -0.021483246 0.998416305 172.219604492
0.997151017 0.024735928 0.071259752 -138.173965454 -0.026052777 0.999505460 0.017609660 -11.933092117 -0.070788920 -0.019416006 0.997302353 173.507095337
0.995556712 0.025322374 0.090694226 -138.070098877 -0.026851721 0.999516428 0.015682176 -11.922568321 -0.090253264 -0.018047798 0.995755315 174.810424805
0.993665993 0.025667755 0.109402448 -137.934082031 -0.027215900 0.999549091 0.012681012 -11.919007301 -0.109027602 -0.015578177 0.993916631 176.120391846
0.991400301 0.026699446 0.128111750 -137.775085449 -0.027882362 0.999583602 0.007448658 -11.919414520 -0.127859473 -0.010956659 0.991731763 177.433517456
0.988933206 0.027886527 0.145717233 -137.586563110 -0.028295755 0.999599338 0.000736073 -11.925183296 -0.145638287 -0.004851106 0.989326000 178.754440308
0.986159146 0.029817855 0.163098320 -137.378082275 -0.029508255 0.999555111 -0.004321069 -11.938250542 -0.163154617 -0.000551486 0.986600280 180.075576782
0.982974648 0.032418620 0.180858821 -137.147338867 -0.031453345 0.999471545 -0.008203307 -11.962287903 -0.181029186 0.002375027 0.983474851 181.427932739
0.979402423 0.034758814 0.198903874 -136.893508911 -0.033240169 0.999387205 -0.010970176 -11.990571976 -0.199163288 0.004132620 0.979957521 182.766143799
0.975699425 0.033905111 0.216474161 -136.606964111 -0.032302912 0.999418318 -0.010936423 -12.016934395 -0.216719046 0.003677915 0.976227105 184.136581421
0.971785069 0.033196021 0.233520463 -136.292129517 -0.031284895 0.999439776 -0.011884381 -12.044471741 -0.233784139 0.004243404 0.972279251 185.495437622
0.967525303 0.033479463 0.250547051 -135.956222534 -0.030201115 0.999400616 -0.016919184 -12.080517769 -0.250963330 0.008802940 0.967956543 186.857788086
0.963053882 0.035001792 0.267024577 -135.598236084 -0.030428102 0.999311090 -0.021248145 -12.121892929 -0.267584354 0.012338060 0.963455439 188.199295044
0.958233237 0.037498798 0.283518493 -135.196319580 -0.032779336 0.999233961 -0.021373661 -12.161338806 -0.284102857 0.011187407 0.958728552 189.580947876
0.952764750 0.040002383 0.301063836 -134.777877808 -0.034996260 0.999145150 -0.022005267 -12.209141731 -0.301686764 0.010429732 0.953350067 190.957626343
0.946844876 0.043733280 0.318703651 -134.341033936 -0.037677847 0.998973548 -0.025143465 -12.257295609 -0.319476098 0.011798896 0.947520852 192.337829590
0.940945327 0.044350334 0.335640848 -133.861465454 -0.036764365 0.998905182 -0.028925337 -12.312460899 -0.336556286 0.014877539 0.941545844 193.711257935
0.934518754 0.045279648 0.353021860 -133.364227295 -0.036522996 0.998838425 -0.031430393 -12.367846489 -0.354034990 0.016478878 0.935086906 195.079101562
0.927759588 0.046001866 0.370332330 -132.835937500 -0.034850400 0.998716593 -0.036750901 -12.433430672 -0.371547580 0.021189768 0.928172052 196.450088501
0.919777274 0.048798196 0.389394820 -132.289672852 -0.034970116 0.998483300 -0.042526100 -12.511168480 -0.390879393 0.025497360 0.920088708 197.802688599
0.910358667 0.052372232 0.410492688 -131.696411133 -0.036517356 0.998256266 -0.046376042 -12.587080002 -0.412205756 0.027228719 0.910683811 199.172515869
0.899232566 0.055380080 0.433951348 -131.083236694 -0.038648788 0.998133123 -0.047292031 -12.676599503 -0.435760319 0.025754837 0.899694204 200.511337280
