1.000000000 0.000000000 0.000000000 0.000000000 0.000000000 1.000000000 0.000000000 0.000000000 0.000000000 0.000000000 1.000000000 0.000000000
0.999873757 0.001517692 0.015817009 0.010558942 -0.001502718 0.999998391 -0.000958552 -0.003108304 -0.015818438 0.000934662 0.999874473 0.126279384
0.999291956 0.004308249 0.037376057 0.027095800 -0.004296062 0.999990702 -0.000406388 -0.004715269 -0.037377462 0.000245530 0.999301195 0.272593170
0.997895002 0.005984955 0.064573288 0.056298681 -0.006060568 0.999981165 0.000975146 -0.004970148 -0.064566232 -0.001364444 0.997912467 0.436241716
0.995128632 0.005616957 0.098424748 0.103150524 -0.005963558 0.999976993 0.003227651 -0.003719680 -0.098404348 -0.003798890 0.995139182 0.609469771
0.990623295 0.002555253 0.136597484 0.163272664 -0.003300240 0.999980867 0.005227698 -0.004760033 -0.136581540 -0.005629485 0.990612864 0.794003308
0.984341443 -0.000270920 0.176272109 0.236864135 -0.000699466 0.999984920 0.005442886 -0.003688070 -0.176270932 -0.005480954 0.984326541 0.989538610
0.975549877 -0.000549424 0.219777405 0.320267946 -0.000954857 0.999976814 0.006738280 -0.001567595 -0.219776049 -0.006783385 0.975526690 1.191419601
0.963407457 -0.000339709 0.268040985 0.411760032 -0.002312271 0.999951422 0.009578202 0.001931267 -0.268031269 -0.009847494 0.963359833 1.404920220
0.948935628 -0.004012734 0.315444142 0.530620575 -0.001346176 0.999858499 0.016768733 -0.002923906 -0.315466851 -0.016337095 0.948795974 1.621288657
0.931982875 -0.013461352 0.362252295 0.672855914 0.004772626 0.999679327 0.024869489 -0.008033876 -0.362470925 -0.021449044 0.931748331 1.830220103
0.910562813 -0.018379714 0.412962139 0.826538205 0.007065421 0.999557078 0.028908381 -0.002800764 -0.413310587 -0.023405144 0.910289228 2.054757833
0.885120809 -0.019808073 0.464939624 0.994324386 0.005148077 0.999449313 0.032779519 0.001953233 -0.465332896 -0.026620289 0.884735346 2.282692432
0.856835246 -0.022196354 0.515112281 1.182899356 0.003385388 0.999293506 0.037428647 0.004387333 -0.515579104 -0.030326335 0.856305122 2.499259472
0.824378908 -0.026617305 0.565412104 1.368291020 0.003756412 0.999128997 0.041558031 0.007934796 -0.566025913 -0.032135639 0.823760927 2.699231625
0.788276911 -0.032204662 0.614477217 1.598074675 0.005722922 0.998970032 0.045014266 0.009750100 -0.615293980 -0.031967103 0.787649393 2.909166098
0.749756098 -0.035790890 0.660745621 1.840492845 0.005896093 0.998857796 0.047415189 0.018336849 -0.661688030 -0.031654015 0.749110818 3.126742840
0.709629536 -0.038456786 0.703524709 2.112036705 0.006541174 0.998825848 0.048000898 0.037067268 -0.704544663 -0.029460983 0.709047914 3.334430933
0.666963756 -0.040336527 0.743997514 2.407675505 0.005458345 0.998771250 0.049256139 0.048865311 -0.745070159 -0.028791064 0.666364372 3.559798241
0.624041259 -0.040353235 0.780348778 2.739048719 0.000424282 0.998683035 0.051304396 0.065239795 -0.781391263 -0.031684972 0.623236477 3.783580542
0.581926882 -0.040606182 0.812226713 3.097647667 -0.002863401 0.998644114 0.051977381 0.087399662 -0.813236117 -0.032572761 0.581021607 4.010215282
0.541748703 -0.042149957 0.839483023 3.449636936 -0.004606900 0.998578012 0.053111024 0.096657887 -0.840527892 -0.032640241 0.540784061 4.194859505
0.502530098 -0.043949138 0.863442004 3.855915070 -0.006602340 0.998482943 0.054665338 0.116873957 -0.864534438 -0.033171710 0.501477540 4.406061649
0.465082347 -0.043841347 0.884181142 4.295238495 -0.009360064 0.998473704 0.054431863 0.135812089 -0.885218024 -0.033591293 0.463962078 4.606781960
0.429040462 -0.043189842 0.902252078 4.750370979 -0.010193496 0.998561144 0.052647281 0.155330196 -0.903227746 -0.031784914 0.427982837 4.794204235
0.395157784 -0.041981060 0.917653441 5.243894577 -0.008975565 0.998731077 0.049555261 0.175992891 -0.918569386 -0.027818603 0.394279540 4.976463795
0.366060048 -0.040102758 0.929726779 5.758387089 -0.006508564 0.998936296 0.045650650 0.201415554 -0.930568576 -0.022762058 0.365409642 5.145090580
0.341081738 -0.038093183 0.939261436 6.308551788 -0.005323185 0.999084413 0.042452440 0.225211501 -0.940018535 -0.019479616 0.340566605 5.320334435
0.320379913 -0.037320279 0.946553826 6.888650894 -0.004609065 0.999150336 0.040954076 0.253108472 -0.947277844 -0.017483588 0.319935769 5.515607834
0.305961013 -0.037481181 0.951306045 7.486673832 -0.003652680 0.999171197 0.040541839 0.282338679 -0.952037036 -0.015879037 0.305570513 5.692299366
0.294053435 -0.039231166 0.954983532 8.112743378 -0.002640174 0.999120116 0.041857269 0.302959710 -0.955785275 -0.014829597 0.293691128 5.882594109
0.283706576 -0.040644221 0.958049417 8.781761169 -0.003797401 0.999045789 0.043507975 0.334229678 -0.958903670 -0.015981592 0.283281505 6.067575932
0.272709906 -0.042770226 0.961145163 9.446887016 -0.005624515 0.998923421 0.046047200 0.347422272 -0.962079883 -0.017963503 0.272175759 6.268442631
0.262693048 -0.044492435 0.963853121 10.150622368 -0.006511624 0.998831809 0.047881797 0.376627356 -0.964857519 -0.018854463 0.262096435 6.457738876
0.252407551 -0.046491124 0.966503501 10.862668991 -0.007436116 0.998722434 0.049982917 0.403560191 -0.967592478 -0.019803097 0.251739323 6.640965462
0.242244676 -0.048078276 0.969023228 11.606820107 -0.007163629 0.998655498 0.051339328 0.436367750 -0.970188737 -0.019378399 0.241574585 6.820372581
0.232299522 -0.049335249 0.971392214 12.393273354 -0.007504370 0.998592138 0.052511275 0.465015888 -0.972615361 -0.019488029 0.231602222 6.999516487
0.221792832 -0.051836401 0.973714948 13.168881416 -0.008843143 0.998438001 0.055166837 0.504377663 -0.975053728 -0.020846311 0.220987976 7.176198483
0.210629553 -0.055796780 0.975972295 13.958886147 -0.010355060 0.998186409 0.059301548 0.537900865 -0.977511048 -0.022596911 0.209669769 7.344046116
0.198966250 -0.059679918 0.978187501 14.756126404 -0.010617602 0.997954130 0.063045554 0.574420810 -0.979948878 -0.022929939 0.197925538 7.497337341
0.185270727 -0.061800722 0.980742276 15.543298721 -0.011880468 0.997806668 0.065120347 0.608414650 -0.982615650 -0.023716569 0.184130177 7.656973362
0.171408474 -0.061892740 0.983254015 16.353780746 -0.012026592 0.997818887 0.064906128 0.652155876 -0.985126674 -0.022950655 0.170290262 7.793601036
0.156857058 -0.060655992 0.985756934 17.161262512 -0.013888707 0.997878075 0.063611858 0.693961203 -0.987523675 -0.023668861 0.155681804 7.925035000
0.140085742 -0.059982080 0.988320887 17.988660812 -0.014880979 0.997923195 0.062674090 0.728299141 -0.990027547 -0.023486929 0.138902202 8.041105270
0.119715378 -0.058393501 0.991089523 18.808446884 -0.017559020 0.997988164 0.060920943 0.765483260 -0.992653072 -0.024695732 0.118449181 8.137356758
0.093746841 -0.056948554 0.993966043 19.633352280 -0.022705169 0.997980714 0.059320044 0.802245080 -0.995337188 -0.028129233 0.092264511 8.221547127
0.064285181 -0.056731559 0.996317625 20.468389511 -0.026523689 0.997933030 0.058534913 0.832086027 -0.997579098 -0.030188950 0.062647559 8.262861252
0.030499019 -0.056376304 0.997943580 21.286319733 -0.028995812 0.997938037 0.057262149 0.865202785 -0.999114096 -0.030682623 0.028801456 8.293612480
-0.004181794 -0.055898882 0.998427629 22.137023926 -0.030520771 0.997978449 0.055745896 0.896125972 -0.999525428 -0.030239664 -0.005879415 8.285084724
-0.037940357 -0.054442495 0.997795880 22.980922699 -0.031199198 0.998092532 0.053272363 0.928254724 -0.998792827 -0.029109256 -0.039566547 8.243109703
-0.070772767 -0.052259739 0.996122599 23.839891434 -0.033035293 0.998201668 0.050021715 0.960282624 -0.996945262 -0.029367026 -0.072371900 8.176580429
-0.103333503 -0.050171867 0.993380606 24.682485580 -0.037029196 0.998228729 0.046564873 0.974900544 -0.993957281 -0.031972371 -0.105008297 8.094695091
-0.136022672 -0.045342479 0.989667594 25.522659302 -0.034226138 0.998570979 0.041046254 0.997794628 -0.990114331 -0.028289279 -0.137380183 7.967343330
-0.167283967 -0.039574873 0.985114217 26.354087830 -0.028704671 0.998966038 0.035256945 1.013435245 -0.985490859 -0.022379452 -0.168246970 7.807592392
-0.197208747 -0.033430390 0.979791403 27.185598373 -0.021508297 0.999325395 0.029767783 1.020530939 -0.980125606 -0.015203173 -0.197794750 7.618961334
-0.226424947 -0.027673777 0.973635435 28.010353088 -0.016203623 0.999565005 0.024642523 1.026255846 -0.973893821 -0.010196739 -0.226774871 7.422296047
-0.254087776 -0.021848522 0.966934443 28.829845428 -0.007446743 0.999759376 0.020633392 1.026672363 -0.967152536 -0.001957819 -0.254189342 7.184438229
-0.279947609 -0.011057908 0.959951520 29.624120712 -0.000856066 0.999936163 0.011268849 1.020208597 -0.960014880 0.002332906 -0.279939204 6.930233002
-0.305766881 0.004837504 0.952094078 30.416818619 0.003776225 0.999985456 -0.003868094 1.009450912 -0.952098906 0.002412586 -0.305780739 6.665204525
-0.330109298 0.021370508 0.943700790 31.188940048 0.004283775 0.999767303 -0.021141682 0.980839193 -0.943933010 -0.002936464 -0.330124050 6.383853912
-0.355524749 0.036372837 0.933958948 31.957401276 0.004848189 0.999300897 -0.037072036 0.949777067 -0.934654355 -0.008652017 -0.355452508 6.086684704
-0.379690140 0.046761528 0.923931062 32.724349976 0.008217673 0.998852789 -0.047176357 0.908648729 -0.925077200 -0.010319834 -0.379638791 5.760313988
-0.403260261 0.051277217 0.913647473 33.475112915 0.011384477 0.998632669 -0.051022071 0.860243380 -0.915014505 -0.010173774 -0.403292626 5.415357590
-0.425726891 0.050630756 0.903434098 34.231044769 0.014855789 0.998689830 -0.048968606 0.803405821 -0.904729784 -0.007426029 -0.425921291 5.053432465
-0.445795178 0.046357885 0.893933773 34.968368530 0.018631039 0.998922229 -0.042511307 0.750575483 -0.894941092 -0.002296424 -0.446178496 4.674465656
-0.463979781 0.045201711 0.884691775 35.695858002 0.026628863 0.998957634 -0.037074320 0.700301766 -0.885445476 0.006356600 -0.464699805 4.280609608
-0.477290362 0.045416113 0.877571166 36.406116486 0.028044222 0.998942077 -0.036444705 0.655013800 -0.878298044 0.007216092 -0.478059113 3.883022308
-0.488317341 0.049635839 0.871253431 37.102802277 0.032089122 0.998727202 -0.038912896 0.608861446 -0.872075975 0.008955916 -0.489288568 3.480453253
-0.498175681 0.052030955 0.865513563 37.799533844 0.032707196 0.998615086 -0.041206706 0.563219488 -0.866459012 0.007780339 -0.499187589 3.073981285
-0.509158373 0.051366348 0.859138668 38.490901947 0.026791597 0.998679638 -0.043831520 0.511354983 -0.860255778 0.000700513 -0.509862244 2.670688868
-0.520272732 0.049665309 0.852554739 39.192173004 0.025485417 0.998765826 -0.042630278 0.467043877 -0.853619814 -0.000451656 -0.520896256 2.255975485
-0.528850198 0.050956890 0.847184122 39.869228363 0.027393708 0.998700798 -0.042970017 0.422654569 -0.848272979 0.000482810 -0.529559016 1.823283076
-0.536169171 0.054036908 0.842379093 40.553089142 0.030621612 0.998537123 -0.044563647 0.373626053 -0.843554914 0.001901354 -0.537039459 1.384832263
-0.539381504 0.057035495 0.840127707 41.252994537 0.032006580 0.998371124 -0.047229528 0.329150140 -0.841453016 0.001414884 -0.540328443 0.928785741
-0.539195061 0.059446853 0.840080202 41.958061218 0.031801637 0.998231292 -0.050226666 0.283151269 -0.841580272 -0.000366042 -0.540132046 0.479167253
-0.535622180 0.059775520 0.842339516 42.682037354 0.033606052 0.998210132 -0.049467452 0.236644864 -0.843788803 0.001811849 -0.536672354 0.013101571
-0.530154943 0.058265056 0.845896482 43.411251068 0.032316547 0.998299718 -0.048508562 0.173538700 -0.847284615 0.001619398 -0.531136632 -0.429504037
-0.523289800 0.056781936 0.850260973 44.181030273 0.029614955 0.998386562 -0.048447624 0.126179948 -0.851639986 -0.000171708 -0.524127007 -0.890113115
-0.515950620 0.056271031 0.854768157 44.953224182 0.028047413 0.998414755 -0.048797742 0.073607057 -0.856158972 -0.001203188 -0.516710997 -1.353156209
-0.510284781 0.054838572 0.858255446 45.738887787 0.025326177 0.998490274 -0.048740998 0.019284701 -0.859632492 -0.003135457 -0.510903120 -1.802052498
-0.505360305 0.052537493 0.861307502 46.569530487 0.020842552 0.998596787 -0.048682690 -0.035049532 -0.862656593 -0.006650453 -0.505746186 -2.293979883
-0.503887475 0.049784716 0.862333357 47.395988464 0.016697871 0.998712480 -0.047901157 -0.090465330 -0.863607883 -0.009737663 -0.504069984 -2.766904831
-0.504446685 0.047308967 0.862145841 48.231410980 0.013614043 0.998809636 -0.046842515 -0.147218421 -0.863335550 -0.011892263 -0.504490197 -3.242836475
-0.505500734 0.046225205 0.861587048 49.077293396 0.012461759 0.998850942 -0.046278153 -0.204728916 -0.862736166 -0.012656751 -0.505495906 -3.730137110
-0.505899549 0.045546602 0.861388981 49.942207336 0.012438153 0.998886287 -0.045511868 -0.259739310 -0.862502694 -0.012310349 -0.505902767 -4.234842300
-0.506064177 0.044979133 0.861322165 50.813125610 0.012437856 0.998915970 -0.044856641 -0.315680802 -0.862406135 -0.011987341 -0.506075144 -4.744683743
-0.506213963 0.044031493 0.861283123 51.691440582 0.012431747 0.998964548 -0.043763515 -0.374218762 -0.862318337 -0.011446451 -0.506237209 -5.253015995
-0.506158173 0.044025645 0.861316204 52.578044891 0.012762867 0.998969197 -0.043561511 -0.433197707 -0.862346232 -0.011056150 -0.506198347 -5.771559238
-0.506629229 0.042424418 0.861119628 53.473857880 0.010355194 0.999015987 -0.043125752 -0.488013774 -0.862101912 -0.012931704 -0.506569982 -6.291154861
-0.506560206 0.041519169 0.861204386 54.364330292 0.009515518 0.999048233 -0.042567693 -0.549316406 -0.862152159 -0.013368285 -0.506473005 -6.805734634
-0.505803823 0.040734846 0.861686289 55.257335663 0.008604811 0.999072969 -0.042178627 -0.613345444 -0.862605631 -0.013919458 -0.505685389 -7.325009823
-0.504603028 0.039297651 0.862456620 56.135532379 0.008258158 0.999137640 -0.040693827 -0.669500530 -0.863312125 -0.013411925 -0.504492283 -7.838896751
-0.502154529 0.037154984 0.863979340 57.023094177 0.008434901 0.999239504 -0.038069326 -0.729539990 -0.864736736 -0.011829102 -0.502086043 -8.355485916
-0.499972224 0.035670746 0.865306616 57.909862518 0.008904539 0.999310315 -0.036049791 -0.788519442 -0.865995646 -0.010318739 -0.499944925 -8.860089302
-0.497431904 0.035725977 0.866767049 58.797668457 0.009477341 0.999315798 -0.035750326 -0.842097640 -0.867451310 -0.009568704 -0.497430116 -9.366445541
-0.495444924 0.035797562 0.867901444 59.684127808 0.009358514 0.999312460 -0.035875417 -0.899398327 -0.868588984 -0.009652025 -0.495439261 -9.865624428
-0.494471490 0.036384042 0.868431985 60.566658020 0.008971368 0.999283910 -0.036758099 -0.948687315 -0.869147539 -0.010384805 -0.494443834 -10.370353699
-0.494924992 0.038309082 0.868090749 61.444015503 0.008945002 0.999199390 -0.038995117 -1.003324151 -0.868889570 -0.011534585 -0.494871438 -10.870435715
-0.498158485 0.039932486 0.866165936 62.315437317 0.007499737 0.999100029 -0.041747753 -1.063612700 -0.867053568 -0.014300981 -0.498009652 -11.360587120
-0.502808988 0.040253922 0.863459766 63.188293457 0.006034840 0.999054134 -0.043061048 -1.121553183 -0.864376485 -0.016440637 -0.502576351 -11.861295700
-0.508574665 0.038738944 0.860145986 64.052383423 0.007780258 0.999153256 -0.040399306 -1.183817863 -0.860982776 -0.013853906 -0.508445442 -12.365480423
-0.513870001 0.036265392 0.857101262 64.912803650 0.008657882 0.999274313 -0.037090205 -1.241960049 -0.857824385 -0.011638856 -0.513811171 -12.881038666
-0.519252002 0.033874854 0.853949547 65.777008057 0.005794995 0.999330640 -0.036118202 -1.299551845 -0.854601502 -0.013805813 -0.519100785 -13.393023491
-0.524821043 0.037165947 0.850400805 66.625656128 0.008507806 0.999225438 -0.038419634 -1.357441664 -0.851170063 -0.012928387 -0.524730861 -13.906099319
-0.529435575 0.038953010 0.847455382 67.465583801 0.008363424 0.999136388 -0.040700059 -1.406547904 -0.848308921 -0.014460429 -0.529304147 -14.430924416
-0.534203589 0.039665129 0.844424784 68.292533875 0.006856286 0.999069095 -0.042591777 -1.464844227 -0.845328033 -0.016963061 -0.533978224 -14.942670822
-0.537652373 0.040054940 0.842214584 69.100784302 0.006225923 0.999032378 -0.043538541 -1.523423433 -0.843143523 -0.018165041 -0.537381589 -15.463529587
-0.541122496 0.039454203 0.840017736 69.923149109 0.007268846 0.999080956 -0.042242680 -1.582745194 -0.840912402 -0.016752508 -0.540911973 -15.982618332
-0.542891502 0.032609198 0.839169443 70.742904663 0.007961304 0.999400854 -0.033685129 -1.629621744 -0.839765131 -0.011606485 -0.542825818 -16.521099091
-0.545516491 0.023104576 0.837781608 71.558967590 0.006256411 0.999704301 -0.023496306 -1.685742617 -0.838076770 -0.007576114 -0.545499623 -17.048799515
-0.547330856 0.022009235 0.836626887 72.374748230 0.007419811 0.999742448 -0.021446211 -1.725833178 -0.836883426 -0.005530559 -0.547353208 -17.576257706
-0.547999442 0.026813632 0.836048841 73.166313171 0.008053112 0.999608874 -0.026780784 -1.770127416 -0.836439848 -0.007943060 -0.548001051 -18.096397400
-0.549954116 0.032548230 0.834560394 73.963783264 0.009254524 0.999416471 -0.032879200 -1.816667557 -0.835143566 -0.010358592 -0.549934506 -18.604335785
-0.549303174 0.036605228 0.834820986 74.743812561 0.015417145 0.999313891 -0.033673607 -1.862164140 -0.835480869 -0.005626467 -0.549490690 -19.145217896
-0.549060404 0.038097844 0.834913969 75.534957886 0.019092586 0.999271572 -0.033041868 -1.911762357 -0.835564494 -0.002201315 -0.549387813 -19.677440643
-0.548736870 0.034652021 0.835276663 76.339782715 0.017455753 0.999397635 -0.029993098 -1.953981638 -0.835812867 -0.001877936 -0.549011230 -20.197538376
-0.548151374 0.029933183 0.835843325 77.130752563 0.015644155 0.999551475 -0.025536349 -1.989525557 -0.836232781 -0.000921723 -0.548373818 -20.714391708
-0.547910333 0.022650862 0.836230338 77.925651550 0.012673532 0.999743342 -0.018776037 -2.035733700 -0.836441040 0.000310407 -0.548056841 -21.212612152
-0.547983170 0.017326824 0.836309850 78.728027344 0.004363079 0.999831080 -0.017855823 -2.069444418 -0.836477995 -0.006135807 -0.547966242 -21.707368851
-0.545962095 0.012379780 0.837718427 79.524391174 -0.002835270 0.999857903 -0.016623689 -2.100349426 -0.837804973 -0.011451063 -0.545849383 -22.216262817
-0.544239879 0.013111012 0.838827193 80.314384460 0.000357534 0.999881327 -0.015396344 -2.133259773 -0.838929594 -0.008079398 -0.544180036 -22.719718933
-0.540794194 0.016155381 0.840999722 81.104431152 0.004240981 0.999855220 -0.016479842 -2.166378975 -0.841144204 -0.005345541 -0.540784538 -23.237834930
-0.535235524 0.019486904 0.844478011 81.894180298 0.006044649 0.999796629 -0.019239852 -2.192277193 -0.844681263 -0.005193280 -0.535244524 -23.741228104
-0.527487814 0.021571398 0.849288762 82.683403015 0.011103767 0.999767244 -0.018496981 -2.227062702 -0.849489987 -0.000326628 -0.527604520 -24.233993530
-0.519196451 0.025133802 0.854285300 83.487899780 0.018013461 0.999667227 -0.018463289 -2.260046005 -0.854465067 0.005802561 -0.519476414 -24.737335205
-0.509472430 0.024427833 0.860140085 84.292694092 0.016075920 0.999692857 -0.018869117 -2.292780399 -0.860336781 0.004214252 -0.509708583 -25.205291748
-0.498549283 0.022180887 0.866577566 85.100288391 0.013981866 0.999748290 -0.017545639 -2.322034597 -0.866748691 0.003369009 -0.498733819 -25.661695480
-0.487044334 0.018911339 0.873172402 85.909355164 0.014426941 0.999803364 -0.013606774 -2.355631828 -0.873258114 0.005970103 -0.487221330 -26.104932785
-0.476185948 0.017802889 0.879164398 86.724060059 0.013256891 0.999826729 -0.013065879 -2.383868217 -0.879244685 0.005433197 -0.476339459 -26.541191101
-0.464560866 0.017150791 0.885375142 87.543800354 0.013754624 0.999831557 -0.012150829 -2.406222105 -0.885434389 0.006533202 -0.464718550 -26.963024139
-0.452820778 0.018242210 0.891414940 88.360969543 0.014940103 0.999805510 -0.012871078 -2.435003042 -0.891476393 0.007489539 -0.453005284 -27.368822098
-0.440500140 0.021428922 0.897496819 89.194023132 0.013970941 0.999757648 -0.017013459 -2.474313259 -0.897643864 0.005044445 -0.440692753 -27.777635574
-0.428818911 0.031058244 0.902856410 90.009757996 0.016434601 0.999511600 -0.026577443 -2.502351999 -0.903240979 0.003441175 -0.429120004 -28.165414810
-0.416235566 0.035619356 0.908558846 90.836242676 0.015846474 0.999364734 -0.031919632 -2.535884857 -0.909118712 0.001111367 -0.416535676 -28.537136078
-0.404614389 0.032228164 0.913919330 91.671463013 0.014704675 0.999478877 -0.028735192 -2.579704762 -0.914369166 0.001812215 -0.404877484 -28.899518967
-0.392983437 0.028191643 0.919113338 92.520271301 0.012057067 0.999601960 -0.025505228 -2.620047808 -0.919466555 0.001058679 -0.393166900 -29.257072449
-0.383222312 0.028421206 0.923218787 93.367401123 0.008084987 0.999591410 -0.027416304 -2.659745693 -0.923620760 -0.003042327 -0.383295506 -29.604318619
-0.376160324 0.032857742 0.925971806 94.205207825 0.003214932 0.999411285 -0.034157701 -2.705121994 -0.926548958 -0.009871835 -0.376044482 -29.932411194
-0.371404052 0.037945803 0.927695632 95.049377441 -0.002865627 0.999112904 -0.042014260 -2.745811462 -0.928466976 -0.018262696 -0.370965809 -30.252777100
-0.368146777 0.039714605 0.928919017 95.897697449 -0.006485449 0.998953283 -0.045279119 -2.795903206 -0.929745078 -0.022693818 -0.367503852 -30.584360123
-0.364299804 0.039473735 0.930444717 96.736488342 -0.007707009 0.998939335 -0.045397136 -2.850861311 -0.931249857 -0.023709115 -0.363609165 -30.907199860
-0.359902084 0.039480373 0.932154298 97.569122314 -0.008556512 0.998922706 -0.045611907 -2.904915571 -0.932950854 -0.024391815 -0.359176517 -31.213144302
-0.353912890 0.035278279 0.934612751 98.419982910 -0.010998362 0.999062240 -0.041875802 -2.957017183 -0.935213745 -0.025099596 -0.353193045 -31.532676697
-0.348533452 0.031451978 0.936768413 99.268569946 -0.011439038 0.999219775 -0.037804771 -3.008816004 -0.937226534 -0.023891961 -0.347901642 -31.840658188
-0.342794031 0.028518012 0.938977540 100.111007690 -0.013793346 0.999278605 -0.035384987 -3.056778669 -0.939309359 -0.025081409 -0.342153311 -32.139980316
-0.336991876 0.026507216 0.941134214 100.978248596 -0.021914480 0.999111891 -0.035987083 -3.109962225 -0.941252470 -0.032751821 -0.336111665 -32.433185577
-0.331078053 0.026720921 0.943224967 101.819931030 -0.028500097 0.998859763 -0.038300734 -3.156722784 -0.943172872 -0.039562535 -0.329938978 -32.705654144
-0.324421227 0.030688155 0.945414841 102.662490845 -0.026192300 0.998798966 -0.041408952 -3.208983421 -0.945550025 -0.038196534 -0.323227733 -32.988296509
-0.317524314 0.033996146 0.947640538 103.514663696 -0.025019608 0.998708904 -0.044211477 -3.256978989 -0.947920024 -0.037747815 -0.316263765 -33.269821167
-0.310951412 0.032128789 0.949882627 104.377639771 -0.026092175 0.998763204 -0.042323597 -3.307488441 -0.950067639 -0.037945088 -0.309728473 -33.541824341
-0.303692728 0.027472414 0.952373862 105.229423523 -0.027072813 0.998931646 -0.037448410 -3.354005337 -0.952385306 -0.037156247 -0.302624553 -33.810890198
-0.296702445 0.024778625 0.954648435 106.089233398 -0.028017433 0.999007165 -0.034637738 -3.405052662 -0.954558969 -0.037023906 -0.295713603 -34.069492340
-0.290343583 0.028183253 0.956507444 106.946998596 -0.030264612 0.998795688 -0.038615961 -3.446178913 -0.956443727 -0.040160220 -0.289140999 -34.317070007
-0.283996701 0.030818123 0.958329797 107.801406860 -0.029891454 0.998712957 -0.040974971 -3.496956110 -0.958359182 -0.040282629 -0.282709986 -34.563510895
-0.277095020 0.031348534 0.960330963 108.658027649 -0.032129526 0.998606384 -0.041868664 -3.544590950 -0.960305214 -0.042456575 -0.275701612 -34.800380707
-0.270321101 0.030910373 0.962273896 109.523231506 -0.032258924 0.998632491 -0.041140433 -3.598081827 -0.962229609 -0.042163048 -0.268954366 -35.039375305
-0.261934906 0.030610833 0.964599967 110.383880615 -0.028326968 0.998822331 -0.039388977 -3.648966074 -0.964669704 -0.037641533 -0.260759324 -35.274883270
-0.254503429 0.031807985 0.966548562 111.239639282 -0.025391389 0.998894572 -0.039558295 -3.699597120 -0.966738403 -0.034609728 -0.253414452 -35.497768402
-0.247737840 0.032478280 0.968282580 112.101959229 -0.023949940 0.998927176 -0.039633833 -3.746487141 -0.968531013 -0.033009108 -0.246694192 -35.713008881
-0.241149798 0.031280831 0.969983697 112.970840454 -0.029942976 0.998764694 -0.039653182 -3.794028282 -0.970025837 -0.038606554 -0.239915282 -35.912158966
-0.235383585 0.029362526 0.971458852 113.837921143 -0.034870457 0.998644769 -0.038633313 -3.842319965 -0.971276820 -0.042968873 -0.234040737 -36.110500336
-0.230874255 0.029462121 0.972537398 114.715553284 -0.032406081 0.998753965 -0.037949327 -3.890273094 -0.972443759 -0.040277645 -0.229631856 -36.312694550
-0.226625249 0.029352054 0.973539591 115.586326599 -0.030969044 0.998823225 -0.037323471 -3.942213774 -0.973489583 -0.038608041 -0.225449562 -36.505561829
-0.221276760 0.031411115 0.974705040 116.455718994 -0.029605351 0.998804033 -0.038908720 -3.988033533 -0.974761605 -0.037466079 -0.220082194 -36.707099915
-0.215287343 0.030139657 0.976085544 117.312759399 -0.022980873 0.999090433 -0.035918713 -4.039285183 -0.976280332 -0.030164141 -0.214398921 -36.896560669
-0.210194603 0.029334886 0.977219403 118.189605713 -0.016062742 0.999311209 -0.033453070 -4.079165459 -0.977527678 -0.022728475 -0.209578633 -37.089580536
-0.204796106 0.028591007 0.978386998 119.064773560 -0.013970787 0.999386072 -0.032129023 -4.127820015 -0.978705049 -0.020248735 -0.204270929 -37.275314331
-0.201003835 0.029980455 0.979131639 119.932273865 -0.016133226 0.999294639 -0.033909798 -4.170174599 -0.979457617 -0.022612553 -0.200378358 -37.441402435
-0.197341084 0.031561393 0.979826629 120.811614990 -0.017666724 0.999204755 -0.035743736 -4.216668129 -0.980175674 -0.024364034 -0.196626559 -37.617362976
-0.195236772 0.031173389 0.980260611 121.680503845 -0.020558396 0.999145031 -0.035868514 -4.259331226 -0.980540574 -0.027155440 -0.194428980 -37.784454346
-0.195086226 0.030022159 0.980326474 122.556083679 -0.020949645 0.999175787 -0.034768417 -4.302054882 -0.980562270 -0.027320329 -0.194296449 -37.940029144
-0.194041327 0.025475571 0.980662525 123.433296204 -0.019779926 0.999357879 -0.029875042 -4.346055984 -0.980793893 -0.025194423 -0.193412825 -38.112228394
-0.192975596 0.020231932 0.980994940 124.303405762 -0.020981928 0.999473691 -0.024740478 -4.388830662 -0.980979145 -0.025357477 -0.192449540 -38.279354095
-0.191969633 0.018456282 0.981227338 125.172653198 -0.020605309 0.999526918 -0.022831758 -4.426933765 -0.981184483 -0.024601493 -0.191498518 -38.446815491
-0.191008285 0.023022093 0.981318414 126.027259827 -0.020884829 0.999403358 -0.027511485 -4.467481136 -0.981366217 -0.025749590 -0.190413505 -38.607208252
-0.190910310 0.027155975 0.981231809 126.904624939 -0.019829763 0.999306560 -0.031514317 -4.504630566 -0.981407225 -0.025474001 -0.190239415 -38.776088715
-0.190858930 0.025958255 0.981274188 127.730239868 -0.023601253 0.999239922 -0.031023990 -4.543235779 -0.981333733 -0.029080506 -0.190101221 -38.925571442
-0.190627694 0.024541641 0.981355548 128.581848145 -0.025718261 0.999219477 -0.029984139 -4.589875698 -0.981325507 -0.030954562 -0.189847723 -39.079818726
-0.189602479 0.026030105 0.981515825 129.422180176 -0.020682836 0.999320865 -0.030497666 -4.630300522 -0.981643081 -0.026082965 -0.188935325 -39.246871948
-0.188189536 0.027654411 0.981743276 130.278625488 -0.022969099 0.999206185 -0.032549247 -4.675309181 -0.981864095 -0.028675186 -0.187404960 -39.415653229
-0.188884988 0.029331431 0.981561065 131.109863281 -0.029821228 0.998921514 -0.035588801 -4.716508865 -0.981546223 -0.035993546 -0.187806591 -39.553676605
-0.187881082 0.030510735 0.981717765 131.944595337 -0.035795841 0.998640656 -0.037887283 -4.763207912 -0.981539249 -0.042259715 -0.186533526 -39.703517914
-0.187552184 0.034437243 0.981650770 132.768890381 -0.032094747 0.998636723 -0.041165091 -4.809518814 -0.981730103 -0.039226439 -0.186191231 -39.856826782
-0.187486753 0.035372447 0.981630027 133.589141846 -0.031453051 0.998622656 -0.041992161 -4.857523441 -0.981763363 -0.038748238 -0.186115995 -40.006381989
-0.185746863 0.036359545 0.981924653 134.409500122 -0.032815538 0.998528123 -0.043181945 -4.903771400 -0.982049465 -0.040243294 -0.184280306 -40.155941010
-0.183722347 0.035999883 0.982318759 135.232498169 -0.023480007 0.998883307 -0.040998384 -4.952706814 -0.982697666 -0.030597176 -0.182671890 -40.316383362
-0.179882795 0.032790270 0.983141303 136.050918579 -0.017144030 0.999187946 -0.036462251 -5.002482891 -0.983538628 -0.023413938 -0.179174557 -40.477439880
-0.178004891 0.027778149 0.983637452 136.866882324 -0.013695843 0.999434650 -0.030702746 -5.049155712 -0.983934224 -0.018936979 -0.177523836 -40.625549316
-0.174357861 0.027489735 0.984298527 137.677917480 -0.011903089 0.999478340 -0.030022187 -5.088622093 -0.984610379 -0.016950797 -0.173939705 -40.768867493
-0.169262961 0.032522436 0.985034168 138.480102539 -0.010494693 0.999339223 -0.034798093 -5.133641720 -0.985514998 -0.016227657 -0.168809831 -40.908969879
-0.162621304 0.035473879 0.986050606 139.271621704 -0.009663689 0.999248326 -0.037542429 -5.175600052 -0.986641228 -0.015634086 -0.162156239 -41.035621643
-0.154788047 0.036537904 0.987271786 140.071365356 -0.009396745 0.999216318 -0.038453206 -5.210920811 -0.987902999 -0.015229240 -0.154323384 -41.152614594
-0.145127907 0.032150589 0.988890409 140.871215820 -0.008392710 0.999395907 -0.033723846 -5.250732422 -0.989377320 -0.013193741 -0.144770414 -41.266567230
-0.133350864 0.030683082 0.990593731 141.664352417 -0.005003877 0.999487042 -0.031632148 -5.293472767 -0.991056323 -0.009174985 -0.133128941 -41.371196747
-0.119264856 0.033306871 0.992303789 142.455307007 -0.000610695 0.999434650 -0.033619620 -5.331876755 -0.992862284 -0.004615633 -0.119177073 -41.469718933
-0.105044693 0.034421880 0.993871629 143.242080688 -0.001127246 0.999396086 -0.034732357 -5.369722843 -0.994466901 -0.004768787 -0.104942448 -41.547843933
-0.091249697 0.034322098 0.995236397 144.027618408 -0.000449393 0.999404371 -0.034507047 -5.410249233 -0.995827854 -0.003596009 -0.091179907 -41.615673065
-0.077688016 0.036035161 0.996326268 144.808486938 0.000531637 0.999348044 -0.036102999 -5.452673435 -0.996977568 -0.002275086 -0.077656507 -41.672035217
-0.064164303 0.042038605 0.997053504 145.577575684 -0.002460926 0.999102592 -0.042283382 -5.504001617 -0.997936308 -0.005166757 -0.064003251 -41.710220337
-0.051423702 0.051392380 0.997353792 146.341217041 -0.009549025 0.998604059 -0.051949162 -5.548049450 -0.998631299 -0.012195174 -0.050861169 -41.733592987
-0.037734855 0.059222557 0.997531295 147.108520508 -0.013364596 0.998123050 -0.059763249 -5.597342491 -0.999198377 -0.015586762 -0.036872558 -41.747688293
-0.024716815 0.059962410 0.997894526 147.873016357 -0.014147470 0.998078585 -0.060323887 -5.648139954 -0.999594331 -0.015608699 -0.023821011 -41.757915497
-0.012556319 0.056178130 0.998341799 148.645751953 -0.017724026 0.998251140 -0.056395948 -5.703626156 -0.999764085 -0.018402761 -0.011538657 -41.759098053
-0.001952307 0.053604688 0.998560309 149.409866333 -0.021698974 0.998324871 -0.053634476 -5.762366772 -0.999762714 -0.021772446 -0.000785869 -41.746139526
0.006691446 0.060162000 0.998166203 150.169433594 -0.026383901 0.997851670 -0.059966166 -5.821531296 -0.999629498 -0.025934255 0.008264378 -41.727718353
0.013294056 0.067747943 0.997613907 150.915023804 -0.029369146 0.997298062 -0.067335121 -5.876696587 -0.999480188 -0.028403912 0.015247836 -41.706874847
0.016710361 0.070856400 0.997346520 151.667999268 -0.032128002 0.997008801 -0.070294105 -5.931953430 -0.999343991 -0.030868111 0.018936854 -41.690319061
0.016542394 0.066419646 0.997654617 152.421417236 -0.034546562 0.997233331 -0.065818772 -5.990862370 -0.999266207 -0.033376724 0.018791197 -41.668960571
0.014919243 0.062053587 0.997961283 153.178771973 -0.036357384 0.997446001 -0.061478019 -6.058521748 -0.999227464 -0.035366051 0.017137244 -41.652332306
0.011700708 0.059205599 0.998177230 153.930953979 -0.036121719 0.997619033 -0.058749076 -6.108760357 -0.999278903 -0.035368476 0.013811458 -41.640701294
0.009291534 0.059612229 0.998178303 154.675643921 -0.034156770 0.997657895 -0.059263192 -6.160101414 -0.999373317 -0.033543900 0.011305933 -41.637439728
0.004994364 0.059503544 0.998215616 155.416458130 -0.032853253 0.997698963 -0.059308369 -6.217379570 -0.999447644 -0.032498419 0.006937758 -41.625331879
0.000982384 0.058411907 0.998292208 156.162368774 -0.032497492 0.997767091 -0.058349226 -6.270867348 -0.999471307 -0.032384664 0.002878432 -41.627155304
-0.004105007 0.058695469 0.998267531 156.901718140 -0.033105757 0.997720718 -0.058799464 -6.320688725 -0.999443412 -0.033289775 -0.002152492 -41.628471375
-0.010192178 0.056810226 0.998333037 157.639633179 -0.034491427 0.997770727 -0.057130367 -6.372521400 -0.999352992 -0.035016209 -0.008209989 -41.627071381
-0.015703214 0.054063525 0.998414040 158.392517090 -0.031817496 0.998004436 -0.054541770 -6.434155941 -0.999370337 -0.032623522 -0.013951715 -41.649208069
-0.020901466 0.053850010 0.998330295 159.127487183 -0.032452893 0.997985601 -0.054510869 -6.484973907 -0.999254644 -0.033538070 -0.019111777 -41.664245605
-0.026559731 0.055700377 0.998094261 159.850051880 -0.034908134 0.997785866 -0.056612086 -6.531031609 -0.999037504 -0.036345217 -0.024556525 -41.671855927
-0.030581914 0.057704605 0.997865140 160.575912476 -0.034586009 0.997673213 -0.058753468 -6.590062618 -0.998933733 -0.036308967 -0.028514985 -41.689544678
-0.032976627 0.059634812 0.997675419 161.295135498 -0.034249108 0.997564673 -0.060760248 -6.646515846 -0.998869121 -0.036173157 -0.030853877 -41.713218689
-0.033886850 0.060909040 0.997567952 162.010894775 -0.031188553 0.997590601 -0.061969887 -6.701157570 -0.998938978 -0.033212658 -0.031905536 -41.743839264
-0.033906527 0.059791435 0.997634888 162.737533569 -0.028718548 0.997738302 -0.060773686 -6.752537251 -0.999012291 -0.030711249 -0.032112721 -41.762012482
-0.029548289 0.055626653 0.998014331 163.465240479 -0.024763945 0.998102963 -0.056364790 -6.811213493 -0.999256551 -0.026380254 -0.028114706 -41.789802551
-0.021961121 0.055380139 0.998223841 164.167251587 -0.023985840 0.998147964 -0.055903632 -6.866078854 -0.999471068 -0.025170943 -0.020592110 -41.802726746
-0.010765987 0.056406897 0.998349845 164.862884521 -0.021477252 0.998164296 -0.056628015 -6.915379524 -0.999711335 -0.022051465 -0.009534759 -41.802867889
0.003587209 0.056242842 0.998410642 165.555358887 -0.019428462 0.998232484 -0.056163006 -6.966621876 -0.999804795 -0.019196108 0.004673583 -41.795421600
0.018835414 0.054450508 0.998338819 166.233947754 -0.019826300 0.998339951 -0.054076511 -7.011662483 -0.999625981 -0.018774807 0.019883700 -41.777721405
0.034742452 0.049352277 0.998176992 166.917388916 -0.024640342 0.998518646 -0.048511531 -7.059031963 -0.999092519 -0.022910012 0.035907045 -41.735275269
0.051261809 0.042893894 0.997763693 167.601760864 -0.026088146 0.998793781 -0.041597858 -7.101713181 -0.998344421 -0.023897424 0.052318998 -41.688301086
0.068660721 0.035812352 0.996997118 168.278884888 -0.026706180 0.999063253 -0.034047388 -7.136103153 -0.997282565 -0.024288263 0.069552824 -41.630474091
0.085834049 0.028487081 0.995902061 168.956680298 -0.026384704 0.999305546 -0.026310407 -7.170514584 -0.995959938 -0.024018252 0.086526066 -41.563137054
0.102878936 0.022613939 0.994436800 169.618240356 -0.028118711 0.999408066 -0.019817980 -7.202301502 -0.994296312 -0.025923427 0.103453919 -41.481014252
0.120777659 0.020336268 0.992471218 170.270523071 -0.029477919 0.999422610 -0.016891422 -7.230962276 -0.992241740 -0.027215878 0.121307403 -41.388301849
0.138560876 0.019474450 0.990162432 170.912078857 -0.028612461 0.999467969 -0.015653513 -7.248764515 -0.989940524 -0.026162023 0.139044374 -41.288414001
0.155731723 0.018969888 0.987617195 171.549819946 -0.029356739 0.999462783 -0.014568318 -7.266545296 -0.987363100 -0.026724469 0.156204969 -41.172119141
0.171144292 0.017942296 0.985082626 172.179336548 -0.034654599 0.999325216 -0.012180959 -7.285492420 -0.984636366 -0.032052934 0.171650589 -41.037208557
0.186511189 0.014331599 0.982348323 172.800628662 -0.036169983 0.999315917 -0.007711814 -7.303514957 -0.981786788 -0.034093183 0.186901972 -40.916984558
0.198400050 0.010417457 0.980065763 173.425018311 -0.032746587 0.999455750 -0.003994488 -7.318608284 -0.979573905 -0.031301305 0.198633209 -40.782798767
0.209138930 0.009226447 0.977842391 174.043243408 -0.030223833 0.999538779 -0.002966950 -7.335953236 -0.977418721 -0.028933642 0.209321305 -40.646167755
0.219194755 0.013260085 0.975591004 174.646270752 -0.034918252 0.999373734 -0.005737938 -7.353100300 -0.975056052 -0.032808207 0.219520509 -40.497798920
0.227831468 0.020247841 0.973489940 175.234527588 -0.039856333 0.999139905 -0.011453529 -7.375206470 -0.972884536 -0.036190271 0.228442475 -40.337368011
0.236970365 0.029788436 0.971060097 175.817687988 -0.039462145 0.999000013 -0.021015476 -7.392002106 -0.970715106 -0.033340074 0.237908944 -40.193763733
0.245418325 0.035786618 0.968756557 176.410888672 -0.034300156 0.999013245 -0.028214952 -7.406673431 -0.968810320 -0.026304035 0.246403679 -40.047569275
0.251750648 0.033592667 0.967208922 177.002273560 -0.033122085 0.999111056 -0.026079472 -7.425330639 -0.967225194 -0.025470458 0.252639472 -39.889713287
0.257460713 0.026412135 0.965927780 177.613357544 -0.036479212 0.999179482 -0.017598104 -7.443264484 -0.965600014 -0.030705469 0.258212924 -39.708820343
0.261542916 0.015796142 0.965062559 178.231582642 -0.039870765 0.999189556 -0.005549300 -7.460886002 -0.964367926 -0.037026398 0.261960745 -39.526832581
0.264007300 0.007825881 0.964488924 178.839584351 -0.040467709 0.999176383 0.002969797 -7.480631828 -0.963671386 -0.039814707 0.264106601 -39.359199524
0.264520258 0.006900865 0.964355409 179.443313599 -0.037624285 0.999286950 0.003169413 -7.496771336 -0.963645875 -0.037121560 0.264591306 -39.185642242
0.265801132 0.009128550 0.963984668 180.037521362 -0.033472873 0.999439538 -0.000234757 -7.502636909 -0.963446498 -0.032204941 0.265957832 -39.031963348
0.268077552 0.008414321 0.963360608 180.643905640 -0.029999977 0.999549806 -0.000382215 -7.510173321 -0.962930083 -0.028798329 0.268209338 -38.870582581
0.269494772 0.006546001 0.962979674 181.252685547 -0.032150373 0.999480546 0.002203326 -7.509352684 -0.962464929 -0.031553943 0.269565284 -38.690326691
0.272232264 0.002919071 0.962227106 181.862350464 -0.032637306 0.999448001 0.006201724 -7.518348694 -0.961677909 -0.033092808 0.272177249 -38.512741089
0.274920166 -0.002317552 0.961464226 182.466171265 -0.032665804 0.999397218 0.011749417 -7.532069683 -0.960911989 -0.034637149 0.274678767 -38.330726624
0.279552221 -0.005038145 0.960117221 183.087432861 -0.031123227 0.999413073 0.014306330 -7.532095432 -0.959625900 -0.033881307 0.279231340 -38.151771545
0.285838187 -0.007123552 0.958251417 183.699066162 -0.029344978 0.999438286 0.016183086 -7.527280331 -0.957828522 -0.032745607 0.285468608 -37.962726593
0.293775409 -0.010179167 0.955820262 184.321304321 -0.028231580 0.999414682 0.019320529 -7.529373646 -0.955457509 -0.032660209 0.293316096 -37.766201019
0.303655893 -0.012418907 0.952700853 184.949066162 -0.024900209 0.999470055 0.020965055 -7.532480717 -0.952456355 -0.030088611 0.303185761 -37.571121216
0.314862490 -0.010314178 0.949081361 185.565170288 -0.026446737 0.999457419 0.019635480 -7.532731533 -0.948768854 -0.031282581 0.314418882 -37.357273102
0.326462001 -0.006936042 0.945184946 186.178024292 -0.027318848 0.999486089 0.016770313 -7.533454895 -0.944815457 -0.031296231 0.326104760 -37.135887146
0.337969631 -0.003738313 0.941149592 186.787200928 -0.028494611 0.999492943 0.014202559 -7.531587124 -0.940725505 -0.031617723 0.337691784 -36.903972626
0.349491954 -0.003316652 0.936933458 187.403060913 -0.027133422 0.999538481 0.013659490 -7.526670456 -0.936546385 -0.030196089 0.349240661 -36.667137146
0.361228824 -0.006080270 0.932457387 188.038970947 -0.026216114 0.999517262 0.016673524 -7.519975185 -0.932108581 -0.030468365 0.360895008 -36.423576355
