1.000000000 0.000000000 0.000000000 0.000000000 0.000000000 1.000000000 0.000000000 0.000000000 0.000000000 0.000000000 1.000000000 0.000000000
0.999873698 0.001516581 0.015821539 0.010545622 -0.001501908 0.999998450 -0.000939259 -0.003416916 -0.015822940 0.000915378 0.999874413 0.126110300
0.999292076 0.004306244 0.037373066 0.027139170 -0.004294039 0.999990702 -0.000406825 -0.004712133 -0.037374470 0.000246055 0.999301314 0.272587448
0.997894704 0.005964496 0.064580433 0.056255434 -0.006040377 0.999981284 0.000979801 -0.005024466 -0.064573385 -0.001367828 0.997912049 0.436313987
0.995131016 0.005682564 0.098396324 0.102840513 -0.006030185 0.999976575 0.003235831 -0.004286033 -0.098375618 -0.003813425 0.995141983 0.609414160
0.990628004 0.002542150 0.136563808 0.163703814 -0.003285716 0.999980986 0.005219685 -0.005459225 -0.136547938 -0.005619475 0.990617514 0.792797983
0.984347701 -0.000245420 0.176237509 0.237075463 -0.000724119 0.999984920 0.005436988 -0.004378063 -0.176236182 -0.005479503 0.984332621 0.987840414
0.975557923 -0.000495216 0.219741523 0.320202708 -0.000998849 0.999977052 0.006688036 -0.001525395 -0.219739869 -0.006744055 0.975535154 1.193926215
0.963381648 -0.000309391 0.268133640 0.412500381 -0.002328123 0.999952018 0.009518566 0.002375958 -0.268123686 -0.009794259 0.963334739 1.411846519
0.948935509 -0.003853176 0.315446585 0.528872728 -0.001504241 0.999858737 0.016738357 -0.003545837 -0.315466583 -0.016358132 0.948795617 1.621186018
0.931933284 -0.013204932 0.362389296 0.670638680 0.004572733 0.999685287 0.024667658 -0.005278867 -0.362600982 -0.021331498 0.931700408 1.834991813
0.910593152 -0.018436544 0.412892550 0.825911522 0.007125422 0.999556363 0.028917942 -0.004744790 -0.413242489 -0.023390442 0.910320580 2.054425240
0.885079145 -0.019865643 0.465016484 0.995291352 0.005220507 0.999449551 0.032760441 0.001001708 -0.465411365 -0.026567960 0.884695768 2.288239956
0.856779575 -0.021918375 0.515216708 1.170489788 0.003081634 0.999296010 0.037387505 0.002358556 -0.515673459 -0.030445140 0.856244087 2.491019011
0.824232996 -0.026521970 0.565629303 1.376340628 0.003647290 0.999130428 0.041533716 0.008897394 -0.566238999 -0.032170441 0.823612988 2.710906506
0.788085341 -0.032256801 0.614720047 1.603278399 0.005738479 0.998967648 0.045062929 0.008882567 -0.615539074 -0.031985883 0.787456930 2.921014786
0.749624908 -0.036045566 0.660880566 1.849470735 0.006106334 0.998850048 0.047552694 0.017903700 -0.661834657 -0.031611130 0.748983085 3.135236740
0.709605038 -0.039080001 0.703515112 2.114048243 0.007080052 0.998805761 0.048341949 0.031842828 -0.704564095 -0.029322766 0.709034264 3.334235668
0.667213798 -0.040805899 0.743747771 2.418757915 0.006006199 0.998760581 0.049409095 0.048000380 -0.744841993 -0.028499329 0.666631818 3.557867527
0.624108434 -0.040855765 0.780268848 2.737035036 0.001004416 0.998673081 0.051488273 0.064579725 -0.781337023 -0.031350549 0.623321354 3.776614189
0.582817435 -0.041352849 0.811550200 3.070734978 -0.002172912 0.998621523 0.052445613 0.077365920 -0.812600195 -0.032329649 0.581924140 3.969251156
0.542171121 -0.042439774 0.839195609 3.449692965 -0.004020161 0.998581290 0.053097483 0.099251673 -0.840258479 -0.032161623 0.541231275 4.178177834
0.503240466 -0.044413552 0.863004386 3.859304905 -0.005973863 0.998475611 0.054868959 0.118964747 -0.864125729 -0.032767747 0.502208054 4.387907982
0.466235310 -0.043990813 0.883566320 4.289455414 -0.008989017 0.998475730 0.054455172 0.137852982 -0.884615064 -0.033331316 0.465129167 4.584133625
0.429525167 -0.043122247 0.902024746 4.748966217 -0.010270197 0.998561382 0.052627727 0.160590693 -0.902996480 -0.031868901 0.428464353 4.777635098
0.396002978 -0.041652296 0.917304099 5.238152981 -0.009014949 0.998746157 0.049242143 0.184454948 -0.918204904 -0.027769485 0.395130932 4.958045006
0.366656840 -0.039913900 0.929499686 5.754121304 -0.006676030 0.998940647 0.045529254 0.203790590 -0.930332303 -0.022898985 0.366001904 5.136697769
0.341454595 -0.038155939 0.939123511 6.301625252 -0.005543596 0.999076486 0.042607374 0.226643011 -0.939881861 -0.019754607 0.340927750 5.312042713
0.320970207 -0.037813339 0.946334124 6.874623299 -0.004122604 0.999137342 0.041321509 0.248756155 -0.947080374 -0.017164337 0.320537448 5.495835304
0.305682868 -0.038575858 0.951351643 7.481372356 -0.003280886 0.999130309 0.041567411 0.269272774 -0.952127755 -0.015827717 0.305290490 5.697076797
0.294692636 -0.039297003 0.954783738 8.117777824 -0.002405833 0.999120355 0.041864373 0.299356878 -0.955589056 -0.014634172 0.294338942 5.880214691
0.283696771 -0.040873814 0.958042502 8.775667191 -0.003667872 0.999037564 0.043708958 0.330208004 -0.958907008 -0.015914066 0.283273846 6.073193550
0.272986859 -0.042904869 0.961060584 9.445680618 -0.005002867 0.998928130 0.046016455 0.351469457 -0.962004721 -0.017369945 0.272479624 6.264729500
0.263102949 -0.044450846 0.963743269 10.142362595 -0.005851409 0.998846054 0.047667347 0.382663697 -0.964749992 -0.018180670 0.262539208 6.446647167
0.252717674 -0.046435043 0.966425121 10.881366730 -0.007489586 0.998723865 0.049945448 0.405396044 -0.967511058 -0.019860221 0.252047390 6.649692535
0.242419586 -0.047601920 0.969003022 11.626876831 -0.007537941 0.998673022 0.050945245 0.442225635 -0.970142245 -0.019654414 0.241739094 6.833377838
0.231712878 -0.049043141 0.971547246 12.379031181 -0.007790629 0.998602748 0.052266944 0.470766306 -0.972752988 -0.019679885 0.231007040 7.018518448
0.221848458 -0.051797390 0.973704398 13.161103249 -0.009208084 0.998432159 0.055210792 0.509141803 -0.975037634 -0.021214383 0.221023694 7.184946537
0.209553406 -0.055341985 0.976229727 13.958632469 -0.011293232 0.998193383 0.059011251 0.544540405 -0.977731943 -0.023390800 0.208549842 7.378140450
0.197655082 -0.059341494 0.978473783 14.756743431 -0.011900989 0.997947216 0.062926531 0.580613732 -0.980199397 -0.024082560 0.196543097 7.532446861
0.184232742 -0.061234053 0.980973363 15.553495407 -0.013166806 0.997814059 0.064758085 0.619863391 -0.982794404 -0.024846841 0.183023766 7.686837673
0.169362992 -0.061807215 0.983613729 16.367961884 -0.013440977 0.997793913 0.065012574 0.658313870 -0.985462129 -0.024231454 0.168158635 7.838015556
0.155206963 -0.060729895 0.986013532 17.168191910 -0.015175411 0.997844279 0.063847303 0.691780210 -0.987765431 -0.024872703 0.153950781 7.963226318
0.138505802 -0.059843194 0.988551974 17.987834930 -0.015656220 0.997915626 0.062603630 0.727635026 -0.990237892 -0.024147948 0.137280166 8.076435089
0.118513934 -0.058083039 0.991252184 18.805673599 -0.017937455 0.997999609 0.060623005 0.765677214 -0.992790341 -0.024965215 0.117235005 8.164720535
0.092996240 -0.056457084 0.994064569 19.638523102 -0.022379503 0.998020351 0.058775388 0.804285467 -0.995414913 -0.027712561 0.091548681 8.243331909
0.062102996 -0.056521416 0.996468008 20.488162994 -0.026685961 0.997944176 0.058268301 0.831361651 -0.997712910 -0.030210340 0.060466997 8.301080704
0.028267015 -0.056215655 0.998018384 21.329744339 -0.030230392 0.997912586 0.057065912 0.868107021 -0.999143124 -0.031783566 0.026508596 8.329063416
-0.005754136 -0.055983752 0.998415053 22.166820526 -0.031045856 0.997960269 0.055779323 0.893721461 -0.999501348 -0.030675685 -0.007480465 8.310561180
-0.039605159 -0.054651685 0.997719705 23.007362366 -0.032679271 0.998039842 0.053371996 0.922977448 -0.998680890 -0.030490946 -0.041313507 8.271764755
-0.072564684 -0.052440278 0.995984137 23.868003845 -0.034776095 0.998142600 0.050020240 0.956222177 -0.996757150 -0.031006735 -0.074253559 8.204815865
-0.105587140 -0.049462907 0.993179142 24.718425751 -0.037091296 0.998263061 0.045772847 0.982572556 -0.993718028 -0.032005280 -0.107238367 8.115653038
-0.137457803 -0.044962954 0.989486635 25.556053162 -0.033460978 0.998609781 0.040729187 0.999448776 -0.989942253 -0.027510643 -0.138771206 7.980671883
-0.168937221 -0.038910836 0.984858453 26.384572983 -0.028640836 0.998992264 0.034556363 1.016776800 -0.985210598 -0.022369314 -0.169881403 7.820955753
-0.199145854 -0.032853711 0.979418993 27.188407898 -0.022503912 0.999327600 0.028945804 1.022192478 -0.979711413 -0.016276320 -0.199751288 7.644117355
-0.228128150 -0.027224761 0.973250389 28.014608383 -0.016389774 0.999574780 0.024119394 1.028300524 -0.973493159 -0.010449043 -0.228477374 7.432275772
-0.255524725 -0.020914551 0.966576397 28.820554733 -0.007988737 0.999777555 0.019521045 1.032810926 -0.966769516 -0.002733615 -0.255634993 7.197903156
-0.281884760 -0.010732641 0.959388256 29.627292633 -0.001928316 0.999941766 0.010619737 1.024034262 -0.959446311 0.001143538 -0.281889021 6.942753315
-0.307009101 0.004924675 0.951693833 30.409032822 0.002536388 0.999987304 -0.004356357 1.011155248 -0.951703131 0.001076424 -0.307017714 6.680000305
-0.331728101 0.022241291 0.943112791 31.183685303 0.003789389 0.999745369 -0.022243980 0.987917602 -0.943367362 -0.003805132 -0.331727892 6.397214890
-0.356798142 0.037022177 0.933447599 31.962646484 0.003634823 0.999261796 -0.038243126 0.959339499 -0.934174418 -0.010252157 -0.356669396 6.095425606
-0.381196886 0.047403909 0.923277795 32.722469330 0.007441446 0.998809516 -0.048209559 0.914081931 -0.924464047 -0.011506811 -0.381095856 5.771074295
-0.404372841 0.051519744 0.913141966 33.475177765 0.010791430 0.998611510 -0.051563103 0.862100601 -0.914530575 -0.010996610 -0.404367268 5.419967651
-0.426965177 0.051288001 0.902812421 34.222854614 0.014475835 0.998650014 -0.049886435 0.807639480 -0.904152215 -0.008230805 -0.427131206 5.060338974
-0.447228521 0.047013212 0.893183291 34.953170776 0.017631024 0.998887002 -0.043748911 0.754564166 -0.894245923 -0.003818021 -0.447559625 4.682168007
-0.465102404 0.045459509 0.884088814 35.673805237 0.024799995 0.998957753 -0.038319204 0.706306815 -0.884909391 0.004103045 -0.465745091 4.286711693
-0.478558868 0.045871928 0.876856446 36.378623962 0.027045097 0.998930633 -0.037497815 0.659604430 -0.877638876 0.005769752 -0.479287744 3.891163826
-0.489468485 0.050230473 0.870573103 37.071323395 0.031521797 0.998706341 -0.039900798 0.608761430 -0.871451080 0.007911853 -0.490418613 3.489266396
-0.499307066 0.052636638 0.864824772 37.758399963 0.032153238 0.998591006 -0.042214490 0.562745929 -0.865828335 0.006728922 -0.500296056 3.085426331
-0.510047674 0.052066050 0.858568847 38.456859589 0.026627244 0.998643577 -0.044742212 0.508615971 -0.859733880 0.000040659 -0.510742247 2.678512573
-0.521067917 0.050646205 0.852011263 39.142402649 0.026053833 0.998716533 -0.043432981 0.460579038 -0.853117526 -0.000433372 -0.521718621 2.262937546
-0.529700875 0.051864877 0.846597314 39.810935974 0.028178893 0.998653829 -0.043549243 0.413399220 -0.847716272 0.000788101 -0.530449271 1.839342117
-0.537162244 0.054763179 0.841699302 40.499935150 0.030278560 0.998498797 -0.045641575 0.375282168 -0.842935264 0.000968516 -0.538014054 1.401163101
-0.540571749 0.057719238 0.839315534 41.190582275 0.032102965 0.998332381 -0.047978409 0.325679183 -0.840685129 0.001008744 -0.541523159 0.954282761
-0.540580034 0.059855383 0.839160681 41.894721985 0.031269673 0.998206139 -0.051056080 0.281315327 -0.840711176 -0.001359617 -0.541481972 0.513921738
-0.537098885 0.060137875 0.841372848 42.601158142 0.033475220 0.998189211 -0.049977221 0.229298830 -0.842854738 0.001322430 -0.538139462 0.054689407
-0.531236470 0.058940675 0.845170856 43.340412140 0.031477448 0.998261392 -0.049831633 0.173841238 -0.846638620 0.000131449 -0.532168210 -0.405977249
-0.524193823 0.057933923 0.849626124 44.102039337 0.029649798 0.998319983 -0.049779959 0.124296904 -0.851082742 -0.000903107 -0.525030851 -0.868080139
-0.517031789 0.057181321 0.854054213 44.875274658 0.027625415 0.998361111 -0.050119057 0.069193006 -0.855520368 -0.002319543 -0.517764091 -1.328905106
-0.510738134 0.055687759 0.857930899 45.656547546 0.025200263 0.998440862 -0.049806107 0.010691524 -0.859366894 -0.003817796 -0.511345208 -1.787477493
-0.506762803 0.053269349 0.860438168 46.457401276 0.020532938 0.998551667 -0.049726848 -0.042718649 -0.861840963 -0.007532393 -0.507122576 -2.241994858
-0.505148113 0.050457116 0.861556411 47.287765503 0.016065747 0.998666227 -0.049067289 -0.098008037 -0.862883151 -0.010944698 -0.505284965 -2.720882416
-0.505802274 0.047818322 0.861323118 48.120994568 0.013455329 0.998778343 -0.047547970 -0.160324931 -0.862544477 -0.012460480 -0.505827725 -3.194204330
-0.506819963 0.046730470 0.860784352 48.963607788 0.012599952 0.998824477 -0.046805717 -0.219013810 -0.861959755 -0.012876229 -0.506813049 -3.682312012
-0.507146597 0.045957379 0.860633492 49.829811096 0.011933543 0.998856008 -0.046306282 -0.273356199 -0.861777186 -0.013213669 -0.507114828 -4.190971375
-0.507360041 0.045623805 0.860525489 50.696460724 0.011754953 0.998870909 -0.046028029 -0.328544617 -0.861654043 -0.013237344 -0.507323503 -4.696710587
-0.507487476 0.044500787 0.860509157 51.572383881 0.011895986 0.998932064 -0.044643566 -0.387945890 -0.861577034 -0.012419443 -0.507474840 -5.208869934
-0.507464886 0.044429671 0.860526323 52.459575653 0.012158680 0.998939693 -0.044405919 -0.448087454 -0.861586571 -0.012071588 -0.507467091 -5.729280472
-0.507618725 0.042937979 0.860511184 53.357063293 0.010011977 0.998983979 -0.043941420 -0.505711198 -0.861523628 -0.013690070 -0.507532895 -6.256134033
-0.507840753 0.041924901 0.860430181 54.238353729 0.008851390 0.999016345 -0.043453332 -0.566509724 -0.861405492 -0.014451372 -0.507712245 -6.763761520
-0.506986976 0.041123167 0.860972285 55.131210327 0.007865773 0.999040365 -0.043086026 -0.630077720 -0.861917853 -0.015071839 -0.506823897 -7.285152435
-0.505947590 0.039704606 0.861649930 56.009880066 0.007638992 0.999107122 -0.041553095 -0.688610077 -0.862530410 -0.014441552 -0.505799115 -7.795499802
-0.503693044 0.037573103 0.863065183 56.895847321 0.007832184 0.999211252 -0.038929209 -0.749257088 -0.863847196 -0.012848687 -0.503590047 -8.311973572
-0.501059234 0.036014508 0.864663184 57.777072906 0.008140528 0.999285579 -0.036904424 -0.808978081 -0.865374744 -0.011452489 -0.500994444 -8.821651459
-0.498724282 0.035921246 0.866016090 58.669788361 0.008274048 0.999292612 -0.036684498 -0.863890767 -0.866721392 -0.011129991 -0.498668581 -9.329765320
-0.496902674 0.036110774 0.867054641 59.554405212 0.008160351 0.999284148 -0.036941182 -0.918511271 -0.867767990 -0.011280702 -0.496841550 -9.829833984
-0.495680183 0.036651682 0.867731333 60.428588867 0.008009443 0.999259591 -0.037631944 -0.974966526 -0.868468106 -0.011703366 -0.495606720 -10.330207825
-0.496472001 0.038111638 0.867215693 61.307041168 0.007494837 0.999186695 -0.039620679 -1.032114744 -0.868020296 -0.013170916 -0.496353805 -10.827915192
-0.499700516 0.039740033 0.865286112 62.176803589 0.006152296 0.999084711 -0.042332072 -1.091677308 -0.866176307 -0.015829861 -0.499487609 -11.316787720
-0.504093230 0.040335204 0.862706780 63.055065155 0.004753969 0.999023259 -0.043930758 -1.151799798 -0.863636076 -0.018043920 -0.503792703 -11.828851700
-0.509788752 0.038943641 0.859417737 63.917972565 0.006308443 0.999117255 -0.041531950 -1.212497711 -0.860276520 -0.015750933 -0.509584427 -12.335092545
-0.515239656 0.036739781 0.856258273 64.774597168 0.007387129 0.999234021 -0.038429402 -1.269431591 -0.857014298 -0.013475066 -0.515116453 -12.848526001
-0.520502150 0.034018800 0.853182375 65.639846802 0.004597894 0.999303222 -0.037039999 -1.331663489 -0.853847980 -0.015356560 -0.520295799 -13.362749100
-0.525483012 0.037295964 0.849986255 66.484237671 0.007267696 0.999199092 -0.039350089 -1.390880346 -0.850773036 -0.014500363 -0.525333166 -13.883945465
-0.530574203 0.039124802 0.846735060 67.326560974 0.007150572 0.999105215 -0.041684687 -1.439315557 -0.847608328 -0.016062183 -0.530379236 -14.403598785
-0.535542130 0.040047996 0.843558371 68.150588989 0.006011338 0.999030471 -0.043612674 -1.497461081 -0.844487131 -0.018285513 -0.535263598 -14.914564133
-0.538729072 0.040297989 0.841514766 68.959243774 0.005236486 0.998996258 -0.044487022 -1.558378577 -0.842462778 -0.019559877 -0.538399339 -15.439537048
-0.542011380 0.040095117 0.839414179 69.777954102 0.006734233 0.999036312 -0.043371256 -1.615590930 -0.840344131 -0.017854907 -0.541759074 -15.963918686
-0.544150412 0.032918554 0.838341713 70.591728210 0.006851104 0.999370992 -0.034794666 -1.664571643 -0.838959694 -0.013189960 -0.544033647 -16.491903305
-0.546669781 0.023458270 0.837019622 71.419097900 0.005134117 0.999682605 -0.024663890 -1.721402168 -0.837332487 -0.009185643 -0.546616733 -17.027860641
-0.548671186 0.022284985 0.835741162 72.235008240 0.006228516 0.999725878 -0.022568550 -1.762185216 -0.836014986 -0.007177287 -0.548659682 -17.554502487
-0.549297690 0.026816614 0.835196435 73.024467468 0.006668002 0.999593735 -0.027709652 -1.809458256 -0.835600257 -0.009651757 -0.549253285 -18.074657440
-0.551160693 0.033134565 0.833740950 73.826400757 0.008136515 0.999377131 -0.034338474 -1.851315618 -0.834359586 -0.012142273 -0.551086843 -18.587795258
-0.550772965 0.036899552 0.833838999 74.605987549 0.013506135 0.999285519 -0.035299834 -1.895715117 -0.834545672 -0.008180249 -0.550877869 -19.126775742
-0.550486386 0.038490176 0.833956361 75.396362305 0.017179711 0.999247372 -0.034778815 -1.945758581 -0.834667325 -0.004818132 -0.550733387 -19.660556793
-0.550258577 0.035088658 0.834256709 76.198143005 0.015253956 0.999372363 -0.031972192 -1.987140059 -0.834855080 -0.004867258 -0.550448418 -20.178625107
-0.549540460 0.030082842 0.834925354 76.984947205 0.013719879 0.999541819 -0.026983762 -2.029206753 -0.835354328 -0.003373596 -0.549701393 -20.696004868
-0.549528420 0.023011340 0.835158110 77.793533325 0.010588297 0.999732137 -0.020578861 -2.073003292 -0.835407972 -0.002465768 -0.549624860 -21.205345154
-0.549468219 0.017540820 0.835330486 78.593658447 0.001995292 0.999804318 -0.019682072 -2.107539654 -0.835512280 -0.009147944 -0.549395680 -21.701009750
-0.547665834 0.012503664 0.836603820 79.389289856 -0.005566083 0.999811828 -0.018586654 -2.136511803 -0.836678624 -0.014835884 -0.547493219 -22.208860397
-0.545882642 0.013102861 0.837759256 80.180084229 -0.002337450 0.999850035 -0.017161099 -2.175459862 -0.837858379 -0.011326168 -0.545770228 -22.715398788
-0.542267859 0.016610665 0.840041339 80.974555969 0.001799197 0.999825239 -0.018608747 -2.206596375 -0.840203762 -0.008579524 -0.542202950 -23.243957520
-0.536828279 0.019901499 0.843456805 81.765007019 0.003774409 0.999768376 -0.021187432 -2.236122370 -0.843683183 -0.008190461 -0.536779106 -23.748243332
-0.529294848 0.021914853 0.848154843 82.553283691 0.008729650 0.999754071 -0.020384140 -2.272815704 -0.848392963 -0.003385126 -0.529356122 -24.238487244
-0.520576715 0.025721824 0.853427351 83.358383179 0.016031541 0.999664366 -0.020350350 -2.307651043 -0.853664517 0.003087841 -0.520814300 -24.750202179
-0.511158884 0.024860321 0.859126627 84.148849487 0.013865780 0.999690056 -0.020677978 -2.341334343 -0.859374404 0.001342730 -0.511345148 -25.204481125
-0.500369191 0.022524122 0.865519047 84.958023071 0.011889167 0.999746084 -0.019143920 -2.373390436 -0.865730584 0.000711270 -0.500509918 -25.662515640
-0.488705277 0.019174814 0.872238159 85.762649536 0.011894400 0.999811947 -0.015315030 -2.407353401 -0.872367799 0.002890211 -0.488841504 -26.106643677
-0.477952033 0.018066203 0.878200173 86.578224182 0.010904235 0.999833405 -0.014633901 -2.437912464 -0.878318250 0.002581798 -0.478069365 -26.545146942
-0.466263533 0.017535156 0.884472072 87.396461487 0.011558970 0.999838948 -0.013728873 -2.461935997 -0.884570360 0.003822314 -0.466391057 -26.967584610
-0.454277873 0.018785775 0.890661955 88.218910217 0.012533911 0.999813497 -0.014695127 -2.488742352 -0.890771806 0.004487807 -0.454428554 -27.383890152
-0.442081898 0.022070181 0.896703124 89.045585632 0.011874041 0.999753714 -0.018752519 -2.530780792 -0.896896124 0.002357342 -0.442235053 -27.788015366
-0.430588394 0.031361941 0.902003348 89.871795654 0.014012147 0.999507904 -0.028063139 -2.559432745 -0.902439654 0.000555343 -0.430815965 -28.181945801
-0.418006957 0.035972994 0.907731295 90.697608948 0.013412770 0.999351144 -0.033427313 -2.593881845 -0.908344805 -0.001797658 -0.418218195 -28.555063248
-0.406588554 0.032445211 0.913035095 91.533218384 0.012073532 0.999472737 -0.030140292 -2.639413595 -0.913531601 -0.001231139 -0.406765908 -28.918262482
-0.395026058 0.028636128 0.918223560 92.380371094 0.009208953 0.999587297 -0.027211819 -2.678612232 -0.918623805 -0.002293497 -0.395126641 -29.275693893
-0.384954393 0.028734151 0.922488153 93.230072021 0.005001074 0.999565482 -0.029048044 -2.720096350 -0.922922015 -0.006568742 -0.384930879 -29.629613876
-0.378017336 0.032980584 0.925210834 94.067832947 -0.000012612 0.999365032 -0.035629079 -2.767361641 -0.925798595 -0.013480081 -0.377776891 -29.958335876
-0.373661280 0.038136993 0.926780820 94.911811829 -0.005905644 0.999036312 -0.043491352 -2.809647083 -0.927546442 -0.021724271 -0.373075932 -30.278348923
-0.369961709 0.040188387 0.928177357 95.756729126 -0.008283181 0.998881519 -0.046551351 -2.863615751 -0.929010093 -0.024910482 -0.369215101 -30.610755920
-0.366098136 0.040024709 0.929715157 96.594558716 -0.009167740 0.998871028 -0.046611927 -2.920445681 -0.930531085 -0.025587926 -0.365317881 -30.934261322
-0.361790478 0.039953880 0.931402922 97.425102234 -0.010858495 0.998832941 -0.047064219 -2.972751617 -0.932196200 -0.027141020 -0.360934287 -31.240716934
-0.355735719 0.035763163 0.933902085 98.275375366 -0.013512752 0.998966277 -0.043401934 -3.025883436 -0.934488952 -0.028059205 -0.354884714 -31.562515259
-0.350350529 0.031871259 0.936076224 99.127082825 -0.013196253 0.999153733 -0.038957946 -3.082260132 -0.936525702 -0.026001634 -0.349633515 -31.874200821
-0.344506145 0.028952379 0.938337505 99.968276978 -0.015483339 0.999213040 -0.036515333 -3.131321192 -0.938656449 -0.027108353 -0.343786836 -32.175334930
-0.338728666 0.026873048 0.940500319 100.834365845 -0.023685420 0.999031782 -0.037075974 -3.185678959 -0.940585971 -0.034834839 -0.337764174 -32.470199585
-0.332775563 0.027214900 0.942613244 101.678230286 -0.030255532 0.998760700 -0.039517239 -3.231155396 -0.942520559 -0.041669637 -0.331539780 -32.746810913
-0.326168478 0.031217054 0.944796026 102.520530701 -0.028115813 0.998692095 -0.042704146 -3.284058094 -0.944893420 -0.040492460 -0.324864149 -33.030338287
-0.319318056 0.034553427 0.947017372 103.370048523 -0.026893912 0.998602092 -0.045503743 -3.332986593 -0.947265804 -0.039999176 -0.317942411 -33.311897278
-0.312644511 0.032795548 0.949303865 104.230056763 -0.028179960 0.998643637 -0.043780889 -3.383141518 -0.949452102 -0.040439200 -0.311296254 -33.587722778
-0.305503875 0.027823431 0.951784253 105.077659607 -0.029256437 0.998826802 -0.038589358 -3.433717489 -0.951741219 -0.039635018 -0.304331481 -33.853599548
-0.298699677 0.025153678 0.954015613 105.937240601 -0.030207327 0.998902559 -0.035795003 -3.485543251 -0.953869045 -0.039510213 -0.297612041 -34.112510681
-0.292224497 0.028477104 0.955925703 106.794143677 -0.032627534 0.998677790 -0.039724857 -3.528294325 -0.955793023 -0.042798076 -0.290908962 -34.362926483
-0.285895735 0.031152202 0.957754135 107.647583008 -0.032185078 0.998595297 -0.042088058 -3.580251217 -0.957719982 -0.042858195 -0.284491539 -34.610702515
-0.279192239 0.031569965 0.959716141 108.503761292 -0.034234636 0.998496711 -0.042804897 -3.629916668 -0.959624708 -0.044806328 -0.277691782 -34.847915649
-0.272174329 0.031194640 0.961742163 109.364646912 -0.034503363 0.998515189 -0.042151898 -3.683341503 -0.961629152 -0.044656008 -0.270693958 -35.088203430
-0.263806731 0.031010957 0.964076936 110.224960327 -0.030479541 0.998715878 -0.040465496 -3.734747410 -0.964093804 -0.040059697 -0.262522817 -35.325660706
-0.256263018 0.032262657 0.966068625 111.081130981 -0.027751809 0.998785198 -0.040716812 -3.785283089 -0.966208637 -0.037244361 -0.255056351 -35.551418304
-0.249532968 0.032815699 0.967810094 111.939498901 -0.026100911 0.998834610 -0.040597323 -3.833594322 -0.968014479 -0.035391096 -0.248385653 -35.767108917
-0.242967680 0.031629175 0.969518542 112.808143616 -0.032133956 0.998657286 -0.040632758 -3.882026434 -0.969501972 -0.041026913 -0.241625115 -35.966613770
-0.237217367 0.029764421 0.971000493 113.671676636 -0.037145052 0.998521686 -0.039682649 -3.929221153 -0.970746100 -0.045481276 -0.235761076 -36.166748047
-0.232707277 0.029845381 0.972088754 114.548309326 -0.034679234 0.998638749 -0.038962349 -3.978700638 -0.971928298 -0.042778105 -0.231355458 -36.370635986
-0.228463858 0.029889660 0.973093390 115.416633606 -0.033134632 0.998710752 -0.038455915 -4.031023979 -0.972988307 -0.041028876 -0.227178976 -36.563205719
-0.223153174 0.031877171 0.974261940 116.287864685 -0.031830180 0.998693824 -0.039967213 -4.076118469 -0.974263549 -0.039929751 -0.221847057 -36.766426086
-0.217281565 0.030489756 0.975632668 117.149269104 -0.025682328 0.998987436 -0.036939297 -4.127177715 -0.975771070 -0.033082746 -0.216278508 -36.958477020
-0.212051898 0.029400706 0.976816118 118.025573730 -0.018575210 0.999245584 -0.034108199 -4.170882225 -0.977081835 -0.025377270 -0.211345792 -37.154384613
-0.207031310 0.028846784 0.977908969 118.894302368 -0.016691836 0.999315619 -0.033012044 -4.218220234 -0.978191912 -0.023157623 -0.206408113 -37.333122253
-0.202947840 0.030214598 0.978723288 119.767303467 -0.018810300 0.999219060 -0.034747835 -4.262106895 -0.979008794 -0.025462074 -0.202221036 -37.509029388
-0.199002728 0.031935200 0.979478419 120.652038574 -0.020272464 0.999120891 -0.036694430 -4.309106827 -0.979789257 -0.027158733 -0.198180333 -37.688297272
-0.197095677 0.031566929 0.979875982 121.521377563 -0.023102611 0.999054432 -0.036831707 -4.352442265 -0.980112016 -0.029897064 -0.196180031 -37.853919983
-0.196548656 0.030327030 0.980024934 122.394203186 -0.023285951 0.999095261 -0.035587266 -4.397818565 -0.980217576 -0.029815441 -0.195664644 -38.015796661
-0.195608988 0.025517793 0.980349958 123.272697449 -0.022268536 0.999288082 -0.030453973 -4.445149899 -0.980429113 -0.027788030 -0.194901466 -38.188037872
-0.194900647 0.020726642 0.980603993 124.144699097 -0.023352306 0.999395251 -0.025765229 -4.485495090 -0.980544925 -0.027921023 -0.194298759 -38.354469299
-0.194201246 0.018999744 0.980777740 125.011154175 -0.022735938 0.999456704 -0.023863479 -4.524350166 -0.980698109 -0.026933219 -0.193663746 -38.521492004
-0.192955881 0.023139214 0.980934560 125.866668701 -0.023363035 0.999330163 -0.028168797 -4.568727493 -0.980929255 -0.028352940 -0.192286015 -38.684162140
-0.192758083 0.026813352 0.980879903 126.748237610 -0.022902738 0.999231279 -0.031815752 -4.609626293 -0.980978966 -0.028597577 -0.191995859 -38.855041504
-0.192808449 0.026390141 0.980881453 127.578048706 -0.026034458 0.999148726 -0.031999122 -4.643421650 -0.980890930 -0.031706415 -0.191957295 -39.009208679
-0.192591652 0.025124043 0.980957210 128.429168701 -0.027948018 0.999126256 -0.031076424 -4.690703392 -0.980880916 -0.033400875 -0.191721201 -39.165096283
-0.191553921 0.026557753 0.981122613 129.269409180 -0.023378568 0.999226809 -0.031612229 -4.730825424 -0.981203675 -0.028992694 -0.190784901 -39.333969116
-0.190167382 0.028620591 0.981334388 130.122619629 -0.025609775 0.999090254 -0.034101218 -4.772491932 -0.981417656 -0.031616695 -0.189261407 -39.502719879
-0.190639272 0.029943340 0.981203377 130.962814331 -0.032214016 0.998805463 -0.036739416 -4.818926334 -0.981131434 -0.038612474 -0.189447016 -39.646789551
-0.189774215 0.031106507 0.981334925 131.798355103 -0.038208522 0.998506784 -0.039039738 -4.866668701 -0.981083989 -0.044904090 -0.188302308 -39.796817780
-0.189389601 0.035096992 0.981274545 132.623886108 -0.034406994 0.998510063 -0.042354129 -4.913913727 -0.981298864 -0.041784149 -0.187899828 -39.952377319
-0.189305097 0.036017735 0.981257498 133.439025879 -0.033760108 0.998497427 -0.043163572 -4.962971687 -0.981337786 -0.041298453 -0.187804714 -40.102096558
-0.187556207 0.036959857 0.981558323 134.259658813 -0.035175327 0.998398125 -0.044315252 -5.010044575 -0.981623828 -0.042838234 -0.185955673 -40.253250122
-0.185475633 0.036770817 0.981960773 135.088500977 -0.025366917 0.998787403 -0.042192295 -5.059845448 -0.982321322 -0.032734960 -0.184318021 -40.416744232
-0.181506634 0.033591591 0.982815802 135.909133911 -0.019060940 0.999108493 -0.037668634 -5.110540390 -0.983204901 -0.025570497 -0.180704519 -40.580768585
-0.179532364 0.028355651 0.983343303 136.724716187 -0.015506225 0.999378800 -0.031649068 -5.158691883 -0.983629763 -0.020929977 -0.178981155 -40.730773926
-0.175776958 0.028342495 0.984022021 137.535400391 -0.013472788 0.999422550 -0.031192737 -5.200449944 -0.984337807 -0.018740483 -0.175293624 -40.876010895
-0.170775160 0.033150405 0.984752119 138.335372925 -0.012864823 0.999273598 -0.035870254 -5.247793198 -0.985225976 -0.018794412 -0.170224637 -41.015510559
-0.163995996 0.036148094 0.985798478 139.130111694 -0.011551877 0.999189496 -0.038560886 -5.291078091 -0.986393332 -0.017711649 -0.163445473 -41.143970490
-0.156249806 0.037063614 0.987022042 139.932418823 -0.011268181 0.999163806 -0.039303359 -5.330101967 -0.987653255 -0.017263088 -0.155701518 -41.261131287
-0.146759748 0.032497734 0.988638163 140.734527588 -0.010094373 0.999358952 -0.034348622 -5.373968124 -0.989120662 -0.015020677 -0.146337628 -41.375389099
-0.134649590 0.031431392 0.990394711 141.530487061 -0.005797724 0.999454737 -0.032507163 -5.417069912 -0.990876317 -0.010119108 -0.134393960 -41.485054016
-0.120957486 0.033913065 0.992078185 142.326461792 -0.001861847 0.999406755 -0.034390580 -5.455760956 -0.992656052 -0.006006896 -0.120822564 -41.580924988
-0.106820948 0.035063628 0.993659914 143.113983154 -0.002415343 0.999365926 -0.035524640 -5.493826866 -0.994275331 -0.006194805 -0.106668524 -41.661491394
-0.092830040 0.034840293 0.995072246 143.910964966 -0.001138801 0.999383271 -0.035097472 -5.537371635 -0.995681345 -0.004391290 -0.092733108 -41.732734680
-0.079547606 0.036250208 0.996171772 144.692611694 -0.000318219 0.999337554 -0.036390826 -5.581748962 -0.996831059 -0.003211804 -0.079483375 -41.788227081
-0.065654099 0.042638827 0.996931016 145.464752197 -0.003373759 0.999071419 -0.042952545 -5.631854534 -0.997836709 -0.006183416 -0.065449283 -41.832477570
-0.052911922 0.052063260 0.997241080 146.229110718 -0.010485527 0.998555899 -0.052688248 -5.676064968 -0.998544157 -0.013244432 -0.052289594 -41.857032776
-0.039262924 0.059739809 0.997441530 146.995681763 -0.014608547 0.998070240 -0.060352504 -5.725533485 -0.999122143 -0.016940791 -0.038314443 -41.871334076
-0.026217328 0.060388692 0.997830570 147.760742188 -0.015285150 0.998032808 -0.060802538 -5.777100086 -0.999539435 -0.016846070 -0.025242697 -41.882358551
-0.014296383 0.056583989 0.998295486 148.533172607 -0.018684741 0.998208046 -0.056846615 -5.832706928 -0.999723196 -0.019465594 -0.013213508 -41.882724762
-0.003836496 0.053934302 0.998537183 149.296737671 -0.022608044 0.998284519 -0.054007523 -5.892162323 -0.999736965 -0.022782175 -0.002610565 -41.869731903
0.005270329 0.060454577 0.998157024 150.055603027 -0.026545260 0.997827590 -0.060294464 -5.953747272 -0.999633670 -0.026178569 0.006863662 -41.855365753
0.012183003 0.068312131 0.997589588 150.801818848 -0.029820621 0.997244775 -0.067924336 -6.008309364 -0.999481022 -0.028921222 0.014186544 -41.837177277
0.015130158 0.071212478 0.997346401 151.556320190 -0.032618515 0.996964812 -0.070690408 -6.063192368 -0.999353349 -0.031462397 0.017407082 -41.818946838
0.014963971 0.066616148 0.997666419 152.310607910 -0.034947552 0.997203529 -0.066061057 -6.123112202 -0.999277115 -0.033877466 0.017250195 -41.798934937
0.013281355 0.062070359 0.997983396 153.066589355 -0.036887698 0.997422576 -0.061544564 -6.191558361 -0.999231219 -0.035995916 0.015536754 -41.783393860
0.010109487 0.059508596 0.998176515 153.824401855 -0.036447395 0.997586191 -0.059104253 -6.241275787 -0.999284387 -0.035783421 0.012254018 -41.771980286
0.007690387 0.059878949 0.998176038 154.568206787 -0.034576587 0.997624636 -0.059579480 -6.293080330 -0.999372423 -0.034055334 0.009742530 -41.769847870
0.003461478 0.059767779 0.998206198 155.309936523 -0.033251077 0.997667134 -0.059620190 -6.350659370 -0.999440968 -0.032985065 0.005440747 -41.759319305
-0.000440482 0.058919318 0.998262584 156.053741455 -0.032657109 0.997729361 -0.058902264 -6.402593136 -0.999466479 -0.032626327 0.001484653 -41.764278412
-0.005658023 0.059030090 0.998240173 156.792617798 -0.033468343 0.997685671 -0.059187006 -6.453581333 -0.999423742 -0.033744331 -0.003669289 -41.765647888
-0.011851766 0.057518058 0.998274088 157.530349731 -0.034864161 0.997713447 -0.057899676 -6.504248619 -0.999321759 -0.035490215 -0.009819347 -41.765308380
-0.017219041 0.054797184 0.998349011 158.285003662 -0.031720195 0.997964501 -0.055323172 -6.565703392 -0.999348462 -0.032620437 -0.015445818 -41.788322449
-0.022371070 0.054619420 0.998256624 159.019714355 -0.032472242 0.997940063 -0.055329796 -6.616651535 -0.999222219 -0.033653419 -0.020551372 -41.804855347
-0.028613620 0.056261152 0.998005927 159.737075806 -0.034799758 0.997753501 -0.057244647 -6.663980007 -0.998984635 -0.036368340 -0.026591469 -41.806980133
-0.032127809 0.058246061 0.997785091 160.465286255 -0.034328315 0.997647226 -0.059343345 -6.724429607 -0.998894095 -0.036158849 -0.030052727 -41.830307007
-0.034778714 0.060366210 0.997570276 161.183609009 -0.034143765 0.997519553 -0.061553523 -6.779819489 -0.998811662 -0.036201548 -0.032631319 -41.853183746
-0.035419364 0.061650600 0.997469068 161.903945923 -0.031042779 0.997545958 -0.062757649 -6.834992409 -0.998890281 -0.033187050 -0.033418633 -41.888542175
-0.035248972 0.060479868 0.997546792 162.630813599 -0.028594162 0.997697413 -0.061499394 -6.887459755 -0.998969436 -0.030691803 -0.033438437 -41.909164429
-0.031108528 0.056418192 0.997922480 163.348785400 -0.025218282 0.998043537 -0.057211168 -6.944613457 -0.999197841 -0.026945645 -0.029624900 -41.934661865
-0.023380812 0.056233570 0.998143852 164.050537109 -0.024478359 0.998085201 -0.056803659 -6.999861717 -0.999426901 -0.025761040 -0.021959541 -41.949054718
-0.012092212 0.057348069 0.998281002 164.748519897 -0.021866979 0.998100042 -0.057602555 -7.049783707 -0.999687791 -0.022525933 -0.010815213 -41.951801300
0.001767425 0.057250850 0.998358190 165.438232422 -0.020020949 0.998161793 -0.057204142 -7.100708961 -0.999798000 -0.019886978 0.002910390 -41.941738129
0.017174091 0.055245943 0.998325050 166.115829468 -0.019993711 0.998291671 -0.054900143 -7.147912025 -0.999652505 -0.019017365 0.018249322 -41.925083160
0.033121847 0.050218869 0.998188794 166.799148560 -0.024955813 0.998467088 -0.049404781 -7.195398808 -0.999139607 -0.023274239 0.034324326 -41.883819580
0.049611956 0.043439798 0.997823417 167.483749390 -0.026184212 0.998766899 -0.042178985 -7.239865303 -0.998425245 -0.024034642 0.050688211 -41.837738037
0.066497490 0.036749724 0.997109592 168.161041260 -0.027164288 0.999017835 -0.035008449 -7.273629665 -0.997416794 -0.024757797 0.067430466 -41.778442383
0.084419794 0.028763659 0.996015012 168.834152222 -0.026196096 0.999301851 -0.026638264 -7.312412262 -0.996085882 -0.023842908 0.085114352 -41.718666077
0.101062834 0.022734523 0.994620144 169.495544434 -0.028047906 0.999406636 -0.019993993 -7.345087528 -0.994484723 -0.025876362 0.101640493 -41.633964539
0.119025834 0.020451345 0.992680430 170.148681641 -0.029369218 0.999422908 -0.017068777 -7.373961449 -0.992456734 -0.027122622 0.119557783 -41.542701721
0.137072340 0.019712312 0.990364909 170.788604736 -0.028307263 0.999471605 -0.015975680 -7.391884327 -0.990156472 -0.025844691 0.137557909 -41.444618225
0.154080629 0.019024944 0.987875104 171.425567627 -0.028945366 0.999472380 -0.014733628 -7.410585403 -0.987634182 -0.026324239 0.154550031 -41.328620911
0.169766739 0.018039612 0.985319197 172.055694580 -0.034276072 0.999335647 -0.012390591 -7.428982735 -0.984888017 -0.031669367 0.170272246 -41.195869446
0.185112804 0.014319526 0.982612967 172.675323486 -0.035290696 0.999345660 -0.007915014 -7.448259830 -0.982083380 -0.033211928 0.185497031 -41.075439453
0.196882948 0.010467036 0.980371118 173.300277710 -0.032124218 0.999474943 -0.004219658 -7.463693142 -0.979900599 -0.030662876 0.197115809 -40.941425323
0.207696781 0.009512406 0.978146911 173.918792725 -0.030071199 0.999542177 -0.003335243 -7.479341030 -0.977730930 -0.028721334 0.207887754 -40.805973053
0.217630714 0.013255650 0.975941122 174.521362305 -0.034704391 0.999380469 -0.005835083 -7.498496532 -0.975413918 -0.032599553 0.217955947 -40.657569885
0.226306275 0.020409804 0.973842323 175.109924316 -0.039320022 0.999156952 -0.011802964 -7.518593788 -0.973262191 -0.035620421 0.226918012 -40.499343872
0.235332593 0.030013654 0.971451283 175.692352295 -0.039286561 0.998999894 -0.021347675 -7.536807537 -0.971120477 -0.033141173 0.236276388 -40.353637695
0.243787900 0.035892375 0.969164193 176.288345337 -0.034083795 0.999014676 -0.028424285 -7.552041054 -0.969229519 -0.026103290 0.244771063 -40.207118988
0.250036210 0.033823404 0.967645466 176.886444092 -0.033118669 0.999103725 -0.026365254 -7.570674896 -0.967669845 -0.025454864 0.250932276 -40.045726776
0.255905062 0.026520655 0.966338038 177.484161377 -0.036177088 0.999186039 -0.017841758 -7.589624405 -0.966024697 -0.030393498 0.256656259 -39.876716614
0.260107279 0.016037332 0.965446532 178.103744507 -0.039553851 0.999199748 -0.005941561 -7.606289387 -0.964769244 -0.036641680 0.260533392 -39.694240570
0.262336940 0.008036121 0.964942873 178.710601807 -0.040026587 0.999195278 0.002560564 -7.625603199 -0.964145899 -0.039295107 0.262447447 -39.525825500
0.263261765 0.007030727 0.964698911 179.311721802 -0.037105117 0.999307275 0.002842862 -7.642888546 -0.964010596 -0.036543686 0.263340265 -39.360004425
0.264353156 0.009389779 0.964380264 179.914077759 -0.033226840 0.999447644 -0.000623172 -7.647883892 -0.963853419 -0.031878568 0.264519066 -39.199794769
0.266642541 0.008690140 0.963756382 180.520874023 -0.029657964 0.999559700 -0.000807509 -7.655252934 -0.963339090 -0.028367732 0.266782880 -39.039859772
0.267908216 0.006639927 0.963421583 181.129333496 -0.031961318 0.999487102 0.001999310 -7.656763077 -0.962914109 -0.031327851 0.267983079 -38.858863831
0.270745665 0.003143321 0.962645769 181.741836548 -0.032707900 0.999447286 0.005935661 -7.665721893 -0.962095022 -0.033093181 0.270698845 -38.681522369
0.273572594 -0.001843275 0.961849570 182.348129272 -0.031975567 0.999428034 0.011009892 -7.673971176 -0.961319745 -0.033767700 0.273357153 -38.501056671
0.278129041 -0.004605397 0.960532606 182.969940186 -0.030639183 0.999437153 0.013663721 -7.675158501 -0.960054994 -0.033230215 0.277831376 -38.321014404
0.284078956 -0.006902160 0.958776057 183.577880859 -0.028740993 0.999463439 0.015710829 -7.672571182 -0.958370090 -0.032019295 0.283728123 -38.130702972
0.291872174 -0.009913110 0.956405938 184.200836182 -0.027478851 0.999446630 0.018745113 -7.673799038 -0.956062496 -0.031752121 0.291438222 -37.934387207
0.301971883 -0.012049176 0.953240693 184.825119019 -0.024402689 0.999494791 0.020364229 -7.677405834 -0.953004479 -0.029411057 0.301525295 -37.745220184
0.312943518 -0.009943412 0.949719667 185.439575195 -0.025938023 0.999482751 0.019011298 -7.677664757 -0.949417531 -0.030583315 0.312523752 -37.530200958
0.324595958 -0.006313312 0.945831656 186.053146362 -0.027046232 0.999506831 0.015953466 -7.677401543 -0.945466042 -0.030759612 0.324265182 -37.309925079
0.336619407 -0.003324344 0.941634834 186.670837402 -0.028003300 0.999516129 0.013539421 -7.676935673 -0.941224277 -0.030926520 0.336363465 -37.085060120
0.347912848 -0.003346680 0.937520921 187.284225464 -0.026389459 0.999562442 0.013361246 -7.674669266 -0.937155306 -0.029389217 0.347672343 -36.847278595
0.359935075 -0.006152373 0.932957053 187.921112061 -0.025385737 0.999543488 0.016385298 -7.669198036 -0.932631910 -0.029581448 0.359614551 -36.606132507
