0.9999974370002747 -0.00222196476534009 -0.00042712411959655583 0.17335212230682373 0.0022235827054828405 0.9999902248382568 0.0038256212137639523 -1.0557774305343628 0.0004186195437796414 -0.003826561151072383 0.9999926090240479 -0.08043870329856873
0.9999819993972778 -0.004668935667723417 -0.0037718997336924076 0.17005492746829987 0.004675031639635563 0.999987781047821 0.001608795952051878 -1.058300256729126 0.0037643425166606903 -0.0016264005098491907 0.9999915957450867 0.5862933397293091
0.9999597072601318 -0.0038570109754800797 -0.008108869194984436 0.16326625645160675 0.00385884172283113 0.9999925494194031 0.000210099620744586 -1.0614910125732422 0.008107997477054596 -0.00024138152366504073 0.999967098236084 1.2871891260147095
0.9999246001243591 -0.003604111960157752 -0.011741488240659237 0.14368952810764313 0.0035903886891901493 0.999992847442627 -0.0011896510841324925 -1.0607550144195557 0.0117456940934062 0.001147403963841498 0.9999303817749023 1.9858558177947998
0.9998602867126465 -0.0022655061911791563 -0.01655948907136917 0.12208135426044464 0.002234178129583597 0.9999956488609314 -0.0019100899808108807 -1.0608339309692383 0.016563745215535164 0.0018728261347860098 0.9998610615730286 2.712867498397827
0.9997725486755371 -0.0031365545000880957 -0.021096568554639816 0.11004661023616791 0.0030961246229708195 0.9999932646751404 -0.0019488215912133455 -1.071909785270691 0.021102536469697952 0.0018830614862963557 0.9997755289077759 3.453094720840454
0.999671995639801 -0.0014076696243137121 -0.02557217702269554 0.08437398076057434 0.0013237402308732271 0.999993622303009 -0.003298694733530283 -1.0729789733886719 0.025576654821634293 0.0032637622207403183 0.9996674656867981 4.2064056396484375
0.9995418190956116 0.0013435740256682038 -0.030239209532737732 0.051233306527137756 -0.0014618909917771816 0.9999913573265076 -0.003890946740284562 -1.0805436372756958 0.030233722180128098 0.003933370113372803 0.999535083770752 4.967918872833252
0.9993977546691895 0.0014425121480599046 -0.034669794142246246 0.021579355001449585 -0.0015203611692413688 0.9999963641166687 -0.0022191780153661966 -1.0843833684921265 0.03466646000742912 0.0022705523297190666 0.9993963837623596 5.759888648986816
0.999228298664093 0.000882010324858129 -0.039267923682928085 -0.012971773743629456 -0.0008725844090804458 0.9999995827674866 0.00025718403048813343 -1.086411952972412 0.0392681360244751 -0.00022272090427577496 0.9992287755012512 6.561720848083496
0.9991050362586975 0.00048564583994448185 -0.042294908314943314 -0.057266831398010254 -0.00035408593248575926 0.9999950528144836 0.003117975313216448 -1.0919582843780518 0.04229620844125748 -0.0031002091709524393 0.9991003274917603 7.365513324737549
0.9989883899688721 0.001704264315776527 -0.044935211539268494 -0.09710106253623962 -0.0016064263181760907 0.9999961853027344 0.0022133083548396826 -1.0958952903747559 0.04493881016969681 -0.002138883573934436 0.9989874362945557 8.178088188171387
0.9988956451416016 0.0012442107545211911 -0.04696673899888992 -0.14402377605438232 -0.001156948390416801 0.9999975562095642 0.0018851098138839006 -1.0972875356674194 0.046968962997198105 -0.0018286900594830513 0.9988946914672852 8.99826431274414
0.9988211989402771 -0.0012982467887923121 -0.04852234572172165 -0.18800926208496094 0.0013556259218603373 0.9999984502792358 0.0011496393708512187 -1.1003023386001587 0.0485207736492157 -0.0012140623293817043 0.9988213777542114 9.826472282409668
0.9986972212791443 -0.0019286590395495296 -0.05098987743258476 -0.22501754760742188 0.0020429447758942842 0.9999954700469971 0.002189316786825657 -1.1062828302383423 0.050985418260097504 -0.0022906344383955 0.9986966848373413 10.668876647949219
0.9986169934272766 -0.003410095814615488 -0.05246475338935852 -0.2723524272441864 0.0035108388401567936 0.9999921917915344 0.0018281603697687387 -1.1105010509490967 0.052458107471466064 -0.0020098271779716015 0.9986211061477661 11.52034854888916
0.998516857624054 -0.0011725469958037138 -0.05443001911044121 -0.32399874925613403 0.0011500983964651823 0.9999993443489075 -0.00044375681318342686 -1.117126703262329 0.05443050339818001 0.00038049882277846336 0.9985174536705017 12.376801490783691
0.9984554052352905 -0.0007146778516471386 -0.05555310472846031 -0.3781753480434418 0.0005385483964346349 0.9999947547912598 -0.0031853746622800827 -1.122537612915039 0.05555509030818939 0.0031505366787314415 0.9984506368637085 13.240039825439453
0.9983660578727722 0.0030972687527537346 -0.057057373225688934 -0.4400582015514374 -0.0033713055308908224 0.9999831914901733 -0.004707204177975655 -1.1329814195632935 0.05704183876514435 0.00489187054336071 0.998359739780426 14.113004684448242
0.9982956051826477 0.0041643050499260426 -0.058212760835886 -0.4946590065956116 -0.0044161775149405 0.9999814629554749 -0.0041987719014286995 -1.1436082124710083 0.058194197714328766 0.004448689520359039 0.9982953071594238 14.998191833496094
0.9982142448425293 0.003068737918511033 -0.05965465307235718 -0.5502364635467529 -0.0032241889275610447 0.9999917149543762 -0.002509774174541235 -1.1555784940719604 0.059646446257829666 0.0026976303197443485 0.9982158541679382 15.892696380615234
0.9981482625007629 0.004141109064221382 -0.060685474425554276 -0.6144412755966187 -0.0042223031632602215 0.9999904632568359 -0.0012097801081836224 -1.1620324850082397 0.060679882764816284 0.0014637724962085485 0.9981561303138733 16.78826904296875
0.9980774521827698 0.0034359802957624197 -0.06188252195715904 -0.6683189272880554 -0.0035082921385765076 0.9999932050704956 -0.0010599390370771289 -1.1748919486999512 0.06187846139073372 0.0012750033056363463 0.9980828762054443 17.685354232788086
0.9979719519615173 0.0033336211927235126 -0.06356701999902725 -0.7295407056808472 -0.0034631688613444567 0.9999920725822449 -0.0019279022235423326 -1.1827398538589478 0.06356009095907211 0.002144136466085911 0.9979757070541382 18.59160614013672
0.9979068040847778 0.0018064109608530998 -0.06464255601167679 -0.7905569076538086 -0.0019698506221175194 0.9999949932098389 -0.0024647002574056387 -1.1952985525131226 0.06463778764009476 0.002586877904832363 0.997905433177948 19.51035499572754
0.997871458530426 0.001759022707119584 -0.0651874840259552 -0.8518576622009277 -0.001820745994336903 0.9999979734420776 -0.0008874511113390326 -1.2030420303344727 0.0651857852935791 0.0010042520007118583 0.9978726506233215 20.42500114440918
0.9978518486022949 0.002773949410766363 -0.06545178592205048 -0.9166597127914429 -0.0026307038497179747 0.9999939203262329 0.0022746524773538113 -1.207047462463379 0.06545770168304443 -0.0020975819788873196 0.99785315990448 21.350353240966797
0.9979180693626404 0.003652786137536168 -0.06439049541950226 -0.9836026430130005 -0.0032422123476862907 0.9999738335609436 0.00647965632379055 -1.2201954126358032 0.06441247463226318 -0.00625739898532629 0.9979037642478943 22.279844284057617
0.9980306029319763 0.002533024875447154 -0.06267926096916199 -1.0390574932098389 -0.0019531971774995327 0.9999547004699707 0.009310254827141762 -1.2220286130905151 0.06270001828670502 -0.009169493801891804 0.9979902505874634 23.200366973876953
0.9981299042701721 0.0027621923945844173 -0.06106621026992798 -1.1022461652755737 -0.0021569004748016596 0.9999479651451111 0.009975755587220192 -1.2214385271072388 0.061090581119060516 -0.009825386106967926 0.9980838298797607 24.142061233520508
0.9982184767723083 0.003219027305021882 -0.05957772582769394 -1.162198781967163 -0.0028085564263164997 0.9999718070030212 0.006972130388021469 -1.222787857055664 0.05959848314523697 -0.0067923832684755325 0.9981993436813354 25.075284957885742
0.9982619285583496 0.004080194514244795 -0.0587904267013073 -1.2175325155258179 -0.003933977801352739 0.999988853931427 0.00260261632502079 -1.2341437339782715 0.05880039930343628 -0.002366812899708748 0.998266875743866 26.021142959594727
0.9983621835708618 0.0030196618754416704 -0.05712910369038582 -1.2803001403808594 -0.003033025423064828 0.9999953508377075 -0.0001472064759582281 -1.2399855852127075 0.05712839961051941 0.0003202396910637617 0.9983667135238647 26.964008331298828
0.9984022974967957 0.0008029663003981113 -0.056498993188142776 -1.3372310400009155 -0.0007547904388047755 0.9999992251396179 0.0008740205084905028 -1.2444185018539429 0.0564996600151062 -0.0008299794280901551 0.9984022378921509 27.93009376525879
0.9983797073364258 -0.001000327873043716 -0.05689312517642975 -1.386939525604248 0.001335029024630785 0.9999819397926331 0.005845276638865471 -1.2545491456985474 0.05688625946640968 -0.0059117600321769714 0.9983630776405334 28.902080535888672
0.9983081221580505 -0.004736999049782753 -0.05795181542634964 -1.4406075477600098 0.00526727270334959 0.9999455809593201 0.009000932797789574 -1.2579004764556885 0.057906027883291245 -0.009290952235460281 0.998278796672821 29.876977920532227
0.9981906414031982 -0.012084671296179295 -0.05890405923128128 -1.4883370399475098 0.012612131424248219 0.9998834729194641 0.008590933866798878 -1.262783408164978 0.05879337713122368 -0.009318293072283268 0.9982267022132874 30.845199584960938
0.9980596899986267 -0.01478014700114727 -0.06048518046736717 -1.5422968864440918 0.015094731003046036 0.9998747110366821 0.004747365601360798 -1.2634912729263306 0.06040744110941887 -0.005651161540299654 0.998157799243927 31.826465606689453
0.9979960918426514 -0.014226019382476807 -0.06165550276637077 -1.6070666313171387 0.014297734014689922 0.9998974800109863 0.0007221525302156806 -1.2680914402008057 0.061638910323381424 -0.0016022395575419068 0.9980972409248352 32.80176544189453
0.9978930354118347 -0.012962630949914455 -0.06357220560312271 -1.6774492263793945 0.013000227510929108 0.9999154806137085 0.00017779978225007653 -1.2752193212509155 0.06356452405452728 -0.001003878191113472 0.9979772567749023 33.780616760253906
0.997835099697113 -0.012850644998252392 -0.06449741870164871 -1.741294026374817 0.012958883307874203 0.999915361404419 0.001260152435861528 -1.2818833589553833 0.06447575241327286 -0.002093238988891244 0.9979169964790344 34.773109436035156
0.9977762699127197 -0.009742259047925472 -0.06593675166368484 -1.81184983253479 0.010028686374425888 0.9999415874481201 0.004014344420284033 -1.2909739017486572 0.06589379906654358 -0.004666675813496113 0.9978156685829163 35.76948547363281
0.9977037310600281 -0.009905251674354076 -0.0670013502240181 -1.8838491439819336 0.010299979709088802 0.9999315738677979 0.0055484590120613575 -1.300356149673462 0.06694179028272629 -0.006225830875337124 0.997737467288971 36.767677307128906
0.9976407885551453 -0.008818473666906357 -0.06808136403560638 -1.95285964012146 0.009394671767950058 0.9999226927757263 0.008147836662828922 -1.305154800415039 0.06800423562526703 -0.008768216706812382 0.9976465106010437 37.73991775512695
0.9976710677146912 -0.00853267963975668 -0.06767304241657257 -2.0271337032318115 0.009296027012169361 0.9998965263366699 0.010973037220537663 -1.3063864707946777 0.06757240742444992 -0.011576573364436626 0.997647225856781 38.74896240234375
0.9976668357849121 -0.0023386888206005096 -0.06823129951953888 -2.1058263778686523 0.0032214513048529625 0.9999125003814697 0.012830626219511032 -1.3010069131851196 0.06819532811641693 -0.01302049309015274 0.9975870251655579 39.73696517944336
0.9976735711097717 -0.002062695100903511 -0.06814128160476685 -2.1832356452941895 0.002917646896094084 0.9999182224273682 0.012449613772332668 -1.3086622953414917 0.06811003386974335 -0.012619463726878166 0.9975980520248413 40.712623596191406
0.9976547956466675 -0.0028810426592826843 -0.06838559359312057 -2.249948501586914 0.0036298376508057117 0.9999347925186157 0.010827865451574326 -1.305290699005127 0.0683499351143837 -0.011050702072679996 0.9976001381874084 41.73384094238281
0.9976590871810913 -0.0006764351273886859 -0.06837990134954453 -2.3305301666259766 0.001258828560821712 0.9999633431434631 0.008474293164908886 -1.3054141998291016 0.06837166845798492 -0.008540536276996136 0.9976233243942261 42.728919982910156
0.9976158738136292 -0.0009981818730011582 -0.06900383532047272 -2.4028844833374023 0.001593971741385758 0.9999619126319885 0.008579636923968792 -1.3087506294250488 0.06899263709783554 -0.0086691714823246 0.9975796341896057 43.703739166259766
0.9975159764289856 -0.0027873164508491755 -0.07038494944572449 -2.472348213195801 0.003490572329610586 0.9999451637268066 0.009870548732578754 -1.314818263053894 0.07035357505083084 -0.010091714560985565 0.9974711537361145 44.690147399902344
0.9974707365036011 -0.0021250806748867035 -0.07104634493589401 -2.543733835220337 0.0029111604671925306 0.9999355673789978 0.010962610132992268 -1.3203469514846802 0.07101847976446152 -0.011141709983348846 0.9974127411842346 45.66606903076172
0.9974468350410461 -0.0004538700159173459 -0.07141151279211044 -2.6142828464508057 0.0009982050396502018 0.9999707341194153 0.007587009575217962 -1.325793981552124 0.07140597701072693 -0.007638921029865742 0.9974181056022644 46.646236419677734
0.9973627924919128 -5.198857979848981e-05 -0.0725756585597992 -2.6887035369873047 0.00028684837161563337 0.9999947547912598 0.0032256562262773514 -1.328191876411438 0.07257509976625443 -0.0032379678450524807 0.9973576664924622 47.610694885253906
0.9973269104957581 0.0013240493135526776 -0.0730559378862381 -2.768639326095581 -0.0011851522140204906 0.9999973773956299 0.0019445628859102726 -1.3313980102539062 0.07305831462144852 -0.0018527815118432045 0.9973259568214417 48.569679260253906
0.9973115921020508 -0.0008143163286149502 -0.07327242940664291 -2.8330767154693604 0.0012349927565082908 0.999983012676239 0.005696146748960018 -1.3466360569000244 0.07326653599739075 -0.0057713245041668415 0.9972956776618958 49.55558395385742
0.9972888231277466 -0.002637571422383189 -0.07354097813367844 -2.9038546085357666 0.003293300047516823 0.9999558925628662 0.008796671405434608 -1.3531197309494019 0.07351451367139816 -0.00901501253247261 0.9972533583641052 50.526187896728516
0.9972622990608215 -0.004337867256253958 -0.07381769269704819 -2.975278377532959 0.005053331609815359 0.9999420046806335 0.00950829777866602 -1.362012267112732 0.07377217710018158 -0.009855291806161404 0.9972264170646667 51.48307418823242
0.9972262978553772 -0.0074263704009354115 -0.07405782490968704 -3.043292999267578 0.008060402236878872 0.9999333620071411 0.008266106247901917 -1.3666143417358398 0.07399151474237442 -0.008840114809572697 0.9972196817398071 52.43964385986328
0.9971792101860046 -0.010203777812421322 -0.07435964047908783 -3.1135811805725098 0.010757233947515488 0.9999173283576965 0.007046263664960861 -1.3730064630508423 0.07428159564733505 -0.007826292887330055 0.9972066283226013 53.393375396728516
0.9970773458480835 -0.011803708039224148 -0.07548099011182785 -3.186410427093506 0.012449373491108418 0.9998897314071655 0.008089196868240833 -1.3769283294677734 0.07537718862295151 -0.009005245752632618 0.9971144199371338 54.35163497924805
0.996934711933136 -0.015606449916958809 -0.07666533440351486 -3.2482540607452393 0.016614830121397972 0.9997833967208862 0.01253279484808445 -1.3837146759033203 0.07645313441753387 -0.01376816164702177 0.9969781041145325 55.293800354003906
0.9969056844711304 -0.016174644231796265 -0.07692425698041916 -3.327094554901123 0.01753549836575985 0.9997007846832275 0.017048340290784836 -1.379863977432251 0.07662548869848251 -0.018344491720199585 0.9968912601470947 56.23493576049805
0.9968947768211365 -0.014113754034042358 -0.07746981829404831 -3.4094607830047607 0.015643015503883362 0.9996938109397888 0.01916882023215294 -1.3752336502075195 0.0771755650639534 -0.020321154966950417 0.9968104362487793 57.17368698120117
0.996760368347168 -0.013363225385546684 -0.07931055873632431 -3.4762113094329834 0.014648755080997944 0.9997702240943909 0.01564914546906948 -1.3802834749221802 0.07908318936824799 -0.01676025055348873 0.9967270493507385 58.12371826171875
0.9967030882835388 -0.01137605495750904 -0.0803334191441536 -3.5596399307250977 0.012026560492813587 0.9998986721038818 0.00761839747428894 -1.3792006969451904 0.08023858815431595 -0.008559414185583591 0.9967389106750488 59.03582763671875
0.9966328740119934 -0.009793060831725597 -0.08140657097101212 -3.6397695541381836 0.010062764398753643 0.9999451637268066 0.0029034335166215897 -1.3827755451202393 0.0813736692070961 -0.003712833859026432 0.9966768026351929 59.9532585144043
0.9965884685516357 -0.005588244181126356 -0.08234219253063202 -3.7157440185546875 0.005934657994657755 0.9999745488166809 0.003962854389101267 -1.392164707183838 0.08231794834136963 -0.004438007716089487 0.9965962171554565 60.854461669921875
0.9965027570724487 -0.0029219554271548986 -0.08350877463817596 -3.8022043704986572 0.0034683067351579666 0.9999735355377197 0.006398131139576435 -1.4031012058258057 0.08348787575960159 -0.006665389984846115 0.996486485004425 61.74641799926758
0.9964399337768555 -0.00047586270375177264 -0.0843047946691513 -3.8813905715942383 0.0011406011180952191 0.9999687075614929 0.007836966775357723 -1.4144738912582397 0.08429841697216034 -0.007905224338173866 0.9964091777801514 62.6091423034668
0.9963309168815613 0.0006359852850437164 -0.085581935942173 -3.954946279525757 1.7369206034345552e-05 0.9999708533287048 0.00763329304754734 -1.4217537641525269 0.08558429032564163 -0.00760677270591259 0.9963018298149109 63.48225402832031
0.9961928725242615 0.002039780141785741 -0.08715271204710007 -4.0376877784729 -0.0013075218303129077 0.9999634027481079 0.008458276279270649 -1.4268314838409424 0.08716676384210587 -0.008312120102345943 0.996159017086029 64.3353500366211
0.9960624575614929 0.0030773491598665714 -0.08860068768262863 -4.112849235534668 -0.0022835901472717524 0.9999563694000244 0.009058801457285881 -1.436447262763977 0.08862467855215073 -0.00882080476731062 0.9960260391235352 65.17225646972656
0.9959217309951782 0.002551370533183217 -0.09018491208553314 -4.186335563659668 -0.0016990313306450844 0.9999531507492065 0.009526526555418968 -1.4409101009368896 0.09020498394966125 -0.009334448724985123 0.9958794116973877 65.99805450439453
0.9958317279815674 0.002446881029754877 -0.09117665886878967 -4.267706394195557 -0.0014855240005999804 0.9999426007270813 0.01061027031391859 -1.4469965696334839 0.09119735658168793 -0.010430597700178623 0.9957782030105591 66.80553436279297
0.995668888092041 0.005068419501185417 -0.09283274412155151 -4.3465895652771 -0.00383972586132586 0.9999027252197266 0.013409392908215523 -1.4505647420883179 0.09289167821407318 -0.012994861230254173 0.995591402053833 67.60393524169922
0.9955507516860962 0.006976298522204161 -0.09396835416555405 -4.4265666007995605 -0.005354245193302631 0.9998323917388916 0.01750277914106846 -1.4538519382476807 0.09407473355531693 -0.016921773552894592 0.995421290397644 68.39347076416016
0.9953604936599731 0.01036623865365982 -0.09565584361553192 -4.508097171783447 -0.008570166304707527 0.9997795224189758 0.019168181344866753 -1.453966498374939 0.09583345055580139 -0.01825946383178234 0.9952298998832703 69.16732788085938
0.9952362179756165 0.013134746812283993 -0.09660381823778152 -4.592839241027832 -0.011722852475941181 0.9998162388801575 0.015168394893407822 -1.4609659910202026 0.0967852994799614 -0.013963663950562477 0.9952073097229004 69.910888671875
0.9950764179229736 0.01331422571092844 -0.09821178019046783 -4.665122985839844 -0.012605986557900906 0.9998899102210999 0.00782837811857462 -1.4655144214630127 0.09830520302057266 -0.006551779806613922 0.995134711265564 70.63465881347656
0.9949538707733154 0.011993950232863426 -0.09961312264204025 -4.7372541427612305 -0.011845906265079975 0.9999276399612427 0.0020775708835572004 -1.4711744785308838 0.09963084012269974 -0.000887079571839422 0.9950240850448608 71.34178924560547
0.9949185848236084 0.012728695757687092 -0.0998738557100296 -4.8132452964782715 -0.012709985487163067 0.9999188780784607 0.0008236280409619212 -1.4731968641281128 0.09987623989582062 0.00044995243661105633 0.9949997663497925 72.03459930419922
0.9948021769523621 0.015410305932164192 -0.10065300762653351 -4.89234733581543 -0.015042364597320557 0.9998770952224731 0.004413525573909283 -1.4826477766036987 0.10070864856243134 -0.0028765257447957993 0.994911789894104 72.71190643310547
0.9946796298027039 0.015892624855041504 -0.10178359597921371 -4.9663262367248535 -0.015277898870408535 0.9998599886894226 0.006816298700869083 -1.4970320463180542 0.10187768191099167 -0.005224993452429771 0.9947832822799683 73.37564086914062
0.9946375489234924 0.012504789978265762 -0.10266294330358505 -5.030648231506348 -0.012221508659422398 0.9999195337295532 0.0033878968097269535 -1.5032904148101807 0.10269705951213837 -0.0021150328684598207 0.994710385799408 73.99673461914062
0.9946537017822266 0.004342703614383936 -0.10317645967006683 -5.077713966369629 -0.004528317600488663 0.9999884963035583 -0.001564827049151063 -1.5189133882522583 0.10316849499940872 0.0020236754789948463 0.9946619272232056 74.61016082763672
0.9947684407234192 0.0004002085770480335 -0.10215562582015991 -5.131679058074951 -0.001074499567039311 0.9999778866767883 -0.006545686163008213 -1.5236963033676147 0.10215075314044952 0.006621207110583782 0.9947468638420105 75.20602416992188
0.9950582981109619 0.0026152217760682106 -0.09925786405801773 -5.190011978149414 -0.003306272206827998 0.9999713897705078 -0.006798321846872568 -1.5327742099761963 0.09923724830150604 0.007092900574207306 0.9950385093688965 75.79095458984375
0.9954544305801392 0.007780113257467747 -0.09492224454879761 -5.256620407104492 -0.008156003430485725 0.9999603629112244 -0.0035726202186197042 -1.5461838245391846 0.09489069879055023 0.004330567084252834 0.9954782724380493 76.3581771850586
0.9959008693695068 0.00626108143478632 -0.09023495018482208 -5.306033134460449 -0.006312572862952948 0.999980092048645 -0.00028527225367724895 -1.5568994283676147 0.09023136645555496 0.0008537184912711382 0.9959204196929932 76.91227722167969
0.9964016675949097 0.0025575708132237196 -0.0847184807062149 -5.340225696563721 -0.002235029125586152 0.9999898672103882 0.003901851363480091 -1.5646412372589111 0.08472758531570435 -0.003698462387546897 0.9963973164558411 77.45703125
0.9970636963844299 -0.0018756105564534664 -0.07655253261327744 -5.369415283203125 0.002432057401165366 0.9999712705612183 0.007176246494054794 -1.5733855962753296 0.0765368640422821 -0.007341356016695499 0.9970397353172302 77.98534393310547
0.9978259205818176 0.001741826068609953 -0.06588121503591537 -5.403865337371826 -0.0012628937838599086 0.9999725222587585 0.00731058232486248 -1.583075761795044 0.06589213758707047 -0.007211489602923393 0.9978007078170776 78.50286102294922
0.9986842274665833 0.006943574175238609 -0.05080915242433548 -5.429764270782471 -0.006608298514038324 0.9999552965164185 0.006763760466128588 -1.5873627662658691 0.05085384100675583 -0.006419099867343903 0.9986854791641235 79.00569915771484
0.9994041919708252 0.012178968638181686 -0.03229436278343201 -5.451901435852051 -0.011952928267419338 0.9999026656150818 0.0071832467801868916 -1.5878255367279053 0.032378703355789185 -0.006792955566197634 0.9994526505470276 79.49993896484375
0.9998858571052551 0.010632479563355446 -0.010736276395618916 -5.430006504058838 -0.010548104532063007 0.9999132752418518 0.007885519415140152 -1.5918298959732056 0.010819186456501484 -0.007771372329443693 0.9999112486839294 79.97142791748047
0.9998505115509033 0.007191761862486601 0.015722351148724556 -5.403293609619141 -0.007329687941819429 0.9999350309371948 0.008732607588171959 -1.5939935445785522 -0.015658525750041008 -0.008846543729305267 0.9998382329940796 80.43673706054688
0.9989857077598572 0.0060564130544662476 0.04461967200040817 -5.353102684020996 -0.006526553072035313 0.9999246597290039 0.010398484766483307 -1.6000018119812012 -0.04455333203077316 -0.010679150000214577 0.9989498853683472 80.89546203613281
0.9969417452812195 0.005770985968410969 0.07793541997671127 -5.3015851974487305 -0.006744986865669489 0.9999023079872131 0.012240083888173103 -1.6076735258102417 -0.07785717397928238 -0.01272832415997982 0.99688321352005 81.34341430664062
0.9932426810264587 0.005414365790784359 0.11592888087034225 -5.23527717590332 -0.006978076882660389 0.9998899698257446 0.013086936436593533 -1.6141042709350586 -0.11584527790546417 -0.013807464390993118 0.9931712746620178 81.76321411132812
0.9874798655509949 0.005666501820087433 0.15764322876930237 -5.142547607421875 -0.007816650904715061 0.9998846054077148 0.013022678904235363 -1.6144709587097168 -0.15755122900009155 -0.014091874472796917 0.987410306930542 82.19084167480469
0.9792999625205994 0.004922016989439726 0.2023543119430542 -5.019708633422852 -0.007781041786074638 0.9998807907104492 0.013335741125047207 -1.6214866638183594 -0.20226454734802246 -0.014634218998253345 0.979221522808075 82.60993957519531
0.9678247570991516 0.007349362596869469 0.25151798129081726 -4.893056869506836 -0.010498087853193283 0.9998824596405029 0.011179364286363125 -1.6248984336853027 -0.2514062225818634 -0.013460122048854828 0.96778804063797 83.00507354736328
0.9525514245033264 0.008246532641351223 0.3042658269405365 -4.73651123046875 -0.011335667222738266 0.9999005794525146 0.008387710899114609 -1.6310336589813232 -0.30416643619537354 -0.011438781395554543 0.9525502324104309 83.38172912597656
0.932684063911438 0.008431067690253258 0.3605956733226776 -4.576763153076172 -0.011565359309315681 0.9999117851257324 0.006535030901432037 -1.635813593864441 -0.36050882935523987 -0.010265537537634373 0.93269944190979 83.72858428955078
0.9085931777954102 0.008721099235117435 0.41759103536605835 -4.372735977172852 -0.011959775350987911 0.999915361404419 0.005139500368386507 -1.6423087120056152 -0.41751086711883545 -0.009664011187851429 0.9086205363273621 84.07632446289062
0.8794568181037903 0.009123243391513824 0.4758911728858948 -4.159336090087891 -0.012026336044073105 0.999923050403595 0.0030555352568626404 -1.6437853574752808 -0.475826621055603 -0.008410438895225525 0.8794988393783569 84.4042739868164
0.8460366129875183 0.007828798145055771 0.5330674648284912 -3.9158248901367188 -0.009709874168038368 0.9999526143074036 0.0007250146009027958 -1.6462080478668213 -0.533036470413208 -0.005789406597614288 0.8460724353790283 84.7100601196289
0.808944046497345 0.008231264539062977 0.5878280401229858 -3.6566238403320312 -0.009257360361516476 0.9999563694000244 -0.0012626470997929573 -1.6453591585159302 -0.5878127217292786 -0.00442032516002655 0.8089849352836609 85.0013427734375
0.7692674994468689 0.005942662246525288 0.6388992071151733 -3.3743438720703125 -0.008063068613409996 0.9999674558639526 0.00040724314749240875 -1.6596789360046387 -0.6388760209083557 -0.0054647671058773994 0.7692903280258179 85.27367401123047
0.7274651527404785 0.005737525410950184 0.6861205697059631 -3.0907135009765625 -0.01053921040147543 0.9999404549598694 0.0028125124517828226 -1.66890549659729 -0.6860636472702026 -0.00927717424929142 0.727482259273529 85.49325561523438
0.6818668842315674 0.004874023608863354 0.7314600348472595 -2.788921356201172 -0.010194960050284863 0.9999439716339111 0.0028406931087374687 -1.671080470085144 -0.7314052581787109 -0.009394180029630661 0.6818783283233643 85.72611999511719
0.6355546116828918 0.0036700626369565725 0.7720471620559692 -2.4638099670410156 -0.007473126985132694 0.9999711513519287 0.0013983906246721745 -1.6747584342956543 -0.7720197439193726 -0.006658359430730343 0.6355637311935425 85.93000793457031
0.588560938835144 0.0008131504291668534 0.8084524869918823 -2.129344940185547 -0.0022784469183534384 0.9999972581863403 0.0006529239472001791 -1.6833826303482056 -0.8084496259689331 -0.002226303331553936 0.5885610580444336 86.11576080322266
0.5420240759849548 0.00268190517090261 0.8403587341308594 -1.79486083984375 -0.0045363823883235455 0.9999897480010986 -0.00026542041450738907 -1.6924768686294556 -0.8403505682945251 -0.0036683245562016964 0.5420306921005249 86.28318786621094
0.4948514699935913 0.006030622869729996 0.8689565658569336 -1.4591484069824219 -0.00811790768057108 0.9999643564224243 -0.002316858386620879 -1.6929889917373657 -0.8689396381378174 -0.005907608196139336 0.4948827922344208 86.44029235839844
0.44983261823654175 0.008034473285079002 0.8930767774581909 -1.1189384460449219 -0.009319759905338287 0.9999473094940186 -0.004301667213439941 -1.7013682126998901 -0.8930643200874329 -0.006388230714946985 0.44988375902175903 86.5684814453125
0.4051474928855896 0.005674712359905243 0.9142336249351501 -0.7813053131103516 -0.0034963907673954964 0.999983012676239 -0.004657521843910217 -1.7106918096542358 -0.9142446517944336 -0.0013095351168885827 0.405160516500473 86.70276641845703
0.3658214211463928 -0.0021453096996992826 0.9306825399398804 -0.4127826690673828 0.011632602661848068 0.9999297261238098 -0.0022674715146422386 -1.7131614685058594 -0.9306124448776245 0.011655750684440136 0.36582067608833313 86.78643035888672
0.33045437932014465 -0.005883064586669207 0.943803608417511 -0.04303169250488281 0.015421856194734573 0.9998807311058044 0.000832950696349144 -1.715989112854004 -0.9436959028244019 0.01427994854748249 0.3305057883262634 86.87769317626953
0.29747480154037476 -0.0016762963496148586 0.9547282457351685 0.32476806640625 0.012694479897618294 0.9999169707298279 -0.0021997164003551006 -1.7207926511764526 -0.9546453356742859 0.012774139642715454 0.29747140407562256 86.97297668457031
0.26628655195236206 0.005568625871092081 0.96387779712677 0.6866054534912109 0.001235647825524211 0.9999805092811584 -0.006118569057434797 -1.7351011037826538 -0.9638931155204773 0.0028203062247484922 0.26627445220947266 87.07328796386719
0.23720423877239227 0.01081955898553133 0.9713994860649109 1.0679283142089844 -0.0035724621266126633 0.9999408721923828 -0.010265102609992027 -1.7430479526519775 -0.9714531898498535 -0.0010353618999943137 0.2372288703918457 87.16584014892578
0.2114126831293106 0.01245963480323553 0.9773175120353699 1.458688735961914 -0.0023593520745635033 0.9999223351478577 -0.012237446382641792 -1.7555477619171143 -0.9773939847946167 0.000281315267784521 0.21142566204071045 87.23069763183594
0.187637060880661 0.013942833989858627 0.982139527797699 1.8670825958251953 0.004889766685664654 0.9998736381530762 -0.015128780156373978 -1.76191246509552 -0.9822263121604919 0.007641152013093233 0.18754513561725616 87.287841796875
0.16776514053344727 0.019889280200004578 0.9856263399124146 2.278691291809082 0.011673912405967712 0.9996863007545471 -0.022160038352012634 -1.7647316455841064 -0.9857578277587891 0.015223795548081398 0.16748031973838806 87.32559967041016
0.1482679843902588 0.026923568919301033 0.9885805249214172 2.7043466567993164 0.013669167645275593 0.9994780421257019 -0.029270462691783905 -1.7570319175720215 -0.9888526797294617 0.01785294897854328 0.1478225737810135 87.37802124023438
0.13066646456718445 0.027492258697748184 0.9910451173782349 3.142531394958496 0.011313549242913723 0.9995089769363403 -0.02921871282160282 -1.7690945863723755 -0.9913617968559265 0.015030141919851303 0.13029128313064575 87.43128967285156
0.11523769795894623 0.023179916664958 0.9930675029754639 3.6031856536865234 0.009209315292537212 0.9996597766876221 -0.02440246194601059 -1.790000081062317 -0.9932952523231506 0.011957556009292603 0.11498504877090454 87.480712890625
0.10057474672794342 0.019971614703536034 0.9947290420532227 4.071930885314941 0.009028997272253036 0.9997389912605286 -0.020985107868909836 -1.8087003231048584 -0.9948884844779968 0.011091974563896656 0.1003681942820549 87.52367401123047
0.08726436644792557 0.017570538446307182 0.9960302114486694 4.563770771026611 0.011535108089447021 0.9997596144676208 -0.01864694245159626 -1.8218457698822021 -0.9961183667182922 0.013116530142724514 0.08704070746898651 87.55902862548828
0.07564549148082733 0.016843337565660477 0.9969924688339233 5.059455871582031 0.015216716565191746 0.999721348285675 -0.018043985590338707 -1.8333766460418701 -0.9970186948776245 0.016535894945263863 0.07536810636520386 87.5833969116211
0.06520463526248932 0.017510442063212395 0.9977181553840637 5.572097301483154 0.018255647271871567 0.9996578693389893 -0.018737558275461197 -1.8460960388183594 -0.9977048635482788 0.019435767084360123 0.06486265361309052 87.61286163330078
0.05747291445732117 0.01816282607614994 0.9981817603111267 6.108216762542725 0.020339222624897957 0.9996057748794556 -0.01935981959104538 -1.8553617000579834 -0.9981398582458496 0.02141490764915943 0.05708082392811775 87.63518524169922
0.052216216921806335 0.01838766597211361 0.998466432094574 6.656649112701416 0.0216438639909029 0.9995747804641724 -0.01953996904194355 -1.8710341453552246 -0.9984012246131897 0.022630976513028145 0.05179603397846222 87.65574645996094
0.0467715784907341 0.019451379776000977 0.9987161159515381 7.216953277587891 0.022946860641241074 0.9995256662368774 -0.020541781559586525 -1.883829116821289 -0.9986420273780823 0.023878172039985657 0.04630303382873535 87.67520141601562
0.040726836770772934 0.02010740153491497 0.9989680051803589 7.803542613983154 0.02311980538070202 0.9995108842849731 -0.021060895174741745 -1.9006444215774536 -0.9989027976989746 0.023953691124916077 0.0402420312166214 87.6987533569336
0.03602819889783859 0.020038984715938568 0.9991497993469238 8.403308868408203 0.025862636044621468 0.9994453191757202 -0.02097748965024948 -1.9141801595687866 -0.9990160465240479 0.0265964288264513 0.03548995405435562 87.71830749511719
0.03320663049817085 0.02003873884677887 0.9992475509643555 9.027231216430664 0.027046039700508118 0.99941486120224 -0.02094087563455105 -1.9282801151275635 -0.9990824460983276 0.027721062302589417 0.03264523297548294 87.73309326171875
0.030279433354735374 0.019457140937447548 0.9993520975112915 9.665390968322754 0.02825985476374626 0.9993941783905029 -0.020314207300543785 -1.9466361999511719 -0.9991418719291687 0.028856655582785606 0.029711229726672173 87.74566650390625
0.02775639295578003 0.018845433369278908 0.9994370937347412 10.321878433227539 0.03048941306769848 0.9993410706520081 -0.01969037763774395 -1.9636801481246948 -0.9991495609283447 0.031018776819109917 0.027163516730070114 87.76292419433594
0.027180174365639687 0.018511155620217323 0.9994591474533081 10.999799728393555 0.034352850168943405 0.999220609664917 -0.019440962001681328 -1.979416012763977 -0.9990401268005371 0.03486267477273941 0.026523081585764885 87.7730484008789
0.02841058373451233 0.01809489168226719 0.9994325637817383 11.68960189819336 0.038092464208602905 0.999090313911438 -0.019171535968780518 -1.9946844577789307 -0.998870313167572 0.03861552104353905 0.027695458382368088 87.7869873046875
0.03077436052262783 0.017978165298700333 0.9993646144866943 12.39561653137207 0.039977606385946274 0.9990160465240479 -0.019202956929802895 -2.013518810272217 -0.998726487159729 0.04054316133260727 0.030025355517864227 87.8099136352539
0.03462439775466919 0.018032975494861603 0.9992377758026123 13.132063865661621 0.042189061641693115 0.9989194869995117 -0.019489120692014694 -2.0292720794677734 -0.9985094666481018 0.04283168539404869 0.033826202154159546 87.83016204833984
0.03906330093741417 0.017492253333330154 0.9990835785865784 13.871220588684082 0.04260833188891411 0.9989082217216492 -0.01915512979030609 -2.047424077987671 -0.9983277916908264 0.04331754148006439 0.038275331258773804 87.85868072509766
0.04317149892449379 0.015794098377227783 0.9989427924156189 14.632108688354492 0.044438086450099945 0.9988551139831543 -0.01771320030093193 -2.0641093254089355 -0.9980789422988892 0.04515580087900162 0.04242020472884178 87.89066314697266
0.04682503640651703 0.01447737030684948 0.998798131942749 15.397826194763184 0.043465595692396164 0.9989184141159058 -0.01651683822274208 -2.080446243286133 -0.9979569911956787 0.044186752289533615 0.04614511504769325 87.93718719482422
0.05113116651773453 0.01217629760503769 0.9986177086830139 16.195066452026367 0.041056953370571136 0.9990548491477966 -0.014283820986747742 -2.09857439994812 -0.9978476166725159 0.04173055291175842 0.05058291181921959 87.98076629638672
0.05486449599266052 0.011313636787235737 0.9984297156333923 16.98846435546875 0.04023757204413414 0.999098539352417 -0.013532301411032677 -2.113204002380371 -0.9976826906204224 0.04091683030128479 0.054359808564186096 88.03777313232422
0.05911634489893913 0.012013453990221024 0.9981787800788879 17.79800796508789 0.037815142422914505 0.999182939529419 -0.014265108853578568 -2.132883310317993 -0.997534453868866 0.03858957812190056 0.058613747358322144 88.093017578125
0.06214357912540436 0.01601577363908291 0.9979386925697327 18.601856231689453 0.03520871698856354 0.999213695526123 -0.018228750675916672 -2.1580913066864014 -0.9974460005760193 0.0362689346075058 0.06153082102537155 88.14225006103516
0.06364685297012329 0.021567020565271378 0.9977393746376038 19.403778076171875 0.02936488948762417 0.9992929697036743 -0.023473821580410004 -2.1763453483581543 -0.9975404143333435 0.030792541801929474 0.06296853721141815 88.2013168334961
0.06336633861064911 0.024605028331279755 0.9976869225502014 20.210094451904297 0.026471737772226334 0.9993028044700623 -0.02632617950439453 -2.201812267303467 -0.9976392984390259 0.028078697621822357 0.06267081201076508 88.26122283935547
0.06345876306295395 0.02417880669236183 0.9976914525032043 21.042177200317383 0.024221297353506088 0.9993748068809509 -0.02576020546257496 -2.2304742336273193 -0.9976904988288879 0.02580009400844574 0.06283342838287354 88.3255386352539
0.0634625256061554 0.022333264350891113 0.9977342486381531 21.8529052734375 0.02139030396938324 0.9994894862174988 -0.023733116686344147 -2.260775089263916 -0.9977548122406006 0.022848006337881088 0.06295241415500641 88.38541412353516
0.06349189579486847 0.021152768284082413 0.9977582097053528 22.672319412231445 0.02238410897552967 0.9994936585426331 -0.02261396311223507 -2.289130210876465 -0.9977312684059143 0.02376973256468773 0.06298626959323883 88.43726348876953
0.06346359848976135 0.0201596450060606 0.997780442237854 23.496339797973633 0.01977940835058689 0.9995741844177246 -0.021453948691487312 -2.323976516723633 -0.9977880716323853 0.021097054705023766 0.06303782761096954 88.50335693359375
0.06377550214529037 0.020439928397536278 0.9977548718452454 24.3125 0.018125267699360847 0.9996017217636108 -0.02163631096482277 -2.3525404930114746 -0.9977995753288269 0.019464442506432533 0.06337961554527283 88.55911254882812
0.06342165172100067 0.021363986656069756 0.9977580308914185 25.116416931152344 0.015196142718195915 0.9996342658996582 -0.022370092570781708 -2.377096176147461 -0.9978710412979126 0.016580821946263313 0.06307379901409149 88.62310791015625
0.062487006187438965 0.022389044985175133 0.9977946281433105 25.93121337890625 0.012479196302592754 0.9996526837348938 -0.023212246596813202 -2.4096946716308594 -0.9979677200317383 0.013902137987315655 0.06218590587377548 88.67677307128906
0.05955130606889725 0.022137297317385674 0.9979797601699829 26.745393753051758 0.009388964623212814 0.9996974468231201 -0.022735655307769775 -2.4360499382019043 -0.9981810450553894 0.010723932646214962 0.0593254379928112 88.73493957519531
0.05558672174811363 0.020976129919290543 0.9982335567474365 27.553707122802734 0.0068845185451209545 0.9997474551200867 -0.021391307935118675 -2.463466167449951 -0.998430073261261 0.008061429485678673 0.05542828142642975 88.78870391845703
0.05078807845711708 0.018422376364469528 0.9985395073890686 28.38113784790039 0.004846352152526379 0.9998135566711426 -0.0186923760920763 -2.4911108016967773 -0.9986976981163025 0.005788622889667749 0.050689321011304855 88.83675384521484
0.04502588137984276 0.01616167463362217 0.9988550543785095 29.196496963500977 0.0026726906653493643 0.9998636245727539 -0.01629846915602684 -2.518493890762329 -0.9989822506904602 0.0034034838899970055 0.04497654363512993 88.8739013671875
0.037233561277389526 0.01677892915904522 0.9991657137870789 30.002756118774414 0.0020364918746054173 0.9998556971549988 -0.016866402700543404 -2.5416877269744873 -0.999304473400116 0.002662788610905409 0.03719401732087135 88.90730285644531
