1.0 0.0 0.0 0.0 0.0 1.0 0.0 0.0 0.0 0.0 1.0 0.0
0.9990429282188416 -0.0006003446760587394 0.04373668506741524 0.04642815142869949 0.0007051254506222904 0.9999970197677612 -0.0023803317453712225 -0.019813692197203636 -0.043735116720199585 0.0024088940117508173 0.9990401864051819 1.0249605178833008
0.9960293173789978 -0.004680050536990166 0.08890241384506226 0.13921138644218445 0.005359516479074955 0.9999582171440125 -0.007405651733279228 -0.0380232036113739 -0.0888640508055687 0.007852721028029919 0.996012806892395 2.0450775623321533
0.9908742308616638 -0.004199253860861063 0.1347251832485199 0.2706928253173828 0.005814608186483383 0.9999158382415771 -0.011598756536841393 -0.05848052352666855 -0.1346651315689087 0.012276281602680683 0.9908151626586914 3.0547444820404053
0.9835466742515564 -0.0012354101054370403 0.18064959347248077 0.45130738615989685 0.0037462832406163216 0.9999010562896729 -0.013558605685830116 -0.09252539277076721 -0.18061497807502747 0.014012286439538002 0.9834540486335754 4.081386089324951
0.9740082025527954 -0.0038384690415114164 0.22648008167743683 0.6864891648292542 0.00708714360371232 0.999883234500885 -0.013532822951674461 -0.12343903630971909 -0.22640171647071838 0.014786177314817905 0.9739217758178711 5.0840606689453125
0.9623317122459412 -0.004246433265507221 0.2718448340892792 0.960168182849884 0.008597309701144695 0.999853253364563 -0.014816001988947392 -0.1541777104139328 -0.271742045879364 0.01659504324197769 0.9622270464897156 6.0907111167907715
0.9487809538841248 -0.006982502527534962 0.3158573806285858 1.2868175506591797 0.013128404505550861 0.999763548374176 -0.01733418181538582 -0.1883477419614792 -0.3156616687774658 0.02059304527938366 0.9486483335494995 7.0738372802734375
0.9336286783218384 -0.008547627367079258 0.358140230178833 1.6596280336380005 0.016557268798351288 0.9996765851974487 -0.019303828477859497 -0.21847383677959442 -0.35785937309265137 0.023952431976795197 0.933468222618103 8.030223846435547
0.9163466095924377 -0.008676664903759956 0.40029194951057434 2.071857452392578 0.0182607751339674 0.9996305108070374 -0.02013465017080307 -0.2511102557182312 -0.39996927976608276 0.02575996331870556 0.9161664843559265 8.965457916259766
0.8967947363853455 -0.008965609595179558 0.44235605001449585 2.517566204071045 0.019204622134566307 0.9996411204338074 -0.01867321878671646 -0.28696954250335693 -0.4420298933982849 0.025241322815418243 0.896645188331604 9.866182327270508
0.8749743700027466 -0.009014633484184742 0.4840852618217468 3.0148355960845947 0.020056895911693573 0.9996432662010193 -0.017637090757489204 -0.32885420322418213 -0.48375359177589417 0.02514125220477581 0.8748430609703064 10.761277198791504
0.8509172797203064 -0.009017099626362324 0.5252224206924438 3.547820568084717 0.020760703831911087 0.9996486902236938 -0.016472460702061653 -0.36273354291915894 -0.5248894095420837 0.024920685216784477 0.8508055806159973 11.633574485778809
0.8255122303962708 -0.009715157561004162 0.5643006563186646 4.1377716064453125 0.023039935156702995 0.9995985627174377 -0.016495632007718086 -0.403142511844635 -0.5639137625694275 0.026618797332048416 0.825404703617096 12.481834411621094
0.7981992363929749 -0.011343078687787056 0.602286696434021 4.754640579223633 0.02638278156518936 0.9995216131210327 -0.016140256077051163 -0.434098482131958 -0.6018155813217163 0.02877313829958439 0.7981166243553162 13.29837703704834
0.7694128751754761 -0.010229818522930145 0.6386698484420776 5.412759304046631 0.02695940062403679 0.9995008707046509 -0.01646890677511692 -0.46898603439331055 -0.6381825804710388 0.0298895426094532 0.769304633140564 14.09676456451416
0.7388399243354797 -0.013327224180102348 0.6737490892410278 6.090585708618164 0.031648315489292145 0.9993874430656433 -0.014937285333871841 -0.5019649267196655 -0.6731372475624084 0.0323592871427536 0.7388092279434204 14.834794998168945
0.7068272233009338 -0.012841998599469662 0.7072696089744568 6.833809852600098 0.032385267317295074 0.9993743300437927 -0.014219218865036964 -0.535686731338501 -0.7066445350646973 0.03295565024018288 0.7068007588386536 15.567300796508789
0.6726805567741394 -0.01128819677978754 0.7398468852043152 7.585623264312744 0.03313388675451279 0.9993401765823364 -0.014878444373607635 -0.5678125023841858 -0.7391907572746277 0.034522440284490585 0.6726107597351074 16.248891830444336
0.6372592449188232 -0.012626397423446178 0.7705460786819458 8.393476486206055 0.03825969994068146 0.9991511106491089 -0.01526926551014185 -0.5912349224090576 -0.769699215888977 0.03921133652329445 0.6372013688087463 16.9175968170166
0.6005969643592834 -0.011030200868844986 0.799475908279419 9.179964065551758 0.03865114971995354 0.9991363883018494 -0.015251350589096546 -0.6198247671127319 -0.7986173033714294 0.04006057232618332 0.6005045175552368 17.502239227294922
0.5626786351203918 -0.009782729670405388 0.8266177177429199 10.044187545776367 0.041248466819524765 0.9990167021751404 -0.016254818066954613 -0.6506143808364868 -0.8256460428237915 0.043242957442998886 0.5625289082527161 18.09665870666504
0.5237502455711365 -0.007924959063529968 0.8518349528312683 10.88729476928711 0.045840807259082794 0.9987700581550598 -0.018893230706453323 -0.6749211549758911 -0.850637674331665 0.048944130539894104 0.5234692692756653 18.615787506103516
0.4851071536540985 -0.006994656752794981 0.8744267225265503 11.790536880493164 0.047554027289152145 0.9986992478370667 -0.018392888829112053 -0.7006840705871582 -0.8731607794761658 0.05050503462553024 0.48480871319770813 19.10916519165039
0.44671431183815 -0.008734380826354027 0.8946340084075928 12.691730499267578 0.05285584554076195 0.9984633326530457 -0.01664424128830433 -0.7259615063667297 -0.8931140899658203 0.05472186207771301 0.44648951292037964 19.55044174194336
0.4097380042076111 -0.009187604300677776 0.9121569991111755 13.638668060302734 0.05656431242823601 0.9982808232307434 -0.015353430062532425 -0.7503842115402222 -0.9104478359222412 0.05788642168045044 0.40955331921577454 19.970701217651367
0.3746388256549835 -0.006809229962527752 0.927145779132843 14.571576118469238 0.057990141212940216 0.9981873035430908 -0.0161015372723341 -0.7795795202255249 -0.9253554940223694 0.05979757383465767 0.3743545711040497 20.336454391479492
0.341173380613327 -0.007692860905081034 0.9399688839912415 15.533487319946289 0.058381326496601105 0.9982094168663025 -0.013020719401538372 -0.8050765991210938 -0.9381856918334961 0.059318963438272476 0.3410116136074066 20.680021286010742
0.3075945973396301 -0.009210307151079178 0.9514729380607605 16.53680992126465 0.06069602072238922 0.9981065988540649 -0.009960235096514225 -0.8275487422943115 -0.949579656124115 0.060814328491687775 0.3075711727142334 21.002811431884766
0.27492013573646545 -0.00911241490393877 0.9614238739013672 17.54248809814453 0.06135518476366997 0.9980831742286682 -0.008084703236818314 -0.8494346141815186 -0.959507405757904 0.061210982501506805 0.2749522924423218 21.283458709716797
0.24277319014072418 -0.006315168458968401 0.9700626134872437 18.54068946838379 0.0587460920214653 0.998239278793335 -0.008203520439565182 -0.8731780052185059 -0.9683026671409607 0.05897897109389305 0.2427167445421219 21.53200912475586
0.2117447704076767 -0.004679260775446892 0.9773138165473938 19.570476531982422 0.05844755843281746 0.9982593059539795 -0.007883699610829353 -0.8879007697105408 -0.9755756855010986 0.058790937066078186 0.21164970099925995 21.758302688598633
0.1812305897474289 -0.004627857822924852 0.9834297299385071 20.604890823364258 0.06019299849867821 0.9981662631034851 -0.006395413540303707 -0.908478856086731 -0.9815967082977295 0.060354627668857574 0.18117684125900269 21.947612762451172
0.15051156282424927 -0.004689975641667843 0.9885970950126648 21.673582077026367 0.061740532517433167 0.9980814456939697 -0.0046648806892335415 -0.9214674234390259 -0.9866784811019897 0.06173864006996155 0.15051235258579254 22.10492706298828
0.11998563259840012 -0.0053840018808841705 0.9927610158920288 22.75678825378418 0.060291092842817307 0.9981790781021118 -0.0018734285840764642 -0.934106171131134 -0.990943193435669 0.060079425573349 0.1200917586684227 22.238527297973633
0.09109589457511902 -0.005810226313769817 0.9958252906799316 23.84596824645996 0.06098656356334686 0.9981384873390198 0.0002448066952638328 -0.9480026960372925 -0.993972897529602 0.06070965155959129 0.09128068387508392 22.328977584838867
0.0640006735920906 -0.005545520689338446 0.9979344606399536 24.969039916992188 0.06367957592010498 0.9979692697525024 0.001461743493564427 -0.952820360660553 -0.9959160685539246 0.06345448642969131 0.06422385573387146 22.393573760986328
0.03914589807391167 -0.004961904603987932 0.99922114610672 26.08980369567871 0.06800039857625961 0.9976826906204224 0.0022902535274624825 -0.9586573243141174 -0.9969170093536377 0.0678577721118927 0.03939259797334671 22.423728942871094
0.01635490357875824 -0.004446490202099085 0.9998563528060913 27.27166175842285 0.07223294675350189 0.9973824620246887 0.003253956325352192 -0.9597718715667725 -0.9972537159919739 0.07216935604810715 0.016633274033665657 22.435272216796875
-0.0037112620193511248 -0.004486324265599251 0.999983012676239 28.425151824951172 0.07792950421571732 0.9969475269317627 0.004761925898492336 -0.960759162902832 -0.9969519376754761 0.07794587314128876 -0.0033503160811960697 22.426284790039062
-0.020892012864351273 -0.005243512801826 0.9997679591178894 29.612506866455078 0.08245839923620224 0.9965702891349792 0.006949863396584988 -0.9633632302284241 -0.9963755011558533 0.0825844556093216 -0.020387988537549973 22.381637573242188
-0.03632781654596329 -0.005188409239053726 0.9993264079093933 30.822505950927734 0.08550137281417847 0.9963036179542542 0.00828088540583849 -0.963488757610321 -0.9956755638122559 0.08574460446834564 -0.03574991598725319 22.32646942138672
-0.050853997468948364 -0.00565987266600132 0.9986900687217712 32.027462005615234 0.08786122500896454 0.9960813522338867 0.010119043290615082 -0.9570274353027344 -0.994833767414093 0.0882607251405716 -0.05015743151307106 22.273723602294922
-0.0637456625699997 -0.006735470611602068 0.9979434013366699 33.238285064697266 0.08806727826595306 0.996038019657135 0.012348085641860962 -0.9542801380157471 -0.9940727353096008 0.08867330104112625 -0.06289991736412048 22.182804107666016
-0.0757589340209961 -0.00647527864202857 0.9971051216125488 34.44136428833008 0.08795877546072006 0.9960374236106873 0.013151354156434536 -0.9491048455238342 -0.9932390451431274 0.08870048820972443 -0.0748891830444336 22.095314025878906
-0.08695007860660553 -0.003842568024992943 0.9962052702903748 35.6672477722168 0.08791275322437286 0.9960615634918213 0.011515149846673012 -0.9478044509887695 -0.9923260807991028 0.08858038485050201 -0.08626982569694519 21.99120330810547
-0.09707549214363098 -0.0003089147503487766 0.9952769875526428 36.904579162597656 0.08837824314832687 0.9960469007492065 0.008929229341447353 -0.9382545948028564 -0.9913453459739685 0.08882764726877213 -0.09666445106267929 21.871578216552734
-0.1063329353928566 0.0022614479530602694 0.9943280220031738 38.170799255371094 0.08975720405578613 0.9959366321563721 0.0073334830813109875 -0.9331090450286865 -0.9902711510658264 0.09002788364887238 -0.10610385239124298 21.739334106445312
-0.11335350573062897 0.0032902664970606565 0.9935492873191833 39.452903747558594 0.08973688632249832 0.9959413409233093 0.006939845159649849 -0.9275060296058655 -0.9894939064979553 0.08994466811418533 -0.11318870633840561 21.590137481689453
-0.11943738162517548 0.003856024704873562 0.9928342700004578 40.76494216918945 0.08938371390104294 0.9959734082221985 0.006884594913572073 -0.9236049652099609 -0.9888100028038025 0.08956550061702728 -0.11930114775896072 21.445690155029297
-0.12453756481409073 0.005594152025878429 0.9921991229057312 42.09210968017578 0.09064735472202301 0.9958663582801819 0.005762926302850246 -0.9170005321502686 -0.9880654811859131 0.09065792709589005 -0.12452985346317291 21.28549575805664
-0.12906521558761597 0.007122544106096029 0.9916105270385742 43.43022155761719 0.08957989513874054 0.9959694147109985 0.004505607765167952 -0.9131962656974792 -0.987581729888916 0.08940986543893814 -0.12918300926685333 21.112791061401367
-0.13334093987941742 0.00772459339350462 0.9910402297973633 44.79844665527344 0.09011663496494293 0.9959216713905334 0.004362229723483324 -0.9113733768463135 -0.9869646430015564 0.08989086002111435 -0.13349325954914093 20.93877410888672
-0.13717955350875854 0.00688722962513566 0.9905222654342651 46.20752716064453 0.0895310714840889 0.9959689974784851 0.005474249366670847 -0.9043034911155701 -0.9864917993545532 0.0894334614276886 -0.13724322617053986 20.76820945739746
-0.139676034450531 0.004653158597648144 0.990186333656311 47.630252838134766 0.09024184197187424 0.9958873391151428 0.008049595169723034 -0.908033549785614 -0.9860765933990479 0.09048055857419968 -0.1395215094089508 20.568735122680664
-0.1420965939760208 0.0035237311385571957 0.9898465871810913 49.07007598876953 0.09026758372783661 0.9958730340003967 0.009413102641701698 -0.9007067084312439 -0.9857283234596252 0.09068862348794937 -0.141828253865242 20.368322372436523
-0.14471082389354706 0.004090670496225357 0.9894655346870422 50.49765396118164 0.09266068041324615 0.9956530332565308 0.009435512125492096 -0.8967228531837463 -0.9851257801055908 0.09304996579885483 -0.14446081221103668 20.179981231689453
-0.14580292999744415 0.0039981696754693985 0.9893055558204651 51.93791198730469 0.0923655554652214 0.9956790208816528 0.009588822722434998 -0.8862025737762451 -0.9849924445152283 0.09277583658695221 -0.1455422043800354 19.97540283203125
-0.14638856053352356 0.005436704959720373 0.9892122149467468 53.39612579345703 0.09467723220586777 0.9954715371131897 0.008539704605937004 -0.8733850717544556 -0.984686017036438 0.09490600228309631 -0.14624035358428955 19.76573371887207
-0.14625397324562073 0.00555312680080533 0.9892314076423645 54.88630676269531 0.09419607371091843 0.995518684387207 0.008338091894984245 -0.8653583526611328 -0.9847521781921387 0.09440119564533234 -0.14612163603305817 19.543472290039062
-0.14605917036533356 0.007233586627990007 0.9892494082450867 56.401817321777344 0.09403789788484573 0.9955466389656067 0.0066047292202711105 -0.8536925315856934 -0.9847962260246277 0.09399162232875824 -0.14608895778656006 19.333463668823242
-0.14417456090450287 0.006826355587691069 0.9895287156105042 57.92658996582031 0.0944482684135437 0.9955058693885803 0.006893544923514128 -0.8497624397277832 -0.9850345849990845 0.09445314109325409 -0.14417137205600739 19.100425720214844
-0.14331687986850739 0.005610289983451366 0.989660918712616 59.49335861206055 0.09379354864358902 0.9955599904060364 0.007938901893794537 -0.849056601524353 -0.9852222800254822 0.09396160393953323 -0.14320677518844604 18.885955810546875
-0.1422262042760849 0.00654594274237752 0.9898125529289246 61.07472229003906 0.09469074755907059 0.9954819679260254 0.007022678852081299 -0.8389453887939453 -0.9852945804595947 0.09472488611936569 -0.1422034651041031 18.663000106811523
-0.14129279553890228 0.007022500969469547 0.9899429678916931 62.66449737548828 0.09439941495656967 0.9955137372016907 0.006411438342183828 -0.832190752029419 -0.9854568243026733 0.09435592591762543 -0.1413218080997467 18.444353103637695
-0.1404123306274414 0.007324995007365942 0.9900661110877991 64.27208709716797 0.09545460343360901 0.9954146146774292 0.0061729163862764835 -0.8340316414833069 -0.9854810237884521 0.09537310898303986 -0.14046768844127655 18.21810531616211
-0.13935597240924835 0.007374519947916269 0.9902148842811584 65.87897491455078 0.09493526816368103 0.9954656362533569 0.005946905352175236 -0.8232588768005371 -0.9856811165809631 0.09483504295349121 -0.1394241899251938 17.9909610748291
-0.13846054673194885 0.005708748009055853 0.9903514981269836 67.53509521484375 0.0967772975564003 0.9952754974365234 0.0077932532876729965 -0.8172820806503296 -0.9856281280517578 0.09692259877920151 -0.13835887610912323 17.75680923461914
-0.13778544962406158 0.004241508431732655 0.9904530048370361 69.23049926757812 0.09914527833461761 0.9950272440910339 0.009531351737678051 -0.8076812028884888 -0.9854874014854431 0.0995120108127594 -0.13752079010009766 17.51219940185547
-0.1369394063949585 0.005108618177473545 0.9905663132667542 70.92250061035156 0.10047360509634018 0.994901180267334 0.00875885784626007 -0.8043648600578308 -0.9854707717895508 0.1007252112030983 -0.13675448298454285 17.27627182006836
-0.1362876147031784 0.006933758966624737 0.9906450510025024 72.58721923828125 0.10227404534816742 0.9947308301925659 0.007107955869287252 -0.7957369089126587 -0.9853758811950684 0.10228600353002548 -0.13627862930297852 17.05030059814453
-0.1358688324689865 0.006274941377341747 0.9907069802284241 74.29129028320312 0.10102586448192596 0.9948551058769226 0.007553805131465197 -0.7947236895561218 -0.9855623841285706 0.10111333429813385 -0.1358037292957306 16.82546043395996
-0.13543950021266937 0.006557865533977747 0.9907640218734741 76.06777954101562 0.10200529545545578 0.9947566390037537 0.007360049523413181 -0.78407883644104 -0.9855207204818726 0.10206000506877899 -0.13539831340312958 16.566652297973633
-0.1350926160812378 0.005548229441046715 0.9908174276351929 77.79832458496094 0.10204444825649261 0.9947448372840881 0.008342995308339596 -0.7778860926628113 -0.9855642318725586 0.10223450511693954 -0.13494887948036194 16.32707977294922
-0.13506746292114258 0.005872135516256094 0.990818977355957 79.51897430419922 0.10342255979776382 0.99460369348526 0.008203891105949879 -0.7712538242340088 -0.9854240417480469 0.10358110070228577 -0.13494586944580078 16.100101470947266
-0.13503673672676086 0.005697000306099653 0.9908242225646973 81.29108428955078 0.1044241413474083 0.9944964051246643 0.008513569831848145 -0.762446939945221 -0.9853225350379944 0.10461562126874924 -0.13488847017288208 15.857686042785645
-0.135076642036438 0.0068914261646568775 0.9908111691474915 83.04560089111328 0.1048063114285469 0.9944653511047363 0.007371334359049797 -0.7521838545799255 -0.9852765798568726 0.10483897477388382 -0.13505131006240845 15.616186141967773
-0.13530215620994568 0.007772738579660654 0.9907738566398621 84.84368133544922 0.10444524884223938 0.9945095777511597 0.006461214739829302 -0.7453530430793762 -0.9852839708328247 0.10435584932565689 -0.1353711187839508 15.359021186828613
-0.13645124435424805 0.008403164334595203 0.9906111359596252 86.63287353515625 0.10383174568414688 0.9945775866508484 0.005865446291863918 -0.7480946183204651 -0.9851903319358826 0.10365723073482513 -0.13658392429351807 15.116538047790527
-0.13791891932487488 0.008987970650196075 0.9904026985168457 88.4273910522461 0.10300102829933167 0.9946670532226562 0.005316786468029022 -0.7478889226913452 -0.9850730895996094 0.10274579375982285 -0.1381092071533203 14.878684043884277
-0.13883663713932037 0.008092470467090607 0.9902821779251099 90.2447738647461 0.10197122395038605 0.9947682023048401 0.0061671375297009945 -0.7497209906578064 -0.9850513935089111 0.10183653235435486 -0.13893543183803558 14.630730628967285
-0.13996654748916626 0.007945806719362736 0.9901242852210999 92.08287048339844 0.10210363566875458 0.9947527647018433 0.006450682412832975 -0.7457616925239563 -0.9848777055740356 0.10199815779924393 -0.14004339277744293 14.378775596618652
-0.1403806060552597 0.007039620541036129 0.9900726079940796 93.93496704101562 0.09967673569917679 0.9949948191642761 0.007058366201817989 -0.7400810122489929 -0.9850674271583557 0.09967806935310364 -0.1403796523809433 14.11708927154541
-0.14231155812740326 0.007777913473546505 0.9897913336753845 95.77103424072266 0.09937065839767456 0.9950295686721802 0.0064683775417506695 -0.7406470775604248 -0.9848212599754333 0.09927675873041153 -0.1423770785331726 13.863962173461914
-0.14427794516086578 0.00866460707038641 0.9894992113113403 97.64400482177734 0.0987999439239502 0.9950910210609436 0.005692351143807173 -0.7354615926742554 -0.9845925569534302 0.09858376532793045 -0.14442570507526398 13.58141040802002
-0.14852623641490936 0.00951396208256483 0.9888626933097839 99.52989959716797 0.09900306910276413 0.9950730204582214 0.0052964529022574425 -0.7295477986335754 -0.9839402437210083 0.09868711978197098 -0.1487363576889038 13.299216270446777
-0.15311338007450104 0.008659017272293568 0.9881706833839417 101.40888214111328 0.09698589891195297 0.995265781879425 0.0063064140267670155 -0.7277385592460632 -0.9834378361701965 0.09680420160293579 -0.15322831273078918 13.019225120544434
-0.1577586829662323 0.007863130420446396 0.9874463677406311 103.2999267578125 0.095573790371418 0.9953952431678772 0.0073428526520729065 -0.7286337614059448 -0.9828416705131531 0.09553239494562149 -0.15778379142284393 12.725848197937012
-0.16227154433727264 0.008570333942770958 0.98670893907547 105.2020034790039 0.09423515945672989 0.9955263733863831 0.006850745528936386 -0.729514479637146 -0.9822360873222351 0.09409436583518982 -0.16235323250293732 12.41798210144043
-0.16659073531627655 0.010389233939349651 0.9859713912010193 107.12387084960938 0.09472810477018356 0.9954879283905029 0.005515845958143473 -0.7263583540916443 -0.9814652800559998 0.09431810677051544 -0.16682320833206177 12.083927154541016
-0.1712958812713623 0.0118717011064291 0.9851480722427368 109.04695129394531 0.09452810138463974 0.9955123066902161 0.004439792595803738 -0.7371155023574829 -0.9806742668151855 0.09388470649719238 -0.17164938151836395 11.757286071777344
-0.17580054700374603 0.011882981285452843 0.9843540787696838 110.97480773925781 0.09336226433515549 0.9956214427947998 0.004655018914490938 -0.7457217574119568 -0.9799885749816895 0.09271987527608871 -0.1761402189731598 11.417997360229492
-0.1808004528284073 0.011744452640414238 0.9834496974945068 112.92961883544922 0.09164555370807648 0.9957794547080994 0.004956710152328014 -0.7478051781654358 -0.9792406558990479 0.0910249575972557 -0.18111366033554077 11.065645217895508
-0.1855297088623047 0.011228055693209171 0.982574462890625 114.89402770996094 0.08992992341518402 0.9959323406219482 0.005599867552518845 -0.7474048733711243 -0.9785148501396179 0.08940178900957108 -0.18578475713729858 10.695413589477539
-0.1910630315542221 0.010419112630188465 0.9815224409103394 116.81913757324219 0.0886937603354454 0.9960365891456604 0.006691937334835529 -0.7474238276481628 -0.977562427520752 0.08833350986242294 -0.19122985005378723 10.330158233642578
-0.19630597531795502 0.010389981791377068 0.980487585067749 118.79574584960938 0.0892406776547432 0.9959832429885864 0.0073129236698150635 -0.7464574575424194 -0.9764732122421265 0.08893495053052902 -0.19644467532634735 9.936790466308594
-0.2014114111661911 0.011734790168702602 0.979436457157135 120.74549102783203 0.08964791148900986 0.9959522485733032 0.0065025342628359795 -0.7450025081634521 -0.9753956198692322 0.08911409974098206 -0.20164816081523895 9.538642883300781
-0.20646007359027863 0.012761431746184826 0.9783718585968018 122.70218658447266 0.08934368938207626 0.9959837198257446 0.005862522404640913 -0.7484468221664429 -0.9743674993515015 0.08862171322107315 -0.20677100121974945 9.129558563232422
-0.21264386177062988 0.01284863706678152 0.9770452976226807 124.70549774169922 0.08954163640737534 0.9959625601768494 0.0063904039561748505 -0.7388516068458557 -0.9730184078216553 0.08884511888027191 -0.21293580532073975 8.718791961669922
-0.21797165274620056 0.012747734785079956 0.9758718609809875 126.68827056884766 0.08840575069189072 0.9960617423057556 0.006734913215041161 -0.7369285225868225 -0.9719427824020386 0.0877406969666481 -0.21824021637439728 8.281681060791016
-0.2230624556541443 0.013597439043223858 0.9747093319892883 128.68043518066406 0.08769351243972778 0.9961283802986145 0.0061724367551505566 -0.7331918478012085 -0.9708516597747803 0.08685250580310822 -0.22339124977588654 7.828952789306641
-0.22830717265605927 0.014288019388914108 0.9734842777252197 130.6807098388672 0.08690661191940308 0.9961997866630554 0.00576042290776968 -0.7311484217643738 -0.9697025418281555 0.08591736853122711 -0.2286812961101532 7.377719879150391
-0.2325429618358612 0.013766243122518063 0.9724887013435364 132.67333984375 0.08810753375291824 0.996086597442627 0.006968116853386164 -0.727782130241394 -0.9685870409011841 0.08730395138263702 -0.23284585773944855 6.905437469482422
-0.23591531813144684 0.014069595374166965 0.9716717004776001 134.6826629638672 0.09069530665874481 0.9958496689796448 0.007600521668791771 -0.7154091000556946 -0.9675320386886597 0.08991914987564087 -0.23621223866939545 6.409965515136719
-0.23967012763023376 0.014782601036131382 0.9707417488098145 136.7001495361328 0.09177697449922562 0.9957513809204102 0.007495713885873556 -0.7146880030632019 -0.9665067195892334 0.09088824689388275 -0.24000857770442963 5.9176177978515625
-0.24277397990226746 0.01536575611680746 0.9699611663818359 138.71453857421875 0.09224643558263779 0.9957093596458435 0.0073149423114955425 -0.7148380279541016 -0.9656869769096375 0.09125133603811264 -0.2431497573852539 5.416103363037109
-0.24647657573223114 0.015406177379190922 0.9690263271331787 140.7644500732422 0.09148599207401276 0.9957786202430725 0.007438400760293007 -0.7097741365432739 -0.9648209810256958 0.09048569947481155 -0.24684549868106842 4.9104461669921875
-0.2499794363975525 0.015801217406988144 0.9681221842765808 142.7704315185547 0.09021243453025818 0.995897650718689 0.0070392535999417305 -0.7170590758323669 -0.9640394449234009 0.0890963152050972 -0.25037938356399536 4.391124725341797
-0.2553003430366516 0.016951458528637886 0.9667131900787354 144.8062744140625 0.08957069367170334 0.9959612488746643 0.006190496031194925 -0.7170436978340149 -0.9627038836479187 0.08816960453987122 -0.25578758120536804 3.875255584716797
-0.25975051522254944 0.015866190195083618 0.9655453562736511 146.83258056640625 0.08765736222267151 0.9961245656013489 0.007212863769382238 -0.7235207557678223 -0.9616889953613281 0.08651070296764374 -0.2601346969604492 3.343639373779297
-0.2640989422798157 0.016351686790585518 0.9643569588661194 148.8599090576172 0.0880054458975792 0.9960938692092896 0.007211369927972555 -0.7241946458816528 -0.9604721069335938 0.08677318692207336 -0.26450642943382263 2.7901763916015625
-0.268836110830307 0.016485489904880524 0.9630448818206787 150.9095001220703 0.08722176402807236 0.9961621761322021 0.007295739836990833 -0.7282475233078003 -0.9592287540435791 0.08595980703830719 -0.26924222707748413 2.23199462890625
-0.27370911836624146 0.01690368913114071 0.9616639614105225 152.96224975585938 0.08698669821023941 0.9961830973625183 0.007247728295624256 -0.7256964445114136 -0.9578709006309509 0.0856357291340828 -0.2741348147392273 1.6624069213867188
-0.2782804071903229 0.016264425590634346 0.9603621363639832 155.0036163330078 0.08694035559892654 0.9961787462234497 0.008321359753608704 -0.7293000221252441 -0.9565569758415222 0.08580990880727768 -0.2786310911178589 1.0808525085449219
-0.2831820845603943 0.016245033591985703 0.9589285850524902 157.06228637695312 0.08730100840330124 0.9961421489715576 0.00890548899769783 -0.7287337779998779 -0.955084502696991 0.08623731881380081 -0.2835078239440918 0.4945487976074219
-0.2874434292316437 0.016916437074542046 0.9576482176780701 159.13829040527344 0.08806683868169785 0.9960753321647644 0.00883851945400238 -0.7292219400405884 -0.9537401795387268 0.08687762916088104 -0.28780511021614075 -0.11676025390625
-0.29110288619995117 0.018274804577231407 0.9565171003341675 161.19879150390625 0.08853574842214584 0.9960415363311768 0.007914702408015728 -0.7245817184448242 -0.9525862336158752 0.08698993921279907 -0.2915685772895813 -0.7368850708007812
-0.2948267161846161 0.019653843715786934 0.9553486108779907 163.25497436523438 0.08828814327716827 0.9960720539093018 0.006754662841558456 -0.7293295860290527 -0.9514632821083069 0.08633742481470108 -0.2954038083553314 -1.3593559265136719
-0.2983999252319336 0.0211827103048563 0.9542058706283569 165.34423828125 0.08927324414253235 0.9959902167320251 0.005807292181998491 -0.725980818271637 -0.9502567052841187 0.0869179517030716 -0.29909440875053406 -2.0003128051757812
-0.3018300533294678 0.021738799288868904 0.9531139731407166 167.4247283935547 0.08872883766889572 0.9960412383079529 0.005380560178309679 -0.7312219738960266 -0.9492238163948059 0.08619269728660583 -0.3025640845298767 -2.649921417236328
-0.3052745461463928 0.022035129368305206 0.952009379863739 169.5164337158203 0.08937505632638931 0.99598228931427 0.005606385879218578 -0.7352521419525146 -0.948060929775238 0.08679737895727158 -0.3060174286365509 -3.314800262451172
-0.30941376090049744 0.022141052410006523 0.9506697058677673 171.6065673828125 0.08903928846120834 0.9960113167762756 0.005782501306384802 -0.7387819290161133 -0.9467496871948242 0.08643613755702972 -0.310151070356369 -3.9795455932617188
-0.31356915831565857 0.023066086694598198 0.9492851495742798 173.70849609375 0.09111697971820831 0.9958227276802063 0.005901018623262644 -0.7418773174285889 -0.9451836347579956 0.08834636956453323 -0.3143610656261444 -4.668643951416016
-0.3162447214126587 0.023249788209795952 0.9483926892280579 175.7979736328125 0.0931098461151123 0.9956337213516235 0.006639891769737005 -0.7431915998458862 -0.9440973401069641 0.09040451049804688 -0.3170287311077118 -5.372455596923828
-0.3188144564628601 0.023108210414648056 0.9475353956222534 177.86712646484375 0.09435325115919113 0.9955107569694519 0.007468532305210829 -0.7455638647079468 -0.9431090950965881 0.09178411960601807 -0.3195635676383972 -6.067230224609375
-0.321688175201416 0.022799326106905937 0.9465711116790771 179.9627227783203 0.0940464660525322 0.9955357313156128 0.0079825883731246 -0.7425448894500732 -0.9421634674072266 0.09158957004547119 -0.32239624857902527 -6.774787902832031
-0.3246590197086334 0.02331451140344143 0.9455437064170837 182.06912231445312 0.09307705610990524 0.9956313371658325 0.007409127429127693 -0.7421244382858276 -0.9412402510643005 0.0904138833284378 -0.32541078329086304 -7.4862823486328125
-0.3271803855895996 0.025261370465159416 0.9446241855621338 184.16903686523438 0.09253831207752228 0.9956943392753601 0.005424502771347761 -0.7440520524978638 -0.9404199123382568 0.08918871730566025 -0.3281093239784241 -8.2144775390625
-0.33033812046051025 0.027417754754424095 0.943464457988739 186.29263305664062 0.09217066317796707 0.9957375526428223 0.003335145302116871 -0.7437302470207214 -0.939351499080658 0.08806145191192627 -0.331457257270813 -8.951778411865234
-0.33343014121055603 0.028351670131087303 0.9423484802246094 188.4098663330078 0.09149115532636642 0.9958029389381409 0.002412310801446438 -0.7577967643737793 -0.9383248686790466 0.0870208814740181 -0.3346247673034668 -9.695087432861328
-0.3374616205692291 0.029769165441393852 0.9408684372901917 190.57815551757812 0.08984628319740295 0.9959554076194763 0.0007130717276595533 -0.7596564888954163 -0.9370418190956116 0.08477416634559631 -0.3387713134288788 -10.450927734375
-0.340535044670105 0.03021387942135334 0.9397462010383606 192.7119140625 0.09100312739610672 0.995850145816803 0.0009590426925569773 -0.773129940032959 -0.9358173608779907 0.0858464241027832 -0.3418714106082916 -11.23349380493164
-0.34463414549827576 0.028950203210115433 0.9382905960083008 194.88259887695312 0.09006644785404205 0.9959329962730408 0.00235269358381629 -0.7865972518920898 -0.9344063401222229 0.08531932532787323 -0.3458399176597595 -12.009880065917969
-0.34825438261032104 0.028367940336465836 0.9369707107543945 197.0372772216797 0.09000527858734131 0.9959357380867004 0.0033000910189002752 -0.7981621623039246 -0.9330689907073975 0.08548157662153244 -0.3493923246860504 -12.809329986572266
-0.35229232907295227 0.02843848429620266 0.9354578256607056 199.19776916503906 0.09004727005958557 0.9959308505058289 0.0036347899585962296 -0.8034589290618896 -0.931547999382019 0.08551593869924545 -0.35341954231262207 -13.61404800415039
-0.35593855381011963 0.02889624424278736 0.9340625405311584 201.35487365722656 0.08927718549966812 0.996001660823822 0.0032080106902867556 -0.8060099482536316 -0.9302350878715515 0.08453232795000076 -0.3570950925350189 -14.423377990722656
-0.3596665561199188 0.029037149623036385 0.9326289296150208 203.51492309570312 0.0883331224322319 0.9960862994194031 0.003052621381357312 -0.8264263868331909 -0.9288903474807739 0.08347995579242706 -0.3608238399028778 -15.253944396972656
-0.3631902039051056 0.02963474951684475 0.9312435984611511 205.6881103515625 0.08788128197193146 0.9961276054382324 0.0025746533647179604 -0.8368420004844666 -0.9275611639022827 0.08277399092912674 -0.3643881380558014 -16.08501434326172
-0.3659059405326843 0.030720310285687447 0.9301446676254272 207.78602600097656 0.08974162489175797 0.9959620833396912 0.002409003209322691 -0.8570440411567688 -0.9263148903846741 0.08435415476560593 -0.3671853840351105 -16.907207489013672
-0.3684469759464264 0.030087333172559738 0.929161787033081 209.93350219726562 0.09041634202003479 0.9958975315093994 0.0036051145289093256 -0.8758545517921448 -0.9252414107322693 0.08533970266580582 -0.3696558177471161 -17.757225036621094
-0.37108784914016724 0.02974178083240986 0.9281213283538818 212.11215209960938 0.09192058444023132 0.9957544803619385 0.004843220114707947 -0.8853631615638733 -0.9240370392799377 0.08711070567369461 -0.37224629521369934 -18.631023406982422
-0.37409934401512146 0.030678877606987953 0.9268810749053955 214.29583740234375 0.0932340994477272 0.9956332445144653 0.0046757906675338745 -0.8956945538520813 -0.9226901531219482 0.08816611766815186 -0.3753259778022766 -19.506816864013672
-0.3771326541900635 0.03184839338064194 0.9256114363670349 216.4923095703125 0.09344052523374557 0.9956175684928894 0.0038144199643284082 -0.9042062163352966 -0.9214335680007935 0.08792819082736969 -0.37845590710639954 -20.392261505126953
-0.37982678413391113 0.03195488452911377 0.9245055317878723 218.6732177734375 0.09277242422103882 0.9956803917884827 0.003699916647747159 -0.9175876975059509 -0.9203938841819763 0.0871739536523819 -0.38115063309669495 -21.280818939208984
-0.382511705160141 0.03341443091630936 0.923346221446991 220.8433074951172 0.09277762472629547 0.9956839680671692 0.0024024813901633024 -0.9343711137771606 -0.9192807674407959 0.08658486604690552 -0.38396087288856506 -22.176860809326172
-0.38509246706962585 0.03459460660815239 0.9222293496131897 223.02223205566406 0.09270909428596497 0.9956923127174377 0.001361908158287406 -0.9487186670303345 -0.9182095527648926 0.08602350950241089 -0.3866407871246338 -23.084102630615234
-0.3876837193965912 0.034224215894937515 0.9211568832397461 225.2056884765625 0.09050817042589188 0.9958950281143188 0.0010908145923167467 -0.9725401997566223 -0.9173383116722107 0.08379510790109634 -0.3891898989677429 -23.999271392822266
-0.39082446694374084 0.03551134467124939 0.9197799563407898 227.37750244140625 0.09159883856773376 0.9957957863807678 0.00047513528261333704 -0.9896786212921143 -0.9158961176872253 0.08443646878004074 -0.3924342393875122 -24.913894653320312
-0.3931717574596405 0.03514055162668228 0.9187933206558228 229.523193359375 0.09311027824878693 0.9956541657447815 0.001763722044415772 -1.011647343635559 -0.9147384762763977 0.08624255657196045 -0.39473506808280945 -25.836082458496094
-0.39611613750457764 0.03416744992136955 0.9175645112991333 231.6923828125 0.09355297684669495 0.995608925819397 0.0033135907724499702 -1.0316640138626099 -0.9134220480918884 0.08715346455574036 -0.39757317304611206 -26.762508392333984
-0.3993740379810333 0.03346187621355057 0.9161770939826965 233.82369995117188 0.09226564317941666 0.995727002620697 0.0038525452837347984 -1.049405574798584 -0.9121333360671997 0.08607027679681778 -0.4007549583911896 -27.68056869506836
-0.40241819620132446 0.03391515091061592 0.9148275256156921 235.9618377685547 0.09098420292139053 0.9958475232124329 0.0031037263106554747 -1.0654778480529785 -0.910923421382904 0.08448383212089539 -0.4038328230381012 -28.613750457763672
-0.40609657764434814 0.03325885161757469 0.9132247567176819 238.14268493652344 0.0892631784081459 0.996002197265625 0.003420388326048851 -1.0790278911590576 -0.9094600677490234 0.08290635049343109 -0.4074418842792511 -29.567928314208984
-0.41000646352767944 0.03247592970728874 0.9115042686462402 240.30630493164062 0.08830380439758301 0.9960846304893494 0.004230753984302282 -1.0968855619430542 -0.9077979326248169 0.08222393691539764 -0.4112688899040222 -30.520339965820312
-0.4135375916957855 0.03300977498292923 0.9098883867263794 242.45989990234375 0.0881955623626709 0.9960953593254089 0.003946972545236349 -1.1116408109664917 -0.906205415725708 0.08188038319349289 -0.4148341417312622 -31.4937744140625
-0.41756442189216614 0.03269452601671219 0.9080589413642883 244.60914611816406 0.08784251660108566 0.9961240887641907 0.004528447519987822 -1.1292552947998047 -0.9043912887573242 0.08165708184242249 -0.418817937374115 -32.468650817871094
-0.42154985666275024 0.03201611712574959 0.9062397480010986 246.7708740234375 0.08625877648591995 0.9962605834007263 0.0049280282109975815 -1.1434322595596313 -0.9026931524276733 0.08024854212999344 -0.4227352440357208 -33.45098114013672
-0.4256439805030823 0.03235452249646187 0.9043121337890625 248.89093017578125 0.08587329089641571 0.9962946176528931 0.004773576278239489 -1.1534329652786255 -0.9008070230484009 0.07968809455633163 -0.42684513330459595 -34.431861877441406
-0.42966240644454956 0.033189885318279266 0.9023794531822205 251.0535430908203 0.08630544692277908 0.9962587952613831 0.004451001528650522 -1.1715508699417114 -0.8988556861877441 0.07979269325733185 -0.43091943860054016 -35.43956756591797
-0.4330071210861206 0.03365442901849747 0.9007620215415955 253.16082763671875 0.08679240196943283 0.9962161779403687 0.004501339513808489 -1.194671630859375 -0.8972022533416748 0.08012840151786804 -0.43428969383239746 -36.45055389404297
-0.43670639395713806 0.033456385135650635 0.8989817500114441 255.29905700683594 0.08643307536840439 0.9962455630302429 0.004911228083074093 -1.2073612213134766 -0.8954424262046814 0.07984653115272522 -0.4379585385322571 -37.47698211669922
-0.4407808184623718 0.033681996166706085 0.8969826102256775 257.4265441894531 0.08503937721252441 0.9963679313659668 0.004374728538095951 -1.223103642463684 -0.8935773968696594 0.07820713520050049 -0.44204413890838623 -38.49766540527344
-0.44448330998420715 0.03386496379971504 0.8951467871665955 259.5404968261719 0.08515792340040207 0.9963570237159729 0.004591079894453287 -1.235408067703247 -0.8917301893234253 0.07826948910951614 -0.44574788212776184 -39.53252410888672
-0.44812148809432983 0.034823253750801086 0.8932941555976868 261.66485595703125 0.08617530018091202 0.9962702393531799 0.004392316564917564 -1.238505244255066 -0.8898094892501831 0.07894819229841232 -0.4494510293006897 -40.582115173339844
-0.45179879665374756 0.035923413932323456 0.8913962841033936 263.7997131347656 0.08703231811523438 0.9961975812911987 0.003964868374168873 -1.2407411336898804 -0.8878644108772278 0.0793716087937355 -0.4532073736190796 -41.652366638183594
-0.455325722694397 0.0381181575357914 0.8895086050033569 265.92919921875 0.08940494060516357 0.9959905743598938 0.0030837703961879015 -1.2523868083953857 -0.8858246207237244 0.08093058317899704 -0.45690804719924927 -42.737144470214844
-0.4582783877849579 0.03875154256820679 0.8879634737968445 268.0599365234375 0.09098417311906815 0.9958462119102478 0.0034973323345184326 -1.268638253211975 -0.8841395974159241 0.08239337801933289 -0.45990052819252014 -43.836585998535156
-0.4612596035003662 0.04106427729129791 0.8863144516944885 270.17041015625 0.09276853501796722 0.9956855177879333 0.0021474021486938 -1.2757041454315186 -0.8824021816253662 0.08321259915828705 -0.46307891607284546 -44.925758361816406
-0.4641954004764557 0.043429989367723465 0.8846673965454102 272.2957763671875 0.09448280930519104 0.9955262541770935 0.0007039768970571458 -1.292021632194519 -0.8806790709495544 0.08391264826059341 -0.4662220776081085 -46.02134704589844
