1.0 0.0 0.0 0.0 0.0 1.0 0.0 0.0 0.0 0.0 1.0 0.0
0.9990431070327759 -0.00048524036537855864 0.04373174160718918 0.047145962715148926 0.0005851451423950493 0.9999972581863403 -0.0022717213723808527 -0.021826526150107384 -0.04373052343726158 0.002295136684551835 0.9990407228469849 1.0260423421859741
0.9960328340530396 -0.004679027479141951 0.08886238932609558 0.14055223762989044 0.005342194344848394 0.9999596476554871 -0.007226480171084404 -0.04059138894081116 -0.08882497996091843 0.007672531995922327 0.9960176944732666 2.050021171569824
0.9908756017684937 -0.004146278835833073 0.13471545279026031 0.27220389246940613 0.005730589386075735 0.9999189376831055 -0.01137478556483984 -0.06135577708482742 -0.1346573531627655 0.012042995542287827 0.9908190369606018 3.060267686843872
0.9835036396980286 -0.0011435829801484942 0.1808847039937973 0.4517325162887573 0.003627858590334654 0.9999035000801086 -0.013403777964413166 -0.09563963115215302 -0.18085195124149323 0.01383888814598322 0.9834129214286804 4.093522071838379
0.9739795923233032 -0.0036937552504241467 0.22660523653030396 0.6893507838249207 0.006878434680402279 0.9998883008956909 -0.013265854679048061 -0.1288706660270691 -0.22653093934059143 0.014479363337159157 0.973896324634552 5.091634750366211
0.962264895439148 -0.004045218229293823 0.27208447456359863 0.9610875844955444 0.008322766982018948 0.9998591542243958 -0.014569218270480633 -0.1591416299343109 -0.2719871699810028 0.01628394052386284 0.9621630907058716 6.0976080894470215
0.9487229585647583 -0.006787358783185482 0.3160359263420105 1.2882381677627563 0.012873033992946148 0.9997696876525879 -0.017172567546367645 -0.19261859357357025 -0.3158465623855591 0.020360350608825684 0.9485917687416077 7.073802947998047
0.9335399866104126 -0.00840713083744049 0.3583747148513794 1.6586661338806152 0.01628720946609974 0.9996871948242188 -0.01897527649998665 -0.22499430179595947 -0.35810309648513794 0.023551100865006447 0.9333849549293518 8.025784492492676
0.9162764549255371 -0.00852518156170845 0.4004557132720947 2.0684361457824707 0.017969686537981033 0.9996417760848999 -0.019835084676742554 -0.25739145278930664 -0.4001431465148926 0.025370484218001366 0.9161013960838318 8.949838638305664
0.8967018723487854 -0.008849980309605598 0.4425466060638428 2.514115333557129 0.018904751166701317 0.9996535778045654 -0.018314484506845474 -0.29390957951545715 -0.442231148481369 0.024788862094283104 0.8965584635734558 9.853084564208984
0.8750385642051697 -0.009068208746612072 0.4839681088924408 3.010059356689453 0.019941743463277817 0.9996510148048401 -0.017325008288025856 -0.33331209421157837 -0.4836421310901642 0.024811219424009323 0.8749141097068787 10.72902774810791
0.851036012172699 -0.009028344415128231 0.5250295996665955 3.5432286262512207 0.02051948383450508 0.9996602535247803 -0.01607060804963112 -0.3695141673088074 -0.5247060656547546 0.02445000223815441 0.850932240486145 11.601475715637207
0.8256195783615112 -0.009818743914365768 0.5641416907310486 4.1307597160339355 0.022833747789263725 0.9996109008789062 -0.016019141301512718 -0.40703243017196655 -0.5637649297714233 0.026107182726264 0.8255226016044617 12.443349838256836
0.7982652187347412 -0.011316140182316303 0.6021997332572937 4.740411281585693 0.025953752920031548 0.9995411038398743 -0.015621112659573555 -0.44010618329048157 -0.6017466187477112 0.02809913642704487 0.7981926798820496 13.24976634979248
0.7695140242576599 -0.010337802581489086 0.6385461688041687 5.389289855957031 0.02662952058017254 0.999518871307373 -0.015909520909190178 -0.4733674228191376 -0.6380744576454163 0.029246782884001732 0.7694189548492432 14.035801887512207
0.7390091419219971 -0.013657963834702969 0.6735568642616272 6.067706108093262 0.0316007100045681 0.9993967413902283 -0.014406340196728706 -0.5079859495162964 -0.6729538440704346 0.03193129599094391 0.7389948964118958 14.76681900024414
0.7069863080978394 -0.012832232750952244 0.7071108818054199 6.794270992279053 0.0318949930369854 0.9993967413902283 -0.013752910308539867 -0.537276566028595 -0.7065076231956482 0.032276418060064316 0.7069689035415649 15.48934555053711
0.6728021502494812 -0.011394195258617401 0.7397347688674927 7.542635917663574 0.032760139554739 0.9993594884872437 -0.014402723871171474 -0.5701038241386414 -0.7390967011451721 0.03392399847507477 0.6727444529533386 16.17291259765625
0.6372582912445068 -0.01278001070022583 0.7705442309379578 8.311962127685547 0.037574220448732376 0.9991887211799622 -0.01450253650546074 -0.5978739857673645 -0.7697336077690125 0.03819446638226509 0.6372215151786804 16.806900024414062
0.6006024479866028 -0.011094161309301853 0.799470841884613 9.102768898010254 0.03786686435341835 0.9991763830184937 -0.014582027681171894 -0.6261079907417297 -0.7986505627632141 0.03903145715594292 0.6005279421806335 17.396329879760742
0.5628074407577515 -0.010024888440966606 0.8265271186828613 9.946321487426758 0.04048549011349678 0.9990606307983398 -0.01545026246458292 -0.6583127975463867 -0.8255959153175354 0.04215787351131439 0.5626847147941589 17.96784210205078
0.523757815361023 -0.008165036328136921 0.8518280386924744 10.788284301757812 0.044780902564525604 0.9988353848457336 -0.01795998215675354 -0.6847226619720459 -0.8506894111633301 0.047552306205034256 0.5235134959220886 18.48993682861328
0.4851019084453583 -0.007283552549779415 0.8744273781776428 11.666370391845703 0.046499162912368774 0.9987654089927673 -0.017476901412010193 -0.7074705958366394 -0.8732203841209412 0.04913821816444397 0.48484179377555847 18.97027015686035
0.4466090798377991 -0.00920072477310896 0.8946818113327026 12.566962242126465 0.05199259892106056 0.9985243082046509 -0.015685154125094414 -0.7328359484672546 -0.8932172060012817 0.05352196469902992 0.4464283585548401 19.409992218017578
0.4099327623844147 -0.009782564826309681 0.9120633006095886 13.50121784210205 0.055630218237638474 0.998349130153656 -0.014295317232608795 -0.7569593191146851 -0.9104177355766296 0.056598398834466934 0.4098001718521118 19.81334114074707
0.3741706609725952 -0.007040299009531736 0.9273332953453064 14.478693008422852 0.05645868927240372 0.9982893466949463 -0.015201577916741371 -0.7809580564498901 -0.9256396293640137 0.05804399773478508 0.3739279806613922 20.22246551513672
0.3410522937774658 -0.007892713882029057 0.9400113224983215 15.437087059020996 0.05701005458831787 0.9982978105545044 -0.012302118353545666 -0.8014044165611267 -0.9383140206336975 0.057785745710134506 0.3409217894077301 20.564685821533203
0.3077625036239624 -0.009471477009356022 0.9514160752296448 16.424036026000977 0.05956168845295906 0.998181164264679 -0.00932988990098238 -0.825025200843811 -0.9495971202850342 0.059539344161748886 0.3077668249607086 20.879648208618164
0.27528005838394165 -0.00929239485412836 0.9613193273544312 17.414384841918945 0.06063759699463844 0.9981300234794617 -0.007715754676610231 -0.8413261771202087 -0.959449827671051 0.0604160875082016 0.27532872557640076 21.156007766723633
0.24313201010227203 -0.006580136716365814 0.9699708819389343 18.419034957885742 0.05769122764468193 0.9983047842979431 -0.00768848042935133 -0.8652001023292542 -0.9682760834693909 0.057828132063150406 0.24309948086738586 21.411230087280273
0.21244171261787415 -0.0049917795695364475 0.9771609902381897 19.441133499145508 0.057846080511808395 0.9982975125312805 -0.007476395461708307 -0.878814697265625 -0.9754599928855896 0.05811323598027229 0.21236880123615265 21.63056182861328
0.18198814988136292 -0.004872748628258705 0.9832886457443237 20.4730281829834 0.059480201452970505 0.9982110857963562 -0.006061963737010956 -0.8990033268928528 -0.9815000891685486 0.059589412063360214 0.18195241689682007 21.824630737304688
0.15145835280418396 -0.00509908189997077 0.9884504079818726 21.532758712768555 0.061165567487478256 0.9981186389923096 -0.004223324824124575 -0.9116700291633606 -0.9865694046020508 0.06109878793358803 0.15148530900478363 21.986766815185547
0.12120982259511948 -0.0055426862090826035 0.9926113486289978 22.621328353881836 0.05999356880784035 0.9981971383094788 -0.0017520596738904715 -0.9181867837905884 -0.9908121824264526 0.05976266786456108 0.12132381647825241 22.1153507232666
0.09197686612606049 -0.006110400892794132 0.9957423210144043 23.709684371948242 0.06023360788822174 0.998184084892273 0.0005615976406261325 -0.9334788918495178 -0.9939377307891846 0.05992550775408745 0.09217789024114609 22.2086124420166
0.06530067324638367 -0.005746784154325724 0.9978491067886353 24.82761573791504 0.0632224977016449 0.9979981780052185 0.001610271050594747 -0.9344848394393921 -0.9958608150482178 0.06298137456178665 0.06553328037261963 22.266630172729492
0.04062306135892868 -0.005068671423941851 0.9991616010665894 25.945363998413086 0.06750872731208801 0.9977160096168518 0.0023166246246546507 -0.9372439980506897 -0.9968912601470947 0.06735802441835403 0.04087246581912041 22.293025970458984
0.018185313791036606 -0.0045775920152664185 0.9998241662979126 27.12973976135254 0.07164283096790314 0.9974250197410583 0.0032635314855724573 -0.9375044703483582 -0.997264564037323 0.07157086580991745 0.018466437235474586 22.306564331054688
-0.0017606703331694007 -0.004807299934327602 0.9999868869781494 28.2794132232666 0.07728008925914764 0.9969972372055054 0.004928994458168745 -0.9382505416870117 -0.9970077872276306 0.07728776335716248 -0.0013838750310242176 22.298166275024414
-0.019053736701607704 -0.005535287316888571 0.9998031258583069 29.471662521362305 0.08177924901247025 0.9966253638267517 0.00707620196044445 -0.9376319646835327 -0.9964683055877686 0.08189795911312103 -0.0185367651283741 22.256349563598633
-0.034634146839380264 -0.0052598449401557446 0.999386191368103 30.687971115112305 0.08467952162027359 0.9963746666908264 0.00817860011011362 -0.9342582821846008 -0.9958061575889587 0.08491083979606628 -0.0340631864964962 22.206392288208008
-0.048822809010744095 -0.005554561037570238 0.9987919330596924 31.891830444335938 0.08711684495210648 0.9961498975753784 0.009798301383852959 -0.924161970615387 -0.9950010180473328 0.08748998492956161 -0.048150938004255295 22.146686553955078
-0.0613505095243454 -0.00682432297617197 0.9980928897857666 33.10220718383789 0.08764981478452682 0.9960765838623047 0.012198170647025108 -0.9231889843940735 -0.994260311126709 0.08823101967573166 -0.06051165983080864 22.044540405273438
-0.0732332393527031 -0.006369494367390871 0.9972944855690002 34.30765151977539 0.08723069727420807 0.9961063265800476 0.012767422944307327 -0.9168301820755005 -0.9934926629066467 0.08792969584465027 -0.07239247858524323 21.95876121520996
-0.08440686017274857 -0.0041212900541722775 0.9964227676391602 35.52846908569336 0.08686301857233047 0.9961541295051575 0.011478334665298462 -0.9185774326324463 -0.9926380515098572 0.08752115070819855 -0.083724245429039 21.85795021057129
-0.09390165656805038 -4.450406777323224e-06 0.9955816268920898 36.76354217529297 0.0878150463104248 0.9961023330688477 0.008287026546895504 -0.8997855186462402 -0.991701066493988 0.08820518106222153 -0.09353526681661606 21.726953506469727
-0.10283403098583221 0.0023022436071187258 0.994695782661438 38.014793395996094 0.08881188184022903 0.9960246086120605 0.0068762642331421375 -0.8946836590766907 -0.9907258152961731 0.08904791623353958 -0.10262970626354218 21.5947208404541
-0.11023357510566711 0.003329155035316944 0.9939001202583313 39.30523681640625 0.08884264528751373 0.9960243701934814 0.0065172770991921425 -0.8882731795310974 -0.9899270534515381 0.08901914209127426 -0.11009108275175095 21.456039428710938
-0.11559771001338959 0.004233240149915218 0.9932870268821716 40.610984802246094 0.08868514001369476 0.9960411787033081 0.0060761054046452045 -0.8796889781951904 -0.9893290400505066 0.08879218995571136 -0.11551549285650253 21.29934310913086
-0.12057754397392273 0.006139557342976332 0.9926849007606506 41.939918518066406 0.09004534780979156 0.9959261417388916 0.004777852445840836 -0.8703165650367737 -0.9886115789413452 0.08996275067329407 -0.12063919007778168 21.14179039001465
-0.12540653347969055 0.007429895922541618 0.9920777082443237 43.28420639038086 0.08867544680833817 0.9960535168647766 0.0037496129516512156 -0.8700515627861023 -0.9881345629692078 0.08844315260648727 -0.12557047605514526 20.98223304748535
-0.12956096231937408 0.008243591524660587 0.9915372133255005 44.66251754760742 0.08966614305973053 0.9959660172462463 0.003435971913859248 -0.8675440549850464 -0.9875089526176453 0.08935248851776123 -0.1297774612903595 20.80548858642578
-0.1334877610206604 0.00731650972738862 0.9910233616828918 46.069915771484375 0.08869954943656921 0.996047854423523 0.004593950696289539 -0.8582847118377686 -0.9870730638504028 0.08851656317710876 -0.13360919058322906 20.64393424987793
-0.1358608603477478 0.005535499658435583 0.9907124638557434 47.49884033203125 0.08938433974981308 0.9959747195243835 0.006692773662507534 -0.8531215786933899 -0.9866875410079956 0.08946345746517181 -0.1358087658882141 20.442001342773438
-0.13707615435123444 0.00461189728230238 0.9905499219894409 48.944759368896484 0.08925661444664001 0.9959787130355835 0.007714508101344109 -0.8423961997032166 -0.9865309000015259 0.08947059512138367 -0.13693661987781525 20.215200424194336
-0.13943339884281158 0.005059431307017803 0.9902185797691345 50.38264465332031 0.09168869256973267 0.9957568645477295 0.00782302301377058 -0.8391122221946716 -0.9859773516654968 0.09188264608383179 -0.13930566608905792 20.028499603271484
-0.14012116193771362 0.005062250420451164 0.9901214241981506 51.90559387207031 0.09179666638374329 0.9957464337348938 0.007899980060756207 -0.8251978158950806 -0.9858698844909668 0.09199679642915726 -0.13998988270759583 19.76655387878418
-0.13971330225467682 0.007269632536917925 0.9901652932167053 53.371429443359375 0.09320589154958725 0.9956297278404236 0.005841691978275776 -0.8023067116737366 -0.9857955574989319 0.09310539811849594 -0.13978029787540436 19.546524047851562
-0.1408177763223648 0.006749412510544062 0.990012526512146 54.898651123046875 0.09360793232917786 0.9955877661705017 0.006527220364660025 -0.8076751232147217 -0.9856002926826477 0.09359218925237656 -0.14082825183868408 19.339309692382812
-0.1397491842508316 0.008684744127094746 0.9901487827301025 56.40704345703125 0.09345421195030212 0.9956135153770447 0.004457409493625164 -0.7973112463951111 -0.9857669472694397 0.09315650910139084 -0.1399478018283844 19.114654541015625
-0.13864895701408386 0.008801176212728024 0.9903025031089783 57.936397552490234 0.094229556620121 0.9955410957336426 0.004345033783465624 -0.7898882627487183 -0.9858484864234924 0.09391820430755615 -0.1388600468635559 18.90503692626953
-0.13730284571647644 0.006606996059417725 0.9905070662498474 59.496402740478516 0.09266533702611923 0.9956780076026917 0.006203667260706425 -0.8001704216003418 -0.9861851334571838 0.09263744950294495 -0.13732169568538666 18.696502685546875
-0.13592082262039185 0.007485966198146343 0.9906914234161377 61.08253479003906 0.09372124075889587 0.9955841898918152 0.0053354245610535145 -0.7936151623725891 -0.9862766861915588 0.09357402473688126 -0.1360221952199936 18.474082946777344
-0.1348603516817093 0.007807886693626642 0.9908338189125061 62.6783447265625 0.09329265356063843 0.9956270456314087 0.004852214828133583 -0.7923286557197571 -0.9864629507064819 0.09309189766645432 -0.13499900698661804 18.260818481445312
-0.13353800773620605 0.008307261392474174 0.9910088777542114 64.30542755126953 0.0943855494260788 0.995526134967804 0.004373284988105297 -0.7921713590621948 -0.9865388870239258 0.09412092715501785 -0.1337246596813202 18.02769660949707
-0.13273832201957703 0.007867932319641113 0.991119921207428 65.89810180664062 0.09389031678438187 0.9955717325210571 0.004671231843531132 -0.7926008105278015 -0.9866940379142761 0.0936766043305397 -0.13288918137550354 17.828062057495117
-0.13112621009349823 0.006708937231451273 0.9913430213928223 67.54662322998047 0.09579839557409286 0.9953831434249878 0.005935096647590399 -0.7813019156455994 -0.9867262244224548 0.09574732184410095 -0.13116349279880524 17.60075569152832
-0.13119405508041382 0.0047735958360135555 0.991345226764679 69.26707458496094 0.09824654459953308 0.9951281547546387 0.008210078813135624 -0.7795000076293945 -0.9864764213562012 0.09847334772348404 -0.13102389872074127 17.364517211914062
-0.13014256954193115 0.0055976128205657005 0.9914795756340027 70.95592498779297 0.099673792719841 0.9949920177459717 0.007465837989002466 -0.7785460948944092 -0.9864725470542908 0.09979615360498428 -0.13004879653453827 17.13725471496582
-0.12952010333538055 0.007989305071532726 0.9915446043014526 72.6421127319336 0.10190274566411972 0.9947801828384399 0.005295624025166035 -0.7638159394264221 -0.9863266944885254 0.10172700136899948 -0.12965817749500275 16.915456771850586
-0.1283218115568161 0.007896236144006252 0.9917011260986328 74.34230041503906 0.10103739798069 0.9948691725730896 0.005152333062142134 -0.7593057155609131 -0.9865723252296448 0.10086004436016083 -0.12846124172210693 16.693679809570312
-0.1287868469953537 0.007136592175811529 0.9916465282440186 76.067626953125 0.10159984230995178 0.9948070645332336 0.006035608239471912 -0.7708636522293091 -0.9864539504051208 0.10152843594551086 -0.12884315848350525 16.47275161743164
-0.12840740382671356 0.006100148428231478 0.9917027354240417 77.80089569091797 0.10143977403640747 0.9948169589042664 0.007015292998403311 -0.7661674618721008 -0.9865198135375977 0.10149890929460526 -0.12836064398288727 16.245786666870117
-0.12840192019939423 0.006588581018149853 0.9917003512382507 79.52449798583984 0.10290180891752243 0.9946688413619995 0.006715067196637392 -0.7604302763938904 -0.9863691926002502 0.10290998220443726 -0.12839540839195251 16.032150268554688
-0.1281948685646057 0.00619139289483428 0.9917296767234802 81.2948226928711 0.10395810008049011 0.9945554137229919 0.00722899753600359 -0.7562649846076965 -0.9862853288650513 0.10402505099773407 -0.12814056873321533 15.799980163574219
-0.12827353179454803 0.007336145732551813 0.9917116761207581 83.05503845214844 0.10433723032474518 0.9945230484008789 0.006138622760772705 -0.7497332096099854 -0.9862350225448608 0.10425988584756851 -0.12833642959594727 15.571249008178711
-0.1284870207309723 0.00858268328011036 0.99167400598526 84.85499572753906 0.10406970977783203 0.9945580363273621 0.00487623130902648 -0.7396363019943237 -0.986235499382019 0.1038297712802887 -0.128681018948555 15.32175350189209
-0.12956489622592926 0.0092053497210145 0.9915282130241394 86.63932037353516 0.1032879576086998 0.9946423768997192 0.0042625791393220425 -0.7441493272781372 -0.9861766695976257 0.10296522080898285 -0.12982158362865448 15.093864440917969
-0.13116833567619324 0.009650826454162598 0.9913131594657898 88.4368896484375 0.10220459848642349 0.9947559833526611 0.003839140757918358 -0.746921956539154 -0.986077606678009 0.10182034969329834 -0.1314668208360672 14.872103691101074
-0.1319863349199295 0.008833792060613632 0.9912121295928955 90.24700164794922 0.10114727914333344 0.994860827922821 0.0046021100133657455 -0.7488322257995605 -0.9860774874687195 0.10086582601070404 -0.13220155239105225 14.639896392822266
-0.13313870131969452 0.008519688621163368 0.991060733795166 92.08062744140625 0.10120245069265366 0.9948530793190002 0.005043203476816416 -0.7497895359992981 -0.9859169125556946 0.10096921026706696 -0.13331563770771027 14.402902603149414
-0.1337885707616806 0.007528428919613361 0.9909812808036804 93.94335174560547 0.09866911172866821 0.9951035976409912 0.005761191248893738 -0.7489432096481323 -0.9860857129096985 0.09855000674724579 -0.13387635350227356 14.159934997558594
-0.13564471900463104 0.00839039497077465 0.9907220005989075 95.76952362060547 0.09837735444307327 0.9951364398002625 0.005041555035859346 -0.7513747811317444 -0.9858612418174744 0.09814846515655518 -0.13581041991710663 13.925145149230957
-0.13779623806476593 0.00944309402257204 0.9904155731201172 97.64476013183594 0.09778495132923126 0.9951990246772766 0.004116087686270475 -0.744167685508728 -0.9856218099594116 0.09741489589214325 -0.13805808126926422 13.655752182006836
-0.1418849229812622 0.010391213931143284 0.9898285865783691 99.51480102539062 0.09815370291471481 0.995164692401886 0.003622407326474786 -0.7416746616363525 -0.9850047826766968 0.097669318318367 -0.14221878349781036 13.393080711364746
-0.14650066196918488 0.009440666995942593 0.9891655445098877 101.40225982666016 0.09617045521736145 0.9953535795211792 0.004743629600852728 -0.7422499656677246 -0.9845246076583862 0.09582345187664032 -0.14672785997390747 13.12190055847168
-0.15092526376247406 0.008998834528028965 0.98850417137146 103.30343627929688 0.09490960091352463 0.9954712390899658 0.0054285828955471516 -0.7405147552490234 -0.9839785099029541 0.09463786333799362 -0.15109579265117645 12.832862854003906
-0.1552717238664627 0.009544292464852333 0.9878256320953369 105.20146179199219 0.0936514213681221 0.995591938495636 0.005101302172988653 -0.7489984035491943 -0.9834226369857788 0.0933033749461174 -0.15548110008239746 12.539909362792969
-0.15932704508304596 0.01124119944870472 0.9871618151664734 107.1255874633789 0.09406653791666031 0.995558500289917 0.003845443483442068 -0.7479571104049683 -0.9827340841293335 0.09347159415483475 -0.15967682003974915 12.212730407714844
-0.16425925493240356 0.01265692338347435 0.9863359928131104 109.05671691894531 0.09367913007736206 0.9955984354019165 0.0028250510804355145 -0.7620037198066711 -0.9819587469100952 0.09286313503980637 -0.16472193598747253 11.903236389160156
-0.16851724684238434 0.012709521688520908 0.9856168627738953 111.01145935058594 0.09260419756174088 0.9956985116004944 0.002993610454723239 -0.7724136710166931 -0.9813390374183655 0.09177672863006592 -0.1689693182706833 11.562990188598633
-0.17325688898563385 0.01250386144965887 0.9847972989082336 112.95469665527344 0.09093287587165833 0.9958513975143433 0.0033537480048835278 -0.77968430519104 -0.9806697368621826 0.09013151377439499 -0.17367513477802277 11.229206085205078
-0.1777583807706833 0.012044321745634079 0.9840005040168762 114.9259262084961 0.08949913829565048 0.9959788918495178 0.003976960200816393 -0.7855227589607239 -0.979995846748352 0.08877411484718323 -0.17812155187129974 10.869288444519043
-0.18368662893772125 0.011151074431836605 0.9829216003417969 116.86742401123047 0.0879870131611824 0.9961082935333252 0.005142178852111101 -0.7903784513473511 -0.9790390133857727 0.08742886781692505 -0.1839529275894165 10.530576705932617
-0.18874232470989227 0.010822265408933163 0.981967031955719 118.84555053710938 0.0880206748843193 0.9961009621620178 0.0059402757324278355 -0.7917462587356567 -0.9780739545822144 0.08755456656217575 -0.18895897269248962 10.150918006896973
-0.19407808780670166 0.012463533319532871 0.9809068441390991 120.80745697021484 0.08909834176301956 0.9960103631019592 0.004973177332431078 -0.7983595728874207 -0.9769315123558044 0.08836235851049423 -0.19441422820091248 9.772721290588379
-0.1996658742427826 0.01371199730783701 0.9797680377960205 122.77155303955078 0.08892573416233063 0.9960294961929321 0.004182501696050167 -0.8019596934318542 -0.9758206009864807 0.08796170353889465 -0.20009243488311768 9.383935928344727
-0.2055007666349411 0.01351096760481596 0.978563666343689 124.7796859741211 0.08922767639160156 0.9959987998008728 0.00498634297400713 -0.8038316369056702 -0.9745808839797974 0.088339664041996 -0.20588409900665283 8.979135513305664
-0.21104541420936584 0.013404330238699913 0.9773843288421631 126.76873016357422 0.0880543515086174 0.9961012601852417 0.005352444481104612 -0.8062196373939514 -0.9735020399093628 0.08719255030155182 -0.21140292286872864 8.55769157409668
-0.21628810465335846 0.014144417829811573 0.9762270450592041 128.76100158691406 0.08733048290014267 0.9961672425270081 0.004915185272693634 -0.8070319890975952 -0.9724159836769104 0.08631747961044312 -0.21669435501098633 8.123634338378906
-0.2217026948928833 0.01482498086988926 0.9750016331672668 130.76605224609375 0.08662429451942444 0.9962306022644043 0.004549468867480755 -0.8107956647872925 -0.9712590575218201 0.08546746522188187 -0.22215119004249573 7.687851905822754
-0.2260495126247406 0.014119310304522514 0.97401362657547 132.75537109375 0.0879225805401802 0.9961094260215759 0.005965497810393572 -0.8142998814582825 -0.9701398015022278 0.08698626607656479 -0.22641146183013916 7.230450630187988
-0.22967775166034698 0.014186682179570198 0.9731632471084595 134.76458740234375 0.09013441950082779 0.9959067106246948 0.006754527799785137 -0.8059917092323303 -0.9690840840339661 0.08926687389612198 -0.2300163358449936 6.748501777648926
-0.23341716825962067 0.014852874912321568 0.9722633957862854 136.78128051757812 0.0912892073392868 0.9958018064498901 0.006703892257064581 -0.8081417083740234 -0.9680819511413574 0.09032193571329117 -0.23379315435886383 6.265807628631592
-0.23636212944984436 0.015632083639502525 0.9715392589569092 138.78456115722656 0.09180387109518051 0.9957571029663086 0.006312873214483261 -0.8080019950866699 -0.9673184752464294 0.09068319946527481 -0.2367943674325943 5.776910305023193
-0.24010662734508514 0.015903718769550323 0.9706161618232727 140.8267059326172 0.09140735119581223 0.9957937598228455 0.006295676343142986 -0.8078731298446655 -0.9664334654808044 0.09023308753967285 -0.24055038392543793 5.286065578460693
-0.24349218606948853 0.016291501000523567 0.9697660207748413 142.8338623046875 0.09022711962461472 0.9959036111831665 0.005923943128436804 -0.8124579191207886 -0.9656969904899597 0.08894164860248566 -0.24396467208862305 4.775542736053467
-0.2482394129037857 0.01697952300310135 0.968549907207489 144.86428833007812 0.08942042291164398 0.9959790110588074 0.005458082538098097 -0.818367600440979 -0.9645627737045288 0.0879630520939827 -0.24875955283641815 4.266903877258301
-0.2525501847267151 0.016113517805933952 0.9674496054649353 146.8970489501953 0.08746806532144547 0.9961476922035217 0.006241802591830492 -0.8252028822898865 -0.9636222124099731 0.08619730919599533 -0.25298672914505005 3.747140884399414
-0.2569997012615204 0.016748519614338875 0.9662663340568542 148.93792724609375 0.08817098289728165 0.996086061000824 0.00618561077862978 -0.8254436254501343 -0.9623809456825256 0.08678634464740753 -0.25747057795524597 3.207303285598755
-0.2622179388999939 0.016822468489408493 0.964862048625946 150.99423217773438 0.08732841908931732 0.9961592555046082 0.00636487128213048 -0.8342602849006653 -0.9610490798950195 0.08592884987592697 -0.26267993450164795 2.669250249862671
-0.26717621088027954 0.01739252731204033 0.9634907245635986 153.0492706298828 0.08698705583810806 0.9961905479431152 0.006138718221336603 -0.8305013179779053 -0.9597135782241821 0.08545134216547012 -0.2676713466644287 2.115847587585449
-0.2720417380332947 0.01655704528093338 0.9621430039405823 155.0951385498047 0.08677452057600021 0.9962005615234375 0.0073920018039643764 -0.8409886360168457 -0.9583649039268494 0.08550043404102325 -0.2724449634552002 1.5512349605560303
-0.2768866717815399 0.01643579639494419 0.9607621431350708 157.1592254638672 0.08712635189294815 0.9961646199226379 0.008067947812378407 -0.8407735824584961 -0.9569444060325623 0.0859416052699089 -0.2772567570209503 0.9782137274742126
-0.2817164361476898 0.017158016562461853 0.959344208240509 159.2402801513672 0.08771407604217529 0.9961139559745789 0.007942051626741886 -0.8410935401916504 -0.9554800391197205 0.08638541400432587 -0.28212669491767883 0.390360563993454
-0.2853197753429413 0.018626805394887924 0.9582513570785522 161.3083038330078 0.08831631392240524 0.9960683584213257 0.006934322416782379 -0.837327241897583 -0.9543547034263611 0.08660772442817688 -0.28584304451942444 -0.21910974383354187
-0.28921476006507874 0.020070897415280342 0.9570537209510803 163.37364196777344 0.08808669447898865 0.9960963129997253 0.005729480646550655 -0.8419233560562134 -0.9532027840614319 0.0859607383608818 -0.2898537814617157 -0.8322315812110901
-0.2933162748813629 0.02157735824584961 0.9557718634605408 165.46334838867188 0.08902046829462051 0.9960179924964905 0.004833484999835491 -0.8446289896965027 -0.9518619775772095 0.08650099486112595 -0.2940690517425537 -1.4525738954544067
-0.2968389689922333 0.02217574417591095 0.9546699523925781 167.5536346435547 0.08846091479063034 0.9960700869560242 0.004368050489574671 -0.8502737283706665 -0.9508213996887207 0.08574759215116501 -0.297634094953537 -2.0924887657165527
-0.3006497025489807 0.022243725135922432 0.9534753561019897 169.64918518066406 0.08881387859582901 0.9960368275642395 0.004768130369484425 -0.8584374785423279 -0.9495903849601746 0.08611536771059036 -0.3014337718486786 -2.740553379058838
-0.30503520369529724 0.022744225338101387 0.9520694613456726 171.7301788330078 0.08874288946390152 0.9960437417030334 0.004637754987925291 -0.8599356412887573 -0.9481973648071289 0.0859040766954422 -0.30584678053855896 -3.3808910846710205
-0.30919551849365234 0.023778563365340233 0.9507011771202087 173.8251190185547 0.0911075547337532 0.9958298802375793 0.004723497200757265 -0.8666553497314453 -0.9466242790222168 0.08807653933763504 -0.31007254123687744 -4.058989524841309
-0.31207528710365295 0.023957815021276474 0.9497552514076233 175.91146850585938 0.09287772327661514 0.9956628680229187 0.005402381997555494 -0.8709754943847656 -0.9455065131187439 0.0898970440030098 -0.31294694542884827 -4.750555515289307
-0.31445005536079407 0.02383108250796795 0.9489748477935791 177.97914123535156 0.09404891729354858 0.99554842710495 0.0061631700955331326 -0.874753475189209 -0.9446035027503967 0.09118805825710297 -0.3152916133403778 -5.436328887939453
-0.3172626793384552 0.02340117283165455 0.9480489492416382 180.06576538085938 0.09362336248159409 0.9955847859382629 0.006756338756531477 -0.8734239935874939 -0.9437049627304077 0.09090305119752884 -0.3180527985095978 -6.134139537811279
-0.3198658525943756 0.023976879194378853 0.9471594095230103 182.1715850830078 0.09284385293722153 0.9956616759300232 0.00614967942237854 -0.877700924873352 -0.9429028034210205 0.08990500122308731 -0.32070431113243103 -6.844366073608398
-0.32258620858192444 0.02602779120206833 0.9461821913719177 184.28070068359375 0.09241790324449539 0.9957119226455688 0.004118203651160002 -0.881658673286438 -0.9420175552368164 0.08877265453338623 -0.3236083388328552 -7.561173439025879
-0.32563045620918274 0.028158660978078842 0.9450777173042297 186.400634765625 0.09215578436851501 0.9957424402236938 0.0020844321697950363 -0.8858110308647156 -0.9409952759742737 0.08777312189340591 -0.32683905959129333 -8.289116859436035
-0.32896023988723755 0.029034705832600594 0.9438973069190979 188.53163146972656 0.09141770005226135 0.9958118200302124 0.001228611683472991 -0.9029582142829895 -0.939908504486084 0.08669307827949524 -0.3302367925643921 -9.026524543762207
-0.3327201008796692 0.030365657061338425 0.9425366520881653 190.6949462890625 0.08985454589128494 0.9959548115730286 -0.0003675372863654047 -0.9101568460464478 -0.9387350678443909 0.08456889539957047 -0.334102600812912 -9.773008346557617
-0.33577120304107666 0.03072046861052513 0.9414424896240234 192.8231201171875 0.09091043472290039 0.9958590865135193 -7.238817488541827e-05 -0.926805853843689 -0.9375462532043457 0.08556266129016876 -0.33717361092567444 -10.544842720031738
-0.3397740125656128 0.029797999188303947 0.9400349855422974 195.00494384765625 0.09023874998092651 0.9959195256233215 0.001047164318151772 -0.9387781023979187 -0.9361680746078491 0.08518338203430176 -0.34107646346092224 -11.313820838928223
-0.3429863154888153 0.029157329350709915 0.9388877749443054 197.1661376953125 0.0902772769331932 0.9959145784378052 0.002050994662567973 -0.953800618648529 -0.9349921941757202 0.08546368032693863 -0.34421730041503906 -12.105883598327637
-0.34669142961502075 0.029223939403891563 0.9375239014625549 199.32455444335938 0.09026150405406952 0.9959152936935425 0.0023341409396380186 -0.9619391560554504 -0.9336262345314026 0.0854315385222435 -0.34791311621665955 -12.902688980102539
-0.35008546710014343 0.02976839989423752 0.9362446069717407 201.48080444335938 0.08974059671163559 0.9959633946418762 0.0018890853971242905 -0.9716947078704834 -0.9324090480804443 0.0846804827451706 -0.3513437807559967 -13.701478958129883
-0.35375797748565674 0.0301032904535532 0.9348523616790771 203.64476013183594 0.08884172141551971 0.9960445761680603 0.0015448960475623608 -0.9928469061851501 -0.9311081767082214 0.08360040932893753 -0.35503309965133667 -14.516449928283691
-0.3571520447731018 0.030826320871710777 0.9335374236106873 205.8256072998047 0.08866030722856522 0.996061384677887 0.001028681406751275 -1.0053291320800781 -0.9298288822174072 0.08313512802124023 -0.35847851634025574 -15.336380958557129
-0.3598128855228424 0.03154797479510307 0.932490885257721 207.92884826660156 0.09000938385725021 0.9959403872489929 0.0010366219794377685 -1.0291690826416016 -0.928672730922699 0.08430594205856323 -0.3611917495727539 -16.14451026916504
-0.3624255061149597 0.031151853501796722 0.9314919710159302 210.0762176513672 0.09088552743196487 0.9958592057228088 0.0020573236979544163 -1.0483787059783936 -0.9275707006454468 0.08540478348731995 -0.36375606060028076 -16.9801025390625
-0.3649863004684448 0.030856473371386528 0.930501401424408 212.25587463378906 0.09231242537498474 0.9957249760627747 0.0031899113673716784 -1.0610541105270386 -0.9264249801635742 0.08706112205982208 -0.3662744462490082 -17.83847427368164
-0.3681893050670624 0.0315893180668354 0.9292140603065491 214.45126342773438 0.0935196727514267 0.9956122636795044 0.0032094172202050686 -1.0766174793243408 -0.9250355362892151 0.0880814641714096 -0.36952799558639526 -18.698650360107422
-0.3711513876914978 0.03274378925561905 0.9279949069023132 216.6446990966797 0.0937490463256836 0.9955931901931763 0.0023659660946577787 -1.090812087059021 -0.9238277673721313 0.08787675201892853 -0.3725854456424713 -19.568504333496094
-0.3742656409740448 0.032915424555540085 0.9267371892929077 218.8291015625 0.09302765130996704 0.9956610798835754 0.0022060684859752655 -1.1066378355026245 -0.9226435422897339 0.0870378166437149 -0.3757038414478302 -20.4368896484375
-0.3771810233592987 0.034144848585128784 0.9255099296569824 220.9944305419922 0.09295734763145447 0.995669424533844 0.0011504704598337412 -1.1294128894805908 -0.9214626550674438 0.08646690100431442 -0.3787216246128082 -21.317657470703125
-0.3796599805355072 0.03529025614261627 0.9244527816772461 223.15884399414062 0.09277243912220001 0.9956872463226318 9.07843277673237e-05 -1.1482188701629639 -0.9204626083374023 0.08579819649457932 -0.3812965750694275 -22.212047576904297
-0.3823372423648834 0.03547040745615959 0.9233418107032776 225.34007263183594 0.09075205773115158 0.9958732724189758 -0.00067810935433954 -1.1671797037124634 -0.9195554852485657 0.08353591710329056 -0.3839784860610962 -23.101200103759766
-0.38574591279029846 0.03648510202765465 0.9218833446502686 227.51712036132812 0.0916336253285408 0.9957922101020813 -0.001067682751454413 -1.1883776187896729 -0.9180431365966797 0.08406366407871246 -0.38746607303619385 -23.998231887817383
-0.38898083567619324 0.036268364638090134 0.9205315709114075 229.68240356445312 0.09307488799095154 0.9956591129302979 0.00010148969886358827 -1.2143826484680176 -0.916532039642334 0.08571785688400269 -0.39066797494888306 -24.906536102294922
-0.3919987380504608 0.035295821726322174 0.9192883372306824 231.85716247558594 0.0932968407869339 0.9956371188163757 0.0015559965977445245 -1.2371214628219604 -0.9152227640151978 0.08637665212154388 -0.3935815095901489 -25.82040023803711
-0.39585429430007935 0.034801337867975235 0.9176536798477173 233.9958038330078 0.09193608164787292 0.9957631230354309 0.0018954836996272206 -1.2561542987823486 -0.9136996865272522 0.08511579781770706 -0.3973766267299652 -26.719337463378906
-0.3991457521915436 0.03505111113190651 0.9162172675132751 236.1321258544922 0.0907265916466713 0.99587482213974 0.0014260995667427778 -1.2783164978027344 -0.9123877286911011 0.08369449526071548 -0.40067926049232483 -27.641576766967773
-0.4029333293437958 0.03462999686598778 0.9145739674568176 238.32266235351562 0.08925992250442505 0.9960070848464966 0.0016117558116093278 -1.2947088479995728 -0.9108663201332092 0.08228423446416855 -0.40441542863845825 -28.591196060180664
-0.40693801641464233 0.033959683030843735 0.912824273109436 240.4915313720703 0.08827254176139832 0.9960936307907104 0.002294449368491769 -1.315311074256897 -0.9091805219650269 0.08151102066040039 -0.40834614634513855 -29.535737991333008
-0.41094183921813965 0.034052398055791855 0.9110254049301147 242.65086364746094 0.08779171109199524 0.9961360692977905 0.002367075067013502 -1.3351856470108032 -0.9074246287345886 0.0809531882405281 -0.41234350204467773 -30.49835968017578
-0.41487717628479004 0.03401254117488861 0.9092414975166321 244.80462646484375 0.08744862675666809 0.9961655139923096 0.0026377288158982992 -1.352568507194519 -0.9056653380393982 0.08060626685619354 -0.416260689496994 -31.46662712097168
-0.419133722782135 0.03303079307079315 0.9073233604431152 246.97132873535156 0.08570048958063126 0.9963154196739197 0.003318417351692915 -1.373671293258667 -0.9038706421852112 0.07914891093969345 -0.42042022943496704 -32.44305419921875
-0.42336350679397583 0.03319153934717178 0.9053515791893005 249.09646606445312 0.08509314805269241 0.9963675737380981 0.00326321623288095 -1.3877390623092651 -0.9019548296928406 0.0784207433462143 -0.424650102853775 -33.418609619140625
-0.42703813314437866 0.034517548978328705 0.9035747051239014 251.24215698242188 0.08615358173847198 0.9962783455848694 0.002658091951161623 -1.4082483053207397 -0.9001200199127197 0.07898128777742386 -0.4284226596355438 -34.42353820800781
-0.4309040606021881 0.03425145894289017 0.901747465133667 253.32431030273438 0.08555430918931961 0.9963288903236389 0.0030385139398276806 -1.433377981185913 -0.8983328938484192 0.07845768332481384 -0.43225255608558655 -35.40654373168945
-0.43472033739089966 0.03425568342208862 0.8999137282371521 255.45924377441406 0.085313580930233 0.9963487386703491 0.003285802900791168 -1.4496469497680664 -0.8965153694152832 0.07820326834917068 -0.43605560064315796 -36.42524337768555
-0.4386187195777893 0.03470788896083832 0.8980028033256531 257.5775451660156 0.08444012701511383 0.9964247345924377 0.002731852000579238 -1.4674842357635498 -0.8946974277496338 0.07702570408582687 -0.43998125195503235 -37.445072174072266
-0.44276174902915955 0.034874577075242996 0.895960807800293 259.7080993652344 0.08427662402391434 0.996438205242157 0.002861852990463376 -1.4850099086761475 -0.8926698565483093 0.0767756849527359 -0.44412386417388916 -38.48530960083008
-0.44633767008781433 0.035523295402526855 0.894159197807312 261.83428955078125 0.0846095159649849 0.9964106678962708 0.00264900759793818 -1.489353060722351 -0.890855610370636 0.0768367275595665 -0.4477413296699524 -39.54082489013672
-0.44970425963401794 0.037213943898677826 0.892401933670044 263.955078125 0.0863068550825119 0.9962667226791382 0.0019470350816845894 -1.4977251291275024 -0.8889978528022766 0.07789597660303116 -0.45123720169067383 -40.59773635864258
-0.4531579315662384 0.039397500455379486 0.890559196472168 266.0854797363281 0.08870402723550797 0.9960574507713318 0.0010720889549702406 -1.5122504234313965 -0.8870058059692383 0.07948201149702072 -0.45486608147621155 -41.68239974975586
-0.45592501759529114 0.04010891914367676 0.8891139626502991 268.2137145996094 0.09014944732189178 0.9959273934364319 0.0012999627506360412 -1.5328726768493652 -0.8854408264160156 0.08074581623077393 -0.4576840102672577 -42.77410125732422
-0.4588479995727539 0.04217621684074402 0.8875131011009216 270.33941650390625 0.09186896681785583 0.9957711100578308 0.00017581830616109073 -1.5451741218566895 -0.8837525844573975 0.08161558955907822 -0.4607822895050049 -43.87683868408203
