0.9998846054077148 -0.0024187525268644094 -0.014996366575360298 9.692138671875 0.0023192204535007477 0.9999752044677734 -0.006650928407907486 1.415637493133545 0.01501208171248436 0.006615381222218275 0.9998654127120972 -4.113496780395508
0.9998541474342346 -0.00487652188166976 -0.016362717375159264 9.6627197265625 0.0048165759071707726 0.9999815225601196 -0.0037009711377322674 1.3893861770629883 0.016380462795495987 0.003621620126068592 0.9998592138290405 -2.5905961990356445
0.999826192855835 -0.005292083136737347 -0.017874700948596 9.635703086853027 0.005242297891527414 0.9999822378158569 -0.002830952638760209 1.3610752820968628 0.017889361828565598 0.0027367568109184504 0.9998362064361572 -1.0688287019729614
0.9998051524162292 -0.004323984496295452 -0.019261673092842102 9.596752166748047 0.004261938389390707 0.9999855756759644 -0.0032611109782010317 1.338118314743042 0.019275497645139694 0.0031783832237124443 0.9998091459274292 0.4441598057746887
0.9997777342796326 -0.003457825630903244 -0.020798210054636 9.560961723327637 0.0033905808813869953 0.9999889135360718 -0.0032675866968929768 1.3112157583236694 0.02080927975475788 0.003196343081071973 0.9997782707214355 1.9481925964355469
0.9997449517250061 -0.0038096581120043993 -0.022261111065745354 9.523134231567383 0.0037383809685707092 0.9999878406524658 -0.0032426039688289165 1.2912068367004395 0.022273192182183266 0.003158556530252099 0.9997469186782837 3.448086738586426
0.9997031092643738 -0.004440645687282085 -0.023958973586559296 9.480725288391113 0.004382521845400333 0.9999873042106628 -0.002477919450029731 1.2601019144058228 0.02396967262029648 0.0023721843026578426 0.9997097849845886 4.959272384643555
0.9996523261070251 -0.0061281961388885975 -0.025644438341259956 9.435548782348633 0.00604371028020978 0.9999760389328003 -0.003370660822838545 1.2377277612686157 0.02566448226571083 0.0032145020086318254 0.999665379524231 6.455852031707764
0.9996090531349182 -0.007353315595537424 -0.026975778862833977 9.395061492919922 0.007271523587405682 0.9999685883522034 -0.0031288873869925737 1.2135142087936401 0.026997944340109825 0.002931509166955948 0.9996311068534851 7.941534996032715
0.9995735883712769 -0.007020239252597094 -0.028343260288238525 9.346343040466309 0.006930386181920767 0.9999706745147705 -0.003267164807766676 1.1873036623001099 0.0283653661608696 0.003069342114031315 0.9995929002761841 9.431500434875488
0.999549150466919 -0.006670046132057905 -0.029275337234139442 9.297260284423828 0.006579453591257334 0.9999734163284302 -0.0031897348817437887 1.1622569561004639 0.02929583191871643 0.002995681017637253 0.9995663166046143 10.909226417541504
0.9995378255844116 -0.004865293391048908 -0.03000521846115589 9.243403434753418 0.004795053042471409 0.9999856948852539 -0.0024123932234942913 1.1354132890701294 0.030016522854566574 0.0022674016654491425 0.9995468258857727 12.389686584472656
0.9995339512825012 -0.0035662685986608267 -0.030318504199385643 9.191573143005371 0.0035062513779848814 0.999991774559021 -0.0020324913784861565 1.1123051643371582 0.030325500294566154 0.0019252396887168288 0.999538242816925 13.871376991271973
0.9995089769363403 -0.0027413072530180216 -0.031214894726872444 9.139020919799805 0.002703992649912834 0.9999955296516418 -0.001237555406987667 1.0904107093811035 0.03121815249323845 0.001152542419731617 0.9995118975639343 15.339315414428711
0.9994951486587524 -0.0034796344116330147 -0.031578969210386276 9.094137191772461 0.00345383258536458 0.999993622303009 -0.0008715728763490915 1.059727430343628 0.03158180043101311 0.0007620634860359132 0.9995008111000061 16.806848526000977
0.9994805455207825 -0.002179982140660286 -0.03215485438704491 9.03902816772461 0.0021490640938282013 0.9999971389770508 -0.0009960719617083669 1.0415096282958984 0.03215693309903145 0.0009264513500966132 0.9994823932647705 18.27189064025879
0.9994708895683289 -0.0024850203189998865 -0.032429493963718414 9.000929832458496 0.0024725559633225203 0.9999968409538269 -0.0004244428128004074 1.0196342468261719 0.032430440187454224 0.0003440345171838999 0.9994739294052124 19.73676109313965
0.9994775652885437 -0.0012022629380226135 -0.03229773789644241 8.946431159973145 0.00122793426271528 0.999998927116394 0.000775011838413775 0.9993500113487244 0.03229677304625511 -0.0008142655133269727 0.9994779825210571 21.178752899169922
0.999478280544281 -0.0008944214787334204 -0.032285574823617935 8.896506309509277 0.0008784046513028443 0.999999463558197 -0.0005102775758132339 0.9774530529975891 0.03228600695729256 0.0004816515720449388 0.9994785785675049 22.616792678833008
0.9994746446609497 -0.0007318609277717769 -0.0324007086455822 8.84514045715332 0.0006460896111093462 0.9999962449073792 -0.002657586010172963 0.9597574472427368 0.03240253031253815 0.0026352570857852697 0.9994714260101318 24.052772521972656
0.9994840025901794 -0.0025077080354094505 -0.0320214219391346 8.791158676147461 0.002421027049422264 0.9999934434890747 -0.002745437901467085 0.9349392056465149 0.032028090208768845 0.0026664980687201023 0.9994833469390869 25.468374252319336
0.9994925260543823 -0.003078988054767251 -0.03170568495988846 8.737236976623535 0.003084002761170268 0.9999952912330627 0.00010927044786512852 0.9070091247558594 0.03170519322156906 -0.0002069950569421053 0.9994972348213196 26.879850387573242
0.9994949102401733 -0.004920107778161764 -0.031393762677907944 8.687780380249023 0.00496177701279521 0.9999868869781494 0.0012495566625148058 0.8864908814430237 0.031387194991111755 -0.0014046943979337811 0.999506413936615 28.298934936523438
0.9995033740997314 -0.005468340590596199 -0.031033797189593315 8.632894515991211 0.005486501846462488 0.9999848008155823 0.0005001130048185587 0.8686670064926147 0.03103058785200119 -0.0006701319362036884 0.9995182156562805 29.698585510253906
0.9995132088661194 -0.0056840949691832066 -0.030673552304506302 8.588558197021484 0.0056497869081795216 0.9999832510948181 -0.0012050530640408397 0.8424513936042786 0.030679887160658836 0.0010311673395335674 0.999528706073761 31.076683044433594
0.9995318651199341 -0.004188952036201954 -0.030304891988635063 8.539755821228027 0.004131032153964043 0.9999895095825195 -0.0019735798705369234 0.8206882476806641 0.03031283989548683 0.001847465056926012 0.9995387196540833 32.43247604370117
0.9995617270469666 -0.004006784409284592 -0.02933059260249138 8.49422550201416 0.003928380087018013 0.9999884963035583 -0.0027302829548716545 0.7920593619346619 0.02934119664132595 0.0026138643734157085 0.9995660185813904 33.792118072509766
0.9995996356010437 -0.0035329561214894056 -0.02807231992483139 8.446496963500977 0.003495023585855961 0.9999929070472717 -0.001400213921442628 0.7651196122169495 0.02807706594467163 0.0013015400618314743 0.9996048808097839 35.130409240722656
0.9996392130851746 -0.003099050372838974 -0.02667715959250927 8.405447006225586 0.0031101068016141653 0.9999951124191284 0.0003729780437424779 0.7429173588752747 0.026675870642066002 -0.0004558113869279623 0.9996440410614014 36.44551467895508
0.9996755123138428 -0.003693539882078767 -0.025201953947544098 8.368841171264648 0.003731314791366458 0.9999920129776001 0.001452028751373291 0.7192932963371277 0.025196390226483345 -0.001545593375340104 0.999681293964386 37.7370719909668
0.9997381567955017 -0.002867797389626503 -0.022702762857079506 8.336041450500488 0.0029179411940276623 0.9999933242797852 0.0021758845541626215 0.6975445747375488 0.022696373984217644 -0.0022415579296648502 0.9997398853302002 39.02550506591797
0.999808132648468 -0.0033877140376716852 -0.0192959476262331 8.30101490020752 0.0034182227682322264 0.9999929070472717 0.001548335188999772 0.6789795160293579 0.01929057016968727 -0.0016139945946633816 0.9998126029968262 40.29608154296875
0.9998685717582703 -0.004178083501756191 -0.015665203332901 8.277731895446777 0.004175807349383831 0.999991238117218 -0.00017800417845137417 0.6561417579650879 0.0156658086925745 0.00011256498692091554 0.9998772740364075 41.542911529541016
0.9999194741249084 -0.0040284558199346066 -0.012033170089125633 8.253731727600098 0.004006108734756708 0.9999902248382568 -0.0018806447042152286 0.6347337961196899 0.012040624395012856 0.0018322868272662163 0.9999259114265442 42.76575469970703
0.9999589920043945 -0.0038890778087079525 -0.008181718178093433 8.24608325958252 0.0038792893756181 0.9999917149543762 -0.0012119030579924583 0.6107461452484131 0.008186363615095615 0.0011801141081377864 0.9999657869338989 43.99119186401367
0.9999897480010986 -0.0035068003926426172 -0.002864330541342497 8.232102394104004 0.0035028341226279736 0.999992847442627 -0.001388444798067212 0.5898360013961792 0.002869179006665945 0.0013783974573016167 0.9999948740005493 45.19399642944336
0.9999908804893494 -0.0026242488529533148 0.0033687250688672066 8.233256340026855 0.002632222604006529 0.9999937415122986 -0.0023647695779800415 0.5670409798622131 -0.003362497314810753 0.0023736157454550266 0.9999914765357971 46.41875076293945
0.9999412298202515 -0.0009245736291632056 0.010801468975841999 8.241534233093262 0.0009502149187028408 0.9999966621398926 -0.0023689838126301765 0.5482587814331055 -0.010799246840178967 0.002379109151661396 0.9999388456344604 47.60285949707031
0.9998161196708679 0.0003455982368905097 0.01917317323386669 8.256823539733887 -0.0003197111655026674 0.999998927116394 -0.0013532183365896344 0.5294022560119629 -0.019173623993992805 0.0013468399411067367 0.9998152256011963 48.78761291503906
0.9995641708374023 0.002111503854393959 0.029448283836245537 8.282180786132812 -0.0020975323859602213 0.9999976754188538 -0.0005053127533756196 0.5016601085662842 -0.029449282214045525 0.0004433236608747393 0.9995663166046143 49.939674377441406
0.9990928173065186 0.004454583860933781 0.04235277324914932 8.318306922912598 -0.004428427200764418 0.9999899864196777 -0.0007113980827853084 0.48440003395080566 -0.04235551133751869 0.0005231963586993515 0.9991025924682617 51.090938568115234
0.9983254671096802 0.0067116073332726955 0.0574563667178154 8.367517471313477 -0.0067147305235266685 0.9999774694442749 -0.00013870267139282078 0.4649423360824585 -0.057456016540527344 -0.0002473345666658133 0.9983479976654053 52.2298583984375
0.9972500205039978 0.008592098020017147 0.07361096143722534 8.439718246459961 -0.008721315301954746 0.9999609589576721 0.0014341400237753987 0.4463053345680237 -0.07359576970338821 -0.0020721806213259697 0.9972860217094421 53.351924896240234
0.995770275592804 0.00919174961745739 0.09141680598258972 8.535162925720215 -0.009439588524401188 0.9999528527259827 0.002279059262946248 0.4264114499092102 -0.09139153361320496 -0.00313235423527658 0.9958100914955139 54.47237014770508
0.9938514828681946 0.008837833069264889 0.11036790907382965 8.650375366210938 -0.009081319905817509 0.999957263469696 0.0017036476638168097 0.40782690048217773 -0.11034814268350601 -0.0026954575441777706 0.9938893914222717 55.56228256225586
0.9914340376853943 0.007988249883055687 0.13036392629146576 8.790997505187988 -0.008134015835821629 0.9999666810035706 0.0005857069627381861 0.39614301919937134 -0.13035495579242706 -0.0016410722164437175 0.9914659857749939 56.641231536865234
0.9884587526321411 0.005136813968420029 0.15140347182750702 8.950929641723633 -0.005251460708677769 0.9999861717224121 0.0003573974536266178 0.3800624907016754 -0.15139952301979065 -0.001148361712694168 0.988472044467926 57.705039978027344
0.9849284291267395 7.619341340614483e-05 0.17296235263347626 9.139244079589844 -0.0005290044937282801 0.9999964833259583 0.0025718812830746174 0.36855000257492065 -0.1729615479707718 -0.002624616725370288 0.9849250912666321 58.75129699707031
0.9806160926818848 -0.005370490252971649 0.1958654522895813 9.34886360168457 0.004629572853446007 0.9999803304672241 0.004240407608449459 0.352378785610199 -0.1958843171596527 -0.0032514389604330063 0.9806216955184937 59.782588958740234
0.9754495620727539 -0.010558625683188438 0.2199697047472 9.585929870605469 0.009965285658836365 0.9999430775642395 0.0038068497087806463 0.337655633687973 -0.2199973464012146 -0.001521328929811716 0.9754992723464966 60.80311965942383
0.9693108797073364 -0.016871768981218338 0.2452586144208908 9.845465660095215 0.016850648447871208 0.999855637550354 0.0021847086027264595 0.3241811990737915 -0.24526003003120422 0.002015104051679373 0.9694551825523376 61.8111686706543
0.9622305035591125 -0.02044532634317875 0.2714672386646271 10.13076114654541 0.020317360758781433 0.9997881650924683 0.0032822019420564175 0.30967432260513306 -0.2714768648147583 0.0023572645150125027 0.9624421000480652 62.79167175292969
0.95405113697052 -0.02332768589258194 0.2987344264984131 10.430092811584473 0.02266768552362919 0.9997269511222839 0.005674565210938454 0.29552194476127625 -0.2987852990627289 0.0013577929930761456 0.954319417476654 63.74846649169922
0.9448252320289612 -0.027504999190568924 0.3264181315898895 10.758816719055176 0.026109421625733376 0.9996216297149658 0.008656852878630161 0.2886882722377777 -0.3265326917171478 0.0003433751408010721 0.9451859593391418 64.68708801269531
0.9343199729919434 -0.030403856188058853 0.35513627529144287 11.114572525024414 0.0293192770332098 0.9995346069335938 0.008436527103185654 0.28167420625686646 -0.35522744059562683 0.0025299235712736845 0.9347764849662781 65.61323547363281
0.9226426482200623 -0.029351215809583664 0.3845374286174774 11.488019943237305 0.02975914441049099 0.999545156955719 0.004891093820333481 0.2737842798233032 -0.38450610637664795 0.006930772680789232 0.9230964183807373 66.51600646972656
0.9100555777549744 -0.03096776455640793 0.41332778334617615 11.895268440246582 0.03409091755747795 0.9994187355041504 -0.00018112390534952283 0.261951744556427 -0.41308191418647766 0.014255556277930737 0.9105823040008545 67.38967895507812
0.8963057398796082 -0.033143870532512665 0.4421963691711426 12.32601547241211 0.03808685392141342 0.999271810054779 -0.0023015171755105257 0.24984058737754822 -0.4417980909347534 0.018904730677604675 0.8969153165817261 68.2425537109375
0.8811579942703247 -0.03384575992822647 0.47160884737968445 12.782175064086914 0.03771941363811493 0.9992876052856445 0.0012401908170431852 0.23664136230945587 -0.4713148772716522 0.016696004197001457 0.8818069696426392 69.09264373779297
0.8639047145843506 -0.03249987214803696 0.5026056170463562 13.262466430664062 0.03341514244675636 0.9994156956672668 0.00718930596485734 0.22526198625564575 -0.5025457143783569 0.01058376207947731 0.8644858598709106 69.92292785644531
0.8448027968406677 -0.032776277512311935 0.534072995185852 13.76814079284668 0.03180427849292755 0.9994332194328308 0.011027258820831776 0.216621994972229 -0.5341317653656006 0.007669944316148758 0.8453664779663086 70.73555755615234
0.824299156665802 -0.02665414661169052 0.5655266642570496 14.294452667236328 0.02775728702545166 0.9995924830436707 0.006653924938291311 0.20814809203147888 -0.5654735565185547 0.010212661698460579 0.8247032165527344 71.51004028320312
0.8028082847595215 -0.01995590142905712 0.5959031581878662 14.847661972045898 0.025093089789152145 0.9996850490570068 -0.0003277770592831075 0.20160287618637085 -0.595708966255188 0.01521619688719511 0.8030560612678528 72.26438903808594
0.7806882262229919 -0.017374243587255478 0.6246790885925293 15.426658630371094 0.02407928556203842 0.9997074604034424 -0.002287990879267454 0.19655409455299377 -0.6244565844535828 0.016828035935759544 0.7808781862258911 72.99514770507812
0.7576610445976257 -0.019875770434737206 0.6523455381393433 16.0371036529541 0.02525204047560692 0.9996804594993591 0.0011296661105006933 0.1888224482536316 -0.652159571647644 0.015617151744663715 0.7579208016395569 73.6996078491211
0.7336830496788025 -0.02053019031882286 0.6791815757751465 16.654523849487305 0.025668421760201454 0.9996674060821533 0.002489578677341342 0.16232576966285706 -0.6790066957473755 0.015606955625116825 0.7339661121368408 74.37030792236328
0.708621621131897 -0.01823972724378109 0.7053529024124146 17.29458999633789 0.026178760454058647 0.9996572136878967 -0.00044993613846600056 0.15731441974639893 -0.705102801322937 0.01878410018980503 0.7088562250137329 75.01426696777344
0.6828494668006897 -0.01631714031100273 0.7303767800331116 17.961181640625 0.026146581396460533 0.9996559023857117 -0.0021121343597769737 0.14042983949184418 -0.7300910353660583 0.02053912729024887 0.6830410957336426 75.63552856445312
0.656220018863678 -0.013717850670218468 0.7544448971748352 18.644874572753906 0.02436700463294983 0.9996985793113708 -0.00301732262596488 0.13314948976039886 -0.7541760206222534 0.020363591611385345 0.6563564538955688 76.23329162597656
0.6284854412078857 -0.012108754366636276 0.7777270674705505 19.349597930908203 0.024062545970082283 0.9997029304504395 -0.0038802875205874443 0.11767159402370453 -0.7774490118026733 0.02115279994904995 0.6285901069641113 76.80168151855469
0.5999101996421814 -0.005918047856539488 0.8000454306602478 20.088531494140625 0.02273937501013279 0.9996946454048157 -0.009656126610934734 0.09998190402984619 -0.7997441291809082 0.02398533932864666 0.5998616814613342 77.37032318115234
0.5702906250953674 0.003416870255023241 0.8214358687400818 20.839462280273438 0.021459368988871574 0.9995880722999573 -0.019056307151913643 0.08291995525360107 -0.8211626410484314 0.028495129197835922 0.5699824094772339 77.89097595214844
0.5397201180458069 0.01185460202395916 0.8417609930038452 21.603294372558594 0.020243795588612556 0.9994290471076965 -0.02705496922135353 0.06009650230407715 -0.8416010141372681 0.031642552465200424 0.5391720533370972 78.38641357421875
0.5082895755767822 0.016720782965421677 0.8610239028930664 22.41173553466797 0.017796829342842102 0.9993940591812134 -0.02991390973329544 0.03334403038024902 -0.8610023260116577 0.030528420582413673 0.5076839923858643 78.86808776855469
0.4760593771934509 0.016291096806526184 0.8792622089385986 23.23794174194336 0.01594494841992855 0.9995041489601135 -0.027152035385370255 0.001415252685546875 -0.8792685270309448 0.026945775374770164 0.47556358575820923 79.32278442382812
0.44313645362854004 0.015223338268697262 0.8963249325752258 24.07744598388672 0.011256616562604904 0.9996824860572815 -0.022543970495462418 -0.02758491039276123 -0.89638352394104 0.020079640671610832 0.4428243637084961 79.74250030517578
0.40904706716537476 0.016397634521126747 0.9123660326004028 24.940656661987305 0.007058235350996256 0.9997517466545105 -0.021132653579115868 -0.060704946517944336 -0.9124860763549805 0.01508394256234169 0.40882977843284607 80.13612365722656
0.3738957345485687 0.019543632864952087 0.9272647500038147 25.803550720214844 -0.0001632132043596357 0.9997793436050415 -0.021006178110837936 -0.08756184577941895 -0.9274707436561584 0.007702779956161976 0.37381646037101746 80.50676727294922
0.33864039182662964 0.021372376009821892 0.9406731128692627 26.695022583007812 -0.005183385219424963 0.9997691512107849 -0.02084904909133911 -0.11703115701675415 -0.9409016370773315 0.002184458076953888 0.33867305517196655 80.82530212402344
0.3022076487541199 0.020986534655094147 0.9530110359191895 27.608491897583008 -0.007898865267634392 0.9997784495353699 -0.019511615857481956 -0.14074969291687012 -0.953209400177002 -0.0016311460640281439 0.3023064136505127 81.14340209960938
0.26614221930503845 0.02055714651942253 0.963714599609375 28.53875160217285 -0.008830428123474121 0.9997825622558594 -0.01888788677752018 -0.16748559474945068 -0.9638933539390564 -0.0034831492230296135 0.266265869140625 81.4030990600586
0.2308240830898285 0.020018048584461212 0.9727895259857178 29.477449417114258 -0.00813467800617218 0.9997931122779846 -0.01864352822303772 -0.19257545471191406 -0.9729614853858948 -0.0036099557764828205 0.23093914985656738 81.61698150634766
0.19513989984989166 0.01898500882089138 0.9805916547775269 30.44037628173828 -0.0064307330176234245 0.999815821647644 -0.01807747222483158 -0.21544235944747925 -0.9807542562484741 -0.0027782858815044165 0.1952260434627533 81.81306457519531
0.16087353229522705 0.017931776121258736 0.9868122339248657 31.403812408447266 0.001872096210718155 0.99982750415802 -0.01847347989678383 -0.24012339115142822 -0.9869731664657593 0.004819301422685385 0.16081219911575317 81.9535140991211
0.12688511610031128 0.02099665440618992 0.9916951060295105 32.35373306274414 0.004203510005027056 0.9997555017471313 -0.02170514315366745 -0.27375203371047974 -0.9919084906578064 0.0069226608611643314 0.12676581740379333 82.07337951660156
0.0943615660071373 0.026140311732888222 0.9951947331428528 33.35159683227539 0.004600657615810633 0.9996330738067627 -0.02669311687350273 -0.30205488204956055 -0.9955273866653442 0.007097354158759117 0.09420666843652725 82.17224884033203
0.06529729068279266 0.029944609850645065 0.9974164366722107 34.32441711425781 0.01136112492531538 0.9994624853134155 -0.030749816447496414 -0.3327702283859253 -0.9978012442588806 0.013339651748538017 0.06492199003696442 82.22502899169922
0.0399911105632782 0.028421081602573395 0.9987958073616028 35.30911636352539 0.013300258666276932 0.9994916915893555 -0.028973421081900597 -0.36363160610198975 -0.9991115927696228 0.014442920684814453 0.03959277272224426 82.25841522216797
0.01753239519894123 0.02508522756397724 0.9995315670967102 36.3228645324707 0.014618244022130966 0.9995719194412231 -0.025342654436826706 -0.40080517530441284 -0.999739408493042 0.015055716037750244 0.017158186063170433 82.28328704833984
-0.001154974102973938 0.022627271711826324 0.9997432231903076 37.31644058227539 0.01495402678847313 0.9996325969696045 -0.022607488557696342 -0.4325612783432007 -0.9998874664306641 0.01492407824844122 -0.0014929194003343582 82.27642822265625
-0.018004994839429855 0.02557639591395855 0.9995107650756836 38.306190490722656 0.01682322844862938 0.9995388984680176 -0.02527407370507717 -0.46856409311294556 -0.9996963143348694 0.016359936445951462 -0.018426965922117233 82.2628173828125
-0.03264445811510086 0.03008033148944378 0.9990142583847046 39.32305145263672 0.018961163237690926 0.9993858933448792 -0.029471926391124725 -0.49602317810058594 -0.9992871284484863 0.01798037812113762 -0.03319477289915085 82.2265625
-0.044779207557439804 0.035329028964042664 0.9983718991279602 40.31734085083008 0.022948363795876503 0.9991471767425537 -0.034327175468206406 -0.5311696529388428 -0.9987332820892334 0.02137385867536068 -0.045551758259534836 82.17902374267578
-0.0536024272441864 0.0385117307305336 0.9978194236755371 41.31757354736328 0.028064239770174026 0.9989194869995117 -0.03704657778143883 -0.5765211582183838 -0.9981679320335388 0.02601725421845913 -0.05462531000375748 82.11988830566406
-0.05946749821305275 0.043809786438941956 0.9972684383392334 42.340301513671875 0.03270362317562103 0.9985857009887695 -0.041917528957128525 -0.6240532398223877 -0.9976943135261536 0.030121563002467155 -0.06081612408161163 82.04835510253906
-0.0627809688448906 0.04868120327591896 0.9968394637107849 43.34150314331055 0.03445854038000107 0.9983198642730713 -0.04658330976963043 -0.6719328165054321 -0.997432291507721 0.03142508119344711 -0.06435295939445496 81.9812240600586
-0.06590533256530762 0.052576057612895966 0.9964396953582764 44.35127639770508 0.03623859956860542 0.9980781674385071 -0.05026565492153168 -0.7277570962905884 -0.9971675872802734 0.03279680386185646 -0.06768397241830826 81.91261291503906
-0.0684376060962677 0.05548800528049469 0.9961110353469849 45.34941482543945 0.03665057569742203 0.9979180097579956 -0.05307058244943619 -0.7860398292541504 -0.9969819188117981 0.03287602588534355 -0.07032880187034607 81.84326171875
-0.0706317275762558 0.05907556787133217 0.9957516193389893 46.38050842285156 0.03811310604214668 0.9976755976676941 -0.056486234068870544 -0.8450560569763184 -0.9967740774154663 0.0339614599943161 -0.07271911203861237 81.7599105834961
-0.07259410619735718 0.06311995536088943 0.9953622817993164 47.390586853027344 0.0393093042075634 0.9974009990692139 -0.06038232147693634 -0.9053299427032471 -0.9965865612030029 0.034743595868349075 -0.07488663494586945 81.67916107177734
-0.07462645322084427 0.06428249180316925 0.9951375126838684 48.40049362182617 0.04228999465703964 0.9972265362739563 -0.06124603748321533 -0.9741990566253662 -0.9963144063949585 0.03751378878951073 -0.07713797688484192 81.59844970703125
-0.07696801424026489 0.06297758221626282 0.995042622089386 49.41701889038086 0.04220758378505707 0.9973142147064209 -0.05985654890537262 -1.0415692329406738 -0.996139645576477 0.037391308695077896 -0.07941944152116776 81.52306365966797
-0.07901144027709961 0.06276534497737885 0.9948959350585938 50.44700241088867 0.041653189808130264 0.997352123260498 -0.05961236357688904 -1.108738899230957 -0.9960030317306519 0.03673052787780762 -0.08141659200191498 81.43873596191406
-0.08141162246465683 0.06397364288568497 0.9946252703666687 51.47243881225586 0.041354209184646606 0.9972952604293823 -0.06076047196984291 -1.1743881702423096 -0.9958221912384033 0.03618533909320831 -0.08383698761463165 81.36021423339844
-0.08388902246952057 0.06627433001995087 0.9942687749862671 52.48395538330078 0.04085041955113411 0.9971757531166077 -0.0630214586853981 -1.2455322742462158 -0.9956373572349548 0.03532949090003967 -0.08635944128036499 81.27301788330078
-0.086387999355793 0.06869812309741974 0.9938901662826538 53.517738342285156 0.03921951726078987 0.9970808625221252 -0.06550973653793335 -1.3177998065948486 -0.9954891800880432 0.03332064300775528 -0.0888301208615303 81.18217468261719
-0.08893643319606781 0.07198165357112885 0.9934329390525818 54.54508972167969 0.036417294293642044 0.9969533681869507 -0.0689765065908432 -1.3947393894195557 -0.9953713417053223 0.03004361316561699 -0.09128686785697937 81.09452056884766
-0.09134599566459656 0.076387420296669 0.992885172367096 55.58432388305664 0.03276544436812401 0.9967442750930786 -0.07366988062858582 -1.4685893058776855 -0.9952800273895264 0.02580287493765354 -0.09355147182941437 81.00911712646484
-0.09386328607797623 0.07885324954986572 0.9924576282501221 56.62712860107422 0.03045053407549858 0.9966195225715637 -0.07630401849746704 -1.5471298694610596 -0.9951193332672119 0.023058712482452393 -0.09594712406396866 80.90509796142578
-0.09694243222475052 0.07718781381845474 0.9922924041748047 57.67909240722656 0.028422832489013672 0.9967963099479675 -0.07476136833429337 -1.631382942199707 -0.9948841333389282 0.020956212654709816 -0.09882575273513794 80.80858612060547
-0.09938309341669083 0.07322194427251816 0.9923514723777771 58.735225677490234 0.02562752366065979 0.9971463084220886 -0.07100916653871536 -1.713460922241211 -0.9947191476821899 0.018374398350715637 -0.10097598284482956 80.69847106933594
-0.10182122141122818 0.07161697745323181 0.9922214150428772 59.78932189941406 0.026037149131298065 0.9972553253173828 -0.06930840015411377 -1.7943181991577148 -0.9944619536399841 0.018777549266815186 -0.10340646654367447 80.59391021728516
-0.10404731333255768 0.07197205722332001 0.9919648170471191 60.82509231567383 0.02513134479522705 0.997249960899353 -0.06971949338912964 -1.8764457702636719 -0.9942547678947449 0.017675282433629036 -0.10556994378566742 80.49333953857422
-0.10530272871255875 0.07470191270112991 0.9916303753852844 61.88990020751953 0.026102889329195023 0.9970386028289795 -0.07233739644289017 -1.957540512084961 -0.9940975904464722 0.01826709695160389 -0.10694080591201782 80.38619995117188
-0.10585922002792358 0.07756999135017395 0.9913509488105774 62.961326599121094 0.026786990463733673 0.9968133568763733 -0.07513701915740967 -2.0374820232391357 -0.9940202832221985 0.01860136352479458 -0.10759975016117096 80.26815795898438
-0.10597526282072067 0.07820936292409897 0.9912883043289185 64.02188873291016 0.025707175955176353 0.9967843294143677 -0.07589472830295563 -2.125265598297119 -0.9940364360809326 0.01744025945663452 -0.10764501243829727 80.15154266357422
-0.1063203439116478 0.07678176462650299 0.9913628697395325 65.0865707397461 0.022783968597650528 0.9969404935836792 -0.0747702419757843 -2.2135801315307617 -0.9940708875656128 0.01463758572936058 -0.10774443298578262 80.04893493652344
-0.10616271942853928 0.07628506422042847 0.991418182849884 66.14417266845703 0.018989283591508865 0.9970265030860901 -0.07468318939208984 -2.2954840660095215 -0.9941674470901489 0.010897750034928322 -0.10729563236236572 79.93933868408203
-0.10622153431177139 0.0774545818567276 0.9913212060928345 67.21353149414062 0.015198293142020702 0.9969715476036072 -0.0762675330042839 -2.380873680114746 -0.994226336479187 0.006965134758502245 -0.10707703232765198 79.83064270019531
-0.106183722615242 0.07799132168292999 0.991283118724823 68.29685974121094 0.011360803619027138 0.9969494342803955 -0.07722017168998718 -2.4684929847717285 -0.9942815899848938 0.0030622477643191814 -0.10674583166837692 79.72057342529297
-0.10681518912315369 0.07712163031101227 0.9912834167480469 69.38422393798828 0.0073640961199998856 0.9970212578773499 -0.07677452266216278 -2.5600032806396484 -0.9942516088485718 -0.0009007792104966938 -0.10706494748592377 79.61367797851562
-0.10718651115894318 0.07220077514648438 0.9916139245033264 70.46952056884766 0.0073930127546191216 0.99739009141922 -0.07182221114635468 -2.641037702560425 -0.9942114353179932 -0.00036735727917402983 -0.1074405387043953 79.50524139404297
-0.10748057812452316 0.0633082240819931 0.9921895265579224 71.56318664550781 0.011391762644052505 0.9979833960533142 -0.06244390085339546 -2.725553512573242 -0.9941419959068298 0.004591281991451979 -0.10798501968383789 79.38731384277344
-0.10684412717819214 0.05755500867962837 0.9926085472106934 72.6710205078125 0.01725294254720211 0.9982801675796509 -0.056026775389909744 -2.8067257404327393 -0.9941260814666748 0.011139286682009697 -0.10765335708856583 79.25257110595703
-0.10661639273166656 0.05999119579792023 0.9924887418746948 73.76591491699219 0.02568531036376953 0.9980112314224243 -0.057565800845623016 -2.8739895820617676 -0.9939683675765991 0.01935492642223835 -0.10794524103403091 79.1323471069336
-0.10532545298337936 0.06585955619812012 0.9922544956207275 74.87898254394531 0.030693979933857918 0.9975443482398987 -0.06295257806777954 -2.9379730224609375 -0.9939640760421753 0.02382573112845421 -0.10708829760551453 78.998291015625
-0.10391680151224136 0.0713072344660759 0.9920265078544617 75.97966766357422 0.03512851148843765 0.997067391872406 -0.06798981130123138 -3.018688678741455 -0.9939654469490051 0.02778312936425209 -0.10611698776483536 78.87554931640625
-0.10347478836774826 0.07568107545375824 0.991748571395874 77.07960510253906 0.03573178872466087 0.9967402815818787 -0.07233389467000961 -3.100705862045288 -0.9939900040626526 0.027952222153544426 -0.10584171116352081 78.76914978027344
-0.1032237783074379 0.07306431233882904 0.9919710159301758 78.23282623291016 0.032767802476882935 0.9970068335533142 -0.07002544403076172 -3.1807942390441895 -0.9941182732582092 0.025276415050029755 -0.10530896484851837 78.64386749267578
-0.102428138256073 0.06856008619070053 0.9923749566078186 79.35724639892578 0.03184504061937332 0.9973366260528564 -0.06561599671840668 -3.2625925540924072 -0.9942305684089661 0.02488129772245884 -0.104338638484478 78.52230072021484
-0.10230182111263275 0.06681597977876663 0.9925069212913513 80.4970932006836 0.030010972172021866 0.9974947571754456 -0.06405840069055557 -3.3451271057128906 -0.9943006038665771 0.023232806473970413 -0.10405074805021286 78.40864562988281
-0.10258401185274124 0.0673326849937439 0.9924428462982178 81.63943481445312 0.027329742908477783 0.9975205659866333 -0.06485224515199661 -3.417558431625366 -0.99434894323349 0.020470406860113144 -0.1041698306798935 78.29999542236328
-0.1026584729552269 0.07262488454580307 0.992061972618103 82.77718353271484 0.028466152027249336 0.9971372485160828 -0.07005076110363007 -3.4993138313293457 -0.9943092465400696 0.021048882976174355 -0.10443194210529327 78.18769073486328
-0.10158068686723709 0.07540251314640045 0.991965651512146 83.9063491821289 0.0282815620303154 0.9969393014907837 -0.0728844478726387 -3.583690881729126 -0.9944252371788025 0.02065069042146206 -0.1034022644162178 78.0667953491211
-0.10072124004364014 0.07461342960596085 0.9921130537986755 85.05840301513672 0.028518196195364 0.9969906806945801 -0.07208506017923355 -3.665501117706299 -0.9945058822631836 0.021032776683568954 -0.10254596918821335 77.94584655761719
-0.10053853690624237 0.06737406551837921 0.9926493167877197 86.21038055419922 0.0299210362136364 0.9974580407142639 -0.06466994434595108 -3.7591612339019775 -0.9944831728935242 0.023199275135993958 -0.10229886323213577 77.82817840576172
-0.10098712146282196 0.06592007726430893 0.9927014112472534 87.36827850341797 0.028995458036661148 0.9975736141204834 -0.06329391151666641 -3.8393044471740723 -0.9944651126861572 0.022391967475414276 -0.10265345871448517 77.71466827392578
-0.10085733234882355 0.06874978542327881 0.992522656917572 88.530517578125 0.026334749534726143 0.9974445104598999 -0.06641466170549393 -3.9220035076141357 -0.9945522546768188 0.01943942904472351 -0.10241010785102844 77.60462951660156
-0.10070726275444031 0.07209179550409317 0.9923007488250732 89.68270111083984 0.025482676923274994 0.9972310066223145 -0.06986377388238907 -4.0005412101745605 -0.9945897459983826 0.018250688910484314 -0.10226550698280334 77.49800872802734
-0.10036489367485046 0.07137084752321243 0.992387592792511 90.86576843261719 0.024958642199635506 0.9972905516624451 -0.06919926404953003 -4.086711406707764 -0.9946376085281372 0.017823468893766403 -0.10187429934740067 77.3783187866211
-0.09990238398313522 0.0680941641330719 0.9926644563674927 92.05062103271484 0.02415226586163044 0.9975274205207825 -0.06599704921245575 -4.167299270629883 -0.9947040677070618 0.017381830140948296 -0.10130000114440918 77.24662017822266
-0.09866809844970703 0.06731332093477249 0.9928411841392517 93.2352294921875 0.024326670914888382 0.9975745677947998 -0.06521666795015335 -4.245275497436523 -0.9948229789733887 0.017717717215418816 -0.10006629675626755 77.12284851074219
-0.09813879430294037 0.06747652590274811 0.9928824305534363 94.41651916503906 0.02630017325282097 0.9975260496139526 -0.06519252061843872 -4.335982322692871 -0.9948251247406006 0.019715065136551857 -0.0996706485748291 77.02179718017578
-0.09648612141609192 0.06755227595567703 0.9930393099784851 95.61099243164062 0.02817242592573166 0.9974798560142517 -0.06511703878641129 -4.420452117919922 -0.9949355125427246 0.021693440154194832 -0.09814606606960297 76.88140106201172
-0.09556753188371658 0.06677364557981491 0.9931808114051819 96.80238342285156 0.02782091312110424 0.9975370168685913 -0.06438949704170227 -4.505180358886719 -0.9950340986251831 0.021477654576301575 -0.09718985110521317 76.77218627929688
-0.09422120451927185 0.06774968653917313 0.9932432770729065 98.01644897460938 0.02889191173017025 0.9974475502967834 -0.06529571861028671 -4.584149360656738 -0.9951319694519043 0.022544460371136665 -0.09593810886144638 76.65647888183594
-0.09230083227157593 0.06582938879728317 0.9935527443885803 99.19088745117188 0.029290081933140755 0.9975599050521851 -0.0633738562464714 -4.666213512420654 -0.99530029296875 0.02325177937746048 -0.09400375932455063 76.52980041503906
-0.09154294431209564 0.06556608527898788 0.9936402440071106 100.40308380126953 0.02736172266304493 0.9976188540458679 -0.06330779939889908 -4.7430877685546875 -0.9954251050949097 0.021392326802015305 -0.09311898052692413 76.43017578125
-0.09114228934049606 0.06447649002075195 0.9937483668327332 101.61402893066406 0.02854018285870552 0.9976609349250793 -0.06211276724934578 -4.830284118652344 -0.9954288005828857 0.022700661793351173 -0.09276927262544632 76.33830261230469
-0.08835680037736893 0.06492241472005844 0.9939709305763245 102.83570861816406 0.027272647246718407 0.9976572394371033 -0.06273885816335678 -4.919840335845947 -0.9957153797149658 0.02156481146812439 -0.08992040157318115 76.20744323730469
-0.08758919686079025 0.067499540746212 0.9938672184944153 104.05199432373047 0.027352366596460342 0.9974884390830994 -0.06533493846654892 -5.0020270347595215 -0.9957810640335083 0.021461982280015945 -0.089215487241745 76.11190032958984
-0.08581776916980743 0.06664744764566422 0.9940791726112366 105.28246307373047 0.025673318654298782 0.9975767135620117 -0.06466557085514069 -5.085634231567383 -0.9959801435470581 0.019971851259469986 -0.08732087165117264 76.00186157226562
-0.08562728762626648 0.06551742553710938 0.9941706657409668 106.50869750976562 0.022156262770295143 0.9977139830589294 -0.06384263187646866 -5.17023229598999 -0.9960808157920837 0.01656043343245983 -0.08688316494226456 75.90818786621094
-0.0853940024971962 0.06628651171922684 0.9941397905349731 107.74800109863281 0.019062630832195282 0.997710645198822 -0.06488717347383499 -5.257266998291016 -0.996164858341217 0.013409948907792568 -0.08646207302808762 75.806396484375
-0.08598485589027405 0.06583642959594727 0.9941188097000122 108.98971557617188 0.016159966588020325 0.9977752566337585 -0.06468085199594498 -5.339761734008789 -0.9961652755737305 0.010503356344997883 -0.08685746788978577 75.70944213867188
-0.08647172898054123 0.0633648931980133 0.9942371845245361 110.24156951904297 0.01354206446558237 0.9979577660560608 -0.06242423504590988 -5.426995754241943 -0.9961622357368469 0.008066090755164623 -0.08715321868658066 75.59827423095703
-0.08775466680526733 0.06179764121770859 0.9942233562469482 111.4924087524414 0.011465631425380707 0.9980703592300415 -0.061024755239486694 -5.515698432922363 -0.9960760474205017 0.006044190842658281 -0.0882938802242279 75.4957504272461
-0.08888515084981918 0.06099272146821022 0.9941726326942444 112.7420425415039 0.009416009299457073 0.998130202293396 -0.06039366498589516 -5.6003241539001465 -0.9959973692893982 0.0039930385537445545 -0.08929325640201569 75.38504028320312
-0.09067326039075851 0.0611112155020237 0.9940038919448853 113.99526977539062 0.009286551736295223 0.9981238842010498 -0.06051739305257797 -5.683243751525879 -0.995837390422821 0.0037435588892549276 -0.09107067435979843 75.27989196777344
-0.09311947226524353 0.059688668698072433 0.993864119052887 115.2530288696289 0.008816760033369064 0.9982117414474487 -0.0591236911714077 -5.766628265380859 -0.9956158399581909 0.0032570958137512207 -0.093479223549366 75.16726684570312
-0.09680990874767303 0.054763633757829666 0.9937951564788818 116.51900482177734 0.006021199282258749 0.9984990954399109 -0.05443628877401352 -5.848536491394043 -0.9952846169471741 0.000713867717422545 -0.09699434787034988 75.05962371826172
-0.1011042520403862 0.05487824231386185 0.9933611154556274 117.76301574707031 0.005260329227894545 0.9984930157661438 -0.054626356810331345 -5.92652702331543 -0.994861900806427 -0.0002975504321511835 -0.10124056786298752 74.94520568847656
-0.10642446577548981 0.06094254180788994 0.9924514889717102 118.99130249023438 0.00033763740793801844 0.9981220960617065 -0.06125456467270851 -6.005969047546387 -0.9943206906318665 -0.006183895282447338 -0.10624518245458603 74.8205795288086
-0.1135474443435669 0.06391715258359909 0.991474449634552 120.22277069091797 0.001763001549988985 0.9979398846626282 -0.06413204967975616 -6.0882568359375 -0.9935309886932373 -0.00553405936807394 -0.11342617869377136 74.68555450439453
-0.1222296729683876 0.05983471870422363 0.9906965494155884 121.468017578125 0.0036119273863732815 0.9982013702392578 -0.05984232947230339 -6.174856185913086 -0.9924952983856201 -0.0037361844442784786 -0.12222592532634735 74.53003692626953
-0.13335146009922028 0.057761453092098236 0.989384114742279 122.69000244140625 0.005671695340424776 0.9983282089233398 -0.057519178837537766 -6.260882377624512 -0.9910525679588318 -0.002058781683444977 -0.13345612585544586 74.3747787475586
-0.14634233713150024 0.058693476021289825 0.987491250038147 123.91944885253906 0.0055670347064733505 0.9982712864875793 -0.05850919708609581 -6.342450141906738 -0.9892182946205139 -0.0030649753753095865 -0.14641614258289337 74.19742584228516
