1.0 0.0 0.0 0.0 0.0 1.0 0.0 0.0 0.0 0.0 1.0 0.0
0.9999985694885254 0.0008081974810920656 0.001475436263717711 -0.006444316823035479 -0.0008014382910914719 0.9999892115592957 -0.004576012026518583 -0.002148789819329977 -0.0014791187131777406 0.004574823193252087 0.9999884366989136 0.9639744162559509
0.9999966621398926 -0.0014602385926991701 0.002145462203770876 -0.002613925840705633 0.0014717183075845242 0.9999845623970032 -0.00535888597369194 -0.0007882341742515564 -0.002137603936716914 0.005362025462090969 0.9999833106994629 1.9185737371444702
0.9999933838844299 -0.0025552038569003344 0.002590518444776535 -0.008874156512320042 0.002558418083935976 0.9999960660934448 -0.0012383329449221492 -0.004458462353795767 -0.002587344264611602 0.0012449525529518723 0.9999958872795105 2.85526704788208
0.9999855756759644 -0.005012032575905323 0.0019864393398165703 -0.006369038484990597 0.005002167075872421 0.9999752640724182 0.004940505139529705 -0.007979266345500946 -0.002011151984333992 -0.004930495750159025 0.9999858140945435 3.8038527965545654
0.9999627470970154 -0.008614810183644295 0.00041052151937037706 -0.003227056935429573 0.008612623438239098 0.999950110912323 0.005060865543782711 -0.005034605041146278 -0.00045409961603581905 -0.005057140719145536 0.9999871253967285 4.741837978363037
0.9999372959136963 -0.01119597814977169 -0.00019979880016762763 -0.006317851599305868 0.011196376755833626 0.9999350905418396 0.002111984882503748 -0.0028809504583477974 0.0001761400926625356 -0.0021140894386917353 0.9999977350234985 5.673193454742432
0.99992835521698 -0.011919381096959114 -0.0011197931598871946 -0.010613457299768925 0.01191763486713171 0.9999277591705322 -0.0015517040155828 0.003146164119243622 0.0011382075026631355 0.00153824663721025 0.999998152256012 6.597910404205322
0.9999322295188904 -0.011532505974173546 -0.0015867468900978565 -0.0167037732899189 0.011529653333127499 0.9999319314956665 -0.0017953651258721948 -0.0025807861238718033 0.001607343670912087 0.0017769488040357828 0.9999971389770508 7.526769161224365
0.9999317526817322 -0.011360818520188332 -0.0027061444707214832 -0.026063036173582077 0.011361300013959408 0.9999354481697083 0.0001628499012440443 -0.0028790347278118134 0.0027041195426136255 -0.00019358412828296423 0.9999963641166687 8.43962287902832
0.9999356269836426 -0.010936188511550426 -0.0030034040100872517 -0.03755747526884079 0.010944241657853127 0.9999365210533142 0.002677852986380458 0.002931414172053337 0.002973928116261959 -0.0027105507906526327 0.9999918937683105 9.381574630737305
0.9999301433563232 -0.011163090355694294 -0.0038753976114094257 -0.04615117236971855 0.011179575696587563 0.9999284148216248 0.004258686676621437 0.005032744258642197 0.003827580250799656 -0.004301714710891247 0.9999833703041077 10.303581237792969
0.9999142289161682 -0.012272153981029987 -0.004596054088324308 -0.050732165575027466 0.012296154163777828 0.9999107122421265 0.00523051992058754 0.004524596035480499 0.004531454294919968 -0.005286584608256817 0.9999757409095764 11.217700004577637
0.9999053478240967 -0.012582702562212944 -0.005555124022066593 -0.05828232318162918 0.012613439932465553 0.9999051094055176 0.0055329883471131325 0.004191704094409943 0.005484977271407843 -0.005602533929049969 0.9999692440032959 12.133036613464355
0.9998977184295654 -0.012909341603517532 -0.006130727473646402 -0.06888341158628464 0.012933598831295967 0.9999085664749146 0.0039335815235972404 0.009209990501403809 0.006079386454075575 -0.004012471996247768 0.9999734163284302 13.029202461242676
0.9998847246170044 -0.013340138830244541 -0.0072518582455813885 -0.08136355131864548 0.013352112844586372 0.9999095797538757 0.0016052266582846642 0.019325746223330498 0.0072297896258533 -0.0017018691869452596 0.999972403049469 13.9344482421875
0.9998524188995361 -0.014634281396865845 -0.008997492492198944 -0.08863428235054016 0.014635520987212658 0.9998929500579834 7.20358220860362e-05 0.02637004293501377 0.008995475247502327 -0.0002037080703303218 0.9999595284461975 14.839433670043945
0.99984210729599 -0.014242786914110184 -0.010624203830957413 -0.10645988583564758 0.014238770119845867 0.9998985528945923 -0.00045363791286945343 0.024597497656941414 0.01062958687543869 0.0003022907767444849 0.9999434351921082 15.748971939086914
0.9998360276222229 -0.013292991556227207 -0.01229226216673851 -0.1186448186635971 0.013276103883981705 0.9999108910560608 -0.0014544345904141665 0.026497693732380867 0.01231049932539463 0.0012910028453916311 0.9999233484268188 16.64789581298828
0.9998322129249573 -0.012345529161393642 -0.01353408768773079 -0.14167578518390656 0.012327390722930431 0.9999229907989502 -0.0014228476211428642 0.028403056785464287 0.013550611212849617 0.0012557689333334565 0.9999073147773743 17.5214786529541
0.9998030662536621 -0.012919573113322258 -0.015066542662680149 -0.15928372740745544 0.01290974672883749 0.9999163746833801 -0.0007493237499147654 0.030025791376829147 0.015074964612722397 0.0005546707543544471 0.999886155128479 18.4129695892334
0.9997808933258057 -0.012608804740011692 -0.016709819436073303 -0.17702554166316986 0.01262662373483181 0.9999198913574219 0.0009612318826839328 0.02551664225757122 0.01669635996222496 -0.0011720097390934825 0.9998599290847778 19.30685043334961
0.9997658133506775 -0.012196370400488377 -0.017879758030176163 -0.2015918791294098 0.012225988321006298 0.9999240636825562 0.0015481322770938277 0.026824360713362694 0.017859522253274918 -0.0017663673497736454 0.9998388886451721 20.184385299682617
0.9997231364250183 -0.012961333617568016 -0.019635558128356934 -0.2153255194425583 0.012997439131140709 0.9999140501022339 0.0017122012795880437 0.02341611683368683 0.019611675292253494 -0.0019669393077492714 0.999805748462677 21.067338943481445
0.999687671661377 -0.012796251103281975 -0.02146318554878235 -0.23679222166538239 0.012816783972084522 0.9999175667762756 0.0008193617104552686 0.029362795874476433 0.02145092375576496 -0.00109419459477067 0.9997693300247192 21.939632415771484
0.9996597170829773 -0.012823616154491901 -0.022718243300914764 -0.25782087445259094 0.012857011519372463 0.9999164938926697 0.0013246003072708845 0.030262839049100876 0.02269936166703701 -0.0016162379179149866 0.9997410178184509 22.80574607849121
0.9996445775032043 -0.012896135449409485 -0.02333485521376133 -0.28756874799728394 0.01297045312821865 0.9999112486839294 0.00303623522631824 0.03440805524587631 0.02329363115131855 -0.0033378200605511665 0.9997231364250183 23.65375328063965
0.999618411064148 -0.013660581782460213 -0.024007592350244522 -0.3111209571361542 0.013808018527925014 0.9998867511749268 0.005986219272017479 0.03609507530927658 0.023923099040985107 -0.0063154324889183044 0.9996938705444336 24.490478515625
0.9995882511138916 -0.014013493433594704 -0.025038322433829308 -0.3305487334728241 0.014211765490472317 0.9998689293861389 0.007758419960737228 0.03758817911148071 0.02492631785571575 -0.008111064322292805 0.9996564388275146 25.330629348754883
0.9995979070663452 -0.013122139498591423 -0.025134623050689697 -0.3646954298019409 0.013286779634654522 0.9998912215232849 0.006394498515874147 0.041265085339546204 0.02504798024892807 -0.006725885905325413 0.9996636509895325 26.159055709838867
0.9995964169502258 -0.011158806271851063 -0.02612442523241043 -0.3870313763618469 0.011258985847234726 0.9999297261238098 0.003690694458782673 0.04425632953643799 0.02608140930533409 -0.003983339294791222 0.9996518492698669 26.96523094177246
0.9995800256729126 -0.01072868425399065 -0.026919115334749222 -0.412291556596756 0.010782012715935707 0.9999401569366455 0.0018367343582212925 0.04990285262465477 0.026897797361016273 -0.0021262052468955517 0.9996358752250671 27.766151428222656
0.9995718598365784 -0.009546703658998013 -0.027657855302095413 -0.44230368733406067 0.00958994496613741 0.999953031539917 0.0014312667772173882 0.05330671742558479 0.02764289081096649 -0.0016958918422460556 0.9996164441108704 28.561079025268555
0.9995521306991577 -0.009299970231950283 -0.028444470837712288 -0.4748246371746063 0.009337891824543476 0.9999557137489319 0.0012006410397589207 0.04977476969361305 0.028432046994566917 -0.00146571546792984 0.9995946288108826 29.350391387939453
0.9994751811027527 -0.009844077751040459 -0.030862806364893913 -0.4940589368343353 0.00986236147582531 0.999951183795929 0.0004402180784381926 0.04460274800658226 0.030856970697641373 -0.0007443671929650009 0.9995234608650208 30.116313934326172
0.9994077086448669 -0.010201687924563885 -0.03286554664373398 -0.5231480598449707 0.010222875513136387 0.9999476671218872 0.0004767536884173751 0.04395020008087158 0.032858964055776596 -0.00081245182082057 0.9994596242904663 30.881881713867188
0.999356210231781 -0.009958796203136444 -0.03446692228317261 -0.5565357208251953 0.010015692561864853 0.9999487996101379 0.0014785048551857471 0.04777495563030243 0.03445042669773102 -0.0018227632390335202 0.999404788017273 31.640323638916016
0.9992585778236389 -0.010321748442947865 -0.03709074854850769 -0.5752454996109009 0.010462455451488495 0.9999387860298157 0.003601434640586376 0.050656527280807495 0.03705130144953728 -0.00398682476952672 0.9993054270744324 32.405494689941406
0.9991909265518188 -0.009443907998502254 -0.039093729108572006 -0.6086524724960327 0.009645314887166023 0.9999410510063171 0.004966456443071365 0.054285064339637756 0.03904452547430992 -0.005339509807527065 0.9992231726646423 33.14379119873047
0.999132513999939 -0.008108162321150303 -0.040845341980457306 -0.6479682326316833 0.00832976121455431 0.9999514222145081 0.005258072167634964 0.054085686802864075 0.04080072417855263 -0.005593743175268173 0.9991517066955566 33.868812561035156
0.9990753531455994 -0.005541576072573662 -0.042635127902030945 -0.6866263151168823 0.005741952918469906 0.9999730587005615 0.004578808788210154 0.052889272570610046 0.042608603835105896 -0.004819383844733238 0.999080240726471 34.59397506713867
0.9989928007125854 -0.0037893052212893963 -0.044709522277116776 -0.7175247669219971 0.003959543537348509 0.9999852180480957 0.0037197088822722435 0.05920473486185074 0.04469476640224457 -0.0038929914589971304 0.9989931583404541 35.30475616455078
0.9989212155342102 -0.003351920982822776 -0.046315718442201614 -0.7528167963027954 0.003579818643629551 0.9999819397926331 0.004838467575609684 0.06348995864391327 0.04629865661263466 -0.004999049007892609 0.9989151358604431 36.00497817993164
0.9988884329795837 -0.0020769606344401836 -0.047091804444789886 -0.7958044409751892 0.002395458286628127 0.9999745488166809 0.006707893218845129 0.06534476578235626 0.047076694667339325 -0.006813243497163057 0.9988680481910706 36.69831466674805
0.998874306678772 0.0006545022479258478 -0.047431521117687225 -0.8312343955039978 -0.00031262042466551065 0.9999738931655884 0.00721494946628809 0.06876468658447266 0.047435011714696884 -0.007191999349743128 0.9988484978675842 37.37596893310547
0.998935341835022 0.004093951545655727 -0.04595213010907173 -0.8740428686141968 -0.003864995203912258 0.9999796152114868 0.005070238374173641 0.07031428813934326 0.045971959829330444 -0.0048872334882617 0.9989307522773743 38.04322814941406
0.9989935159683228 0.005443722475320101 -0.04452284052968025 -0.9028149843215942 -0.005342730786651373 0.9999828934669495 0.002387014217674732 0.06513728201389313 0.0445350743830204 -0.002146738348528743 0.9990054368972778 38.697975158691406
0.9990629553794861 0.005758538376539946 -0.04289444535970688 -0.926115095615387 -0.005752263590693474 0.9999833703041077 0.0002697133459150791 0.07306116074323654 0.04289528727531433 -2.2720778360962868e-05 0.9990795254707336 39.34492492675781
0.9992068409919739 0.006633828394114971 -0.03926394507288933 -0.9642667770385742 -0.006586927454918623 0.9999774694442749 0.0013237647945061326 0.07328958064317703 0.03927183896303177 -0.0010640862165018916 0.9992278814315796 39.97833251953125
0.9992753863334656 0.011601600795984268 -0.03624950349330902 -0.9924329519271851 -0.011462178081274033 0.9999260902404785 0.004051668103784323 0.07422402501106262 0.03629382699728012 -0.0036332334857434034 0.9993345737457275 40.61702346801758
0.9993455410003662 0.01593957655131817 -0.03247256204485893 -1.0155469179153442 -0.01571289636194706 0.9998504519462585 0.007223927415907383 0.0774984210729599 0.0325828492641449 -0.006708960980176926 0.9994465112686157 41.243377685546875
0.9993855953216553 0.020800309255719185 -0.028212234377861023 -1.0390483140945435 -0.020575352013111115 0.9997543692588806 0.008240715600550175 0.08097660541534424 0.028376713395118713 -0.007655175402760506 0.999567985534668 41.849151611328125
0.9994373917579651 0.024598581716418266 -0.022802608087658882 -1.060271143913269 -0.024412229657173157 0.9996665716171265 0.00841506663709879 0.08761852979660034 0.023002002388238907 -0.007853670045733452 0.9997045397758484 42.43017578125
0.9994548559188843 0.028543410822749138 -0.01659180223941803 -1.084500789642334 -0.028373464941978455 0.9995434284210205 0.010389572009444237 0.09473016858100891 0.016880778595805168 -0.009913141839206219 0.9998083710670471 43.00522994995117
0.999386191368103 0.03336407244205475 -0.010681355372071266 -1.0844298601150513 -0.033238451927900314 0.9993786215782166 0.011730312369763851 0.09198722243309021 0.011066088452935219 -0.011368080973625183 0.9998741745948792 43.5596923828125
0.9993168115615845 0.03677930682897568 -0.0036353953182697296 -1.090959906578064 -0.03673615679144859 0.9992610812187195 0.011297762393951416 0.09630343317985535 0.004048231057822704 -0.011156492866575718 0.9999296069145203 44.09153366088867
0.999188244342804 0.04011448472738266 0.0036885924637317657 -1.0923774242401123 -0.04015425592660904 0.9991281628608704 0.011429499834775925 0.0967566967010498 -0.0032268883660435677 -0.011568334884941578 0.9999278783798218 44.59980010986328
0.9989743232727051 0.04396998509764671 0.010809967294335365 -1.0856577157974243 -0.044085923582315445 0.9989701509475708 0.010732063092291355 0.10339230298995972 -0.010326948016881943 -0.01119762472808361 0.9998839497566223 45.09438705444336
0.9986556768417358 0.048382122069597244 0.01860404759645462 -1.086336612701416 -0.048536188900470734 0.9987900257110596 0.007920721545815468 0.10790833830833435 -0.01819831319153309 -0.008813044056296349 0.9997955560684204 45.565757751464844
0.998384416103363 0.05017677694559097 0.026662450283765793 -1.0761878490447998 -0.0503312386572361 0.9987192153930664 0.005153542850166559 0.10377323627471924 -0.026369718834757805 -0.006487170234322548 0.9996312260627747 46.017730712890625
0.9981201887130737 0.050568338483572006 0.03462439775466919 -1.0610049962997437 -0.05076305568218231 0.9986993074417114 0.004767481237649918 0.10818074643611908 -0.03433828800916672 -0.006516158580780029 0.9993890523910522 46.44772720336914
0.9978481531143188 0.04985398054122925 0.04258615896105766 -1.0365675687789917 -0.05016403645277023 0.9987214803695679 0.006242712959647179 0.1084507405757904 -0.04222049564123154 -0.008365573361515999 0.999073326587677 46.84590148925781
0.997389018535614 0.05166543647646904 0.05045701935887337 -1.0152740478515625 -0.052084822207689285 0.998617947101593 0.0070319026708602905 0.10987089574337006 -0.05002397671341896 -0.009641586802899837 0.9987014532089233 47.231483459472656
0.9967324137687683 0.054866429418325424 0.05927993729710579 -1.0024361610412598 -0.05539129301905632 0.9984384179115295 0.0072460719384253025 0.108631432056427 -0.058789804577827454 -0.010505987331271172 0.9982150793075562 47.59003448486328
0.9959209561347961 0.05968550220131874 0.06766911596059799 -0.9732277393341064 -0.06026587635278702 0.9981607794761658 0.0065660132095217705 0.11012640595436096 -0.06715276092290878 -0.010617369785904884 0.9976861476898193 47.918365478515625
0.9950133562088013 0.06360612064599991 0.07682779431343079 -0.9530253410339355 -0.06430892646312714 0.9979075193405151 0.006706086918711662 0.10904747247695923 -0.07624047249555588 -0.011613357812166214 0.9970217943191528 48.21764373779297
0.9942907094955444 0.06284499168395996 0.08623480051755905 -0.9249649047851562 -0.06371118128299713 0.9979415535926819 0.0073266588151454926 0.10851162672042847 -0.08559682965278625 -0.012778948992490768 0.9962479472160339 48.50383758544922
0.9933944344520569 0.06167106330394745 0.09676904231309891 -0.8840198516845703 -0.06248749792575836 0.998030960559845 0.005426199175417423 0.10809952020645142 -0.09624387323856354 -0.011437209323048592 0.995292067527771 48.778560638427734
0.992281973361969 0.060079511255025864 0.10847499221563339 -0.8475680351257324 -0.06055749952793121 0.9981641173362732 0.0011146396864205599 0.10297957062721252 -0.10820887982845306 -0.007675012573599815 0.9940984845161438 49.034950256347656
0.9906893372535706 0.06108763441443443 0.12166757881641388 -0.8049583435058594 -0.061166759580373764 0.9981229305267334 -0.0030878796242177486 0.10582873225212097 -0.1216278076171875 -0.004382883198559284 0.9925662279129028 49.30317306518555
0.9885686039924622 0.06255552172660828 0.13718253374099731 -0.7665090560913086 -0.06242435425519943 0.9980358481407166 -0.005262321792542934 0.10341241955757141 -0.13724227249622345 -0.003361365757882595 0.990531861782074 49.56589126586914
0.9860782027244568 0.06452453136444092 0.15325260162353516 -0.7152557373046875 -0.06428098678588867 0.9979103803634644 -0.006548779550939798 0.09921407699584961 -0.15335488319396973 -0.003393619554117322 0.9881653785705566 49.816490173339844
0.9832549691200256 0.0651564672589302 0.17018942534923553 -0.6606817245483398 -0.06479243189096451 0.997869074344635 -0.007698163855820894 0.09837031364440918 -0.1703283190727234 -0.0034577264450490475 0.9853813052177429 50.07393264770508
0.9799980521202087 0.06407401710748672 0.18841034173965454 -0.6024761199951172 -0.06349072605371475 0.9979406595230103 -0.009135836735367775 0.10059159994125366 -0.18860769271850586 -0.0030092073138803244 0.9820478558540344 50.33451461791992
0.9761244058609009 0.06332996487617493 0.2077753096818924 -0.5342369079589844 -0.06275883316993713 0.9979849457740784 -0.00934632308781147 0.09639981389045715 -0.20794852077960968 -0.003916561603546143 0.978131890296936 50.57574462890625
0.9716426730155945 0.06332817673683167 0.22781606018543243 -0.4604005813598633 -0.0626077800989151 0.9979841113090515 -0.010394932702183723 0.0910603404045105 -0.22801509499549866 -0.004162896424531937 0.973648726940155 50.81243896484375
0.9663457870483398 0.06576751172542572 0.24869754910469055 -0.3827486038208008 -0.06463495641946793 0.9978278875350952 -0.012726022861897945 0.08922809362411499 -0.24899429082870483 -0.0037768150214105844 0.968497633934021 51.04500198364258
0.9601245522499084 0.06680363416671753 0.27147361636161804 -0.29986095428466797 -0.06523732095956802 0.997759997844696 -0.014800755307078362 0.08226877450942993 -0.27185437083244324 -0.003499648766592145 0.9623320698738098 51.293697357177734
0.9527958631515503 0.06817427277565002 0.29585856199264526 -0.2054271697998047 -0.0664614588022232 0.9976630210876465 -0.015854718163609505 0.07478111982345581 -0.29624807834625244 -0.0045568798668682575 0.9551002979278564 51.53628921508789
0.9442553520202637 0.07099246978759766 0.3214680254459381 -0.1087350845336914 -0.06930297613143921 0.9974556565284729 -0.01671120524406433 0.06846743822097778 -0.3218364119529724 -0.006499043665826321 0.9467730522155762 51.7733039855957
0.9343536496162415 0.07303851842880249 0.3487814962863922 -0.0026702880859375 -0.07131163030862808 0.997295081615448 -0.01780681125819683 0.060625314712524414 -0.34913864731788635 -0.008234316483139992 0.9370349645614624 52.012081146240234
0.9231016039848328 0.0738632082939148 0.37739598751068115 0.11519432067871094 -0.07191985845565796 0.9972244501113892 -0.01926061138510704 0.05326467752456665 -0.37777113914489746 -0.009362760931253433 0.9258517026901245 52.25483703613281
0.9105226993560791 0.07194766402244568 0.40715086460113525 0.25554656982421875 -0.06924185156822205 0.9973703622817993 -0.021397944539785385 0.044274330139160156 -0.4076197147369385 -0.008708562701940536 0.9131103157997131 52.4797248840332
0.8956514596939087 0.06928398460149765 0.43932706117630005 0.40515899658203125 -0.06529055535793304 0.9975724816322327 -0.02421480044722557 0.03923439979553223 -0.4399382174015045 -0.006995883770287037 0.8980008363723755 52.70861053466797
0.8784287571907043 0.06843705475330353 0.4729473888874054 0.5641155242919922 -0.062440354377031326 0.9976447820663452 -0.028388962149620056 0.02995443344116211 -0.4737764596939087 -0.004593321122229099 0.8806331753730774 52.934452056884766
0.8588954210281372 0.07033035159111023 0.5072989463806152 0.7330360412597656 -0.06194090470671654 0.9975200295448303 -0.033422451466321945 0.021479129791259766 -0.5083914995193481 -0.002716164803132415 0.8611217737197876 53.16123580932617
0.8371043801307678 0.07215652614831924 0.5422635078430176 0.9139289855957031 -0.06139665096998215 0.9973920583724976 -0.03793901950120926 0.01147317886352539 -0.5435869097709656 -0.0015342445112764835 0.8393514752388 53.38380432128906
0.8125466108322144 0.07487142086029053 0.5780677199363708 1.1175174713134766 -0.06229721009731293 0.9971906542778015 -0.04158975929021835 0.0023649930953979492 -0.5795577764511108 -0.002218395471572876 0.8149281144142151 53.614906311035156
0.7851293683052063 0.07879909127950668 0.614298403263092 1.3332881927490234 -0.06529677659273148 0.9968767166137695 -0.0444190576672554 -0.011802911758422852 -0.615880012512207 -0.0052370065823197365 0.7878226041793823 53.847652435302734
0.7551554441452026 0.08292726427316666 0.6502794623374939 1.5566253662109375 -0.06867636740207672 0.9965156316757202 -0.04732885956764221 -0.027991175651550293 -0.6519385576248169 -0.008918190374970436 0.758219301700592 54.080718994140625
0.7220051884651184 0.08419124037027359 0.6867461800575256 1.8060359954833984 -0.06854721903800964 0.9963898062705994 -0.050085246562957764 -0.04550576210021973 -0.688483715057373 -0.01091273408383131 0.7251696586608887 54.30427551269531
0.6853075623512268 0.08176025748252869 0.7236497402191162 2.087909698486328 -0.06494130939245224 0.9965800046920776 -0.05109637975692749 -0.06382465362548828 -0.7253525853157043 -0.011978020891547203 0.6882733702659607 54.528968811035156
0.6462551355361938 0.08010082691907883 0.7589059472084045 2.3933849334716797 -0.061863210052251816 0.9967018365859985 -0.05251932889223099 -0.08494400978088379 -0.7606097459793091 -0.013007476925849915 0.6490789651870728 54.74278259277344
0.6033893823623657 0.08012524992227554 0.7934110760688782 2.7220993041992188 -0.06047213077545166 0.9966719150543213 -0.05466315150260925 -0.10257887840270996 -0.7951505184173584 -0.01499609462916851 0.6062266826629639 54.967105865478516
0.5573802590370178 0.07972228527069092 0.8264209628105164 3.0974197387695312 -0.05656856670975685 0.9967127442359924 -0.057997096329927444 -0.12281215190887451 -0.8283279538154602 -0.01442301832139492 0.5600578188896179 55.18624496459961
0.5089570879936218 0.07824819535017014 0.8572279810905457 3.4771080017089844 -0.05302559211850166 0.996818482875824 -0.05950751155614853 -0.1491013765335083 -0.859157145023346 -0.015168257057666779 0.5114870667457581 55.38072204589844
0.45996761322021484 0.07666771113872528 0.8846196532249451 3.882020950317383 -0.05148196592926979 0.9968922138214111 -0.059629473835229874 -0.16758954524993896 -0.8864419460296631 -0.01811433583498001 0.462485134601593 55.56060028076172
0.41065719723701477 0.07452792674303055 0.9087388515472412 4.320842742919922 -0.050943028181791306 0.9969724416732788 -0.05874311923980713 -0.1902550458908081 -0.9103655815124512 -0.022170620039105415 0.41321057081222534 55.72533416748047
0.3607944846153259 0.07425330579280853 0.9296848177909851 4.775794982910156 -0.053973354399204254 0.996817409992218 -0.058669012039899826 -0.21086406707763672 -0.9310822486877441 -0.029010748490691185 0.3636539578437805 55.87824630737305
0.31114712357521057 0.07475363463163376 0.9474172592163086 5.251556396484375 -0.051968153566122055 0.9967483878135681 -0.06157881021499634 -0.23121392726898193 -0.9489398002624512 -0.03007545694708824 0.31402015686035156 56.01746368408203
0.26448893547058105 0.07143041491508484 0.9617397785186768 5.737198829650879 -0.04122169315814972 0.9971790909767151 -0.06272616982460022 -0.26450884342193604 -0.963507354259491 -0.02305416949093342 0.2666873335838318 56.10268783569336
0.22016212344169617 0.06558868288993835 0.9732558727264404 6.224842071533203 -0.027672404423356056 0.9977552890777588 -0.06097991764545441 -0.28999119997024536 -0.9750706553459167 -0.013506860472261906 0.22148294746875763 56.16596984863281
0.17815394699573517 0.06450580060482025 0.981886088848114 6.73945426940918 -0.018474720418453217 0.997892439365387 -0.06220529228448868 -0.3189184069633484 -0.9838292002677917 -0.007057948503643274 0.17897018790245056 56.21790313720703
0.13944095373153687 0.06581317633390427 0.9880409240722656 7.281550407409668 -0.015203269198536873 0.9978135824203491 -0.06431852281093597 -0.3444964289665222 -0.9901137351989746 -0.006052814889699221 0.14013662934303284 56.281890869140625
0.10696987807750702 0.0665222555398941 0.992034375667572 7.83242130279541 -0.006891737692058086 0.9977849125862122 -0.06616473942995071 -0.381314218044281 -0.9942384362220764 0.00024079409195110202 0.10719134658575058 56.31367492675781
0.07766056060791016 0.06524462252855301 0.9948427081108093 8.374637603759766 0.0005220148013904691 0.9978535771369934 -0.06548284739255905 -0.4105725884437561 -0.9969797134399414 0.005604757461696863 0.07745981961488724 56.331974029541016
0.05285026133060455 0.06355411559343338 0.9965780377388 8.945165634155273 0.0073054879903793335 0.9979215264320374 -0.06402720510959625 -0.44460925459861755 -0.9985758066177368 0.01066434383392334 0.052276112139225006 56.33989715576172
0.03281423822045326 0.06267686933279037 0.9974942803382874 9.527433395385742 0.012172125279903412 0.9979327321052551 -0.06310483813285828 -0.468680739402771 -0.9993873834609985 0.014212360605597496 0.03198349103331566 56.347469329833984
0.01692884787917137 0.06433618813753128 0.9977847337722778 10.113861083984375 0.014932837337255478 0.9978001713752747 -0.06459054350852966 -0.49893683195114136 -0.9997451305389404 0.01599319837987423 0.015930891036987305 56.34845733642578
0.0033250395208597183 0.06444442272186279 0.9979157447814941 10.702553749084473 0.01585158333182335 0.9977924823760986 -0.06448928266763687 -0.5273833274841309 -0.9998687505722046 0.016032977029681206 0.0022961534559726715 56.3419075012207
-0.008115896955132484 0.0651862621307373 0.9978399872779846 11.306814193725586 0.0166475810110569 0.9977434277534485 -0.06504455953836441 -0.5655350685119629 -0.9998285174369812 0.0160837285220623 -0.009182777255773544 56.32817459106445
-0.017369747161865234 0.06806410849094391 0.9975296854972839 11.938491821289062 0.0216146782040596 0.9974726438522339 -0.06768385320901871 -0.597271203994751 -0.9996155500411987 0.020385634154081345 -0.018797030672430992 56.313961029052734
-0.02393605373799801 0.07015139609575272 0.9972490668296814 12.557976722717285 0.025562258437275887 0.9972517490386963 -0.06953802704811096 -0.6314011812210083 -0.9993866086006165 0.023827476426959038 -0.025663498789072037 56.289894104003906
-0.028095286339521408 0.0696147233247757 0.9971782565116882 13.226003646850586 0.025701120495796204 0.9972925186157227 -0.06889857351779938 -0.6651824712753296 -0.9992747902870178 0.023692872375249863 -0.029808392748236656 56.26017379760742
-0.03189045563340187 0.0667525976896286 0.997259795665741 13.887393951416016 0.023077983409166336 0.9975504875183105 -0.06603407114744186 -0.7021280527114868 -0.999224841594696 0.020908890292048454 -0.03335285931825638 56.24786376953125
-0.03429613262414932 0.0598827563226223 0.9976161122322083 14.565375328063965 0.021398328244686127 0.9980185031890869 -0.05917128175497055 -0.7394700646400452 -0.9991826415061951 0.019317971542477608 -0.03550956770777702 56.22728729248047
-0.03586561977863312 0.05439276993274689 0.9978753924369812 15.256985664367676 0.022332267835736275 0.9983119964599609 -0.053613923490047455 -0.7716000080108643 -0.9991070628166199 0.020361926406621933 -0.037019796669483185 56.2086067199707
-0.03625629097223282 0.05178138613700867 0.9980000853538513 15.96491813659668 0.025425776839256287 0.9983811974525452 -0.05087747424840927 -0.8082793354988098 -0.9990189671516418 0.023530304431915283 -0.03751417621970177 56.17043685913086
-0.036004338413476944 0.05409722030162811 0.9978863596916199 16.6599178314209 0.02874012291431427 0.9981768727302551 -0.05307600647211075 -0.8445796966552734 -0.9989383220672607 0.026768412441015244 -0.037493444979190826 56.14168930053711
-0.03522773087024689 0.061682842671871185 0.997473955154419 17.354740142822266 0.0296018086373806 0.9977200031280518 -0.060652606189250946 -0.8740894794464111 -0.9989407658576965 0.027390381321310997 -0.03697333484888077 56.12110900878906
-0.033430855721235275 0.06963898241519928 0.9970119595527649 18.053306579589844 0.030151180922985077 0.9971858263015747 -0.06864012777805328 -0.9096196889877319 -0.9989861249923706 0.0277663916349411 -0.035436470061540604 56.10544204711914
-0.03088490664958954 0.07037903368473053 0.9970421195030212 18.794748306274414 0.03100944310426712 0.9971053004264832 -0.06942293047904968 -0.9440521001815796 -0.999041736125946 0.02877359837293625 -0.03297792002558708 56.08000946044922
-0.02848656103014946 0.06590599566698074 0.9974192380905151 19.5655517578125 0.030655665323138237 0.9974123239517212 -0.06503001600503922 -0.9883134365081787 -0.9991239309310913 0.02872406877577305 -0.03043324127793312 56.04629135131836
-0.026180321350693703 0.059558071196079254 0.9978814721107483 20.301599502563477 0.03009852021932602 0.9978179931640625 -0.05876462161540985 -1.0305863618850708 -0.9992040395736694 0.028496280312538147 -0.02791580557823181 56.030853271484375
-0.023133518174290657 0.05787152796983719 0.9980559349060059 21.046655654907227 0.02847737818956375 0.9979561567306519 -0.05720566585659981 -1.0735965967178345 -0.999326765537262 0.027098648250102997 -0.024734266102313995 56.019386291503906
-0.019680414348840714 0.06315231323242188 0.9978098273277283 21.786888122558594 0.035883333534002304 0.9974048137664795 -0.062418919056653976 -1.1200037002563477 -0.9991621971130371 0.03457631170749664 -0.021895455196499825 55.99860382080078
-0.01625620573759079 0.06881053000688553 0.9974973201751709 22.509092330932617 0.037913087755441666 0.996954083442688 -0.0681551918387413 -1.157875657081604 -0.9991488456726074 0.036710258573293686 -0.01881551370024681 55.978397369384766
-0.014191476628184319 0.06933169811964035 0.9974927306175232 23.27829360961914 0.03191152960062027 0.9971163272857666 -0.068851538002491 -1.204196572303772 -0.9993899464607239 0.03085441328585148 -0.01636303775012493 55.991031646728516
-0.011040780693292618 0.06626623123884201 0.9977408647537231 24.02265167236328 0.027444710955023766 0.9974458813667297 -0.06594293564558029 -1.2420281171798706 -0.9995623826980591 0.026654649525880814 -0.012831239029765129 55.99599075317383
-0.006355755031108856 0.06244860589504242 0.9980279803276062 24.76532745361328 0.03157086670398712 0.9975630640983582 -0.06221845746040344 -1.2949326038360596 -0.9994813203811646 0.03111315704882145 -0.008311823941767216 55.98931884765625
-0.002801092341542244 0.0633869543671608 0.9979851245880127 25.502782821655273 0.03603726252913475 0.9973471164703369 -0.06324528902769089 -1.3420265913009644 -0.9993464946746826 0.035787492990493774 -0.005077955313026905 55.97875213623047
-0.0001696730323601514 0.06762337684631348 0.9977108836174011 26.243820190429688 0.03559679165482521 0.9970789551734924 -0.06757449358701706 -1.3935706615447998 -0.9993661642074585 0.035503849387168884 -0.00257635279558599 55.981231689453125
0.003825108055025339 0.06845472753047943 0.9976468682289124 26.986677169799805 0.03187066316604614 0.9971389770507812 -0.06854207068681717 -1.4354956150054932 -0.999484658241272 0.03205784410238266 0.0016324662137776613 55.99262619018555
0.007663261611014605 0.0676211416721344 0.9976815581321716 27.722782135009766 0.0312703438103199 0.9972067475318909 -0.06782916188240051 -1.483643651008606 -0.9994814395904541 0.03171763941645622 0.005527320317924023 55.99819564819336
0.011149553582072258 0.064710833132267 0.9978417754173279 28.478273391723633 0.03507458046078682 0.9972644448280334 -0.06506530195474625 -1.5296480655670166 -0.9993225336074829 0.03572433441877365 0.00884934701025486 56.00410461425781
0.01468478050082922 0.06531739979982376 0.9977564811706543 29.2333984375 0.040095407515764236 0.9970229864120483 -0.06585948169231415 -1.5806549787521362 -0.999087929725647 0.04097258299589157 0.012022136710584164 56.0067024230957
0.018325651064515114 0.06637251377105713 0.997626543045044 29.980501174926758 0.0428539402782917 0.996825098991394 -0.06710637360811234 -1.6253321170806885 -0.9989132881164551 0.043981995433568954 0.015423143282532692 56.020076751708984
0.020795833319425583 0.06605266779661179 0.9975994229316711 30.729047775268555 0.04321122169494629 0.9968233704566956 -0.0669020563364029 -1.6710827350616455 -0.9988494515419006 0.04449877515435219 0.0178755521774292 56.03875732421875
0.024090420454740524 0.06503040343523026 0.9975924491882324 31.483694076538086 0.04448944702744484 0.9968236684799194 -0.06605464220046997 -1.7142014503479004 -0.9987193942070007 0.04597362503409386 0.02112073078751564 56.06509017944336
0.02824528142809868 0.0636809766292572 0.9975705146789551 32.22896957397461 0.04647459462285042 0.9968058466911316 -0.06494804471731186 -1.7658846378326416 -0.9985200762748718 0.048196159303188324 0.025195514783263206 56.06909942626953
0.030912768095731735 0.06386426091194153 0.9974797368049622 32.98395538330078 0.044803351163864136 0.9968649744987488 -0.0652134045958519 -1.811415195465088 -0.9985174536705017 0.04670635238289833 0.027954524382948875 56.104408264160156
0.03404884412884712 0.06573731452226639 0.9972559213638306 33.73699951171875 0.0415663942694664 0.996877908706665 -0.06713157892227173 -1.856774091720581 -0.9985554218292236 0.04373808577656746 0.031210079789161682 56.13151168823242
0.037115469574928284 0.06584638357162476 0.9971392154693604 34.486019134521484 0.04350680112838745 0.9967741370201111 -0.0674416795372963 -1.8999619483947754 -0.9983634948730469 0.045885466039180756 0.03413097560405731 56.153770446777344
0.039796292781829834 0.06558513641357422 0.9970530271530151 35.244773864746094 0.04155012592673302 0.9968717694282532 -0.06723165512084961 -1.9445233345031738 -0.9983435273170471 0.04410324618220329 0.03694673627614975 56.1895866394043
0.04215606302022934 0.06582627445459366 0.9969401955604553 35.99991989135742 0.03998268395662308 0.9969167113304138 -0.06751541048288345 -1.9921553134918213 -0.9983107447624207 0.04270652309060097 0.03939417377114296 56.227203369140625
0.044812269508838654 0.06600643694400787 0.9968125224113464 36.76228332519531 0.037001483142375946 0.9970204830169678 -0.0676836296916008 -2.039785861968994 -0.9983100295066833 0.03991660103201866 0.042236413806676865 56.27121353149414
0.04769761487841606 0.06790422648191452 0.9965510368347168 37.5284423828125 0.03557509183883667 0.9969381093978882 -0.06963330507278442 -2.088289260864258 -0.9982280135154724 0.03877373784780502 0.045135870575904846 56.31939697265625
0.05068118870258331 0.07142821699380875 0.9961572885513306 38.295875549316406 0.03389444202184677 0.9967415928840637 -0.07319453358650208 -2.142703056335449 -0.998139500617981 0.03747378662228584 0.04809502512216568 56.36969757080078
0.054244380444288254 0.07325734198093414 0.9958367943763733 39.05534744262695 0.03407657518982887 0.996588408946991 -0.07516881078481674 -2.1979784965515137 -0.9979460835456848 0.03801219165325165 0.05156296119093895 56.41243362426758
0.05747586861252785 0.07539470493793488 0.9954959750175476 39.83027648925781 0.02834061160683632 0.9966193437576294 -0.07711604982614517 -2.2476391792297363 -0.9979445934295654 0.032645270228385925 0.05514482408761978 56.46272659301758
0.05951346457004547 0.07477357983589172 0.9954230785369873 40.605411529541016 0.024502431973814964 0.9967806339263916 -0.07634050399065018 -2.298257827758789 -0.9979267120361328 0.028933579102158546 0.05748973786830902 56.53010177612305
0.06343052536249161 0.0752321407198906 0.9951465725898743 41.38383865356445 0.0265384241938591 0.9966748356819153 -0.07703923434019089 -2.355989933013916 -0.9976332783699036 0.0312962643802166 0.06122305989265442 56.58253479003906
0.06726764142513275 0.07706788927316666 0.9947540163993835 42.15829849243164 0.025557713583111763 0.996552050113678 -0.07893545180559158 -2.403927803039551 -0.9974074959754944 0.030733441933989525 0.06506601721048355 56.629329681396484
0.07126171141862869 0.07820995897054672 0.9943867325782776 42.94308090209961 0.021841630339622498 0.9965598583221436 -0.07994615286588669 -2.4552528858184814 -0.9972184896469116 0.027416126802563667 0.069308340549469 56.69326400756836
0.0750700831413269 0.07593189179897308 0.9942830801010132 43.73484802246094 0.02098224125802517 0.9967556595802307 -0.07770492136478424 -2.5124340057373047 -0.9969574809074402 0.026695599779486656 0.07323329895734787 56.7636833190918
0.07986599951982498 0.07594292610883713 0.9939084649085999 44.54073715209961 0.02099638245999813 0.9967442154884338 -0.07784677296876907 -2.576627254486084 -0.9965844750404358 0.027085794135928154 0.07801144570112228 56.83763885498047
0.08515549451112747 0.07959844917058945 0.9931830763816833 45.328086853027344 0.017309295013546944 0.9965351819992065 -0.08135119825601578 -2.631938934326172 -0.9962173104286194 0.024118801578879356 0.08348263800144196 56.894737243652344
0.09084872156381607 0.08804445713758469 0.9919650554656982 46.114620208740234 0.015257289633154869 0.995844304561615 -0.0897860899567604 -2.6938974857330322 -0.9957478642463684 0.023291653022170067 0.08912784606218338 56.97908020019531
0.09849429130554199 0.09278163313865662 0.9908029437065125 46.91758346557617 0.014286570250988007 0.9954097270965576 -0.09463323652744293 -2.757004499435425 -0.9950350522994995 0.02347601391375065 0.09671664983034134 57.06228256225586
0.10588665306568146 0.0959625318646431 0.9897369742393494 47.7169303894043 0.009274204261600971 0.9951938986778259 -0.09748384356498718 -2.8242123126983643 -0.9943349361419678 0.01950126141309738 0.10448778420686722 57.15699005126953
0.11275148391723633 0.09423911571502686 0.9891441464424133 48.52372360229492 0.005714437924325466 0.9954141974449158 -0.09548787027597427 -2.8932690620422363 -0.9936068058013916 0.016418805345892906 0.11169590055942535 57.26056671142578
0.11999684572219849 0.09308280795812607 0.9884008765220642 49.33152770996094 0.005565271712839603 0.9955160617828369 -0.09442853182554245 -2.9582481384277344 -0.9927586913108826 0.01683184504508972 0.11894077062606812 57.37003707885742
0.12758277356624603 0.08914101123809814 0.9878140091896057 50.1556510925293 0.005286858417093754 0.995877742767334 -0.09055151045322418 -3.032601833343506 -0.9918138980865479 0.01677524670958519 0.12658554315567017 57.4826545715332
0.13497012853622437 0.08328993618488312 0.9873427748680115 50.96233367919922 0.0032628297340124846 0.9964180588722229 -0.08450152724981308 -3.105966091156006 -0.9908443689346313 0.01462671346962452 0.13421489298343658 57.600486755371094
0.142684668302536 0.0766148567199707 0.9867984652519226 51.776214599609375 0.0007512716110795736 0.9969908595085144 -0.07751481980085373 -3.1568660736083984 -0.9897679090499878 0.011801531538367271 0.14219775795936584 57.715660095214844
0.14985892176628113 0.07351838052272797 0.9859702587127686 52.57196807861328 0.00022085652744863182 0.9972290992736816 -0.0743914544582367 -3.231943130493164 -0.9887073636054993 0.01136597990989685 0.1494274139404297 57.83849334716797
0.15691106021404266 0.07514544576406479 0.9847497344017029 53.373779296875 7.605995051562786e-07 0.9971011877059937 -0.076088085770607 -3.2946507930755615 -0.9876127243041992 0.011939813382923603 0.15645618736743927 57.97702407836914
