1.0 0.0 0.0 0.0 0.0 1.0 0.0 0.0 0.0 0.0 1.0 0.0
0.9999986290931702 0.0008136205142363906 0.0014579463750123978 -0.00629653874784708 -0.0008069496834650636 0.9999892115592957 -0.004570255056023598 -0.0021782168187201023 -0.0014616490807384253 0.004569072276353836 0.9999884963035583 0.9640225172042847
0.9999966621398926 -0.0014571257634088397 0.00214604870416224 -0.0026298060547560453 0.0014685988426208496 0.9999845623970032 -0.005354282446205616 -0.0008937498787418008 -0.0021382139530032873 0.00535741588100791 0.9999833703041077 1.918536901473999
0.9999932646751404 -0.002545437775552273 0.0026511838659644127 -0.010334550403058529 0.0025487057864665985 0.9999960064888 -0.0012300506932660937 -0.004895833786576986 -0.002648042282089591 0.0012367996387183666 0.9999957084655762 2.852476119995117
0.9999851584434509 -0.0050360532477498055 0.0020475222263485193 -0.007799356710165739 0.005025850143283606 0.9999750852584839 0.004957526456564665 -0.008592571131885052 -0.0020724376663565636 -0.004947162698954344 0.9999855756759644 3.8008546829223633
0.9999626874923706 -0.00862407498061657 0.00048697367310523987 -0.004779193550348282 0.008621491491794586 0.9999499320983887 0.005075774155557156 -0.005635956302285194 -0.0005307233077473938 -0.005071386229246855 0.9999870657920837 4.738710880279541
0.9999372959136963 -0.011193499900400639 -0.0001447850081603974 -0.007036595605313778 0.011193779297173023 0.9999351501464844 0.002087872941046953 -0.002805688651278615 0.0001214050134876743 -0.002089362358674407 0.9999977946281433 5.669281482696533
0.9999284744262695 -0.011901949532330036 -0.0011426388518884778 -0.010596130974590778 0.011900198645889759 0.9999279975891113 -0.0015267257113009691 0.003468827111646533 0.0011607275810092688 0.0015130192041397095 0.999998152256012 6.594255447387695
0.999932050704956 -0.011557696387171745 -0.0015336734941229224 -0.01866452395915985 0.011554884724318981 0.9999315738677979 -0.0018296409398317337 -0.002813715487718582 0.0015547149814665318 0.0018117951694875956 0.9999971389770508 7.518767833709717
0.9999301433563232 -0.011529338546097279 -0.0026212860830128193 -0.027825569733977318 0.011529591865837574 0.9999334812164307 8.161651203408837e-05 -0.0019418038427829742 0.0026201705913990736 -0.00011183330207131803 0.9999966025352478 8.431224822998047
0.9999364018440247 -0.010898439213633537 -0.0028950367122888565 -0.039531409740448 0.010906255804002285 0.9999368190765381 0.0026984966825693846 0.0024822724517434835 0.0028654446359723806 -0.002729899249970913 0.9999921917915344 9.372729301452637
0.9999303221702576 -0.011156106367707253 -0.0038644354790449142 -0.04685015603899956 0.011172736994922161 0.9999282956123352 0.004309201613068581 0.0034404918551445007 0.003816084936261177 -0.004352076910436153 0.9999833106994629 10.294097900390625
0.9999144673347473 -0.012282895855605602 -0.004480078350752592 -0.05126737430691719 0.012306018732488155 0.9999110102653503 0.005170888267457485 0.004588281270116568 0.00441616540774703 -0.00522557832300663 0.9999765157699585 11.208884239196777
0.9999040365219116 -0.01272322703152895 -0.005467957817018032 -0.05813814699649811 0.012752524577081203 0.9999043345451355 0.005357036832720041 0.00588109390810132 0.005399275571107864 -0.005426253657788038 0.9999707341194153 12.123234748840332
0.9998971819877625 -0.012923390604555607 -0.006217467598617077 -0.06257253140211105 0.012947188690304756 0.9999089241027832 0.003802746068686247 0.012273658066987991 0.006167756859213114 -0.0038828535471111536 0.9999733567237854 13.019826889038086
0.9998885989189148 -0.013105321675539017 -0.007151737809181213 -0.08342340588569641 0.013118289411067963 0.9999123811721802 0.0017694141715765 0.017209235578775406 0.007127921562641859 -0.0018630354898050427 0.9999727606773376 13.928576469421387
0.9998502731323242 -0.014755978249013424 -0.009045316837728024 -0.08486746996641159 0.014758478850126266 0.9998910427093506 0.00020992258214391768 0.024387186393141747 0.00904123391956091 -0.0003433857054915279 0.9999590516090393 14.83189582824707
0.9998360872268677 -0.014560360461473465 -0.010769618675112724 -0.0985713005065918 0.014559315517544746 0.9998939633369446 -0.00017563282744958997 0.01906651072204113 0.010771033354103565 1.8805778381647542e-05 0.9999419450759888 15.73475456237793
0.9998419284820557 -0.013177000917494297 -0.011938393115997314 -0.12396298348903656 0.013165454380214214 0.999912679195404 -0.0010451648849993944 0.02027232013642788 0.011951123364269733 0.0008878253865987062 0.9999281764030457 16.637828826904297
0.9998396635055542 -0.011406544595956802 -0.01380404457449913 -0.1383965164422989 0.011393506079912186 0.9999345541000366 -0.001022879732772708 0.019562583416700363 0.013814807869493961 0.0008654393604956567 0.9999041557312012 17.532312393188477
0.9998148083686829 -0.012381436303257942 -0.014734666794538498 -0.16265957057476044 0.012380988337099552 0.9999232888221741 -0.00012155237345723435 0.017053356394171715 0.014735041186213493 -6.08998816460371e-05 0.999891459941864 18.42599105834961
0.9997956156730652 -0.011701607145369053 -0.016487587243318558 -0.17601172626018524 0.011722841300070286 0.9999305009841919 0.0011917566880583763 0.018138224259018898 0.016472497954964638 -0.001384794246405363 0.9998633861541748 19.308387756347656
0.9997659921646118 -0.011429197154939175 -0.018369577825069427 -0.19121454656124115 0.01145675964653492 0.9999333024024963 0.0013959499774500728 0.02440354786813259 0.018352404236793518 -0.0016060791676864028 0.9998303055763245 20.19295310974121
0.999718427658081 -0.012762484140694141 -0.0200074203312397 -0.21092621982097626 0.012799139134585857 0.9999165534973145 0.0017050859751179814 0.02089991606771946 0.019983990117907524 -0.0019606836140155792 0.9997984170913696 21.068849563598633
0.9996858835220337 -0.012533646076917648 -0.0217026025056839 -0.23606397211551666 0.012550353072583675 0.9999210834503174 0.0006338206003420055 0.025539642199873924 0.021692946553230286 -0.0009059967705979943 0.9997642636299133 21.944494247436523
0.9996762275695801 -0.01218066830188036 -0.02233937941491604 -0.2570253908634186 0.012215971015393734 0.99992436170578 0.0014445065753534436 0.021551193669438362 0.02232009544968605 -0.0017169361235573888 0.9997494220733643 22.806472778320312
0.9996519088745117 -0.012080375105142593 -0.023453088477253914 -0.2797107398509979 0.012162482365965843 0.9999204277992249 0.003361473558470607 0.025329099968075752 0.02341061644256115 -0.0036455513909459114 0.9997193217277527 23.662418365478516
0.9996213912963867 -0.013226646929979324 -0.024125130847096443 -0.3010454773902893 0.013380616903305054 0.9998909831047058 0.006231844890862703 0.02750658616423607 0.02404007501900196 -0.006552294362336397 0.999689519405365 24.506385803222656
0.9996051788330078 -0.013029438443481922 -0.02489319257438183 -0.3265305757522583 0.013224082998931408 0.9998830556869507 0.007670593913644552 0.03000984713435173 0.024790339171886444 -0.007996756583452225 0.9996606707572937 25.346799850463867
0.9995976686477661 -0.012536158785223961 -0.025443091988563538 -0.3552466034889221 0.012697560712695122 0.9999001622200012 0.0061919852159917355 0.036747220903635025 0.025362929329276085 -0.0065125590190291405 0.9996570944786072 26.178937911987305
0.9996009469032288 -0.010578035376966 -0.026191428303718567 -0.383635938167572 0.010682262480258942 0.999935507774353 0.0038426523096859455 0.03677527233958244 0.026149092242121696 -0.004120902623981237 0.9996494650840759 26.9909610748291
0.9995833039283752 -0.010271461680531502 -0.026976361870765686 -0.406796395778656 0.010332548059523106 0.9999443292617798 0.002126036211848259 0.040167827159166336 0.026953022927045822 -0.002403884893283248 0.9996337890625 27.78395652770996
0.9995655417442322 -0.00943982508033514 -0.0279234666377306 -0.43507835268974304 0.009488062933087349 0.9999537467956543 0.0015955226263031363 0.04439106211066246 0.027907108888030052 -0.0018597689922899008 0.9996087551116943 28.57950782775879
0.9995349049568176 -0.009123777039349079 -0.02909914404153824 -0.46332988142967224 0.009159648790955544 0.9999573826789856 0.0010996335186064243 0.04447103291749954 0.029087871313095093 -0.0013656598748639226 0.9995759129524231 29.364992141723633
0.9994657039642334 -0.00929176900535822 -0.03133637458086014 -0.48645201325416565 0.009315342642366886 0.9999563694000244 0.0006063885521143675 0.03821248561143875 0.03132937476038933 -0.0008979736012406647 0.9995087385177612 30.154388427734375
0.9993977546691895 -0.009694877080619335 -0.03332032263278961 -0.5154059529304504 0.009722224436700344 0.999952495098114 0.0006588461110368371 0.03747417405247688 0.0333123505115509 -0.0009823970030993223 0.9994444847106934 30.9198055267334
0.9993429183959961 -0.009159192442893982 -0.03507215157151222 -0.5485559105873108 0.00922068115323782 0.9999562501907349 0.001591837382875383 0.04348175600171089 0.03505603224039078 -0.0019141804659739137 0.9993835687637329 31.682497024536133
0.9992486834526062 -0.009822359308600426 -0.037490665912628174 -0.5698542594909668 0.009970546700060368 0.999943196773529 0.0037676759529858828 0.0441148467361927 0.03745153173804283 -0.004138647578656673 0.999289870262146 32.443817138671875
0.999175488948822 -0.008837641216814518 -0.03962709382176399 -0.6023983955383301 0.009046381339430809 0.999946117401123 0.005091381724923849 0.04786195978522301 0.03957996517419815 -0.005445664748549461 0.9992015361785889 33.178955078125
0.9991241693496704 -0.00755083654075861 -0.04115898162126541 -0.6440988779067993 0.007773003540933132 0.9999560713768005 0.0052403793670237064 0.04895768687129021 0.04111760854721069 -0.005555717274546623 0.9991388916969299 33.905513763427734
0.9990599155426025 -0.004794473759829998 -0.04308716207742691 -0.6811302304267883 0.005006707739084959 0.999975860118866 0.004819114226847887 0.04521678015589714 0.04306302219629288 -0.005030307453125715 0.9990596771240234 34.631553649902344
0.9989742040634155 -0.0032226641196757555 -0.04516887292265892 -0.7122662663459778 0.003411636222153902 0.9999857544898987 0.004107218701392412 0.05105159059166908 0.04515499249100685 -0.004257104359567165 0.9989709258079529 35.341793060302734
0.9989010691642761 -0.0026661234442144632 -0.04679221659898758 -0.7439805269241333 0.0029030917212367058 0.9999833106994629 0.004997050855308771 0.0579192228615284 0.0467781126499176 -0.005127401556819677 0.9988921880722046 36.04918670654297
0.9988653063774109 -0.0014504611026495695 -0.047604408115148544 -0.7878487706184387 0.0017858920618891716 0.9999738931655884 0.007004433311522007 0.05671334266662598 0.04759300872683525 -0.0070815016515553 0.9988416433334351 36.73873519897461
0.9988403916358948 0.0011169746285304427 -0.04813152179121971 -0.8204296827316284 -0.0007588641019538045 0.9999719262123108 0.007457883097231388 0.061615876853466034 0.04813850298523903 -0.007412710227072239 0.9988130927085876 37.42138671875
0.9989019632339478 0.004636378027498722 -0.046619806438684464 -0.8638486266136169 -0.004396315664052963 0.999976634979248 0.0052505722269415855 0.0637623742222786 0.046643055975437164 -0.005039851646870375 0.9988989233970642 38.088077545166016
0.9989752173423767 0.006009443663060665 -0.04486013576388359 -0.8986344337463379 -0.005895055364817381 0.9999790191650391 0.0026817310135811567 0.0564597025513649 0.044875312596559525 -0.002414529910311103 0.9989897012710571 38.73423385620117
0.9990550875663757 0.006148223765194416 -0.04302592575550079 -0.9242494106292725 -0.00613251980394125 0.9999811053276062 0.0004969908040948212 0.06496207416057587 0.043028172105550766 -0.0002326637040823698 0.99907386302948 39.3807487487793
0.9991840720176697 0.007195422891527414 -0.03974280506372452 -0.9569787383079529 -0.00713752256706357 0.9999732375144958 0.001598571427166462 0.06477724760770798 0.03975324705243111 -0.0013136017369106412 0.9992086887359619 40.01998519897461
0.9992597103118896 0.011922433972358704 -0.03657826408743858 -0.9879063963890076 -0.011771359480917454 0.9999212622642517 0.00434275483712554 0.06602858752012253 0.036627158522605896 -0.003908963408321142 0.9993214011192322 40.65727996826172
0.9993183016777039 0.01669386774301529 -0.0329272486269474 -1.0103235244750977 -0.01645605079829693 0.9998367428779602 0.007480259984731674 0.07217913120985031 0.033046744763851166 -0.006933309603482485 0.9994297027587891 41.29429626464844
0.9993546009063721 0.021565107628703117 -0.02872508205473423 -1.033320665359497 -0.021335218101739883 0.9997380375862122 0.008285729214549065 0.07746347039937973 0.028896233066916466 -0.007667526602745056 0.9995529651641846 41.90214538574219
0.9994053840637207 0.025384685024619102 -0.023337347432971 -1.0551091432571411 -0.025193793699145317 0.9996470212936401 0.00843766052275896 0.08505851030349731 0.02354329824447632 -0.007844686508178711 0.9996920228004456 42.484954833984375
0.9994214773178101 0.02936696447432041 -0.017156995832920074 -1.0799139738082886 -0.029187234118580818 0.9995173811912537 0.01063385047018528 0.09093388170003891 0.01746099442243576 -0.010126933455467224 0.9997963309288025 43.05768585205078
0.9993612170219421 0.03398298844695091 -0.011054455302655697 -1.0803276300430298 -0.03385112062096596 0.9993559718132019 0.01190498098731041 0.08708726614713669 0.0114519027993083 -0.011523171328008175 0.9998679757118225 43.61042404174805
0.9992907047271729 0.03744225576519966 -0.004000331740826368 -1.0867128372192383 -0.03739410638809204 0.9992343783378601 0.011499928310513496 0.09088771790266037 0.004427852109074593 -0.011342184618115425 0.9999258518218994 44.14375305175781
0.9991675019264221 0.04066533222794533 0.0032659058924764395 -1.0886414051055908 -0.04070078209042549 0.9991036057472229 0.011640490964055061 0.09159258008003235 -0.002789613790810108 -0.011763726361095905 0.9999269843101501 44.65153121948242
0.9989503622055054 0.04461093246936798 0.010393287055194378 -1.0828241109848022 -0.044723719358444214 0.9989401698112488 0.010884412564337254 0.09865430742502213 -0.00989670678973198 -0.01133781485259533 0.9998867511749268 45.15082931518555
0.9986457228660583 0.0487133264541626 0.018269408494234085 -1.0820809602737427 -0.048869259655475616 0.9987716674804688 0.00818820483982563 0.10201883316040039 -0.017848091199994087 -0.009069927968084812 0.9997996687889099 45.62107849121094
0.9983469843864441 0.051062215119600296 0.026381973177194595 -1.0745922327041626 -0.051222797483205795 0.998672366142273 0.00544721819460392 0.09829790145158768 -0.026068804785609245 -0.00678957300260663 0.9996370077133179 46.07645034790039
0.9980879426002502 0.05142762511968613 0.034289125353097916 -1.058788537979126 -0.05163190886378288 0.9986532330513 0.005098634399473667 0.10129738599061966 -0.03398073464632034 -0.006859299261122942 0.999398946762085 46.50545120239258
0.9978256225585938 0.05071990564465523 0.04208901524543762 -1.0350544452667236 -0.05103589594364166 0.9986758828163147 0.006467017345130444 0.1029951274394989 -0.04170527681708336 -0.008601007051765919 0.9990928769111633 46.902732849121094
0.997370719909668 0.0524451807141304 0.05001164600253105 -1.011527419090271 -0.05286599323153496 0.9985761642456055 0.007128049153834581 0.10644831508398056 -0.0495666041970253 -0.009753222577273846 0.9987231492996216 47.28935623168945
0.9967010021209717 0.05566123127937317 0.05906748026609421 -1.001510739326477 -0.056199055165052414 0.9983915686607361 0.007482015993446112 0.10263342410326004 -0.058556023985147476 -0.010776870884001255 0.9982259273529053 47.65281295776367
0.995895266532898 0.06056828051805496 0.06726206094026566 -0.9686885476112366 -0.06115908920764923 0.9981052279472351 0.006757644005119801 0.10602232813835144 -0.06672531366348267 -0.010843592695891857 0.9977124333381653 47.97633361816406
0.9949958324432373 0.0642595887184143 0.07651107758283615 -0.9520782828330994 -0.06497734040021896 0.997862696647644 0.0069264378398656845 0.10307209938764572 -0.07590246200561523 -0.011863264255225658 0.9970446825027466 48.280616760253906
0.9942486882209778 0.06358970701694489 0.08617398887872696 -0.928334653377533 -0.06448861956596375 0.9978888034820557 0.007685057818889618 0.09938329458236694 -0.08550337702035904 -0.01319810003042221 0.9962505102157593 48.56134796142578
0.9933735728263855 0.0622854009270668 0.09658946096897125 -0.8873608112335205 -0.06313278526067734 0.9979886412620544 0.005738837644457817 0.09959349036216736 -0.09603775292634964 -0.011798772029578686 0.9953077435493469 48.84255599975586
0.992254912853241 0.06081116572022438 0.10831454396247864 -0.8491576910018921 -0.06131112948060036 0.9981178641319275 0.001288455561734736 0.09828083217144012 -0.10803233832120895 -0.007919364608824253 0.9941158294677734 49.100982666015625
0.9906694889068604 0.06176220253109932 0.12148801982402802 -0.8068607449531555 -0.06185755878686905 0.9980804920196533 -0.0029900260269641876 0.10217095911502838 -0.12143949419260025 -0.004552825819700956 0.9925884008407593 49.369869232177734
0.9885386228561401 0.06331148743629456 0.13705110549926758 -0.7677972912788391 -0.06319751590490341 0.9979876279830933 -0.005187083967030048 0.10027365386486053 -0.13710370659828186 -0.0035336569417268038 0.9905503988265991 49.6305046081543
0.9860520958900452 0.06525848060846329 0.15310931205749512 -0.716131865978241 -0.06505580246448517 0.9978615045547485 -0.006338697858154774 0.09375700354576111 -0.15319553017616272 -0.0037103628274053335 0.9881889224052429 49.87753677368164
0.9832503795623779 0.06573647260665894 0.16999274492263794 -0.6615875363349915 -0.06541590392589569 0.9978299736976624 -0.007492240518331528 0.0914030447602272 -0.1701163649559021 -0.0037534809671342373 0.985416829586029 50.13566970825195
0.9799894094467163 0.0647774413228035 0.18821433186531067 -0.6034089922904968 -0.06425540149211884 0.9978939890861511 -0.00888033490628004 0.09195131063461304 -0.18839319050312042 -0.003391153644770384 0.9820877909660339 50.387451171875
0.9760969281196594 0.06421037018299103 0.20763370394706726 -0.536013662815094 -0.06370727717876434 0.9979270696640015 -0.009115994907915592 0.0897262692451477 -0.2077886313199997 -0.004329681862145662 0.9781641960144043 50.63408279418945
0.9716224074363708 0.06411720812320709 0.22768135368824005 -0.4624524712562561 -0.06345301121473312 0.9979322552680969 -0.010243562050163746 0.08547170460224152 -0.22786734998226166 -0.004494192078709602 0.9736818075180054 50.87310028076172
0.9663528203964233 0.06633375585079193 0.24851979315280914 -0.385385662317276 -0.06523969024419785 0.9977895021438599 -0.012645164504647255 0.08487647026777267 -0.24880923330783844 -0.003993663005530834 0.9685442447662354 51.10700988769531
0.9601145386695862 0.06760545074939728 0.2713106572628021 -0.29971033334732056 -0.0660368800163269 0.9977056980133057 -0.014917855150997639 0.08582216501235962 -0.27169671654701233 -0.003593656001612544 0.9623762369155884 51.36098861694336
0.9528284668922424 0.06912031769752502 0.2955339252948761 -0.20380860567092896 -0.06743626296520233 0.9975968599319458 -0.015900107100605965 0.0734587088227272 -0.2959226965904236 -0.004779631271958351 0.9551998972892761 51.596832275390625
0.9443316459655762 0.07178817689418793 0.32106757164001465 -0.10410553961992264 -0.07010070979595184 0.9973979592323303 -0.016828516498208046 0.0667654275894165 -0.3214402496814728 -0.006615360267460346 0.9469067454338074 51.834228515625
0.9345067739486694 0.07382046431303024 0.3482063412666321 0.0048098936676979065 -0.07211078703403473 0.9972363114356995 -0.01788717694580555 0.05783659219741821 -0.34856438636779785 -0.008393739350140095 0.9372472167015076 52.06806564331055
0.9232384562492371 0.07458344846963882 0.37691932916641235 0.11896342784166336 -0.07268449664115906 0.9971686005592346 -0.0192804466933012 0.050520867109298706 -0.37729018926620483 -0.009595743380486965 0.9260453581809998 52.30382537841797
0.9107114672660828 0.0724935382604599 0.4066318869590759 0.2665688991546631 -0.06980400532484055 0.9973297715187073 -0.021465780213475227 0.042022258043289185 -0.40710219740867615 -0.00883539579808712 0.9133398532867432 52.544673919677734
0.895741879940033 0.07010017335414886 0.4390130043029785 0.40986332297325134 -0.06616230309009552 0.9975133538246155 -0.024285199120640755 0.03548576310276985 -0.43962374329566956 -0.007292833179235458 0.8981524109840393 52.773529052734375
0.8783989548683167 0.06952682882547379 0.4728439748287201 0.5665181279182434 -0.06363587826490402 0.9975671172142029 -0.028466055169701576 0.024763138964772224 -0.4736727476119995 -0.00508528295904398 0.8806862235069275 52.99824523925781
0.8590072393417358 0.07119401544332504 0.5069891810417175 0.7317293286323547 -0.06273782253265381 0.9974585771560669 -0.033769600093364716 0.020025916397571564 -0.5081048607826233 -0.002799077657982707 0.8612906336784363 53.217525482177734
0.8372554779052734 0.07304747402667999 0.5419107675552368 0.9195811748504639 -0.06221262365579605 0.9973270893096924 -0.03831692412495613 0.010839533060789108 -0.5432611703872681 -0.0016326424665749073 0.8395620584487915 53.445011138916016
0.812711238861084 0.07564372569322586 0.5777357816696167 1.1130679845809937 -0.06298407912254333 0.9971322417259216 -0.04195505753159523 -0.0005724522634409368 -0.5792526006698608 -0.0022908146493136883 0.8151448965072632 53.66844177246094
0.7850987911224365 0.07977500557899475 0.6142116189002991 1.3220927715301514 -0.06604450196027756 0.9967993497848511 -0.04504673182964325 -0.01066721510142088 -0.6158393025398254 -0.0051991683430969715 0.7878546118736267 53.90071487426758
0.7551578283309937 0.08429533243179321 0.650100827217102 1.5472869873046875 -0.06994601339101791 0.996397852897644 -0.04794857278466225 -0.026150822639465332 -0.6518006920814514 -0.009263209067285061 0.7583336234092712 54.1300163269043
0.722112774848938 0.08527157455682755 0.686499834060669 1.807162880897522 -0.0694846361875534 0.996295690536499 -0.050662748515605927 -0.044889818876981735 -0.6882767677307129 -0.011116964742541313 0.7253628969192505 54.36609649658203
0.6854743361473083 0.08261740207672119 0.7233943343162537 2.0841715335845947 -0.0656636580824852 0.996507465839386 -0.05158750340342522 -0.0657716691493988 -0.7251298427581787 -0.012138803489506245 0.6885051727294922 54.58802795410156
0.6463446021080017 0.08123959600925446 0.758708655834198 2.3799848556518555 -0.06285161525011063 0.9966055154800415 -0.05316934734582901 -0.08672192692756653 -0.7604527473449707 -0.013320338912308216 0.6492566466331482 54.79728317260742
0.6037034392356873 0.08053593337535858 0.79313063621521 2.7111141681671143 -0.06075853109359741 0.9966386556625366 -0.054953236132860184 -0.10938902944326401 -0.7948903441429138 -0.015013988129794598 0.6065673232078552 55.016963958740234
0.557451605796814 0.08069419860839844 0.826278567314148 3.070622444152832 -0.057429131120443344 0.9966290593147278 -0.058585863560438156 -0.12609025835990906 -0.828220784664154 -0.014793667010962963 0.5602066516876221 55.22774124145508
0.5085530877113342 0.07938970625400543 0.8573629260063171 3.439552068710327 -0.054132744669914246 0.9967183470726013 -0.06018434092402458 -0.151777982711792 -0.8593272566795349 -0.015804477035999298 0.5111817121505737 55.422630310058594
0.4602614939212799 0.07778122276067734 0.8843694925308228 3.8691046237945557 -0.052324797958135605 0.9967995882034302 -0.060437630861997604 -0.17068526148796082 -0.8862400054931641 -0.018457340076565742 0.4628583788871765 55.60723876953125
0.4113023579120636 0.07537884265184402 0.9083768725395203 4.3056254386901855 -0.05123810097575188 0.9969109296798706 -0.05952555686235428 -0.19262802600860596 -0.9100576043128967 -0.02206050418317318 0.4138941466808319 55.765525817871094
0.3605665862560272 0.0754348486661911 0.9296780824661255 4.765180587768555 -0.05455188825726509 0.9967235922813416 -0.059717562049627304 -0.21113814413547516 -0.9311368465423584 -0.029183533042669296 0.36350032687187195 55.9339485168457
0.3111583888530731 0.07610456645488739 0.9473059177398682 5.228355884552002 -0.05275800824165344 0.9966346025466919 -0.06273828446865082 -0.23194783926010132 -0.9488926529884338 -0.0304564256221056 0.31412628293037415 56.06354522705078
0.2640245258808136 0.0723528042435646 0.9617984890937805 5.695405960083008 -0.041618794202804565 0.9971082806587219 -0.06358422338962555 -0.26991888880729675 -0.9636175632476807 -0.023241091519594193 0.2662723660469055 56.14470291137695
0.2197083979845047 0.0666435956954956 0.9732866287231445 6.204197406768799 -0.028193742036819458 0.9976810216903687 -0.061949510127305984 -0.29437801241874695 -0.9751580953598022 -0.013829763978719711 0.2210778445005417 56.221099853515625
0.1776268184185028 0.06574182212352753 0.9818995594978333 6.726516246795654 -0.01869197003543377 0.9978114366531372 -0.06342579424381256 -0.32090187072753906 -0.9839203953742981 -0.007087515201419592 0.17846691608428955 56.28253173828125
0.13904163241386414 0.06713861972093582 0.9880079627037048 7.273775577545166 -0.015789126977324486 0.9977225661277771 -0.06557675451040268 -0.3492215573787689 -0.9901607036590576 -0.00648187892511487 0.1397850513458252 56.340606689453125
0.10655595362186432 0.06782187521457672 0.9919909238815308 7.782164096832275 -0.007352388929575682 0.9976974129676819 -0.06742226332426071 -0.3854340612888336 -0.9942795038223267 -0.00010926036338787526 0.10680925101041794 56.357852935791016
0.07744170725345612 0.0662127360701561 0.9947957992553711 8.344658851623535 0.00011035839997930452 0.9977917075157166 -0.06642074137926102 -0.42040547728538513 -0.9969969391822815 0.005253518465906382 0.07726337760686874 56.382476806640625
0.052625399082899094 0.06433285772800446 0.9965400099754333 8.916452407836914 0.006558451801538467 0.9978789687156677 -0.06476563960313797 -0.4573937654495239 -0.9985927939414978 0.009944075718522072 0.052091844379901886 56.391414642333984
0.03255670890212059 0.0633886530995369 0.99745774269104 9.493821144104004 0.011595304124057293 0.9978955984115601 -0.06379495561122894 -0.48303306102752686 -0.9994027018547058 0.013642779551446438 0.03175317868590355 56.39530944824219
0.016968676820397377 0.06559048593044281 0.9977023601531982 10.066802978515625 0.014646865427494049 0.9977225661277771 -0.06584092229604721 -0.5077971816062927 -0.999748706817627 0.015730448067188263 0.01596934162080288 56.38816833496094
0.003559652017429471 0.06560291349887848 0.9978394508361816 10.661765098571777 0.015448982827365398 0.9977230429649353 -0.06565037369728088 -0.5374538898468018 -0.9998742938041687 0.01564929634332657 0.0025380512233823538 56.38418197631836
-0.008298729546368122 0.06611254066228867 0.9977777004241943 11.275206565856934 0.01590105891227722 0.9976946115493774 -0.06597477942705154 -0.5808826684951782 -0.9998391270637512 0.015318214893341064 -0.009330857545137405 56.3819694519043
-0.01712699607014656 0.06885404139757156 0.9974797368049622 11.890677452087402 0.021091390401124954 0.9974289536476135 -0.06848838925361633 -0.6182674169540405 -0.9996308088302612 0.019865235313773155 -0.018535194918513298 56.357444763183594
-0.023526130244135857 0.07081294059753418 0.9972121119499207 12.510054588317871 0.025347793474793434 0.9972097277641296 -0.07021477818489075 -0.6517698764801025 -0.9994018077850342 0.023625243455171585 -0.025255441665649414 56.32760238647461
-0.028164757415652275 0.07032015919685364 0.9971268177032471 13.162653923034668 0.02584123983979225 0.9972403645515442 -0.0695982575416565 -0.6878515481948853 -0.9992692470550537 0.023806776851415634 -0.029904194176197052 56.31297302246094
-0.031943611800670624 0.06758203357458115 0.9972022771835327 13.812064170837402 0.02315445989370346 0.9974936246871948 -0.06686007976531982 -0.7179630398750305 -0.9992215037345886 0.02095392346382141 -0.0334283746778965 56.297149658203125
-0.03442952781915665 0.06075912341475487 0.99755859375 14.509048461914062 0.021247833967208862 0.9979690909385681 -0.06005079671740532 -0.7583257555961609 -0.9991812109947205 0.01912843994796276 -0.03565060347318649 56.27558898925781
-0.035679448395967484 0.055266860872507095 0.9978339672088623 15.199459075927734 0.022657692432403564 0.9982578158378601 -0.054480165243148804 -0.7914236187934875 -0.9991064071655273 0.020664794370532036 -0.03686949983239174 56.24953842163086
-0.0360957607626915 0.05254783853888512 0.9979658126831055 15.872509002685547 0.02496436797082424 0.9983523488044739 -0.05166524648666382 -0.8270566463470459 -0.999036431312561 0.02304869331419468 -0.03734811395406723 56.221435546875
-0.03607097268104553 0.05468876287341118 0.9978517293930054 16.582529067993164 0.028535453602671623 0.9981507658958435 -0.0536736361682415 -0.8687346577644348 -0.9989417195320129 0.026538092643022537 -0.03756484016776085 56.197975158691406
-0.034950245171785355 0.06227921321988106 0.9974466562271118 17.29496192932129 0.029532207176089287 0.997684895992279 -0.06125928834080696 -0.8979760408401489 -0.9989525675773621 0.0273157749325037 -0.03670857846736908 56.1630973815918
-0.03286977857351303 0.07054131478071213 0.9969671964645386 18.00701141357422 0.030075829476118088 0.997124195098877 -0.06956084072589874 -0.9300481677055359 -0.999006986618042 0.02769816480576992 -0.0348968468606472 56.143707275390625
-0.03051421418786049 0.07119590789079666 0.9969955682754517 18.740474700927734 0.030968744307756424 0.9970484972000122 -0.07025185972452164 -0.964998185634613 -0.999054491519928 0.028732016682624817 -0.032628998160362244 56.11761474609375
-0.028417108580470085 0.06680715084075928 0.9973611831665039 19.486284255981445 0.03051154688000679 0.9973570704460144 -0.06593754142522812 -1.0099403858184814 -0.999130368232727 0.028557272627949715 -0.03038039430975914 56.10099792480469
-0.025719190016388893 0.06039198115468025 0.9978433847427368 20.23420524597168 0.030180249363183975 0.9977654218673706 -0.05960938334465027 -1.0571167469024658 -0.999213457107544 0.028582053259015083 -0.027484366670250893 56.08418273925781
-0.023182425647974014 0.05844677984714508 0.9980212450027466 20.98140525817871 0.028413981199264526 0.9979248642921448 -0.05778111517429352 -1.103988766670227 -0.9993273615837097 0.02701825089752674 -0.02479502558708191 56.07193374633789
-0.019602913409471512 0.06395409256219864 0.9977602958679199 21.710182189941406 0.03613469749689102 0.9973453879356384 -0.06321757286787033 -1.1447421312332153 -0.9991546273231506 0.034814510494470596 -0.021861838176846504 56.048606872558594
-0.016685791313648224 0.06919567286968231 0.9974634647369385 22.438154220581055 0.0380399152636528 0.9969242215156555 -0.06852191686630249 -1.190942406654358 -0.9991369247436523 0.036800090223550797 -0.01926666684448719 56.03885269165039
-0.01408347673714161 0.0700232982635498 0.9974459409713745 23.17409324645996 0.03167596086859703 0.9970754981040955 -0.0695500448346138 -1.229735016822815 -0.999398946762085 0.0306155513972044 -0.016260342672467232 56.0401725769043
-0.011117728427052498 0.0665569007396698 0.9977207183837891 23.923856735229492 0.027255477383732796 0.9974318146705627 -0.06623392552137375 -1.276028037071228 -0.9995666146278381 0.026456980034708977 -0.012903218157589436 56.04694747924805
-0.006217310205101967 0.06285540759563446 0.9980032444000244 24.700016021728516 0.03081621415913105 0.9975606203079224 -0.06263555586338043 -1.3288516998291016 -0.9995056986808777 0.03036525659263134 -0.00813911110162735 56.02760314941406
-0.0025118482299149036 0.06361279636621475 0.9979714751243591 25.437414169311523 0.0355071946978569 0.9973511099815369 -0.06348387151956558 -1.376633644104004 -0.9993662238121033 0.03527570888400078 -0.004763906821608543 56.01667785644531
-0.0002522269787732512 0.06810227036476135 0.9976783394813538 26.173402786254883 0.03522004559636116 0.9970600605010986 -0.06805115193128586 -1.424665093421936 -0.9993795156478882 0.035121116787195206 -0.002650050912052393 56.02880859375
0.0038353786803781986 0.06898720562458038 0.9976101517677307 26.92216682434082 0.03143152967095375 0.9971163272857666 -0.069073885679245 -1.4667651653289795 -0.9994985461235046 0.031621336936950684 0.001655945205129683 56.0375862121582
0.00740561680868268 0.06841536611318588 0.9976294636726379 27.681238174438477 0.030867554247379303 0.9971656799316406 -0.0686127096414566 -1.5151898860931396 -0.9994960427284241 0.031302496790885925 0.005272812210023403 56.04638671875
0.010945751331746578 0.06562106311321259 0.9977845549583435 28.426048278808594 0.03431473672389984 0.9972320199012756 -0.06596115231513977 -1.561148762702942 -0.9993511438369751 0.034960709512233734 0.008663683198392391 56.05354309082031
0.014688823372125626 0.0658642128109932 0.99772047996521 29.17354393005371 0.03876231983304024 0.9970405697822571 -0.0663900077342987 -1.6127029657363892 -0.9991405606269836 0.039649154990911484 0.01209230162203312 56.06113815307617
0.017955312505364418 0.06686177849769592 0.9976006746292114 29.919984817504883 0.041205957531929016 0.9968643188476562 -0.06755408644676208 -1.6612098217010498 -0.9989893436431885 0.04232005029916763 0.015143906697630882 56.08267593383789
0.02080993540585041 0.06660821288824081 0.9975621700286865 30.688745498657227 0.042584482580423355 0.9968136548995972 -0.06744658201932907 -1.7110000848770142 -0.9988760948181152 0.04388422891497612 0.017907148227095604 56.090118408203125
0.02454935759305954 0.06531719863414764 0.9975625276565552 31.444406509399414 0.04394364356994629 0.9968281984329224 -0.0663505494594574 -1.7553966045379639 -0.998732328414917 0.04546539485454559 0.021601218730211258 56.107540130615234
0.028181925415992737 0.06431940197944641 0.9975313544273376 32.19264602661133 0.04605044052004814 0.9967846870422363 -0.06557225435972214 -1.8005728721618652 -0.9985414743423462 0.0477847121655941 0.025129370391368866 56.12652587890625
0.031406912952661514 0.0644882544875145 0.9974241256713867 32.95013427734375 0.04473739117383957 0.9968255162239075 -0.06585825234651566 -1.8463895320892334 -0.9985049366950989 0.04669055715203285 0.028422176837921143 56.14610290527344
0.03398514539003372 0.06647133082151413 0.997209370136261 33.716835021972656 0.04138094559311867 0.9968365430831909 -0.06785675138235092 -1.8919345140457153 -0.9985651969909668 0.0435715913772583 0.03112698905169964 56.19154739379883
0.03664863482117653 0.06661593914031982 0.9971054196357727 34.4692497253418 0.0430971197783947 0.9967419505119324 -0.06817569583654404 -1.9376968145370483 -0.99839848279953 0.04547092318534851 0.03365828096866608 56.21672821044922
0.03961799666285515 0.0667693242430687 0.9969816207885742 35.229007720947266 0.040902748703956604 0.9968202114105225 -0.06838391721248627 -1.9782747030258179 -0.9983773827552795 0.0434885211288929 0.036760974675416946 56.250423431396484
0.04181886464357376 0.06654977053403854 0.9969063997268677 35.98883056640625 0.03922541067004204 0.9969005584716797 -0.06819484382867813 -2.033252000808716 -0.9983549118041992 0.041955895721912384 0.039078809320926666 56.28776168823242
0.04484664648771286 0.06705939024686813 0.9967406392097473 36.753604888916016 0.03641030192375183 0.996971845626831 -0.06871316581964493 -2.0775418281555176 -0.9983301758766174 0.03937318176031113 0.042269185185432434 56.33162307739258
0.04758157208561897 0.0688224658370018 0.9964936375617981 37.50210952758789 0.03540777787566185 0.9968803524971008 -0.07053986191749573 -2.12451171875 -0.9982395768165588 0.03864003345370293 0.04499628767371178 56.36921310424805
0.05076889321208 0.07239256054162979 0.9960832595825195 38.289878845214844 0.03374377265572548 0.9966756105422974 -0.07415546476840973 -2.180802583694458 -0.9981402158737183 0.03737639635801315 0.048157330602407455 56.4201545715332
0.054471857845783234 0.07431059330701828 0.9957463145256042 39.062007904052734 0.0340077206492424 0.9965103268623352 -0.07622797042131424 -2.235583782196045 -0.9979360103607178 0.038015346974134445 0.05175463482737541 56.46180725097656
0.057423096150159836 0.07602261006832123 0.9954512715339661 39.82583999633789 0.028374111279845238 0.9965694546699524 -0.07774476706981659 -2.291053056716919 -0.9979466795921326 0.03270939365029335 0.055069029331207275 56.514427185058594
0.05953807011246681 0.0756411924958229 0.995356023311615 40.60332489013672 0.02416524849832058 0.9967233538627625 -0.0771905705332756 -2.3438308238983154 -0.9979335069656372 0.028648799285292625 0.05751510709524155 56.57962417602539
0.06322798132896423 0.07570666819810867 0.9951234459877014 41.36099624633789 0.02731276862323284 0.9966138005256653 -0.07755544036626816 -2.3956010341644287 -0.9976252913475037 0.03208324685692787 0.06094612553715706 56.62955856323242
0.06702030450105667 0.07744314521551132 0.9947416186332703 42.17387771606445 0.024801798164844513 0.9965458512306213 -0.07925460487604141 -2.4623427391052246 -0.9974433183670044 0.029983052983880043 0.06486807763576508 56.689674377441406
0.07072046399116516 0.07866216450929642 0.9943897128105164 42.95724105834961 0.021213559433817863 0.9965416789054871 -0.08034109324216843 -2.513584613800049 -0.9972706437110901 0.026776306331157684 0.06880717724561691 56.757877349853516
0.0748952105641365 0.07644844800233841 0.9942566752433777 43.749019622802734 0.02026861160993576 0.9967343807220459 -0.07816573232412338 -2.5708956718444824 -0.9969854354858398 0.026006441563367844 0.07310112565755844 56.82232666015625
0.07916606217622757 0.07641839236021042 0.993928074836731 44.55564880371094 0.020011039450764656 0.996734619140625 -0.07822804152965546 -2.637509346008301 -0.996660590171814 0.026082539930939674 0.07737834751605988 56.90420913696289
0.08445849269628525 0.0800674706697464 0.9932048916816711 45.34560775756836 0.016718393191695213 0.9965121746063232 -0.08175575733184814 -2.692659854888916 -0.9962867498397827 0.02350975200533867 0.08282529562711716 56.96794128417969
0.09016584604978561 0.08866488188505173 0.9919721484184265 46.13196563720703 0.014551490545272827 0.995805561542511 -0.09033020585775375 -2.7536942958831787 -0.9958204627037048 0.022579366341233253 0.08849743753671646 57.051483154296875
0.09737361967563629 0.0933048278093338 0.9908645153045654 46.93091583251953 0.013289212249219418 0.9953850507736206 -0.09503646194934845 -2.820093870162964 -0.9951591491699219 0.02242184989154339 0.09568428993225098 57.139556884765625
0.10494592785835266 0.09670738875865936 0.9897646903991699 47.73214340209961 0.00845036655664444 0.9951379299163818 -0.09812840819358826 -2.8831727504730225 -0.9944420456886292 0.018662046641111374 0.10361845046281815 57.22996520996094
0.11207836866378784 0.09431485831737518 0.9892133474349976 48.532657623291016 0.005559380631893873 0.9954105019569397 -0.09553559124469757 -2.9587926864624023 -0.9936838150024414 0.016206886619329453 0.1110396459698677 57.33110809326172
0.11924586445093155 0.09311836212873459 0.9884884357452393 49.342063903808594 0.005406307056546211 0.9955166578292847 -0.09443260729312897 -3.024348258972168 -0.9928500652313232 0.016604769974946976 0.11820779740810394 57.44096755981445
0.12732893228530884 0.08945402503013611 0.9878184795379639 50.16822052001953 0.00513313477858901 0.995851993560791 -0.09084317833185196 -3.0950944423675537 -0.9918472766876221 0.016637571156024933 0.12634159624576569 57.54554748535156
0.13399256765842438 0.08368556946516037 0.9874424934387207 50.96976089477539 0.0029950456228107214 0.9963893890380859 -0.08485020697116852 -3.1677770614624023 -0.9909777045249939 0.014326734468340874 0.13325811922550201 57.67453384399414
0.1415681540966034 0.07656309008598328 0.9869632720947266 51.77574920654297 0.00035434585879556835 0.9970006346702576 -0.07739254832267761 -3.226389169692993 -0.9899284839630127 0.01130604837089777 0.14111639559268951 57.784088134765625
0.14902909100055695 0.07373581826686859 0.9860798120498657 52.5894889831543 -0.0004307965573389083 0.9972206354141235 -0.07450378686189651 -3.3003334999084473 -0.9888326525688171 0.010678431950509548 0.14864666759967804 57.91529846191406
0.15626443922519684 0.07551684975624084 0.9848241806030273 53.39221954345703 -0.000600272964220494 0.9970799684524536 -0.07636138051748276 -3.3606691360473633 -0.9877150058746338 0.011341406963765621 0.1558534950017929 58.050270080566406
