1.0 0.0 0.0 0.0 0.0 1.0 0.0 0.0 0.0 0.0 1.0 0.0
1.0 -6.648802809650078e-05 0.0001218690667883493 -0.014873076230287552 6.631216820096597e-05 0.9999989867210388 0.0014424410182982683 -0.01267093513160944 -0.00012196484749438241 -0.0014424328692257404 0.999998927116394 1.3156399726867676
0.9999985694885254 -0.001534466166049242 -0.0006636508624069393 -0.01022268645465374 0.0015356468502432108 0.9999972581863403 0.0017820699140429497 -0.03963683918118477 0.0006609144038520753 -0.0017830863362178206 0.9999982118606567 2.6185758113861084
0.9999961853027344 -0.0026927622966468334 -0.0006067203939892352 -0.016014782711863518 0.002693180227652192 0.9999961256980896 0.0006892959354445338 -0.054248079657554626 0.0006048619979992509 -0.0006909274961799383 0.9999995231628418 3.93166184425354
0.9999954700469971 -0.0029492517933249474 -0.000516221160069108 -0.025734761729836464 0.002949621994048357 0.9999953508377075 0.0007177743827924132 -0.07142994552850723 0.0005141019355505705 -0.0007192938355728984 0.9999996423721313 5.260148048400879
0.9999929070472717 -0.0037175586912781 -0.0006184505764394999 -0.024916768074035645 0.0037186930421739817 0.9999913573265076 0.0018440545536577702 -0.09990009665489197 0.0006115898722782731 -0.0018463415326550603 0.9999980926513672 6.576951026916504
0.9999864101409912 -0.00521484762430191 -0.0002712022978812456 -0.0329260490834713 0.005215588491410017 0.999982476234436 0.002807202050462365 -0.11287756264209747 0.0002565584145486355 -0.002808577846735716 0.9999960660934448 7.903008460998535
0.9999892115592957 -0.004604389425367117 -0.00044778085430152714 -0.03814935311675072 0.0046059065498411655 0.999983549118042 0.0034478644374758005 -0.1345256268978119 0.00043189810821786523 -0.003449890064075589 0.9999939799308777 9.243084907531738
0.9999933838844299 -0.0035587011370807886 -0.0006431301590055227 -0.04764985665678978 0.0035596967209130526 0.9999924898147583 0.0015525928465649486 -0.15020333230495453 0.0006376001401804388 -0.0015548721421509981 0.9999985694885254 10.591720581054688
0.9999986886978149 -0.0012771205510944128 -0.0009795245714485645 -0.05281329154968262 0.0012768429005518556 0.9999991655349731 -0.00028401915915310383 -0.17792503535747528 0.0009798863902688026 0.0002827680727932602 0.9999994039535522 11.928969383239746
0.999997079372406 0.00239176070317626 -0.0005690910620614886 -0.07147883623838425 -0.002392385620623827 0.9999966025352478 -0.0010995821794494987 -0.20170104503631592 0.0005664591444656253 0.0011009403970092535 0.9999992251396179 13.26509952545166
0.9999895095825195 0.004548207391053438 -0.00046428837231360376 -0.09025111794471741 -0.004548785742372274 0.999988853931427 -0.0012516304850578308 -0.22230732440948486 0.0004585905116982758 0.001253729104064405 0.9999990463256836 14.60677433013916
0.9999839663505554 0.005641236901283264 -0.00046441471204161644 -0.09474372863769531 -0.005641424562782049 0.9999840259552002 -0.00040314687066711485 -0.24342206120491028 0.0004621329717338085 0.00040576042374596 0.9999998211860657 15.96430492401123
0.9999947547912598 0.003231682116165757 0.00012868543853983283 -0.10336668789386749 -0.003231990849599242 0.9999917149543762 0.002475746674463153 -0.2668919265270233 -0.0001206835440825671 -0.002476149471476674 0.9999969005584717 17.32656478881836
0.9999995231628418 -0.000930066395085305 0.0002827035787049681 -0.10771538317203522 0.0009288321598432958 0.9999902248382568 0.004335103556513786 -0.2858511209487915 -0.00028673274209722877 -0.0043348390609025955 0.9999905228614807 18.679012298583984
0.9999952912330627 -0.0030878353863954544 8.59328793012537e-05 -0.11555055528879166 0.0030876644887030125 0.9999933838844299 0.0019242800772190094 -0.3001750707626343 -9.18741716304794e-05 -0.0019240053370594978 0.9999980926513672 20.02501106262207
0.9999879598617554 -0.004907278809696436 -0.00010750787623692304 -0.11389905959367752 0.004907333757728338 0.9999878406524658 0.0005202101892791688 -0.33026543259620667 0.00010495375317987055 -0.0005207314970903099 0.9999998807907104 21.397066116333008
0.9999974966049194 -0.0019295152742415667 0.0010832591215148568 -0.1372481733560562 0.0019307483453303576 0.9999974370002747 -0.001138313440605998 -0.3460310995578766 -0.0010810601525008678 0.0011404022807255387 0.9999988079071045 22.742528915405273
0.9999984502792358 0.000771786377299577 0.001596345566213131 -0.14132538437843323 -0.0007722116424702108 0.9999997019767761 0.0002654688432812691 -0.3556254804134369 -0.0015961400931701064 -0.00026670112856663764 0.9999986886978149 24.12442398071289
0.9999979138374329 0.0005132074002176523 0.0019681735429912806 -0.1465349942445755 -0.0005220878520049155 0.9999896287918091 0.004514248110353947 -0.3925103545188904 -0.001965836388990283 -0.004515265580266714 0.9999879002571106 25.482837677001953
0.9999938011169434 -0.0013070369604974985 0.003274659626185894 -0.1628183126449585 0.0012870143400505185 0.9999805092811584 0.006109103560447693 -0.3963196873664856 -0.0032825805246829987 -0.006104850675910711 0.9999759793281555 26.850181579589844
0.9999808073043823 -0.005714898928999901 0.0024299153592437506 -0.15097378194332123 0.005703844130039215 0.9999734163284302 0.004532461985945702 -0.41691088676452637 -0.002455753041431308 -0.004518514033406973 0.9999867081642151 28.233848571777344
0.9999797940254211 -0.005882434546947479 0.0023708378430455923 -0.1481810361146927 0.005877150688320398 0.9999802708625793 0.002229458885267377 -0.4314422905445099 -0.002383905230090022 -0.002215480664744973 0.999994695186615 29.612442016601562
0.999976634979248 -0.0059860339388251305 0.003296195063740015 -0.15620821714401245 0.005987758748233318 0.9999819397926331 -0.0005135990213602781 -0.44943755865097046 -0.0032930613961070776 0.000533323734998703 0.9999943971633911 30.982810974121094
0.9999880790710449 -0.0029011284932494164 0.003933017607778311 -0.1680482029914856 0.002904753666371107 0.9999954104423523 -0.0009162871283479035 -0.4768989384174347 -0.003930341452360153 0.0009277004282921553 0.9999918341636658 32.357078552246094
0.9999883770942688 -0.0019210245227441192 0.004420679062604904 -0.17439110577106476 0.001934411353431642 0.9999935626983643 -0.0030259345658123493 -0.5028457641601562 -0.004414837807416916 0.0030344505794346333 0.9999855756759644 33.733245849609375
0.9999903440475464 -0.0014212839305400848 0.004158158786594868 -0.16636283695697784 0.0014313403517007828 0.9999960064888 -0.002416454954072833 -0.5267258286476135 -0.004154707305133343 0.002422383287921548 0.9999883770942688 35.12883758544922
0.9999896287918091 -0.0005834760377183557 0.004539338406175375 -0.18820838630199432 0.0005896985530853271 0.9999989867210388 -0.0013695750385522842 -0.5500404238700867 -0.004538534674793482 0.00137223768979311 0.9999887347221375 36.510562896728516
0.999991238117218 0.00074155064066872 0.004131245892494917 -0.19033923745155334 -0.0007425790536217391 0.9999997019767761 0.00024742158711887896 -0.5726543068885803 -0.004131061490625143 -0.00025048706447705626 0.9999914169311523 37.9128303527832
0.9999850988388062 0.0034756155218929052 0.004189421888440847 -0.19872120022773743 -0.0034785124007612467 0.9999937415122986 0.0006843046867288649 -0.598771870136261 -0.004187016747891903 -0.0006988674285821617 0.9999909400939941 39.30320739746094
0.9999740123748779 0.005763116292655468 0.004319213796406984 -0.2029452919960022 -0.005764599423855543 0.9999833703041077 0.0003309799649287015 -0.6197378039360046 -0.004317234270274639 -0.0003558699390850961 0.9999905824661255 40.703346252441406
0.9999590516090393 0.007926062680780888 0.004356070887297392 -0.21380385756492615 -0.007929189130663872 0.9999682903289795 0.000701343291439116 -0.6402196884155273 -0.004350373521447182 -0.0007358546135947108 0.9999902844429016 42.104000091552734
0.9999582767486572 0.008303712122142315 0.0038202868308871984 -0.21046574413776398 -0.008306227624416351 0.999965250492096 0.000643006176687777 -0.6597392559051514 -0.003814814845100045 -0.0006747113657183945 0.9999925494194031 43.509254455566406
0.9999619126319885 0.007869437336921692 0.0037734874058514833 -0.2289368212223053 -0.007872064597904682 0.9999687671661377 0.0006821983843110502 -0.6839542984962463 -0.003768001450225711 -0.0007118776557035744 0.9999926686286926 44.900821685791016
0.9999731779098511 0.00675117177888751 0.0028501106426119804 -0.22436365485191345 -0.006751844193786383 0.999977171421051 0.00022638720110990107 -0.7031182646751404 -0.002848517382517457 -0.00024562462931498885 0.9999960064888 46.30793380737305
0.9999821782112122 0.005714708007872105 0.0016790921799838543 -0.233932226896286 -0.005715855397284031 0.9999834299087524 0.0006794900982640684 -0.7272511720657349 -0.0016751812072470784 -0.0006890754448249936 0.9999982714653015 47.68752670288086
0.9999810457229614 0.0061268978752195835 0.000614936463534832 -0.23727890849113464 -0.006127818021923304 0.9999800324440002 0.001504755113273859 -0.7424194812774658 -0.0006057049031369388 -0.0015084948390722275 0.9999986886978149 49.11273956298828
0.9999790787696838 0.0064336564391851425 -0.0006195430760271847 -0.24646365642547607 -0.006432872731238604 0.9999785423278809 0.0012575226137414575 -0.7673431038856506 0.0006276200292631984 -0.0012535109417513013 0.999998927116394 50.53397750854492
0.9999780654907227 0.006426987703889608 -0.0016013971762731671 -0.26787811517715454 -0.006424006074666977 0.9999775886535645 0.00186044757720083 -0.7875949740409851 0.0016133184544742107 -0.0018501195590943098 0.9999969601631165 51.931739807128906
0.9999765753746033 0.0061361840926110744 -0.0030574481934309006 -0.2771744132041931 -0.006126733031123877 0.9999764561653137 0.0030909571796655655 -0.8114656805992126 0.003076343098655343 -0.003072152379900217 0.9999905228614807 53.34989547729492
0.9999790787696838 0.005588939879089594 -0.0032542573753744364 -0.29197007417678833 -0.0055772229097783566 0.9999780654907227 0.003598310984671116 -0.8275551795959473 0.0032742968760430813 -0.0035800866317003965 0.9999882578849792 54.808773040771484
0.9999851584434509 0.003770673181861639 -0.003939019050449133 -0.29643887281417847 -0.0037553252186626196 0.9999853372573853 0.0038965283893048763 -0.845904529094696 0.003953654319047928 -0.0038816784508526325 0.9999846816062927 56.254356384277344
0.9999901056289673 0.001405945629812777 -0.004218414891511202 -0.31680381298065186 -0.0013925598468631506 0.9999939203262329 0.0031744730658829212 -0.867387592792511 0.004222852643579245 -0.003168567083775997 0.9999860525131226 57.680423736572266
0.9999875426292419 -0.0003747076843865216 -0.0049616070464253426 -0.3223037123680115 0.00039376746281050146 0.9999924898147583 0.003841029480099678 -0.8915627598762512 0.004960130900144577 -0.0038429356645792723 0.9999803304672241 59.10279846191406
0.9999912977218628 -0.001095953630283475 -0.004007903393357992 -0.3405284285545349 0.0011130000930279493 0.9999903440475464 0.004253508988767862 -0.9094671607017517 0.004003203008323908 -0.004257933236658573 0.9999828338623047 60.5300407409668
0.9999898076057434 -0.0026012929156422615 -0.003678122768178582 -0.34783387184143066 0.0026203931774944067 0.9999831318855286 0.005197783466428518 -0.9273760318756104 0.003664539661258459 -0.005207369104027748 0.9999797344207764 61.96202087402344
0.9999891519546509 -0.0037779612466692924 -0.002730362117290497 -0.3756307363510132 0.003791236784309149 0.9999809265136719 0.004873495548963547 -0.9570748805999756 0.002711897948756814 -0.004883794579654932 0.9999843239784241 63.34257507324219
0.9999849200248718 -0.005107578355818987 -0.0020463166292756796 -0.38764825463294983 0.005115183535963297 0.9999799728393555 0.0037288633175194263 -0.9708332419395447 0.00202723010443151 -0.003739273874089122 0.9999909400939941 64.75578308105469
0.9999847412109375 -0.0052621797658503056 -0.001693815109319985 -0.38846638798713684 0.00526878796517849 0.9999784231185913 0.0039209891110658646 -1.0006465911865234 0.0016731458017602563 -0.003929853439331055 0.9999908804893494 66.16338348388672
0.9999898076057434 -0.00444974098354578 -0.0007280345307663083 -0.39716824889183044 0.004452457185834646 0.9999829530715942 0.0037722839042544365 -1.0160651206970215 0.0007112365565262735 -0.0037754869554191828 0.9999926090240479 67.59819030761719
0.9999994039535522 -0.0009718786459416151 -0.0005406257114373147 -0.4113643169403076 0.000974435533862561 0.9999882578849792 0.004749711137264967 -1.0331459045410156 0.0005360030918382108 -0.004750235006213188 0.9999885559082031 68.97100067138672
0.9999967813491821 0.0025494862347841263 0.00019141477241646498 -0.42585131525993347 -0.002550555160269141 0.9999798536300659 0.005808723624795675 -1.0512676239013672 -0.00017660160665400326 -0.005809192545711994 0.9999830722808838 70.36444091796875
0.999981701374054 0.005961677059531212 0.0009664897224865854 -0.4360882043838501 -0.0059681301936507225 0.9999589323997498 0.006817706860601902 -1.0758267641067505 -0.0009258050704374909 -0.006823352072387934 0.9999762177467346 71.7693862915039
0.9999484419822693 0.009990115649998188 0.001822694088332355 -0.4558982849121094 -0.010001878254115582 0.99992835521698 0.006562503986060619 -1.0935211181640625 -0.001757003366947174 -0.00658039515838027 0.9999767541885376 73.15467834472656
0.9999055862426758 0.013564547523856163 0.0021973021794110537 -0.46656277775764465 -0.013576539233326912 0.9998924136161804 0.005537920631468296 -1.1071983575820923 -0.0021219465415924788 -0.0055672298185527325 0.9999822378158569 74.55950164794922
0.9998767375946045 0.015395713970065117 0.00308028026483953 -0.4748418927192688 -0.015412664972245693 0.9998657703399658 0.00555732287466526 -1.1274210214614868 -0.0029943077825009823 -0.005604112520813942 0.9999797940254211 75.9468002319336
0.9998747706413269 0.015452629886567593 0.003409386146813631 -0.4807852804660797 -0.015472432598471642 0.9998631477355957 0.005859770346432924 -1.1436032056808472 -0.0033183705527335405 -0.005911787040531635 0.9999769926071167 77.35208892822266
0.9998818635940552 0.014914915896952152 0.003720244625583291 -0.48877546191215515 -0.014934888109564781 0.9998738765716553 0.005399295128881931 -1.1624715328216553 -0.0036392456386238337 -0.005454216618090868 0.9999784827232361 78.73094940185547
0.9999037384986877 0.013418924063444138 0.0035261670127511024 -0.49208006262779236 -0.01343503501266241 0.9998992085456848 0.004586175084114075 -1.1827162504196167 -0.0034642701502889395 -0.00463310768827796 0.9999832510948181 80.11450958251953
0.9999157190322876 0.01266255509108305 0.0028730572666972876 -0.4900909960269928 -0.012675751931965351 0.999908983707428 0.0046218684874475 -1.2004727125167847 -0.0028142714872956276 -0.004657897166907787 0.9999852180480957 81.49850463867188
0.9999155402183533 0.012669678777456284 0.0028907170053571463 -0.49736297130584717 -0.012683073990046978 0.9999086856842041 0.004663717467337847 -1.2190093994140625 -0.0028313647489994764 -0.004699987825006247 0.9999849200248718 82.86180114746094
0.9999269247055054 0.01195470429956913 0.0017479927046224475 -0.48502084612846375 -0.011961727403104305 0.999920129776001 0.004064074717462063 -1.234161615371704 -0.0016992680029943585 -0.004084686283022165 0.9999902248382568 84.23667907714844
0.9999249577522278 0.012186618521809578 0.0012249542633071542 -0.5031030774116516 -0.012191930785775185 0.9999158978462219 0.00442711915820837 -1.2503050565719604 -0.0011708992533385754 -0.004441722296178341 0.99998939037323 85.59419250488281
0.9999306201934814 0.011778390035033226 3.924209886463359e-05 -0.49953457713127136 -0.011778431944549084 0.9999169707298279 0.005252395290881395 -1.273016333580017 2.2625916244578548e-05 -0.005252492614090443 0.9999862313270569 86.9578628540039
0.9999521970748901 0.009745699353516102 -0.0008619808359071612 -0.516985297203064 -0.009740263223648071 0.9999340176582336 0.006100340746343136 -1.2875019311904907 0.0009213759331032634 -0.006091652438044548 0.9999810457229614 88.37500762939453
0.9999666213989258 0.007849371992051601 -0.00226861285045743 -0.5093794465065002 -0.007833890616893768 0.9999464750289917 0.006754581816494465 -1.3140445947647095 0.002321510575711727 -0.006736584473401308 0.9999746084213257 89.71613311767578
0.9999812841415405 0.005226811394095421 -0.0031802833545953035 -0.5191234350204468 -0.005204260349273682 0.9999615550041199 0.007058180868625641 -1.3331499099731445 0.00321705243550241 -0.007041498553007841 0.999970018863678 91.08313751220703
0.9999851584434509 0.004098416771739721 -0.0035895220935344696 -0.5253163576126099 -0.0040751188062131405 0.9999707341194153 0.0064736707136034966 -1.355375051498413 0.0036159493029117584 -0.006458946503698826 0.9999725818634033 92.45633697509766
0.999987006187439 0.003474080702289939 -0.0037444117479026318 -0.5407768487930298 -0.0034510747063905 0.9999752640724182 0.006133119110018015 -1.371042013168335 0.003765626111999154 -0.006120116915553808 0.9999741911888123 93.79512023925781
0.9999867081642151 0.0037703351117670536 -0.003493898082524538 -0.5609424114227295 -0.0037510732654482126 0.9999778270721436 0.00550302118062973 -1.3922967910766602 0.0035145683214068413 -0.005489842034876347 0.9999787211418152 95.15155792236328
0.9999873042106628 0.003635744098573923 -0.0034746599849313498 -0.5779511332511902 -0.0036181039176881313 0.999980628490448 0.005069549661129713 -1.4109001159667969 0.0034930238034576178 -0.005056913010776043 0.9999810457229614 96.50908660888672
0.9999850988388062 0.004471015650779009 -0.0031356813851743937 -0.5957141518592834 -0.004457992967218161 0.9999815821647644 0.004148018546402454 -1.4282256364822388 0.0031541690696030855 -0.004133978858590126 0.999986469745636 97.84149169921875
0.9999775886535645 0.006023860536515713 -0.002943615894764662 -0.6174769401550293 -0.006010815966874361 0.9999721646308899 0.004420763347297907 -1.4463446140289307 0.0029701641760766506 -0.004402970429509878 0.9999858736991882 99.1816177368164
0.9999781250953674 0.006077172700315714 -0.002591019030660391 -0.6206956505775452 -0.00606123823672533 0.9999628663063049 0.006113958545029163 -1.4707213640213013 0.0026280786842107773 -0.006098119542002678 0.9999778866767883 100.53042602539062
0.9999721646308899 0.006940834224224091 -0.0027410583570599556 -0.6388826966285706 -0.00692007876932621 0.9999478459358215 0.007510739844292402 -1.4865925312042236 0.002793046645820141 -0.007491562515497208 0.9999679923057556 101.85879516601562
0.9999744296073914 0.006789333187043667 -0.0022081148345023394 -0.6473351716995239 -0.006776334717869759 0.9999600052833557 0.005841889884322882 -1.507357120513916 0.002247688826173544 -0.005826777778565884 0.9999805092811584 103.21895599365234
0.9999744892120361 0.0068838330917060375 -0.001911479514092207 -0.6654222011566162 -0.006877101492136717 0.9999702572822571 0.0035064227413386106 -1.5208616256713867 0.0019355604890733957 -0.0034931874834001064 0.9999920129776001 104.54254913330078
0.9999790191650391 0.006056816317141056 -0.002267667092382908 -0.6743267774581909 -0.0060512893833220005 0.9999787211418152 0.002436044393107295 -1.5484784841537476 0.0022823731414973736 -0.0024222712963819504 0.9999944567680359 105.86361694335938
0.9999917149543762 0.003550061723217368 -0.0019860113970935345 -0.6875194311141968 -0.0035423890221863985 0.9999862909317017 0.003853533649817109 -1.5687798261642456 0.0019996643532067537 -0.003846466774120927 0.9999905824661255 107.18671417236328
0.9999972581863403 0.001956603489816189 -0.0013036413583904505 -0.7055870294570923 -0.0019493349827826023 0.9999825954437256 0.0055535901337862015 -1.5820947885513306 0.0013144849799573421 -0.00555103225633502 0.9999836683273315 108.52751159667969
0.9999998211860657 0.00037902986514382064 -0.0005536651005968451 -0.7137657403945923 -0.00037554308073595166 0.9999801516532898 0.006284615490585566 -1.603529930114746 0.0005560361314564943 -0.006284406408667564 0.9999800324440002 109.86141204833984
0.9999998211860657 -0.00014475836360361427 0.0004965467378497124 -0.7246590256690979 0.00014240386371966451 0.9999886751174927 0.0047383918426930904 -1.6190112829208374 -0.0004972270107828081 -0.004738320130854845 0.9999886751174927 111.20528411865234
0.9999967813491821 0.0020552384667098522 0.0014918990200385451 -0.7374008297920227 -0.0020590038038790226 0.9999946355819702 0.002526569413021207 -1.6360455751419067 -0.0014866983983665705 -0.002529632765799761 0.9999957084655762 112.53389739990234
0.999986469745636 0.004532329738140106 0.002542283618822694 -0.747670590877533 -0.004532548598945141 0.9999896883964539 8.011788304429501e-05 -1.6551296710968018 -0.0025418943259865046 -9.163982031168416e-05 0.9999967813491821 113.85700225830078
0.9999653100967407 0.007311176974326372 0.00400163559243083 -0.7568853497505188 -0.0073121944442391396 0.9999732971191406 0.00023962324485182762 -1.6765934228897095 -0.0039997766725718975 -0.0002688756794668734 0.9999920129776001 115.17848205566406
0.9999469518661499 0.008590535260736942 0.005680072586983442 -0.7623476386070251 -0.008603164926171303 0.9999605417251587 0.0022028349339962006 -1.700058102607727 -0.005660925526171923 -0.002251585014164448 0.9999814033508301 116.51599884033203
0.9999383687973022 0.008867070078849792 0.0066780452616512775 -0.7593443989753723 -0.008896852843463421 0.9999505281448364 0.004443421959877014 -1.7159522771835327 -0.006638315040618181 -0.004502561409026384 0.9999678730964661 117.84550476074219
0.9999375939369202 0.008258473128080368 0.007522861007601023 -0.7603006958961487 -0.008296282961964607 0.999953031539917 0.005008787382394075 -1.736729383468628 -0.00748114287853241 -0.005070886574685574 0.9999591708183289 119.18717956542969
0.9999263882637024 0.00868117343634367 0.008480140939354897 -0.7543542981147766 -0.008719048462808132 0.9999520778656006 0.004439672455191612 -1.7531996965408325 -0.008441193960607052 -0.00451328419148922 0.9999541640281677 120.53219604492188
0.9998968839645386 0.01034870371222496 0.009951530024409294 -0.7559162974357605 -0.010390709154307842 0.9999372959136963 0.00417851097881794 -1.7741085290908813 -0.009907662868499756 -0.004281483590602875 0.9999417662620544 121.86107635498047
0.9998595118522644 0.012281338684260845 0.011410906910896301 -0.7501703500747681 -0.012328246608376503 0.9999158382415771 0.004049524199217558 -1.7922401428222656 -0.011360211297869682 -0.004189631901681423 0.9999266266822815 123.19810485839844
0.9998322129249573 0.013376997783780098 0.01251184567809105 -0.7510725855827332 -0.01341228373348713 0.9999062418937683 0.002740630181506276 -1.8081026077270508 -0.012474014423787594 -0.002907982561737299 0.9999179840087891 124.531005859375
0.9998019933700562 0.014584667049348354 0.013531244359910488 -0.7434362173080444 -0.014607342891395092 0.999891996383667 0.0015784210991114378 -1.8200091123580933 -0.013506763614714146 -0.0017757636960595846 0.9999072551727295 125.88294219970703
0.9998043775558472 0.013541166670620441 0.014418705366551876 -0.7363318800926208 -0.013564947061240673 0.9999067187309265 0.0015526890056207776 -1.8405485153198242 -0.014396334998309612 -0.0017479740781709552 0.9998948574066162 127.21736145019531
0.9997963905334473 0.013107581064105034 0.015346149913966656 -0.7240145802497864 -0.013149364851415157 0.9999100565910339 0.002625014167279005 -1.8579071760177612 -0.015310361981391907 -0.002826271578669548 0.9998788237571716 128.56658935546875
0.9998019933700562 0.011542800813913345 0.016207685694098473 -0.7148218154907227 -0.01160148624330759 0.9999264478683472 0.00353149208240211 -1.8757438659667969 -0.016165731474757195 -0.0037188262213021517 0.9998624324798584 129.9232177734375
0.9997952580451965 0.011254961602389812 0.016813714057207108 -0.7003884315490723 -0.011313904076814651 0.9999301433563232 0.0034145747777074575 -1.8868837356567383 -0.01677410677075386 -0.003604104509577155 0.9998528361320496 131.27674865722656
0.9998192191123962 0.008995660580694675 0.016751663759350777 -0.6836670637130737 -0.009060785174369812 0.9999517202377319 0.003815894015133381 -1.9077430963516235 -0.016716530546545982 -0.003966988064348698 0.9998523592948914 132.6103515625
0.9998273253440857 0.007519988808780909 0.01699296571314335 -0.6865929961204529 -0.0075974115170538425 0.9999610185623169 0.004496197681874037 -1.92410147190094 -0.016958491876721382 -0.004624524619430304 0.9998455047607422 133.95428466796875
0.999843180179596 0.005889188498258591 0.016699744388461113 -0.6756641268730164 -0.005960030481219292 0.9999734163284302 0.004195466171950102 -1.9408185482025146 -0.016674591228365898 -0.0042943391017615795 0.9998517632484436 135.3053741455078
0.9998706579208374 0.0048384880647063255 0.015333623625338078 -0.6625339388847351 -0.004899711813777685 0.9999801516532898 0.0039577544666826725 -1.9538543224334717 -0.015314169228076935 -0.004032373894006014 0.9998745918273926 136.63668823242188
0.9998987317085266 0.0033438471145927906 0.013826480135321617 -0.6362057328224182 -0.003409717231988907 0.9999829530715942 0.004743207711726427 -1.9715746641159058 -0.013810384087264538 -0.00478987256065011 0.9998931884765625 138.01364135742188
0.9999175071716309 0.0019154883921146393 0.01269774604588747 -0.6251201629638672 -0.001977139851078391 0.9999864101409912 0.00484452536329627 -1.9874062538146973 -0.012688293121755123 -0.004869231954216957 0.9999076724052429 139.35572814941406
0.9999306797981262 0.002070278860628605 0.011592673137784004 -0.6182295083999634 -0.002124834107235074 0.9999867081642151 0.004695667885243893 -2.0052683353424072 -0.011582796461880207 -0.004719974473118782 0.9999217987060547 140.69097900390625
0.9999436736106873 0.0014130318304523826 0.01052367128431797 -0.6124711632728577 -0.0014595640823245049 0.9999891519546509 0.004415294621139765 -2.0266435146331787 -0.010517318733036518 -0.004430405329912901 0.9999349117279053 142.03057861328125
0.999954104423523 0.0017390477005392313 0.00941899698227644 -0.6089385151863098 -0.001775221899151802 0.9999909996986389 0.0038335719145834446 -2.042407989501953 -0.009412246756255627 -0.003850117791444063 0.9999482035636902 143.3656005859375
0.999963104724884 -0.0008673110278323293 0.008547164499759674 -0.6086291074752808 0.0008551398641429842 0.9999986290931702 0.0014275461435317993 -2.060537576675415 -0.008548391051590443 -0.0014201850863173604 0.9999623894691467 144.6971893310547
0.999951958656311 -0.006426128093153238 0.007403738796710968 -0.5930739641189575 0.0064187864772975445 0.9999788999557495 0.0010149242589250207 -2.0812246799468994 -0.007410105783492327 -0.0009673524182289839 0.9999721050262451 146.07275390625
0.9998868107795715 -0.013322388753294945 0.0069905961863696575 -0.5928824543952942 0.013297457247972488 0.9999050498008728 0.0036008935421705246 -2.1001193523406982 -0.007037905976176262 -0.0035075286868959665 0.9999690651893616 147.4097900390625
0.999771773815155 -0.02073165588080883 0.005169394891709089 -0.5757690668106079 0.02070475183427334 0.9997721314430237 0.005204643122851849 -2.120593309402466 -0.005276118405163288 -0.00509642343968153 0.9999731779098511 148.77159118652344
0.9997141361236572 -0.02360028214752674 0.003863936522975564 -0.5606904029846191 0.023595383390784264 0.9997207522392273 0.0013091082219034433 -2.132988452911377 -0.003893753280863166 -0.0012175627052783966 0.9999916553497314 150.13006591796875
0.9997230768203735 -0.02299576625227928 0.005005372688174248 -0.5640354156494141 0.023005852475762367 0.9997334480285645 -0.0019666338339447975 -2.1518442630767822 -0.004958814475685358 0.0020812416914850473 0.9999855160713196 151.4776153564453
0.9997943639755249 -0.0195245873183012 0.005482723470777273 -0.5761270523071289 0.019545596092939377 0.999801754951477 -0.0038052324671298265 -2.1851983070373535 -0.00540733989328146 0.003911613021045923 0.999977707862854 152.7798614501953
0.9997853636741638 -0.01974288374185562 0.006286177318543196 -0.5814982056617737 0.019765658304095268 0.9997982382774353 -0.0035817017778754234 -2.217108964920044 -0.006214195396751165 0.0037051828112453222 0.9999738335609436 154.1130828857422
0.9997180104255676 -0.022700410336256027 0.006984500214457512 -0.5725693106651306 0.022703861817717552 0.9997420907020569 -0.00041492702439427376 -2.237382173538208 -0.006973280105739832 0.0005733849247917533 0.9999755024909973 155.49191284179688
0.9995875954627991 -0.027706019580364227 0.007549462839961052 -0.5575742721557617 0.027691399678587914 0.999614417552948 0.002034057630226016 -2.254686117172241 -0.007602907717227936 -0.0018241637153550982 0.9999694228172302 156.8549041748047
0.9994744062423706 -0.031527578830718994 0.007533729076385498 -0.5496902465820312 0.03150033950805664 0.9994968175888062 0.003708161413669586 -2.2797176837921143 -0.007646848447620869 -0.0034688974265009165 0.9999647736549377 158.20408630371094
0.999446451663971 -0.0324016697704792 0.007542265113443136 -0.5412744283676147 0.032378099858760834 0.9994704723358154 0.003227517707273364 -2.29126238822937 -0.0076428488828241825 -0.0029815267771482468 0.9999663829803467 159.54827880859375
0.9994801878929138 -0.031059229746460915 0.008636761456727982 -0.5422028303146362 0.031023472547531128 0.9995096325874329 0.004243966192007065 -2.315725803375244 -0.008764341473579407 -0.003973818384110928 0.9999536275863647 160.90402221679688
0.9995855093002319 -0.02709217555820942 0.00974191538989544 -0.5433133840560913 0.027060413733124733 0.9996281266212463 0.003377509769052267 -2.3336079120635986 -0.009829798713326454 -0.0031124898232519627 0.9999468326568604 162.24949645996094
0.9996713399887085 -0.023256506770849228 0.010780330747365952 -0.5403294563293457 0.02324511669576168 0.9997290968894958 0.0011810156283900142 -2.3515870571136475 -0.010804879479110241 -0.0009300374076701701 0.9999411702156067 163.59185791015625
0.9997265338897705 -0.02035525254905224 0.011506836861371994 -0.5306770205497742 0.02035069651901722 0.999792754650116 0.0005127181648276746 -2.3703901767730713 -0.011514888145029545 -0.00027840581606142223 0.999933660030365 164.94810485839844
0.999765932559967 -0.018098600208759308 0.01185841765254736 -0.5269126892089844 0.018080078065395355 0.9998350143432617 0.0016674405196681619 -2.389993906021118 -0.011886642314493656 -0.001452649012207985 0.9999282956123352 166.30270385742188
0.9997952580451965 -0.016635853797197342 0.011518949642777443 -0.5128895044326782 0.016619473695755005 0.9998607635498047 0.0015160473994910717 -2.4148786067962646 -0.011542566120624542 -0.0013242980930954218 0.9999325275421143 167.66317749023438
0.9998364448547363 -0.014171896502375603 0.011242573149502277 -0.5109307765960693 0.014185535721480846 0.9998987317085266 -0.0011342248180881143 -2.4320476055145264 -0.011225361377000809 0.0012935212580487132 0.9999361634254456 169.00741577148438
0.9998876452445984 -0.010496829636394978 0.010700995102524757 -0.5018183588981628 0.01054417621344328 0.9999347925186157 -0.0043776147067546844 -2.4485726356506348 -0.010654348880052567 0.004489956423640251 0.9999331831932068 170.3800048828125
0.9999310374259949 -0.004934936296194792 0.010649527423083782 -0.5026769638061523 0.004995336290448904 0.9999715685844421 -0.0056525059044361115 -2.4751968383789062 -0.010621328838169575 0.0057053156197071075 0.9999273419380188 171.7420196533203
0.9999405741691589 -0.0003323123382870108 0.010909004136919975 -0.5035735368728638 0.00037987579707987607 0.9999904036521912 -0.004358229227364063 -2.5032246112823486 -0.010907452553510666 0.004362113773822784 0.9999309778213501 173.1074981689453
0.999929666519165 0.002369992434978485 0.01162020955234766 -0.5055193901062012 -0.002341365674510598 0.9999942183494568 -0.0024765043053776026 -2.5291402339935303 -0.011626011691987514 0.002449122490361333 0.9999294281005859 174.46969604492188
0.9999241232872009 0.003357761772349477 0.011846684850752354 -0.5019049048423767 -0.0033563270699232817 0.9999943375587463 -0.00014097269740886986 -2.553778886795044 -0.01184709183871746 0.00010120061051566154 0.9999297857284546 175.8437042236328
0.9999394416809082 5.322430297383107e-05 0.011001316830515862 -0.49430951476097107 -6.103066334617324e-05 0.9999997615814209 0.0007092608138918877 -2.576784372329712 -0.011001275852322578 -0.0007098892820067704 0.9999392032623291 177.21572875976562
0.9999562501907349 -0.0014566807076334953 0.009232638403773308 -0.48096904158592224 0.0014505416620522738 0.9999987483024597 0.0006715850322507322 -2.5939853191375732 -0.00923360325396061 -0.0006581632769666612 0.9999571442604065 178.6151123046875
0.999969482421875 -0.0019218793604522943 0.007566648535430431 -0.4811352491378784 0.0019494750304147601 0.9999915361404419 -0.0036413229536265135 -2.618035078048706 -0.007559583988040686 0.003655963111668825 0.9999647736549377 180.00808715820312
0.9999821782112122 -0.00017397149349562824 0.005965295247733593 -0.47133636474609375 0.0002192716347053647 0.9999711513519287 -0.007594135124236345 -2.6471173763275146 -0.005963801871985197 0.007595307193696499 0.9999533295631409 181.43199157714844
0.9999747276306152 0.004622099455446005 0.005393253173679113 -0.47998419404029846 -0.0045774090103805065 0.9999553561210632 -0.008269373327493668 -2.6762914657592773 -0.005431234370917082 0.008244477212429047 0.999951183795929 182.83445739746094
0.9999518394470215 0.008220627903938293 0.005357758142054081 -0.4859335422515869 -0.008181208744645119 0.9999395608901978 -0.007338418625295162 -2.708847999572754 -0.005417762324213982 0.00729423388838768 0.9999586939811707 184.22164916992188
0.9999313354492188 0.010148811154067516 0.0058576250448822975 -0.4962694048881531 -0.010126856155693531 0.9999416470527649 -0.003765762783586979 -2.7397844791412354 -0.005895501002669334 0.003706185379996896 0.9999757409095764 185.61334228515625
0.9999195337295532 0.01109000202268362 0.006155879236757755 -0.4934123754501343 -0.011078734882175922 0.9999368786811829 -0.0018613996217027307 -2.763706922531128 -0.006176132708787918 0.0017930505564436316 0.9999793171882629 187.02076721191406
0.9999260306358337 0.01043260283768177 0.006254409905523062 -0.49052444100379944 -0.010426079854369164 0.9999449849128723 -0.0010748009663075209 -2.782168388366699 -0.006265278439968824 0.001009512459859252 0.9999798536300659 188.44903564453125
0.9999406933784485 0.008844949305057526 0.00636033620685339 -0.4910318851470947 -0.008840514346957207 0.9999606013298035 -0.0007251501665450633 -2.7981669902801514 -0.006366499699652195 0.0006688787252642214 0.9999794960021973 189.88356018066406
0.9999575614929199 0.006476500071585178 0.006555383093655109 -0.48038995265960693 -0.006475936155766249 0.9999790191650391 -0.00010730572830652818 -2.827864408493042 -0.006555941421538591 6.484893674496561e-05 0.9999784827232361 191.34046936035156
0.9999708533287048 0.004020130727440119 0.006486152298748493 -0.4724801480770111 -0.004018975887447596 0.9999918937683105 -0.00019105362298432738 -2.8479654788970947 -0.006486868020147085 0.0001649805490160361 0.9999789595603943 192.77236938476562
0.9999729990959167 0.000660624064039439 0.0073194787837564945 -0.47052884101867676 -0.0006683559622615576 0.9999991655349731 0.0010539748473092914 -2.8738017082214355 -0.007318777032196522 -0.0010588380973786116 0.9999726414680481 194.1963348388672
0.999963641166687 -0.0040697259828448296 0.007501515559852123 -0.4610830247402191 0.004049590323120356 0.9999881386756897 0.002697385847568512 -2.8965988159179688 -0.007512405049055815 -0.0026669094804674387 0.9999682903289795 195.6243133544922
0.9999443292617798 -0.007061599288135767 0.0078433807939291 -0.44594746828079224 0.007040047086775303 0.9999713897705078 0.002772050676867366 -2.9193007946014404 -0.007862729951739311 -0.002716677961871028 0.9999653697013855 197.06227111816406
0.9999527335166931 -0.004956204444169998 0.008368123322725296 -0.44159987568855286 0.004970385227352381 0.9999862313270569 -0.0016745567554607987 -2.9398794174194336 -0.008359708823263645 0.0017160701099783182 0.9999635815620422 198.5046844482422
0.9999602437019348 0.0024667088873684406 0.008572115562856197 -0.44068852066993713 -0.002408187137916684 0.999973714351654 -0.006830612197518349 -2.960639238357544 -0.008588740602135658 0.006809697486460209 0.9999399185180664 199.9268798828125
0.9998738765716553 0.012268113903701305 0.010087685659527779 -0.4482490122318268 -0.0121957091614604 0.9998995661735535 -0.007208091672509909 -2.988600730895996 -0.01017510425299406 0.007084155920892954 0.999923050403595 201.38653564453125
0.9997328519821167 0.020230116322636604 0.011178230866789818 -0.4597226679325104 -0.020192826166749 0.9997901320457458 -0.0034386583138257265 -3.0180864334106445 -0.01124545093625784 0.0032120193354785442 0.9999315738677979 202.81356811523438
0.9997131824493408 0.020636608824133873 0.01215267926454544 -0.4570559561252594 -0.02062518708407879 0.9997867345809937 -0.0010647982126101851 -3.0507960319519043 -0.012172062881290913 0.000813841528724879 0.9999256134033203 204.2401885986328
0.9997581839561462 0.018582118675112724 0.011758070439100266 -0.44630956649780273 -0.018574250862002373 0.9998272061347961 -0.0007780261221341789 -3.0706748962402344 -0.011770494282245636 0.0005594406393356621 0.9999306201934814 205.68605041503906
0.9998277425765991 0.015225868672132492 0.01061207614839077 -0.43349388241767883 -0.015220021829009056 0.9998838901519775 -0.0006315286154858768 -3.0977530479431152 -0.010620459914207458 0.0004699037817772478 0.9999434947967529 207.13755798339844
0.9998578429222107 0.013558939099311829 0.010026072151958942 -0.4315023124217987 -0.013549250550568104 0.9999077320098877 -0.001033605309203267 -3.121021032333374 -0.010039162822067738 0.0008976127137430012 0.9999492168426514 208.5898895263672
0.999865710735321 0.013940330594778061 0.008613960817456245 -0.40111181139945984 -0.013926430605351925 0.9999015927314758 -0.0016714518424123526 -3.145204782485962 -0.008636415004730225 0.0015512659447267652 0.9999615550041199 210.0908966064453
0.9998315572738647 0.01582082360982895 0.009303618222475052 -0.4168771505355835 -0.015807371586561203 0.9998738765716553 -0.0015176390297710896 -3.1737430095672607 -0.009326457045972347 0.0013703176518902183 0.9999555945396423 211.52613830566406
0.9998185634613037 0.016634143888950348 0.009276574477553368 -0.4122970402240753 -0.016626913100481033 0.9998613595962524 -0.0008561656577512622 -3.1978437900543213 -0.009289528243243694 0.0007017696625553071 0.9999566674232483 212.98202514648438
0.9998268485069275 0.016337160021066666 0.008911716751754284 -0.4043073058128357 -0.016328157857060432 0.9998660683631897 -0.0010822768090292811 -3.2253286838531494 -0.008928204886615276 0.0009365776204504073 0.9999596476554871 214.47010803222656
0.9998387098312378 0.015900926664471626 0.008357460610568523 -0.3971734344959259 -0.01588546112179756 0.9998720288276672 -0.0019137683557346463 -3.2573578357696533 -0.008386822417378426 0.0017806976102292538 0.9999632239341736 215.93943786621094
0.9998499155044556 0.015238694846630096 0.008243011310696602 -0.3912045657634735 -0.015218124724924564 0.999880850315094 -0.0025526336394250393 -3.2727677822113037 -0.008280927315354347 0.0024268070701509714 0.9999626874923706 217.4140167236328
0.9998417496681213 0.015853650867938995 0.008064274676144123 -0.3926049768924713 -0.015832316130399704 0.9998709559440613 -0.002702928613871336 -3.2983434200286865 -0.008106084540486336 0.002574824495241046 0.9999638199806213 218.88719177246094
0.999840259552002 0.01600405015051365 0.007954416796565056 -0.39373302459716797 -0.01598220504820347 0.9998684525489807 -0.0028020599856972694 -3.325026035308838 -0.007998213171958923 0.0026744832284748554 0.9999643564224243 220.36729431152344
0.9998383522033691 0.016305092722177505 0.007578697986900806 -0.3934854567050934 -0.016282105818390846 0.9998626708984375 -0.003084884025156498 -3.351825475692749 -0.007627956103533506 0.0029609878547489643 0.9999664425849915 221.85047912597656
0.9998335838317871 0.016790948808193207 0.007135996129363775 -0.3883648216724396 -0.016771212220191956 0.9998553395271301 -0.002817396307364106 -3.392949342727661 -0.007182271219789982 0.0026972482446581125 0.999970555305481 223.32643127441406
