1.0 0.0 0.0 0.0 0.0 1.0 0.0 0.0 0.0 0.0 1.0 0.0
1.0 -5.1065057050436735e-05 0.00011740216723410413 -0.01460786908864975 5.089591650175862e-05 0.9999989867210388 0.0014402669621631503 -0.012579856440424919 -0.00011747558892238885 -0.0014402609085664153 0.999998927116394 1.3157137632369995
0.9999985098838806 -0.001593134948052466 -0.0006524519412778318 -0.011158106848597527 0.0015942765166983008 0.9999971985816956 0.0017529514152556658 -0.03903520479798317 0.0006496573914773762 -0.0017539890250191092 0.9999982714653015 2.6174604892730713
0.9999958872795105 -0.002806266536936164 -0.0006288375589065254 -0.01630217395722866 0.0028067203238606453 0.9999958276748657 0.0007223887951113284 -0.054763663560152054 0.00062680768314749 -0.000724150741007179 0.9999995231628418 3.9295766353607178
0.999995231628418 -0.0030430490151047707 -0.000621538027189672 -0.025241129100322723 0.0030435507651418447 0.9999950528144836 0.000807962438557297 -0.07266539335250854 0.0006190763670019805 -0.0008098501712083817 0.9999994039535522 5.2555952072143555
0.9999933838844299 -0.0035889814607799053 -0.0006026084301993251 -0.025709867477416992 0.0035900261718779802 0.9999920129776001 0.0017408226849511266 -0.09889065474271774 0.0005963558214716613 -0.0017429746221750975 0.9999983310699463 6.573430061340332
0.9999871253967285 -0.005079205147922039 -0.00030864131986163557 -0.03278594836592674 0.005080028437077999 0.9999833106994629 0.0027282345108687878 -0.11225225031375885 0.00029477893258444965 -0.002729767234995961 0.9999962449073792 7.897826194763184
0.9999892115592957 -0.004635432735085487 -0.0003017130366060883 -0.04010988399386406 0.004636439029127359 0.9999833703041077 0.0034269196912646294 -0.13558760285377502 0.00028582275263033807 -0.003428281983360648 0.9999940991401672 9.237163543701172
0.9999936819076538 -0.0035235495306551456 -0.0005118109402246773 -0.05049387365579605 0.0035243271850049496 0.9999926090240479 0.001526272390037775 -0.15215353667736053 0.0005064292345196009 -0.0015280662337318063 0.9999986886978149 10.582066535949707
0.9999987483024597 -0.0013076657196506858 -0.0008311262354254723 -0.05251438915729523 0.0013073525624349713 0.9999990463256836 -0.00037862244062125683 -0.1745525449514389 0.0008316206512972713 0.0003775358200073242 0.9999995827674866 11.938410758972168
0.9999969601631165 0.0024220305494964123 -0.00040204141987487674 -0.07620004564523697 -0.002422543242573738 0.9999962449073792 -0.0012795088114216924 -0.2032913863658905 0.0003989407850895077 0.001280479016713798 0.9999991059303284 13.24940013885498
0.999988317489624 0.0047842711210250854 -0.0005486917798407376 -0.08684182167053223 -0.004785026423633099 0.9999876022338867 -0.001382566406391561 -0.22599221765995026 0.0005420704837888479 0.0013851759722456336 0.999998927116394 14.590904235839844
0.9999828934669495 0.005834691692143679 -1.3422061783785466e-05 -0.10441840440034866 -0.005834695417433977 0.9999828934669495 -0.0003053411783184856 -0.2499292492866516 1.1640318007266615e-05 0.00030541440355591476 0.9999999403953552 15.934850692749023
0.9999943971633911 0.0033334994222968817 0.0001722914894344285 -0.10546178370714188 -0.0033339287620037794 0.9999911785125732 0.0025612551253288984 -0.2697078585624695 -0.00016375203267671168 -0.0025618153158575296 0.9999967217445374 17.290700912475586
0.9999993443489075 -0.0011387764243409038 0.00014267621736507863 -0.09976404160261154 0.001138120424002409 0.9999891519546509 0.004525717347860336 -0.294636994600296 -0.00014782841026317328 -0.004525551572442055 0.9999897480010986 18.660459518432617
0.9999939799308777 -0.0034639027435332537 5.92508731642738e-05 -0.10518204420804977 0.0034637704957276583 0.999991774559021 0.0021020795684307814 -0.3095838725566864 -6.653178570559248e-05 -0.0021018616389483213 0.9999977946281433 19.99083709716797
0.9999909400939941 -0.004250640049576759 0.00013293063966557384 -0.1173572987318039 0.004250615369528532 0.9999909400939941 0.00018309499137103558 -0.3260924816131592 -0.00013370771193876863 -0.00018252828158438206 1.0 21.336193084716797
0.9999969005584717 -0.0020275127608329058 0.0014266179641708732 -0.13693618774414062 0.0020293809939175844 0.999997079372406 -0.0013093063607811928 -0.3487517833709717 -0.001423959038220346 0.0013121976517140865 0.999998152256012 22.686351776123047
0.9999982118606567 0.0009094656561501324 0.001637010369449854 -0.1315884292125702 -0.0009106519282795489 0.9999993443489075 0.0007238592952489853 -0.3761579096317291 -0.0016363508766517043 -0.0007253487710841 0.9999983906745911 24.059518814086914
0.9999964833259583 0.0014501663390547037 0.0022249300964176655 -0.13677914440631866 -0.0014598724665120244 0.9999894499778748 0.004367045592516661 -0.3944699168205261 -0.002218573819845915 -0.004370278678834438 0.9999880194664001 25.439767837524414
0.9999953508377075 -0.0008578934939578176 0.002938806777819991 -0.14130662381649017 0.0008397453930228949 0.9999806880950928 0.006170996930450201 -0.4061029553413391 -0.002944043604657054 -0.006168500054627657 0.999976634979248 26.809345245361328
0.9999798536300659 -0.0060492814518511295 0.0019188945880159736 -0.12389027327299118 0.006040629930794239 0.9999716877937317 0.004482212942093611 -0.43013399839401245 -0.0019459542818367481 -0.004470531363040209 0.9999881386756897 28.204824447631836
0.9999812245368958 -0.005765299778431654 0.002077992307022214 -0.1284756064414978 0.005760541185736656 0.9999808073043823 0.002288221847265959 -0.44323232769966125 -0.002091144910082221 -0.0022762087173759937 0.999995231628418 29.57899284362793
0.9999740123748779 -0.0065808785147964954 0.002925465814769268 -0.1384841501712799 0.00658167339861393 0.9999784231185913 -0.0002627187059260905 -0.46657806634902954 -0.002923673717305064 0.00028196637867949903 0.9999957084655762 30.944149017333984
0.9999882578849792 -0.0032916769850999117 0.003559921868145466 -0.1483898013830185 0.003294064197689295 0.9999943971633911 -0.0006650571594946086 -0.49183353781700134 -0.003557713469490409 0.0006767759332433343 0.9999934434890747 32.32539367675781
0.9999895691871643 -0.0027306932024657726 0.003653347259387374 -0.13949671387672424 0.0027418131940066814 0.9999917149543762 -0.003042318858206272 -0.5162632465362549 -0.003645008895546198 0.0030523044988512993 0.9999886751174927 33.71400451660156
0.999990701675415 -0.0020168214105069637 0.0038078296929597855 -0.13954214751720428 0.0020259637385606766 0.9999951124191284 -0.002398567507043481 -0.538841187953949 -0.0038029730785638094 0.0024062602315098047 0.9999898076057434 35.10465621948242
0.9999920129776001 -0.0013441636692732573 0.0037512360140681267 -0.14914043247699738 0.0013497896725311875 0.9999979734420776 -0.0014976889360696077 -0.5611479878425598 -0.003749215044081211 0.001502740429714322 0.9999918341636658 36.49586486816406
0.9999940395355225 -8.795543180895038e-06 0.003442373126745224 -0.1554371565580368 7.468691819667583e-06 0.9999999403953552 0.00038544845301657915 -0.5860846638679504 -0.003442376619204879 -0.0003854200476780534 0.9999939799308777 37.89588165283203
0.9999912977218628 0.0025784845929592848 0.0032686423510313034 -0.1555868238210678 -0.0025805707555264235 0.9999964833259583 0.0006340814870782197 -0.6124570369720459 -0.003266996005550027 -0.0006425109459087253 0.9999944567680359 39.304481506347656
0.9999792575836182 0.005236451979726553 0.0037635162007063627 -0.16854465007781982 -0.005236941855400801 0.9999862909317017 0.00012003985466435552 -0.6308900713920593 -0.0037628361023962498 -0.00013974664034321904 0.9999929070472717 40.6966667175293
0.9999685883522034 0.007055672816932201 0.0036052227951586246 -0.16882501542568207 -0.007057186681777239 0.9999749660491943 0.00040746634476818144 -0.649834394454956 -0.0036022579297423363 -0.00043289625318720937 0.9999934434890747 42.1137580871582
0.9999648332595825 0.007775281090289354 0.0031303884461522102 -0.16875073313713074 -0.007776305545121431 0.9999697208404541 0.0003153475117869675 -0.6710724234580994 -0.003127841977402568 -0.0003396793035790324 0.9999950528144836 43.5127067565918
0.9999721646308899 0.006896654609590769 0.0028187958523631096 -0.17645129561424255 -0.006898095365613699 0.9999760985374451 0.0005012149340473115 -0.699154794216156 -0.0028152717277407646 -0.0005206454079598188 0.9999958276748657 44.929969787597656
0.9999802708625793 0.0059251911006867886 0.0020869974978268147 -0.17553439736366272 -0.0059253862127661705 0.9999825358390808 8.716224692761898e-05 -0.7192075848579407 -0.002086444292217493 -9.95268055703491e-05 0.9999977946281433 46.32439041137695
0.9999859929084778 0.005183818284422159 0.0010472042486071587 -0.17830240726470947 -0.005184096749871969 0.9999865293502808 0.00026225275360047817 -0.742660641670227 -0.0010458307806402445 -0.0002676778822205961 0.9999994039535522 47.74415969848633
0.9999850392341614 0.005472524091601372 -9.918236173689365e-06 -0.18225495517253876 -0.005472506862133741 0.9999841451644897 0.00130837457254529 -0.7618445158004761 1.7078244127333164e-05 -0.001308300532400608 0.9999991059303284 49.171791076660156
0.9999825954437256 0.005776772741228342 -0.0012120603350922465 -0.1879132241010666 -0.0057752556167542934 0.9999825358390808 0.0012512701796367764 -0.7878724932670593 0.001219267724081874 -0.001244248473085463 0.9999985098838806 50.58515548706055
0.9999788403511047 0.006088442634791136 -0.0023066068533807993 -0.20232653617858887 -0.006084661930799484 0.9999801516532898 0.0016424236819148064 -0.8052724599838257 0.002316561061888933 -0.0016283541917800903 0.9999960660934448 52.00931167602539
0.999975860118866 0.006018041167408228 -0.0034506558440625668 -0.2145334631204605 -0.0060091824270784855 0.9999786615371704 0.002571809571236372 -0.8284136056900024 0.003466059220954776 -0.0025510117411613464 0.999990701675415 53.42123794555664
0.9999818205833435 0.0045523024164140224 -0.003930184990167618 -0.22877942025661469 -0.004538306035101414 0.9999834299087524 0.00356284249573946 -0.8484171628952026 0.003946338314563036 -0.0035449417773634195 0.9999858736991882 54.85822677612305
0.9999849200248718 0.0026253743562847376 -0.004808484110981226 -0.23403221368789673 -0.0026070852763950825 0.99998939037323 0.0038058264181017876 -0.8708542585372925 0.004818424582481384 -0.003793233074247837 0.9999812245368958 56.307430267333984
0.9999874234199524 -0.00010289766942150891 -0.0050189499743282795 -0.25439780950546265 0.00011912640184164047 0.9999948740005493 0.0032333149574697018 -0.8924260139465332 0.005018590018153191 -0.0032338721211999655 0.9999821782112122 57.69634246826172
0.9999855756759644 -0.0012163093779236078 -0.005231597926467657 -0.26731404662132263 0.0012367176823318005 0.9999915957450867 0.0038994685746729374 -0.9140769243240356 0.005226811394095421 -0.0039058823604136705 0.9999787211418152 59.119083404541016
0.9999850392341614 -0.002618217607960105 -0.004807537421584129 -0.2749883830547333 0.0026382654905319214 0.9999878406524658 0.004168400540947914 -0.9311644434928894 0.004796565975993872 -0.004181021824479103 0.9999796748161316 60.5455436706543
0.9999825954437256 -0.004058599006384611 -0.004293513484299183 -0.28553706407546997 0.004080417100340128 0.9999787211418152 0.005085066892206669 -0.9494208693504333 0.004272785037755966 -0.0051024965941905975 0.9999777674674988 61.9751091003418
0.9999805688858032 -0.005002286285161972 -0.003719995729625225 -0.30037468671798706 0.005019402131438255 0.9999768137931824 0.004606020171195269 -0.9738921523094177 0.0036968684289604425 -0.004624603316187859 0.9999824166297913 63.38299560546875
0.999975323677063 -0.006253465544432402 -0.0032090963795781136 -0.3133058547973633 0.006265973672270775 0.9999728202819824 0.0039026353042572737 -0.9923218488693237 0.0031846044585108757 -0.003922647796571255 0.9999871850013733 64.79290008544922
0.9999732375144958 -0.006768796127289534 -0.0027801485266536474 -0.31569385528564453 0.00677933543920517 0.9999697208404541 0.003799071302637458 -1.018455147743225 0.0027543490286916494 -0.003817817196249962 0.999988853931427 66.20750427246094
0.999981701374054 -0.00575390225276351 -0.0018614623695611954 -0.32774457335472107 0.005760746076703072 0.9999765157699585 0.003692290745675564 -1.0355267524719238 0.0018401732668280602 -0.003702946472913027 0.9999914765357971 67.63038635253906
0.999996542930603 -0.0022896311711519957 -0.0012804399011656642 -0.3476511836051941 0.002295583253726363 0.999986469745636 0.004666375461965799 -1.0511974096298218 0.0012697384227067232 -0.004669297952204943 0.9999882578849792 69.01166534423828
0.9999991059303284 0.0012584351934492588 -0.0003631107974797487 -0.36651507019996643 -0.0012563127093017101 0.999982476234436 0.005787128582596779 -1.068331241607666 0.0003703873371705413 -0.00578666664659977 0.9999831914901733 70.40526580810547
0.9999876022338867 0.004956657066941261 0.0005262722261250019 -0.3779561519622803 -0.004959984682500362 0.9999663829803467 0.006523227784782648 -1.090895175933838 -0.0004939211648888886 -0.006525756791234016 0.9999785423278809 71.80087280273438
0.999961256980896 0.00873616337776184 0.001137272920459509 -0.3943045735359192 -0.008743119426071644 0.9999421238899231 0.006262533832341433 -1.1080551147460938 -0.0010824967175722122 -0.006272233556956053 0.9999797344207764 73.19539642333984
0.9999217987060547 0.012389414012432098 0.00169947009999305 -0.4029676914215088 -0.012398682534694672 0.9999076128005981 0.005556801334023476 -1.130892038345337 -0.0016304677119478583 -0.005577437579631805 0.9999831318855286 74.59169006347656
0.9998955130577087 0.0142463818192482 0.002441954566165805 -0.4108641445636749 -0.014259889721870422 0.9998826384544373 0.005605640355497599 -1.1515144109725952 -0.0023618077393621206 -0.005639875773340464 0.9999812245368958 75.97637176513672
0.9998958706855774 0.01418380532413721 0.0026335984002798796 -0.4151402711868286 -0.01419904176145792 0.9998820424079895 0.005860237404704094 -1.1662647724151611 -0.00255016703158617 -0.005897022783756256 0.9999793767929077 77.3753890991211
0.9999037384986877 0.013549836352467537 0.002960373880341649 -0.4241749048233032 -0.013565843924880028 0.9998930096626282 0.00545604107901454 -1.1862928867340088 -0.002886128844693303 -0.005495676305145025 0.9999806880950928 78.74967956542969
0.9999225735664368 0.012125694192945957 0.002778509398922324 -0.429575651884079 -0.01213842909783125 0.9999156594276428 0.004613748285919428 -1.2047460079193115 -0.0027223301585763693 -0.004647118505090475 0.9999854564666748 80.1351089477539
0.999931812286377 0.01145460270345211 0.0023194209206849337 -0.4312371015548706 -0.01146536786109209 0.9999234080314636 0.004683144856244326 -1.2234423160552979 -0.002265599789097905 -0.0047094193287193775 0.9999863505363464 81.51500701904297
0.9999322891235352 0.011426450684666634 0.002196834422647953 -0.43766066431999207 -0.011436989530920982 0.9999228119850159 0.004844700917601585 -1.2435601949691772 -0.0021413073409348726 -0.004869498312473297 0.9999858140945435 82.88264465332031
0.9999414086341858 0.010743538849055767 0.0012880767462775111 -0.43175435066223145 -0.010748994536697865 0.9999328851699829 0.004306519404053688 -1.25955331325531 -0.0012417230755090714 -0.004320112522691488 0.9999898672103882 84.26254272460938
0.9999412298202515 0.01081878412514925 0.0007161840912885964 -0.44806382060050964 -0.010822027921676636 0.9999304413795471 0.004691548179835081 -1.2745230197906494 -0.0006653774180449545 -0.00469902204349637 0.9999887347221375 85.6236801147461
0.9999452233314514 0.010460536926984787 -0.00026719781453721225 -0.45011791586875916 -0.010458889417350292 0.9999297857284546 0.005560201592743397 -1.2979810237884521 0.00032534156343899667 -0.005557103082537651 0.9999845027923584 86.9869384765625
0.9999639987945557 0.008403610438108444 -0.0011763465590775013 -0.46607333421707153 -0.008395968936383724 0.9999446272850037 0.006355510093271732 -1.312021255493164 0.0012296905042603612 -0.006345404777675867 0.9999790787696838 88.40911865234375
0.999976396560669 0.006447126157581806 -0.0023726068902760744 -0.4704846441745758 -0.006430062465369701 0.9999539256095886 0.007130654528737068 -1.341138243675232 0.00241846963763237 -0.007115230429917574 0.9999717473983765 89.73334503173828
0.9999865293502808 0.004045677371323109 -0.0032615482341498137 -0.47655627131462097 -0.004021932836622 0.9999656081199646 0.0072542596608400345 -1.3579522371292114 0.0032907845452427864 -0.0072410437278449535 0.9999683499336243 91.09671783447266
0.999989926815033 0.002415973460301757 -0.003786606015637517 -0.48476511240005493 -0.0023896927013993263 0.9999732375144958 0.006929635535925627 -1.3845763206481934 0.0038032461889088154 -0.006920517887920141 0.9999688267707825 92.46308898925781
0.999991238117218 0.0015951456734910607 -0.0038884219247847795 -0.5001680254936218 -0.001569461659528315 0.9999769926071167 0.006599457003176212 -1.3986202478408813 0.00389886018820107 -0.006593295838683844 0.9999707341194153 93.80608367919922
0.999990701675415 0.0018558168085291982 -0.003877013921737671 -0.5165351033210754 -0.0018330358434468508 0.9999810457229614 0.0058711376041173935 -1.4139370918273926 0.0038878358900547028 -0.005863976199179888 0.9999752640724182 95.17436218261719
0.9999920725822449 0.001874669804237783 -0.0034902323968708515 -0.5386123657226562 -0.001856148475781083 0.9999842047691345 0.005302272737026215 -1.4308538436889648 0.0035001172218471766 -0.005295753013342619 0.9999798536300659 96.53211975097656
0.9999914169311523 0.0024172766134142876 -0.0033455847296863794 -0.550682783126831 -0.0024017286486923695 0.9999862909317017 0.004643385298550129 -1.4506770372390747 0.0033567631617188454 -0.004635310266166925 0.9999836087226868 97.85404205322266
0.999988853931427 0.0038966573774814606 -0.00267151091247797 -0.5772593021392822 -0.0038836183957755566 0.9999805688858032 0.004868782591074705 -1.4672893285751343 0.0026904307305812836 -0.004858353175222874 0.9999845623970032 99.19757080078125
0.9999884366989136 0.003946369513869286 -0.0027385721914470196 -0.5751804113388062 -0.003928528632968664 0.9999712109565735 0.006489698775112629 -1.488457441329956 0.0027641041669994593 -0.00647886423394084 0.9999752044677734 100.52921295166016
0.9999837875366211 0.004943563602864742 -0.002813884522765875 -0.594115138053894 -0.004921428393572569 0.9999573826789856 0.007819798775017262 -1.501924753189087 0.0028524217195808887 -0.007805824279785156 0.999965488910675 101.86051177978516
0.9999869465827942 0.004403113387525082 -0.0025610646698623896 -0.5971434116363525 -0.004386937711387873 0.999970555305481 0.006287166383117437 -1.525465965270996 0.002588672563433647 -0.00627584895119071 0.9999768733978271 103.23870849609375
0.9999872446060181 0.004453320521861315 -0.0023578244727104902 -0.6154431104660034 -0.004443662706762552 0.999981701374054 0.004085632041096687 -1.5395265817642212 0.002375975949689746 -0.00407510157674551 0.999988853931427 104.55811309814453
0.99998939037323 0.0037655706983059645 -0.002708502346649766 -0.6184213161468506 -0.0037583906669169664 0.9999894499778748 0.0026514828205108643 -1.5610547065734863 0.002718458417803049 -0.0026412750594317913 0.9999927282333374 105.89656829833984
0.9999960660934448 0.001234772615134716 -0.0025536122266203165 -0.629985511302948 -0.0012241816148161888 0.999990701675415 0.0041448744013905525 -1.5807373523712158 0.002558706561103463 -0.004141731653362513 0.9999881386756897 107.22183227539062
0.9999982714653015 -0.0007387538207694888 -0.0017160777933895588 -0.6457182168960571 0.0007491863798350096 0.999981164932251 0.0060865911655128 -1.6005651950836182 0.0017115491209551692 -0.006087867077440023 0.9999799728393555 108.55603790283203
0.9999967217445374 -0.002308446913957596 -0.001122034853324294 -0.6522822380065918 0.002315972466021776 0.9999745488166809 0.006752634420990944 -1.6205555200576782 0.0011064179707318544 -0.00675521045923233 0.9999765753746033 109.88928985595703
0.9999967813491821 -0.002541677560657263 -0.00016474891162943095 -0.6600663065910339 0.002542465925216675 0.9999843835830688 0.004976017866283655 -1.6315410137176514 0.0001520989026175812 -0.004976420663297176 0.9999876022338867 111.23883056640625
0.9999994039535522 -0.0008788869599811733 0.0006505325436592102 -0.6707619428634644 0.0008769016130827367 0.9999949336051941 0.003045960795134306 -1.651005744934082 -0.0006532063707709312 -0.0030453887302428484 0.9999951124191284 112.56733703613281
0.9999966621398926 0.0018209402915090322 0.0018360975664108992 -0.6820671558380127 -0.001821742975153029 0.9999982714653015 0.0004355913260951638 -1.6685807704925537 -0.001835301169194281 -0.0004389347741380334 0.9999982118606567 113.89251708984375
0.9999847412109375 0.004620518535375595 0.0030251159332692623 -0.6870110034942627 -0.004622525069862604 0.9999891519546509 0.0006564712384715676 -1.6897765398025513 -0.003022049553692341 -0.0006704449187964201 0.999995231628418 115.21210479736328
0.999972403049469 0.005705446936190128 0.004759311676025391 -0.6925491094589233 -0.005717902444303036 0.9999802708625793 0.0026075784116983414 -1.7118620872497559 -0.004744340665638447 -0.0026347197126597166 0.9999852776527405 116.55741882324219
0.9999656677246094 0.0059541319496929646 0.005766988266259432 -0.6897056698799133 -0.005981852766126394 0.9999706149101257 0.004801672417670488 -1.7282342910766602 -0.005738229490816593 -0.004836005158722401 0.999971866607666 117.88534545898438
0.9999638795852661 0.0052375816740095615 0.0066847591660916805 -0.6938433051109314 -0.005273804999887943 0.9999713897705078 0.005412696860730648 -1.7485156059265137 -0.006656218320131302 -0.005447755567729473 0.9999629855155945 119.22254180908203
0.9999538660049438 0.005934721790254116 0.007552772294729948 -0.6855242848396301 -0.005969878751784563 0.9999713897705078 0.004640765488147736 -1.7613190412521362 -0.007525015156716108 -0.004685639403760433 0.999960720539093 120.57123565673828
0.9999333620071411 0.0073472377844154835 0.008906735107302666 -0.6845864057540894 -0.007387078367173672 0.9999628067016602 0.004448378924280405 -1.7810792922973633 -0.008873720653355122 -0.004513877909630537 0.9999504685401917 121.90257263183594
0.9999052286148071 0.009219973348081112 0.010221493430435658 -0.678330659866333 -0.009264085441827774 0.9999479651451111 0.0042768847197294235 -1.7981986999511719 -0.010181529447436333 -0.0043711732141673565 0.9999386072158813 123.23937225341797
0.9998843669891357 0.010114504024386406 0.011348379775881767 -0.6799764633178711 -0.010149141773581505 0.9999439716339111 0.002998777898028493 -1.8137166500091553 -0.011317412368953228 -0.003113607643172145 0.9999310970306396 124.5807876586914
0.9998545050621033 0.011420815251767635 0.01266964990645647 -0.6762309074401855 -0.01144610345363617 0.9999326467514038 0.001925335032865405 -1.8272649049758911 -0.012646807357668877 -0.0020700725726783276 0.9999178051948547 125.93353271484375
0.9998619556427002 0.009973591193556786 0.013288060203194618 -0.6666920185089111 -0.010000744834542274 0.9999479651451111 0.001978353364393115 -1.8484119176864624 -0.013267639093101025 -0.002110970439389348 0.9999097585678101 127.28018951416016
0.9998492002487183 0.009825470857322216 0.014315455220639706 -0.6586776971817017 -0.00987128634005785 0.9999462962150574 0.0031331866048276424 -1.8667187690734863 -0.014283902943134308 -0.0032740263268351555 0.9998926520347595 128.62005615234375
0.9998584389686584 0.007757406681776047 0.014925782568752766 -0.6457279920578003 -0.007817643694579601 0.9999614357948303 0.003981705289334059 -1.8819293975830078 -0.014894322492182255 -0.004097826313227415 0.9998806118965149 129.9878692626953
0.9998564720153809 0.007019185461103916 0.015418337658047676 -0.6304657459259033 -0.00708545558154583 0.9999657869338989 0.004247764125466347 -1.8962757587432861 -0.015387995168566704 -0.004356401041150093 0.9998720288276672 131.3361358642578
0.999865710735321 0.005144921597093344 0.015558348968625069 -0.6178321838378906 -0.0052139973267912865 0.9999766945838928 0.004402495920658112 -1.9132105112075806 -0.015535336919128895 -0.004483026452362537 0.999869167804718 132.67515563964844
0.9998723268508911 0.0037762862630188465 0.015526301227509975 -0.6162338256835938 -0.003854713635519147 0.9999799728393555 0.005024476442486048 -1.932509422302246 -0.015507015399634838 -0.0050836848095059395 0.999866783618927 134.02398681640625
0.9998853206634521 0.002278205007314682 0.01497297640889883 -0.602330207824707 -0.0023526728618890047 0.9999849796295166 0.004957793280482292 -1.9517087936401367 -0.014961455948650837 -0.004992451053112745 0.9998756051063538 135.37400817871094
0.9999043941497803 0.0011211151722818613 0.013784665614366531 -0.592841386795044 -0.0011849323054775596 0.9999886155128479 0.004622308537364006 -1.9635612964630127 -0.01377932634204626 -0.004638200160115957 0.9998943209648132 136.7115020751953
0.9999228119850159 -0.00045011367183178663 0.012418483383953571 -0.5790318250656128 0.00038676493568345904 0.9999868273735046 0.005103098228573799 -1.975419044494629 -0.012420617043972015 -0.00509790051728487 0.9999098777770996 138.0801239013672
0.9999322891235352 -0.0019569930154830217 0.011472861282527447 -0.5662504434585571 0.0018928567878901958 0.999982476234436 0.005598442628979683 -1.9963655471801758 -0.011483617126941681 -0.005576346535235643 0.999918520450592 139.4161376953125
0.99994957447052 -0.0022977152839303017 0.009776132181286812 -0.5575031042098999 0.00224794982932508 0.9999845027923584 0.005098458845168352 -2.0089592933654785 -0.009787695482373238 -0.005076225381344557 0.9999392032623291 140.75624084472656
0.9999569058418274 -0.0033272213768213987 0.00866375956684351 -0.5520179271697998 0.0032834613230079412 0.9999817609786987 0.0050602564588189125 -2.0329833030700684 -0.008680438622832298 -0.00503159174695611 0.9999496340751648 142.09556579589844
0.9999682307243347 -0.0029237340204417706 0.0074053420685231686 -0.5494507551193237 0.0028903414495289326 0.9999856352806091 0.004515908658504486 -2.0490670204162598 -0.007418438326567411 -0.004494360648095608 0.9999623894691467 143.43385314941406
0.9999642968177795 -0.005937610752880573 0.006012340076267719 -0.5388041138648987 0.005924852564930916 0.9999802112579346 0.0021375834476202726 -2.0658416748046875 -0.006024912931025028 -0.0021018851548433304 0.9999796748161316 144.7749481201172
0.9999204874038696 -0.011450179852545261 0.005284926388412714 -0.5357820987701416 0.01144099049270153 0.9999330043792725 0.0017658049473538995 -2.0861003398895264 -0.005304791498929262 -0.0017051997128874063 0.9999844431877136 146.13864135742188
0.9998178482055664 -0.01847834512591362 0.004780233837664127 -0.5360395312309265 0.018458517268300056 0.9998210072517395 0.004159329459071159 -2.103137969970703 -0.004856236279010773 -0.004070335067808628 0.9999799132347107 147.4785614013672
0.9996720552444458 -0.02542823925614357 0.00301387719810009 -0.5242791175842285 0.025411726906895638 0.9996625185012817 0.005397319793701172 -2.118480920791626 -0.0031501043122261763 -0.005318962503224611 0.9999809265136719 148.83718872070312
0.999578595161438 -0.0289735309779644 0.0017415963811799884 -0.5151013135910034 0.02896999567747116 0.9995782375335693 0.0020190777722746134 -2.1343750953674316 -0.0017993615474551916 -0.001967773539945483 0.9999964237213135 150.1881866455078
0.9995867013931274 -0.028659146279096603 0.0022402978502213955 -0.513974666595459 0.028662540018558502 0.9995880722999573 -0.0014984840527176857 -2.1510567665100098 -0.0021964292973279953 0.0015620773192495108 0.9999963641166687 151.53599548339844
0.9996688365936279 -0.025541918352246284 0.003116574138402939 -0.5296188592910767 0.025551075115799904 0.9996691942214966 -0.0029368174728006124 -2.1881327629089355 -0.003040530951693654 0.003015476744621992 0.9999908208847046 152.8577880859375
0.9996688961982727 -0.025373533368110657 0.0042857034131884575 -0.5393469929695129 0.025385962799191475 0.99967360496521 -0.0028716668020933867 -2.2180469036102295 -0.0042114402167499065 0.0029795123264193535 0.9999867081642151 154.18064880371094
0.9995769262313843 -0.028742561116814613 0.004460004158318043 -0.5314581394195557 0.02874024584889412 0.9995867609977722 0.0005824495456181467 -2.2384440898895264 -0.004474902059882879 -0.00045402153045870364 0.9999898672103882 155.5418701171875
0.9994210004806519 -0.033617399632930756 0.005249266512691975 -0.5242411494255066 0.03360239043831825 0.9994309544563293 0.0029210953507572412 -2.255258560180664 -0.005344478879123926 -0.0027430159971117973 0.9999819397926331 156.90182495117188
0.9992669224739075 -0.03795105218887329 0.00502399867400527 -0.5181857347488403 0.03792676702141762 0.9992687702178955 0.004844465758651495 -2.280144453048706 -0.0052041769959032536 -0.004650370683521032 0.9999756217002869 158.2384033203125
0.9992204904556274 -0.03913917765021324 0.005160085391253233 -0.5154449939727783 0.03911636397242546 0.9992247223854065 0.004450115840882063 -2.292729616165161 -0.00533025898039341 -0.004244803451001644 0.9999768137931824 159.5785369873047
0.9992769956588745 -0.03752495348453522 0.006109302863478661 -0.5159580111503601 0.03749293088912964 0.999282956123352 0.005273499526083469 -2.314384698867798 -0.0063028098084032536 -0.005040631629526615 0.9999673962593079 160.92935180664062
0.9994134306907654 -0.033455099910497665 0.007309373002499342 -0.5250608921051025 0.033424012362957 0.9994319081306458 0.004334887955337763 -2.329329013824463 -0.007450244855135679 -0.004088038112968206 0.9999638795852661 162.26593017578125
0.9995286464691162 -0.02959820255637169 0.00816813763231039 -0.5151015520095825 0.029580624774098396 0.9995598196983337 0.002264936687424779 -2.3498594760894775 -0.008231581188738346 -0.0020222500897943974 0.9999640583992004 163.63790893554688
0.9996145367622375 -0.02623506635427475 0.00908378791064024 -0.5132627487182617 0.026222702115774155 0.99965500831604 0.001477323705330491 -2.36495041847229 -0.009119411930441856 -0.0012385528534650803 0.9999575614929199 164.98809814453125
0.9996471405029297 -0.024813367053866386 0.009479991160333157 -0.5168325901031494 0.02478707768023014 0.9996886253356934 0.0028806759510189295 -2.3891496658325195 -0.009548520669341087 -0.00264467834495008 0.9999508857727051 166.32614135742188
0.9996894598007202 -0.023340396583080292 0.008728045038878918 -0.4990757703781128 0.02331877499818802 0.999724805355072 0.002571013057604432 -2.411970615386963 -0.008785651065409184 -0.002366687636822462 0.9999585747718811 167.69613647460938
0.9997406005859375 -0.020999208092689514 0.008830917067825794 -0.5078086853027344 0.020999345928430557 0.9997794032096863 7.751114753773436e-05 -2.428542375564575 -0.008830595761537552 0.00010795240814331919 0.9999610185623169 169.04344177246094
0.9998074769973755 -0.017761778086423874 0.008347994647920132 -0.5069094896316528 0.017783772200345993 0.9998384714126587 -0.0025675278156995773 -2.4503087997436523 -0.008301042951643467 0.0027154928538948298 0.9999619126319885 170.3870849609375
0.9998922348022461 -0.012030630372464657 0.008400344289839268 -0.5160635709762573 0.01206272840499878 0.9999200701713562 -0.003780897706747055 -2.4799137115478516 -0.0083541851490736 0.0038818209432065487 0.9999575018882751 171.75074768066406
0.9999346137046814 -0.007471459452062845 0.008648516610264778 -0.5192383527755737 0.007494784891605377 0.9999683499336243 -0.0026677739806473255 -2.503622531890869 -0.00862831063568592 0.002732418477535248 0.9999589920043945 173.1200408935547
0.9999468922615051 -0.004322854336351156 0.00935797207057476 -0.5276498794555664 0.00433141877874732 0.9999902248382568 -0.0008951356867328286 -2.5263729095458984 -0.009354009293019772 0.0009356215596199036 0.9999558329582214 174.47581481933594
0.9999518990516663 -0.0031924154609441757 0.009275306947529316 -0.5233306884765625 0.003181446809321642 0.9999942183494568 0.001197078381665051 -2.547210931777954 -0.00927907507866621 -0.001167511916719377 0.9999562501907349 175.85438537597656
0.9999436140060425 -0.006556697655469179 0.00836389884352684 -0.5179367065429688 0.006538118235766888 0.9999760985374451 0.0022467970848083496 -2.5687613487243652 -0.00837843306362629 -0.002191985957324505 0.9999625086784363 177.23330688476562
0.9999388456344604 -0.008809346705675125 0.006684461142867804 -0.5073707103729248 0.008794066496193409 0.9999586343765259 0.002311836928129196 -2.5876479148864746 -0.006704549305140972 -0.002252911916002631 0.9999749660491943 178.6143035888672
0.9999478459358215 -0.008897894062101841 0.005023018456995487 -0.5091079473495483 0.00890806782990694 0.9999582767486572 -0.00200668815523386 -2.6090011596679688 -0.005004953593015671 0.0020513292402029037 0.99998539686203 180.01380920410156
0.9999613165855408 -0.008235960267484188 0.0030886747408658266 -0.5028753876686096 0.008253400214016438 0.9999499320983887 -0.005677144508808851 -2.641169309616089 -0.0030417630914598703 0.0057024164125323296 0.9999791383743286 181.41529846191406
0.9999919533729553 -0.0031374171376228333 0.0025551295839250088 -0.5171247720718384 0.0031539592891931534 0.9999739527702332 -0.006495988462120295 -2.6671414375305176 -0.0025346826296299696 0.006503993179649115 0.9999756217002869 182.81771850585938
0.999997079372406 0.00028065504739061 0.002408586209639907 -0.5257323980331421 -0.00026720479945652187 0.9999843835830688 -0.005582794547080994 -2.6967062950134277 -0.0024101154413074255 0.005582134705036879 0.9999815225601196 184.20994567871094
0.9999936819076538 0.0019683740101754665 0.0029354682192206383 -0.5405617356300354 -0.0019630235619843006 0.9999963641166687 -0.0018242861842736602 -2.7272768020629883 -0.002939048921689391 0.0018185123335570097 0.9999940395355225 185.6006622314453
0.9999904632568359 0.002858513966202736 0.003299550386145711 -0.5474098324775696 -0.002859089057892561 0.9999958872795105 0.00016954635793808848 -2.7504115104675293 -0.0032990521285682917 -0.0001789784146239981 0.9999945163726807 186.99363708496094
0.9999914169311523 0.002363474341109395 0.0033962202724069357 -0.5497353076934814 -0.0023669975344091654 0.9999967217445374 0.0010336433770135045 -2.7673418521881104 -0.0033937657717615366 -0.001041673356667161 0.9999936819076538 188.39813232421875
0.9999940395355225 0.0006844995077699423 0.003390002530068159 -0.5508219599723816 -0.000689527194481343 0.9999986886978149 0.0014820349169895053 -2.790135622024536 -0.0033889836631715298 -0.0014843635726720095 0.9999931454658508 189.80950927734375
0.9999918937683105 -0.0018115979619324207 0.0035911996383219957 -0.5508724451065063 0.0018042251467704773 0.9999962449073792 0.002055262913927436 -2.812432050704956 -0.003594909328967333 -0.002048766938969493 0.9999914169311523 191.23605346679688
0.9999829530715942 -0.004585218150168657 0.0036151818931102753 -0.5475714802742004 0.004577753134071827 0.9999873638153076 0.0020705696661025286 -2.82906174659729 -0.003624630393460393 -0.00205398490652442 0.9999912977218628 192.6663818359375
0.9999595880508423 -0.007970809005200863 0.004163334611803293 -0.5476971864700317 0.007957801222801208 0.9999634623527527 0.0031315183732658625 -2.8496859073638916 -0.0041881431825459 -0.0030982601456344128 0.9999864101409912 194.0799102783203
0.9999080896377563 -0.012725398875772953 0.004687132313847542 -0.5484997034072876 0.012703231535851955 0.9999081492424011 0.00472894124686718 -2.869884490966797 -0.004746879916638136 -0.004668964073061943 0.9999778270721436 195.50318908691406
0.9998728036880493 -0.015134214423596859 0.005017505493015051 -0.5402699112892151 0.015110532753169537 0.9998746514320374 0.004724049009382725 -2.888915538787842 -0.005088371224701405 -0.004647630732506514 0.9999762177467346 196.918212890625
0.9999009370803833 -0.013027974404394627 0.005324482452124357 -0.5392664670944214 0.013026086613535881 0.9999150633811951 0.00038945229607634246 -2.908543825149536 -0.0053291041404008865 -0.00032005656976252794 0.9999857544898987 198.3572998046875
0.9999671578407288 -0.005698502063751221 0.005768336355686188 -0.5477603673934937 0.005724960472434759 0.9999730587005615 -0.004580331966280937 -2.9299564361572266 -0.0057420795783400536 0.004613204393535852 0.9999728798866272 199.77210998535156
0.9999672174453735 0.003900277428328991 0.0071129463613033295 -0.5603816509246826 -0.003863593563437462 0.9999791979789734 -0.0051639387384057045 -2.9530835151672363 -0.0071329399943351746 0.005136286839842796 0.9999613165855408 201.2025604248047
0.9999046921730042 0.011058265343308449 0.008267190307378769 -0.5764255523681641 -0.011047426611185074 0.9999380707740784 -0.0013556049671024084 -2.979832887649536 -0.008281667716801167 0.0012641451321542263 0.9999648928642273 202.62623596191406
0.9998822808265686 0.012441596947610378 0.00897506345063448 -0.5723185539245605 -0.01245016697794199 0.9999220967292786 0.0008995779789984226 -3.0083601474761963 -0.00896316859871149 -0.0010112131712958217 0.9999592900276184 204.0695037841797
0.9999120831489563 0.01031565386801958 0.008332248777151108 -0.5633386373519897 -0.010326329618692398 0.999945878982544 0.0012391753261908889 -3.0260372161865234 -0.008319013752043247 -0.00132510787807405 0.9999645352363586 205.5124053955078
0.9999474883079529 0.007261529099196196 0.007229159120470285 -0.5555107593536377 -0.007270262110978365 0.9999728798866272 0.0011823406675830483 -3.0485692024230957 -0.007220377214252949 -0.0012348361779004335 0.9999731779098511 206.9612579345703
0.9999622702598572 0.005655734799802303 0.006591562181711197 -0.5567038059234619 -0.005659501068294048 0.9999839067459106 0.0005528475739993155 -3.066582679748535 -0.006588328629732132 -0.0005901316180825233 0.9999781847000122 208.41464233398438
0.9999665021896362 0.005870923865586519 0.005691816098988056 -0.5380450487136841 -0.005871133413165808 0.9999827742576599 1.9996194168925285e-05 -3.089632272720337 -0.005691599566489458 -5.341286305338144e-05 0.9999838471412659 209.91712951660156
0.9999580383300781 0.006946064997464418 0.005969570484012365 -0.5565431118011475 -0.006949744652956724 0.9999756217002869 0.0005959731643088162 -3.1222879886627197 -0.005965286400169134 -0.0006374351214617491 0.9999819993972778 211.32798767089844
0.9999538660049438 0.007510812021791935 0.005987776909023523 -0.5555157661437988 -0.00751953711733222 0.9999706745147705 0.0014360027853399515 -3.14613938331604 -0.005976816173642874 -0.0014809618005529046 0.9999810457229614 212.7860107421875
0.9999524354934692 0.007954586297273636 0.0056424872018396854 -0.5607575178146362 -0.007959788665175438 0.9999679327011108 0.0009001379949040711 -3.164775848388672 -0.005635146051645279 -0.0009450084180571139 0.9999836683273315 214.2538299560547
0.9999574422836304 0.007562787272036076 0.0052899327129125595 -0.557276725769043 -0.007561787962913513 0.9999714493751526 -0.00020898005459457636 -3.1915817260742188 -0.005291362758725882 0.00016896968008950353 0.999985933303833 215.7313690185547
0.9999651312828064 0.006708372849971056 0.004972883500158787 -0.5556075572967529 -0.006705611012876034 0.9999773502349854 -0.0005718242609873414 -3.2096123695373535 -0.004976605996489525 0.0005384581163525581 0.9999874830245972 217.1959686279297
0.999963104724884 0.007128695026040077 0.004795171320438385 -0.5604360103607178 -0.0071256887167692184 0.9999744296073914 -0.0006436013500206172 -3.234861135482788 -0.004799636546522379 0.00060940848197788 0.999988317489624 218.67074584960938
0.9999606609344482 0.007576304487884045 0.00461189029738307 -0.5642822980880737 -0.007572048809379339 0.9999709129333496 -0.0009397290414199233 -3.2568254470825195 -0.004618875682353973 0.0009047706262208521 0.9999889135360718 220.1565399169922
0.9999635815620422 0.007560717407613993 0.003951882012188435 -0.5586461424827576 -0.007556137163192034 0.9999707341194153 -0.0011722983326762915 -3.2819149494171143 -0.003960630390793085 0.0011423947289586067 0.9999914765357971 221.6544189453125
0.9999589323997498 0.008144083432853222 0.0039710355922579765 -0.5698906183242798 -0.008140121586620808 0.9999663829803467 -0.001012681401334703 -3.316549062728882 -0.003979149274528027 0.0009803151478990912 0.9999915957450867 223.1240997314453
