0.9999715089797974 0.005006800871342421 0.005653332453221083 -0.7030371427536011 -0.0050061410292983055 0.9999874830245972 -0.00013084661622997373 -0.007152872160077095 -0.005653916858136654 0.00010254150402033702 0.9999840259552002 -1.5969716310501099
0.9999852776527405 0.003401769557967782 0.004228644073009491 -0.7028124928474426 -0.0033973779063671827 0.9999936819076538 -0.0010453857248649001 -0.015148934908211231 -0.004232173785567284 0.0010310040088370442 0.9999905228614807 -1.03305184841156
0.9999895691871643 0.0032164861913770437 0.00325048272497952 -0.7048001289367676 -0.0032076756469905376 0.9999911785125732 -0.00271222903393209 -0.02477545104920864 -0.003259178251028061 0.0027017740067094564 0.9999910593032837 -0.477509468793869
0.9999962449073792 0.0024977840948849916 0.0011180560104548931 -0.7029930949211121 -0.0024936888366937637 0.9999902248382568 -0.0036492599174380302 -0.04268239811062813 -0.001127160619944334 0.003646457800641656 0.9999927282333374 0.0879986435174942
0.9999995231628418 0.0006737260264344513 -0.0007546534761786461 -0.7103166580200195 -0.0006779714021831751 0.9999839067459106 -0.005639818497002125 -0.04878031834959984 0.0007508411072194576 0.005640326999127865 0.9999838471412659 0.6551623940467834
0.9999969601631165 -0.0018913018284365535 -0.0015688881976529956 -0.7256284356117249 0.0018800190882757306 0.9999725818634033 -0.007162154186517 -0.07238493859767914 0.0015823891153559089 0.007159183267503977 0.9999731183052063 1.1947424411773682
0.999990701675415 -0.003048621816560626 -0.0030524716712534428 -0.7292832732200623 0.0030247042886912823 0.9999648928642273 -0.007809470873326063 -0.08446910232305527 0.003076172899454832 0.007800166495144367 0.9999648332595825 1.7665421962738037
0.9999861717224121 -0.003019530326128006 -0.004306347109377384 -0.7385315299034119 0.002988663036376238 0.9999698996543884 -0.007156074047088623 -0.0968421921133995 0.004327827133238316 0.007143104914575815 0.9999651312828064 2.346780776977539
0.9999799728393555 -0.0034456229768693447 -0.005322567652910948 -0.7454072833061218 0.003405210329219699 0.9999654293060303 -0.007583164609968662 -0.11132876574993134 0.00534851336851716 0.007564885541796684 0.9999570846557617 2.939276933670044
0.9999739527702332 -0.002886459929868579 -0.006606739014387131 -0.7528064846992493 0.002818336943164468 0.99994295835495 -0.01029738038778305 -0.12729907035827637 0.006636088714003563 0.010278493165969849 0.9999251365661621 3.5306780338287354
0.9999693036079407 -0.001191442715935409 -0.0077386703342199326 -0.7657518982887268 0.0010828113881871104 0.9999010562896729 -0.014026405289769173 -0.1429186463356018 0.0077546159736812115 0.014017594046890736 0.9998716115951538 4.133306503295898
0.9999577403068542 -2.0365314412629232e-05 -0.009189306758344173 -0.7756869792938232 -0.00014216240379028022 0.9998435974121094 -0.01768561452627182 -0.15571875870227814 0.009188227355480194 0.01768617331981659 0.9998013377189636 4.7488555908203125
0.9999455213546753 0.0018303535180166364 -0.010273938998579979 -0.7931908965110779 -0.0020123831927776337 0.9998406767845154 -0.017735309898853302 -0.16879773139953613 0.010239840485155582 0.017755018547177315 0.9997898936271667 5.382713794708252
0.9999238848686218 0.004057479556649923 -0.011644268408417702 -0.7972040176391602 -0.00418528076261282 0.9999310374259949 -0.010972213931381702 -0.17742863297462463 0.011598944664001465 0.011020118370652199 0.9998720288276672 6.013492584228516
0.999915361404419 0.005142398178577423 -0.011944035068154335 -0.8143208026885986 -0.005147567484527826 0.9999866485595703 -0.00040215998888015747 -0.19061756134033203 0.011941809207201004 0.00046360958367586136 0.9999285936355591 6.67133903503418
0.9999002814292908 0.005678209010511637 -0.012930968776345253 -0.8266236782073975 -0.005596271250396967 0.9999641180038452 0.006363960914313793 -0.20266637206077576 0.0129666393622756 -0.0062909601256251335 0.9998961687088013 7.357264995574951
0.9998632669448853 0.00825440138578415 -0.01433032937347889 -0.8414400815963745 -0.008181212469935417 0.9999532103538513 0.0051584369502961636 -0.21662014722824097 0.014372242614626884 -0.005040491931140423 0.9998840093612671 8.03692626953125
0.9998369812965393 0.010178392753005028 -0.014918632805347443 -0.8633257746696472 -0.010209349915385246 0.9999459385871887 -0.0020003467798233032 -0.22262217104434967 0.014897462911903858 0.002152328845113516 0.999886691570282 8.730874061584473
0.9998214244842529 0.009854900650680065 -0.01612815260887146 -0.8777042031288147 -0.009982152841985226 0.9999194741249084 -0.007828596979379654 -0.2232445478439331 0.0160497035831213 0.007988193072378635 0.9998392462730408 9.44092082977295
0.9998230338096619 0.007421385031193495 -0.017291637137532234 -0.88899827003479 -0.007532138377428055 0.9999515414237976 -0.006348703522235155 -0.22364915907382965 0.017243683338165283 0.006477820686995983 0.9998303055763245 10.178147315979004
0.9998189806938171 0.006956619676202536 -0.017704550176858902 -0.9048740863800049 -0.006904432084411383 0.9999716281890869 0.003007088555023074 -0.237898588180542 0.01772496849298477 -0.0028843050822615623 0.9998387098312378 10.931108474731445
0.9998196363449097 0.00635930709540844 -0.01789022795855999 -0.9235655665397644 -0.006171863991767168 0.9999256730079651 0.010513165034353733 -0.2431923747062683 0.017955755814909935 -0.010400854051113129 0.9997847080230713 11.70529556274414
0.9998123645782471 0.005566886626183987 -0.01854972168803215 -0.9418563842773438 -0.005327561404556036 0.9999022483825684 0.012926287949085236 -0.24433255195617676 0.01861986704170704 -0.012825040146708488 0.9997444152832031 12.496515274047852
0.9998177289962769 0.003738126717507839 -0.01872328110039234 -0.9568977355957031 -0.0035153646022081375 0.9999228119850159 0.011916441842913628 -0.2436027228832245 0.018766382709145546 -0.011848450638353825 0.9997537732124329 13.301570892333984
0.9998313188552856 0.003280016826465726 -0.018070092424750328 -0.9769513607025146 -0.0031093726865947247 0.9999504089355469 0.009463468566536903 -0.24516940116882324 0.018100231885910034 -0.009405686520040035 0.9997919201850891 14.126282691955566
0.9998278617858887 0.006078644655644894 -0.017526987940073013 -0.9963849782943726 -0.005972212180495262 0.9999635219573975 0.006118452176451683 -0.24628159403800964 0.017563538625836372 -0.0060127247124910355 0.9998276829719543 14.963593482971191
0.9998553991317749 0.002715249778702855 -0.016785774379968643 -1.0112982988357544 -0.0027083796449005604 0.9999961853027344 0.0004320172592997551 -0.2498808652162552 0.016786880791187286 -0.00038649141788482666 0.9998590350151062 15.81986141204834
0.9998683929443359 0.00012358141248114407 -0.016221879050135612 -1.022970199584961 -0.00021738055511377752 0.9999832510948181 -0.0057806530967354774 -0.261104941368103 0.01622088998556137 0.005783418193459511 0.999851644039154 16.691410064697266
0.9998839497566223 0.0010477978503331542 -0.015197190456092358 -1.0381048917770386 -0.0012192819267511368 0.9999356269836426 -0.011279020458459854 -0.2728862464427948 0.015184396877884865 0.01129623968154192 0.9998210072517395 17.593442916870117
0.9998888969421387 0.0023030792362987995 -0.014724933542311192 -1.0605233907699585 -0.0024821264669299126 0.999923050403595 -0.012152769602835178 -0.28706133365631104 0.01469581201672554 0.01218796893954277 0.9998177886009216 18.498367309570312
0.9998760223388672 0.0023130113258957863 -0.01557609997689724 -1.0721486806869507 -0.002495367778465152 0.9999284744262695 -0.011698171496391296 -0.30494073033332825 0.015547932125627995 0.011735587380826473 0.9998102784156799 19.436771392822266
0.9998773336410522 0.003854268928989768 -0.015183991752564907 -1.0985643863677979 -0.004050827119499445 0.9999080896377563 -0.012935632839798927 -0.3308506906032562 0.015132742933928967 0.012995551340281963 0.9998010396957397 20.37468147277832
0.9998583197593689 0.007191323675215244 -0.01522072684019804 -1.115893840789795 -0.007419775705784559 0.9998598694801331 -0.015006405301392078 -0.3529907763004303 0.015110685490071774 0.015117214992642403 0.9997715353965759 21.31477928161621
0.9998270273208618 0.010421679355204105 -0.015400744043290615 -1.139182686805725 -0.010666818358004093 0.9998162984848022 -0.01592179760336876 -0.37470653653144836 0.015231986530125141 0.01608332060277462 0.9997546672821045 22.279935836791992
0.9998131990432739 0.012090272270143032 -0.015085541643202305 -1.1699373722076416 -0.012327238917350769 0.9998005628585815 -0.015715358778834343 -0.4024437367916107 0.014892530627548695 0.015898382291197777 0.9997627139091492 23.262147903442383
0.9997942447662354 0.013198032975196838 -0.015407346189022064 -1.19046151638031 -0.013440817594528198 0.9997854232788086 -0.015762021765112877 -0.428908109664917 0.015196017920970917 0.015965864062309265 0.9997570514678955 24.238229751586914
0.9997919797897339 0.012692885473370552 -0.015968119725584984 -1.1993660926818848 -0.01294424943625927 0.9997923970222473 -0.01573808677494526 -0.4556843042373657 0.01576504297554493 0.015941506251692772 0.9997485876083374 25.214889526367188
0.9997757077217102 0.01383397076278925 -0.016036899760365486 -1.2270199060440063 -0.01406679768115282 0.9997959733009338 -0.01449744775891304 -0.4895651042461395 0.015833072364330292 0.014719784259796143 0.9997662305831909 26.23841094970703
0.9997631311416626 0.014442868530750275 -0.016283230856060982 -1.2484419345855713 -0.014643237926065922 0.9998177289962769 -0.012253990396857262 -0.51822829246521 0.01610327698290348 0.01248952653259039 0.9997922778129578 27.25642967224121
0.9997484087944031 0.015105335041880608 -0.016582215204834938 -1.2704817056655884 -0.015288539230823517 0.9998228549957275 -0.010977566242218018 -0.547358512878418 0.016413457691669464 0.011228322051465511 0.9998022317886353 28.275508880615234
0.9997406005859375 0.015421629883348942 -0.016761625185608864 -1.2883272171020508 -0.01562552899122238 0.999804675579071 -0.012102624401450157 -0.5709208846092224 0.016571709886193275 0.012361393310129642 0.9997863173484802 29.312997817993164
0.999724805355072 0.016545787453651428 -0.01662852242588997 -1.3220947980880737 -0.01677008345723152 0.9997690320014954 -0.013440935872495174 -0.5968757271766663 0.016402291133999825 0.013716097921133041 0.9997713565826416 30.32699966430664
0.9997236132621765 0.016098495572805405 -0.017128221690654755 -1.3437886238098145 -0.016311274841427803 0.9997906684875488 -0.012356476858258247 -0.6249916553497314 0.016925714910030365 0.012632444500923157 0.9997768998146057 31.363142013549805
0.9997158050537109 0.016044683754444122 -0.017631549388170242 -1.368494987487793 -0.016219163313508034 0.9998204708099365 -0.009797787293791771 -0.6491680145263672 0.017471184954047203 0.010080971755087376 0.9997965693473816 32.420467376708984
0.9997057914733887 0.015818163752555847 -0.01838800497353077 -1.3867323398590088 -0.015934469178318977 0.999853789806366 -0.006195677910000086 -0.6730839014053345 0.018287312239408493 0.006486857775598764 0.9998117089271545 33.49031448364258
0.9996945858001709 0.01601804420351982 -0.018816666677594185 -1.4137938022613525 -0.016097335144877434 0.9998621344566345 -0.004070044495165348 -0.6921499371528625 0.018748881295323372 0.0043716998770833015 0.9998146295547485 34.55207061767578
0.9996905326843262 0.015545009635388851 -0.01942281611263752 -1.4373536109924316 -0.015607860870659351 0.9998733401298523 -0.0030884090811014175 -0.7188535928726196 0.019372347742319107 0.003390602534636855 0.9998065233230591 35.61619186401367
0.9996879696846008 0.015407170169055462 -0.01966334879398346 -1.469431757926941 -0.015502765774726868 0.999868631362915 -0.004718427546322346 -0.7367146611213684 0.01958806812763214 0.005021791905164719 0.9997954964637756 36.691680908203125
0.9996623992919922 0.015924222767353058 -0.02052759937942028 -1.493457555770874 -0.016033923253417015 0.9998579621315002 -0.005190608557313681 -0.7587928771972656 0.020442023873329163 0.005517994984984398 0.999775767326355 37.79802703857422
0.9996530413627625 0.01576409488916397 -0.021101191639900208 -1.5243356227874756 -0.01585347019135952 0.9998660087585449 -0.004074875731021166 -0.7749854326248169 0.021034130826592445 0.004407989792525768 0.9997690320014954 38.882568359375
0.9996458292007446 0.01572389155626297 -0.021473003551363945 -1.5686280727386475 -0.01577809639275074 0.999872624874115 -0.002357036806643009 -0.7940396666526794 0.021433211863040924 0.002695004688575864 0.9997667074203491 39.97796630859375
0.9996288418769836 0.015434935688972473 -0.022449662908911705 -1.5925788879394531 -0.015420142561197281 0.9998807311058044 0.00083200354129076 -0.8251715898513794 0.02245982363820076 -0.00048551755025982857 0.999747633934021 41.07503128051758
0.9995913505554199 0.01690252684056759 -0.0230513084679842 -1.6089117527008057 -0.016902243718504906 0.9998571276664734 0.00020702880283351988 -0.8428839445114136 0.023051517084240913 0.00018267467385157943 0.9997342824935913 42.163612365722656
0.9995604753494263 0.018222101032733917 -0.023389408364892006 -1.6433017253875732 -0.018309535458683968 0.9998261332511902 -0.003529547480866313 -0.8639835119247437 0.023321028798818588 0.003956245258450508 0.9997202157974243 43.238014221191406
0.9995386600494385 0.019528724253177643 -0.023264151066541672 -1.681760549545288 -0.01971300318837166 0.9997758865356445 -0.007718318607658148 -0.8849782347679138 0.023108210414648056 0.008173365145921707 0.999699592590332 44.31870651245117
0.99953293800354 0.019998159259557724 -0.023110399022698402 -1.7220516204833984 -0.02018856629729271 0.9997639060020447 -0.008035244420170784 -0.9076287746429443 0.02294425666332245 0.008498057723045349 0.999700665473938 45.393646240234375
0.9995231032371521 0.020112527534365654 -0.023433133959770203 -1.735910177230835 -0.020236609503626823 0.999782383441925 -0.005070023704320192 -0.9384621977806091 0.023326057940721512 0.0055418116971850395 0.9997125267982483 46.532527923583984
0.9995161294937134 0.02060588449239731 -0.023302147164940834 -1.7654738426208496 -0.020681193098425865 0.9997816681861877 -0.002995368093252182 -0.9620304107666016 0.023235337808728218 0.0034758346155285835 0.9997239112854004 47.62090301513672
0.9995514750480652 0.01897720992565155 -0.02316807582974434 -1.8016862869262695 -0.01902535930275917 0.9998171925544739 -0.0018596530426293612 -0.9802968502044678 0.023128550499677658 0.0022995995823293924 0.9997298121452332 48.70334243774414
0.9995445609092712 0.019411947578191757 -0.023106958717107773 -1.827333927154541 -0.019482973963022232 0.9998061656951904 -0.0028525348752737045 -1.0029770135879517 0.023047104477882385 0.003301427233964205 0.9997289776802063 49.80168533325195
0.9995657801628113 0.018557200208306313 -0.022886116057634354 -1.855677604675293 -0.018670113757252693 0.999814510345459 -0.004730014596134424 -1.0232365131378174 0.022794099524617195 0.0051552485674619675 0.9997268915176392 50.9185905456543
0.9995712041854858 0.018498998135328293 -0.022698484361171722 -1.8792786598205566 -0.018663177266716957 0.9998010396957397 -0.007042691111564636 -1.0428876876831055 0.022563686594367027 0.007463296875357628 0.9997175335884094 52.010772705078125
0.9995933175086975 0.017774805426597595 -0.022299593314528465 -1.9141563177108765 -0.017980162054300308 0.9997974038124084 -0.009042495861649513 -1.079815149307251 0.02213434688746929 0.009439768269658089 0.9997103810310364 53.10551071166992
0.9996280074119568 0.015771903097629547 -0.022251248359680176 -1.9407970905303955 -0.01605246588587761 0.9997931718826294 -0.01248701848089695 -1.1074864864349365 0.02204970270395279 0.012839563190937042 0.999674379825592 54.18483352661133
0.9996487498283386 0.014078632928431034 -0.022454749792814255 -1.9624199867248535 -0.014404510147869587 0.9997922778129578 -0.014417346566915512 -1.1368540525436401 0.022247107699513435 0.014735732227563858 0.9996438026428223 55.27363586425781
0.9996851086616516 0.012692969292402267 -0.02164500020444393 -1.9937987327575684 -0.012951100245118141 0.9998461008071899 -0.011827410198748112 -1.172471046447754 0.02149154432117939 0.01210401114076376 0.9996957778930664 56.3546257019043
0.9997069835662842 0.010920734144747257 -0.02160421386361122 -2.0198450088500977 -0.011056832037866116 0.9999197125434875 -0.006190211977809668 -1.1925344467163086 0.0215348768979311 0.006427273154258728 0.9997474551200867 57.47063446044922
0.9997240900993347 0.00938818883150816 -0.02153162471950054 -2.041280508041382 -0.009395582601428032 0.9999558329582214 -0.00024225236847996712 -1.2141951322555542 0.021528394892811775 0.00044448766857385635 0.9997681379318237 58.56290817260742
0.9997407793998718 0.00783488992601633 -0.02137918211519718 -2.06933331489563 -0.007833077572286129 0.9999693036079407 0.00016852375119924545 -1.231788158416748 0.021379847079515457 -1.0170042514801025e-06 0.9997714161872864 59.658809661865234
0.9997711777687073 0.005053654778748751 -0.020786579698324203 -2.0923655033111572 -0.005110869184136391 0.9999833106994629 -0.0027002820279449224 -1.2526240348815918 0.02077258564531803 0.0028059016913175583 0.9997802376747131 60.75114822387695
0.9997701048851013 0.0030783156398683786 -0.021220548078417778 -2.112485647201538 -0.003205201355740428 0.9999772310256958 -0.005947969388216734 -1.2692910432815552 0.021201755851507187 0.006014618091285229 0.9997570514678955 61.835533142089844
0.9997633695602417 0.0053605930879712105 -0.02108132280409336 -2.143806219100952 -0.005566019099205732 0.9999375343322754 -0.00969786662608385 -1.3023535013198853 0.02102801762521267 0.009812911041080952 0.9997307658195496 62.91941833496094
0.9997676610946655 0.005542231723666191 -0.02083059959113598 -2.1788763999938965 -0.0058333855122327805 0.9998857378959656 -0.013942522928118706 -1.331878662109375 0.020750951021909714 0.014060795307159424 0.9996858239173889 64.02536010742188
0.9997578263282776 0.008711600676178932 -0.020210810005664825 -2.20704984664917 -0.009008746594190598 0.9998519420623779 -0.014658150263130665 -1.3588790893554688 0.020080123096704483 0.014836672693490982 0.9996882677078247 65.11043548583984
0.9997401237487793 0.012481323443353176 -0.01907467283308506 -2.2528765201568604 -0.012691043317317963 0.9998599290847778 -0.010913479141891003 -1.391258955001831 0.018935786560177803 0.011152721010148525 0.9997585415840149 66.21574401855469
0.9997199773788452 0.01379991415888071 -0.01922229677438736 -2.2740015983581543 -0.013971980661153793 0.9998632669448853 -0.008846082724630833 -1.4227845668792725 0.019097596406936646 0.009112179279327393 0.9997761249542236 67.33289337158203
0.9997243881225586 0.013134374283254147 -0.0194573774933815 -2.295323133468628 -0.013298801146447659 0.9998767971992493 -0.008345621638000011 -1.4451791048049927 0.019345365464687347 0.008602083660662174 0.9997758269309998 68.42887878417969
0.9997411966323853 0.01171580608934164 -0.019502634182572365 -2.3182082176208496 -0.011865508742630482 0.9999008774757385 -0.007578125223517418 -1.47214937210083 0.01941191963851452 0.0078075723722577095 0.99978107213974 69.5302963256836
0.999756395816803 0.010576301254332066 -0.019368259236216545 -2.3486387729644775 -0.010692432522773743 0.9999253749847412 -0.005902245175093412 -1.5031226873397827 0.019304389134049416 0.006107902154326439 0.9997950196266174 70.62017822265625
0.999761700630188 0.00894051231443882 -0.01991046406328678 -2.371814727783203 -0.009019981138408184 0.9999516606330872 -0.0039050353225320578 -1.5248934030532837 0.019874585792422295 0.004083696752786636 0.9997941851615906 71.71805572509766
0.9997507929801941 0.007732276804745197 -0.020939895883202553 -2.3895351886749268 -0.007779701612889767 0.9999673962593079 -0.002184320939704776 -1.5527126789093018 0.020922323688864708 0.0023466835264116526 0.9997783303260803 72.8003158569336
0.999752938747406 0.007385742850601673 -0.020961225032806396 -2.4244608879089355 -0.0074561238288879395 0.9999668002128601 -0.0032815218437463045 -1.5832175016403198 0.02093629725277424 0.0034370014909654856 0.9997748732566833 73.9170913696289
0.9997339844703674 0.007454604376107454 -0.021823983639478683 -2.448155164718628 -0.0076147946529090405 0.9999445676803589 -0.007266232743859291 -1.6052775382995605 0.021768607199192047 0.00743048544973135 0.999735414981842 74.99442291259766
0.9997187256813049 0.008159124292433262 -0.022267930209636688 -2.480924129486084 -0.008367195725440979 0.999921977519989 -0.009266845881938934 -1.631367564201355 0.022190582007169724 0.009450559504330158 0.9997091293334961 76.07884216308594
0.999686062335968 0.010221989825367928 -0.022873088717460632 -2.5139331817626953 -0.010392955504357815 0.9999188184738159 -0.0073682465590536594 -1.6615309715270996 0.022795913740992546 0.007603652775287628 0.9997112154960632 77.16921997070312
0.999668538570404 0.011029023677110672 -0.023263147100806236 -2.5486409664154053 -0.01110902614891529 0.9999328255653381 -0.0033126231282949448 -1.6824285984039307 0.023225050419569016 0.003569955937564373 0.9997238516807556 78.24919891357422
0.9996429085731506 0.012291084043681622 -0.023726586252450943 -2.58176851272583 -0.0122707299888134 0.9999241828918457 0.0010032599093392491 -1.7116345167160034 0.023737119510769844 -0.0007117591449059546 0.9997180104255676 79.32756805419922
0.9996066689491272 0.013715466484427452 -0.024461183696985245 -2.615457057952881 -0.013681435026228428 0.9999051690101624 0.0015580798499286175 -1.7288188934326172 0.02448023483157158 -0.0012228030245751143 0.999699592590332 80.3973617553711
0.9995995163917542 0.013583671301603317 -0.024828046560287476 -2.6501057147979736 -0.01360896322876215 0.9999070167541504 -0.0008500248659402132 -1.743849277496338 0.024814190343022346 0.0011875685304403305 0.9996914267539978 81.46996307373047
0.99958336353302 0.013393856585025787 -0.025568507611751556 -2.6758761405944824 -0.013438206166028976 0.9999085068702698 -0.0015635108575224876 -1.7668793201446533 0.025545235723257065 0.0019064544467255473 0.9996718168258667 82.54650115966797
0.9995805621147156 0.012641656212508678 -0.026055611670017242 -2.7066850662231445 -0.01268580462783575 0.9999184608459473 -0.0015298731159418821 -1.7907078266143799 0.026034144684672356 0.0018597677117213607 0.9996594190597534 83.60081481933594
0.9995723962783813 0.011535080149769783 -0.026869427412748337 -2.7403759956359863 -0.011575504206120968 0.999932050704956 -0.001349391881376505 -1.8076987266540527 0.026852039620280266 0.0016598423244431615 0.9996380805969238 84.6404037475586
0.9995708465576172 0.010342152789235115 -0.027407756075263023 -2.7699966430664062 -0.010344878770411015 0.9999464154243469 4.2349918658146635e-05 -1.8356318473815918 0.0274067185819149 0.00024119803856592625 0.9996243119239807 85.68047332763672
0.9995613098144531 0.010618993081152439 -0.027646899223327637 -2.8058371543884277 -0.01054468099027872 0.9999403953552246 0.0028322977013885975 -1.8577733039855957 0.02767532505095005 -0.0025395278353244066 0.9996137619018555 86.68244934082031
0.9995329976081848 0.009787903167307377 -0.028949355706572533 -2.8405797481536865 -0.009684402495622635 0.9999462366104126 0.003713221289217472 -1.8791238069534302 0.02898414246737957 -0.0034311292693018913 0.9995739459991455 87.66526794433594
0.9994825124740601 0.008541406132280827 -0.03101276606321335 -2.8735384941101074 -0.008423362858593464 0.9999567866325378 0.00393493240699172 -1.8982362747192383 0.03104504384100437 -0.0036716649774461985 0.9995112419128418 88.64026641845703
0.9993884563446045 0.007651255000382662 -0.03412046283483505 -2.9111087322235107 -0.0075531890615820885 0.9999669790267944 0.0030020917765796185 -1.916757345199585 0.03414230793714523 -0.002742537297308445 0.9994133114814758 89.57186126708984
0.9992678165435791 0.0073724593967199326 -0.03754092752933502 -2.951944589614868 -0.007307184394448996 0.9999715685844421 0.0018756703939288855 -1.9330799579620361 0.037553682923316956 -0.001599978655576706 0.999293327331543 90.49382019042969
0.9991421699523926 0.007432015612721443 -0.04073945805430412 -2.995570182800293 -0.007332400884479284 0.9999697804450989 0.0025940474588423967 -1.9529272317886353 0.040757495909929276 -0.0022931040730327368 0.9991664290428162 91.39302062988281
0.999000608921051 0.008569513447582722 -0.04386749491095543 -3.040708541870117 -0.008416939526796341 0.9999579191207886 0.003661579918116331 -1.9703752994537354 0.04389701783657074 -0.0032886904664337635 0.9990306496620178 92.25798797607422
0.9988631010055542 0.0093730129301548 -0.046739790588617325 -3.092228651046753 -0.009158549830317497 0.9999465346336365 0.00480048218742013 -1.9883639812469482 0.04678228497505188 -0.004366956185549498 0.9988955855369568 93.10672760009766
0.9987027049064636 0.01081154402345419 -0.04975971207022667 -3.1396608352661133 -0.01051265001296997 0.9999251365661621 0.006264555733650923 -2.001556873321533 0.04982371628284454 -0.0057333228178322315 0.9987415671348572 93.92330169677734
0.9985665082931519 0.011835352517664433 -0.05219924822449684 -3.191895008087158 -0.01147948857396841 0.9999088048934937 0.0071119461208581924 -2.016784906387329 0.052278660237789154 -0.006502531468868256 0.9986114501953125 94.71048736572266
0.9984015226364136 0.013887008652091026 -0.05478609725832939 -3.2384495735168457 -0.013475564308464527 0.9998783469200134 0.007872309535741806 -2.0366530418395996 0.05488874018192291 -0.007121453061699867 0.9984670877456665 95.47269439697266
0.9982042908668518 0.015576300211250782 -0.05784036964178085 -3.283090353012085 -0.0152226397767663 0.9998627305030823 0.0065500158816576 -2.048488140106201 0.05793445557355881 -0.0056577702052891254 0.9983043670654297 96.20445251464844
0.9980494976043701 0.01701195351779461 -0.06006460264325142 -3.3409571647644043 -0.01686258055269718 0.9998533129692078 0.002992951776832342 -2.067349433898926 0.06010671332478523 -0.001974270213395357 0.9981900453567505 96.89800262451172
0.9978481531143188 0.019575737416744232 -0.06257651001214981 -3.397035837173462 -0.01964680477976799 0.9998068809509277 -0.0005205310881137848 -2.0815014839172363 0.06255423277616501 0.001748839858919382 0.9980400800704956 97.57379913330078
0.9976727962493896 0.02123153954744339 -0.0647931843996048 -3.4367971420288086 -0.02148592472076416 0.9997639060020447 -0.0032317987643182278 -2.1005046367645264 0.06470925360918045 0.004616419319063425 0.9978934526443481 98.21730041503906
0.9975627660751343 0.023348376154899597 -0.06575170904397964 -3.4823570251464844 -0.023668916895985603 0.9997113943099976 -0.0041001057252287865 -2.115593194961548 0.06563699245452881 0.005646383855491877 0.9978275895118713 98.83548736572266
0.9975727200508118 0.025731854140758514 -0.06470304727554321 -3.533740520477295 -0.026023127138614655 0.9996547102928162 -0.003662813687697053 -2.1301422119140625 0.06458644568920135 0.005337699316442013 0.9978978037834167 99.41951751708984
0.997712254524231 0.0295310840010643 -0.06081223860383034 -3.5966718196868896 -0.029727252200245857 0.9995553493499756 -0.0023234374821186066 -2.144274950027466 0.06071658805012703 0.004125903360545635 0.9981464743614197 99.99138641357422
0.9978927373886108 0.031921736896038055 -0.05648919939994812 -3.6079986095428467 -0.03201806917786598 0.9994868636131287 -0.0008008363656699657 -2.161064624786377 0.056434646248817444 0.0026078231167048216 0.9984028339385986 100.53804779052734
0.9982711672782898 0.032794203609228134 -0.048776786774396896 -3.640153646469116 -0.03276967629790306 0.9994620084762573 0.0013026702217757702 -2.1751961708068848 0.04879327118396759 0.00029798131436109543 0.9988088607788086 101.04488372802734
0.9986931681632996 0.03285672888159752 -0.039143405854701996 -3.656960964202881 -0.032734595239162445 0.9994569420814514 0.0037571897264569998 -2.1875498294830322 0.03924558311700821 -0.0024709366261959076 0.9992265105247498 101.54523468017578
0.9991042017936707 0.03220406174659729 -0.02745346911251545 -3.652031421661377 -0.03207961469888687 0.9994728565216064 0.004961772821843624 -2.2030904293060303 0.0275987908244133 -0.004076630808413029 0.9996107816696167 102.02352142333984
0.9994105100631714 0.031328409910202026 -0.014044157229363918 -3.6502304077148438 -0.031259384006261826 0.999498188495636 0.005107977893203497 -2.2146332263946533 0.014197142794728279 -0.004665954504162073 0.9998883605003357 102.4818115234375
0.9995089769363403 0.03130811080336571 0.0012521110475063324 -3.6429221630096436 -0.03131289780139923 0.9995015263557434 0.0040006376802921295 -2.2237935066223145 -0.0011262334883213043 -0.004037880338728428 0.9999911785125732 102.91960906982422
0.9993754029273987 0.02982521615922451 0.018951330333948135 -3.6153502464294434 -0.029846325516700745 0.9995540976524353 0.0008320305496454239 -2.2347147464752197 -0.01891806535422802 -0.0013971389271318913 0.9998201131820679 103.34310913085938
0.9987511038780212 0.029464764520525932 0.04035116732120514 -3.588257312774658 -0.029338695108890533 0.9995625615119934 -0.003713061101734638 -2.248502254486084 -0.04044291377067566 0.002524572890251875 0.9991786479949951 103.75973510742188
0.997557520866394 0.02738407626748085 0.06425821036100388 -3.535952568054199 -0.02686498686671257 0.9995992183685303 -0.00892857275903225 -2.2551352977752686 -0.06447695940732956 0.007180469110608101 0.9978933334350586 104.1646499633789
0.9954731464385986 0.025200460106134415 0.09164169430732727 -3.474964141845703 -0.02421281300485134 0.9996362924575806 -0.011873342096805573 -2.2677574157714844 -0.0919075757265091 0.009600689634680748 0.9957212209701538 104.581787109375
0.9923774600028992 0.022320996969938278 0.12119702249765396 -3.398286819458008 -0.020921088755130768 0.999699056148529 -0.012811079621315002 -2.2841687202453613 -0.12144652009010315 0.010177853517234325 0.9925457239151001 104.97010803222656
0.9878970980644226 0.019999787211418152 0.1538158655166626 -3.3173274993896484 -0.01790154166519642 0.9997270107269287 -0.015014348551630974 -2.29695463180542 -0.15407416224479675 0.01207908894866705 0.987985372543335 105.31574249267578
0.9815794825553894 0.0177270770072937 0.19023014605045319 -3.2252769470214844 -0.014879162423312664 0.9997550249099731 -0.016388850286602974 -2.31377911567688 -0.19047404825687408 0.013256493955850601 0.9816027283668518 105.68805694580078
0.9735118746757507 0.014337028376758099 0.22818611562252045 -3.102720260620117 -0.010618463158607483 0.9997901320457458 -0.017515599727630615 -2.324869155883789 -0.22838932275772095 0.014628659933805466 0.9734599590301514 106.04850769042969
0.963290810585022 0.012360692955553532 0.26817500591278076 -2.9739761352539062 -0.007718832232058048 0.9998016357421875 -0.01835651509463787 -2.3422834873199463 -0.26834872364997864 0.015612663701176643 0.9631953239440918 106.39873504638672
0.950782835483551 0.012620806694030762 0.3096008002758026 -2.8442153930664062 -0.007037477567791939 0.9997919797897339 -0.019144218415021896 -2.364147901535034 -0.30977800488471985 0.016023186966776848 0.9506738185882568 106.7107162475586
0.9352779984474182 0.014921329915523529 0.3535992503166199 -2.6953048706054688 -0.008293427526950836 0.9997605085372925 -0.020252006128430367 -2.373734474182129 -0.3538167476654053 0.016008706763386726 0.935177743434906 107.0339126586914
0.9173012971878052 0.015479495748877525 0.3978927731513977 -2.5201873779296875 -0.008400320075452328 0.9997740387916565 -0.019528811797499657 -2.382952928543091 -0.39810508489608765 0.014571378007531166 0.9172240495681763 107.35139465332031
0.8965315222740173 0.014094848185777664 0.4427555203437805 -2.3405685424804688 -0.006670017726719379 0.9998098015785217 -0.01832227222621441 -2.396223783493042 -0.44292956590652466 0.013473307713866234 0.8964551091194153 107.66342163085938
0.8731657862663269 0.01319933868944645 0.48724445700645447 -2.1453704833984375 -0.004665161017328501 0.9998137950897217 -0.01872452162206173 -2.4135849475860596 -0.4874008893966675 0.01407653745263815 0.8730648159980774 107.93463897705078
0.8474836945533752 0.01458391547203064 0.5306210517883301 -1.9266395568847656 -0.003566205967217684 0.9997564554214478 -0.021782131865620613 -2.424281597137451 -0.5308094024658203 0.01656769961118698 0.8473291993141174 108.22776794433594
0.8202143311500549 0.015345010906457901 0.5718504786491394 -1.7026252746582031 -0.0018131869146600366 0.9997048377990723 -0.024225346744060516 -2.4537529945373535 -0.5720534920692444 0.018833106383681297 0.8199999928474426 108.4695816040039
0.7887621521949768 0.0199967660009861 0.6143731474876404 -1.4692878723144531 -0.003215482924133539 0.9995912909507751 -0.028406744822859764 -2.4733521938323975 -0.6146900653839111 0.020430658012628555 0.7885040640830994 108.73532104492188
0.7547500729560852 0.02626103349030018 0.6554867029190063 -1.2124519348144531 -0.006510154344141483 0.9994490742683411 -0.03254532068967819 -2.484525442123413 -0.6559802293777466 0.020296262577176094 0.7545052170753479 108.98458862304688
0.7170297503471375 0.031094886362552643 0.6963486075401306 -0.9401054382324219 -0.00813448429107666 0.9993097186088562 -0.036247290670871735 -2.4892568588256836 -0.6969950199127197 0.02032594569027424 0.7167877554893494 109.22877502441406
0.6777873039245605 0.030969280749559402 0.7346056699752808 -0.6428794860839844 -0.0059839701279997826 0.9993118643760681 -0.036607544869184494 -2.5119740962982178 -0.735233724117279 0.020416267216205597 0.677506148815155 109.45096588134766
0.6369299292564392 0.028442781418561935 0.7703969478607178 -0.32817840576171875 -0.0015169335529208183 0.9993634819984436 -0.03564201295375824 -2.524482488632202 -0.7709202766418457 0.0215328149497509 0.6365675926208496 109.64680480957031
0.5920355319976807 0.026749003678560257 0.8054678440093994 -0.000171661376953125 0.00022464711219072342 0.9994435906410217 -0.03335591405630112 -2.5336198806762695 -0.8059117794036865 0.019928831607103348 0.5917001366615295 109.86004638671875
0.5478129386901855 0.025234084576368332 0.8362202048301697 0.3314170837402344 0.0019802178721874952 0.9995030164718628 -0.03145861625671387 -2.5427069664001465 -0.8365986347198486 0.018889334052801132 0.547490656375885 109.97838592529297
0.49971526861190796 0.022717248648405075 0.8658917546272278 0.6913375854492188 0.00410105288028717 0.9995827674865723 -0.028591476380825043 -2.5541820526123047 -0.8661800026893616 0.017838669940829277 0.49941375851631165 110.14229583740234
0.44852423667907715 0.019015586003661156 0.8935684561729431 1.0594329833984375 0.007576846983283758 0.9996568560600281 -0.025076378136873245 -2.5644149780273438 -0.8937385678291321 0.01801779307425022 0.44822627305984497 110.28903198242188
0.39630624651908875 0.018978510051965714 0.9179222583770752 1.4152755737304688 0.004132877103984356 0.9997392296791077 -0.022454459220170975 -2.593432903289795 -0.9181091785430908 0.012692498043179512 0.3961244821548462 110.41276550292969
0.34434086084365845 0.0239555686712265 0.9385390281677246 1.8036308288574219 0.000764765776693821 0.9996669292449951 -0.025796398520469666 -2.6068522930145264 -0.9388442635536194 0.009600520133972168 0.3442077934741974 110.53711700439453
0.29407018423080444 0.02956870198249817 0.9553263187408447 2.223428726196289 -0.0002612782991491258 0.9995237588882446 -0.03085624985396862 -2.619576930999756 -0.9557837843894958 0.008824296295642853 0.29393789172172546 110.63432312011719
0.24742695689201355 0.03162481263279915 0.9683902263641357 2.6320743560791016 0.001807572552934289 0.9994503855705261 -0.03310098126530647 -2.6334609985351562 -0.9689049124717712 0.009940511547029018 0.24723383784294128 110.7027587890625
0.2063799500465393 0.03142472356557846 0.9779672026634216 3.0509281158447266 0.008933782577514648 0.999381959438324 -0.03399813175201416 -2.652313470840454 -0.9784311652183533 0.015753479674458504 0.20597171783447266 110.74781036376953
0.17126473784446716 0.031148016452789307 0.9847325682640076 3.486459732055664 0.0176713764667511 0.9992421865463257 -0.03468037396669388 -2.6663129329681396 -0.9850665926933289 0.023341108113527298 0.17058447003364563 110.78421783447266
0.14073006808757782 0.0325133316218853 0.9895139932632446 3.9378414154052734 0.021820051595568657 0.9991159439086914 -0.035932112485170364 -2.6821892261505127 -0.9898076057434082 0.02664797194302082 0.1398962140083313 110.82099914550781
0.1124182641506195 0.030527422204613686 0.9931918978691101 4.408377647399902 0.020349975675344467 0.999247670173645 -0.03301694244146347 -2.706791400909424 -0.9934526085853577 0.023923136293888092 0.11171245574951172 110.86614227294922
0.08676427602767944 0.02727639488875866 0.9958553314208984 4.923165321350098 0.014248345047235489 0.999488890171051 -0.028617307543754578 -2.7215776443481445 -0.9961270093917847 0.016672251746058464 0.086331307888031 110.9122543334961
0.06329500675201416 0.023415224626660347 0.9977201223373413 5.400905609130859 0.008945447392761707 0.9996712803840637 -0.024028513580560684 -2.740140676498413 -0.997954785823822 0.010445937514305115 0.06306473910808563 110.9345703125
0.040667563676834106 0.020900370553135872 0.9989540576934814 5.926251411437988 0.013205225579440594 0.9996827244758606 -0.021453198045492172 -2.761741876602173 -0.999085545539856 0.014063863083720207 0.04037865251302719 110.93842315673828
0.020581796765327454 0.02169816568493843 0.9995526075363159 6.463631629943848 0.020983988419175148 0.9995348453521729 -0.022129859775304794 -2.7813165187835693 -0.9995678663253784 0.02143007330596447 0.02011692151427269 110.92071533203125
0.003209669142961502 0.0241891797631979 0.9997022151947021 7.016687870025635 0.02620438113808632 0.999362051486969 -0.02426508069038391 -2.8000924587249756 -0.9996514916419983 0.026274459436535835 0.0025737546384334564 110.90286254882812
-0.011860564351081848 0.029428059235215187 0.9994964599609375 7.625894069671631 0.02519272081553936 0.9992584586143494 -0.02912209741771221 -2.8227548599243164 -0.9996122121810913 0.024834631010890007 -0.01259315013885498 110.91191101074219
-0.02198163978755474 0.03435913100838661 0.999167799949646 8.226922035217285 0.02445889450609684 0.9991286396980286 -0.033819690346717834 -2.828827381134033 -0.9994590878486633 0.02369512803852558 -0.022802870720624924 110.89035034179688
-0.028677452355623245 0.03397531807422638 0.999011218547821 8.847028732299805 0.02633938193321228 0.999100923538208 -0.03322227671742439 -2.850343942642212 -0.9992415904998779 0.025360608473420143 -0.02954656258225441 110.87269592285156
-0.03133024275302887 0.0311967134475708 0.9990221858024597 9.499109268188477 0.03264814615249634 0.9990114569664001 -0.030172502622008324 -2.868483066558838 -0.9989757537841797 0.03167090564966202 -0.03231778368353844 110.848876953125
-0.030668271705508232 0.029257331043481827 0.9991014003753662 10.144536018371582 0.03390941396355629 0.9990265965461731 -0.028214266523718834 -2.900146007537842 -0.9989543557167053 0.03301364928483963 -0.03163051977753639 110.81888580322266
-0.028552107512950897 0.028858887031674385 0.9991755485534668 10.83786678314209 0.03240230306982994 0.9990845322608948 -0.02793033979833126 -2.9281585216522217 -0.9990670084953308 0.03157811611890793 -0.02946106158196926 110.80470275878906
-0.027016617357730865 0.029377318918704987 0.9992032051086426 11.522087097167969 0.029314521700143814 0.9991614818572998 -0.028583483770489693 -2.9496891498565674 -0.9992049932479858 0.028518930077552795 -0.027855146676301956 110.79179382324219
-0.025996848940849304 0.030515985563397408 0.9991960525512695 12.232646942138672 0.028421619907021523 0.9991524815559387 -0.02977517805993557 -2.9734370708465576 -0.9992579221725464 0.0276247076690197 -0.02684212662279606 110.78398895263672
-0.024846753105521202 0.031183820217847824 0.9992047548294067 12.955727577209473 0.027828866615891457 0.9991475939750671 -0.030490029603242874 -3.00600528717041 -0.9993038773536682 0.027049165219068527 -0.025693384930491447 110.76122283935547
-0.024428458884358406 0.03095710650086403 0.9992222189903259 13.704710006713867 0.027017200365662575 0.9991758465766907 -0.030295168980956078 -3.029480457305908 -0.9993364810943604 0.026256123557686806 -0.02524469792842865 110.75556182861328
