0.9999953508377075 0.002294974634423852 0.001995465951040387 -0.11734265834093094 -0.0022945029195398092 0.9999973177909851 -0.00023867636627983302 0.24609537422657013 -0.0019960084464401007 0.00023409666027873755 0.9999979734420776 -1.5977189540863037
0.9999995827674866 0.0006874186219647527 0.0005732268909923732 -0.11918780952692032 -0.0006867430056445301 0.9999990463256836 -0.0011778153711929917 0.2383951097726822 -0.0005740357446484268 0.0011774213053286076 0.9999991655349731 -1.0334006547927856
0.9999997615814209 0.0005030535976402462 -0.00039834834751673043 -0.12321092188358307 -0.0005041771801188588 0.9999958872795105 -0.0028254734352231026 0.22830748558044434 0.00039692551945336163 0.0028256739024072886 0.9999959468841553 -0.47834083437919617
0.9999967813491821 -0.00021553607075475156 -0.0025311282370239496 -0.1233740746974945 0.00020598307310137898 0.999992847442627 -0.0037736918311566114 0.21053479611873627 0.002531923819333315 0.0037731584161520004 0.9999896287918091 0.08717341721057892
0.999988317489624 -0.002056035678833723 -0.00437563844025135 -0.1332847625017166 0.0020307584200054407 0.9999812841415405 -0.005773476324975491 0.20433352887630463 0.004387427121400833 0.005764523521065712 0.9999737739562988 0.6538989543914795
0.9999769926071167 -0.004537774249911308 -0.005039255600422621 -0.15433190762996674 0.004499658476561308 0.9999613165855408 -0.0075494153425097466 0.18485751748085022 0.00507331732660532 0.007526565808802843 0.9999587535858154 1.2037594318389893
0.9999631643295288 -0.005712675396353006 -0.006405696738511324 -0.16195367276668549 0.0056607723236083984 0.9999512434005737 -0.008091979660093784 0.17070946097373962 0.00645161047577858 0.008055418729782104 0.9999467134475708 1.7731497287750244
0.9999545812606812 -0.005699596833437681 -0.007647968363016844 -0.17425602674484253 0.005642607808113098 0.9999563097953796 -0.007452765945345163 0.1575426459312439 0.007690111640840769 0.007409271318465471 0.99994295835495 2.3524091243743896
0.999943196773529 -0.00616802042350173 -0.008692830801010132 -0.1823548525571823 0.006099413149058819 0.9999502301216125 -0.007896780036389828 0.14416682720184326 0.0087411068379879 0.007843311876058578 0.9999310374259949 2.94785737991333
0.9999337792396545 -0.0055581796914339066 -0.010069513693451881 -0.1892234832048416 0.005451667588204145 0.9999291300773621 -0.010574343614280224 0.12703987956047058 0.01012757420539856 0.010518747381865978 0.9998933672904968 3.542207956314087
0.9999282956123352 -0.0038582617416977882 -0.011334334500133991 -0.2019268423318863 0.0036957263946533203 0.9998905062675476 -0.014326152391731739 0.11164402216672897 0.011388367973268032 0.014283237047493458 0.9998331665992737 4.148833751678467
0.9999169111251831 -0.0025950742419809103 -0.012626517564058304 -0.21737128496170044 0.0023657341953366995 0.9998325109481812 -0.018144572153687477 0.10046254098415375 0.012671489268541336 0.018113192170858383 0.9997556209564209 4.761631965637207
0.9999057054519653 -0.0006424710154533386 -0.0137114766985178 -0.2348848134279251 0.00039345488767139614 0.9998351335525513 -0.018156137317419052 0.08616730570793152 0.013720881193876266 0.018149031326174736 0.9997410774230957 5.391112804412842
0.999886691570282 0.0016047917306423187 -0.014966282993555069 -0.24610143899917603 -0.0017726428341120481 0.9999356269836426 -0.011208771727979183 0.07448980212211609 0.014947330579161644 0.011234032921493053 0.9998251795768738 6.031435489654541
0.9998789429664612 0.0025325980968773365 -0.015344871208071709 -0.2658562660217285 -0.0025411336682736874 0.9999966621398926 -0.0005367902922444046 0.060821741819381714 0.015343459323048592 0.0005757185281254351 0.999882161617279 6.693584442138672
0.9998611211776733 0.003274718765169382 -0.016343191266059875 -0.27915823459625244 -0.003176369471475482 0.9999767541885376 0.00604008324444294 0.05047104135155678 0.016362590715289116 -0.00598733127117157 0.9998481869697571 7.376794815063477
0.9998260736465454 0.005700469948351383 -0.017756666988134384 -0.29700881242752075 -0.005613808054476976 0.9999721050262451 0.0049265483394265175 0.03530878946185112 0.017784254625439644 -0.004826010204851627 0.9998301863670349 8.062141418457031
0.9998034834861755 0.00767640070989728 -0.018276533111929893 -0.32163822650909424 -0.0077196829952299595 0.999967634677887 -0.0022988070268183947 0.029669230803847313 0.018258292227983475 0.002439442789182067 0.9998303055763245 8.753839492797852
0.9997824430465698 0.007412583101540804 -0.019496524706482887 -0.3383280038833618 -0.007574130315333605 0.9999375343322754 -0.008225204423069954 0.029445765540003777 0.019434334710240364 0.008371083065867424 0.9997760653495789 9.46463680267334
0.9997729063034058 0.004930701106786728 -0.02073422260582447 -0.35218822956085205 -0.005068587139248848 0.9999653697013855 -0.006602887529879808 0.02675664611160755 0.02070094645023346 0.00670647993683815 0.9997632503509521 10.201927185058594
0.999772846698761 0.00469566136598587 -0.020788194611668587 -0.37831273674964905 -0.004640545696020126 0.9999855160713196 0.0026987704914063215 0.012635552324354649 0.020800568163394928 -0.0026016884949058294 0.9997801780700684 10.964089393615723
0.9997684955596924 0.004140133503824472 -0.02111252397298813 -0.39760634303092957 -0.0039254543371498585 0.9999402165412903 0.01019966509193182 0.007345201447606087 0.021153494715690613 -0.010114427655935287 0.9997250437736511 11.73858642578125
0.9997630715370178 0.0033488308545202017 -0.02150607295334339 -0.4212099313735962 -0.0030779235530644655 0.999915599822998 0.012617560103535652 0.005368407815694809 0.021546514704823494 -0.012548377737402916 0.9996890425682068 12.525897026062012
0.9997629523277283 0.001534831477329135 -0.021717673167586327 -0.43857353925704956 -0.0012845908058807254 0.999932587146759 0.011531735770404339 0.00632112380117178 0.021733911707997322 -0.011501104570925236 0.9996976256370544 13.333029747009277
0.9997762441635132 0.0009757056250236928 -0.021130407229065895 -0.4574623107910156 -0.0007806532667018473 0.9999570250511169 0.009237157180905342 0.00362121663056314 0.02113850973546505 -0.009218594059348106 0.9997339844703674 14.15777587890625
0.9997802376747131 0.0036818061489611864 -0.02063652127981186 -0.47872766852378845 -0.0035592501517385244 0.9999758005142212 0.005972371436655521 0.001634653308428824 0.020658010616898537 -0.005897609982639551 0.9997691512107849 14.996378898620605
0.9998005628585815 0.0002669396053534001 -0.019972549751400948 -0.4947945475578308 -0.00026260397862643003 0.9999999403953552 0.00021970432135276496 -0.0016337973065674305 0.019972607493400574 -0.000214415616937913 0.999800443649292 15.85414981842041
0.9998127222061157 -0.0023433577734977007 -0.019212882965803146 -0.5115808844566345 0.002228287048637867 0.9999793767929077 -0.006008448079228401 -0.012144526466727257 0.019226571545004845 0.005964509677141905 0.9997973442077637 16.72154998779297
0.9998366236686707 -0.0013564004329964519 -0.018021350726485252 -0.5324897170066833 0.0011480046669021249 0.9999324083328247 -0.01156914234161377 -0.02295125275850296 0.018035821616649628 0.011546564288437366 0.9997705817222595 17.629087448120117
0.9998466372489929 -0.0002116958930855617 -0.017509805038571358 -0.5577452182769775 -5.0859430302807596e-06 0.9999234080314636 -0.012379627674818039 -0.03852275758981705 0.01751108095049858 0.012377819046378136 0.9997699856758118 18.533681869506836
0.9998286366462708 -0.00016432318079750985 -0.018511399626731873 -0.5687810778617859 -5.179949221201241e-05 0.999931812286377 -0.011674038134515285 -0.05797593295574188 0.01851205714046955 0.011672996915876865 0.9997603893280029 19.473617553710938
0.9998329877853394 0.0016923053190112114 -0.01819480210542679 -0.5988641977310181 -0.0019308292539790273 0.9999122619628906 -0.01309988647699356 -0.0834636390209198 0.0181710384786129 0.013132830150425434 0.9997486472129822 20.41276741027832
0.9998245239257812 0.004598783329129219 -0.018166713416576385 -0.6158844828605652 -0.004875473212450743 0.9998723268508911 -0.015215741470456123 -0.10505623370409012 0.018094420433044434 0.015301640145480633 0.9997192025184631 21.367372512817383
0.9997971653938293 0.007899535819888115 -0.018522538244724274 -0.6397024989128113 -0.008196021430194378 0.999838650226593 -0.015985839068889618 -0.129068985581398 0.018393266946077347 0.01613440550863743 0.999700665473938 22.332944869995117
0.9997837543487549 0.009767955169081688 -0.01836034283041954 -0.6699072122573853 -0.010060340166091919 0.9998229146003723 -0.015900542959570885 -0.15608924627304077 0.01820177398622036 0.01608181558549404 0.9997050166130066 23.309356689453125
0.9997766613960266 0.010611403733491898 -0.018275834619998932 -0.6989938616752625 -0.010904672555625439 0.9998121857643127 -0.01602260023355484 -0.18188276886940002 0.018102383241057396 0.016218312084674835 0.9997046589851379 24.287433624267578
0.9997699856758118 0.01028413325548172 -0.018819553777575493 -0.7130448222160339 -0.010588283650577068 0.9998137354850769 -0.016133734956383705 -0.20749758183956146 0.018650131300091743 0.016329292207956314 0.9996927976608276 25.26549530029297
0.9997482895851135 0.011453486047685146 -0.019290048629045486 -0.7318884134292603 -0.011738087981939316 0.9998229742050171 -0.014705844223499298 -0.24496980011463165 0.01911820098757744 0.014928571879863739 0.9997057914733887 26.30553436279297
0.9997367262840271 0.012099388986825943 -0.019498880952596664 -0.7575035095214844 -0.012344970367848873 0.9998453855514526 -0.012523811310529709 -0.2731335759162903 0.019344337284564972 0.01276122871786356 0.9997314214706421 27.323896408081055
0.999724268913269 0.012749789282679558 -0.01971820369362831 -0.7835597395896912 -0.012971163727343082 0.999853789806366 -0.011140086688101292 -0.30354180932044983 0.019573286175727844 0.011392783373594284 0.9997435212135315 28.342557907104492
0.9997156262397766 0.013092865236103535 -0.019935207441449165 -0.804395854473114 -0.01334276795387268 0.9998334646224976 -0.012454722076654434 -0.32528629899024963 0.019768817350268364 0.012717170640826225 0.9997237324714661 29.37935447692871
0.999700665473938 0.01396950613707304 -0.020083187147974968 -0.8330444693565369 -0.014239654876291752 0.999809205532074 -0.013371958397328854 -0.35835281014442444 0.019892558455467224 0.013653934001922607 0.999708890914917 30.4025821685791
0.9996995329856873 0.013509386219084263 -0.020451046526432037 -0.8597258925437927 -0.013765874318778515 0.9998276829719543 -0.012453095987439156 -0.3849911689758301 0.020279288291931152 0.012730881571769714 0.9997133016586304 31.437700271606445
0.999690592288971 0.01331713143736124 -0.02100791037082672 -0.8878510594367981 -0.013533467426896095 0.9998565316200256 -0.010189484804868698 -0.40601807832717896 0.02086920291185379 0.010470641776919365 0.9997273683547974 32.49464416503906
0.9996792674064636 0.013475442305207253 -0.021441806107759476 -0.9174126982688904 -0.013613362796604633 0.9998874068260193 -0.006299459375441074 -0.4326229691505432 0.02135450579226017 0.006589334458112717 0.9997503161430359 33.54663848876953
0.9996656775474548 0.013935677707195282 -0.02177998423576355 -0.945793092250824 -0.014028766192495823 0.9998930096626282 -0.004127021413296461 -0.45365411043167114 0.021720143035054207 0.004431188106536865 0.9997542500495911 34.6325569152832
0.9996530413627625 0.01426937710493803 -0.02213992550969124 -0.9767573475837708 -0.01435573399066925 0.9998899102210999 -0.003746453206986189 -0.4706234931945801 0.022084027528762817 0.004062988329678774 0.9997478723526001 35.70447540283203
0.999643862247467 0.01363912783563137 -0.022936463356018066 -1.0025057792663574 -0.013750790618360043 0.999894380569458 -0.004717583768069744 -0.49827176332473755 0.022869694977998734 0.005031298846006393 0.9997257590293884 36.792152404785156
0.9996325373649597 0.014130644500255585 -0.02313092164695263 -1.043703556060791 -0.014259453862905502 0.9998836517333984 -0.00541330873966217 -0.5160265564918518 0.023051736876368523 0.005741153843700886 0.9997177720069885 37.87337875366211
0.9996158480644226 0.01356387510895729 -0.024170031771063805 -1.067903995513916 -0.013671285472810268 0.999897301197052 -0.004284299910068512 -0.5401301980018616 0.02410943992435932 0.0046130889095366 0.9996986389160156 38.95838928222656
0.999586284160614 0.014295192435383797 -0.024960141628980637 -1.101870059967041 -0.014360710978507996 0.999893844127655 -0.0024476039689034224 -0.556136429309845 0.024922505021095276 0.002805036026984453 0.9996854662895203 40.0450325012207
0.9995879530906677 0.01365659199655056 -0.025246499106287956 -1.1416410207748413 -0.013645803555846214 0.9999066591262817 0.0005996027612127364 -0.5865484476089478 0.025252336636185646 -0.00025484792422503233 0.9996810555458069 41.136051177978516
0.9995608925819397 0.01513917837291956 -0.025472840294241905 -1.182532548904419 -0.015135475434362888 0.9998853802680969 0.00033817850635387003 -0.6070608496665955 0.025475038215517998 4.7513200115645304e-05 0.9996755123138428 42.212589263916016
0.999521017074585 0.01706876792013645 -0.025816405192017555 -1.2278755903244019 -0.01716802828013897 0.9998459815979004 -0.003628060920163989 -0.6251726150512695 0.025750502943992615 0.0040695397183299065 0.999660074710846 43.29738235473633
0.9994877576828003 0.018188297748565674 -0.02633224055171013 -1.241653323173523 -0.018404966220259666 0.9997984766960144 -0.00800932664424181 -0.6463325619697571 0.026181261986494064 0.00848986953496933 0.9996211528778076 44.38872146606445
0.9994800090789795 0.018597086891531944 -0.026340855285525322 -1.2774951457977295 -0.018823761492967606 0.9997876882553101 -0.008383688516914845 -0.6695181727409363 0.026179350912570953 0.008875163272023201 0.999617874622345 45.4716682434082
0.9994829893112183 0.019221050664782524 -0.025775693356990814 -1.3185746669769287 -0.01937558688223362 0.99979567527771 -0.005759088322520256 -0.6941164135932922 0.02565973438322544 0.006255530286580324 0.9996511340141296 46.545692443847656
0.9994598031044006 0.01980491913855076 -0.026227707043290138 -1.3464491367340088 -0.01990293525159359 0.9997958540916443 -0.0034813706297427416 -0.7219542860984802 0.026153402402997017 0.004001499153673649 0.9996498823165894 47.65594482421875
0.9994969367980957 0.01804618537425995 -0.02608170174062252 -1.3744299411773682 -0.01810617186129093 0.9998339414596558 -0.0020655819680541754 -0.7473031282424927 0.026040097698569298 0.00253678229637444 0.9996576905250549 48.761863708496094
0.999523937702179 0.017945533618330956 -0.025095781311392784 -1.4145900011062622 -0.018017388880252838 0.9998342394828796 -0.0026400743518024683 -0.7729610204696655 0.025044243782758713 0.003090978367254138 0.9996816515922546 49.848018646240234
0.999534010887146 0.017025277018547058 -0.025336584076285362 -1.4424434900283813 -0.01714343950152397 0.9998431205749512 -0.004453805275261402 -0.792782723903656 0.02525678090751171 0.004886085633188486 0.999669075012207 50.94312286376953
0.999525785446167 0.01777009107172489 -0.02514800615608692 -1.4689059257507324 -0.017950015142560005 0.9998147487640381 -0.006947071757167578 -0.817871630191803 0.025019900873303413 0.007395184598863125 0.9996595978736877 52.01495361328125
0.9995511770248413 0.0166486669331789 -0.024905603379011154 -1.4984233379364014 -0.016889380291104317 0.9998123645782471 -0.009486164897680283 -0.8436561822891235 0.02474300004541874 0.009902546182274818 0.9996448159217834 53.11307907104492
0.9995806217193604 0.015037081204354763 -0.024747759103775024 -1.5303107500076294 -0.01534778717905283 0.999805212020874 -0.01241330523043871 -0.8809313774108887 0.02455628104507923 0.012787923216819763 0.9996166825294495 54.19411087036133
0.9996020197868347 0.013832474127411842 -0.02458641678094864 -1.5575413703918457 -0.014187824912369251 0.9997965693473816 -0.014337851665914059 -0.9109079241752625 0.02438308298587799 0.014680971391499043 0.9995948672294617 55.27327346801758
0.9996315240859985 0.012209650129079819 -0.02424464374780655 -1.5869790315628052 -0.012501129880547523 0.9998509883880615 -0.011907382868230343 -0.9442214369773865 0.024095647037029266 0.012206078507006168 0.9996351003646851 56.360721588134766
0.9996514916419983 0.010838701389729977 -0.024071574211120605 -1.6157397031784058 -0.010990762151777744 0.9999204277992249 -0.006193750537931919 -0.9684671759605408 0.024002524092793465 0.0064561571925878525 0.9996910691261292 57.454017639160156
0.999671459197998 0.009061573073267937 -0.02397509478032589 -1.641129493713379 -0.009071523323655128 0.9999588131904602 -0.00030627011437900364 -0.9912386536598206 0.023971330374479294 0.0005236600991338491 0.9997125267982483 58.56171798706055
0.9996824860572815 0.00745968846604228 -0.024066440761089325 -1.6669843196868896 -0.00745904678478837 0.9999721646308899 0.00011643308243947104 -1.0076175928115845 0.024066636338829994 6.311658944468945e-05 0.9997103214263916 59.653289794921875
0.9997121691703796 0.004129862878471613 -0.023631945252418518 -1.6953526735305786 -0.004195136483758688 0.9999876022338867 -0.002713181544095278 -1.0284005403518677 0.023620445281267166 0.0028115399181842804 0.9997170567512512 60.74192810058594
0.9997196793556213 0.0028842235915362835 -0.023499589413404465 -1.7297933101654053 -0.0030257992912083864 0.9999774098396301 -0.005991263315081596 -1.050372838973999 0.023481780663132668 0.006060689687728882 0.9997059106826782 61.841285705566406
0.9997109770774841 0.004957321099936962 -0.02352500520646572 -1.7646406888961792 -0.0051951054483652115 0.9999358654022217 -0.010057403706014156 -1.075932502746582 0.023473642766475677 0.010176712647080421 0.9996726512908936 62.92841720581055
0.9997132420539856 0.005203322973102331 -0.023373853415250778 -1.796655297279358 -0.0055376868695020676 0.9998829364776611 -0.014263153076171875 -1.105797529220581 0.0232969019562006 0.014388501644134521 0.9996250867843628 64.00792694091797
0.9997122883796692 0.007648197002708912 -0.02273537777364254 -1.8296442031860352 -0.007990175858139992 0.9998557567596436 -0.014989136718213558 -1.1340456008911133 0.022617457434535027 0.015166484750807285 0.9996291399002075 65.12207794189453
0.9997000098228455 0.011316578835248947 -0.02172125317156315 -1.8695663213729858 -0.011565222404897213 0.999868631362915 -0.011355784721672535 -1.1636759042739868 0.021589891985058784 0.011603587307035923 0.999699592590332 66.22526550292969
0.9996736645698547 0.013023657724261284 -0.021979976445436478 -1.8987337350845337 -0.013225695118308067 0.9998713731765747 -0.009071673266589642 -1.1959925889968872 0.021859001368284225 0.009359411895275116 0.9997172355651855 67.32569122314453
0.9996739625930786 0.013084284961223602 -0.02192777581512928 -1.9213062524795532 -0.013269373215734959 0.999877393245697 -0.008316666819155216 -1.2267085313796997 0.02181626856327057 0.008604924194514751 0.9997249841690063 68.41824340820312
0.9996948838233948 0.011390050873160362 -0.021921250969171524 -1.9463989734649658 -0.011554792523384094 0.9999058246612549 -0.007403112947940826 -1.2560955286026 0.02183486521244049 0.0076541476882994175 0.9997323751449585 69.51158142089844
0.9996997117996216 0.010376074351370335 -0.022198786959052086 -1.9742565155029297 -0.010512120090425014 0.9999266266822815 -0.006020632106810808 -1.2811695337295532 0.0221346877515316 0.00625218078494072 0.9997354745864868 70.61481475830078
0.9997124075889587 0.008850518614053726 -0.022289544343948364 -2.0067927837371826 -0.008946576155722141 0.9999510645866394 -0.004213481210172176 -1.3009991645812988 0.02225116454064846 0.004411684814840555 0.9997427463531494 71.70475006103516
0.9996956586837769 0.0078010172583162785 -0.023401111364364624 -2.026472806930542 -0.007870637811720371 0.9999648928642273 -0.002884424291551113 -1.3237792253494263 0.023377787321805954 0.0030677278991788626 0.9997220039367676 72.79025268554688
0.9996959567070007 0.006738655269145966 -0.023717684671282768 -2.0581233501434326 -0.00682422798126936 0.9999704957008362 -0.0035288918297737837 -1.358043909072876 0.023693203926086426 0.003689673962071538 0.9997124671936035 73.89714813232422
0.9996731281280518 0.007135157939046621 -0.02455119788646698 -2.0860440731048584 -0.0073171574622392654 0.9999463558197021 -0.00733122369274497 -1.3830362558364868 0.02449757046997547 0.007508472073823214 0.9996716976165771 74.97501373291016
0.9996476173400879 0.007413897197693586 -0.02548852004110813 -2.1116185188293457 -0.007662404328584671 0.9999239444732666 -0.009665939956903458 -1.404510259628296 0.02541491948068142 0.009857837110757828 0.9996284246444702 76.05433654785156
0.999625563621521 0.009660974144935608 -0.02559986338019371 -2.15667724609375 -0.009855708107352257 0.9999233484268188 -0.007491614203900099 -1.4397671222686768 0.025525521486997604 0.007741114124655724 0.9996442198753357 77.14071655273438
0.9996054172515869 0.010409362614154816 -0.02608727104961872 -2.192441701889038 -0.010505556128919125 0.9999384880065918 -0.0035530726891011 -1.459013819694519 0.026048680767416954 0.003825731575489044 0.9996533989906311 78.22239685058594
0.9995777010917664 0.01179460622370243 -0.026555778458714485 -2.2292048931121826 -0.011777752079069614 0.9999303221702576 0.0007909844862297177 -1.4905860424041748 0.026563258841633797 -0.00047788297524675727 0.9996470212936401 79.29582214355469
0.999535858631134 0.012907414697110653 -0.02759484201669693 -2.2629735469818115 -0.012873020954430103 0.999916136264801 0.0014236837159842253 -1.5085484981536865 0.02761090360581875 -0.0010677939280867577 0.9996181726455688 80.36541748046875
0.9995250701904297 0.012964563444256783 -0.02795601636171341 -2.301910877227783 -0.01299640629440546 0.9999150037765503 -0.0009576415759511292 -1.5244102478027344 0.027941226959228516 0.0013205145951360464 0.9996086955070496 81.43378448486328
0.9995226860046387 0.012415934354066849 -0.028290506452322006 -2.3446624279022217 -0.012463599443435669 0.9999212026596069 -0.0015090791275724769 -1.5494171380996704 0.02826954610645771 0.0018609603866934776 0.9995986223220825 82.51475524902344
0.9995020031929016 0.012336697429418564 -0.029043186455965042 -2.3622920513153076 -0.012386670336127281 0.9999220967292786 -0.001541348290629685 -1.577306866645813 0.029021909460425377 0.0019003291381523013 0.999576985836029 83.5623779296875
0.999491810798645 0.011389534920454025 -0.02977083995938301 -2.398656129837036 -0.011435872875154018 0.999933660030365 -0.0013866359367966652 -1.5957971811294556 0.029753074049949646 0.0017263867193832994 0.9995558261871338 84.59535217285156
0.9994788765907288 0.010145869106054306 -0.030644387006759644 -2.427694320678711 -0.01015722006559372 0.9999483823776245 -0.00021477539849001914 -1.615034818649292 0.030640626326203346 0.0005259253084659576 0.9995303750038147 85.63216400146484
0.9994731545448303 0.010144672356545925 -0.030830323696136475 -2.4692039489746094 -0.01005786843597889 0.9999449849128723 0.002969329943880439 -1.6464849710464478 0.03085874766111374 -0.0026576777454465628 0.9995202422142029 86.64878845214844
0.9994460344314575 0.009624991565942764 -0.031860049813985825 -2.5032339096069336 -0.009513653814792633 0.9999480843544006 0.0036443634890019894 -1.6613465547561646 0.031893473118543625 -0.003339238930493593 0.9994856715202332 87.62108612060547
0.9993896484375 0.008352523669600487 -0.03391764685511589 -2.543545722961426 -0.008216598071157932 0.9999576807022095 0.004144920967519283 -1.687549114227295 0.03395082429051399 -0.003863703226670623 0.9994159936904907 88.59256744384766
0.9992820620536804 0.007477570325136185 -0.03714003786444664 -2.5831167697906494 -0.0073672267608344555 0.9999681115150452 0.0031069600954651833 -1.7039762735366821 0.037162087857723236 -0.002831110032275319 0.9993051886558533 89.5234375
0.9991496205329895 0.00713721476495266 -0.0406092070043087 -2.6271071434020996 -0.0070520201697945595 0.9999727010726929 0.002240785863250494 -1.7223014831542969 0.040624089539051056 -0.0019525026436895132 0.999172568321228 90.44438934326172
0.9990260601043701 0.007241471670567989 -0.043525293469429016 -2.674672842025757 -0.007132660131901503 0.9999710321426392 0.0026547363959252834 -1.7398641109466553 0.0435432568192482 -0.0023416997864842415 0.9990487694740295 91.33416748046875
0.998869776725769 0.008423209190368652 -0.046776335686445236 -2.720432996749878 -0.008256591856479645 0.999958872795105 0.003754050238057971 -1.7570078372955322 0.046806033700704575 -0.0033635946456342936 0.9988983869552612 92.19903564453125
0.9987255334854126 0.009153704158961773 -0.049632735550403595 -2.773909091949463 -0.008928271941840649 0.9999487996101379 0.0047618006356060505 -1.7721177339553833 0.04967378079891205 -0.004312597680836916 0.9987561702728271 93.04707336425781
0.9985380172729492 0.01041828840970993 -0.05303966626524925 -2.817671775817871 -0.010088155046105385 0.9999280571937561 0.0064882030710577965 -1.788128137588501 0.05310345068573952 -0.005943644791841507 0.9985712766647339 93.8641586303711
0.9984033107757568 0.011788658797740936 -0.055244214832782745 -2.876180410385132 -0.011411724612116814 0.9999094605445862 0.0071335737593472 -1.8022154569625854 0.05532331392168999 -0.0064917514100670815 0.9984472990036011 94.65107727050781
0.998233437538147 0.013836603611707687 -0.05778020992875099 -2.925837755203247 -0.013402532786130905 0.999879002571106 0.007893281057476997 -1.8208602666854858 0.05788244307041168 -0.007104935590177774 0.9982981085777283 95.41068267822266
0.9980284571647644 0.0154971769079566 -0.0608188770711422 -2.9721131324768066 -0.015119449235498905 0.9998634457588196 0.00666603771969676 -1.8345104455947876 0.060913875699043274 -0.0057333470322191715 0.9981265664100647 96.13603973388672
0.9978466629981995 0.016682462766766548 -0.06343166530132294 -3.0259838104248047 -0.01651269569993019 0.999858558177948 0.003199708415195346 -1.8541431427001953 0.0634760707616806 -0.002145390724763274 0.9979810118675232 96.8318862915039
0.9976481795310974 0.019490420818328857 -0.06571261584758759 -3.087994337081909 -0.01958845928311348 0.9998077154159546 -0.0008478905656374991 -1.861380696296692 0.06568345427513123 0.002133105183020234 0.9978381991386414 97.51004791259766
0.9974779486656189 0.021043021231889725 -0.06778585910797119 -3.1337575912475586 -0.021319499239325523 0.9997670650482178 -0.0033578481525182724 -1.8802406787872314 0.06769939512014389 0.004794539883732796 0.9976942539215088 98.15324401855469
0.9973570704460144 0.023085221648216248 -0.0688910260796547 -3.1791670322418213 -0.023435181006789207 0.9997162222862244 -0.004275969695299864 -1.8949639797210693 0.06877275556325912 0.0058791423216462135 0.9976150393486023 98.77002716064453
0.9973666667938232 0.025487441569566727 -0.06789790093898773 -3.2304599285125732 -0.025802021846175194 0.9996600151062012 -0.003760087536647916 -1.9108715057373047 0.06777897477149963 0.00550208892673254 0.9976851940155029 99.35662841796875
0.9975225925445557 0.029137052595615387 -0.06402895599603653 -3.2954342365264893 -0.02934698760509491 0.9995665550231934 -0.002340549137443304 -1.9263430833816528 0.06393299251794815 0.0042138067074120045 0.9979453682899475 99.92694854736328
0.997729480266571 0.03179047629237175 -0.05937404930591583 -3.311215877532959 -0.03190340846776962 0.99949049949646 -0.0009547731606289744 -1.9414931535720825 0.05931345745921135 0.0028468396048992872 0.9982353448867798 100.47036743164062
0.9981285333633423 0.03244753181934357 -0.05183355510234833 -3.3423984050750732 -0.03242902085185051 0.9994732737541199 0.0011983414879068732 -1.9564130306243896 0.05184514820575714 0.0004848128301091492 0.9986550211906433 100.98220825195312
0.9985858201980591 0.03257181495428085 -0.04201551154255867 -3.363628625869751 -0.03244544565677643 0.9994666576385498 0.0036863544955849648 -1.9688268899917603 0.04211317375302315 -0.002317930106073618 0.9991101026535034 101.48139190673828
0.9990323185920715 0.03222929313778877 -0.029926439747214317 -3.3761425018310547 -0.03210294246673584 0.9994734525680542 0.00469309464097023 -1.9794574975967407 0.03006194718182087 -0.003727826988324523 0.9995410442352295 101.96227264404297
0.9993605613708496 0.031240146607160568 -0.01739378087222576 -3.3528733253479004 -0.03115961328148842 0.999502420425415 0.004882088862359524 -1.9951276779174805 0.017537644132971764 -0.004336982034146786 0.999836802482605 102.41221618652344
0.9995137453079224 0.03110351599752903 -0.002193030435591936 -3.344512462615967 -0.031095009297132492 0.9995090961456299 0.003812354290857911 -2.0042014122009277 0.002310531446710229 -0.0037423076573759317 0.9999903440475464 102.85100555419922
0.9994319677352905 0.029674746096134186 0.01597432605922222 -3.3296942710876465 -0.02969319187104702 0.9995585680007935 0.0009185769013129175 -2.0163204669952393 -0.015940016135573387 -0.0013923835940659046 0.9998719692230225 103.27619934082031
0.9988865852355957 0.02943595126271248 0.036866579204797745 -3.295214891433716 -0.02932569943368435 0.9995636343955994 -0.0035278298892080784 -2.0339295864105225 -0.03695433586835861 0.0024427641183137894 0.99931401014328 103.6837158203125
0.9977729916572571 0.027182580903172493 0.06091175600886345 -3.2442731857299805 -0.026709573343396187 0.9996065497398376 -0.008566400036215782 -2.0429413318634033 -0.061120640486478806 0.006920394953340292 0.9981064200401306 104.09315490722656
0.9957959651947021 0.024888427928090096 0.08815355598926544 -3.1880075931549072 -0.023978281766176224 0.999647855758667 -0.011368656530976295 -2.0553805828094482 -0.08840546011924744 0.00920709129422903 0.996042013168335 104.49077606201172
0.9927687644958496 0.022206127643585205 0.11797093600034714 -3.1127946376800537 -0.02087556943297386 0.9997038841247559 -0.012502561323344707 -2.070652961730957 -0.11821363121271133 0.009949443861842155 0.9929383993148804 104.88866424560547
0.9884243607521057 0.019549580290913582 0.1504499316215515 -3.032729148864746 -0.017538651823997498 0.999738335609436 -0.014681566506624222 -2.0838770866394043 -0.15069757401943207 0.011872929520905018 0.9885085821151733 105.25843048095703
0.9824632406234741 0.01687275432050228 0.18569134175777435 -2.9273393154144287 -0.014118907041847706 0.9997699856758118 -0.016142742708325386 -2.1041083335876465 -0.18592101335525513 0.013237891718745232 0.9824755191802979 105.63695526123047
0.9744304418563843 0.013472010381519794 0.22428521513938904 -2.821146011352539 -0.009940656833350658 0.9998083710670471 -0.016866689547896385 -2.114952325820923 -0.22446945309638977 0.014205875806510448 0.9743775725364685 105.96142578125
0.9643772840499878 0.011264320462942123 0.2642907500267029 -2.698359489440918 -0.006745900493115187 0.9998151659965515 -0.017997795715928078 -2.1289219856262207 -0.2644446790218353 0.01557378750294447 0.9642751216888428 106.3123550415039
0.9516493678092957 0.011971935629844666 0.3069530427455902 -2.576936721801758 -0.006510212551802397 0.9998018741607666 -0.018811102956533432 -2.150052070617676 -0.30711737275123596 0.01590324379503727 0.9515386819839478 106.62184143066406
0.9362269639968872 0.014313546009361744 0.3511044979095459 -2.4300789833068848 -0.007864637300372124 0.9997733235359192 -0.01978674903512001 -2.1603264808654785 -0.351308137178421 0.015763575211167336 0.9361271858215332 106.94193267822266
0.9182243347167969 0.014522349461913109 0.3957943916320801 -2.2612223625183105 -0.007662144023925066 0.9997919201850891 -0.018908202648162842 -2.1706557273864746 -0.39598655700683594 0.01432933658361435 0.9181444048881531 107.26254272460938
0.8975229859352112 0.013639264740049839 0.4407566785812378 -2.081008195877075 -0.006501829717308283 0.9998221397399902 -0.01769978180527687 -2.1860647201538086 -0.4409197270870209 0.013020236976444721 0.8974521160125732 107.5712890625
0.8740958571434021 0.012805331498384476 0.48558467626571655 -1.8872112035751343 -0.004514111205935478 0.9998233914375305 -0.018240492790937424 -2.2016050815582275 -0.4857324957847595 0.013751956634223461 0.873999297618866 107.85332489013672
0.8485471606254578 0.013601059094071388 0.5289449095726013 -1.6725218296051025 -0.00293711363337934 0.9997752904891968 -0.020995991304516792 -2.211700677871704 -0.5291116833686829 0.016262518242001534 0.8483963012695312 108.14024353027344
0.8208857178688049 0.01575254648923874 0.5708751082420349 -1.439574956893921 -0.001889831037260592 0.999688982963562 -0.02486763335764408 -2.226133108139038 -0.5710892081260681 0.01933463104069233 0.8206602334976196 108.41525268554688
0.789758563041687 0.020566295832395554 0.6130730509757996 -1.1960402727127075 -0.0033672621939331293 0.9995680451393127 -0.02919406071305275 -2.246833562850952 -0.613408625125885 0.02099188044667244 0.7894866466522217 108.69508361816406
0.7560912370681763 0.02628200501203537 0.6539382934570312 -0.9337923526763916 -0.006179931573569775 0.9994354844093323 -0.03302234411239624 -2.2625224590301514 -0.6544370651245117 0.02092660777270794 0.7558268308639526 108.95634460449219
0.7197586297988892 0.030892133712768555 0.6935367584228516 -0.6714988946914673 -0.007323265541344881 0.999291718006134 -0.036911193281412125 -2.2653326988220215 -0.6941859126091003 0.021488195285201073 0.7194750308990479 109.14674377441406
0.6801628470420837 0.031184975057840347 0.7323974370956421 -0.37773749232292175 -0.004993636626750231 0.9992687702178955 -0.03791067376732826 -2.280709981918335 -0.7330441474914551 0.02212810516357422 0.6798210740089417 109.37310791015625
0.6388508081436157 0.028488611802458763 0.7688030004501343 -0.06370192021131516 -0.0004901982028968632 0.9993290305137634 -0.03662359341979027 -2.2958812713623047 -0.7693305611610413 0.023020146414637566 0.6384360790252686 109.58073425292969
0.5945940613746643 0.026791764423251152 0.803579568862915 0.2579500377178192 0.000829651951789856 0.999423623085022 -0.03393520042300224 -2.3082351684570312 -0.8040256500244141 0.0208443570882082 0.5942291021347046 109.77437591552734
0.5487359762191772 0.025188712403178215 0.8356161713600159 0.6019577980041504 0.0022707644384354353 0.9994974136352539 -0.031619902700185776 -2.3213210105895996 -0.835992693901062 0.019248466938734055 0.5484030246734619 109.94668579101562
0.5008646845817566 0.022785069420933723 0.8652255535125732 0.9464059472084045 0.0036973715759813786 0.999587893486023 -0.02846374921500683 -2.3332016468048096 -0.8655177354812622 0.01745554432272911 0.5005741715431213 110.09806823730469
0.4487740695476532 0.019563229754567146 0.8934310674667358 1.2822538614273071 0.005633394233882427 0.9996784925460815 -0.02471937984228134 -2.3485429286956787 -0.893627405166626 0.016126461327075958 0.44851961731910706 110.23894500732422
0.39666032791137695 0.01976492814719677 0.9177526235580444 1.6632519960403442 0.0038159857504069805 0.9997240304946899 -0.023179585114121437 -2.3618335723876953 -0.9179574847221375 0.012696551159024239 0.3964754641056061 110.37491607666016
0.34508955478668213 0.024770867079496384 0.9382428526878357 2.0411081314086914 -0.0007681166171096265 0.9996587634086609 -0.026109812781214714 -2.384239435195923 -0.9385694861412048 0.00828954204916954 0.34499087929725647 110.48670959472656
0.2957647740840912 0.029341988265514374 0.9548100233078003 2.4178755283355713 -0.00019766292825806886 0.999530017375946 -0.0306550320237875 -2.4012157917022705 -0.9552608132362366 0.008877946995198727 0.2956315279006958 110.5552749633789
0.24851973354816437 0.03189724683761597 0.9681015014648438 2.8301782608032227 0.0014453240437433124 0.999444305896759 -0.033300966024398804 -2.4095382690429688 -0.9686257243156433 0.009675164707005024 0.24833552539348602 110.638671875
0.207241952419281 0.031264778226614 0.9777899384498596 3.205566644668579 0.007840236648917198 0.9994040131568909 -0.033617615699768066 -2.4385879039764404 -0.9782583117485046 0.014633085578680038 0.20687329769134521 110.67449951171875
0.17227530479431152 0.03097676858305931 0.9845616221427917 3.639868974685669 0.01641557738184929 0.999276340007782 -0.03431207314133644 -2.455073833465576 -0.9849120378494263 0.02207327075302601 0.17164213955402374 110.71183776855469
0.14173796772956848 0.03237418085336685 0.9893746376037598 4.094393730163574 0.020557673647999763 0.9991532564163208 -0.03563924506306648 -2.4689457416534424 -0.9896907210350037 0.02539067529141903 0.14095242321491241 110.74903869628906
0.1133737564086914 0.030525624752044678 0.9930833578109741 4.562579154968262 0.018779680132865906 0.9992834329605103 -0.0328601598739624 -2.490999937057495 -0.9933748841285706 0.022375265136361122 0.11271925270557404 110.78925323486328
0.08797407895326614 0.027203118428587914 0.9957512021064758 5.054983139038086 0.012800805270671844 0.9995135068893433 -0.028436852619051933 -2.504303455352783 -0.9960405230522156 0.015248124487698078 0.08758307248353958 110.82722473144531
0.06420757621526718 0.023036621510982513 0.9976706504821777 5.553706169128418 0.008204312063753605 0.9996874928474426 -0.02361120469868183 -2.522812604904175 -0.9979028105735779 0.009701217524707317 0.0639985129237175 110.85420989990234
0.0416167788207531 0.02081678993999958 0.998916745185852 6.062202453613281 0.012394355610013008 0.999695360660553 -0.021349383518099785 -2.5467238426208496 -0.9990567564964294 0.013269423507153988 0.04134608805179596 110.86968994140625
0.021157514303922653 0.021782785654067993 0.999538779258728 6.596822738647461 0.0202505923807621 0.9995481967926025 -0.02221163734793663 -2.5640530586242676 -0.9995710849761963 0.020711196586489677 0.020706841722130775 110.85945129394531
0.0036934588570147753 0.02412266843020916 0.9997022151947021 7.146548748016357 0.025171145796775818 0.9993899464607239 -0.024208134040236473 -2.5858705043792725 -0.9996763467788696 0.025253061205148697 0.003084012772887945 110.84285736083984
-0.010688475333154202 0.029423821717500687 0.999509871006012 7.730964183807373 0.025698089972138405 0.9992450475692749 -0.029141215607523918 -2.5992231369018555 -0.99961256980896 0.025374021381139755 -0.011436542496085167 110.83382415771484
-0.02156403474509716 0.03406665101647377 0.9991868734359741 8.341687202453613 0.023181559517979622 0.9991676211357117 -0.0335657000541687 -2.616042375564575 -0.9994986653327942 0.02243890054523945 -0.022335803136229515 110.82563781738281
-0.02750563807785511 0.033925388008356094 0.9990457892417908 8.9704008102417 0.02551865577697754 0.9991220235824585 -0.0332254022359848 -2.6345021724700928 -0.9992958903312683 0.024580417200922966 -0.028347216546535492 110.7994155883789
-0.02999444678425789 0.030903805047273636 0.9990721940994263 9.615002632141113 0.03203416243195534 0.9990381598472595 -0.02994101494550705 -2.6542255878448486 -0.9990366697311401 0.0311063751578331 -0.03095557540655136 110.77037811279297
-0.02973036654293537 0.029040001332759857 0.9991360306739807 10.264052391052246 0.03326328471302986 0.9990530014038086 -0.028047803789377213 -2.6817896366119385 -0.9990044236183167 0.03240067884325981 -0.03066817671060562 110.74868774414062
-0.027959853410720825 0.02876715175807476 0.9991950392723083 10.940902709960938 0.032148685306310654 0.9990946650505066 -0.027864664793014526 -2.7045891284942627 -0.9990919828414917 0.031343720853328705 -0.028859369456768036 110.73983001708984
-0.025844577699899673 0.028884029015898705 0.9992486238479614 11.633869171142578 0.029006287455558777 0.9991832375526428 -0.028131920844316483 -2.7369861602783203 -0.9992450475692749 0.02825743332505226 -0.026661284267902374 110.7146987915039
-0.024794967845082283 0.03011786751449108 0.9992388486862183 12.347393035888672 0.028365958482027054 0.9991649389266968 -0.029411768540740013 -2.7560274600982666 -0.9992900490760803 0.027615103870630264 -0.025628581643104553 110.70580291748047
-0.024256767705082893 0.030814699828624725 0.9992308020591736 13.066291809082031 0.027183569967746735 0.9991755485534668 -0.030153105035424232 -2.787994384765625 -0.9993361830711365 0.026431242004036903 -0.025074422359466553 110.69908142089844
-0.022976050153374672 0.03046543151140213 0.9992716908454895 13.813558578491211 0.02714441530406475 0.999186098575592 -0.029838690534234047 -2.817967414855957 -0.9993674159049988 0.02643907256424427 -0.023784317076206207 110.68087005615234
