1.0 -3.7664362935174722e-06 -3.3232765872526215e-06 9.200716704071965e-06 3.766431973417639e-06 1.0 -1.3142956731826416e-06 3.63959065907693e-06 3.3232815894734813e-06 1.3142831676304922e-06 1.0 4.796070811607933e-07
0.9999973177909851 0.00104331667535007 0.0020724402274936438 -0.009596217423677444 -0.0010410938411951065 0.9999988675117493 -0.0010734349489212036 -0.01685001701116562 -0.002073558047413826 0.0010712742805480957 0.9999972581863403 1.206069827079773
0.9999901652336121 0.001718945219181478 0.004083923064172268 -0.022046448662877083 -0.0017175640678033233 0.9999984502792358 -0.0003416526014916599 -0.043299004435539246 -0.004084504209458828 0.0003346348530612886 0.9999915957450867 2.4040324687957764
0.9999850392341614 0.0012960298918187618 0.005306853447109461 -0.022435111925005913 -0.0012956910068169236 0.9999991655349731 -6.725807179464027e-05 -0.06177421286702156 -0.005306936800479889 6.0381029470590875e-05 0.9999858736991882 3.600430965423584
0.9999793171882629 0.0010683678556233644 0.006335235200822353 -0.020341267809271812 -0.0010666714515537024 0.9999994039535522 -0.0002711346314754337 -0.08043622970581055 -0.006335520185530186 0.00026437139604240656 0.9999799132347107 4.796108722686768
0.9999749660491943 0.0008983078296296299 0.007017987780272961 -0.014687031507492065 -0.0008995127864181995 0.9999995231628418 0.0001685384486336261 -0.10466234385967255 -0.007017834577709436 -0.00017484698037151247 0.9999753832817078 5.997670650482178
0.9999704360961914 0.0012900546425953507 0.007578202988952398 -0.007198743522167206 -0.0012845252640545368 0.999998927116394 -0.0007344572222791612 -0.12655757367610931 -0.007579141762107611 0.0007247011526487768 0.9999710321426392 7.1973466873168945
0.9999611973762512 0.0013659994583576918 0.008702854625880718 -0.007914677262306213 -0.0013581395614892244 0.9999986886978149 -0.0009089838131330907 -0.1504540592432022 -0.00870408583432436 0.0008971289498731494 0.9999616742134094 8.379180908203125
0.9999595880508423 0.0009363380959257483 0.008941707201302052 -0.004439711570739746 -0.0009401679271832108 0.9999994039535522 0.0004241126007400453 -0.17017951607704163 -0.008941304869949818 -0.00043250215821899474 0.9999599456787109 9.577116012573242
0.999971330165863 0.00028463074704632163 0.007568858563899994 -0.001549847424030304 -0.00029658249695785344 0.9999986886978149 0.0015779774403199553 -0.19416509568691254 -0.007568398490548134 -0.0015801768749952316 0.9999701380729675 10.770853042602539
0.9999851584434509 -0.0011744819348677993 0.005324301775544882 -0.0027394145727157593 0.001168640679679811 0.9999986886978149 0.0011001008097082376 -0.21437647938728333 -0.005325587000697851 -0.001093862229026854 0.9999852180480957 11.971199989318848
0.9999933242797852 -0.0007639709510840476 0.0035896673798561096 -0.010154090821743011 0.0007619176176376641 0.9999995231628418 0.0005732682766392827 -0.23090523481369019 -0.0035901034716516733 -0.0005705294315703213 0.9999933838844299 13.167109489440918
0.999997615814209 -0.0008828910649754107 0.002026030793786049 -0.007419414818286896 0.000881807180121541 0.9999994039535522 0.0005357586778700352 -0.25337567925453186 -0.0020265027415007353 -0.0005339707131497562 0.9999977946281433 14.366161346435547
0.9999990463256836 0.0006974107236601412 0.0011982545256614685 -0.011210247874259949 -0.0006978989113122225 0.9999997019767761 0.0004070096474606544 -0.27595803141593933 -0.0011979702394455671 -0.00040784550947137177 0.9999992251396179 15.565047264099121
0.9999996423721313 0.00045102977310307324 0.0007725387113168836 -0.01734314113855362 -0.00045130745274946094 0.9999998211860657 0.0003591305576264858 -0.2941642701625824 -0.0007723765447735786 -0.0003594790177885443 0.9999997019767761 16.765869140625
0.9999999403953552 -0.0003617838956415653 -0.0002516157692298293 -0.016816161572933197 0.0003619551716838032 0.9999997019767761 0.0006805472658015788 -0.312745600938797 0.00025136966723948717 -0.0006806383025832474 0.9999997615814209 17.951366424560547
0.9999998211860657 -0.0004500538925640285 -0.00041281458106823266 -0.023410020396113396 0.0004506289551500231 0.9999988675117493 0.0013937321491539478 -0.3396441638469696 0.00041218733531422913 -0.0013939178315922618 0.999998927116394 19.156702041625977
0.9999990463256836 -0.00018576103320810944 -0.0014131763018667698 -0.02915998548269272 0.00018665798415895551 0.9999998211860657 0.0006345787551254034 -0.36198294162750244 0.0014130579074844718 -0.0006348419701680541 0.9999988079071045 20.3533878326416
0.9999985694885254 -0.0006619197083637118 -0.0015611890703439713 -0.03802262246608734 0.0006613135919906199 0.9999998211860657 -0.00038854702142998576 -0.38164961338043213 0.0015614458825439215 0.000387513980967924 0.9999986886978149 21.5576229095459
0.9999970197677612 0.0006090544629842043 -0.00237372238188982 -0.04569798335433006 -0.0006089517846703529 0.9999998211860657 4.41188458353281e-05 -0.3988582491874695 0.0023737489245831966 -4.2673113057389855e-05 0.9999971985816956 22.753767013549805
0.9999963045120239 0.00010261525312671438 -0.0027246272657066584 -0.06495351344347 -0.00010255858796881512 1.0000001192092896 2.0899466107948683e-05 -0.42411771416664124 0.0027246293611824512 -2.0619954739231616e-05 0.9999963045120239 23.945558547973633
0.9999927282333374 9.544703061692417e-05 -0.0038207839243113995 -0.07377038896083832 -9.770305769052356e-05 0.9999998211860657 -0.0005902842967770994 -0.44443225860595703 0.003820727113634348 0.0005906532751396298 0.9999925494194031 25.139780044555664
0.9999895095825195 0.00037293508648872375 -0.004563894588500261 -0.0845523476600647 -0.0003715440398082137 0.9999998807907104 0.0003056245041079819 -0.47295576333999634 0.004564008209854364 -0.000303925626212731 0.9999895095825195 26.33462142944336
0.9999847412109375 -0.0014275771100074053 -0.005335844587534666 -0.09509329497814178 0.001438277424313128 0.9999969601631165 0.0020020538941025734 -0.4924167990684509 0.00533297099173069 -0.00200969772413373 0.9999837279319763 27.537952423095703
0.9999802112579346 -0.0011168374912813306 -0.006188604980707169 -0.1064533218741417 0.001130328280851245 0.9999970197677612 0.0021769979503005743 -0.5130334496498108 0.006186156999319792 -0.002183950273320079 0.9999784827232361 28.731611251831055
0.999973475933075 -0.0019096896285191178 -0.007021809928119183 -0.1210390105843544 0.0019203220726922154 0.9999970197677612 0.0015078100841492414 -0.5336902737617493 0.007018911652266979 -0.0015212546568363905 0.9999741911888123 29.930400848388672
0.9999664425849915 -0.00196792627684772 -0.007945515215396881 -0.13002216815948486 0.001971447840332985 0.9999979734420776 0.000435396475950256 -0.5529211163520813 0.007944640703499317 -0.000451046071248129 0.9999683499336243 31.128286361694336
0.9999605417251587 -0.001569449668750167 -0.008756175637245178 -0.1464894860982895 0.0015738687943667173 0.9999985694885254 0.0004978019860573113 -0.5711684226989746 0.00875538308173418 -0.0005115633248351514 0.9999615550041199 32.321571350097656
0.9999528527259827 -0.0017775761662051082 -0.009544437751173973 -0.16228322684764862 0.0017867637798190117 0.9999978542327881 0.0009541912586428225 -0.5897533297538757 0.009542722254991531 -0.000971200002823025 0.9999539852142334 33.526973724365234
0.9999492168426514 -0.002178455237299204 -0.009841209277510643 -0.17804333567619324 0.002190111903473735 0.9999969005584717 0.0011738601606339216 -0.6122430562973022 0.009838622063398361 -0.0011953539215028286 0.9999508857727051 34.718082427978516
0.9999401569366455 -0.0028292404022067785 -0.010569319128990173 -0.19071607291698456 0.0028457900043576956 0.9999947547912598 0.0015510941157117486 -0.6372253894805908 0.010564875788986683 -0.001581079326570034 0.9999428987503052 35.916748046875
0.9999367594718933 -0.002971142064779997 -0.01084805279970169 -0.21297834813594818 0.0029852904845029116 0.999994695186615 0.0012882365845143795 -0.6571279764175415 0.010844165459275246 -0.0013205396244302392 0.9999403357505798 37.12137985229492
0.9999333024024963 -0.0038038641214370728 -0.010910235345363617 -0.22825969755649567 0.003826022380962968 0.9999906420707703 0.002010817639529705 -0.6766468286514282 0.010902483016252518 -0.002052426105365157 0.9999384880065918 38.320457458496094
0.9999377727508545 -0.0034568943083286285 -0.010608451440930367 -0.2503165900707245 0.003490220522508025 0.9999890327453613 0.0031245402060449123 -0.6936087012290955 0.010597534477710724 -0.003161371685564518 0.9999387860298157 39.538570404052734
0.9999390840530396 -0.002747471211478114 -0.010689076036214828 -0.2660941481590271 0.0027848477475345135 0.9999900460243225 0.0034834016114473343 -0.7045465707778931 0.010679398663341999 -0.0035129571333527565 0.9999367594718933 40.73865509033203
0.9999409914016724 -0.0022475062869489193 -0.010631564073264599 -0.2863982319831848 0.0022847349755465984 0.9999913573265076 0.0034908379893749952 -0.7273516058921814 0.010623627342283726 -0.003514922456815839 0.9999373555183411 41.94599533081055
0.9999438524246216 -0.0011900847312062979 -0.010527155362069607 -0.3026411235332489 0.0012259009527042508 0.999993622303009 0.0033964889589697123 -0.7431847453117371 0.01052304357290268 -0.0034092043060809374 0.9999387860298157 43.14481735229492
0.9999471306800842 0.0011959383264183998 -0.0102071613073349 -0.31951457262039185 -0.001142179244197905 0.9999855160713196 0.005271051544696093 -0.7584432363510132 0.010213316418230534 -0.005259115714579821 0.9999340176582336 44.34998321533203
0.9999607801437378 0.0019320256542414427 -0.008633963763713837 -0.3378942906856537 -0.0018599299946799874 0.9999633431434631 0.008350512012839317 -0.7730550765991211 0.00864978227764368 -0.008334128186106682 0.999927818775177 45.55440139770508
0.9999779462814331 0.0021703329402953386 -0.006273459177464247 -0.3549685776233673 -0.0021006909664720297 0.9999363422393799 0.011086417362093925 -0.7799347639083862 0.0062971170991659164 -0.011072992347180843 0.9999188780784607 46.76993942260742
0.999982476234436 0.0026026940904557705 -0.005319864954799414 -0.35964876413345337 -0.002525881165638566 0.9998931288719177 0.014394989237189293 -0.7851776480674744 0.00535676209256053 -0.014381298795342445 0.9998822212219238 47.97430419921875
0.9999908804893494 0.0012732009636238217 -0.004072470590472221 -0.3715495765209198 -0.0012105097994208336 0.9998813271522522 0.015359490178525448 -0.789874255657196 0.004091542214155197 -0.015354419127106667 0.9998737573623657 49.18061828613281
0.9999985098838806 0.0002729265543166548 -0.0016898526810109615 -0.3801494836807251 -0.0002492446801625192 0.9999020099639893 0.013998545706272125 -0.7913355231285095 0.0016935077728703618 -0.013998103328049183 0.9999005198478699 50.40688705444336
0.9999989867210388 0.001139690401032567 -0.0009062723838724196 -0.382426381111145 -0.0011282645864412189 0.9999211430549622 0.012509643100202084 -0.7981187701225281 0.0009204585221596062 -0.012508608400821686 0.9999213218688965 51.619407653808594
0.999999463558197 0.00100247235968709 0.00030107563361525536 -0.3939846158027649 -0.0010059680789709091 0.9999293684959412 0.01184402871876955 -0.8000351786613464 -0.0002891814801841974 -0.011844325810670853 0.9999297261238098 52.823081970214844
0.9999995231628418 0.0009364942670799792 0.0003515551798045635 -0.3976593315601349 -0.0009404636221006513 0.9999338388442993 0.011465434916317463 -0.8116229772567749 -0.0003407950862310827 -0.011465762741863728 0.9999341368675232 54.007442474365234
0.9999998807907104 0.0005514064687304199 -9.701494127511978e-05 -0.41079458594322205 -0.0005503856227733195 0.9999475479125977 0.010226888582110405 -0.8174315690994263 0.00010264877346344292 -0.010226834565401077 0.9999476671218872 55.219276428222656
0.9999983906745911 0.0003140835906378925 -0.0017609798815101385 -0.41684043407440186 -0.00029486269340850413 0.9999405145645142 0.010904642753303051 -0.824845016002655 0.0017643001629039645 -0.010904108174145222 0.99993896484375 56.427520751953125
0.9999948143959045 0.00029007886769250035 -0.003230801783502102 -0.4236553907394409 -0.0002523933071643114 0.9999319911003113 0.011658783070743084 -0.8273500204086304 0.0032339636236429214 -0.011657907627522945 0.9999268054962158 57.63318634033203
0.9999906420707703 -0.00011836778867291287 -0.004304068628698587 -0.43477535247802734 0.00017268938245251775 0.9999202489852905 0.012622781097888947 -0.8445061445236206 0.004302230663597584 -0.012623407877981663 0.9999110698699951 58.830902099609375
0.9999861121177673 0.0006886226474307477 -0.005224737338721752 -0.4462752938270569 -0.0006253601750358939 0.9999265670776367 0.012100250460207462 -0.845857560634613 0.005232686642557383 -0.012096816673874855 0.9999130964279175 60.03071975708008
0.9999824166297913 0.0009953497210517526 -0.005850301124155521 -0.45926836133003235 -0.0009233339806087315 0.9999239444732666 0.012299573048949242 -0.8571851849555969 0.005862100515514612 -0.012293954379856586 0.9999072551727295 61.24296951293945
0.9999825954437256 0.00010200904216617346 -0.00591091625392437 -0.4707670211791992 -3.303305129520595e-05 0.9999319314956665 0.011668166145682335 -0.8612959980964661 0.005911704618483782 -0.01166776567697525 0.9999144673347473 62.43940734863281
0.9999802112579346 -0.0007867314852774143 -0.006239976733922958 -0.4804766774177551 0.0008537588873878121 0.999941885471344 0.010746228508651257 -0.8696019649505615 0.006231159437447786 -0.010751345194876194 0.9999228119850159 63.65510177612305
0.9999780058860779 -0.0009555250871926546 -0.006566168274730444 -0.49106070399284363 0.0010338303400203586 0.9999282956123352 0.011932548135519028 -0.8747048377990723 0.0065542953088879585 -0.011939073912799358 0.9999072551727295 64.8570785522461
0.9999743103981018 -0.0018750106683000922 -0.006934647914022207 -0.5053974390029907 0.0019696555100381374 0.9999046921730042 0.013666556216776371 -0.8853784203529358 0.006908361334353685 -0.013679863885045052 0.9998825788497925 66.05882263183594
0.9999755024909973 -0.0006983278435654938 -0.006967252120375633 -0.5233274102210999 0.00078044697875157 0.999930202960968 0.011790711432695389 -0.8893631100654602 0.006958531681448221 -0.011795857921242714 0.9999062418937683 67.25274658203125
0.9999781847000122 0.0012500605080276728 -0.006477394141256809 -0.5453304052352905 -0.001180472900159657 0.9999417066574097 0.010735856369137764 -0.8973375558853149 0.006490436848253012 -0.010727976448833942 0.9999213814735413 68.45037841796875
0.9999707937240601 0.003267372492700815 -0.0069125317968428135 -0.5555902719497681 -0.003191319527104497 0.9999345541000366 0.010984756983816624 -0.9058493375778198 0.006947971414774656 -0.010962377302348614 0.9999157190322876 69.65240478515625
0.9999626278877258 0.005419702269136906 -0.0067362613044679165 -0.5719799399375916 -0.0053444476798176765 0.9999237060546875 0.011139639653265476 -0.9126594662666321 0.0067961206659674644 -0.011103222146630287 0.9999152421951294 70.84156799316406
0.9999579787254333 0.006617403589189053 -0.006345989648252726 -0.5908701419830322 -0.006543211173266172 0.9999107718467712 0.01164165511727333 -0.9216176867485046 0.00642246101051569 -0.011599641293287277 0.9999120831489563 72.04242706298828
0.9999597668647766 0.007203300949186087 -0.005348891019821167 -0.6039260625839233 -0.0071349116042256355 0.9998939037322998 0.012696709483861923 -0.929935097694397 0.00543978251516819 -0.01265803538262844 0.9999051094055176 73.2375717163086
0.9999531507492065 0.009087348356842995 -0.00334481755271554 -0.6156079173088074 -0.009041360579431057 0.9998677372932434 0.013516596518456936 -0.9363048076629639 0.0034672056790441275 -0.013485720381140709 0.9999030232429504 74.43560791015625
0.9999683499336243 0.00789783988147974 -0.0009094207780435681 -0.6154839396476746 -0.00788736343383789 0.9999083876609802 0.010997564531862736 -0.9430402517318726 0.0009961933828890324 -0.010990042239427567 0.9999390840530396 75.61135864257812
0.9999849200248718 0.0052950019016861916 0.0014645999763160944 -0.6174830794334412 -0.005303647369146347 0.9999681115150452 0.005963820032775402 -0.9523794651031494 -0.001432974822819233 -0.005971498787403107 0.9999810457229614 76.78594970703125
0.9999712109565735 0.006285811774432659 0.004252126906067133 -0.6176630258560181 -0.006309574469923973 0.9999644160270691 0.005598504561930895 -0.96462482213974 -0.00421678414568305 -0.005625173449516296 0.9999752640724182 77.96881103515625
0.9999658465385437 0.004885071888566017 0.0066665299236774445 -0.6111222505569458 -0.004946813452988863 0.9999447464942932 0.00927660334855318 -0.9787535667419434 -0.006620843894779682 -0.009309264831244946 0.999934732913971 79.15091705322266
0.9999342560768127 0.005276493262499571 0.010182558558881283 -0.6045342683792114 -0.0053850202821195126 0.9999286532402039 0.010660318657755852 -0.9904060959815979 -0.010125583037734032 -0.010714452713727951 0.9998913407325745 80.3261489868164
0.9998824000358582 0.005553313996642828 0.01429651491343975 -0.5946017503738403 -0.005679275840520859 0.9999452233314514 0.00878528319299221 -0.9988293647766113 -0.014246944338083267 -0.00886544305831194 0.9998591542243958 81.49465942382812
0.9998309016227722 0.00418880395591259 0.01790729910135269 -0.5771160125732422 -0.004293767735362053 0.9999737739562988 0.005827053915709257 -1.0122427940368652 -0.017882423475384712 -0.0059029581025242805 0.9998226165771484 82.66133880615234
0.9997720718383789 0.002931026043370366 0.021148698404431343 -0.5539504289627075 -0.002981608733534813 0.9999927878379822 0.0023606354370713234 -1.0272287130355835 -0.021141627803444862 -0.002423154888674617 0.9997735023498535 83.82291412353516
0.9996891021728516 0.002587149618193507 0.024796782061457634 -0.5308425426483154 -0.0026238979771733284 0.9999955296516418 0.0014495658688247204 -1.044187068939209 -0.02479291893541813 -0.0015141799813136458 0.999691367149353 84.97616577148438
0.9995992183685303 0.0021963506005704403 0.028224563226103783 -0.49879980087280273 -0.002289273776113987 0.9999921917915344 0.0032603919971734285 -1.0660260915756226 -0.028217175975441933 -0.0033236993476748466 0.9995962381362915 86.13835906982422
0.9994770288467407 0.003497253404930234 0.03214925900101662 -0.4753904342651367 -0.003626126330345869 0.9999856352806091 0.003951151389628649 -1.0863752365112305 -0.03213497996330261 -0.004065662156790495 0.9994753003120422 87.3011703491211
0.9993523955345154 0.0028583973180502653 0.03586956858634949 -0.43515563011169434 -0.0029084901325404644 0.9999948740005493 0.0013444250216707587 -1.1002137660980225 -0.03586554154753685 -0.0014478806406259537 0.9993555545806885 88.4508285522461
0.9992318153381348 0.00275087240152061 0.039089735597372055 -0.3927628993988037 -0.0027190949767827988 0.9999959468841553 -0.0008660637540742755 -1.11923348903656 -0.03909195214509964 0.0007591096218675375 0.9992353320121765 89.5991439819336
0.9991050958633423 0.002920749830082059 0.0421941839158535 -0.3466365337371826 -0.0028718719258904457 0.9999951124191284 -0.0012189646949991584 -1.139024257659912 -0.04219753295183182 0.0010966976406052709 0.9991086721420288 90.76532745361328
0.9989851713180542 0.0015058022690936923 0.045014508068561554 -0.2946634292602539 -0.0015049617504701018 0.9999988675117493 -5.256180520518683e-05 -1.159033179283142 -0.04501453414559364 -1.5236531908158213e-05 0.9989864230155945 91.92292022705078
0.9988596439361572 0.000925484870094806 0.04773229733109474 -0.24541854858398438 -0.0009963337797671556 0.9999984502792358 0.0014605297474190593 -1.1776005029678345 -0.04773086681962013 -0.0015064215986058116 0.9988591074943542 93.08125305175781
0.9987237453460693 0.0001898913033073768 0.05050545185804367 -0.1889171600341797 -0.00035873957676813006 0.9999943971633911 0.0033341264352202415 -1.1966280937194824 -0.05050453543663025 -0.0033479896374046803 0.9987182021141052 94.25128173828125
0.9985974431037903 -0.0011960373958572745 0.052931129932403564 -0.13120174407958984 0.0009728008881211281 0.9999905228614807 0.004243052564561367 -1.210231065750122 -0.052935704588890076 -0.004185609985142946 0.9985891580581665 95.40837860107422
0.9984683394432068 -0.002321344567462802 0.055277127772569656 -0.07045269012451172 0.0022207493893802166 0.999995768070221 0.0018811882473528385 -1.2266721725463867 -0.05528126657009125 -0.001755550503730774 0.9984692931175232 96.5660171508789
0.9983587265014648 -0.0039671640843153 0.05713212117552757 -0.0006809234619140625 0.00406815018504858 0.9999904036521912 -0.0016513924347236753 -1.2450711727142334 -0.057125024497509 0.001881103846244514 0.9983652830123901 97.7203140258789
0.99822598695755 -0.0029770645778626204 0.059464506804943085 0.061731815338134766 0.0032448037527501583 0.9999849796295166 -0.004406451713293791 -1.2663743495941162 -0.059450507164001465 0.004591584671288729 0.998220682144165 98.88531494140625
0.9981173872947693 -0.0031536808237433434 0.061253130435943604 0.12958955764770508 0.003492779564112425 0.9999791383743286 -0.005429729353636503 -1.2857615947723389 -0.061234742403030396 0.0056334505788981915 0.9981074929237366 100.06549072265625
0.9980865716934204 -0.002740086754783988 0.06177307665348053 0.18793153762817383 0.0030333376489579678 0.9999845623970032 -0.004653950221836567 -1.3095471858978271 -0.061759378761053085 0.0048324232921004295 0.9980793595314026 101.24113464355469
0.9981597661972046 -0.0026399672497063875 0.0605822429060936 0.26155900955200195 0.002812586724758148 0.9999921917915344 -0.002764238743111491 -1.3326458930969238 -0.0605744831264019 0.002929544076323509 0.9981593489646912 102.4236831665039
0.9982215762138367 -0.0033839119132608175 0.05951695144176483 0.32449960708618164 0.0034732383210211992 0.9999929666519165 -0.0013974715257063508 -1.3542886972427368 -0.05951179936528206 0.0016017031157389283 0.9982264637947083 103.61866760253906
0.9983527660369873 -0.0029423492960631847 0.057299427688121796 0.3909568786621094 0.002985695144161582 0.999995231628418 -0.000670890964102 -1.3710496425628662 -0.05729718133807182 0.0008408642606809735 0.9983568787574768 104.81181335449219
0.9984968304634094 -0.002722925040870905 0.05474185198545456 0.4497408866882324 0.0027310140430927277 0.9999962449073792 -7.295678369700909e-05 -1.3914366960525513 -0.054741449654102325 0.00022234802599996328 0.9985005259513855 106.00499725341797
0.99863600730896 -0.0019821496680378914 0.05217394605278969 0.5010285377502441 0.0019889262039214373 0.9999980330467224 -7.796481077093631e-05 -1.4135024547576904 -0.05217369273304939 0.00018162860942538828 0.9986380338668823 107.22802734375
0.9988288879394531 -0.0005085451412014663 0.048380061984062195 0.5488553047180176 0.0005413872422650456 0.9999995827674866 -0.0006657239282503724 -1.4271392822265625 -0.048379719257354736 0.0006911367527209222 0.9988287687301636 108.42984008789062
0.9990133047103882 -0.0003923365438822657 0.04440983384847641 0.598701000213623 0.00040936091681942344 0.9999998211860657 -0.00037424557376652956 -1.442205786705017 -0.044409673660993576 0.0003920559538528323 0.9990133047103882 109.63356018066406
0.9991906881332397 8.982101280707866e-05 0.04022391512989998 0.6465678215026855 -0.00011845128756249323 0.9999997615814209 0.0007093957392498851 -1.4614273309707642 -0.040223848074674606 -0.0007135863415896893 0.9991903305053711 110.85663604736328
0.9993528723716736 0.0005515076336450875 0.035965703427791595 0.6852602958679199 -0.0006088906084187329 0.9999985098838806 0.00158455700147897 -1.481200098991394 -0.03596477583050728 -0.0016054307343438268 0.9993517398834229 112.07234191894531
0.9994995594024658 0.0006516173016279936 0.031626950949430466 0.7170736789703369 -0.000717962917406112 0.9999975562095642 0.0020864452235400677 -1.4962248802185059 -0.03162551671266556 -0.0021081080194562674 0.9994975924491882 113.29606628417969
0.9996469616889954 0.0011912784539163113 0.026542246341705322 0.7485039234161377 -0.0012511153472587466 0.9999967217445374 0.0022379180882126093 -1.5119032859802246 -0.026539495214819908 -0.002270335564389825 0.9996452331542969 114.51643371582031
0.9997634887695312 0.001973826438188553 0.02165560983121395 0.7676955461502075 -0.0020219346042722464 0.9999955296516418 0.0021998530719429255 -1.5320333242416382 -0.021651171147823334 -0.002243119291961193 0.999763011932373 115.74858856201172
0.9998575448989868 0.0020984190050512552 0.016749050468206406 0.7800166606903076 -0.0021311575546860695 0.9999958872795105 0.0019370492082089186 -1.547548770904541 -0.016744915395975113 -0.0019724678713828325 0.9998578429222107 116.97150421142578
0.9999217391014099 0.003583180019631982 0.011988419108092785 0.7897452712059021 -0.003597248112782836 0.999992847442627 0.001152162323705852 -1.568183422088623 -0.01198420487344265 -0.0011951974593102932 0.9999274611473083 118.2074966430664
0.9999496340751648 0.0054190494120121 0.008447823114693165 0.7959030866622925 -0.00542899826541543 0.999984622001648 0.0011553234653547406 -1.587459921836853 -0.008441432379186153 -0.00120112847071141 0.999963641166687 119.44440460205078
0.999954879283905 0.007181280292570591 0.006217475980520248 0.7943241596221924 -0.007190327160060406 0.9999731183052063 0.0014340815832838416 -1.6075419187545776 -0.00620700977742672 -0.0014787225518375635 0.9999796152114868 120.67160034179688
0.9999489784240723 0.008550843223929405 0.0053663915023207664 0.7880765199661255 -0.008555920794606209 0.9999629259109497 0.0009238919010385871 -1.6222209930419922 -0.005358292255550623 -0.0009697591885924339 0.9999851584434509 121.93257141113281
0.9999337792396545 0.010706331580877304 0.004217393230646849 0.7877628803253174 -0.010711605660617352 0.9999420046806335 0.0012298454530537128 -1.6399024724960327 -0.004203981254249811 -0.0012749393936246634 0.9999902844429016 123.18258666992188
0.9999228119850159 0.011981816962361336 0.0032940891105681658 0.7791231870651245 -0.011987965553998947 0.9999263882637024 0.0018530207453295588 -1.6541286706924438 -0.0032716437708586454 -0.00189236702863127 0.999992847442627 124.43010711669922
0.9999279975891113 0.011699099093675613 0.00267674564383924 0.7756401300430298 -0.011705159209668636 0.9999290108680725 0.0022591915912926197 -1.6695141792297363 -0.0026501247193664312 -0.0022903606295585632 0.9999938607215881 125.67776489257812
0.999877393245697 0.015551140531897545 0.0017916358774527907 0.7692248821258545 -0.015558731742203236 0.9998696446418762 0.0043036723509430885 -1.6874232292175293 -0.0017244747141376138 -0.004331020172685385 0.9999891519546509 126.93326568603516
0.9998602867126465 0.01669044978916645 0.0008179543074220419 0.7635055780410767 -0.016696207225322723 0.99983149766922 0.0076257395558059216 -1.7010266780853271 -0.000690539600327611 -0.00763833150267601 0.999970555305481 128.18846130371094
0.9998819231987 0.015368047170341015 8.875713683664799e-05 0.7640200853347778 -0.015368292108178139 0.99985671043396 0.007088332436978817 -1.7150956392288208 2.018932718783617e-05 -0.007088858634233475 0.9999748468399048 129.44158935546875
0.9998876452445984 0.014985834248363972 -0.00021600042236968875 0.7570894360542297 -0.014984364621341228 0.9998716115951538 0.005681101698428392 -1.7252070903778076 0.0003011086955666542 -0.00567722599953413 0.9999838471412659 130.7034454345703
0.9999193549156189 0.012696756981313229 -0.00021593773271888494 0.7469459772109985 -0.012695007026195526 0.9998967051506042 0.006752533372491598 -1.7356735467910767 0.00030165043426677585 -0.006749247200787067 0.999977171421051 131.9571990966797
0.9999447464942932 0.010465266183018684 -0.0009417696273885667 0.737009584903717 -0.01045649778097868 0.9999059438705444 0.00887829065322876 -1.7507613897323608 0.0010345949558541179 -0.008867953903973103 0.99996018409729 133.2299346923828
0.9999749064445496 0.0068715596571564674 -0.0017142900032922626 0.7375301718711853 -0.00685342401266098 0.9999227523803711 0.010369832627475262 -1.7541882991790771 0.0017854126635938883 -0.01035782415419817 0.9999447464942932 134.49993896484375
0.999985933303833 0.004741732496768236 -0.0023578458931297064 0.7354078888893127 -0.004714346490800381 0.9999229311943054 0.011488006450235844 -1.7625007629394531 0.0024121375754475594 -0.011476730927824974 0.9999311566352844 135.76644897460938
0.9999978542327881 0.0003521043690852821 -0.0020328813698142767 0.7302770614624023 -0.0003320904215797782 0.9999514818191528 0.009837106801569462 -1.7724480628967285 0.0020362467039376497 -0.009836409240961075 0.99994957447052 137.0361328125
0.999995768070221 -0.002160182222723961 -0.0019450850086286664 0.7244859933853149 0.0021770549938082695 0.9999596476554871 0.00871457438915968 -1.7791261672973633 0.0019261800916865468 -0.008718771860003471 0.99996018409729 138.311279296875
0.999993622303009 -0.0030897369142621756 -0.001795380376279354 0.7227940559387207 0.003105184296146035 0.9999576210975647 0.008665532805025578 -1.7898091077804565 0.0017685291822999716 -0.008671050891280174 0.9999608397483826 139.57640075683594
0.9999945759773254 -0.0030984296463429928 -0.0011317722965031862 0.7130184769630432 0.003108399920165539 0.999955415725708 0.008916648104786873 -1.7984156608581543 0.0011040947865694761 -0.008920119144022465 0.9999595284461975 140.85629272460938
0.999995768070221 -0.002741082338616252 -0.0009973649866878986 0.7138972878456116 0.0027517240960150957 0.9999375939369202 0.01082970853894949 -1.8051267862319946 0.0009676185436546803 -0.01083240658044815 0.9999408721923828 142.115234375
0.9999998807907104 -0.0004962530802004039 -0.0001506528933532536 0.7012037634849548 0.0004980884259566665 0.999922513961792 0.012436192482709885 -1.8132810592651367 0.0001444696099497378 -0.01243626419454813 0.9999226331710815 143.39430236816406
0.9999993443489075 -0.0009618301410228014 0.0005926347803324461 0.6963323354721069 0.0009554263087920845 0.9999421834945679 0.010712776333093643 -1.8227487802505493 -0.0006029052892699838 -0.010712201707065105 0.999942421913147 144.6750946044922
0.9999992251396179 -0.0001278193958569318 0.0012042932212352753 0.6869162321090698 0.0001169460520031862 0.9999592304229736 0.009024512954056263 -1.8330796957015991 -0.0012053982354700565 -0.00902436301112175 0.9999585151672363 145.9473876953125
0.9999983310699463 6.268682045629248e-05 0.0018019822891801596 0.6781596541404724 -7.499007188016549e-05 0.9999766945838928 0.0068282559514045715 -1.851305603981018 -0.0018015126697719097 -0.006828378885984421 0.9999750256538391 147.23187255859375
0.9999964833259583 -0.0015309072332456708 0.0021640935447067022 0.6782147884368896 0.0015258276835083961 0.9999960660934448 0.0023467019200325012 -1.8605026006698608 -0.0021676779724657536 -0.0023433915339410305 0.9999948740005493 148.502685546875
0.9999962449073792 -0.0015551847172901034 0.0022325008176267147 0.6783512830734253 0.0015581462066620588 0.9999979138374329 -0.0013254513032734394 -1.878267765045166 -0.0022304351441562176 0.0013289253693073988 0.9999966025352478 149.7792205810547
0.9999942183494568 -0.0016980363288894296 0.0029196152463555336 0.6718364953994751 0.0017046354478225112 0.9999959468841553 -0.0022593652829527855 -1.9002351760864258 -0.002915766555815935 0.0022643289994448423 0.9999932050704956 151.04505920410156
0.9999938607215881 -0.001589625608175993 0.003111572004854679 0.6661338806152344 0.0015960554592311382 0.999996542930603 -0.0020650988444685936 -1.9240347146987915 -0.003108278149738908 0.002070052083581686 0.9999930262565613 152.3117218017578
0.9999953508377075 -0.0014188212808221579 0.0027038282714784145 0.6692625284194946 0.001422370201908052 0.9999980926513672 -0.0013111272128298879 -1.9510061740875244 -0.0027019637636840343 0.0013149669393897057 0.9999954104423523 153.56593322753906
0.9999963641166687 -0.0014229933731257915 0.002280970336869359 0.6720355153083801 0.0014236938441172242 0.999998927116394 -0.00030544737819582224 -1.9739826917648315 -0.0022805333137512207 0.00030869373586028814 0.9999973177909851 154.82688903808594
0.9999973177909851 -0.00013563898392021656 0.0022754441015422344 0.6615155339241028 0.00013502388901542872 0.9999999403953552 0.0002704520302359015 -1.9966002702713013 -0.00227547949180007 -0.00027014411170966923 0.9999973773956299 156.08811950683594
0.9999980330467224 0.0001989514712477103 0.0019278399413451552 0.6532960534095764 -0.00019948680710513145 0.9999999403953552 0.00027760269585996866 -2.021397590637207 -0.0019277839455753565 -0.00027798672090284526 0.999998152256012 157.35894775390625
0.9999994039535522 0.0004562685498967767 0.000987765728496015 0.6566685438156128 -0.0004563825496006757 0.9999998807907104 0.00011519976396812126 -2.040848731994629 -0.000987714040093124 -0.00011565038585104048 0.999999463558197 158.62521362304688
1.0 -8.019977394724265e-05 -6.99188094586134e-05 0.6558248996734619 8.030436583794653e-05 0.9999988675117493 0.0014981178101152182 -2.063497543334961 6.979820318520069e-05 -0.0014981233980506659 0.9999988675117493 159.89068603515625
0.9999989867210388 0.00139030278660357 9.240592771675438e-05 0.6384566426277161 -0.0013904529623687267 0.9999976754188538 0.0016477808821946383 -2.0802149772644043 -9.011386282509193e-05 -0.0016479078913107514 0.9999985694885254 161.16827392578125
0.9999985694885254 0.0013855088036507368 -0.0009765481809154153 0.6371378302574158 -0.001384978648275137 0.999998927116394 0.0005431701429188251 -2.0985898971557617 0.000977299059741199 -0.0005418166983872652 0.9999992847442627 162.43643188476562
0.9999973773956299 0.001978460233658552 -0.001259808661416173 0.6234431862831116 -0.0019790076185017824 0.9999980926513672 -0.00043345565791241825 -2.122527837753296 0.0012589485850185156 0.0004359476442914456 0.9999991059303284 163.68927001953125
0.9999935626983643 0.0029875992331653833 -0.0020176286343485117 0.6171303391456604 -0.002988889580592513 0.9999954104423523 -0.0006368031026795506 -2.140308380126953 0.002015716629102826 0.0006428294000215828 0.9999977946281433 164.9535369873047
0.9999933242797852 0.0025301643181592226 -0.0026232274249196053 0.6028902530670166 -0.002534134080633521 0.9999956488609314 -0.0015112303663045168 -2.163719654083252 0.0026193922385573387 0.0015178679022938013 0.9999954104423523 166.2234344482422
0.9999890923500061 0.0028666250873357058 -0.0036897016689181328 0.5944151878356934 -0.002876861020922661 0.9999920725822449 -0.0027719216886907816 -2.184525489807129 0.003681726986542344 0.0027825061697512865 0.99998939037323 167.48867797851562
0.9999879002571106 0.0028741226997226477 -0.003994785714894533 0.5814069509506226 -0.0028834696859121323 0.9999932050704956 -0.0023360378108918667 -2.2100143432617188 0.003988044336438179 0.002347528701648116 0.9999892115592957 168.75949096679688
0.9999817609786987 0.003182267537340522 -0.0051263864152133465 0.5743840336799622 -0.0031877607107162476 0.9999943375587463 -0.00106371333822608 -2.2324576377868652 0.0051229712553322315 0.0010800358140841126 0.9999862313270569 170.0354461669922
0.9999812841415405 0.003034892724826932 -0.005310296546667814 0.5604619383811951 -0.003038367722183466 0.9999951720237732 -0.0006464645266532898 -2.256727695465088 0.005308309104293585 0.0006625870591960847 0.9999856948852539 171.29165649414062
0.9999743700027466 0.003531306516379118 -0.006227096542716026 0.5465686321258545 -0.0035330967511981726 0.9999937415122986 -0.00027654971927404404 -2.2784554958343506 0.0062260814011096954 0.0002985434839501977 0.9999805688858032 172.55960083007812
0.9999664425849915 0.003962554503232241 -0.007166454568505287 0.5356398820877075 -0.003961854614317417 0.9999920725822449 0.00011185003677383065 -2.3033864498138428 0.007166841067373753 -8.345383685082197e-05 0.9999743103981018 173.84410095214844
0.9999630451202393 0.004787286277860403 -0.0071425894275307655 0.5104652643203735 -0.004794283304363489 0.9999881386756897 -0.0009628865518607199 -2.322026014328003 0.007137894630432129 0.0009970946703106165 0.9999740123748779 175.09384155273438
0.9999572038650513 0.0056051635183393955 -0.007363542914390564 0.48691630363464355 -0.005616756621748209 0.9999829530715942 -0.0015546409413218498 -2.34307861328125 0.007354705594480038 0.0015959334559738636 0.9999716877937317 176.36273193359375
0.9999560713768005 0.005465182941406965 -0.00761566823348403 0.45755457878112793 -0.005476405844092369 0.9999838471412659 -0.0014535961672663689 -2.3606467247009277 0.00760760297998786 0.0014952386263757944 0.9999698996543884 177.62286376953125
0.9999509453773499 0.005709215998649597 -0.008091905154287815 0.4472196102142334 -0.005727823823690414 0.9999809861183167 -0.0022782646119594574 -2.3898465633392334 0.008078742772340775 0.0023245017509907484 0.9999646544456482 178.8753662109375
0.9999556541442871 0.004646900109946728 -0.00819088239222765 0.43096923828125 -0.004678881727159023 0.9999814629554749 -0.0038897190243005753 -2.412703514099121 0.008172656409442425 0.003927871119230986 0.999958872795105 180.14146423339844
0.9999678730964661 0.0010461383499205112 -0.007940034382045269 0.41006314754486084 -0.001076274667866528 0.9999922513961792 -0.0037922405172139406 -2.4401230812072754 0.007936002686619759 0.0038006645627319813 0.999961256980896 181.40951538085938
0.9999609589576721 0.0018605587538331747 -0.008640117943286896 0.3994516134262085 -0.0018628733232617378 0.9999982118606567 -0.00025983661180362105 -2.4575815200805664 0.008639623410999775 0.00027592180413194 0.9999626278877258 182.68377685546875
0.9999593496322632 0.001049878541380167 -0.008954863995313644 0.3847477436065674 -0.001014913315884769 0.9999918341636658 0.003908253740519285 -2.4786148071289062 0.008958893828094006 -0.0038990071043372154 0.9999522566795349 183.95108032226562
0.9999606013298035 0.0017199391731992364 -0.008707111701369286 0.366086483001709 -0.0016905100783333182 0.999992847442627 0.0033861277624964714 -2.4970107078552246 0.008712873794138432 -0.00337127479724586 0.9999563694000244 185.2010498046875
0.9999610185623169 0.0034406110644340515 -0.008126859553158283 0.3413538932800293 -0.0034388203639537096 0.9999940991401672 0.00023425649851560593 -2.5146048069000244 0.00812761764973402 -0.00020630075596272945 0.9999669790267944 186.44898986816406
0.9999547004699707 0.0035221357829868793 -0.00884369295090437 0.32437872886657715 -0.0035367051605135202 0.9999924302101135 -0.0016323169693350792 -2.5383009910583496 0.00883787777274847 0.0016635206993669271 0.9999595284461975 187.68801879882812
0.9999502301216125 0.0036092449445277452 -0.009303024038672447 0.3092336654663086 -0.0036231710109859705 0.999992311000824 -0.0014805031241849065 -2.5608959197998047 0.009297611191868782 0.0015141359763219953 0.9999556541442871 188.9385528564453
0.9999556541442871 0.003167221089825034 -0.008869570679962635 0.2916378974914551 -0.0031685023568570614 0.9999949932098389 -0.00013039349869359285 -2.587764263153076 0.008869113400578499 0.00015849096234887838 0.9999606609344482 190.20416259765625
0.9999557733535767 0.0030458837281912565 -0.008902243338525295 0.27658891677856445 -0.0030262665823101997 0.9999930262565613 0.00221623876132071 -2.612354040145874 0.008908931165933609 -0.0021891999058425426 0.9999579191207886 191.45318603515625
0.9999642968177795 0.0027039041742682457 -0.008005199953913689 0.25955498218536377 -0.0026806851383298635 0.9999921321868896 0.0029098154045641422 -2.631699562072754 0.008013004437088966 -0.002888251794502139 0.999963641166687 192.70068359375
0.9999745488166809 0.002750223968178034 -0.006582977715879679 0.24454152584075928 -0.0027362247928977013 0.9999940395355225 0.002134558744728565 -2.649897575378418 0.006588806863874197 -0.002116491785272956 0.9999760389328003 193.941650390625
0.9999850988388062 0.001644991571083665 -0.005192769691348076 0.23377954959869385 -0.0016409496311098337 0.9999983310699463 0.000782537623308599 -2.6725640296936035 0.005194047931581736 -0.0007740049040876329 0.9999862313270569 195.16744995117188
0.9999913573265076 0.0015483404276892543 -0.0038546756841242313 0.21892905235290527 -0.0015504421899095178 0.9999986290931702 -0.0005423384718596935 -2.6969504356384277 0.0038538300432264805 0.0005483102286234498 0.9999924302101135 196.4016571044922
