1.0 -2.1571499928541016e-06 -7.379033831966808e-06 4.565366907627322e-05 2.1571490833594e-06 1.0 -1.253224723996027e-07 1.299887799177668e-06 7.379033831966808e-06 1.2530655624232168e-07 1.0 -9.151902304438408e-06
0.9999973177909851 0.0010388994123786688 0.0020614885725080967 -0.009275604039430618 -0.0010366836795583367 0.9999988675117493 -0.0010755868861451745 -0.016912296414375305 -0.0020626038312911987 0.00107344682328403 0.9999972581863403 1.2061114311218262
0.9999333024024963 0.0037067660596221685 0.010935934260487556 -0.13044637441635132 -0.0036937904078513384 0.9999924302101135 -0.001206474262289703 -0.028896769508719444 -0.01094032358378172 0.0011659987503662705 0.999939501285553 2.449204444885254
0.999915361404419 0.0033632267732173204 0.012578397989273071 -0.13151530921459198 -0.0033525070175528526 0.9999939799308777 -0.000873253564350307 -0.04882734268903732 -0.012581259943544865 0.0008310104603879154 0.9999204277992249 3.6511454582214355
0.9999024271965027 0.0031978508923202753 0.01359577476978302 -0.12116388231515884 -0.0031852491665631533 0.9999943971633911 -0.0009484491311013699 -0.07028047740459442 -0.01359873078763485 0.0009050506632775068 0.9999070763587952 4.845983505249023
0.9998855590820312 0.0033214478753507137 0.01475963182747364 -0.12469213455915451 -0.0033128857612609863 0.9999943375587463 -0.0006045286427251995 -0.0950065478682518 -0.014761555939912796 0.0005555624375119805 0.9998908638954163 6.05156946182251
0.9998782277107239 0.0035717952996492386 0.01519580464810133 -0.10707282274961472 -0.0035478065256029367 0.9999924898147583 -0.0016053211875259876 -0.1168978214263916 -0.015201423317193985 0.0015512137906625867 0.999883234500885 7.255887985229492
0.9998461008071899 0.0037662230897694826 0.017134128138422966 -0.12249421328306198 -0.003738447092473507 0.9999916553497314 -0.0016528263222426176 -0.1449074000120163 -0.017140209674835205 0.0015885168686509132 0.9998518228530884 8.438005447387695
0.9998422265052795 0.0032320600003004074 0.01746239885687828 -0.11541006714105606 -0.0032299163285642862 0.999994695186615 -0.0001509590510977432 -0.16695617139339447 -0.017462793737649918 9.453311213292181e-05 0.9998475313186646 9.638479232788086
0.9998660087585449 0.0028493048157542944 0.016117988154292107 -0.1032966673374176 -0.002864672103896737 0.9999954700469971 0.0009304307750426233 -0.19067038595676422 -0.01611526496708393 -0.0009764791466295719 0.999869704246521 10.829882621765137
0.9998988509178162 0.0013813662808388472 0.014154970645904541 -0.10159258544445038 -0.0013859319733455777 0.9999989867210388 0.00031276463414542377 -0.2121799886226654 -0.0141545245423913 -0.0003323509299661964 0.9998997449874878 12.031103134155273
0.9999204277992249 0.001703501446172595 0.012499869801104069 -0.10040540248155594 -0.0017005366971716285 0.9999985694885254 -0.000247795891482383 -0.2287607342004776 -0.012500273995101452 0.00022651960898656398 0.9999217987060547 13.228034019470215
0.9999363422393799 0.00189495412632823 0.011122617870569229 -0.09573404490947723 -0.0018919802969321609 0.999998152256012 -0.0002778824418783188 -0.25526419281959534 -0.01112312451004982 0.00025682098930701613 0.9999381303787231 14.419376373291016
0.9999416470527649 0.003685929113999009 0.010160189121961594 -0.0902247428894043 -0.0036819803062826395 0.999993085861206 -0.0004073302843607962 -0.2759275734424591 -0.010161620564758778 0.00036989685031585395 0.9999483823776245 15.622698783874512
0.9999405741691589 0.0035128311719745398 0.010318288579583168 -0.09663566201925278 -0.0035091093741357327 0.9999938011169434 -0.00037878184230066836 -0.2977120578289032 -0.010319555178284645 0.0003425513277761638 0.9999467134475708 16.80832290649414
0.9999526739120483 0.0028189329896122217 0.009314442984759808 -0.08626718074083328 -0.002820276189595461 0.9999960660934448 0.00013105696416459978 -0.31985074281692505 -0.009314036928117275 -0.00015732010069768876 0.9999566674232483 18.008623123168945
0.999955952167511 0.0019464276265352964 0.009181401692330837 -0.08607596904039383 -0.0019498106557875872 0.9999979734420776 0.0003595209855120629 -0.34160640835762024 -0.009180684573948383 -0.00037740718107670546 0.9999577403068542 19.189870834350586
0.999963641166687 0.002463024342432618 0.008163333870470524 -0.078844353556633 -0.002460191026329994 0.9999969005584717 -0.0003570967528503388 -0.3660992383956909 -0.00816418882459402 0.00033700038329698145 0.999966561794281 20.38408851623535
0.9999603629112244 0.0020811171270906925 0.008659766055643559 -0.09951509535312653 -0.002068866975605488 0.9999967813491821 -0.0014233357505872846 -0.3840612471103668 -0.008662701584398746 0.0014053629711270332 0.9999614953994751 21.570236206054688
0.9999607801437378 0.003608321538195014 0.008092083036899567 -0.09567056596279144 -0.003602985292673111 0.9999933242797852 -0.000673887669108808 -0.40685874223709106 -0.008094461634755135 0.000644705374725163 0.9999670386314392 22.76750373840332
0.9999666810035706 0.0030223303474485874 0.007583549711853266 -0.1072705015540123 -0.003015514463186264 0.9999949932098389 -0.0009100909810513258 -0.432245135307312 -0.007586262654513121 0.0008871923200786114 0.9999708533287048 23.95427703857422
0.9999757409095764 0.0029686365742236376 0.006312485318630934 -0.10039828717708588 -0.002960321493446827 0.9999948143959045 -0.001326252124272287 -0.4576338529586792 -0.006316389422863722 0.001307533006183803 0.9999791979789734 25.145565032958984
0.9999794960021973 0.002956826239824295 0.005684664007276297 -0.10743992030620575 -0.0029544204007834196 0.9999955296516418 -0.0004315751139074564 -0.4877336919307709 -0.005685914773494005 0.00041477137710899115 0.9999837279319763 26.329280853271484
0.9999856352806091 0.001470917253755033 0.005167246796190739 -0.10880235582590103 -0.001477071433328092 0.999998152256012 0.001187273534014821 -0.5069952011108398 -0.0051654912531375885 -0.00119488884229213 0.999985933303833 27.533283233642578
0.9999905228614807 0.0015552904224023223 0.004074492491781712 -0.10658057779073715 -0.001559494063258171 0.9999982118606567 0.0010286091128364205 -0.5271189212799072 -0.004072885494679213 -0.001034953398630023 0.9999911785125732 28.730043411254883
0.9999931454658508 0.0005493946373462677 0.0036688572727143764 -0.11884957551956177 -0.0005511283525265753 0.9999997615814209 0.0004715159593615681 -0.553126871585846 -0.003668595803901553 -0.0004735347756650299 0.9999931454658508 29.90151023864746
0.999997079372406 -0.00011022938269888982 0.0024403503630310297 -0.11550463736057281 0.00011164279567310587 0.9999998211860657 -0.0005789633141830564 -0.5741116404533386 -0.0024402858689427376 0.000579233979806304 0.9999968409538269 31.097394943237305
0.9999971389770508 0.0008546978351660073 0.002223038347437978 -0.1273958683013916 -0.0008538996917195618 0.9999995827674866 -0.00035992031916975975 -0.5956645011901855 -0.0022233445197343826 0.00035802111960947514 0.9999974370002747 32.28519821166992
0.9999988675117493 0.0004052013100590557 0.001402381923981011 -0.1256990283727646 -0.00040526496013626456 0.9999998807907104 4.4802094635088e-05 -0.6166068315505981 -0.0014023621333763003 -4.5370394218480214e-05 0.9999989867210388 33.482093811035156
0.9999996423721313 0.00017788491095416248 0.0007737952983006835 -0.12745139002799988 -0.0001780800084816292 0.9999999403953552 0.00025174644542858005 -0.6372600197792053 -0.0007737494306638837 -0.00025188413565047085 0.9999997019767761 34.669124603271484
0.9999995827674866 -0.0006852681981399655 0.0005966746248304844 -0.14223745465278625 0.0006850188365206122 0.9999997019767761 0.0004182926204521209 -0.6633608341217041 -0.0005969605990685523 -0.0004178836243227124 0.9999997019767761 35.876888275146484
0.9999997019767761 -0.0006577116437256336 1.4897736946295481e-05 -0.14648574590682983 0.0006577076856046915 0.9999997615814209 0.00029015063773840666 -0.6825574040412903 -1.5087564861460123e-05 -0.0002901408006437123 1.0 37.079776763916016
0.999998927116394 -0.001492022885940969 0.0003950403188355267 -0.16360639035701752 0.001491593662649393 0.9999982714653015 0.0010851792758330703 -0.7102502584457397 -0.00039665974327363074 -0.0010845887009054422 0.9999993443489075 38.24460220336914
0.9999989867210388 -0.0014548201579600573 0.00010216033842880279 -0.1576939821243286 0.0014545843005180359 0.9999963641166687 0.002269038697704673 -0.7255415916442871 -0.00010546216799411923 -0.0022688875906169415 0.9999973773956299 39.44621276855469
0.9999996423721313 -0.0008363858214579523 -7.560844824183732e-05 -0.15941110253334045 0.0008366121328435838 0.9999949932098389 0.003038031281903386 -0.7473111748695374 7.306689803954214e-05 -0.0030380934476852417 0.9999954104423523 40.63430404663086
1.0 0.00017004071560222656 -6.191874854266644e-05 -0.1666213870048523 -0.0001698765845503658 0.9999966025352478 0.002642866922542453 -0.7614859938621521 6.236691115191206e-05 -0.002642856677994132 0.9999964237213135 41.832000732421875
0.9999994039535522 0.0009842473082244396 0.0004152454494033009 -0.17442207038402557 -0.0009850984206423163 0.9999974370002747 0.002054600277915597 -0.7719034552574158 -0.000413222674978897 -0.002055008662864566 0.9999977946281433 43.02313995361328
0.9999936819076538 0.003392074489966035 0.0010594683699309826 -0.18305759131908417 -0.003396406304091215 0.9999858140945435 0.004113965667784214 -0.7903614640235901 -0.0010454985313117504 -0.004117537755519152 0.9999909400939941 44.25042724609375
0.9999871850013733 0.003593841101974249 0.0035703375469893217 -0.21157388389110565 -0.003620358183979988 0.9999657273292542 0.0074486033990979195 -0.8110093474388123 -0.003543444676324725 -0.007461432833224535 0.9999659061431885 45.42648696899414
0.999977707862854 0.0038985104765743017 0.005411885678768158 -0.21751461923122406 -0.003952828235924244 0.9999415874481201 0.01006272528320551 -0.8199611306190491 -0.005372340325266123 -0.010083894245326519 0.999934732913971 46.62445068359375
0.9999665021896362 0.004331560339778662 0.006944570224732161 -0.20691318809986115 -0.004423130303621292 0.9999027848243713 0.013225146569311619 -0.8231763243675232 -0.006886609829962254 -0.01325542014092207 0.9998884797096252 47.82228088378906
0.9999513626098633 0.004083690699189901 0.008979996666312218 -0.22897836565971375 -0.004218133632093668 0.9998785257339478 0.015003740787506104 -0.8383874297142029 -0.008917635306715965 -0.015040889382362366 0.9998471140861511 49.01493835449219
0.9999432563781738 0.0022137665655463934 0.010420550592243671 -0.21877805888652802 -0.0023528900928795338 0.9999079704284668 0.013357527554035187 -0.8400419354438782 -0.010390020906925201 -0.013381287455558777 0.9998564720153809 50.22869110107422
0.9999266266822815 0.0035092798061668873 0.011594115756452084 -0.20977497100830078 -0.003644319949671626 0.9999255537986755 0.011646765284240246 -0.8461034893989563 -0.011552381329238415 -0.011688162572681904 0.999864935874939 51.428890228271484
0.9999126195907593 0.0031613565515726805 0.012838109396398067 -0.21674902737140656 -0.00330566824413836 0.9999313950538635 0.011235272511839867 -0.8538902997970581 -0.01280171051621437 -0.01127672754228115 0.9998544454574585 52.606231689453125
0.9999127984046936 0.002795228734612465 0.012911779806017876 -0.20726212859153748 -0.0029291934333741665 0.9999419450759888 0.010368173010647297 -0.8560488820075989 -0.012882049195468426 -0.01040508970618248 0.9998628497123718 53.80937957763672
0.9999162554740906 0.002353743650019169 0.012725216336548328 -0.2084033340215683 -0.002472503110766411 0.9999533891677856 0.009324897080659866 -0.8620255589485168 -0.012702676467597485 -0.009355579502880573 0.9998754858970642 55.013206481933594
0.9999364614486694 0.00259592616930604 0.010964072309434414 -0.1989901065826416 -0.0027074390091001987 0.9999446272850037 0.01016817707568407 -0.8708698153495789 -0.010937070474028587 -0.010197215713560581 0.9998881816864014 56.2254524230957
0.9999428987503052 0.0026180692948400974 0.010361351072788239 -0.20727109909057617 -0.002730721142143011 0.999937117099762 0.010873084887862206 -0.8765807747840881 -0.010332233272492886 -0.010900755412876606 0.999887228012085 57.41294860839844
0.9999536871910095 0.0019115463364869356 0.009432347491383553 -0.20085479319095612 -0.002017318271100521 0.9999350309371948 0.011217024177312851 -0.8863733410835266 -0.009410291910171509 -0.011235533282160759 0.9998926520347595 58.6206169128418
0.9999585747718811 0.003471194766461849 0.00841007474809885 -0.1949479579925537 -0.003566630184650421 0.9999291300773621 0.01135947648435831 -0.8989837765693665 -0.008370047435164452 -0.01138900127261877 0.9999000430107117 59.813350677490234
0.999962568283081 0.003775817109271884 0.00778179569169879 -0.19051145017147064 -0.0038614198565483093 0.9999318718910217 0.011014881543815136 -0.903583824634552 -0.007739676162600517 -0.011044519953429699 0.999908983707428 61.01744842529297
0.9999644756317139 0.002832724479958415 0.007956077344715595 -0.19258001446723938 -0.0029170906636863947 0.9999394416809082 0.01061246357858181 -0.9152657985687256 -0.007925535552203655 -0.01063529308885336 0.9999119639396667 62.21709442138672
0.9999687671661377 0.0017440235242247581 0.007712644524872303 -0.1876155138015747 -0.0018196750897914171 0.9999502301216125 0.00981264840811491 -0.9255663156509399 -0.007695148698985577 -0.009826375171542168 0.9999220967292786 63.42536163330078
0.9999719858169556 0.0012882868759334087 0.0073634786531329155 -0.1826896369457245 -0.001371074584312737 0.9999358057975769 0.011249157600104809 -0.9408344626426697 -0.007348512299358845 -0.011258941143751144 0.9999096393585205 64.6082763671875
0.9999740123748779 0.0014531812630593777 0.007047924678772688 -0.17922282218933105 -0.0015419441042467952 0.9999193549156189 0.012605179101228714 -0.9444128274917603 -0.007029038388282061 -0.012615719810128212 0.9998957514762878 65.80943298339844
0.9999725222587585 0.0016555101610720158 0.007219019811600447 -0.18658447265625 -0.0017370154382660985 0.9999346733093262 0.011298766359686852 -0.9595457911491394 -0.0071998415514826775 -0.011310996487736702 0.9999101161956787 67.00482940673828
0.999962568283081 0.003718351246789098 0.007819585502147675 -0.19360485672950745 -0.00379595416598022 0.9999434351921082 0.009932903572916985 -0.9656450748443604 -0.007782209198921919 -0.009962214156985283 0.999920129776001 68.20262908935547
0.999955952167511 0.005642087664455175 0.007499925326555967 -0.18769867718219757 -0.005719536915421486 0.9999301433563232 0.010345645248889923 -0.9762336611747742 -0.007441030815243721 -0.01038808561861515 0.9999183416366577 69.40009307861328
0.9999392032623291 0.00784680899232626 0.007747985888272524 -0.1869838833808899 -0.007928996346890926 0.9999120831489563 0.010634479112923145 -0.9851176738739014 -0.0076638576574623585 -0.010695267468690872 0.9999134540557861 70.58749389648438
0.9999287724494934 0.008858694694936275 0.008000967092812061 -0.18874555826187134 -0.008946888148784637 0.9998988509178162 0.011055096052587032 -0.9934329986572266 -0.007902221754193306 -0.011125894263386726 0.9999068975448608 71.79383087158203
0.9999101161956787 0.009544986300170422 0.009416953660547733 -0.19068947434425354 -0.009656654670834541 0.9998828172683716 0.0118849603459239 -1.0000391006469727 -0.009302406571805477 -0.01197483018040657 0.9998850226402283 72.990234375
0.999879777431488 0.011256753467023373 0.010672187432646751 -0.17803965508937836 -0.011390053667128086 0.9998568296432495 0.012512853369116783 -1.0064244270324707 -0.010529804974794388 -0.012632904574275017 0.9998647570610046 74.1819839477539
0.9998542070388794 0.010317845270037651 0.013607222586870193 -0.16346804797649384 -0.010462809354066849 0.9998887181282043 0.010625607334077358 -1.019050121307373 -0.013496076688170433 -0.010766425170004368 0.9998509883880615 75.37034606933594
0.9998437166213989 0.007628365885466337 0.015946069732308388 -0.14801502227783203 -0.007719908840954304 0.9999540448188782 0.005687157157808542 -1.0297861099243164 -0.015901952981948853 -0.005809369962662458 0.9998566508293152 76.54608154296875
0.9997797012329102 0.008830762468278408 0.01904018595814705 -0.13449808955192566 -0.008931385353207588 0.9999465346336365 0.0052062468603253365 -1.0426561832427979 -0.0189931932836771 -0.005375155247747898 0.9998051524162292 77.72706604003906
0.999742329120636 0.007480330765247345 0.021430687978863716 -0.11020749062299728 -0.007671980652958155 0.9999312162399292 0.008874581195414066 -1.0576410293579102 -0.021362826228141785 -0.009036711417138577 0.9997310042381287 78.90990447998047
0.9996537566184998 0.008011342957615852 0.025068894028663635 -0.08698848634958267 -0.008263706229627132 0.9999160766601562 0.009979420341551304 -1.0669907331466675 -0.02498684450984001 -0.010183125734329224 0.9996359348297119 80.08924865722656
0.999541699886322 0.008100605569779873 0.029172461479902267 -0.0603501982986927 -0.008343503810465336 0.9999315142631531 0.008214198984205723 -1.0771708488464355 -0.029103921726346016 -0.00845383107662201 0.9995406866073608 81.25634002685547
0.9994368553161621 0.006985649932175875 0.03282002732157707 -0.026162905618548393 -0.007159975357353687 0.9999608397483826 0.00519703421741724 -1.091199278831482 -0.03278243914246559 -0.005429097916930914 0.999447762966156 82.42830657958984
0.9993272423744202 0.0056217871606349945 0.036239270120859146 0.013037774711847305 -0.005691261496394873 0.9999821186065674 0.0018142246408388019 -1.1075413227081299 -0.03622841835021973 -0.002019251696765423 0.9993414878845215 83.59176635742188
0.9991898536682129 0.005240708123892546 0.039900220930576324 0.053965501487255096 -0.005281228572130203 0.9999856352806091 0.0009102049516513944 -1.1253947019577026 -0.03989487513899803 -0.0011201901361346245 0.9992032051086426 84.74512481689453
0.9990518689155579 0.004812802653759718 0.04327138140797615 0.1022377461194992 -0.004934988915920258 0.9999841451644897 0.002717330353334546 -1.1465165615081787 -0.04325762018561363 -0.0029282972682267427 0.9990596771240234 85.9219970703125
0.998869001865387 0.005848516710102558 0.04718540236353874 0.14397840201854706 -0.0060246591456234455 0.9999754428863525 0.0035916336346417665 -1.1712651252746582 -0.047163233160972595 -0.0038718474097549915 0.9988797307014465 87.08654022216797
0.9986859560012817 0.005606826860457659 0.05093960091471672 0.20334134995937347 -0.005668178666383028 0.9999833106994629 0.0010600227396935225 -1.1882257461547852 -0.05093281343579292 -0.0013473645085468888 0.9987011551856995 88.24393463134766
0.9985129833221436 0.005512612871825695 0.05423537269234657 0.261283278465271 -0.005470283329486847 0.9999845623970032 -0.0009288997389376163 -1.2108105421066284 -0.0542396605014801 0.0006308358279056847 0.9985277056694031 89.39274597167969
0.9983377456665039 0.005669034086167812 0.057357341051101685 0.3252481520175934 -0.0055874851532280445 0.9999831318855286 -0.0015820639673620462 -1.226094126701355 -0.05736535042524338 0.0012589506804943085 0.9983524680137634 90.56763458251953
0.998174250125885 0.004878728184849024 0.06020354479551315 0.3906104862689972 -0.004863321781158447 0.9999881386756897 -0.0004024357767775655 -1.2444132566452026 -0.06020478904247284 0.00010891181591432542 0.9981861114501953 91.72335052490234
0.997996985912323 0.0034988769330084324 0.06316468864679337 0.45839834213256836 -0.003575898939743638 0.9999929666519165 0.0011063750134781003 -1.267048716545105 -0.06316038221120834 -0.001330029801465571 0.9980024695396423 92.89067077636719
0.9978245496749878 0.0027380837127566338 0.06586848944425583 0.53371262550354 -0.0029262909665703773 0.9999918341636658 0.002761006122455001 -1.282750129699707 -0.06586039811372757 -0.0029477498028427362 0.997824490070343 94.05329895019531
0.9976776838302612 0.0011736592277884483 0.06810155510902405 0.6163195967674255 -0.001424399553798139 0.9999923706054688 0.0036334157921373844 -1.2980836629867554 -0.06809677928686142 -0.0037219817750155926 0.9976717829704285 95.21355438232422
0.9975054264068604 0.00023421930382028222 0.07058868557214737 0.687772274017334 -0.00034022299223579466 0.9999988079071045 0.0014897070359438658 -1.3176312446594238 -0.07058825343847275 -0.0015100068412721157 0.9975044131278992 96.36459350585938
0.9973433613777161 -0.0010815217392519116 0.07283547520637512 0.7713953256607056 0.0012360250111669302 0.999997079372406 -0.0020762362983077765 -1.335423469543457 -0.07283301651477814 0.002160747069865465 0.9973417520523071 97.52133178710938
0.9971949458122253 -9.460550791118294e-05 0.07484695315361023 0.8504048585891724 0.0004568941658362746 0.9999882578849792 -0.0048232837580144405 -1.3545622825622559 -0.07484561949968338 0.00484395120292902 0.9971833229064941 98.68059539794922
0.997070848941803 -0.00017176919209305197 0.07648278772830963 0.9405704140663147 0.000606236862950027 0.9999837875366211 -0.005657419096678495 -1.3801076412200928 -0.07648056745529175 0.005687215831130743 0.9970548748970032 99.85405731201172
0.9970523118972778 0.00013287043839227408 0.07672416418790817 1.030320405960083 0.0002583996974863112 0.999987006187439 -0.005089753307402134 -1.4002234935760498 -0.07672382891178131 0.0050945766270160675 0.9970394372940063 101.03655242919922
0.9970924854278564 -0.000171260122442618 0.07620232552289963 1.1111714839935303 0.00042121708975173533 0.9999945759773254 -0.003264126367866993 -1.4299373626708984 -0.07620135694742203 0.003286733292043209 0.9970870614051819 102.2198715209961
0.9971659779548645 -7.045008533168584e-05 0.07523355633020401 1.188233733177185 0.00020376956672407687 0.9999984502792358 -0.0017644072650000453 -1.4487792253494263 -0.07523331046104431 0.0017747373785823584 0.9971643686294556 103.41830444335938
0.9973125457763672 -5.698011955246329e-05 0.0732642188668251 1.2685109376907349 0.00013757690612692386 0.9999994039535522 -0.0010950391879305243 -1.466878890991211 -0.07326410710811615 0.001102175796404481 0.9973119497299194 104.61085510253906
0.9975214600563049 -0.0001557206705911085 0.07036272436380386 1.3529459238052368 0.0002002883265959099 0.9999998211860657 -0.0006263487157411873 -1.4867039918899536 -0.07036260515451431 0.0006388890906237066 0.9975212216377258 105.81114959716797
0.9976971745491028 0.0008225637138821185 0.06782079488039017 1.4233828783035278 -0.0007809801027178764 0.9999994039535522 -0.0006396507378667593 -1.5057127475738525 -0.06782128661870956 0.0005852110334672034 0.9976972937583923 107.01709747314453
0.9979245662689209 0.0022698219399899244 0.06435397267341614 1.4827629327774048 -0.0021987552754580975 0.9999967813491821 -0.0011751154670491815 -1.5214439630508423 -0.06435644626617432 0.0010311780497431755 0.9979264736175537 108.2085952758789
0.9981834888458252 0.0022906388621777296 0.06020528823137283 1.5555616617202759 -0.0022420790046453476 0.9999970197677612 -0.0008741257479414344 -1.5397485494613647 -0.060207121074199677 0.0007375527638942003 0.9981856346130371 109.4297103881836
0.9984241127967834 0.0024520852603018284 0.056064993143081665 1.6240745782852173 -0.002485176781192422 0.9999967217445374 0.0005205192719586194 -1.564045786857605 -0.05606353282928467 -0.0006590306293219328 0.9984270334243774 110.6553726196289
0.9986388683319092 0.0033202278427779675 0.05205196514725685 1.6747498512268066 -0.003386538475751877 0.9999935626983643 0.001185789005830884 -1.5817487239837646 -0.05204769968986511 -0.0013604507548734546 0.998643696308136 111.85875701904297
0.9988556504249573 0.003324629971757531 0.04771122708916664 1.7250089645385742 -0.003409422468394041 0.9999926686286926 0.0016959257191047072 -1.5974675416946411 -0.04770524054765701 -0.00185665232129395 0.998859703540802 113.07926940917969
0.9990902543067932 0.003910324536263943 0.04246614873409271 1.7795372009277344 -0.003993804566562176 0.9999902248382568 0.0018811313202604651 -1.6154645681381226 -0.04245837777853012 -0.002049021190032363 0.9990960955619812 114.3021469116211
0.9992630481719971 0.004604911431670189 0.038105785846710205 1.8093925714492798 -0.004678144119679928 0.9999874830245972 0.0018329165177419782 -1.6351712942123413 -0.03809686005115509 -0.0020098304376006126 0.9992720484733582 115.53961944580078
0.9994463920593262 0.00471599493175745 0.03293422982096672 1.8445329666137695 -0.0047689503990113735 0.9999874234199524 0.001529560424387455 -1.6515129804611206 -0.03292660415172577 -0.0016857751179486513 0.9994563460350037 116.76404571533203
0.9995806217193604 0.006251880433410406 0.02827605977654457 1.8762115240097046 -0.006278000771999359 0.9999799728393555 0.0008350718417204916 -1.6699774265289307 -0.02827027440071106 -0.001012238790281117 0.9995997548103333 118.00077819824219
0.9996546506881714 0.008182350546121597 0.024971412494778633 1.89773428440094 -0.008205489255487919 0.9999659657478333 0.0008242857293225825 -1.687760591506958 -0.02496381849050522 -0.0010289037600159645 0.9996878504753113 119.23765563964844
0.9996950030326843 0.009776506572961807 0.022679166868329048 1.9198191165924072 -0.009803839027881622 0.9999513626098633 0.0010943289380520582 -1.7086784839630127 -0.02266736514866352 -0.0013163379626348615 0.9997422099113464 120.46249389648438
0.9996992349624634 0.011142091825604439 0.02184508554637432 1.9339929819107056 -0.011159013956785202 0.9999375343322754 0.0006529267993755639 -1.7316759824752808 -0.02183644473552704 -0.000896500307135284 0.999761164188385 121.72677612304688
0.9996950030326843 0.013488507829606533 0.020687997341156006 1.9517134428024292 -0.013513447716832161 0.9999081492424011 0.0010662100976333022 -1.7492568492889404 -0.020671717822551727 -0.0013454512227326632 0.9997854232788086 122.96574401855469
0.9996897578239441 0.014797165058553219 0.02003662660717964 1.964847207069397 -0.014839095063507557 0.999888002872467 0.0019456160953268409 -1.7683018445968628 -0.020005591213703156 -0.0022423374466598034 0.9997973442077637 124.19977569580078
0.9997038245201111 0.014529711566865444 0.019530050456523895 1.9800924062728882 -0.014577220194041729 0.9998911023139954 0.002292342483997345 -1.7830754518508911 -0.019494619220495224 -0.0025763569865375757 0.9998066425323486 125.4481201171875
0.9996643662452698 0.018165355548262596 0.018476251512765884 1.9976465702056885 -0.01824670098721981 0.9998245239257812 0.00424377154558897 -1.79825758934021 -0.01839591935276985 -0.0045794774778187275 0.9998202919960022 126.69709777832031
0.999649703502655 0.019199060276150703 0.018218064680695534 2.0040948390960693 -0.019339950755238533 0.9997841119766235 0.007589074317365885 -1.8145794868469238 -0.018068429082632065 -0.007938753813505173 0.999805212020874 127.94023895263672
0.9996835589408875 0.018073569983243942 0.017500346526503563 2.0248310565948486 -0.018201731145381927 0.9998084306716919 0.007191849406808615 -1.8277473449707031 -0.017367012798786163 -0.007508110720664263 0.9998209476470947 129.1910858154297
0.9997109174728394 0.017423367127776146 0.01657070778310299 2.043625593185425 -0.0175201166421175 0.9998301863670349 0.005711399484425783 -1.8356354236602783 -0.016468383371829987 -0.00600006990134716 0.999846339225769 130.4364471435547
0.9997441172599792 0.01531209982931614 0.016650758683681488 2.0455901622772217 -0.015423058532178402 0.9998595714569092 0.006556055974215269 -1.843592643737793 -0.0165480338037014 -0.006811182945966721 0.9998399019241333 131.7168731689453
0.9998003244400024 0.012674547731876373 0.015445793978869915 2.0658788681030273 -0.012809567153453827 0.9998803734779358 0.008674192242324352 -1.8567849397659302 -0.015334004536271095 -0.008870313875377178 0.9998431205749512 132.97467041015625
0.9998341798782349 0.009678454138338566 0.015423055738210678 2.0825188159942627 -0.009837532415986061 0.9998988509178162 0.010272076353430748 -1.8662378787994385 -0.015322077088057995 -0.010422100313007832 0.9998282790184021 134.23780822753906
0.9998610615730286 0.007723173126578331 0.014772065915167332 2.1016201972961426 -0.007890737615525723 0.9999047517776489 0.011318887583911419 -1.8729722499847412 -0.014683241955935955 -0.011433877050876617 0.9998267889022827 135.50392150878906
0.9998781085014343 0.00313299591653049 0.015294940210878849 2.1185436248779297 -0.0032781329937279224 0.9999496936798096 0.009473351761698723 -1.8808437585830688 -0.01526449155062437 -0.009522334672510624 0.9998381733894348 136.77728271484375
0.9998844861984253 0.000929487228859216 0.015175146982073784 2.137608766555786 -0.0010583291295915842 0.9999634027481079 0.00848449021577835 -1.8882571458816528 -0.015166706405580044 -0.008499570190906525 0.9998489022254944 138.0478973388672
0.999882698059082 -0.0005524412263184786 0.015311880968511105 2.1548354625701904 0.0004225393640808761 0.9999638795852661 0.008485664613544941 -1.9018614292144775 -0.015316017903387547 -0.008478198200464249 0.9998468160629272 139.31362915039062
0.999871551990509 2.260646033391822e-05 0.016025694087147713 2.1690614223480225 -0.00016065248928498477 0.9999628663063049 0.008612817153334618 -1.9052104949951172 -0.016024908050894737 -0.008614284917712212 0.999834418296814 140.6129913330078
0.999858021736145 0.0002736508031375706 0.016850266605615616 2.18056058883667 -0.0004513295425567776 0.9999442100524902 0.010541635565459728 -1.9140894412994385 -0.016846448183059692 -0.010547742247581482 0.9998024106025696 141.88858032226562
0.999843955039978 0.002823670394718647 0.01743457093834877 2.1983580589294434 -0.003034641034901142 0.9999223351478577 0.01208619587123394 -1.921383023262024 -0.01739908754825592 -0.012137218378484249 0.9997749328613281 143.18524169921875
0.9998340010643005 0.0028993692249059677 0.01798216439783573 2.21492075920105 -0.003084687516093254 0.9999423623085022 0.01028654258698225 -1.9277846813201904 -0.017951300367712975 -0.010340306907892227 0.9997853636741638 144.45977783203125
0.9998235106468201 0.002982616424560547 0.018554044887423515 2.2315542697906494 -0.0031427869107574224 0.9999580979347229 0.008609467186033726 -1.942577600479126 -0.018527591601014137 -0.008666260167956352 0.9997907280921936 145.7314910888672
0.9998135566711426 0.0028767557814717293 0.019097158685326576 2.2493817806243896 -0.0029931049793958664 0.9999771118164062 0.006066692993044853 -1.9530619382858276 -0.019079269841313362 -0.00612272135913372 0.9997991919517517 147.00645446777344
0.9998002052307129 0.0020022715907543898 0.019887348636984825 2.263252019882202 -0.0020461208187043667 0.9999955892562866 0.002184760756790638 -1.9731628894805908 -0.019882887601852417 -0.002225016476586461 0.9997998476028442 148.26817321777344
0.9997901916503906 0.002319755032658577 0.02035057358443737 2.2875595092773438 -0.0022897012531757355 0.9999961853027344 -0.0014999856939539313 -1.996958613395691 -0.020353976637125015 0.0014530741609632969 0.9997918009757996 149.5548095703125
0.9997928142547607 0.0019008128438144922 0.02026311494410038 2.3119187355041504 -0.0018590937834233046 0.9999961256980896 -0.002077511977404356 -2.0220844745635986 -0.020266983658075333 0.002039410639554262 0.9997925758361816 150.83102416992188
0.999783456325531 0.0019478336907923222 0.020719807595014572 2.324481964111328 -0.0019126249244436622 0.9999967217445374 -0.001718943240121007 -2.0528745651245117 -0.02072308585047722 0.001678941771388054 0.9997838735580444 152.09750366210938
0.9997957944869995 0.0022549971472471952 0.020082607865333557 2.3579671382904053 -0.0022280076518654823 0.9999966025352478 -0.0013661955017596483 -2.0741803646087646 -0.020085621625185013 0.0013211722252890468 0.9997973442077637 153.3682403564453
0.9997992515563965 0.002638957230374217 0.01986437290906906 2.3785431385040283 -0.002634083852171898 0.999996542930603 -0.00027152165421284735 -2.0966949462890625 -0.019865022972226143 0.00021914287935942411 0.9998026490211487 154.63063049316406
0.9997940063476562 0.0040581366047263145 0.019886158406734467 2.390584707260132 -0.004064482171088457 0.9999917149543762 0.00027869539917446673 -2.1224350929260254 -0.01988486386835575 -0.0003594649024307728 0.9998021721839905 155.89169311523438
0.9998040795326233 0.004468292463570833 0.01928626000881195 2.4088268280029297 -0.004467664286494255 0.9999901652336121 -7.564183761132881e-05 -2.1414036750793457 -0.01928640715777874 -1.0537507478147745e-05 0.999813973903656 157.1628875732422
0.9998191595077515 0.004330909810960293 0.018518498167395592 2.433711290359497 -0.004337346646934748 0.9999905228614807 0.00030747437267564237 -2.170032024383545 -0.018516993150115013 -0.0003877397975884378 0.9998283982276917 158.44049072265625
0.999836266040802 0.0035920445807278156 0.017734859138727188 2.450695753097534 -0.003620284143835306 0.9999922513961792 0.0015604726504534483 -2.190988063812256 -0.01772911474108696 -0.0016244221478700638 0.9998415112495422 159.70428466796875
0.9998379945755005 0.0050616636872291565 0.0172805804759264 2.467539072036743 -0.0050954692997038364 0.9999852180480957 0.0019127738196402788 -2.211439847946167 -0.0172706451267004 -0.002000516513362527 0.9998487830162048 160.9862060546875
0.9998539090156555 0.004912403412163258 0.016374042257666588 2.486313819885254 -0.004922512918710709 0.999987781047821 0.0005771440337412059 -2.2280898094177246 -0.016371004283428192 -0.0006576612358912826 0.9998657703399658 162.2542266845703
0.9998529553413391 0.005830876063555479 0.016126828268170357 2.4988391399383545 -0.005824394524097443 0.9999829530715942 -0.00044885557144880295 -2.2490735054016113 -0.01612917147576809 0.0003548606182448566 0.9998698830604553 163.51751708984375
0.9998663663864136 0.006679061334580183 0.014925478957593441 2.5207014083862305 -0.006677094381302595 0.9999776482582092 -0.00018164928769692779 -2.272569179534912 -0.014926359988749027 8.196615817723796e-05 0.9998885989189148 164.7808380126953
0.9998728036880493 0.006503409706056118 0.014564591459929943 2.526336908340454 -0.006487307604402304 0.9999783039093018 -0.0011525633744895458 -2.2959787845611572 -0.014571772888302803 0.0010579318040981889 0.9998932480812073 166.0505828857422
0.9998865723609924 0.006849864963442087 0.013417639769613743 2.5424153804779053 -0.006819830276072025 0.9999741911888123 -0.0022829778026789427 -2.3180291652679443 -0.013432934880256653 0.0021912124939262867 0.9999073147773743 167.31935119628906
0.9998888373374939 0.006968589033931494 0.013183078728616238 2.5509748458862305 -0.006939406506717205 0.9999733567237854 -0.002258097054436803 -2.338074207305908 -0.01319846510887146 0.002166363410651684 0.9999104738235474 168.59458923339844
0.9999003410339355 0.007101230323314667 0.012210451997816563 2.563795328140259 -0.007093812804669142 0.9999746084213257 -0.0006507672951556742 -2.3653359413146973 -0.012214765883982182 0.0005640839226543903 0.9999251961708069 169.86883544921875
0.9999043345451355 0.0070210047997534275 0.011915085837244987 2.5729329586029053 -0.007019132375717163 0.999975323677063 -0.00019896011508535594 -2.3895652294158936 -0.011916188523173332 0.0001153074626927264 0.9999290108680725 171.13446044921875
0.9999102354049683 0.007335147354751825 0.011205955408513546 2.5790300369262695 -0.0073386323638260365 0.9999730587005615 0.0002699199831113219 -2.412933826446533 -0.011203672736883163 -0.00035213225055485964 0.9999371767044067 172.40040588378906
0.9999192953109741 0.007284929044544697 0.010404745116829872 2.5890345573425293 -0.007288939319550991 0.9999733567237854 0.00034757802495732903 -2.4337494373321533 -0.010401935316622257 -0.00042338960338383913 0.999945878982544 173.68161010742188
0.9999128580093384 0.008529317565262318 0.010073823854327202 2.5904815196990967 -0.00852622464299202 0.9999635815620422 -0.0003499480080790818 -2.4575793743133545 -0.010076441802084446 0.0002640259626787156 0.9999492168426514 174.9341583251953
0.9999092221260071 0.009131627157330513 0.009903069585561752 2.5947866439819336 -0.009119314141571522 0.9999575614929199 -0.0012877394910901785 -2.475214719772339 -0.009914410300552845 0.0011973135406151414 0.999950110912323 176.2115936279297
0.9999108910560608 0.009526226669549942 0.009354209527373314 2.594989538192749 -0.009514872916042805 0.9999539852142334 -0.001257482566870749 -2.490276336669922 -0.009365757927298546 0.0011683665215969086 0.999955415725708 177.46609497070312
0.9999092221260071 0.009773319587111473 0.009276117198169231 2.5926389694213867 -0.009755058214068413 0.9999504089355469 -0.002011888660490513 -2.517997980117798 -0.009295320138335228 0.001921217073686421 0.9999549388885498 178.72914123535156
0.9999207854270935 0.008617808111011982 0.009178297594189644 2.597393751144409 -0.0085837934166193 0.9999561905860901 -0.003739092266187072 -2.539229154586792 -0.009210118092596531 0.003660011338070035 0.9999508857727051 179.99317932128906
0.9999430775642395 0.005285441409796476 0.009271412156522274 2.604384422302246 -0.005253918468952179 0.9999802708625793 -0.003421159228309989 -2.5674335956573486 -0.009289314039051533 0.0033722533844411373 0.999951183795929 181.25680541992188
0.9999500513076782 0.005457915365695953 0.008375716395676136 2.615858316421509 -0.005459963344037533 0.9999850392341614 0.00022163346875458956 -2.5898520946502686 -0.008374380879104137 -0.0002673538983799517 0.9999649524688721 182.52850341796875
0.9999465942382812 0.004974557552486658 0.009056949988007545 2.615330934524536 -0.005016470793634653 0.9999768137931824 0.004610949661582708 -2.6115403175354004 -0.009033800102770329 -0.004656137432903051 0.9999483823776245 183.77781677246094
0.9999439716339111 0.006064547225832939 0.008670585229992867 2.626166820526123 -0.006099112797528505 0.9999736547470093 0.003965748008340597 -2.628293037414551 -0.008646305650472641 -0.004018409643322229 0.9999545812606812 185.0369415283203
0.9999315738677979 0.0074664512649178505 0.009008126333355904 2.62821364402771 -0.0074728140607476234 0.9999718070030212 0.0006728566950187087 -2.6441311836242676 -0.009002845734357834 -0.0007401262409985065 0.9999591708183289 186.2788543701172
0.999931275844574 0.007801441475749016 0.00875244289636612 2.6338837146759033 -0.007792698685079813 0.9999690651893616 -0.0010325884213671088 -2.6665213108062744 -0.008760225027799606 0.0009643122320994735 0.9999611973762512 187.52496337890625
0.9999363422393799 0.00743948994204402 0.008480673655867577 2.6370599269866943 -0.0074338773265480995 0.9999721050262451 -0.0006931367097422481 -2.6927037239074707 -0.00848559383302927 0.0006300481618382037 0.9999638199806213 188.7746124267578
0.9999321699142456 0.007588531356304884 0.008833424188196659 2.6391892433166504 -0.007588742300868034 0.9999712109565735 -9.61296336754458e-06 -2.7110440731048584 -0.008833241648972034 -5.7422410463914275e-05 0.9999610185623169 190.01927185058594
0.99992835521698 0.007644170429557562 0.009209091775119305 2.6402971744537354 -0.0076681701466441154 0.9999672770500183 0.002573626581579447 -2.7382326126098633 -0.00918912049382925 -0.0026440590154379606 0.9999542236328125 191.27992248535156
0.9999303221702576 0.0066128564067184925 0.00977869238704443 2.64775013923645 -0.006647064816206694 0.999971866607666 0.0034699346870183945 -2.761115074157715 -0.009755473583936691 -0.0035346930380910635 0.999946117401123 192.53005981445312
0.9999117851257324 0.006975420285016298 0.011301932856440544 2.6581597328186035 -0.007006680127233267 0.9999717473983765 0.0027286196127533913 -2.778658866882324 -0.011282580904662609 -0.002807567361742258 0.9999323487281799 193.77093505859375
0.9999035596847534 0.005564456339925528 0.01272097509354353 2.6653554439544678 -0.005585249979048967 0.9999831318855286 0.0015996888978406787 -2.8031115531921387 -0.012711857445538044 -0.0016705839661881328 0.9999178051948547 195.0045928955078
0.9998832941055298 0.005936530418694019 0.01407663058489561 2.6811885833740234 -0.005933083593845367 0.9999823570251465 -0.00028663809644058347 -2.823359251022339 -0.014078086242079735 0.00020308677630964667 0.9999008774757385 196.2306671142578
0.9998741745948792 0.004941869992762804 0.015072242356836796 2.699500322341919 -0.004931724164634943 0.9999876022338867 -0.0007102837553247809 -2.846160888671875 -0.015075566247105598 0.0006358625250868499 0.999886155128479 197.4478759765625
