1.0 6.3947609305614606e-06 -8.596450243203435e-06 1.9039127437281422e-05 -6.394776846718742e-06 1.0 -1.8246398667542962e-06 -1.4245651414057647e-07 8.596439329267014e-06 1.8246947774969158e-06 1.0 5.720082754123723e-06
0.9999788999557495 0.0004177787632215768 -0.006484148092567921 -0.00812880415469408 -0.0004152360197622329 0.9999998211860657 0.00039349199505522847 -0.0018993275007233024 0.006484311539679766 -0.0003907912177965045 0.9999788999557495 0.09159145504236221
0.9999073147773743 0.0009412692743353546 -0.013580978848040104 -0.016463441774249077 -0.0009390764753334224 0.9999995231628418 0.00016783417959231883 -0.0019327870104461908 0.013581130653619766 -0.0001550650631543249 0.9999077320098877 0.1883634626865387
0.9997721314430237 0.0013869298854842782 -0.02130160667002201 -0.025954827666282654 -0.0013993598986417055 0.9999988675117493 -0.000568630057387054 -0.002015815582126379 0.021300794556736946 0.0005983090959489346 0.9997729659080505 0.2853350043296814
0.9995413422584534 0.0017198851564899087 -0.030236059799790382 -0.04290323331952095 -0.0017805665265768766 0.9999964833259583 -0.0019801075104624033 -0.0019242733251303434 0.030232544988393784 0.00203303643502295 0.9995408654212952 0.3905245065689087
0.9991249442100525 0.0019363684114068747 -0.0417809896171093 -0.058739982545375824 -0.0020815343596041203 0.9999919533729553 -0.003431229153648019 -0.004935761447995901 0.04177400842308998 0.003515194868668914 0.9991208910942078 0.500980794429779
0.9984789490699768 0.001750545110553503 -0.055106569081544876 -0.08418692648410797 -0.00197666441090405 0.9999898672103882 -0.004049067851155996 -0.007916880771517754 0.055098921060562134 0.004151836968958378 0.998472273349762 0.625741720199585
0.997426450252533 0.0018196135060861707 -0.07167459279298782 -0.10838412493467331 -0.0021422207355499268 0.9999879598617554 -0.004424382001161575 -0.004188403021544218 0.07166566699743271 0.004566538613289595 0.9974182844161987 0.7612871527671814
0.9959042072296143 0.00023134626098908484 -0.09041454643011093 -0.13444232940673828 -0.0006123218918219209 0.9999910593032837 -0.004185938276350498 -0.008948910050094128 0.09041277319192886 0.004224156495183706 0.9958954453468323 0.9169538617134094
0.9939122200012207 -0.0007206700975075364 -0.11017235368490219 -0.17602874338626862 0.0002403327525826171 0.9999904036521912 -0.0043730889447033405 -0.01247304119169712 0.11017444729804993 0.004319988656789064 0.993902862071991 1.0753122568130493
0.9912548065185547 -0.0008556739194318652 -0.1319591999053955 -0.22217555344104767 0.00023123387654777616 0.9999886155128479 -0.004747321829199791 -0.012001365423202515 0.13196176290512085 0.004675291944295168 0.9912437200546265 1.2330906391143799
0.9877333641052246 0.002703118836507201 -0.1561266928911209 -0.27696508169174194 -0.0036949440836906433 0.99997478723526 -0.0060628242790699005 -0.017268763855099678 0.1561063677072525 0.006565333344042301 0.987718403339386 1.401921272277832
0.983350396156311 0.007105417083948851 -0.18158048391342163 -0.3435087203979492 -0.008604299277067184 0.9999350309371948 -0.007468228694051504 -0.02379397116601467 0.1815156191587448 0.008906259201467037 0.9833477735519409 1.576842188835144
0.977969229221344 0.010061712935566902 -0.2085062861442566 -0.4167889952659607 -0.012103753164410591 0.9998905062675476 -0.008520074188709259 -0.027086568996310234 0.20839771628379822 0.010856078937649727 0.9779838919639587 1.7584943771362305
0.9712733030319214 0.010698234662413597 -0.23772607743740082 -0.49488914012908936 -0.013181977905333042 0.9998738169670105 -0.008860699832439423 -0.028092490509152412 0.23760129511356354 0.011739861220121384 0.9712918400764465 1.9444003105163574
0.9632188081741333 0.012592705897986889 -0.2684232294559479 -0.5849108099937439 -0.015374356880784035 0.9998475909233093 -0.008263377472758293 -0.0326472744345665 0.2682783007621765 0.012086275964975357 0.963265597820282 2.1420135498046875
0.9538606405258179 0.014594449661672115 -0.29989463090896606 -0.6823811531066895 -0.017580997198820114 0.9998191595077515 -0.007262608036398888 -0.03438328951597214 0.2997343838214874 0.012199965305626392 0.9539446830749512 2.3248627185821533
0.942604124546051 0.016448352485895157 -0.3335072100162506 -0.7831151485443115 -0.019649449735879898 0.9997875690460205 -0.006227125879377127 -0.034415632486343384 0.33333390951156616 0.012422947213053703 0.9427270293235779 2.5149176120758057
0.9300670027732849 0.01865210570394993 -0.366916298866272 -0.8860690593719482 -0.022214051336050034 0.9997382164001465 -0.005487173330038786 -0.03993668407201767 0.3667178452014923 0.01325413677841425 0.9302377700805664 2.6936025619506836
0.9162071943283081 0.021418018266558647 -0.40013206005096436 -1.0054198503494263 -0.02551915869116783 0.9996621608734131 -0.004923516418784857 -0.03965546935796738 0.39989137649536133 0.014721996150910854 0.9164443016052246 2.8730990886688232
0.9001562595367432 0.02213272452354431 -0.4350045323371887 -1.1195528507232666 -0.02663411945104599 0.999636173248291 -0.004253276623785496 -0.04087744653224945 0.43475213646888733 0.015414576977491379 0.9004181623458862 3.0440924167633057
0.8817743062973022 0.018095213919878006 -0.4713243246078491 -1.2438260316848755 -0.022978169843554497 0.999725341796875 -0.004606842994689941 -0.04454713687300682 0.4711114764213562 0.014892366714775562 0.881947934627533 3.221078872680664
0.8606415390968323 0.013615592382848263 -0.5090292096138 -1.3818907737731934 -0.018643928691744804 0.9998146891593933 -0.004779035225510597 -0.05030156299471855 0.5088698267936707 0.013603339903056622 0.8607360124588013 3.399750232696533
0.8355708718299866 0.015191920101642609 -0.5491727590560913 -1.5426020622253418 -0.019240083172917366 0.9998136162757874 -0.0016158227808773518 -0.053159311413764954 0.5490458011627197 0.011916262097656727 0.835707426071167 3.58028244972229
0.8064327836036682 0.020911430940032005 -0.5909557342529297 -1.7192132472991943 -0.023943036794662476 0.9997096061706543 0.002702252008020878 -0.061698831617832184 0.5908406972885132 0.011970090679824352 0.8066995143890381 3.743382692337036
0.7738457918167114 0.024060582742094994 -0.6329169273376465 -1.917269229888916 -0.02739781327545643 0.9996144771575928 0.004502369090914726 -0.06307585537433624 0.6327812075614929 0.01385639701038599 0.7742066383361816 3.9140913486480713
0.7380180358886719 0.02276211604475975 -0.6743969321250916 -2.1359200477600098 -0.02607692964375019 0.9996464252471924 0.005202903877943754 -0.06455959379673004 0.6742769479751587 0.013746367767453194 0.7383505702018738 4.0890302658081055
0.6979129910469055 0.018451422452926636 -0.7159449458122253 -2.3521971702575684 -0.020106995478272438 0.9997788071632385 0.006165848579257727 -0.06200971454381943 0.7159002423286438 0.010092276148498058 0.6981295943260193 4.258230209350586
0.6550467610359192 0.014669529162347317 -0.7554460763931274 -2.591472625732422 -0.014575083740055561 0.9998708367347717 0.006777817849069834 -0.06120328977704048 0.7554478049278259 0.006570900324732065 0.6551758646965027 4.42161750793457
0.6113766431808472 0.014457307755947113 -0.7912076711654663 -2.8561110496520996 -0.012198936194181442 0.9998864531517029 0.00884410459548235 -0.0611303485929966 0.791245698928833 0.004244815092533827 0.611483633518219 4.555196762084961
0.5629605054855347 0.014955276623368263 -0.8263484835624695 -3.1342661380767822 -0.009895861148834229 0.9998865127563477 0.011354289948940277 -0.05651332810521126 0.8264245390892029 0.001785413594916463 0.5630446076393127 4.69654655456543
0.5118001699447632 0.01563580520451069 -0.8589622378349304 -3.429018974304199 -0.008015277795493603 0.9998776912689209 0.013425122015178204 -0.05383016914129257 0.8590670228004456 1.3841316103935242e-05 0.5118629932403564 4.822382926940918
0.45986276865005493 0.01667117327451706 -0.8878334760665894 -3.7373220920562744 -0.007526258938014507 0.999860942363739 0.014876452274620533 -0.04272155463695526 0.8879580497741699 -0.00015906125190667808 0.4599243402481079 4.917153835296631
0.4052031338214874 0.01887585036456585 -0.9140317440032959 -4.070788860321045 -0.006136107724159956 0.9998204708099365 0.017927266657352448 -0.04080162197351456 0.9142060875892639 -0.0016555876936763525 0.40524616837501526 5.014828681945801
0.3495853543281555 0.020790250971913338 -0.9366738796234131 -4.425572872161865 -0.005914061330258846 0.9997828602790833 0.019983764737844467 -0.03350754827260971 0.9368858933448792 -0.001446484704501927 0.3496323823928833 5.101736068725586
0.29438620805740356 0.023871788755059242 -0.9553883671760559 -4.7969770431518555 -0.003053956665098667 0.9997063875198364 0.024038121104240417 -0.02899947762489319 0.9556816220283508 -0.0041587757878005505 0.29437264800071716 5.173236846923828
0.2406800538301468 0.025721486657857895 -0.9702635407447815 -5.14066743850708 0.0015645466046407819 0.999637246131897 0.026888268068432808 -0.03149069845676422 0.9706032276153564 -0.007989493198692799 0.24055247008800507 5.229215145111084
0.18979412317276 0.026157839223742485 -0.9814754128456116 -5.5297532081604 0.0037689961027354 0.9996183514595032 0.027370214462280273 -0.02673611044883728 0.9818165898323059 -0.008893882855772972 0.18962308764457703 5.264266014099121
0.1420806646347046 0.027228200808167458 -0.9894805550575256 -5.94827938079834 0.0010299778077751398 0.9996169805526733 0.02765503153204918 -0.01895327866077423 0.9898544549942017 -0.004948388319462538 0.14199823141098022 5.2871599197387695
0.09972310066223145 0.02749698981642723 -0.994635283946991 -6.376462936401367 -7.006339728832245e-06 0.9996181130409241 0.027634045109152794 -0.008807122707366943 0.9950152039527893 -0.0027487846091389656 0.09968520700931549 5.28896427154541
0.06193991005420685 0.026188326999545097 -0.9977363348007202 -6.814122200012207 -0.0018408307805657387 0.9996570944786072 0.026124468073248863 -0.0014694184064865112 0.9980781674385071 0.00021851572091691196 0.061966896057128906 5.275877952575684
0.0273456834256649 0.02323952689766884 -0.9993558526039124 -7.2804083824157715 -0.00016116783081088215 0.9997297525405884 0.02324381098151207 0.005822405219078064 0.9996260404586792 -0.0004745537880808115 0.027342043817043304 5.276413440704346
-0.0037569738924503326 0.020594701170921326 -0.9997808337211609 -7.75526237487793 0.00019143882673233747 0.9997879266738892 0.020594127476215363 0.009849876165390015 0.9999929070472717 -0.00011402527889003977 -0.0037601180374622345 5.246331214904785
-0.030544674023985863 0.018806306645274162 -0.9993563890457153 -8.246541976928711 -5.103764124214649e-05 0.9998229146003723 0.018816642463207245 0.01660934090614319 0.999533474445343 0.0006257530767470598 -0.030538305640220642 5.209259033203125
-0.05093374848365784 0.01634512096643448 -0.9985682368278503 -8.75377368927002 -0.0012824105797335505 0.9998642206192017 0.016431741416454315 0.026737727224826813 0.9987011551856995 0.002117504831403494 -0.05090586841106415 5.1602396965026855
-0.06764194369316101 0.015433385036885738 -0.9975903034210205 -9.273765563964844 -0.000614954624325037 0.9998795390129089 0.0155104985460639 0.03769712895154953 0.9977094531059265 0.0016626330325379968 -0.06762432307004929 5.120521068572998
-0.08064427971839905 0.015699069947004318 -0.9966192841529846 -9.811517715454102 -0.0002619567094370723 0.9998756051063538 0.015771562233567238 0.04716811329126358 0.996742844581604 0.0015329573070630431 -0.08063013851642609 5.065914154052734
-0.0901622325181961 0.017233911901712418 -0.99577796459198 -10.368966102600098 -0.00039414275670424104 0.9998495578765869 0.01734006777405739 0.04841461032629013 0.9959269762039185 0.001955897780135274 -0.09014187753200531 5.006201267242432
-0.09712156653404236 0.01841120235621929 -0.9951021671295166 -10.93842887878418 -0.0019720152486115694 0.9998233318328857 0.01869102008640766 0.04786427319049835 0.9952705502510071 0.0037776583340018988 -0.09706809371709824 4.9441351890563965
-0.10156860202550888 0.01945427618920803 -0.9946383237838745 -11.530220031738281 -0.0018964798655360937 0.9998033046722412 0.019748957827687263 0.054208904504776 0.9948266744613647 0.003892185864970088 -0.10151171684265137 4.875432014465332
-0.10296028107404709 0.020088642835617065 -0.9944826364517212 -12.138361930847168 0.00033640663605183363 0.9997966885566711 0.020161159336566925 0.06602632999420166 0.9946853518486023 0.0017412486486136913 -0.10294611006975174 4.810562610626221
-0.10231254994869232 0.022205449640750885 -0.994504451751709 -12.754583358764648 0.0021620802581310272 0.999753475189209 0.02210022136569023 0.0735541582107544 0.9947499632835388 0.00011093253851868212 -0.10233533382415771 4.754299640655518
-0.10046301037073135 0.024671057239174843 -0.9946348667144775 -13.411261558532715 0.0012218037154525518 0.9996947646141052 0.024673158302903175 0.08146145939826965 0.9949400424957275 0.0012634911108762026 -0.10046249628067017 4.681136131286621
-0.09880528599023819 0.024750635027885437 -0.9947989583015442 -14.064468383789062 -0.000980342156253755 0.9996877312660217 0.024969637393951416 0.08755645155906677 0.9951062798500061 0.0034423754550516605 -0.09875016659498215 4.610952377319336
-0.09713040292263031 0.022299861535429955 -0.9950218796730042 -14.730023384094238 -0.0023588980548083782 0.9997409582138062 0.022635895758867264 0.09867711365222931 0.9952688217163086 0.004545788746327162 -0.09705263376235962 4.54248571395874
-0.0958111509680748 0.02197083830833435 -0.99515700340271 -15.409345626831055 -0.0031932101119309664 0.9997443556785583 0.0223795548081398 0.10999047756195068 0.9953944087028503 0.005321955773979425 -0.09571651369333267 4.472257137298584
-0.09414949268102646 0.024728698655962944 -0.9952508807182312 -16.107542037963867 -0.0028747892938554287 0.9996805191040039 0.02511071227490902 0.1205681562423706 0.9955538511276245 0.005225297994911671 -0.09404833614826202 4.405308723449707
-0.0923161506652832 0.0283968448638916 -0.9953247904777527 -16.82976531982422 -0.0035948320291936398 0.9995772838592529 0.028851592913269997 0.1322948932647705 0.9957232475280762 0.00624149339273572 -0.09217504411935806 4.334452152252197
-0.09049142897129059 0.030201243236660957 -0.9954392313957214 -17.55722427368164 -0.003857984906062484 0.9995219111442566 0.030675828456878662 0.14381474256515503 0.9958897233009338 0.0066162897273898125 -0.09033165872097015 4.263751029968262
-0.08879531919956207 0.02957674115896225 -0.9956106543540955 -18.297819137573242 -0.006022182758897543 0.9995247721672058 0.030230123549699783 0.15840482711791992 0.9960317015647888 0.008680041879415512 -0.08857499808073044 4.1898322105407715
-0.0867873802781105 0.026623284444212914 -0.9958710670471191 -19.055498123168945 -0.008411332964897156 0.9995876550674438 0.027455667033791542 0.1695430874824524 0.9961913228034973 0.010759405791759491 -0.08652763813734055 4.114255428314209
-0.08523030579090118 0.026119820773601532 -0.9960188865661621 -19.830493927001953 -0.009294487535953522 0.9995920062065125 0.027008865028619766 0.1850750744342804 0.9963178634643555 0.011559457518160343 -0.08495277166366577 4.040607452392578
-0.08385118842124939 0.028098560869693756 -0.9960820078849792 -20.60966682434082 -0.006858232896775007 0.9995624423027039 0.028774073347449303 0.20262396335601807 0.996454656124115 0.009244104847311974 -0.0836218073964119 3.9736504554748535
-0.0827111154794693 0.03037482127547264 -0.9961106181144714 -21.406761169433594 -0.00478369602933526 0.9995118379592896 0.03087574802339077 0.2134523093700409 0.996562123298645 0.007318858057260513 -0.08252543956041336 3.908662796020508
-0.08102069050073624 0.032128557562828064 -0.9961944222450256 -22.19981575012207 -0.003992579877376556 0.999461829662323 0.03255864977836609 0.2283979058265686 0.9967043995857239 0.006615310907363892 -0.0808488130569458 3.830007314682007
-0.08060599863529205 0.027550779283046722 -0.9963651895523071 -22.99283790588379 -0.004121774807572365 0.9996001720428467 0.027973685413599014 0.23419812321662903 0.996737539768219 0.006361640058457851 -0.08046022802591324 3.7741851806640625
-0.08013297617435455 0.0208353903144598 -0.9965662956237793 -23.801393508911133 -0.0028743373695760965 0.9997726082801819 0.0211335439234972 0.24179965257644653 0.9967800974845886 0.004557961598038673 -0.0800548642873764 3.705209732055664
-0.08040226250886917 0.01615847274661064 -0.9966314435005188 -24.624771118164062 0.0005957176326774061 0.9998692274093628 0.01616290584206581 0.25425249338150024 0.9967623353004456 0.0007058240589685738 -0.08040136098861694 3.64271879196167
-0.08101562410593033 0.016806505620479584 -0.9965711236000061 -25.45639419555664 0.001532809459604323 0.9998587369918823 0.01673734001815319 0.26595526933670044 0.9967116117477417 -0.00017156731337308884 -0.08102995157241821 3.572251796722412
-0.08089374750852585 0.02452382631599903 -0.9964209794998169 -26.3053035736084 0.0007645232253707945 0.9996984601020813 0.024542424827814102 0.2680709660053253 0.9967224597930908 0.0012235419126227498 -0.08088812232017517 3.49379563331604
-0.0813562348484993 0.03145359084010124 -0.9961886405944824 -27.1383056640625 -0.0009335182257927954 0.9994990825653076 0.03163434565067291 0.2783464193344116 0.9966846704483032 0.003503612009808421 -0.08128610253334045 3.428361415863037
-0.08195166289806366 0.03696409985423088 -0.9959505796432495 -27.982969284057617 -0.0028348553460091352 0.9992993474006653 0.03732164949178696 0.289398729801178 0.9966322779655457 0.005881946533918381 -0.08178944140672684 3.355029344558716
-0.0822322890162468 0.03752150014042854 -0.9959065318107605 -28.825340270996094 -0.004590817727148533 0.9992661476135254 0.038027141243219376 0.2981148958206177 0.9966026544570923 0.007699084933847189 -0.08199968189001083 3.275369644165039
-0.0823742225766182 0.033648956567049026 -0.9960331916809082 -29.660123825073242 -0.004674690309911966 0.9994058609008789 0.03414950519800186 0.31633275747299194 0.9965904951095581 0.007469186093658209 -0.08216798305511475 3.201291084289551
-0.08239033073186874 0.03057986870408058 -0.9961308240890503 -30.49655532836914 -0.004633460193872452 0.9995065927505493 0.031066736206412315 0.33838021755218506 0.9965894222259521 0.007175131235271692 -0.08220797777175903 3.119274139404297
-0.08262871205806732 0.03212057799100876 -0.9960626363754272 -31.324073791503906 -0.006363535299897194 0.9994431734085083 0.0327574722468853 0.3497421145439148 0.9965600967407227 0.009045188315212727 -0.08237827569246292 3.0460660457611084
-0.0828588679432869 0.034525975584983826 -0.9959630370140076 -32.16588592529297 -0.007172821555286646 0.9993531703948975 0.035240236669778824 0.3601061701774597 0.9965354204177856 0.010063831694424152 -0.08255761861801147 2.976928949356079
-0.08246241509914398 0.03322451561689377 -0.9960403442382812 -32.99484634399414 -0.008272822014987469 0.9993868470191956 0.03402106091380119 0.36527544260025024 0.9965598583221436 0.01104552298784256 -0.08213698863983154 2.8970980644226074
-0.08224251866340637 0.027962863445281982 -0.996220052242279 -33.819068908691406 -0.009002206847071648 0.9995446801185608 0.028799355030059814 0.37801212072372437 0.9965717196464539 0.01133670937269926 -0.08195335417985916 2.8275561332702637
-0.0819215178489685 0.023651130497455597 -0.9963581562042236 -34.654170989990234 -0.010404529049992561 0.9996435046195984 0.024584585800766945 0.3922748267650604 0.9965844750404358 0.012380643747746944 -0.08164623379707336 2.7480955123901367
-0.08132875710725784 0.02468177303671837 -0.9963816404342651 -35.47938919067383 -0.010250971652567387 0.999619722366333 0.025598712265491486 0.39572346210479736 0.9966346025466919 0.012295790016651154 -0.08104481548070908 2.6790578365325928
-0.08078712970018387 0.027208860963582993 -0.9963599443435669 -36.308204650878906 -0.00895571056753397 0.9995670914649963 0.02802259288728237 0.40204745531082153 0.996691107749939 0.011186975054442883 -0.08050847798585892 2.610046863555908
-0.0802556574344635 0.03215689957141876 -0.9962555766105652 -37.157676696777344 -0.008755555376410484 0.9994181394577026 0.0329643115401268 0.4136340022087097 0.9967358708381653 0.01136834267526865 -0.07992742210626602 2.532517433166504
-0.07971485704183578 0.037466615438461304 -0.9961133599281311 -37.994720458984375 -0.00830654427409172 0.9992337822914124 0.03824871778488159 0.43429243564605713 0.9967830777168274 0.011323250830173492 -0.0793425589799881 2.4650821685791016
-0.07956375926733017 0.04048950597643852 -0.9960071444511414 -38.82454299926758 -0.008658332750201225 0.9991089701652527 0.0413072444498539 0.4502912759780884 0.9967923164367676 0.011910319328308105 -0.07914227992296219 2.38626766204834
-0.0794721394777298 0.04060671478509903 -0.9960097074508667 -39.652381896972656 -0.008048366755247116 0.9991112351417542 0.04137534648180008 0.46822428703308105 0.9968046545982361 0.01130443811416626 -0.0790746808052063 2.3217127323150635
-0.07926525920629501 0.03609561547636986 -0.996199905872345 -40.476715087890625 -0.008566190488636494 0.9992826581001282 0.03688890486955643 0.48734039068222046 0.9968166947364807 0.011457645334303379 -0.07889920473098755 2.2504098415374756
-0.07880579680204391 0.03186095505952835 -0.9963807463645935 -41.309654235839844 -0.009356895461678505 0.9994214177131653 0.03269825130701065 0.5019357800483704 0.996846079826355 0.011899841949343681 -0.07846207916736603 2.171462297439575
-0.07855429500341415 0.02932197041809559 -0.9964784383773804 -42.13040542602539 -0.01369372196495533 0.9994412660598755 0.030488649383187294 0.5103496313095093 0.9968158602714539 0.016040511429309845 -0.07810886949300766 2.0946061611175537
-0.07887476682662964 0.027093393728137016 -0.9965162873268127 -42.959590911865234 -0.016419773921370506 0.9994596838951111 0.02847304940223694 0.5294151902198792 0.9967492818832397 0.018608376383781433 -0.07838728278875351 2.0130677223205566
-0.07976105809211731 0.02543971687555313 -0.9964893460273743 -43.76296615600586 -0.014353533275425434 0.9995413422584534 0.026666514575481415 0.5308387279510498 0.9967105984687805 0.016430092975497246 -0.07935933023691177 1.954723596572876
-0.08115033805370331 0.021979471668601036 -0.9964595437049866 -44.59151077270508 -0.01099454052746296 0.9996762871742249 0.02294580452144146 0.5357413291931152 0.9966411590576172 0.01281767524778843 -0.08088240772485733 1.893268346786499
-0.08149532228708267 0.020522497594356537 -0.9964624047279358 -45.414894104003906 -0.006656076293438673 0.9997543692588806 0.02113466151058674 0.5443500280380249 0.9966515302658081 0.008354904130101204 -0.08133871853351593 1.8171744346618652
-0.08384533226490021 0.02407766506075859 -0.9961878657341003 -46.237701416015625 -0.006508183665573597 0.9996733665466309 0.024709681048989296 0.5483918786048889 0.9964575171470642 0.008555164560675621 -0.08366125077009201 1.7483415603637695
-0.08557122200727463 0.03067411668598652 -0.9958598613739014 -47.05648422241211 -0.0038460867945104837 0.9995083212852478 0.03111698292195797 0.5503626465797424 0.9963247179985046 0.006492879707366228 -0.0854111835360527 1.6747722625732422
-0.08711608499288559 0.03396158665418625 -0.9956191182136536 -47.86311340332031 -0.001992018660530448 0.9994108080863953 0.03426522761583328 0.5645550489425659 0.9961961507797241 0.004968344233930111 -0.08699711412191391 1.6010322570800781
-0.08842874318361282 0.03344706818461418 -0.9955207705497742 -48.6508903503418 -0.002152073662728071 0.999427318572998 0.03376948833465576 0.5684370994567871 0.9960801601409912 0.005128627177327871 -0.08830613642930984 1.5269994735717773
-0.08909617364406586 0.029365962371230125 -0.9955899715423584 -49.449501037597656 -0.005587086547166109 0.9995348453521729 0.029982315376400948 0.5794217586517334 0.9960073232650757 0.008233756758272648 -0.08889065682888031 1.4400506019592285
-0.09029877930879593 0.025713611394166946 -0.995582640171051 -50.241065979003906 -0.010287974029779434 0.999589204788208 0.026750201359391212 0.5875654220581055 0.9958615899085999 0.012658040039241314 -0.08999713510274887 1.3546829223632812
-0.09192198514938354 0.024324096739292145 -0.9954691529273987 -51.03303146362305 -0.014547884464263916 0.9995620846748352 0.02576746791601181 0.5955027937889099 0.9956599473953247 0.016850566491484642 -0.09152788668870926 1.2703843116760254
-0.09276800602674484 0.02559143863618374 -0.9953587651252747 -51.82233428955078 -0.016050323843955994 0.9995012283325195 0.027193846181035042 0.6014546155929565 0.9955583810806274 0.018498552963137627 -0.09231099486351013 1.1892099380493164
-0.09381535649299622 0.027175545692443848 -0.9952185750007629 -52.610374450683594 -0.016054468229413033 0.9994560480117798 0.028804641216993332 0.6086571216583252 0.9954601526260376 0.0186800267547369 -0.09332802146673203 1.1115798950195312
-0.09468326717615128 0.026592276990413666 -0.9951523542404175 -53.39177322387695 -0.017685649916529655 0.9994404315948486 0.02838956005871296 0.6163250803947449 0.9953503608703613 0.020287927240133286 -0.09416000545024872 1.0283331871032715
-0.09528470039367676 0.02651594951748848 -0.9950969219207764 -54.16886901855469 -0.018487542867660522 0.9994255900382996 0.028401555493474007 0.6237326860427856 0.9952783584594727 0.021103130653500557 -0.09473976492881775 0.9475831985473633
-0.09592878073453903 0.028346244245767593 -0.9949844479560852 -54.946929931640625 -0.016601860523223877 0.9994097948074341 0.03007294423878193 0.6324437856674194 0.9952497482299805 0.019403453916311264 -0.09540156275033951 0.8721919059753418
-0.09617877751588821 0.030944347381591797 -0.9948828816413879 -55.7132568359375 -0.01586698554456234 0.9993419647216797 0.032616954296827316 0.6454652547836304 0.9952377080917358 0.018922848626971245 -0.09562448412179947 0.7993497848510742
-0.0962793156504631 0.03542907536029816 -0.9947235584259033 -56.49467849731445 -0.015710320323705673 0.9991876482963562 0.03710866719484329 0.6527360677719116 0.9952303767204285 0.019200226292014122 -0.0956445038318634 0.7131023406982422
-0.09680560231208801 0.03751901537179947 -0.9945958256721497 -57.255699157714844 -0.015961667522788048 0.9991021156311035 0.03924258425831795 0.6662044525146484 0.995175302028656 0.019674310460686684 -0.09611982852220535 0.6367988586425781
-0.09765809774398804 0.037509795278310776 -0.9945129156112671 -58.007911682128906 -0.015528056770563126 0.9991105198860168 0.039208006113767624 0.6775941848754883 0.995098888874054 0.01927183009684086 -0.09698876738548279 0.5621685981750488
-0.0978405773639679 0.03579174727201462 -0.9945583343505859 -58.746150970458984 -0.015119200572371483 0.999184250831604 0.03744559735059738 0.6849788427352905 0.9950872659683228 0.018700625747442245 -0.09721962362527847 0.48704099655151367
-0.09791526943445206 0.031851187348365784 -0.9946849942207336 -59.47731018066406 -0.014282607473433018 0.9993396997451782 0.033406198024749756 0.7039110660552979 0.9950922131538391 0.017477668821811676 -0.09739571064710617 0.4093666076660156
-0.09764838963747025 0.029005279764533043 -0.9947981834411621 -60.2073974609375 -0.01513614784926176 0.9994162917137146 0.030625682324171066 0.7116814851760864 0.9951058030128479 0.018047962337732315 -0.09715238958597183 0.32967281341552734
-0.09659212827682495 0.026799654588103294 -0.9949631094932556 -60.91386032104492 -0.01564062014222145 0.9994732141494751 0.028439536690711975 0.7202893495559692 0.9952011704444885 0.01830887794494629 -0.09612207114696503 0.2601017951965332
-0.09413959085941315 0.025962118059396744 -0.995220422744751 -61.60739517211914 -0.018401971086859703 0.999443769454956 0.027812961488962173 0.7250469923019409 0.9953888654708862 0.020932316780090332 -0.09360948950052261 0.18596220016479492
-0.08970020711421967 0.026782307773828506 -0.9956086277961731 -62.30022430419922 -0.01819094456732273 0.9994275569915771 0.028523966670036316 0.7319482564926147 0.9958027005195618 0.020669668912887573 -0.08916166424751282 0.11665534973144531
-0.08419805020093918 0.028643833473324776 -0.9960371851921082 -62.949668884277344 -0.018100664019584656 0.9993778467178345 0.030270004644989967 0.732593297958374 0.9962846040725708 0.02057761140167713 -0.08362720161676407 0.0661005973815918
-0.07698015868663788 0.03008050099015236 -0.9965787529945374 -63.59177017211914 -0.017003901302814484 0.9993597865104675 0.031477898359298706 0.7407820224761963 0.9968876242637634 0.01936889812350273 -0.07641938328742981 0.020244598388671875
-0.06816188246011734 0.031262122094631195 -0.9971843957901001 -64.22880554199219 -0.01818791776895523 0.9993038773536682 0.03257179260253906 0.7468792200088501 0.9975085258483887 0.020356863737106323 -0.06754584610462189 -0.02413463592529297
-0.0562962144613266 0.03324633091688156 -0.9978603720664978 -64.85530853271484 -0.020354289561510086 0.9991995096206665 0.03443927317857742 0.7522729635238647 0.9982066750526428 0.02224954031407833 -0.0555744394659996 -0.06380248069763184
-0.041472483426332474 0.03462529927492142 -0.9985394477844238 -65.4557113647461 -0.023319276049733162 0.9990935921669006 0.035613033920526505 0.7604918479919434 0.9988675713539124 0.02476217970252037 -0.04062744602560997 -0.08777093887329102
-0.023042283952236176 0.0359652116894722 -0.9990872740745544 -66.05157470703125 -0.024422843009233475 0.9990341067314148 0.03652656450867653 0.7687125205993652 0.9994361996650696 0.025242211297154427 -0.02214164286851883 -0.09673905372619629
-0.0011361092329025269 0.03670597821474075 -0.9993255138397217 -66.61296844482422 -0.025728560984134674 0.9989941120147705 0.0367230623960495 0.7799278497695923 0.9996683597564697 0.025752928107976913 -0.00019055604934692383 -0.07939299941062927
0.024769237264990807 0.037030670791864395 -0.9990071058273315 -67.12516021728516 -0.02533026970922947 0.9990161061286926 0.03640297055244446 0.7852026224136353 0.9993722438812256 0.024403449147939682 0.02568286471068859 -0.060097575187683105
0.054232850670814514 0.03642171248793602 -0.9978638291358948 -67.65068817138672 -0.023970814421772957 0.9990940690040588 0.03516382724046707 0.7944177389144897 0.9982406497001648 0.022012576460838318 0.055056773126125336 -0.014969825744628906
0.08851383626461029 0.035910531878471375 -0.9954273700714111 -68.15677642822266 -0.022701138630509377 0.999163031578064 0.03402670472860336 0.8070993423461914 0.995816171169281 0.019585497677326202 0.0892549678683281 0.05162525177001953
0.12581731379032135 0.036186862736940384 -0.9913931488990784 -68.6319351196289 -0.022310758009552956 0.9991849660873413 0.0336398221552372 0.8132842779159546 0.9918025135993958 0.017886262387037277 0.12652212381362915 0.141265869140625
0.16700096428394318 0.03631751611828804 -0.9852875471115112 -69.07793426513672 -0.022175665944814682 0.9992069602012634 0.03307191655039787 0.8112950325012207 0.9857073426246643 0.01632637158036232 0.16767390072345734 0.233306884765625
0.21219155192375183 0.037531036883592606 -0.9765071272850037 -69.50216674804688 -0.022037973627448082 0.9991918802261353 0.033614132553339005 0.8173574209213257 0.9769795536994934 0.014387602917850018 0.21284720301628113 0.344940185546875
0.260280042886734 0.03613300994038582 -0.964856743812561 -69.93695068359375 -0.018052440136671066 0.9993069767951965 0.032553307712078094 0.8130043745040894 0.965364396572113 0.00894504226744175 0.26075199246406555 0.5037746429443359
0.3098447024822235 0.03108583204448223 -0.9502788782119751 -70.33453369140625 -0.010406739078462124 0.9995163679122925 0.02930331788957119 0.8145908117294312 0.9507302641868591 0.0008098247926682234 0.310018390417099 0.6818370819091797
0.36195215582847595 0.026507483795285225 -0.93181973695755 -70.68768310546875 -0.005669235251843929 0.9996396899223328 0.02623463049530983 0.8055198192596436 0.9321793913841248 -0.00421297550201416 0.36197206377983093 0.8480739593505859
0.4141739010810852 0.021822717040777206 -0.909936249256134 -71.0705795288086 -0.0007082568481564522 0.9997199177742004 0.02365359663963318 0.8119311928749084 0.9101974368095398 -0.009152233600616455 0.4140734076499939 1.0656776428222656
0.46554458141326904 0.020948287099599838 -0.8847764730453491 -71.4532699584961 -0.001019616611301899 0.9997318983078003 0.02313351444900036 0.8259448409080505 0.8850238919258118 -0.009867549873888493 0.4654410481452942 1.3015575408935547
0.5135509967803955 0.0200149305164814 -0.8578255772590637 -71.82047271728516 0.0006688660942018032 0.9997183084487915 0.023726018145680428 0.8264948725700378 0.858058750629425 -0.012758294120430946 0.5133929252624512 1.5614147186279297
0.5581912994384766 0.01501142792403698 -0.8295764327049255 -72.1711654663086 0.008866474032402039 0.9996713399887085 0.02405526302754879 0.8392741680145264 0.8296650052070618 -0.02078285813331604 0.5578747987747192 1.8549842834472656
0.6018363237380981 0.008519853465259075 -0.7985739707946777 -72.48880767822266 0.019205646589398384 0.999499499797821 0.025137608870863914 0.8381173610687256 0.7983885407447815 -0.030465859919786453 0.6013714671134949 2.160358428955078
0.6444511413574219 0.0037512164562940598 -0.7646363377571106 -72.81289672851562 0.020129386335611343 0.99955815076828 0.021869171410799026 0.8399656414985657 0.7643805146217346 -0.029485274106264114 0.6440908908843994 2.4753684997558594
0.6867374777793884 0.00036864084540866315 -0.7269054055213928 -73.08555603027344 0.016595229506492615 0.9997312426567078 0.01618519239127636 0.8237099647521973 0.7267161011695862 -0.023178143426775932 0.6865467429161072 2.7522239685058594
0.7275011539459229 -0.006708358880132437 -0.6860736608505249 -73.36880493164062 0.013533002696931362 0.9998979568481445 0.0045732734724879265 0.8281623125076294 0.6859729290008545 -0.012611697427928448 0.7275177836418152 3.0920867919921875
0.7665127515792847 -0.009161589667201042 -0.642163872718811 -73.6405258178711 0.008771944791078568 0.9999542236328125 -0.0037955474108457565 0.8322348594665527 0.6421692967414856 -0.002723691053688526 0.766558051109314 3.4618988037109375
0.8034231662750244 -0.009911539033055305 -0.5953261256217957 -73.89432525634766 0.007012481801211834 0.99994957447052 -0.007184378802776337 0.8334007263183594 0.5953673124313354 0.0015973849222064018 0.8034520745277405 3.8552627563476562
0.837252676486969 -0.010125215165317059 -0.5467225313186646 -74.12876892089844 0.007085553370416164 0.9999454617500305 -0.007667986676096916 0.8119653463363647 0.5467702746391296 0.0025462135672569275 0.8372788429260254 4.277477264404297
0.8678514957427979 -0.008311380632221699 -0.49675410985946655 -74.38027954101562 0.003452180651947856 0.9999368190765381 -0.01069920789450407 0.8115952014923096 0.49681150913238525 0.00757044181227684 0.8678253889083862 4.736066818237305
0.8936614394187927 -0.006989276502281427 -0.44868725538253784 -74.58859252929688 0.003100949339568615 0.9999509453773499 -0.009400169365108013 0.7995976805686951 0.448731005191803 0.007009212858974934 0.8936393857002258 5.214591979980469
0.9145172834396362 -0.0011357247130945325 -0.4045450687408447 -74.77810668945312 -0.0026048007421195507 0.9999588131904602 -0.008695727214217186 0.7904131412506104 0.40453827381134033 0.009006152860820293 0.914476752281189 5.71038818359375
0.9319132566452026 0.00341269513592124 -0.362665057182312 -74.96453857421875 -0.007625238969922066 0.9999189972877502 -0.01018472108989954 0.7823891639709473 0.3626009225845337 0.012256682850420475 0.9318639039993286 6.224586486816406
0.9453141093254089 0.008683052845299244 -0.32604581117630005 -75.14956665039062 -0.012338593602180481 0.9998819828033447 -0.009145389311015606 0.7752549052238464 0.3259279429912567 0.012668212875723839 0.9453097581863403 6.754905700683594
0.9551438689231873 0.009138890542089939 -0.2960013151168823 -75.30381774902344 -0.011818872764706612 0.9999037384986877 -0.007265884894877672 0.7624319791793823 0.2959064841270447 0.010438366793096066 0.9551599621772766 7.32147216796875
0.962380588054657 0.008333377540111542 -0.2715773284435272 -75.45619201660156 -0.010332360863685608 0.9999289512634277 -0.0059315524995327 0.75398850440979 0.2715086042881012 0.008514444343745708 0.9623984098434448 7.903736114501953
0.968106210231781 0.008652064017951488 -0.25039100646972656 -75.60563659667969 -0.0099829426035285 0.9999419450759888 -0.0040456149727106094 0.7445589900016785 0.2503414452075958 0.006416222546249628 0.9681364297866821 8.516756057739258
0.9726387858390808 0.011348133906722069 -0.23204535245895386 -75.74830627441406 -0.012018522247672081 0.9999266862869263 -0.0014754818985238671 0.7375472784042358 0.23201163113117218 0.00422395346686244 0.9727038741111755 9.120733261108398
0.9761463403701782 0.01603466272354126 -0.21652118861675262 -75.89270782470703 -0.016458868980407715 0.9998645186424255 -0.00015598093159496784 0.7336959838867188 0.21648938953876495 0.003715954488143325 0.9762779474258423 9.755936622619629
0.978900134563446 0.01988277956843376 -0.20337028801441193 -76.02484130859375 -0.019975123926997185 0.9997993111610413 0.0015987440710887313 0.7217923402786255 0.20336124300956726 0.002497336594387889 0.9791006445884705 10.401787757873535
0.9815460443496704 0.0184705201536417 -0.19033223390579224 -76.14874267578125 -0.018541734665632248 0.9998270869255066 0.0014068075688555837 0.7120768427848816 0.1903253048658371 0.0021482440643012524 0.9817187786102295 11.06602668762207
0.9840889573097229 0.018504558131098747 -0.17671048641204834 -76.26264953613281 -0.018682409077882767 0.9998252391815186 0.0006574172293767333 0.7065439224243164 0.17669177055358887 0.002654420444741845 0.9842626452445984 11.74345588684082
0.9866479635238647 0.01911958120763302 -0.16174092888832092 -76.39594268798828 -0.01922217570245266 0.9998147487640381 0.0009306173305958509 0.704931378364563 0.16172878444194794 0.0021908211056143045 0.9868327975273132 12.465651512145996
0.9888160228729248 0.020508432760834694 -0.14772376418113708 -76.4980239868164 -0.020583661273121834 0.9997875690460205 0.0010196121875196695 0.703830897808075 0.14771327376365662 0.002032486954703927 0.9890280961990356 13.175539016723633
0.9906334280967712 0.02100948803126812 -0.13492155075073242 -76.59516143798828 -0.021392570808529854 0.9997701048851013 -0.0013899856712669134 0.6866013407707214 0.13486135005950928 0.004263285547494888 0.9908552765846252 13.891377449035645
0.9920631647109985 0.02105802856385708 -0.1239640861749649 -76.68936920166016 -0.02200690284371376 0.9997380375862122 -0.006289924494922161 0.6718235015869141 0.1237991452217102 0.008968068286776543 0.9922667741775513 14.634492874145508
0.9932546019554138 0.02101850137114525 -0.11403276026248932 -76.77599334716797 -0.022621892392635345 0.9996622800827026 -0.012784884311258793 0.654227614402771 0.11372552812099457 0.015278284437954426 0.993394672870636 15.364612579345703
0.994148313999176 0.019122011959552765 -0.10631708055734634 -76.86334228515625 -0.02061327174305916 0.9997037053108215 -0.012945258058607578 0.6447559595108032 0.10603803396224976 0.015061050653457642 0.9942480325698853 16.145893096923828
0.9948486685752869 0.020884154364466667 -0.0991966649889946 -76.947998046875 -0.021655460819602013 0.9997430443763733 -0.006705054547637701 0.6293094158172607 0.09903113543987274 0.008818663656711578 0.9950453042984009 16.91325569152832
0.9952384233474731 0.02540392428636551 -0.09410092234611511 -77.02908325195312 -0.025368856266140938 0.9996768832206726 0.0015691081061959267 0.6113945841789246 0.09411036968231201 0.0008255960419774055 0.995561420917511 17.67986488342285
0.9955764412879944 0.026096362620592117 -0.090257927775383 -77.0916976928711 -0.025726933032274246 0.9996552467346191 0.005254266783595085 0.5968797206878662 0.09036390483379364 -0.0029089665040373802 0.9959046244621277 18.438642501831055
0.9959437847137451 0.025236226618289948 -0.08636632561683655 -77.17221069335938 -0.024948081001639366 0.9996789693832397 0.00441424734890461 0.5840362310409546 0.0864499881863594 -0.002241668291389942 0.9962536692619324 19.20442008972168
0.9961893558502197 0.024649420753121376 -0.0836615264415741 -77.24232482910156 -0.024503732100129128 0.9996960163116455 0.0027679549530148506 0.5800880789756775 0.08370430767536163 -0.0007073888555169106 0.9964904189109802 19.99466323852539
