1.0 2.5861866106424714e-06 -1.3643985766975675e-05 3.3658685424597934e-05 -2.5861927497317083e-06 1.0 -4.524813732587063e-07 -1.6408988585681072e-06 1.3643984857480973e-05 4.5251664460010943e-07 1.0 1.0729166206147056e-05
0.9999788999557495 0.0004136247152928263 -0.006488393526524305 -0.008194787427783012 -0.0004110766458325088 0.9999998211860657 0.00039403658593073487 -0.001932396087795496 0.006488555110991001 -0.0003913610416930169 0.9999788999557495 0.0918022096157074
0.9999071955680847 0.0009577944874763489 -0.0135908592492342 -0.016399310901761055 -0.0009554278803989291 0.9999995231628418 0.00018062765593640506 -0.0019613539334386587 0.013591025955975056 -0.00016762579616624862 0.9999076128005981 0.18847814202308655
0.9997721314430237 0.0013936675386503339 -0.021302400156855583 -0.026048513129353523 -0.0014059485401958227 0.9999988675117493 -0.0005615389090962708 -0.002160734497010708 0.021301593631505966 0.0005913610220886767 0.9997729063034058 0.28539955615997314
0.9995413422584534 0.001706093898974359 -0.030235055834054947 -0.042927175760269165 -0.0017668649088591337 0.9999964833259583 -0.001983348513022065 -0.0018805848667398095 0.030231565237045288 0.0020358599722385406 0.9995408654212952 0.39066579937934875
0.9991247653961182 0.0019300039857625961 -0.041784003376960754 -0.05893272906541824 -0.0020750134717673063 0.9999919533729553 -0.00342736323364079 -0.004909993149340153 0.04177705571055412 0.003511065850034356 0.9991207718849182 0.5012630820274353
0.9984781742095947 0.0017309458926320076 -0.055120453238487244 -0.0841955617070198 -0.0019565566908568144 0.999989926815033 -0.0040393490344285965 -0.00801092479377985 0.05511290580034256 0.004141048528254032 0.9984714984893799 0.6260833144187927
0.9974269270896912 0.001828423817642033 -0.0716673880815506 -0.10852808505296707 -0.002151570748537779 0.9999879002571106 -0.004432043991982937 -0.004222816787660122 0.07165840268135071 0.004574837628751993 0.9974187612533569 0.7613952159881592
0.9959032535552979 0.00021945549815427512 -0.09042474627494812 -0.13461965322494507 -0.0006005624891258776 0.9999910593032837 -0.004187444690614939 -0.009232576005160809 0.09042301774024963 0.00422459514811635 0.9958944916725159 0.9169866442680359
0.9939122200012207 -0.0007552434108220041 -0.11017224937677383 -0.17633260786533356 0.0002755043387878686 0.9999904036521912 -0.004369603469967842 -0.01270406786352396 0.11017448455095291 0.004312649369239807 0.9939029216766357 1.075173020362854
0.9920334815979004 0.002583022229373455 -0.12594816088676453 -0.3616718053817749 -0.0033795321360230446 0.9999756217002869 -0.006110846064984798 0.0009103835909627378 0.1259293109178543 0.006487810518592596 0.9920179843902588 1.2979233264923096
0.9885693192481995 0.006129910238087177 -0.15064212679862976 -0.4046534299850464 -0.0072921994142234325 0.999947726726532 -0.007164365611970425 -0.007572074420750141 0.15059034526348114 0.008180985227227211 0.9885623455047607 1.4647986888885498
0.9843048453330994 0.010519465431571007 -0.17616261541843414 -0.4703820049762726 -0.012200942263007164 0.9998897314071655 -0.008464575745165348 -0.014697931706905365 0.17605413496494293 0.010481073521077633 0.9843246936798096 1.6411821842193604
0.9790726900100708 0.013507869094610214 -0.20306213200092316 -0.5428590774536133 -0.015751495957374573 0.9998314380645752 -0.009436859749257565 -0.017461484298110008 0.20290043950080872 0.012437905184924603 0.9791203737258911 1.8217660188674927
0.9725309610366821 0.014159303158521652 -0.23234228789806366 -0.619564414024353 -0.016866497695446014 0.9998109340667725 -0.009669195860624313 -0.018458157777786255 0.2321614772081375 0.013322394341230392 0.9725860357284546 2.008727550506592
0.9646391868591309 0.016039784997701645 -0.2630855441093445 -0.7083286643028259 -0.019063659012317657 0.9997782111167908 -0.008945091627538204 -0.023180542513728142 0.262883722782135 0.013644157908856869 0.9647310972213745 2.206482410430908
0.9532840251922607 0.014805220998823643 -0.30171236395835876 -0.5869030356407166 -0.017534993588924408 0.9998261332511902 -0.006341081578284502 -0.05609207972884178 0.30156609416007996 0.011335378512740135 0.953377902507782 2.2142984867095947
0.9419771432876587 0.016554750502109528 -0.33526843786239624 -0.6862574815750122 -0.019428417086601257 0.9997976422309875 -0.00521887419745326 -0.05651110038161278 0.3351142704486847 0.011429795995354652 0.942108154296875 2.400432825088501
0.9293557405471802 0.01884295605123043 -0.36870428919792175 -0.7899144291877747 -0.022072214633226395 0.9997461438179016 -0.004542311187833548 -0.06152120232582092 0.36852508783340454 0.01235954649746418 0.9295355677604675 2.5810208320617676
0.9154401421546936 0.021664202213287354 -0.40187060832977295 -0.9109311699867249 -0.0253993421792984 0.9996694922447205 -0.003967784345149994 -0.061426643282175064 0.4016518294811249 0.013839518651366234 0.9156878590583801 2.7622787952423096
0.899316132068634 0.022218411788344383 -0.43673422932624817 -1.0252022743225098 -0.02630344219505787 0.9996485710144043 -0.0033075117971748114 -0.062330588698387146 0.43650728464126587 0.01446211151778698 0.8995844721794128 2.933380603790283
0.8808979392051697 0.018305828794836998 -0.4729521870613098 -1.1510558128356934 -0.02275756374001503 0.9997341632843018 -0.0036919780541211367 -0.06546593457460403 0.47275882959365845 0.014015495777130127 0.8810803890228271 3.109041929244995
0.8605325818061829 0.014123747125267982 -0.5091996192932129 -1.347200870513916 -0.01900412328541279 0.9998098015785217 -0.004384536761790514 -0.05843789502978325 0.5090408325195312 0.013449927791953087 0.8606373071670532 3.342928171157837
0.835513174533844 0.015739627182483673 -0.5492451190948486 -1.509334921836853 -0.019705044105648994 0.9998049139976501 -0.0013241154374554753 -0.06012804061174393 0.5491171479225159 0.011929214000701904 0.8356602787971497 3.5247573852539062
0.8062927722930908 0.02124687284231186 -0.5911350846290588 -1.6870741844177246 -0.024206141009926796 0.9997027516365051 0.0029152745846658945 -0.06698670238256454 0.5910212993621826 0.011958535760641098 0.8065673112869263 3.691230058670044
0.7737296223640442 0.024458765983581543 -0.633043646812439 -1.88860023021698 -0.0276667270809412 0.9996055960655212 0.004806228913366795 -0.06926224380731583 0.6329115629196167 0.013795523904263973 0.7741012573242188 3.8655192852020264
0.7380976676940918 0.023748276755213737 -0.674275815486908 -2.1033565998077393 -0.026796750724315643 0.9996236562728882 0.005874032620340586 -0.07317546755075455 0.6741615533828735 0.013732791878283024 0.7384562492370605 4.028219223022461
0.69804447889328 0.0192671287804842 -0.7157951593399048 -2.319751262664795 -0.020600423216819763 0.9997645616531372 0.00682119932025671 -0.07004395872354507 0.7157580256462097 0.009984183125197887 0.6982770562171936 4.196895599365234
0.6550846099853516 0.015649497509002686 -0.7553934454917908 -2.558065176010132 -0.015241042710840702 0.9998556971549988 0.0074968463741242886 -0.06913677603006363 0.7554018497467041 0.006601914297789335 0.6552285552024841 4.361427307128906
0.6114388704299927 0.014919869601726532 -0.7911510467529297 -2.821002244949341 -0.012329364195466042 0.9998804330825806 0.00932746659964323 -0.06771543622016907 0.7911956310272217 0.004051213152706623 0.6115497350692749 4.493579387664795
0.5632107257843018 0.015303464606404305 -0.8261716961860657 -3.0979013442993164 -0.00981905311346054 0.9998818635940552 0.011827396228909492 -0.06296166032552719 0.8262550234794617 0.0014509070897474885 0.5632944107055664 4.631532669067383
0.5121351480484009 0.015970079228281975 -0.858756422996521 -3.395692825317383 -0.008087036199867725 0.9998724460601807 0.01377152744680643 -0.05838509649038315 0.858866810798645 -0.00010808755905600265 0.5121989250183105 4.757970809936523
0.46014246344566345 0.017400404438376427 -0.8876745700836182 -3.697690486907959 -0.00748333428055048 0.9998484253883362 0.01572014018893242 -0.051631174981594086 0.8878134489059448 -0.0005907390732318163 0.4602029621601105 4.851402759552002
0.40547582507133484 0.019613975659012794 -0.9138953685760498 -4.029333114624023 -0.0059542120434343815 0.999805212020874 0.018816014751791954 -0.049482136964797974 0.9140863418579102 -0.0021879132837057114 0.4055136442184448 4.94848108291626
0.3501133918762207 0.021469324827194214 -0.9364612698554993 -4.384695529937744 -0.005844051018357277 0.9997679591178894 0.020735790953040123 -0.04087226837873459 0.9366891384124756 -0.0017871500458568335 0.35015758872032166 5.033472537994385
0.29475703835487366 0.02464766800403595 -0.955254316329956 -4.753415107727051 -0.0031046445947140455 0.9996867775917053 0.024836141616106033 -0.03667044639587402 0.9555672407150269 -0.0043549006804823875 0.294741153717041 5.106193542480469
0.24085624516010284 0.0264119915664196 -0.970201313495636 -5.118810653686523 0.0016701838467270136 0.9996169209480286 0.027627404779195786 -0.037863727658987045 0.9705593585968018 -0.008274647407233715 0.24071986973285675 5.170353889465332
0.18990784883499146 0.026864325627684593 -0.9814342856407166 -5.502283096313477 0.003977420274168253 0.999596357345581 0.028131095692515373 -0.032621048390865326 0.9817939400672913 -0.009245891124010086 0.18972431123256683 5.204957962036133
0.1421528160572052 0.02799410931766033 -0.9894487857818604 -5.92751932144165 0.0015655851457268 0.9995923042297363 0.028506027534604073 -0.02522432431578636 0.9898434281349182 -0.005601277109235525 0.14205105602741241 5.229409694671631
0.099802166223526 0.02833344228565693 -0.9946038126945496 -6.353346347808838 6.963231862755492e-05 0.9995942711830139 0.028482593595981598 -0.014902427792549133 0.9950072169303894 -0.002911879913881421 0.09975971281528473 5.231160640716553
0.062280040234327316 0.026651417836546898 -0.9977028369903564 -6.780611991882324 -0.0007331095985136926 0.9996444582939148 0.02665751427412033 -0.007030338514596224 0.9980583786964417 -0.000928805791772902 0.06227743998169899 5.221744537353516
0.027912281453609467 0.02381816692650318 -0.9993265867233276 -7.243380069732666 -0.00016311915533151478 0.9997162222862244 0.02382289618253708 0.0030943979509174824 0.9996103644371033 -0.0005019422969780862 0.02790824882686138 5.206908226013184
-0.0033151176758110523 0.02114403247833252 -0.999770998954773 -7.7115349769592285 0.00010837805166374892 0.9997763633728027 0.02114379033446312 0.007490407209843397 0.9999945163726807 -3.825906605925411e-05 -0.0033166685607284307 5.177396774291992
-0.030300846323370934 0.019490201026201248 -0.9993507862091064 -8.202315330505371 0.0002707549137994647 0.999809980392456 0.019490942358970642 0.012619580142199993 0.9995408058166504 0.0003200130886398256 -0.03030036948621273 5.148268222808838
-0.05094486474990845 0.0169907845556736 -0.998556911945343 -8.70873737335205 -0.0004224587173666805 0.9998547434806824 0.017034417018294334 0.023234235122799873 0.9987013936042786 0.0012896653497591615 -0.050930287688970566 5.1023688316345215
-0.06728216260671616 0.016139395534992218 -0.9976034164428711 -9.225238800048828 -9.492391836829484e-05 0.9998689889907837 0.01618245057761669 0.034882791340351105 0.9977339506149292 0.0011834868928417563 -0.06727182120084763 5.053210735321045
-0.08027590811252594 0.01638145186007023 -0.9966380596160889 -9.770854949951172 0.0006190698477439582 0.9998655319213867 0.01638464257121086 0.04481857642531395 0.9967724680900574 0.0006983033963479102 -0.08027525991201401 4.998240947723389
-0.08993455767631531 0.01758495159447193 -0.9957923889160156 -10.320256233215332 0.0008637640275992453 0.9998450875282288 0.01757851056754589 0.05123526230454445 0.9959473609924316 0.000720786047168076 -0.08993582427501678 4.9415106773376465
-0.09678295999765396 0.019103476777672768 -0.9951221942901611 -10.891256332397461 -0.0018518773140385747 0.9998105764389038 0.019373591989278793 0.046563323587179184 0.995303750038147 0.003717877669259906 -0.09672926366329193 4.876845836639404
-0.10116554796695709 0.020007848739624023 -0.9946684241294861 -11.492348670959473 -0.00182286836206913 0.9997924566268921 0.020296314731240273 0.05400380864739418 0.9948678612709045 0.003866437589749694 -0.10110808908939362 4.808537483215332
-0.10249955952167511 0.02049681916832924 -0.9945218563079834 -12.099517822265625 0.0002351639122935012 0.999788224697113 0.020581116899847984 0.06801711022853851 0.9947329759597778 0.001875680172815919 -0.10248266905546188 4.741878032684326
-0.10135678201913834 0.022824686020612717 -0.994588315486908 -12.712618827819824 0.0020963966380804777 0.999739408493042 0.022729258984327316 0.07307294011116028 0.9948479533195496 0.00021871295757591724 -0.10137822479009628 4.678470611572266
-0.09984107315540314 0.025431497022509575 -0.9946783781051636 -13.34760856628418 0.0016797418938949704 0.9996761679649353 0.02539067342877388 0.07686197012662888 0.9950019717216492 0.0008642287575639784 -0.09985145181417465 4.614434719085693
-0.09809982031583786 0.025325756520032883 -0.994854211807251 -14.007883071899414 -0.0002884464047383517 0.9996753931045532 0.025476926937699318 0.08382101356983185 0.9951765537261963 0.0027862442657351494 -0.09806066751480103 4.54207181930542
-0.09665775299072266 0.022832661867141724 -0.9950557351112366 -14.67410659790039 -0.0019836833234876394 0.9997304081916809 0.02313261851668358 0.09364341199398041 0.9953157901763916 0.004209822043776512 -0.09658641368150711 4.477511405944824
-0.09532424807548523 0.02268083021044731 -0.9951877593994141 -15.356141090393066 -0.0018502495950087905 0.99973464012146 0.022961677983403206 0.10830635577440262 0.995444655418396 0.004030150361359119 -0.0952569767832756 4.408632755279541
-0.09353721886873245 0.025269631296396255 -0.9952950477600098 -16.064666748046875 -0.00211178045719862 0.9996705651283264 0.025579184293746948 0.12119811773300171 0.9956135749816895 0.004494450520724058 -0.09345303475856781 4.338041305541992
-0.09175749868154526 0.029006611555814743 -0.9953587651252747 -16.77322006225586 -0.0032717969734221697 0.999561607837677 0.02943069487810135 0.12709809839725494 0.9957759976387024 0.005957099609076977 -0.09162235260009766 4.272273063659668
-0.09003402292728424 0.030984152108430862 -0.9954566359519958 -17.501482009887695 -0.0033179044257849455 0.9995009899139404 0.03141012787818909 0.13949599862098694 0.9959331750869751 0.006130808964371681 -0.08988629281520844 4.202671051025391
-0.08817626535892487 0.03041989915072918 -0.9956403374671936 -18.24121856689453 -0.005067806225270033 0.9995070099830627 0.030986856669187546 0.15162107348442078 0.9960920214653015 0.007778016384691 -0.08797862380743027 4.12885856628418
-0.08650163561105728 0.02694137953221798 -0.9958873987197876 -19.000150680541992 -0.007840865291655064 0.9995848536491394 0.02772245928645134 0.17183293402194977 0.9962208271026611 0.010206657461822033 -0.08625449985265732 4.053645133972168
-0.08483400195837021 0.02647971175611019 -0.9960432052612305 -19.777503967285156 -0.008706211112439632 0.9995889663696289 0.027315491810441017 0.1857205480337143 0.9963570237159729 0.010989045724272728 -0.08456859737634659 3.9859187602996826
-0.08346724510192871 0.02908799797296524 -0.9960858821868896 -20.550920486450195 -0.006479427684098482 0.99953693151474 0.029731720685958862 0.196963369846344 0.9964894652366638 0.00893569178879261 -0.08324012160301208 3.9241585731506348
-0.08228446543216705 0.031032193452119827 -0.9961256384849548 -21.341094970703125 -0.00465579517185688 0.9994922280311584 0.03152166306972504 0.21299578249454498 0.9965980052947998 0.007231501862406731 -0.08209820836782455 3.8575010299682617
-0.08094091713428497 0.03308366239070892 -0.9961696267127991 -22.142776489257812 -0.0032668898347765207 0.9994348287582397 0.03345753997564316 0.22230778634548187 0.9967135190963745 0.005962462164461613 -0.08078708499670029 3.7906203269958496
-0.08028151094913483 0.02840285375714302 -0.9963675141334534 -22.94607162475586 -0.0034265914000570774 0.9995802044868469 0.028770530596375465 0.2341150939464569 0.9967663288116455 0.005723887588828802 -0.08015049248933792 3.71940541267395
-0.07997629046440125 0.021241815760731697 -0.9965704083442688 -23.739662170410156 -0.002146989107131958 0.999767005443573 0.02148224599659443 0.24788424372673035 0.9967944622039795 0.003857696894556284 -0.07991205155849457 3.6579771041870117
-0.08021655678749084 0.016981609165668488 -0.9966329336166382 -24.570934295654297 0.0017188992351293564 0.9998557567596436 0.016898175701498985 0.25393515825271606 0.9967759847640991 -0.0003575977752916515 -0.08023416996002197 3.5894196033477783
-0.08079545944929123 0.0174601748585701 -0.996577799320221 -25.401426315307617 0.002995086368173361 0.9998462796211243 0.01727461814880371 0.26793918013572693 0.9967262148857117 -0.001589125720784068 -0.08083534240722656 3.5240087509155273
-0.08063165843486786 0.025221597403287888 -0.9964247941970825 -26.243648529052734 0.0022085339296609163 0.9996819496154785 0.025125322863459587 0.27113109827041626 0.996741533279419 -0.00017474144988227636 -0.08066170662641525 3.4464595317840576
-0.08124719560146332 0.03234969079494476 -0.996168851852417 -27.096935272216797 0.0004840061883442104 0.999474287033081 0.03241756185889244 0.28154635429382324 0.9966939687728882 0.002151683671399951 -0.0812201276421547 3.3771753311157227
-0.08148384094238281 0.03773763030767441 -0.9959598779678345 -27.926372528076172 -0.0012370382901281118 0.9992783069610596 0.03796457499265671 0.2896677553653717 0.9966738224029541 0.004325539339333773 -0.08137834817171097 3.297020673751831
-0.08184724301099777 0.038153018802404404 -0.9959142804145813 -28.7697696685791 -0.0030356417410075665 0.9992527365684509 0.038530394434928894 0.30149102210998535 0.9966402053833008 0.006176845170557499 -0.08167025446891785 3.22084641456604
-0.08227605372667313 0.03448035940527916 -0.9960128664970398 -29.608400344848633 -0.0029371173586696386 0.999388575553894 0.03483984246850014 0.32038238644599915 0.9966052174568176 0.005791891366243362 -0.08212447911500931 3.1464855670928955
-0.08197635412216187 0.03154866397380829 -0.9961348176002502 -30.444637298583984 -0.003464720444753766 0.9994837045669556 0.03193986415863037 0.33801138401031494 0.9966282844543457 0.006069640628993511 -0.08182472735643387 3.0613627433776855
-0.08239059895277023 0.033081285655498505 -0.9960508942604065 -31.283472061157227 -0.004660775884985924 0.9994252324104309 0.03357888013124466 0.35068443417549133 0.996589183807373 0.007408954668790102 -0.08218904584646225 2.9858744144439697
-0.0824047103524208 0.03518510237336159 -0.9959776401519775 -32.124332427978516 -0.005695206578820944 0.9993436932563782 0.03577522188425064 0.3634798228740692 0.9965826869010925 0.00862034410238266 -0.08215022087097168 2.914288282394409
-0.08211030811071396 0.03391764312982559 -0.9960459470748901 -32.954376220703125 -0.006608856841921806 0.9993802309036255 0.034575991332530975 0.3720298707485199 0.9966013431549072 0.009421770460903645 -0.08183526247739792 2.8357510566711426
-0.08197162300348282 0.028772668913006783 -0.996219277381897 -33.78054428100586 -0.006918109022080898 0.9995427131652832 0.029437892138957977 0.3852355480194092 0.9966106414794922 0.009305025450885296 -0.08173508942127228 2.7675411701202393
-0.0816037654876709 0.024455977603793144 -0.9963647723197937 -34.61262512207031 -0.008650760166347027 0.9996438026428223 0.025244969874620438 0.398893803358078 0.9966273307800293 0.010679398663341999 -0.08136314898729324 2.688396692276001
-0.08096696436405182 0.025320695713162422 -0.9963950514793396 -35.436668395996094 -0.008699381723999977 0.9996212124824524 0.026109591126441956 0.40420761704444885 0.9966788291931152 0.010782035999000072 -0.08071601390838623 2.6172821521759033
-0.08048854023218155 0.027879219502210617 -0.9963656067848206 -36.26673126220703 -0.007409198209643364 0.9995644092559814 0.02856726013123989 0.4110068082809448 0.9967280030250549 0.00968160666525364 -0.0802469328045845 2.5503954887390137
-0.07969030737876892 0.032746925950050354 -0.996281623840332 -37.11306381225586 -0.0068220105022192 0.9994189143180847 0.03339572623372078 0.4249587655067444 0.9967963099479675 0.009457959793508053 -0.07942059636116028 2.469311475753784
-0.07936527580022812 0.038321156054735184 -0.9961086511611938 -37.94088363647461 -0.006475859321653843 0.9992198944091797 0.03895680978894234 0.4416990578174591 0.9968245625495911 0.009542478248476982 -0.07905520498752594 2.4092447757720947
-0.07924424111843109 0.04141153022646904 -0.9959946274757385 -38.779296875 -0.007146981544792652 0.9990874528884888 0.04210875183343887 0.4581867456436157 0.996829628944397 0.010455232113599777 -0.07887596637010574 2.3264636993408203
-0.07887058705091476 0.04139034450054169 -0.9960252046585083 -39.61225509643555 -0.006627825554460287 0.9990938305854797 0.04204268008470535 0.47829315066337585 0.9968628883361816 0.009917412884533405 -0.07852479815483093 2.254911422729492
-0.07892340421676636 0.03682554140686989 -0.9962002635002136 -40.434043884277344 -0.007115066982805729 0.9992711544036865 0.037502747029066086 0.4972257614135742 0.9968553185462952 0.01004787627607584 -0.07860387116670609 2.1886701583862305
-0.07856733351945877 0.0326508991420269 -0.9963740110397339 -41.26132583618164 -0.007633956614881754 0.9994145035743713 0.033352501690387726 0.5144816040992737 0.9968796968460083 0.010226693004369736 -0.07827208191156387 2.115795612335205
-0.07816015183925629 0.029742423444986343 -0.9964970350265503 -42.085975646972656 -0.012006365694105625 0.9994543790817261 0.03077239915728569 0.5291580557823181 0.9968686103820801 0.014369485899806023 -0.07776039838790894 2.035447835922241
-0.07845839112997055 0.028170177713036537 -0.9965192675590515 -42.915313720703125 -0.015089115127921104 0.9994526505470276 0.029441099613904953 0.5374259352684021 0.9968032240867615 0.017346493899822235 -0.07799038290977478 1.9525344371795654
-0.0794505774974823 0.026293130591511726 -0.9964919686317444 -43.71994400024414 -0.012957748025655746 0.9995403289794922 0.027406690642237663 0.5418323278427124 0.9967545866966248 0.015089768916368484 -0.07907336205244064 1.8969316482543945
-0.0808139443397522 0.022438352927565575 -0.9964765310287476 -44.5487060546875 -0.009378981776535511 0.9996851682662964 0.023271234706044197 0.552970826625824 0.9966850876808167 0.011226575821638107 -0.08057806640863419 1.8348181247711182
-0.08117660135030746 0.02097517065703869 -0.9964789748191833 -45.37446212768555 -0.005025514401495457 0.9997572302818298 0.021453572437167168 0.5616152286529541 0.996687114238739 0.006749347783625126 -0.08105147629976273 1.7597756385803223
-0.08356276899576187 0.024464285001158714 -0.9962021708488464 -46.19718933105469 -0.004839548375457525 0.9996767640113831 0.024955561384558678 0.5672292709350586 0.9964907765388489 0.006906522437930107 -0.0834173634648323 1.6919167041778564
-0.08510348945856094 0.030682459473609924 -0.9958995580673218 -47.013126373291016 -0.0023747121449559927 0.9995166063308716 0.03099682182073593 0.5734958052635193 0.9963693618774414 0.005002913065254688 -0.08498948812484741 1.6202317476272583
-0.08661740273237228 0.03457130119204521 -0.9956416487693787 -47.82542419433594 -0.0005293349386192858 0.999396026134491 0.034747716039419174 0.5825945138931274 0.996241569519043 0.003536784090101719 -0.08654678612947464 1.5433591604232788
-0.08771227300167084 0.03398660942912102 -0.9955658912658691 -48.616004943847656 -0.001101408852264285 0.9994139075279236 0.03421499952673912 0.585757851600647 0.9961452484130859 0.0040976013988256454 -0.08762344717979431 1.463053822517395
-0.0885775238275528 0.02991136722266674 -0.99562007188797 -49.41627502441406 -0.004352798219770193 0.9995278120040894 0.03041602112352848 0.597780168056488 0.996059775352478 0.007027909159660339 -0.08840550482273102 1.3793059587478638
-0.08957505971193314 0.026354843750596046 -0.9956313371658325 -50.20520782470703 -0.009055966511368752 0.9995870590209961 0.027274297550320625 0.6058744788169861 0.9959388971328735 0.011459500528872013 -0.08929939568042755 1.2930898666381836
-0.09095660597085953 0.02508753538131714 -0.9955387711524963 -50.996864318847656 -0.013333526439964771 0.9995623826980591 0.02640713006258011 0.6128377318382263 0.9957655668258667 0.015675945207476616 -0.09058228135108948 1.2043927907943726
-0.09211889654397964 0.0260277409106493 -0.9954077005386353 -51.794525146484375 -0.015091369859874249 0.9995071291923523 0.027531538158655167 0.6208381056785583 0.995633602142334 0.01755824126303196 -0.09168069064617157 1.125328540802002
-0.09315995872020721 0.02773268148303032 -0.9952648282051086 -52.58201217651367 -0.015008402056992054 0.9994593858718872 0.02925439178943634 0.6279367208480835 0.995538055896759 0.017662670463323593 -0.09269336611032486 1.0475893020629883
-0.09404455870389938 0.027198823168873787 -0.9951962828636169 -53.36589050292969 -0.017216026782989502 0.9994328022003174 0.028941497206687927 0.635002076625824 0.9954190850257874 0.019855117425322533 -0.09352296590805054 0.9649248719215393
-0.09447699040174484 0.026843447238206863 -0.9951650500297546 -54.14103698730469 -0.017627516761422157 0.9994345903396606 0.028632095083594322 0.6430044770240784 0.9953709244728088 0.020247362554073334 -0.09395039081573486 0.8824260830879211
-0.09510449320077896 0.02855638414621353 -0.9950575828552246 -54.91386795043945 -0.01577264629304409 0.9994197487831116 0.030189070850610733 0.6530896425247192 0.9953423142433167 0.01856580562889576 -0.09459888935089111 0.8088707327842712
-0.09514668583869934 0.031671054661273956 -0.9949592351913452 -55.69743728637695 -0.015199314802885056 0.999330997467041 0.03326369822025299 0.6616832613945007 0.9953472018241882 0.018287628889083862 -0.09460166841745377 0.724676787853241
-0.09544690698385239 0.03584367409348488 -0.9947890043258667 -56.468299865722656 -0.015521467663347721 0.9991764426231384 0.03749099373817444 0.6742875576019287 0.9953134655952454 0.01901898719370365 -0.09481195360422134 0.6479849815368652
-0.09593410789966583 0.038174889981746674 -0.9946553111076355 -57.23298263549805 -0.01539961900562048 0.999087929725647 0.0398302897810936 0.6811398267745972 0.9952685832977295 0.0191383995115757 -0.09525870531797409 0.5678344368934631
-0.09661031514406204 0.03799349069595337 -0.9945968389511108 -57.98210525512695 -0.015115635469555855 0.9990999698638916 0.039633773267269135 0.6955592036247253 0.9952075481414795 0.018862996250391006 -0.09594906121492386 0.49496129155158997
-0.09697499871253967 0.03594328090548515 -0.9946376085281372 -58.73570251464844 -0.013933475129306316 0.9992007613182068 0.037466663867235184 0.710556149482727 0.9951892495155334 0.017492087557911873 -0.09639666229486465 0.41585835814476013
-0.09722448885440826 0.03252182900905609 -0.9947310090065002 -59.469444274902344 -0.01380852609872818 0.999325692653656 0.03402169048786163 0.7187474370002747 0.9951667189598083 0.01704351045191288 -0.09670984745025635 0.3426419198513031
-0.09675145149230957 0.029527612030506134 -0.9948705434799194 -60.18690872192383 -0.014431891031563282 0.9994130730628967 0.03106594644486904 0.728569746017456 0.995203971862793 0.01736353524029255 -0.09626852720975876 0.2629818022251129
-0.09548187255859375 0.02729552425444126 -0.9950569272041321 -60.89817428588867 -0.015018361620604992 0.9994708299636841 0.02885770983994007 0.7368971109390259 0.9953178763389587 0.017699511721730232 -0.09502140432596207 0.18880297243595123
-0.09332650154829025 0.026509394869208336 -0.9952825903892517 -61.592308044433594 -0.017167840152978897 0.9994540214538574 0.02823030576109886 0.7437596321105957 0.9954875111579895 0.019721491262316704 -0.0928204208612442 0.12291362136602402
-0.08879894018173218 0.02750481478869915 -0.9956698417663574 -62.27415084838867 -0.01762431673705578 0.9994187951087952 0.02918020635843277 0.7484666109085083 0.9958935976028442 0.020139168947935104 -0.08826256543397903 0.05268367379903793
-0.08304759860038757 0.02900833636522293 -0.9961233139038086 -62.943580627441406 -0.01685340702533722 0.9993923902511597 0.03050861693918705 0.7562686800956726 0.9964029788970947 0.019321739673614502 -0.08250825107097626 -0.0033323485404253006
-0.07605014741420746 0.030376890674233437 -0.9966411590576172 -63.59175491333008 -0.01657443307340145 0.9993592500686646 0.0317244715988636 0.7610806822776794 0.9969662427902222 0.01893141306936741 -0.07549792528152466 -0.04815734177827835
-0.06711557507514954 0.03172167018055916 -0.9972407817840576 -64.23075103759766 -0.017158683389425278 0.9993100166320801 0.03294229507446289 0.767127513885498 0.9975976347923279 0.01932227797806263 -0.06652496010065079 -0.09470811486244202
-0.054831504821777344 0.03335854411125183 -0.9979382157325745 -64.83197021484375 -0.019570229575037956 0.9992138743400574 0.034476470202207565 0.7768430709838867 0.9983038306236267 0.021420275792479515 -0.05413556098937988 -0.1427261382341385
-0.03999626636505127 0.03487260267138481 -0.9985911250114441 -65.44342803955078 -0.022816773504018784 0.9990983009338379 0.03580419346690178 0.7844852209091187 0.9989392757415771 0.024216659367084503 -0.039164524525403976 -0.1666928082704544
-0.02134869061410427 0.036025285720825195 -0.9991228580474854 -66.03244018554688 -0.024411365389823914 0.9990338683128357 0.03654368594288826 0.7952688932418823 0.999474048614502 0.025170108303427696 -0.020448636263608932 -0.1817188709974289
0.0008086969028227031 0.03725104779005051 -0.9993056654930115 -66.5987548828125 -0.025442592799663544 0.9989832639694214 0.03721844404935837 0.7981554865837097 0.9996759295463562 0.025394825264811516 0.0017556349048390985 -0.16903215646743774
0.02623213827610016 0.037702981382608414 -0.9989446401596069 -67.13851928710938 -0.0243790615350008 0.9990154504776001 0.03706546872854233 0.8026373982429504 0.9993585348129272 0.023381026461720467 0.027125470340251923 -0.1387883871793747
0.055957648903131485 0.03692073002457619 -0.9977502822875977 -67.66512298583984 -0.023361321538686752 0.9990909099578857 0.03566015139222145 0.8138209581375122 0.9981598854064941 0.02131330594420433 0.05676930397748947 -0.0968087762594223
0.08981582522392273 0.036817509680986404 -0.9952776432037354 -68.16555786132812 -0.022405218333005905 0.9991382956504822 0.03493843972682953 0.8234792351722717 0.99570631980896 0.019161386415362358 0.0905633270740509 -0.021385550498962402
0.12747274339199066 0.03719379007816315 -0.9911444783210754 -68.5744857788086 -0.021789848804473877 0.9991604685783386 0.034692175686359406 0.8248403072357178 0.9916026592254639 0.017174581065773964 0.12817618250846863 0.04484189301729202
0.16869816184043884 0.03700288012623787 -0.9849730134010315 -69.04280853271484 -0.021636616438627243 0.9991933107376099 0.03383135423064232 0.8298059701919556 0.9854302406311035 0.015604197047650814 0.16936269402503967 0.14660149812698364
0.2135647088289261 0.037782855331897736 -0.9761980175971985 -69.47876739501953 -0.020402779802680016 0.9992064237594604 0.03420981019735336 0.83451247215271 0.9767158031463623 0.01261114701628685 0.2141660898923874 0.26958081126213074
0.2620096206665039 0.03686124086380005 -0.9643610715866089 -69.89055633544922 -0.017251458019018173 0.9992895126342773 0.033509235829114914 0.830053448677063 0.9649110436439514 0.007856890559196472 0.2624593675136566 0.40847405791282654
0.31204164028167725 0.03157572075724602 -0.9495436549186707 -70.30783081054688 -0.009803090244531631 0.9995012879371643 0.030015479773283005 0.8337333798408508 0.9500179290771484 -5.7617402489995584e-05 0.3121955692768097 0.5896959900856018
0.3631269633769989 0.026256421580910683 -0.9313696622848511 -70.69853973388672 -0.004396012518554926 0.9996399283409119 0.026467105373740196 0.835153341293335 0.9317293763160706 -0.005516608711332083 0.363111674785614 0.788612425327301
0.4150237441062927 0.021252138540148735 -0.909562349319458 -71.08903503417969 0.0003687758289743215 0.9997231364250183 0.023527026176452637 0.843720018863678 0.9098105430603027 -0.010099698789417744 0.41490092873573303 1.0105347633361816
0.46614888310432434 0.02101759985089302 -0.8844566941261292 -71.46913146972656 -0.0006377038662321866 0.9997255206108093 0.0234206672757864 0.8510814309120178 0.8847061395645142 -0.010353497229516506 0.46603432297706604 1.2496837377548218
0.5160481929779053 0.020065123215317726 -0.8563244938850403 -71.82980346679688 2.0868732462986372e-05 0.9997252225875854 0.023437824100255966 0.8571182489395142 0.856559693813324 -0.012112914584577084 0.5159059166908264 1.471591591835022
0.5613008141517639 0.014929486438632011 -0.8274771571159363 -72.18257141113281 0.008131268434226513 0.9996894598007202 0.023552238941192627 0.8705483675003052 0.8275719285011292 -0.019948329776525497 0.561005175113678 1.7574430704116821
0.6048672795295715 0.008350366726517677 -0.7962825298309326 -72.49620819091797 0.018450278788805008 0.9995296001434326 0.02449684403836727 0.8727527856826782 0.7961125373840332 -0.02950897254049778 0.6044287085533142 2.0634682178497314
0.6473116278648376 0.0029061664827167988 -0.7622199654579163 -72.80484008789062 0.020332343876361847 0.9995710253715515 0.02107827737927437 0.8783202171325684 0.7619542479515076 -0.029141932725906372 0.6469748616218567 2.375887155532837
0.6881780624389648 -0.0012830155901610851 -0.7255407571792603 -73.10108184814453 0.01770707219839096 0.9997302293777466 0.015027342364192009 0.8719103336334229 0.7253257036209106 -0.023188689723610878 0.6880151629447937 2.6995882987976074
0.7284765243530273 -0.007829883135855198 -0.6850260496139526 -73.37284851074219 0.01387691032141447 0.9998982548713684 0.0033282185904681683 0.8743001818656921 0.6849302649497986 -0.011930574662983418 0.7285110354423523 3.0354623794555664
0.767876923084259 -0.007943722419440746 -0.6405481100082397 -73.62049865722656 0.007057918235659599 0.9999673366546631 -0.003940141294151545 0.8628136515617371 0.6405585408210754 -0.0014953931095078588 0.7679079174995422 3.3611226081848145
0.8047171235084534 -0.008836580440402031 -0.5935927033424377 -73.87349700927734 0.0057532405480742455 0.999958336353302 -0.007086478173732758 0.8619324564933777 0.5936306118965149 0.002287528943270445 0.804734468460083 3.758826971054077
0.8384135365486145 -0.009963102638721466 -0.5449435710906982 -74.11946105957031 0.006196157541126013 0.9999425411224365 -0.008748774416744709 0.8538150787353516 0.5449994206428528 0.003958533983677626 0.8384270668029785 4.193670272827148
0.8686034679412842 -0.009437610395252705 -0.49541810154914856 -74.34778594970703 0.0042531173676252365 0.999923825263977 -0.011591457761824131 0.8540723919868469 0.4954896867275238 0.007961309514939785 0.8685773611068726 4.648921012878418
0.89441978931427 -0.007801050785928965 -0.44716036319732666 -74.57968139648438 0.0035225008614361286 0.9999397397041321 -0.010398918762803078 0.8412976264953613 0.4472145140171051 0.007725876290351152 0.8943933844566345 5.146716594696045
0.9156721234321594 -0.0006398633704520762 -0.40192556381225586 -74.78495025634766 -0.0033661082852631807 0.9999516010284424 -0.009260629303753376 0.8262803554534912 0.40191197395324707 0.009832626208662987 0.9156255125999451 5.633394241333008
0.9327980279922485 0.0034965933300554752 -0.36038243770599365 -74.96247863769531 -0.008081980049610138 0.9999045133590698 -0.011217518709599972 0.8200770616531372 0.36030876636505127 0.013376284390687943 0.9327372312545776 6.148106098175049
0.9460766911506653 0.008653412573039532 -0.3238270580768585 -75.13864135742188 -0.01248872373253107 0.9998742938041687 -0.009767451323568821 0.8113883137702942 0.3237018287181854 0.013284943997859955 0.9460659027099609 6.6917572021484375
0.9559019804000854 0.0091928755864501 -0.29354196786880493 -75.28972625732422 -0.011974514462053776 0.9998987913131714 -0.00768039096146822 0.7953033447265625 0.29344162344932556 0.01085672341287136 0.9559153318405151 7.242814540863037
0.963169515132904 0.008644895628094673 -0.2687560021877289 -75.45057678222656 -0.010744146071374416 0.9999221563339233 -0.006341107655316591 0.7843753695487976 0.26868027448654175 0.008995115756988525 0.9631873965263367 7.816421031951904
0.9688616394996643 0.008949768729507923 -0.24744103848934174 -75.5914535522461 -0.01042382325977087 0.9999349117279053 -0.004647804889827967 0.7792660593986511 0.24738328158855438 0.007082361727952957 0.9688917994499207 8.412747383117676
0.9733208417892456 0.011141304858028889 -0.22917793691158295 -75.7287368774414 -0.011901987716555595 0.999927282333374 -0.001937169930897653 0.7702776193618774 0.22913967072963715 0.0046131606213748455 0.9733825922012329 9.032504081726074
0.9766965508460999 0.016527727246284485 -0.21398772299289703 -75.86690521240234 -0.017008064314723015 0.9998553395271301 -0.00040368217742070556 0.7599740028381348 0.21395006775856018 0.004033791832625866 0.9768362641334534 9.667011260986328
0.9793826341629028 0.01971585676074028 -0.20104965567588806 -75.99162292480469 -0.01990332454442978 0.9998012781143188 0.001089114579372108 0.7508413791656494 0.2010311782360077 0.0029348991811275482 0.9795804023742676 10.308841705322266
0.9821115136146545 0.018653737381100655 -0.18737395107746124 -76.13748931884766 -0.018852971494197845 0.9998220205307007 0.0007188786985352635 0.7409162521362305 0.18735404312610626 0.0028265363071113825 0.9822883605957031 10.990165710449219
0.9845876693725586 0.018556270748376846 -0.17390432953834534 -76.24694061279297 -0.0187723059207201 0.9998237490653992 0.00040262952097691596 0.7331771850585938 0.1738811433315277 0.0028681610710918903 0.98476243019104 11.6703462600708
0.9871362447738647 0.01884903945028782 -0.1587660014629364 -76.36199951171875 -0.018964219838380814 0.9998199343681335 0.0007896684692241251 0.7309121489524841 0.15875227749347687 0.002231362508609891 0.9873158931732178 12.36754322052002
0.9892662763595581 0.020453596487641335 -0.1446855068206787 -76.46434020996094 -0.020522618666291237 0.9997889995574951 0.001015583984553814 0.7263005971908569 0.14467571675777435 0.0019646428991109133 0.9894772171974182 13.076171875
0.990996778011322 0.020640086382627487 -0.13228487968444824 -76.55418395996094 -0.020997304469347 0.9997787475585938 -0.0013058552285656333 0.7078914046287537 0.13222864270210266 0.004071724135428667 0.9912108778953552 13.800950050354004
0.9924142956733704 0.021297266706824303 -0.12107987701892853 -76.65926361083984 -0.022272398695349693 0.9997294545173645 -0.006705813109874725 0.6910840272903442 0.12090428918600082 0.009351683780550957 0.9926201105117798 14.551429748535156
0.9936174750328064 0.01955719105899334 -0.1110936850309372 -76.74439239501953 -0.0211079902946949 0.9996952414512634 -0.012800323776900768 0.6808767318725586 0.11080949753522873 0.015063590370118618 0.9937275052070618 15.291356086730957
0.9944727420806885 0.019359329715371132 -0.10319548845291138 -76.82054138183594 -0.020834537222981453 0.999695360660553 -0.01323650311678648 0.6709423065185547 0.10290780663490295 0.01531337108463049 0.9945730566978455 16.048583984375
0.9951308965682983 0.020923253148794174 -0.09631631523370743 -76.89654541015625 -0.021683860570192337 0.9997413754463196 -0.006856956984847784 0.6533142924308777 0.09614793211221695 0.00891207903623581 0.9953271746635437 16.81648826599121
0.9955047369003296 0.025867575779557228 -0.09111053496599197 -76.97538757324219 -0.02586536854505539 0.9996647238731384 0.001205179374665022 0.6330034732818604 0.09111116826534271 0.0011568469926714897 0.9958400726318359 17.58844566345215
0.9958621859550476 0.026311561465263367 -0.08698419481515884 -77.05846405029297 -0.026009557768702507 0.9996510744094849 0.004603668116033077 0.6247307062149048 0.08707495778799057 -0.0023221978917717934 0.9961990714073181 18.388813018798828
0.9961826205253601 0.025310777127742767 -0.08354441076517105 -77.12268829345703 -0.025096314027905464 0.9996785521507263 0.00361636676825583 0.6121096014976501 0.08360908180475235 -0.0015059042489156127 0.9964975118637085 19.158538818359375
0.9964324831962585 0.025347169488668442 -0.08049821853637695 -77.18551635742188 -0.025221383199095726 0.9996786117553711 0.00257918331772089 0.6010157465934753 0.08053772896528244 -0.0005397054483182728 0.9967514276504517 19.923770904541016
