1.0 0.0 0.0 0.0 0.0 1.0 0.0 0.0 0.0 0.0 1.0 0.0
0.9999955892562866 0.0029733588453382254 0.00014259616727940738 -0.0057274941354990005 -0.0029735483694821596 0.999994695186615 0.0013481589267030358 -0.012448959983885288 -0.0001385868526995182 -0.0013485769741237164 0.9999991059303284 0.7727003693580627
0.99998539686203 0.005373874679207802 0.0005988028715364635 -0.013122082687914371 -0.005375050939619541 0.9999836087226868 0.0019789135549217463 -0.030789142474532127 -0.0005881587276235223 -0.0019821031019091606 0.9999978542327881 1.5376462936401367
0.9999772906303406 0.006637382321059704 0.0011712285922840238 -0.02211613766849041 -0.006639554630964994 0.9999761581420898 0.0018611453706398606 -0.048909611999988556 -0.001158847939223051 -0.0018688796553760767 0.9999975562095642 2.272933006286621
0.9999623894691467 0.008612246252596378 0.0010559026850387454 -0.025177838280797005 -0.008613919839262962 0.9999616146087646 0.0015890680951997638 -0.0622800812125206 -0.0010421766201034188 -0.0015981035539880395 0.9999982118606567 3.000523567199707
0.9999602437019348 0.008738218806684017 0.001737062237225473 -0.034907128661870956 -0.008740326389670372 0.9999610185623169 0.0012107262155041099 -0.0742899551987648 -0.0017264150083065033 -0.001225860440172255 0.9999976754188538 3.717200517654419
0.9999585747718811 0.008929155766963959 0.0017863038228824735 -0.030244987457990646 -0.008932778611779213 0.9999579787254333 0.002029579598456621 -0.08647003024816513 -0.001768106478266418 -0.0020454523619264364 0.9999963045120239 4.4122633934021
0.9999472498893738 0.009875623509287834 0.0028273379430174828 -0.046162817627191544 -0.009890071116387844 0.9999378323554993 0.005142741370946169 -0.10366567969322205 -0.002776374574750662 -0.005170431919395924 0.9999827742576599 5.0855021476745605
0.9999443888664246 0.009648137725889683 0.004261889029294252 -0.0406215563416481 -0.009685318917036057 0.9999144077301025 0.008791191503405571 -0.10655105113983154 -0.004176705610007048 -0.008831980638206005 0.9999522566795349 5.754525661468506
0.9999454617500305 0.00894210860133171 0.005392866674810648 -0.03481355309486389 -0.009007805027067661 0.9998838901519775 0.01228331308811903 -0.11701162904500961 -0.005282402504235506 -0.012331223115324974 0.9999099969863892 6.38624906539917
0.9999428391456604 0.008333677425980568 0.00670783594250679 -0.04039252549409866 -0.00843052938580513 0.9998587369918823 0.014542295597493649 -0.1258579045534134 -0.006585697177797556 -0.014598015695810318 0.9998717308044434 6.989572525024414
0.9999333620071411 0.008832069113850594 0.007434571627527475 -0.02415309101343155 -0.008939730003476143 0.9998538494110107 0.01457434706389904 -0.13586461544036865 -0.00730476388707757 -0.01463983952999115 0.9998661279678345 7.57295036315918
0.9999187588691711 0.009556267410516739 0.008439506404101849 -0.024052225053310394 -0.00965818576514721 0.9998798966407776 0.012119116261601448 -0.1464572548866272 -0.008322679437696934 -0.012199642136693 0.999890923500061 8.11950397491455
0.9999122619628906 0.009359846822917461 0.009376810863614082 -0.021566517651081085 -0.009444632567465305 0.9999145865440369 0.009038880467414856 -0.14822065830230713 -0.009291407652199268 -0.009126648306846619 0.9999151825904846 8.652543067932129
0.9999123215675354 0.007726672571152449 0.010757815092802048 -0.007872961461544037 -0.007808612193912268 0.9999407529830933 0.007595616392791271 -0.15668386220932007 -0.010698486119508743 -0.007678954862058163 0.9999132752418518 9.153976440429688
0.9999114274978638 0.0036847253795713186 0.012787055224180222 -0.0027087852358818054 -0.0037511128466576338 0.9999796152114868 0.005171743221580982 -0.16232945024967194 -0.012767736800014973 -0.005219253711402416 0.9999048113822937 9.618870735168457
0.999888002872467 0.002089384477585554 0.014814126305282116 0.006576851010322571 -0.002151594962924719 0.9999889135360718 0.004184694495052099 -0.16752131283283234 -0.014805220067501068 -0.004216100089251995 0.9998815059661865 10.062572479248047
0.9998400807380676 0.006383989471942186 0.016703544184565544 0.01181630790233612 -0.0064201317727565765 0.999977171421051 0.002111065201461315 -0.17712678015232086 -0.016689684242010117 -0.0022179658990353346 0.9998582601547241 10.476646423339844
0.9997444748878479 0.010830513201653957 0.019841773435473442 0.009065359830856323 -0.010860957205295563 0.999940037727356 0.0014272329863160849 -0.18603263795375824 -0.019825126975774765 -0.001642368733882904 0.9998020529747009 10.860568046569824
0.9996793866157532 0.011139795184135437 0.022738171741366386 0.023983150720596313 -0.011203299276530743 0.9999337196350098 0.0026673167012631893 -0.195623978972435 -0.022706951946020126 -0.002921203849837184 0.9997379183769226 11.21157169342041
0.9996355772018433 0.006820471491664648 0.026121273636817932 0.036694854497909546 -0.006908298935741186 0.9999707937240601 0.0032735406421124935 -0.20346201956272125 -0.026098184287548065 -0.0034528011456131935 0.9996533989906311 11.531237602233887
0.9995861053466797 0.00249234470538795 0.02866065688431263 0.0533582866191864 -0.0025724773295223713 0.9999929070472717 0.002759358612820506 -0.20300179719924927 -0.028653575107455254 -0.0028319458942860365 0.9995853900909424 11.813977241516113
0.9995177388191223 -0.0010087061673402786 0.03103656694293022 0.06867802143096924 0.0008769131381995976 0.9999905228614807 0.004259685520082712 -0.21000948548316956 -0.03104056417942047 -0.004230414517223835 0.9995092153549194 12.069907188415527
0.999439001083374 -0.0013890573754906654 0.03346399962902069 0.0786987841129303 0.00121350830886513 0.99998539686203 0.005265648476779461 -0.21596962213516235 -0.03347082436084747 -0.005222084932029247 0.999426007270813 12.302750587463379
0.9993667006492615 -0.0007856288575567305 0.03557705506682396 0.08471661806106567 0.0006335768266580999 0.999990701675415 0.0042849453166127205 -0.22036077082157135 -0.03558008745312691 -0.00425969110801816 0.9993577599525452 12.506909370422363
0.9993024468421936 1.0205085345660336e-06 0.03734305873513222 0.10239359736442566 -0.0001223078725161031 0.9999947547912598 0.0032456438057124615 -0.23022185266017914 -0.0373428575694561 -0.003247947199270129 0.9992971420288086 12.70168685913086
0.9991797208786011 0.002482769777998328 0.04041709750890732 0.09880098700523376 -0.0025757451076060534 0.999994158744812 0.002248478354886174 -0.2324134111404419 -0.04041128605604172 -0.0023507382720708847 0.9991803169250488 12.862142562866211
0.9990968704223633 0.005391418002545834 0.04215069115161896 0.10163071751594543 -0.005463816225528717 0.9999837279319763 0.0016025674995034933 -0.23861636221408844 -0.04214136302471161 -0.0018314234912395477 0.9991099834442139 13.03066635131836
0.9990409016609192 0.006723012775182724 0.04326677694916725 0.11122527718544006 -0.0067383949644863605 0.9999772906303406 0.00020969402976334095 -0.24604590237140656 -0.04326438903808594 -0.0005010415334254503 0.9990634918212891 13.188672065734863
0.9989519715309143 0.005719339475035667 0.045413412153720856 0.11778086423873901 -0.005659444723278284 0.9999829530715942 -0.0014473365154117346 -0.25361862778663635 -0.04542091488838196 0.0011888048611581326 0.998967170715332 13.336359024047852
0.9988757371902466 0.004867317155003548 0.047154419124126434 0.11905407905578613 -0.004733559675514698 0.9999844431877136 -0.0029478303622454405 -0.2584933340549469 -0.047168031334877014 0.002721307799220085 0.9988831877708435 13.472430229187012
0.9988246560096741 0.0036504718009382486 0.048331569880247116 0.13194304704666138 -0.003470826428383589 0.9999867081642151 -0.003800343256443739 -0.25998497009277344 -0.048344798386096954 0.0036281270440667868 0.9988240599632263 13.60879135131836
0.9987653493881226 0.004261946305632591 0.04949332773685455 0.14314037561416626 -0.00401442451402545 0.9999788403511047 -0.005099426954984665 -0.2636563181877136 -0.04951401799917221 0.004894442856311798 0.9987614154815674 13.745969772338867
0.9986818432807922 0.005095818545669317 0.05107557773590088 0.14498597383499146 -0.0047486890107393265 0.9999647736549377 -0.006915436126291752 -0.2712281346321106 -0.051109012216329575 0.006663777865469456 0.9986708760261536 13.863012313842773
0.9986245036125183 0.0054273176938295364 0.05215121805667877 0.14882272481918335 -0.0049316552467644215 0.9999415278434753 -0.009628315456211567 -0.2677914798259735 -0.052200425416231155 0.009357879869639874 0.998592734336853 13.990106582641602
0.998600423336029 0.004494841210544109 0.052695583552122116 0.15869605541229248 -0.003886822611093521 0.9999247789382935 -0.011635130271315575 -0.2748880386352539 -0.052743908017873764 0.011414027772843838 0.998542845249176 14.11069393157959
0.998623788356781 0.0038033309392631054 0.05230751633644104 0.16505467891693115 -0.003105546347796917 0.9999052286148071 -0.013414876535534859 -0.2781708836555481 -0.05235358700156212 0.0132339708507061 0.9985408782958984 14.23518180847168
0.9987357258796692 0.0033920968417078257 0.050153523683547974 0.1715596318244934 -0.0026482525281608105 0.9998855590820312 -0.014890367165207863 -0.28008154034614563 -0.05019829794764519 0.014738721773028374 0.9986304640769958 14.362485885620117
0.9988858103752136 0.0032252203673124313 0.04708069562911987 0.17576849460601807 -0.0024956974666565657 0.9998760223388672 -0.015545733273029327 -0.28572773933410645 -0.047124993056058884 0.01541091501712799 0.9987701177597046 14.488142013549805
0.999067485332489 0.003980617970228195 0.042993128299713135 0.17952656745910645 -0.0032493772450834513 0.9998490810394287 -0.017064841464161873 -0.2824343144893646 -0.043054573237895966 0.016909224912524223 0.9989295601844788 14.616310119628906
0.9993013143539429 0.0037277345545589924 0.03718699514865875 0.1789444386959076 -0.0030562710016965866 0.9998315572738647 -0.018096955493092537 -0.28776687383651733 -0.037248190492391586 0.01797066070139408 0.9991443753242493 14.750041007995605
0.9995289444923401 0.0036717162001878023 0.03046952374279499 0.17522138357162476 -0.0031028741504997015 0.9998204112052917 -0.018695542588829994 -0.29320028424263 -0.030532697215676308 0.018592197448015213 0.9993608593940735 14.85745906829834
0.9997290372848511 0.003514382988214493 0.023009324446320534 0.17706091701984406 -0.0030738546047359705 0.9998118281364441 -0.01915310136973858 -0.2991451323032379 -0.02307230792939663 0.019077185541391373 0.9995517730712891 14.981819152832031
0.9998799562454224 0.003237862139940262 0.015154579654335976 0.1646295189857483 -0.0029276558198034763 0.9997866749763489 -0.020447082817554474 -0.2981802523136139 -0.015217551030218601 0.020400261506438255 0.9996761083602905 15.11128044128418
0.9999836683273315 0.0025082966312766075 0.005140315741300583 0.1583263874053955 -0.0023962201084941626 0.9997617602348328 -0.021694809198379517 -0.29962220788002014 -0.0051935091614723206 0.021682133898139 0.9997514486312866 15.247010231018066
0.9999664425849915 0.0009120476897805929 -0.008144315332174301 0.1500818431377411 -0.0011009288718923926 0.9997298717498779 -0.023217562586069107 -0.3045874238014221 0.008120937272906303 0.023225748911499977 0.9996972680091858 15.397490501403809
0.9997134208679199 9.596554446034133e-05 -0.023938501253724098 0.12483623623847961 -0.0007002915954217315 0.9996812343597412 -0.02523781917989254 -0.30670902132987976 0.023928450420498848 0.025247350335121155 0.9993948340415955 15.550305366516113
0.9990612864494324 0.0004627940943464637 -0.043318506330251694 0.09923088550567627 -0.001605758909136057 0.9996513724327087 -0.02635406143963337 -0.30794352293014526 0.04329121112823486 0.026398878544569016 0.9987137317657471 15.73370361328125
0.9978755712509155 0.0011431617895141244 -0.06514043360948563 0.06616246700286865 -0.0028371429070830345 0.9996600151062012 -0.025918487459421158 -0.31626856327056885 0.0650886595249176 0.026048235595226288 0.9975395202636719 15.907966613769531
0.9960695505142212 0.0019410786917433143 -0.08855320513248444 0.02824711799621582 -0.004109419882297516 0.9996960163116455 -0.024310579523444176 -0.32627493143081665 0.08847909420728683 0.02457892894744873 0.9957747459411621 16.095701217651367
0.9933181405067444 0.003128922311589122 -0.11536526679992676 -0.026110529899597168 -0.005763246212154627 0.9997299909591675 -0.022508159279823303 -0.33585235476493835 0.11526370048522949 0.023022640496492386 0.9930680990219116 16.312368392944336
0.989372193813324 0.0041123367846012115 -0.1453467607498169 -0.09374833106994629 -0.007182132452726364 0.9997618794441223 -0.02060207538306713 -0.3398081362247467 0.14522743225097656 0.021427016705274582 0.9891663193702698 16.547712326049805
0.9838966727256775 0.004503591917455196 -0.17868176102638245 -0.15916085243225098 -0.007705952972173691 0.9998217821121216 -0.017232147976756096 -0.34498167037963867 0.17857234179973602 0.018331564962863922 0.9837560653686523 16.792770385742188
0.9765909910202026 0.005303677637130022 -0.21503899991512299 -0.25046586990356445 -0.008302957750856876 0.9998804330825806 -0.013046713545918465 -0.3545261025428772 0.21494406461715698 0.014526761136949062 0.9765183329582214 17.03375244140625
0.966935396194458 0.006795729976147413 -0.25493067502975464 -0.3556210994720459 -0.009159334935247898 0.9999253153800964 -0.00808558240532875 -0.3541191816329956 0.2548567056655884 0.010153229348361492 0.9669255018234253 17.298704147338867
0.9550804495811462 0.010625778697431087 -0.2961558997631073 -0.48090362548828125 -0.01205210480839014 0.9999228715896606 -0.0029908912256360054 -0.3620701730251312 0.29610127210617065 0.006425841711461544 0.955134928226471 17.560152053833008
0.9410250782966614 0.014107217080891132 -0.3380425274372101 -0.6312179565429688 -0.01451932080090046 0.9998936653137207 0.0013095168396830559 -0.3598945140838623 0.3380250930786133 0.0036758584901690483 0.9411299824714661 17.853633880615234
0.924199104309082 0.016841210424900055 -0.3815394937992096 -0.765810489654541 -0.01519774366170168 0.9998577237129211 0.007320535834878683 -0.3679526150226593 0.3816085457801819 -0.0009670930448919535 0.924323558807373 18.1119384765625
0.9049795866012573 0.02023562788963318 -0.42497336864471436 -0.9372129440307617 -0.015389450825750828 0.9997715353965759 0.014833551831543446 -0.37121447920799255 0.4251764714717865 -0.006883954629302025 0.9050842523574829 18.392993927001953
0.8831238746643066 0.024737168103456497 -0.46848732233047485 -1.1238350868225098 -0.01661362312734127 0.9996315836906433 0.021465187892317772 -0.37316328287124634 0.4688456654548645 -0.011173146776854992 0.8832094669342041 18.66973304748535
0.8583249449729919 0.029702285304665565 -0.5122460126876831 -1.3308358192443848 -0.019107600674033165 0.9994809627532959 0.025937417522072792 -0.37148159742355347 0.512750506401062 -0.012474941089749336 0.8584470152854919 18.940853118896484
0.8303598761558533 0.033482760190963745 -0.5562205910682678 -1.5586137771606445 -0.020543739199638367 0.9993539452552795 0.029489079490303993 -0.3702845573425293 0.5568486452102661 -0.013059698045253754 0.8305113315582275 19.217554092407227
0.7996469140052795 0.03688592091202736 -0.599336564540863 -1.817342758178711 -0.022843142971396446 0.9992576241493225 0.0310211144387722 -0.3625986576080322 0.6000359654426575 -0.011115207336843014 0.7998957633972168 19.485671997070312
0.7656394243240356 0.040047213435173035 -0.6420220136642456 -2.094296455383301 -0.02361001819372177 0.9991371631622314 0.03416690230369568 -0.35625338554382324 0.6428363919258118 -0.011001378297805786 0.7659245133399963 19.763051986694336
0.7286683320999146 0.04399074241518974 -0.6834524273872375 -2.3953237533569336 -0.024681054055690765 0.9989734292030334 0.03798549622297287 -0.34312450885772705 0.6844218373298645 -0.01081049907952547 0.7290061116218567 20.031578063964844
0.6901940107345581 0.04415944218635559 -0.7222756743431091 -2.736628532409668 -0.022036483511328697 0.9989559650421143 0.04001780226826668 -0.3170701861381531 0.7232887744903564 -0.011703633703291416 0.6904464960098267 20.296627044677734
0.6490399837493896 0.04383213818073273 -0.7594905495643616 -3.087923049926758 -0.019496727734804153 0.9989691972732544 0.040991682559251785 -0.3008592128753662 0.7605044841766357 -0.01179765909910202 0.6492254734039307 20.559804916381836
0.6072912216186523 0.04283054545521736 -0.7933239936828613 -3.471249580383301 -0.014218530617654324 0.9989717602729797 0.04304889962077141 -0.2896650433540344 0.7943520545959473 -0.014863314107060432 0.6072757840156555 20.796953201293945
0.5618906021118164 0.043113142251968384 -0.8260872960090637 -3.8653173446655273 -0.009221544489264488 0.9989054203033447 0.04586009308695793 -0.2795581817626953 0.8271601796150208 -0.018150553107261658 0.5616730451583862 21.04717254638672
0.5147795677185059 0.04455582797527313 -0.8561639785766602 -4.299968719482422 -0.007251320406794548 0.9988391399383545 0.04762086644768715 -0.2590862512588501 0.8572920560836792 -0.018305927515029907 0.5145049691200256 21.273332595825195
0.4655151069164276 0.04385277256369591 -0.8839529156684875 -4.764640808105469 -0.00625879829749465 0.9989098906517029 0.04625970497727394 -0.2319965958595276 0.8850178122520447 -0.01600210927426815 0.4652820825576782 21.46803092956543
0.41286882758140564 0.042974043637514114 -0.9097760319709778 -5.236248016357422 -0.0002319189952686429 0.9988911151885986 0.0470782145857811 -0.21804314851760864 0.9107904434204102 -0.019226135686039925 0.41242095828056335 21.65433120727539
0.35881543159484863 0.04204259440302849 -0.9324612021446228 -5.736606597900391 0.0052232760936021805 0.9988789558410645 0.04704717546701431 -0.19784212112426758 0.9333938956260681 -0.021751752123236656 0.35819363594055176 21.82037353515625
0.30520331859588623 0.0409344919025898 -0.9514069557189941 -6.274587631225586 0.007854454219341278 0.9989334940910339 0.04549897089600563 -0.17159247398376465 0.9522548317909241 -0.021359218284487724 0.30455631017684937 21.956518173217773
0.25238123536109924 0.04673881083726883 -0.9664984345436096 -6.835768222808838 0.008373528718948364 0.9986898303031921 0.0504821240901947 -0.13940370082855225 0.9675916433334351 -0.02083374187350273 0.25165921449661255 22.0645809173584
0.2009996920824051 0.05163448676466942 -0.9782295227050781 -7.41582727432251 0.010879709385335445 0.9984306693077087 0.054936256259679794 -0.11052507162094116 0.9795308709144592 -0.021685026586055756 0.20012249052524567 22.14638328552246
0.15266849100589752 0.05286283791065216 -0.9868625998497009 -8.022947311401367 0.01604485511779785 0.9983042478561401 0.05595787614583969 -0.08293986320495605 0.9881471991539001 -0.02437707409262657 0.1515614241361618 22.217430114746094
0.107997365295887 0.05460942164063454 -0.9926501512527466 -8.618643760681152 0.02021121233701706 0.9981632232666016 0.05711163952946663 -0.07127964496612549 0.9939456582069397 -0.026230568066239357 0.10669529438018799 22.269750595092773
0.06784704327583313 0.05284709855914116 -0.9962950348854065 -9.25381851196289 0.01999085396528244 0.9983236789703369 0.05431605502963066 -0.041069090366363525 0.9974954724311829 -0.023601975291967392 0.06667684018611908 22.280895233154297
0.031958919018507004 0.04838662967085838 -0.9983172416687012 -9.896751403808594 0.017172740772366524 0.9986534714698792 0.04895267263054848 -0.0041318535804748535 0.9993416666984558 -0.01870831847190857 0.03108496032655239 22.27870750427246
0.0036094821989536285 0.04839446023106575 -0.9988217949867249 -10.571176528930664 0.014776094816625118 0.9987165927886963 0.048442766070365906 0.030233263969421387 0.9998843669891357 -0.014933536760509014 0.0028897635638713837 22.2531795501709
-0.01715933531522751 0.05240563303232193 -0.9984784722328186 -11.272953987121582 0.013044584542512894 0.9985522627830505 0.05218532681465149 0.06166279315948486 0.9997676610946655 -0.012129267677664757 -0.017818104475736618 22.219816207885742
-0.03037681058049202 0.05856727808713913 -0.9978212118148804 -11.997832298278809 0.015153704211115837 0.99819415807724 0.058127839118242264 0.09401845932006836 0.999423623085022 -0.013354946859180927 -0.031209465116262436 22.19832992553711
-0.038313183933496475 0.061131395399570465 -0.9973941445350647 -12.741889953613281 0.01494887936860323 0.998050332069397 0.06059737130999565 0.12857502698898315 0.9991538524627686 -0.012588245794177055 -0.03915233165025711 22.161842346191406
-0.04200121760368347 0.05827942118048668 -0.9974163174629211 -13.509529113769531 0.01587909646332264 0.9982101321220398 0.057657137513160706 0.16583353281021118 0.9989913702011108 -0.013416401110589504 -0.04285147041082382 22.12080955505371
-0.04105589911341667 0.054421231150627136 -0.9976736307144165 -14.287589073181152 0.023246323689818382 0.9982973337173462 0.05349862948060036 0.2026747465133667 0.9988864064216614 -0.020995810627937317 -0.04225108399987221 22.093852996826172
-0.03663873299956322 0.05278635770082474 -0.9979333877563477 -15.087312698364258 0.03511190414428711 0.9980553388595581 0.05150368809700012 0.24761277437210083 0.9987115263938904 -0.03315231204032898 -0.038420915603637695 22.077281951904297
-0.03140772134065628 0.052987534552812576 -0.9981011152267456 -15.923309326171875 0.035670533776283264 0.9980170726776123 0.051860611885786057 0.2847154140472412 0.9988699555397034 -0.03397397696971893 -0.03323553502559662 22.057472229003906
-0.026218457147479057 0.0519106388092041 -0.9983074069023132 -16.76072120666504 0.03385543078184128 0.9981240630149841 0.05101194977760315 0.31221097707748413 0.9990827441215515 -0.03246067836880684 -0.027926726266741753 22.026721954345703
-0.023235376924276352 0.045270830392837524 -0.9987044930458069 -17.644704818725586 0.0373830646276474 0.9983149170875549 0.04438343271613121 0.35575157403945923 0.9990308284759521 -0.036303360015153885 -0.02488858811557293 22.019235610961914
-0.021211355924606323 0.03446897864341736 -0.9991806149482727 -18.514827728271484 0.03529057279229164 0.9988086223602295 0.033706966787576675 0.38808953762054443 0.9991519451141357 -0.03454669192433357 -0.022402513772249222 21.998083114624023
-0.02049625664949417 0.026026619598269463 -0.9994511008262634 -19.41155242919922 0.027527976781129837 0.9992967844009399 0.025458065792918205 0.4165245592594147 0.9994108080863953 -0.02699107490479946 -0.021198302507400513 21.95913314819336
-0.02195056900382042 0.023302769288420677 -0.9994874596595764 -20.328540802001953 0.022144166752696037 0.9994943737983704 0.022816604003310204 0.43616190552711487 0.9995137453079224 -0.021631980314850807 -0.0224554892629385 21.936037063598633
-0.02583887055516243 0.02962680160999298 -0.999226987361908 -21.271743774414062 0.01298362948000431 0.9994863867759705 0.029298746958374977 0.45337724685668945 0.9995817542076111 -0.012216546572744846 -0.02621026337146759 21.894912719726562
-0.03068159520626068 0.03772950917482376 -0.9988167881965637 -22.226396560668945 0.008110606111586094 0.9992638230323792 0.037497252225875854 0.47717729210853577 0.999496340751648 -0.006950534414499998 -0.030965015292167664 21.845552444458008
-0.034860122948884964 0.04706873744726181 -0.9982832074165344 -23.245168685913086 0.006463381461799145 0.9988800287246704 0.04687116667628288 0.5147938132286072 0.9993712902069092 -0.004818350076675415 -0.03512530401349068 21.799867630004883
-0.03663816675543785 0.0569085069000721 -0.9977068901062012 -24.25753402709961 0.00496973842382431 0.9983752369880676 0.05676412209868431 0.560168445110321 0.9993162751197815 -0.0028786081820726395 -0.03686145320534706 21.758214950561523
-0.037306781858205795 0.06478056311607361 -0.9972019791603088 -25.286222457885742 0.007082314230501652 0.9978886842727661 0.06456021219491959 0.6058661937713623 0.999278724193573 -0.004653964191675186 -0.03768680617213249 21.715065002441406
-0.038998495787382126 0.06558573246002197 -0.9970844984054565 -26.306840896606445 0.00815541110932827 0.9978312849998474 0.0653158500790596 0.6565823554992676 0.999206006526947 -0.005584413651376963 -0.03944879770278931 21.676612854003906
-0.04084434732794762 0.06257746368646622 -0.9972039461135864 -27.32744598388672 0.0068388283252716064 0.9980309009552002 0.062349241226911545 0.7110339999198914 0.9991421103477478 -0.004273090977221727 -0.04119187965989113 21.629770278930664
-0.043633848428726196 0.05807248875498772 -0.9973583817481995 -28.349689483642578 0.0069074989296495914 0.9983028173446655 0.05782528221607208 0.7536213994026184 0.9990237355232239 -0.004366112407296896 -0.04396093264222145 21.577411651611328
-0.04802390933036804 0.05285162106156349 -0.9974469542503357 -29.372528076171875 0.006860025692731142 0.9985929727554321 0.052582062780857086 0.799042284488678 0.9988226294517517 -0.004317314829677343 -0.048318907618522644 21.521286010742188
-0.05354103446006775 0.04805900901556015 -0.9974085688591003 -30.39968490600586 0.006649237126111984 0.9988362193107605 0.047770868986845016 0.8411532640457153 0.9985435009002686 -0.004074303898960352 -0.053798284381628036 21.460166931152344
-0.060388967394828796 0.04640335589647293 -0.9970957636833191 -31.42763900756836 0.005915031302720308 0.9989179372787476 0.04612991213798523 0.879363477230072 0.9981573820114136 -0.003112114267423749 -0.06059810519218445 21.38382911682129
-0.06742896884679794 0.04878588393330574 -0.9965305328369141 -32.50022506713867 0.006521272007375956 0.998803973197937 0.04845592752099037 0.9192782640457153 0.9977027177810669 -0.0032313147094100714 -0.06766647100448608 21.316761016845703
-0.07343631982803345 0.053582705557346344 -0.9958593845367432 -33.56970977783203 0.005133466329425573 0.9985626935958862 0.05334960296750069 0.9612151384353638 0.9972867369651794 -0.0011944123543798923 -0.07360583543777466 21.2252140045166
-0.07971812784671783 0.05656338110566139 -0.9952114820480347 -34.63441848754883 0.002578780520707369 0.9983970522880554 0.056537892669439316 1.005131721496582 0.9968141317367554 0.0019406627397984266 -0.07973620295524597 21.1326961517334
-0.0843425765633583 0.058611974120140076 -0.9947115778923035 -35.70655822753906 -0.000832337245810777 0.998263955116272 0.05889187380671501 1.055046558380127 0.9964365363121033 0.005795028060674667 -0.0841473713517189 21.031152725219727
-0.08673562854528427 0.06013943627476692 -0.9944145083427429 -36.783939361572266 -0.0051539321430027485 0.9981356263160706 0.060814034193754196 1.1009490489959717 0.9962180852890015 0.010399888269603252 -0.08626396954059601 20.92092514038086
-0.0887451246380806 0.060881417244672775 -0.9941920042037964 -37.84162521362305 -0.009661005809903145 0.9980306625366211 0.06197886914014816 1.1636203527450562 0.99600750207901 0.01510522048920393 -0.0879821851849556 20.822063446044922
-0.0898727998137474 0.06033800169825554 -0.9941237568855286 -38.92035675048828 -0.010462535545229912 0.9980508685112 0.06152220815420151 1.2172118425369263 0.9958982467651367 0.01593022793531418 -0.08906632661819458 20.70861053466797
-0.09124239534139633 0.059735532850027084 -0.9940354824066162 -39.99890899658203 -0.012029174715280533 0.9980603456497192 0.06108156219124794 1.2610812187194824 0.9957560300827026 0.0175306536257267 -0.09034685790538788 20.59465980529785
-0.0926760658621788 0.058937348425388336 -0.9939504861831665 -41.06817626953125 -0.01195103395730257 0.9981088638305664 0.060298241674900055 1.3134077787399292 0.9956246018409729 0.017466936260461807 -0.09179644286632538 20.503829956054688
-0.09368962794542313 0.05806533992290497 -0.9939066767692566 -42.156917572021484 -0.014473856426775455 0.9981128573417664 0.059675432741642 1.3668856620788574 0.9954962730407715 0.019976632669568062 -0.09267240017652512 20.390399932861328
-0.09432436525821686 0.05552004277706146 -0.9939921498298645 -43.236663818359375 -0.01899273693561554 0.9981616735458374 0.05755523964762688 1.4133661985397339 0.995360255241394 0.02430749498307705 -0.09309647977352142 20.27690887451172
-0.09470993280410767 0.05087906867265701 -0.9942039847373962 -44.3226318359375 -0.023663410916924477 0.9982959628105164 0.05334271863102913 1.4577102661132812 0.9952236413955688 0.028578337281942368 -0.09334457665681839 20.165634155273438
-0.0937909483909607 0.050055600702762604 -0.9943329095840454 -45.4371337890625 -0.0255011897534132 0.998286783695221 0.05266006663441658 1.5029654502868652 0.9952653646469116 0.030295703560113907 -0.09235378354787827 20.04930305480957
-0.09239044785499573 0.05411834269762039 -0.9942510724067688 -46.54844665527344 -0.026293868198990822 0.9980409741401672 0.056767985224723816 1.5494098663330078 0.9953756332397461 0.03138753026723862 -0.09078647196292877 19.94420051574707
-0.09025170654058456 0.05762762948870659 -0.9942502975463867 -47.64008712768555 -0.02623891830444336 0.9978402853012085 0.06021752208471298 1.5897457599639893 0.9955732226371765 0.031522784382104874 -0.08854471147060394 19.83619499206543
-0.089055635035038 0.05717821791768074 -0.9943840503692627 -48.77110290527344 -0.024295877665281296 0.9979291558265686 0.0595579631626606 1.6467573642730713 0.9957302212715149 0.029463408514857292 -0.0874820202589035 19.740476608276367
-0.08643916249275208 0.056171953678131104 -0.9946722388267517 -49.87942886352539 -0.024191144853830338 0.99799644947052 0.05846194177865982 1.6996039152145386 0.9959633350372314 0.02911566197872162 -0.08490712940692902 19.63848114013672
-0.08243659138679504 0.05639863386750221 -0.9949991703033447 -51.01175308227539 -0.028850413858890533 0.9978439211845398 0.05895017087459564 1.758217453956604 0.9961786270141602 0.03356578201055527 -0.08063174039125443 19.535381317138672
-0.07641532272100449 0.05739610642194748 -0.9954227209091187 -52.1337776184082 -0.033812206238508224 0.9976184368133545 0.06011836230754852 1.8088171482086182 0.9965026378631592 0.03825140744447708 -0.07429264485836029 19.430734634399414
-0.07091100513935089 0.05672743543982506 -0.9958682060241699 -53.26408004760742 -0.037825074046850204 0.997510552406311 0.05951431393623352 1.8651714324951172 0.99676513671875 0.0418890155851841 -0.0685887560248375 19.344676971435547
-0.06525970250368118 0.05586579069495201 -0.9963032007217407 -54.393924713134766 -0.039121225476264954 0.9975207448005676 0.058496568351984024 1.9179308414459229 0.9971011281013489 0.04279407858848572 -0.06291238218545914 19.262100219726562
-0.05946549028158188 0.05508488789200783 -0.9967092871665955 -55.526268005371094 -0.03871985897421837 0.9975975751876831 0.057444073259830475 1.9706343412399292 0.9974791407585144 0.04200838506221771 -0.05718975514173508 19.190275192260742
-0.054103389382362366 0.054927460849285126 -0.9970234632492065 -56.66292190551758 -0.03723746910691261 0.9976804256439209 0.05698433145880699 2.0165188312530518 0.9978407621383667 0.04020967707037926 -0.051932524889707565 19.122112274169922
-0.048461928963661194 0.055285464972257614 -0.9972938299179077 -57.82143783569336 -0.03615690767765045 0.9977154731750488 0.05706583335995674 2.075427532196045 0.9981703758239746 0.03882458060979843 -0.046352263540029526 19.064754486083984
-0.04264568164944649 0.05668026581406593 -0.9974812269210815 -58.96005630493164 -0.03532877936959267 0.9976795315742493 0.05820196121931076 2.130934715270996 0.9984654784202576 0.03772184997797012 -0.04054427891969681 19.007177352905273
-0.03707721456885338 0.05798090994358063 -0.997628927230835 -60.1200065612793 -0.03624080494046211 0.9975806474685669 0.05932500213384628 2.1844584941864014 0.9986550211906433 0.038354482501745224 -0.034886233508586884 18.962024688720703
-0.03205536678433418 0.057029593735933304 -0.9978576898574829 -61.26502227783203 -0.035766806453466415 0.9976658821105957 0.05816761404275894 2.235748767852783 0.9988458752632141 0.03755476325750351 -0.029940782114863396 18.924243927001953
-0.027154233306646347 0.05242422968149185 -0.9982556700706482 -62.40789031982422 -0.03597044572234154 0.9979258179664612 0.05338536202907562 2.2832589149475098 0.9989838600158691 0.03735733404755592 -0.025212189182639122 18.886348724365234
-0.02239459939301014 0.04695385321974754 -0.9986459612846375 -63.57331466674805 -0.036023177206516266 0.9982099533081055 0.04774117469787598 2.330305576324463 0.9991000294685364 0.03704354912042618 -0.02066309005022049 18.854034423828125
-0.019011544063687325 0.04713267460465431 -0.99870765209198 -64.74418640136719 -0.035455696284770966 0.998228132724762 0.04778497666120529 2.3582472801208496 0.9991903901100159 0.0363183468580246 -0.0173067394644022 18.833919525146484
-0.0155526427552104 0.04951375350356102 -0.9986523389816284 -65.91541290283203 -0.034863196313381195 0.998138964176178 0.05003124475479126 2.4008712768554688 0.9992710947990417 0.03559432923793793 -0.013797490857541561 18.80903434753418
-0.01364763081073761 0.049439359456300735 -0.9986838698387146 -67.07820892333984 -0.034838318824768066 0.9981468915939331 0.049888867884874344 2.435636520385742 0.9992997646331787 0.03547333553433418 -0.011899956502020359 18.789386749267578
-0.012462001293897629 0.049010004848241806 -0.9987205266952515 -68.25150299072266 -0.03661175072193146 0.9981059432029724 0.04943668842315674 2.48333740234375 0.9992518424987793 0.03718098998069763 -0.010644054040312767 18.764955520629883
-0.01147331390529871 0.04987401142716408 -0.998689591884613 -69.40984344482422 -0.03801502659916878 0.9980115294456482 0.050276871770620346 2.5262720584869385 0.999211311340332 0.03854206204414368 -0.009554537013173103 18.74766731262207
-0.010809334926307201 0.04966737702488899 -0.9987072348594666 -70.5903549194336 -0.03862787410616875 0.9979995489120483 0.05005023628473282 2.564116954803467 0.9991951584815979 0.03911894932389259 -0.008869165554642677 18.734249114990234
-0.009904283098876476 0.04735657200217247 -0.9988288283348083 -71.76199340820312 -0.039196137338876724 0.9980919361114502 0.04771029204130173 2.6095705032348633 0.9991824626922607 0.039622776210308075 -0.008029189892113209 18.718717575073242
-0.009533856995403767 0.04572640731930733 -0.9989084601402283 -72.93338775634766 -0.037229057401418686 0.9982450604438782 0.04605136811733246 2.6526386737823486 0.9992612600326538 0.03762747347354889 -0.007814774289727211 18.711275100708008
-0.008702989667654037 0.04600706323981285 -0.9989033341407776 -74.13294982910156 -0.0338333360850811 0.998355507850647 0.046276625245809555 2.6849513053894043 0.9993895888328552 0.03419896960258484 -0.007132105994969606 18.691917419433594
-0.008109437301754951 0.04643958434462547 -0.9988882541656494 -75.31815338134766 -0.03189815580844879 0.9984006881713867 0.046675894409418106 2.7279233932495117 0.9994582533836365 0.03224119171500206 -0.006615131162106991 18.676048278808594
-0.008599286898970604 0.04970115050673485 -0.9987271428108215 -76.51378631591797 -0.031065460294485092 0.9982686042785645 0.04994581267237663 2.760099411010742 0.9994803667068481 0.03145541995763779 -0.007040409371256828 18.672679901123047
-0.007324574049562216 0.05322856828570366 -0.9985554814338684 -77.69264221191406 -0.033607881516218185 0.9980050325393677 0.05344574153423309 2.801771402359009 0.9994082450866699 0.0339508056640625 -0.005521060898900032 18.642419815063477
-0.0073427180759608746 0.0533820204436779 -0.9985471367835999 -78.88321685791016 -0.03587159141898155 0.9979172945022583 0.0536121241748333 2.8415753841400146 0.9993293881416321 0.03621312975883484 -0.005412528291344643 18.63386344909668
-0.006834737025201321 0.05122876167297363 -0.9986635446548462 -80.05751037597656 -0.0370444655418396 0.9979884028434753 0.051447656005620956 2.884686231613159 0.9992902874946594 0.03734658285975456 -0.004923246800899506 18.617713928222656
-0.005903443321585655 0.04867507144808769 -0.9987972378730774 -81.24226379394531 -0.03686441853642464 0.9981250166893005 0.04886019974946976 2.9279990196228027 0.9993028044700623 0.037108518183231354 -0.00409799674525857 18.5911808013916
-0.007209677714854479 0.04843490198254585 -0.9988003373146057 -82.43022155761719 -0.03453947231173515 0.9982182383537292 0.04865599796175957 2.962035655975342 0.9993773102760315 0.03484882786870003 -0.005523914936929941 18.598737716674805
-0.0068904440850019455 0.04961816221475601 -0.9987444877624512 -83.60489654541016 -0.0332903116941452 0.9982032775878906 0.04982093721628189 3.005666494369507 0.999422013759613 0.033591799437999725 -0.0052262600511312485 18.58769989013672
-0.00619974359869957 0.05204528570175171 -0.9986255168914795 -84.78608703613281 -0.0319753922522068 0.9981236457824707 0.05221763998270035 3.0510752201080322 0.9994694590568542 0.03225517272949219 -0.004523942247033119 18.567615509033203
-0.005880401469767094 0.05514534190297127 -0.9984610080718994 -85.94739532470703 -0.0329233855009079 0.9979262948036194 0.055309709161520004 3.0790903568267822 0.9994404911994934 0.03319796174764633 -0.00405263714492321 18.554780960083008
-0.0055168671533465385 0.05544048547744751 -0.9984467625617981 -87.11394500732422 -0.03428390994668007 0.9978644847869873 0.05559758469462395 3.122941732406616 0.9993969202041626 0.03453737497329712 -0.0036043692380189896 18.538631439208984
-0.005764125846326351 0.053169623017311096 -0.9985688328742981 -88.28580474853516 -0.033847659826278687 0.998002827167511 0.05333486571907997 3.1664974689483643 0.9994103312492371 0.03410663828253746 -0.00395294651389122 18.531461715698242
-0.005206186790019274 0.05180661380290985 -0.9986435770988464 -89.45950317382812 -0.03318706527352333 0.9980980157852173 0.051951318979263306 3.207500457763672 0.9994356036186218 0.03341251611709595 -0.003476976417005062 18.51984214782715
-0.005121670663356781 0.05290566012263298 -0.9985864162445068 -90.62299346923828 -0.0315457284450531 0.9980939030647278 0.05304136872291565 3.2489800453186035 0.9994891881942749 0.031772784888744354 -0.003442960325628519 18.509380340576172
-0.0043596564792096615 0.055573467165231705 -0.9984451532363892 -91.79391479492188 -0.029467659071087837 0.9980137348175049 0.05567813292145729 3.2987983226776123 0.9995562434196472 0.029664574190974236 -0.0027133775874972343 18.491626739501953
-0.004908675327897072 0.05790579319000244 -0.9983099102973938 -92.9485855102539 -0.027480987831950188 0.9979371428489685 0.05801928788423538 3.342622995376587 0.9996102452278137 0.02771933749318123 -0.003307241015136242 18.500457763671875
-0.004480106756091118 0.05997012183070183 -0.9981901049613953 -94.11813354492188 -0.02816806361079216 0.9977965354919434 0.060072895139455795 3.3871147632598877 0.9995930790901184 0.02838621847331524 -0.0027809925377368927 18.48797035217285
-0.00391754787415266 0.061773478984832764 -0.9980824589729309 -95.28299713134766 -0.031114494428038597 0.9975993633270264 0.06186569854617119 3.4394307136535645 0.9995081424713135 0.031297191977500916 -0.0019860928878188133 18.469139099121094
-0.003414083970710635 0.061220526695251465 -0.9981184005737305 -96.44026184082031 -0.03337385505437851 0.9975612163543701 0.06130051612854004 3.4864437580108643 0.9994370937347412 0.033520348370075226 -0.0013625925639644265 18.4595890045166
-0.0034177349880337715 0.05675096809864044 -0.9983824491500854 -97.59264373779297 -0.03574028238654137 0.9977434873580933 0.05683700367808342 3.5411791801452637 0.9993553161621094 0.035876721143722534 -0.0013817274011671543 18.443880081176758
-0.0026404070667922497 0.055132631212472916 -0.9984756112098694 -98.75028991699219 -0.037071339786052704 0.9977872371673584 0.055192671716213226 3.5888960361480713 0.9993091225624084 0.03716055676341057 -0.0005907241138629615 18.426427841186523
-0.0028284972067922354 0.053699661046266556 -0.9985530972480774 -99.91545104980469 -0.03671758249402046 0.9978781938552856 0.0537673719227314 3.625656843185425 0.9993216395378113 0.03681653365492821 -0.000850774347782135 18.4282169342041
-0.002968742046505213 0.05410494655370712 -0.9985308051109314 -101.07661437988281 -0.03532959893345833 0.9979062080383301 0.05417614430189133 3.671102523803711 0.999371349811554 0.035438526421785355 -0.0010510203428566456 18.43206787109375
-0.0028124582022428513 0.05627002194523811 -0.9984116554260254 -102.23029327392578 -0.035697389394044876 0.9977735280990601 0.056334614753723145 3.7152388095855713 0.9993587136268616 0.03579912334680557 -0.0007975038606673479 18.416370391845703
