1.0 0.0 0.0 0.0 0.0 1.0 0.0 0.0 0.0 0.0 1.0 0.0
0.9999956488609314 0.0029547002632170916 0.0001531191956019029 -0.005943590309470892 -0.0029549100436270237 0.999994695186615 0.0013883492210879922 -0.012907466851174831 -0.00014901622489560395 -0.0013887956738471985 0.9999990463256836 0.7725210785865784
0.999984860420227 0.005461814347654581 0.00059983175015077 -0.01240488886833191 -0.00546298548579216 0.9999832510948181 0.001970448065549135 -0.03029348887503147 -0.0005890594911761582 -0.0019736953545361757 0.9999978542327881 1.539788007736206
0.9999773502349854 0.006647641304880381 0.0011526000453159213 -0.020777054131031036 -0.006649733055382967 0.9999761581420898 0.0018190683331340551 -0.04820455610752106 -0.0011404803954064846 -0.0018266919068992138 0.999997615814209 2.275787591934204
0.9999623894691467 0.008614351972937584 0.0010286893229931593 -0.02380358800292015 -0.008615893311798573 0.999961793422699 0.0015036554541438818 -0.06130097061395645 -0.0010156971402466297 -0.0015124620404094458 0.9999983310699463 3.003092050552368
0.9999593496322632 0.00883341021835804 0.0018032318912446499 -0.03475199639797211 -0.008835666812956333 0.99996018409729 0.001247313106432557 -0.07513215392827988 -0.0017921420512720942 -0.0012631951831281185 0.999997615814209 3.7207553386688232
0.999957799911499 0.00901079922914505 0.0017968252068385482 -0.029032478109002113 -0.00901438295841217 0.9999573230743408 0.001997173996642232 -0.08645917475223541 -0.0017787524266168475 -0.002013287041336298 0.9999964237213135 4.418432235717773
0.9999458193778992 0.009969128295779228 0.0029996696393936872 -0.04714730381965637 -0.009984354488551617 0.999937117099762 0.00510442303493619 -0.10339990258216858 -0.002948594046756625 -0.005134095903486013 0.999982476234436 5.0901665687561035
0.9999421238899231 0.00979682058095932 0.0044386498630046844 -0.04331488907337189 -0.00983592588454485 0.9999123215675354 0.008876167237758636 -0.10780539363622665 -0.004351301584392786 -0.008919313549995422 0.9999507665634155 5.759035587310791
0.9999431371688843 0.009030021727085114 0.0056776911951601505 -0.040544092655181885 -0.009100689552724361 0.9998798370361328 0.012546517886221409 -0.11981038004159927 -0.005563712678849697 -0.012597475200891495 0.9999051690101624 6.387021541595459
0.9999421834945679 0.008292739279568195 0.006855855230242014 -0.04228842258453369 -0.008392395451664925 0.9998575448989868 0.014637147076427937 -0.12665599584579468 -0.006733497604727745 -0.014693837612867355 0.9998694062232971 6.9926981925964355
0.9999311566352844 0.008845150470733643 0.007698865607380867 -0.027683671563863754 -0.008957191370427608 0.9998525977134705 0.01464200858026743 -0.1388891190290451 -0.007568220142275095 -0.014709960669279099 0.9998631477355957 7.578866004943848
0.9999188184738159 0.009400974027812481 0.008592324331402779 -0.02237221971154213 -0.00950417947024107 0.999882161617279 0.012050487101078033 -0.14713798463344574 -0.00847802497446537 -0.012131174094974995 0.9998904466629028 8.134078025817871
0.9999091625213623 0.009494680911302567 0.009564309380948544 -0.022427264600992203 -0.009580797515809536 0.9999135732650757 0.00899871438741684 -0.1490282118320465 -0.009478043764829636 -0.009089531376957893 0.9999136924743652 8.663933753967285
0.9999087452888489 0.007933583110570908 0.010934100486338139 -0.01030935812741518 -0.008017382584512234 0.9999386072158813 0.007641650270670652 -0.15920063853263855 -0.010872804559767246 -0.0077286153100430965 0.9999109506607056 9.161170959472656
0.9999069571495056 0.00391544820740819 0.013063516467809677 -0.009142874740064144 -0.003984590992331505 0.9999781847000122 0.005270963069051504 -0.16414497792720795 -0.013042592443525791 -0.005322527140378952 0.999900758266449 9.619325637817383
0.9998875856399536 0.0020725915674120188 0.014843945391476154 0.005222398322075605 -0.002138880779966712 0.999987781047821 0.004451235756278038 -0.17243996262550354 -0.014834539033472538 -0.004482485353946686 0.9998798370361328 10.069052696228027
0.9998430013656616 0.006411365233361721 0.016514135524630547 0.013208345510065556 -0.006452290341258049 0.9999762177467346 0.002426033141091466 -0.18300840258598328 -0.01649818755686283 -0.002532207639887929 0.9998605847358704 10.485175132751465
0.9997459650039673 0.010901360772550106 0.019723013043403625 0.013207155279815197 -0.010937543585896492 0.9999386668205261 0.0017275369027629495 -0.18990252912044525 -0.01970297284424305 -0.0019428195664659142 0.9998040199279785 10.872871398925781
0.9996764063835144 0.010993913747370243 0.022935641929507256 0.020648274570703506 -0.011064227670431137 0.9999344348907471 0.0029410577844828367 -0.20215165615081787 -0.022901806980371475 -0.0031938713509589434 0.9997326135635376 11.215666770935059
0.9996328949928284 0.00686222780495882 0.026205845177173615 0.032368045300245285 -0.0069560641422867775 0.9999697804450989 0.0034912615083158016 -0.20827129483222961 -0.026181094348430634 -0.003672269405797124 0.9996504783630371 11.530688285827637
0.9995819926261902 0.002537393942475319 0.02879929356276989 0.049851056188344955 -0.0026216707192361355 0.9999923706054688 0.0028889495879411697 -0.2062871754169464 -0.028791744261980057 -0.0029632439836859703 0.9995810389518738 11.812862396240234
0.9995170831680298 -0.0009556252043694258 0.03105955943465233 0.06619985401630402 0.0008218755247071385 0.9999903440475464 0.004318693187087774 -0.21267323195934296 -0.031063389033079147 -0.004291080404073 0.9995082020759583 12.069416046142578
0.9994359612464905 -0.0012581838527694345 0.03355642780661583 0.07562275975942612 0.0010807436192408204 0.9999853372573853 0.005305432248860598 -0.21761444211006165 -0.03356260806322098 -0.005266174208372831 0.9994227290153503 12.302783966064453
0.9993564486503601 -0.0006450866931118071 0.03586326166987419 0.07992371171712875 0.00048787955893203616 0.9999901652336121 0.00439209071919322 -0.22289273142814636 -0.035865750163793564 -0.004371768329292536 0.9993470311164856 12.504633903503418
0.9993002414703369 3.6992598325014114e-05 0.037403590977191925 0.10018929094076157 -0.00016119127394631505 0.9999943971633911 0.003317497670650482 -0.23294873535633087 -0.03740326315164566 -0.0033212052658200264 0.9992946982383728 12.703575134277344
0.9991738796234131 0.0025327447801828384 0.04055897518992424 0.09634923189878464 -0.002625502413138747 0.9999939799308777 0.002233866835013032 -0.2346424013376236 -0.040553078055381775 -0.0023385093081742525 0.9991746544837952 12.861660957336426
0.9990924596786499 0.005255676805973053 0.0422695130109787 0.09978979825973511 -0.005338702350854874 0.999984085559845 0.001851564273238182 -0.24250803887844086 -0.042259108275175095 -0.0020755482837557793 0.9991044998168945 13.028985977172852
0.9990275502204895 0.006886646617203951 0.04354802891612053 0.10588030517101288 -0.0069062975235283375 0.9999760985374451 0.0003008179774042219 -0.24929577112197876 -0.043544914573431015 -0.0006012811209075153 0.9990513324737549 13.186673164367676
0.9989467859268188 0.005815533455461264 0.04551319405436516 0.11444854736328125 -0.0057600801810622215 0.999982476234436 -0.0013494567247107625 -0.25580400228500366 -0.045520249754190445 0.0010858755558729172 0.9989627599716187 13.334877014160156
0.9988832473754883 0.004895099904388189 0.04699292406439781 0.12053246051073074 -0.004767972510308027 0.9999845623970032 -0.0028169648721814156 -0.26006826758384705 -0.047005992382764816 0.002589758485555649 0.9988912343978882 13.473012924194336
0.998817503452301 0.0039523025043308735 0.04845640808343887 0.12780022621154785 -0.0037742317654192448 0.999985933303833 -0.003765800502151251 -0.26207438111305237 -0.04847060516476631 0.0035784621722996235 0.9988181591033936 13.606764793395996
0.9987626075744629 0.004657666198909283 0.04951372370123863 0.13996091485023499 -0.0044126673601567745 0.9999775290489197 -0.005056264344602823 -0.2655792832374573 -0.04953614994883537 0.0048315199092030525 0.9987606406211853 13.744808197021484
0.9986827373504639 0.005648227874189615 0.0509989894926548 0.14424021542072296 -0.005294091999530792 0.9999610781669617 -0.007076391484588385 -0.2698163688182831 -0.05103696882724762 0.006797075271606445 0.9986736178398132 13.867834091186523
0.9986186027526855 0.005899764597415924 0.0522112175822258 0.14578452706336975 -0.0053997342474758625 0.9999382495880127 -0.00971294566988945 -0.267992228269577 -0.05226529389619827 0.009417601861059666 0.9985888600349426 13.987375259399414
0.9985970854759216 0.004936427343636751 0.05272020399570465 0.15774741768836975 -0.004321292974054813 0.9999213218688965 -0.011775528080761433 -0.27448272705078125 -0.052774183452129364 0.01153118908405304 0.9985398650169373 14.112129211425781
0.998625636100769 0.004188499879091978 0.052241962403059006 0.16458234190940857 -0.003484398825094104 0.9999019503593445 -0.01356150209903717 -0.27812379598617554 -0.05229364335536957 0.013360830955207348 0.9985423684120178 14.234809875488281
0.9987344145774841 0.003557892981916666 0.05016849935054779 0.1705261617898941 -0.0028241733089089394 0.9998881816864014 -0.014688401482999325 -0.28261300921440125 -0.05021514743566513 0.014528126455843449 0.9986327886581421 14.360584259033203
0.9988738894462585 0.003526330692693591 0.047312695533037186 0.17080654203891754 -0.0027953574899584055 0.9998758435249329 -0.015507115051150322 -0.287185937166214 -0.047361504286527634 0.015357399359345436 0.9987598061561584 14.488240242004395
0.9990613460540771 0.004261948633939028 0.04310854524374008 0.17826859652996063 -0.003535634372383356 0.9998507499694824 -0.016910741105675697 -0.286528080701828 -0.04317418113350868 0.01674245111644268 0.9989272952079773 14.611382484436035
0.9993072152137756 0.0038413277361541986 0.03701912984251976 0.1792190670967102 -0.0031718069221824408 0.9998306632041931 -0.018127581104636192 -0.28912225365638733 -0.0370824933052063 0.017997603863477707 0.9991501569747925 14.748401641845703
0.9995206594467163 0.0042256456799805164 0.030668556690216064 0.168361097574234 -0.0036589447408914566 0.9998220801353455 -0.018510863184928894 -0.2953947186470032 -0.030741317197680473 0.018389781937003136 0.9993581771850586 14.853888511657715
0.9997084736824036 0.004585672169923782 0.023703036829829216 0.1616608053445816 -0.004125317092984915 0.9998026490211487 -0.019434288144111633 -0.29450902342796326 -0.023787477985024452 0.019330840557813644 0.9995301365852356 14.978719711303711
0.999874472618103 0.003838158445432782 0.015375187620520592 0.15829551219940186 -0.003529340960085392 0.9997925758361816 -0.020062444731593132 -0.30053451657295227 -0.01544900331646204 0.020005663856863976 0.9996805191040039 15.110352516174316
0.9999799728393555 0.003166155656799674 0.005476255901157856 0.14658547937870026 -0.0030477428808808327 0.9997642636299133 -0.02149779722094536 -0.30241748690605164 -0.00554303266108036 0.021480679512023926 0.9997538328170776 15.240987777709961
0.9999672174453735 0.0014523199060931802 -0.007958633825182915 0.14344722032546997 -0.0016355108236894011 0.9997327923774719 -0.0230599083006382 -0.3059598505496979 0.00792301818728447 0.023072170093655586 0.9997023940086365 15.394719123840332
0.9997163414955139 0.0005918883834965527 -0.023807285353541374 0.11778079718351364 -0.0011897915974259377 0.9996840357780457 -0.025107968598604202 -0.3084208071231842 0.023784900084137917 0.025129171088337898 0.9994012117385864 15.543207168579102
0.9990736246109009 0.0009895452531054616 -0.04302223399281502 0.0907178744673729 -0.0021270758006721735 0.9996491074562073 -0.026402797549962997 -0.30682554841041565 0.04298100993037224 0.026469849050045013 0.998725175857544 15.728693962097168
0.9978888034820557 0.0019633376505225897 -0.0649157389998436 0.058960091322660446 -0.003646309021860361 0.9996600151062012 -0.02581716701388359 -0.3152455687522888 0.06484298408031464 0.025999365374445915 0.997556746006012 15.903846740722656
0.996064305305481 0.002051042392849922 -0.08860979229211807 0.021900424733757973 -0.004211601801216602 0.9996982216835022 -0.02420276775956154 -0.32543522119522095 0.08853340893983841 0.024480704218149185 0.9957723021507263 16.104007720947266
0.9933562874794006 0.0031339069828391075 -0.11503664404153824 -0.027932481840252876 -0.005784253124147654 0.9997252821922302 -0.022712573409080505 -0.33020979166030884 0.11493387818336487 0.02322707697749138 0.9931015372276306 16.310508728027344
0.9894466996192932 0.004551125690340996 -0.14482557773590088 -0.09960328042507172 -0.007566477172076702 0.9997656941413879 -0.020276572555303574 -0.34066715836524963 0.14469937980175018 0.021158408373594284 0.9892494082450867 16.540475845336914
0.9840181469917297 0.004654496908187866 -0.17800699174404144 -0.17325058579444885 -0.007821165956556797 0.9998233318328857 -0.017091995105147362 -0.34061458706855774 0.17789600789546967 0.018211055546998978 0.9838807582855225 16.794187545776367
0.9766295552253723 0.005684339441359043 -0.2148541957139969 -0.2570868730545044 -0.008688909001648426 0.9998771548271179 -0.013042353093624115 -0.349608451128006 0.2147536724805832 0.014604393392801285 0.976559042930603 17.028841018676758
0.966978132724762 0.006845463532954454 -0.2547672688961029 -0.3597586154937744 -0.009138278663158417 0.9999275803565979 -0.00781712494790554 -0.35238566994667053 0.2546953558921814 0.009887117892503738 0.9669707417488098 17.29051971435547
0.9551424980163574 0.010927369818091393 -0.29594501852989197 -0.48697006702423096 -0.012297752313315868 0.9999205470085144 -0.00276944856159389 -0.3573639988899231 0.2958911955356598 0.006284675560891628 0.9552010893821716 17.566234588623047
0.940977156162262 0.014451124705374241 -0.3381616771221161 -0.6262937784194946 -0.014804312959313393 0.9998892545700073 0.0015347831649705768 -0.36005550622940063 0.3381464183330536 0.0035620550625026226 0.9410867691040039 17.84016227722168
0.9242171049118042 0.016864849254488945 -0.38149502873420715 -0.7735103964805603 -0.015171200968325138 0.9998571276664734 0.007446908857673407 -0.3658336400985718 0.3815661668777466 -0.0010948224226012826 0.9243409633636475 18.1138916015625
0.9048373103141785 0.020159482955932617 -0.42528006434440613 -0.9383715391159058 -0.015226038172841072 0.9997716546058655 0.014996686019003391 -0.36882707476615906 0.425485223531723 -0.007094228640198708 0.9049375653266907 18.39616584777832
0.8831789493560791 0.024460628628730774 -0.4683980345726013 -1.1132056713104248 -0.016376210376620293 0.9996384382247925 0.021325161680579185 -0.36694496870040894 0.4687502980232239 -0.011163352057337761 0.8832601308822632 18.64980697631836
0.8584345579147339 0.029725661501288414 -0.5120610594749451 -1.3319594860076904 -0.019111353904008865 0.9994797110557556 0.025981958955526352 -0.3672807216644287 0.5125669836997986 -0.012517633847892284 0.8585560321807861 18.93577766418457
0.8303282260894775 0.03411955013871193 -0.5562291145324707 -1.5442959070205688 -0.02085557021200657 0.9993272423744202 0.030166756361722946 -0.3763638138771057 0.5568843483924866 -0.013447832316160202 0.830481231212616 19.193294525146484
0.7993131279945374 0.03729495406150818 -0.5997561812400818 -1.8040614128112793 -0.02293466590344906 0.9992383718490601 0.0315704420208931 -0.3652034401893616 0.6004768013954163 -0.011479460634291172 0.7995597720146179 19.470170974731445
0.7654311656951904 0.040408529341220856 -0.64224773645401 -2.0678398609161377 -0.023497728630900383 0.9991159439086914 0.034857127815485 -0.3631177842617035 0.6430886387825012 -0.01158936694264412 0.7657040953636169 19.732343673706055
0.7284114360809326 0.044578347355127335 -0.6836881637573242 -2.379946231842041 -0.024722907692193985 0.9989414215087891 0.03879356011748314 -0.3480081558227539 0.6846936941146851 -0.011354910209774971 0.7287424206733704 20.012577056884766
0.689048171043396 0.04472271353006363 -0.7233343124389648 -2.706129789352417 -0.021559588611125946 0.998917281627655 0.041223954409360886 -0.3270456790924072 0.7243948578834534 -0.012810497544705868 0.6892663240432739 20.280902862548828
0.6480871438980103 0.04478542134165764 -0.7602483034133911 -3.0774824619293213 -0.019271137192845345 0.9989141821861267 0.04241696000099182 -0.3099147081375122 0.7613224387168884 -0.012839032337069511 0.6482464075088501 20.56570816040039
0.607024073600769 0.04370895028114319 -0.7934805154800415 -3.4467594623565674 -0.01375294104218483 0.9989144802093506 0.044504109770059586 -0.30237847566604614 0.794564425945282 -0.016102373600006104 0.6069662570953369 20.77826690673828
0.5617623329162598 0.04316455498337746 -0.8261718153953552 -3.8486149311065674 -0.00879517663270235 0.9988930821418762 0.046208277344703674 -0.28025922179222107 0.8272519111633301 -0.01869174651801586 0.5615201592445374 21.026012420654297
0.5153867602348328 0.044938135892152786 -0.8557785749435425 -4.28458833694458 -0.006797899957746267 0.9988071322441101 0.048354774713516235 -0.2625272870063782 0.8569306135177612 -0.019103914499282837 0.5150774717330933 21.239538192749023
0.46564945578575134 0.04479162395000458 -0.8838350176811218 -4.738239288330078 -0.0064653209410607815 0.9988637566566467 0.04721488058567047 -0.23995231091976166 0.8849456310272217 -0.016271302476525307 0.4654099643230438 21.43193817138672
0.4135340750217438 0.04404991492629051 -0.9094224572181702 -5.198253631591797 -0.0006555356667377055 0.9988431334495544 0.0480831153690815 -0.22794055938720703 0.9104883670806885 -0.019287846982479095 0.4130845367908478 21.609172821044922
0.3597962260246277 0.0432012602686882 -0.9320301413536072 -5.7015180587768555 0.004157900810241699 0.9988433122634888 0.047903258353471756 -0.20692726969718933 0.933021605014801 -0.02111070230603218 0.35920044779777527 21.77835464477539
0.30513763427734375 0.041996534913778305 -0.9513817429542542 -6.227627277374268 0.0070829736068844795 0.9988993406295776 0.04636581614613533 -0.18040606379508972 0.9522818922996521 -0.02088656648993492 0.3045043349266052 21.920425415039062
0.25233960151672363 0.04794275015592575 -0.9664503335952759 -6.798508644104004 0.008148080669343472 0.9986311197280884 0.05166660621762276 -0.15103957056999207 0.967604398727417 -0.020912248641252518 0.2516035735607147 22.026710510253906
0.2014501839876175 0.0531548336148262 -0.978055477142334 -7.387296676635742 0.010938483290374279 0.9983420968055725 0.05651036277413368 -0.12697173655033112 0.9794376492500305 -0.02208246849477291 0.20053476095199585 22.11223030090332
0.1532006561756134 0.053999945521354675 -0.9867185950279236 -7.983979225158691 0.016546225175261497 0.9982256293296814 0.05719871073961258 -0.09600187838077545 0.9880565404891968 -0.02508934587240219 0.15203532576560974 22.191858291625977
0.10885455459356308 0.05547160655260086 -0.9925087690353394 -8.602444648742676 0.019402090460062027 0.9981330633163452 0.057913899421691895 -0.07422802597284317 0.9938682913780212 -0.02556093968451023 0.10757505893707275 22.23566246032715
0.06885572522878647 0.05381922796368599 -0.9961738586425781 -9.23601245880127 0.018874000757932663 0.9982947707176208 0.05523839220404625 -0.04475577548146248 0.9974479675292969 -0.02260526455938816 0.06772252917289734 22.243013381958008
0.03302152454853058 0.04940446466207504 -0.9982328414916992 -9.87416934967041 0.01700299233198166 0.9986051917076111 0.04998534545302391 -0.011008275672793388 0.9993100166320801 -0.018623538315296173 0.03213544189929962 22.244569778442383
0.004549001343548298 0.04937636852264404 -0.9987698793411255 -10.551427841186523 0.014895757660269737 0.9986661076545715 0.049439072608947754 0.02561965584754944 0.9998787045478821 -0.015102336183190346 0.0038074369076639414 22.22244644165039
-0.01666419580578804 0.05344812944531441 -0.9984316825866699 -11.249042510986328 0.013488663360476494 0.9984913468360901 0.053226206451654434 0.05719504505395889 0.9997701644897461 -0.012580535374581814 -0.01735999993979931 22.197580337524414
-0.029572470113635063 0.059518564492464066 -0.9977890849113464 -11.974922180175781 0.015182710252702236 0.9981371760368347 0.05908934772014618 0.09131233394145966 0.9994473457336426 -0.013401724398136139 -0.03042103350162506 22.16511344909668
-0.037668414413928986 0.062216635793447495 -0.9973515272140503 -12.715595245361328 0.014839932322502136 0.9979847073554993 0.0616956427693367 0.12362886220216751 0.9991800785064697 -0.01247665099799633 -0.03851579502224922 22.133100509643555
-0.0411187969148159 0.0594184547662735 -0.9973859190940857 -13.47411060333252 0.01578693836927414 0.9981442093849182 0.058812785893678665 0.15871354937553406 0.9990295171737671 -0.013327357359230518 -0.041980523616075516 22.09210777282715
-0.040543194860219955 0.05556706711649895 -0.9976315498352051 -14.2545747756958 0.02339291200041771 0.9982315897941589 0.05464981496334076 0.19576749205589294 0.9989038705825806 -0.021121827885508537 -0.04177136719226837 22.066614151000977
-0.03626035153865814 0.05381781980395317 -0.9978921413421631 -15.065811157226562 0.03505655750632286 0.9980027675628662 0.05254993960261345 0.24255578219890594 0.9987273216247559 -0.0330771878361702 -0.03807460144162178 22.049766540527344
-0.030429719015955925 0.05416545644402504 -0.9980681538581848 -15.889936447143555 0.03573265299201012 0.9979512691497803 0.053069669753313065 0.27823200821876526 0.9988980293273926 -0.03404872864484787 -0.0323028564453125 22.025089263916016
-0.025460872799158096 0.05277362838387489 -0.9982818961143494 -16.743728637695312 0.03369627520442009 0.9980835914611816 0.05190370976924896 0.31081968545913696 0.9991077780723572 -0.03231687843799591 -0.027190349996089935 21.999073028564453
-0.022562770172953606 0.046101007610559464 -0.9986820220947266 -17.614845275878906 0.03733471781015396 0.9982783198356628 0.04523888975381851 0.35303956270217896 0.999048113822937 -0.03626479580998421 -0.024245092645287514 21.99228286743164
-0.02030857838690281 0.03537357598543167 -0.9991677403450012 -18.495563507080078 0.03506423905491829 0.9987842440605164 0.03464730456471443 0.38837963342666626 0.9991787075996399 -0.034331418573856354 -0.02152423746883869 21.96938705444336
-0.019821135327219963 0.027046041563153267 -0.9994376301765442 -19.401268005371094 0.02745554782450199 0.9992717504501343 0.026497045531868935 0.41517922282218933 0.999426543712616 -0.02691490575671196 -0.020549261942505836 21.935466766357422
-0.020815454423427582 0.02429685927927494 -0.999488115310669 -20.309606552124023 0.021990783512592316 0.9994739890098572 0.02383853867650032 0.4376715421676636 0.9995415210723877 -0.021483317017555237 -0.0213388092815876 21.898452758789062
-0.02462512068450451 0.03046782873570919 -0.999232292175293 -21.263202667236328 0.012508216314017773 0.999466598033905 0.03016672097146511 0.4575914144515991 0.9996185302734375 -0.011755754239857197 -0.024993084371089935 21.862815856933594
-0.029708515852689743 0.03871993348002434 -0.9988083243370056 -22.226253509521484 0.00804790947586298 0.9992262721061707 0.03849676251411438 0.4818316400051117 0.9995262622833252 -0.006894637364894152 -0.029997143894433975 21.817537307739258
-0.03409066051244736 0.048131611198186874 -0.9982590079307556 -23.192245483398438 0.006652372423559427 0.9988284707069397 0.04793188348412514 0.5174850225448608 0.9993966817855835 -0.005006760824471712 -0.03437091410160065 21.770130157470703
-0.03588424623012543 0.058137934654951096 -0.9976634383201599 -24.238252639770508 0.0050081489607691765 0.9983043074607849 0.05799512937664986 0.5605831146240234 0.9993433952331543 -0.002915335586294532 -0.036114562302827835 21.733173370361328
-0.03678477928042412 0.06591270118951797 -0.9971471428871155 -25.25721549987793 0.007024772465229034 0.9978148341178894 0.06569769233465195 0.6074478626251221 0.9992985129356384 -0.004588056821376085 -0.03716741502285004 21.692420959472656
-0.03846019506454468 0.06654902547597885 -0.997041642665863 -26.284374237060547 0.007805445231497288 0.9977694153785706 0.06629650294780731 0.6649419069290161 0.9992296695709229 -0.005232577212154865 -0.03889385238289833 21.6512508392334
-0.03997068852186203 0.06394772231578827 -0.9971523880958557 -27.283693313598633 0.006852411199361086 0.9979440569877625 0.06372379511594772 0.7127225995063782 0.9991772770881653 -0.004285815171897411 -0.04032670706510544 21.60489845275879
-0.04284145310521126 0.059103529900312424 -0.9973320960998535 -28.30311393737793 0.006610062438994646 0.998243510723114 0.05887359753251076 0.7614519000053406 0.9990599751472473 -0.004070197232067585 -0.043156884610652924 21.556364059448242
-0.04728836193680763 0.05391877889633179 -0.9974249601364136 -29.33051872253418 0.00671292282640934 0.9985365867614746 0.05366061255335808 0.8063560128211975 0.9988587498664856 -0.0041581145487725735 -0.04758111387491226 21.499332427978516
-0.0529097244143486 0.04933762550354004 -0.997379720211029 -30.352720260620117 0.0068754395470023155 0.9987730383872986 0.04904181510210037 0.8493480682373047 0.9985756278038025 -0.004262635949999094 -0.05318401753902435 21.439739227294922
-0.059472303837537766 0.04750759154558182 -0.9970988631248474 -31.37555503845215 0.006019424647092819 0.9988657236099243 0.04723275452852249 0.8900779485702515 0.9982118606567383 -0.003192920470610261 -0.059690818190574646 21.361572265625
-0.06639911979436874 0.04972781240940094 -0.9965531229972839 -32.42723083496094 0.006245939061045647 0.9987584352493286 0.04942169412970543 0.9343963861465454 0.9977735877037048 -0.002942852210253477 -0.06662727147340775 21.29163932800293
-0.07269887626171112 0.05457453057169914 -0.995859682559967 -33.49575424194336 0.004735682159662247 0.9985094666481018 0.054374027997255325 0.9769941568374634 0.9973427057266235 -0.000763143936637789 -0.07284895330667496 21.205371856689453
-0.07908394187688828 0.057535264641046524 -0.9952061772346497 -34.553443908691406 0.0015507828211411834 0.9983389973640442 0.05759314075112343 1.0175455808639526 0.996866762638092 0.0030113437678664923 -0.07904180139303207 21.114015579223633
-0.08364006876945496 0.05986591428518295 -0.9946961402893066 -35.6187744140625 -0.0009068077197298408 0.9981887340545654 0.06015236675739288 1.0656328201293945 0.9964955449104309 0.005933147389441729 -0.08343430608510971 21.013168334960938
-0.08636238425970078 0.06104880943894386 -0.9943915605545044 -36.69413375854492 -0.005679844878613949 0.9980742931365967 0.061768196523189545 1.118774175643921 0.9962475299835205 0.010982437990605831 -0.0858493447303772 20.908157348632812
-0.08786619454622269 0.06249231845140457 -0.9941701292991638 -37.76640319824219 -0.009941117838025093 0.9979254603385925 0.06360698491334915 1.1695833206176758 0.9960826635360718 0.015472065657377243 -0.08706267923116684 20.802217483520508
-0.08908449858427048 0.061873920261859894 -0.9941003918647766 -38.841678619384766 -0.010840649716556072 0.9979493021965027 0.06308495998382568 1.2226777076721191 0.9959650635719299 0.01639658585190773 -0.08823105692863464 20.689434051513672
-0.09039626270532608 0.06106747314333916 -0.9940319061279297 -39.923770904541016 -0.011172018945217133 0.9979933500289917 0.0623268187046051 1.2756578922271729 0.995843231678009 0.016739455983042717 -0.08953261375427246 20.580554962158203
-0.09153089672327042 0.060173727571964264 -0.9939824938774109 -41.00834274291992 -0.012388801202178001 0.9980264902114868 0.061559371650218964 1.3333183526992798 0.9957250952720642 0.017948832362890244 -0.09060478955507278 20.48027229309082
-0.09230770915746689 0.059357669204473495 -0.9939597845077515 -42.09725570678711 -0.014634178951382637 0.9980329275131226 0.06095997244119644 1.3852729797363281 0.9956229329109192 0.020172858610749245 -0.0912574827671051 20.366790771484375
-0.09296875447034836 0.056951843202114105 -0.9940388798713684 -43.16666030883789 -0.019580544903874397 0.9980651140213013 0.05901382118463516 1.431165337562561 0.9954764246940613 0.024950264021754265 -0.09167373180389404 20.254552841186523
-0.09354900568723679 0.05186431109905243 -0.9942628145217896 -44.262264251708984 -0.024111242964863777 0.9982312917709351 0.05433991923928261 1.4818346500396729 0.9953227043151855 0.029056357219815254 -0.09213303029537201 20.14883041381836
-0.09252135455608368 0.051225144416093826 -0.9943921566009521 -45.3662223815918 -0.026116125285625458 0.9982073307037354 0.05385160818696022 1.5335553884506226 0.9953681230545044 0.03095209039747715 -0.0910177007317543 20.03354835510254
-0.09119561314582825 0.055449582636356354 -0.9942880272865295 -46.483463287353516 -0.026320140808820724 0.9979655742645264 0.05806874856352806 1.5779818296432495 0.9954851269721985 0.03146541491150856 -0.08955063670873642 19.934362411499023
-0.08932805806398392 0.05866236984729767 -0.9942732453346252 -47.592628479003906 -0.026442227885127068 0.9977725148200989 0.06124446168541908 1.625880241394043 0.9956511855125427 0.03176164627075195 -0.08757791668176651 19.828336715698242
-0.08768146485090256 0.05831940844655037 -0.994439959526062 -48.70106506347656 -0.024647172540426254 0.997852087020874 0.06069271266460419 1.6797469854354858 0.9958435893058777 0.02983175776898861 -0.08605572581291199 19.727893829345703
-0.0853855162858963 0.05748371779918671 -0.9946883916854858 -49.805171966552734 -0.024248162284493446 0.9979187250137329 0.059751901775598526 1.7311476469039917 0.9960529208183289 0.02922130934894085 -0.08381392806768417 19.632797241210938
-0.08114641159772873 0.0577581524848938 -0.9950272440910339 -50.95330810546875 -0.02880808152258396 0.9977665543556213 0.06026650592684746 1.791845440864563 0.9962857365608215 0.03355523943901062 -0.07930127531290054 19.52496337890625
-0.07527174800634384 0.05857584625482559 -0.9954411387443542 -52.072635650634766 -0.03394942730665207 0.9975438714027405 0.06126672402024269 1.8445768356323242 0.9965850114822388 0.03840630501508713 -0.07309824228286743 19.42285919189453
-0.06903725117444992 0.05789302662014961 -0.9959328174591064 -53.19524002075195 -0.03803737089037895 0.9974360466003418 0.06061713024973869 1.9015321731567383 0.9968886375427246 0.0420675128698349 -0.0666581392288208 19.324316024780273
-0.0635557547211647 0.05723218992352486 -0.9963358640670776 -54.34959030151367 -0.03932962194085121 0.9974351525306702 0.05980414152145386 1.9588377475738525 0.9972029328346252 0.04298640415072441 -0.06114181876182556 19.251733779907227
-0.057961270213127136 0.05630369856953621 -0.996729850769043 -55.48653030395508 -0.038860421627759933 0.9975244402885437 0.05860837921500206 2.015923261642456 0.9975621104240417 0.042130354791879654 -0.05562979727983475 19.185855865478516
-0.05238319933414459 0.055884797126054764 -0.9970621466636658 -56.62849044799805 -0.03760175406932831 0.9976144433021545 0.05789125710725784 2.067847967147827 0.9979189038276672 0.04052381217479706 -0.05015687271952629 19.11397361755371
-0.04701365903019905 0.056687794625759125 -0.997284471988678 -57.7682991027832 -0.03617788106203079 0.9976367354393005 0.0584133043885231 2.1174662113189697 0.9982388615608215 0.0388258621096611 -0.04485170543193817 19.059133529663086
-0.04100145027041435 0.05815969035029411 -0.9974649548530579 -58.92910385131836 -0.03570007532835007 0.9975817203521729 0.05963398143649101 2.1714441776275635 0.998521089553833 0.038054656237363815 -0.03882599249482155 19.00416374206543
-0.0355244018137455 0.059544265270233154 -0.9975934028625488 -60.08372116088867 -0.036090292036533356 0.9974958896636963 0.06082362309098244 2.224182367324829 0.9987169504165649 0.038164153695106506 -0.03328647464513779 18.961870193481445
-0.030697770416736603 0.05867348983883858 -0.997805118560791 -61.25308609008789 -0.03584391251206398 0.9975689053535461 0.05976235121488571 2.2775216102600098 0.9988858103752136 0.03759980946779251 -0.028520051389932632 18.93094825744629
-0.025880461558699608 0.05429007112979889 -0.9981898665428162 -62.40266036987305 -0.035799890756607056 0.9978333115577698 0.05519889295101166 2.321659564971924 0.9990237951278687 0.037163663655519485 -0.023880809545516968 18.895263671875
-0.021605852991342545 0.04875793680548668 -0.9985769391059875 -63.55485534667969 -0.03565334156155586 0.9981370568275452 0.04950789362192154 2.3690476417541504 0.9991306066513062 0.03667226433753967 -0.01982722245156765 18.871253967285156
-0.017546692863106728 0.04876134917140007 -0.9986563324928284 -64.72648620605469 -0.03553047403693199 0.9981488585472107 0.04936084896326065 2.4057974815368652 0.9992145299911499 0.0363488532602787 -0.015781696885824203 18.8372745513916
-0.014029568061232567 0.05117059499025345 -0.998591423034668 -65.89913940429688 -0.03530077263712883 0.9980418086051941 0.05163837969303131 2.4486896991729736 0.9992782473564148 0.03597551956772804 -0.012195735238492489 18.813434600830078
-0.011794486083090305 0.05078405886888504 -0.9986400008201599 -67.06670379638672 -0.03553898632526398 0.9980572462081909 0.05117415264248848 2.495225429534912 0.999298632144928 0.03609422966837883 -0.009966759942471981 18.790969848632812
-0.010885792784392834 0.05073868855834007 -0.9986526370048523 -68.24292755126953 -0.03675141558051109 0.9980166554450989 0.05110699310898781 2.5354764461517334 0.9992650747299194 0.03725823760032654 -0.008999483659863472 18.77423858642578
-0.01014326699078083 0.05157723277807236 -0.9986175298690796 -69.41991424560547 -0.03761015832424164 0.9979425072669983 0.05192439630627632 2.5793344974517822 0.9992409944534302 0.03808484226465225 -0.008182570338249207 18.75743865966797
-0.008806945756077766 0.05147155001759529 -0.9986357092857361 -70.58354187011719 -0.038427576422691345 0.9979192018508911 0.05177352577447891 2.6167049407958984 0.9992225170135498 0.038831114768981934 -0.0068106926046311855 18.733871459960938
-0.008195887319743633 0.04962010309100151 -0.9987345337867737 -71.78097534179688 -0.03855186700820923 0.9980098009109497 0.04990047216415405 2.6567203998565674 0.9992229342460632 0.03891206532716751 -0.006266629323363304 18.73036766052246
-0.007700329180806875 0.048320919275283813 -0.9988021850585938 -72.9612045288086 -0.037093330174684525 0.9981305599212646 0.048574402928352356 2.7012109756469727 0.9992821216583252 0.03742293640971184 -0.005893549416214228 18.720489501953125
-0.006614988204091787 0.04849064722657204 -0.9988017082214355 -74.14472961425781 -0.033608175814151764 0.9982485771179199 0.048686377704143524 2.7372820377349854 0.9994131922721863 0.03388996794819832 -0.004973719362169504 18.698904037475586
-0.007120213471353054 0.04878658801317215 -0.9987837672233582 -75.3470687866211 -0.031123925000429153 0.998314380645752 0.048985544592142105 2.7821030616760254 0.9994902014732361 0.031434863805770874 -0.005589781329035759 18.70006561279297
-0.007179454434663057 0.051738325506448746 -0.9986348748207092 -76.53358459472656 -0.030582072213292122 0.9981820583343506 0.05193473398685455 2.822331190109253 0.9995065331459045 0.03091318905353546 -0.0055841379798948765 18.688932418823242
-0.007116127293556929 0.054834045469760895 -0.9984700679779053 -77.71199798583984 -0.0327506884932518 0.9979470372200012 0.05503873527050018 2.868955612182617 0.9994382262229919 0.03309224918484688 -0.0053056650795042515 18.67935562133789
-0.006260947324335575 0.055246707051992416 -0.9984530806541443 -78.89606475830078 -0.03514017164707184 0.997843861579895 0.05543334409594536 2.908491611480713 0.9993627071380615 0.03543286770582199 -0.004306068178266287 18.65904426574707
-0.005858320277184248 0.05273694545030594 -0.9985911846160889 -80.07215118408203 -0.03669720143079758 0.9979244470596313 0.052917011082172394 2.9576616287231445 0.999309241771698 0.03695550560951233 -0.003910861909389496 18.64481544494629
-0.005060279276221991 0.050638094544410706 -0.9987043142318726 -81.24828338623047 -0.03645442798733711 0.9980438947677612 0.05078932270407677 2.9966602325439453 0.9993224740028381 0.0366641990840435 -0.0032043983228504658 18.619068145751953
-0.005915532819926739 0.05051026493310928 -0.998706042766571 -82.43932342529297 -0.03376911208033562 0.9981437921524048 0.05068185180425644 3.031005382537842 0.9994121789932251 0.034025225788354874 -0.004198865499347448 18.623554229736328
-0.005622520577162504 0.05169650912284851 -0.9986470341682434 -83.61356353759766 -0.03263133019208908 0.9981215596199036 0.05185302346944809 3.076786756515503 0.9994516968727112 0.03287872299551964 -0.003925032913684845 18.613821029663086
-0.004750456660985947 0.054288238286972046 -0.9985139966011047 -84.79417419433594 -0.03155040740966797 0.9980199933052063 0.054411474615335464 3.123352527618408 0.9994908571243286 0.03176199644804001 -0.003028235398232937 18.595523834228516
-0.005031506530940533 0.05709373205900192 -0.9983561635017395 -85.96099853515625 -0.03231040760874748 0.9978381991386414 0.05722694471478462 3.15720534324646 0.9994652271270752 0.03254523128271103 -0.0031759082339704037 18.593299865722656
-0.004694088362157345 0.05740172788500786 -0.9983401298522949 -87.1248779296875 -0.0337100587785244 0.997774600982666 0.05752771720290184 3.2027037143707275 0.9994206428527832 0.03392413631081581 -0.0027486272156238556 18.57904815673828
-0.004583853762596846 0.05511725693941116 -0.998469352722168 -88.29583740234375 -0.033402085304260254 0.99791419506073 0.0552399568259716 3.2487077713012695 0.9994314908981323 0.03360417112708092 -0.0027332620229572058 18.56724739074707
-0.004402313847094774 0.05373240262269974 -0.9985455870628357 -89.4703140258789 -0.031998321413993835 0.9980364441871643 0.053846076130867004 3.2943172454833984 0.9994782209396362 0.03218882530927658 -0.0026743230409920216 18.564727783203125
-0.004320551175624132 0.05483212321996689 -0.9984862208366394 -90.63212585449219 -0.030406422913074493 0.9980266690254211 0.054938457906246185 3.3368709087371826 0.9995282888412476 0.030597757548093796 -0.002644776599481702 18.55561637878418
-0.0036993909161537886 0.05746756121516228 -0.9983404874801636 -91.80404663085938 -0.02838549204170704 0.9979390501976013 0.05754963308572769 3.388836145401001 0.9995902180671692 0.028551284223794937 -0.002060520928353071 18.539918899536133
-0.0038844551891088486 0.06016496196389198 -0.9981808662414551 -92.96134185791016 -0.026748066768050194 0.997825026512146 0.06024760380387306 3.431558132171631 0.9996346235275269 0.026933440938591957 -0.002266709227114916 18.543407440185547
-0.0035549523308873177 0.06205621361732483 -0.9980663061141968 -94.13015747070312 -0.027414565905928612 0.9976915121078491 0.06213055178523064 3.480607748031616 0.9996178150177002 0.027582429349422455 -0.001845500897616148 18.533401489257812
-0.0030725491233170033 0.06407369673252106 -0.9979404211044312 -95.29293823242188 -0.030278874561190605 0.9974817037582397 0.06413746625185013 3.532687187194824 0.9995368719100952 0.03041357919573784 -0.0011247317306697369 18.517057418823242
-0.0025186860002577305 0.06349079310894012 -0.9979792237281799 -96.44984436035156 -0.03223838284611702 0.9974585175514221 0.06353902816772461 3.5796573162078857 0.9994770288467407 0.03233327344059944 -0.0004654442018363625 18.50676918029785
-0.0025403203908354044 0.05898598954081535 -0.9982556104660034 -97.60279083251953 -0.03455711901187897 0.9976574778556824 0.05903858318924904 3.637789726257324 0.9993994832038879 0.03464682027697563 -0.0004959836951456964 18.49361228942871
-0.0020110902842134237 0.05741952732205391 -0.99834805727005 -98.76094055175781 -0.03602752089500427 0.9976978302001953 0.05745470151305199 3.6870546340942383 0.9993487596511841 0.03608354926109314 6.222294905455783e-05 18.478933334350586
-0.0019279556581750512 0.05570078641176224 -0.9984456300735474 -99.92514038085938 -0.0358595997095108 0.9978014826774597 0.055734097957611084 3.7325878143310547 0.9993549585342407 0.03591131418943405 7.369109516730532e-05 18.477937698364258
-0.0017034766497090459 0.05617370456457138 -0.9984195828437805 -101.09581756591797 -0.03467211872339249 0.99781733751297 0.056198980659246445 3.780475616455078 0.9993972778320312 0.034713052213191986 0.0002479025279171765 18.47650909423828
-0.0018457352416589856 0.05823765695095062 -0.9983009696006775 -102.23584747314453 -0.03477978706359863 0.9976949691772461 0.05826661363244057 3.8270962238311768 0.9993932247161865 0.034828245639801025 0.000184012737008743 18.46750831604004
