1.0 0.0 0.0 0.0 0.0 1.0 0.0 0.0 0.0 0.0 1.0 0.0
0.999933660030365 -0.0025161108933389187 0.011239498853683472 0.015811186283826828 0.002504711737856269 0.9999963641166687 0.0010281786089763045 -0.004090018570423126 -0.011242044158279896 -0.0009999587200582027 0.9999362826347351 0.2953292429447174
0.9998288154602051 -0.004524722695350647 0.0179399773478508 0.02600194700062275 0.00450420007109642 0.9999891519546509 0.0011842002859339118 -0.008792271837592125 -0.017945140600204468 -0.0011031923349946737 0.9998383522033691 0.582315981388092
0.9997750520706177 -0.007500221952795982 0.019837714731693268 0.037708356976509094 0.007501589599996805 0.999971866607666 5.467295977723552e-06 -0.012933360412716866 -0.01983719691634178 0.0001433483266737312 0.9998031854629517 0.8884351253509521
0.9998156428337097 -0.008695254102349281 0.017119308933615685 0.05045776069164276 0.008727247826755047 0.9999603033065796 -0.0017950613982975483 -0.009648914448916912 -0.01710302196443081 0.0019441349431872368 0.9998518228530884 1.201992154121399
0.9998834133148193 -0.011472145095467567 0.010078465566039085 0.05618244782090187 0.011506941169500351 0.9999279975891113 -0.0034013930708169937 -0.010528597049415112 -0.010038718581199646 0.0035169688053429127 0.9999434351921082 1.5195598602294922
0.9999122619628906 -0.013104446232318878 -0.0019009506795555353 0.05486888065934181 0.013093740679323673 0.9998989105224609 -0.005538103170692921 -0.009735040366649628 0.0019733316730707884 0.00551272789016366 0.9999828338623047 1.8577117919921875
0.9997509717941284 -0.012363666668534279 -0.018573042005300522 0.036713145673274994 0.012256216257810593 0.9999074935913086 -0.005887998733669519 -0.013612903654575348 0.018644124269485474 0.0056588961742818356 0.9998101592063904 2.193281650543213
0.9992309808731079 -0.007814071141183376 -0.03842119872570038 0.00916619598865509 0.007605959195643663 0.9999555945396423 -0.005559713579714298 -0.023122504353523254 0.038462936878204346 0.005263208877295256 0.9992461800575256 2.5329527854919434
0.9983052015304565 -0.0043742600828409195 -0.05802991986274719 -0.03638346493244171 0.0039611379615962505 0.9999659657478333 -0.007232250180095434 -0.021464096382260323 0.058059580624103546 0.0069901286624372005 0.998288631439209 2.886481523513794
0.9969130754470825 -0.004204948898404837 -0.07840238511562347 -0.06977535784244537 0.0036233195569366217 0.9999648928642273 -0.0075592948123812675 -0.028783321380615234 0.07843143492937088 0.007251881528645754 0.996893048286438 3.254028558731079
0.9950131177902222 -0.005744474940001965 -0.09957839548587799 -0.11882904171943665 0.005059084389358759 0.999961793422699 -0.00713407201692462 -0.029221180826425552 0.09961556643247604 0.006594720296561718 0.9950041174888611 3.630584955215454
0.9927847385406494 -0.0072304485365748405 -0.11969232559204102 -0.17314976453781128 0.006525886710733175 0.9999590516090393 -0.006277366541326046 -0.03582121059298515 0.1197328045964241 0.00545097328722477 0.9927911758422852 4.022468090057373
0.9905169606208801 -0.006278869695961475 -0.1372470259666443 -0.24480822682380676 0.005564977414906025 0.9999688863754272 -0.005584606435149908 -0.04195977374911308 0.13727785646915436 0.004767869133502245 0.9905211329460144 4.418028354644775
0.9881848692893982 -0.005060023628175259 -0.1531832367181778 -0.31916409730911255 0.004341721534729004 0.9999780058860779 -0.005023319274187088 -0.04747767001390457 0.15320530533790588 0.004298888612538576 0.9881851077079773 4.827391624450684
0.985948920249939 -0.004510772414505482 -0.16698628664016724 -0.4014474153518677 0.003698145505040884 0.9999798536300659 -0.005177066661417484 -0.056013476103544235 0.167006254196167 0.0044867838732898235 0.9859456419944763 5.247547149658203
0.9838128089904785 -0.006069827359169722 -0.17909637093544006 -0.4934549331665039 0.005039139650762081 0.9999681115150452 -0.006209301296621561 -0.06085214763879776 0.17912828922271729 0.00520629808306694 0.9838119745254517 5.679208755493164
0.9820721745491028 -0.009974510408937931 -0.18824109435081482 -0.5806823968887329 0.008583434857428074 0.9999294281005859 -0.008203600533306599 -0.07123120129108429 0.1883096843957901 0.006440774071961641 0.982088565826416 6.118861198425293
0.9804618954658508 -0.008948844857513905 -0.19650550186634064 -0.6755887269973755 0.007067818194627762 0.9999222755432129 -0.010271579027175903 -0.0768866166472435 0.1965821534395218 0.008682026527822018 0.980448842048645 6.584091663360596
0.978906512260437 -0.00871747825294733 -0.20412255823612213 -0.7803172469139099 0.006397964898496866 0.9999072551727295 -0.012020518071949482 -0.08305379003286362 0.20420843362808228 0.010460996069014072 0.9788715243339539 7.052245616912842
0.9772446155548096 -0.009826005436480045 -0.21188777685165405 -0.8923918604850769 0.006870655808597803 0.999868631362915 -0.014679474756121635 -0.09343628585338593 0.21200419962406158 0.012889630161225796 0.9771837592124939 7.5329155921936035
0.975559413433075 -0.013050154782831669 -0.2193484753370285 -1.0116705894470215 0.009700270369648933 0.9998193979263306 -0.016342071816325188 -0.10349223017692566 0.2195221483707428 0.01381492055952549 0.9755097031593323 8.0220947265625
0.9735856652259827 -0.01948624849319458 -0.22748924791812897 -1.1213234663009644 0.015867741778492928 0.9997170567512512 -0.01772448420524597 -0.11425397545099258 0.22777022421360016 0.013646561652421951 0.973619282245636 8.53625774383545
0.9714759588241577 -0.02008824795484543 -0.23628577589988708 -1.2487930059432983 0.01579313538968563 0.9996740818023682 -0.020056433975696564 -0.13133007287979126 0.23661166429519653 0.015752648934721947 0.9714765548706055 9.052404403686523
0.9694485068321228 -0.016276005655527115 -0.24475401639938354 -1.4032258987426758 0.01050746813416481 0.9996358156204224 -0.024856090545654297 -0.13676849007606506 0.24506942927837372 0.021524956449866295 0.9692665338516235 9.588766098022461
0.9672744274139404 -0.013134157285094261 -0.25339236855506897 -1.5609462261199951 0.006301212124526501 0.9995948076248169 -0.027758672833442688 -0.15547935664653778 0.2536543011665344 0.025253577157855034 0.9669652581214905 10.128582000732422
0.964958131313324 -0.015762820839881897 -0.26192957162857056 -1.7147926092147827 0.008295836858451366 0.9995276927947998 -0.02958901785314083 -0.17571386694908142 0.26227229833602905 0.026379242539405823 0.9646332263946533 10.683438301086426
0.962517261505127 -0.01866503246128559 -0.27057743072509766 -1.8691883087158203 0.01048249937593937 0.9994438886642456 -0.031654778867959976 -0.19778312742710114 0.271017849445343 0.027631942182779312 0.9621776342391968 11.255147933959961
0.9603169560432434 -0.018213780596852303 -0.2783156931400299 -2.046833038330078 0.0091289347037673 0.9993833899497986 -0.03390352427959442 -0.22215646505355835 0.27876150608062744 0.030017400160431862 0.959891140460968 11.826032638549805
0.9579411149024963 -0.017197581008076668 -0.28644880652427673 -2.2344284057617188 0.0066538057290017605 0.9992652535438538 -0.03774145245552063 -0.24690094590187073 0.28688740730285645 0.03424810618162155 0.9573519229888916 12.42398452758789
0.955649197101593 -0.01819659397006035 -0.293944776058197 -2.4269821643829346 0.005885332822799683 0.9990701079368591 -0.04271330684423447 -0.2792132496833801 0.2944486439228058 0.03908897563815117 0.9548676013946533 13.020628929138184
0.9538421034812927 -0.019777754321694374 -0.29965656995773315 -2.6193346977233887 0.004952621180564165 0.9987292289733887 -0.05015276372432709 -0.3148072361946106 0.30026769638061523 0.04635372757911682 0.9527279734611511 13.628510475158691
0.9524500370025635 -0.02055487595498562 -0.3040003776550293 -2.8248648643493652 0.0029343990609049797 0.9982945322990417 -0.05830567702651024 -0.35040849447250366 0.30468037724494934 0.05464119091629982 0.9508860111236572 14.245725631713867
0.9511814713478088 -0.02028007060289383 -0.30796512961387634 -3.0389299392700195 -0.0004635372606571764 0.9977437853813171 -0.06713493168354034 -0.39080899953842163 0.3086318373680115 0.06400026381015778 0.9490259289741516 14.867298126220703
0.949974775314331 -0.019658375531435013 -0.3117072880268097 -3.2655208110809326 -0.004228845238685608 0.9971160888671875 -0.0757729783654213 -0.44377297163009644 0.31229785084724426 0.0733005627989769 0.9471520781517029 15.508943557739258
0.9487364888191223 -0.01919829286634922 -0.31548455357551575 -3.4984989166259766 -0.007362350355833769 0.996540367603302 -0.08278314024209976 -0.496972918510437 0.3159824013710022 0.08086208999156952 0.9453129172325134 16.154422760009766
0.9470245242118835 -0.017196504399180412 -0.3207009732723236 -3.731112003326416 -0.012221397832036018 0.9959126114845276 -0.08949202299118042 -0.5570052266120911 0.32092908024787903 0.08867054432630539 0.9429433941841125 16.817289352416992
0.9454535841941833 -0.01635676436126232 -0.32534581422805786 -3.9776735305786133 -0.015512578189373016 0.9953448176383972 -0.09512046724557877 -0.6265630722045898 0.3253871202468872 0.09497892111539841 0.9407986998558044 17.486724853515625
0.9438369274139404 -0.015039241872727871 -0.330069363117218 -4.233150482177734 -0.01927676424384117 0.9947556853294373 -0.10044702887535095 -0.6980650424957275 0.329848974943161 0.10116827487945557 0.9385971426963806 18.16334342956543
0.9421017169952393 -0.01169909443706274 -0.3351230323314667 -4.491438865661621 -0.024421963840723038 0.9943433403968811 -0.10336767882108688 -0.775026798248291 0.33443668484687805 0.10556723177433014 0.9364868998527527 18.857038497924805
0.9403363466262817 -0.010707148350775242 -0.3400776982307434 -4.759723663330078 -0.02660451829433441 0.9941307306289673 -0.10486280173063278 -0.8516947031021118 0.33920449018478394 0.10765390843153 0.9345325231552124 19.55851936340332
0.9380499124526978 -0.010383451357483864 -0.3463446795940399 -5.027077674865723 -0.02743687853217125 0.994186520576477 -0.10411664098501205 -0.9318093061447144 0.34541237354278564 0.10716921091079712 0.9323117733001709 20.2673282623291
0.9357814192771912 -0.010136483237147331 -0.352434903383255 -5.299673080444336 -0.02774866111576557 0.994368851184845 -0.10227727144956589 -1.0167776346206665 0.35148701071739197 0.10548878461122513 0.9302306175231934 20.96980094909668
0.9332900643348694 -0.010416277684271336 -0.3589727282524109 -5.58833122253418 -0.02755851112306118 0.9945545196533203 -0.10050799697637558 -1.0973550081253052 0.3580648899078369 0.10369587689638138 0.9279206395149231 21.68800163269043
0.930124819278717 -0.00946502573788166 -0.3671215772628784 -5.880263805389404 -0.028335224837064743 0.9948381781578064 -0.09743764996528625 -1.1809182167053223 0.36614876985549927 0.10103164613246918 0.9250555038452148 22.399154663085938
0.9268295168876648 -0.007508089765906334 -0.37540748715400696 -6.192417144775391 -0.029085582122206688 0.9953604340553284 -0.09171535074710846 -1.2595961093902588 0.37435436248779297 0.09592343866825104 0.9223109483718872 23.135929107666016
0.9233110547065735 -0.004248148761689663 -0.38402944803237915 -6.516867160797119 -0.03136865794658661 0.9957636594772339 -0.08643393963575363 -1.3412744998931885 0.38276976346969604 0.09185191243886948 0.9192663431167603 23.882118225097656
0.9196463227272034 0.0004331570235081017 -0.3927473723888397 -6.843286037445068 -0.03567202389240265 0.9959582090377808 -0.0824301540851593 -1.4231698513031006 0.39112427830696106 0.08981669694185257 0.9159447550773621 24.63302230834961
0.9157979488372803 0.0011843733955174685 -0.40163737535476685 -7.184370040893555 -0.03672991320490837 0.9960523247718811 -0.08081292361021042 -1.4938023090362549 0.3999561071395874 0.08876042813062668 0.9122262001037598 25.39105987548828
0.911961019039154 0.0009303804254159331 -0.41027581691741943 -7.543360710144043 -0.03706591948866844 0.9960948824882507 -0.08013129979372025 -1.5660978555679321 0.40859904885292053 0.08828386664390564 0.908434271812439 26.144939422607422
0.9079148769378662 0.0011372168082743883 -0.41915300488471985 -7.896322250366211 -0.03753475844860077 0.996199369430542 -0.07860013842582703 -1.6417031288146973 0.4174705743789673 0.08709501475095749 0.9045069217681885 26.9090633392334
0.903883695602417 0.00172653968911618 -0.4277747571468353 -8.270389556884766 -0.03836527839303017 0.9962893128395081 -0.07704434543848038 -1.7066864967346191 0.42605432868003845 0.08605082333087921 0.9005959033966064 27.68755531311035
0.9001859426498413 0.0011891992762684822 -0.43550413846969604 -8.662456512451172 -0.03745168074965477 0.9965031147003174 -0.07469147443771362 -1.7814605236053467 0.4338923692703247 0.08354657143354416 0.8970827460289001 28.47134017944336
0.8963478803634644 0.0019648720044642687 -0.4433469772338867 -9.050236701965332 -0.037001244723796844 0.9968331456184387 -0.07039031386375427 -1.853672742843628 0.4418046772480011 0.07949861139059067 0.8935819268226624 29.240081787109375
0.892490804195404 0.003633169922977686 -0.45105087757110596 -9.455591201782227 -0.03688046708703041 0.9972073435783386 -0.06494266539812088 -1.915153980255127 0.44955527782440186 0.07459571212530136 0.8901322484016418 30.03626823425293
0.8886479735374451 0.003706978168338537 -0.45857495069503784 -9.877361297607422 -0.03527473285794258 0.9975571036338806 -0.06029307097196579 -1.984953761100769 0.457231342792511 0.069755420088768 0.8866079449653625 30.842119216918945
0.8848608732223511 0.00271215639077127 -0.4658474624156952 -10.310345649719238 -0.0340002179145813 0.9976921081542969 -0.05877368524670601 -2.0428483486175537 0.4646129608154297 0.06784544885158539 0.8829110264778137 31.661643981933594
0.8816239237785339 0.0025591414887458086 -0.4719456434249878 -10.746721267700195 -0.03376647084951401 0.9977646470069885 -0.057667482644319534 -2.104811668395996 0.4707430303096771 0.06677695363759995 0.8797396421432495 32.461124420166016
0.8784574270248413 0.003331509418785572 -0.4778088927268982 -11.206026077270508 -0.03386737033724785 0.9978948831558228 -0.0553077831864357 -2.1675055027008057 0.4766187369823456 0.06476766616106033 0.8767210245132446 33.2923698425293
0.8754952549934387 0.0015104231424629688 -0.4832243323326111 -11.668344497680664 -0.031742360442876816 0.9980150461196899 -0.05439060553908348 -2.2186169624328613 0.48218297958374023 0.06295739859342575 0.8738053441047668 34.12129211425781
0.8729761242866516 0.0007391279214061797 -0.4877624213695526 -12.163439750671387 -0.031163617968559265 0.9980402588844299 -0.054262928664684296 -2.2808430194854736 0.48676642775535583 0.06257067620754242 0.8712882995605469 34.96783447265625
0.8706554770469666 -0.0012894058600068092 -0.49189165234565735 -12.627809524536133 -0.02942761778831482 0.9980689287185669 -0.054703567177057266 -2.335846424102783 0.491012305021286 0.06210316717624664 0.8689361810684204 35.81346130371094
0.8691690564155579 -0.000866832968313247 -0.4945143759250641 -13.128242492675781 -0.030323011800646782 0.9980232119560242 -0.05504580959677696 -2.395620346069336 0.4935845732688904 0.06283927708864212 0.8674246072769165 36.68378829956055
0.8687306642532349 -0.0010261689312756062 -0.49528375267982483 -13.62956428527832 -0.029751833528280258 0.9980838894844055 -0.054252807050943375 -2.455681324005127 0.4943903982639313 0.06186668202280998 0.8670355677604675 37.54761505126953
0.8686074018478394 -0.0009001949219964445 -0.4955001771450043 -14.139522552490234 -0.02894633077085018 0.998198390007019 -0.05255613476037979 -2.5173964500427246 0.49465474486351013 0.05999356508255005 0.8670163750648499 38.4265022277832
0.8682990074157715 -0.0018409176263958216 -0.49603766202926636 -14.661493301391602 -0.027622563764452934 0.9982619881629944 -0.052057262510061264 -2.57987117767334 0.49527135491371155 0.05890311300754547 0.8667390942573547 39.32066345214844
0.8676377534866333 -0.004058464430272579 -0.49718040227890015 -15.185813903808594 -0.025454498827457428 0.9982928037643433 -0.052570097148418427 -2.6432223320007324 0.49654489755630493 0.05826728418469429 0.8660532236099243 40.22894287109375
0.8664620518684387 -0.006700871512293816 -0.49919798970222473 -15.713542938232422 -0.02284369245171547 0.9983304738998413 -0.05305084213614464 -2.7037007808685303 0.49872010946273804 0.05737007036805153 0.8648623824119568 41.13321304321289
0.8648626208305359 -0.007118470035493374 -0.5019582509994507 -16.256839752197266 -0.021579284220933914 0.9984480142593384 -0.05133999511599541 -2.7609033584594727 0.501544713973999 0.055233947932720184 0.8633667230606079 42.070167541503906
0.8628554940223694 -0.006141671445220709 -0.5054133534431458 -16.799808502197266 -0.02069329470396042 0.9986585974693298 -0.04746362566947937 -2.822192668914795 0.5050269365310669 0.0514129176735878 0.8615709543228149 42.97543716430664
0.8600018620491028 -0.0061206757090985775 -0.5102543830871582 -17.34853744506836 -0.018699225038290024 0.9988784790039062 -0.043498266488313675 -2.883213996887207 0.5099483132362366 0.04694994166493416 0.8589228391647339 43.89784622192383
0.8559353947639465 -0.006699601653963327 -0.5170393586158752 -17.919273376464844 -0.017111867666244507 0.9990013837814331 -0.041272614151239395 -2.947328567504883 0.5167995691299438 0.0441741943359375 0.8549659848213196 44.825531005859375
0.8507713079452515 -0.009987845085561275 -0.5254412293434143 -18.48320770263672 -0.015303066931664944 0.9989245533943176 -0.04376609995961189 -3.0034244060516357 0.5253133773803711 0.045275796204805374 0.8497034311294556 45.728546142578125
0.84476637840271 -0.013827917166054249 -0.5349565148353577 -19.053327560424805 -0.013418847694993019 0.9988044500350952 -0.04700789228081703 -3.063652515411377 0.5349669456481934 0.04688919335603714 0.84357088804245 46.6241340637207
0.8385360240936279 -0.013776816427707672 -0.5446719527244568 -19.643009185791016 -0.013646744191646576 0.998835563659668 -0.04627383127808571 -3.1220591068267822 0.5446752309799194 0.04623527452349663 0.8373715877532959 47.530433654785156
0.8327092528343201 -0.010369542986154556 -0.5536134243011475 -20.244884490966797 -0.014845532365143299 0.9990471005439758 -0.041042476892471313 -3.18050479888916 0.5535115599632263 0.04239514097571373 0.8317617177963257 48.419158935546875
0.8276952505111694 -0.00535621540620923 -0.5611522793769836 -20.876659393310547 -0.01845429465174675 0.9991539716720581 -0.03675689548254013 -3.235806465148926 0.560874342918396 0.04077918082475662 0.8268960118293762 49.31539535522461
0.8236346244812012 -0.005585114471614361 -0.5670933127403259 -21.489334106445312 -0.019487740471959114 0.9990822672843933 -0.03814321383833885 -3.289076328277588 0.5667859315872192 0.042467452585697174 0.8227698802947998 50.1902961730957
0.8200653791427612 -0.007814057171344757 -0.5722163915634155 -22.10569953918457 -0.01979774795472622 0.9989208579063416 -0.042013950645923615 -3.350597620010376 0.5719271302223206 0.04578278958797455 0.8190256357192993 51.0677490234375
0.817115068435669 -0.00958563107997179 -0.5763947367668152 -22.7331600189209 -0.023153850808739662 0.9985092282295227 -0.049429167062044144 -3.4041876792907715 0.576009213924408 0.053735073655843735 0.8156750798225403 51.941253662109375
0.8138568997383118 -0.011109987273812294 -0.580959141254425 -23.364646911621094 -0.022604448720812798 0.9984550476074219 -0.050760213285684586 -3.4680869579315186 0.5806254744529724 0.054443806409835815 0.8123483657836914 52.81978988647461
0.8107236623764038 -0.00915859267115593 -0.5853573679924011 -23.99814224243164 -0.022527841851115227 0.9986489415168762 -0.04682622104883194 -3.5281906127929688 0.5849953889846802 0.05114996060729027 0.8094220757484436 53.66685104370117
0.8075944185256958 -0.0069350749254226685 -0.5896975994110107 -24.643157958984375 -0.021923759952187538 0.9988866448402405 -0.04177200794219971 -3.5854101181030273 0.5893307328224182 0.04666322469711304 0.8065431118011475 54.537132263183594
0.8047009706497192 -0.004470036365091801 -0.5936634540557861 -25.287220001220703 -0.022803369909524918 0.9990010261535645 -0.038431644439697266 -3.6466081142425537 0.5932421684265137 0.044463515281677246 0.8037952184677124 55.398624420166016
0.8014999032020569 -0.004735438618808985 -0.5979760885238647 -25.938589096069336 -0.023236626759171486 0.9989668130874634 -0.03905623033642769 -3.6960084438323975 0.5975432991981506 0.04519851505756378 0.8005616068840027 56.248634338378906
0.7979007959365845 -0.0060094608925282955 -0.6027587652206421 -26.597869873046875 -0.023342277854681015 0.9988923072814941 -0.04085817560553551 -3.7490439414978027 0.6023366451263428 0.04667053371667862 0.7968766093254089 57.11671829223633
0.7940434217453003 -0.009150207974016666 -0.6077921390533447 -27.272296905517578 -0.022027818486094475 0.9987967610359192 -0.043814703822135925 -3.803928852081299 0.6074618697166443 0.04817911982536316 0.7928863763809204 57.96842956542969
0.7896587252616882 -0.010403553955256939 -0.6134581565856934 -27.91893768310547 -0.020859144628047943 0.9988228678703308 -0.043789323419332504 -3.8632078170776367 0.6131916642189026 0.047374822199344635 0.7885122895240784 58.80012512207031
0.7851229310035706 -0.010356574319303036 -0.6192535161972046 -28.59820556640625 -0.02047862857580185 0.9988792538642883 -0.04266946017742157 -3.9231481552124023 0.6190013885498047 0.04618221893906593 0.7840309739112854 59.649478912353516
0.780442476272583 -0.009327156469225883 -0.6251580715179443 -29.274293899536133 -0.02138327620923519 0.9989055395126343 -0.041598059237003326 -3.984961986541748 0.6248619556427002 0.04583281651139259 0.7793888449668884 60.462398529052734
0.7749732732772827 -0.011644404381513596 -0.6318865418434143 -29.9653377532959 -0.02011963538825512 0.9988688826560974 -0.04308276250958443 -4.041686058044434 0.6316734552383423 0.04610132426023483 0.7738625407218933 61.320552825927734
0.769592821598053 -0.013062983751296997 -0.6384011507034302 -30.66423225402832 -0.019620589911937714 0.9988348484039307 -0.044090814888477325 -4.1003265380859375 0.6382333040237427 0.04645778611302376 0.7684398293495178 62.156219482421875
0.7640405893325806 -0.014077280648052692 -0.6450145244598389 -31.36975860595703 -0.019225837662816048 0.9988210797309875 -0.04457264766097069 -4.165213108062744 0.644881546497345 0.04645625874400139 0.7628692388534546 62.98612594604492
0.7580319046974182 -0.01620466075837612 -0.6520161032676697 -32.08488464355469 -0.017745858058333397 0.998808741569519 -0.04545482248067856 -4.2314066886901855 0.6519759893417358 0.04602678865194321 0.7568413615226746 63.82354736328125
0.7518009543418884 -0.017895998433232307 -0.6591471433639526 -32.81208419799805 -0.016870852559804916 0.9987822771072388 -0.04635949432849884 -4.294232368469238 0.6591743230819702 0.04597347974777222 0.7505836486816406 64.6556396484375
0.7458022832870483 -0.019246043637394905 -0.6658892035484314 -33.56517791748047 -0.015820808708667755 0.9987889528274536 -0.046587228775024414 -4.35715913772583 0.6659793257713318 0.04527977108955383 0.7445946335792542 65.47538757324219
0.7393597364425659 -0.018930954858660698 -0.6730444431304932 -34.32168197631836 -0.01490529254078865 0.998899519443512 -0.044470299035310745 -4.425122261047363 0.6731456518173218 0.04291147366166115 0.7382638454437256 66.30453491210938
0.7329678535461426 -0.01947999745607376 -0.6799843311309814 -35.08452606201172 -0.014459329657256603 0.9989179372787476 -0.04420270398259163 -4.478572845458984 0.6801095604896545 0.042231280356645584 0.7318930625915527 67.11628723144531
0.7265346646308899 -0.021194322034716606 -0.686802864074707 -35.8438606262207 -0.013311534188687801 0.9989024996757507 -0.044907137751579285 -4.543122291564941 0.6870008707046509 0.041768986731767654 0.7254551649093628 67.91732025146484
0.7196204662322998 -0.023335015401244164 -0.6939754486083984 -36.62528991699219 -0.012575432658195496 0.9988332390785217 -0.04662604629993439 -4.6048665046691895 0.6942537426948547 0.04228009283542633 0.7184873819351196 68.73812866210938
0.713921308517456 -0.022528788074851036 -0.6998633742332458 -37.42878723144531 -0.013880307786166668 0.9988306164741516 -0.04631173238158226 -4.668489933013916 0.700088381767273 0.042777251452207565 0.7127737402915955 69.5323715209961
0.7083909511566162 -0.02204822190105915 -0.7054758667945862 -38.2435188293457 -0.013998068869113922 0.9988765120506287 -0.04527377709746361 -4.7318010330200195 0.7056814432144165 0.041946832090616226 0.7072864770889282 70.34026336669922
0.7031353712081909 -0.0219514649361372 -0.7107171416282654 -39.05744552612305 -0.014582816511392593 0.9988679885864258 -0.0452786386013031 -4.792072772979736 0.7109065055847168 0.042201269418001175 0.7020192742347717 71.14488220214844
0.6985772252082825 -0.022279437631368637 -0.7151877880096436 -39.88384246826172 -0.015610194765031338 0.998802661895752 -0.046362217515707016 -4.854039669036865 0.715364396572113 0.04355180636048317 0.6973931193351746 71.93780517578125
0.6933906674385071 -0.024353859946131706 -0.7201501727104187 -40.724151611328125 -0.016216082498431206 0.9986481666564941 -0.04938555136322975 -4.9232683181762695 0.7203793525695801 0.04592149332165718 0.6920583248138428 72.73062133789062
0.6887013912200928 -0.02726726606488228 -0.7245321273803711 -41.57084655761719 -0.01479618065059185 0.9985559582710266 -0.05164441093802452 -4.990187168121338 0.724894106388092 0.04628787934780121 0.687303364276886 73.51766967773438
0.6831963658332825 -0.027430575340986252 -0.7297194004058838 -42.425357818603516 -0.015593740157783031 0.9985182881355286 -0.052134446799755096 -5.0633463859558105 0.7300682663917542 0.04699711129069328 0.6817561388015747 74.32013702392578
0.67828768491745 -0.026890557259321213 -0.7343042492866516 -43.30347442626953 -0.015790186822414398 0.9985659718513489 -0.051153574138879776 -5.131216049194336 0.7346267700195312 0.046291641891002655 0.6768903732299805 75.11797332763672
0.673758327960968 -0.026854172348976135 -0.7384636998176575 -44.18473815917969 -0.01502098236232996 0.9986352920532227 -0.050020117312669754 -5.202450752258301 0.738798975944519 0.04479392245411873 0.672435462474823 75.89797973632812
0.6679738163948059 -0.028337879106402397 -0.7436450719833374 -45.06352233886719 -0.014200988225638866 0.9986073970794678 -0.0508095845580101 -5.273190498352051 0.7440491914749146 0.044499967247247696 0.6666410565376282 76.69795989990234
0.6632717847824097 -0.029523784294724464 -0.7477961182594299 -45.940032958984375 -0.013141997158527374 0.9986079931259155 -0.051082637161016464 -5.3402252197265625 0.7482632398605347 0.043709203600883484 0.6619603633880615 77.47038269042969
0.659099817276001 -0.029861364513635635 -0.7514623403549194 -46.855865478515625 -0.012542284093797207 0.9986358880996704 -0.05068416893482208 -5.41773796081543 0.7519508600234985 0.042830973863601685 0.6578262448310852 78.25265502929688
0.6547882556915283 -0.030571207404136658 -0.7551937699317932 -47.75048828125 -0.011339466087520123 0.9986717700958252 -0.05025935545563698 -5.492384910583496 0.755727231502533 0.041472725570201874 0.6535719633102417 79.03167724609375
0.6508950591087341 -0.03386900946497917 -0.7584118843078613 -48.67918395996094 -0.008030075579881668 0.998641312122345 -0.051488813012838364 -5.566776275634766 0.759125292301178 0.03960391879081726 0.6497386693954468 79.82356262207031
0.6466482281684875 -0.03822481259703636 -0.7618300318717957 -49.58643341064453 -0.005655892658978701 0.9984758496284485 -0.05489929020404816 -5.636810779571533 0.7627674341201782 0.03980935737490654 0.6454464793205261 80.58436584472656
0.6421127319335938 -0.042514339089393616 -0.7654304504394531 -50.516822814941406 -0.0017631191294640303 0.9983764290809631 -0.056931931525468826 -5.703977108001709 0.7666082382202148 0.03790626302361488 0.6409952640533447 81.36153411865234
0.6350106596946716 -0.04587435722351074 -0.7711399793624878 -51.44664764404297 0.003121291985735297 0.9983794093132019 -0.05682231858372688 -5.781745910644531 0.7724969983100891 0.033675819635391235 0.6341248154640198 82.1385498046875
0.6270231604576111 -0.04983619228005409 -0.7774048447608948 -52.37464904785156 0.008260367438197136 0.9983207583427429 -0.05733571574091911 -5.86661434173584 0.7789568305015564 0.02952916920185089 0.6263819336891174 82.88265991210938
0.6180298328399658 -0.05058756470680237 -0.7845253348350525 -53.328372955322266 0.010836656205356121 0.9983808398246765 -0.05584048479795456 -5.9490180015563965 0.7860799431800842 0.02600945718586445 0.6175772547721863 83.62332153320312
0.6096237897872925 -0.048789966851472855 -0.7911880016326904 -54.289649963378906 0.01104552112519741 0.998529851436615 -0.05306532233953476 -6.029638290405273 0.7926139235496521 0.023610789328813553 0.6092665195465088 84.35274505615234
0.6006030440330505 -0.04903233051300049 -0.7980425953865051 -55.270843505859375 0.010757681913673878 0.9985231161117554 -0.05325382202863693 -6.10429048538208 0.7994749546051025 0.023399319499731064 0.6002435684204102 85.08751678466797
0.5911298394203186 -0.050344981253147125 -0.805003821849823 -56.2711296081543 0.01011353638023138 0.9984342455863953 -0.05501557141542435 -6.1819987297058105 0.8065130710601807 0.024379907175898552 0.590713381767273 85.80418395996094
0.5809307098388672 -0.05252337083220482 -0.8122566938400269 -57.27172088623047 0.01061144471168518 0.9983197450637817 -0.056965507566928864 -6.26387357711792 0.8138837814331055 0.02447379380464554 0.5805118680000305 86.51887512207031
0.571327805519104 -0.05430229380726814 -0.8189235925674438 -58.30319595336914 0.011108060367405415 0.9982289671897888 -0.05844229459762573 -6.341602802276611 0.8206468224525452 0.02429305575788021 0.5709191560745239 87.23157501220703
0.5607736110687256 -0.054502639919519424 -0.8261733651161194 -59.33293914794922 0.013988579623401165 0.99831223487854 -0.05636374652385712 -6.435100078582764 0.8278509974479675 0.02005031518638134 0.560589611530304 87.94559478759766
0.5507532358169556 -0.05473834276199341 -0.8328711986541748 -60.36322784423828 0.015002192929387093 0.9983352422714233 -0.05569252744317055 -6.512622356414795 0.8345332741737366 0.018177950754761696 0.5506576895713806 88.61338806152344
0.5408602952957153 -0.05570126324892044 -0.8392660617828369 -61.42435836791992 0.015232974663376808 0.9982898235321045 -0.056438710540533066 -6.589413166046143 0.8409745097160339 0.01774093694984913 0.5407838225364685 89.28007507324219
0.5300818681716919 -0.056202929466962814 -0.8460817933082581 -62.49258804321289 0.014971625991165638 0.9982657432556152 -0.05693216994404793 -6.683887481689453 0.8478142023086548 0.017511500045657158 0.5300040245056152 89.95221710205078
0.5199325084686279 -0.0572580024600029 -0.852286159992218 -63.563018798828125 0.013961159624159336 0.998187243938446 -0.05854295194149017 -6.760818004608154 0.8540932536125183 0.018539484590291977 0.5197893977165222 90.60505676269531
0.5099797248840332 -0.05813178792595863 -0.8582199811935425 -64.64523315429688 0.01348324865102768 0.9981314539909363 -0.05959659814834595 -6.850815296173096 0.8600806593894958 0.018821466714143753 0.5098106861114502 91.2449722290039
0.5002917051315308 -0.058206990361213684 -0.8638981580734253 -65.73715209960938 0.012376135215163231 0.998116672039032 -0.06008309870958328 -6.936429977416992 0.865768551826477 0.019367361441254616 0.5000698566436768 91.87287902832031
0.4915907382965088 -0.05593555048108101 -0.8690280318260193 -66.86109924316406 0.01127642672508955 0.9982601404190063 -0.05787482485175133 -7.024594783782959 0.870753288269043 0.01865120232105255 0.4913662374019623 92.5025863647461
0.4838537573814392 -0.05469859391450882 -0.8734378218650818 -67.97798919677734 0.011748514138162136 0.998360812664032 -0.05601358041167259 -7.1057939529418945 0.8750699758529663 0.01684078574180603 0.4837033450603485 93.11402893066406
0.47614073753356934 -0.05439727008342743 -0.8776848912239075 -69.08331298828125 0.01154479943215847 0.998385488986969 -0.055615052580833435 -7.197307586669922 0.8792933225631714 0.016347896307706833 0.476000040769577 93.71406555175781
0.4682137966156006 -0.057431660592556 -0.8817468285560608 -70.18553924560547 0.013184774667024612 0.9982284903526306 -0.058017365634441376 -7.281444549560547 0.8835168480873108 0.015538902021944523 0.4681416451931 94.30374145507812
0.4611985981464386 -0.06062673404812813 -0.8852233290672302 -71.31822204589844 0.016122175380587578 0.9980708360671997 -0.05995578318834305 -7.372658729553223 0.8871504664421082 0.013379798270761967 0.46128636598587036 94.89225769042969
0.4551284611225128 -0.06362850219011307 -0.8881494998931885 -72.45711517333984 0.01707320287823677 0.9978837966918945 -0.06274095922708511 -7.4660210609436035 0.8902620673179626 0.013391640037298203 0.45525169372558594 95.47380065917969
0.44939419627189636 -0.06723971664905548 -0.8907994627952576 -73.59912109375 0.019252166152000427 0.997660756111145 -0.06559344381093979 -7.562607288360596 0.8931260108947754 0.012327492237091064 0.44963741302490234 96.05673217773438
0.4446879029273987 -0.06829653680324554 -0.8930779695510864 -74.7405014038086 0.02260006032884121 0.997626781463623 -0.0650385320186615 -7.666866302490234 0.89540034532547 0.008738234639167786 0.4451760947704315 96.62311553955078
0.4403599798679352 -0.06589516997337341 -0.8953999280929565 -75.88815307617188 0.024257685989141464 0.9978120923042297 -0.06150200217962265 -7.762178421020508 0.8974935412406921 0.005362693220376968 0.4409949779510498 97.1905746459961
0.43658947944641113 -0.06438897550106049 -0.8973537683486938 -77.02320098876953 0.027983995154500008 0.9979249238967896 -0.057990334928035736 -7.858013153076172 0.8992254734039307 0.00020643509924411774 0.43748533725738525 97.74356842041016
0.4331909120082855 -0.06348565965890884 -0.8990634679794312 -78.1778335571289 0.02860679104924202 0.9979820847511292 -0.05668714642524719 -7.947239875793457 0.9008480906486511 -0.0011629665968939662 0.4341328740119934 98.2958755493164
0.4303749203681946 -0.06360845267772675 -0.9004062414169312 -79.3037338256836 0.030236423015594482 0.9979701042175293 -0.05604841187596321 -8.030318260192871 0.902143657207489 -0.0031032355036586523 0.4314245879650116 98.83187103271484
0.4282063841819763 -0.062259286642074585 -0.901533842086792 -80.44740295410156 0.031437989324331284 0.9980463981628418 -0.05399210751056671 -8.127045631408691 0.9031339287757874 -0.00522264651954174 0.4293271005153656 99.35957336425781
0.4254070222377777 -0.061776626855134964 -0.902891218662262 -81.57689666748047 0.034334298223257065 0.9980509281158447 -0.05211058631539345 -8.208380699157715 0.9043506383895874 -0.00883192103356123 0.4266989231109619 99.90516662597656
0.4230160117149353 -0.0629190132021904 -0.9039350748062134 -82.70734405517578 0.036879971623420715 0.9979552626609802 -0.05220455676317215 -8.289737701416016 0.905371367931366 -0.011253738775849342 0.4244714379310608 100.43832397460938
0.42032501101493835 -0.0630839467048645 -0.9051780104637146 -83.80464172363281 0.03869805112481117 0.997918963432312 -0.051577597856521606 -8.370489120483398 0.906548023223877 -0.013349262997508049 0.42189157009124756 100.96284484863281
0.4178312420845032 -0.06251253187656403 -0.9063714146614075 -84.90858459472656 0.042080845683813095 0.9978910088539124 -0.049425654113292694 -8.44624137878418 0.9075496792793274 -0.017489291727542877 0.4195805490016937 101.48539733886719
0.4158645570278168 -0.06184978410601616 -0.9073208570480347 -86.02584075927734 0.0439395047724247 0.9978860020637512 -0.04788399115204811 -8.525254249572754 0.908364474773407 -0.019953975453972816 0.4177030324935913 101.99037170410156
0.4143141508102417 -0.0634840577840805 -0.9079170823097229 -87.12419128417969 0.04633994773030281 0.9977418184280396 -0.04861831292510033 -8.600831985473633 0.9089535474777222 -0.021929576992988586 0.41632044315338135 102.49217224121094
0.4126752018928528 -0.06419361382722855 -0.908613383769989 -88.18991088867188 0.04780324175953865 0.9976652264595032 -0.04877379536628723 -8.686671257019043 0.9096230864524841 -0.02330693230032921 0.4147803485393524 102.98094177246094
0.4122799336910248 -0.06467906385660172 -0.9087584018707275 -89.28758239746094 0.04713182523846626 0.9976552724838257 -0.04962364584207535 -8.772350311279297 0.9098372459411621 -0.022372612729668617 0.4143616855144501 103.47236633300781
0.4123671352863312 -0.06513964384794235 -0.9086859226226807 -90.33830261230469 0.04594336077570915 0.9976581931114197 -0.050668299198150635 -8.849696159362793 0.9098584651947021 -0.020854149013757706 0.41439422965049744 103.95584106445312
0.4153052866458893 -0.06487365067005157 -0.9073659777641296 -91.38566589355469 0.04371907189488411 0.9977246522903442 -0.051323600113391876 -8.928703308105469 0.908630907535553 -0.01835423894226551 0.4171965420246124 104.42007446289062
0.4194399118423462 -0.06476079672574997 -0.9054701924324036 -92.41597747802734 0.04169308766722679 0.9977737665176392 -0.05204906687140465 -9.013657569885254 0.9068251848220825 -0.01592038758099079 0.42120617628097534 104.89370727539062
0.42423883080482483 -0.06564242392778397 -0.9031681418418884 -93.438232421875 0.04040747135877609 0.9977480173110962 -0.05353619530797005 -9.085643768310547 0.9046484231948853 -0.013782601803541183 0.42593586444854736 105.37211608886719
0.4303191006183624 -0.06564580649137497 -0.9002866744995117 -94.45121765136719 0.04029598459601402 0.9977549314498901 -0.053492169827222824 -9.165266036987305 0.901776909828186 -0.013259238563477993 0.43199828267097473 105.84614562988281
0.43697792291641235 -0.06448851525783539 -0.8971574902534485 -95.48181915283203 0.03933778032660484 0.9978423714637756 -0.05256561562418938 -9.245442390441895 0.8986116051673889 -0.01232216414064169 0.438571959733963 106.3502197265625
0.4453292191028595 -0.06328001618385315 -0.893127977848053 -96.48432922363281 0.03802945464849472 0.9979360699653625 -0.05174373462796211 -9.317184448242188 0.8945589661598206 -0.010922170244157314 0.4468165636062622 106.83976745605469
0.45414498448371887 -0.06305546313524246 -0.8886935710906982 -97.46211242675781 0.03794095665216446 0.9979562163352966 -0.05141916871070862 -9.390039443969727 0.8901196122169495 -0.010366132482886314 0.45560911297798157 107.33961486816406
0.46380457282066345 -0.062420133501291275 -0.8837358355522156 -98.47203063964844 0.03647088631987572 0.9980146288871765 -0.05135112255811691 -9.458953857421875 0.8851865530014038 -0.008413741365075111 0.46516019105911255 107.85093688964844
0.4733105003833771 -0.06241162493824959 -0.8786819577217102 -99.44232177734375 0.03505309671163559 0.9980313777923584 -0.052007172256708145 -9.538896560668945 0.8801979422569275 -0.006184983067214489 0.4745664596557617 108.37538146972656
0.4837760329246521 -0.06448746472597122 -0.8728128671646118 -100.40387725830078 0.03404949977993965 0.9979134798049927 -0.05485779419541359 -9.606315612792969 0.874529242515564 -0.003179955994710326 0.4849623739719391 108.89871215820312
0.49579131603240967 -0.06565640866756439 -0.86595618724823 -101.36300659179688 0.0322672501206398 0.9978422522544861 -0.05718177556991577 -9.674732208251953 0.8678420782089233 0.00040820287540555 0.49684005975723267 109.43209838867188
0.5077176094055176 -0.06407664716243744 -0.8591373562812805 -102.30859375 0.030142391100525856 0.9979410171508789 -0.05661594495177269 -9.750809669494629 0.8609961271286011 0.0028484580107033253 0.508603572845459 109.99015045166016
0.5205449461936951 -0.06114247813820839 -0.8516422510147095 -103.22886657714844 0.02808765135705471 0.9981191754341125 -0.05449070408940315 -9.827251434326172 0.8533721566200256 0.0044442336075007915 0.5212832093238831 110.54180145263672
0.5330137014389038 -0.05854431539773941 -0.844078779220581 -104.14142608642578 0.02720898576080799 0.9982733726501465 -0.052057307213544846 -9.905707359313965 0.8456690311431885 0.004780732560902834 0.5336861610412598 111.11193084716797
0.5448188781738281 -0.0582517571747303 -0.8365280628204346 -105.04085540771484 0.027733929455280304 0.9982903003692627 -0.0514533706009388 -9.975118637084961 0.83809494972229 0.0048325578682124615 0.5455029010772705 111.69610595703125
