1.0 0.0 0.0 0.0 0.0 1.0 0.0 0.0 0.0 0.0 1.0 0.0
0.999933660030365 -0.0025183288380503654 0.011242158710956573 0.015890022739768028 0.002507540863007307 0.9999963641166687 0.0009735800558701158 -0.003621683456003666 -0.011244569905102253 -0.0009453253005631268 0.9999363422393799 0.29540878534317017
0.9998276233673096 -0.004547153599560261 0.01800031028687954 0.025065986439585686 0.004526609089225531 0.9999890327453613 0.0011819128412753344 -0.008668755181133747 -0.018005486577749252 -0.0011002287501469254 0.9998372793197632 0.5826225876808167
0.9997773170471191 -0.007448625285178423 0.019744807854294777 0.039041582494974136 0.007450582459568977 0.9999722242355347 -2.5546212782501243e-05 -0.012733188457787037 -0.019744068384170532 0.0001726508344290778 0.9998050332069397 0.8869741559028625
0.9998172521591187 -0.008640405721962452 0.017054477706551552 0.05359778180718422 0.00867339875549078 0.9999606609344482 -0.0018615697044879198 -0.008690008893609047 -0.01703772321343422 0.0020091498736292124 0.9998528361320496 1.2042360305786133
0.999883770942688 -0.011468756943941116 0.010045237839221954 0.05705463886260986 0.011503483168780804 0.9999280571937561 -0.003406004747375846 -0.010411749593913555 -0.010005451738834381 0.003521163947880268 0.999943733215332 1.5202234983444214
0.9999122023582458 -0.013104786165058613 -0.0020227842032909393 0.057501520961523056 0.013093077577650547 0.9998980164527893 -0.005697212647646666 -0.008727499283850193 0.0020972383208572865 0.0056702266447246075 0.999981701374054 1.86129629611969
0.9997491836547852 -0.012358077801764011 -0.018676402047276497 0.038640592247247696 0.01224651001393795 0.9999065399169922 -0.006076334975659847 -0.011685756966471672 0.018749747425317764 0.00584608968347311 0.9998071193695068 2.1994917392730713
0.999225914478302 -0.0077764843590557575 -0.03856296464800835 0.012289974838495255 0.007561811245977879 0.9999551177024841 -0.005709570366889238 -0.021481281146407127 0.03860563039779663 0.005413545295596123 0.9992398619651794 2.54079270362854
0.9983028769493103 -0.004373869858682156 -0.05807141959667206 -0.03381677344441414 0.003961257636547089 0.9999662041664124 -0.007218480575829744 -0.021968910470604897 0.05810100957751274 0.006976194214075804 0.9982863068580627 2.893934726715088
0.9969133138656616 -0.004093131050467491 -0.07840359210968018 -0.07525704801082611 0.0035002268850803375 0.9999642372131348 -0.007698134519159794 -0.02551674097776413 0.07843228429555893 0.007399942260235548 0.996891975402832 3.26031494140625
0.9949869513511658 -0.005544576328247786 -0.09985126554965973 -0.11862505227327347 0.0048246257938444614 0.9999605417251587 -0.0074502648785710335 -0.025545433163642883 0.0998886302113533 0.006931171286851168 0.9949744939804077 3.632538080215454
0.992843747138977 -0.0073596034198999405 -0.11919338256120682 -0.18124018609523773 0.006657564081251621 0.9999580383300781 -0.006287042982876301 -0.03634727746248245 0.11923465877771378 0.00544851366430521 0.9928511381149292 4.014553546905518
0.9905919432640076 -0.005918819922953844 -0.1367204338312149 -0.25811004638671875 0.005110354162752628 0.9999673366546631 -0.006263514515012503 -0.03560982272028923 0.13675303757190704 0.005505897104740143 0.9905898571014404 4.410855770111084
0.9881650805473328 -0.004967460408806801 -0.15331359207630157 -0.32263830304145813 0.004239262547343969 0.9999781250953674 -0.005076269153505564 -0.04827407747507095 0.15333543717861176 0.004366255830973387 0.988164484500885 4.823748588562012
0.9860689640045166 -0.003892127890139818 -0.16629108786582947 -0.41212430596351624 0.0030629760585725307 0.9999815225601196 -0.005242314655333757 -0.0541573241353035 0.1663084179162979 0.004659939091652632 0.98606276512146 5.240452289581299
0.983881413936615 -0.005672778934240341 -0.17873194813728333 -0.4950946569442749 0.004639571066945791 0.999970018863678 -0.006198226939886808 -0.05921223387122154 0.17876175045967102 0.005269080400466919 0.9838782548904419 5.671151638031006
0.9820379018783569 -0.009486189112067223 -0.18844541907310486 -0.5866537094116211 0.008041942492127419 0.9999321103096008 -0.008427134715020657 -0.06772859394550323 0.18851257860660553 0.006760298274457455 0.9820474982261658 6.125337600708008
0.9805013537406921 -0.00846569798886776 -0.19633013010025024 -0.6851215958595276 0.006582539528608322 0.9999258518218994 -0.010242349468171597 -0.07654949277639389 0.19640228152275085 0.00875028595328331 0.9804843068122864 6.581131935119629
0.9789952635765076 -0.007906228303909302 -0.20372962951660156 -0.791364312171936 0.005558308679610491 0.999911367893219 -0.012094319798052311 -0.08114874362945557 0.20380720496177673 0.010707888752222061 0.9789524674415588 7.048798561096191
0.977236270904541 -0.008755137212574482 -0.21197308599948883 -0.900225818157196 0.005668405443429947 0.9998689293861389 -0.01516522467136383 -0.08916720747947693 0.21207809448242188 0.013618459925055504 0.9771578311920166 7.531317234039307
0.975517988204956 -0.012673274613916874 -0.21955452859401703 -1.017879605293274 0.009223593398928642 0.9998175501823425 -0.016730159521102905 -0.10139197111129761 0.21972648799419403 0.01429548766463995 0.9754567742347717 8.028834342956543
0.9734876751899719 -0.019239291548728943 -0.22792895138263702 -1.1242202520370483 0.01546026673167944 0.9997120499610901 -0.018353842198848724 -0.11016245931386948 0.22821640968322754 0.014343393966555595 0.9735047817230225 8.546914100646973
0.9714598655700684 -0.019684936851263046 -0.23638541996479034 -1.2478801012039185 0.015321677550673485 0.9996768832206726 -0.020281199365854263 -0.13196663558483124 0.23670826852321625 0.016080554574728012 0.9714477062225342 9.051318168640137
0.9692979454994202 -0.015779761597514153 -0.24538233876228333 -1.3959269523620605 0.009901564568281174 0.9996340870857239 -0.025170613080263138 -0.13801316916942596 0.2456897646188736 0.02196815423667431 0.9690996408462524 9.578912734985352
0.9671319723129272 -0.01268423069268465 -0.25395798683166504 -1.5546762943267822 0.005778274964541197 0.9995933175086975 -0.027920840308070183 -0.15810538828372955 0.25420886278152466 0.02553570084273815 0.9668121933937073 10.1218900680542
0.9647982120513916 -0.015177210792899132 -0.26255300641059875 -1.7120041847229004 0.00751260481774807 0.9995165467262268 -0.030171900987625122 -0.17420807480812073 0.2628840208053589 0.027137339115142822 0.9644457101821899 10.694597244262695
0.9623477458953857 -0.018539389595389366 -0.2711881995201111 -1.8629950284957886 0.010277108289301395 0.9994396567344666 -0.031855545938014984 -0.1970575451850891 0.2716268002986908 0.02786908857524395 0.9619990587234497 11.25577163696289
0.9601532220840454 -0.0182226300239563 -0.278879314661026 -2.040945291519165 0.009026153944432735 0.9993733167648315 -0.03422526642680168 -0.21991756558418274 0.27932825684547424 0.030344292521476746 0.9597160816192627 11.828001022338867
0.9579282402992249 -0.01699230633676052 -0.28650426864624023 -2.233642101287842 0.006426370702683926 0.9992654323577881 -0.03777891770005226 -0.24833589792251587 0.28693580627441406 0.03434830904006958 0.9573338627815247 12.415007591247559
0.9556179046630859 -0.01770506426692009 -0.2940766215324402 -2.42734694480896 0.00530048506334424 0.9990643858909607 -0.04292506352066994 -0.27788016200065613 0.2945614755153656 0.03946120664477348 0.9548174142837524 13.022643089294434
0.9535560011863708 -0.0200903732329607 -0.3005451261997223 -2.6095736026763916 0.0051305340602993965 0.998711884021759 -0.050482410937547684 -0.3119058310985565 0.301172137260437 0.04659585654735565 0.9524306058883667 13.628872871398926
0.952153742313385 -0.020790595561265945 -0.30491143465042114 -2.8150479793548584 0.002977700438350439 0.9982672333717346 -0.05876900628209114 -0.3467365801334381 0.3056049048900604 0.055049195885658264 0.950565755367279 14.24710750579834
0.9509109258651733 -0.020530320703983307 -0.3087827265262604 -3.028022527694702 -0.000292470765998587 0.9977368712425232 -0.06723812967538834 -0.39099356532096863 0.30946433544158936 0.06402778625488281 0.9487529993057251 14.860669136047363
0.9496172070503235 -0.02036762610077858 -0.3127497434616089 -3.2558000087738037 -0.0036169514060020447 0.9971075057983398 -0.07591830939054489 -0.4407971501350403 0.3133912980556488 0.07322454452514648 0.946796715259552 15.507331848144531
0.948554277420044 -0.019710687920451164 -0.31600072979927063 -3.4933104515075684 -0.006892884150147438 0.9965382218360901 -0.08285021036863327 -0.49478134512901306 0.31653979420661926 0.08076607435941696 0.9451345801353455 16.147789001464844
0.9467459321022034 -0.017909148707985878 -0.32148319482803345 -3.725734233856201 -0.011579706333577633 0.9959121942520142 -0.08958160132169724 -0.5556837916374207 0.32177332043647766 0.08853369951248169 0.9426683783531189 16.81370735168457
0.9452232122421265 -0.016438612714409828 -0.32601049542427063 -3.9702517986297607 -0.0156459491699934 0.9953016638755798 -0.09554994851350784 -0.6203552484512329 0.3260495066642761 0.09541679173707962 0.9405250549316406 17.475547790527344
0.9435496926307678 -0.015047378838062286 -0.33088892698287964 -4.225095272064209 -0.019561434164643288 0.9946925640106201 -0.10101485252380371 -0.6912070512771606 0.33065280318260193 0.10178520530462265 0.938247561454773 18.15419578552246
0.9417572021484375 -0.01220962218940258 -0.33607181906700134 -4.480845928192139 -0.02417747676372528 0.9942964911460876 -0.10387450456619263 -0.7683724761009216 0.3354233205318451 0.10594993829727173 0.9360906481742859 18.845748901367188
0.9400938749313354 -0.010933557525277138 -0.3407403826713562 -4.7533698081970215 -0.026654694229364395 0.9940686821937561 -0.10543695837259293 -0.8447970151901245 0.3398721218109131 0.10820295661687851 0.9342264533042908 19.54250144958496
0.9376384019851685 -0.010439581237733364 -0.34745556116104126 -5.01690149307251 -0.02770020253956318 0.9941263198852539 -0.10462066531181335 -0.9261659979820251 0.3465069532394409 0.10772093385457993 0.9318417906761169 20.257680892944336
0.935386061668396 -0.010639342479407787 -0.3534682095050812 -5.289909362792969 -0.02744094282388687 0.9943495988845825 -0.10254698991775513 -1.0141363143920898 0.35256198048591614 0.10562052577733994 0.9298087954521179 20.959327697753906
0.9328718781471252 -0.011136751621961594 -0.3600362241268158 -5.57973051071167 -0.027019692584872246 0.9945425391197205 -0.10077287256717682 -1.0948233604431152 0.3591935634613037 0.10373625159263611 0.9274798035621643 21.678443908691406
0.9296053647994995 -0.009947839193046093 -0.3684219717979431 -5.865181922912598 -0.028197549283504486 0.9947860240936279 -0.09800871461629868 -1.1734260320663452 0.3674759864807129 0.10149803012609482 0.9244779944419861 22.385435104370117
0.9263406991958618 -0.008269984275102615 -0.3765959143638611 -6.179353713989258 -0.028617454692721367 0.9953247308731079 -0.09224962443113327 -1.2518222332000732 0.37559810280799866 0.09623180329799652 0.9217730164527893 23.12262725830078
0.922773003578186 -0.004764970391988754 -0.38531455397605896 -6.503222942352295 -0.031221797689795494 0.9957115054130554 -0.08708509802818298 -1.3335094451904297 0.3840770721435547 0.09238998591899872 0.9186668992042542 23.870176315307617
0.9190822839736938 -0.00104832137003541 -0.394064337015152 -6.834917068481445 -0.03453550115227699 0.9959345459938049 -0.08319714665412903 -1.4087812900543213 0.3925494849681854 0.09007422626018524 0.9153095483779907 24.621389389038086
0.9152221083641052 0.0003561410994734615 -0.40294960141181946 -7.179677963256836 -0.036349572241306305 0.9959954619407654 -0.08168072998523712 -1.4808462858200073 0.40130680799484253 0.08940304815769196 0.9115700721740723 25.373695373535156
0.911389946937561 0.0004999928642064333 -0.4115435481071472 -7.531188488006592 -0.03700714558362961 0.9960474967956543 -0.08074459433555603 -1.5533376932144165 0.40987664461135864 0.08881987631320953 0.9078062772750854 26.101564407348633
0.9078273773193359 0.0007978065405040979 -0.41934332251548767 -7.9028639793396 -0.03756490722298622 0.9961325526237488 -0.07942831516265869 -1.623590111732483 0.4176581799983978 0.08785978704690933 0.9043464064598083 26.866430282592773
0.9037892818450928 0.0015351936453953385 -0.42797499895095825 -8.290206909179688 -0.03842257708311081 0.9962464570999146 -0.07756640762090683 -1.69611394405365 0.42624956369400024 0.08654758334159851 0.9004560112953186 27.660661697387695
0.899662971496582 0.0006764358840882778 -0.43658456206321716 -8.648414611816406 -0.03743324801325798 0.9964357614517212 -0.0755942165851593 -1.7644658088684082 0.43497735261917114 0.08435210585594177 0.8964816927909851 28.409433364868164
0.8959488272666931 0.0009134055580943823 -0.4441562592983246 -9.049253463745117 -0.03646761551499367 0.9967728853225708 -0.07151234149932861 -1.8343762159347534 0.44265756011009216 0.0802687332034111 0.8930908441543579 29.20173454284668
0.8920231461524963 0.0031531918793916702 -0.45197874307632446 -9.455488204956055 -0.03682746738195419 0.997157871723175 -0.06572593748569489 -1.9023594856262207 0.4504869282245636 0.0752742737531662 0.8896040320396423 29.98417854309082
0.8882505297660828 0.003418940817937255 -0.45934659242630005 -9.88127613067627 -0.03550755977630615 0.9974914789199829 -0.06123752519488335 -1.9716267585754395 0.45798492431640625 0.07070452719926834 0.8861438035964966 30.788511276245117
0.884731113910675 0.0019888088572770357 -0.46609753370285034 -10.322063446044922 -0.03355611115694046 0.9976678490638733 -0.05943812429904938 -2.0306622982025146 0.46489229798316956 0.06822717189788818 0.8827345371246338 31.595417022705078
0.8811458349227905 0.0018189725233241916 -0.4728410840034485 -10.754047393798828 -0.03353942930698395 0.9977142810821533 -0.05866308882832527 -2.090890407562256 0.4716535806655884 0.06754955649375916 0.8791927695274353 32.41619873046875
0.878165602684021 0.00260179559700191 -0.4783497154712677 -11.216819763183594 -0.0339181125164032 0.997806966304779 -0.056840475648641586 -2.1491527557373047 0.4771527945995331 0.0661400556564331 0.8763279914855957 33.24100112915039
0.8749023675918579 0.0004022910725325346 -0.48429903388023376 -11.669915199279785 -0.031179293990135193 0.9979720115661621 -0.05549745261669159 -2.20375919342041 0.4832945466041565 0.06365496665239334 0.8731405735015869 34.07212448120117
0.8723251819610596 -0.00034487294033169746 -0.488925963640213 -12.167802810668945 -0.030606606975197792 0.9979999661445618 -0.055311236530542374 -2.268284559249878 0.48796719312667847 0.06321375072002411 0.8705700039863586 34.9208984375
0.8699381947517395 -0.0026547620072960854 -0.4931534230709076 -12.628884315490723 -0.02880030870437622 0.9980053305625916 -0.05617715045809746 -2.3182594776153564 0.49231889843940735 0.06307362765073776 0.8681265115737915 35.76226043701172
0.868479311466217 -0.0020342872012406588 -0.49572107195854187 -13.130038261413574 -0.029825327917933464 0.9979655742645264 -0.056347884237766266 -2.3811028003692627 0.4948272407054901 0.06372202187776566 0.8666518330574036 36.62974166870117
0.868113100528717 -0.002047594403848052 -0.49636217951774597 -13.632769584655762 -0.029430275782942772 0.9980198740959167 -0.05558914691209793 -2.4419820308685303 0.49549317359924316 0.0628657415509224 0.8663338422775269 37.48698425292969
0.8677732348442078 -0.001880707568489015 -0.4969567358493805 -14.141616821289062 -0.028848102316260338 0.9981159567832947 -0.054151151329278946 -2.501741647720337 0.4961223006248474 0.06132717803120613 0.866084098815918 38.37175369262695
0.8677406907081604 -0.0025609019212424755 -0.49701055884361267 -14.665042877197266 -0.027684327214956284 0.9981852173805237 -0.053477879613637924 -2.5659234523773193 0.49624550342559814 0.06016433984041214 0.8660949468612671 39.2463264465332
0.8669326901435852 -0.005063832271844149 -0.4983994662761688 -15.183650970458984 -0.02522813342511654 0.9982208609580994 -0.05402476713061333 -2.630783796310425 0.4977863132953644 0.05940953269600868 0.865262508392334 40.1552619934082
0.8659467697143555 -0.007381810806691647 -0.5000815987586975 -15.721278190612793 -0.022973163053393364 0.9982485175132751 -0.054515935480594635 -2.69494891166687 0.4996081590652466 0.058696359395980835 0.8642606139183044 41.06214141845703
0.8643744587898254 -0.007731697056442499 -0.5027892589569092 -16.26702880859375 -0.021759044378995895 0.9983700513839722 -0.05275978147983551 -2.7547271251678467 0.5023777484893799 0.05654441565275192 0.8627973794937134 41.99867248535156
0.8622998595237732 -0.007052778732031584 -0.506348729133606 -16.80800437927246 -0.020446404814720154 0.9986028671264648 -0.048728980123996735 -2.8202407360076904 0.5059848427772522 0.05237201601266861 0.8609508872032166 42.89712142944336
0.8594385385513306 -0.007009780500084162 -0.5111910104751587 -17.35672378540039 -0.018394701182842255 0.9988345503807068 -0.04462271183729172 -2.882779359817505 0.5109080076217651 0.04775368422269821 0.8583080172538757 43.8162841796875
0.8555418252944946 -0.007330896332859993 -0.5176818370819092 -17.934228897094727 -0.017088772729039192 0.9989551305770874 -0.04238780587911606 -2.9525883197784424 0.5174516439437866 0.04511108621954918 0.8545226454734802 44.74475860595703
0.8502921462059021 -0.010096042416989803 -0.5262141227722168 -18.499006271362305 -0.016022106632590294 0.9988560676574707 -0.04505383223295212 -3.0092480182647705 0.5260670781135559 0.04673997685313225 0.8491576910018921 45.640193939208984
0.8442040085792542 -0.01467214897274971 -0.5358211994171143 -19.062702178955078 -0.01338578388094902 0.9987365007400513 -0.0484376959502697 -3.064884901046753 0.5358548760414124 0.04806368052959442 0.8429408669471741 46.52955627441406
0.8382319808006287 -0.013916273601353168 -0.5451362133026123 -19.64881134033203 -0.014347797259688377 0.9987654089927673 -0.04755851626396179 -3.1317381858825684 0.5451250076293945 0.04768657311797142 0.8369974493980408 47.41141891479492
0.8324514627456665 -0.01062647346407175 -0.5539960861206055 -20.24993896484375 -0.015395215712487698 0.9989866018295288 -0.04229537397623062 -3.190678834915161 0.5538840293884277 0.043737735599279404 0.831444263458252 48.299110412597656
0.8273560404777527 -0.005364484153687954 -0.5616522431373596 -20.874752044677734 -0.019353531301021576 0.9990883469581604 -0.03805176541209221 -3.2476353645324707 0.5613442659378052 0.04235231131315231 0.8264980912208557 49.18705749511719
0.8233214616775513 -0.005575925577431917 -0.5675478577613831 -21.488245010375977 -0.02061784453690052 0.9989979863166809 -0.039724331349134445 -3.2999472618103027 0.5672006011009216 0.04440750926733017 0.8223816156387329 50.06243133544922
0.8194174766540527 -0.008406468667089939 -0.5731354355812073 -22.092636108398438 -0.020278124138712883 0.9988414645195007 -0.04364235699176788 -3.3621833324432373 0.5728381872177124 0.04738342761993408 0.8182977437973022 50.94609451293945
0.8166019320487976 -0.01011780183762312 -0.5771127343177795 -22.73230743408203 -0.02351156249642372 0.9984334111213684 -0.05077264457941055 -3.420116901397705 0.5767223238945007 0.05502985045313835 0.8150846362113953 51.8204231262207
0.8133542537689209 -0.011393081396818161 -0.5816572308540344 -23.365379333496094 -0.023299850523471832 0.9983681440353394 -0.05213641747832298 -3.4842731952667236 0.5813020467758179 0.05595790222287178 0.8117614388465881 52.69895553588867
0.810111939907074 -0.009632701054215431 -0.5861960649490356 -23.99836540222168 -0.023060893639922142 0.9985675811767578 -0.04827876016497612 -3.5479321479797363 0.5858213901519775 0.05262939631938934 0.8087295889854431 53.55404281616211
0.8069028258323669 -0.007299346849322319 -0.5906391739845276 -24.640546798706055 -0.022524237632751465 0.9988161325454712 -0.043115291744470596 -3.60650897026062 0.5902547240257263 0.04809354245662689 0.8057830929756165 54.42032241821289
0.8037220239639282 -0.00542913842946291 -0.5949801206588745 -25.27878189086914 -0.02282664179801941 0.9989409446716309 -0.039950352162122726 -3.666783571243286 0.5945668816566467 0.045690376311540604 0.8027469515800476 55.2873420715332
0.8007509708404541 -0.0051061734557151794 -0.5989755988121033 -25.950504302978516 -0.02405201829969883 0.9988831281661987 -0.040669672191143036 -3.718480110168457 0.5985143184661865 0.04697285592556 0.7997338175773621 56.163429260253906
0.7972118854522705 -0.006210009567439556 -0.6036676168441772 -26.60993194580078 -0.02429049089550972 0.9988073706626892 -0.042353227734565735 -3.7742955684661865 0.6032106280326843 0.04842788353562355 0.7961102724075317 57.0247802734375
0.7933223843574524 -0.009309820830821991 -0.6087305545806885 -27.28804588317871 -0.02309134416282177 0.9987034797668457 -0.045367565006017685 -3.831143617630005 0.6083637475967407 0.05004751309752464 0.7920788526535034 57.88617706298828
0.7889790534973145 -0.010180186480283737 -0.6143357157707214 -27.938331604003906 -0.02248823642730713 0.9987143278121948 -0.04543093964457512 -3.891611099243164 0.614008367061615 0.04965938255190849 0.7877357602119446 58.72121810913086
0.7843928933143616 -0.010244263336062431 -0.6201797127723694 -28.617815017700195 -0.021961122751235962 0.9987779855728149 -0.04427410289645195 -3.953805923461914 0.6198753714561462 0.048348136246204376 0.7832093834877014 59.57052993774414
0.7798697352409363 -0.009263631887733936 -0.6258732676506042 -29.300968170166016 -0.022894389927387238 0.9987993240356445 -0.043310921639204025 -4.015692710876465 0.6255230903625488 0.0481058694422245 0.7787212133407593 60.38465118408203
0.7741445302963257 -0.011642077006399632 -0.6329017877578735 -29.99615478515625 -0.021462159231305122 0.9987732768058777 -0.044624000787734985 -4.077754974365234 0.6326449513435364 0.048128869384527206 0.772944986820221 61.250816345214844
0.7686277031898499 -0.013001584447920322 -0.6395642757415771 -30.69527816772461 -0.021031072363257408 0.9987392425537109 -0.04557831212878227 -4.13805627822876 0.6393506526947021 0.0484834760427475 0.7673852443695068 62.089942932128906
0.763125479221344 -0.014174416661262512 -0.6460948586463928 -31.40399742126465 -0.020627163350582123 0.9987156987190247 -0.04627389833331108 -4.201613903045654 0.6459210515022278 0.048639897257089615 0.761853039264679 62.92441940307617
0.7573601007461548 -0.016542822122573853 -0.6527878046035767 -32.1321907043457 -0.01859201304614544 0.9987275004386902 -0.04687989130616188 -4.274312496185303 0.6527326107025146 0.04764159768819809 0.7560887932777405 63.757972717285156
0.7512936592102051 -0.017965637147426605 -0.6597234606742859 -32.858245849609375 -0.017896123230457306 0.9987072944641113 -0.047576989978551865 -4.339435577392578 0.6597252488136292 0.04755079001188278 0.7500009536743164 64.58267974853516
0.7452245950698853 -0.019476810470223427 -0.6665290594100952 -33.62432861328125 -0.016784941777586937 0.9987086653709412 -0.04795023053884506 -4.404431343078613 0.6666022539138794 0.04692133516073227 0.7439353466033936 65.41305541992188
0.73870450258255 -0.01929953321814537 -0.6737530827522278 -34.380313873291016 -0.016066305339336395 0.9988018274307251 -0.04622563719749451 -4.468647003173828 0.6738379001617432 0.044971808791160583 0.7375093698501587 66.24201965332031
0.7322583794593811 -0.019813111051917076 -0.680738627910614 -35.1524772644043 -0.015419410541653633 0.9988381266593933 -0.045657869428396225 -4.528237342834473 0.680852472782135 0.043929945677518845 0.7311019897460938 67.06396484375
0.7257811427116394 -0.021500611677765846 -0.6875895857810974 -35.910457611083984 -0.014396850019693375 0.9988178610801697 -0.04642907530069351 -4.592549800872803 0.6877750754356384 0.04359647259116173 0.7246135473251343 67.86143493652344
0.7188799977302551 -0.02392924390733242 -0.6947221755981445 -36.6967658996582 -0.0132171381264925 0.9987561106681824 -0.04807823523879051 -4.656196594238281 0.6950084567070007 0.04374472424387932 0.7176695466041565 68.68770599365234
0.7130566835403442 -0.0230975691229105 -0.700725793838501 -37.50159454345703 -0.014640512876212597 0.9987487196922302 -0.04781924560666084 -4.719409942626953 0.700953483581543 0.044356819242239 0.7118263244628906 69.48538970947266
0.7073825001716614 -0.022904502227902412 -0.7064597606658936 -38.31873321533203 -0.014413930475711823 0.9987996816635132 -0.04681536555290222 -4.784031391143799 0.7066839337348938 0.04329924285411835 0.7062032222747803 70.29674530029297
0.7024114727973938 -0.022629469633102417 -0.7114113569259644 -39.13221740722656 -0.0151022057980299 0.9987956881523132 -0.04668211191892624 -4.847012519836426 0.7116108536720276 0.04353393614292145 0.7012237906455994 71.0928726196289
0.697488009929657 -0.023317718878388405 -0.716217041015625 -39.960628509521484 -0.015983037650585175 0.9987156391143799 -0.04808004945516586 -4.906949043273926 0.7164180874824524 0.04498258978128433 0.6962195634841919 71.88932037353516
0.6920542120933533 -0.02532467618584633 -0.7214009761810303 -40.79578399658203 -0.016182607039809227 0.9985888600349426 -0.050579607486724854 -4.981888294219971 0.7216640114784241 0.046677980571985245 0.690667986869812 72.68537902832031
0.6870179772377014 -0.028519485145807266 -0.7260804176330566 -41.63640594482422 -0.014567204751074314 0.9984881281852722 -0.053002797067165375 -5.045895576477051 0.7264943718910217 0.04699084162712097 0.685563862323761 73.4725112915039
0.6818633079528809 -0.028325162827968597 -0.7309309840202332 -42.50468444824219 -0.016010740771889687 0.9984325766563416 -0.0536273755133152 -5.125224590301514 0.731304407119751 0.048269275575876236 0.6803410649299622 74.27601623535156
0.6767707467079163 -0.02819906361401081 -0.7356535196304321 -43.36541748046875 -0.015451353043317795 0.9985018372535706 -0.052489180117845535 -5.192814826965332 0.7360316514968872 0.046889979392290115 0.6753212809562683 75.06484985351562
0.6718964576721191 -0.028181688860058784 -0.7401086688041687 -44.25236129760742 -0.014656368643045425 0.9985742568969727 -0.051329053938388824 -5.268308162689209 0.7404999136924744 0.04533511772751808 0.6705255508422852 75.85494995117188
0.666715681552887 -0.029582953080534935 -0.7447248101234436 -45.13200759887695 -0.01402253843843937 0.9985372424125671 -0.052218932658433914 -5.335936069488525 0.7451801300048828 0.045258115977048874 0.6653256416320801 76.63773345947266
0.6620292663574219 -0.03024151921272278 -0.7488676309585571 -46.026912689208984 -0.013332007452845573 0.9985522627830505 -0.05211056396365166 -5.411398887634277 0.7493594288825989 0.044482629746198654 0.6606676578521729 77.41510772705078
0.6572656631469727 -0.031458839774131775 -0.7530021667480469 -46.91671371459961 -0.011793766170740128 0.998576819896698 -0.05201273038983345 -5.480179309844971 0.7535668015480042 0.04306691139936447 0.6559591889381409 78.20316314697266
0.6534581184387207 -0.0319320447742939 -0.7562888264656067 -47.84498977661133 -0.011267748661339283 0.9985887408256531 -0.05189814418554306 -5.555205345153809 0.7568787932395935 0.0424349345266819 0.6521762013435364 78.98339080810547
0.6496802568435669 -0.03445929288864136 -0.7594261765480042 -48.74449157714844 -0.00930008850991726 0.9985370635986328 -0.05326516926288605 -5.6234822273254395 0.7601506114006042 0.041668061167001724 0.6484094262123108 79.7414779663086
0.6452967524528503 -0.039116404950618744 -0.7629299163818359 -49.676570892333984 -0.005885524209588766 0.9984040260314941 -0.05616752803325653 -5.706666946411133 0.7639093399047852 0.04073496535420418 0.6440366506576538 80.53609466552734
0.6405909061431885 -0.043802350759506226 -0.766632080078125 -50.59351348876953 -0.0012849157210439444 0.9983091354370117 -0.05811313912272453 -5.776472568511963 0.7678813338279724 0.038211800158023834 0.6394515037536621 81.30450439453125
0.633735716342926 -0.04705232381820679 -0.7721173167228699 -51.51803970336914 0.003290673717856407 0.9983032941818237 -0.05813504010438919 -5.858028888702393 0.7735426425933838 0.03430146723985672 0.6328153014183044 82.07081604003906
0.6253570318222046 -0.05100630596280098 -0.7786700129508972 -52.457115173339844 0.008091656491160393 0.9982315897941589 -0.05889007821679115 -5.938166618347168 0.780296802520752 0.03052659146487713 0.6246639490127563 82.82254028320312
0.616377592086792 -0.05150401219725609 -0.7857645750045776 -53.415889739990234 0.010581647977232933 0.998310387134552 -0.05713505670428276 -6.022320747375488 0.7873796224594116 0.026902075856924057 0.6158811450004578 83.56999206542969
0.6074038147926331 -0.049957823008298874 -0.7928206920623779 -54.38865661621094 0.010836738161742687 0.9984488487243652 -0.0546126626431942 -6.102096080780029 0.794319212436676 0.024580348283052444 0.6070030331611633 84.31314086914062
0.5983521342277527 -0.04980656877160072 -0.7996836304664612 -55.36419677734375 0.01036914624273777 0.9984638690948486 -0.0544285923242569 -6.185462474822998 0.8011660575866699 0.02427542768418789 0.5979494452476501 85.03288269042969
0.5891728401184082 -0.051432106643915176 -0.8063684701919556 -56.36178207397461 0.009499410167336464 0.9983440041542053 -0.05673602223396301 -6.254196643829346 0.8079512119293213 0.02576729655265808 0.5886857509613037 85.74873352050781
0.5791125297546387 -0.05367714911699295 -0.8134785294532776 -57.36943054199219 0.010040762834250927 0.9982239603996277 -0.05871952697634697 -6.335875034332275 0.8151857852935791 0.02583727054297924 0.5786230564117432 86.46782684326172
0.5692490935325623 -0.05555381625890732 -0.8202860355377197 -58.402462005615234 0.010332669131457806 0.9981191158294678 -0.060427043586969376 -6.41400671005249 0.8221001625061035 0.025922296568751335 0.5687524080276489 87.16769409179688
0.5590213537216187 -0.05570250004529953 -0.8272800445556641 -59.40559768676758 0.013247623108327389 0.998213529586792 -0.05825993791222572 -6.51115083694458 0.8290473818778992 0.021609053015708923 0.5587606430053711 87.84928131103516
0.5494916439056396 -0.055574674159288406 -0.8336488604545593 -60.455657958984375 0.014161264523863792 0.9982614517211914 -0.05721420794725418 -6.596528053283691 0.8353791832923889 0.019633207470178604 0.549323320388794 88.52548217773438
0.5386239290237427 -0.056518688797950745 -0.8406485319137573 -61.50716018676758 0.014633465558290482 0.9982245564460754 -0.057736873626708984 -6.680142402648926 0.8424192070960999 0.018796859309077263 0.5384947657585144 89.21015167236328
0.5279662013053894 -0.05688964203000069 -0.8473578095436096 -62.534645080566406 0.013729026541113853 0.998195230960846 -0.05846233293414116 -6.771800994873047 0.8491542935371399 0.019232740625739098 0.5277944207191467 89.84822082519531
0.5180761814117432 -0.05734734609723091 -0.8534098863601685 -63.6120491027832 0.012060288339853287 0.9981404542922974 -0.05975155159831047 -6.855439186096191 0.8552494049072266 0.020663483068346977 0.5178044438362122 90.49453735351562
0.5080742835998535 -0.058615610003471375 -0.8593164682388306 -64.68878936767578 0.01104702427983284 0.9980430006980896 -0.06154683232307434 -6.941462993621826 0.8612422943115234 0.021777473390102386 0.5077275633811951 91.12621307373047
0.4986264109611511 -0.057822633534669876 -0.8648862838745117 -65.79296875 0.009941456839442253 0.9980884790420532 -0.06099649518728256 -7.041893482208252 0.8667599558830261 0.021816231310367584 0.4982481300830841 91.7546615600586
0.4899337887763977 -0.05606846138834953 -0.8699547052383423 -66.9094467163086 0.009076064452528954 0.9982035160064697 -0.05922269821166992 -7.1259989738464355 0.871712327003479 0.021119438111782074 0.4895625710487366 92.37652587890625
0.4815415143966675 -0.05440693348646164 -0.8747329115867615 -68.01966094970703 0.010003496892750263 0.9983474612236023 -0.05658861622214317 -7.216100692749023 0.8763660788536072 0.018499383702874184 0.4812900722026825 92.99401092529297
0.4741220772266388 -0.05423463508486748 -0.8787871599197388 -69.10474395751953 0.009735054336488247 0.9983629584312439 -0.056362051516771317 -7.3045735359191895 0.8804053068161011 0.01816745288670063 0.47387388348579407 93.56351470947266
0.4660697281360626 -0.05790235102176666 -0.8828513026237488 -70.2334213256836 0.011889390647411346 0.9981760382652283 -0.059189412742853165 -7.3861188888549805 0.8846680521965027 0.017089834436774254 0.4659080505371094 94.1647720336914
0.45914578437805176 -0.06136634945869446 -0.8862388730049133 -71.3673095703125 0.01422723289579153 0.9979912638664246 -0.06173359230160713 -7.469509124755859 0.888247013092041 0.015735991299152374 0.45909661054611206 94.74478149414062
0.45312991738319397 -0.06391670554876328 -0.8891502618789673 -72.47935485839844 0.01525700930505991 0.997836172580719 -0.06395430862903595 -7.5672993659973145 0.891313910484314 0.015413843095302582 0.45312467217445374 95.31752014160156
0.4473668336868286 -0.06738119572401047 -0.8918087482452393 -73.61660766601562 0.01744193583726883 0.9976254105567932 -0.06662668287754059 -7.666561126708984 0.8941805362701416 0.014251697808504105 0.44747981429100037 95.8928451538086
0.44268733263015747 -0.0684368833899498 -0.8940606713294983 -74.7606430053711 0.020516548305749893 0.9975951313972473 -0.06620346009731293 -7.770124435424805 0.8964412808418274 0.010964391753077507 0.44302693009376526 96.45442962646484
0.43863368034362793 -0.06561533361673355 -0.896267294883728 -75.90748596191406 0.022057292982935905 0.9978165030479431 -0.06225484237074852 -7.869925022125244 0.8983951807022095 0.007537837605923414 0.439123272895813 97.01480102539062
0.43446025252342224 -0.06382665038108826 -0.8984266519546509 -77.05139923095703 0.025372248142957687 0.9979574680328369 -0.05862809717655182 -7.970158576965332 0.9003335237503052 0.0026764723006635904 0.4351922571659088 97.57152557373047
0.4316072165966034 -0.06330983340740204 -0.8998372554779053 -78.18431091308594 0.02576390840113163 0.9979923367500305 -0.05785807594656944 -8.052218437194824 0.9016936421394348 0.0017886357381939888 0.4323718547821045 98.10499572753906
0.4287748336791992 -0.06323426961898804 -0.9011956453323364 -79.3131332397461 0.027629414573311806 0.9979985952377319 -0.05688101798295975 -8.140915870666504 0.9029887318611145 -0.0005103601142764091 0.4296638071537018 98.63716125488281
0.4265156388282776 -0.06182275339961052 -0.9023647904396057 -80.43940734863281 0.029015742242336273 0.9980830550193787 -0.05466587841510773 -8.239542961120605 0.9040147066116333 -0.0028669312596321106 0.42749184370040894 99.16508483886719
0.42371660470962524 -0.06180756911635399 -0.9036835432052612 -81.57538604736328 0.031623780727386475 0.9980704188346863 -0.05343550816178322 -8.314903259277344 0.9052426218986511 -0.0059363823384046555 0.4248535633087158 99.69795989990234
0.4206886887550354 -0.06308051198720932 -0.9050093293190002 -82.71481323242188 0.0348154716193676 0.9979674220085144 -0.053376052528619766 -8.39551067352295 0.9065368175506592 -0.009053626097738743 0.4220297336578369 100.23849487304688
0.41856732964515686 -0.06341338157653809 -0.9059691429138184 -83.80223083496094 0.03629684820771217 0.9979302883148193 -0.05308067798614502 -8.47608757019043 0.90746009349823 -0.01066599041223526 0.42000269889831543 100.74778747558594
0.41647836565971375 -0.06280571222305298 -0.9069736003875732 -84.91006469726562 0.03938532993197441 0.9979208707809448 -0.05101799592375755 -8.55353832244873 0.9082921147346497 -0.014473565854132175 0.41808605194091797 101.2619857788086
0.41413405537605286 -0.06201908737421036 -0.9081004858016968 -86.01422882080078 0.04149531573057175 0.9979251027107239 -0.04922998696565628 -8.636164665222168 0.9092695713043213 -0.017294105142354965 0.4158482551574707 101.76343536376953
0.41269057989120483 -0.06371200084686279 -0.9086403250694275 -87.11434936523438 0.04386885464191437 0.997783362865448 -0.050037968903779984 -8.712491035461426 0.9098142385482788 -0.01921081729233265 0.41457074880599976 102.26112365722656
0.4111483097076416 -0.06420639902353287 -0.9093044400215149 -88.16898345947266 0.045068688690662384 0.9977282285690308 -0.05007191374897957 -8.801270484924316 0.9104536771774292 -0.02039417251944542 0.4131080210208893 102.74559783935547
0.41064780950546265 -0.06513724476099014 -0.909464418888092 -89.23856353759766 0.04471476748585701 0.9976835250854492 -0.05126570537686348 -8.882791519165039 0.9106970429420471 -0.019614338874816895 0.41260915994644165 103.22340393066406
0.41130733489990234 -0.06579285115003586 -0.9091190695762634 -90.28627014160156 0.04419521242380142 0.9976579546928406 -0.052205413579940796 -8.965564727783203 0.9104246497154236 -0.018706239759922028 0.41325175762176514 103.69857788085938
0.4132814109325409 -0.06565093994140625 -0.9082335829734802 -91.32544708251953 0.0422472208738327 0.9977060556411743 -0.05289425328373909 -9.046730995178223 0.9096227288246155 -0.016510136425495148 0.41510695219039917 104.1674575805664
0.41769808530807495 -0.065794438123703 -0.9062004685401917 -92.36017608642578 0.03993099555373192 0.9977403283119202 -0.05403511971235275 -9.12510871887207 0.907707929611206 -0.013615121133625507 0.4193814694881439 104.64073181152344
0.42309868335723877 -0.06580159813165665 -0.9036910533905029 -93.40367126464844 0.038256462663412094 0.9977675080299377 -0.054740410298109055 -9.213106155395508 0.9052755832672119 -0.011411430314183235 0.4246714115142822 105.1105728149414
0.42852136492729187 -0.06626708805561066 -0.9010983109474182 -94.41789245605469 0.038539767265319824 0.9977397322654724 -0.05504636466503143 -9.28830337524414 0.9027092456817627 -0.011139579117298126 0.43010666966438293 105.599365234375
0.43523257970809937 -0.06531491875648499 -0.8979458212852478 -95.42390441894531 0.037292417138814926 0.9978168606758118 -0.054503798484802246 -9.362560272216797 0.8995452523231506 -0.009764743968844414 0.4367181658744812 106.08907318115234
0.44368883967399597 -0.06346670538187027 -0.8939307332038879 -96.43708801269531 0.036035191267728806 0.9979459643363953 -0.05296599492430687 -9.444269180297852 0.8954561352729797 -0.008712545037269592 0.4450644552707672 106.57443237304688
0.4529154300689697 -0.06320372968912125 -0.889310359954834 -97.41166687011719 0.03558185696601868 0.9979707598686218 -0.0528048537671566 -9.518848419189453 0.8908431529998779 -0.007727178279310465 0.4542452394962311 107.06139373779297
0.4623255133628845 -0.06301873177289963 -0.8844680786132812 -98.39694213867188 0.03454062342643738 0.9979941844940186 -0.053052593022584915 -9.587782859802246 0.886037290096283 -0.006022512447088957 0.4635748565196991 107.5699691772461
0.4717399775981903 -0.06304727494716644 -0.8794808387756348 -99.36808776855469 0.033316418528556824 0.9980025291442871 -0.05367332696914673 -9.673336029052734 0.8811080455780029 -0.003981295041739941 0.4728982448577881 108.09213256835938
0.48227986693382263 -0.06519119441509247 -0.8735880851745605 -100.32492065429688 0.032513149082660675 0.9978721141815186 -0.0565163753926754 -9.741705894470215 0.8754135370254517 -0.0011463891714811325 0.4833731949329376 108.61397552490234
0.49380210041999817 -0.06643420457839966 -0.8670328259468079 -101.28007507324219 0.03072347678244114 0.9977877736091614 -0.05895500257611275 -9.813067436218262 0.8690313696861267 0.002473841654136777 0.4947507381439209 109.1515121459961
0.5063642263412476 -0.06446328014135361 -0.8599068522453308 -102.23026275634766 0.02868727222084999 0.9979092478752136 -0.05791591480374336 -9.896230697631836 0.8618423342704773 0.004658167716115713 0.5071547627449036 109.701416015625
0.5191375017166138 -0.061782460659742355 -0.8524547815322876 -103.15071105957031 0.027298104017972946 0.9980736374855042 -0.0557120181620121 -9.9780855178833 0.8542546629905701 0.0056517962366342545 0.5198239684104919 110.25155639648438
0.5314314365386963 -0.05936248227953911 -0.845018744468689 -104.06414031982422 0.026690956205129623 0.9982197284698486 -0.0533389151096344 -10.057143211364746 0.8466807007789612 0.005791618954390287 0.532069742679596 110.82357025146484
0.543534517288208 -0.05923544615507126 -0.8372941017150879 -104.97024536132812 0.026925262063741684 0.9982239603996277 -0.05314193293452263 -10.124239921569824 0.8389549255371094 0.006340112537145615 0.5441640615463257 111.40010070800781
