1.0 0.0 0.0 0.0 0.0 1.0 0.0 0.0 0.0 0.0 1.0 0.0
0.9998738169670105 0.0015000103740021586 0.01581517606973648 0.010633726604282856 -0.0014854012988507748 0.9999984502792358 -0.0009354446665383875 -0.0033727153204381466 -0.01581655628979206 0.0009118347079493105 0.999874472618103 0.12608660757541656
0.999292254447937 0.0043222540989518166 0.03736777603626251 0.027215657755732536 -0.004310438875108957 0.9999906420707703 -0.00039674495928920805 -0.004855960141867399 -0.03736913949251175 0.00023539263929706067 0.9993014931678772 0.27260056138038635
0.9978956580162048 0.006015337537974119 0.06456071138381958 0.05639684945344925 -0.006089799106121063 0.9999809861183167 0.0009566341759636998 -0.0047204764559865 -0.06455373018980026 -0.0013477829052135348 0.9979133009910583 0.43630293011665344
0.9951351284980774 0.005626264028251171 0.09835829585790634 0.10309329628944397 -0.005972912069410086 0.9999768733978271 0.0032302364706993103 -0.003838847391307354 -0.09833785891532898 -0.0038020070642232895 0.9951457977294922 0.6096217632293701
0.9906367659568787 0.00256637972779572 0.1364995837211609 0.16392606496810913 -0.0033110438380390406 0.9999808669090271 0.0052286721765995026 -0.004630593582987785 -0.13648353517055511 -0.005631671287119389 0.990626335144043 0.7942058444023132
0.9843554496765137 -0.00030856585362926126 0.17619363963603973 0.2369123101234436 -0.000661583268083632 0.9999849200248718 0.005447383504360914 -0.0036300462670624256 -0.17619268596172333 -0.00547872856259346 0.984340488910675 0.9886265993118286
0.9755750894546509 -0.0004887235700152814 0.2196654975414276 0.3209000527858734 -0.0009988764068111777 0.9999772906303406 0.006660996936261654 -0.00033559277653694153 -0.21966378390789032 -0.006717722397297621 0.975552499294281 1.1923139095306396
0.963392972946167 -0.0003135403385385871 0.2680927813053131 0.4125001132488251 -0.0023385779932141304 0.9999514818191528 0.009573157876729965 0.0021100882440805435 -0.26808273792266846 -0.0098496712744236 0.9633455276489258 1.4081685543060303
0.9489603638648987 -0.003935936838388443 0.31537067890167236 0.5301560163497925 -0.0014061235124245286 0.9998593926429749 0.016709668561816216 -0.0024336911737918854 -0.31539207696914673 -0.01630026288330555 0.9488214254379272 1.6187264919281006
0.931877613067627 -0.01320529356598854 0.3625325560569763 0.6702722907066345 0.004590265452861786 0.9996865391731262 0.024614587426185608 -0.002091042697429657 -0.36274388432502747 -0.02127365954220295 0.9316459894180298 1.839186429977417
0.9105761051177979 -0.018406067043542862 0.4129314720630646 0.8261114954948425 0.007087890524417162 0.9995564222335815 0.02892450988292694 -0.0035477355122566223 -0.41328075528144836 -0.02341114915907383 0.9103025794029236 2.053795576095581
0.8850577473640442 -0.019734621047973633 0.4650627374649048 0.9942266941070557 0.005068223923444748 0.9994502067565918 0.03276569023728371 0.0026484504342079163 -0.46545374393463135 -0.026642486453056335 0.8846710324287415 2.286620855331421
0.856839656829834 -0.02230093441903591 0.5151004791259766 1.18428635597229 0.003474063239991665 0.9992911219596863 0.03748475760221481 0.003935083746910095 -0.5155712962150574 -0.030328933149576187 0.856309711933136 2.5001332759857178
0.8243640065193176 -0.02639097161591053 0.5654443502426147 1.3656325340270996 0.003522147424519062 0.9991323947906494 0.04149754345417023 0.009130947291851044 -0.5660488605499268 -0.03221750631928444 0.8237418532371521 2.6977059841156006
0.7881938219070435 -0.031896959990262985 0.6146001219749451 1.5952571630477905 0.0054429927840828896 0.9989782571792603 0.04486534744501114 0.010894909501075745 -0.6154030561447144 -0.03201732411980629 0.7875620722770691 2.9077091217041016
0.7497327923774719 -0.03570310398936272 0.6607767939567566 1.8381413221359253 0.00580084091052413 0.998859703540802 0.04738863557577133 0.017980113625526428 -0.6617152690887451 -0.03169575333595276 0.749085009098053 3.1263861656188965
0.709407389163971 -0.03857323154807091 0.7037422060966492 2.1087169647216797 0.006509670056402683 0.9988172650337219 0.04818468540906906 0.033337175846099854 -0.7047685980796814 -0.02960144355893135 0.708819568157196 3.3373913764953613
0.6670845150947571 -0.04020675644278526 0.7438963055610657 2.408952236175537 0.005318162031471729 0.9987741112709045 0.04921358451247215 0.04906243085861206 -0.7449630498886108 -0.02887345291674137 0.666480541229248 3.5598154067993164
0.6240440011024475 -0.040150489658117294 0.7803570032119751 2.738346815109253 0.00024182931520044804 0.9986889362335205 0.051190588623285294 0.06614920496940613 -0.7813892364501953 -0.03175646439194679 0.6232354640960693 3.7846851348876953
0.5823060274124146 -0.04078201204538345 0.8119460940361023 3.080834150314331 -0.0030092576052993536 0.9986259937286377 0.052316635847091675 0.07931177318096161 -0.8129639625549316 -0.03290765359997749 0.5813832879066467 3.989295482635498
0.5416542291641235 -0.041913483291864395 0.8395558595657349 3.457693576812744 -0.004756617825478315 0.9985873699188232 0.05292169377207756 0.10043635964393616 -0.8405879139900208 -0.032658711075782776 0.5406897068023682 4.19480562210083
0.5028679370880127 -0.044092707335948944 0.8632380366325378 3.867527723312378 -0.006632314994931221 0.9984717965126038 0.05486379191279411 0.1156097799539566 -0.8643378019332886 -0.03331450745463371 0.5018070340156555 4.401291847229004
0.46573519706726074 -0.04375280439853668 0.8838418126106262 4.291907787322998 -0.009537805803120136 0.9984707832336426 0.05445316433906555 0.13417008519172668 -0.8848726749420166 -0.03379066288471222 0.46460574865341187 4.600118637084961
0.4292681813240051 -0.04285760968923569 0.9021596312522888 4.749788284301758 -0.010676989331841469 0.9985629916191101 0.05251764506101608 0.15696357190608978 -0.9031139612197876 -0.03217650577425957 0.42819368839263916 4.788050651550293
0.39531612396240234 -0.041317179799079895 0.9176154136657715 5.244109153747559 -0.009679660201072693 0.9987449645996094 0.04914024472236633 0.18054300546646118 -0.9184941053390503 -0.028308141976594925 0.3944200873374939 4.977685928344727
0.36605390906333923 -0.03980221599340439 0.9297420978546143 5.759848117828369 -0.007197996601462364 0.9989339113235474 0.04559827595949173 0.19752001762390137 -0.9305657744407654 -0.02338370867073536 0.36537715792655945 5.150323867797852
0.3408297300338745 -0.03795544058084488 0.9393585920333862 6.3053693771362305 -0.0060265748761594296 0.9990758895874023 0.04255499690771103 0.22061382234096527 -0.9401056170463562 -0.02016512304544449 0.3402860760688782 5.324960231781006
0.32051506638526917 -0.03748462349176407 0.9465014934539795 6.8832268714904785 -0.004789766855537891 0.9991397261619568 0.04119124263525009 0.24530711770057678 -0.9472313523292542 -0.017735937610268593 0.3200598657131195 5.506311416625977
0.30546680092811584 -0.037872713059186935 0.9514492750167847 7.483534812927246 -0.003934784792363644 0.9991499781608582 0.04103474318981171 0.2679855227470398 -0.9521945714950562 -0.016278499737381935 0.3050581216812134 5.7034711837768555
0.29413461685180664 -0.03907962143421173 0.9549646973609924 8.108877182006836 -0.0030360566452145576 0.9991204142570496 0.04182170704007149 0.2952316403388977 -0.9557591080665588 -0.015200542286038399 0.29375725984573364 5.882194995880127
0.2831172049045563 -0.04061804711818695 0.958224892616272 8.777628898620605 -0.004570581950247288 0.9990342259407043 0.043698348104953766 0.3249286115169525 -0.9590743780136108 -0.016751399263739586 0.282658189535141 6.079475402832031
0.27239757776260376 -0.04272923991084099 0.961235523223877 9.453217506408691 -0.00595517223700881 0.9989194273948669 0.04609197378158569 0.34210091829299927 -0.9621663689613342 -0.0182796698063612 0.27184879779815674 6.27863883972168
0.2624830901622772 -0.04454328119754791 0.9639079570770264 10.156184196472168 -0.0068529099225997925 0.9988226890563965 0.048022858798503876 0.3695572018623352 -0.9649122953414917 -0.01921076327562332 0.2618688642978668 6.466744422912598
0.2527124285697937 -0.046374768018722534 0.9664294123649597 10.873312950134277 -0.0076477439142763615 0.9987237453460693 0.04992424696683884 0.40104538202285767 -0.9675112366676331 -0.020007479935884476 0.2520352303981781 6.642306804656982
0.24162563681602478 -0.04757237061858177 0.9692026972770691 11.617729187011719 -0.0081669632345438 0.9986624121665955 0.05105443298816681 0.43695104122161865 -0.9703351855278015 -0.020251503214240074 0.2409139722585678 6.838808059692383
0.23121890425682068 -0.048826705664396286 0.9716757535934448 12.379406929016113 -0.008091621100902557 0.9986088275909424 0.05210556462407112 0.4711044728755951 -0.9728681445121765 -0.01991022378206253 0.2305021435022354 7.018314361572266
0.22112403810024261 -0.05175523832440376 0.9738713502883911 13.163644790649414 -0.009455261752009392 0.9984301328659058 0.055207256227731705 0.5063416957855225 -0.9751999378204346 -0.02141585946083069 0.2202875316143036 7.191779136657715
0.20951023697853088 -0.055174972862005234 0.9762485027313232 13.961254119873047 -0.010974148288369179 0.998211145401001 0.05877137556672096 0.543519139289856 -0.9777448773384094 -0.02302669733762741 0.20852993428707123 7.370941162109375
0.19736425578594208 -0.05897149071097374 0.978554904460907 14.761017799377441 -0.011961440555751324 0.997969925403595 0.0625540167093277 0.5791580677032471 -0.9802572727203369 -0.02405085228383541 0.19625820219516754 7.530574798583984
0.18417121469974518 -0.061091285198926926 0.9809936881065369 15.558003425598145 -0.013069362379610538 0.997826099395752 0.06459314376115799 0.6169524788856506 -0.9828072786331177 -0.024717161431908607 0.18297240138053894 7.6817708015441895
0.16995565593242645 -0.061528027057647705 0.9835289716720581 16.372379302978516 -0.013436364941298962 0.9978116154670715 0.06474332511425018 0.6597533226013184 -0.9853600859642029 -0.02421855553984642 0.16875702142715454 7.827122688293457
0.15511454641819 -0.06027142331004143 0.9860562682151794 17.182504653930664 -0.014874741435050964 0.9978814721107483 0.0633341372013092 0.7004988193511963 -0.9877845048904419 -0.02449137717485428 0.15388941764831543 7.957649230957031
0.13956701755523682 -0.05922327935695648 0.9884399175643921 18.003650665283203 -0.0153903067111969 0.997959554195404 0.06196674704551697 0.7359892129898071 -0.9900929927825928 -0.023860910907387733 0.13837075233459473 8.05677604675293
0.1183512955904007 -0.057924531400203705 0.9912807941436768 18.815061569213867 -0.017719816416502 0.9980149269104004 0.06043364480137825 0.7660493850708008 -0.9928136467933655 -0.02471771463751793 0.11708992719650269 8.16226863861084
0.09216954559087753 -0.0563105084002018 0.994149923324585 19.645435333251953 -0.02223571576178074 0.9980342388153076 0.0585920587182045 0.8049736022949219 -0.9954950213432312 -0.027506032958626747 0.0907362699508667 8.244922637939453
0.0619669146835804 -0.05620746314525604 0.9964942336082458 20.47992706298828 -0.02600841596722603 0.9979829788208008 0.057908765971660614 0.8334560990333557 -0.9977392554283142 -0.029505666345357895 0.06038006767630577 8.293701171875
0.029240824282169342 -0.05589202046394348 0.9980085492134094 21.33222198486328 -0.028876356780529022 0.9979715347290039 0.05673599988222122 0.8700581789016724 -0.9991553425788879 -0.03047785721719265 0.02756754867732525 8.308127403259277
-0.00550139881670475 -0.055742230266332626 0.9984300136566162 22.181678771972656 -0.0302596352994442 0.9979972243309021 0.05555133894085884 0.8960195779800415 -0.9995269775390625 -0.02990652061998844 -0.007177118211984634 8.30115032196045
-0.03934285044670105 -0.05423562973737717 0.9977527856826782 23.028440475463867 -0.03146933391690254 0.998097836971283 0.053013499826192856 0.9295487403869629 -0.9987300634384155 -0.029312916100025177 -0.04097476974129677 8.258882522583008
-0.072217658162117 -0.05239449813961983 0.9960118532180786 23.880226135253906 -0.03307328745722771 0.9981959462165833 0.05011134594678879 0.9560261368751526 -0.9968403577804565 -0.029322460293769836 -0.07382021844387054 8.189510345458984
-0.10505510866641998 -0.049599528312683105 0.9932287335395813 24.713451385498047 -0.03701232746243477 0.9982584714889526 0.04593585804104805 0.9773063659667969 -0.993777334690094 -0.031935915350914 -0.10670793801546097 8.110262870788574
-0.13728433847427368 -0.044691573828458786 0.9895230531692505 25.552173614501953 -0.03406341373920441 0.9986037015914917 0.04037582129240036 1.0001144409179688 -0.9899457097053528 -0.02816355600953102 -0.13861501216888428 7.977466583251953
-0.1687394678592682 -0.039042286574840546 0.9848871231079102 26.39000129699707 -0.028614064678549767 0.9989880919456482 0.034698858857154846 1.0153467655181885 -0.9852452278137207 -0.02232656441628933 -0.16968587040901184 7.818823337554932
-0.19860416650772095 -0.03251047432422638 0.9795404672622681 27.219314575195312 -0.02114613726735115 0.9993590712547302 0.02888081967830658 1.0260751247406006 -0.9798516035079956 -0.014977648854255676 -0.19916437566280365 7.629283905029297
-0.22787973284721375 -0.027047524228692055 0.973313570022583 28.031314849853516 -0.016544992104172707 0.9995773434638977 0.023903729394078255 1.0275771617889404 -0.9735487103462219 -0.01065628882497549 -0.22823095321655273 7.431027889251709
-0.2557685971260071 -0.020961055532097816 0.9665108323097229 28.848962783813477 -0.007809434086084366 0.99977707862854 0.01961589977145195 1.0293762683868408 -0.9667064547538757 -0.00253077270463109 -0.25587525963783264 7.1951117515563965
-0.2813590466976166 -0.010417276062071323 0.9595460295677185 29.64664077758789 -0.0013116983463987708 0.9999443292617798 0.010471240617334843 1.0217264890670776 -0.9596017003059387 0.0016875430010259151 -0.2813570201396942 6.935899257659912
-0.3069499135017395 0.005447494797408581 0.9517101049423218 30.433902740478516 0.003320439951494336 0.9999836087226868 -0.004652881994843483 1.0109646320343018 -0.9517198801040649 0.0017318949103355408 -0.30696290731430054 6.66886043548584
-0.33142873644828796 0.022272523492574692 0.9432173371315002 31.213403701782227 0.003759252605959773 0.9997445344924927 -0.02228638529777527 0.9854719638824463 -0.943472683429718 -0.0038405589293688536 -0.33142778277397156 6.385418891906738
-0.35684090852737427 0.03718871995806694 0.9334246516227722 31.98223876953125 0.004272798076272011 0.9992617964744568 -0.03817828744649887 0.9526667594909668 -0.9341553449630737 -0.009635239839553833 -0.356736421585083 6.08690071105957
-0.38148167729377747 0.047315917909145355 0.9231646060943604 32.7412109375 0.007803633809089661 0.9988183379173279 -0.04796876013278961 0.9082632064819336 -0.9243434071540833 -0.011095166206359863 -0.3814001679420471 5.7647247314453125
-0.40434426069259644 0.05161024257540703 0.9131495952606201 33.49195098876953 0.010576638393104076 0.9986036419868469 -0.05175666883587837 0.8592257499694824 -0.9145457148551941 -0.011269457638263702 -0.4043254852294922 5.422733306884766
-0.4268644452095032 0.05106387287378311 0.9028728008270264 34.24469757080078 0.014508532360196114 0.9986626505851746 -0.0496220588684082 0.7999469041824341 -0.9041993021965027 -0.008082536049187183 -0.4270344376564026 5.053959846496582
-0.4468693435192108 0.04709983989596367 0.8933584094047546 34.98282241821289 0.018307628110051155 0.9988853931427002 -0.04350573942065239 0.7461529970169067 -0.8944118618965149 -0.003086108947172761 -0.44723352789878845 4.669569969177246
-0.4648759663105011 0.0461619533598423 0.8841716051101685 35.70972442626953 0.026510199531912804 0.9989177584648132 -0.03821435198187828 0.6961768865585327 -0.8849788308143616 0.005674631334841251 -0.46559667587280273 4.27247428894043
-0.47842124104499817 0.046066317707300186 0.8769212961196899 36.41753005981445 0.027790971100330353 0.9989170432090759 -0.03731309249997139 0.648017168045044 -0.8776906132698059 0.006519119720906019 -0.4791834056377411 3.878706932067871
-0.48920902609825134 0.050547827035188675 0.8707005381584167 37.11385726928711 0.03213978931307793 0.9986857771873474 -0.03991995379328728 0.6020277738571167 -0.8715742230415344 0.008454933762550354 -0.490190714597702 3.472020149230957
-0.49913573265075684 0.05274435132741928 0.8649170994758606 37.80735778808594 0.03243906795978546 0.9985834956169128 -0.042175307869911194 0.5560258626937866 -0.8659164309501648 0.007005895953625441 -0.5001396536827087 3.06571102142334
-0.5100690126419067 0.051976244896650314 0.858561635017395 38.49578857421875 0.026428276672959328 0.9986483454704285 -0.044755954295396805 0.5043637752532959 -0.8597274422645569 -0.00013832096010446548 -0.5107531547546387 2.6660079956054688
-0.5212152600288391 0.05047821253538132 0.851931095123291 39.19647979736328 0.025430923327803612 0.9987245202064514 -0.04361719265580177 0.45671844482421875 -0.8530462980270386 -0.0010685526067391038 -0.5218341946601868 2.2437782287597656
-0.5297704339027405 0.05170788988471031 0.8465633988380432 39.87257766723633 0.027542566880583763 0.9986622929573059 -0.0437621995806694 0.4115729331970215 -0.8476937413215637 0.00013261336425784975 -0.5304858088493347 1.812520980834961
-0.537070095539093 0.05475190281867981 0.8417588472366333 40.55271911621094 0.03052431531250477 0.9984992146492004 -0.04547148570418358 0.3613847494125366 -0.8429852724075317 0.0012727318098768592 -0.5379352569580078 1.375314712524414
-0.5403389930725098 0.057564571499824524 0.8394759297370911 41.24650192260742 0.03174305334687233 0.9983415007591248 -0.048026494681835175 0.31580424308776855 -0.8408485054969788 0.0006969436071813107 -0.5412701964378357 0.9212284088134766
-0.5401669144630432 0.059855252504348755 0.8394266366958618 41.94874954223633 0.031420253217220306 0.998206377029419 -0.050958260893821716 0.2684195041656494 -0.8409711122512817 -0.0011509743053466082 -0.5410788059234619 0.4716663360595703
-0.5367885828018188 0.06029089540243149 0.8415597677230835 42.671775817871094 0.03360539302229881 0.9981800317764282 -0.05007625371217728 0.2205754518508911 -0.8430472016334534 0.0014005907578393817 -0.5378377437591553 0.013219833374023438
-0.5311394333839417 0.059017445892095566 0.8452265858650208 43.40961456298828 0.03231455013155937 0.9982563257217407 -0.04939624294638634 0.15871262550354004 -0.846668004989624 0.0010768210049718618 -0.5321205258369446 -0.4442024230957031
-0.5240730047225952 0.057465024292469025 0.8497324585914612 44.15885543823242 0.029243312776088715 0.9983469247817993 -0.049479566514492035 0.11342668533325195 -0.8511711359024048 -0.0010819151066243649 -0.5248871445655823 -0.8955345153808594
-0.5167377591133118 0.057054538279771805 0.8542405962944031 44.93016815185547 0.02777840383350849 0.9983689785003662 -0.04987744614481926 0.060672640800476074 -0.855692982673645 -0.002044116845354438 -0.5174797177314758 -1.3588504791259766
-0.5110592246055603 0.05541115254163742 0.857757568359375 45.71699523925781 0.024522680789232254 0.9984536170959473 -0.04988929629325867 0.004691123962402344 -0.8591955900192261 -0.004461871460080147 -0.511627733707428 -1.809793472290039
-0.5062788724899292 0.05315807834267616 0.8607298731803894 46.524681091308594 0.02035285159945488 0.9985567927360535 -0.04969868063926697 -0.04905593395233154 -0.8621296286582947 -0.007643082644790411 -0.5066301822662354 -2.2824058532714844
-0.505109429359436 0.05042903870344162 0.8615807294845581 47.3518180847168 0.016197213903069496 0.998669445514679 -0.048957206308841705 -0.10486996173858643 -0.8629032969474792 -0.010773533955216408 -0.505254328250885 -2.753049850463867
-0.5057329535484314 0.047854945063591 0.8613617420196533 48.181068420410156 0.013333884999155998 0.9987745881080627 -0.04766048491001129 -0.16504311561584473 -0.8625869750976562 -0.012618184089660645 -0.5057514309883118 -3.2226409912109375
-0.5061366558074951 0.04686420410871506 0.8611790537834167 49.04151153564453 0.012655381113290787 0.9988186359405518 -0.046916477382183075 -0.2283107042312622 -0.862360417842865 -0.012847602367401123 -0.5061318278312683 -3.7339553833007812
-0.5065144896507263 0.04633237048983574 0.8609856963157654 49.89756393432617 0.012061050161719322 0.9988381862640381 -0.04665517807006836 -0.2790597677230835 -0.8621471524238586 -0.01324713695794344 -0.5064848065376282 -4.230892181396484
-0.5068075656890869 0.04572156444191933 0.8608458638191223 50.77827453613281 0.012310163117945194 0.9988744854927063 -0.045805200934410095 -0.34015512466430664 -0.8619713187217712 -0.012617267668247223 -0.5067999958992004 -4.750267028808594
-0.506922721862793 0.044761836528778076 0.8608285188674927 51.657161712646484 0.012467017397284508 0.9989270567893982 -0.044601213186979294 -0.3990654945373535 -0.8619013428688049 -0.011877399869263172 -0.5069369077682495 -5.263225555419922
-0.5070675611495972 0.04451395943760872 0.860755980014801 52.543338775634766 0.012121705338358879 0.9989349842071533 -0.044519029557704926 -0.45792293548583984 -0.8618210554122925 -0.012140327133238316 -0.5070670247077942 -5.780117034912109
-0.5072706341743469 0.04301821440458298 0.860712468624115 53.44019317626953 0.010018544271588326 0.9989801645278931 -0.0440242663025856 -0.5147081613540649 -0.8617285490036011 -0.01370912604033947 -0.5071843266487122 -6.304256439208984
-0.5074912905693054 0.04219050332903862 0.860623300075531 54.32554626464844 0.00918116606771946 0.9990084767341614 -0.04356065019965172 -0.5755734443664551 -0.8616080284118652 -0.01420512143522501 -0.5073754191398621 -6.8166656494140625
-0.5066932439804077 0.04142067953944206 0.8611308932304382 55.21879577636719 0.008065696805715561 0.9990292191505432 -0.04330773651599884 -0.6380921602249146 -0.8620886206626892 -0.014998117461800575 -0.5065353512763977 -7.34228515625
-0.5052531361579895 0.03988314047455788 0.8620490431785583 56.10943603515625 0.007710736710578203 0.9991002678871155 -0.041704557836055756 -0.6985548734664917 -0.8629367351531982 -0.014424324966967106 -0.5051060914993286 -7.860845565795898
-0.5033425092697144 0.03789160028100014 0.8632557392120361 56.994022369384766 0.008497124537825584 0.9992067813873291 -0.03890455141663551 -0.760636568069458 -0.8640452027320862 -0.012247122824192047 -0.5032651424407959 -8.369251251220703
-0.5011070370674133 0.03630562871694565 0.8646233677864075 57.87750244140625 0.008427580818533897 0.9992769360542297 -0.037075407803058624 -0.8193231821060181 -0.8653442859649658 -0.011292064562439919 -0.5010507106781006 -8.872509002685547
-0.49864837527275085 0.03610725328326225 0.866051971912384 58.763404846191406 0.008899322710931301 0.9992926716804504 -0.036538317799568176 -0.875699520111084 -0.8667585849761963 -0.01051249634474516 -0.49861693382263184 -9.380012512207031
-0.4965844452381134 0.03615548089146614 0.867235004901886 59.650428771972656 0.00890087429434061 0.999291718006134 -0.036564283072948456 -0.933684229850769 -0.8679428100585938 -0.010438105091452599 -0.49655452370643616 -9.884366989135742
-0.49560192227363586 0.03691045194864273 0.8677651882171631 60.53565216064453 0.008716266602277756 0.9992576241493225 -0.037525419145822525 -0.9886367321014404 -0.8685060739517212 -0.01103399507701397 -0.49555566906929016 -10.38644027709961
-0.496693879365921 0.038342203944921494 0.8670784831047058 61.410640716552734 0.008336708880960941 0.9991884231567383 -0.03940853476524353 -1.0466915369033813 -0.8678858280181885 -0.012345395050942898 -0.4966103434562683 -10.87954330444336
-0.4995478391647339 0.03998512402176857 0.8653630614280701 62.283348083496094 0.006661806721240282 0.9990820288658142 -0.042318109422922134 -1.1062723398208618 -0.8662605881690979 -0.015375039540231228 -0.49935558438301086 -11.375391006469727
-0.5038557648658752 0.04069880396127701 0.8628284335136414 63.16126251220703 0.005431994330137968 0.9990189075469971 -0.04395071789622307 -1.1627438068389893 -0.863770604133606 -0.017457950860261917 -0.5035825967788696 -11.888067245483398
-0.5094403624534607 0.03929406404495239 0.8596082925796509 64.02423858642578 0.007021056953817606 0.9991133809089661 -0.04151008278131485 -1.2236301898956299 -0.8604773283004761 -0.015111553482711315 -0.5092646479606628 -12.395662307739258
-0.5148904919624329 0.03682176396250725 0.8564648628234863 64.88401794433594 0.008089741691946983 0.9992412328720093 -0.03809671103954315 -1.283869981765747 -0.8572177886962891 -0.01268705353140831 -0.5147976875305176 -12.9117431640625
-0.5202541947364807 0.03441746532917023 0.8533176183700562 65.7528076171875 0.005045400466769934 0.9992940425872803 -0.037229135632514954 -1.3395464420318604 -0.8539965152740479 -0.015063283033668995 -0.5200605988502502 -13.423543930053711
-0.5255204439163208 0.03762102127075195 0.8499488234519958 66.59972381591797 0.007805586792528629 0.9991929531097412 -0.03940080106258392 -1.399454116821289 -0.8507452011108398 -0.014071579091250896 -0.525390088558197 -13.940780639648438
-0.5305376052856445 0.03931768983602524 0.8467490673065186 67.44340515136719 0.007388497702777386 0.9991002678871155 -0.041762594133615494 -1.449911117553711 -0.847629189491272 -0.015900421887636185 -0.5303507447242737 -14.463506698608398
-0.5353654026985168 0.04024110734462738 0.8436613082885742 68.26846313476562 0.006332200486212969 0.9990276098251343 -0.04363354668021202 -1.508189082145691 -0.844596803188324 -0.018017660826444626 -0.5350996255874634 -14.9759521484375
-0.5386381149291992 0.04017910733819008 0.8415786623954773 69.07694244384766 0.00514698913320899 0.9990005493164062 -0.04440058767795563 -1.5711219310760498 -0.8425214886665344 -0.019584251567721367 -0.5383065938949585 -15.500835418701172
-0.5421207547187805 0.04012919217348099 0.8393418788909912 69.89176177978516 0.00673107523471117 0.9990344047546387 -0.04341662675142288 -1.6254769563674927 -0.8402736186981201 -0.017887381836771965 -0.5418674349784851 -16.021411895751953
-0.543878972530365 0.0330936536192894 0.8385109305381775 70.71419525146484 0.007166773080825806 0.9993687272071838 -0.03479371964931488 -1.6757690906524658 -0.8391331434249878 -0.012914151884615421 -0.5437727570533752 -16.56023597717285
-0.5465266108512878 0.02328186109662056 0.8371180295944214 71.53536987304688 0.005164849106222391 0.9996881484985352 -0.02443128637969494 -1.7357420921325684 -0.8374258279800415 -0.009028762578964233 -0.546476423740387 -17.08899688720703
-0.5484477281570435 0.022162551060318947 0.8358911275863647 72.35047912597656 0.006349936127662659 0.9997302293777466 -0.022340191528201103 -1.7767164707183838 -0.8361607193946838 -0.006944572553038597 -0.5484405755996704 -17.616470336914062
-0.5491046905517578 0.026941334828734398 0.8353192210197449 73.13916778564453 0.006993276532739401 0.9995934367179871 -0.02764253132045269 -1.8226227760314941 -0.8357243537902832 -0.009337024763226509 -0.5490698218345642 -18.134944915771484
-0.5506367087364197 0.033036231994628906 0.8340910077095032 73.93462371826172 0.008650320582091808 0.9993887543678284 -0.03387262672185898 -1.8700157403945923 -0.8347002267837524 -0.011436356231570244 -0.5505858659744263 -18.647907257080078
-0.5507312417030334 0.03681938722729683 0.8338701725006104 74.7189712524414 0.014358289539813995 0.9992966651916504 -0.03464081138372421 -1.9161157608032227 -0.8345591425895691 -0.007104824762791395 -0.5508725643157959 -19.18073844909668
-0.5504878759384155 0.03836197778582573 0.8339613676071167 75.50846862792969 0.01805231161415577 0.9992570281028748 -0.03404942527413368 -1.9666705131530762 -0.834648072719574 -0.0036888651084154844 -0.5507713556289673 -19.713624954223633
-0.5501372814178467 0.03505898267030716 0.8343379497528076 76.31049346923828 0.0161711685359478 0.9993782639503479 -0.03133121132850647 -2.006173610687256 -0.8349176049232483 -0.00374424597248435 -0.5503621697425842 -20.233793258666992
-0.5497000217437744 0.03020412102341652 0.8348159193992615 77.10560607910156 0.014050427824258804 0.9995390772819519 -0.026912126690149307 -2.041171073913574 -0.8352439403533936 -0.0030640759505331516 -0.549871027469635 -20.75183868408203
-0.5493514537811279 0.02298109419643879 0.8352752327919006 77.89788055419922 0.011168085969984531 0.9997344017028809 -0.02016076259315014 -2.0876688957214355 -0.8355167508125305 -0.001746915397234261 -0.549462080001831 -21.253372192382812
-0.5493163466453552 0.017505019903182983 0.8354310989379883 78.69849395751953 0.0026081956457346678 0.9998117089271545 -0.019234376028180122 -2.122272253036499 -0.8356103301048279 -0.008386787958443165 -0.5492584705352783 -21.74941062927246
-0.5474053621292114 0.012522020377218723 0.8367738723754883 79.49429321289062 -0.004714470822364092 0.9998260736465454 -0.018046174198389053 -2.153287887573242 -0.8368543386459351 -0.013823519460856915 -0.5472511053085327 -22.257858276367188
-0.5457330942153931 0.013489780947566032 0.8378505706787109 80.28792572021484 -0.001708904979750514 0.9998504519462585 -0.017211144790053368 -2.183574676513672 -0.8379573822021484 -0.01082449872046709 -0.5456283092498779 -22.766860961914062
-0.5422274470329285 0.01661362498998642 0.8400675058364868 81.07255554199219 0.0026978827081620693 0.9998337626457214 -0.018031882122159004 -2.2203142642974854 -0.8402274250984192 -0.007510978262871504 -0.5421821475028992 -23.28237533569336
-0.5367335081100464 0.019934000447392464 0.8435163497924805 81.86241149902344 0.004539881832897663 0.999774694442749 -0.02073795162141323 -2.2482693195343018 -0.8437396287918091 -0.007301288656890392 -0.5367029905319214 -23.787424087524414
-0.5292676091194153 0.02193169668316841 0.8481715321540833 82.65121459960938 0.009430190548300743 0.9997562170028687 -0.01996678300201893 -2.283759117126465 -0.8484025001525879 -0.0025693527422845364 -0.5293453931808472 -24.276159286499023
-0.5202510356903076 0.02592441812157631 0.8536198735237122 83.45539093017578 0.017058417201042175 0.9996552467346191 -0.019963009282946587 -2.318389892578125 -0.8538430333137512 0.004175624810159206 -0.5205138921737671 -24.7935848236084
-0.5113861560821533 0.024864548817276955 0.8589912056922913 84.25114440917969 0.014704548753798008 0.9996882677078247 -0.020183080807328224 -2.3508384227752686 -0.8592252135276794 0.002309728879481554 -0.5115923285484314 -25.241973876953125
-0.5005840063095093 0.02269093506038189 0.8653905391693115 85.0600814819336 0.012626107782125473 0.9997413754463196 -0.018910124897956848 -2.380786180496216 -0.8655958771705627 0.0014604096068069339 -0.5007410645484924 -25.700077056884766
-0.4890408217906952 0.019256779924035072 0.8720481991767883 85.86508178710938 0.012762823142111301 0.9998072385787964 -0.01492065005004406 -2.415907382965088 -0.8721674680709839 0.00383298983797431 -0.489192396402359 -26.142990112304688
-0.4776216149330139 0.018661588430404663 0.8783673644065857 86.67667388916016 0.011807833798229694 0.999820351600647 -0.014821318909525871 -2.4419541358947754 -0.8784862160682678 0.00329263461753726 -0.4777562618255615 -26.585494995117188
-0.4665444791316986 0.017526516690850258 0.8843240737915039 87.51866912841797 0.01213300134986639 0.9998363256454468 -0.013414840213954449 -2.4707207679748535 -0.8844144940376282 0.004470884799957275 -0.4666807949542999 -27.012184143066406
-0.45451682806015015 0.018702909350395203 0.8905417919158936 88.33666229248047 0.013095112517476082 0.9998117685317993 -0.014314251020550728 -2.496840476989746 -0.8906418681144714 0.005155677907168865 -0.45467615127563477 -27.426620483398438
-0.44205716252326965 0.022361591458320618 0.8967081308364868 89.1570816040039 0.012962576001882553 0.9997439980506897 -0.01854078099131584 -2.5358643531799316 -0.8968932032585144 0.003427561605349183 -0.4422338306903839 -27.833049774169922
-0.43124017119407654 0.031545136123895645 0.9016855359077454 89.97987365722656 0.015755780041217804 0.9994994401931763 -0.027431759983301163 -2.571054458618164 -0.9020995497703552 0.0023770807310938835 -0.43152135610580444 -28.213361740112305
-0.41750943660736084 0.03591291606426239 0.9079627394676208 90.82207489013672 0.014517994597554207 0.9993547797203064 -0.03285195305943489 -2.60588002204895 -0.9085565805435181 -0.0005342027870938182 -0.41776150465011597 -28.61812973022461
-0.40604376792907715 0.03232650086283684 0.9132816791534424 91.66405487060547 0.012626820243895054 0.999477207660675 -0.02976360358297825 -2.647984266281128 -0.9137663245201111 -0.0005534824449568987 -0.40623968839645386 -28.98393440246582
-0.3947661221027374 0.02873539924621582 0.9183320999145508 92.51744842529297 0.011808576993644238 0.9995868802070618 -0.02620173618197441 -2.6951663494110107 -0.9187057018280029 0.0005006368737667799 -0.39494237303733826 -29.340356826782227
-0.384577214717865 0.02890094742178917 0.9226402640342712 93.36726379394531 0.007514180615544319 0.999574601650238 -0.02817877009510994 -2.7365317344665527 -0.923062264919281 -0.0039040304254740477 -0.38463085889816284 -29.69061279296875
-0.3779009282588959 0.033286601305007935 0.9252473711967468 94.22029113769531 0.0017109138425439596 0.9993768930435181 -0.03525467589497566 -2.7767443656921387 -0.9258444309234619 -0.01173975970596075 -0.37772244215011597 -30.026439666748047
-0.37289080023765564 0.03839289769530296 0.9270805716514587 95.06158447265625 -0.003540901467204094 0.999077320098877 -0.04279870539903641 -2.821962833404541 -0.9278684854507446 -0.019241945818066597 -0.3724108040332794 -30.351213455200195
-0.36975714564323425 0.04041226953268051 0.928249180316925 95.90301513671875 -0.006455053109675646 0.9989177584648132 -0.046060193330049515 -2.872384786605835 -0.9291059970855713 -0.023022985085844994 -0.36909613013267517 -30.671920776367188
-0.3658730089664459 0.040212977677583694 0.9297956228256226 96.74238586425781 -0.007378573529422283 0.9989093542098999 -0.046105559915304184 -2.9291422367095947 -0.9306354522705078 -0.023729346692562103 -0.3651772737503052 -30.996885299682617
-0.36101454496383667 0.040312133729457855 0.9316885471343994 97.58349609375 -0.008729187771677971 0.9988753795623779 -0.04660160094499588 -2.9819602966308594 -0.932519257068634 -0.02495674043893814 -0.3602566719055176 -31.311376571655273
-0.3555499315261841 0.035434577614068985 0.9339852929115295 98.43766021728516 -0.013374599628150463 0.9989858865737915 -0.042992085218429565 -3.03253436088562 -0.9345616102218628 -0.02777750976383686 -0.35471540689468384 -31.630428314208984
-0.35056525468826294 0.031706903129816055 0.9360014200210571 99.2763671875 -0.013360208831727505 0.9991556406021118 -0.03885010629892349 -3.085167169570923 -0.936443030834198 -0.02612466923892498 -0.3498455882072449 -31.93304443359375
-0.34465646743774414 0.02888837829232216 0.9382842779159546 100.12687683105469 -0.015389380045235157 0.9992181062698364 -0.03641737625002861 -3.135559558868408 -0.9386027455329895 -0.026991095393896103 -0.34394243359565735 -32.23821258544922
-0.339062362909317 0.02696528658270836 0.9403772950172424 100.97655487060547 -0.023879725486040115 0.9990203976631165 -0.03725694864988327 -3.1841354370117188 -0.9404608011245728 -0.03508838638663292 -0.3380863070487976 -32.523075103759766
-0.33317282795906067 0.02739935740828514 0.9424676299095154 101.82867431640625 -0.030850060284137726 0.9987257719039917 -0.0399407260119915 -3.230278491973877 -0.9423608779907227 -0.04238234460353851 -0.3319029211997986 -32.80370330810547
-0.325859010219574 0.0313141793012619 0.9448996782302856 102.6817398071289 -0.028127601370215416 0.998687744140625 -0.042796846479177475 -3.287083625793457 -0.9449999332427979 -0.04052349552512169 -0.324550598859787 -33.09840393066406
-0.3187968134880066 0.034725360572338104 0.9471867084503174 103.52761840820312 -0.02721143700182438 0.9985814094543457 -0.04576818272471428 -3.3351125717163086 -0.9474323987960815 -0.040365055203437805 -0.3173997104167938 -33.37746810913086
-0.31278738379478455 0.03276674449443817 0.9492577910423279 104.38394927978516 -0.028269533067941666 0.9986408352851868 -0.043786369264125824 -3.3859610557556152 -0.949402391910553 -0.04053090512752533 -0.3114359676837921 -33.64805221557617
-0.3061997890472412 0.027906855568289757 0.9515581130981445 105.23665618896484 -0.028557322919368744 0.9988511800765991 -0.038483232259750366 -3.436854600906372 -0.9515388011932373 -0.038957517594099045 -0.3050510585308075 -33.90867233276367
-0.2982752323150635 0.025214165449142456 0.9541468024253845 106.1019515991211 -0.029976384714245796 0.9989103674888611 -0.03576797619462013 -3.489473581314087 -0.9540089964866638 -0.03927056863903999 -0.29719439148902893 -34.18067169189453
-0.2921895980834961 0.028109589591622353 0.9559472799301147 106.95661926269531 -0.03238755464553833 0.9987037777900696 -0.03926624730229378 -3.5355899333953857 -0.9558119177818298 -0.04243398457765579 -0.29090043902397156 -34.4318962097168
-0.2859594523906708 0.03112548589706421 0.9577360153198242 107.81139373779297 -0.03162394091486931 0.9986213445663452 -0.04189644753932953 -3.5856192111968994 -0.9577197432518005 -0.04226808622479439 -0.28458091616630554 -34.67448425292969
-0.27934250235557556 0.03148428350687027 0.9596751928329468 108.66674041748047 -0.03345605358481407 0.9985362887382507 -0.04249759763479233 -3.6357169151306152 -0.9596084952354431 -0.043978337198495865 -0.2778802514076233 -34.91146469116211
-0.27241674065589905 0.031129030510783195 0.961675763130188 109.52371215820312 -0.034141864627599716 0.9985343813896179 -0.04199361056089401 -3.686657428741455 -0.9615733623504639 -0.044273167848587036 -0.2709547281265259 -35.147621154785156
-0.26417118310928345 0.0309503972530365 0.9639789462089539 110.38330078125 -0.030480166897177696 0.9987178444862366 -0.040418609976768494 -3.7369213104248047 -0.9639940857887268 -0.04005967453122139 -0.2628890573978424 -35.382816314697266
-0.2565261721611023 0.032331760972738266 0.9659964442253113 111.24250030517578 -0.027550101280212402 0.9987897872924805 -0.04074544832110405 -3.786447763442993 -0.9661445617675781 -0.037065573036670685 -0.25532492995262146 -35.609107971191406
-0.2501561939716339 0.03285229578614235 0.9676479697227478 112.10260009765625 -0.026399068534374237 0.9988211393356323 -0.04073533043265343 -3.8357059955596924 -0.9678454995155334 -0.03573520854115486 -0.24899405241012573 -35.82137680053711
-0.24361220002174377 0.031626146286726 0.9693569540977478 112.97061920166016 -0.032487448304891586 0.9986412525177002 -0.04074610024690628 -3.884493827819824 -0.9693284630775452 -0.04141818732023239 -0.24225376546382904 -36.021461486816406
-0.23776444792747498 0.02948976494371891 0.970875084400177 113.8396987915039 -0.037366222590208054 0.9985214471817017 -0.03948038071393967 -3.9361324310302734 -0.9706038236618042 -0.045664962381124496 -0.23631097376346588 -36.22240447998047
-0.23313143849372864 0.029504429548978806 0.9719975590705872 114.71651458740234 -0.034822650253772736 0.9986453056335449 -0.03866543993353844 -3.9864563941955566 -0.9718215465545654 -0.042861662805080414 -0.23178821802139282 -36.42786407470703
-0.22902870178222656 0.029785431921482086 0.9729638695716858 115.58302307128906 -0.03335268050432205 0.998704731464386 -0.03842441737651825 -4.035928726196289 -0.9728480577468872 -0.04125124216079712 -0.227738618850708 -36.618614196777344
-0.22365035116672516 0.03154061362147331 0.9741590023040771 116.45562744140625 -0.031760815531015396 0.9987096786499023 -0.03962724283337593 -4.084201335906982 -0.9741517901420593 -0.03980272635817528 -0.22236000001430511 -36.824588775634766
-0.21759139001369476 0.030331509187817574 0.9755686521530151 117.31781005859375 -0.025401180610060692 0.9990024566650391 -0.036725595593452454 -4.1362714767456055 -0.9757093787193298 -0.0327717587351799 -0.21660389006137848 -37.018882751464844
-0.21244604885578156 0.02937055192887783 0.9767313599586487 118.19384002685547 -0.018409129232168198 0.9992504715919495 -0.03405182436108589 -4.178505897521973 -0.9769994616508484 -0.025214944034814835 -0.21174612641334534 -37.21444320678711
-0.20740965008735657 0.0287109836935997 0.9778327345848083 119.06678009033203 -0.01646151952445507 0.9993252754211426 -0.03283372148871422 -4.227027893066406 -0.9781157374382019 -0.02290664054453373 -0.20679709315299988 -37.39678955078125
