1.0 0.0 0.0 0.0 0.0 1.0 0.0 0.0 0.0 0.0 1.0 0.0
0.9998737573623657 0.0015176921151578426 0.015817008912563324 0.010558942332863808 -0.0015027179615572095 0.9999983906745911 -0.0009585520019754767 -0.0031083037611097097 -0.015818437561392784 0.0009346624719910324 0.999874472618103 0.12627938389778137
0.9992918968200684 0.004312419798225164 0.03737721964716911 0.027068866416811943 -0.004299935884773731 0.9999906420707703 -0.0004143843543715775 -0.004629799164831638 -0.03737865760922432 0.00025337128317914903 0.9993011355400085 0.27259349822998047
0.9978948831558228 0.005987211130559444 0.06457506865262985 0.05624711886048317 -0.006063022650778294 0.999981164932251 0.000978106283582747 -0.005003200378268957 -0.06456799805164337 -0.0013675674563273787 0.9979123473167419 0.4361611604690552
0.9951301217079163 0.005654868204146624 0.09840744733810425 0.10277226567268372 -0.006003437098115683 0.9999766945838928 0.0032463569659739733 -0.004061488434672356 -0.09838678687810898 -0.0038213308434933424 0.9951408505439758 0.6098901033401489
0.990626871585846 0.0025446871295571327 0.13657158613204956 0.16342534124851227 -0.00329012842848897 0.9999808669090271 0.005232798866927624 -0.004775927402079105 -0.13655564188957214 -0.005633089691400528 0.9906163811683655 0.7947348952293396
0.9843968749046326 -0.0003362713032402098 0.17596200108528137 0.24042408168315887 -0.0006166748935356736 0.9999853372573853 0.005360923707485199 -0.0032241162844002247 -0.17596127092838287 -0.00538578862324357 0.9843823313713074 0.9902146458625793
0.9755570888519287 -0.00047522224485874176 0.2197457104921341 0.31999483704566956 -0.0010195442009717226 0.9999771118164062 0.006688798777759075 -0.0013409133534878492 -0.21974386274814606 -0.006749345455318689 0.9755342602729797 1.1918460130691528
0.9634096622467041 -0.00018410448683425784 0.26803314685821533 0.4120590388774872 -0.0024535416159778833 0.9999517798423767 0.009505770169198513 0.0024926294572651386 -0.26802200078964233 -0.009815582074224949 0.9633628129959106 1.4070359468460083
0.9489402770996094 -0.003975645173341036 0.3154306709766388 0.5303950309753418 -0.0013759572757408023 0.9998589158058167 0.01674151048064232 -0.0029907641001045704 -0.3154527246952057 -0.016320712864398956 0.9488009214401245 1.622197151184082
0.9319785833358765 -0.013372424989938736 0.3622667193412781 0.6723015308380127 0.004694454837590456 0.9996808171272278 0.024824323132634163 -0.007549677975475788 -0.36248305439949036 -0.02143508940935135 0.9317438006401062 1.8316476345062256
0.910559892654419 -0.018391815945506096 0.41296815872192383 0.8256300091743469 0.007067557889968157 0.9995563626289368 0.02893255464732647 -0.0036204131320118904 -0.41331711411476135 -0.02342614158987999 0.9102857708930969 2.054912805557251
0.8850954174995422 -0.0197171401232481 0.4649919271469116 0.9931679368019104 0.005054027773439884 0.9994505047798157 0.03275972604751587 0.0012679935898631811 -0.46538233757019043 -0.026645397767424583 0.8847085237503052 2.283341407775879
0.8568159937858582 -0.02224903181195259 0.5151420831680298 1.1818667650222778 0.003431888297200203 0.9992925524711609 0.03745140880346298 0.0036477793473750353 -0.5156108736991882 -0.03032105416059494 0.8562862277030945 2.49969220161438
0.8243682384490967 -0.026496898382902145 0.5654333829879761 1.3656085729599 0.0036423818673938513 0.9991313815116882 0.04151013121008873 0.0077108051627874374 -0.5660421848297119 -0.032160110771656036 0.8237487077713013 2.698004961013794
0.7883294820785522 -0.032124731689691544 0.6144141554832458 1.5956639051437378 0.005650569684803486 0.9989718794822693 0.044981375336647034 0.008963891305029392 -0.6152274012565613 -0.03198834881186485 0.787700355052948 2.905555248260498
0.7497523427009583 -0.03567514568567276 0.6607561111450195 1.8382291793823242 0.005774305667728186 0.9988602995872498 0.0473778210580349 0.018808409571647644 -0.6616932153701782 -0.031706228852272034 0.7491039037704468 3.1256861686706543
0.7096379399299622 -0.038624100387096405 0.7035070061683655 2.1118128299713135 0.006649822928011417 0.9988189339637756 0.0481296107172966 0.03327128663659096 -0.7045350074768066 -0.029476404190063477 0.7090567350387573 3.3336894512176514
0.6669409871101379 -0.04034621641039848 0.7440173625946045 2.403611183166504 0.005442703142762184 0.9987700581550598 0.049281951040029526 0.04741065204143524 -0.745090663433075 -0.028818687424063683 0.6663402915000916 3.5586366653442383
0.6239680647850037 -0.040232136845588684 0.7804134488105774 2.733752489089966 0.0002642194158397615 0.9986847043037415 0.05127326399087906 0.0640609860420227 -0.7814498543739319 -0.031786683946847916 0.6231579780578613 3.7820050716400146
0.5819699168205261 -0.04057525098323822 0.8121973872184753 3.094379186630249 -0.0028783599846065044 0.9986454248428345 0.05195215716958046 0.08634074777364731 -0.8132051825523376 -0.032572388648986816 0.5810648798942566 4.008891582489014
0.5416841506958008 -0.04226141422986984 0.8395190834999084 3.447808027267456 -0.004598487168550491 0.9985713958740234 0.05323519557714462 0.093868188560009 -0.8405696153640747 -0.032697178423404694 0.5407158136367798 4.195572376251221
0.5025257468223572 -0.04405247047543526 0.8634392619132996 3.8550055027008057 -0.006606826093047857 0.9984762072563171 0.054787229746580124 0.11414018273353577 -0.8645370006561279 -0.03323658928275108 0.5014688968658447 4.406595706939697
0.4651074707508087 -0.04378942400217056 0.8841705918312073 4.2921576499938965 -0.009545042179524899 0.9984697103500366 0.05447125434875488 0.1336776614189148 -0.8852028250694275 -0.03377443179488182 0.4639776647090912 4.6055474281311035
0.4291519522666931 -0.04322166368365288 0.9021975994110107 4.75120210647583 -0.010149200446903706 0.9985606074333191 0.052665840834379196 0.15460561215877533 -0.9031752347946167 -0.03175823763012886 0.4280955493450165 4.792922496795654
0.3953510820865631 -0.041950784623622894 0.9175716042518616 5.245736598968506 -0.00899796187877655 0.9987316727638245 0.04953829199075699 0.17611293494701385 -0.9184859395027161 -0.027841294184327126 0.39447224140167236 4.973977565765381
0.3661782443523407 -0.04020214453339577 0.9296759366989136 5.759183406829834 -0.0065512945875525475 0.9989301562309265 0.045777324587106705 0.19845949113368988 -0.9305216073989868 -0.022853244096040726 0.3655231297016144 5.14404296875
0.34111687541007996 -0.0381980799138546 0.9392444491386414 6.320440769195557 -0.0053311800584197044 0.9990793466567993 0.042567696422338486 0.22617460787296295 -0.9400058388710022 -0.019527845084667206 0.3405991494655609 5.321920871734619
0.32045823335647583 -0.03731919080018997 0.9465272426605225 6.8891520500183105 -0.004517657216638327 0.9991520047187805 0.04092355817556381 0.2526411712169647 -0.9472518563270569 -0.01739037223160267 0.32001790404319763 5.516324996948242
0.30600935220718384 -0.0374755896627903 0.9512906074523926 7.488806247711182 -0.003573465393856168 0.9991726279258728 0.04051137715578079 0.2826075851917267 -0.9520217776298523 -0.015796266496181488 0.30562230944633484 5.694527626037598
0.29419010877609253 -0.03924597054719925 0.9549407958984375 8.115988731384277 -0.0025498284958302975 0.9991207718849182 0.04184719920158386 0.30220097303390503 -0.9557434916496277 -0.014745965600013733 0.29383137822151184 5.881866931915283
0.2843238115310669 -0.04065651074051857 0.9578658938407898 8.782066345214844 -0.0037474746350198984 0.9990456104278564 0.043516747653484344 0.33424702286720276 -0.9587209820747375 -0.015962427482008934 0.28390011191368103 6.0536394119262695
0.27278563380241394 -0.042806025594472885 0.9611220955848694 9.448122024536133 -0.00554584851488471 0.9989230632781982 0.0460636168718338 0.3467031419277191 -0.9620588421821594 -0.017895730212330818 0.27225446701049805 6.26995849609375
0.2628059685230255 -0.044529639184474945 0.9638206362724304 10.153294563293457 -0.006418755277991295 0.9988316297531128 0.047897402197122574 0.3763584494590759 -0.9648273587226868 -0.018774252384901047 0.2622131109237671 6.459384918212891
0.2525244355201721 -0.046522174030542374 0.9664714932441711 10.864418029785156 -0.007477441802620888 0.9987197518348694 0.05002821981906891 0.4026840925216675 -0.9675616025924683 -0.019860081374645233 0.2518532872200012 6.642536163330078
0.24242869019508362 -0.04791705310344696 0.9689851999282837 11.607857704162598 -0.007120955269783735 0.9986647963523865 0.05116630718111992 0.4387478232383728 -0.9701431393623352 -0.01930427923798561 0.24176374077796936 6.820286273956299
0.23238681256771088 -0.049140434712171555 0.9713812470436096 12.389608383178711 -0.00731804221868515 0.998606264591217 0.05226841941475868 0.46813032031059265 -0.9725958704948425 -0.019255101680755615 0.23170332610607147 7.000401496887207
0.22183431684970856 -0.05178704857826233 0.9737082123756409 13.16468334197998 -0.008730445988476276 0.998443067073822 0.05509159713983536 0.5044800043106079 -0.9750452637672424 -0.02072211354970932 0.2210368514060974 7.177194595336914
0.21066215634346008 -0.05549870803952217 0.9759821891784668 13.952900886535645 -0.010109801776707172 0.998210072517395 0.05894483998417854 0.5413269996643066 -0.977506697177887 -0.022284435108304024 0.20972397923469543 7.345158100128174
0.19901730120182037 -0.059420883655548096 0.9781928062438965 14.747589111328125 -0.01079856138676405 0.9979665279388428 0.06281905621290207 0.5758182406425476 -0.9799364805221558 -0.02306515723466873 0.197970911860466 7.496866226196289
0.18520978093147278 -0.06182994320988655 0.9807519316673279 15.53555965423584 -0.011936167255043983 0.9978034496307373 0.06515901535749435 0.6074931621551514 -0.9826264977455139 -0.023774506524205208 0.18406495451927185 7.660065650939941
0.17101748287677765 -0.06214465573430061 0.9833061695098877 16.345226287841797 -0.012092157267034054 0.9978012442588806 0.06516381353139877 0.6492258906364441 -0.9851937294006348 -0.02303444594144821 0.16989001631736755 7.8002729415893555
0.15668781101703644 -0.0608065240085125 0.9857745170593262 17.155235290527344 -0.013949130661785603 0.9978670477867126 0.06376964598894119 0.6915217638015747 -0.9875497221946716 -0.02374262548983097 0.15550541877746582 7.929400444030762
0.14013545215129852 -0.059923648834228516 0.9883173108100891 17.976930618286133 -0.01456015557050705 0.9979342222213745 0.06257125735282898 0.7288135290145874 -0.9900252819061279 -0.02315850555896759 0.13897345960140228 8.042229652404785
0.11968998610973358 -0.05830959975719452 0.9910975098609924 18.797006607055664 -0.017197756096720695 0.9980021715164185 0.0607927143573761 0.7661421298980713 -0.9926623702049255 -0.0243209321051836 0.11844807118177414 8.139768600463867
0.09374840557575226 -0.05682533234357834 0.9939728379249573 19.62424087524414 -0.022309092804789543 0.9979991912841797 0.05915964022278786 0.80398029088974 -0.995345950126648 -0.027720751240849495 0.09229311347007751 8.222831726074219
0.0643402636051178 -0.056890398263931274 0.9963051080703735 20.446577072143555 -0.026116572320461273 0.9979357123374939 0.05867009982466698 0.8281260132789612 -0.9975862503051758 -0.029794923961162567 0.06272166222333908 8.259344100952148
0.030621962621808052 -0.056165073066949844 0.9979518055915833 21.28748321533203 -0.02877214550971985 0.9979567527770996 0.05704820901155472 0.8697803020477295 -0.999116837978363 -0.030460141599178314 0.028943397104740143 8.293181419372559
-0.003975807689130306 -0.05562257021665573 0.9984439611434937 22.136945724487305 -0.03026868775486946 0.998000979423523 0.055477358400821686 0.9010224342346191 -0.9995338916778564 -0.030001020058989525 -0.005651483777910471 8.283567428588867
-0.03794415295124054 -0.05409108102321625 0.9978147149085999 22.98240089416504 -0.03108547255396843 0.9981145858764648 0.0529252327978611 0.9338389039039612 -0.9987962245941162 -0.029009336605668068 -0.03955405578017235 8.2446928024292
-0.07053802162408829 -0.05204343423247337 0.9961504936218262 23.843297958374023 -0.03275012597441673 0.9982204437255859 0.04983252286911011 0.9642693996429443 -0.9969713091850281 -0.029108965769410133 -0.072116918861866 8.174653053283691
-0.10327094048261642 -0.050067074596881866 0.993392288684845 24.674057006835938 -0.03701895847916603 0.9982338547706604 0.04646267369389534 0.9768842458724976 -0.9939641356468201 -0.031976114958524704 -0.10494198650121689 8.09682559967041
-0.1359490156173706 -0.045264001935720444 0.9896812438964844 25.514150619506836 -0.034172799438238144 0.9985755681991577 0.040976591408252716 0.9997288584709167 -0.9901263117790222 -0.028249455615878105 -0.13730216026306152 7.9691243171691895
-0.1674165278673172 -0.03957287222146988 0.9850916266441345 26.346805572509766 -0.029014168307185173 0.9989591240882874 0.03519897535443306 1.0146421194076538 -0.9854592084884644 -0.02268872782588005 -0.1683904379606247 7.811819553375244
-0.19708120822906494 -0.03326702117919922 0.9798225164413452 27.176856994628906 -0.021597368642687798 0.9993287920951843 0.029585208743810654 1.0234895944595337 -0.9801492691040039 -0.015330901369452477 -0.1976674199104309 7.619659900665283
-0.22645430266857147 -0.027359791100025177 0.9736374616622925 27.996627807617188 -0.016066236421465874 0.9995743036270142 0.024351855739951134 1.0297739505767822 -0.9738892912864685 -0.010128105990588665 -0.2267974466085434 7.42587947845459
-0.25411057472229004 -0.02155274711549282 0.9669350385665894 28.81570053100586 -0.007275732699781656 0.9997659921646118 0.020372476428747177 1.0294791460037231 -0.9671477675437927 -0.0018582988996058702 -0.25420793890953064 7.188075065612793
-0.27996423840522766 -0.01068268995732069 0.9599509239196777 29.61147117614746 -0.0005804483662359416 0.9999397397041321 0.0109584154561162 1.0239177942276 -0.960010290145874 0.002510761609300971 -0.2799535095691681 6.932994842529297
-0.3058367073535919 0.005203048698604107 0.9520697593688965 30.4021053314209 0.003869595704600215 0.9999836087226868 -0.004221853334456682 1.0138142108917236 -0.9520761370658875 0.002392929047346115 -0.3058517575263977 6.66940450668335
-0.33003345131874084 0.02174794115126133 0.9437186121940613 31.17732810974121 0.0045375945046544075 0.9997594952583313 -0.0214525293558836 0.9848467707633972 -0.9439583420753479 -0.0027978410944342613 -0.33005282282829285 6.385009288787842
-0.3554282784461975 0.036712463945150375 0.9339823126792908 31.94413185119629 0.00512354401871562 0.9992898106575012 -0.037329766899347305 0.9529819488525391 -0.9346895813941956 -0.008482755161821842 -0.35536399483680725 6.087722301483154
-0.3796287178993225 0.04718514159321785 0.9239347577095032 32.71412658691406 0.008431214839220047 0.998833417892456 -0.04754595831036568 0.91374671459198 -0.9251005053520203 -0.010259920731186867 -0.37958377599716187 5.760130882263184
-0.4032512903213501 0.051760874688625336 0.9136241674423218 33.46403884887695 0.011679298244416714 0.9986087679862976 -0.051420677453279495 0.8640091419219971 -0.9150147438049316 -0.010064964182674885 -0.4032948613166809 5.4164276123046875
-0.4255143404006958 0.05101765692234039 0.9035124778747559 34.220821380615234 0.015225056558847427 0.9986718893051147 -0.04922059550881386 0.8067734241485596 -0.9048235416412354 -0.007188044488430023 -0.4257259964942932 5.052518844604492
-0.4455430507659912 0.046900130808353424 0.8940312266349792 34.955806732177734 0.01942729763686657 0.9988982081413269 -0.04271971806883812 0.7527557611465454 -0.8950496912002563 -0.00166486413218081 -0.4459632337093353 4.6719536781311035
-0.4637489318847656 0.04582533985376358 0.884780764579773 35.68417739868164 0.027338024228811264 0.9989261031150818 -0.03740829974412918 0.7035477757453918 -0.8855447769165039 0.006840095855295658 -0.4645036458969116 4.279213905334473
-0.47703349590301514 0.0458034873008728 0.8776907920837402 36.394100189208984 0.02884325198829174 0.9989190101623535 -0.03645336255431175 0.655717670917511 -0.8784117102622986 0.00792598258703947 -0.4778389632701874 3.8784022331237793
-0.48795899748802185 0.05003676936030388 0.871431291103363 37.090904235839844 0.03288544341921806 0.9987006187438965 -0.038930222392082214 0.6106531023979187 -0.8722468614578247 0.009661049582064152 -0.48897045850753784 3.474306583404541
-0.49795567989349365 0.05241116136312485 0.8656171560287476 37.7850227355957 0.033168572932481766 0.9985926151275635 -0.04138193652033806 0.5665958523750305 -0.8665679097175598 0.008104913868010044 -0.49899327754974365 3.071319818496704
-0.5089030265808105 0.05177564173936844 0.8592653274536133 38.47416305541992 0.02728595957159996 0.9986581802368164 -0.044014643877744675 0.5142942070960999 -0.8603912591934204 0.001046690158545971 -0.5096328854560852 2.671353340148926
-0.5200065970420837 0.05001304671168327 0.8526967763900757 39.17324447631836 0.025952737778425217 0.9987485408782959 -0.042752429842948914 0.46988120675086975 -0.8537677526473999 -0.00010172781912842765 -0.5206539034843445 2.254265785217285
-0.528439998626709 0.05147283524274826 0.8474088311195374 39.84818649291992 0.028105920180678368 0.9986737966537476 -0.0431341752409935 0.4270714223384857 -0.8485052585601807 0.0010233832290396094 -0.529185950756073 1.822005271911621
-0.5355995893478394 0.05435182899236679 0.8427212238311768 40.52846908569336 0.03090510703623295 0.9985197186470032 -0.044758111238479614 0.37807998061180115 -0.8439064621925354 0.002071961760520935 -0.5364864468574524 1.3858133554458618
-0.5391146540641785 0.05739869922399521 0.8402742147445679 41.23268127441406 0.03256014734506607 0.9983495473861694 -0.0473063662648201 0.33131301403045654 -0.8416027426719666 0.0018558977171778679 -0.5400938391685486 0.9280217289924622
-0.5388567447662354 0.05985467880964279 0.8402683138847351 41.93721389770508 0.032517075538635254 0.9982070922851562 -0.05025218427181244 0.284298300743103 -0.8417695760726929 0.00024434697115793824 -0.5398369431495667 0.47823113203048706
-0.5355842113494873 0.060175828635692596 0.842335045337677 42.66548538208008 0.034218281507492065 0.9981852173805237 -0.049552541226148605 0.2391091138124466 -0.8437882661819458 0.0022836988791823387 -0.5366713404655457 0.013783319853246212
-0.5298031568527222 0.058931611478328705 0.8460707068443298 43.40143585205078 0.032956864684820175 0.998259961605072 -0.04889476299285889 0.17848101258277893 -0.8474801182746887 0.001979237189516425 -0.5308235287666321 -0.43592002987861633
-0.5229098200798035 0.05726935341954231 0.8504620790481567 44.15353775024414 0.030658695846796036 0.9983584880828857 -0.04837796464562416 0.12799230217933655 -0.8518365025520325 0.0007767502684146166 -0.5238072872161865 -0.8846498131752014
-0.5155678391456604 0.05687576159834862 0.8549590706825256 44.92580795288086 0.029127055779099464 0.9983812570571899 -0.048852309584617615 0.07629083096981049 -0.8563535809516907 -0.00028423868934623897 -0.5163899064064026 -1.3473752737045288
-0.510043740272522 0.05529329925775528 0.8583694100379944 45.71435546875 0.026022005826234818 0.9984668493270874 -0.04885561764240265 0.022616004571318626 -0.8597548604011536 -0.002582005225121975 -0.510700523853302 -1.7954299449920654
-0.5048646330833435 0.053135789930820465 0.8615615367889404 46.5334358215332 0.021690035238862038 0.9985693693161011 -0.048875484615564346 -0.030267789959907532 -0.8629259467124939 -0.005988204386085272 -0.505294919013977 -2.2813234329223633
-0.5033387541770935 0.0505235455930233 0.8626108765602112 47.359683990478516 0.017555372789502144 0.9986810684204102 -0.04824956879019737 -0.08424922823905945 -0.8639107942581177 -0.00914242584258318 -0.5035619139671326 -2.754655122756958
-0.5040525794029236 0.047870535403490067 0.8623453378677368 48.19740295410156 0.014568125829100609 0.9987919330596924 -0.046929698437452316 -0.14352943003177643 -0.8635502457618713 -0.011092279106378555 -0.5041408538818359 -3.230201482772827
-0.505039393901825 0.04689650237560272 0.8618213534355164 49.043426513671875 0.013496673665940762 0.9988296627998352 -0.0464426651597023 -0.20062899589538574 -0.8629907965660095 -0.011823653243482113 -0.505081295967102 -3.7180685997009277
-0.5053839087486267 0.04603051394224167 0.8616660237312317 49.910545349121094 0.013142965734004974 0.9988709092140198 -0.045651450753211975 -0.255428284406662 -0.8627945184707642 -0.011746661737561226 -0.5054183006286621 -4.22543478012085
-0.505474328994751 0.04549947753548622 0.8616412281990051 50.78199768066406 0.013158949092030525 0.9988990426063538 -0.04502788558602333 -0.31141597032546997 -0.8627412915229797 -0.01142214611172676 -0.5055165886878967 -4.736398220062256
-0.5057865381240845 0.044585198163986206 0.8615057468414307 51.66073989868164 0.013232341967523098 0.998947024345398 -0.04392949119210243 -0.37031206488609314 -0.8625571727752686 -0.010819208808243275 -0.5058439373970032 -5.242211818695068
-0.5057904720306396 0.044467564672231674 0.8615096211433411 52.54737091064453 0.013481039553880692 0.998956024646759 -0.043647296726703644 -0.42985811829566956 -0.8625510334968567 -0.010462341830134392 -0.5058619976043701 -5.759900093078613
-0.5061140060424805 0.043005332350730896 0.8613938093185425 53.44395065307617 0.011281158775091171 0.9990006685256958 -0.04324712976813316 -0.48510634899139404 -0.8623929023742676 -0.012170454487204552 -0.5060933828353882 -6.280452251434326
-0.5061807632446289 0.042042188346385956 0.861402153968811 54.32929229736328 0.010342014022171497 0.9990351796150208 -0.04268239066004753 -0.5456571578979492 -0.8623656034469604 -0.012696363963186741 -0.5061269998550415 -6.789058685302734
-0.5053155422210693 0.04129648581147194 0.8619459867477417 55.22393035888672 0.009331751614809036 0.999057412147522 -0.042394861578941345 -0.6086463332176208 -0.8628842234611511 -0.013379317708313465 -0.5052245855331421 -7.309793949127197
-0.504248321056366 0.03979722037911415 0.8626411557197571 56.098140716552734 0.009047705680131912 0.999126136302948 -0.040805090218782425 -0.66573166847229 -0.8635112643241882 -0.01277097873389721 -0.5041678547859192 -7.818495273590088
-0.5018724203109741 0.037683095782995224 0.864120364189148 56.98460006713867 0.009288410656154156 0.9992277026176453 -0.03818031772971153 -0.725089430809021 -0.8648918271064758 -0.011135343462228775 -0.5018348097801208 -8.333535194396973
-0.4996611773967743 0.036110036075115204 0.86546790599823 57.86637496948242 0.009452703408896923 0.9992985129356384 -0.036236535757780075 -0.7860479354858398 -0.8661693334579468 -0.009924978949129581 -0.4996519982814789 -8.834043502807617
-0.4971736669540405 0.03606196120381355 0.8669012188911438 58.75434875488281 0.01002154964953661 0.9993078708648682 -0.03582247346639633 -0.8405438661575317 -0.8675931692123413 -0.009122299961745739 -0.4971909523010254 -9.338935852050781
-0.4951068162918091 0.03627757355570793 0.868074357509613 59.6389274597168 0.010111445561051369 0.9993008971214294 -0.03599456325173378 -0.8966665863990784 -0.8687732219696045 -0.009043669328093529 -0.49512746930122375 -9.83935260772705
-0.4942033886909485 0.03669344633817673 0.8685715794563293 60.515201568603516 0.009523458778858185 0.9992773532867432 -0.03679652139544487 -0.9488572478294373 -0.8692941069602966 -0.009913154877722263 -0.49419569969177246 -10.335410118103027
-0.4945851266384125 0.038540732115507126 0.8682742118835449 61.39255142211914 0.009745104238390923 0.999199390411377 -0.03880121186375618 -1.0056592226028442 -0.8690745234489441 -0.010729079134762287 -0.4945647418498993 -10.835169792175293
-0.49771907925605774 0.04029517248272896 0.8664017915725708 62.26386260986328 0.0083813751116395 0.9990970492362976 -0.04165182635188103 -1.064410924911499 -0.8672977685928345 -0.013469272293150425 -0.49760740995407104 -11.326356887817383
-0.5025576949119568 0.04053875803947449 0.8635927438735962 63.147518157958984 0.006631518714129925 0.9990515112876892 -0.043038319796323776 -1.1234747171401978 -0.8645182251930237 -0.015902306884527206 -0.5023497939109802 -11.83222770690918
-0.5077283382415771 0.03931773453950882 0.8606196045875549 64.00965118408203 0.008372466079890728 0.9991360306739807 -0.04070652276277542 -1.182705283164978 -0.8614766001701355 -0.013462345115840435 -0.5076188445091248 -12.342291831970215
-0.5125841498374939 0.037077002227306366 0.857836127281189 64.86518859863281 0.009824303910136223 0.9992550015449524 -0.03731901943683624 -1.2414711713790894 -0.8585807085037231 -0.010701494291424751 -0.5125665664672852 -12.861543655395508
-0.5190899968147278 0.0342145599424839 0.8540345430374146 65.73673248291016 0.0063438876532018185 0.999325156211853 -0.036179352551698685 -1.2995514869689941 -0.8546962141990662 -0.013362442143261433 -0.51895672082901 -13.36278247833252
-0.524171769618988 0.03746936842799187 0.8507879376411438 66.58336639404297 0.008958904072642326 0.9992189407348633 -0.0384867861866951 -1.357587456703186 -0.8515655398368835 -0.012551561929285526 -0.5240980386734009 -13.88056468963623
-0.5292600393295288 0.03943730890750885 0.8475425243377686 67.42460632324219 0.009055210277438164 0.9991248250007629 -0.04083598032593727 -1.4045883417129517 -0.8484112620353699 -0.013938178308308125 -0.5291540026664734 -14.400177001953125
-0.534296989440918 0.040250688791275024 0.8443378806114197 68.25199127197266 0.007592987734824419 0.9990538358688354 -0.042821358889341354 -1.4621776342391968 -0.8452627062797546 -0.01646827533841133 -0.5340971350669861 -14.908992767333984
-0.5374090671539307 0.04065198451280594 0.8423413634300232 69.06098175048828 0.0070592318661510944 0.9990192651748657 -0.04370962083339691 -1.5207016468048096 -0.8432921767234802 -0.01754366047680378 -0.5371689200401306 -15.433717727661133
-0.5408927202224731 0.040175482630729675 0.8401315212249756 69.88064575195312 0.00840049795806408 0.9990667700767517 -0.04236743971705437 -1.5785773992538452 -0.8410496115684509 -0.015858713537454605 -0.5407254695892334 -15.952905654907227
-0.5428027510643005 0.03307349979877472 0.8392087817192078 70.70375061035156 0.008610706776380539 0.9993909597396851 -0.033816903829574585 -1.626785397529602 -0.8398159742355347 -0.011129730381071568 -0.5427570343017578 -16.488439559936523
-0.5454770922660828 0.02364818938076496 0.8377920389175415 71.52198028564453 0.006846525706350803 0.9996941685676575 -0.0237604770809412 -1.6820391416549683 -0.8380976915359497 -0.0072248345240950584 -0.545472264289856 -17.01634407043457
-0.5473082065582275 0.022420596331357956 0.8366308212280273 72.33775329589844 0.007979040965437889 0.999735414981842 -0.021571848541498184 -1.7229658365249634 -0.8368931412696838 -0.005130938719958067 -0.5473423004150391 -17.54395294189453
-0.5478314161300659 0.027403414249420166 0.8361399173736572 73.1279525756836 0.008768183179199696 0.9995964765548706 -0.027015667408704758 -1.7676732540130615 -0.8365427255630493 -0.0074686044827103615 -0.5478507280349731 -18.064550399780273
-0.5497539043426514 0.03322696313261986 0.8346655964851379 73.92676544189453 0.010112364776432514 0.9994000792503357 -0.03312430530786514 -1.8137669563293457 -0.835265576839447 -0.009769771248102188 -0.5497600436210632 -18.57297706604004
-0.5493273138999939 0.03712765872478485 0.8347820043563843 74.70841979980469 0.015885235741734505 0.9992958903312683 -0.03399129584431648 -1.8589762449264526 -0.8354562520980835 -0.005411636549979448 -0.5495303273200989 -19.11103630065918
-0.5490111708641052 0.0386706106364727 0.8349198698997498 75.4991226196289 0.019599510356783867 0.9992501139640808 -0.03339393436908722 -1.9088038206100464 -0.8355851173400879 -0.0019696238450706005 -0.5493574142456055 -19.643156051635742
-0.5487566590309143 0.03524716570973396 0.8352386951446533 76.30421447753906 0.017948651686310768 0.9993772506713867 -0.0303814597427845 -1.9509742259979248 -0.8357893824577332 -0.0016806196654215455 -0.5490476489067078 -20.163101196289062
-0.5481215715408325 0.03036518581211567 0.8358473181724548 77.09590148925781 0.016004201024770737 0.9995385408401489 -0.02581682614982128 -1.9872289896011353 -0.836245596408844 -0.000773691397625953 -0.5483545660972595 -20.682151794433594
-0.5479193329811096 0.02319210208952427 0.8362096548080444 77.88943481445312 0.013263188302516937 0.9997308254241943 -0.01903674192726612 -2.0348610877990723 -0.8364260792732239 0.000660208985209465 -0.5480793118476868 -21.178539276123047
-0.5478703379631042 0.01767834462225437 0.8363764882087708 78.69082641601562 0.004776245914399624 0.9998265504837036 -0.018004469573497772 -2.0690555572509766 -0.836549699306488 -0.005869374144822359 -0.5478596091270447 -21.673912048339844
-0.5459671020507812 0.0128463264554739 0.8377081751823425 79.48631286621094 -0.002646609442308545 0.9998511075973511 -0.017057698220014572 -2.0962131023406982 -0.8378024697303772 -0.011530025862157345 -0.5458517074584961 -22.180925369262695
-0.5438870787620544 0.013257530517876148 0.8390536904335022 80.28116607666016 0.001304816803894937 0.9998874068260193 -0.014952992089092731 -2.1428449153900146 -0.8391574025154114 -0.00703792879357934 -0.5438430905342102 -22.69756317138672
-0.5407021045684814 0.016840608790516853 0.8410455584526062 81.0660171508789 0.0052843461744487286 0.9998478293418884 -0.016623103991150856 -2.1683413982391357 -0.8411975502967834 -0.004543771967291832 -0.5407088398933411 -23.203245162963867
-0.5352221131324768 0.020177779719233513 0.8444703817367554 81.85569763183594 0.007076789624989033 0.9997867345809937 -0.019403666257858276 -2.194404363632202 -0.8446817994117737 -0.004409132059663534 -0.535250723361969 -23.70447540283203
-0.5274969935417175 0.022174542769789696 0.8492674827575684 82.64612579345703 0.01205158419907093 0.9997540712356567 -0.018618296831846237 -2.229456663131714 -0.8494713306427002 0.00041392099228687584 -0.5276345014572144 -24.19799041748047
-0.5187829732894897 0.025944698601961136 0.8545122742652893 83.45121002197266 0.01962716318666935 0.9996374249458313 -0.018435142934322357 -2.264655113220215 -0.8546806573867798 0.007207813207060099 -0.5191040635108948 -24.70875358581543
-0.5099009275436401 0.024864312261343002 0.8598737120628357 84.24658966064453 0.016952918842434883 0.9996784329414368 -0.018853945657610893 -2.2947919368743896 -0.8600660562515259 0.004963724873960018 -0.5101584792137146 -25.15639305114746
-0.49909263849258423 0.022634193301200867 0.8662529587745667 85.05538940429688 0.015040501020848751 0.9997344613075256 -0.017456309869885445 -2.3247969150543213 -0.8664181232452393 0.004316564649343491 -0.499300479888916 -25.613012313842773
-0.4874783158302307 0.019265590235590935 0.8729225397109985 85.86235046386719 0.014966393820941448 0.9997940063476562 -0.013707779347896576 -2.356839418411255 -0.8730068206787109 0.006382257677614689 -0.48766618967056274 -26.05556869506836
-0.47587746381759644 0.01865316554903984 0.8793137669563293 86.67378997802734 0.014367550611495972 0.9998065233230591 -0.013433615677058697 -2.383770227432251 -0.8793942928314209 0.006240830756723881 -0.47605329751968384 -26.49785614013672
-0.4651164710521698 0.017800409346818924 0.8850705027580261 87.51619720458984 0.014504973776638508 0.9998167753219604 -0.01248561404645443 -2.4069008827209473 -0.8851306438446045 0.007030660752207041 -0.4652894139289856 -26.920068740844727
-0.4528915286064148 0.018981069326400757 0.8913635015487671 88.33621215820312 0.015355224721133709 0.9997910261154175 -0.013488160446286201 -2.4316835403442383 -0.8914333581924438 0.007578413933515549 -0.4530883729457855 -27.335922241210938
-0.44063279032707214 0.0227028951048851 0.8974003195762634 89.15541076660156 0.015395142138004303 0.999724268913269 -0.017732365056872368 -2.4701123237609863 -0.897555410861969 0.006002143025398254 -0.440860778093338 -27.73731803894043
-0.42944687604904175 0.03169846534729004 0.902535617351532 89.97923278808594 0.018008984625339508 0.9994856715202332 -0.026534421369433403 -2.5056419372558594 -0.9029125571250916 0.004858626052737236 -0.42979684472084045 -28.122512817382812
-0.4164752662181854 0.03612017631530762 0.9084292650222778 90.82795715332031 0.017217693850398064 0.9993446469306946 -0.03184150531888008 -2.5418684482574463 -0.9089840054512024 0.0023798577021807432 -0.41682422161102295 -28.514617919921875
-0.4050785303115845 0.03259069845080376 0.9137009382247925 91.67137908935547 0.015033097006380558 0.9994667768478394 -0.028985125944018364 -2.5812573432922363 -0.9141583442687988 0.0019945011008530855 -0.4053524434566498 -28.879993438720703
-0.39376524090766907 0.029022417962551117 0.9187527894973755 92.52581787109375 0.013797508552670479 0.9995754957199097 -0.025662096217274666 -2.6255407333374023 -0.9191075563430786 0.0025716586969792843 -0.39399850368499756 -29.235721588134766
-0.3836723268032074 0.02906816266477108 0.9230117201805115 93.3730239868164 0.009190864861011505 0.999575138092041 -0.02765895053744316 -2.6654765605926514 -0.9234236478805542 -0.00212869793176651 -0.3837764859199524 -29.581247329711914
-0.3765242397785187 0.03327590599656105 0.9258089661598206 94.23412322998047 0.0037552257999777794 0.999401330947876 -0.034393757581710815 -2.708064317703247 -0.9263991713523865 -0.009473462589085102 -0.37642377614974976 -29.92854118347168
-0.3713933527469635 0.03834335133433342 0.9276835918426514 95.07601165771484 -0.0014071650803089142 0.9991225600242615 -0.04185944050550461 -2.7531068325042725 -0.9284745454788208 -0.016851723194122314 -0.3710135519504547 -30.25295639038086
-0.36860668659210205 0.04035976156592369 0.9287089109420776 95.91261291503906 -0.004538149107247591 0.9989669919013977 -0.04521423578262329 -2.801156997680664 -0.9295743703842163 -0.020880891010165215 -0.3680427670478821 -30.566978454589844
-0.36481180787086487 0.04005223140120506 0.9302194714546204 96.75244903564453 -0.005725895520299673 0.9989590048789978 -0.045257505029439926 -2.857069492340088 -0.931063711643219 -0.021836811676621437 -0.36420270800590515 -30.890954971313477
-0.3599628806114197 0.04014686122536659 0.9321024417877197 97.59351348876953 -0.006943073123693466 0.9989306926727295 -0.045706555247306824 -2.909231424331665 -0.9329407811164856 -0.02292431890964508 -0.35929930210113525 -31.20370864868164
-0.3541601300239563 0.035355668514966965 0.934516191482544 98.45142364501953 -0.010788981802761555 0.9990641474723816 -0.041886501014232635 -2.966620922088623 -0.935122549533844 -0.024917006492614746 -0.35344719886779785 -31.525144577026367
-0.3490447998046875 0.03156634792685509 0.9365742206573486 99.2923355102539 -0.010959435254335403 0.9992267489433289 -0.03776237741112709 -3.0179758071899414 -0.9370419979095459 -0.023445086553692818 -0.3484289050102234 -31.8287296295166
-0.3435504734516144 0.028913019225001335 0.9386889934539795 100.1388931274414 -0.013497013598680496 0.9992706775665283 -0.03571879491209984 -3.063838481903076 -0.9390371441841125 -0.02494070865213871 -0.34290972352027893 -32.12665939331055
-0.33802011609077454 0.026924340054392815 0.9407536387443542 100.98838806152344 -0.021792031824588776 0.9990987777709961 -0.036424219608306885 -3.112694263458252 -0.9408864974975586 -0.03281305730342865 -0.33712875843048096 -32.409366607666016
-0.33202168345451355 0.02742892876267433 0.9428728222846985 101.84160614013672 -0.028908126056194305 0.9988117814064026 -0.03923589363694191 -3.1577939987182617 -0.9428286552429199 -0.04028385877609253 -0.3308342397212982 -32.690528869628906
-0.3247413635253906 0.031222539022564888 0.9452873468399048 102.6891098022461 -0.02687307633459568 0.9987468719482422 -0.04222019389271736 -3.2126944065093994 -0.9454209804534912 -0.03911342844367027 -0.32349544763565063 -32.98554229736328
-0.3175491690635681 0.03469087556004524 0.9476069808006287 103.53138732910156 -0.025583911687135696 0.9986533522605896 -0.04513296112418175 -3.260668992996216 -0.9478965997695923 -0.038575440645217896 -0.3162340521812439 -33.265419006347656
-0.31138524413108826 0.03252510353922844 0.949726939201355 104.38488006591797 -0.02696140483021736 0.9987093806266785 -0.0430423803627491 -3.3127663135528564 -0.9499012231826782 -0.0390087366104126 -0.31010642647743225 -33.53335952758789
-0.3044869899749756 0.027754712849855423 0.9521121382713318 105.24486541748047 -0.027436766773462296 0.9989050626754761 -0.03789309412240982 -3.362128973007202 -0.9521212577819824 -0.03766082972288132 -0.3033921420574188 -33.800079345703125
-0.29745516180992126 0.025140205398201942 0.9544047117233276 106.10414123535156 -0.02842198684811592 0.9989769458770752 -0.03517245128750801 -3.413377523422241 -0.9543127417564392 -0.03758830204606056 -0.2964363396167755 -34.05927658081055
-0.2909749448299408 0.028476838022470474 0.9563068151473999 106.9652099609375 -0.03006681427359581 0.9987910389900208 -0.03889033570885658 -3.458008050918579 -0.9562581181526184 -0.04006921127438545 -0.2897668778896332 -34.3120002746582
-0.28468266129493713 0.031097065657377243 0.9581173062324524 107.81786346435547 -0.029663652181625366 0.9987092614173889 -0.04122841730713844 -3.509730577468872 -0.9581626653671265 -0.04015827551484108 -0.2833927869796753 -34.55912780761719
-0.27789923548698425 0.03134772554039955 0.9600986242294312 108.67428588867188 -0.031877655535936356 0.9986159801483154 -0.04183227941393852 -3.5592916011810303 -0.9600811004638672 -0.04223085194826126 -0.27651527523994446 -34.795955657958984
-0.2710438072681427 0.030877983197569847 0.9620717167854309 109.53704833984375 -0.032676275819540024 0.9986140727996826 -0.04125669598579407 -3.6114795207977295 -0.9620122313499451 -0.042619287967681885 -0.26965922117233276 -35.03321838378906
-0.2629251182079315 0.03071480430662632 0.9643271565437317 110.39717864990234 -0.02880443073809147 0.9987976551055908 -0.03966629505157471 -3.661759614944458 -0.9643861651420593 -0.038206156343221664 -0.26172423362731934 -35.26742172241211
-0.25530219078063965 0.032075997442007065 0.966329038143158 111.2520751953125 -0.02564455009996891 0.998873233795166 -0.03993149846792221 -3.711695671081543 -0.966521143913269 -0.03497567027807236 -0.25419196486473083 -35.492027282714844
-0.24864307045936584 0.03264542669057846 0.9680448770523071 112.11443328857422 -0.024343062192201614 0.9989054799079895 -0.039938680827617645 -3.759007692337036 -0.9682892560958862 -0.03349564969539642 -0.2475762665271759 -35.70857620239258
-0.24209758639335632 0.03141636773943901 0.9697431325912476 112.9824447631836 -0.03047102689743042 0.9987363815307617 -0.039962779730558395 -3.8068416118621826 -0.9697732925415039 -0.039223961532115936 -0.24083441495895386 -35.90773391723633
-0.23626139760017395 0.029533332213759422 0.9712405800819397 113.84654235839844 -0.0352979339659214 0.99861741065979 -0.03895227983593941 -3.8551013469696045 -0.9710481762886047 -0.04348570853471756 -0.23489230871200562 -36.1060676574707
-0.2317022979259491 0.02941843494772911 0.972341775894165 114.72376251220703 -0.03280434384942055 0.9987378716468811 -0.038034096360206604 -3.906109571456909 -0.9722334146499634 -0.04070962220430374 -0.2304447889328003 -36.310001373291016
-0.22741171717643738 0.02968692034482956 0.9733460545539856 115.5911636352539 -0.03127071261405945 0.9987971186637878 -0.03776923194527626 -3.9543564319610596 -0.9732964038848877 -0.03902639448642731 -0.2262098342180252 -36.5006217956543
-0.22244445979595184 0.03145782649517059 0.9744377732276917 116.46322631835938 -0.029955212026834488 0.9987868666648865 -0.039082061499357224 -4.002162933349609 -0.9744849801063538 -0.037883080542087555 -0.2212323248386383 -36.70089340209961
-0.21621926128864288 0.03016345389187336 0.9758787155151367 117.32476806640625 -0.02370598539710045 0.9990658164024353 -0.03613251820206642 -4.053407192230225 -0.9760569930076599 -0.03094671480357647 -0.21530219912528992 -36.895931243896484
-0.21116207540035248 0.029123688116669655 0.9770170450210571 118.20103454589844 -0.016768375411629677 0.9993009567260742 -0.03341207653284073 -4.095367431640625 -0.9773072600364685 -0.023438353091478348 -0.21052609384059906 -37.08926773071289
-0.20599573850631714 0.028230134397745132 0.9781455397605896 119.06909942626953 -0.014938936568796635 0.999376654624939 -0.03198898583650589 -4.1441545486450195 -0.9784389138221741 -0.021202052012085915 -0.2054455578327179 -37.26872253417969
