1.000000119 -0.000000000 -0.000000000 0.000000000 -0.000000000 1.000000000 -0.000000000 -0.000000060 -0.000000000 -0.000000000 1.000000000 -0.000000001
0.999991536 -0.002447186 -0.003349611 -0.003022081 0.002439792 0.999994576 -0.002209666 -0.005065667 0.003355000 0.002201474 0.999991953 0.666727066
0.999969542 -0.001728771 -0.007609426 -0.009956595 0.001702784 0.999992728 -0.003420288 -0.011522222 0.007615283 0.003407227 0.999965131 1.367293000
0.999933898 -0.001416581 -0.011410543 -0.027902998 0.001362290 0.999987721 -0.004764285 -0.014441041 0.011417149 0.004748425 0.999923587 2.066937685
0.999868274 -0.000051514 -0.016238693 -0.049153093 -0.000037487 0.999984980 -0.005480454 -0.017191397 0.016238729 0.005480340 0.999853134 2.794016123
0.999784410 -0.000706557 -0.020751651 -0.064480357 0.000590789 0.999984264 -0.005584340 -0.030005880 0.020755269 0.005570877 0.999769032 3.525972843
0.999681294 0.001021904 -0.025224563 -0.089882463 -0.001196075 0.999975562 -0.006890678 -0.034055013 0.025216900 0.006918652 0.999658048 4.279012203
0.999545991 0.003779773 -0.029892195 -0.122806460 -0.004005550 0.999963880 -0.007496804 -0.044455521 0.029862780 0.007613136 0.999524951 5.041030407
0.999416232 0.004106449 -0.033917572 -0.162968367 -0.004310286 0.999973059 -0.005938820 -0.051582798 0.033892281 0.006081547 0.999406993 5.812728882
0.999253035 0.003580417 -0.038480517 -0.197195768 -0.003710521 0.999987602 -0.003310125 -0.057903834 0.038468197 0.003450435 0.999253929 6.614264965
0.999135613 0.003175910 -0.041448981 -0.241028354 -0.003202856 0.999994636 -0.000583699 -0.064805910 0.041446913 0.000715949 0.999140501 7.417032242
0.999015212 0.005218621 -0.044059832 -0.293618172 -0.005296799 0.999984562 -0.001657784 -0.073008366 0.044050507 0.001889528 0.999027491 8.234239578
0.998925984 0.004783571 -0.046086773 -0.339800924 -0.004873411 0.999986470 -0.001837197 -0.078644037 0.046077367 0.002059823 0.998935640 9.053953171
0.998860002 0.002206051 -0.047686227 -0.383259296 -0.002332564 0.999993920 -0.002597526 -0.084472537 0.047680214 0.002705795 0.998858929 9.881504059
0.998751581 0.001620577 -0.049927592 -0.425650299 -0.001697859 0.999997437 -0.001505512 -0.096544027 0.049925011 0.001588403 0.998751819 10.721157074
0.998673499 0.000099932 -0.051491804 -0.471484751 -0.000192699 0.999998391 -0.001796621 -0.104253352 0.051491540 0.001804160 0.998671830 11.573511124
0.998573363 0.002303020 -0.053346615 -0.523331046 -0.002523501 0.999988496 -0.004066000 -0.114015304 0.053336639 0.004194820 0.998567760 12.431762695
0.998526096 0.003086442 -0.054186337 -0.587485731 -0.003441913 0.999973118 -0.006468059 -0.130228862 0.054164909 0.006645029 0.998510003 13.293662071
0.998418927 0.006819982 -0.055794865 -0.646070719 -0.007269633 0.999942720 -0.007859997 -0.145020485 0.055738058 0.008253179 0.998411298 14.167856216
0.998347163 0.008062507 -0.056901552 -0.698767185 -0.008499213 0.999936223 -0.007436913 -0.156167254 0.056837957 0.007908239 0.998352051 15.061975479
0.998263359 0.006771216 -0.058518376 -0.751884580 -0.007129544 0.999957085 -0.005916710 -0.169020146 0.058475800 0.006323644 0.998268783 15.943896294
0.998188734 0.007403318 -0.059702758 -0.814416051 -0.007688984 0.999960124 -0.004556471 -0.179730311 0.059666634 0.005007271 0.998205781 16.840587616
0.998149991 0.007047997 -0.060390070 -0.876029789 -0.007329084 0.999963284 -0.004434269 -0.194941849 0.060356591 0.004868669 0.998164952 17.747665405
0.998029470 0.006968880 -0.062358323 -0.933326125 -0.007315682 0.999958992 -0.005334849 -0.207618296 0.062318586 0.005780529 0.998039544 18.649059296
0.997979581 0.005348391 -0.063310497 -0.996686876 -0.005730223 0.999966443 -0.005851069 -0.220541924 0.063277081 0.006202030 0.997976720 19.563028336
0.997946382 0.005177023 -0.063846350 -1.054865837 -0.005463165 0.999975801 -0.004307948 -0.230940193 0.063822500 0.004647903 0.997950375 20.478925705
0.997933805 0.006932041 -0.063875891 -1.116382599 -0.007015495 0.999974787 -0.001082303 -0.240936652 0.063866787 0.001528187 0.997957230 21.404050827
0.997994840 0.008051670 -0.062781945 -1.179924130 -0.007900304 0.999965250 0.002658829 -0.250327349 0.062801145 -0.002157501 0.998023629 22.332279205
0.998106480 0.007088529 -0.061100725 -1.242579222 -0.006766486 0.999962091 0.005475971 -0.255590498 0.061137218 -0.005052165 0.998116612 23.264333725
0.998196661 0.006807443 -0.059641942 -1.302423477 -0.006434748 0.999958575 0.006438707 -0.262830466 0.059683293 -0.006043313 0.998199046 24.210968018
0.998277247 0.007236084 -0.058225472 -1.359634399 -0.007050234 0.999969423 0.003396693 -0.267702818 0.058248255 -0.002980337 0.998297691 25.156730652
0.998319983 0.007704055 -0.057427209 -1.416446567 -0.007787655 0.999969006 -0.001232116 -0.274066597 0.057415940 0.001677269 0.998348892 26.094274521
0.998395741 0.007470340 -0.056126885 -1.471274376 -0.007705495 0.999962389 -0.003974420 -0.288485229 0.056095086 0.004400529 0.998415709 27.041353226
0.998439372 0.004694482 -0.055650737 -1.521228433 -0.004881347 0.999982893 -0.003222336 -0.295431703 0.055634659 0.003488957 0.998445094 28.000913620
0.998463392 0.003277504 -0.055319495 -1.585287571 -0.003180909 0.999993205 0.001834102 -0.308027476 0.055325143 -0.001655318 0.998466909 28.973377228
0.998414040 -0.000597696 -0.056293223 -1.633726597 0.000910337 0.999984264 0.005528324 -0.320414782 0.056289032 -0.005570803 0.998398960 29.936544418
0.998320699 -0.007992117 -0.057375684 -1.682994246 0.008297690 0.999952555 0.005089602 -0.328734398 0.057332292 -0.005557139 0.998339653 30.910346985
0.998219907 -0.010397587 -0.058728155 -1.737388492 0.010478222 0.999944448 0.001065240 -0.332099050 0.058713820 -0.001678710 0.998273432 31.883270264
0.998139203 -0.010097634 -0.060134757 -1.798481345 0.009927509 0.999945819 -0.003127181 -0.336761653 0.060163073 0.002524373 0.998185396 32.862491608
0.998036146 -0.008831064 -0.062014766 -1.871773481 0.008616587 0.999955893 -0.003725096 -0.345657766 0.062044930 0.003183424 0.998068273 33.853214264
0.997981787 -0.008858889 -0.062879466 -1.926241279 0.008752936 0.999959707 -0.001960337 -0.366744667 0.062894292 0.001406001 0.998019159 34.822120667
0.997924268 -0.005864455 -0.064130515 -1.995455503 0.005927367 0.999982119 0.000790758 -0.378783554 0.064124726 -0.001169241 0.997941077 35.820228577
0.997844875 -0.005550148 -0.065382473 -2.062762260 0.005699406 0.999981463 0.002096533 -0.390847743 0.065369643 -0.002464656 0.997858047 36.799465179
0.997797132 -0.004327440 -0.066197485 -2.133447647 0.004640173 0.999978781 0.004571227 -0.397916496 0.066176288 -0.004868326 0.997796059 37.775909424
0.997796714 -0.004492487 -0.066195272 -2.196727753 0.005027649 0.999956012 0.007920236 -0.408974588 0.066156775 -0.008235591 0.997775257 38.766067505
0.997774422 0.001198465 -0.066670485 -2.274562359 -0.000521220 0.999948025 0.010174548 -0.409598649 0.066679209 -0.010117155 0.997723222 39.754028320
0.997753680 0.001489260 -0.066974372 -2.350466251 -0.000863657 0.999955833 0.009368928 -0.413427740 0.066985354 -0.009290042 0.997710705 40.747932434
0.997775674 0.001611740 -0.066640861 -2.412503242 -0.001087799 0.999968171 0.007897685 -0.421776354 0.066651471 -0.007807626 0.997745752 41.729427338
0.997765601 0.003831012 -0.066701256 -2.490773678 -0.003464591 0.999978244 0.005608265 -0.425559074 0.066721290 -0.005364642 0.997757137 42.724643707
0.997725308 0.003413926 -0.067324840 -2.567424774 -0.003047293 0.999979973 0.005547681 -0.427913159 0.067342430 -0.005329900 0.997715652 43.704238892
0.997632682 0.001165790 -0.068757862 -2.627651453 -0.000690025 0.999975622 0.006942779 -0.439572573 0.068764262 -0.006878899 0.997609198 44.698078156
0.997566164 0.001510887 -0.069710031 -2.696148872 -0.000948756 0.999966800 0.008096247 -0.446054250 0.069719933 -0.008010404 0.997534394 45.687694550
0.997588873 0.004332954 -0.069264337 -2.784146309 -0.004025827 0.999981344 0.004573098 -0.459328711 0.069282860 -0.004283227 0.997587860 46.651779175
0.997478306 0.004902982 -0.070801713 -2.850164652 -0.004897445 0.999988019 0.000251803 -0.465558738 0.070802093 0.000095578 0.997490346 47.613986969
0.997423589 0.004636819 -0.071587309 -2.910262346 -0.004709106 0.999988616 -0.000841023 -0.470082283 0.071582571 0.001175968 0.997434080 48.584804535
0.997433186 0.003641839 -0.071510829 -2.984897375 -0.003437764 0.999989688 0.002976641 -0.484391451 0.071520932 -0.002723163 0.997435272 49.566131592
0.997426033 0.001486433 -0.071687862 -3.055579424 -0.001061295 0.999981642 0.005968110 -0.493298501 0.071695432 -0.005876665 0.997409225 50.529205322
0.997390091 -0.000845360 -0.072196476 -3.116250277 0.001321577 0.999977648 0.006548624 -0.498109281 0.072189316 -0.006626945 0.997369051 51.494262695
0.997359514 -0.004138163 -0.072505683 -3.184789181 0.004526131 0.999976218 0.005187382 -0.505331159 0.072482489 -0.005501855 0.997354507 52.453456879
0.997325003 -0.007064626 -0.072754487 -3.253364325 0.007387634 0.999964058 0.004171548 -0.517431974 0.072722405 -0.004697871 0.997341096 53.397979736
0.997240841 -0.008564068 -0.073739178 -3.324233532 0.008977919 0.999945879 0.005282724 -0.526313782 0.073689945 -0.005930173 0.997263491 54.354129791
0.997112095 -0.011898567 -0.075005375 -3.390758276 0.012646252 0.999874771 0.009501318 -0.530164242 0.074882947 -0.010422416 0.997137845 55.295871735
0.997075081 -0.012617945 -0.075379506 -3.467705727 0.013726795 0.999804795 0.014210267 -0.530857265 0.075185478 -0.015203422 0.997053683 56.237548828
0.997026801 -0.010905075 -0.076280147 -3.541795969 0.012189901 0.999791205 0.016398231 -0.531369686 0.076085411 -0.017279321 0.996951520 57.190658569
0.996925712 -0.009699603 -0.077749670 -3.611904383 0.010718640 0.999861836 0.012700039 -0.536618114 0.077615753 -0.013494367 0.996892035 58.128562927
0.996865571 -0.007564601 -0.078751862 -3.693731308 0.007962746 0.999957085 0.004742863 -0.539281726 0.078712635 -0.005355079 0.996882975 59.037010193
0.996794581 -0.005924053 -0.079784222 -3.770265341 0.005935841 0.999982297 -0.000089433 -0.547224939 0.079783358 -0.000384440 0.996812165 59.948387146
0.996731281 -0.001594009 -0.080772862 -3.844313145 0.001686575 0.999998152 0.001077792 -0.559240401 0.080770969 -0.001210499 0.996731937 60.846454620
0.996634305 0.001328855 -0.081966035 -3.928986549 -0.001030669 0.999992788 0.003680112 -0.575723648 0.081970319 -0.003583246 0.996628344 61.735206604
0.996533096 0.003577112 -0.083120763 -4.002828598 -0.003162358 0.999981940 0.005120903 -0.587257624 0.083137572 -0.004840291 0.996526301 62.601421356
0.996445894 0.004526642 -0.084113643 -4.076012135 -0.004150879 0.999980569 0.004641674 -0.594752431 0.084133022 -0.004276032 0.996445358 63.466365814
0.996302962 0.005876422 -0.085707441 -4.157196999 -0.005431029 0.999970436 0.005428905 -0.601975083 0.085736804 -0.004943355 0.996305525 64.319381714
0.996186554 0.007107679 -0.086958840 -4.233946800 -0.006594966 0.999959290 0.006181923 -0.614941001 0.086999238 -0.005584860 0.996192634 65.155784607
0.996050775 0.006706537 -0.088531829 -4.306527138 -0.006146745 0.999959409 0.006594172 -0.621521115 0.088572457 -0.006023949 0.996051490 65.979713440
0.995963693 0.006489786 -0.089522295 -4.387072086 -0.005826879 0.999953687 0.007664294 -0.629240870 0.089567885 -0.007111724 0.995955229 66.793457031
0.995819509 0.009191823 -0.090878785 -4.468029022 -0.008273321 0.999910891 0.010478451 -0.635220647 0.090966992 -0.009682776 0.995806694 67.591880798
0.995670736 0.011045117 -0.092291191 -4.542649269 -0.009745220 0.999847054 0.014523554 -0.640676558 0.092437476 -0.013561279 0.995626211 68.378288269
0.995473385 0.014155322 -0.093979537 -4.623076916 -0.012694363 0.999789476 0.016125176 -0.642462611 0.094187990 -0.014859176 0.995443463 69.154006958
0.995322168 0.016998027 -0.095104724 -4.701490402 -0.015916286 0.999799907 0.012121283 -0.651763380 0.095291704 -0.010550867 0.995393455 69.893997192
0.995201588 0.017246557 -0.096315473 -4.777221680 -0.016854385 0.999846041 0.004883881 -0.658659220 0.096384868 -0.003237107 0.995338857 70.620628357
0.995039284 0.016159564 -0.098161876 -4.843582153 -0.016327120 0.999866307 -0.000903845 -0.666675925 0.098134145 0.002502063 0.995169997 71.328781128
0.994975567 0.016717795 -0.098712720 -4.912820816 -0.017029991 0.999852300 -0.002320879 -0.669875145 0.098659337 0.003990295 0.995113313 72.016853333
0.994877219 0.019602755 -0.099172056 -4.995831490 -0.019563930 0.999807656 0.001364017 -0.681575537 0.099179730 0.000583165 0.995069325 72.694000244
0.994737864 0.019840874 -0.100512952 -5.067875862 -0.019571528 0.999801755 0.003665168 -0.697496653 0.100565746 -0.001678690 0.994928956 73.346847534
0.994712710 0.016510108 -0.101362087 -5.131462097 -0.016557859 0.999862850 0.000370275 -0.708753169 0.101354301 0.001310022 0.994849503 73.973258972
0.994802594 0.008653638 -0.101453781 -5.183339119 -0.009166515 0.999947429 -0.004590168 -0.723136902 0.101408713 0.005496289 0.994829595 74.586181641
0.994937241 0.004626172 -0.100392155 -5.237578392 -0.005603056 0.999939620 -0.009450903 -0.732328057 0.100342356 0.009965558 0.994902968 75.184539795
0.995216489 0.006848970 -0.097454764 -5.294421673 -0.007839609 0.999921381 -0.009785827 -0.741818547 0.097380072 0.010503024 0.995191753 75.769218445
0.995558441 0.011944415 -0.093384832 -5.355690002 -0.012625754 0.999897778 -0.006708603 -0.756169498 0.093295142 0.007857860 0.995607436 76.331809998
0.995995700 0.010406845 -0.088793933 -5.403403282 -0.010756259 0.999936223 -0.003457493 -0.768540502 0.088752270 0.004398739 0.996043980 76.886497498
0.996523738 0.006720642 -0.083038159 -5.441030025 -0.006718779 0.999977410 0.000301883 -0.771607220 0.083038300 0.000257082 0.996546268 77.434844971
0.997207940 0.002183285 -0.074644193 -5.470309258 -0.001892072 0.999990344 0.003971820 -0.787835717 0.074652158 -0.003819495 0.997202277 77.955360413
0.997912943 0.006026559 -0.064292677 -5.498572350 -0.005786643 0.999975622 0.003917190 -0.798073113 0.064314708 -0.003536977 0.997923315 78.475959778
0.998726964 0.011233798 -0.049177296 -5.526919365 -0.011081452 0.999933004 0.003369430 -0.803724051 0.049211860 -0.002820186 0.998784304 78.982589722
0.999392867 0.016173583 -0.030862518 -5.543248653 -0.016065994 0.999863982 0.003730952 -0.808264375 0.030918669 -0.003232850 0.999516726 79.475677490
0.999851346 0.014853226 -0.008759618 -5.532075405 -0.014813144 0.999879599 0.004623003 -0.817236543 0.008827236 -0.004492559 0.999950945 79.953033447
0.999786019 0.011375531 0.017287256 -5.500314236 -0.011473066 0.999918699 0.005553319 -0.823713243 -0.017222684 -0.005750468 0.999835134 80.405868530
0.998863220 0.010073571 0.046593718 -5.453418732 -0.010418576 0.999920011 0.007167662 -0.832007647 -0.046517793 -0.007644955 0.998888195 80.863395691
0.996767163 0.009581643 0.079771891 -5.397612095 -0.010324213 0.999907076 0.008901439 -0.842374027 -0.079679176 -0.009696243 0.996773422 81.312850952
0.993019760 0.009721534 0.117546409 -5.323369026 -0.010875723 0.999898791 0.009181577 -0.843282580 -0.117445253 -0.010395891 0.993025005 81.755996704
0.987255037 0.009565479 0.158859402 -5.233596802 -0.011144884 0.999896884 0.009054217 -0.849920273 -0.158756405 -0.010709291 0.987259686 82.156013489
0.978937209 0.009185544 0.203954756 -5.117717743 -0.011274996 0.999895155 0.009085013 -0.855890691 -0.203849927 -0.011193246 0.978938222 82.572395325
0.967445314 0.011505923 0.252818584 -4.981891632 -0.013666295 0.999883533 0.006790670 -0.861785412 -0.252710998 -0.010024695 0.967489898 82.973739624
0.951909125 0.012663527 0.306118667 -4.832660675 -0.014578395 0.999885857 0.003969784 -0.869006276 -0.306033432 -0.008241593 0.951985061 83.356513977
0.931958020 0.013108372 0.362329245 -4.656530380 -0.014674211 0.999891162 0.001569853 -0.871824443 -0.362269163 -0.006779934 0.932048798 83.727416992
0.907770216 0.012518997 0.419281006 -4.464889526 -0.014042278 0.999901235 0.000547127 -0.887630343 -0.419232726 -0.006384328 0.907856405 84.058753967
0.879121542 0.012842035 0.476424634 -4.241176605 -0.013652931 0.999905169 -0.001759425 -0.891773462 -0.476402044 -0.004957844 0.879213512 84.369308472
0.845700443 0.011716128 0.533529282 -3.999259949 -0.011330654 0.999927700 -0.003997801 -0.896307707 -0.533537507 -0.002664294 0.845772088 84.670860291
0.808576822 0.011332708 0.588281631 -3.741252899 -0.010294002 0.999933898 -0.005113995 -0.906572819 -0.588300705 -0.001920714 0.808639884 84.962394714
0.768369973 0.010325829 0.639922738 -3.466224670 -0.009585771 0.999943316 -0.004625289 -0.911913157 -0.639934182 -0.002580218 0.768425345 85.236343384
0.726245821 0.009955807 0.687363148 -3.172313690 -0.011103665 0.999934494 -0.002751337 -0.916104317 -0.687345445 -0.005634101 0.726308703 85.472351074
0.681589365 0.008923794 0.731680512 -2.868408203 -0.009646444 0.999948323 -0.003209625 -0.917924702 -0.731671154 -0.004870467 0.681640267 85.688705444
0.635830879 0.007103028 0.771795750 -2.537277222 -0.006701510 0.999970794 -0.003682053 -0.934174716 -0.771799207 -0.002831035 0.635859907 85.886299133
0.590185046 0.003877318 0.807258606 -2.202285767 -0.000100497 0.999988794 -0.004729541 -0.939940870 -0.807267904 0.002710177 0.590178847 86.051208496
0.543836653 0.005627725 0.839172244 -1.867057800 -0.002257353 0.999983668 -0.005243265 -0.952425122 -0.839188099 0.000957171 0.543840528 86.216171265
0.496990114 0.009089106 0.867708623 -1.529148102 -0.005614169 0.999957800 -0.007258815 -0.952862203 -0.867738128 -0.001263905 0.497020215 86.371513367
0.451891959 0.010210835 0.892014205 -1.189483643 -0.006029742 0.999946654 -0.008391678 -0.969434798 -0.892052233 -0.001586484 0.451929361 86.500343323
0.408957541 0.008695045 0.912512064 -0.836925507 0.000375785 0.999952912 -0.009696657 -0.969834089 -0.912553430 0.004308429 0.408934951 86.618484497
0.368212551 0.000897864 0.929741263 -0.462947845 0.014560712 0.999871373 -0.006732179 -0.980374157 -0.929627597 0.016016563 0.368152082 86.730888367
0.332860887 -0.002338666 0.942973137 -0.096662521 0.018561170 0.999819458 -0.004072273 -0.981375635 -0.942793131 0.018858176 0.332844228 86.822265625
0.299568743 0.001204320 0.954073966 0.267753601 0.016045572 0.999851525 -0.006300238 -0.991750240 -0.953939736 0.017196016 0.299504906 86.918014526
0.268666297 0.008751247 0.963193536 0.638359070 0.005129096 0.999931574 -0.010515708 -1.005810261 -0.963219583 0.007765529 0.268602997 87.017631531
0.240205720 0.013503876 0.970628083 1.015672684 -0.000123260 0.999903679 -0.013880670 -1.021771431 -0.970721960 0.003214576 0.240184218 87.106887817
0.214473039 0.015127414 0.976612687 1.406106949 0.001306382 0.999874711 -0.015774628 -1.035236359 -0.976728916 0.004659061 0.214426398 87.172378540
0.190966189 0.016612146 0.981456041 1.816762924 0.008418410 0.999792278 -0.018560510 -1.043015480 -0.981560409 0.011806729 0.190786630 87.229042053
0.171120182 0.022431422 0.984994769 2.226551056 0.015371690 0.999558270 -0.025433559 -1.047451615 -0.985130072 0.019493226 0.170699775 87.267990112
0.151073724 0.029730320 0.988075316 2.656487465 0.017497078 0.999310613 -0.032743622 -1.039724588 -0.988367677 0.022235127 0.150449425 87.328445435
0.133421585 0.030348342 0.990594625 3.095348358 0.015220733 0.999350488 -0.032666642 -1.052789330 -0.990942597 0.019436013 0.132872969 87.383499146
0.118023761 0.026208274 0.992664814 3.555892944 0.013187604 0.999522209 -0.027957266 -1.074433804 -0.992923260 0.016390495 0.117621720 87.434539795
0.103617594 0.022839934 0.994355023 4.024121284 0.012919308 0.999621034 -0.024307162 -1.095515370 -0.994533420 0.015365025 0.103283241 87.475967407
0.090309076 0.020298438 0.995706916 4.524802685 0.016041275 0.999632895 -0.021833394 -1.108613729 -0.995784521 0.017944161 0.089950308 87.513984680
0.078643709 0.019508183 0.996711969 5.019102573 0.019708123 0.999582708 -0.021119405 -1.122888446 -0.996707916 0.021304226 0.078226417 87.540107727
0.068465464 0.020148188 0.997450054 5.527035236 0.022974772 0.999499083 -0.021766579 -1.136307836 -0.997388899 0.024406444 0.067968264 87.564865112
0.060644716 0.020756418 0.997943580 6.062263489 0.025124250 0.999435306 -0.022314237 -1.146767497 -0.997843027 0.026425831 0.060088977 87.589447021
0.055132255 0.021087348 0.998256266 6.612231255 0.026433250 0.999395847 -0.022571282 -1.165051341 -0.998129070 0.027631568 0.054541528 87.615310669
0.049642395 0.022139395 0.998521686 7.172606945 0.027838053 0.999335289 -0.023541428 -1.179451823 -0.998378992 0.028965557 0.048993073 87.637222290
0.043790333 0.022849809 0.998779476 7.758556366 0.028007630 0.999317348 -0.024090080 -1.197543383 -0.998648047 0.029028358 0.043120470 87.659820557
0.038924608 0.022876153 0.998980284 8.359032631 0.030373622 0.999248922 -0.024065791 -1.211024642 -0.998780370 0.031279400 0.038200539 87.684494019
0.036126118 0.022909019 0.999084711 8.982533455 0.031694617 0.999208093 -0.024057901 -1.227160454 -0.998844504 0.032534722 0.035371412 87.700958252
0.033352673 0.022212172 0.999196827 9.620950699 0.033341017 0.999171853 -0.023324527 -1.248184919 -0.998887360 0.034092169 0.032584473 87.712493896
0.030817740 0.021471687 0.999294400 10.274986267 0.035230026 0.999124706 -0.022554521 -1.267489076 -0.998903990 0.035900239 0.030034315 87.731063843
0.030448437 0.021028206 0.999315202 10.949111938 0.039914407 0.998955667 -0.022236804 -1.285744429 -0.998739064 0.040564146 0.029577309 87.741264343
0.031374224 0.020926120 0.999288619 11.640439987 0.042995930 0.998827100 -0.022266375 -1.301299810 -0.998582482 0.043663934 0.030437693 87.758773804
0.033797137 0.020892924 0.999210358 12.346555710 0.044686303 0.998750031 -0.022394763 -1.318054914 -0.998429179 0.045407895 0.032821268 87.781700134
0.037413780 0.020770142 0.999083996 13.073705673 0.047144365 0.998633981 -0.022526257 -1.338942528 -0.998187125 0.047943968 0.036383480 87.811996460
0.041794449 0.020161256 0.998922765 13.810624123 0.047699716 0.998616040 -0.022150800 -1.362799883 -0.997986972 0.048574116 0.040774912 87.843307495
0.045642152 0.018639226 0.998783946 14.567575455 0.049340457 0.998563468 -0.020889860 -1.380176306 -0.997738659 0.050233915 0.044656910 87.883743286
0.049625985 0.016991232 0.998623252 15.337608337 0.049045712 0.998607457 -0.019428262 -1.401107073 -0.997562885 0.049942341 0.048723534 87.925575256
0.053960338 0.014878144 0.998432159 16.121395111 0.046122409 0.998784542 -0.017376084 -1.417889595 -0.997477353 0.046987720 0.053208537 87.973480225
0.057618394 0.013801059 0.998243272 16.899454117 0.045130212 0.998846233 -0.016414300 -1.439119935 -0.997318089 0.045996688 0.056929085 88.021141052
0.061743326 0.014841894 0.997981787 17.700527191 0.042464521 0.998944998 -0.017483423 -1.458326578 -0.997188330 0.043458305 0.061047938 88.080123901
0.064796187 0.018671356 0.997723877 18.497764587 0.040283613 0.998960972 -0.021310689 -1.486350656 -0.997085094 0.041572768 0.063976720 88.135879517
0.066268355 0.023796327 0.997518063 19.290748596 0.034254365 0.999072075 -0.026109029 -1.513589978 -0.997213662 0.035899550 0.065391727 88.198272705
0.066032752 0.026991239 0.997452378 20.127677917 0.031510547 0.999079049 -0.029121300 -1.544147730 -0.997319818 0.033353221 0.065121450 88.263839722
0.065893464 0.026838135 0.997465670 20.936731339 0.029509371 0.999148548 -0.028832825 -1.568203330 -0.997390211 0.031334475 0.065045387 88.332099915
0.065894648 0.024920044 0.997515380 21.748205185 0.026706100 0.999285996 -0.026728444 -1.602236748 -0.997469187 0.028401004 0.065182082 88.389923096
0.065714821 0.023675622 0.997557521 22.594493866 0.027233759 0.999303460 -0.025511105 -1.636930823 -0.997466624 0.028843699 0.065024264 88.453224182
0.066282362 0.022766456 0.997541130 23.405899048 0.024921469 0.999390066 -0.024464576 -1.671998382 -0.997489572 0.026481764 0.065674551 88.508277893
0.066145428 0.023042455 0.997543931 24.223628998 0.023028038 0.999431849 -0.024613015 -1.704318762 -0.997544229 0.024599519 0.065577194 88.576171875
0.066505313 0.023763312 0.997503102 25.037078857 0.020162936 0.999480188 -0.025154715 -1.733461499 -0.997582257 0.021785513 0.065991580 88.631195068
0.065359041 0.025184603 0.997543991 25.854438782 0.017320715 0.999502182 -0.026368899 -1.764090061 -0.997711480 0.019001622 0.064890303 88.690261841
0.062402315 0.024939198 0.997739434 26.666996002 0.014070560 0.999566495 -0.025864888 -1.793285608 -0.997951925 0.015652785 0.062024359 88.751487732
0.058333293 0.023674408 0.998016357 27.480766296 0.011582297 0.999635339 -0.024389789 -1.825611115 -0.998229980 0.012982057 0.058037821 88.809356689
0.053111043 0.021006912 0.998367608 28.300674438 0.009680414 0.999720812 -0.021550365 -1.857267857 -0.998541713 0.010809172 0.052892864 88.864509583
0.047635466 0.019129736 0.998681486 29.108448029 0.007645984 0.999780238 -0.019515485 -1.885305643 -0.998835564 0.008565528 0.047478739 88.892669678
0.039888375 0.019174524 0.999020100 29.910421371 0.007570673 0.999781311 -0.019491414 -1.912837029 -0.999175489 0.008340732 0.039734501 88.928199768
0.031561315 0.019953256 0.999302626 30.718137741 0.007043074 0.999771476 -0.020185063 -1.942685366 -0.999477148 0.007675228 0.031413570 88.949996948
0.021528898 0.020068616 0.999566793 31.513513565 0.006649802 0.999773502 -0.020215992 -1.976557016 -0.999746203 0.007082149 0.021390572 88.963096619
0.011226079 0.019518144 0.999746501 32.315658569 0.008358344 0.999772727 -0.019612512 -1.999882221 -0.999902070 0.008576397 0.011060390 88.977966309
0.000327856 0.018706040 0.999824941 33.111167908 0.007379686 0.999797761 -0.018707952 -2.025372505 -0.999972641 0.007384528 0.000189744 88.980613708
-0.010837100 0.017402126 0.999789894 33.893230438 0.008471164 0.999814272 -0.017310727 -2.056397915 -0.999905348 0.008281786 -0.010982502 88.971946716
-0.021873642 0.018376620 0.999591887 34.679256439 0.008779994 0.999796152 -0.018188242 -2.073263407 -0.999722183 0.008378570 -0.022030521 88.955467224
-0.033246227 0.018976016 0.999267101 35.457622528 0.008646312 0.999787867 -0.018698234 -2.098525763 -0.999409795 0.008018330 -0.033403248 88.930816650
-0.043406472 0.019877676 0.998859763 36.230026245 0.008465155 0.999773502 -0.019527992 -2.127325773 -0.999021649 0.007607861 -0.043564904 88.888580322
-0.053876549 0.021011868 0.998326540 36.994743347 0.009152718 0.999746978 -0.020547818 -2.149772406 -0.998505652 0.008030357 -0.054055221 88.847740173
-0.063104302 0.021519821 0.997774959 37.751712799 0.010260532 0.999728680 -0.020913029 -2.181914330 -0.997954249 0.008917998 -0.063307986 88.788436890
-0.073025458 0.022216784 0.997082591 38.526748657 0.010595383 0.999712765 -0.021499384 -2.204569817 -0.997273684 0.008994470 -0.073239863 88.740005493
-0.082385696 0.022809777 0.996339440 39.265575409 0.011166671 0.999696493 -0.021963272 -2.229559422 -0.996537924 0.009316335 -0.082615383 88.678962708
-0.090780728 0.022206588 0.995623231 39.995082855 0.012622423 0.999696732 -0.021146527 -2.254611731 -0.995790839 0.010647484 -0.091033481 88.602653503
-0.098089218 0.020941556 0.994957268 40.735961914 0.014296359 0.999705017 -0.019632064 -2.282702923 -0.995074928 0.012298573 -0.098359689 88.525085449
-0.103524365 0.019258451 0.994440436 41.459445953 0.017056758 0.999699891 -0.017584646 -2.308940411 -0.994480729 0.015141490 -0.103821762 88.451553345
-0.107225522 0.017817441 0.994075000 42.168807983 0.020422811 0.999667943 -0.015714791 -2.330531597 -0.994024932 0.018616781 -0.107553795 88.367515564
-0.109734558 0.016830288 0.993818462 42.878479004 0.021739295 0.999658108 -0.014528790 -2.347718239 -0.993723154 0.020010602 -0.110062927 88.283409119
-0.111588150 0.015677085 0.993630826 43.563655853 0.021668509 0.999676228 -0.013339017 -2.371803045 -0.993518293 0.020042023 -0.111891709 88.209190369
-0.112294652 0.016359558 0.993540227 44.233917236 0.022857901 0.999642551 -0.013876523 -2.388958931 -0.993411958 0.021151988 -0.112628430 88.129981995
-0.111334108 0.017257903 0.993633211 44.885345459 0.023516543 0.999615014 -0.014726827 -2.409297466 -0.993504643 0.021727221 -0.111697085 88.059722900
-0.108264960 0.018752366 0.993945181 45.509296417 0.024363130 0.999571860 -0.016204784 -2.431190491 -0.993823409 0.022461204 -0.108675487 87.992149353
-0.103008032 0.019428136 0.994490683 46.138767242 0.024837654 0.999547720 -0.016954275 -2.452482462 -0.994370341 0.022954391 -0.103443980 87.927497864
-0.095155537 0.020250820 0.995256364 46.735988617 0.024348959 0.999541223 -0.018010022 -2.470698357 -0.995164514 0.022519704 -0.095604971 87.877693176
-0.083920941 0.020130897 0.996269047 47.318878174 0.023047246 0.999567688 -0.018256161 -2.494324207 -0.996205866 0.021429187 -0.084348604 87.838287354
-0.070133433 0.020193435 0.997333229 47.870368958 0.022360140 0.999575734 -0.018666456 -2.517940283 -0.997287035 0.020991368 -0.070555195 87.805412292
-0.052912157 0.021349344 0.998370826 48.409942627 0.021230595 0.999569476 -0.020249788 -2.545136452 -0.998373389 0.020124549 -0.053342625 87.791320801
-0.032290976 0.023637900 0.999199092 48.932445526 0.018911587 0.999555767 -0.023035174 -2.571328878 -0.999299586 0.018152604 -0.032723658 87.798423767
-0.007522238 0.026727643 0.999614477 49.458164215 0.016904164 0.999503314 -0.026597459 -2.593130589 -0.999828875 0.016697571 -0.007970307 87.813423157
0.020563163 0.028506454 0.999382138 49.971393585 0.015091037 0.999470711 -0.028819492 -2.613020420 -0.999674678 0.015674332 0.020122085 87.849517822
0.053785309 0.027884308 0.998163104 50.477909088 0.012382884 0.999514520 -0.028589305 -2.636055946 -0.998475790 0.013897820 0.053413913 87.894538879
0.093087003 0.024931232 0.995345831 50.946262360 0.011202647 0.999596953 -0.026085408 -2.664441109 -0.995595038 0.013578719 0.092770182 87.931648254
0.134319201 0.021629343 0.990702033 51.481174469 0.009933422 0.999682248 -0.023172168 -2.679892540 -0.990888178 0.012953533 0.134061709 88.045440674
0.180011660 0.017469503 0.983509362 51.972145081 0.007290668 0.999791086 -0.019093117 -2.697204351 -0.983637333 0.010607425 0.179846734 88.156654358
0.228699654 0.014200531 0.973393500 52.459529877 0.003077480 0.999877989 -0.015309964 -2.712351322 -0.973492086 0.006496985 0.228628069 88.296958923
0.280343741 0.012842899 0.959813774 52.922576904 -0.000665262 0.999912798 -0.013185138 -2.727579117 -0.959899426 0.003057845 0.280327857 88.466224670
0.335208535 0.012348203 0.942062974 53.367229462 -0.002021178 0.999921203 -0.012387401 -2.746708155 -0.942141712 0.002248287 0.335207105 88.658752441
0.391236007 0.013092852 0.920197308 53.790199280 0.000687024 0.999894381 -0.014518906 -2.757060289 -0.920290112 0.006312516 0.391185641 88.885528564
0.451752931 0.015707282 0.892004907 54.208297729 0.001885764 0.999825954 -0.018560942 -2.778768301 -0.892141044 0.010067068 0.451644659 89.124435425
0.511899352 0.018816765 0.858839393 54.606056213 0.002930410 0.999715984 -0.023649937 -2.796185017 -0.859040380 0.014623137 0.511698842 89.389587402
0.570823073 0.024292469 0.820713699 54.963748932 -0.000527631 0.999572933 -0.029219579 -2.789084196 -0.821072876 0.016246174 0.570592105 89.675781250
0.623352766 0.026729070 0.781483889 55.274971008 -0.004344790 0.999518573 -0.030720873 -2.808959007 -0.781928539 0.015754556 0.623168886 90.026237488
0.676824808 0.027141916 0.735643625 55.601196289 -0.005679498 0.999482989 -0.031651001 -2.828638077 -0.736122072 0.017244091 0.676628947 90.367446899
0.725002766 0.024846150 0.688297629 55.877395630 -0.005711197 0.999531686 -0.030065304 -2.849662542 -0.688722134 0.017866425 0.724805057 90.723869324
0.769721866 0.022598505 0.637979388 56.132404327 -0.008162763 0.999639928 -0.025560874 -2.853585005 -0.638327301 0.014467087 0.769629061 91.110198975
0.812650621 0.019359052 0.582429588 56.403984070 -0.008865599 0.999743164 -0.020859933 -2.840716362 -0.582683682 0.011788251 0.812613487 91.502288818
0.848105490 0.014900274 0.529617846 56.601905823 -0.009798364 0.999874651 -0.012439833 -2.870590687 -0.529736757 0.005360901 0.848145187 91.926063538
0.879364729 0.011830436 0.476001769 56.788066864 -0.010518780 0.999929965 -0.005419651 -2.875993490 -0.476032525 -0.000241108 0.879427731 92.358703613
0.905064881 0.012901828 0.425077707 56.954273224 -0.014195794 0.999899149 -0.000123300 -2.884033680 -0.425036430 -0.005922722 0.905156910 92.799736023
0.925088763 0.014047204 0.379491031 57.078247070 -0.016941011 0.999847293 0.004287008 -2.903170824 -0.379372805 -0.010394824 0.925185621 93.221382141
0.939958870 0.020564109 0.340667784 57.180984497 -0.024494406 0.999673724 0.007239707 -2.914929390 -0.340407729 -0.015149481 0.940155864 93.661056519
0.951593399 0.025150008 0.306329280 57.281608582 -0.028332962 0.999580801 0.005947815 -2.910515070 -0.306051254 -0.014339115 0.951907039 94.112648010
0.961218536 0.026205858 0.274540097 57.410972595 -0.029001454 0.999560595 0.006128030 -2.910235405 -0.274258882 -0.013852439 0.961556137 94.580635071
0.967306316 0.021416247 0.252705067 57.523139954 -0.023679931 0.999702096 0.005919479 -2.911649227 -0.252503037 -0.011709989 0.967525244 95.052116394
0.971312463 0.018349683 0.237097889 57.629425049 -0.020560140 0.999765158 0.006853484 -2.919541836 -0.236916468 -0.011531642 0.971461594 95.540122986
0.974152386 0.022577241 0.224760786 57.720684052 -0.024693301 0.999673247 0.006607805 -2.918871164 -0.224538192 -0.011987096 0.974391520 96.041343689
0.976213098 0.028110737 0.214983210 57.814754486 -0.030322699 0.999515653 0.006997258 -2.916090965 -0.214682430 -0.013349689 0.976592660 96.543228149
0.977159739 0.037005592 0.209259778 57.905426025 -0.039005939 0.999224186 0.005438934 -2.918182850 -0.208896205 -0.013477083 0.977844954 97.045684814
0.977524817 0.042251989 0.206543207 57.997459412 -0.043666467 0.999043524 0.002292398 -2.921908855 -0.206248820 -0.011259891 0.978434801 97.559394836
0.977472067 0.044150356 0.206395864 58.093345642 -0.045243267 0.998975873 0.000576009 -2.940169811 -0.206159085 -0.009901057 0.978468418 98.084060669
0.977445722 0.041204747 0.207128271 58.246250153 -0.041363563 0.999137819 -0.003565776 -2.935661793 -0.207096621 -0.005082213 0.978307188 98.590065002
0.976688981 0.040044781 0.210890904 58.369659424 -0.038750522 0.999196231 -0.010267782 -2.938296795 -0.211132556 0.001856295 0.977455616 99.135986328
0.975772619 0.040352214 0.215033710 58.492198944 -0.038012605 0.999164641 -0.015006210 -2.941111088 -0.215459615 0.006468656 0.976491213 99.693344116
0.974553704 0.045459878 0.219496220 58.612632751 -0.043346506 0.998955846 -0.014437195 -2.953536034 -0.219923347 0.004555425 0.975506544 100.271713257
0.973079443 0.048181951 0.225377753 58.740406036 -0.046933614 0.998838663 -0.010896640 -2.956592083 -0.225641012 0.000025502 0.974210382 100.870124817
0.972207546 0.044813577 0.229791865 58.888866425 -0.044677790 0.998984635 -0.005796509 -2.972688675 -0.229818314 -0.004631184 0.973222554 101.463821411
0.971538723 0.040549699 0.233384207 59.043373108 -0.041633371 0.999132931 -0.000283247 -2.980848551 -0.233193323 -0.009441385 0.972384572 102.076774597
0.970703542 0.038000301 0.237256631 59.197315216 -0.040230643 0.999180019 0.004564228 -2.988742590 -0.236888647 -0.013975499 0.971436322 102.704414368
0.970262766 0.032814745 0.239819229 59.360748291 -0.035084769 0.999370873 0.005201229 -2.995154619 -0.239497632 -0.013460562 0.970803678 103.327331543
0.970119715 0.029694209 0.240802929 59.512046814 -0.031052442 0.999516010 0.001846962 -2.996703625 -0.240631551 -0.009269293 0.970572293 103.978927612
0.970292926 0.029487016 0.240129575 59.684108734 -0.029110996 0.999563098 -0.005113655 -3.000769615 -0.240175471 -0.002028668 0.970727384 104.621681213
0.970452011 0.031649314 0.239209935 59.841926575 -0.029703135 0.999489903 -0.011737385 -3.007687569 -0.239459381 0.004285283 0.970897019 105.280456543
0.970963657 0.034831431 0.236677855 59.997840881 -0.031992108 0.999362826 -0.015827678 -3.009764671 -0.237078354 0.007796275 0.971459270 105.960739136
0.971547246 0.033239741 0.234501958 60.159828186 -0.031444170 0.999440551 -0.011392871 -3.017706871 -0.234749466 0.003694993 0.972048998 106.653099060
0.972079873 0.028752722 0.232882172 60.333831787 -0.028739056 0.999580920 -0.003452480 -3.032839775 -0.232883811 -0.003336727 0.972498834 107.344650269
0.972689927 0.029167635 0.230269253 60.501800537 -0.030541185 0.999530554 0.002402191 -3.043190479 -0.230091080 -0.009369281 0.973124027 108.066795349
0.972938955 0.032601003 0.228750974 60.656627655 -0.033957940 0.999421179 0.001997210 -3.056657314 -0.228553474 -0.009711076 0.973482966 108.789665222
0.973269403 0.038281430 0.226454273 60.816886902 -0.038612884 0.999249816 -0.002967435 -3.056362391 -0.226398006 -0.005855937 0.974017262 109.512771606
0.974146008 0.039082430 0.222512946 60.980571747 -0.038188592 0.999235928 -0.008319924 -3.062307119 -0.222668082 -0.000392637 0.974894166 110.249687195
0.975052714 0.037611939 0.218764380 61.146400452 -0.036021590 0.999287605 -0.011255066 -3.073050261 -0.219031885 0.003094039 0.975712776 111.009368896
0.975974977 0.035592407 0.214956015 61.313827515 -0.034282476 0.999363959 -0.009820358 -3.082896233 -0.215168804 0.002215200 0.976574421 111.782638550
0.976850688 0.031784251 0.211547807 61.481452942 -0.030804090 0.999494016 -0.007928157 -3.093596935 -0.211692765 0.001228089 0.977335572 112.560798645
0.977283835 0.030368710 0.209747657 61.651336670 -0.030048942 0.999537289 -0.004711899 -3.110262632 -0.209793732 -0.001697833 0.977744162 113.352928162
0.977628350 0.026979297 0.208602220 61.820724487 -0.027051141 0.999630868 -0.002508957 -3.115326881 -0.208592907 -0.003190102 0.977997303 114.154067993
0.977831900 0.021916274 0.208241612 61.991783142 -0.022180500 0.999753356 -0.001066407 -3.126492977 -0.208213642 -0.003576135 0.978076756 114.951873779
0.977936566 0.022936512 0.207638815 62.162322998 -0.023493882 0.999724090 0.000218411 -3.130937338 -0.207576498 -0.005091834 0.978205502 115.759956360
0.977728426 0.028151827 0.207976803 62.327033997 -0.028395455 0.999595165 -0.001814515 -3.137997389 -0.207943693 -0.004131494 0.978132010 116.578895569
0.977391720 0.034253053 0.208643258 62.483619690 -0.033877846 0.999411523 -0.005372643 -3.142250538 -0.208704516 -0.001817209 0.977976978 117.386894226
0.976873934 0.042799212 0.209488288 62.649238586 -0.042314537 0.999081194 -0.006797124 -3.153389692 -0.209586769 -0.002224469 0.977787495 118.213867188
0.975973547 0.048595317 0.212400898 62.815994263 -0.048409749 0.998809099 -0.006077219 -3.169248581 -0.212443218 -0.004351069 0.977163732 119.041198730
0.975161552 0.051456958 0.215434626 62.986412048 -0.051733993 0.998651445 -0.004356592 -3.179864645 -0.215368256 -0.006896912 0.976508498 119.875244141
0.974597096 0.052085992 0.217824623 63.166862488 -0.052245539 0.998621583 -0.005030898 -3.195667028 -0.217786387 -0.006477265 0.975974977 120.701454163
0.974285424 0.050134372 0.219669074 63.349777222 -0.049601544 0.998737574 -0.007943874 -3.206884861 -0.219789967 -0.003156323 0.975542128 121.537422180
0.974314809 0.044203408 0.220809370 63.544441223 -0.043831285 0.999017298 -0.006587149 -3.221698761 -0.220883518 -0.003260400 0.975294709 122.364494324
0.974513650 0.037319675 0.221202254 63.749824524 -0.036480848 0.999303281 -0.007877811 -3.240525723 -0.221342131 -0.000392612 0.975196123 123.213920593
0.974239349 0.036584657 0.222529411 63.936264038 -0.035703953 0.999330521 -0.007980873 -3.257328987 -0.222672418 -0.000169900 0.974893272 124.051284790
0.973654687 0.039106451 0.224649131 64.119041443 -0.038945984 0.999228060 -0.005147251 -3.270585775 -0.224676982 -0.003737537 0.974426091 124.882446289
0.973279655 0.041234724 0.225890607 64.308441162 -0.042435229 0.999099076 0.000459310 -3.283198833 -0.225668147 -0.010032756 0.974152505 125.737976074
0.972992122 0.044534240 0.226502195 64.496337891 -0.046833016 0.998891294 0.004782701 -3.297308207 -0.226038039 -0.015261312 0.973998904 126.571197510
0.972737014 0.043818306 0.227734387 64.683593750 -0.044646658 0.999001682 -0.001515415 -3.312204599 -0.227573410 -0.008693481 0.973722100 127.395393372
0.972977817 0.039705299 0.227459714 64.875228882 -0.037037253 0.999185979 -0.015987713 -3.329451561 -0.227909371 0.007131207 0.973656178 128.203643799
