1.000000000 0.000000000 0.000000000 0.000000000 0.000000000 1.000000000 0.000000000 0.000000000 0.000000000 0.000000000 1.000000000 0.000000000
0.999042392 -0.000548192 0.043749079 0.046497814 0.000650281 0.999997079 -0.002319314 -0.020428874 -0.043747682 0.002345542 0.999039829 1.025973678
0.996032357 -0.004668353 0.088869080 0.139363170 0.005339283 0.999959111 -0.007313427 -0.038936593 -0.088831298 0.007758907 0.996016443 2.049467087
0.990879714 -0.004159579 0.134685621 0.270917982 0.005753092 0.999917984 -0.011444304 -0.060131598 -0.134626955 0.012114787 0.990822256 3.058703184
0.983557701 -0.001350074 0.180588946 0.452747136 0.003848533 0.999901593 -0.013485393 -0.093746342 -0.180553019 0.013958665 0.983466148 4.085333347
0.974019468 -0.003827795 0.226431906 0.688120484 0.007043420 0.999885499 -0.013395070 -0.125358179 -0.226354763 0.014641914 0.973934889 5.085800648
0.962358356 -0.004314862 0.271749377 0.961195290 0.008651562 0.999853611 -0.014762398 -0.152883157 -0.271645874 0.016557774 0.962254763 6.095489979
0.948777914 -0.006891569 0.315868646 1.286423683 0.013026996 0.999765217 -0.017316613 -0.186981559 -0.315675139 0.020544440 0.948644876 7.077416420
0.933612645 -0.008446991 0.358184487 1.659772754 0.016425835 0.999680102 -0.019238913 -0.217114389 -0.357907355 0.023845175 0.933452606 8.031978607
0.916359723 -0.008556137 0.400264502 2.072327375 0.018104242 0.999634445 -0.020079190 -0.250383735 -0.399946392 0.025646245 0.916179657 8.964815140
0.896752000 -0.008898393 0.442443997 2.517990589 0.019102603 0.999644279 -0.018612688 -0.285269767 -0.442120939 0.025142796 0.896602988 9.873039246
0.874937296 -0.008855621 0.484155238 3.017268658 0.019904187 0.999645472 -0.017685305 -0.325573742 -0.483826935 0.025110250 0.874803305 10.772086143
0.850932121 -0.008932580 0.525199711 3.550672054 0.020738173 0.999647200 -0.016598163 -0.358555138 -0.524866164 0.025015591 0.850817084 11.639992714
0.825395167 -0.009427763 0.564476728 4.132187843 0.022664838 0.999607801 -0.016445993 -0.400973648 -0.564100266 0.026368206 0.825285137 12.483877182
0.798143744 -0.011154784 0.602363884 4.744089603 0.026060935 0.999531925 -0.016021559 -0.433182001 -0.601903141 0.028485669 0.798060834 13.286872864
0.769366741 -0.010200392 0.638725936 5.412581444 0.026868841 0.999504328 -0.016402423 -0.467310011 -0.638242066 0.029781304 0.769259512 14.102252960
0.738816321 -0.013411080 0.673773468 6.089681625 0.031660739 0.999388754 -0.014824844 -0.501145065 -0.673162818 0.032285005 0.738789260 14.835704803
0.706741929 -0.012645865 0.707358420 6.828610420 0.032134317 0.999382138 -0.014239764 -0.531611800 -0.706741273 0.032794319 0.706711590 15.568176270
0.672610641 -0.011161759 0.739912450 7.578385830 0.032883994 0.999349356 -0.014817465 -0.566701591 -0.739265561 0.034297660 0.672540009 16.250226974
0.637296200 -0.012474757 0.770518064 8.385412216 0.037980910 0.999162197 -0.015237518 -0.588368058 -0.769682407 0.038975783 0.637235999 16.907932281
0.600657523 -0.010806039 0.799433351 9.176771164 0.038257293 0.999151647 -0.015239133 -0.616393864 -0.798590481 0.039737657 0.600561440 17.498533249
0.562769413 -0.009616709 0.826557994 10.032230377 0.041081399 0.999022007 -0.016347365 -0.647253156 -0.825592458 0.043155942 0.562614143 18.082908630
0.523844481 -0.007837726 0.851777911 10.874012947 0.045609586 0.998781264 -0.018859563 -0.672669709 -0.850591958 0.048728712 0.523563623 18.601667404
0.485129654 -0.006764133 0.874416053 11.781684875 0.047289804 0.998709679 -0.018510967 -0.696951151 -0.873162568 0.050331190 0.484823614 19.099016190
0.446773827 -0.008533800 0.894606173 12.680450439 0.052704267 0.998468816 -0.016796384 -0.722723246 -0.893093228 0.054653749 0.446539551 19.538471222
0.409819573 -0.009139953 0.912120819 13.630197525 0.056516673 0.998282969 -0.015389822 -0.747278094 -0.910414040 0.057857085 0.409632444 19.956657410
0.374691486 -0.006615020 0.927125931 14.568134308 0.057967775 0.998185396 -0.016305242 -0.774358749 -0.925335646 0.059852861 0.374394983 20.327846527
0.341285855 -0.007450274 0.939929962 15.534272194 0.058400504 0.998204708 -0.013292872 -0.798637986 -0.938143492 0.059429061 0.341108263 20.673637390
0.307865500 -0.009040391 0.951386869 16.528530121 0.060834300 0.998095751 -0.010201533 -0.822282732 -0.949483037 0.061017659 0.307829201 20.988273621
0.275271386 -0.008914374 0.961325228 17.514961243 0.061518546 0.998070896 -0.008360455 -0.844019175 -0.959396243 0.061440732 0.275288761 21.261415482
0.242984548 -0.006078301 0.970011234 18.517641068 0.058827486 0.998232126 -0.008480951 -0.867171109 -0.968244731 0.059124053 0.242912605 21.516996384
0.211963326 -0.004525478 0.977267087 19.551576614 0.058576606 0.998250186 -0.008082266 -0.882952929 -0.975520551 0.058958136 0.211857527 21.745037079
0.181468219 -0.004426673 0.983386874 20.585702896 0.060392909 0.998152614 -0.006651402 -0.902437925 -0.981540620 0.060596611 0.181400299 21.931791306
0.150766924 -0.004433698 0.988559365 21.660314560 0.062050413 0.998060584 -0.004987108 -0.915669978 -0.986620009 0.062092401 0.150749668 22.090375900
0.120278746 -0.005118658 0.992726922 22.746852875 0.060603663 0.998159468 -0.002196067 -0.928923786 -0.990888596 0.060427032 0.120367579 22.221120834
0.091287300 -0.005563267 0.995809078 23.833145142 0.061281979 0.998120487 -0.000041630 -0.943289220 -0.993937194 0.061028950 0.091456652 22.312236786
0.064048491 -0.005334530 0.997932494 24.958372116 0.064080819 0.997943878 0.001221808 -0.949697077 -0.995887280 0.063870087 0.064258635 22.377336502
0.039249867 -0.004773962 0.999218047 26.081207275 0.068240874 0.997666657 0.002086009 -0.955094039 -0.996896505 0.068105631 0.039484065 22.406095505
0.016654721 -0.004218091 0.999852419 27.264167786 0.072478324 0.997365475 0.003000314 -0.955928564 -0.997230887 0.072417647 0.016916566 22.416343689
-0.003747926 -0.004437682 0.999983132 28.426200867 0.078124508 0.996932447 0.004716952 -0.959427953 -0.996936500 0.078140877 -0.003389737 22.409395218
-0.020913066 -0.005203215 0.999767780 29.613616943 0.082555369 0.996562481 0.006913421 -0.960599899 -0.996367037 0.082680762 -0.020411626 22.365888596
-0.036432866 -0.005004120 0.999323547 30.824590683 0.085701987 0.996287763 0.008113398 -0.959302723 -0.995654464 0.085939609 -0.035868756 22.309553146
-0.050739314 -0.005638522 0.998696029 32.027984619 0.088002399 0.996069252 0.010094703 -0.956087351 -0.994827092 0.088399857 -0.050043654 22.251363754
-0.063796535 -0.006520533 0.997941554 33.238597870 0.088355765 0.996014774 0.012156361 -0.950865269 -0.994043887 0.088949442 -0.062966153 22.163675308
-0.075996883 -0.006373861 0.997087657 34.444992065 0.087965220 0.996037781 0.013071758 -0.948401093 -0.993220329 0.088702448 -0.075135089 22.075378418
-0.087541588 -0.003813209 0.996153593 35.672290802 0.087768279 0.996074259 0.011525947 -0.946317852 -0.992286861 0.088439681 -0.086863257 21.978214264
-0.097681977 -0.000330525 0.995217621 36.910995483 0.088192269 0.996062934 0.008987001 -0.937138915 -0.991302371 0.088648386 -0.097268261 21.855443954
-0.107047983 0.002141285 0.994251490 38.168384552 0.089534536 0.995955467 0.007494952 -0.934352636 -0.990214229 0.089822166 -0.106806748 21.724189758
-0.114410922 0.003403183 0.993427634 39.455081940 0.089522339 0.995960951 0.006898234 -0.925035298 -0.989391625 0.089723207 -0.114253469 21.582172394
-0.120140672 0.004084849 0.992748499 40.768539429 0.089219935 0.995989442 0.006699052 -0.918473721 -0.988739610 0.089377768 -0.120023288 21.426631927
-0.125345796 0.005839168 0.992095888 42.090389252 0.090615556 0.995870292 0.005587389 -0.911429882 -0.987966239 0.090599693 -0.125357255 21.265525818
-0.130036324 0.007358938 0.991481841 43.429141998 0.089390822 0.995987236 0.004331541 -0.908484221 -0.987471461 0.089192644 -0.130172312 21.094676971
-0.134193406 0.008104180 0.990922034 44.799961090 0.089936368 0.995939314 0.004034216 -0.903615057 -0.986865520 0.089661278 -0.134377345 20.917337418
-0.137885183 0.007160611 0.990422428 46.185279846 0.089233726 0.995997071 0.005222077 -0.899329841 -0.986420274 0.089099132 -0.137972206 20.753244400
-0.140457958 0.005309799 0.990072429 47.618255615 0.090222754 0.995893657 0.007458554 -0.894774437 -0.985967278 0.090374671 -0.140360266 20.543029785
-0.142127648 0.004151313 0.989839613 49.051967621 0.090173073 0.995887399 0.008770960 -0.885940194 -0.985732555 0.090503477 -0.141917482 20.329849243
-0.145254418 0.005040534 0.989381492 50.493492126 0.092516467 0.995674789 0.008510057 -0.877898097 -0.985059321 0.092770204 -0.145092472 20.144716263
-0.146360338 0.004802752 0.989219785 51.935630798 0.092208654 0.995700717 0.008808548 -0.871147811 -0.984924436 0.092503846 -0.146173954 19.942478180
-0.146746993 0.006293577 0.989153981 53.393032074 0.094574861 0.995487988 0.007696880 -0.858580530 -0.984642506 0.094678611 -0.146680102 19.727800369
-0.146554366 0.006299136 0.989182651 54.884346008 0.094057575 0.995537698 0.007595690 -0.852440238 -0.984720767 0.094153300 -0.146492898 19.502761841
-0.146104008 0.008002993 0.989236891 56.399787903 0.093943827 0.995560467 0.005820755 -0.842542887 -0.984798551 0.093783133 -0.146207199 19.288757324
-0.144966513 0.008273060 0.989401996 57.934192657 0.094564572 0.995503366 0.005531462 -0.832438767 -0.984907150 0.094364263 -0.145097002 19.065361023
-0.143505991 0.006549475 0.989627779 59.485031128 0.094118424 0.995535910 0.007059542 -0.839413047 -0.985163808 0.094155304 -0.143481776 18.851154327
-0.142196387 0.007586034 0.989809394 61.062793732 0.095006131 0.995458484 0.006019286 -0.829741836 -0.985268474 0.094893880 -0.142271325 18.625232697
-0.141273394 0.008103264 0.989937603 62.652915955 0.094674908 0.995493829 0.005362259 -0.823922276 -0.985433102 0.094479792 -0.141403958 18.408735275
-0.140412182 0.008542716 0.990056396 64.260528564 0.095631808 0.995404422 0.004973877 -0.824194431 -0.985463858 0.095379278 -0.140583858 18.184823990
-0.139306754 0.008234989 0.990214944 65.872665405 0.095087335 0.995455861 0.005098634 -0.822537363 -0.985673308 0.094867207 -0.139456764 17.951557159
-0.138048559 0.006908800 0.990401328 67.525070190 0.097162470 0.995246470 0.006600535 -0.812998414 -0.985647976 0.097141042 -0.138063610 17.713676453
-0.137876511 0.005239439 0.990435541 69.230590820 0.099296309 0.995021105 0.008559135 -0.806737006 -0.985459447 0.099526696 -0.137710288 17.472663879
-0.137149751 0.006409890 0.990529537 70.916183472 0.100925229 0.994865477 0.007536262 -0.803168237 -0.985395312 0.101003021 -0.137092456 17.238033295
-0.136311725 0.008451984 0.990629971 72.594276428 0.102971829 0.994668067 0.005682592 -0.790493786 -0.985300064 0.102781564 -0.136455223 17.009311676
-0.135003433 0.008052384 0.990812421 74.292541504 0.101983026 0.994769216 0.005811184 -0.788272381 -0.985582888 0.101830572 -0.135118455 16.773296356
-0.134804949 0.008265265 0.990837693 76.037864685 0.102948636 0.994670272 0.005709085 -0.784478903 -0.985509634 0.102775015 -0.134937391 16.526206970
-0.134505481 0.007076956 0.990887582 77.772491455 0.102840416 0.994674265 0.006855807 -0.781162977 -0.985561848 0.102825418 -0.134516940 16.288295746
-0.134534031 0.007330906 0.990881860 79.491882324 0.104220189 0.994531035 0.006792284 -0.778947055 -0.985412955 0.104183704 -0.134562299 16.065029144
-0.134451687 0.007427031 0.990892291 81.262695312 0.105303660 0.994416535 0.006834941 -0.768501341 -0.985309005 0.105263561 -0.134483084 15.825271606
-0.134252459 0.008537797 0.990910411 83.022941589 0.105858937 0.994364381 0.005774631 -0.761084378 -0.985276699 0.105671972 -0.134399652 15.577879906
-0.134858295 0.009312475 0.990821064 84.814971924 0.105472483 0.994409561 0.005009404 -0.762337446 -0.985235393 0.105179936 -0.135086581 15.337281227
-0.135879353 0.009997768 0.990674973 86.594779968 0.104962744 0.994466603 0.004360483 -0.769083977 -0.985149562 0.104576446 -0.136176869 15.097628593
-0.137549222 0.010410365 0.990440190 88.391899109 0.104093574 0.994559407 0.004002525 -0.774035811 -0.985010028 0.103648998 -0.137884542 14.868433952
-0.138451099 0.009363023 0.990325034 90.205802917 0.102975264 0.994671524 0.004992213 -0.781183600 -0.985001206 0.102670185 -0.138677508 14.620175362
-0.139637366 0.009077398 0.990161121 92.046264648 0.103051044 0.994661331 0.005414112 -0.781671584 -0.984825790 0.102793157 -0.139827326 14.370628357
-0.140115350 0.008002719 0.990102768 93.893142700 0.100735024 0.994894028 0.006214168 -0.783592939 -0.984997451 0.100608744 -0.140206039 14.112144470
-0.141970485 0.008823658 0.989831567 95.724983215 0.100434467 0.994928300 0.005536117 -0.783744991 -0.984762549 0.100199170 -0.142136648 13.860183716
-0.144260541 0.009733790 0.989491820 97.602699280 0.099790260 0.994997084 0.004760734 -0.780732989 -0.984495223 0.099428445 -0.144510135 13.578598022
-0.148406714 0.010813605 0.988867223 99.476509094 0.100254603 0.994953036 0.004165800 -0.775590658 -0.983831525 0.099756725 -0.148741826 13.298332214
-0.152876601 0.009708747 0.988197684 101.352241516 0.098100901 0.995161831 0.005399286 -0.778544068 -0.983364105 0.097768508 -0.153089404 13.016004562
-0.157654300 0.009039677 0.987452984 103.250167847 0.096635677 0.995299757 0.006317100 -0.779188693 -0.982754767 0.096419089 -0.157786831 12.722758293
-0.162226468 0.009600908 0.986706853 105.150199890 0.095164277 0.995443761 0.005960232 -0.783937991 -0.982153893 0.094866142 -0.162401006 12.417461395
-0.166468114 0.011467422 0.985980153 107.070564270 0.095973179 0.995373309 0.004626985 -0.784332275 -0.981365085 0.095397912 -0.166798502 12.088024139
-0.171253785 0.013310806 0.985137045 109.003738403 0.095543087 0.995420277 0.003159230 -0.788167357 -0.980583310 0.094664089 -0.171741247 11.761331558
-0.176176608 0.013328597 0.984268427 110.936302185 0.094379306 0.995530486 0.003412084 -0.798447728 -0.979823649 0.093495704 -0.176647171 11.427747726
-0.180879369 0.013208129 0.983416617 112.882926941 0.092680365 0.995689154 0.003673698 -0.802054405 -0.979128718 0.091807887 -0.181323752 11.075225830
-0.185602695 0.012690727 0.982542992 114.847061157 0.090819240 0.995858252 0.004293072 -0.804272354 -0.978418946 0.090030588 -0.185986504 10.705635071
-0.191080734 0.011898297 0.981502235 116.778526306 0.090243772 0.995904505 0.005495938 -0.812814772 -0.977417111 0.089624621 -0.191371888 10.336589813
-0.196230516 0.011486417 0.980490506 118.754417419 0.090664193 0.995860457 0.006478604 -0.817519069 -0.976357281 0.090166673 -0.196459606 9.941530228
-0.201693654 0.013089056 0.979361176 120.710296631 0.090831831 0.995851636 0.005396829 -0.817755163 -0.975227773 0.090045676 -0.202045843 9.552398682
-0.206960648 0.014170320 0.978246570 122.670295715 0.090587720 0.995877206 0.004739286 -0.822113216 -0.974146426 0.089597970 -0.207391039 9.144552231
-0.213171571 0.014323113 0.976909757 124.658775330 0.090742126 0.995860815 0.005199882 -0.814665914 -0.972791731 0.089755327 -0.213588953 8.736167908
-0.218801275 0.014281862 0.975664854 126.642196655 0.089704566 0.995952964 0.005538180 -0.814990819 -0.971637249 0.088733345 -0.219196945 8.301445007
-0.224038526 0.015072407 0.974463701 128.630249023 0.088914201 0.996026576 0.005036294 -0.814256132 -0.970515847 0.087771989 -0.224488437 7.849931717
-0.229606390 0.015504310 0.973160028 130.632080078 0.088052310 0.996103764 0.004905121 -0.819250286 -0.969292521 0.086815245 -0.230076954 7.398921967
-0.234072775 0.014901269 0.972104847 132.622177124 0.089315407 0.995983779 0.006238920 -0.819485188 -0.968107820 0.088284314 -0.234463617 6.923219681
-0.237788662 0.015097603 0.971199572 134.629776001 0.091534674 0.995777786 0.006931683 -0.808676898 -0.966994286 0.090546712 -0.238166586 6.426420212
-0.240979865 0.015880348 0.970400214 136.627349854 0.093014538 0.995641410 0.006804923 -0.808871388 -0.966062605 0.091901168 -0.241406649 5.924222946
-0.243897527 0.016636062 0.969658256 138.623641968 0.093591586 0.995589733 0.006460072 -0.809567213 -0.965274334 0.092327461 -0.244378865 5.416786194
-0.247580379 0.016654434 0.968724191 140.656829834 0.092785120 0.995664358 0.006595843 -0.810051203 -0.964414239 0.091516189 -0.248052254 4.908977509
-0.251155883 0.017057236 0.967796326 142.665908813 0.091652662 0.995771646 0.006234783 -0.820075691 -0.963597715 0.090267017 -0.251657218 4.382293701
-0.256139874 0.017765805 0.966476381 144.698501587 0.090826288 0.995850027 0.005765439 -0.826087356 -0.962363183 0.089258216 -0.256690562 3.859794617
-0.260528475 0.016641613 0.965322733 146.728652954 0.089177445 0.995991826 0.006897543 -0.833583891 -0.961338818 0.087882012 -0.260968298 3.320606232
-0.265042096 0.017173456 0.964083910 148.755538940 0.089702450 0.995944679 0.006919644 -0.836118519 -0.960055292 0.088314675 -0.265507787 2.765201569
-0.269822389 0.017558852 0.962749958 150.809066772 0.088951826 0.996012986 0.006764317 -0.837125540 -0.958792627 0.087463543 -0.270308495 2.201881409
-0.274855494 0.017611258 0.961324215 152.860687256 0.088463590 0.996054471 0.007045415 -0.839034319 -0.957407236 0.086978666 -0.275329024 1.635864258
-0.279104352 0.017040100 0.960109591 154.902923584 0.088409767 0.996051908 0.008022760 -0.841388941 -0.956182241 0.087122247 -0.279508919 1.047134399
-0.283958793 0.017106552 0.958683848 156.960250854 0.088894539 0.996004283 0.008557764 -0.840913177 -0.954706848 0.087651812 -0.284344852 0.457221985
-0.288391769 0.017779669 0.957347333 159.038238525 0.089665450 0.995935559 0.008514538 -0.841402531 -0.953304946 0.088296495 -0.288813859 -0.151935577
-0.292064071 0.019026253 0.956209481 161.099670410 0.090076029 0.995905101 0.007696656 -0.839082360 -0.952147543 0.088379465 -0.292581856 -0.775566101
-0.295950711 0.020554245 0.954982042 163.159851074 0.090111449 0.995910525 0.006490545 -0.842335939 -0.950943291 0.087975703 -0.296592534 -1.403259277
-0.299617559 0.021928661 0.953807294 165.244674683 0.090826660 0.995850682 0.005635916 -0.841486156 -0.949726164 0.088319749 -0.300366044 -2.042957306
-0.302975267 0.022537094 0.952731848 167.331008911 0.090407096 0.995891452 0.005192030 -0.846642733 -0.948700488 0.087706774 -0.303767890 -2.698860168
-0.306934357 0.022516582 0.951464295 169.433181763 0.090651818 0.995866477 0.005676148 -0.853304029 -0.947403491 0.087994181 -0.307706833 -3.363533020
-0.310855836 0.022891661 0.950181365 171.521087646 0.090551823 0.995875835 0.005631889 -0.852983654 -0.946133673 0.087791368 -0.311646730 -4.032379150
-0.315391332 0.024040421 0.948657095 173.638580322 0.092673242 0.995680869 0.005578142 -0.853632390 -0.944425642 0.089674428 -0.316257060 -4.722412109
-0.318304598 0.024216997 0.947679043 175.734756470 0.094737895 0.995481730 0.006381833 -0.858265281 -0.943242729 0.091812491 -0.319160700 -5.430641174
-0.320409000 0.024134463 0.946971834 177.794952393 0.096091181 0.995346904 0.007145204 -0.860346317 -0.942393005 0.093285009 -0.321237147 -6.131568909
-0.323241115 0.023588069 0.946022630 179.883117676 0.095478661 0.995401025 0.007804303 -0.856243610 -0.941487670 0.092847653 -0.324006647 -6.843566895
-0.326124609 0.024393503 0.945012033 181.994003296 0.094638050 0.995487392 0.006963267 -0.855655909 -0.940577686 0.091704987 -0.326961428 -7.568008423
-0.328775465 0.026320213 0.944041193 184.094345093 0.094186731 0.995541692 0.005045775 -0.859424710 -0.939699709 0.090575077 -0.329788744 -8.296337128
-0.331955135 0.028273361 0.942871332 186.212493896 0.093686178 0.995596886 0.003129525 -0.862226546 -0.938631237 0.089372866 -0.333142340 -9.036743164
-0.334885746 0.029357193 0.941801310 188.334869385 0.093039691 0.995660305 0.002047012 -0.873915195 -0.937654078 0.088310421 -0.336163819 -9.787940979
-0.338611990 0.030384533 0.940435350 190.497344971 0.091350153 0.995818496 0.000717513 -0.882862926 -0.936481178 0.086151861 -0.339971811 -10.552753448
-0.341230929 0.030689798 0.939478457 192.617462158 0.092312664 0.995729566 0.001001831 -0.896473825 -0.935435653 0.087067626 -0.342606813 -11.341194153
-0.345099062 0.029625179 0.938098729 194.784332275 0.091661483 0.995787621 0.002272586 -0.907795548 -0.934079647 0.086771779 -0.346360981 -12.125789642
-0.348434359 0.029096609 0.936881483 196.939926147 0.091898419 0.995763063 0.003252528 -0.919560969 -0.932817340 0.087231219 -0.349631935 -12.928821564
-0.352231771 0.029180720 0.935457766 199.096893311 0.091812946 0.995770097 0.003508608 -0.925268710 -0.931398511 0.087122977 -0.353421092 -13.736030579
-0.355761260 0.029395841 0.934114397 201.257583618 0.091046631 0.995840967 0.003337145 -0.933619797 -0.930131435 0.086235188 -0.356958002 -14.548091888
-0.359609395 0.029860621 0.932624996 203.433166504 0.090085275 0.995929956 0.002848333 -0.948171854 -0.928744137 0.085040063 -0.360835820 -15.376609802
-0.362967104 0.030339809 0.931307852 205.610855103 0.089784451 0.995957971 0.002546565 -0.962355494 -0.927466094 0.084541291 -0.364224046 -16.211784363
-0.365454793 0.031152969 0.930307627 207.719818115 0.091375664 0.995813251 0.002548771 -0.980649412 -0.926333249 0.085938938 -0.366771400 -17.047515869
-0.368012130 0.030897915 0.929307461 209.869552612 0.092271291 0.995727897 0.003433772 -0.995929956 -0.925231397 0.087012067 -0.369290918 -17.894382477
-0.370169103 0.030581493 0.928460896 212.041336060 0.093769133 0.995583355 0.004592564 -1.006611586 -0.924219728 0.088760994 -0.371401876 -18.770690918
-0.373359650 0.031414501 0.927154660 214.238265991 0.094898544 0.995476842 0.004485640 -1.016515374 -0.922820032 0.089660384 -0.374652028 -19.646678925
-0.375983328 0.032690600 0.926049590 216.436477661 0.095331103 0.995439231 0.003565051 -1.025956154 -0.921709538 0.089621745 -0.377385050 -20.534439087
-0.378813177 0.032782849 0.924892306 218.603179932 0.094602615 0.995509207 0.003461057 -1.040399671 -0.920625269 0.088808335 -0.380213261 -21.408298492
-0.381670117 0.034104463 0.923669219 220.769561768 0.094429590 0.995529115 0.002261605 -1.058118939 -0.919462323 0.088084899 -0.383184105 -22.298843384
-0.384591252 0.035093538 0.922419667 222.924926758 0.094339795 0.995538950 0.001458414 -1.078629017 -0.918253541 0.087581784 -0.386186242 -23.190002441
-0.387058109 0.035172284 0.921384156 225.082427979 0.092229389 0.995737493 0.000733436 -1.098193645 -0.917430997 0.085262597 -0.388652265 -24.085521698
-0.390328676 0.036118228 0.919966817 227.237274170 0.093016565 0.995664477 0.000375449 -1.120078087 -0.915964782 0.085718706 -0.391996056 -24.986560822
-0.392858744 0.035712019 0.918905139 229.375366211 0.094495468 0.995523810 0.001709860 -1.145012498 -0.914730906 0.087504089 -0.394474864 -25.892177582
-0.395740688 0.034691837 0.917706728 231.535064697 0.094772376 0.995493710 0.003236099 -1.168029785 -0.913459063 0.088253923 -0.397245198 -26.810527802
-0.398816139 0.034262493 0.916390598 233.649795532 0.093812034 0.995583415 0.003603906 -1.188163161 -0.912219822 0.087405764 -0.400268972 -27.724140167
-0.401746541 0.034380067 0.915105283 235.784835815 0.092578329 0.995700121 0.003235448 -1.210105658 -0.911059201 0.086018756 -0.403201908 -28.652317047
-0.405246407 0.033767987 0.913583577 237.954086304 0.091103554 0.995834887 0.003603439 -1.226995707 -0.909656763 0.084690996 -0.406634927 -29.601184845
-0.408789694 0.033261318 0.912022233 240.107284546 0.090389326 0.995897651 0.004194353 -1.243693113 -0.908141375 0.084151693 -0.410119087 -30.547599792
-0.412379622 0.033671968 0.910389602 242.249801636 0.090267204 0.995909333 0.004053357 -1.265100360 -0.906529009 0.083849847 -0.413732260 -31.506088257
-0.416117847 0.033202503 0.908704340 244.381469727 0.089716829 0.995956242 0.004692982 -1.284840703 -0.904873908 0.083478905 -0.417414010 -32.465522766
-0.420133948 0.032755982 0.906870842 246.544036865 0.088642552 0.996050477 0.005089076 -1.299797654 -0.903122365 0.082525432 -0.421378255 -33.443664551
-0.423985958 0.032798789 0.905074656 248.660247803 0.088069111 0.996101022 0.005158873 -1.311516881 -0.901376545 0.081896409 -0.425221473 -34.416336060
-0.427477658 0.033673108 0.903398514 250.790710449 0.088575222 0.996057928 0.004785894 -1.330475330 -0.899676204 0.082064599 -0.428775191 -35.413787842
-0.430866212 0.034284335 0.901764274 252.896759033 0.088978030 0.996022701 0.004646060 -1.344466567 -0.898018479 0.082239054 -0.432203114 -36.410865784
-0.434656501 0.034505516 0.899935067 255.035995483 0.089139968 0.996007204 0.004864266 -1.355467439 -0.896173954 0.082334466 -0.435996860 -37.428062439
-0.438228250 0.034716699 0.898193061 257.152130127 0.087894477 0.996120155 0.004381950 -1.372502327 -0.894556046 0.080866501 -0.439579397 -38.453926086
-0.441855609 0.034932949 0.896405876 259.268005371 0.088356279 0.996077597 0.004735352 -1.389832497 -0.892724276 0.081295416 -0.443209141 -39.485130310
-0.445118040 0.035631925 0.894762635 261.376831055 0.089038059 0.996017456 0.004629627 -1.397112489 -0.891034305 0.081728652 -0.446517885 -40.530639648
-0.448475152 0.036946431 0.893031359 263.499847412 0.090472072 0.995889962 0.004232659 -1.404106379 -0.889204621 0.082692631 -0.449974597 -41.586196899
-0.451823235 0.038944900 0.891257107 265.625793457 0.092736401 0.995684445 0.003504739 -1.419039965 -0.887274325 0.084235482 -0.453485072 -42.665649414
-0.454507738 0.039631952 0.889860690 267.764038086 0.094102234 0.995555580 0.003724601 -1.433161616 -0.885758162 0.085430719 -0.456217170 -43.754829407
-0.457240015 0.041887023 0.888356328 269.901763916 0.096146062 0.995363891 0.002554142 -1.439651012 -0.884130895 0.086579815 -0.459147573 -44.858810425
-0.459834725 0.044247318 0.886901438 272.033172607 0.097793907 0.995206118 0.001052898 -1.455806971 -0.882603168 0.087217703 -0.461957455 -45.951591492
-0.463139236 0.044908706 0.885147035 274.194091797 0.098718368 0.995114744 0.001164821 -1.465157866 -0.880770445 0.087919764 -0.465310007 -47.066238403
-0.466330945 0.046196740 0.883403301 276.383972168 0.099090852 0.995078325 0.000271391 -1.469004512 -0.879042923 0.087663740 -0.468613446 -48.218238831
-0.469890714 0.046135943 0.881518066 278.566528320 0.097834960 0.995202661 0.000064799 -1.470590949 -0.877286196 0.086273722 -0.472150177 -49.377937317
-0.473481894 0.047308195 0.879532158 280.729919434 0.098775230 0.995109737 -0.000350811 -1.487042665 -0.875247598 0.086709887 -0.475839347 -50.531326294
-0.476424247 0.047365535 0.877938747 282.883087158 0.097765006 0.995209336 -0.000638996 -1.499536514 -0.873763084 0.085527249 -0.478772610 -51.695693970
-0.479135126 0.047246620 0.876468658 285.028930664 0.096223965 0.995359063 -0.001053170 -1.510608912 -0.872450829 0.083832666 -0.481457800 -52.857696533
-0.481445998 0.048192006 0.875149846 287.178771973 0.098104745 0.995175719 -0.000831163 -1.522830844 -0.870967984 0.085456178 -0.483851194 -54.040275574
-0.483748406 0.048046261 0.873887300 289.366455078 0.099726230 0.995014727 0.000498534 -1.544020295 -0.869506896 0.087390646 -0.486128181 -55.232688904
-0.485695183 0.047818791 0.872819304 291.524658203 0.100515001 0.994934380 0.001424213 -1.555649877 -0.868329942 0.088423163 -0.488041401 -56.437316895
-0.487187207 0.047894675 0.871983230 293.683807373 0.100578561 0.994928062 0.001546870 -1.562061429 -0.867486358 0.088456444 -0.489533335 -57.642562866
-0.489641845 0.046903964 0.870661139 295.898101807 0.099826023 0.995001674 0.002537701 -1.566569328 -0.866190314 0.088157207 -0.491876662 -58.867012024
-0.493007749 0.047869392 0.868707001 298.131927490 0.101405598 0.994841337 0.002729693 -1.561466455 -0.864095032 0.089437522 -0.495318741 -60.113555908
-0.495408565 0.047520269 0.867359281 300.332214355 0.101545647 0.994824767 0.003495943 -1.571493506 -0.862704396 0.089808486 -0.497670174 -61.350097656
-0.497732133 0.047892731 0.866007507 302.551757812 0.100692928 0.994913459 0.002851001 -1.582097411 -0.861465991 0.088619865 -0.500022888 -62.612266541
-0.500465393 0.050760176 0.864267170 304.759979248 0.100695707 0.994917274 -0.000124328 -1.585279822 -0.859880686 0.086965792 -0.503032982 -63.881294250
-0.504173338 0.049590986 0.862177551 306.972747803 0.098441809 0.995142758 0.000326647 -1.600846291 -0.857973456 0.085039020 -0.506606162 -65.160125732
-0.508361876 0.047898851 0.859810352 309.161315918 0.096503414 0.995331347 0.001608976 -1.613344789 -0.855719149 0.083792567 -0.510610878 -66.436164856
-0.513252795 0.045495432 0.857030690 311.367095947 0.094038971 0.995562494 0.003468039 -1.623442173 -0.853069901 0.082374260 -0.515253544 -67.727844238
-0.517300367 0.044211332 0.854661107 313.563110352 0.092842437 0.995669723 0.004689053 -1.624623895 -0.850752950 0.081774496 -0.519164979 -69.057945251
-0.522032976 0.044699758 0.851753175 315.818817139 0.093492992 0.995607257 0.005051961 -1.627572060 -0.847785711 0.082270257 -0.523918867 -70.409645081
-0.526688218 0.045816418 0.848822951 318.065063477 0.095833853 0.995380700 0.005737101 -1.636384964 -0.844639182 0.084367625 -0.528646111 -71.787780762
-0.530045152 0.046828751 0.846675277 320.313201904 0.096834049 0.995284855 0.005572920 -1.635233760 -0.842422307 0.084940881 -0.532080472 -73.213653564
-0.534341097 0.047066163 0.843957603 322.555541992 0.097822614 0.995183051 0.006435384 -1.641518831 -0.839589536 0.085996814 -0.536371291 -74.615341187
-0.538044572 0.045958988 0.841662526 324.761322021 0.098410062 0.995109022 0.008572062 -1.645835638 -0.837152004 0.087440200 -0.539935827 -76.039756775
-0.541776121 0.044110801 0.839364588 326.982971191 0.096409030 0.995292485 0.009922927 -1.637484312 -0.834975600 0.086298317 -0.543478251 -77.480171204
-0.545880437 0.043458574 0.836735249 329.184722900 0.095384419 0.995384812 0.010529608 -1.640381575 -0.832415998 0.085559428 -0.547506392 -78.890960693
-0.550124884 0.043501440 0.833948553 331.395599365 0.095383354 0.995379865 0.010998649 -1.632610321 -0.829617143 0.085595444 -0.551732540 -80.328613281
-0.553942740 0.043601222 0.831412256 333.608367920 0.096310534 0.995279312 0.011973762 -1.625353813 -0.826965332 0.086706556 -0.555527031 -81.785652161
-0.558286428 0.043144796 0.828525782 335.820892334 0.096637145 0.995230913 0.013291292 -1.612272739 -0.824000955 0.087486707 -0.559793353 -83.251625061
-0.562026143 0.042025056 0.826051116 338.045745850 0.094893090 0.995390058 0.013922962 -1.601931095 -0.821657956 0.086211629 -0.563423216 -84.742576599
-0.565494835 0.041160718 0.823724091 340.263885498 0.094520487 0.995407641 0.015149685 -1.585743427 -0.819317698 0.086425886 -0.566788375 -86.250038147
-0.568086505 0.040618062 0.821965873 342.456176758 0.095139980 0.995325983 0.016569456 -1.572336197 -0.817451000 0.087614708 -0.569295704 -87.753273010
-0.571294427 0.039931085 0.819773257 344.676940918 0.092678808 0.995566130 0.016093314 -1.553592682 -0.815495729 0.085169628 -0.572462082 -89.284088135
-0.574823916 0.038757838 0.817358732 346.849304199 0.088465445 0.995966494 0.014987970 -1.535202503 -0.813481033 0.080923460 -0.575934052 -90.767852783
-0.578646362 0.037979886 0.814693749 349.003784180 0.085035063 0.996280253 0.013952010 -1.521954060 -0.811133385 0.077350810 -0.579723597 -92.250259399
-0.581313431 0.035230599 0.812916577 351.172607422 0.082829259 0.996434569 0.016046854 -1.512259483 -0.809452891 0.076661527 -0.582158864 -93.789161682
-0.585163116 0.034710985 0.810172379 353.355407715 0.083694637 0.996333122 0.017763263 -1.494063377 -0.806584954 0.078201488 -0.585922539 -95.325447083
-0.587863266 0.034942359 0.808205307 355.510284424 0.083062336 0.996393442 0.017338350 -1.473745823 -0.804684699 0.077323973 -0.588645518 -96.883407593
-0.591693223 0.033432458 0.805469632 357.701293945 0.080534369 0.996592939 0.017794706 -1.456299305 -0.802130342 0.075397015 -0.592369795 -98.446380615
-0.595125377 0.029701168 0.803083777 359.877349854 0.077916071 0.996741354 0.020876341 -1.431723595 -0.799846828 0.074997194 -0.595500231 -100.021278381
-0.598384798 0.027204789 0.800746858 362.031982422 0.075802892 0.996862590 0.022778571 -1.411561012 -0.797614872 0.074329279 -0.598569632 -101.611053467
-0.601553500 0.026366750 0.798397303 364.214019775 0.074340269 0.996965587 0.023087375 -1.374380112 -0.795365930 0.073241353 -0.601688266 -103.219482422
-0.604752779 0.026157996 0.795983553 366.384399414 0.073368616 0.997040153 0.022976976 -1.342027664 -0.793026567 0.072295606 -0.604882002 -104.819892883
-0.607676744 0.026049413 0.793757260 368.573944092 0.073808141 0.996988773 0.023786258 -1.313728333 -0.790747344 0.073040076 -0.607769608 -106.472343445
-0.610451221 0.025004579 0.791659057 370.712585449 0.073074006 0.997016668 0.024856830 -1.284333229 -0.788675785 0.073023573 -0.610457242 -108.097160339
-0.613479912 0.023442380 0.789362311 372.859252930 0.069902398 0.997247636 0.024710907 -1.254844666 -0.786610484 0.070337966 -0.613430083 -109.728607178
-0.616823137 0.019805854 0.786852539 375.010559082 0.059802461 0.997973025 0.021759903 -1.225458145 -0.784826636 0.060477722 -0.616757333 -111.366424561
-0.620585978 0.022189403 0.783824325 377.153564453 0.052109700 0.998557031 0.012989094 -1.211322308 -0.782405019 0.048905704 -0.620846629 -113.001289368
-0.623344779 0.032247264 0.781281888 379.272674561 0.062067315 0.998037338 0.008326543 -1.208153963 -0.779479921 0.053682391 -0.624122798 -114.671714783
-0.624342680 0.033532195 0.780430496 381.390289307 0.069744274 0.997480989 0.012937214 -1.207586765 -0.778030813 0.062507816 -0.625108659 -116.354003906
-0.626193881 0.024528917 0.779281437 383.506408691 0.068959303 0.997330368 0.024020171 -1.181355476 -0.776611745 0.068779998 -0.626213610 -118.045478821
-0.630073190 0.013736108 0.776414394 385.642486572 0.062516801 0.997495353 0.033086013 -1.129411697 -0.774015129 0.069385543 -0.629353881 -119.723815918
-0.633690536 0.007592723 0.773549318 387.743438721 0.056547612 0.997731328 0.036530547 -1.068032265 -0.771517158 0.066891432 -0.632682204 -121.395988464
-0.637070954 0.007230387 0.770771205 389.833068848 0.055039860 0.997830212 0.036132123 -0.998905182 -0.768837631 0.065441862 -0.636086643 -123.075325012
-0.639513552 0.012238349 0.768682361 391.895202637 0.060656812 0.997559547 0.034581736 -0.949541092 -0.766383052 0.068741322 -0.638695180 -124.770248413
-0.642018497 0.018658787 0.766462028 393.944641113 0.065284319 0.997403324 0.030403869 -0.896174431 -0.763904512 0.069557816 -0.641569614 -126.455665588
-0.644584537 0.021805132 0.764221966 396.012664795 0.066181853 0.997432292 0.027362010 -0.848816872 -0.761663139 0.068214767 -0.644372582 -128.180068970
-0.648278117 0.021726197 0.761093616 398.077270508 0.066360265 0.997401237 0.028051952 -0.803667068 -0.758506298 0.068691835 -0.648035228 -129.897277832
-0.651177824 0.021017389 0.758633971 400.106719971 0.066940643 0.997310996 0.029829139 -0.754158020 -0.755967200 0.070207529 -0.650833845 -131.616500854
-0.653688192 0.021018483 0.756471992 402.134490967 0.067908995 0.997210622 0.030974658 -0.698125839 -0.753710806 0.071619034 -0.653292239 -133.356231689
-0.655336738 0.020913986 0.755047262 404.190887451 0.067964718 0.997194469 0.031368185 -0.643081665 -0.752272964 0.071873300 -0.654919565 -135.121536255
-0.656618059 0.020982360 0.753931344 406.224548340 0.068286166 0.997161329 0.031720575 -0.591252327 -0.751125634 0.072311372 -0.656187177 -136.878250122
-0.657903254 0.021717811 0.752789259 408.252838135 0.069110848 0.997107327 0.031633373 -0.535814285 -0.749924660 0.072837599 -0.657501101 -138.643524170
-0.658780217 0.020798285 0.752047956 410.267761230 0.069882266 0.996987641 0.033643357 -0.478753090 -0.749082863 0.074718386 -0.658249259 -140.406204224
-0.659705997 0.020106141 0.751254737 412.274291992 0.071848221 0.996750593 0.036416274 -0.423434258 -0.748081386 0.078000352 -0.659006953 -142.158813477
-0.660927653 0.019926714 0.750184953 414.309814453 0.073591150 0.996550322 0.038364492 -0.354679108 -0.746832490 0.080563143 -0.660114169 -143.935653687
-0.662109196 0.019974824 0.749141097 416.324340820 0.071935356 0.996722639 0.037001971 -0.284159660 -0.745946825 0.078389071 -0.661376178 -145.701385498
-0.663688898 0.019956378 0.747742474 418.322174072 0.067917459 0.997122526 0.033670828 -0.220134735 -0.744919002 0.073131710 -0.663134575 -147.447525024
-0.665062547 0.019378765 0.746536076 420.319213867 0.065094031 0.997362614 0.032100171 -0.162105560 -0.743945241 0.069943666 -0.664569974 -149.202972412
-0.666022480 0.018666694 0.745697975 422.320007324 0.064614251 0.997372925 0.032743659 -0.106655121 -0.743127882 0.069990732 -0.665478885 -150.968627930
-0.666707814 0.017282726 0.745118737 424.329223633 0.062469449 0.997509122 0.032758795 -0.049877167 -0.742696643 0.068387710 -0.666126668 -152.757263184
-0.667541265 0.015883159 0.744403303 426.340209961 0.059203304 0.997739255 0.031801846 0.003085136 -0.742215395 0.065300182 -0.666972578 -154.531066895
-0.668196023 0.015024571 0.743833542 428.332153320 0.057826295 0.997820318 0.031791367 0.057102203 -0.741734564 0.064256005 -0.667608440 -156.298339844
-0.669272542 0.013818331 0.742888510 430.296783447 0.058525998 0.997700989 0.034168355 0.111739159 -0.740708411 0.066346258 -0.668542624 -158.043914795
-0.669089556 0.013059093 0.743067026 432.263580322 0.061361987 0.997402430 0.037724044 0.175937653 -0.740644217 0.070836835 -0.668152869 -159.800964355
-0.667680323 0.011893234 0.744353056 434.241088867 0.065906189 0.996890724 0.043189205 0.249250412 -0.741524994 0.077894069 -0.666388154 -161.575424194
-0.666596353 0.010959057 0.745338321 436.239715576 0.069353767 0.996466577 0.047375306 0.335111618 -0.742185533 0.083272226 -0.665001035 -163.341613770
-0.664962351 0.008328536 0.746830404 438.221923828 0.063339002 0.996964455 0.045277745 0.427061081 -0.744186282 0.077411488 -0.663471341 -165.082336426
-0.664391279 0.007486363 0.747347414 440.217376709 0.056046590 0.997633278 0.039831828 0.510635376 -0.745280504 0.068350196 -0.663238466 -166.821166992
-0.662739754 0.004669603 0.748835146 442.220581055 0.050915081 0.997947454 0.038838230 0.574819565 -0.747116864 0.063866638 -0.661617279 -168.571914673
-0.661378682 0.005366521 0.750032961 444.230895996 0.049726252 0.998088121 0.036707215 0.647084236 -0.748401999 0.061573695 -0.660381079 -170.285018921
-0.658709288 0.006103530 0.752372801 446.232604980 0.051525518 0.997985482 0.037015025 0.715936661 -0.750631213 0.063148543 -0.657696784 -172.025512695
-0.655846119 0.006231126 0.754868925 448.230041504 0.052517258 0.997919798 0.037390698 0.785264969 -0.753065646 0.064166188 -0.654809058 -173.750854492
-0.653062761 0.006869767 0.757272661 450.219696045 0.050218768 0.998150706 0.034253094 0.846212387 -0.755637109 0.060398716 -0.652199864 -175.458984375
-0.651689827 0.001754266 0.758483708 452.243194580 0.043136079 0.998464704 0.034753244 0.907863617 -0.757257998 0.055366356 -0.650764704 -177.165908813
-0.650956392 -0.004281396 0.759103000 454.262969971 0.034415599 0.998789430 0.035145786 0.967065811 -0.758334458 0.049003363 -0.650021076 -178.850006104
-0.650782704 -0.007954955 0.759222388 456.300567627 0.027593091 0.999036908 0.034119643 1.021327972 -0.758762479 0.043153770 -0.649936378 -180.549621582
-0.649799287 -0.008771772 0.760055244 458.321289062 0.025337301 0.999127746 0.033192690 1.079318047 -0.759683430 0.040826336 -0.649010241 -182.257171631
-0.649257421 -0.008762481 0.760518253 460.352020264 0.027198102 0.999026597 0.034729633 1.137359619 -0.760082304 0.043233126 -0.648387074 -183.956909180
-0.648037732 -0.010030664 0.761542141 462.382629395 0.028401805 0.998899460 0.037325669 1.196887970 -0.761078477 0.045817610 -0.647039652 -185.643035889
-0.647100210 -0.011713721 0.762314975 464.389526367 0.027574135 0.998868227 0.038755219 1.270168304 -0.761906147 0.046098694 -0.646044850 -187.325592041
-0.646280527 -0.012220751 0.763001978 466.443908691 0.025298478 0.998979032 0.037428729 1.339626312 -0.762680233 0.043492254 -0.645311594 -189.027343750
-0.645244777 -0.011529362 0.763888896 468.433105469 0.023741443 0.999100566 0.035133425 1.405318260 -0.763606906 0.040805481 -0.644390702 -190.682205200
-0.644282699 -0.009760748 0.764725029 470.470153809 0.024911368 0.999120116 0.033740394 1.466152191 -0.764381588 0.040788695 -0.643472612 -192.379364014
-0.642378449 -0.009566563 0.766327858 472.480834961 0.026595511 0.999041498 0.034765508 1.521231651 -0.765925944 0.042713493 -0.641508341 -194.062835693
