1.000000000 0.000000000 0.000000000 0.000000000 0.000000000 1.000000000 0.000000000 0.000000000 0.000000000 0.000000000 1.000000000 0.000000000
0.999048769 -0.000034967 0.043606639 0.057166032 0.000126797 0.999997795 -0.002103111 -0.023355624 -0.043606468 0.002106639 0.999046564 1.031903625
0.996011317 -0.004124681 0.089133136 0.138499618 0.004780509 0.999962986 -0.007145609 -0.040732067 -0.089100383 0.007543207 0.995994031 2.078938723
0.990833521 -0.003365160 0.135046676 0.268182009 0.004945882 0.999923110 -0.011371212 -0.061324768 -0.134998024 0.011934903 0.990773976 3.084577799
0.983488739 -0.000854769 0.180967391 0.451577097 0.003320535 0.999905705 -0.013322955 -0.098926954 -0.180938929 0.013703885 0.983398855 4.102264404
0.973949850 -0.003433086 0.226737648 0.687204599 0.006619358 0.999889672 -0.013293844 -0.129713997 -0.226667002 0.014448393 0.973865151 5.102225780
0.962238193 -0.003896611 0.272180855 0.960520923 0.008170213 0.999860406 -0.014569814 -0.159841195 -0.272086114 0.016243408 0.962135792 6.110284805
0.948690295 -0.006528801 0.316139311 1.284878969 0.012605607 0.999773026 -0.017180711 -0.193145677 -0.315955341 0.020284306 0.948557138 7.082319736
0.933504224 -0.008114835 0.358474374 1.657772303 0.016049923 0.999687493 -0.019165602 -0.222030714 -0.358206779 0.023644652 0.933342814 8.040794373
0.916294456 -0.008280249 0.400419593 2.071509361 0.017734889 0.999644458 -0.019911813 -0.258587778 -0.400112361 0.025346482 0.916115522 8.956377029
0.896618664 -0.008692607 0.442718059 2.520515442 0.018839071 0.999650836 -0.018526224 -0.292739034 -0.442402452 0.024951354 0.896469414 9.878762245
0.874952435 -0.008697653 0.484130651 3.011596203 0.019600151 0.999655366 -0.017463345 -0.329924077 -0.483812004 0.024768632 0.874821365 10.750709534
0.850881338 -0.008938720 0.525281847 3.541686773 0.020643111 0.999651849 -0.016427804 -0.363641798 -0.524952173 0.024821565 0.850769699 11.615345955
0.825391650 -0.009019636 0.564488530 4.116372108 0.022108452 0.999621749 -0.016354462 -0.401184738 -0.564127505 0.025978805 0.825278878 12.454710960
0.798157215 -0.010958539 0.602349639 4.748919010 0.025790203 0.999539495 -0.015989291 -0.435428172 -0.601896942 0.028296683 0.798072159 13.269692421
0.769356668 -0.009912400 0.638742626 5.393746853 0.026355086 0.999520898 -0.016233163 -0.472118348 -0.638275564 0.029323209 0.769249201 14.052644730
0.738902330 -0.013051936 0.673686087 6.087515354 0.031357456 0.999395132 -0.015030819 -0.503410935 -0.673082471 0.032231387 0.738864720 14.790790558
0.706965148 -0.012182793 0.707143426 6.801905155 0.031643264 0.999395132 -0.014417532 -0.536878228 -0.706540108 0.032569025 0.706923068 15.495210648
0.672709167 -0.010959160 0.739825964 7.561325550 0.032886051 0.999345064 -0.015099186 -0.569379747 -0.739175856 0.034487315 0.672628999 16.194095612
0.637182415 -0.012039618 0.770619035 8.344119072 0.037672702 0.999169350 -0.015539152 -0.593320727 -0.769791782 0.038932577 0.637106657 16.837491989
0.600531697 -0.010523515 0.799531639 9.118555069 0.037565887 0.999180615 -0.015064593 -0.633085608 -0.798717916 0.039081886 0.600435019 17.413333893
0.562710106 -0.009285856 0.826602221 9.940940857 0.040442556 0.999048769 -0.016308220 -0.664872766 -0.825664461 0.042606704 0.562550366 17.971622467
0.523890674 -0.007750809 0.851750135 10.798351288 0.045301087 0.998796880 -0.018774670 -0.694268823 -0.850579917 0.048421089 0.523611605 18.493383408
0.485095680 -0.006297802 0.874438405 11.665989876 0.046378426 0.998751938 -0.018535361 -0.716347516 -0.873230338 0.049546503 0.484782398 18.975160599
0.446989357 -0.008650570 0.894497454 12.551336288 0.052436437 0.998487115 -0.016546777 -0.743922293 -0.893001080 0.054300487 0.446766764 19.386507034
0.410221577 -0.009395654 0.911937475 13.482248306 0.056384563 0.998295248 -0.015078365 -0.771736979 -0.910241187 0.057604659 0.410052031 19.790662766
0.375155151 -0.006973848 0.926935732 14.416335106 0.057926252 0.998193681 -0.015934311 -0.797569454 -0.925150275 0.059671760 0.374881417 20.160778046
0.341878742 -0.007735339 0.939712226 15.368572235 0.058578033 0.998197079 -0.013094640 -0.818953514 -0.937916517 0.059523277 0.341715485 20.504932404
0.308408618 -0.009400243 0.951207519 16.358285904 0.060511123 0.998119831 -0.009755586 -0.846346557 -0.949327409 0.060567349 0.308397621 20.823575974
0.275655419 -0.009165155 0.961212814 17.373115540 0.060956579 0.998108566 -0.007964095 -0.865383685 -0.959321856 0.060787596 0.275692731 21.114046097
0.243578508 -0.006475803 0.969859540 18.363185883 0.058490910 0.998255670 -0.008024484 -0.887702942 -0.968115866 0.058682568 0.243532434 21.362287521
0.212629840 -0.004646827 0.977121770 19.395336151 0.058539115 0.998253047 -0.007991283 -0.898944259 -0.975377738 0.058899038 0.212530419 21.590431213
0.182194129 -0.004383109 0.983252943 20.425407410 0.060951866 0.998117089 -0.006844848 -0.914913416 -0.981371582 0.061178185 0.182118267 21.779075623
0.152001902 -0.004596025 0.988369524 21.503292084 0.062533878 0.998030365 -0.004976172 -0.930388808 -0.986400008 0.062562957 0.151989937 21.932554245
0.121440314 -0.005268218 0.992584765 22.601026535 0.061071165 0.998131037 -0.002174252 -0.940473974 -0.990718126 0.060882345 0.121535093 22.066532135
0.092534825 -0.005771043 0.995692730 23.685735703 0.061428357 0.998111486 0.000076210 -0.955586374 -0.993812799 0.061156724 0.092714585 22.158256531
0.065719046 -0.005388958 0.997823536 24.802398682 0.064598031 0.997910738 0.001134848 -0.958905876 -0.995745003 0.064382844 0.065929852 22.218339920
0.041290570 -0.004816414 0.999135494 25.921056747 0.068835862 0.997626066 0.001964406 -0.962185383 -0.996773064 0.068695247 0.041524097 22.238410950
0.018555418 -0.004428077 0.999818027 27.103755951 0.072839528 0.997338951 0.003065284 -0.964334905 -0.997171044 0.072769396 0.018828580 22.257764816
-0.001347221 -0.004348766 0.999989629 28.259490967 0.078666754 0.996891081 0.004441273 -0.962158203 -0.996900082 0.078671925 -0.001000929 22.244642258
-0.018815676 -0.005092327 0.999809921 29.459419250 0.083168656 0.996513367 0.006640708 -0.960917294 -0.996357858 0.083277784 -0.018326549 22.213098526
-0.034325019 -0.004784738 0.999399185 30.683429718 0.086230904 0.996245325 0.007731295 -0.956967711 -0.995683610 0.086444497 -0.033783536 22.158529282
-0.048376556 -0.005512874 0.998813868 31.884288788 0.088392690 0.996037722 0.009778764 -0.953588724 -0.994910181 0.088760905 -0.047697574 22.097238541
-0.061342418 -0.006285172 0.998097003 33.112850189 0.089002371 0.995962203 0.011741759 -0.944174886 -0.994140685 0.089553267 -0.060535334 22.003728867
-0.073473774 -0.006467061 0.997276187 34.314437866 0.088245429 0.996014416 0.012960312 -0.947304547 -0.993385315 0.088957325 -0.072610252 21.923154831
-0.085250653 -0.003649736 0.996352792 35.553924561 0.088030554 0.996054947 0.011180775 -0.939758122 -0.992462993 0.088662654 -0.084593043 21.836526871
-0.094982579 -0.000225981 0.995478928 36.792198181 0.088309899 0.996055484 0.008652107 -0.929516017 -0.991554201 0.088732429 -0.094587944 21.709121704
-0.104006268 0.002080051 0.994574487 38.053554535 0.089536123 0.995956957 0.007280176 -0.924444735 -0.990538239 0.089807540 -0.103772007 21.573133469
-0.111129940 0.003127220 0.993801057 39.341281891 0.089397259 0.995972335 0.006862630 -0.919370711 -0.989776850 0.089605719 -0.110961922 21.425655365
-0.116907865 0.003987788 0.993134677 40.648323059 0.088985883 0.996011853 0.006475721 -0.910783052 -0.989148140 0.089132018 -0.116796456 21.273513794
-0.122086488 0.005864015 0.992502153 41.970581055 0.090488642 0.995883584 0.005246905 -0.901305199 -0.988385916 0.090450756 -0.122114569 21.115047455
-0.126810625 0.007347407 0.991899729 43.316371918 0.089361668 0.995990992 0.004046842 -0.898596525 -0.987893522 0.089151010 -0.126958847 20.951236725
-0.131289199 0.008306554 0.991309285 44.693290710 0.089902811 0.995944202 0.003561357 -0.892093062 -0.987259209 0.089589067 -0.131503507 20.783132553
-0.135362461 0.007366837 0.990768731 46.092018127 0.089268968 0.995996177 0.004790550 -0.888497293 -0.986766458 0.089093372 -0.135478109 20.619091034
-0.138092354 0.005188364 0.990405679 47.519935608 0.089914188 0.995922685 0.007319480 -0.890021026 -0.986329496 0.090062290 -0.137995824 20.422441483
-0.140112400 0.003865654 0.990127981 48.964424133 0.089566305 0.995942116 0.008786121 -0.881421030 -0.986076176 0.089913167 -0.139890105 20.204584122
-0.143019915 0.004419337 0.989709854 50.396003723 0.092176311 0.995703220 0.008874014 -0.879323959 -0.985418022 0.092496984 -0.142812744 20.023586273
-0.145114377 0.004211333 0.989405930 51.887058258 0.091981545 0.995717704 0.009252569 -0.873276532 -0.985130072 0.092349783 -0.144880310 19.819368362
-0.145871282 0.005914338 0.989285886 53.358623505 0.093731299 0.995566428 0.007868897 -0.859699786 -0.984853208 0.093874887 -0.145778954 19.609447479
-0.145827740 0.005460615 0.989294946 54.850982666 0.093206972 0.995612621 0.008243755 -0.857684791 -0.984909415 0.093411364 -0.145696923 19.384208679
-0.145451337 0.007449157 0.989337385 56.364822388 0.092641018 0.995680749 0.006123065 -0.839966238 -0.985018551 0.092543848 -0.145513207 19.165010452
-0.144253954 0.007365825 0.989513338 57.902137756 0.093100503 0.995637596 0.006161032 -0.831708550 -0.985151291 0.093012936 -0.144310445 18.942668915
-0.142655909 0.005662298 0.989756167 59.450416565 0.092323683 0.995699883 0.007610530 -0.837703586 -0.985457063 0.092463613 -0.142565250 18.721462250
-0.141495466 0.006438849 0.989917994 61.038581848 0.093350381 0.995609641 0.006867309 -0.829413891 -0.985527635 0.093380913 -0.141475320 18.495864868
-0.140686601 0.006934013 0.990029991 62.633052826 0.092944749 0.995651662 0.006234375 -0.823958516 -0.985681772 0.092895165 -0.140719354 18.278562546
-0.139535710 0.007460751 0.990188897 64.235076904 0.094231792 0.995533526 0.005777960 -0.824565470 -0.985723197 0.094113521 -0.139615506 18.051000595
-0.138630554 0.007219274 0.990317881 65.850578308 0.093549266 0.995597541 0.005837820 -0.818494439 -0.985915780 0.093452796 -0.138695613 17.821994781
-0.137687996 0.005910124 0.990458012 67.502586365 0.095399909 0.995412111 0.007322286 -0.807517052 -0.985870540 0.095497787 -0.137620136 17.591232300
-0.137009308 0.004067811 0.990561426 69.187042236 0.098297030 0.995111823 0.009509435 -0.805566609 -0.985680521 0.098672122 -0.136739418 17.347717285
-0.135583341 0.004973811 0.990753531 70.872573853 0.099651255 0.994984865 0.008642090 -0.800611973 -0.985741735 0.099901542 -0.135399014 17.106559753
-0.135467276 0.007002913 0.990757048 72.557960510 0.101808861 0.994780123 0.006889084 -0.788921654 -0.985537112 0.101801082 -0.135473132 16.883384705
-0.134406537 0.006536789 0.990904689 74.258834839 0.100642055 0.994897425 0.007087983 -0.785395861 -0.985802174 0.100679345 -0.134378612 16.652248383
-0.134315163 0.006318279 0.990918517 76.003517151 0.101475611 0.994810402 0.007411535 -0.784603000 -0.985729158 0.101549551 -0.134259298 16.409074783
-0.133863881 0.005440465 0.990984797 77.735412598 0.101186410 0.994833767 0.008206828 -0.775009692 -0.985820353 0.101372771 -0.133722752 16.172430038
-0.134046078 0.005555837 0.990959525 79.455139160 0.102616318 0.994686365 0.008304072 -0.772498250 -0.985647798 0.102801748 -0.133903921 15.952509880
-0.133812353 0.005520734 0.990991235 81.225784302 0.103733279 0.994569123 0.008466317 -0.760659993 -0.985562623 0.103931680 -0.133658335 15.708567619
-0.133840665 0.006316770 0.990982711 82.985267639 0.103994541 0.994548023 0.007705854 -0.756579518 -0.985531211 0.104088150 -0.133767873 15.468682289
-0.134475559 0.007255283 0.990890324 84.786445618 0.103532672 0.994603038 0.006768146 -0.748513758 -0.985493422 0.103499681 -0.134500951 15.221379280
-0.135409713 0.007911818 0.990758061 86.572731018 0.102953874 0.994667172 0.006127962 -0.750589609 -0.985426068 0.102832161 -0.135502174 14.978355408
-0.136942163 0.008400067 0.990543365 88.362174988 0.101833992 0.994785368 0.005642461 -0.748066664 -0.985330701 0.101643674 -0.137083486 14.748071671
-0.137926489 0.007635093 0.990413010 90.172599792 0.100895517 0.994876504 0.006381370 -0.746726692 -0.985289991 0.100808382 -0.137990177 14.504206657
-0.139290676 0.007259885 0.990224898 92.005790710 0.100805156 0.994882345 0.006885800 -0.744333804 -0.985107303 0.100778922 -0.139309704 14.264122009
-0.139776170 0.006448691 0.990162134 93.862602234 0.098443188 0.995115042 0.007415777 -0.738256037 -0.985277414 0.098511264 -0.139728203 14.008217812
-0.141655788 0.007029933 0.989890993 95.685806274 0.097994067 0.995162666 0.006955815 -0.739882648 -0.985053718 0.097988762 -0.141659439 13.764298439
-0.143935949 0.007997729 0.989554703 97.561012268 0.097186007 0.995247602 0.006092478 -0.729792893 -0.984803200 0.097047791 -0.144029170 13.487037659
-0.148282617 0.009016019 0.988903940 99.433319092 0.097336583 0.995236337 0.005521528 -0.721880019 -0.984143138 0.097075298 -0.148453832 13.217847824
-0.152703300 0.008168865 0.988238335 101.327178955 0.095297396 0.995427608 0.006497130 -0.716693640 -0.983666599 0.095168658 -0.152783573 12.929823875
-0.157367051 0.007528943 0.987511396 103.216056824 0.093944527 0.995550036 0.007380505 -0.714693069 -0.983061552 0.093932740 -0.157374084 12.636451721
-0.161951974 0.008081820 0.986765563 105.117782593 0.092530891 0.995684981 0.007031674 -0.719184279 -0.982450724 0.092445083 -0.162000954 12.331667900
-0.166355014 0.009814263 0.986017048 107.039581299 0.093155466 0.995634556 0.005806654 -0.718018949 -0.981655777 0.092818834 -0.166543096 12.002198219
-0.170865893 0.011612665 0.985225856 108.983016968 0.092869662 0.995668709 0.004370462 -0.721174598 -0.980907798 0.092244357 -0.171204284 11.663518906
-0.175531164 0.011591293 0.984405637 110.918373108 0.091757990 0.995770514 0.004636422 -0.728973448 -0.980188310 0.091140926 -0.175852373 11.329001427
-0.180072680 0.011440144 0.983586788 112.864555359 0.089948960 0.995934427 0.004883877 -0.730022907 -0.979532063 0.089352056 -0.180369601 10.973746300
-0.184645176 0.011049126 0.982743144 114.828552246 0.088188902 0.996089280 0.005370416 -0.728498340 -0.978840590 0.087658644 -0.184897497 10.602587700
-0.190194324 0.010413689 0.981691241 116.761169434 0.087211683 0.996169686 0.006329247 -0.729220808 -0.977865160 0.086818725 -0.190374017 10.247576714
-0.195037559 0.010064594 0.980744123 118.739021301 0.087803386 0.996111512 0.007238889 -0.730779052 -0.976857722 0.087524503 -0.195162848 9.850834846
-0.200578883 0.011582170 0.979609072 120.694450378 0.088266991 0.996076941 0.006296145 -0.733751476 -0.975693107 0.087730005 -0.200814322 9.464281082
-0.206042305 0.012540457 0.978462636 122.655113220 0.087839335 0.996118128 0.005730255 -0.738110840 -0.974592626 0.087128177 -0.206344023 9.060902596
-0.212083533 0.012716742 0.977168798 124.669776917 0.088566326 0.996050715 0.006259868 -0.731307387 -0.973229885 0.087871864 -0.212372229 8.641278267
-0.217572823 0.012509638 0.975964010 126.654495239 0.087403238 0.996150315 0.006716527 -0.731194675 -0.972122729 0.086763732 -0.217828646 8.206157684
-0.222723052 0.013328535 0.974790633 128.642593384 0.086601645 0.996223867 0.006165401 -0.727147222 -0.971027613 0.085791640 -0.223036304 7.759742737
-0.228199199 0.013961930 0.973514378 130.644744873 0.085786216 0.996296585 0.005820276 -0.728351831 -0.969827771 0.084842294 -0.228551820 7.310033798
-0.232613072 0.013306602 0.972478271 132.619247437 0.086951919 0.996186733 0.007167560 -0.727158189 -0.968674600 0.086226135 -0.232883111 6.843526363
-0.236144364 0.013604160 0.971622765 134.616378784 0.089495234 0.995956659 0.007806156 -0.717559874 -0.967587948 0.088798970 -0.236407056 6.348890305
-0.239834517 0.014081119 0.970711648 136.631149292 0.090687059 0.995847642 0.007960381 -0.721991479 -0.966568768 0.089940153 -0.240115583 5.851916313
-0.242939934 0.014960977 0.969925880 138.641571045 0.091177046 0.995806634 0.007477172 -0.716464221 -0.965746820 0.090251490 -0.243285313 5.347542763
-0.246572465 0.015200193 0.969005167 140.681243896 0.090669535 0.995853186 0.007450372 -0.714081526 -0.964873612 0.089696303 -0.246928170 4.841899395
-0.250189096 0.015534983 0.968072355 142.683990479 0.089484967 0.995962501 0.007143989 -0.719690084 -0.964052856 0.088415265 -0.250569046 4.320149899
-0.254759729 0.016090421 0.966870487 144.709426880 0.088833250 0.996022999 0.006831006 -0.726241648 -0.962915480 0.087630503 -0.255175918 3.794190645
-0.258727282 0.015429245 0.965827167 146.728698730 0.086952671 0.996185124 0.007378801 -0.729330480 -0.962028801 0.085890345 -0.259081960 3.256435633
-0.263032347 0.015899567 0.964655995 148.762603760 0.087297328 0.996154845 0.007384590 -0.725992978 -0.960829318 0.086154260 -0.263408989 2.706031561
-0.267928869 0.016211642 0.963302314 150.813995361 0.086670212 0.996210039 0.007340631 -0.728539705 -0.959532380 0.085456386 -0.268318415 2.151499748
-0.272923142 0.016656376 0.961891651 152.866119385 0.086289212 0.996244013 0.007232117 -0.725405812 -0.958158195 0.084974706 -0.273335278 1.588434696
-0.277531534 0.015906559 0.960584819 154.908493042 0.086232036 0.996239543 0.008417129 -0.732425988 -0.956838608 0.085169196 -0.277859569 1.010227203
-0.282243729 0.015911855 0.959210753 156.966049194 0.086709723 0.996193051 0.008988637 -0.729670048 -0.955416083 0.085709885 -0.282548964 0.424182653
-0.286885083 0.016448377 0.957823753 159.042877197 0.087029405 0.996165454 0.008960038 -0.728164673 -0.954003572 0.085929334 -0.287216574 -0.178133681
-0.290378809 0.017836753 0.956745505 161.107421875 0.087638788 0.996120095 0.008028158 -0.722535133 -0.952890038 0.086179227 -0.290815353 -0.799213231
-0.294136375 0.019153386 0.955571532 163.164596558 0.087454699 0.996144235 0.006952980 -0.727505803 -0.951753914 0.085614324 -0.294677287 -1.420801520
-0.297673464 0.020560317 0.954446316 165.233871460 0.088463135 0.996060491 0.006133199 -0.729498267 -0.950560153 0.086259007 -0.298319668 -2.050142050
-0.301247478 0.021127958 0.953311920 167.322906494 0.087726086 0.996128559 0.005644630 -0.732168794 -0.949502051 0.085330740 -0.301934719 -2.699926376
-0.305284858 0.020975078 0.952030063 169.420684814 0.087905198 0.996109307 0.006242082 -0.739594221 -0.948195040 0.085594006 -0.305940837 -3.356769085
-0.309338331 0.021590648 0.950706899 171.513229370 0.087991446 0.996103108 0.006008805 -0.736617208 -0.946872294 0.085512839 -0.310032696 -4.023790836
-0.314008981 0.022490943 0.949153602 173.633865356 0.089888811 0.995932877 0.006138555 -0.737493575 -0.945155203 0.087245882 -0.314753562 -4.710803032
-0.316887915 0.022823296 0.948188365 175.732482910 0.091809377 0.995753884 0.006714795 -0.739668012 -0.944009066 0.089180410 -0.317637712 -5.414479733
-0.319253266 0.022460219 0.947403252 177.795364380 0.092856191 0.995649815 0.007686407 -0.742919743 -0.943109274 0.090426162 -0.319950044 -6.109253407
-0.322169960 0.022026753 0.946425498 179.883010864 0.092387378 0.995688736 0.008276032 -0.737096250 -0.942162991 0.090104066 -0.322815955 -6.818582058
-0.325296640 0.022894459 0.945334792 181.998077393 0.091782667 0.995751083 0.007467640 -0.734570622 -0.941147208 0.089194551 -0.326015860 -7.537688732
-0.328189015 0.024626823 0.944290996 184.100509644 0.090943806 0.995840073 0.005636379 -0.738113761 -0.940223932 0.087727226 -0.329063386 -8.260273933
-0.331583202 0.026788490 0.943045497 186.222015381 0.090688780 0.995872796 0.003597864 -0.738956809 -0.939057052 0.086716644 -0.332644075 -8.997414589
-0.334681928 0.027767805 0.941921949 188.331283569 0.090004034 0.995937943 0.002619876 -0.751068234 -0.938023090 0.085653618 -0.335821658 -9.742009163
-0.338351965 0.028866719 0.940576673 190.488388062 0.088237897 0.996098757 0.001170951 -0.758788407 -0.936873436 0.083390728 -0.339579135 -10.501469612
-0.341493100 0.029132873 0.939432681 192.610244751 0.089304671 0.996003032 0.001575947 -0.772170007 -0.935631931 0.084433891 -0.342729896 -11.285930634
-0.346055984 0.028033424 0.937794983 194.786972046 0.088237956 0.996095538 0.002784526 -0.781009555 -0.934055328 0.083712712 -0.347178429 -12.060647964
-0.350109160 0.027545795 0.936303854 196.948410034 0.088350795 0.996082366 0.003732259 -0.791044474 -0.932532966 0.084029876 -0.351171136 -12.856648445
-0.353765249 0.027711844 0.934923649 199.095352173 0.088352583 0.996081591 0.003907073 -0.793842196 -0.931151986 0.083985105 -0.354827464 -13.666769028
-0.357430249 0.027978186 0.933520675 201.241394043 0.087543085 0.996154010 0.003663524 -0.802273333 -0.929827750 0.083032742 -0.358504891 -14.480469704
-0.361208797 0.028352937 0.932053745 203.403732300 0.086659223 0.996232629 0.003278731 -0.817384183 -0.928449452 0.081955366 -0.362305045 -15.314103127
-0.365387112 0.028840613 0.930408776 205.571594238 0.086150929 0.996277750 0.002950513 -0.831152678 -0.926860452 0.081233680 -0.366511703 -16.129499435
-0.367708951 0.029681666 0.929467142 207.681198120 0.087936856 0.996121585 0.002978721 -0.850560129 -0.925773859 0.082829736 -0.368892878 -16.971471786
-0.370173424 0.029228050 0.928502679 209.820037842 0.088737622 0.996046841 0.004023460 -0.867986739 -0.924714863 0.083882496 -0.371303648 -17.825851440
-0.372464359 0.029123150 0.927589417 211.991638184 0.090558074 0.995878160 0.005095523 -0.875694215 -0.923617542 0.085898623 -0.373566478 -18.706790924
-0.375151902 0.030075684 0.926475286 214.172439575 0.091734909 0.995771945 0.004820433 -0.883279741 -0.922412992 0.086798511 -0.376324743 -19.588655472
-0.378034621 0.031071033 0.925269902 216.368927002 0.092045188 0.995746076 0.004168963 -0.895259619 -0.921204388 0.086742669 -0.379286498 -20.478973389
-0.381038070 0.031245118 0.924031258 218.548385620 0.091552109 0.995791912 0.004081255 -0.907197595 -0.920015335 0.086152136 -0.382295191 -21.365928650
-0.383825392 0.032453142 0.922835350 220.717361450 0.091178261 0.995830357 0.002902705 -0.923609316 -0.918893039 0.085256651 -0.385184109 -22.263780594
-0.386349410 0.033493619 0.921744108 222.899902344 0.091069743 0.995842457 0.001985765 -0.939354360 -0.917845428 0.084710203 -0.387793541 -23.177993774
-0.389133096 0.033515856 0.920571625 225.079421997 0.089171462 0.996015191 0.001430931 -0.958037674 -0.916855454 0.082645550 -0.390571147 -24.085727692
-0.392371118 0.034868091 0.919145882 227.254089355 0.090263568 0.995917618 0.000751872 -0.974690020 -0.915367365 0.083260417 -0.393916637 -25.005912781
-0.395038843 0.034389850 0.918020427 229.400329590 0.091324002 0.995819151 0.001993909 -0.995288610 -0.914113820 0.084624983 -0.396527827 -25.925014496
-0.397731036 0.033354603 0.916895568 231.565002441 0.091825172 0.995768547 0.003608101 -1.015617728 -0.912895381 0.085629143 -0.399110913 -26.858692169
-0.400993973 0.032939583 0.915488303 233.698822021 0.090356536 0.995902419 0.003744240 -1.024313331 -0.911613703 0.084221773 -0.402327150 -27.787759781
-0.404192299 0.033040158 0.914077103 235.836624146 0.089056574 0.996020854 0.003377506 -1.044700146 -0.910328269 0.082769729 -0.405526400 -28.722261429
-0.407698512 0.032196186 0.912548721 238.014404297 0.087145522 0.996188402 0.003786786 -1.059424400 -0.908948600 0.081068397 -0.408950239 -29.680360794
-0.411465734 0.032116104 0.910859108 240.176773071 0.086769909 0.996220052 0.004071035 -1.071628332 -0.907285452 0.080710277 -0.412697166 -30.640853882
-0.415019006 0.032244109 0.909241199 242.328353882 0.086428277 0.996249557 0.004120135 -1.089248419 -0.905698299 0.080294080 -0.416249305 -31.617689133
-0.418693513 0.032064594 0.907561362 244.472702026 0.086175948 0.996269524 0.004557623 -1.105718374 -0.904029548 0.080118187 -0.419894785 -32.599319458
-0.422895283 0.031427927 0.905633390 246.637451172 0.084755518 0.996389151 0.005000091 -1.119978786 -0.902206242 0.078871936 -0.424032003 -33.585838318
-0.426723778 0.031521250 0.903832495 248.754776001 0.084091224 0.996445775 0.004950595 -1.129953146 -0.900463939 0.078116909 -0.427857786 -34.573642731
-0.430377603 0.032643445 0.902058482 250.907760620 0.084864043 0.996382654 0.004432338 -1.146583676 -0.898650765 0.078459926 -0.431591034 -35.586009979
-0.433901966 0.032739326 0.900365055 253.021484375 0.084691115 0.996396720 0.004582902 -1.168842435 -0.896970749 0.078241445 -0.435111225 -36.590995789
-0.437780112 0.032696832 0.898487329 255.164184570 0.084451117 0.996415555 0.004887523 -1.180555463 -0.895107031 0.078017913 -0.438972294 -37.619445801
-0.441422522 0.033005364 0.896692157 257.282836914 0.083352752 0.996510625 0.004353322 -1.195658207 -0.893419564 0.076663412 -0.442633301 -38.648174286
-0.445096433 0.033333242 0.894862056 259.384674072 0.083615176 0.996488094 0.004470679 -1.209556222 -0.891570330 0.076813929 -0.446320474 -39.686164856
-0.448085874 0.033879541 0.893348336 261.506774902 0.084171765 0.996441424 0.004429624 -1.211993098 -0.890019178 0.077179559 -0.449343026 -40.748439789
-0.451504767 0.035443757 0.891564488 263.628265381 0.086076021 0.996280611 0.003983789 -1.220748782 -0.888107181 0.078541018 -0.452876300 -41.810993195
-0.454869807 0.037616316 0.889763176 265.753540039 0.088306986 0.996088684 0.003033380 -1.228507996 -0.886168957 0.079952098 -0.456412375 -42.899803162
-0.457749665 0.038487408 0.888247609 267.881713867 0.089810900 0.995953918 0.003128869 -1.242252827 -0.884533346 0.081206553 -0.459354132 -43.995510101
-0.460356683 0.040271748 0.886820138 269.997650146 0.091564253 0.995796502 0.002311354 -1.254135013 -0.882999301 0.082265086 -0.462108999 -45.099727631
-0.463084877 0.042521976 0.885293245 272.115081787 0.093102969 0.995656013 0.000878015 -1.271530747 -0.881410360 0.082830027 -0.465032160 -46.189788818
-0.466385067 0.043368895 0.883518040 274.269409180 0.094000235 0.995572031 0.000750917 -1.281245708 -0.879573166 0.083401129 -0.468396544 -47.304836273
-0.469666690 0.044056911 0.881743848 276.425598145 0.094156325 0.995557487 0.000409316 -1.299813986 -0.877808511 0.083214007 -0.471728355 -48.425186157
-0.472827673 0.044066671 0.880052269 278.580932617 0.093207553 0.995646596 0.000223030 -1.307252526 -0.876211345 0.082132988 -0.474876612 -49.577331543
-0.476419657 0.045601808 0.878034592 280.743774414 0.094354279 0.995538533 -0.000508089 -1.321983099 -0.874140382 0.082604267 -0.478596896 -50.730892181
-0.479094118 0.045581218 0.876579285 282.886505127 0.093573540 0.995612085 -0.000628228 -1.337404490 -0.872761607 0.081723638 -0.481257051 -51.905506134
-0.481756240 0.045728669 0.875111341 285.029937744 0.092322029 0.995728493 -0.001207419 -1.347963810 -0.871428490 0.080210350 -0.483920157 -53.074157715
-0.484364837 0.046964601 0.873604536 287.188964844 0.094389208 0.995534658 -0.001185977 -1.357941270 -0.869759381 0.081884399 -0.486634910 -54.264820099
-0.487281531 0.046149120 0.872024596 289.378021240 0.094850495 0.995491505 0.000318616 -1.376441240 -0.868078291 0.082867235 -0.489461929 -55.451671600
-0.489540279 0.046663221 0.870731235 291.553649902 0.096370518 0.995345175 0.000839790 -1.390085936 -0.866638958 0.084323913 -0.491758525 -56.667655945
-0.491107583 0.046033945 0.869881749 293.709869385 0.095926382 0.995387316 0.001481318 -1.400702000 -0.865800977 0.084172107 -0.493258089 -57.881149292
-0.493449301 0.045362730 0.868590832 295.907196045 0.095268913 0.995449305 0.002134586 -1.402475119 -0.864541292 0.083803013 -0.495525420 -59.117282867
-0.496411204 0.045966893 0.866869628 298.138122559 0.096536592 0.995326281 0.002503015 -1.398674726 -0.862703085 0.084927164 -0.498528630 -60.379322052
-0.498724878 0.045678966 0.865555823 300.338897705 0.096638761 0.995314538 0.003155443 -1.402953267 -0.861356139 0.085219927 -0.500802517 -61.641765594
-0.501107097 0.046159208 0.864153266 302.549682617 0.095730133 0.995404482 0.002342136 -1.411137581 -0.860073924 0.083899148 -0.503223360 -62.911441803
-0.503484190 0.048604701 0.862636149 304.755798340 0.095191136 0.995459020 -0.000529475 -1.413740516 -0.858744621 0.081848748 -0.505824447 -64.193313599
-0.506974399 0.047886476 0.860629916 306.967132568 0.093585908 0.995611191 -0.000268007 -1.430496693 -0.856865585 0.080406941 -0.509230852 -65.484252930
-0.511179090 0.046003927 0.858242154 309.150787354 0.091562457 0.995798647 0.001158395 -1.448061347 -0.854583085 0.079174921 -0.513243675 -66.761138916
-0.516699135 0.043078039 0.855082750 311.365844727 0.088691704 0.996053278 0.003413595 -1.462296486 -0.851560771 0.077602543 -0.518480361 -68.058525085
-0.520516336 0.042302463 0.852803171 313.555664062 0.088332616 0.996080995 0.004505020 -1.467000961 -0.849270344 0.077675283 -0.522213042 -69.404281616
-0.524798691 0.043439548 0.850117266 315.813018799 0.089511164 0.995976210 0.004364782 -1.466058493 -0.846507013 0.078385606 -0.526575327 -70.785278320
-0.528442562 0.044617262 0.847795963 318.026428223 0.092119046 0.995735288 0.005016106 -1.478965282 -0.843956470 0.080748864 -0.530299127 -72.180564880
-0.531679094 0.046030343 0.845694005 320.266052246 0.092909530 0.995665550 0.004218103 -1.466651917 -0.841834426 0.080815710 -0.533651412 -73.598587036
-0.537126243 0.045975752 0.842247844 322.518157959 0.094111249 0.995545447 0.005673698 -1.484625578 -0.838235199 0.082312480 -0.539060533 -74.996803284
-0.540676951 0.044614621 0.840046346 324.704833984 0.094400905 0.995503008 0.007888144 -1.493987322 -0.835916698 0.083566062 -0.542457283 -76.427818298
-0.544521570 0.042609774 0.837663770 326.927001953 0.092299365 0.995687306 0.009350985 -1.489598513 -0.833652735 0.082407646 -0.546106219 -77.874252319
-0.548847497 0.042559080 0.834838331 329.141937256 0.091867648 0.995724618 0.009635636 -1.491756439 -0.830859065 0.081983127 -0.550410688 -79.307113647
-0.553195417 0.042509805 0.831966221 331.346710205 0.091991484 0.995706558 0.010291258 -1.490024686 -0.827956796 0.082226887 -0.554730833 -80.759094238
-0.557351768 0.042823322 0.829171300 333.543212891 0.093094058 0.995594800 0.011157491 -1.486141682 -0.825040936 0.083409570 -0.558883250 -82.211181641
-0.562275767 0.042589508 0.825852275 335.769958496 0.093550459 0.995537877 0.012352920 -1.474881411 -0.821641088 0.084204599 -0.563751161 -83.685142517
-0.565408289 0.041357517 0.823773682 337.984436035 0.092038080 0.995668232 0.013184113 -1.469702363 -0.819659948 0.083272934 -0.566765606 -85.203742981
-0.568643451 0.040535793 0.821584761 340.196563721 0.091744758 0.995678782 0.014373954 -1.453952074 -0.817452013 0.083549745 -0.569905162 -86.720993042
-0.570709169 0.040457301 0.820155025 342.379547119 0.092852868 0.995559275 0.015502369 -1.440721154 -0.815885663 0.085001096 -0.571931303 -88.246200562
-0.573248565 0.039701913 0.818419039 344.577728271 0.090592436 0.995772779 0.015148612 -1.427214503 -0.814357936 0.082826495 -0.574422121 -89.791908264
-0.576158643 0.038840253 0.816414535 346.717864990 0.086940676 0.996115565 0.013966236 -1.416965842 -0.812700748 0.079026386 -0.577297330 -91.279441833
-0.579640210 0.038356431 0.813969254 348.872619629 0.083725668 0.996408284 0.012668911 -1.402337790 -0.810559690 0.075493529 -0.580769837 -92.767524719
-0.582215428 0.035325397 0.812266767 351.001617432 0.081639022 0.996546507 0.015177403 -1.405025601 -0.808925390 0.075149171 -0.583088577 -94.295516968
-0.585149586 0.035208937 0.810160577 353.159423828 0.082865335 0.996423364 0.016546847 -1.390271425 -0.806680381 0.076816618 -0.585974336 -95.838409424
-0.588211477 0.035348151 0.807934225 355.331329346 0.081994072 0.996502757 0.016097007 -1.373781085 -0.804539680 0.075714260 -0.589052796 -97.407119751
-0.591754377 0.034026410 0.805399954 357.526519775 0.079755962 0.996677995 0.016491881 -1.361336231 -0.802163184 0.073994584 -0.592502415 -98.978164673
-0.595062912 0.030057520 0.803116918 359.701965332 0.077309601 0.996806979 0.019975344 -1.348459959 -0.799951971 0.073975228 -0.595486760 -100.556350708
-0.598353624 0.027573669 0.800757468 361.883026123 0.074591912 0.996984303 0.021407003 -1.316810489 -0.797752440 0.072538987 -0.598605931 -102.144165039
-0.601412952 0.026777484 0.798489451 364.076873779 0.073119789 0.997088432 0.021635447 -1.282437563 -0.795585275 0.071397223 -0.601619899 -103.761222839
-0.604664028 0.026967859 0.796024024 366.194915771 0.072828181 0.997111797 0.021540312 -1.256242871 -0.793144226 0.070997626 -0.604881644 -105.340568542
-0.607469201 0.026487531 0.793901563 368.341705322 0.072708309 0.997102380 0.022367090 -1.230706215 -0.791008711 0.071310550 -0.607634783 -106.954269409
-0.611055255 0.025617810 0.791173339 370.478942871 0.072172336 0.997116268 0.023455488 -1.207083702 -0.788290977 0.071433410 -0.611142218 -108.553062439
-0.613882542 0.024114689 0.789028883 372.616851807 0.068975233 0.997348964 0.023182841 -1.177516341 -0.786378086 0.068654992 -0.613918543 -110.187820435
-0.617126882 0.020491431 0.786596715 374.746734619 0.058912057 0.998058319 0.020219468 -1.151983976 -0.784655154 0.058818009 -0.617135823 -111.819053650
-0.620651484 0.022972241 0.783749938 376.881591797 0.051522393 0.998605251 0.011530783 -1.142361879 -0.782391846 0.047537271 -0.620969474 -113.460418701
-0.623320878 0.033238150 0.781259418 379.018371582 0.061559781 0.998081326 0.006652233 -1.141422272 -0.779539227 0.052240636 -0.624171019 -115.139495850
-0.624519110 0.034600008 0.780242741 381.137512207 0.069447853 0.997520983 0.011351946 -1.147361398 -0.777915716 0.061275683 -0.625373840 -116.821990967
-0.626597524 0.025630379 0.778921366 383.255493164 0.068774700 0.997378230 0.022506606 -1.126386404 -0.776302516 0.067672670 -0.626717448 -118.514442444
-0.630382419 0.014651530 0.776146472 385.391448975 0.062162928 0.997563779 0.031657148 -1.080607176 -0.773791790 0.068203643 -0.629757464 -120.188117981
-0.633678734 0.008588134 0.773548722 387.489654541 0.056196928 0.997807503 0.034957714 -1.021027207 -0.771552444 0.065623015 -0.632772148 -121.863136292
-0.635970235 0.008207871 0.771669924 389.567993164 0.054860894 0.997894287 0.034599386 -0.955471814 -0.769761086 0.064338677 -0.635081470 -123.554489136
-0.638765335 0.013656299 0.769280374 391.613555908 0.060843386 0.997607887 0.032811210 -0.907594204 -0.766992033 0.067764290 -0.638068259 -125.244163513
-0.641219079 0.019489126 0.767110348 393.651397705 0.064436980 0.997514248 0.028519420 -0.856555283 -0.764647543 0.067717470 -0.640880942 -126.919898987
-0.642858028 0.022802161 0.765645921 395.586090088 0.065962128 0.997491717 0.025676759 -0.828400493 -0.763139904 0.067010127 -0.642749727 -128.542510986
-0.645975828 0.022918122 0.763013780 397.667938232 0.065933190 0.997488976 0.025858859 -0.786131322 -0.760505199 0.067012131 -0.645864725 -130.272140503
-0.648293078 0.022263344 0.761065304 399.824890137 0.066655278 0.997394204 0.027601866 -0.731835365 -0.758467615 0.068623118 -0.648087740 -132.105194092
-0.650437355 0.021762671 0.759248078 401.847625732 0.067412749 0.997298717 0.029165525 -0.687806606 -0.756562650 0.070153341 -0.650147378 -133.825576782
-0.652190804 0.022159515 0.757730901 403.919036865 0.067762613 0.997275233 0.029159456 -0.635790884 -0.755020142 0.070363358 -0.651915312 -135.586563110
-0.652919173 0.022155641 0.757103443 405.960144043 0.068033241 0.997247219 0.029488113 -0.590189636 -0.754366040 0.070761554 -0.652629077 -137.343444824
-0.653720081 0.023177022 0.756381333 408.022705078 0.069214717 0.997172415 0.029265074 -0.540355504 -0.753564358 0.071483895 -0.653475821 -139.102859497
-0.654615819 0.022307187 0.755632520 410.042541504 0.069880828 0.997070253 0.031104088 -0.487848669 -0.752724826 0.073165454 -0.654256821 -140.847045898
-0.654778719 0.021673748 0.755509853 412.085906982 0.072150491 0.996816337 0.033934493 -0.436586201 -0.752369165 0.076729983 -0.654257834 -142.626663208
-0.656035662 0.021546222 0.754422247 414.124084473 0.073992223 0.996613204 0.035879485 -0.377253383 -0.751094103 0.079359598 -0.655408025 -144.381164551
-0.656840503 0.021449318 0.753724337 416.168243408 0.071939118 0.996818364 0.034324829 -0.305606723 -0.750589848 0.076768205 -0.656293690 -146.140640259
-0.658465922 0.021602903 0.752300262 418.181396484 0.068156280 0.997192323 0.031019974 -0.248694375 -0.749517977 0.071699597 -0.658089519 -147.873123169
-0.660009563 0.020836595 0.750968218 420.191619873 0.064947352 0.997455359 0.029405106 -0.196666449 -0.748444557 0.068181045 -0.659683347 -149.613616943
-0.661843002 0.019984180 0.749375999 422.212371826 0.064327471 0.997471392 0.030213190 -0.151284233 -0.746877313 0.068201855 -0.661455035 -151.353363037
-0.664066017 0.018697627 0.747440159 424.212280273 0.061663281 0.997651219 0.029828168 -0.105725728 -0.745126843 0.065897480 -0.663659215 -153.085403442
-0.664787114 0.017724972 0.746822655 426.220794678 0.059262764 0.997819006 0.029070932 -0.059648667 -0.744678438 0.063584760 -0.664387763 -154.852447510
-0.665965199 0.016838698 0.745792747 428.223510742 0.057950482 0.997891843 0.029216968 -0.014584101 -0.743728518 0.062676542 -0.665537059 -156.603454590
-0.666087329 0.015655519 0.745709479 430.203765869 0.058864724 0.997764587 0.031632319 0.037554331 -0.743547320 0.064965859 -0.665519953 -158.367553711
-0.665990174 0.014748544 0.745814621 432.197204590 0.061462387 0.997489989 0.035158630 0.097336754 -0.743424177 0.069254845 -0.665224910 -160.128723145
-0.665027082 0.013695001 0.746693671 434.198486328 0.066082217 0.996989250 0.040569119 0.167156294 -0.743889868 0.076322764 -0.663929760 -161.903030396
-0.663190484 0.012606529 0.748344481 436.200073242 0.069069736 0.996622384 0.044421311 0.250568479 -0.745256841 0.081147745 -0.661821187 -163.672225952
-0.661902905 0.010057746 0.749521971 438.187042236 0.063142128 0.997104287 0.042380814 0.331746817 -0.746925294 0.075378418 -0.660621285 -165.392440796
-0.661171794 0.009141847 0.750178874 440.194091797 0.055420980 0.997788906 0.036686115 0.409135133 -0.748184741 0.065831460 -0.660216510 -167.130233765
-0.659441829 0.006651493 0.751726270 442.194213867 0.050866969 0.998063982 0.035791207 0.462797552 -0.750032783 0.061840251 -0.658503413 -168.868743896
-0.656820118 0.006260185 0.754021287 444.202758789 0.048779275 0.998223782 0.034203470 0.522092104 -0.752467871 0.059246141 -0.655958831 -170.585311890
-0.654064059 0.007320901 0.756403744 446.213012695 0.051153064 0.998092175 0.034572061 0.584235907 -0.754707634 0.061304715 -0.653190732 -172.315994263
-0.651321352 0.007029018 0.758769453 448.216949463 0.051914886 0.998026729 0.035317872 0.641755939 -0.757023990 0.062394705 -0.650401115 -174.014343262
-0.648405552 0.008168105 0.761251211 450.223724365 0.049694005 0.998263955 0.031616300 0.703336716 -0.759671330 0.058329806 -0.647685885 -175.717834473
-0.647152305 0.003361911 0.762353361 452.255920410 0.042807434 0.998572826 0.031935081 0.759036601 -0.761157930 0.053301249 -0.646372616 -177.409317017
-0.646782696 -0.002855152 0.762668908 454.296600342 0.034008160 0.998890519 0.032580152 0.811233759 -0.761915743 0.047009256 -0.645967841 -179.088226318
-0.646512330 -0.006503165 0.762875736 456.336669922 0.026832294 0.999151170 0.031256799 0.859228313 -0.762431383 0.040677603 -0.645789146 -180.768997192
-0.645534337 -0.007112255 0.763698220 458.368713379 0.025142053 0.999216735 0.030557545 0.908636928 -0.763317347 0.038926885 -0.644849777 -182.468963623
-0.644252479 -0.006656437 0.764783978 460.402160645 0.027538355 0.999111831 0.031894203 0.961312294 -0.764316976 0.041608807 -0.643496811 -184.166839600
-0.643565178 -0.007785962 0.765351713 462.450378418 0.028471991 0.999012649 0.034104399 1.016599178 -0.764861584 0.043739494 -0.642708063 -185.838623047
-0.641989648 -0.009798577 0.766650617 464.457672119 0.027702957 0.998968959 0.035966184 1.078498363 -0.766212523 0.044328410 -0.641056359 -187.514038086
-0.641546071 -0.010118378 0.767017782 466.517913818 0.025358880 0.999086678 0.034390379 1.142784953 -0.766665220 0.041513719 -0.640703559 -189.189483643
-0.640781760 -0.009289607 0.767666876 468.559600830 0.024304654 0.999180138 0.032378592 1.200090885 -0.767338276 0.039405487 -0.640030622 -190.859680176
-0.639816403 -0.008211421 0.768483937 470.607360840 0.024634354 0.999209881 0.031186594 1.246319175 -0.768132865 0.038884796 -0.639108658 -192.530960083
-0.638926864 -0.007846438 0.769227326 472.645111084 0.026236512 0.999143898 0.031983960 1.297701955 -0.768819809 0.040617265 -0.638174057 -194.191482544
