0.999999940 0.000000000 0.000000002 0.000000000 0.000000000 0.999999940 0.000000001 0.000000000 0.000000002 0.000000001 1.000000000 0.000000477
0.999996066 -0.002436867 -0.001339823 -0.006734318 0.002440768 0.999992788 0.002918018 -0.015500486 0.001332706 -0.002921276 0.999994874 1.524278522
0.999991775 -0.002851147 -0.002880078 -0.010011436 0.002862248 0.999988377 0.003857442 -0.034637675 0.002869047 -0.003865654 0.999988437 3.044668913
0.999989390 -0.001819899 -0.004219793 -0.027758842 0.001834670 0.999992073 0.003499117 -0.048111524 0.004213392 -0.003506823 0.999985039 4.560032368
0.999982595 -0.000900212 -0.005827468 -0.040491965 0.000920159 0.999993622 0.003421266 -0.063749567 0.005824352 -0.003426569 0.999977171 6.065336704
0.999972284 -0.001290117 -0.007330009 -0.055205062 0.001316058 0.999992847 0.003535351 -0.075382613 0.007325395 -0.003544900 0.999966919 7.565500736
0.999957800 -0.001802695 -0.009004420 -0.074671768 0.001840187 0.999989569 0.004157172 -0.094441965 0.008996835 -0.004173566 0.999950826 9.069026947
0.999937654 -0.003559754 -0.010583028 -0.098814867 0.003594721 0.999988079 0.003286884 -0.107487619 0.010571206 -0.003324721 0.999938607 10.565698624
0.999915063 -0.004655007 -0.012169509 -0.113297671 0.004698512 0.999982595 0.003548733 -0.121935837 0.012152781 -0.003605610 0.999919653 12.058819771
0.999898911 -0.004393135 -0.013522054 -0.140942365 0.004440179 0.999984145 0.003451028 -0.138815701 0.013506679 -0.003510719 0.999902606 13.546019554
0.999888778 -0.004012208 -0.014363186 -0.167465717 0.004062753 0.999985635 0.003491726 -0.153080940 0.014348968 -0.003549692 0.999890685 15.033188820
0.999884784 -0.002303272 -0.015001528 -0.201086625 0.002367853 0.999987960 0.004288653 -0.171093076 0.014991470 -0.004323682 0.999878168 16.510149002
0.999879003 -0.000732247 -0.015529140 -0.227406144 0.000803796 0.999989033 0.004601703 -0.181322709 0.015525601 -0.004613630 0.999868751 17.996419907
0.999867082 -0.000034744 -0.016294777 -0.259438694 0.000122927 0.999985278 0.005410762 -0.194051221 0.016294351 -0.005412047 0.999852538 19.462587357
0.999859810 -0.000599004 -0.016728131 -0.281043559 0.000694814 0.999983370 0.005722266 -0.212400734 0.016724413 -0.005733086 0.999843776 20.924362183
0.999847114 0.000643822 -0.017468654 -0.311888844 -0.000544204 0.999983549 0.005706841 -0.221776664 0.017472032 -0.005696461 0.999831200 22.389806747
0.999844313 0.000454599 -0.017637257 -0.329147965 -0.000345491 0.999980748 0.006188807 -0.232989326 0.017639736 -0.006181750 0.999825299 23.859172821
0.999845326 0.001622944 -0.017503180 -0.361179054 -0.001495325 0.999972224 0.007301814 -0.242446080 0.017514549 -0.007274512 0.999820292 25.306385040
0.999844432 0.002076032 -0.017507071 -0.390754312 -0.001970538 0.999979734 0.006040921 -0.254993916 0.017519258 -0.006005483 0.999828577 26.744949341
0.999843597 0.002335992 -0.017529879 -0.423104346 -0.002268026 0.999989808 0.003896040 -0.263345748 0.017538806 -0.003855672 0.999838769 28.178726196
0.999853492 0.000596814 -0.017104976 -0.456903666 -0.000532071 0.999992549 0.003789353 -0.278702319 0.017107114 -0.003779697 0.999846458 29.596128464
0.999856949 -0.000020971 -0.016914377 -0.489024520 0.000130074 0.999979079 0.006449277 -0.294607699 0.016913895 -0.006450552 0.999836147 31.014900208
0.999861836 -0.001835057 -0.016517704 -0.519403458 0.001963981 0.999967575 0.007792365 -0.308303952 0.016502874 -0.007823729 0.999833286 32.424819946
0.999860346 -0.002517738 -0.016515441 -0.547899008 0.002636617 0.999970675 0.007180205 -0.318540454 0.016496887 -0.007222746 0.999837935 33.823081970
0.999871314 -0.002584336 -0.015830370 -0.575061798 0.002667693 0.999982655 0.005246781 -0.331464797 0.015816536 -0.005288336 0.999860883 35.217445374
0.999879360 -0.001307719 -0.015480926 -0.604535162 0.001379089 0.999988437 0.004600415 -0.346960455 0.015474731 -0.004621208 0.999869525 36.567188263
0.999894619 -0.001126136 -0.014468012 -0.634357691 0.001180339 0.999992251 0.003738402 -0.364887863 0.014463697 -0.003755087 0.999888361 37.929332733
0.999913514 -0.000533790 -0.013130799 -0.661247492 0.000599410 0.999987245 0.004993953 -0.382637978 0.013127970 -0.005001395 0.999901354 39.267543793
0.999931335 -0.000344919 -0.011703450 -0.684052885 0.000424576 0.999976695 0.006804440 -0.396295726 0.011700832 -0.006808941 0.999908328 40.594352722
0.999949336 -0.000877305 -0.010018622 -0.704477251 0.000956598 0.999968231 0.007912559 -0.412649781 0.010011361 -0.007921744 0.999918461 41.888275146
0.999970794 -0.000082140 -0.007640440 -0.721168995 0.000147139 0.999963820 0.008507070 -0.424512982 0.007639466 -0.008507948 0.999934673 43.173011780
0.999990880 -0.000584994 -0.004211980 -0.738366604 0.000618561 0.999968112 0.007972445 -0.436584443 0.004207182 -0.007974979 0.999959469 44.442188263
0.999998987 -0.001201709 -0.000691247 -0.746282578 0.001206010 0.999979675 0.006256571 -0.452283502 0.000683716 -0.006257399 0.999980211 45.680103302
0.999994934 -0.001226909 0.002906322 -0.746365190 0.001213599 0.999988794 0.004576763 -0.464515626 -0.002911901 -0.004573212 0.999985278 46.900901794
0.999977410 -0.000768469 0.006673892 -0.739417791 0.000734692 0.999986947 0.005062034 -0.477392524 -0.006677692 -0.005057018 0.999964893 48.113895416
0.999925554 -0.000926348 0.012163579 -0.733790517 0.000865949 0.999987185 0.004969918 -0.490045190 -0.012168026 -0.004959016 0.999913633 49.349105835
0.999821723 0.000800819 0.018860487 -0.720414877 -0.000876556 0.999991596 0.004007726 -0.504568100 -0.018857121 -0.004023545 0.999814093 50.523918152
0.999657512 0.002187074 0.026078258 -0.696996808 -0.002291016 0.999989510 0.003956539 -0.516231477 -0.026069332 -0.004014929 0.999652028 51.722351074
0.999398410 0.003232979 0.034527622 -0.659785271 -0.003400919 0.999982595 0.004806276 -0.526190400 -0.034511484 -0.004920810 0.999392152 52.912796021
0.998975992 0.005547045 0.044901557 -0.614924431 -0.005803020 0.999967515 0.005572459 -0.539101005 -0.044869203 -0.005827317 0.998975813 54.079212189
0.998305798 0.007775128 0.057663556 -0.563874483 -0.008098926 0.999952674 0.005383721 -0.553127170 -0.057618972 -0.005841614 0.998321593 55.203639984
0.997328401 0.009487999 0.072428897 -0.490635872 -0.009934228 0.999933779 0.005803173 -0.565141678 -0.072369024 -0.006507196 0.997356772 56.339653015
0.995979309 0.012121308 0.088760249 -0.405454636 -0.012818734 0.999891162 0.007291610 -0.579177678 -0.088662222 -0.008400086 0.996026337 57.459815979
0.994247079 0.012419116 0.106389411 -0.292604446 -0.013350765 0.999878466 0.008049226 -0.588278055 -0.106276512 -0.009423300 0.994291961 58.569698334
0.991992116 0.012139725 0.125715449 -0.169149399 -0.013162512 0.999886632 0.007308247 -0.600586653 -0.125612482 -0.008904454 0.992039442 59.666110992
0.989225388 0.011508035 0.145947605 -0.013456345 -0.012551814 0.999901772 0.006232844 -0.603933752 -0.145861566 -0.007997595 0.989272773 60.757286072
0.985936224 0.008311119 0.166914403 0.156943321 -0.009472227 0.999936163 0.006161400 -0.619148731 -0.166852519 -0.007655800 0.985952079 61.793827057
0.982115209 0.003094619 0.188255027 0.360551834 -0.004751042 0.999953806 0.008348221 -0.627763629 -0.188220516 -0.009093325 0.982084692 62.828792572
0.977327108 -0.002078838 0.211724445 0.581438065 -0.000002955 0.999951661 0.009831767 -0.637348235 -0.211734653 -0.009609479 0.977279902 63.874763489
0.971917510 -0.007291364 0.235208437 0.836709976 0.005280320 0.999943912 0.009178749 -0.644551218 -0.235262156 -0.007679011 0.971901596 64.884040833
0.965368688 -0.013205098 0.260555595 1.105365753 0.011672633 0.999904275 0.007428133 -0.653782606 -0.260628760 -0.004129515 0.965430260 65.877586365
0.957902014 -0.017052900 0.286588669 1.409093857 0.015335591 0.999848425 0.008235925 -0.658249438 -0.286685735 -0.003494201 0.958018303 66.857391357
0.949229300 -0.019187108 0.313999176 1.717302322 0.016675580 0.999803901 0.010682817 -0.669072032 -0.314142644 -0.004904326 0.949363112 67.814620972
0.939625382 -0.023874035 0.341370732 2.064867020 0.020556752 0.999699771 0.013332190 -0.670328617 -0.341586620 -0.005509792 0.939834177 68.756843567
0.928637207 -0.026712894 0.370026082 2.432014465 0.023488557 0.999636650 0.013217574 -0.679540753 -0.370244771 -0.003582952 0.928927243 69.668907166
0.916482389 -0.025858443 0.399238408 2.818130493 0.024092168 0.999665082 0.009442329 -0.683209538 -0.399348885 0.000964791 0.916798592 70.564773560
0.903493047 -0.027458837 0.427722037 3.238691330 0.028355446 0.999588728 0.004275186 -0.693170249 -0.427663505 0.008265651 0.903900206 71.427604675
0.889309108 -0.029405124 0.456359982 3.682447433 0.032023158 0.999485135 0.001997314 -0.701988041 -0.456183821 0.012837861 0.889792979 72.277626038
0.873720586 -0.030041916 0.485499263 4.154726028 0.031441811 0.999491692 0.005263199 -0.708887279 -0.485410541 0.010666410 0.874221385 73.116554260
0.855990112 -0.028907768 0.516183138 4.648147583 0.027206717 0.999570787 0.010861795 -0.715206683 -0.516275585 0.004746058 0.856409371 73.943603516
0.836258173 -0.029095354 0.547563434 5.164436340 0.025194498 0.999575377 0.014635565 -0.722104013 -0.547756791 0.001556472 0.836636186 74.743499756
0.815138817 -0.023079328 0.578805804 5.701627731 0.021257602 0.999724686 0.009925758 -0.726568460 -0.578875542 0.004213152 0.815405130 75.509338379
0.793231010 -0.016048890 0.608709276 6.267509460 0.018130111 0.999831855 0.002735019 -0.731330395 -0.608650982 0.008866463 0.793388546 76.247962952
0.770601571 -0.013523384 0.637173891 6.862342834 0.017194802 0.999851942 0.000425388 -0.731432855 -0.637085438 0.010628271 0.770720005 76.990959167
0.747175932 -0.015888199 0.664436340 7.486633301 0.018136235 0.999829292 0.003513545 -0.738466382 -0.664378762 0.009425136 0.747336686 77.689521790
0.722870171 -0.016677780 0.690782666 8.127979279 0.018741818 0.999814093 0.004526426 -0.756087959 -0.690729737 0.009674506 0.723048449 78.351417542
0.697341979 -0.014549038 0.716590881 8.784847260 0.019388702 0.999810934 0.001431407 -0.761810362 -0.716476321 0.012895587 0.697492182 79.004394531
0.671315491 -0.012492273 0.741066456 9.464672089 0.019357637 0.999812305 -0.000681655 -0.771736205 -0.740918994 0.014802903 0.671431184 79.605438232
0.644083738 -0.009715919 0.764893293 10.158447266 0.017283702 0.999848783 -0.001853460 -0.779793799 -0.764759660 0.014413974 0.644154370 80.200454712
0.616061807 -0.007740374 0.787659824 10.871288300 0.016892968 0.999851465 -0.003387105 -0.788406551 -0.787516713 0.015392578 0.616101086 80.758674622
0.586910903 -0.001884513 0.809649348 11.606246948 0.015771689 0.999834120 -0.009105643 -0.810966492 -0.809497833 0.018113738 0.586843312 81.310699463
0.557050109 0.007606049 0.830443859 12.366069794 0.014470597 0.999717295 -0.018863095 -0.824461818 -0.830352783 0.022524711 0.556782603 81.817596436
0.525958538 0.015888305 0.850361705 13.138126373 0.013351860 0.999547958 -0.026934007 -0.849117815 -0.850405455 0.025520079 0.525508821 82.303459167
0.494220555 0.020944698 0.869084179 13.953178406 0.010624006 0.999489427 -0.030128967 -0.876573563 -0.869271636 0.024123507 0.493745863 82.772956848
0.461622268 0.020245373 0.886845469 14.782281876 0.008772125 0.999586463 -0.027385157 -0.909611702 -0.887033284 0.020421118 0.461253792 83.210327148
0.428581566 0.019277554 0.903297484 15.633750916 0.004333861 0.999716938 -0.023391537 -0.935628772 -0.903492689 0.013939944 0.428376704 83.619209290
0.394165725 0.020102136 0.918819487 16.485216141 0.000007262 0.999760628 -0.021876100 -0.971223414 -0.919039309 0.008629483 0.394071311 83.992134094
0.358866781 0.023172649 0.933101058 17.371316910 -0.006727444 0.999729872 -0.022239970 -0.998866320 -0.933364511 0.001703801 0.358925760 84.357566833
0.323577225 0.025142385 0.945867658 18.274070740 -0.011762549 0.999676347 -0.022548782 -1.026553631 -0.946128547 -0.003829541 0.323768348 84.660125732
0.287405312 0.024084330 0.957506120 19.186397552 -0.014194326 0.999680996 -0.020884592 -1.058822155 -0.957703829 -0.007588812 0.287655473 84.949218750
0.250492424 0.024228245 0.967815459 20.133035660 -0.015141710 0.999662459 -0.021106495 -1.079732418 -0.968000293 -0.009367363 0.250774771 85.216110229
0.214875400 0.023898762 0.976349056 21.078830719 -0.014523619 0.999668181 -0.021273196 -1.103375912 -0.976533532 -0.009609037 0.215151221 85.418556213
0.179239765 0.022467120 0.983548880 22.040428162 -0.012387667 0.999711454 -0.020578820 -1.132502317 -0.983727515 -0.008495333 0.179466382 85.593299866
0.144865498 0.021461532 0.989218533 23.015659332 -0.003953218 0.999769211 -0.021111509 -1.164802313 -0.989443421 -0.000852268 0.144916922 85.726272583
0.111258857 0.024672415 0.993485153 23.983875275 -0.002051629 0.999695241 -0.024596881 -1.198576212 -0.993789375 0.000698358 0.111275554 85.828781128
0.077825308 0.029546145 0.996528983 24.956439972 -0.001108528 0.999562681 -0.029549515 -1.233121157 -0.996966362 0.001195021 0.077824079 85.919410706
0.048848860 0.033722755 0.998236656 25.965179443 0.006095149 0.999401093 -0.034060355 -1.264920235 -0.998787582 0.007748210 0.048614066 85.966995239
0.023382096 0.032066409 0.999212146 26.949815750 0.008298802 0.999444664 -0.032268066 -1.298272014 -0.999692202 0.009046759 0.023103002 85.982765198
0.001073424 0.028598046 0.999590397 27.940984726 0.009564930 0.999544799 -0.028607022 -1.339506626 -0.999953628 0.009591719 0.000799403 85.980583191
-0.017690899 0.026650155 0.999488175 28.996061325 0.009696524 0.999602139 -0.026481565 -1.374067307 -0.999796450 0.009223080 -0.017942276 85.963874817
-0.034180090 0.029649405 0.998975694 29.990562439 0.011821158 0.999501824 -0.029260557 -1.412423849 -0.999345779 0.010808925 -0.034513555 85.925666809
-0.049030527 0.033982217 0.998219013 30.982427597 0.013978585 0.999346435 -0.033334002 -1.448576212 -0.998699427 0.012319309 -0.049473505 85.877899170
-0.060879715 0.039404806 0.997366905 31.989425659 0.017951669 0.999101996 -0.038377590 -1.486930013 -0.997983694 0.015567990 -0.061532419 85.810974121
-0.069638029 0.042824447 0.996652663 32.983627319 0.023244439 0.998876572 -0.041295879 -1.532689452 -0.997301519 0.020290870 -0.070555218 85.734115601
-0.075648233 0.048290074 0.995964468 33.978961945 0.027123587 0.998556674 -0.046355590 -1.581077695 -0.996765614 0.023507413 -0.076848850 85.653678894
-0.079139508 0.052852158 0.995461464 34.982589722 0.029105106 0.998290300 -0.050688487 -1.637055874 -0.996438563 0.024961552 -0.080542490 85.570007324
-0.082106262 0.056951683 0.994994879 35.987247467 0.030759551 0.998035014 -0.054587431 -1.695657253 -0.996148825 0.026123630 -0.083696730 85.484634399
-0.084495142 0.059865493 0.994623780 36.987403870 0.031343002 0.997859180 -0.057397578 -1.757925510 -0.995930851 0.026324689 -0.086190619 85.396995544
-0.086912617 0.063504130 0.994189799 38.012050629 0.032628760 0.997612178 -0.060870323 -1.820433855 -0.995681465 0.027148779 -0.088777147 85.300453186
-0.088816151 0.067578882 0.993752837 39.020778656 0.033804424 0.997325480 -0.064800583 -1.884616375 -0.995474160 0.027837897 -0.090863086 85.202720642
-0.090737857 0.068821386 0.993493915 40.029792786 0.036844276 0.997158289 -0.065710157 -1.957914352 -0.995193005 0.030642161 -0.093015663 85.105361938
-0.093180425 0.067294791 0.993372381 41.045173645 0.036981136 0.997258723 -0.064089149 -2.033031464 -0.994962215 0.030764189 -0.095413640 85.014213562
-0.095176794 0.067360744 0.993178666 42.073722839 0.036252826 0.997280538 -0.064164817 -2.101714134 -0.994800091 0.029898524 -0.097360000 84.914634705
-0.097864911 0.068574712 0.992834270 43.099525452 0.035837479 0.997218966 -0.065344997 -2.171934366 -0.994554281 0.029185690 -0.100050308 84.823135376
-0.099768013 0.070861824 0.992484152 44.115562439 0.035711158 0.997073233 -0.067599669 -2.248278856 -0.994369626 0.028698482 -0.102006577 84.709243774
-0.102261022 0.072928809 0.992080688 45.150100708 0.034015838 0.996982098 -0.069782838 -2.329353333 -0.994175851 0.026610387 -0.104433142 84.601226807
-0.104852624 0.076358058 0.991551936 46.177631378 0.031451963 0.996803761 -0.073436581 -2.407973528 -0.993990302 0.023486240 -0.106919095 84.495895386
-0.107299574 0.080629505 0.990951836 47.216743469 0.027792910 0.996559918 -0.078076385 -2.486387968 -0.993838251 0.019163879 -0.109171391 84.393211365
-0.110022672 0.083133370 0.990446210 48.261116028 0.025414061 0.996405363 -0.080810450 -2.569627285 -0.993604064 0.016280286 -0.111739933 84.278022766
-0.113081247 0.081401788 0.990245581 49.304843903 0.023432331 0.996579528 -0.079246618 -2.660365582 -0.993309319 0.014242461 -0.114601888 84.165054321
-0.115879230 0.077545956 0.990231454 50.361869812 0.020358341 0.996923745 -0.075687639 -2.741708755 -0.993054688 0.011388851 -0.117101453 84.043968201
-0.118014194 0.075718731 0.990120828 51.417274475 0.020942237 0.997056603 -0.073752977 -2.830631733 -0.992791176 0.012031444 -0.119252540 83.917175293
-0.120023251 0.076229721 0.989840090 52.465923309 0.020145001 0.997029424 -0.074340686 -2.914260626 -0.992566705 0.011017719 -0.121202372 83.796112061
-0.121309035 0.079158813 0.989453256 53.532142639 0.021056959 0.996795952 -0.077164613 -2.996675491 -0.992391407 0.011474110 -0.122587197 83.666587830
-0.121940568 0.081987791 0.989145339 54.600158691 0.021748036 0.996563852 -0.079921618 -3.082867146 -0.992299199 0.011766280 -0.123304643 83.533027649
-0.121966265 0.082551405 0.989095271 55.664859772 0.020443901 0.996532619 -0.080651186 -3.175668240 -0.992323697 0.010384243 -0.123231046 83.396446228
-0.122118875 0.081302099 0.989179969 56.747116089 0.017635319 0.996659636 -0.079739712 -3.266979218 -0.992358804 0.007706780 -0.123144761 83.269401550
-0.122471370 0.080665737 0.989188433 57.813758850 0.013743713 0.996733725 -0.079579405 -3.360222816 -0.992376924 0.003848923 -0.123179995 83.152061462
-0.122556463 0.081839077 0.989081383 58.876884460 0.009682499 0.996645451 -0.081265174 -3.447861195 -0.992414296 -0.000382792 -0.122937746 83.028663635
-0.122587897 0.082076237 0.989057899 59.954010010 0.005580245 0.996615708 -0.082011789 -3.539491177 -0.992441952 -0.004534467 -0.122631043 82.900337219
-0.122828633 0.080905348 0.989124477 61.034786224 0.002280289 0.996691942 -0.081241153 -3.640997171 -0.992425203 -0.007723249 -0.122606784 82.770507812
-0.123080902 0.076239608 0.989463687 62.142196655 0.002656854 0.997066319 -0.076494910 -3.727914810 -0.992393136 -0.006786203 -0.122922398 82.639274597
-0.123481616 0.067611836 0.990040779 63.235095978 0.005838287 0.997708380 -0.067407295 -3.814714193 -0.992329776 -0.002543419 -0.123593397 82.508964539
-0.123638555 0.062137306 0.990379930 64.333908081 0.011807861 0.998058975 -0.061145011 -3.900493383 -0.992257118 0.004134390 -0.124132283 82.374053955
-0.122208722 0.064862616 0.990382671 65.436172485 0.020106439 0.997819245 -0.062868617 -3.969693661 -0.992300749 0.012229975 -0.123246379 82.214675903
-0.120930240 0.070456542 0.990157366 66.522674561 0.025625307 0.997367084 -0.067839883 -4.044532776 -0.992330194 0.017169192 -0.122417316 82.076599121
-0.120666623 0.076127522 0.989769757 67.624206543 0.029214205 0.996895492 -0.073114000 -4.126399517 -0.992263079 0.020092916 -0.122516036 81.944465637
-0.119938053 0.080132447 0.989542067 68.720603943 0.029908221 0.996576369 -0.077077053 -4.217835426 -0.992330730 0.020350978 -0.121924058 81.814682007
-0.119653985 0.077616490 0.989777029 69.837585449 0.026579518 0.996832371 -0.074956588 -4.301313877 -0.992459834 0.017338945 -0.121337987 81.687911987
-0.119561754 0.072910093 0.990145862 70.938240051 0.026180586 0.997184575 -0.070267051 -4.393298626 -0.992481470 0.017521355 -0.121133946 81.566337585
-0.119001381 0.071000144 0.990352213 72.102638245 0.024229798 0.997350633 -0.068590365 -4.477072716 -0.992598355 0.015833687 -0.120406419 81.410171509
-0.118874952 0.071943030 0.990299404 73.230590820 0.022203950 0.997314692 -0.069787323 -4.556845665 -0.992660940 0.013692595 -0.120153151 81.280410767
-0.119133398 0.076690502 0.989911973 74.348449707 0.023973193 0.996944070 -0.074350163 -4.654866219 -0.992588758 0.014873762 -0.120607838 81.161231995
-0.117476270 0.079398453 0.989896476 75.493202209 0.023308815 0.996744573 -0.077181555 -4.735907555 -0.992802024 0.014006322 -0.118944533 81.000511169
-0.116420172 0.078009509 0.990131617 76.641845703 0.023324266 0.996850491 -0.075796388 -4.826702118 -0.992926061 0.014269870 -0.117873020 80.858970642
-0.116745457 0.071374625 0.990593791 77.790466309 0.024628196 0.997315645 -0.068956390 -4.917913437 -0.992856622 0.016346188 -0.118189864 80.733383179
-0.117053553 0.069874957 0.990664303 78.956726074 0.023815438 0.997432411 -0.067538366 -5.003050327 -0.992840052 0.015687499 -0.118417099 80.593414307
-0.117292963 0.072749138 0.990429103 80.103210449 0.020663796 0.997276068 -0.070804916 -5.088555336 -0.992882431 0.012161109 -0.118476748 80.479560852
-0.116719060 0.076152846 0.990241110 81.284111023 0.020826643 0.997024417 -0.074219681 -5.173464775 -0.992946565 0.011960541 -0.117957756 80.336990356
-0.117011741 0.075579129 0.990250587 82.454544067 0.019762367 0.997079790 -0.073765166 -5.263743401 -0.992933869 0.010938304 -0.118163660 80.208236694
-0.115677819 0.072320923 0.990650475 83.644042969 0.019788856 0.997315764 -0.070496760 -5.352302074 -0.993089616 0.011448929 -0.116798431 80.055282593
-0.115581177 0.071006998 0.990756810 84.832733154 0.019019958 0.997416973 -0.069265455 -5.447478294 -0.993115902 0.010838368 -0.116633192 79.926918030
-0.114479184 0.071476132 0.990850985 86.019821167 0.020399200 0.997367203 -0.069589309 -5.536210060 -0.993216097 0.012246039 -0.115635842 79.793991089
-0.113096960 0.071680285 0.990994930 87.212387085 0.022951948 0.997316658 -0.069518134 -5.626523495 -0.993318796 0.014882972 -0.114438668 79.649093628
-0.112067863 0.071205854 0.991146088 88.414146423 0.022821626 0.997350693 -0.069071203 -5.711562157 -0.993438482 0.014878909 -0.113395989 79.505729675
-0.111062050 0.072172053 0.991189361 89.614334106 0.023833098 0.997266233 -0.069944054 -5.798121929 -0.993527710 0.015854981 -0.112478495 79.375228882
-0.109760404 0.070145443 0.991479754 90.802886963 0.023249025 0.997414947 -0.067991592 -5.891242981 -0.993686080 0.015588156 -0.111107476 79.245635986
-0.108453840 0.069009155 0.991703331 92.029121399 0.022095546 0.997508526 -0.066996716 -5.982226372 -0.993855894 0.014646179 -0.109708428 79.103973389
-0.106791168 0.068698466 0.991905272 93.241981506 0.023158070 0.997511446 -0.066593468 -6.065290451 -0.994011700 0.015859017 -0.108116336 78.974220276
-0.104882456 0.069284976 0.992068172 94.469650269 0.021131698 0.997500181 -0.067430265 -6.158049583 -0.994260073 0.013891830 -0.106084399 78.844223022
-0.104194172 0.071940243 0.991951704 95.695442200 0.021414421 0.997311532 -0.070079610 -6.245146275 -0.994326413 0.013940184 -0.105454631 78.723167419
-0.103354678 0.070604391 0.992135465 96.916046143 0.018766200 0.997438252 -0.069026805 -6.333282471 -0.994467437 0.011484369 -0.104414895 78.605453491
-0.102521397 0.069444470 0.992303848 98.161834717 0.015756115 0.997548282 -0.068183623 -6.429391861 -0.994605899 0.008644571 -0.103364222 78.479194641
-0.102508843 0.070485637 0.992231786 99.400703430 0.012890385 0.997496545 -0.069527932 -6.517074108 -0.994648457 0.005663017 -0.103160836 78.357467651
-0.102236636 0.069877423 0.992302835 100.624771118 0.009995884 0.997551441 -0.069217160 -6.608736515 -0.994709909 0.002842413 -0.102684811 78.225837708
-0.103263237 0.067147411 0.992385030 101.870788574 0.007161002 0.997743011 -0.066764809 -6.702148438 -0.994628251 0.000212122 -0.103511021 78.100891113
-0.104550831 0.065798946 0.992340446 103.129585266 0.005135968 0.997831166 -0.065621935 -6.793887138 -0.994506240 -0.001764199 -0.104662053 77.975288391
-0.106416129 0.065345161 0.992172062 104.391311646 0.002824362 0.997853875 -0.065416455 -6.880019188 -0.994317591 -0.004159113 -0.106372327 77.856208801
-0.107610777 0.064910255 0.992071748 105.640968323 0.003143896 0.997883558 -0.064949483 -6.979922771 -0.994188130 -0.003870293 -0.107587084 77.718063354
-0.109988041 0.063591607 0.991896451 106.898391724 0.002779931 0.997966886 -0.063672528 -7.067629814 -0.993928969 -0.004245810 -0.109941199 77.584800720
-0.113393210 0.058861192 0.991805077 108.163932800 -0.000542006 0.998239756 -0.059305042 -7.153286934 -0.993550003 -0.007262355 -0.113161705 77.455986023
-0.117690094 0.058964979 0.991298199 109.423217773 -0.001206639 0.998226404 -0.059520345 -7.234821796 -0.993049622 -0.008201094 -0.117410198 77.311218262
-0.123064935 0.064858049 0.990276873 110.662338257 -0.005449028 0.997802854 -0.066028111 -7.321173668 -0.992383659 -0.013521796 -0.122441128 77.163780212
-0.130657256 0.068139605 0.989083230 111.882751465 -0.004771371 0.997580588 -0.069355264 -7.407298088 -0.991416097 -0.013781058 -0.130016044 77.017990112
-0.139039785 0.064126708 0.988208294 113.134078979 -0.002804770 0.997871578 -0.065148391 -7.501312256 -0.990282834 -0.011829919 -0.138564005 76.835449219
-0.149836898 0.062131401 0.986756623 114.361526489 -0.000540616 0.998018265 -0.062922582 -7.591655731 -0.988710523 -0.009961582 -0.149506390 76.653297424
-0.162728772 0.062706910 0.984676182 115.587905884 -0.000394014 0.997974157 -0.063618891 -7.685183525 -0.986670732 -0.010740595 -0.162374392 76.457099915
-0.176703557 0.062904447 0.982251942 116.804016113 0.001822207 0.997974813 -0.063583560 -7.773433685 -0.984262407 -0.009445573 -0.176460311 76.241058350
-0.191235974 0.060865648 0.979655087 118.017501831 0.002183285 0.998099506 -0.061585393 -7.861380577 -0.981541693 -0.009638479 -0.191005394 76.012916565
-0.206225798 0.063419558 0.976447046 119.217758179 0.006473327 0.997963965 -0.063449904 -7.950909615 -0.978483081 -0.006764146 -0.206216440 75.756370544
-0.221811593 0.066746846 0.972802401 120.394348145 0.006275188 0.997731388 -0.067026474 -8.039792061 -0.975069344 -0.008762734 -0.221727297 75.499580383
-0.237148523 0.070663758 0.968900084 121.561996460 0.005866239 0.997436941 -0.071309187 -8.128590584 -0.971455753 -0.011227070 -0.236955240 75.221878052
-0.252917200 0.068542406 0.965056896 122.735458374 0.002635754 0.997532308 -0.070158198 -8.226608276 -0.967484355 -0.015200564 -0.252473772 74.925315857
-0.269215316 0.062948652 0.961020589 123.896903992 -0.002987824 0.997802138 -0.066194922 -8.316913605 -0.963075399 -0.020692047 -0.268435538 74.622489929
-0.284943223 0.058523938 0.956756115 125.083137512 -0.007129100 0.997977376 -0.063168600 -8.409278870 -0.958517909 -0.024820281 -0.283949673 74.290763855
-0.300509542 0.059932727 0.951893866 126.231658936 -0.009253594 0.997793615 -0.065743975 -8.495532990 -0.953733861 -0.028565131 -0.299291909 73.949241638
-0.314368933 0.062098462 0.947267592 127.385360718 -0.008870342 0.997622371 -0.068343282 -8.582197189 -0.949259460 -0.029887589 -0.313070685 73.571571350
-0.328357607 0.064317681 0.942361116 128.518005371 -0.007410540 0.997472823 -0.070661291 -8.674713135 -0.944524407 -0.030185580 -0.327051222 73.188316345
-0.342683822 0.063885450 0.937276006 129.649810791 -0.005309820 0.997537434 -0.069934256 -8.775576591 -0.939435780 -0.028942110 -0.341500729 72.786041260
-0.356629461 0.061727002 0.932204425 130.772613525 -0.005624970 0.997654855 -0.068212800 -8.870738983 -0.934229016 -0.029570319 -0.355445951 72.367103577
-0.371205479 0.060614672 0.926570237 131.899063110 -0.005461803 0.997707307 -0.067456461 -8.964925766 -0.928534687 -0.030100957 -0.370023280 71.924064636
-0.385975480 0.062088415 0.920417309 132.997726440 -0.006869644 0.997511327 -0.070169725 -9.056177139 -0.922483504 -0.033406731 -0.384588361 71.475204468
-0.401180148 0.063898027 0.913767755 134.088897705 -0.006060686 0.997356951 -0.072404154 -9.150628090 -0.915979087 -0.034585167 -0.399732560 71.017745972
-0.415916085 0.065855958 0.907015324 135.185180664 -0.004623579 0.997208476 -0.074524790 -9.243636131 -0.909391105 -0.035189725 -0.414450556 70.526397705
-0.430270314 0.068360917 0.900107861 136.267150879 -0.001896658 0.997057736 -0.076630667 -9.341863632 -0.902698100 -0.034679100 -0.428874701 70.009613037
-0.445096672 0.071717314 0.892605960 137.341735840 -0.002251566 0.996695042 -0.081203207 -9.439384460 -0.895479739 -0.038153037 -0.443464160 69.488395691
-0.460198253 0.073629856 0.884757698 138.413375854 -0.001814001 0.996474981 -0.083870545 -9.546023369 -0.887814343 -0.040202029 -0.458442569 68.940673828
-0.475543857 0.071000427 0.876822114 139.480102539 -0.003143880 0.996594012 -0.082404017 -9.648963928 -0.879686415 -0.041943349 -0.473701000 68.375915527
-0.491514623 0.066654019 0.868314743 140.547882080 -0.005708156 0.996798694 -0.079747908 -9.752985954 -0.870850623 -0.044153728 -0.489560694 67.791107178
-0.507605493 0.066931516 0.858985841 141.608703613 -0.006134903 0.996671975 -0.081285261 -9.855106354 -0.861567795 -0.046530630 -0.505505562 67.179084778
-0.523356378 0.066044576 0.849550486 142.659347534 -0.007327168 0.996606171 -0.081990585 -9.955421448 -0.852082372 -0.049135096 -0.521096170 66.543502808
-0.539267004 0.065099008 0.839614928 143.696334839 -0.007906223 0.996572375 -0.082346618 -10.057338715 -0.842097759 -0.051044989 -0.536903858 65.888137817
-0.554935217 0.064164452 0.829415321 144.731552124 -0.009432569 0.996471584 -0.083399110 -10.169742584 -0.831840038 -0.054104641 -0.552371979 65.220092773
-0.570332408 0.063391477 0.818964303 145.750213623 -0.010008193 0.996407390 -0.084096134 -10.277410507 -0.821353018 -0.056159116 -0.567648947 64.522216797
-0.585133851 0.061229013 0.808621824 146.760772705 -0.009634681 0.996550202 -0.082430840 -10.383066177 -0.810879350 -0.056023899 -0.582525432 63.794609070
-0.600109100 0.057725802 0.797832429 147.765106201 -0.009399851 0.996814966 -0.079193145 -10.491895676 -0.799862862 -0.055024035 -0.597655177 63.054080963
-0.615161121 0.055696476 0.786431551 148.766296387 -0.009268520 0.996921718 -0.077853769 -10.597158432 -0.788346887 -0.055181675 -0.612751245 62.286823273
-0.629468679 0.054451879 0.775115490 149.740509033 -0.009636325 0.996917784 -0.077859126 -10.698112488 -0.776965976 -0.056479156 -0.627003908 61.500690460
-0.644708216 0.055167723 0.762435377 150.717285156 -0.011036064 0.996616721 -0.081444435 -10.811976433 -0.764349103 -0.060922172 -0.641918123 60.707027435
-0.660074711 0.054443698 0.749224305 151.674972534 -0.013156635 0.996379316 -0.083994769 -10.920326233 -0.751084685 -0.065300107 -0.656968534 59.888412476
-0.675907671 0.051165652 0.735208035 152.622253418 -0.015029734 0.996422827 -0.083161935 -11.031229973 -0.736833096 -0.067259781 -0.672720671 59.048477173
-0.692170322 0.043593746 0.720416367 153.550567627 -0.018597666 0.996765435 -0.078184627 -11.141355515 -0.721494555 -0.067515142 -0.689120710 58.186573029
-0.709114432 0.040956669 0.703902781 154.474960327 -0.019638546 0.996776938 -0.077781543 -11.248764038 -0.704819858 -0.068979643 -0.706024647 57.287818909
-0.726448119 0.038470477 0.686143637 155.364898682 -0.020974245 0.996725798 -0.078090377 -11.354230881 -0.686901093 -0.071119949 -0.723262608 56.368480682
-0.743754268 0.034686528 0.667552531 156.241241455 -0.024169970 0.996604443 -0.078713290 -11.459442139 -0.668015838 -0.074678086 -0.740390241 55.424026489
-0.760382116 0.032842390 0.648644984 157.088363647 -0.023635188 0.996659815 -0.078169823 -11.570049286 -0.649045765 -0.074769780 -0.757066131 54.462474823
-0.776323617 0.035177283 0.629352272 157.911834717 -0.021275325 0.996410370 -0.081937492 -11.675638199 -0.629975557 -0.076999672 -0.772788465 53.465587616
-0.791157722 0.035142083 0.610601783 158.706039429 -0.017256046 0.996667922 -0.079720095 -11.789524078 -0.611368775 -0.073607758 -0.787915111 52.443958282
-0.806110680 0.035782486 0.590681851 159.500122070 -0.013786129 0.996763706 -0.079196334 -11.909876823 -0.591604173 -0.071984224 -0.803008556 51.418678284
-0.820469856 0.036991242 0.570491731 160.245193481 -0.011955142 0.996575952 -0.081812613 -12.022846222 -0.571564794 -0.073945090 -0.817218304 50.370849609
-0.834294438 0.038050324 0.550004482 160.976211548 -0.011465119 0.996202290 -0.086310416 -12.140204430 -0.551199913 -0.078314170 -0.830689847 49.302913666
-0.847344160 0.038225729 0.529666483 161.676986694 -0.008760275 0.996263981 -0.085914224 -12.262212753 -0.530971766 -0.077438958 -0.843843699 48.213119507
-0.858788848 0.036559157 0.511023641 162.346969604 -0.007377233 0.996464968 -0.083685763 -12.379609108 -0.512276590 -0.075638339 -0.855483234 47.096523285
-0.869317710 0.038399700 0.492759675 162.992889404 -0.004389098 0.996338308 -0.085385673 -12.496278763 -0.494234145 -0.076390058 -0.865966022 45.980323792
-0.878678381 0.041313056 0.475623369 163.605667114 -0.001502608 0.996004522 -0.089289747 -12.610757828 -0.477411956 -0.079171665 -0.875105560 44.857872009
-0.887695074 0.038890168 0.458786428 164.207351685 -0.003342234 0.995855927 -0.090883002 -12.731491089 -0.460419744 -0.082209766 -0.883886397 43.728595734
-0.895981908 0.036198303 0.442612916 164.795455933 -0.004202442 0.995936692 -0.089957878 -12.860168457 -0.444070786 -0.082460679 -0.892189145 42.586116791
-0.903124809 0.034119450 0.428020269 165.359252930 -0.005207794 0.995894015 -0.090375751 -12.983896255 -0.429346442 -0.083849616 -0.899239063 41.425270081
-0.909692168 0.032264076 0.414028257 165.904296875 -0.005535496 0.995946765 -0.089773826 -13.111828804 -0.415246755 -0.083958387 -0.905826271 40.249698639
-0.915970206 0.029685268 0.400146693 166.430236816 -0.006639014 0.996001661 -0.089086637 -13.233599663 -0.401191384 -0.084257297 -0.912110865 39.081161499
-0.921506405 0.024842694 0.387567997 166.936462402 -0.009091350 0.996298492 -0.085477859 -13.354366302 -0.388256967 -0.082291901 -0.917869627 37.885345459
-0.926720917 0.021243349 0.375149161 167.454040527 -0.010505499 0.996545434 -0.082382254 -13.471876144 -0.375603288 -0.080286503 -0.923296452 36.684280396
-0.931118429 0.022020269 0.364051431 167.938308716 -0.007438308 0.996821523 -0.079319067 -13.584132195 -0.364641041 -0.076563388 -0.927995205 35.466850281
-0.934228659 0.025972620 0.355727553 168.390167236 -0.003046958 0.996727586 -0.080775812 -13.702678680 -0.356661439 -0.076546974 -0.931092501 34.293403625
-0.936618865 0.030942898 0.348980457 168.847076416 0.002284102 0.996610284 -0.082235761 -13.815835953 -0.350342065 -0.076226473 -0.933514833 33.097614288
-0.938568175 0.034668997 0.343347967 169.296798706 0.005968737 0.996422887 -0.084296145 -13.935494423 -0.345042199 -0.077068336 -0.935417831 31.879745483
-0.940099597 0.031618591 0.339430034 169.728775024 0.003426311 0.996515453 -0.083337761 -14.052740097 -0.340882391 -0.077182800 -0.936932206 30.652112961
-0.942110837 0.023959437 0.334444225 170.179748535 -0.002846984 0.996836185 -0.079432726 -14.168796539 -0.335289270 -0.075786583 -0.939062059 29.451526642
-0.943842292 0.017673418 0.329923064 170.624969482 -0.008566043 0.996923566 -0.077909231 -14.276506424 -0.330285072 -0.076360151 -0.940787375 28.226140976
-0.945583105 0.010922172 0.325197220 171.061798096 -0.015718814 0.996736109 -0.079182632 -14.386896133 -0.325000703 -0.079985470 -0.942325234 27.015998840
-0.946732819 0.008829162 0.321899474 171.489456177 -0.018546317 0.996469736 -0.081877708 -14.501661301 -0.321486086 -0.083486371 -0.943226755 25.800424576
-0.947586834 0.008654286 0.319381058 171.910583496 -0.019171711 0.996291459 -0.083878040 -14.618124962 -0.318922639 -0.085604802 -0.943906903 24.594335556
-0.947680533 0.009425525 0.319081128 172.325561523 -0.019183682 0.996075869 -0.086399801 -14.731720924 -0.318643272 -0.088000566 -0.943780839 23.358959198
-0.947687626 0.011726578 0.318983942 172.740554810 -0.017294744 0.995970786 -0.087996103 -14.852177620 -0.318730503 -0.088909574 -0.943666220 22.158641815
-0.947101891 0.013510910 0.320648223 173.152664185 -0.016229874 0.995818734 -0.089898422 -14.972533226 -0.320522010 -0.090347059 -0.942922592 20.925636292
-0.946885884 0.014644254 0.321235895 173.574234009 -0.015680790 0.995671272 -0.091611132 -15.099457741 -0.321187019 -0.091782533 -0.942557633 19.722892761
-0.945937693 0.015924534 0.323957086 173.994186401 -0.014469312 0.995727777 -0.091195948 -15.223611832 -0.324025333 -0.090953127 -0.941666186 18.492237091
-0.945272267 0.015379810 0.325919867 174.420852661 -0.015299149 0.995700479 -0.091358520 -15.351786613 -0.325923681 -0.091344960 -0.940972865 17.287677765
-0.943875849 0.014617795 0.329976559 174.843917847 -0.016413363 0.995710194 -0.091058791 -15.478813171 -0.329892159 -0.091364220 -0.939586997 16.094448090
-0.942403674 0.013006330 0.334224701 175.281173706 -0.017694836 0.995905697 -0.088649213 -15.604547501 -0.334009290 -0.089457393 -0.938315153 14.906925201
-0.940582156 0.010977169 0.339388758 175.730895996 -0.019299537 0.996133506 -0.085705616 -15.730271339 -0.339017391 -0.087163217 -0.936733663 13.715785980
-0.937835455 0.008301944 0.346980780 176.165328979 -0.021836273 0.996322036 -0.082858332 -15.844265938 -0.346392512 -0.085284255 -0.934204936 12.531936646
-0.935464919 0.010083545 0.353275687 176.622619629 -0.020530764 0.996354342 -0.082803875 -15.958854675 -0.352822721 -0.084713146 -0.931847572 11.368171692
-0.931752264 0.011138078 0.362923771 177.068740845 -0.020331528 0.996360779 -0.082776308 -16.074102402 -0.362525016 -0.084505811 -0.928134918 10.178371429
-0.928059816 0.013879785 0.372172207 177.536926270 -0.019239737 0.996184170 -0.085128471 -16.188278198 -0.371933728 -0.086164810 -0.924251616 9.026332855
-0.923879862 0.014853615 0.382394195 178.025085449 -0.018858481 0.996265173 -0.084261499 -16.305370331 -0.382217646 -0.085058890 -0.920149267 7.853199005
-0.918669164 0.017828867 0.394625366 178.518829346 -0.017269205 0.996213317 -0.085210048 -16.424263000 -0.394650161 -0.085094713 -0.914882541 6.684799194
-0.913279533 0.019331776 0.406874359 179.041198730 -0.017281683 0.996134877 -0.086120114 -16.544013977 -0.406966507 -0.085683227 -0.909415543 5.560222626
-0.907141805 0.021409733 0.420280278 179.573486328 -0.016272970 0.996173322 -0.085870549 -16.661468506 -0.420510441 -0.084735975 -0.903322041 4.409873962
-0.900666595 0.021019042 0.434002042 180.128326416 -0.017079622 0.996344686 -0.083698355 -16.768882751 -0.434174925 -0.082796909 -0.897015512 3.242797852
-0.894254744 0.023480142 0.446941823 180.698089600 -0.015700715 0.996362329 -0.083758466 -16.888803482 -0.447282702 -0.081918731 -0.890633225 2.111984253
-0.887155950 0.026213428 0.460724384 181.265457153 -0.013705703 0.996448100 -0.083085291 -16.997612000 -0.461265892 -0.080024175 -0.883645773 0.992439270
-0.879941106 0.027502988 0.474285960 181.859588623 -0.012464187 0.996642768 -0.080918267 -17.104782104 -0.474919170 -0.077114895 -0.876644135 -0.098564148
-0.872569621 0.029022593 0.487626642 182.471878052 -0.010699370 0.996858418 -0.078476757 -17.212593079 -0.488372326 -0.073693745 -0.869518042 -1.182998657
-0.863817692 0.032137714 0.502778351 183.089126587 -0.007482565 0.997034788 -0.076586440 -17.320657730 -0.503748834 -0.069918789 -0.861015975 -2.274993896
-0.855420113 0.034834366 0.516761899 183.727111816 -0.004967764 0.997137904 -0.075439386 -17.424924850 -0.517910719 -0.067099527 -0.852798939 -3.299362183
-0.844466090 0.038183376 0.534245968 184.369125366 -0.001458142 0.997287989 -0.073582500 -17.531824112 -0.535606980 -0.062916949 -0.842120349 -4.352470398
-0.833994925 0.040830921 0.550259233 185.030914307 0.000832403 0.997350097 -0.072744794 -17.631229401 -0.551771522 -0.060210768 -0.831818998 -5.350250244
-0.822348356 0.042344205 0.567406476 185.712982178 0.002203093 0.997456372 -0.071244843 -17.742347717 -0.568980098 -0.057338025 -0.820349932 -6.365280151
-0.811339855 0.044041615 0.582913160 186.429763794 0.002697790 0.997429311 -0.071605116 -17.837448120 -0.584568441 -0.056523524 -0.809373081 -7.334281921
-0.797925591 0.046757124 0.600939631 187.166427612 0.005162270 0.997480214 -0.070756204 -17.937683105 -0.602733791 -0.053355981 -0.796156406 -8.336616516
-0.784104228 0.047460366 0.618811846 187.917510986 0.006502008 0.997645199 -0.068276584 -18.034282684 -0.620595157 -0.049512431 -0.782566369 -9.295005798
-0.768720686 0.049811099 0.637641907 188.685043335 0.009068247 0.997711420 -0.067006491 -18.124488831 -0.639520288 -0.045726981 -0.767413139 -10.237220764
