1.000000000 0.000000000 0.000000000 0.000000000 0.000000000 1.000000000 0.000000000 0.000000000 0.000000000 0.000000000 1.000000000 0.000000000
0.999998629 0.000747691 0.001457435 -0.006242755 -0.000741042 0.999989331 -0.004557480 -0.002570030 -0.001460827 0.004556394 0.999988556 0.963917613
0.999996662 -0.001450542 0.002143918 -0.002569858 0.001461981 0.999984682 -0.005343642 -0.000881664 -0.002136133 0.005346759 0.999983430 1.918663621
0.999993086 -0.002591346 0.002643122 -0.009525416 0.002594625 0.999995887 -0.001237928 -0.004473285 -0.002639902 0.001244777 0.999995708 2.850725651
0.999984980 -0.005122871 0.001926465 -0.006567850 0.005113344 0.999974847 0.004918519 -0.007969964 -0.001951614 -0.004908595 0.999985993 3.798904657
0.999962449 -0.008660321 0.000450539 -0.004153519 0.008657944 0.999949813 0.005033286 -0.005115163 -0.000494106 -0.005029195 0.999987245 4.737202644
0.999936283 -0.011286702 -0.000127913 -0.007269327 0.011286946 0.999934077 0.002105640 -0.002508490 0.000104139 -0.002106950 0.999997795 5.663065434
0.999927342 -0.012008952 -0.001043643 -0.011004444 0.012007320 0.999926686 -0.001554317 0.003562615 0.001062233 0.001541673 0.999998271 6.589157581
0.999933362 -0.011452585 -0.001449156 -0.019340690 0.011449880 0.999932706 -0.001860875 -0.001656719 0.001470370 0.001844159 0.999997199 7.513954639
0.999932647 -0.011305626 -0.002610242 -0.028039480 0.011305816 0.999936104 0.000057697 -0.001986636 0.002609423 -0.000087204 0.999996603 8.425279617
0.999936044 -0.010946169 -0.002824221 -0.039994154 0.010953519 0.999936640 0.002600165 0.004929867 0.002795580 -0.002630934 0.999992609 9.368904114
0.999930799 -0.011159232 -0.003707127 -0.048156321 0.011175035 0.999928415 0.004269151 0.005962539 0.003659220 -0.004310284 0.999983907 10.290531158
0.999914289 -0.012336819 -0.004382996 -0.051568791 0.012358997 0.999910712 0.005069269 0.006714124 0.004320066 -0.005123003 0.999977529 11.204022408
0.999906600 -0.012556407 -0.005390196 -0.057737418 0.012585360 0.999906301 0.005371529 0.006181009 0.005322244 -0.005438864 0.999970973 12.118438721
0.999898553 -0.012887348 -0.006061776 -0.062660582 0.012909766 0.999909937 0.003673665 0.013608303 0.006013886 -0.003751548 0.999974906 13.016750336
0.999887168 -0.013326809 -0.006923366 -0.085505262 0.013338540 0.999909699 0.001651094 0.018494908 0.006900736 -0.001743255 0.999974668 13.925206184
0.999852777 -0.014597272 -0.009007580 -0.083174795 0.014599476 0.999893427 0.000178926 0.024669906 0.009004007 -0.000310406 0.999959469 14.827593803
0.999839067 -0.014400168 -0.010699153 -0.097183637 0.014397015 0.999896228 -0.000371586 0.021592315 0.010703394 0.000217491 0.999942720 15.726986885
0.999845564 -0.013057880 -0.011760284 -0.123985142 0.013045323 0.999914169 -0.001143839 0.021756092 0.011774211 0.000990246 0.999930263 16.629512787
0.999842405 -0.011344980 -0.013650278 -0.137620404 0.011329846 0.999935150 -0.001185426 0.020419953 0.013662841 0.001030584 0.999906123 17.523447037
0.999818742 -0.012119656 -0.014684017 -0.159519449 0.012116143 0.999926567 -0.000328285 0.019522944 0.014686918 0.000150311 0.999892175 18.419399261
0.999794185 -0.011783230 -0.016513929 -0.171839461 0.011804960 0.999929547 0.001219067 0.016520118 0.016498404 -0.001413762 0.999862909 19.302345276
0.999768794 -0.011427550 -0.018214501 -0.188979343 0.011457590 0.999933124 0.001545695 0.021423368 0.018195620 -0.001754032 0.999832928 20.185722351
0.999723434 -0.012679156 -0.019804316 -0.209221825 0.012717412 0.999917388 0.001806958 0.018464714 0.019779770 -0.002058318 0.999802172 21.063964844
0.999690950 -0.012456940 -0.021513855 -0.233422890 0.012474195 0.999921918 0.000668069 0.024722736 0.021503855 -0.000936231 0.999768376 21.938550949
0.999675393 -0.012274479 -0.022326542 -0.252700925 0.012307926 0.999923348 0.001361215 0.020427682 0.022308122 -0.001635567 0.999749780 22.797185898
0.999650538 -0.012117346 -0.023497643 -0.274663687 0.012196040 0.999920487 0.003208598 0.024851903 0.023456899 -0.003494054 0.999718726 23.654329300
0.999619484 -0.013255596 -0.024188731 -0.296718806 0.013406776 0.999891520 0.006098591 0.026279755 0.024105266 -0.006420564 0.999688745 24.498929977
0.999612391 -0.012718979 -0.024769023 -0.322366148 0.012909719 0.999888122 0.007555968 0.027350247 0.024670150 -0.007872799 0.999664664 25.340166092
0.999601543 -0.012114880 -0.025494454 -0.348719269 0.012279539 0.999904752 0.006312102 0.031820521 0.025415551 -0.006622646 0.999655068 26.169660568
0.999602973 -0.010171446 -0.026275646 -0.377676159 0.010274054 0.999940157 0.003772993 0.033708684 0.026235692 -0.004041452 0.999647617 26.985988617
0.999585867 -0.010173685 -0.026916333 -0.402413756 0.010236483 0.999945223 0.002196298 0.033301834 0.026892515 -0.002470917 0.999635279 27.779222488
0.999566376 -0.009381642 -0.027912948 -0.429729462 0.009432490 0.999954104 0.001690577 0.037478074 0.027895808 -0.001953132 0.999608934 28.575254440
0.999538541 -0.009065012 -0.028989458 -0.460276514 0.009104099 0.999957860 0.001216589 0.037769753 0.028977206 -0.001479950 0.999579012 29.358621597
0.999471009 -0.009067332 -0.031237083 -0.483698875 0.009089273 0.999958515 0.000560427 0.033390887 0.031230701 -0.000844053 0.999511838 30.145839691
0.999407470 -0.009382952 -0.033112917 -0.514652789 0.009403689 0.999955654 0.000470565 0.033718672 0.033107031 -0.000781670 0.999451518 30.910871506
0.999357641 -0.008938829 -0.034703888 -0.550681770 0.008994034 0.999958456 0.001434916 0.038789000 0.034689613 -0.001746122 0.999396622 31.674070358
0.999259233 -0.009533961 -0.037284359 -0.568423450 0.009681262 0.999945998 0.003772256 0.039107569 0.037246387 -0.004130422 0.999297500 32.430271149
0.999190688 -0.008540520 -0.039307781 -0.603337824 0.008752991 0.999947846 0.005236406 0.042012110 0.039261021 -0.005576228 0.999213457 33.164978027
0.999140024 -0.007136642 -0.040845014 -0.644623220 0.007362840 0.999958336 0.005390234 0.043566570 0.040804844 -0.005686334 0.999150932 33.891456604
0.999069452 -0.004571205 -0.042887509 -0.682710588 0.004778567 0.999977350 0.004733740 0.042631082 0.042864900 -0.004934276 0.999068677 34.613613129
0.998985291 -0.002839647 -0.044947416 -0.713918269 0.003014264 0.999988139 0.003817632 0.049879104 0.044936042 -0.003949242 0.998982072 35.323028564
0.998916090 -0.002366886 -0.046486378 -0.750086069 0.002601724 0.999984145 0.004991889 0.053619280 0.046473835 -0.005107423 0.998906434 36.024429321
0.998880327 -0.001213705 -0.047293033 -0.791510522 0.001538613 0.999975443 0.006834318 0.055715963 0.047283586 -0.006899432 0.998857677 36.721271515
0.998858571 0.001439939 -0.047745977 -0.826138139 -0.001088338 0.999972045 0.007389179 0.058445662 0.047755286 -0.007328780 0.998832226 37.397632599
0.998916030 0.004825426 -0.046298176 -0.867519736 -0.004595444 0.999976456 0.005072530 0.061914772 0.046321578 -0.004854272 0.998914778 38.070877075
0.998982847 0.006356815 -0.044642065 -0.901002705 -0.006256979 0.999977589 0.002375711 0.057974078 0.044656165 -0.002093970 0.999000192 38.725608826
0.999060631 0.006481665 -0.042846952 -0.925764978 -0.006476638 0.999979019 0.000256117 0.065898322 0.042847704 0.000021628 0.999081552 39.373569489
0.999199510 0.007591214 -0.039278641 -0.963359058 -0.007549347 0.999970734 0.001214078 0.067167774 0.039286703 -0.000916578 0.999227524 40.007843018
0.999264717 0.012529364 -0.036236264 -0.992693067 -0.012392186 0.999915242 0.004007781 0.067219496 0.036283411 -0.003555787 0.999335229 40.645988464
0.999332011 0.016683273 -0.032513335 -1.015249610 -0.016453044 0.999837875 0.007335672 0.068372518 0.032630447 -0.006795829 0.999444306 41.276069641
0.999368787 0.021375436 -0.028374813 -1.036902547 -0.021148607 0.999742210 0.008270164 0.071980834 0.028544281 -0.007664857 0.999563158 41.882961273
0.999415696 0.025394771 -0.022881098 -1.059000492 -0.025208076 0.999646902 0.008411193 0.079812884 0.023086611 -0.007829489 0.999702752 42.464599609
0.999429822 0.029345719 -0.016698290 -1.084336042 -0.029173413 0.999519527 0.010470542 0.086665809 0.016997527 -0.009977425 0.999805689 43.039001465
0.999360561 0.034346174 -0.009942068 -1.101230264 -0.034227032 0.999343097 0.011915462 0.082049668 0.010344787 -0.011567555 0.999879479 43.593479156
0.999303520 0.037169449 -0.003301944 -1.098212242 -0.037129156 0.999243975 0.011525293 0.082115173 0.003727837 -0.011394667 0.999928117 44.133880615
0.999166250 0.040638678 0.003905951 -1.097359180 -0.040680893 0.999106944 0.011416032 0.087132841 -0.003438530 -0.011565411 0.999927163 44.646808624
0.998947680 0.044473734 0.011202138 -1.090769172 -0.044596154 0.998945296 0.010926498 0.091426045 -0.010704381 -0.011414572 0.999877512 45.146347046
0.998602748 0.049272053 0.019103002 -1.096107364 -0.049435452 0.998743892 0.008177520 0.094527155 -0.018676080 -0.009110458 0.999784052 45.613124847
0.998323202 0.051376652 0.026671182 -1.080682039 -0.051533177 0.998657584 0.005214496 0.094146550 -0.026367476 -0.006580202 0.999630690 46.057811737
0.998045802 0.051652268 0.035165805 -1.073373795 -0.051861379 0.998641431 0.005060063 0.093044475 -0.034856670 -0.006873922 0.999368668 46.477218628
0.997781694 0.050771199 0.043058679 -1.048918009 -0.051095095 0.998673022 0.006454765 0.094387099 -0.042673826 -0.008640534 0.999051630 46.876808167
0.997313738 0.052639917 0.050935544 -1.025255919 -0.053065971 0.998566151 0.007047780 0.098309115 -0.050491512 -0.009731792 0.998677015 47.259181976
0.996672690 0.055478986 0.059711710 -1.006763935 -0.056012318 0.998403430 0.007294132 0.096328229 -0.059211701 -0.010614454 0.998189032 47.612495422
0.995836139 0.060431842 0.068251282 -0.980271101 -0.061020210 0.998114944 0.006567139 0.099301547 -0.067725755 -0.010704504 0.997646511 47.933742523
0.994926453 0.064312994 0.077364326 -0.961260796 -0.065031774 0.997859955 0.006804937 0.095868021 -0.076761134 -0.011801552 0.996979654 48.239425659
0.994191766 0.063745841 0.086713865 -0.932023525 -0.064635240 0.997880876 0.007485188 0.094156444 -0.086052969 -0.013046484 0.996205151 48.521072388
0.993295670 0.062438704 0.097288758 -0.891392708 -0.063271984 0.997981131 0.005500598 0.095476210 -0.096748903 -0.011619372 0.995240986 48.802417755
0.992141545 0.061036952 0.109222792 -0.859638691 -0.061538871 0.998103917 0.001227308 0.089776158 -0.108940803 -0.007939111 0.994016528 49.061592102
0.990543425 0.061939981 0.122422293 -0.816699028 -0.062032577 0.998069465 -0.003058556 0.093194678 -0.122375384 -0.004564538 0.992473304 49.327075958
0.988422871 0.063423194 0.137832657 -0.774209499 -0.063309431 0.997980416 -0.005213619 0.090744466 -0.137884930 -0.003572848 0.990441799 49.590717316
0.985929191 0.065098785 0.153966412 -0.725108624 -0.064854234 0.997872829 -0.006615690 0.089787364 -0.154069558 -0.003462774 0.988053918 49.841060638
0.983098388 0.065727614 0.170872897 -0.670209885 -0.065338947 0.997831821 -0.007903492 0.090423822 -0.171021879 -0.003394745 0.985261381 50.100166321
0.979822338 0.064587563 0.189146996 -0.612335205 -0.063982479 0.997907639 -0.009309964 0.092099369 -0.189352512 -0.002979981 0.981904626 50.359348297
0.975927532 0.063919678 0.208518058 -0.545080185 -0.063354939 0.997946799 -0.009393012 0.084804863 -0.208690330 -0.004043748 0.977973342 50.594326019
0.971426368 0.063900709 0.228576988 -0.472400665 -0.063135512 0.997947991 -0.010666275 0.082750797 -0.228789508 -0.004069826 0.973467469 50.837154388
0.966103911 0.066272631 0.249501824 -0.392840385 -0.065103061 0.997794569 -0.012946343 0.080473065 -0.249809533 -0.003735821 0.968287826 51.077651978
0.959853053 0.067648843 0.272223681 -0.309553146 -0.066087477 0.997702360 -0.014911066 0.073633492 -0.272606939 -0.003678146 0.962118447 51.314743042
0.952519178 0.069108799 0.296531796 -0.215647697 -0.067373380 0.997598171 -0.016080422 0.065854192 -0.296930939 -0.004661444 0.954887569 51.555858612
0.943951070 0.071887806 0.322162360 -0.117027283 -0.070181042 0.997390628 -0.016925439 0.058356643 -0.322538435 -0.006632908 0.946533084 51.792190552
0.934029937 0.073970705 0.349451840 -0.008525848 -0.072225884 0.997225165 -0.018040545 0.050276816 -0.349816650 -0.008389060 0.936780691 52.031986237
0.922856748 0.074617893 0.377846062 0.113248825 -0.072657257 0.997167051 -0.019463621 0.043803215 -0.378228009 -0.009491128 0.925663888 52.269191742
0.910303473 0.072452709 0.407551348 0.255052567 -0.069694512 0.997333884 -0.021632537 0.034911036 -0.408032060 -0.008711916 0.912925959 52.504146576
0.895277441 0.070038140 0.439969480 0.397331238 -0.066072017 0.997517765 -0.024345998 0.027085304 -0.440582514 -0.007273254 0.897682607 52.729824066
0.877960324 0.069144242 0.473713875 0.555112839 -0.063198477 0.997594476 -0.028481662 0.015273929 -0.474543720 -0.004932227 0.880218089 52.953964233
0.858485281 0.071172014 0.507875383 0.717290878 -0.062662296 0.997460186 -0.033859853 0.010381103 -0.508995414 -0.002756454 0.860764742 53.167938232
0.836774290 0.073002249 0.542659640 0.904060364 -0.062118139 0.997330546 -0.038382232 0.000607491 -0.544013023 -0.001591740 0.839075327 53.393486023
0.812165916 0.075729147 0.578490734 1.101629257 -0.063005321 0.997125804 -0.042076237 -0.009136200 -0.580014527 -0.002275110 0.814603031 53.618087769
0.784601212 0.079735667 0.614852130 1.310543060 -0.065950334 0.996802747 -0.045110069 -0.020599604 -0.616483212 -0.005156290 0.787351191 53.850608826
0.754662395 0.084073439 0.650704443 1.529186249 -0.069703989 0.996416926 -0.047900751 -0.038819313 -0.652400255 -0.009207807 0.757818758 54.072044373
0.721578836 0.085242949 0.687064409 1.789785385 -0.069364093 0.996299207 -0.050760627 -0.054064989 -0.688848853 -0.011029806 0.724821150 54.305236816
0.684851885 0.082820728 0.723960340 2.064350128 -0.065786012 0.996490121 -0.051765762 -0.074691892 -0.725706577 -0.012174585 0.687896550 54.525505066
0.645759404 0.081157751 0.759215474 2.375600815 -0.062682837 0.996613562 -0.053219236 -0.097151995 -0.760963559 -0.013222957 0.648659825 54.744529724
0.602935791 0.080620393 0.793705642 2.703706741 -0.060662735 0.996633589 -0.055150483 -0.118328333 -0.795480013 -0.014896148 0.605796754 54.966484070
0.556661189 0.080833033 0.826797724 3.066646576 -0.057175547 0.996622741 -0.058941413 -0.132387996 -0.828769684 -0.014462220 0.559402764 55.177261353
0.508494794 0.079584226 0.857379496 3.461755753 -0.054028906 0.996706426 -0.060473476 -0.157910109 -0.859368324 -0.015572819 0.511119962 55.378479004
0.460133433 0.078005828 0.884416461 3.874637604 -0.052033849 0.996789932 -0.060845688 -0.175925016 -0.886323690 -0.018022455 0.462715358 55.553489685
0.410161257 0.075405963 0.908890367 4.307584763 -0.051317073 0.996905506 -0.059549894 -0.203072429 -0.910568058 -0.022216538 0.412761569 55.723834991
0.359944373 0.075840145 0.929886103 4.776071548 -0.054919045 0.996684730 -0.060029820 -0.219821930 -0.931355894 -0.029461063 0.362916082 55.888645172
0.310284108 0.076155446 0.947588563 5.226881027 -0.052732315 0.996630192 -0.062829800 -0.241916299 -0.949180126 -0.030473450 0.313254386 56.015277863
0.263559759 0.072690062 0.961900413 5.713794708 -0.041380748 0.997090876 -0.064011097 -0.274667144 -0.963755071 -0.022933412 0.265800953 56.100959778
0.219123870 0.067036986 0.973391414 6.228478432 -0.027961584 0.997658551 -0.062413715 -0.299846172 -0.975296259 -0.013541232 0.220485240 56.181304932
0.176708579 0.065645657 0.982071579 6.757699966 -0.019216755 0.997813344 -0.063240133 -0.337267995 -0.984075606 -0.007697160 0.177583635 56.247180939
0.138493806 0.067259565 0.988076746 7.257045746 -0.015930843 0.997713327 -0.065682620 -0.359933317 -0.990235150 -0.006644260 0.139248654 56.284057617
0.105881192 0.067856222 0.992060840 7.799448013 -0.007269952 0.997695148 -0.067465678 -0.395987213 -0.994352221 -0.000068888 0.106130466 56.313198090
0.077427015 0.066096433 0.994804680 8.358322144 0.000059251 0.997799695 -0.066300042 -0.431719244 -0.996998012 0.005192359 0.077252738 56.325996399
0.052345000 0.064518049 0.996542752 8.938644409 0.006924947 0.997863412 -0.064967297 -0.465287209 -0.998605072 0.010301720 0.051786385 56.344573975
0.032081597 0.063769072 0.997448862 9.497453690 0.011871034 0.997867823 -0.064177684 -0.488451600 -0.999414742 0.013899674 0.031256173 56.342472076
0.016320769 0.065518267 0.997717798 10.087648392 0.014801294 0.997725546 -0.065760911 -0.516767263 -0.999757290 0.015840784 0.015313895 56.340496063
0.002543896 0.065298952 0.997862458 10.672400475 0.015029167 0.997750461 -0.065329939 -0.552621007 -0.999883831 0.015163233 0.001556782 56.335815430
-0.008805495 0.066317372 0.997759640 11.282615662 0.016276456 0.997675776 -0.066168152 -0.586052477 -0.999828756 0.015657350 -0.009864450 56.320186615
-0.017889325 0.069027729 0.997454345 11.926465034 0.020954113 0.997420669 -0.068649620 -0.624122918 -0.999620378 0.019672669 -0.019289602 56.305744171
-0.024234047 0.071019918 0.997180402 12.549113274 0.025163515 0.997200608 -0.070409819 -0.658081353 -0.999389529 0.023386251 -0.025953317 56.275310516
-0.028799966 0.070327915 0.997108042 13.202511787 0.025337562 0.997252643 -0.069606274 -0.696732879 -0.999264002 0.023259629 -0.030502778 56.258811951
-0.032576866 0.067510359 0.997186661 13.860043526 0.023187287 0.997498631 -0.066773988 -0.731435180 -0.999200284 0.020946760 -0.034060761 56.242099762
-0.035160225 0.060885035 0.997525334 14.555312157 0.021342572 0.997960567 -0.060159329 -0.764828146 -0.999153793 0.019174540 -0.036387969 56.221565247
-0.036255557 0.055405840 0.997805476 15.243530273 0.022745334 0.998248994 -0.054604009 -0.798115432 -0.999083757 0.020715721 -0.037452303 56.193550110
-0.036802627 0.052698728 0.997932017 15.927600861 0.024952687 0.998345613 -0.051800337 -0.833648562 -0.999011040 0.022994695 -0.038056720 56.168136597
-0.036783993 0.054981034 0.997809589 16.631223679 0.028340220 0.998141110 -0.053954542 -0.872207046 -0.998921335 0.026293483 -0.038273793 56.143306732
-0.035493433 0.062628001 0.997405589 17.341682434 0.029421601 0.997667313 -0.061597440 -0.900421441 -0.998936772 0.027158968 -0.037253253 56.111118317
-0.033711657 0.070663862 0.996930361 18.073926926 0.030509461 0.997105181 -0.069644578 -0.940472364 -0.998965800 0.028067974 -0.035769984 56.089744568
-0.031823333 0.071193591 0.996954799 18.792949677 0.031395670 0.997038901 -0.070197448 -0.977751970 -0.999000371 0.029066145 -0.033964261 56.074619293
-0.029437982 0.066827901 0.997330189 19.532230377 0.030613551 0.997354805 -0.065925948 -1.020900488 -0.999097645 0.028591085 -0.031405952 56.049930573
-0.026959877 0.060333986 0.997814178 20.272619247 0.030278204 0.997768342 -0.059513129 -1.064853311 -0.999177873 0.028607553 -0.028726513 56.033809662
-0.023852427 0.058807146 0.997984350 21.016342163 0.028802570 0.997894526 -0.058113448 -1.106434584 -0.999300480 0.027358368 -0.025496000 56.019401550
-0.020770356 0.064255029 0.997717321 21.772211075 0.035738330 0.997342587 -0.063486896 -1.157628298 -0.999145329 0.034338113 -0.023011528 55.997264862
-0.017441371 0.069689468 0.997416317 22.507095337 0.037600610 0.996908128 -0.068996459 -1.199376225 -0.999140680 0.036300071 -0.020007813 55.981433868
-0.015213827 0.070294686 0.997410178 23.246398926 0.031403035 0.997067273 -0.069791511 -1.241882443 -0.999391079 0.030259915 -0.017376672 55.986915588
-0.012005876 0.066504866 0.997713923 24.006721497 0.027252188 0.997436941 -0.066158466 -1.288814306 -0.999556541 0.026395598 -0.013787510 55.992298126
-0.007267311 0.063035443 0.997984827 24.746475220 0.031082481 0.997543156 -0.062781207 -1.339450955 -0.999490321 0.030563597 -0.009208755 55.975372314
-0.003565165 0.064467505 0.997913420 25.490190506 0.035576876 0.997296214 -0.064300530 -1.381324887 -0.999360561 0.035273399 -0.005849077 55.964824677
-0.000964936 0.068661809 0.997639477 26.224573135 0.035253137 0.997022152 -0.068585224 -1.430959702 -0.999377847 0.035103742 -0.003382609 55.971012115
0.003319013 0.069667868 0.997564673 26.984041214 0.031519677 0.997067213 -0.069737993 -1.471908331 -0.999497473 0.031674381 0.001113370 55.975463867
0.006236915 0.068737164 0.997615337 27.742216110 0.030910226 0.997144699 -0.068897977 -1.528900862 -0.999502718 0.031266224 0.004094425 55.995441437
0.009851768 0.065541469 0.997801304 28.482738495 0.034767155 0.997223914 -0.065846816 -1.577543139 -0.999346852 0.035339419 0.007545728 55.999923706
0.013554562 0.066443264 0.997698128 29.234371185 0.039353520 0.996981323 -0.066930190 -1.623143435 -0.999133408 0.040170144 0.010898867 56.009403229
0.016932243 0.067107253 0.997602165 29.980230331 0.042021997 0.996815801 -0.067767590 -1.671878576 -0.998973191 0.043068692 0.014058346 56.024242401
0.020468375 0.067238510 0.997526944 30.747142792 0.042909928 0.996757686 -0.068067119 -1.714855671 -0.998869240 0.044197045 0.017516803 56.017288208
0.023943620 0.065648280 0.997555435 31.496297836 0.044444077 0.996785164 -0.066664346 -1.763209581 -0.998724878 0.045931626 0.020948963 56.038715363
0.027711570 0.065013275 0.997499526 32.249988556 0.046255250 0.996730506 -0.066248178 -1.805910349 -0.998545229 0.047975425 0.024613757 56.054855347
0.030354410 0.064903781 0.997429729 33.003650665 0.044918798 0.996792853 -0.066229351 -1.856892109 -0.998529315 0.046813693 0.027341658 56.083000183
0.033347532 0.066710770 0.997214913 33.774036407 0.041825339 0.996802568 -0.068081863 -1.904453278 -0.998568296 0.043979209 0.030450704 56.117000580
0.036239076 0.066846892 0.997104943 34.529838562 0.043784279 0.996695995 -0.068410791 -1.948657036 -0.998383522 0.046136666 0.033192504 56.142288208
0.038955774 0.066762857 0.997008085 35.294891357 0.041488752 0.996796966 -0.068369783 -1.994234324 -0.998379171 0.044028014 0.036061086 56.175601959
0.041048460 0.066797845 0.996921718 36.045146942 0.039783899 0.996862233 -0.068431951 -2.044130087 -0.998364866 0.042470459 0.038262181 56.217769623
0.043835290 0.066716783 0.996808529 36.809356689 0.037106644 0.996970415 -0.068359397 -2.096611500 -0.998349428 0.039984778 0.041226853 56.256546021
0.046966314 0.069360219 0.996485472 37.571605682 0.035560790 0.996837854 -0.071060792 -2.133651257 -0.998263240 0.038773268 0.044351302 56.294914246
0.050746731 0.073046274 0.996036649 38.338436127 0.034449186 0.996600091 -0.074842729 -2.180465221 -0.998117268 0.038110670 0.048057821 56.332748413
0.053837270 0.074706644 0.995751143 39.105941772 0.035016421 0.996442854 -0.076651782 -2.239588261 -0.997935653 0.038994368 0.051029809 56.381008148
0.056724299 0.076643802 0.995443642 39.873638153 0.028772429 0.996509433 -0.078365430 -2.296928883 -0.997975230 0.033086549 0.054321073 56.435504913
0.059457093 0.076197103 0.995318472 40.673313141 0.024969677 0.996656895 -0.077791184 -2.347340107 -0.997918546 0.029478017 0.057355706 56.495334625
0.063413076 0.076603338 0.995043039 41.448501587 0.027461600 0.996538341 -0.078468539 -2.404519320 -0.997609496 0.032301407 0.061089907 56.546310425
0.067573518 0.077644885 0.994688511 42.221588135 0.026400173 0.996479034 -0.079578124 -2.463211536 -0.997364998 0.031637318 0.065285735 56.593364716
0.070663489 0.078459486 0.994409800 43.002090454 0.022533398 0.996521831 -0.080227375 -2.519702435 -0.997245610 0.028076580 0.068649746 56.672447205
0.075321525 0.076395683 0.994228601 43.802074432 0.021725666 0.996698499 -0.078231364 -2.575166225 -0.996922731 0.027492782 0.073413111 56.732337952
0.079564199 0.076778516 0.993868411 44.606712341 0.021689124 0.996659994 -0.078730501 -2.636349678 -0.996593714 0.027820269 0.077633195 56.793533325
0.084915072 0.080420770 0.993137419 45.402515411 0.018572560 0.996436596 -0.082275920 -2.693802834 -0.996215105 0.025431566 0.083118878 56.868133545
0.090183705 0.088906281 0.991948903 46.196990967 0.016425194 0.995739162 -0.090739325 -2.757988691 -0.995789707 0.024476161 0.088339135 56.963996887
0.097903632 0.093644604 0.990780175 46.978767395 0.015410455 0.995301008 -0.095594674 -2.821025848 -0.995076597 0.024627443 0.096000493 57.040626526
0.105166465 0.096336782 0.989777327 47.765029907 0.010230606 0.995139122 -0.097945698 -2.894751549 -0.994401991 0.020426624 0.103669688 57.138011932
0.111812994 0.094693772 0.989207208 48.562343597 0.007071963 0.995348334 -0.096081018 -2.963325500 -0.993704200 0.017738735 0.110623196 57.238059998
0.119096018 0.093222909 0.988496661 49.369579315 0.007017639 0.995478511 -0.094726846 -3.031710625 -0.992857993 0.018218504 0.117903329 57.347129822
0.127224848 0.089823574 0.987798274 50.200984955 0.006527287 0.995793641 -0.091391295 -3.101508617 -0.991852403 0.018074887 0.126103386 57.449867249
0.134851053 0.083972685 0.987301111 51.009639740 0.004466115 0.996340990 -0.085351519 -3.175597906 -0.990855873 0.015919145 0.133982584 57.565624237
0.142344877 0.076992773 0.986818194 51.817001343 0.002138253 0.996943951 -0.078091227 -3.231315136 -0.989814878 0.013225951 0.141745210 57.685073853
0.148969069 0.074280694 0.986048043 52.635093689 0.000849745 0.997164607 -0.075246505 -3.307116985 -0.988841474 0.012047291 0.148483559 57.828411102
0.156016365 0.075415067 0.984871209 53.431438446 0.001720451 0.997058809 -0.076620854 -3.372099400 -0.987752974 0.013648529 0.155427724 57.963111877
0.162094235 0.082622372 0.983310223 54.221958160 0.002227808 0.996455252 -0.084094152 -3.424818516 -0.986772716 0.015821800 0.161335588 58.094177246
0.166813865 0.086255796 0.982208252 55.001884460 0.000341822 0.996160984 -0.087539159 -3.486118555 -0.985988319 0.014938486 0.166143984 58.239067078
0.172165006 0.088663854 0.981069803 55.786685944 -0.000593297 0.995950162 -0.089904562 -3.557237148 -0.985068023 0.014896350 0.171520337 58.383621216
0.176894829 0.088350587 0.980256259 56.555053711 -0.002404950 0.995998681 -0.089335449 -3.616609097 -0.984226823 0.013445510 0.176399484 58.540603638
0.182490230 0.085479513 0.979484797 57.304100037 0.000782195 0.996200621 -0.087084033 -3.691374063 -0.983207345 0.016658125 0.181730002 58.665283203
0.187034175 0.079069071 0.979166031 58.064426422 0.002015336 0.996722460 -0.080871731 -3.744914055 -0.982351303 0.017099123 0.186261788 58.812591553
0.190353841 0.073071435 0.978992343 58.815422058 0.000207750 0.997223079 -0.074472547 -3.803700924 -0.981715500 0.014379525 0.189810023 58.963016510
0.193560690 0.069848485 0.978598714 59.550991058 -0.003363511 0.997503817 -0.070532575 -3.860827923 -0.981082499 0.010360807 0.193312466 59.120498657
0.197085902 0.069451898 0.977923095 60.281021118 -0.005015197 0.997545958 -0.069834769 -3.917596340 -0.980373383 0.008858974 0.196950540 59.266052246
0.198657453 0.071655691 0.977446139 61.008392334 -0.007223047 0.997403562 -0.071650751 -3.968956470 -0.980042279 0.007173819 0.198659271 59.430847168
0.200198889 0.075945362 0.976807415 61.708877563 -0.011259182 0.997103751 -0.075215779 -4.021895409 -0.979690552 0.004060061 0.200474128 59.583560944
0.202326253 0.079998776 0.976045251 62.398735046 -0.012456933 0.996787548 -0.079116650 -4.075616837 -0.979238927 0.003848844 0.202672809 59.735744476
0.203843653 0.085069105 0.975300491 63.076713562 -0.012448300 0.996362209 -0.084304422 -4.130958557 -0.978924215 0.005044087 0.204161048 59.892871857
0.205638975 0.087064929 0.974747300 63.755401611 -0.012126922 0.996184826 -0.086421371 -4.188876152 -0.978552759 0.005950917 0.205910236 60.038032532
0.207326949 0.086892530 0.974405050 64.425781250 -0.014230812 0.996209919 -0.085809052 -4.242279053 -0.978168070 0.003923954 0.207777724 60.180057526
0.208031103 0.084134415 0.974497020 65.108131409 -0.014230888 0.996448576 -0.082991697 -4.300445557 -0.978018701 0.003396897 0.208489612 60.333087921
0.208847880 0.081895873 0.974512994 65.763740540 -0.014430645 0.996636927 -0.080662504 -4.353529930 -0.977841675 0.002783341 0.209327295 60.473003387
0.208684996 0.080573767 0.974658072 66.407836914 -0.013174376 0.996741474 -0.079578593 -4.405332565 -0.977894247 0.003766344 0.209066495 60.613491058
0.206801981 0.079824224 0.975120962 67.040901184 -0.013320239 0.996803522 -0.078774236 -4.454298973 -0.978292108 0.003301823 0.207204208 60.756515503
0.205768764 0.080496967 0.975284278 67.672821045 -0.013720764 0.996750534 -0.079373851 -4.504343987 -0.978504479 0.002951016 0.206204593 60.888832092
0.203033194 0.083213344 0.975629568 68.278411865 -0.015074936 0.996529937 -0.081858814 -4.560466766 -0.979055822 0.001912502 0.203583062 61.026519775
0.200783044 0.086987793 0.975765944 68.877433777 -0.013110017 0.996199369 -0.086111732 -4.611359596 -0.979548037 0.004497466 0.201160312 61.149906158
0.199084044 0.087753944 0.976045489 69.481727600 -0.010834935 0.996118844 -0.087348707 -4.658640862 -0.979922533 0.006814341 0.199262172 61.274467468
0.197067276 0.086908124 0.976530373 70.069259644 -0.011519123 0.996199727 -0.086334027 -4.702302933 -0.980322301 0.005764839 0.197319448 61.390769958
0.194536060 0.083970837 0.977294564 70.652000427 -0.012051696 0.996458471 -0.083218478 -4.753978729 -0.980821311 0.004410938 0.194859087 61.512088776
0.192452312 0.079997756 0.978040159 71.230529785 -0.011407939 0.996786535 -0.079286329 -4.804637909 -0.981240034 0.004101416 0.192746475 61.628845215
0.190770209 0.079135351 0.978439748 71.785514832 -0.007838426 0.996836305 -0.079094961 -4.851741791 -0.981603444 0.007419536 0.190786958 61.727340698
0.188935712 0.080681108 0.978669405 72.341224670 -0.004774348 0.996682763 -0.081244417 -4.896021843 -0.981977820 0.010677462 0.188694194 61.833301544
0.186531648 0.082746036 0.978958070 72.890731812 -0.000450053 0.996453941 -0.084139116 -4.936491966 -0.982448876 0.015254023 0.185907423 61.934402466
0.184824407 0.084667504 0.979117692 73.431770325 -0.000986364 0.996297538 -0.085966915 -4.977231026 -0.982771099 0.014923017 0.184223592 62.033893585
0.183503896 0.087153189 0.979147851 73.970268250 -0.001595750 0.996087074 -0.088361874 -5.023066521 -0.983017564 0.014652272 0.182924941 62.132625580
0.182548434 0.085236877 0.979495049 74.525497437 0.000758979 0.996222556 -0.086833969 -5.073690414 -0.983196557 0.016594818 0.181794167 62.234340668
0.183196068 0.084118143 0.979470968 75.065536499 0.006442486 0.996208370 -0.086760551 -5.112646103 -0.983055294 0.022204420 0.181959525 62.328121185
0.185264379 0.082080297 0.979254782 75.618995667 0.011486182 0.996256590 -0.085678443 -5.155526638 -0.982621670 0.027121060 0.183628052 62.427448273
0.187483400 0.081628077 0.978870213 76.168640137 0.014378255 0.996206284 -0.085827604 -5.196640015 -0.982162476 0.030165702 0.185598493 62.524257660
0.190903366 0.081525199 0.978217542 76.720726013 0.011484828 0.996291399 -0.085272826 -5.241077423 -0.981541634 0.027513526 0.189259082 62.635417938
0.196028486 0.081697941 0.977189004 77.284378052 0.010797504 0.996283054 -0.085460342 -5.292053699 -0.980538726 0.027303867 0.194417715 62.768562317
0.202878699 0.080910437 0.975855410 77.850395203 0.012009732 0.996299863 -0.085102357 -5.332346916 -0.979130268 0.028985217 0.201156303 62.887382507
0.210493773 0.081353813 0.974204242 78.395790100 0.009250445 0.996320903 -0.085199460 -5.371154785 -0.977551341 0.026945779 0.208966807 63.000953674
0.218652278 0.079343066 0.972571790 78.967269897 0.009847370 0.996458650 -0.083505638 -5.413982391 -0.975753069 0.027835976 0.217096642 63.142055511
0.227681786 0.079073220 0.970519662 79.544326782 0.006256356 0.996557951 -0.082662404 -5.460969925 -0.973715484 0.024892643 0.226403370 63.285633087
0.236886352 0.078635797 0.968349755 80.126213074 0.005044437 0.996605992 -0.082164377 -5.509747505 -0.971524179 0.024348399 0.235685661 63.442146301
0.246610329 0.082568601 0.965590954 80.715568542 -0.000557745 0.996375740 -0.085058607 -5.558565617 -0.969114542 0.020437777 0.245762616 63.612907410
0.256378323 0.084827013 0.962847114 81.320831299 -0.004102356 0.996228158 -0.086675540 -5.600042343 -0.966567814 0.018271795 0.255759299 63.783294678
0.267039597 0.087572560 0.959698319 81.900337219 -0.007869097 0.996027470 -0.088698007 -5.643530846 -0.963653445 0.016133916 0.266667813 63.950492859
0.277239352 0.089416042 0.956631124 82.513992310 -0.009347359 0.995863974 -0.090374172 -5.695158482 -0.960755408 0.016113309 0.276928425 64.139289856
0.286899716 0.090205111 0.953704059 83.138900757 -0.012174203 0.995819628 -0.090526231 -5.744805336 -0.957883239 0.014361362 0.286798537 64.343566895
0.297274381 0.090851672 0.950459838 83.766815186 -0.013760338 0.995766878 -0.090878643 -5.800179482 -0.954692900 0.013937239 0.297266155 64.546440125
0.307463259 0.091695346 0.947131634 84.393325806 -0.017826701 0.995726526 -0.090613008 -5.844089508 -0.951392889 0.010975935 0.307783961 64.763748169
0.317939758 0.087318137 0.944081426 85.052871704 -0.017166542 0.996116996 -0.086349681 -5.888518333 -0.947955549 0.011247387 0.318204135 64.994270325
0.328541100 0.079938307 0.941100776 85.712638855 -0.013657744 0.996709824 -0.079893850 -5.945188046 -0.944390953 0.013395101 0.328551918 65.225387573
0.339590490 0.075595438 0.937530518 86.372360229 -0.012378309 0.997037947 -0.075910009 -5.998056412 -0.940491915 0.014173278 0.339520305 65.472320557
0.349884629 0.072383739 0.933992207 87.055580139 -0.013329428 0.997294128 -0.072296247 -6.047652245 -0.936697960 0.012845765 0.349902749 65.737319946
0.359438002 0.070200637 0.930524647 87.743331909 -0.007143389 0.997344077 -0.072482325 -6.087235928 -0.933141530 0.019405806 0.358984917 66.002944946
0.367978305 0.064742438 0.927577674 88.440330505 -0.000475893 0.997585952 -0.069440044 -6.127122879 -0.929834247 0.025111001 0.367120832 66.272346497
0.374993682 0.055326983 0.925374925 89.158821106 0.009167832 0.997947276 -0.063381113 -6.170751572 -0.926982045 0.032251198 0.373716712 66.552406311
0.382059693 0.050748698 0.922743142 89.862709045 0.014506239 0.998038650 -0.060896061 -6.216860771 -0.924023747 0.036651459 0.380574256 66.841537476
0.389329165 0.050757155 0.919699132 90.568901062 0.016261494 0.997946262 -0.061959367 -6.268217087 -0.920955181 0.039078277 0.387704194 67.144165039
0.396869779 0.057151116 0.916093946 91.283958435 0.018596333 0.997354150 -0.070276886 -6.307056427 -0.917686462 0.044926763 0.394756883 67.449829102
0.404047161 0.061600305 0.912661612 91.989921570 0.022567231 0.996754944 -0.077267013 -6.347940922 -0.914459646 0.051815771 0.401345909 67.757438660
0.409169286 0.063737035 0.910229743 92.694442749 0.020440293 0.996666789 -0.078978010 -6.402277946 -0.912229419 0.050920732 0.406502575 68.085105896
0.413628668 0.065139890 0.908112407 93.395889282 0.013242389 0.996901214 -0.077540487 -6.465867519 -0.910349369 0.044098541 0.411484331 68.419105530
0.417760938 0.068821996 0.905946732 94.084068298 0.006615819 0.996870100 -0.078779936 -6.524796009 -0.908532917 0.038904753 0.415998071 68.751655579
0.421619594 0.071502917 0.903949261 94.763053894 0.006100162 0.996639967 -0.081680059 -6.588305473 -0.906752288 0.039952151 0.419766784 69.081481934
0.425708055 0.075950749 0.901667416 95.437629700 0.002700098 0.996360064 -0.085201882 -6.644249916 -0.904856503 0.038705718 0.423953474 69.398803711
0.429329544 0.078923658 0.899692833 96.106452942 -0.000271182 0.996185660 -0.087258883 -6.703490257 -0.903147936 0.037218828 0.427713364 69.725814819
0.432944477 0.077340342 0.898096621 96.752357483 -0.001320740 0.996365964 -0.085166194 -6.763046265 -0.901419520 0.035686087 0.431473255 70.051528931
0.437247753 0.074307799 0.896265984 97.407478333 -0.000650311 0.996606648 -0.082309581 -6.826666832 -0.899340808 0.035406828 0.435812294 70.371459961
0.440835863 0.071468778 0.894737899 98.053421021 -0.000611874 0.996848702 -0.079323597 -6.880365372 -0.897587478 0.034421228 0.439490467 70.687095642
0.444542915 0.070443429 0.892983317 98.687866211 -0.001620426 0.996964514 -0.077839382 -6.938219547 -0.895756066 0.033155922 0.443307757 71.011550903
0.447630167 0.072562687 0.891269743 99.298156738 -0.003995166 0.996854544 -0.079152346 -6.989027023 -0.894209743 0.031870209 0.446512073 71.328697205
0.450033844 0.073198348 0.890006423 99.908576965 -0.003418752 0.996768892 -0.080250293 -7.046468735 -0.893004894 0.033072639 0.448829979 71.649154663
0.452328473 0.071146362 0.889009118 100.500823975 -0.001086278 0.996856153 -0.079224549 -7.098414898 -0.891850650 0.034869809 0.450983763 71.951385498
0.454422593 0.069925889 0.888037562 101.094093323 0.000898919 0.996877789 -0.078956172 -7.150279045 -0.890785754 0.036677752 0.452940971 72.239868164
0.456354588 0.069886997 0.887049258 101.679702759 0.000083341 0.996907413 -0.078585155 -7.195396900 -0.889797926 0.035936620 0.454937518 72.546195984
0.458298713 0.068781815 0.886132777 102.251518250 0.001637221 0.996934056 -0.078228995 -7.251242161 -0.888796687 0.037303045 0.456781030 72.845466614
0.460872591 0.070817627 0.884636283 102.811660767 0.000822052 0.996776581 -0.080223054 -7.297964573 -0.887465954 0.037699830 0.459328830 73.137191772
0.463686764 0.070746429 0.883170068 103.366073608 0.003347480 0.996659815 -0.081595041 -7.354715824 -0.885992825 0.040790942 0.461901158 73.423202515
0.466673940 0.070089586 0.881647885 103.914031982 0.005305577 0.996615112 -0.082037657 -7.399772167 -0.884413540 0.042962484 0.464722425 73.722068787
0.469818473 0.068404153 0.880108774 104.457931519 0.007794403 0.996632934 -0.081621483 -7.454505920 -0.882728636 0.045207202 0.467703342 74.011749268
0.473060042 0.067761861 0.878420472 104.987754822 0.009236569 0.996601701 -0.081852637 -7.498167992 -0.880981684 0.046834808 0.470826596 74.298278809
0.476239741 0.067123696 0.876749635 105.503967285 0.010411679 0.996581793 -0.081953496 -7.546342850 -0.879253864 0.048157949 0.473912954 74.582267761
0.479742169 0.066086963 0.874917150 106.017852783 0.010625435 0.996648610 -0.081108190 -7.600600243 -0.877345145 0.048207391 0.477432221 74.869789124
0.482943594 0.065843031 0.873172462 106.515846252 0.012253831 0.996563256 -0.081924982 -7.641758442 -0.875565708 0.050264850 0.480476946 75.144966125
0.486872375 0.067124538 0.870890081 107.023422241 0.012363298 0.996413410 -0.083711065 -7.684030056 -0.873385608 0.051523682 0.484296322 75.433288574
0.491190821 0.067104667 0.868463337 107.516876221 0.014044785 0.996288359 -0.084925003 -7.736021042 -0.870938778 0.053911764 0.488425225 75.714691162
0.496389270 0.070312247 0.865247846 108.010643005 0.012194004 0.996051311 -0.087937325 -7.782635689 -0.868014455 0.054201983 0.493571788 75.997612000
0.501529336 0.076121256 0.861785293 108.495086670 0.008269515 0.995654345 -0.092758447 -7.835322380 -0.865101159 0.053647622 0.498720348 76.295562744
0.507299542 0.083106153 0.857753217 108.977821350 0.003236071 0.995148420 -0.098332025 -7.885492802 -0.861763775 0.052659534 0.504569352 76.597137451
0.513064027 0.089373939 0.853684723 109.451469421 -0.002230362 0.994699895 -0.102796651 -7.940141201 -0.858347356 0.050837241 0.510544121 76.899902344
0.519420028 0.094200641 0.849310815 109.933280945 -0.006003350 0.994282961 -0.106608540 -7.988041401 -0.854497969 0.050275922 0.517015934 77.211624146
0.525048673 0.094508849 0.845808327 110.422431946 -0.010031489 0.994433403 -0.104888670 -8.039185524 -0.851013005 0.046586957 0.523074031 77.526718140
0.530225873 0.093898214 0.842640877 110.916007996 -0.016691472 0.994811952 -0.100352146 -8.092082977 -0.847692132 0.039144382 0.529042363 77.863311768
0.535691917 0.091334298 0.839459479 111.405593872 -0.022887986 0.995338380 -0.093688428 -8.148477554 -0.844103336 0.030974593 0.535285294 78.202095032
0.541937590 0.089716896 0.835616171 111.911460876 -0.029278647 0.995697558 -0.087915584 -8.196384430 -0.839908600 0.023179049 0.542232692 78.533348083
0.547923744 0.087605335 0.831928313 112.419357300 -0.031696517 0.995961308 -0.084002718 -8.246264458 -0.835927606 0.019657847 0.548487604 78.884849548
0.554344833 0.091187172 0.827276647 112.933670044 -0.036595069 0.995689154 -0.085228793 -8.290556908 -0.831482172 0.016971897 0.555292189 79.246589661
0.560187042 0.095186196 0.822879136 113.447792053 -0.040877730 0.995342255 -0.087307706 -8.342801094 -0.827356935 0.015271219 0.561468899 79.619316101
0.566711068 0.098682210 0.817985535 113.974571228 -0.043498937 0.995000243 -0.089900747 -8.385350227 -0.822767437 0.015366266 0.568170369 79.992790222
0.572857141 0.100904487 0.813420534 114.502037048 -0.046014294 0.994787455 -0.090997085 -8.436275482 -0.818362594 0.014699372 0.574514270 80.381729126
