1.000000000 0.000000000 0.000000000 0.000000000 0.000000000 1.000000000 0.000000000 0.000000000 0.000000000 0.000000000 1.000000000 0.000000000
0.999998629 0.000813621 0.001457946 -0.006296539 -0.000806950 0.999989212 -0.004570255 -0.002178217 -0.001461649 0.004569072 0.999988496 0.964022517
0.999996662 -0.001457139 0.002146091 -0.002631048 0.001468612 0.999984562 -0.005354275 -0.000893917 -0.002138256 0.005357408 0.999983370 1.918536425
0.999993145 -0.002608183 0.002630227 -0.009265123 0.002611517 0.999995887 -0.001264990 -0.004595236 -0.002626917 0.001271850 0.999995708 2.852414846
0.999985218 -0.005052510 0.002000125 -0.006643703 0.005042519 0.999975085 0.004969021 -0.008521034 -0.002025180 -0.004958862 0.999985635 3.801220417
0.999962330 -0.008669149 0.000445966 -0.003751513 0.008666797 0.999949813 0.005031507 -0.005777238 -0.000489562 -0.005027452 0.999987245 4.739130497
0.999936998 -0.011218773 -0.000263382 -0.004676926 0.011219293 0.999934852 0.002065292 -0.001809124 0.000240194 -0.002068116 0.999997854 5.668700218
0.999927878 -0.011948177 -0.001267208 -0.007659398 0.011946263 0.999927461 -0.001507051 0.003951682 0.001285123 0.001491804 0.999998033 6.594177246
0.999931693 -0.011585345 -0.001637156 -0.016006313 0.011582318 0.999931216 -0.001847642 -0.003018020 0.001658450 0.001828554 0.999996960 7.518764973
0.999930143 -0.011519844 -0.002681586 -0.025464265 0.011519979 0.999933600 0.000035042 -0.001846946 0.002681005 -0.000065931 0.999996424 8.431788445
0.999933720 -0.011072101 -0.003158327 -0.035057694 0.011080997 0.999934614 0.002813299 0.000883915 0.003126971 -0.002848110 0.999991059 9.370412827
0.999926388 -0.011370437 -0.004225649 -0.042326715 0.011389258 0.999925256 0.004456828 0.002421732 0.004174657 -0.004504628 0.999981105 10.292580605
0.999910533 -0.012517478 -0.004719597 -0.046788003 0.012541531 0.999908268 0.005101841 0.006990741 0.004655303 -0.005160576 0.999975860 11.206456184
0.999901295 -0.012855174 -0.005679967 -0.052799948 0.012885022 0.999903142 0.005250099 0.008583680 0.005611926 -0.005322766 0.999970138 12.121191025
0.999894381 -0.013052126 -0.006396157 -0.059519466 0.013076369 0.999907374 0.003762957 0.013257396 0.006346451 -0.003846198 0.999972463 13.019536018
0.999882996 -0.013378183 -0.007416574 -0.079153724 0.013390839 0.999908864 0.001659273 0.019159166 0.007393701 -0.001758393 0.999971151 13.928339005
0.999847054 -0.014819021 -0.009283444 -0.080722608 0.014821274 0.999890149 0.000173765 0.025475319 0.009279850 -0.000311330 0.999956906 14.831546783
0.999830306 -0.014724492 -0.011069212 -0.094208315 0.014724293 0.999891579 -0.000099562 0.018297264 0.011069477 -0.000063441 0.999938726 15.729557991
0.999836266 -0.013349952 -0.012217341 -0.120420828 0.013339145 0.999910593 -0.000965684 0.019329658 0.012229141 0.000802557 0.999924898 16.631828308
0.999832213 -0.011607726 -0.014169975 -0.133642033 0.011595951 0.999932349 -0.000912925 0.018548349 0.014179614 0.000748458 0.999899209 17.527122498
0.999809980 -0.012500940 -0.014958651 -0.160829380 0.012501522 0.999921799 -0.000054656 0.016138794 0.014958165 -0.000132360 0.999888122 18.425365448
0.999787807 -0.011939247 -0.016784936 -0.171394989 0.011965579 0.999927342 0.001469197 0.014564660 0.016766177 -0.001669727 0.999858022 19.301090240
0.999761760 -0.011558613 -0.018512182 -0.188724294 0.011591453 0.999931514 0.001667650 0.020966239 0.018491639 -0.001881836 0.999827206 20.185081482
0.999712825 -0.012960800 -0.020158745 -0.208550289 0.013000545 0.999913812 0.001841752 0.019064570 0.020133141 -0.002103298 0.999795079 21.060237885
0.999677718 -0.012642686 -0.022018131 -0.231172651 0.012662232 0.999919474 0.000748477 0.024448087 0.022006895 -0.001027034 0.999757290 21.939737320
0.999666691 -0.012525310 -0.022575565 -0.253745049 0.012563649 0.999919891 0.001557196 0.020029681 0.022554247 -0.001840308 0.999743938 22.796525955
0.999642432 -0.012390109 -0.023695184 -0.276638418 0.012473091 0.999916673 0.003357490 0.024891337 0.023651605 -0.003651842 0.999713600 23.653505325
0.999610841 -0.013583003 -0.024367088 -0.298094362 0.013741486 0.999885499 0.006348346 0.026177106 0.024278067 -0.006680715 0.999682963 24.496704102
0.999595046 -0.013442115 -0.025079397 -0.323902786 0.013637764 0.999877751 0.007646542 0.030121488 0.024973543 -0.007985473 0.999656200 25.339857101
0.999587238 -0.012853092 -0.025692234 -0.351815104 0.013016810 0.999895930 0.006215237 0.036374532 0.025609674 -0.006547103 0.999650598 26.172784805
0.999585927 -0.010833480 -0.026656874 -0.378488868 0.010941491 0.999932408 0.003909350 0.036240451 0.026612720 -0.004199398 0.999637008 26.986770630
0.999570668 -0.010850661 -0.027216861 -0.405087203 0.010914301 0.999938011 0.002190847 0.037871409 0.027191404 -0.002486959 0.999627113 27.777608871
0.999555886 -0.009863427 -0.028120071 -0.434018850 0.009915505 0.999949336 0.001713164 0.042051915 0.028101746 -0.001991228 0.999603093 28.573572159
0.999520004 -0.009981664 -0.029328149 -0.461719096 0.010023388 0.999948978 0.001276028 0.040042017 0.029313914 -0.001569383 0.999568999 29.358125687
0.999455869 -0.009771187 -0.031504668 -0.487439603 0.009795865 0.999951839 0.000629070 0.037292823 0.031497002 -0.000937344 0.999503434 30.149332047
0.999387205 -0.010075477 -0.033522759 -0.516309559 0.010103086 0.999948800 0.000654324 0.036770407 0.033514444 -0.000992606 0.999437809 30.915128708
0.999333382 -0.009514089 -0.035245214 -0.549813330 0.009569987 0.999953210 0.001417591 0.044364177 0.035230070 -0.001753942 0.999377728 31.674894333
0.999237120 -0.010348923 -0.037656937 -0.572243869 0.010498349 0.999937713 0.003772440 0.043327179 0.037615553 -0.004164897 0.999283612 32.438854218
0.999160886 -0.009360645 -0.039872676 -0.603604376 0.009573120 0.999940932 0.005141238 0.046951417 0.039822195 -0.005518631 0.999191582 33.174434662
0.999121249 -0.007961079 -0.041150518 -0.649187267 0.008192150 0.999951601 0.005449705 0.046710938 0.041105144 -0.005782027 0.999138117 33.900020599
0.999055803 -0.005548193 -0.043087892 -0.687584519 0.005764420 0.999971509 0.004895682 0.044365223 0.043059491 -0.005139438 0.999059260 34.624256134
0.998977602 -0.003769111 -0.045048840 -0.719869494 0.003950785 0.999984384 0.003944490 0.051899053 0.045033265 -0.004118436 0.998977005 35.333316803
0.998903692 -0.003325633 -0.046694793 -0.750292599 0.003560866 0.999981403 0.004955402 0.058741625 0.046677440 -0.005116244 0.998896897 36.043560028
0.998866796 -0.002187391 -0.047542460 -0.797176182 0.002524203 0.999972045 0.007025563 0.056129012 0.047525767 -0.007137608 0.998844504 36.728225708
0.998847008 0.000317562 -0.048004359 -0.830514014 0.000040548 0.999972165 0.007458782 0.060861878 0.048005395 -0.007452129 0.998819292 37.409255981
0.998901784 0.003850144 -0.046693508 -0.870057940 -0.003603598 0.999979079 0.005363102 0.062072005 0.046713173 -0.005188947 0.998894870 38.080238342
0.998985648 0.005519906 -0.044689532 -0.908725858 -0.005404752 0.999981761 0.002697171 0.055018563 0.044703614 -0.002452899 0.998997271 38.719608307
0.999057651 0.005655185 -0.043033209 -0.931648254 -0.005635257 0.999983907 0.000584375 0.063834667 0.043035820 -0.000341321 0.999073505 39.369812012
0.999187171 0.006634291 -0.039760537 -0.964455962 -0.006567853 0.999976754 0.001801330 0.061756901 0.039771568 -0.001538725 0.999207616 40.005985260
0.999270797 0.011722804 -0.036337417 -1.000237465 -0.011579317 0.999924362 0.004156686 0.066891886 0.036383398 -0.003732892 0.999330997 40.640972137
0.999336541 0.015871169 -0.032780915 -1.019637585 -0.015633211 0.999849498 0.007502595 0.070060872 0.032895055 -0.006985145 0.999434412 41.284107208
0.999372184 0.020830944 -0.028658226 -1.041881800 -0.020599091 0.999752760 0.008361846 0.074975133 0.028825326 -0.007766264 0.999554276 41.891082764
0.999425828 0.024611147 -0.023285478 -1.063701630 -0.024415450 0.999664426 0.008651555 0.081687473 0.023490587 -0.008078063 0.999691427 42.476116180
0.999444842 0.028530015 -0.017209303 -1.087051272 -0.028348735 0.999540865 0.010687291 0.087277636 0.017506313 -0.010193495 0.999794841 43.047882080
0.999384224 0.033415120 -0.010699034 -1.093646049 -0.033285327 0.999372721 0.012088316 0.081689022 0.011096256 -0.011724751 0.999869645 43.597206116
0.999320030 0.036679476 -0.003741320 -1.098850369 -0.036633771 0.999261141 0.011628757 0.086646289 0.004165092 -0.011483791 0.999925375 44.128227234
0.999185383 0.040200908 0.003522939 -1.099765301 -0.040240154 0.999119282 0.011886201 0.086321302 -0.003042001 -0.012018283 0.999923170 44.639266968
0.998965979 0.044150773 0.010849440 -1.095839858 -0.044272326 0.998956382 0.011230829 0.092869580 -0.010342268 -0.011699546 0.999878049 45.134063721
0.998670518 0.048098926 0.018536046 -1.092026591 -0.048260812 0.998799503 0.008387255 0.097400330 -0.018110376 -0.009270670 0.999792993 45.605228424
0.998362660 0.050521847 0.026824247 -1.088340521 -0.050691433 0.998698235 0.005679794 0.093173392 -0.026502378 -0.007030255 0.999624014 46.058025360
0.998100221 0.050942466 0.034651108 -1.071399450 -0.051156640 0.998676479 0.005321981 0.097405538 -0.034334131 -0.007084504 0.999385297 46.484943390
0.997830451 0.050209306 0.042586327 -1.048701406 -0.050541438 0.998699069 0.006757752 0.097854920 -0.042191625 -0.008895464 0.999069929 46.884410858
0.997360528 0.052161593 0.050507937 -1.026376009 -0.052606441 0.998587132 0.007517558 0.100706927 -0.050044443 -0.010154759 0.998695374 47.276130676
0.996699929 0.055206474 0.059510861 -1.014958739 -0.055763017 0.998414099 0.007730891 0.098591968 -0.058989685 -0.011023882 0.998197675 47.630336761
0.995877445 0.060135499 0.067911156 -0.984763741 -0.060747180 0.998128772 0.006976394 0.102049187 -0.067364551 -0.011073044 0.997667015 47.955192566
0.994975388 0.063873045 0.077098809 -0.967112243 -0.064617693 0.997884035 0.007199811 0.098343998 -0.076475799 -0.012145581 0.996997416 48.260105133
0.994236529 0.063164353 0.086625516 -0.941268206 -0.064088881 0.997912526 0.007930595 0.095848404 -0.085943773 -0.013436620 0.996209323 48.542320251
0.993353069 0.061944071 0.097019188 -0.898153305 -0.062814683 0.998007476 0.005942174 0.097649761 -0.096457802 -0.011996906 0.995264769 48.821716309
0.992222965 0.060413115 0.108829178 -0.862604618 -0.060944986 0.998139858 0.001564560 0.094026782 -0.108532220 -0.008184984 0.994059145 49.078327179
0.990623295 0.061385490 0.122054018 -0.820292413 -0.061515741 0.998102546 -0.002704315 0.097882934 -0.121988423 -0.004829286 0.992519796 49.345924377
0.988486946 0.062931776 0.137597740 -0.781845212 -0.062855057 0.998010635 -0.004906909 0.095849760 -0.137632817 -0.003798300 0.990476072 49.607666016
0.985985279 0.064889751 0.153695688 -0.730520666 -0.064719893 0.997884750 -0.006113662 0.090525664 -0.153767288 -0.003919186 0.988099337 49.855743408
0.983163178 0.065405689 0.170623586 -0.677369058 -0.065129563 0.997850657 -0.007221376 0.087979123 -0.170729175 -0.004012847 0.985309780 50.115119934
0.979907870 0.064421944 0.188760340 -0.617874265 -0.063947454 0.997916222 -0.008609288 0.088187359 -0.188921615 -0.003634432 0.981985390 50.364299774
0.975999832 0.063873485 0.208193406 -0.549832880 -0.063421018 0.997947574 -0.008854717 0.086226635 -0.208331689 -0.004561634 0.978047609 50.611812592
0.971522748 0.063783936 0.228199974 -0.475018620 -0.063187011 0.997952342 -0.009928604 0.081347816 -0.228365988 -0.004773409 0.973563731 50.846103668
0.966188014 0.066275753 0.249174982 -0.400878280 -0.065259442 0.997791946 -0.012346826 0.081148572 -0.249443069 -0.004331664 0.968379796 51.084674835
0.959938645 0.067508906 0.271956533 -0.318076670 -0.066082172 0.997710109 -0.014412171 0.076706298 -0.272306740 -0.004136681 0.962201595 51.331905365
0.952673972 0.068831831 0.296098828 -0.220946163 -0.067257240 0.997614980 -0.015513255 0.067788437 -0.296460509 -0.005135716 0.955031335 51.568225861
0.944148064 0.071578883 0.321653485 -0.120639160 -0.070023134 0.997410119 -0.016419204 0.061190769 -0.321995735 -0.007021027 0.946715117 51.805610657
0.934306502 0.073514894 0.348807842 -0.012798422 -0.071931019 0.997255862 -0.017509781 0.052690290 -0.349137902 -0.008730599 0.937030733 52.040218353
0.923086524 0.074213929 0.377363950 0.107635923 -0.072429627 0.997193694 -0.018938858 0.046099689 -0.377710462 -0.009850128 0.925871372 52.277877808
0.910472095 0.072238207 0.407212824 0.249550715 -0.069673583 0.997345746 -0.021145256 0.037817232 -0.407659441 -0.009119810 0.913088500 52.517150879
0.895547748 0.069682136 0.439475387 0.397013575 -0.065916114 0.997540176 -0.023845920 0.030562373 -0.440056026 -0.007613348 0.897938073 52.746112823
0.878137469 0.069127068 0.473387718 0.548788846 -0.063400611 0.997593462 -0.028066304 0.019397879 -0.474188566 -0.005367001 0.880406916 52.968330383
0.858675480 0.070995256 0.507578552 0.712633014 -0.062752090 0.997471452 -0.033358522 0.014872776 -0.508663476 -0.003207470 0.860959351 53.186389923
0.836941779 0.072900988 0.542414844 0.900401831 -0.062271643 0.997337162 -0.037958257 0.006372498 -0.543737650 -0.002008214 0.839252770 53.412284851
0.812312543 0.075484969 0.578316748 1.094289899 -0.063028216 0.997143447 -0.041622050 -0.004213637 -0.579806626 -0.002640167 0.814749837 53.637935638
0.784747362 0.079645433 0.614677131 1.303584576 -0.066162035 0.996807635 -0.044691246 -0.015053671 -0.616274238 -0.005596948 0.787511647 53.868221283
0.754741251 0.084157035 0.650602162 1.528991342 -0.070064649 0.996405900 -0.047607999 -0.030422639 -0.652270377 -0.009652493 0.757924914 54.098484039
0.721717000 0.085066974 0.686941087 1.789863229 -0.069562122 0.996309042 -0.050293721 -0.049034461 -0.688683927 -0.011487246 0.724970579 54.334026337
0.685070932 0.082509346 0.723788679 2.072398901 -0.065934986 0.996509969 -0.051190723 -0.070409879 -0.725486279 -0.012653724 0.688120246 54.559360504
0.645839274 0.081046522 0.759159505 2.359790564 -0.063036844 0.996615052 -0.052769586 -0.091924980 -0.760866642 -0.013774346 0.648762047 54.764656067
0.603173375 0.080362760 0.793551445 2.692334652 -0.060987197 0.996645451 -0.054574087 -0.114310548 -0.795275092 -0.015478841 0.606051028 54.984912872
0.556934237 0.080439903 0.826652169 3.049960613 -0.057547316 0.996644258 -0.058210585 -0.130782321 -0.828560531 -0.015152138 0.559694350 55.193477631
0.508186698 0.079019442 0.857614219 3.420828104 -0.054265924 0.996741235 -0.059682682 -0.158280611 -0.859535635 -0.016209280 0.510818779 55.386913300
0.459748060 0.077713050 0.884642482 3.856745005 -0.052767757 0.996794105 -0.060141843 -0.174288645 -0.886480272 -0.019030511 0.462374896 55.574962616
0.410584331 0.075382516 0.908701301 4.294435501 -0.051865701 0.996894062 -0.059263870 -0.195914358 -0.910346329 -0.022797616 0.413218856 55.736873627
0.360041946 0.075314738 0.929891169 4.753998280 -0.054927148 0.996718347 -0.059460182 -0.215646982 -0.931317806 -0.029668102 0.362997264 55.900825500
0.310743421 0.076235190 0.947431684 5.219582081 -0.053262286 0.996608675 -0.062722996 -0.232010633 -0.949000299 -0.030971617 0.313750118 56.029800415
0.263143510 0.072300665 0.962043703 5.695267200 -0.042661402 0.997084498 -0.063265100 -0.276704371 -0.963812947 -0.024394331 0.265460759 56.120349884
0.219035611 0.066633210 0.973438978 6.204494476 -0.028873853 0.997671068 -0.061794959 -0.298938334 -0.975289524 -0.014571636 0.220449463 56.193176270
0.176833406 0.065658353 0.982048392 6.727387905 -0.019763887 0.997808039 -0.063153237 -0.328385890 -0.984042406 -0.008241487 0.177743480 56.255008698
0.138406500 0.067205980 0.988092661 7.266684055 -0.016471894 0.997713089 -0.065553039 -0.351309419 -0.990238488 -0.007202794 0.139197022 56.309936523
0.105785176 0.067871921 0.992069960 7.772811890 -0.008076509 0.997693777 -0.067395441 -0.387934774 -0.994356215 -0.000883023 0.106089368 56.326194763
0.076734595 0.066284612 0.994845808 8.333718300 -0.000661504 0.997790992 -0.066429801 -0.421720475 -0.997051358 0.004439368 0.076608926 56.347400665
0.051684193 0.064476252 0.996579945 8.895578384 0.005996416 0.997875631 -0.064871065 -0.457717389 -0.998645425 0.009328716 0.051187769 56.358833313
0.031835139 0.063472785 0.997475684 9.482503891 0.011020680 0.997898579 -0.063851424 -0.484971225 -0.999432325 0.013025577 0.031068716 56.361457825
0.016096245 0.065631434 0.997714043 10.057888031 0.013870945 0.997732699 -0.065856442 -0.509051859 -0.999774158 0.014899281 0.015149380 56.356269836
0.002699470 0.065583296 0.997843444 10.651904106 0.014659249 0.997737288 -0.065615967 -0.539298177 -0.999888897 0.014804765 0.001731960 56.351463318
-0.009162585 0.066165015 0.997766614 11.265563011 0.015164863 0.997703016 -0.066021524 -0.581729054 -0.999843001 0.014526067 -0.010144924 56.348423004
-0.017843647 0.069050595 0.997453511 11.880017281 0.020491332 0.997428119 -0.068682253 -0.617055178 -0.999630809 0.019213606 -0.019212693 56.322357178
-0.024289951 0.071079955 0.997174799 12.499612808 0.024686536 0.997207582 -0.070480950 -0.650332987 -0.999400139 0.022904811 -0.025976844 56.292678833
-0.029216731 0.070708722 0.997069061 13.151887894 0.024927014 0.997236192 -0.069990151 -0.684927106 -0.999262273 0.022809070 -0.030898539 56.282604218
-0.032604907 0.067836575 0.997163475 13.800045013 0.022690827 0.997487009 -0.067116648 -0.717221558 -0.999210715 0.020438135 -0.034062244 56.260330200
-0.035162047 0.060845748 0.997527659 14.493756294 0.020726549 0.997974575 -0.060142413 -0.757991672 -0.999166608 0.018560577 -0.036351956 56.238082886
-0.036339283 0.055383090 0.997803628 15.182559967 0.022146353 0.998262584 -0.054602005 -0.791007221 -0.999094069 0.020113517 -0.037502676 56.211441040
-0.036856856 0.052705403 0.997929692 15.863028526 0.024473602 0.998356283 -0.051824041 -0.826389730 -0.999020875 0.022512862 -0.038086161 56.185256958
-0.036726169 0.054823156 0.997820437 16.567419052 0.027894150 0.998161256 -0.053815193 -0.867567778 -0.998935938 0.025856929 -0.038187884 56.158096313
-0.035535827 0.062249284 0.997427881 17.268760681 0.028962810 0.997703135 -0.061234590 -0.898481905 -0.998948693 0.026712289 -0.037257124 56.127887726
-0.033574961 0.070576690 0.996941090 17.985807419 0.029892202 0.997128189 -0.069583230 -0.930584073 -0.998989105 0.027464513 -0.035588238 56.104274750
-0.031659428 0.071483359 0.996939182 18.703498840 0.030560825 0.997042120 -0.070520230 -0.963731170 -0.999031425 0.028234651 -0.033750370 56.088893890
-0.029113585 0.067069605 0.997323453 19.443290710 0.029917208 0.997357786 -0.066198595 -1.007597685 -0.999128342 0.027909858 -0.031043202 56.064315796
-0.026872681 0.060822301 0.997786880 20.186487198 0.029393008 0.997763693 -0.060029279 -1.049111366 -0.999206722 0.027714806 -0.028600341 56.048965454
-0.023572996 0.058879420 0.997986734 20.931114197 0.028067501 0.997909546 -0.058211900 -1.096421480 -0.999328077 0.026638763 -0.025176316 56.028949738
-0.020651413 0.064383000 0.997711658 21.677389145 0.035305347 0.997348964 -0.063628830 -1.144143105 -0.999163151 0.033910528 -0.022869730 56.010353088
-0.017492749 0.069808602 0.997406960 22.412736893 0.036951836 0.996923327 -0.069126666 -1.186274171 -0.999163866 0.035646807 -0.020018483 55.996139526
-0.015262447 0.070379086 0.997403502 23.153980255 0.030762751 0.997080624 -0.069885552 -1.229241490 -0.999410152 0.029616253 -0.017382944 56.002182007
-0.012073194 0.066700518 0.997699976 23.911624908 0.026637347 0.997440100 -0.066360809 -1.274455190 -0.999572217 0.025774892 -0.013819010 56.007232666
-0.007046771 0.063205607 0.997975647 24.649585724 0.030585051 0.997547150 -0.062962502 -1.323160410 -0.999507308 0.030079454 -0.008962633 55.984039307
-0.003280818 0.064062051 0.997940481 25.391405106 0.035133373 0.997337162 -0.063907810 -1.372732997 -0.999377191 0.034851350 -0.005522799 55.974594116
-0.000866147 0.068568595 0.997646034 26.123800278 0.034778032 0.997044921 -0.068497062 -1.418103933 -0.999394715 0.034636836 -0.003248269 55.982044220
0.003153148 0.068914399 0.997617543 26.867477417 0.030931637 0.997138500 -0.068979062 -1.467711329 -0.999516487 0.031075448 0.001012489 55.990787506
0.006714535 0.069148816 0.997583747 27.644731522 0.030281741 0.997134805 -0.069321506 -1.507178903 -0.999518871 0.030674035 0.004601349 55.998016357
0.010588932 0.066389002 0.997737646 28.388715744 0.033984885 0.997193336 -0.066713467 -1.552533865 -0.999366224 0.034614429 0.008302988 56.000938416
0.014323013 0.066849723 0.997660220 29.128778458 0.038800806 0.996973932 -0.067360789 -1.600929856 -0.999144316 0.039674833 0.011685846 56.006118774
0.017496064 0.067809142 0.997544825 29.878547668 0.040950418 0.996811926 -0.068477556 -1.648709655 -0.999008060 0.042047966 0.014663472 56.026710510
0.020547470 0.067421123 0.997512996 30.642686844 0.041953236 0.996786714 -0.068236217 -1.700978994 -0.998908281 0.043250978 0.017652912 56.026393890
0.024197452 0.066109404 0.997518957 31.393899918 0.043435439 0.996799350 -0.067115359 -1.745753527 -0.998763204 0.044951688 0.021248514 56.044887543
0.027351102 0.065087199 0.997504652 32.141738892 0.045286629 0.996772766 -0.066281185 -1.793305755 -0.998599589 0.046986487 0.024315253 56.071083069
0.030450512 0.065088704 0.997414768 32.898235321 0.043932945 0.996825993 -0.066391535 -1.843540192 -0.998570383 0.045841023 0.027494324 56.091854095
0.033403900 0.066903241 0.997200131 33.675975800 0.040667210 0.996839643 -0.068241313 -1.892623663 -0.998614192 0.042832874 0.030577566 56.133953094
0.035809234 0.067400292 0.997083247 34.442268372 0.042324834 0.996725500 -0.068896167 -1.934996247 -0.998461962 0.044668499 0.032839276 56.169666290
0.038943511 0.066892363 0.996999919 35.197628021 0.040601071 0.996826828 -0.068466663 -1.982248425 -0.998416245 0.043145586 0.036104035 56.190757751
0.041551441 0.067057967 0.996883512 35.956436157 0.038935248 0.996878564 -0.068680510 -2.030555010 -0.998377502 0.041667674 0.038810819 56.225696564
0.044485677 0.067257747 0.996743441 36.716419220 0.036107797 0.996970952 -0.068884626 -2.078779936 -0.998357296 0.039054580 0.041922394 56.264640808
0.047315065 0.068919167 0.996499598 37.475917816 0.034777269 0.996898413 -0.070598014 -2.130169392 -0.998274505 0.037995890 0.044771492 56.309371948
0.050242826 0.072979853 0.996067107 38.241565704 0.033367664 0.996647239 -0.074705467 -2.175732851 -0.998179495 0.036989849 0.047639202 56.357109070
0.053657107 0.074669488 0.995763719 39.029251099 0.033223756 0.996514678 -0.076516069 -2.238825321 -0.998006582 0.037188649 0.050989289 56.402778625
0.056835242 0.076778591 0.995426953 39.803493500 0.027456725 0.996541262 -0.078432202 -2.290198803 -0.998005927 0.031788878 0.054530580 56.454345703
0.059399437 0.076522350 0.995297015 40.581729889 0.023697728 0.996668339 -0.078042068 -2.337445498 -0.997952998 0.028221931 0.057388138 56.514366150
0.062937371 0.077053383 0.995038569 41.361183167 0.025497969 0.996565580 -0.078784414 -2.397202492 -0.997691691 0.030329945 0.060756516 56.571121216
0.066577904 0.077845760 0.994739890 42.141250610 0.024814099 0.996514261 -0.079645440 -2.457877874 -0.997472584 0.029986199 0.064414158 56.617935181
0.070624083 0.078861080 0.994380772 42.926441193 0.021110147 0.996528566 -0.080530718 -2.511470079 -0.997279584 0.026678935 0.068714142 56.681224823
0.075000815 0.076920711 0.994212270 43.719520569 0.020171890 0.996699333 -0.078634843 -2.566255808 -0.996979415 0.025952820 0.073201627 56.744873047
0.079006650 0.076743364 0.993915737 44.522296906 0.019912859 0.996711969 -0.078542151 -2.633306503 -0.996675193 0.025997056 0.077218689 56.828407288
0.084133677 0.080762468 0.993176162 45.326408386 0.016348826 0.996463954 -0.082414776 -2.684692621 -0.996320367 0.023171121 0.082515806 56.889156342
0.090125419 0.089457341 0.991904616 46.116847992 0.014204010 0.995740950 -0.091093920 -2.744086742 -0.995829225 0.022298900 0.088470921 56.968894958
0.097571187 0.094084196 0.990771353 46.917865753 0.013150448 0.995312691 -0.095810495 -2.809365511 -0.995141685 0.022377433 0.095876589 57.055141449
0.105062395 0.097341478 0.989690065 47.723186493 0.008495988 0.995073736 -0.098772898 -2.876373529 -0.994429350 0.018785711 0.103717811 57.147891998
0.111796215 0.095099039 0.989170194 48.533737183 0.004891104 0.995345592 -0.096245527 -2.955213547 -0.993719101 0.015598019 0.110810719 57.252605438
0.118944772 0.093894906 0.988451242 49.344612122 0.004792831 0.995452583 -0.095136739 -3.021119833 -0.992889285 0.016053492 0.117953859 57.363925934
0.126732439 0.090424098 0.987806857 50.170085907 0.004423794 0.995774984 -0.091721043 -3.090682507 -0.991927087 0.015993886 0.125796959 57.472602844
0.134277031 0.084469758 0.987337053 50.976795197 0.002423606 0.996329367 -0.085568681 -3.164998055 -0.990940869 0.013882825 0.133579403 57.585960388
0.141408637 0.077572219 0.986907363 51.788719177 -0.000159306 0.996926904 -0.078336939 -3.219808578 -0.989951253 0.010920301 0.140986428 57.709518433
0.148906469 0.074670874 0.986027956 52.597404480 -0.000841982 0.997154057 -0.075386308 -3.295437336 -0.988850951 0.010395290 0.148545563 57.833023071
0.156056538 0.076403663 0.984788656 53.397644043 -0.001104501 0.997016847 -0.077177338 -3.357575178 -0.987747490 0.010956330 0.155675396 57.968021393
0.161829188 0.083018482 0.983320475 54.179718018 -0.000158516 0.996457279 -0.084101483 -3.414763689 -0.986818731 0.013454204 0.161269024 58.100074768
0.167322144 0.087020569 0.982054353 54.952709198 -0.001422719 0.996117353 -0.088024303 -3.466217518 -0.985901237 0.013331228 0.166796297 58.228786469
0.172212988 0.089963451 0.980943024 55.723239899 -0.002095908 0.995852172 -0.090962812 -3.530306578 -0.985057533 0.013609014 0.171687216 58.377914429
0.177136078 0.089235388 0.980132580 56.505706787 -0.005812913 0.995958507 -0.089625709 -3.612535954 -0.984169185 0.010178518 0.176938906 58.532817841
0.182385951 0.086234421 0.979438066 57.275638580 -0.001916718 0.996175706 -0.087351158 -3.679499149 -0.983225107 0.014054316 0.181853741 58.676647186
0.186797813 0.079845324 0.979148269 58.033584595 -0.001169498 0.996709049 -0.081054211 -3.735456944 -0.982397616 0.013995634 0.186276436 58.826267242
0.190305114 0.073824152 0.978945315 58.784950256 -0.002642073 0.997203469 -0.074687421 -3.792113781 -0.981721401 0.011626951 0.189967975 58.975437164
0.193394810 0.070204295 0.978606045 59.523204803 -0.006674992 0.997507811 -0.070241146 -3.856833458 -0.981098235 0.007052086 0.193381459 59.132686615
0.196720853 0.070274301 0.977937818 60.257167816 -0.007634176 0.997507572 -0.070144892 -3.908203125 -0.980429828 0.006333212 0.196767002 59.281818390
0.198869959 0.072302125 0.977355242 60.970142365 -0.009571213 0.997370541 -0.071835279 -3.959578514 -0.979979217 0.004931401 0.199039057 59.432388306
0.200594053 0.076645531 0.976671576 61.669727325 -0.013887775 0.997057199 -0.075392954 -4.014825821 -0.979576051 0.001559585 0.201068178 59.582702637
0.202348202 0.080747075 0.975978971 62.365310669 -0.014616351 0.996732950 -0.079433747 -4.065165997 -0.979204595 0.001808026 0.202867374 59.742137909
0.204105988 0.085954376 0.975167930 63.045501709 -0.015240611 0.996296108 -0.084626749 -4.122240067 -0.978830218 0.002410672 0.204659998 59.898799896
0.205542296 0.088193439 0.974666178 63.721138000 -0.014728229 0.996096969 -0.087026663 -4.174576283 -0.978537440 0.003532553 0.206039011 60.045921326
0.207465827 0.087789074 0.974295139 64.407234192 -0.016807379 0.996137977 -0.086178273 -4.235983849 -0.978097856 0.001503699 0.208140120 60.191627502
0.207885057 0.084713347 0.974478006 65.070953369 -0.016717605 0.996404827 -0.083053134 -4.293734074 -0.978010416 0.000974568 0.208553880 60.338455200
0.208690062 0.082295842 0.974513173 65.729713440 -0.016654706 0.996607721 -0.080595136 -4.349329472 -0.977840006 0.000589176 0.209352747 60.481506348
0.208565593 0.080968305 0.974651039 66.376815796 -0.015083336 0.996714950 -0.079573572 -4.397583961 -0.977892101 0.001895319 0.209101737 60.621135712
0.206630543 0.080413006 0.975109041 67.008071899 -0.015637126 0.996761143 -0.078884982 -4.448804379 -0.978294075 0.001052141 0.207218722 60.765422821
0.205492526 0.080811866 0.975316465 67.625869751 -0.017175907 0.996729374 -0.078967221 -4.510971069 -0.978507936 -0.000524774 0.206208423 60.893585205
0.203152657 0.083789550 0.975555360 68.234008789 -0.018039588 0.996483028 -0.081830382 -4.561321735 -0.978980899 -0.000974555 0.203949705 61.025501251
0.201043293 0.087197579 0.975693643 68.827957153 -0.015611496 0.996189058 -0.085812464 -4.614236832 -0.979457974 0.002019983 0.201638386 61.147361755
0.199261621 0.087878868 0.975997984 69.434768677 -0.013682489 0.996123254 -0.086897522 -4.663933277 -0.979850829 0.003961259 0.199691549 61.278583527
0.197301626 0.087218374 0.976455331 70.019363403 -0.013487997 0.996181786 -0.086254999 -4.698504925 -0.980250061 0.003847824 0.197724685 61.388469696
0.194855839 0.084401496 0.977193713 70.606407166 -0.013866666 0.996428192 -0.083297737 -4.747015476 -0.980733871 0.002680629 0.195330217 61.507625580
0.192837700 0.080104411 0.977955461 71.182090759 -0.013085868 0.996783495 -0.079066291 -4.799129963 -0.981143415 0.002449564 0.193265662 61.623195648
0.191062078 0.079079814 0.978387237 71.743637085 -0.010093550 0.996855021 -0.078601405 -4.853634834 -0.981526136 0.005142348 0.191259384 61.728374481
0.189229503 0.080931827 0.978592098 72.289451599 -0.006026815 0.996674538 -0.081261903 -4.890571117 -0.981914401 0.009479357 0.189088017 61.828655243
0.186806425 0.082722291 0.978907824 72.841003418 -0.001658686 0.996473551 -0.083890162 -4.934453964 -0.982395411 0.014047520 0.186284885 61.933082581
0.184862018 0.084776960 0.979101062 73.386421204 -0.002427940 0.996308744 -0.085808486 -4.975380421 -0.982761502 0.013485531 0.184385434 62.037502289
0.183523998 0.087286621 0.979132295 73.927871704 -0.002971733 0.996094704 -0.088241756 -5.020565510 -0.983010709 0.013284761 0.183066681 62.139743805
0.182533994 0.085490622 0.979475737 74.477470398 -0.000952542 0.996227324 -0.086775236 -5.072133064 -0.983199120 0.014906438 0.181926802 62.238212585
0.183643222 0.084457017 0.979358017 75.026878357 0.004665814 0.996216059 -0.086785689 -5.109738350 -0.982981920 0.020507107 0.182554260 62.326232910
0.185846373 0.082349710 0.979121804 75.570663452 0.010015055 0.996271253 -0.085693017 -5.152553082 -0.982527733 0.025731696 0.184328645 62.419628143
0.187917888 0.081502840 0.978797317 76.122367859 0.012749343 0.996264696 -0.085405059 -5.199494839 -0.982101917 0.028528159 0.186176851 62.523326874
0.191211984 0.081031099 0.978198290 76.678726196 0.010358184 0.996364594 -0.084560685 -5.245839596 -0.981494129 0.026301377 0.189677507 62.638790131
0.196562111 0.081675939 0.977083623 77.232017517 0.009094879 0.996329606 -0.085114382 -5.292043686 -0.980449200 0.025616718 0.195097819 62.758460999
0.202769682 0.080989890 0.975871444 77.797531128 0.010173320 0.996345818 -0.084802955 -5.330933094 -0.979173660 0.027123319 0.201204821 62.889705658
0.210985005 0.081386700 0.974095225 78.369537354 0.008189493 0.996345699 -0.085019551 -5.372833729 -0.977455080 0.025915198 0.209547460 63.008895874
0.219072387 0.079270691 0.972483099 78.934516907 0.008489415 0.996501625 -0.083140939 -5.417702198 -0.975671768 0.026469698 0.217633039 63.157329559
0.227571636 0.079152338 0.970539033 79.502639771 0.004953200 0.996583879 -0.082437865 -5.459494591 -0.973748744 0.023567794 0.226402178 63.292644501
0.237112656 0.079131767 0.968253970 80.082710266 0.003756645 0.996594846 -0.082367919 -5.502248287 -0.971474826 0.023167865 0.236008003 63.443519592
0.246283978 0.082732767 0.965660155 80.666549683 -0.001523566 0.996381819 -0.084976278 -5.550086021 -0.969196498 0.019457046 0.245518908 63.615940094
0.255927056 0.084867150 0.962963641 81.272933960 -0.005071175 0.996243119 -0.086452335 -5.597073555 -0.966682851 0.017242137 0.255395949 63.791095734
0.267292291 0.087645672 0.959621310 81.867271423 -0.008975809 0.996038258 -0.088471644 -5.640969753 -0.963573694 0.015034410 0.267020017 63.960601807
0.276996344 0.089594744 0.956684768 82.470718384 -0.010872273 0.995871842 -0.090116739 -5.692904949 -0.960809469 0.014560667 0.276826948 64.157470703
0.286594898 0.090387061 0.953778565 83.091529846 -0.013897771 0.995827019 -0.090195842 -5.743015766 -0.957951128 0.012594269 0.286655128 64.361167908
0.296748191 0.090623930 0.950645983 83.720680237 -0.014770647 0.995803356 -0.090318024 -5.797262192 -0.954841614 0.012760050 0.296841443 64.565307617
0.306962311 0.091753677 0.947288454 84.363639832 -0.019032212 0.995734692 -0.090278879 -5.844318867 -0.951531410 0.009683220 0.307399303 64.789245605
0.317745060 0.087320231 0.944146812 85.008880615 -0.019031733 0.996137083 -0.085723616 -5.889668941 -0.947985113 0.009269504 0.318179488 65.007942200
0.328563809 0.079902321 0.941095889 85.668869019 -0.015065403 0.996731699 -0.079366222 -5.942982674 -0.944361627 0.011898878 0.328693718 65.240226746
0.339396149 0.075885601 0.937577486 86.332855225 -0.013983095 0.997037351 -0.075636379 -5.993981361 -0.940539539 0.012560461 0.339451730 65.486618042
0.349977374 0.072526947 0.933946311 87.018493652 -0.014560808 0.997298896 -0.071990319 -6.041689873 -0.936644971 0.011595976 0.350088149 65.749023438
0.359519511 0.070006698 0.930507839 87.710083008 -0.007837194 0.997373044 -0.072009273 -6.083180904 -0.933104634 0.018596167 0.359123796 66.016624451
0.367997319 0.064704724 0.927572787 88.409942627 -0.001478649 0.997615278 -0.069004051 -6.124670029 -0.929825664 0.024021754 0.367215425 66.291099548
0.375245214 0.055397380 0.925268710 89.131210327 0.008105149 0.997978210 -0.063037671 -6.166620731 -0.926890135 0.031154029 0.374037504 66.570632935
0.381998837 0.050868526 0.922761738 89.835571289 0.013289890 0.998078346 -0.060522120 -6.212165833 -0.924067259 0.035382781 0.380588710 66.865348816
0.389150977 0.050803866 0.919771969 90.542617798 0.015089968 0.997992456 -0.061508887 -6.262452602 -0.921050429 0.037815575 0.387603134 67.169540405
0.396847576 0.056985456 0.916113913 91.255500793 0.017554691 0.997417271 -0.069647253 -6.304043770 -0.917716682 0.043721441 0.394822270 67.475090027
0.403905153 0.061278656 0.912746191 91.976875305 0.021520074 0.996841371 -0.076447502 -6.348593712 -0.914547741 0.050519910 0.401310623 67.793220520
0.409330100 0.063316241 0.910186768 92.682914734 0.019658539 0.996745586 -0.078178480 -6.401504517 -0.912174582 0.049893744 0.406753212 68.113945007
0.413531572 0.064992025 0.908167243 93.371284485 0.012368439 0.996956110 -0.076978043 -6.458467960 -0.910405815 0.043065466 0.411468953 68.444786072
0.417406261 0.068919145 0.906102717 94.066352844 0.005434368 0.996912777 -0.078329645 -6.514932632 -0.908703744 0.037619371 0.415742993 68.784294128
0.421704650 0.072019078 0.903868616 94.743301392 0.004694749 0.996653914 -0.081602469 -6.572881222 -0.906721115 0.038655575 0.419955462 69.098060608
0.425641119 0.076439522 0.901657760 95.418907166 0.001495834 0.996364951 -0.085174628 -6.629394531 -0.904890835 0.037602551 0.423979551 69.424888611
0.429279655 0.079251125 0.899687886 96.078056335 -0.001314549 0.996196508 -0.087125100 -6.687881470 -0.903170645 0.036218353 0.427751094 69.747795105
0.432982773 0.077675715 0.898049235 96.731918335 -0.002692667 0.996387243 -0.084883124 -6.750854492 -0.901398242 0.034334779 0.431627661 70.071655273
0.437281817 0.074473843 0.896235526 97.388404846 -0.001831846 0.996637046 -0.081923068 -6.815354824 -0.899322689 0.034181703 0.435947657 70.390579224
0.440458864 0.071901366 0.894888937 98.034843445 -0.002073155 0.996866524 -0.079074547 -6.867556095 -0.897770405 0.032973845 0.439227760 70.719879150
0.444161475 0.071109623 0.893120408 98.669540405 -0.003067573 0.996960223 -0.077851728 -6.923752785 -0.895941496 0.031839035 0.443029433 71.041587830
0.447474718 0.072960891 0.891315460 99.281486511 -0.005479721 0.996871352 -0.078850426 -6.976950645 -0.894279778 0.030399410 0.446474552 71.357536316
0.450036436 0.073653691 0.889967620 99.888877869 -0.004906009 0.996781766 -0.080012783 -7.031617641 -0.892996669 0.031642478 0.448949456 71.670860291
0.452128917 0.071562998 0.889077127 100.483047485 -0.002374365 0.996869326 -0.079031877 -7.082921028 -0.891949475 0.033621598 0.450883269 71.976669312
0.454161704 0.070171237 0.888151526 101.084106445 -0.000817265 0.996925771 -0.078347385 -7.144838810 -0.890918911 0.034856528 0.452822804 72.280456543
0.456089020 0.070058294 0.887172222 101.675445557 -0.001799720 0.996967018 -0.077803351 -7.192482948 -0.889932334 0.033888597 0.454831809 72.587188721
0.458001226 0.069247864 0.886250257 102.250846863 -0.000285718 0.996972680 -0.077751584 -7.244179249 -0.888951480 0.035357110 0.456634521 72.888427734
0.460675240 0.071273744 0.884702384 102.810600281 -0.001052682 0.996813655 -0.079757549 -7.289468288 -0.887568116 0.035811022 0.459282458 73.178398132
0.463560045 0.070866942 0.883226991 103.368827820 0.002303634 0.996696711 -0.081180394 -7.340879917 -0.886062503 0.039666623 0.461865515 73.471885681
0.466417819 0.070609413 0.881741822 103.919548035 0.003659765 0.996646345 -0.081746839 -7.390027046 -0.884556890 0.041355152 0.464595258 73.767745972
0.468925893 0.068993144 0.880538762 104.458908081 0.006519367 0.996646881 -0.081562467 -7.443566799 -0.883213460 0.043987304 0.466903776 74.079086304
0.473176897 0.067816563 0.878353298 104.968223572 0.007895774 0.996666074 -0.081204869 -7.484848976 -0.880932033 0.045359548 0.471063942 74.315879822
0.476332039 0.067486957 0.876671731 105.486228943 0.009284985 0.996608377 -0.081764705 -7.527754784 -0.879216433 0.047087032 0.474089950 74.600212097
0.480029225 0.066627815 0.874718606 106.004058838 0.009644547 0.996650398 -0.081208177 -7.578483582 -0.877199471 0.047418553 0.477778792 74.884788513
0.483256042 0.065932535 0.872992873 106.512145996 0.011514269 0.996595323 -0.081641443 -7.622772217 -0.875403285 0.049505595 0.480851531 75.171920776
0.487129897 0.067175768 0.870742202 107.015190125 0.010876329 0.996493340 -0.082961865 -7.670188427 -0.873261750 0.049883675 0.484691083 75.451812744
0.490665615 0.067443833 0.868733943 107.510948181 0.012767901 0.996336341 -0.084561594 -7.720183372 -0.871254385 0.052583370 0.488006920 75.755981445
0.496040374 0.070774101 0.865410268 107.987785339 0.010514569 0.996109962 -0.087489635 -7.765074253 -0.868235767 0.052497808 0.493366569 76.018836975
0.501693785 0.076568775 0.861649871 108.472229004 0.007188231 0.995671511 -0.092663661 -7.810899258 -0.865015447 0.052682523 0.498971760 76.306556702
0.507272780 0.083632387 0.857717872 108.954742432 0.001919698 0.995167911 -0.098169871 -7.862192154 -0.861783385 0.051445469 0.504661024 76.612052917
0.512888730 0.089854024 0.853739679 109.432701111 -0.003350697 0.994709074 -0.102677748 -7.915902138 -0.858448565 0.049801636 0.510476053 76.920883179
0.519584894 0.094253242 0.849204242 109.901473999 -0.007045218 0.994335771 -0.106050789 -7.970950603 -0.854389787 0.049119562 0.517305851 77.210731506
0.525228143 0.094599687 0.845686972 110.390441895 -0.011356876 0.994492412 -0.104191899 -8.022651672 -0.850885630 0.045120154 0.523409724 77.525245667
0.530623317 0.093693785 0.842413425 110.884796143 -0.017931664 0.994890213 -0.099357478 -8.078918457 -0.847418070 0.037615515 0.529591978 77.857620239
0.536259711 0.091316119 0.839098871 111.380828857 -0.024036534 0.995379508 -0.092962086 -8.131289482 -0.843710721 0.029682796 0.535976887 78.198249817
0.542004824 0.089878589 0.835555255 111.886917114 -0.031104995 0.995728612 -0.086930960 -8.187477112 -0.839799404 0.021127064 0.542485476 78.539710999
0.548072636 0.087567903 0.831834316 112.396095276 -0.033474755 0.996004283 -0.082794629 -8.238697052 -0.835760593 0.017532032 0.548814118 78.890853882
0.554427385 0.091410659 0.827196717 112.907829285 -0.038125120 0.995695710 -0.084477596 -8.277926445 -0.831358314 0.015299725 0.555526078 79.252014160
0.560277939 0.095504709 0.822780311 113.429466248 -0.042565569 0.995337844 -0.086549126 -8.329057693 -0.827210248 0.013469443 0.561731040 79.630973816
0.566661596 0.098921105 0.817990959 113.955093384 -0.045144826 0.995003283 -0.089053534 -8.372040749 -0.822712958 0.013535160 0.568295836 80.004890442
0.572727621 0.101191089 0.813476145 114.482200623 -0.047495607 0.994780958 -0.090304956 -8.420621872 -0.818368673 0.013083591 0.574544609 80.393882751
