1.000000000 0.000000000 0.000000000 0.000000000 0.000000000 1.000000000 0.000000000 0.000000000 0.000000000 0.000000000 1.000000000 0.000000000
1.000000000 -0.000047447 0.000111129 -0.014525899 0.000047286 0.999998987 0.001441214 -0.012573343 -0.000111198 -0.001441209 0.999998927 1.315661788
0.999998510 -0.001621998 -0.000622662 -0.011977119 0.001623095 0.999997139 0.001766689 -0.039305970 0.000619795 -0.001767697 0.999998271 2.616762877
0.999995947 -0.002813845 -0.000614396 -0.017799824 0.002814278 0.999995768 0.000703269 -0.054579444 0.000612414 -0.000704995 0.999999583 3.926693439
0.999995172 -0.003041012 -0.000529880 -0.027904253 0.003041413 0.999995053 0.000757260 -0.071316622 0.000527575 -0.000758868 0.999999583 5.249196529
0.999993503 -0.003562523 -0.000574053 -0.025279835 0.003563466 0.999992311 0.001648681 -0.096551955 0.000568176 -0.001650716 0.999998391 6.575389385
0.999987125 -0.005070364 -0.000290715 -0.032930601 0.005071125 0.999983549 0.002682960 -0.110714763 0.000277106 -0.002684399 0.999996364 7.897163391
0.999989212 -0.004629483 -0.000354813 -0.039452147 0.004630669 0.999983430 0.003415888 -0.134905979 0.000338994 -0.003417494 0.999994099 9.235614777
0.999993801 -0.003479972 -0.000515893 -0.050276909 0.003480730 0.999992788 0.001477447 -0.150954381 0.000510748 -0.001479234 0.999998748 10.581336021
0.999998629 -0.001336952 -0.001005513 -0.048279345 0.001336537 0.999998987 -0.000414342 -0.173188940 0.001006066 0.000412997 0.999999464 11.941084862
0.999997258 0.002314235 -0.000429632 -0.073718041 -0.002314777 0.999996543 -0.001267668 -0.203010783 0.000426697 0.001268659 0.999999106 13.247904778
0.999988616 0.004739845 -0.000577272 -0.085295588 -0.004740657 0.999987841 -0.001413931 -0.225287721 0.000570563 0.001416651 0.999998808 14.588085175
0.999984086 0.005666254 -0.000081302 -0.100237049 -0.005666283 0.999983907 -0.000361448 -0.248813331 0.000079253 0.000361903 0.999999881 15.936470985
0.999994814 0.003202636 0.000112177 -0.103002250 -0.003202903 0.999991834 0.002468633 -0.268077701 -0.000104270 -0.002468980 0.999996901 17.290798187
0.999999464 -0.001047632 0.000079882 -0.096440978 0.001047268 0.999989629 0.004420491 -0.292585194 -0.000084512 -0.004420405 0.999990165 18.662065506
0.999994934 -0.003182598 -0.000053101 -0.098947935 0.003182683 0.999993443 0.001675721 -0.301687241 0.000047768 -0.001675882 0.999998569 19.993598938
0.999992251 -0.003938620 -0.000051688 -0.111437336 0.003938617 0.999992251 -0.000054750 -0.320907027 0.000051904 0.000054546 0.999999940 21.337905884
0.999997795 -0.001617454 0.001311986 -0.133204654 0.001619549 0.999997377 -0.001597742 -0.343252718 -0.001309398 0.001599864 0.999997795 22.676965714
0.999997795 0.001376121 0.001568655 -0.125728846 -0.001376337 0.999999046 0.000136138 -0.365418077 -0.001568467 -0.000138297 0.999998689 24.047479630
0.999995887 0.001896933 0.002142597 -0.129780024 -0.001904894 0.999991298 0.003719696 -0.384466052 -0.002135522 -0.003723762 0.999990761 25.425251007
0.999995470 -0.000694983 0.002898993 -0.134378850 0.000677708 0.999982059 0.005955840 -0.402274251 -0.002903081 -0.005953848 0.999978065 26.799125671
0.999981582 -0.005784312 0.001808332 -0.116086110 0.005776857 0.999974906 0.004100911 -0.424287498 -0.001832007 -0.004090389 0.999989927 28.191848755
0.999982119 -0.005590256 0.002111348 -0.122764483 0.005586379 0.999982715 0.001838145 -0.437370241 -0.002121587 -0.001826318 0.999996066 29.563766479
0.999976397 -0.006340441 0.002653005 -0.125052705 0.006342437 0.999979615 -0.000744549 -0.460001618 -0.002648229 0.000761358 0.999996185 30.940538406
0.999990523 -0.002841073 0.003312902 -0.137726963 0.002845132 0.999995172 -0.001220971 -0.484867811 -0.003309417 0.001230385 0.999993801 32.318885803
0.999991179 -0.002446966 0.003393922 -0.129465848 0.002458977 0.999990702 -0.003539146 -0.509259105 -0.003385230 0.003547461 0.999987900 33.701347351
0.999992728 -0.001634707 0.003434238 -0.127276957 0.001644616 0.999994516 -0.002884777 -0.532593071 -0.003429504 0.002890404 0.999989867 35.094604492
0.999993861 -0.001109426 0.003323866 -0.133437276 0.001115704 0.999997616 -0.001887408 -0.556659758 -0.003321764 0.001891105 0.999992669 36.487705231
0.999995470 0.000456414 0.002984900 -0.140094921 -0.000455621 0.999999821 -0.000266373 -0.579233110 -0.002985022 0.000265012 0.999995470 37.886734009
0.999990582 0.003018397 0.003092575 -0.145336077 -0.003018853 0.999995410 0.000142982 -0.607957482 -0.003092129 -0.000152316 0.999995232 39.288589478
0.999977529 0.005650408 0.003590394 -0.158248737 -0.005649580 0.999984026 -0.000240809 -0.629294276 -0.003591698 0.000220520 0.999993563 40.679958344
0.999965191 0.007597138 0.003432681 -0.158290431 -0.007597454 0.999971151 0.000078838 -0.650548816 -0.003431983 -0.000104915 0.999994099 42.098911285
0.999959826 0.008438672 0.003035189 -0.162887737 -0.008438718 0.999964476 0.000002688 -0.671463728 -0.003035058 -0.000028301 0.999995410 43.500373840
0.999968052 0.007553137 0.002609132 -0.162902921 -0.007553439 0.999971569 0.000106513 -0.699186742 -0.002608253 -0.000126217 0.999996603 44.916820526
0.999975383 0.006772989 0.001821280 -0.163165838 -0.006772420 0.999977052 -0.000317772 -0.719354153 -0.001823390 0.000305430 0.999998271 46.318908691
0.999981761 0.005964680 0.000877445 -0.167198047 -0.005964592 0.999982178 -0.000103359 -0.744384706 -0.000878046 0.000098124 0.999999583 47.731311798
0.999980628 0.006219012 -0.000274825 -0.170935079 -0.006218724 0.999980092 0.001036943 -0.765444338 0.000281268 -0.001035214 0.999999404 49.157115936
0.999976754 0.006690071 -0.001314427 -0.179784179 -0.006689067 0.999977291 0.000767169 -0.789081872 0.001319530 -0.000758359 0.999998868 50.574802399
0.999972403 0.007068530 -0.002325743 -0.195261598 -0.007065563 0.999974251 0.001280917 -0.808996975 0.002334738 -0.001264449 0.999996483 51.993396759
0.999970078 0.006905991 -0.003482937 -0.207876459 -0.006898700 0.999974012 0.002101227 -0.831376612 0.003497356 -0.002077137 0.999991715 53.410240173
0.999976456 0.005565516 -0.004021278 -0.221742317 -0.005553449 0.999980092 0.003005768 -0.850363255 0.004037926 -0.002983365 0.999987423 54.848571777
0.999982476 0.003499198 -0.004759172 -0.229631722 -0.003484153 0.999988973 0.003166219 -0.872161269 0.004770198 -0.003149582 0.999983609 56.278518677
0.999986529 0.001027665 -0.005084255 -0.246346727 -0.001014111 0.999995947 0.002667629 -0.896512210 0.005086976 -0.002662438 0.999983490 57.688713074
0.999985754 -0.000123442 -0.005345734 -0.257874429 0.000140725 0.999994814 0.003232859 -0.918630242 0.005345308 -0.003233565 0.999980450 59.112693787
0.999987781 -0.001419665 -0.004720983 -0.271324635 0.001436811 0.999992371 0.003630517 -0.937438130 0.004715792 -0.003637257 0.999982238 60.526649475
0.999987185 -0.002907206 -0.004126477 -0.280923367 0.002925901 0.999985456 0.004531782 -0.957121968 0.004113241 -0.004543797 0.999981225 61.958942413
0.999985278 -0.003972522 -0.003689818 -0.295412004 0.003987749 0.999983490 0.004128737 -0.983885407 0.003673356 -0.004143390 0.999984622 63.357799530
0.999982238 -0.005140604 -0.003006979 -0.309867322 0.005150380 0.999981463 0.003252551 -1.000977159 0.002990203 -0.003267980 0.999990225 64.764648438
0.999981999 -0.005350921 -0.002683831 -0.312631160 0.005359478 0.999980569 0.003191348 -1.029186010 0.002666702 -0.003205675 0.999991298 66.169425964
0.999988437 -0.004493913 -0.001694089 -0.323087752 0.004499036 0.999985397 0.003032641 -1.045501828 0.001680435 -0.003040228 0.999993980 67.601501465
0.999998331 -0.001247962 -0.001332440 -0.341062129 0.001253581 0.999990284 0.004224841 -1.065507174 0.001327154 -0.004226505 0.999990165 68.988372803
0.999997497 0.002224971 -0.000384291 -0.359861851 -0.002222831 0.999982536 0.005481966 -1.085024476 0.000396481 -0.005481098 0.999984860 70.379409790
0.999981701 0.006032809 0.000497192 -0.372264802 -0.006035745 0.999963105 0.006131703 -1.107142210 -0.000460182 -0.006134592 0.999981105 71.781646729
0.999948919 0.010054272 0.001019378 -0.388131201 -0.010059942 0.999933064 0.005718327 -1.123923421 -0.000961816 -0.005728289 0.999983132 73.173362732
0.999904394 0.013693043 0.001891293 -0.404591143 -0.013702683 0.999892712 0.005182372 -1.146783829 -0.001820128 -0.005207792 0.999984801 74.585418701
0.999878168 0.015388552 0.002620094 -0.414178103 -0.015401953 0.999867916 0.005174063 -1.167459488 -0.002540126 -0.005213786 0.999983191 75.967552185
0.999879539 0.015270513 0.002767169 -0.418809474 -0.015285561 0.999867976 0.005500952 -1.181985497 -0.002682801 -0.005542587 0.999981046 77.371124268
0.999885023 0.014819149 0.003214221 -0.429803729 -0.014835277 0.999877036 0.005053002 -1.202667832 -0.003138945 -0.005100106 0.999982059 78.742004395
0.999907374 0.013292953 0.002924314 -0.430945158 -0.013305071 0.999902725 0.004164200 -1.221663952 -0.002868676 -0.004202722 0.999987066 80.127021790
0.999917626 0.012574485 0.002517744 -0.434783578 -0.012584835 0.999912262 0.004138439 -1.239965677 -0.002465484 -0.004169784 0.999988198 81.502670288
0.999919295 0.012496054 0.002302428 -0.439195096 -0.012505894 0.999912441 0.004309156 -1.258433580 -0.002248380 -0.004337602 0.999988079 82.875946045
0.999928951 0.011829998 0.001534923 -0.436463594 -0.011835751 0.999922752 0.003793443 -1.275802851 -0.001489928 -0.003811340 0.999991655 84.243484497
0.999928117 0.011955649 0.000904609 -0.448610663 -0.011959353 0.999919653 0.004206858 -1.292309403 -0.000854241 -0.004217374 0.999990761 85.618202209
0.999932766 0.011594063 -0.000157751 -0.450606108 -0.011593116 0.999919951 0.005057065 -1.316447973 0.000216370 -0.005054896 0.999987185 86.975952148
0.999955893 0.009339895 -0.001020400 -0.470878512 -0.009333805 0.999939442 0.005820116 -1.327707052 0.001074697 -0.005810336 0.999982476 88.398727417
0.999968946 0.007505206 -0.002380578 -0.469775349 -0.007489434 0.999950409 0.006566566 -1.359676003 0.002429743 -0.006548534 0.999975562 89.720497131
0.999982774 0.004806269 -0.003370973 -0.476062775 -0.004782986 0.999965012 0.006881101 -1.380123854 0.003403926 -0.006864861 0.999970555 91.085563660
0.999984801 0.004121331 -0.003671101 -0.490324259 -0.004098283 0.999972045 0.006264063 -1.397979259 0.003696815 -0.006248923 0.999973595 92.440757751
0.999988079 0.002572263 -0.004153361 -0.494363546 -0.002547479 0.999978960 0.005961444 -1.417597055 0.004168609 -0.005950792 0.999973595 93.794410706
0.999987841 0.002950378 -0.003961753 -0.514942408 -0.002929595 0.999981999 0.005241642 -1.431938648 0.003977146 -0.005229971 0.999978423 95.165611267
0.999989271 0.002418913 -0.003946064 -0.525928319 -0.002399555 0.999985099 0.004903194 -1.455033064 0.003957866 -0.004893673 0.999980152 96.534400940
0.999988616 0.002892234 -0.003808558 -0.542682052 -0.002874527 0.999985039 0.004646562 -1.477039933 0.003821940 -0.004635560 0.999981940 97.877716064
0.999982834 0.004890373 -0.003218935 -0.560654759 -0.004876235 0.999978423 0.004385484 -1.491685152 0.003240313 -0.004369712 0.999985218 99.205955505
0.999984264 0.004908423 -0.002710302 -0.578236818 -0.004891905 0.999969602 0.006067979 -1.511532545 0.002740004 -0.006054625 0.999977946 100.541473389
0.999975801 0.006337747 -0.002878131 -0.591410875 -0.006316790 0.999953866 0.007232862 -1.529373288 0.002923839 -0.007214506 0.999969661 101.887176514
0.999980986 0.005639640 -0.002487497 -0.606007695 -0.005624655 0.999966323 0.005990268 -1.543993235 0.002521196 -0.005976163 0.999978960 103.221923828
0.999977410 0.006272709 -0.002391306 -0.619381249 -0.006264697 0.999974787 0.003343159 -1.563806891 0.002412216 -0.003328102 0.999991477 104.519912720
0.999982893 0.005213093 -0.002647829 -0.624232352 -0.005207690 0.999984324 0.002043092 -1.577936411 0.002658439 -0.002029268 0.999994397 105.875450134
0.999991834 0.002943838 -0.002773909 -0.635449171 -0.002933892 0.999989271 0.003582642 -1.604760647 0.002784425 -0.003574474 0.999989688 107.193618774
0.999997497 0.000411524 -0.002233299 -0.643505991 -0.000399209 0.999984682 0.005511886 -1.620730639 0.002235533 -0.005510979 0.999982297 108.539100647
0.999998987 -0.000416879 -0.001340579 -0.652106047 0.000424464 0.999983788 0.005663086 -1.633547425 0.001338197 -0.005663648 0.999983072 109.868484497
0.999998569 -0.001542990 -0.000669433 -0.656064093 0.001545987 0.999988616 0.004500537 -1.651801825 0.000662481 -0.004501565 0.999989688 111.187622070
0.999999881 0.000452919 0.000089722 -0.669268191 -0.000453123 0.999997199 0.002289594 -1.676212311 -0.000088685 -0.002289634 0.999997318 112.510551453
0.999996245 0.002385781 0.001326412 -0.675204039 -0.002385983 0.999997020 0.000150760 -1.694876075 -0.001326048 -0.000153924 0.999999106 113.854057312
0.999980807 0.005548675 0.002746030 -0.690194964 -0.005549556 0.999984503 0.000313605 -1.718006968 -0.002744248 -0.000328838 0.999996126 115.153259277
0.999967873 0.006873330 0.004116429 -0.694025457 -0.006881717 0.999974251 0.002027018 -1.735338569 -0.004102391 -0.002055281 0.999989450 116.503700256
0.999962986 0.006608653 0.005512099 -0.703572452 -0.006633812 0.999967635 0.004558638 -1.762369633 -0.005481794 -0.004595036 0.999974430 117.813545227
0.999959886 0.006310413 0.006353164 -0.703554213 -0.006339840 0.999969244 0.004622420 -1.772450924 -0.006323800 -0.004662514 0.999969125 119.149322510
0.999951899 0.006524168 0.007314484 -0.703580737 -0.006556171 0.999968946 0.004359959 -1.790898323 -0.007285812 -0.004407706 0.999963701 120.479377747
0.999929667 0.008223986 0.008536992 -0.698177576 -0.008256759 0.999958575 0.003810711 -1.805698395 -0.008505300 -0.003880931 0.999956250 121.822959900
0.999893963 0.010692078 0.009880127 -0.706032515 -0.010725959 0.999936759 0.003382727 -1.825171232 -0.009843337 -0.003488342 0.999945462 123.147155762
0.999881983 0.010888107 0.010834249 -0.699967265 -0.010915091 0.999937475 0.002434672 -1.841756105 -0.010807063 -0.002552642 0.999938369 124.492942810
0.999848485 0.012751017 0.011841308 -0.695876241 -0.012769743 0.999917269 0.001507205 -1.864320517 -0.011821109 -0.001658187 0.999928772 125.824935913
0.999846816 0.011640836 0.013071023 -0.691727400 -0.011660963 0.999930978 0.001464799 -1.882606387 -0.013053068 -0.001616995 0.999913514 127.169525146
0.999846995 0.010955900 0.013634414 -0.674138784 -0.010994788 0.999935687 0.002780542 -1.908962250 -0.013603073 -0.002930024 0.999903142 128.514968872
0.999848187 0.009606509 0.014536782 -0.665193677 -0.009656996 0.999947548 0.003406742 -1.925905704 -0.014503293 -0.003546606 0.999888480 129.832473755
0.999846280 0.009049865 0.015017185 -0.657985926 -0.009109916 0.999950767 0.003935239 -1.946459770 -0.014980832 -0.004071439 0.999879479 131.206344604
0.999866366 0.006493125 0.015001979 -0.641198397 -0.006552581 0.999970913 0.003917550 -1.957150936 -0.014976104 -0.004015328 0.999879777 132.559204102
0.999876738 0.005636353 0.014649959 -0.625804663 -0.005702983 0.999973595 0.004510393 -1.981400013 -0.014624150 -0.004593386 0.999882460 133.914855957
0.999895155 0.003724399 0.013985354 -0.613832831 -0.003784977 0.999983609 0.004307544 -1.998281002 -0.013969081 -0.004360027 0.999892890 135.259155273
0.999915242 0.002643255 0.012743346 -0.605069637 -0.002696631 0.999987721 0.004173230 -2.012351513 -0.012732157 -0.004207240 0.999910057 136.596832275
0.999930561 0.000934860 0.011745009 -0.585330248 -0.000992500 0.999987423 0.004902798 -2.030760288 -0.011740280 -0.004914115 0.999918997 137.962203979
0.999939799 -0.000548186 0.010956546 -0.580207229 0.000488717 0.999985158 0.005429703 -2.050364971 -0.010959361 -0.005424021 0.999925256 139.298797607
0.999956906 -0.000415521 0.009273996 -0.566341758 0.000368562 0.999987125 0.005064629 -2.067155838 -0.009275980 -0.005060991 0.999944150 140.649108887
0.999965429 -0.001138819 0.008242630 -0.563880086 0.001100998 0.999988914 0.004591607 -2.085142612 -0.008247768 -0.004582372 0.999955475 141.985885620
0.999972939 -0.000740559 0.007318802 -0.563151002 0.000709075 0.999990463 0.004303493 -2.104206562 -0.007321920 -0.004298186 0.999963880 143.321929932
0.999974430 -0.003484187 0.006240481 -0.562474608 0.003473177 0.999992371 0.001774244 -2.120372057 -0.006246615 -0.001752525 0.999978900 144.654602051
0.999947131 -0.008870842 0.005196817 -0.544288635 0.008863686 0.999959767 0.001398501 -2.139764547 -0.005209014 -0.001352364 0.999985516 146.029708862
0.999865413 -0.015707757 0.004744584 -0.547250628 0.015691433 0.999871016 0.003458587 -2.153589249 -0.004798299 -0.003383673 0.999982774 147.373275757
0.999733329 -0.022927478 0.002791572 -0.531950414 0.022912992 0.999724388 0.005115618 -2.175850868 -0.002908090 -0.005050291 0.999982953 148.733596802
0.999639988 -0.026769606 0.001821381 -0.519702613 0.026766358 0.999640226 0.001784700 -2.191878796 -0.001868501 -0.001735306 0.999996722 150.089538574
0.999668837 -0.025633395 0.002263733 -0.526286721 0.025636267 0.999670684 -0.001250796 -2.220002651 -0.002230925 0.001308415 0.999996662 151.433258057
0.999756992 -0.021847678 0.002919973 -0.533617675 0.021857621 0.999755263 -0.003418092 -2.243264198 -0.002844581 0.003481086 0.999989927 152.761230469
0.999741495 -0.022385659 0.003956756 -0.534692228 0.022398299 0.999744058 -0.003179204 -2.275733232 -0.003884575 0.003267008 0.999987125 154.137100220
0.999657393 -0.025726249 0.004813631 -0.540173709 0.025725083 0.999669075 0.000303703 -2.301887274 -0.004819851 -0.000179768 0.999988377 155.477569580
0.999502957 -0.031110587 0.005086388 -0.522045732 0.031094754 0.999511421 0.003160948 -2.325333595 -0.005182241 -0.003001217 0.999981999 156.839538574
0.999382615 -0.034774177 0.005020792 -0.515118539 0.034751125 0.999385297 0.004608827 -2.341878414 -0.005177974 -0.004431503 0.999976754 158.175079346
0.999327600 -0.036293503 0.005208691 -0.503752589 0.036271695 0.999333024 0.004222362 -2.359692574 -0.005358462 -0.004030595 0.999977529 159.540176392
0.999385297 -0.034528792 0.006062709 -0.499862671 0.034497827 0.999391556 0.005139612 -2.377807140 -0.006236485 -0.004927304 0.999968410 160.889709473
0.999512732 -0.030362589 0.007237592 -0.497413635 0.030332297 0.999530733 0.004259120 -2.395866632 -0.007363515 -0.004037512 0.999964774 162.247848511
0.999597549 -0.027126180 0.008302525 -0.510018468 0.027108345 0.999629915 0.002253842 -2.418695211 -0.008360590 -0.002027867 0.999962926 163.583633423
0.999666512 -0.024153605 0.009140575 -0.504423857 0.024139736 0.999707341 0.001624391 -2.436429024 -0.009177134 -0.001403199 0.999956846 164.938201904
0.999706805 -0.022165919 0.009746495 -0.509578347 0.022138365 0.999750555 0.002925871 -2.459718227 -0.009808921 -0.002709242 0.999948204 166.287490845
0.999749005 -0.020541854 0.008940022 -0.492928386 0.020520333 0.999786258 0.002491974 -2.480964661 -0.008989302 -0.002307896 0.999956965 167.661407471
0.999795616 -0.018165732 0.008865598 -0.486410141 0.018167283 0.999834895 -0.000094152 -2.497317553 -0.008862426 0.000255197 0.999960721 169.027374268
0.999865830 -0.014119262 0.008302202 -0.483896255 0.014143231 0.999895930 -0.002835334 -2.519202948 -0.008261304 0.002952374 0.999961495 170.380126953
0.999923170 -0.009097107 0.008421671 -0.489188671 0.009130720 0.999950469 -0.003961253 -2.549826384 -0.008385218 0.004037845 0.999956667 171.750030518
0.999949872 -0.004650765 0.008882284 -0.495196581 0.004675189 0.999985337 -0.002730950 -2.575675964 -0.008869456 0.002772339 0.999956846 173.113952637
0.999954581 -0.001519070 0.009411642 -0.495411396 0.001527680 0.999998450 -0.000907677 -2.599195242 -0.009410248 0.000922013 0.999955297 174.477294922
0.999953270 -0.000418202 0.009656322 -0.497320056 0.000406178 0.999999225 0.001247028 -2.620079041 -0.009656835 -0.001243047 0.999952614 175.852050781
0.999954522 -0.004055520 0.008633699 -0.489006877 0.004036834 0.999989569 0.002180664 -2.638936520 -0.008642451 -0.002145712 0.999960303 177.221572876
0.999960840 -0.005633942 0.006833885 -0.476909876 0.005619954 0.999982119 0.002064277 -2.652563572 -0.006845392 -0.002025791 0.999974489 178.618118286
0.999966085 -0.006387082 0.005194783 -0.482478797 0.006397269 0.999977648 -0.001946469 -2.683217287 -0.005182236 0.001979636 0.999984622 179.980880737
0.999983013 -0.004749840 0.003369329 -0.475937963 0.004770947 0.999968886 -0.006284277 -2.705954552 -0.003339375 0.006300245 0.999974549 181.376266479
0.999995768 0.000358268 0.002891276 -0.490596294 -0.000338800 0.999977410 -0.006731013 -2.741264820 -0.002893622 0.006730006 0.999973178 182.779953003
0.999988019 0.004010146 0.002793820 -0.499225318 -0.003993773 0.999974906 -0.005841572 -2.772586107 -0.002817175 0.005830343 0.999979019 184.174423218
0.999976575 0.006046496 0.003202983 -0.511761665 -0.006039074 0.999979079 -0.002321507 -2.802070141 -0.003216953 0.002302109 0.999992192 185.567077637
0.999970973 0.006812249 0.003413086 -0.512874842 -0.006811059 0.999976754 -0.000360240 -2.824969053 -0.003415461 0.000336982 0.999994099 186.959182739
0.999975562 0.006040101 0.003519063 -0.515148580 -0.006042096 0.999981582 0.000556174 -2.844755650 -0.003515640 -0.000577423 0.999993682 188.376220703
0.999985039 0.004171075 0.003522072 -0.517776310 -0.004174161 0.999990880 0.000868998 -2.860585690 -0.003518416 -0.000883687 0.999993503 189.791213989
0.999990702 0.002242613 0.003688877 -0.514729798 -0.002248234 0.999996305 0.001520360 -2.885357618 -0.003685453 -0.001528639 0.999991953 191.247116089
0.999991238 -0.000332626 0.004187451 -0.522583544 0.000325302 0.999998450 0.001749530 -2.908459663 -0.004188026 -0.001748152 0.999989629 192.681335449
0.999983728 -0.003649639 0.004417750 -0.515105605 0.003637862 0.999989808 0.002670993 -2.928003788 -0.004427454 -0.002654877 0.999986649 194.090667725
0.999954164 -0.008292379 0.004784777 -0.511077702 0.008271943 0.999956608 0.004274924 -2.948886395 -0.004820019 -0.004235148 0.999979436 195.522033691
0.999926269 -0.010911484 0.005326961 -0.505749106 0.010888960 0.999931693 0.004239051 -2.968790293 -0.005372853 -0.004180733 0.999976814 196.957901001
0.999946654 -0.008744939 0.005485068 -0.501774907 0.008745621 0.999961674 -0.000100314 -2.988074064 -0.005483981 0.000148279 0.999984920 198.398452759
0.999982357 -0.001504746 0.005743646 -0.504589319 0.001534435 0.999985337 -0.005167943 -3.008422375 -0.005735787 0.005176666 0.999970138 199.821228027
0.999940872 0.007952827 0.007432210 -0.523412228 -0.007914168 0.999955058 -0.005216694 -3.038234234 -0.007473364 0.005157566 0.999958754 201.272308350
0.999846220 0.015318982 0.008533525 -0.538320184 -0.015306389 0.999881625 -0.001539164 -3.064533472 -0.008556094 0.001408310 0.999962449 202.699569702
0.999820113 0.016385347 0.009553999 -0.538343906 -0.016393205 0.999865294 0.000744858 -3.092488050 -0.009540506 -0.000901344 0.999954104 204.149902344
0.999855876 0.014311136 0.009129477 -0.529616356 -0.014321629 0.999896884 0.001085062 -3.110321999 -0.009113008 -0.001215655 0.999957800 205.597656250
0.999906778 0.011182841 0.007829269 -0.520963550 -0.011192279 0.999936700 0.001162686 -3.133232355 -0.007815774 -0.001250205 0.999968588 207.041870117
0.999930382 0.009394338 0.007134863 -0.520273089 -0.009398459 0.999955714 0.000544618 -3.151792765 -0.007129431 -0.000611637 0.999974310 208.495147705
0.999928713 0.010003665 0.006516842 -0.511050701 -0.010002795 0.999949932 -0.000166160 -3.172711611 -0.006518179 0.000100961 0.999978721 209.965957642
0.999916017 0.011222349 0.006474029 -0.513715386 -0.011223713 0.999936998 0.000174654 -3.196852207 -0.006471661 -0.000247302 0.999979019 211.435928345
0.999904573 0.012185966 0.006493082 -0.519985557 -0.012193725 0.999924958 0.001156942 -3.222625256 -0.006478496 -0.001236007 0.999978244 212.884857178
0.999911070 0.011883887 0.006051571 -0.510672212 -0.011887591 0.999929190 0.000576554 -3.246322155 -0.006044291 -0.000648441 0.999981523 214.373062134
0.999921501 0.011200013 0.005609152 -0.503525734 -0.011198679 0.999937236 -0.000268901 -3.276255846 -0.005611812 0.000206064 0.999984205 215.848739624
0.999926984 0.010743660 0.005536813 -0.508924723 -0.010739763 0.999942005 -0.000733122 -3.293689728 -0.005544368 0.000673604 0.999984324 217.313812256
0.999926925 0.010974134 0.005075932 -0.509325147 -0.010970087 0.999939501 -0.000824230 -3.317786455 -0.005084670 0.000768487 0.999986768 218.788955688
0.999923527 0.011269660 0.005084439 -0.515478373 -0.011265659 0.999936223 -0.000814719 -3.344418287 -0.005093297 0.000757377 0.999986768 220.271606445
0.999928951 0.010997672 0.004600829 -0.510926604 -0.010992697 0.999939024 -0.001105163 -3.369990349 -0.004612702 0.001054509 0.999988854 221.767105103
0.999918342 0.011999703 0.004381629 -0.517003477 -0.011994291 0.999927282 -0.001259126 -3.396742344 -0.004396420 0.001206468 0.999989629 223.222961426
0.999916434 0.012195996 0.004303569 -0.521182179 -0.012190571 0.999924839 -0.001284844 -3.423846006 -0.004318916 0.001232274 0.999989927 224.699111938
0.999917448 0.012283009 0.003774194 -0.522546291 -0.012277591 0.999923527 -0.001456271 -3.444265366 -0.003791792 0.001409813 0.999991834 226.200897217
0.999925017 0.011608721 0.003878971 -0.527131617 -0.011601395 0.999930799 -0.001905839 -3.463544130 -0.003900827 0.001860694 0.999990642 227.698974609
0.999943316 0.009966497 0.003738664 -0.526858389 -0.009961200 0.999949336 -0.001433179 -3.502485991 -0.003752759 0.001395856 0.999992013 229.189025879
0.999951065 0.008974629 0.004165065 -0.534674764 -0.008970069 0.999959171 -0.001112491 -3.529802561 -0.004174879 0.001075076 0.999990761 230.686843872
0.999962270 0.007565401 0.004252248 -0.535195053 -0.007563356 0.999971211 -0.000496252 -3.550670624 -0.004255882 0.000464072 0.999990821 232.186233521
0.999965012 0.007351344 0.003972108 -0.533084393 -0.007349976 0.999972880 -0.000358722 -3.575003147 -0.003974638 0.000329514 0.999992013 233.690475464
0.999963105 0.007533958 0.004131182 -0.537399590 -0.007532002 0.999971509 -0.000488458 -3.608239889 -0.004134743 0.000457324 0.999991357 235.206710815
0.999955833 0.008295578 0.004414761 -0.537919283 -0.008291507 0.999965310 -0.000939490 -3.635616064 -0.004422401 0.000902843 0.999989808 236.714340210
0.999944031 0.009378396 0.004891486 -0.541130185 -0.009377104 0.999956012 -0.000286938 -3.661581039 -0.004893962 0.000241053 0.999988019 238.217895508
0.999931574 0.010129442 0.005854207 -0.547777534 -0.010139312 0.999947250 0.001658212 -3.683918715 -0.005837101 -0.001717456 0.999981463 239.744049072
0.999928892 0.009984573 0.006521864 -0.549283981 -0.009998044 0.999947965 0.002036063 -3.704859734 -0.006501195 -0.002101124 0.999976635 241.253723145
0.999914706 0.010795257 0.007344379 -0.548888683 -0.010798730 0.999941587 0.000433500 -3.727491856 -0.007339272 -0.000512773 0.999972939 242.760131836
0.999909103 0.010961873 0.007845125 -0.541195631 -0.010952998 0.999939382 -0.001173310 -3.748302221 -0.007857510 0.001087276 0.999968529 244.274230957
0.999906480 0.010960754 0.008176637 -0.542772055 -0.010959703 0.999939859 -0.000173250 -3.780138254 -0.008178044 0.000083621 0.999966562 245.795227051
0.999917388 0.010430403 0.007515235 -0.526654601 -0.010437568 0.999945104 0.000914644 -3.805559158 -0.007505283 -0.000993010 0.999971271 247.328475952
0.999908626 0.011187629 0.007598843 -0.529635429 -0.011196211 0.999936700 0.001087871 -3.827571630 -0.007586192 -0.001172850 0.999970496 248.850418091
0.999908805 0.011189076 0.007564272 -0.531247735 -0.011201154 0.999936044 0.001556310 -3.861383438 -0.007546375 -0.001640896 0.999970138 250.388061523
0.999891639 0.012511951 0.007762073 -0.526612759 -0.012525070 0.999920130 0.001643802 -3.880609512 -0.007740885 -0.001740844 0.999968529 251.932159424
0.999863148 0.014256868 0.008383994 -0.537684917 -0.014272187 0.999896526 0.001770425 -3.907793045 -0.008357887 -0.001889841 0.999963284 253.444869995
0.999852777 0.014671889 0.008896071 -0.539726019 -0.014691346 0.999889791 0.002125784 -3.930164814 -0.008863903 -0.002256166 0.999958158 254.976623535
0.999874294 0.013424464 0.008429622 -0.532636166 -0.013441583 0.999907732 0.001977592 -3.951261044 -0.008402293 -0.002090651 0.999962509 256.534606934
0.999892890 0.011827634 0.008619825 -0.527503967 -0.011852369 0.999925852 0.002824232 -3.974564075 -0.008585781 -0.002926094 0.999958813 258.058380127
0.999923348 0.009308266 0.008150440 -0.517047405 -0.009334408 0.999951422 0.003175552 -3.988708973 -0.008120485 -0.003251389 0.999961734 259.574371338
0.999935567 0.007728908 0.008313153 -0.518226147 -0.007753055 0.999965787 0.002876605 -4.015954494 -0.008290636 -0.002940872 0.999961317 261.155090332
0.999944746 0.006650332 0.008136742 -0.516546726 -0.006664059 0.999976456 0.001661223 -4.033676147 -0.008125503 -0.001715355 0.999965549 262.707092285
0.999949992 0.005540290 0.008325980 -0.501242399 -0.005565298 0.999980092 0.002983410 -4.053128719 -0.008309286 -0.003029598 0.999960899 264.268463135
0.999944866 0.003511413 0.009890273 -0.509625435 -0.003562331 0.999980569 0.005135456 -4.076895714 -0.009872047 -0.005170406 0.999937832 265.803314209
0.999953032 0.002688772 0.009302519 -0.493778706 -0.002726218 0.999988258 0.004015074 -4.091806889 -0.009291614 -0.004040246 0.999948621 267.345153809
0.999950826 0.001592065 0.009784009 -0.477377176 -0.001625211 0.999992907 0.003380683 -4.114575863 -0.009778558 -0.003396418 0.999946356 268.903228760
0.999941409 0.002408127 0.010555649 -0.475541592 -0.002439736 0.999992609 0.002982679 -4.134965897 -0.010548390 -0.003008257 0.999939799 270.442321777
0.999920130 0.004464542 0.011822283 -0.460596323 -0.004502269 0.999984860 0.003166537 -4.161701202 -0.011807969 -0.003219512 0.999925077 272.021697998
0.999900758 0.005541302 0.012945734 -0.455694199 -0.005581574 0.999979675 0.003076746 -4.184367180 -0.012928422 -0.003148698 0.999911487 273.561370850
0.999879897 0.007100335 0.013774462 -0.439039469 -0.007135984 0.999971271 0.002540658 -4.204736233 -0.013756026 -0.002638646 0.999901891 275.126525879
0.999862015 0.008033443 0.014542151 -0.415686131 -0.008065368 0.999965191 0.002138134 -4.229294777 -0.014524467 -0.002255127 0.999891937 276.680358887
0.999841988 0.008880956 0.015397212 -0.402663708 -0.008909309 0.999958754 0.001773824 -4.264275074 -0.015380826 -0.001910722 0.999879897 278.249542236
0.999838650 0.007775894 0.016191769 -0.383020878 -0.007802432 0.999968350 0.001576450 -4.287668228 -0.016178997 -0.001702531 0.999867678 279.814056396
0.999818861 0.007713902 0.017407531 -0.358049393 -0.007745611 0.999968410 0.001754852 -4.316074848 -0.017393444 -0.001889366 0.999846935 281.392028809
0.999817431 0.006636659 0.017918490 -0.335847855 -0.006683373 0.999974430 0.002548422 -4.334157467 -0.017901121 -0.002667713 0.999836147 282.971954346
0.999818981 0.005577117 0.018189225 -0.316434860 -0.005627593 0.999980450 0.002725055 -4.354846001 -0.018173674 -0.002826923 0.999830842 284.540710449
0.999832273 0.005135754 0.017578041 -0.281212330 -0.005144811 0.999986649 0.000470123 -4.384542942 -0.017575391 -0.000560479 0.999845386 286.111022949
0.999839246 0.003772238 0.017527049 -0.258528233 -0.003740458 0.999991298 -0.001845617 -4.408048153 -0.017533859 0.001779761 0.999844670 287.671112061
0.999853432 0.003455067 0.016769636 -0.238067627 -0.003425395 0.999992490 -0.001797796 -4.432651043 -0.016775724 0.001740090 0.999857724 289.237792969
0.999874473 0.002314086 0.015673157 -0.219630718 -0.002288874 0.999996066 -0.001626371 -4.461526871 -0.015676860 0.001590293 0.999875784 290.798828125
0.999890268 0.002272203 0.014638746 -0.210245609 -0.002239526 0.999994993 -0.002248234 -4.485740662 -0.014643780 0.002215204 0.999890268 292.334930420
0.999894917 0.002522240 0.014276686 -0.189938545 -0.002483757 0.999993265 -0.002712531 -4.514984131 -0.014283434 0.002676787 0.999894321 293.905639648
0.999908447 0.002522771 0.013294563 -0.166545391 -0.002493606 0.999994457 -0.002209781 -4.545055866 -0.013300062 0.002176428 0.999909163 295.483062744
0.999926746 0.001785270 0.011972534 -0.148722172 -0.001760575 0.999996305 -0.002072798 -4.574419022 -0.011976190 0.002051567 0.999926150 297.046203613
0.999939561 0.001438226 0.010899760 -0.135510921 -0.001431863 0.999998808 -0.000591491 -4.603762627 -0.010900599 0.000575848 0.999940395 298.621063232
0.999944925 0.002809754 0.010103262 -0.126540899 -0.002816980 0.999995768 0.000701081 -4.628188133 -0.010101249 -0.000729503 0.999948740 300.205810547
0.999936998 0.002983319 0.010819490 -0.114786386 -0.002991181 0.999995291 0.000710514 -4.649907112 -0.010817320 -0.000742833 0.999941170 301.792114258
0.999926925 0.003383265 0.011606466 -0.104243517 -0.003390349 0.999994040 0.000590661 -4.674615383 -0.011604399 -0.000629968 0.999932408 303.388092041
0.999925792 0.002037793 0.012013139 -0.094541788 -0.002041492 0.999997854 0.000295665 -4.695182323 -0.012012511 -0.000320167 0.999927759 304.967010498
0.999925137 0.000364108 0.012229043 -0.078929663 -0.000356377 0.999999702 -0.000634298 -4.721927643 -0.012229271 0.000629892 0.999924958 306.567687988
0.999919653 -0.001158254 0.012619641 -0.061487198 0.001191763 0.999995768 -0.002648107 -4.746723652 -0.012616517 0.002662934 0.999916852 308.160797119
0.999922395 -0.001504926 0.012363167 -0.048633575 0.001550240 0.999992132 -0.003656469 -4.774600983 -0.012357567 0.003675351 0.999916911 309.761260986
0.999948859 -0.000879499 0.010068022 -0.041772604 0.000928126 0.999987900 -0.004826126 -4.801679611 -0.010063654 0.004835224 0.999937654 311.370758057
0.999967515 0.000327665 0.008044111 -0.035465479 -0.000295412 0.999991894 -0.004010370 -4.833476543 -0.008045360 0.004007863 0.999959528 312.976440430
0.999971628 0.001266003 0.007417648 -0.029604435 -0.001259335 0.999998748 -0.000903518 -4.859791279 -0.007418782 0.000894151 0.999972105 314.604583740
0.999967933 -0.000354866 0.007994608 -0.017297268 0.000336064 0.999997199 0.002353110 -4.890817642 -0.007995420 -0.002350348 0.999965250 316.238739014
0.999967575 -0.001479563 0.007913457 -0.009968281 0.001454119 0.999993801 0.003219951 -4.911455154 -0.007918172 -0.003208339 0.999963522 317.863616943
0.999962628 -0.001957556 0.008414516 -0.004441261 0.001943261 0.999996662 0.001706740 -4.931945801 -0.008417830 -0.001690325 0.999963105 319.493316650
0.999954581 -0.003641207 0.008811279 -0.004386187 0.003621846 0.999991000 0.002212305 -4.956892967 -0.008819256 -0.002180291 0.999958754 321.102752686
0.999950230 -0.003567274 0.009316504 -0.004468918 0.003546001 0.999991059 0.002298898 -4.979727745 -0.009324624 -0.002265747 0.999953926 322.716308594
0.999944687 -0.003495332 0.009914681 0.004784107 0.003473358 0.999991477 0.002232619 -5.004680634 -0.009922402 -0.002198059 0.999948323 324.335998535
0.999945700 -0.002322875 0.010158252 0.013251781 0.002310763 0.999996662 0.001203885 -5.026533127 -0.010161012 -0.001180346 0.999947667 325.951995850
0.999937475 -0.001378853 0.011094754 0.017628193 0.001369672 0.999998689 0.000835093 -5.061130524 -0.011095893 -0.000819845 0.999938130 327.580383301
0.999929368 -0.002875861 0.011535782 0.033754349 0.002842467 0.999991715 0.002910171 -5.087097168 -0.011544057 -0.002877176 0.999929249 329.221435547
0.999920070 -0.004008200 0.011992648 0.041811228 0.003963931 0.999985218 0.003712918 -5.110962868 -0.012007351 -0.003665084 0.999921203 330.810211182
0.999914587 -0.005320135 0.011937528 0.056135178 0.005290227 0.999982774 0.002535552 -5.135986328 -0.011950810 -0.002472183 0.999925554 332.439239502
0.999925494 -0.003682787 0.011631041 0.080931187 0.003654968 0.999990344 0.002412045 -5.158990383 -0.011639813 -0.002369354 0.999929428 334.065704346
0.999933422 -0.002256913 0.011313871 0.088580370 0.002249758 0.999997199 0.000645088 -5.187173843 -0.011315295 -0.000619591 0.999935806 335.677917480
0.999941528 -0.000026068 0.010810815 0.091658115 0.000052482 0.999997020 -0.002442973 -5.212793350 -0.010810723 0.002443397 0.999938488 337.270690918
0.999949455 0.001201301 0.009981873 0.098834276 -0.001180894 0.999997199 -0.002050052 -5.239592552 -0.009984309 0.002038162 0.999948025 338.882171631
0.999958336 0.002240879 0.008844536 0.103025913 -0.002254101 0.999996424 0.001485284 -5.268777847 -0.008841176 -0.001505158 0.999959767 340.456726074
0.999962926 0.002999787 0.008068988 0.107278824 -0.003035963 0.999985397 0.004474939 -5.296964645 -0.008055447 -0.004499270 0.999957383 342.074554443
0.999970734 0.003559747 0.006775835 0.110036850 -0.003580728 0.999988854 0.003086752 -5.317636967 -0.006764771 -0.003110923 0.999972224 343.677062988
0.999983788 0.002791492 0.004969775 0.111568213 -0.002798063 0.999995291 0.001315854 -5.339650154 -0.004966078 -0.001329739 0.999986768 345.269958496
0.999994993 0.001339886 0.002874045 0.121903777 -0.001346792 0.999996185 0.002402249 -5.357246399 -0.002870816 -0.002406107 0.999992907 346.883911133
0.999998510 0.000186259 0.001739105 0.121242225 -0.000191767 0.999994993 0.003167296 -5.385173321 -0.001738507 -0.003167624 0.999993443 348.476074219
0.999998868 -0.000353529 0.001442259 0.114090949 0.000350617 0.999997914 0.002018633 -5.400811195 -0.001442969 -0.002018125 0.999996901 350.084350586
0.999998450 -0.001537196 0.000891756 0.115703925 0.001536231 0.999998212 0.001082127 -5.424512863 -0.000893418 -0.001080755 0.999999046 351.679351807
0.999998271 -0.001606631 0.000856625 0.112261891 0.001605998 0.999998450 0.000739528 -5.445226669 -0.000857812 -0.000738151 0.999999285 353.273071289
0.999997199 -0.002203648 0.000890512 0.105546474 0.002203027 0.999997318 0.000697805 -5.471317768 -0.000892048 -0.000695842 0.999999285 354.866668701
0.999996245 -0.002673509 0.000554670 0.103584304 0.002673642 0.999996424 -0.000240685 -5.493535995 -0.000554024 0.000242167 0.999999821 356.467254639
0.999997258 -0.002055879 0.001070098 0.090810329 0.002056953 0.999997318 -0.001004506 -5.521772861 -0.001068030 0.001006705 0.999998927 358.054901123
0.999994993 -0.002973996 0.001052332 0.088635564 0.002974718 0.999995291 -0.000685009 -5.550162315 -0.001050289 0.000688136 0.999999225 359.646697998
0.999995530 -0.002951517 0.000480851 0.090856865 0.002952123 0.999994755 -0.001263912 -5.579808712 -0.000477118 0.001265326 0.999999106 361.242126465
0.999988794 -0.004670215 0.000740835 0.085893840 0.004672204 0.999985397 -0.002703687 -5.611185551 -0.000728197 0.002707118 0.999996066 362.842163086
0.999980927 -0.006143748 0.000472507 0.089516386 0.006144080 0.999980807 -0.000706327 -5.642825127 -0.000468159 0.000709216 0.999999642 364.448150635
0.999966085 -0.008222529 -0.000405860 0.104132488 0.008222638 0.999966145 0.000269613 -5.671514511 0.000403629 -0.000272941 0.999999881 366.053436279
0.999963403 -0.008553816 0.000228521 0.089949638 0.008554044 0.999962866 -0.001015307 -5.693229675 -0.000219828 0.001017225 0.999999464 367.630401611
0.999972641 -0.007212411 0.001654782 0.068198085 0.007216187 0.999971271 -0.002288099 -5.707212925 -0.001638231 0.002299977 0.999996006 369.240783691
0.999978244 -0.006506935 0.001091724 0.060839742 0.006507618 0.999978602 -0.000623618 -5.751116753 -0.001087643 0.000630709 0.999999225 370.816070557
0.999986589 -0.004943485 0.001586920 0.053338289 0.004943204 0.999987781 0.000180681 -5.775609493 -0.001587794 -0.000172834 0.999998748 372.416229248
0.999984384 -0.005356390 0.001579890 0.054061651 0.005356451 0.999985635 -0.000034563 -5.805377007 -0.001579683 0.000043025 0.999998748 374.004882812
0.999985635 -0.005035632 0.001856040 0.038979828 0.005037721 0.999986649 -0.001122694 -5.826760769 -0.001850361 0.001132028 0.999997675 375.597717285
0.999984801 -0.005197702 0.001843275 0.043000400 0.005199695 0.999985874 -0.001077614 -5.860807896 -0.001837648 0.001087182 0.999997675 377.199371338
0.999984622 -0.005283488 0.001719818 0.053535879 0.005285065 0.999985576 -0.000913582 -5.891896248 -0.001714967 0.000922657 0.999998093 378.823760986
0.999993384 -0.002849803 0.002300935 0.030849516 0.002853497 0.999994576 -0.001603469 -5.909910202 -0.002296353 0.001610024 0.999996066 380.433929443
0.999994636 -0.001243858 0.003033509 0.024681211 0.001246774 0.999998689 -0.000959530 -5.938467979 -0.003032311 0.000963307 0.999994993 382.035583496
0.999993145 0.000349029 0.003663419 0.004376769 -0.000342403 0.999998331 -0.001809223 -5.963675499 -0.003664045 0.001807956 0.999991596 383.667297363
