1.000000000 0.000000000 0.000000000 0.000000000 0.000000000 1.000000000 0.000000000 0.000000000 0.000000000 0.000000000 1.000000000 0.000000000
1.000000000 -0.000066488 0.000121869 -0.014873076 0.000066312 0.999998987 0.001442441 -0.012670935 -0.000121965 -0.001442433 0.999998927 1.315639973
0.999998569 -0.001542672 -0.000663638 -0.009635305 0.001543875 0.999997079 0.001816567 -0.040091865 0.000660834 -0.001817589 0.999998152 2.620463610
0.999996006 -0.002753589 -0.000630188 -0.015038792 0.002754075 0.999995828 0.000770786 -0.055447094 0.000628063 -0.000772518 0.999999464 3.933295012
0.999994934 -0.003086189 -0.000823752 -0.021258384 0.003086864 0.999994874 0.000819665 -0.074072644 0.000821218 -0.000822204 0.999999344 5.260483742
0.999993205 -0.003634134 -0.000644897 -0.024199111 0.003635309 0.999991715 0.001831392 -0.099066876 0.000638236 -0.001833724 0.999998093 6.577987671
0.999985993 -0.005264192 -0.000534788 -0.028628087 0.005265740 0.999981821 0.002934727 -0.114780262 0.000519329 -0.002937502 0.999995530 7.901543617
0.999989629 -0.004531549 -0.000424074 -0.040556166 0.004533004 0.999983609 0.003498842 -0.134258494 0.000408212 -0.003500728 0.999993742 9.241745949
0.999993086 -0.003645455 -0.000656961 -0.048629981 0.003646485 0.999992132 0.001573099 -0.150568619 0.000651221 -0.001575484 0.999998510 10.591267586
0.999998689 -0.001258014 -0.001008204 -0.055159137 0.001257682 0.999999166 -0.000329770 -0.176111236 0.001008618 0.000328502 0.999999464 11.925933838
0.999996841 0.002435775 -0.000594388 -0.073836923 -0.002436431 0.999996483 -0.001106018 -0.200507164 0.000591692 0.001107463 0.999999285 13.262239456
0.999988914 0.004677994 -0.000507363 -0.092830099 -0.004678735 0.999988079 -0.001467612 -0.217430890 0.000500491 0.001469970 0.999998808 14.606015205
0.999982774 0.005846821 -0.000526874 -0.096723892 -0.005847202 0.999982595 -0.000723979 -0.237147912 0.000522632 0.000727048 0.999999642 15.963611603
0.999994278 0.003376132 0.000223120 -0.111201040 -0.003376637 0.999991596 0.002303737 -0.264065772 -0.000215341 -0.002304478 0.999997258 17.319217682
0.999999642 -0.000754170 0.000399394 -0.114446804 0.000752531 0.999991357 0.004086202 -0.282541215 -0.000402472 -0.004085900 0.999991477 18.673429489
0.999995470 -0.002997147 0.000175016 -0.121076494 0.002996834 0.999993980 0.001763263 -0.298003048 -0.000180299 -0.001762731 0.999998391 20.018833160
0.999988675 -0.004785173 0.000016057 -0.123590745 0.004785168 0.999988496 0.000314698 -0.330198139 -0.000017563 -0.000314617 0.999999940 21.383459091
0.999997854 -0.001776486 0.001085310 -0.145385802 0.001778000 0.999997497 -0.001395300 -0.344964415 -0.001082828 0.001397227 0.999998450 22.729709625
0.999999166 0.000205163 0.001271876 -0.144590572 -0.000206048 0.999999702 0.000695286 -0.367007464 -0.001271733 -0.000695547 0.999998927 24.117654800
0.999998271 0.000837763 0.001666520 -0.149557859 -0.000844986 0.999990284 0.004338238 -0.387507439 -0.001662869 -0.004339640 0.999989212 25.488344193
0.999997318 -0.001395339 0.001859649 -0.147048369 0.001383762 0.999979794 0.006212322 -0.398917466 -0.001868279 -0.006209732 0.999978960 26.870803833
0.999977171 -0.006559002 0.001623840 -0.139738157 0.006551646 0.999968410 0.004495419 -0.418302029 -0.001653274 -0.004484677 0.999988556 28.283908844
0.999977708 -0.006465392 0.001688466 -0.142652377 0.006461585 0.999976516 0.002249983 -0.431237787 -0.001702974 -0.002239022 0.999996066 29.661113739
0.999972939 -0.006839155 0.002703914 -0.156238824 0.006840234 0.999976516 -0.000390079 -0.451445580 -0.002701183 0.000408564 0.999996245 31.017316818
0.999987602 -0.003512557 0.003524832 -0.168972552 0.003515964 0.999993324 -0.000960852 -0.475217581 -0.003521433 0.000973234 0.999993265 32.397575378
0.999989390 -0.002558900 0.003830911 -0.175334021 0.002571171 0.999991596 -0.003201826 -0.500326097 -0.003822685 0.003211641 0.999987543 33.769302368
0.999990940 -0.001934996 0.003780042 -0.171246767 0.001945017 0.999994636 -0.002649182 -0.522916794 -0.003774895 0.002656510 0.999989331 35.164405823
0.999991477 -0.001136795 0.004001725 -0.194407433 0.001143474 0.999997973 -0.001667171 -0.544755220 -0.003999822 0.001671733 0.999990582 36.540691376
0.999993205 0.000096282 0.003703413 -0.199285820 -0.000096852 1.000000000 0.000153834 -0.569662511 -0.003703398 -0.000154192 0.999993145 37.938552856
0.999989808 0.002631704 0.003672556 -0.208265632 -0.002633826 0.999996364 0.000572840 -0.597959876 -0.003671035 -0.000582507 0.999993086 39.332469940
0.999977767 0.005170973 0.004204583 -0.222567201 -0.005171312 0.999986649 0.000069713 -0.617019713 -0.004204166 -0.000091455 0.999991119 40.716358185
0.999967396 0.007193339 0.003671756 -0.223710611 -0.007194856 0.999974132 0.000400140 -0.635567665 -0.003668782 -0.000426545 0.999993145 42.144931793
0.999963582 0.007843805 0.003359656 -0.225971878 -0.007845162 0.999969125 0.000390909 -0.656379223 -0.003356486 -0.000417252 0.999994278 43.547500610
0.999971569 0.006937177 0.002932766 -0.240806282 -0.006939010 0.999975741 0.000615439 -0.684881449 -0.002928425 -0.000635772 0.999995470 44.939876556
0.999980390 0.005948744 0.001962016 -0.238325223 -0.005949102 0.999982357 0.000176916 -0.704760790 -0.001960929 -0.000188585 0.999998033 46.343227386
0.999986410 0.005120141 0.000953774 -0.247537136 -0.005120441 0.999986827 0.000313638 -0.724388719 -0.000952155 -0.000318518 0.999999523 47.746383667
0.999984562 0.005560585 -0.000081466 -0.252305448 -0.005560501 0.999983966 0.001000918 -0.739381909 0.000087030 -0.001000449 0.999999523 49.174873352
0.999984205 0.005475677 -0.001259291 -0.264827430 -0.005474353 0.999984384 0.001052505 -0.766246200 0.001265035 -0.001045595 0.999998629 50.583866119
0.999980211 0.005768457 -0.002488063 -0.282097906 -0.005764509 0.999982059 0.001591277 -0.785366416 0.002497198 -0.001576903 0.999995708 51.992313385
0.999977589 0.005725620 -0.003495216 -0.295034230 -0.005716315 0.999980092 0.002666194 -0.807492793 0.003510412 -0.002646154 0.999990284 53.407741547
0.999986231 0.003702310 -0.003726091 -0.326294869 -0.003689090 0.999986827 0.003548426 -0.826767027 0.003739179 -0.003534630 0.999986768 54.834369659
0.999986112 0.002018938 -0.004891860 -0.327456355 -0.002000224 0.999990642 0.003827570 -0.845572293 0.004899541 -0.003817732 0.999980748 56.276409149
0.999988019 -0.000358003 -0.004868642 -0.352874637 0.000372865 0.999995291 0.003051912 -0.864753425 0.004867527 -0.003053691 0.999983430 57.694919586
0.999984264 -0.001787875 -0.005306674 -0.362146199 0.001807499 0.999991596 0.003695379 -0.887693465 0.005300022 -0.003704912 0.999979079 59.119289398
0.999983788 -0.002836353 -0.004938589 -0.371595144 0.002855909 0.999988019 0.003957317 -0.906050801 0.004927307 -0.003971356 0.999979973 60.540012360
0.999980807 -0.004270868 -0.004507732 -0.380942762 0.004292334 0.999979436 0.004763048 -0.923255265 0.004487297 -0.004782304 0.999978542 61.972255707
0.999977410 -0.005430738 -0.003964013 -0.401764333 0.005449757 0.999973595 0.004802940 -0.955060422 0.003937824 -0.004824435 0.999980628 63.351417542
0.999973238 -0.006619447 -0.003114378 -0.418163031 0.006630761 0.999971330 0.003636444 -0.967622936 0.003090217 -0.003656998 0.999988556 64.766235352
0.999972880 -0.006695864 -0.003074327 -0.417832583 0.006706612 0.999971330 0.003499412 -0.990000308 0.003050808 -0.003519935 0.999989152 66.162895203
0.999978960 -0.006042600 -0.002362823 -0.424825400 0.006051023 0.999975264 0.003574328 -1.008960605 0.002341167 -0.003588550 0.999990821 67.581398010
0.999996364 -0.002202711 -0.001562932 -0.454902500 0.002209847 0.999987066 0.004578888 -1.025367856 0.001552826 -0.004582325 0.999988258 68.955055237
0.999999404 0.000805764 -0.000746062 -0.471534699 -0.000801420 0.999982834 0.005804905 -1.043812752 0.000750726 -0.005804304 0.999982893 70.345069885
0.999990046 0.004455049 -0.000162999 -0.480847031 -0.004453910 0.999969482 0.006422001 -1.063413858 0.000191605 -0.006421212 0.999979317 71.744300842
0.999964058 0.008462203 0.000248664 -0.494622260 -0.008463536 0.999946415 0.005968363 -1.078379273 -0.000198145 -0.005970254 0.999982119 73.143783569
0.999930799 0.011707820 0.001091847 -0.513976514 -0.011713567 0.999916673 0.005414673 -1.100911975 -0.001028362 -0.005427087 0.999984741 74.520568848
0.999906123 0.013585932 0.001765949 -0.523063004 -0.013595263 0.999893010 0.005383242 -1.119989872 -0.001692624 -0.005406744 0.999983966 75.907516479
0.999905646 0.013600509 0.001927694 -0.528447747 -0.013611037 0.999891937 0.005557000 -1.133182168 -0.001851907 -0.005582713 0.999982715 77.317695618
0.999913812 0.012949439 0.002165538 -0.537172019 -0.012960462 0.999902725 0.005155420 -1.152921438 -0.002098568 -0.005183042 0.999984324 78.683731079
0.999933064 0.011400240 0.001931800 -0.541977763 -0.011408446 0.999925673 0.004290425 -1.171284676 -0.001882745 -0.004312177 0.999988854 80.076614380
0.999941528 0.010718315 0.001414719 -0.544338763 -0.010724487 0.999932706 0.004429552 -1.191213727 -0.001367147 -0.004444465 0.999989212 81.449119568
0.999943733 0.010543048 0.001176318 -0.547504008 -0.010548209 0.999934316 0.004469311 -1.208759785 -0.001129120 -0.004481468 0.999989331 82.828453064
0.999949634 0.010025820 0.000184824 -0.542017877 -0.010026464 0.999942064 0.003897095 -1.227380037 -0.000145741 -0.003898752 0.999992371 84.202301025
0.999946535 0.010330766 -0.000263751 -0.559441805 -0.010329536 0.999937415 0.004301635 -1.244881511 0.000308174 -0.004298681 0.999990702 85.554687500
0.999949574 0.009947785 -0.001376006 -0.560933530 -0.009940716 0.999937832 0.005053014 -1.264996290 0.001426187 -0.005039080 0.999986291 86.922264099
0.999968827 0.007526992 -0.002399207 -0.579325259 -0.007512353 0.999953508 0.006053290 -1.280925035 0.002444658 -0.006035078 0.999978840 88.333999634
0.999976337 0.005892949 -0.003544427 -0.581544459 -0.005869634 0.999961257 0.006552558 -1.308163047 0.003582903 -0.006531599 0.999972224 89.683174133
0.999985099 0.003401506 -0.004265687 -0.593270421 -0.003373177 0.999972284 0.006630699 -1.324574947 0.004288123 -0.006616211 0.999968886 91.050865173
0.999985993 0.001920739 -0.004937740 -0.602219462 -0.001889713 0.999978483 0.006280383 -1.347459555 0.004949697 -0.006270964 0.999968052 92.420783997
0.999987543 0.001353676 -0.004784589 -0.613401592 -0.001326091 0.999982595 0.005763675 -1.360484719 0.004792307 -0.005757260 0.999971926 93.757858276
0.999987185 0.001367777 -0.004871914 -0.642465115 -0.001341836 0.999984920 0.005323903 -1.381048918 0.004879123 -0.005317297 0.999973893 95.130897522
0.999988914 0.001395866 -0.004498521 -0.666188359 -0.001373265 0.999986470 0.005023289 -1.402210116 0.004505473 -0.005017055 0.999977171 96.485160828
0.999988198 0.002027125 -0.004410997 -0.681029022 -0.002009106 0.999989629 0.004085642 -1.419660807 0.004419234 -0.004076731 0.999981880 97.825515747
0.999985993 0.003521935 -0.003944439 -0.706963420 -0.003505745 0.999985456 0.004104046 -1.435477257 0.003958836 -0.004090160 0.999983728 99.169174194
0.999987483 0.003319012 -0.003732025 -0.712269723 -0.003296012 0.999975622 0.006152288 -1.461985111 0.003752353 -0.006139910 0.999974132 100.512702942
0.999982715 0.004536733 -0.003718535 -0.736202300 -0.004508495 0.999961197 0.007567157 -1.477784514 0.003752720 -0.007550261 0.999964476 101.836585999
0.999986172 0.003965013 -0.003448213 -0.742957950 -0.003944271 0.999974132 0.006001274 -1.500664353 0.003471919 -0.005987590 0.999976039 103.200256348
0.999985635 0.004254440 -0.003233061 -0.763111532 -0.004242418 0.999984086 0.003715803 -1.514800787 0.003248818 -0.003702034 0.999987900 104.519966125
0.999987602 0.003508125 -0.003530220 -0.772354245 -0.003500141 0.999991298 0.002265088 -1.535409451 0.003538135 -0.002252704 0.999991179 105.847427368
0.999993086 0.001022943 -0.003598297 -0.783995926 -0.001009419 0.999992430 0.003758510 -1.555505276 0.003602115 -0.003754851 0.999986470 107.170669556
0.999996781 -0.000633232 -0.002455918 -0.807519794 0.000646620 0.999984860 0.005454357 -1.569848299 0.002452427 -0.005455928 0.999982119 108.505310059
0.999995828 -0.002273582 -0.001812846 -0.815459728 0.002284649 0.999978662 0.006126304 -1.591313004 0.001798879 -0.006130421 0.999979615 109.836151123
0.999996305 -0.002593345 -0.000721257 -0.831845939 0.002596411 0.999987483 0.004282663 -1.600429654 0.000710141 -0.004284520 0.999990582 111.187515259
0.999999821 -0.000446939 0.000217992 -0.845703661 0.000446476 0.999997675 0.002118009 -1.618539572 -0.000218938 -0.002117911 0.999997735 112.513702393
0.999997199 0.001941330 0.001375603 -0.858535111 -0.001940985 0.999998093 -0.000251526 -1.638241529 -0.001376089 0.000248856 0.999998987 113.835479736
0.999984562 0.004736476 0.002940984 -0.869483769 -0.004737101 0.999988794 0.000205738 -1.662879825 -0.002939976 -0.000219667 0.999995708 115.156982422
0.999972224 0.006108365 0.004277045 -0.869366169 -0.006115898 0.999979913 0.001750340 -1.681026101 -0.004266266 -0.001776449 0.999989331 116.494331360
0.999967098 0.006144837 0.005302564 -0.867393970 -0.006166322 0.999972820 0.004045092 -1.699307561 -0.005277563 -0.004077656 0.999977767 117.824928284
0.999966204 0.005549485 0.006056030 -0.871250510 -0.005578167 0.999973238 0.004729502 -1.720565081 -0.006029622 -0.004763123 0.999970496 119.162002563
0.999956787 0.006139979 0.006965053 -0.864830911 -0.006167857 0.999972999 0.003988215 -1.734396458 -0.006940378 -0.004031002 0.999967813 120.512641907
0.999933183 0.007845256 0.008488082 -0.870894849 -0.007877381 0.999961913 0.003757640 -1.755485296 -0.008458281 -0.003824253 0.999956906 121.829627991
0.999900222 0.009886057 0.010094459 -0.872826636 -0.009924333 0.999943733 0.003748611 -1.774411917 -0.010056833 -0.003848416 0.999942064 123.182067871
0.999884367 0.010738193 0.010769973 -0.866537392 -0.010762420 0.999939680 0.002194107 -1.787447333 -0.010745761 -0.002309765 0.999939561 124.500549316
0.999856293 0.012026419 0.011943357 -0.863956690 -0.012039309 0.999927044 0.001007969 -1.799992442 -0.011930364 -0.001151614 0.999928176 125.852470398
0.999859631 0.010851468 0.012765791 -0.855219126 -0.010866543 0.999940336 0.001112143 -1.822952986 -0.012752963 -0.001250706 0.999917924 127.194610596
0.999855518 0.010399246 0.013449981 -0.843459249 -0.010429484 0.999943256 0.002179904 -1.841237187 -0.013426548 -0.002319866 0.999907255 128.541946411
0.999858022 0.008828746 0.014352409 -0.835103750 -0.008874600 0.999955714 0.003134144 -1.859366655 -0.014324103 -0.003261070 0.999892116 129.912429810
0.999852180 0.008429884 0.014984993 -0.824271619 -0.008479971 0.999958694 0.003281934 -1.874101639 -0.014956708 -0.003408521 0.999882340 131.259597778
0.999866903 0.006319419 0.015043779 -0.811679006 -0.006369350 0.999974310 0.003273361 -1.889814496 -0.015022709 -0.003368744 0.999881506 132.604598999
0.999872327 0.004850211 0.015234701 -0.814270794 -0.004911288 0.999980032 0.003974225 -1.909410477 -0.015215123 -0.004048539 0.999876022 133.951110840
0.999884367 0.003688586 0.014751949 -0.803387344 -0.003743615 0.999986172 0.003704444 -1.928004861 -0.014738081 -0.003759242 0.999884248 135.304260254
0.999908805 0.001989623 0.013357986 -0.791174412 -0.002034951 0.999992192 0.003380567 -1.941818357 -0.013351156 -0.003407442 0.999904990 136.631622314
0.999924004 0.000455844 0.012321074 -0.768650949 -0.000509204 0.999990523 0.004327982 -1.959848762 -0.012318984 -0.004333926 0.999914706 138.009368896
0.999934614 -0.000645690 0.011418420 -0.762166500 0.000592073 0.999988794 0.004698446 -1.979347110 -0.011421326 -0.004691378 0.999923766 139.360366821
0.999948680 -0.000766197 0.010103293 -0.751112342 0.000724025 0.999991000 0.004177094 -1.993471026 -0.010106402 -0.004169564 0.999940217 140.695220947
0.999960542 -0.001222422 0.008798807 -0.744519114 0.001191165 0.999992847 0.003556803 -2.011261225 -0.008803094 -0.003546182 0.999954998 142.036270142
0.999968827 -0.000950103 0.007856888 -0.742820203 0.000923493 0.999993742 0.003389733 -2.033266544 -0.007860061 -0.003382370 0.999963403 143.367095947
0.999967515 -0.003604377 0.007215778 -0.746968627 0.003599640 0.999993265 0.000669302 -2.047759295 -0.007218142 -0.000643306 0.999973714 144.706893921
0.999942601 -0.008898707 0.005966336 -0.731683373 0.008896248 0.999960303 0.000438576 -2.072662354 -0.005970002 -0.000385473 0.999982059 146.079330444
0.999858201 -0.015881039 0.005598329 -0.731198609 0.015865250 0.999870062 0.002854102 -2.090582371 -0.005642928 -0.002764878 0.999980211 147.423110962
0.999726653 -0.023047032 0.003936952 -0.720578074 0.023029195 0.999724567 0.004518041 -2.112462759 -0.004039994 -0.004426141 0.999982059 148.779205322
0.999671817 -0.025483172 0.002614398 -0.705028951 0.025482189 0.999675214 0.000408475 -2.122380495 -0.002623958 -0.000341720 0.999996483 150.139328003
0.999672174 -0.025420217 0.003060980 -0.699188530 0.025428915 0.999672592 -0.002837827 -2.143567801 -0.002987839 0.002914734 0.999991238 151.492004395
0.999756813 -0.021727828 0.003777030 -0.716844082 0.021744860 0.999753237 -0.004527859 -2.178856611 -0.003677718 0.004608888 0.999982595 152.784729004
0.999747872 -0.021959983 0.004672663 -0.724969685 0.021981552 0.999747694 -0.004615896 -2.208078146 -0.004570120 0.004717445 0.999978423 154.116256714
0.999678493 -0.024816476 0.005203396 -0.718577385 0.024822392 0.999691248 -0.001075333 -2.233404398 -0.005175103 0.001204148 0.999985874 155.492965698
0.999525785 -0.030220145 0.005901982 -0.706954181 0.030210046 0.999541879 0.001792998 -2.256556749 -0.005953464 -0.001613849 0.999980986 156.854812622
0.999419212 -0.033612896 0.005599960 -0.697295845 0.033597168 0.999431312 0.002879411 -2.276994467 -0.005693561 -0.002689596 0.999980152 158.199783325
0.999384046 -0.034618881 0.005753582 -0.693239868 0.034604713 0.999397874 0.002544097 -2.291734934 -0.005838192 -0.002343429 0.999980211 159.543304443
0.999429822 -0.033085391 0.006734204 -0.693659365 0.033063330 0.999447703 0.003360775 -2.315374136 -0.006841677 -0.003136204 0.999971688 160.895935059
0.999536812 -0.029420616 0.007785032 -0.696107566 0.029400663 0.999564171 0.002664693 -2.336974144 -0.007860037 -0.002434574 0.999966145 162.241821289
0.999631584 -0.025719158 0.008672422 -0.694660008 0.025716048 0.999669194 0.000469928 -2.357942104 -0.008681638 -0.000246735 0.999962211 163.578231812
0.999707580 -0.022252090 0.009468048 -0.688537419 0.022256492 0.999752223 -0.000359752 -2.373814344 -0.009457697 0.000570372 0.999955118 164.933959961
0.999746680 -0.020282751 0.009750693 -0.690130711 0.020276660 0.999794126 0.000722969 -2.398228884 -0.009763349 -0.000525074 0.999952197 166.276504517
0.999787688 -0.018642055 0.008776167 -0.668576479 0.018639268 0.999826252 0.000399166 -2.423667192 -0.008782084 -0.000235500 0.999961376 167.644638062
0.999831617 -0.016134022 0.008734949 -0.676679969 0.016154589 0.999866903 -0.002288883 -2.440408230 -0.008696857 0.002429607 0.999959230 168.996551514
0.999890089 -0.012338154 0.008217154 -0.679345906 0.012382583 0.999908924 -0.005377743 -2.460958719 -0.008150054 0.005478901 0.999951720 170.336120605
0.999944091 -0.006624383 0.008244566 -0.684229732 0.006677356 0.999957144 -0.006414246 -2.494808197 -0.008201724 0.006468939 0.999945402 171.690765381
0.999960899 -0.002440756 0.008496979 -0.685448229 0.002483947 0.999983966 -0.005076221 -2.523664713 -0.008484456 0.005097128 0.999950945 173.056579590
0.999958813 0.000751883 0.009047119 -0.690830290 -0.000721542 0.999994218 -0.003356514 -2.549397945 -0.009049590 0.003349848 0.999953449 174.411300659
0.999957979 0.001823482 0.008983744 -0.687150061 -0.001812183 0.999997556 -0.001265669 -2.573603630 -0.008986030 0.001249335 0.999958873 175.789413452
0.999966621 -0.001614407 0.008012193 -0.680548370 0.001615913 0.999998629 -0.000181509 -2.598629951 -0.008011889 0.000194450 0.999967873 177.167831421
0.999973595 -0.003513142 0.006365641 -0.675423920 0.003514309 0.999993801 -0.000172205 -2.621711016 -0.006364997 0.000194571 0.999979734 178.545852661
0.999982655 -0.003642887 0.004648396 -0.677044809 0.003663417 0.999983609 -0.004415776 -2.647232056 -0.004632234 0.004432728 0.999979436 179.946731567
0.999992788 -0.002664844 0.002713177 -0.669947445 0.002687176 0.999962270 -0.008260996 -2.680628538 -0.002691060 0.008268227 0.999962211 181.351638794
0.999994636 0.002366684 0.002251400 -0.686096549 -0.002346112 0.999955833 -0.009097014 -2.709115267 -0.002272830 0.009091684 0.999956012 182.751571655
0.999980152 0.005984464 0.001972902 -0.693300068 -0.005967968 0.999948204 -0.008262486 -2.741886377 -0.002022246 0.008250548 0.999963880 184.150131226
0.999966145 0.007809282 0.002573297 -0.710159659 -0.007797593 0.999959350 -0.004522347 -2.776792049 -0.002608509 0.004502128 0.999986410 185.536224365
0.999961019 0.008371512 0.002795045 -0.717683852 -0.008365005 0.999962270 -0.002331408 -2.805713654 -0.002814457 0.002307937 0.999993384 186.932464600
0.999965727 0.007789096 0.002831880 -0.716743112 -0.007784311 0.999968231 -0.001696524 -2.821198463 -0.002845004 0.001674422 0.999994576 188.361099243
0.999976277 0.006202690 0.002991381 -0.720450163 -0.006198945 0.999979973 -0.001259704 -2.844852686 -0.002999135 0.001241130 0.999994755 189.816955566
0.999990165 0.003159572 0.003131072 -0.723171115 -0.003158253 0.999994934 -0.000426557 -2.872005224 -0.003132404 0.000416664 0.999995053 191.261367798
0.999994457 0.000612961 0.003249574 -0.716071129 -0.000611792 0.999999762 -0.000360978 -2.901210070 -0.003249794 0.000358988 0.999994636 192.691970825
0.999989450 -0.002449319 0.003872849 -0.719620049 0.002446935 0.999996841 0.000620488 -2.923453569 -0.003874357 -0.000611005 0.999992251 194.112197876
0.999965310 -0.007182990 0.004196754 -0.710506856 0.007172454 0.999971092 0.002519953 -2.948838472 -0.004214733 -0.002489764 0.999988019 195.582077026
0.999941766 -0.009847383 0.004400599 -0.702474117 0.009837110 0.999948800 0.002349997 -2.968254328 -0.004423515 -0.002306571 0.999987543 197.024291992
0.999957740 -0.007552044 0.005226672 -0.709906578 0.007562933 0.999969244 -0.002066810 -2.991652727 -0.005210902 0.002106251 0.999984205 198.463195801
0.999985397 -0.000454509 0.005381925 -0.713700056 0.000491847 0.999975741 -0.006938514 -3.017976046 -0.005378640 0.006941061 0.999961436 199.882263184
0.999933600 0.009207552 0.006932081 -0.730207980 -0.009156126 0.999930620 -0.007414222 -3.045277119 -0.006999867 0.007350259 0.999948502 201.342514038
0.999828756 0.016730037 0.007915431 -0.742315054 -0.016701553 0.999853849 -0.003651034 -3.074054956 -0.007975358 0.003518209 0.999961972 202.770095825
0.999809027 0.017476548 0.008743729 -0.743090272 -0.017467337 0.999846816 -0.001128362 -3.108525515 -0.008762107 0.000975416 0.999961138 204.204879761
0.999849021 0.015409529 0.008028122 -0.735305369 -0.015402595 0.999880910 -0.000925297 -3.127501011 -0.008041423 0.000801503 0.999967396 205.644210815
0.999895573 0.012424775 0.007369983 -0.732534409 -0.012418607 0.999922514 -0.000881951 -3.153025389 -0.007380370 0.000790334 0.999972403 207.098709106
0.999919653 0.010679363 0.006826856 -0.735318542 -0.010670788 0.999942243 -0.001291241 -3.176195145 -0.006840251 0.001218289 0.999975860 208.550674438
0.999922037 0.011082586 0.005740252 -0.713802874 -0.011070432 0.999936402 -0.002144762 -3.198366880 -0.005763657 0.002081048 0.999981165 210.045135498
0.999904454 0.012526356 0.005838180 -0.718012989 -0.012513673 0.999919295 -0.002203910 -3.220856667 -0.005865316 0.002130643 0.999980509 211.513366699
0.999887049 0.013774500 0.006007021 -0.728904605 -0.013769181 0.999904752 -0.000925760 -3.250961781 -0.006019201 0.000842944 0.999981523 212.971847534
0.999896824 0.013301704 0.005418445 -0.713163912 -0.013293684 0.999910414 -0.001513816 -3.278682232 -0.005438096 0.001441628 0.999984145 214.483718872
0.999909580 0.012572984 0.004758621 -0.706024766 -0.012560945 0.999917865 -0.002551444 -3.309687138 -0.004790308 0.002491441 0.999985397 215.956832886
0.999914765 0.012211205 0.004615313 -0.708308101 -0.012197535 0.999921262 -0.002978089 -3.329983950 -0.004651315 0.002921540 0.999984920 217.423095703
0.999911487 0.012594312 0.004282264 -0.712216020 -0.012581231 0.999916077 -0.003067749 -3.357699633 -0.004320540 0.003013600 0.999986112 218.897033691
0.999911904 0.012684130 0.003942835 -0.715588748 -0.012671569 0.999914527 -0.003195137 -3.385735273 -0.003983026 0.003144894 0.999987125 220.377090454
0.999909997 0.012862325 0.003804444 -0.721930325 -0.012849898 0.999912083 -0.003272559 -3.415768147 -0.003846202 0.003223378 0.999987423 221.857421875
0.999900758 0.013668395 0.003409008 -0.720324278 -0.013656698 0.999900877 -0.003431177 -3.448536873 -0.003455569 0.003384280 0.999988317 223.312835693
0.999907792 0.013252988 0.002957041 -0.723123789 -0.013242557 0.999906123 -0.003520016 -3.475782633 -0.003003414 0.003480533 0.999989450 224.795944214
0.999899030 0.013866466 0.003113144 -0.741296470 -0.013855655 0.999897957 -0.003468133 -3.505378962 -0.003160917 0.003424648 0.999989152 226.281082153
0.999911368 0.012900552 0.003281082 -0.754823327 -0.012888284 0.999909937 -0.003733309 -3.533620119 -0.003328949 0.003690691 0.999987662 227.760894775
0.999929249 0.011488727 0.003077032 -0.752757132 -0.011477577 0.999927580 -0.003617263 -3.565775156 -0.003118367 0.003581691 0.999988735 229.252288818
0.999940574 0.010386514 0.003300804 -0.760326087 -0.010376039 0.999941111 -0.003174926 -3.597558737 -0.003333586 0.003140488 0.999989510 230.745239258
0.999953687 0.008879925 0.003708703 -0.770004451 -0.008870613 0.999957502 -0.002519306 -3.623128414 -0.003730916 0.002486290 0.999989927 232.246963501
0.999952674 0.009029189 0.003626344 -0.771529853 -0.009020822 0.999956727 -0.002316725 -3.649771214 -0.003647105 0.002283903 0.999990761 233.750762939
0.999950707 0.009246189 0.003613353 -0.778898418 -0.009236940 0.999953985 -0.002567949 -3.685242414 -0.003636931 0.002534446 0.999990165 235.254058838
0.999943674 0.009889334 0.003852815 -0.782045305 -0.009877868 0.999946713 -0.002984035 -3.715625525 -0.003882121 0.002945809 0.999988079 236.757614136
0.999928474 0.011100016 0.004462103 -0.787947178 -0.011089380 0.999935627 -0.002401544 -3.742680073 -0.004488473 0.002351891 0.999987185 238.259109497
0.999917984 0.011642636 0.005324341 -0.801309109 -0.011641387 0.999932170 -0.000265236 -3.770367622 -0.005327068 0.000203231 0.999985814 239.776947021
0.999918818 0.011403844 0.005673939 -0.796910763 -0.011402120 0.999934971 -0.000336088 -3.789688349 -0.005677402 0.000271366 0.999983847 241.292831421
0.999909341 0.011837130 0.006420041 -0.802474201 -0.011828129 0.999929011 -0.001438476 -3.819128752 -0.006436612 0.001362408 0.999978364 242.784957886
0.999901354 0.012229806 0.006906609 -0.796601236 -0.012209993 0.999921262 -0.002903681 -3.843765974 -0.006941576 0.002819065 0.999971926 244.300872803
0.999904394 0.012035361 0.006803864 -0.793120384 -0.012021879 0.999925673 -0.002018765 -3.876694441 -0.006827655 0.001936777 0.999974728 245.832672119
0.999910533 0.011840196 0.006224930 -0.778787136 -0.011833301 0.999929249 -0.001143171 -3.901635647 -0.006238026 0.001069407 0.999979973 247.381729126
0.999899745 0.012618313 0.006431474 -0.785145402 -0.012612188 0.999919891 -0.000991948 -3.926414967 -0.006443475 0.000910734 0.999978840 248.899124146
0.999903202 0.012492281 0.006120427 -0.785853446 -0.012488879 0.999921799 -0.000593963 -3.960783720 -0.006127367 0.000517469 0.999981105 250.448165894
0.999879718 0.013992162 0.006690904 -0.788615584 -0.013990729 0.999902070 -0.000260943 -3.986774921 -0.006693900 0.000167301 0.999977648 251.987609863
0.999856055 0.015571612 0.006737476 -0.792668879 -0.015568436 0.999878585 -0.000523484 -4.011568546 -0.006744810 0.000418517 0.999977171 253.530807495
0.999849260 0.015824031 0.007150445 -0.796059489 -0.015824921 0.999874711 0.000067785 -4.040315628 -0.007148477 -0.000180930 0.999974489 255.062683105
0.999863684 0.014851499 0.007202726 -0.798327148 -0.014850883 0.999889731 -0.000139180 -4.064279556 -0.007203999 0.000032194 0.999974012 256.632476807
0.999889255 0.013163269 0.006935269 -0.788516641 -0.013168322 0.999913096 0.000683310 -4.089617252 -0.006925671 -0.000774561 0.999975681 258.162475586
0.999919474 0.010629988 0.006922319 -0.788525522 -0.010639475 0.999942541 0.001335176 -4.110168934 -0.006907727 -0.001408719 0.999975085 259.685791016
0.999931216 0.009279118 0.007172183 -0.793896496 -0.009282731 0.999956787 0.000470874 -4.135704517 -0.007167504 -0.000537419 0.999974191 261.215545654
0.999945700 0.008039823 0.006629222 -0.787962615 -0.008036185 0.999967515 -0.000575355 -4.159540176 -0.006633632 0.000522050 0.999977946 262.768524170
0.999951184 0.006643992 0.007316772 -0.782157302 -0.006650864 0.999977469 0.000915240 -4.184422970 -0.007310526 -0.000963859 0.999972820 264.327697754
0.999959826 0.004721445 0.007630971 -0.773075163 -0.004738917 0.999986172 0.002273033 -4.202289104 -0.007620134 -0.002309104 0.999968350 265.880706787
0.999965489 0.003698076 0.007432857 -0.763548493 -0.003709932 0.999991894 0.001581794 -4.226491451 -0.007426946 -0.001609314 0.999971151 267.463256836
0.999962687 0.003455617 0.007917922 -0.753309608 -0.003459002 0.999993980 0.000413802 -4.245854855 -0.007916443 -0.000441174 0.999968648 269.014373779
0.999960423 0.003981568 0.007957611 -0.741907060 -0.003983189 0.999992073 0.000187890 -4.274105549 -0.007956801 -0.000219580 0.999968290 270.553131104
0.999943137 0.005757153 0.008979198 -0.740180910 -0.005759686 0.999983430 0.000256210 -4.301532269 -0.008977572 -0.000307913 0.999959588 272.082794189
0.999925137 0.007339819 0.009792810 -0.741749823 -0.007338499 0.999973059 -0.000170832 -4.324615002 -0.009793800 0.000098955 0.999951959 273.619720459
0.999908090 0.008278755 0.010737663 -0.732645750 -0.008278658 0.999965727 -0.000053561 -4.355511665 -0.010737738 -0.000035337 0.999942303 275.170745850
0.999891222 0.009276662 0.011461063 -0.720322311 -0.009270177 0.999956846 -0.000618852 -4.381098270 -0.011466308 0.000512538 0.999934077 276.696777344
0.999883533 0.009676509 0.011798503 -0.710539460 -0.009657276 0.999951959 -0.001685919 -4.406472683 -0.011814249 0.001571781 0.999928951 278.248748779
0.999884605 0.008532588 0.012562437 -0.694804430 -0.008507300 0.999961674 -0.002065099 -4.431747437 -0.012579575 0.001957988 0.999918938 279.800476074
0.999874890 0.008023896 0.013633594 -0.685420215 -0.008000927 0.999966502 -0.001738477 -4.460631847 -0.013647088 0.001629178 0.999905467 281.362731934
0.999875903 0.007179694 0.014024026 -0.665925026 -0.007167850 0.999973893 -0.000894748 -4.485559940 -0.014030085 0.000794115 0.999901175 282.927032471
0.999878228 0.006052454 0.014388221 -0.650426507 -0.006044541 0.999981582 -0.000593396 -4.517575264 -0.014391549 0.000506354 0.999896288 284.478698730
0.999887526 0.005712730 0.013866506 -0.621671319 -0.005670271 0.999979138 -0.003099466 -4.545620441 -0.013883924 0.003020490 0.999899030 286.057525635
0.999894440 0.004623641 0.013775842 -0.605087936 -0.004549328 0.999974966 -0.005420907 -4.573938370 -0.013800561 0.005357664 0.999890387 287.630187988
0.999907374 0.004332952 0.012902632 -0.590782285 -0.004264121 0.999976575 -0.005357290 -4.606350422 -0.012925545 0.005301776 0.999902427 289.192626953
0.999926388 0.003137252 0.011721659 -0.575130224 -0.003074507 0.999980807 -0.005367125 -4.638217449 -0.011738273 0.005330691 0.999916852 290.761932373
0.999936998 0.002959806 0.010830352 -0.572253108 -0.002895255 0.999977887 -0.005971119 -4.669785500 -0.010847786 0.005939386 0.999923527 292.298919678
0.999943316 0.003765064 0.009951991 -0.542592108 -0.003701050 0.999972343 -0.006442918 -4.709044933 -0.009975973 0.006405720 0.999929667 293.866210938
0.999954820 0.003650795 0.008776228 -0.525092721 -0.003598758 0.999975860 -0.005937878 -4.744491100 -0.008797694 0.005906025 0.999943852 295.446685791
0.999964893 0.003267703 0.007717162 -0.518750668 -0.003223112 0.999978065 -0.005783511 -4.780989647 -0.007735890 0.005758435 0.999953508 297.003936768
0.999974608 0.002827069 0.006558215 -0.510786295 -0.002799696 0.999987304 -0.004179299 -4.818814278 -0.006569948 0.004160832 0.999969780 298.557495117
0.999974668 0.004304284 0.005664614 -0.509414852 -0.004287353 0.999986231 -0.002997559 -4.846775532 -0.005677439 0.002973197 0.999979436 300.143402100
0.999969840 0.004432996 0.006372749 -0.506552577 -0.004413714 0.999985635 -0.003036507 -4.873417854 -0.006386118 0.003008289 0.999975026 301.739013672
0.999963999 0.004723216 0.007049541 -0.500415862 -0.004701654 0.999984324 -0.003071978 -4.904792786 -0.007063940 0.003038723 0.999970436 303.346282959
0.999967635 0.003222714 0.007366443 -0.498474926 -0.003197235 0.999988794 -0.003468039 -4.931891441 -0.007377538 0.003444375 0.999966860 304.915069580
0.999970555 0.001614019 0.007505916 -0.487670094 -0.001582111 0.999989688 -0.004255067 -4.967393398 -0.007512707 0.004243066 0.999962807 306.501983643
0.999969900 0.000010134 0.007754370 -0.476874202 0.000039084 0.999979854 -0.006346987 -4.996794224 -0.007754277 0.006347099 0.999949813 308.089538574
0.999972641 -0.000349300 0.007405200 -0.468693614 0.000403313 0.999973297 -0.007293770 -5.031020641 -0.007402455 0.007296556 0.999945998 309.696197510
0.999986768 0.000172984 0.005154690 -0.469335049 -0.000128521 0.999962747 -0.008624860 -5.064698219 -0.005155990 0.008624083 0.999949515 311.305053711
0.999995470 0.001052427 0.002808577 -0.464064181 -0.001030855 0.999970019 -0.007671006 -5.103559494 -0.002816566 0.007668076 0.999966621 312.920074463
0.999995530 0.002113588 0.002121086 -0.465924054 -0.002104233 0.999988019 -0.004403299 -5.137901783 -0.002130368 0.004398816 0.999988079 314.549774170
0.999996305 0.000406597 0.002681371 -0.465987504 -0.000402728 0.999998868 -0.001443078 -5.172915936 -0.002681955 0.001441992 0.999995351 316.159973145
0.999997258 -0.000543289 0.002258572 -0.465771466 0.000544398 0.999999642 -0.000490708 -5.201423645 -0.002258305 0.000491936 0.999997318 317.778869629
0.999994934 -0.001611730 0.002749184 -0.469001353 0.001617107 0.999996781 -0.001954779 -5.223902225 -0.002746025 0.001959214 0.999994278 319.418151855
0.999991179 -0.002994651 0.002953459 -0.474008292 0.002999636 0.999994159 -0.001684864 -5.252669811 -0.002948396 0.001693709 0.999994159 321.028320312
0.999989152 -0.002845173 0.003715269 -0.497705132 0.002851188 0.999994576 -0.001614875 -5.276018620 -0.003710654 0.001625450 0.999991715 322.630310059
0.999987662 -0.002664581 0.004174159 -0.495962262 0.002671903 0.999994874 -0.001749777 -5.303313255 -0.004169475 0.001760909 0.999989748 324.258605957
0.999989510 -0.001492249 0.004331909 -0.493915528 0.001504580 0.999994814 -0.002844676 -5.331554890 -0.004327642 0.002851164 0.999986589 325.882720947
0.999986887 -0.000456145 0.005085141 -0.495017886 0.000472467 0.999994755 -0.003208949 -5.370821476 -0.005083650 0.003211310 0.999981880 327.491516113
0.999983609 -0.001922331 0.005383434 -0.487715691 0.001928824 0.999997437 -0.001201170 -5.402895451 -0.005381111 0.001211535 0.999984801 329.131225586
0.999979675 -0.002961264 0.005641384 -0.488751501 0.002963183 0.999995530 -0.000331852 -5.436142921 -0.005640376 0.000348562 0.999984026 330.730194092
0.999975443 -0.004267726 0.005578530 -0.484476238 0.004277503 0.999989331 -0.001741688 -5.463569641 -0.005571038 0.001765508 0.999982893 332.362640381
0.999980927 -0.003583018 0.005037781 -0.469776422 0.003590635 0.999992430 -0.001503768 -5.496290207 -0.005032355 0.001521828 0.999986231 334.005065918
0.999985278 -0.001356713 0.005242450 -0.493453890 0.001375103 0.999992907 -0.003506048 -5.530632496 -0.005237656 0.003513205 0.999980092 335.584564209
0.999990642 0.000213685 0.004317400 -0.491113782 -0.000185994 0.999979436 -0.006413367 -5.563307762 -0.004318682 0.006412505 0.999970138 337.210449219
0.999992132 0.001454941 0.003682519 -0.499481767 -0.001433867 0.999982595 -0.005718879 -5.605675697 -0.003690776 0.005713555 0.999976873 338.804840088
0.999992907 0.002477565 0.002815603 -0.507628322 -0.002471472 0.999994576 -0.002165606 -5.642021179 -0.002820953 0.002158631 0.999993682 340.389007568
0.999995947 0.002644453 0.000968705 -0.504943609 -0.002645357 0.999996066 0.000932607 -5.678192616 -0.000966235 -0.000935166 0.999999106 342.009399414
0.999994040 0.003455998 -0.000146481 -0.519355893 -0.003456043 0.999993920 -0.000306722 -5.707300186 0.000145420 0.000307227 0.999999940 343.597320557
0.999993622 0.002854656 -0.002126164 -0.529420972 -0.002858724 0.999994040 -0.001912562 -5.735386372 0.002120691 0.001918628 0.999995887 345.188415527
0.999990523 0.001526361 -0.004078001 -0.536933720 -0.001528854 0.999998629 -0.000608302 -5.764282703 0.004077067 0.000614531 0.999991477 346.763397217
0.999986649 0.000261339 -0.005152164 -0.549011886 -0.000261691 1.000000000 -0.000067574 -5.795825958 0.005152146 0.000068921 0.999986708 348.357025146
0.999985874 -0.000262341 -0.005298318 -0.577035964 0.000257598 0.999999523 -0.000895962 -5.820678234 0.005298550 0.000894584 0.999985576 349.947174072
0.999981940 -0.001377677 -0.005839645 -0.586066604 0.001366867 0.999997318 -0.001854822 -5.849124908 0.005842185 0.001846807 0.999981225 351.543579102
0.999981821 -0.001521072 -0.005835235 -0.601789296 0.001508586 0.999996543 -0.002143500 -5.876321316 0.005838476 0.002134658 0.999980688 353.140960693
0.999980390 -0.002201461 -0.005867032 -0.620321393 0.002187778 0.999994874 -0.002337457 -5.904165268 0.005872148 0.002324575 0.999980092 354.726562500
0.999979556 -0.002540807 -0.005866699 -0.632774115 0.002523355 0.999992311 -0.002980277 -5.937609196 0.005874227 0.002965412 0.999978304 356.326263428
0.999978364 -0.002682518 -0.006008265 -0.650996208 0.002660106 0.999989510 -0.003735118 -5.965933323 0.006018221 0.003719054 0.999974966 357.939392090
0.999977231 -0.003141552 -0.005958949 -0.666101217 0.003119701 0.999988496 -0.003672691 -5.996584892 0.005970418 0.003654018 0.999975443 359.527069092
0.999974430 -0.003317960 -0.006331346 -0.675964415 0.003291148 0.999985576 -0.004240510 -6.033704758 0.006345323 0.004219564 0.999970973 361.129028320
0.999968946 -0.004803938 -0.006248232 -0.690513968 0.004768449 0.999972403 -0.005682422 -6.066942215 0.006275357 0.005652450 0.999964356 362.727630615
0.999961495 -0.006285514 -0.006116731 -0.708897114 0.006263074 0.999973536 -0.003680817 -6.102799892 0.006139704 0.003642367 0.999974430 364.340393066
0.999942124 -0.008530919 -0.006553731 -0.709436536 0.008514035 0.999960303 -0.002599800 -6.139422894 0.006575649 0.002543851 0.999975085 365.938903809
0.999952912 -0.007890101 -0.005649090 -0.739593148 0.007867235 0.999960840 -0.004058428 -6.163260460 0.005680890 0.004013794 0.999975801 367.540344238
0.999965131 -0.006594013 -0.005112867 -0.763501108 0.006567527 0.999964952 -0.005179776 -6.185199738 0.005146843 0.005146017 0.999973536 369.155731201
0.999971330 -0.005812893 -0.004836714 -0.779536724 0.005794522 0.999975979 -0.003803727 -6.230838299 0.004858709 0.003775592 0.999981046 370.755584717
0.999981761 -0.004036244 -0.004477118 -0.796260297 0.004023075 0.999987602 -0.002946690 -6.259309292 0.004488956 0.002928626 0.999985576 372.361358643
0.999981403 -0.004127842 -0.004478715 -0.805899262 0.004112852 0.999985874 -0.003351107 -6.292377949 0.004492485 0.003332624 0.999984384 373.965576172
0.999984264 -0.003727075 -0.004195547 -0.832676291 0.003706906 0.999981582 -0.004804779 -6.314091682 0.004213379 0.004789151 0.999979734 375.557403564
0.999987185 -0.003343234 -0.003805039 -0.849809170 0.003325872 0.999984026 -0.004560031 -6.354372025 0.003820223 0.004547318 0.999982297 377.151611328
0.999987006 -0.003508018 -0.003710642 -0.851813793 0.003492039 0.999984682 -0.004303856 -6.392635345 0.003725683 0.004290842 0.999983847 378.779998779
0.999993980 -0.001176717 -0.003272661 -0.880412936 0.001161909 0.999989092 -0.004523150 -6.421749115 0.003277948 0.004519320 0.999984384 380.426696777
0.999996960 0.000511382 -0.002437670 -0.898462713 -0.000520389 0.999993086 -0.003695645 -6.457259178 0.002435763 0.003696902 0.999990225 382.033416748
0.999996364 0.001695260 -0.002087482 -0.919294655 -0.001704487 0.999988675 -0.004426247 -6.489475727 0.002079954 0.004429788 0.999988019 383.662872314
