1.000000000 0.000000000 0.000000000 0.000000030 0.000000000 1.000000000 0.000000000 -0.000000000 0.000000000 0.000000000 1.000000000 -0.000000119
0.999997675 -0.001605033 -0.001428854 -0.002694052 0.001603703 0.999998271 -0.000932047 -0.007717878 0.001430347 0.000929754 0.999998569 0.563848197
0.999995530 -0.001783212 -0.002398971 -0.007964047 0.001776957 0.999994993 -0.002607310 -0.017341265 0.002403608 0.002603036 0.999993742 1.119450688
0.999986589 -0.002508615 -0.004525011 -0.009248089 0.002492617 0.999990642 -0.003537653 -0.035228655 0.004533843 0.003526327 0.999983490 1.684844375
0.999970257 -0.004373816 -0.006352113 -0.020522200 0.004338506 0.999975145 -0.005562082 -0.040972900 0.006376282 0.005534358 0.999964356 2.251472473
0.999946058 -0.007232551 -0.007455455 -0.032906648 0.007180274 0.999949634 -0.007014920 -0.065111384 0.007505815 0.006961009 0.999947548 2.801378489
0.999924481 -0.008415712 -0.008948634 -0.039417133 0.008347705 0.999936104 -0.007610021 -0.078446776 0.009012106 0.007534747 0.999930978 3.372813702
0.999911726 -0.008404379 -0.010291934 -0.050891466 0.008332796 0.999940872 -0.006978491 -0.090469606 0.010349977 0.006892114 0.999922633 3.955772161
0.999897480 -0.008816510 -0.011278820 -0.062687553 0.008733314 0.999934494 -0.007404365 -0.104648218 0.011343362 0.007305104 0.999908924 4.548529625
0.999885321 -0.008374960 -0.012614136 -0.070796609 0.008247217 0.999914527 -0.010145070 -0.119725451 0.012698024 0.010039875 0.999868929 5.142107964
0.999884009 -0.006606684 -0.013715819 -0.087849304 0.006416132 0.999882936 -0.013890722 -0.135384783 0.013805984 0.013801109 0.999809384 5.744879246
0.999869645 -0.005559031 -0.015147880 -0.101710208 0.005292971 0.999832034 -0.017548086 -0.147896558 0.015242883 0.017465625 0.999731243 6.359002590
0.999862134 -0.003363422 -0.016254205 -0.119131789 0.003076733 0.999839842 -0.017630849 -0.162075609 0.016310902 0.017578408 0.999712408 6.988347054
0.999844015 -0.001340722 -0.017611308 -0.130942956 0.001149213 0.999940038 -0.010879857 -0.169703215 0.017624840 0.010857919 0.999785721 7.633000851
0.999839664 -0.000163942 -0.017905910 -0.152894542 0.000158802 0.999999881 -0.000288443 -0.183159143 0.017905960 0.000285554 0.999839664 8.291253090
0.999819100 0.000475798 -0.019021204 -0.167956114 -0.000356572 0.999980152 0.006270945 -0.192524731 0.019023817 -0.006263028 0.999799550 8.980712891
0.999782979 0.002843769 -0.020638907 -0.182597458 -0.002735758 0.999982536 0.005259705 -0.208768472 0.020653503 -0.005202102 0.999773145 9.662981987
0.999766409 0.004881002 -0.021055318 -0.210665271 -0.004923258 0.999985993 -0.001955524 -0.215118676 0.021045476 0.002058728 0.999776363 10.356723785
0.999740064 0.004550171 -0.022343609 -0.226215482 -0.004726011 0.999958158 -0.007823259 -0.215198457 0.022307081 0.007926822 0.999719799 11.061289787
0.999718666 0.002097093 -0.023625756 -0.243372560 -0.002246116 0.999977708 -0.006282868 -0.216657519 0.023612054 0.006334167 0.999701142 11.803806305
0.999714375 0.001612046 -0.023842467 -0.268680930 -0.001541528 0.999994397 0.002975749 -0.228772730 0.023847131 -0.002938146 0.999711215 12.568831444
0.999706328 0.001219064 -0.024203034 -0.290473759 -0.000966639 0.999945045 0.010438468 -0.234246150 0.024214432 -0.010412008 0.999652565 13.344669342
0.999696791 0.000365208 -0.024620295 -0.316105992 -0.000048317 0.999917209 0.012870480 -0.235027760 0.024622956 -0.012865389 0.999614000 14.133199692
0.999687791 -0.001495596 -0.024944447 -0.334549755 0.001791270 0.999928415 0.011835150 -0.234334111 0.024924960 -0.011876136 0.999618709 14.938838005
0.999704301 -0.001959024 -0.024237275 -0.356833607 0.002189001 0.999952793 0.009465691 -0.236166731 0.024217585 -0.009515948 0.999661386 15.768446922
0.999720335 0.000780624 -0.023638789 -0.382058054 -0.000636642 0.999981284 0.006097836 -0.237035587 0.023643104 -0.006081081 0.999701917 16.605058670
0.999735236 -0.002628366 -0.022863220 -0.401947588 0.002636408 0.999996483 0.000321585 -0.239370644 0.022862295 -0.000381776 0.999738574 17.461784363
0.999740541 -0.005226024 -0.022172308 -0.419390529 0.005095248 0.999969363 -0.005950589 -0.249735713 0.022202723 0.005836070 0.999736547 18.332532883
0.999767363 -0.004261118 -0.021146525 -0.437987119 0.004025796 0.999929547 -0.011158260 -0.264393300 0.021192582 0.011070532 0.999714077 19.243778229
0.999782562 -0.003016683 -0.020634035 -0.466638118 0.002768843 0.999923766 -0.012029248 -0.278833985 0.020668749 0.011969500 0.999714732 20.148471832
0.999763727 -0.002980338 -0.021535238 -0.482807845 0.002733275 0.999930263 -0.011492857 -0.296983182 0.021567991 0.011431280 0.999701977 21.087615967
0.999771059 -0.001430096 -0.021353118 -0.512742698 0.001156715 0.999917269 -0.012809727 -0.322370648 0.021369671 0.012782096 0.999689877 22.026203156
0.999774575 0.001633217 -0.021169936 -0.532472014 -0.001949969 0.999886274 -0.014950412 -0.342993498 0.021143110 0.014988324 0.999664068 22.995962143
0.999758601 0.004839155 -0.021435112 -0.560422063 -0.005176580 0.999863148 -0.015714286 -0.366103083 0.021356134 0.015821455 0.999646723 23.961189270
0.999756813 0.006561787 -0.021056095 -0.598439515 -0.006891979 0.999853790 -0.015647478 -0.392825484 0.020950342 0.015788794 0.999655783 24.945112228
0.999742746 0.007671396 -0.021347802 -0.624419391 -0.008008522 0.999843895 -0.015751658 -0.418928415 0.021223631 0.015918570 0.999647975 25.919147491
0.999732733 0.007090188 -0.022004666 -0.639180422 -0.007437325 0.999848545 -0.015734110 -0.444506139 0.021889774 0.015893562 0.999633968 26.898237228
0.999714613 0.008622655 -0.022279719 -0.662197590 -0.008947700 0.999854326 -0.014530933 -0.479909271 0.022151185 0.014726139 0.999646068 27.913513184
0.999704659 0.009234951 -0.022482499 -0.690048754 -0.009514117 0.999878466 -0.012341853 -0.508947670 0.022365797 0.012552109 0.999670982 28.930057526
0.999692202 0.009897210 -0.022751547 -0.718969047 -0.010152270 0.999886632 -0.011122525 -0.536696672 0.022638887 0.011350080 0.999679267 29.950555801
0.999681592 0.010201249 -0.023080468 -0.741693914 -0.010484485 0.999870777 -0.012184040 -0.561100543 0.022953194 0.012422148 0.999659300 30.988269806
0.999671221 0.011238081 -0.023046833 -0.778362036 -0.011550640 0.999842405 -0.013473892 -0.585347533 0.022891782 0.013735666 0.999643624 31.999923706
0.999669313 0.010777410 -0.023346698 -0.808971763 -0.011067935 0.999862373 -0.012350667 -0.614230514 0.023210377 0.012604982 0.999651134 33.034702301
0.999659538 0.010775626 -0.023761889 -0.841776490 -0.011012969 0.999890506 -0.009880366 -0.637562931 0.023652822 0.010138688 0.999668837 34.092262268
0.999641955 0.010677680 -0.024536345 -0.867037773 -0.010833685 0.999921799 -0.006234048 -0.661861956 0.024467859 0.006497634 0.999679506 35.149356842
0.999624550 0.010890717 -0.025143271 -0.898880482 -0.010997957 0.999930978 -0.004130882 -0.680643499 0.025096545 0.004405856 0.999675333 36.210945129
0.999615014 0.010331067 -0.025751969 -0.928672969 -0.010411786 0.999941289 -0.003002468 -0.709030807 0.025719434 0.003269437 0.999663889 37.277198792
0.999607265 0.010100594 -0.026141984 -0.965046704 -0.010226993 0.999936640 -0.004706054 -0.726651073 0.026092790 0.004971560 0.999647200 38.350521088
0.999591351 0.010838501 -0.026452418 -1.004314661 -0.010988229 0.999924362 -0.005521512 -0.743670225 0.026390571 0.005809920 0.999634862 39.444408417
0.999577641 0.010696099 -0.027026344 -1.041162372 -0.010816958 0.999932051 -0.004329677 -0.760653734 0.026978198 0.004620190 0.999625444 40.528759003
0.999569714 0.010701609 -0.027309962 -1.093001008 -0.010774708 0.999938726 -0.002530935 -0.782544613 0.027281199 0.002824101 0.999623835 41.625148773
0.999548674 0.010279516 -0.028228477 -1.124890208 -0.010274781 0.999947131 0.000312771 -0.809847593 0.028230194 -0.000022589 0.999601543 42.720016479
0.999506950 0.011917634 -0.029047947 -1.146155834 -0.011918478 0.999928951 0.000144020 -0.831608951 0.029047601 0.000202259 0.999577999 43.791877747
0.999476612 0.013080957 -0.029586425 -1.184697032 -0.013185764 0.999907434 -0.003350091 -0.855509818 0.029539866 0.003738458 0.999556601 44.864807129
0.999462545 0.014444685 -0.029426644 -1.227626085 -0.014675566 0.999863088 -0.007645214 -0.875454247 0.029312186 0.008072960 0.999537706 45.949085236
0.999467552 0.014935536 -0.029007399 -1.278907418 -0.015166818 0.999854743 -0.007769640 -0.900311232 0.028887145 0.008205454 0.999548912 47.019874573
0.999458134 0.014964556 -0.029315447 -1.300249934 -0.015119969 0.999872744 -0.005086997 -0.928241551 0.029235592 0.005527489 0.999557257 48.143524170
0.999458849 0.015365349 -0.029085658 -1.337014556 -0.015456975 0.999876201 -0.002928007 -0.952739000 0.029037073 0.003375999 0.999572575 49.231731415
0.999479175 0.013861886 -0.029142179 -1.377117038 -0.013922529 0.999901235 -0.001879143 -0.970292032 0.029113257 0.002283898 0.999573469 50.313728333
0.999484599 0.014180630 -0.028799707 -1.412290454 -0.014257758 0.999895275 -0.002474603 -0.996835291 0.028761601 0.002883947 0.999582112 51.412452698
0.999495208 0.013926255 -0.028558964 -1.453836679 -0.014065726 0.999889970 -0.004688550 -1.017873406 0.028490532 0.005087886 0.999581039 52.516723633
0.999505639 0.013736172 -0.028280545 -1.484370947 -0.013935840 0.999879122 -0.006875430 -1.038225532 0.028182685 0.007266145 0.999576330 53.607894897
0.999522924 0.013028457 -0.028000427 -1.522225976 -0.013283622 0.999871731 -0.008946415 -1.075628877 0.027880277 0.009314096 0.999567866 54.703834534
0.999549568 0.011299646 -0.027801463 -1.558274150 -0.011643161 0.999857366 -0.012225386 -1.106863379 0.027659357 0.012543578 0.999538779 55.783977509
0.999577582 0.009700202 -0.027395083 -1.589253187 -0.010094985 0.999846578 -0.014309317 -1.132751822 0.027252076 0.014579823 0.999522269 56.871623993
0.999598205 0.008159726 -0.027145302 -1.621119738 -0.008484127 0.999893606 -0.011856908 -1.164096475 0.027045667 0.012082446 0.999561191 57.954055786
0.999613404 0.007043861 -0.026894156 -1.655360818 -0.007202558 0.999957144 -0.005808562 -1.194795609 0.026852090 0.006000021 0.999621391 59.049854279
0.999621630 0.005208974 -0.027012480 -1.677183151 -0.005216554 0.999986231 -0.000210121 -1.214069366 0.027011022 0.000350954 0.999635100 60.151611328
0.999621749 0.003504912 -0.027279584 -1.704926252 -0.003502284 0.999993682 0.000144118 -1.229617000 0.027279921 -0.000048522 0.999627829 61.244197845
0.999645650 0.000561282 -0.026610324 -1.739452243 -0.000634272 0.999996066 -0.002734570 -1.249763608 0.026608683 0.002750480 0.999642074 62.332942963
0.999645531 -0.000997950 -0.026602309 -1.770437002 0.000840551 0.999982059 -0.005927270 -1.270136595 0.026607743 0.005902808 0.999628544 63.430023193
0.999646127 0.001055568 -0.026578946 -1.809121966 -0.001313858 0.999952078 -0.009702221 -1.298647881 0.026567431 0.009733710 0.999599636 64.517745972
0.999647915 0.001456921 -0.026492484 -1.843065500 -0.001830098 0.999899387 -0.014067356 -1.326019406 0.026469322 0.014110887 0.999550045 65.596725464
0.999655426 0.004013839 -0.025946319 -1.879605532 -0.004401721 0.999879122 -0.014909597 -1.352995396 0.025883339 0.015018666 0.999552131 66.711219788
0.999658644 0.008001103 -0.024874574 -1.924439311 -0.008283167 0.999902308 -0.011257149 -1.383355618 0.024782076 0.011459348 0.999627173 67.813713074
0.999640763 0.009727850 -0.024974361 -1.957159877 -0.009963534 0.999906778 -0.009330003 -1.412407637 0.024881272 0.009575485 0.999644518 68.916961670
0.999648333 0.009125385 -0.024897309 -1.985230684 -0.009331144 0.999923170 -0.008160699 -1.443887711 0.024820924 0.008390149 0.999656677 70.002288818
0.999657154 0.007452608 -0.025101513 -2.009980202 -0.007641830 0.999943078 -0.007450832 -1.470930338 0.025044555 0.007640099 0.999657154 71.099235535
0.999663234 0.006542017 -0.025111740 -2.048092604 -0.006698232 0.999958634 -0.006141695 -1.495585442 0.025070524 0.006307832 0.999665737 72.198944092
0.999668360 0.004528211 -0.025351530 -2.080212593 -0.004631231 0.999981225 -0.004006422 -1.521728635 0.025332905 0.004122501 0.999670684 73.290946960
0.999640524 0.003122342 -0.026628539 -2.102102041 -0.003197909 0.999990940 -0.002795742 -1.540340662 0.026619561 0.002879892 0.999641478 74.383666992
0.999632657 0.002253007 -0.027007213 -2.134137869 -0.002350240 0.999990821 -0.003569083 -1.572775841 0.026998919 0.003631245 0.999628901 75.461349487
0.999624908 0.002886989 -0.027239328 -2.178115606 -0.003084186 0.999969304 -0.007200172 -1.603650331 0.027217705 0.007281482 0.999603033 76.553794861
0.999593973 0.003692416 -0.028255191 -2.208476782 -0.003952091 0.999950469 -0.009140046 -1.629692316 0.028220039 0.009248002 0.999558985 77.635452271
0.999571800 0.005633528 -0.028712042 -2.245909929 -0.005855505 0.999953568 -0.007652993 -1.654726982 0.028667592 0.007817840 0.999558389 78.713325500
0.999548376 0.006813334 -0.029269742 -2.284493446 -0.006917653 0.999970078 -0.003464296 -1.677184582 0.029245259 0.003665209 0.999565542 79.791519165
0.999530077 0.007795987 -0.029645763 -2.325068712 -0.007776880 0.999969423 0.000759753 -1.706728578 0.029650781 -0.000528844 0.999560177 80.869918823
0.999500930 0.009150192 -0.030234367 -2.367654800 -0.009110675 0.999957383 0.001444524 -1.725725412 0.030246302 -0.001168348 0.999541700 81.941276550
0.999484003 0.008915872 -0.030860411 -2.403701544 -0.008946927 0.999959528 -0.000868371 -1.742900610 0.030851424 0.001144029 0.999523282 83.008750916
0.999475002 0.008714204 -0.031206448 -2.448036194 -0.008768988 0.999960303 -0.001619169 -1.764720201 0.031191103 0.001891968 0.999511659 84.083717346
0.999467731 0.007940815 -0.031645223 -2.484424591 -0.007998911 0.999966562 -0.001709735 -1.787912726 0.031630583 0.001961953 0.999497771 85.135833740
0.999443948 0.006893770 -0.032624580 -2.522630215 -0.006949878 0.999974608 -0.001606759 -1.803085327 0.032612670 0.001832603 0.999466360 86.180885315
0.999435663 0.005656178 -0.033110373 -2.556252480 -0.005668472 0.999983907 -0.000277474 -1.827905297 0.033108264 0.000465002 0.999451637 87.210166931
0.999422252 0.005991139 -0.033455592 -2.596284389 -0.005910116 0.999979436 0.002520134 -1.849826336 0.033469990 -0.002320951 0.999436975 88.215316772
0.999385774 0.004947705 -0.034692150 -2.636432648 -0.004833162 0.999982595 0.003384727 -1.870948792 0.034708299 -0.003214976 0.999392271 89.195083618
0.999317288 0.003739801 -0.036756482 -2.676881075 -0.003608408 0.999986887 0.003640364 -1.891967297 0.036769602 -0.003505247 0.999317586 90.165931702
0.999195576 0.002762289 -0.040008418 -2.718472242 -0.002655458 0.999992847 0.002723093 -1.911236286 0.040015642 -0.002614662 0.999195576 91.097953796
0.999064565 0.002689540 -0.043159965 -2.766999722 -0.002611462 0.999994874 0.001865319 -1.930468082 0.043164760 -0.001750864 0.999066412 92.019546509
0.998926342 0.002559103 -0.046254002 -2.817847967 -0.002457435 0.999994338 0.002254767 -1.947302341 0.046259515 -0.002138680 0.998927116 92.910972595
0.998764932 0.003806003 -0.049536817 -2.865493298 -0.003658485 0.999988556 0.003068283 -1.962750316 0.049547922 -0.002883265 0.998767555 93.776840210
0.998615146 0.004623587 -0.052404817 -2.921835899 -0.004395572 0.999980390 0.004465458 -1.983496666 0.052424435 -0.004228925 0.998615861 94.619453430
0.998435676 0.006011562 -0.055587616 -2.971299887 -0.005688784 0.999966025 0.005963076 -1.997292519 0.055621568 -0.005637523 0.998435974 95.435829163
0.998290718 0.007117643 -0.058006436 -3.029456139 -0.006738502 0.999954641 0.006729184 -2.012606859 0.058051694 -0.006326807 0.998293519 96.225669861
0.998123884 0.009357769 -0.060507648 -3.081126928 -0.008925010 0.999932766 0.007418439 -2.031635284 0.060572989 -0.006864490 0.998140097 96.983726501
0.997918665 0.011042905 -0.063533045 -3.130637407 -0.010669832 0.999923825 0.006208412 -2.044881821 0.063596763 -0.005517605 0.997960448 97.715232849
0.997757018 0.012470006 -0.065767646 -3.191991091 -0.012326508 0.999920666 0.002587255 -2.064303875 0.065794677 -0.001770767 0.997831583 98.407073975
0.997548163 0.014973757 -0.068363227 -3.249860525 -0.015084815 0.999885619 -0.001108530 -2.075110912 0.068338811 0.002137058 0.997659922 99.082572937
0.997375906 0.016427884 -0.070509128 -3.294359922 -0.016732540 0.999853015 -0.003732283 -2.096298695 0.070437446 0.004902286 0.997504056 99.726303101
0.997270763 0.018655363 -0.071436912 -3.344104767 -0.019026574 0.999808729 -0.004519336 -2.112634659 0.071338937 0.005866201 0.997434795 100.343032837
0.997289896 0.021042032 -0.070498772 -3.395206928 -0.021398135 0.999761701 -0.004299691 -2.125545263 0.070391506 0.005796582 0.997502565 100.925796509
0.997473419 0.024733813 -0.066597208 -3.461805820 -0.024970861 0.999684453 -0.002729259 -2.142153502 0.066508688 0.004385353 0.997776151 101.496109009
0.997709453 0.027204067 -0.061933368 -3.480759859 -0.027333941 0.999625564 -0.001250562 -2.158817053 0.061876174 0.002940581 0.998079419 102.046646118
0.998120666 0.027960228 -0.054528676 -3.511971951 -0.027940961 0.999608874 0.001115814 -2.176027775 0.054538555 0.000409867 0.998511553 102.558334351
0.998611689 0.028001387 -0.044616077 -3.536240578 -0.027867874 0.999605060 0.003611821 -2.188818932 0.044699602 -0.002363450 0.998997569 103.056114197
0.999069214 0.027551714 -0.033190563 -3.532603264 -0.027413186 0.999613404 0.004621611 -2.199659824 0.033305068 -0.003707448 0.999438345 103.533370972
0.999450147 0.026721492 -0.019629348 -3.535550594 -0.026633972 0.999634147 0.004706512 -2.209855556 0.019747932 -0.004181116 0.999796212 103.991355896
0.999635100 0.026654974 -0.004398040 -3.530034304 -0.026639339 0.999638736 0.003575833 -2.218208313 0.004491769 -0.003457367 0.999983907 104.428901672
0.999594092 0.025223032 0.013248425 -3.504391193 -0.025234172 0.999681354 0.000674704 -2.231327295 -0.013227183 -0.001008743 0.999912024 104.852905273
0.999089539 0.024796130 0.034720480 -3.479163408 -0.024667652 0.999687135 -0.004123867 -2.240236521 -0.034811873 0.003263639 0.999388516 105.269317627
0.998021960 0.022618480 0.058657948 -3.428717136 -0.022136141 0.999715686 -0.008859769 -2.251782894 -0.058841657 0.007543782 0.998238862 105.679428101
0.996091902 0.020419382 0.085931726 -3.369974136 -0.019473899 0.999740362 -0.011826734 -2.261435747 -0.086150900 0.010107088 0.996230900 106.089096069
0.993134558 0.017576307 0.115650453 -3.300318718 -0.016209750 0.999787390 -0.012746241 -2.276180267 -0.115849882 0.010784065 0.993208170 106.471534729
0.988838971 0.015156486 0.148215503 -3.213699341 -0.013146807 0.999808013 -0.014529536 -2.291926384 -0.148407266 0.012418808 0.988848388 106.834426880
0.982718349 0.012943185 0.184654191 -3.123636246 -0.010186190 0.999822199 -0.015871445 -2.306720734 -0.184826761 0.013716236 0.982675433 107.207061768
0.974833012 0.009604565 0.222729415 -3.002435684 -0.006016084 0.999840975 -0.016784333 -2.317326069 -0.222855210 0.015021959 0.974735916 107.570922852
0.964805186 0.007546690 0.262857676 -2.878318787 -0.003097089 0.999844790 -0.017338026 -2.335422516 -0.262947738 0.015913721 0.964678824 107.916389465
0.952452123 0.007884375 0.304586321 -2.752042770 -0.002551141 0.999836385 -0.017903786 -2.356740475 -0.304677635 0.016275458 0.952316523 108.235351562
0.937221646 0.010283751 0.348582715 -2.601711273 -0.003968275 0.999814928 -0.018826794 -2.365778685 -0.348711789 0.016261607 0.937088966 108.563591003
0.919509351 0.010943437 0.392915994 -2.426723480 -0.004300441 0.999832571 -0.017783226 -2.374755383 -0.393044829 0.014662128 0.919402421 108.880813599
0.898990989 0.009351510 0.437867045 -2.251399994 -0.002396543 0.999862075 -0.016433638 -2.387310505 -0.437960386 0.013724324 0.898889601 109.187904358
0.875821352 0.008100174 0.482567608 -2.056903839 0.000008126 0.999858797 -0.016797958 -2.401678085 -0.482635558 0.014715930 0.875697672 109.466079712
0.850588918 0.009454793 0.525746286 -1.835186005 0.000890187 0.999811053 -0.019420380 -2.413819551 -0.525830567 0.016986772 0.850419760 109.757980347
0.822997034 0.010840113 0.567942321 -1.621448517 0.001844656 0.999761641 -0.021755164 -2.443633318 -0.568042755 0.018952090 0.822780848 110.009346008
0.791896999 0.015502125 0.610457897 -1.387702942 0.000221702 0.999670386 -0.025673484 -2.462430716 -0.610654652 0.020466095 0.791632593 110.273834229
0.757984936 0.021705158 0.651910901 -1.133811951 -0.003099400 0.999554753 -0.029676137 -2.472583532 -0.652264714 0.020473531 0.757714748 110.526000977
0.720476031 0.026563561 0.692971051 -0.862255096 -0.004861497 0.999435067 -0.033256754 -2.475408316 -0.693462908 0.020591814 0.720198095 110.772140503
0.681362569 0.026497480 0.731466413 -0.566608429 -0.002974716 0.999436438 -0.033433788 -2.496876955 -0.731940091 0.020604625 0.681057453 110.995384216
0.640531778 0.024056382 0.767554879 -0.253768921 0.001056377 0.999480665 -0.032206859 -2.509884119 -0.767930984 0.021440338 0.640173674 111.195739746
0.595834494 0.022188460 0.802800775 0.072193146 0.002876946 0.999552906 -0.029761707 -2.516258001 -0.803102136 0.020042665 0.595504165 111.408988953
0.551163435 0.020895870 0.834135592 0.404163361 0.004221850 0.999603689 -0.027830631 -2.524068832 -0.834386587 0.018860824 0.550856769 111.541061401
0.503033698 0.018475734 0.864069343 0.763179779 0.006166460 0.999669254 -0.024965083 -2.533089161 -0.864244640 0.017886525 0.502753437 111.707244873
0.452026516 0.014766866 0.891882241 1.130924225 0.009235919 0.999731779 -0.021233503 -2.542925358 -0.891956568 0.017835459 0.451768875 111.854141235
0.399696469 0.014928633 0.916525960 1.491283417 0.005824950 0.999805808 -0.018825378 -2.565583944 -0.916628957 0.012863155 0.399531811 111.986137390
0.348100513 0.019631514 0.937251687 1.874897003 0.002411542 0.999758601 -0.021836437 -2.580111265 -0.937454045 0.009861495 0.347969055 112.103660583
0.297929257 0.025218964 0.954254746 2.290954590 0.000845148 0.999643564 -0.026682362 -2.593143463 -0.954587519 0.008755943 0.297801763 112.202499390
0.251285940 0.027309593 0.967527628 2.697429657 0.002583760 0.999579370 -0.028885348 -2.605156660 -0.967909515 0.009758341 0.251109660 112.273361206
0.210209042 0.027062677 0.977281928 3.118085861 0.009473386 0.999513388 -0.029716000 -2.621915817 -0.977610707 0.015504739 0.209850401 112.321098328
0.174992457 0.026933378 0.984201312 3.548910141 0.017932016 0.999372840 -0.030536894 -2.632376671 -0.984406531 0.022992443 0.174399734 112.360816956
0.144575492 0.028225373 0.989091158 4.003682137 0.022100039 0.999251544 -0.031745687 -2.647346973 -0.989247024 0.026448600 0.143843532 112.396926880
0.116276756 0.026280357 0.992869139 4.475573540 0.020329138 0.999377489 -0.028833412 -2.670536280 -0.993008733 0.023536831 0.115670100 112.444190979
0.090669468 0.023178047 0.995611370 4.986610413 0.014054033 0.999599636 -0.024550794 -2.680788040 -0.995781898 0.016218362 0.090307429 112.493263245
0.067252263 0.019076958 0.997553587 5.471502781 0.009209265 0.999762833 -0.019740064 -2.699355125 -0.997693598 0.010514299 0.067060627 112.516929626
0.044601407 0.016541258 0.998867929 5.995812416 0.013434546 0.999762595 -0.017155949 -2.718897820 -0.998914480 0.014184517 0.044368591 112.522895813
0.024417054 0.017406175 0.999550283 6.533492088 0.021015381 0.999618471 -0.017920721 -2.734808683 -0.999480903 0.021443503 0.024041943 112.508071899
0.007189106 0.019949211 0.999775112 7.086920261 0.026309397 0.999451101 -0.020131927 -2.750618696 -0.999628007 0.026448216 0.006660301 112.489456177
-0.007958375 0.025147863 0.999652088 7.692669868 0.025143251 0.999372602 -0.024940664 -2.771718025 -0.999652088 0.024936017 -0.008585669 112.501457214
-0.018056683 0.029958183 0.999388099 8.298040390 0.024175502 0.999271810 -0.029517895 -2.775990248 -0.999544621 0.023627711 -0.018767791 112.481956482
-0.024710441 0.029574793 0.999257088 8.918435097 0.026152899 0.999239266 -0.028927531 -2.794668198 -0.999352455 0.025418660 -0.025465112 112.465988159
-0.027295992 0.026892036 0.999265611 9.569660187 0.032549847 0.999131799 -0.025999296 -2.808583021 -0.999097347 0.031816270 -0.028147627 112.445281982
-0.026767373 0.024872651 0.999332249 10.212066650 0.033225395 0.999160171 -0.023978412 -2.838498592 -0.999089360 0.032561369 -0.027571298 112.417976379
-0.024477320 0.024504196 0.999400020 10.905609131 0.032192741 0.999200463 -0.023710828 -2.862562418 -0.999181867 0.031593055 -0.025246605 112.402427673
-0.022909049 0.025023183 0.999424338 11.588832855 0.029046774 0.999281287 -0.024353780 -2.881390572 -0.999315500 0.028472135 -0.023619426 112.391845703
-0.021822918 0.026165081 0.999419391 12.301479340 0.028062444 0.999279559 -0.025548661 -2.902226686 -0.999367952 0.027488604 -0.022541447 112.386756897
-0.020911237 0.026935427 0.999418378 13.028870583 0.027520424 0.999273658 -0.026355702 -2.929701805 -0.999402463 0.026953293 -0.021637326 112.372116089
-0.020460222 0.026683619 0.999434471 13.777778625 0.026701206 0.999301732 -0.026133450 -2.950378895 -0.999434054 0.026151413 -0.021158420 112.369018555
-0.019827902 0.025277292 0.999483824 14.534351349 0.025893601 0.999357998 -0.024760425 -2.976654768 -0.999468029 0.025389293 -0.020469693 112.359001160
-0.018899661 0.023738189 0.999539435 15.286849976 0.026778163 0.999371409 -0.023227867 -3.010959387 -0.999462664 0.026326835 -0.019523444 112.334327698
-0.019633289 0.021535920 0.999575257 16.074937820 0.027142867 0.999410927 -0.020999249 -3.035880566 -0.999438703 0.026719056 -0.020206274 112.326225281
-0.021157922 0.019860670 0.999578834 16.856418610 0.023854919 0.999528050 -0.019354727 -3.065374851 -0.999491453 0.023435369 -0.021621715 112.319580078
-0.021688756 0.018808100 0.999587893 17.651365280 0.024501218 0.999532700 -0.018275449 -3.087500572 -0.999464512 0.024094753 -0.022139441 112.293220520
-0.022845084 0.016509455 0.999602675 18.449823380 0.026672799 0.999517739 -0.015898464 -3.104836226 -0.999383152 0.026299004 -0.023274422 112.274505615
-0.024529265 0.014802570 0.999589562 19.263784409 0.028144795 0.999504209 -0.014110651 -3.129455805 -0.999302864 0.027787121 -0.024933718 112.262283325
-0.026137110 0.013726229 0.999564230 20.086265564 0.026008081 0.999576449 -0.013046324 -3.159335852 -0.999319971 0.025655754 -0.026483037 112.241699219
-0.026673200 0.018352875 0.999475837 20.902862549 0.022469021 0.999589801 -0.017755330 -3.189134836 -0.999391615 0.021983648 -0.027074637 112.220916748
-0.027804824 0.023021318 0.999348223 21.739952087 0.023775047 0.999467194 -0.022362567 -3.212089539 -0.999330521 0.023137767 -0.028337346 112.206092834
-0.028976239 0.024819255 0.999271929 22.574934006 0.023816433 0.999424994 -0.024132445 -3.237402201 -0.999296248 0.023099825 -0.029550686 112.184700012
-0.030574348 0.022548754 0.999278128 23.422603607 0.020348489 0.999552429 -0.021932352 -3.269935131 -0.999325335 0.019663237 -0.031019500 112.169471741
-0.031279609 0.018215634 0.999344707 24.259235382 0.017521197 0.999690175 -0.017673519 -3.301751852 -0.999357045 0.016956894 -0.031589083 112.148559570
-0.031656664 0.012852389 0.999416232 25.116882324 0.016047098 0.999794960 -0.012348965 -3.329046249 -0.999369860 0.015646804 -0.031856425 112.129104614
-0.031633802 0.007086218 0.999474406 25.961694717 0.012668731 0.999897301 -0.006688245 -3.353756666 -0.999419153 0.012450499 -0.031720333 112.105644226
-0.031720731 0.005278063 0.999482870 26.812311172 0.009719916 0.999940395 -0.004971995 -3.385097980 -0.999449372 0.009557175 -0.031770151 112.093177795
-0.030968398 0.012541151 0.999441624 27.657052994 0.011790073 0.999856293 -0.012181028 -3.409811020 -0.999450743 0.011406263 -0.031111810 112.063095093
-0.029343875 0.023906829 0.999283373 28.457572937 0.014905855 0.999613225 -0.023477007 -3.433230162 -0.999458134 0.014206265 -0.029688882 112.032180786
-0.028837396 0.029222934 0.999156833 29.293285370 0.016889019 0.999444127 -0.028743885 -3.457864285 -0.999441385 0.016045878 -0.029314915 112.011192322
-0.027971547 0.023614133 0.999329805 30.130912781 0.018605132 0.999559999 -0.023098804 -3.491645575 -0.999435484 0.017946554 -0.028398585 111.994239807
-0.027016973 0.015870482 0.999508917 30.958946228 0.021858579 0.999644220 -0.015281786 -3.521291971 -0.999395847 0.021434976 -0.027354263 111.968223572
-0.026630491 0.012973947 0.999561191 31.796865463 0.023170050 0.999655187 -0.012357864 -3.550759792 -0.999376714 0.022830784 -0.026921915 111.951560974
-0.026642174 0.014053833 0.999546170 32.609836578 0.022158602 0.999663711 -0.013464865 -3.567609310 -0.999399424 0.021789815 -0.026944630 111.932319641
-0.027425252 0.014823261 0.999513924 33.427177429 0.019003116 0.999716997 -0.014304855 -3.594668627 -0.999443233 0.018601561 -0.027699180 111.915878296
-0.029490983 0.015155558 0.999450088 34.246768951 0.017035631 0.999747396 -0.014657393 -3.620441437 -0.999419868 0.016594006 -0.029741719 111.902854919
-0.031542212 0.015020375 0.999389529 35.046215057 0.016595723 0.999757111 -0.014502113 -3.648689985 -0.999364674 0.016128164 -0.031783815 111.879165649
-0.033927083 0.015063480 0.999310791 35.869976044 0.015134871 0.999779522 -0.014556711 -3.679749489 -0.999309599 0.014630572 -0.034147590 111.859291077
-0.036077842 0.015503567 0.999228716 36.675258636 0.013412504 0.999797225 -0.015028116 -3.704198837 -0.999258876 0.012859978 -0.036278464 111.836898804
-0.038588993 0.014661648 0.999147594 37.476497650 0.011543239 0.999832213 -0.014225871 -3.728507996 -0.999188423 0.010984438 -0.038751759 111.815345764
-0.040299810 0.013557813 0.999095678 38.266551971 0.011480398 0.999848247 -0.013104947 -3.755768061 -0.999121606 0.010941889 -0.040449347 111.781539917
-0.042182803 0.013408682 0.999019861 39.074275970 0.011218689 0.999853134 -0.012946165 -3.784947395 -0.999047041 0.010661588 -0.042327031 111.755027771
-0.043961443 0.014433929 0.998928964 39.858943939 0.011295038 0.999838769 -0.013949998 -3.808523893 -0.998969316 0.010669678 -0.044117395 111.724220276
-0.045169018 0.014676607 0.998871505 40.653144836 0.011809438 0.999830008 -0.014156664 -3.833014250 -0.998909533 0.011156671 -0.045334656 111.699226379
-0.045975465 0.014032100 0.998844028 41.428283691 0.013853898 0.999814034 -0.013408052 -3.851395130 -0.998846471 0.013221443 -0.046161316 111.660835266
-0.047866412 0.013260501 0.998765707 42.215454102 0.014899915 0.999810040 -0.012560276 -3.877033234 -0.998742580 0.014280311 -0.048054904 111.633728027
-0.048981745 0.012464549 0.998721838 42.945621490 0.012882197 0.999846816 -0.011846789 -3.910606861 -0.998716593 0.012285459 -0.049134810 111.594818115
-0.050430417 0.011468982 0.998661637 43.700260162 0.011126599 0.999878526 -0.010921086 -3.932929993 -0.998665512 0.010560956 -0.050551888 111.567047119
-0.051605172 0.009997108 0.998617470 44.439975739 0.009900976 0.999905884 -0.009498358 -3.958780050 -0.998618424 0.009397126 -0.051699299 111.542060852
-0.052165817 0.009775820 0.998590529 45.151153564 0.010397570 0.999903202 -0.009245507 -3.980994701 -0.998584211 0.009900619 -0.052262418 111.504920959
-0.052214213 0.012529229 0.998557210 45.855773926 0.010438615 0.999873519 -0.011999912 -4.002707958 -0.998581350 0.009796992 -0.052338392 111.473175049
-0.052126061 0.015376692 0.998522282 46.560436249 0.010252784 0.999836922 -0.014861712 -4.023332596 -0.998587847 0.009462949 -0.052275214 111.437011719
-0.052225150 0.017218165 0.998486876 47.256843567 0.008580869 0.999822140 -0.016792376 -4.044952393 -0.998598516 0.007690901 -0.052363601 111.406478882
-0.052424714 0.017945288 0.998463690 47.950717926 0.008545873 0.999809921 -0.017520783 -4.071444511 -0.998588324 0.007614220 -0.052568112 111.372680664
-0.052511908 0.017618738 0.998464882 48.654022217 0.010097839 0.999802709 -0.017111268 -4.096216202 -0.998569131 0.009183794 -0.052679457 111.339355469
-0.052969925 0.017089929 0.998449922 49.341659546 0.009924063 0.999813139 -0.016586771 -4.121482849 -0.998546720 0.009030080 -0.053129632 111.306541443
-0.053604826 0.017532835 0.998408318 50.035781860 0.006685701 0.999829710 -0.017198838 -4.140633583 -0.998539865 0.005753119 -0.053712916 111.284072876
-0.053438816 0.017437028 0.998418927 50.718273163 0.004065668 0.999843061 -0.017244289 -4.169819832 -0.998562813 0.003137726 -0.053501323 111.257392883
-0.053103548 0.015796850 0.998464108 51.389450073 0.006445551 0.999859512 -0.015476120 -4.195768356 -0.998568118 0.005613815 -0.053197909 111.219345093
-0.053761669 0.015494300 0.998433590 52.058296204 0.006966732 0.999861062 -0.015141323 -4.215576172 -0.998529434 0.006141796 -0.053862143 111.179412842
-0.057403587 0.014786788 0.998241484 52.729110718 0.003221131 0.999887824 -0.014625946 -4.240703583 -0.998345792 0.002375886 -0.057444774 111.148712158
-0.062707730 0.014164057 0.997931421 53.403354645 -0.000666928 0.999898434 -0.014233885 -4.266398907 -0.998031616 -0.001558122 -0.062691927 111.117538452
-0.068217009 0.018505599 0.997498870 54.056922913 0.003872809 0.999825358 -0.018283909 -4.283159733 -0.997662902 0.002615850 -0.068276763 111.065193176
-0.074480861 0.021302793 0.996994853 54.733795166 0.006471522 0.999761105 -0.020878443 -4.304378033 -0.997201324 0.004897031 -0.074600928 111.002220154
-0.082552820 0.022905134 0.996323407 55.432178497 0.003930773 0.999735594 -0.022657884 -4.329239368 -0.996578872 0.002045850 -0.082621023 110.960685730
-0.088483177 0.021504754 0.995845497 56.079711914 0.001019128 0.999768317 -0.021498919 -4.362762451 -0.996077180 -0.000887398 -0.088484608 110.901741028
-0.093641244 0.020521916 0.995394528 56.767658234 0.001085099 0.999789059 -0.020510441 -4.383866787 -0.995605469 -0.000840521 -0.093643740 110.837463379
-0.098294199 0.021293178 0.994929552 57.458984375 -0.001195374 0.999767840 -0.021514822 -4.406097889 -0.995156705 -0.003304094 -0.098245904 110.773971558
-0.102694266 0.020272857 0.994506419 58.150218964 -0.003852144 0.999776661 -0.020778071 -4.431897163 -0.994705498 -0.005964770 -0.102593243 110.713134766
-0.104915559 0.016760318 0.994339943 58.857471466 -0.003797142 0.999843895 -0.017253742 -4.457900524 -0.994473934 -0.005585835 -0.104835548 110.634719849
-0.106354862 0.014013552 0.994229496 59.575649261 -0.001081104 0.999898434 -0.014209106 -4.480309963 -0.994327664 -0.002586073 -0.106328912 110.556579590
-0.108416013 0.011454487 0.994039536 60.284378052 -0.001161215 0.999931455 -0.011649029 -4.502309799 -0.994104862 -0.002417235 -0.108395264 110.486053467
-0.109645136 0.011366854 0.993905723 61.010612488 -0.001946086 0.999930203 -0.011650438 -4.518584728 -0.993968904 -0.003211641 -0.109615371 110.411415100
-0.110268973 0.015271386 0.993784428 61.743316650 -0.000339336 0.999881208 -0.015402729 -4.536491871 -0.993901730 -0.002035670 -0.110250697 110.336944580
-0.110437378 0.018686989 0.993707359 62.481918335 0.005215375 0.999820292 -0.018222326 -4.566230774 -0.993869424 0.003170131 -0.110514998 110.250907898
-0.111229777 0.023695242 0.993512154 63.223499298 0.012241248 0.999672413 -0.022471681 -4.593310356 -0.993719399 0.009662311 -0.111483403 110.159568787
-0.111622460 0.024705503 0.993443549 63.971229553 0.013723379 0.999634027 -0.023317508 -4.616915703 -0.993655860 0.011030644 -0.111920655 110.073181152
-0.111885086 0.021968778 0.993478298 64.721771240 0.011320910 0.999718845 -0.020831823 -4.645874977 -0.993656695 0.008916307 -0.112102345 109.996414185
-0.111902758 0.017287623 0.993568838 65.470649719 0.012214629 0.999796987 -0.016020298 -4.670553207 -0.993644059 0.010343358 -0.112091228 109.914947510
-0.111931257 0.015321985 0.993597865 66.221107483 0.013692765 0.999809921 -0.013875260 -4.695487022 -0.993621647 0.012052024 -0.112119794 109.829498291
-0.112869486 0.015204282 0.993493497 66.952346802 0.014715551 0.999798715 -0.013628962 -4.718668938 -0.993500888 0.013081510 -0.113070533 109.743988037
-0.114567630 0.015775779 0.993290246 67.699630737 0.013073445 0.999811232 -0.014371436 -4.744438648 -0.993329406 0.011339225 -0.114752248 109.666244507
-0.116841234 0.016586058 0.993012130 68.433486938 0.012250161 0.999808550 -0.015258180 -4.766764164 -0.993075073 0.010381775 -0.117022052 109.585678101
-0.119141392 0.017062889 0.992730677 69.172889709 0.013558448 0.999787033 -0.015556975 -4.789243221 -0.992784798 0.011606405 -0.119347356 109.498397827
-0.121215723 0.017404297 0.992473602 69.915283203 0.013673795 0.999780655 -0.015862389 -4.811072826 -0.992532074 0.011648109 -0.121427119 109.411437988
-0.122914076 0.016832905 0.992274582 70.658195496 0.013683720 0.999789834 -0.015265374 -4.836503029 -0.992323041 0.011701679 -0.123118579 109.317138672
-0.124569222 0.017043320 0.992064714 71.406700134 0.011453488 0.999810517 -0.015738234 -4.859888077 -0.992144823 0.009402099 -0.124740817 109.229072571
-0.125597611 0.018656580 0.991905808 72.154266357 0.011531042 0.999783039 -0.017344650 -4.884070873 -0.992014289 0.009259260 -0.125785530 109.137619019
-0.126553729 0.019047569 0.991776884 72.922225952 0.010746881 0.999783278 -0.017830001 -4.904777527 -0.991901577 0.008402055 -0.126731008 109.047966003
-0.127812147 0.019058976 0.991615176 73.681434631 0.010093549 0.999788582 -0.017915085 -4.931552887 -0.991747022 0.007719153 -0.127977520 108.951309204
-0.129176110 0.017751392 0.991462827 74.467269897 0.010717803 0.999806285 -0.016504373 -4.948568821 -0.991563737 0.008494330 -0.129341319 108.860374451
-0.129959077 0.015389987 0.991400003 75.246536255 0.008732885 0.999858439 -0.014376532 -4.971255779 -0.991480887 0.006789419 -0.130075097 108.761482239
-0.132153869 0.013528891 0.991136909 76.036109924 0.005151385 0.999902666 -0.012961681 -4.989848137 -0.991215825 0.003392789 -0.132210717 108.670486450
-0.134010732 0.012794439 0.990897298 76.821640015 0.006758294 0.999905229 -0.011996748 -5.013147354 -0.990956843 0.005089082 -0.134084493 108.558837891
-0.135461599 0.013599981 0.990689218 77.617897034 0.007968626 0.999888480 -0.012636676 -5.033687592 -0.990750492 0.006182647 -0.135554865 108.452522278
-0.137800127 0.015103640 0.990344882 78.409828186 0.007359631 0.999871790 -0.014224886 -5.050948620 -0.990432739 0.005328382 -0.137893602 108.343353271
-0.139616325 0.017967889 0.990042627 79.206314087 0.008568984 0.999819875 -0.016936928 -5.084725380 -0.990168631 0.006118988 -0.139745116 108.236610413
-0.139942482 0.022058263 0.989913940 80.010818481 0.010795380 0.999726355 -0.020750793 -5.107568741 -0.990100741 0.007782579 -0.140142307 108.121948242
-0.141179770 0.025606234 0.989652753 80.842582703 0.011457248 0.999640763 -0.024230219 -5.148530483 -0.989917755 0.007917879 -0.141422406 108.006790161
-0.141190946 0.027103461 0.989611328 81.669624329 0.013763702 0.999582291 -0.025412839 -5.173957348 -0.989886701 0.010032652 -0.141505048 107.893218994
-0.140558481 0.026254347 0.989724219 82.502433777 0.017120926 0.999563396 -0.024083868 -5.207523823 -0.989924312 0.013559800 -0.140946612 107.775413513
-0.140334085 0.024346607 0.989804804 83.327575684 0.017882068 0.999596953 -0.022052154 -5.238195419 -0.989942729 0.014605085 -0.140712872 107.653160095
-0.139314443 0.022958370 0.989981949 84.177284241 0.017001538 0.999639332 -0.020789798 -5.266525745 -0.990102232 0.013934895 -0.139654517 107.539382935
-0.137977168 0.019916780 0.990235090 85.018005371 0.016094707 0.999710798 -0.017864766 -5.302372932 -0.990304589 0.013472615 -0.138257816 107.439292908
-0.136621878 0.016824454 0.990480304 85.874389648 0.016518468 0.999755383 -0.014703527 -5.327402115 -0.990485489 0.014352397 -0.136866361 107.330879211
-0.134858489 0.013427263 0.990773916 86.720497131 0.017016927 0.999791980 -0.011233237 -5.354580879 -0.990718782 0.015345030 -0.135058925 107.215492249
-0.133090332 0.013193983 0.991016030 87.571868896 0.014858841 0.999825537 -0.011315770 -5.380729198 -0.990992486 0.013219332 -0.133263171 107.110328674
-0.131815240 0.017352017 0.991122365 88.424125671 0.015488760 0.999760747 -0.015443310 -5.408483982 -0.991153300 0.013315593 -0.132052466 107.001144409
-0.129894346 0.023708433 0.991244316 89.273689270 0.016549336 0.999626696 -0.021740265 -5.434016705 -0.991389751 0.013580501 -0.130238205 106.893798828
-0.128564686 0.027200997 0.991328061 90.126518250 0.014248289 0.999571204 -0.025579330 -5.459229946 -0.991598725 0.010836128 -0.128897145 106.792594910
-0.127005056 0.024761023 0.991593063 90.986045837 0.012983107 0.999644220 -0.023299165 -5.489665031 -0.991817117 0.009914846 -0.127281368 106.685462952
