1.000000000 0.000000000 0.000000000 0.000000000 0.000000000 1.000000000 -0.000000000 0.000000000 0.000000000 -0.000000000 1.000000000 0.000000000
0.999997675 -0.001622384 -0.001435348 -0.002483399 0.001621048 0.999998271 -0.000932040 -0.007702762 0.001436858 0.000929711 0.999998510 0.564240515
0.999995410 -0.001834170 -0.002404958 -0.007788907 0.001827948 0.999994993 -0.002587089 -0.017564973 0.002409691 0.002582681 0.999993742 1.119545579
0.999986470 -0.002529929 -0.004541901 -0.008983552 0.002513830 0.999990523 -0.003546704 -0.035167977 0.004550831 0.003535239 0.999983370 1.684710860
0.999970257 -0.004356414 -0.006362353 -0.020207038 0.004321151 0.999975264 -0.005545599 -0.041316774 0.006386355 0.005517941 0.999964356 2.251818180
0.999943972 -0.007199756 -0.007753245 -0.025717787 0.007143906 0.999948442 -0.007207131 -0.061985772 0.007804736 0.007151340 0.999943972 2.807966709
0.999921501 -0.008441722 -0.009264841 -0.032133158 0.008369938 0.999934793 -0.007759748 -0.075582981 0.009329746 0.007681593 0.999926984 3.380823374
0.999906480 -0.008510168 -0.010706851 -0.042445619 0.008434485 0.999939263 -0.007093963 -0.088089846 0.010766572 0.007002994 0.999917567 3.961186886
0.999894857 -0.008804636 -0.011522184 -0.056727767 0.008717603 0.999933302 -0.007582128 -0.101775788 0.011588173 0.007480885 0.999904871 4.554156303
0.999882996 -0.008269268 -0.012872395 -0.064086027 0.008136153 0.999913335 -0.010359234 -0.116623700 0.012956943 0.010253291 0.999863446 5.149159908
0.999879062 -0.006642969 -0.014064636 -0.079071455 0.006444849 0.999880075 -0.014085105 -0.132267609 0.014156516 0.013992758 0.999801874 5.755244732
0.999866366 -0.005383920 -0.015435182 -0.095875770 0.005107985 0.999827325 -0.017861072 -0.143958718 0.015528680 0.017779844 0.999721348 6.367643356
0.999857605 -0.003354882 -0.016541272 -0.114226192 0.003058631 0.999835074 -0.017902751 -0.157776222 0.016598608 0.017849606 0.999702930 6.999229431
0.999841034 -0.001215208 -0.017788442 -0.126366630 0.001019628 0.999938905 -0.010999728 -0.169056490 0.017800720 0.010979841 0.999781311 7.640516758
0.999834776 -0.000216647 -0.018177781 -0.149267942 0.000213074 0.999999881 -0.000198517 -0.184545755 0.018177822 0.000194610 0.999834776 8.302035332
0.999814928 0.000478589 -0.019234888 -0.162969530 -0.000355708 0.999979496 0.006391360 -0.194691822 0.019237556 -0.006383334 0.999794602 8.987306595
0.999779999 0.002780122 -0.020792067 -0.178756788 -0.002672470 0.999982893 0.005203556 -0.207991645 0.020806180 -0.005146844 0.999770284 9.670626640
0.999762833 0.004746100 -0.021253848 -0.206039041 -0.004790204 0.999986470 -0.002024686 -0.213544533 0.021243950 0.002126017 0.999772072 10.362977028
0.999736607 0.004398615 -0.022527305 -0.221580401 -0.004576119 0.999958813 -0.007834014 -0.214493215 0.022491919 0.007935040 0.999715567 11.068137169
0.999717891 0.002052788 -0.023662360 -0.240987569 -0.002203302 0.999977469 -0.006336568 -0.215733811 0.023648819 0.006386916 0.999699950 11.811912537
0.999710798 0.001770401 -0.023983028 -0.262937307 -0.001700037 0.999994159 0.002953941 -0.229897738 0.023988117 -0.002912316 0.999708056 12.571405411
0.999703228 0.001312734 -0.024327604 -0.284908891 -0.001059828 0.999945283 0.010405823 -0.234882921 0.024339935 -0.010376952 0.999649942 13.346742630
0.999692082 0.000444107 -0.024811449 -0.309957981 -0.000124544 0.999917030 0.012879734 -0.236816525 0.024815110 -0.012872680 0.999609232 14.133751869
0.999684453 -0.001342239 -0.025083965 -0.328959286 0.001640624 0.999928117 0.011878639 -0.236377880 0.025066216 -0.011916045 0.999614835 14.940925598
0.999700069 -0.001785404 -0.024425009 -0.349663377 0.002015397 0.999953747 0.009394929 -0.237252831 0.024407107 -0.009441337 0.999657571 15.769764900
0.999716759 0.000888657 -0.023784943 -0.375295311 -0.000743385 0.999980986 0.006115894 -0.238658175 0.023789926 -0.006096478 0.999698460 16.606117249
0.999732733 -0.002385810 -0.022994068 -0.395783633 0.002396084 0.999996960 0.000419300 -0.243124366 0.022992998 -0.000474282 0.999735594 17.461265564
0.999739349 -0.005079306 -0.022259634 -0.414190769 0.004949676 0.999970436 -0.005874788 -0.252230883 0.022288820 0.005763082 0.999735057 18.330476761
0.999765873 -0.004210803 -0.021222219 -0.435037881 0.003972242 0.999928534 -0.011270768 -0.265209466 0.021268163 0.011183832 0.999711275 19.256706238
0.999780715 -0.002993512 -0.020723838 -0.463449091 0.002742751 0.999922752 -0.012117979 -0.279756546 0.020758515 0.012058482 0.999711812 20.161195755
0.999761820 -0.002901996 -0.021628056 -0.478878886 0.002651480 0.999929130 -0.011602544 -0.297444314 0.021660194 0.011542437 0.999698818 21.097867966
0.999771118 -0.001353054 -0.021353049 -0.510807455 0.001075959 0.999915063 -0.012983017 -0.323108613 0.021368803 0.012957071 0.999687731 22.039590836
0.999771178 0.001429030 -0.021341244 -0.527391315 -0.001748387 0.999886692 -0.014953148 -0.346677303 0.021317454 0.014987040 0.999660432 23.010349274
0.999754012 0.004712900 -0.021674722 -0.554674149 -0.005053855 0.999863982 -0.015702711 -0.370045751 0.021597767 0.015808389 0.999641716 23.975227356
0.999749780 0.006495690 -0.021407509 -0.589385509 -0.006831075 0.999854505 -0.015630970 -0.397500545 0.021302862 0.015773294 0.999648631 24.951883316
0.999741197 0.007528406 -0.021464240 -0.620861053 -0.007869506 0.999843359 -0.015851622 -0.422044933 0.021341540 0.016016433 0.999643922 25.931385040
0.999732614 0.006930929 -0.022059754 -0.637400508 -0.007280804 0.999848366 -0.015819747 -0.447944641 0.021946760 0.015976131 0.999631464 26.907085419
0.999714732 0.008147129 -0.022448536 -0.656684279 -0.008477695 0.999856353 -0.014669847 -0.482900351 0.022325793 0.014855975 0.999640405 27.936435699
0.999703109 0.008785275 -0.022725141 -0.683570385 -0.009071207 0.999880552 -0.012509826 -0.510955393 0.022612525 0.012712259 0.999663532 28.953241348
0.999691010 0.009473811 -0.022982376 -0.712387443 -0.009732895 0.999889970 -0.011187605 -0.540559590 0.022873856 0.011407834 0.999673307 29.974611282
0.999681830 0.009811723 -0.023236519 -0.737022281 -0.010104062 0.999870837 -0.012497240 -0.561895072 0.023110898 0.012728049 0.999651909 31.011034012
0.999673009 0.010663786 -0.023241516 -0.770250738 -0.010977599 0.999849737 -0.013416756 -0.593402326 0.023094950 0.013667508 0.999639869 32.017948151
0.999667466 0.010178863 -0.023694130 -0.799596548 -0.010477652 0.999866664 -0.012520356 -0.619229198 0.023563530 0.012764451 0.999640882 33.054206848
0.999658823 0.010117033 -0.024082271 -0.832224309 -0.010363507 0.999894917 -0.010131896 -0.642302990 0.023977237 0.010378018 0.999658704 34.107830048
0.999646664 0.010114008 -0.024582082 -0.865298867 -0.010274743 0.999926567 -0.006421198 -0.667450607 0.024515335 0.006671505 0.999677181 35.162784576
0.999627531 0.010242264 -0.025293032 -0.891138136 -0.010346452 0.999938488 -0.003991806 -0.693740249 0.025250595 0.004252013 0.999672174 36.245555878
0.999617517 0.010561772 -0.025557183 -0.926740229 -0.010654981 0.999937117 -0.003513719 -0.711664140 0.025518466 0.003784687 0.999667287 37.317478180
0.999602199 0.009890102 -0.026410302 -0.955174804 -0.010018841 0.999938548 -0.004746743 -0.735867918 0.026361736 0.005009456 0.999639988 38.406490326
0.999577999 0.010525191 -0.027073113 -0.991449773 -0.010670839 0.999929368 -0.005241037 -0.756025851 0.027016040 0.005527719 0.999619842 39.484439850
0.999562204 0.009667749 -0.027963495 -1.023852587 -0.009783207 0.999944210 -0.003995055 -0.780876279 0.027923312 0.004266878 0.999601007 40.568386078
0.999536455 0.010421868 -0.028605094 -1.063710451 -0.010495503 0.999942064 -0.002425243 -0.794472218 0.028578160 0.002724343 0.999587893 41.655445099
0.999534070 0.009706859 -0.028941181 -1.106543779 -0.009696045 0.999952912 0.000513982 -0.822870195 0.028944807 -0.000233129 0.999580979 42.746307373
0.999503076 0.011334017 -0.029414864 -1.149372935 -0.011325737 0.999935865 0.000448126 -0.844847918 0.029418059 -0.000114760 0.999567270 43.821624756
0.999472976 0.012526568 -0.029947132 -1.178034544 -0.012638095 0.999913931 -0.003537793 -0.865860462 0.029900238 0.003914404 0.999545276 44.907600403
0.999462605 0.013662707 -0.029796693 -1.218946338 -0.013899922 0.999873221 -0.007768567 -0.885248542 0.029686779 0.008178564 0.999525845 45.989788055
0.999446094 0.014222223 -0.030084632 -1.255407810 -0.014473949 0.999861896 -0.008166061 -0.908292592 0.029964337 0.008596982 0.999514043 47.069252014
0.999428868 0.014886694 -0.030336510 -1.290835977 -0.015057169 0.999872029 -0.005398799 -0.934893966 0.030252261 0.005852497 0.999525249 48.171283722
0.999448419 0.015148479 -0.029551789 -1.335558414 -0.015245538 0.999879181 -0.003061945 -0.959190249 0.029501837 0.003510790 0.999558508 49.271091461
0.999472260 0.013721227 -0.029442422 -1.372850776 -0.013783102 0.999903202 -0.001899683 -0.979839206 0.029413505 0.002304488 0.999564648 50.358940125
0.999475598 0.013659467 -0.029359834 -1.403568864 -0.013739486 0.999902368 -0.002525489 -1.005301237 0.029322475 0.002927553 0.999565721 51.448154449
0.999497652 0.013074218 -0.028875493 -1.449451447 -0.013213457 0.999901891 -0.004636515 -1.024837375 0.028812043 0.005015728 0.999572277 52.539512634
0.999507308 0.012839362 -0.028643269 -1.478809237 -0.013034070 0.999893069 -0.006621399 -1.047886729 0.028555192 0.006991474 0.999567807 53.627059937
0.999526918 0.012088991 -0.028279444 -1.516894817 -0.012342343 0.999885142 -0.008801568 -1.082244396 0.028169792 0.009146439 0.999561369 54.727615356
0.999547243 0.010651560 -0.028139293 -1.552301049 -0.011003485 0.999862790 -0.012381366 -1.112695217 0.028003549 0.012685392 0.999527335 55.813377380
0.999563813 0.008762652 -0.028201157 -1.580018640 -0.009156791 0.999861717 -0.013877297 -1.144876719 0.028075658 0.014129477 0.999505937 56.901416779
0.999593794 0.007235318 -0.027566746 -1.614392519 -0.007550536 0.999907076 -0.011347743 -1.178274274 0.027482081 0.011551277 0.999555588 57.984451294
0.999606371 0.006331103 -0.027332947 -1.656671166 -0.006499548 0.999960482 -0.006078318 -1.200929880 0.027293380 0.006253578 0.999607921 59.100105286
0.999622285 0.004742277 -0.027074937 -1.688785076 -0.004747191 0.999988735 -0.000117207 -1.222424269 0.027074078 0.000245692 0.999633431 60.194747925
0.999632955 0.003369421 -0.026881941 -1.720536828 -0.003357084 0.999994159 0.000504021 -1.243608952 0.026883487 -0.000413591 0.999638498 61.287132263
0.999631226 0.000049290 -0.027153758 -1.744613647 -0.000114927 0.999997020 -0.002415688 -1.260277271 0.027153561 0.002417918 0.999628365 62.382526398
0.999639452 -0.001396341 -0.026814096 -1.782556891 0.001237926 0.999981582 -0.005923577 -1.277521491 0.026821878 0.005888248 0.999622881 63.469642639
0.999643922 0.001044070 -0.026664194 -1.821433067 -0.001297399 0.999954045 -0.009485175 -1.315663338 0.026653066 0.009516392 0.999599457 64.557952881
0.999640167 0.000960855 -0.026807621 -1.851414084 -0.001328258 0.999905288 -0.013690753 -1.341416955 0.026791928 0.013721433 0.999546885 65.651496887
0.999652207 0.004036003 -0.026062580 -1.894233823 -0.004416647 0.999884069 -0.014564054 -1.367566228 0.026000779 0.014674097 0.999554276 66.753913879
0.999659240 0.007869768 -0.024894346 -1.941178679 -0.008141274 0.999908209 -0.010823758 -1.403815150 0.024806885 0.011022740 0.999631524 67.852912903
0.999648988 0.009103633 -0.024881674 -1.973463774 -0.009321068 0.999919236 -0.008636821 -1.430829287 0.024801038 0.008865714 0.999653161 68.948265076
0.999658048 0.008399920 -0.024764203 -2.005096912 -0.008596639 0.999932289 -0.007847989 -1.459030271 0.024696603 0.008058193 0.999662519 70.033454895
0.999662876 0.007651463 -0.024808753 -2.034098864 -0.007834525 0.999942660 -0.007290129 -1.484018207 0.024751557 0.007482037 0.999665618 71.148086548
0.999670208 0.006682126 -0.024795547 -2.067892075 -0.006824158 0.999960721 -0.005647932 -1.514388204 0.024756838 0.005815277 0.999676585 72.237442017
0.999672353 0.004989628 -0.025105601 -2.099428654 -0.005089965 0.999979198 -0.003934273 -1.535885334 0.025085455 0.004060769 0.999677122 73.336898804
0.999653339 0.003814234 -0.026050435 -2.128368855 -0.003866348 0.999990582 -0.001950428 -1.563712239 0.026042756 0.002050472 0.999658704 74.431427002
0.999644339 0.003362532 -0.026453540 -2.163087606 -0.003441789 0.999989629 -0.002951120 -1.590266585 0.026443344 0.003041117 0.999645710 75.519065857
0.999626637 0.003385131 -0.027113847 -2.194712162 -0.003572514 0.999970019 -0.006865490 -1.615317702 0.027089795 0.006959791 0.999608815 76.601768494
0.999595821 0.003905563 -0.028159283 -2.224780083 -0.004161770 0.999950349 -0.009045641 -1.639921308 0.028122557 0.009159178 0.999562502 77.681892395
0.999570429 0.005475745 -0.028792532 -2.257094860 -0.005689532 0.999956787 -0.007348423 -1.667426229 0.028751051 0.007509083 0.999558389 78.766273499
0.999544084 0.006804765 -0.029415540 -2.295141459 -0.006900865 0.999971211 -0.003166699 -1.689728022 0.029393146 0.003368248 0.999562263 79.845909119
0.999523401 0.007461715 -0.029952776 -2.331746578 -0.007428784 0.999971628 0.001210507 -1.721953630 0.029960962 -0.000987417 0.999550581 80.925376892
0.999491096 0.008801156 -0.030660786 -2.373399019 -0.008753635 0.999960244 0.001683805 -1.738644719 0.030674389 -0.001414555 0.999528408 81.993637085
0.999473214 0.008720411 -0.031259585 -2.412167788 -0.008750025 0.999961317 -0.000810672 -1.752431750 0.031251308 0.001083767 0.999511003 83.057243347
0.999474168 0.008489147 -0.031294774 -2.458033085 -0.008526626 0.999962986 -0.001064349 -1.780405402 0.031284586 0.001330628 0.999509573 84.143318176
0.999456644 0.007779366 -0.032029863 -2.491137981 -0.007821300 0.999968648 -0.001184125 -1.802768707 0.032019649 0.001433997 0.999486208 85.201057434
0.999439776 0.006445786 -0.032843731 -2.529305220 -0.006477795 0.999978483 -0.000868230 -1.821986675 0.032837436 0.001080498 0.999460101 86.242103577
0.999431252 0.005635430 -0.033249062 -2.563898802 -0.005631725 0.999984086 0.000205094 -1.841165662 0.033249695 -0.000017728 0.999447048 87.277854919
0.999421358 0.006080295 -0.033468284 -2.605715275 -0.005979003 0.999977171 0.003125789 -1.865293264 0.033486523 -0.002923873 0.999434948 88.282546997
0.999384582 0.005073397 -0.034708843 -2.644705296 -0.004928416 0.999978781 0.004261389 -1.889760733 0.034729727 -0.004087707 0.999388337 89.262496948
0.999313176 0.004026841 -0.036836803 -2.684825659 -0.003876079 0.999983847 0.004163201 -1.903599501 0.036852982 -0.004017559 0.999312639 90.227172852
0.999191701 0.003083598 -0.040081326 -2.726518393 -0.002956897 0.999990523 0.003219989 -1.921948552 0.040090878 -0.003098870 0.999191284 91.161216736
0.999058008 0.002812980 -0.043302957 -2.776108265 -0.002711052 0.999993503 0.002412368 -1.942115545 0.043309454 -0.002292700 0.999059081 92.080314636
0.998916566 0.003061839 -0.046435837 -2.823784113 -0.002937313 0.999991894 0.002749680 -1.959064603 0.046443868 -0.002610304 0.998917460 92.980140686
0.998781383 0.004275696 -0.049168501 -2.876758099 -0.004086363 0.999983847 0.003950570 -1.978530288 0.049184591 -0.003744835 0.998782635 93.844261169
0.998604715 0.004963517 -0.052572504 -2.927481413 -0.004706939 0.999976337 0.005003172 -1.994104385 0.052596100 -0.004748735 0.998604596 94.694656372
0.998419583 0.006446625 -0.055826984 -2.974928379 -0.006096621 0.999960661 0.006437512 -2.008362770 0.055866290 -0.006086982 0.998419762 95.513572693
0.998273313 0.007696902 -0.058232341 -3.033714771 -0.007287509 0.999947190 0.007239448 -2.024642467 0.058284994 -0.006802580 0.998276830 96.302246094
0.998111486 0.009667600 -0.060663335 -3.087102652 -0.009198307 0.999925554 0.008010522 -2.042994261 0.060736265 -0.007437394 0.998126149 97.064102173
0.997898161 0.011471638 -0.063778684 -3.135320187 -0.011059716 0.999915600 0.006807921 -2.056686878 0.063851409 -0.006088239 0.997940838 97.796470642
0.997728884 0.012763081 -0.066137202 -3.194439888 -0.012571431 0.999915481 0.003313167 -2.076308250 0.066173889 -0.002474203 0.997805059 98.483795166
0.997532189 0.015253996 -0.068533547 -3.255643368 -0.015321496 0.999882460 -0.000459387 -2.087227345 0.068518490 0.001508291 0.997648716 99.159141541
0.997359097 0.016914830 -0.070630491 -3.302269936 -0.017200978 0.999846041 -0.003445071 -2.101198196 0.070561357 0.004650887 0.997496545 99.808738708
0.997242272 0.018994413 -0.071742505 -3.349170208 -0.019357825 0.999802947 -0.004373533 -2.115715027 0.071645305 0.005750251 0.997413576 100.425971985
0.997270584 0.021528099 -0.070625477 -3.403230190 -0.021856204 0.999753535 -0.003876185 -2.131695271 0.070524640 0.005409210 0.997495353 101.008583069
0.997434497 0.025293749 -0.066966601 -3.466431856 -0.025511792 0.999671638 -0.002402733 -2.146985054 0.066883832 0.004105007 0.997752368 101.584480286
0.997681737 0.027657218 -0.062179085 -3.486511946 -0.027776256 0.999613643 -0.001050737 -2.161468506 0.062125996 0.002775403 0.998064458 102.130187988
0.998106420 0.028352408 -0.054586899 -3.522175074 -0.028317090 0.999597967 0.001420386 -2.180761337 0.054605216 0.000128047 0.998507977 102.638259888
0.998588979 0.028493190 -0.044813070 -3.541959047 -0.028352071 0.999590874 0.003781585 -2.191166401 0.044902481 -0.002505706 0.998988271 103.136291504
0.999048710 0.028036207 -0.033401713 -3.537002325 -0.027885165 0.999598682 0.004979406 -2.204892159 0.033527914 -0.004043256 0.999429584 103.623077393
0.999430776 0.027184855 -0.019979365 -3.537640095 -0.027086470 0.999619603 0.005178607 -2.216329336 0.020112550 -0.004634488 0.999786973 104.080627441
0.999622047 0.027074872 -0.004775278 -3.532454491 -0.027056130 0.999626040 0.003947342 -2.222794056 0.004880368 -0.003816649 0.999980807 104.518524170
0.999589682 0.025606548 0.012839661 -3.505548954 -0.025621613 0.999671161 0.001010093 -2.235536814 -0.012809569 -0.001338652 0.999917030 104.941711426
0.999089956 0.025365187 0.034290571 -3.480865479 -0.025258018 0.999674618 -0.003554943 -2.247409344 -0.034369588 0.002685597 0.999405682 105.361900330
0.998036265 0.023170073 0.058196325 -3.430954695 -0.022713730 0.999705911 -0.008490831 -2.256590128 -0.058375947 0.007152304 0.998269141 105.764274597
0.996123612 0.020944662 0.085434303 -3.369440079 -0.020018509 0.999731302 -0.011682958 -2.263571739 -0.085656047 0.009927405 0.996275365 106.178329468
0.993191302 0.017988488 0.115097351 -3.299518347 -0.016687658 0.999785542 -0.012255683 -2.283393383 -0.115293153 0.010251534 0.993278623 106.564353943
0.988867879 0.015735114 0.147962123 -3.214713335 -0.013794949 0.999805093 -0.014129720 -2.298951387 -0.148155585 0.011931297 0.988892138 106.923301697
0.982802033 0.013467535 0.184170544 -3.121357679 -0.010826694 0.999823749 -0.015337228 -2.316262722 -0.184344620 0.013079502 0.982774675 107.295204163
0.974885046 0.010169439 0.222476184 -3.005177259 -0.006757163 0.999847591 -0.016093567 -2.328656435 -0.222605929 0.014186071 0.974805295 107.656150818
0.964846432 0.008198504 0.262686402 -2.879944086 -0.003910785 0.999850512 -0.016841272 -2.345075130 -0.262785196 0.015221930 0.964734316 108.008338928
0.952514648 0.008614469 0.304370940 -2.750338078 -0.003382306 0.999837339 -0.017713172 -2.362756729 -0.304473996 0.015842579 0.952388942 108.328872681
0.937447608 0.010598976 0.347965091 -2.599297762 -0.004550546 0.999823987 -0.018194970 -2.377187252 -0.348096728 0.015473400 0.937331021 108.648750305
0.919651389 0.011075784 0.392579645 -2.428172827 -0.004521579 0.999834538 -0.017615989 -2.382120609 -0.392709851 0.014425488 0.919549346 108.969650269
0.899205863 0.009835096 0.437415361 -2.250801563 -0.003069086 0.999864459 -0.016172327 -2.395444870 -0.437515169 0.013199785 0.899114132 109.276054382
0.876119256 0.008847724 0.482013404 -2.055704355 -0.000949157 0.999861181 -0.016628008 -2.409024477 -0.482093632 0.014110612 0.876006126 109.550582886
0.850689590 0.010380505 0.525565982 -1.838119149 -0.000348530 0.999815881 -0.019183323 -2.422625065 -0.525668383 0.016135877 0.850536585 109.845527649
0.822687566 0.012258711 0.568361640 -1.612416148 0.000730413 0.999743819 -0.022620235 -2.440409899 -0.568493307 0.019024527 0.822467923 110.134628296
0.792729199 0.016182639 0.609359145 -1.370517969 -0.000556912 0.999666393 -0.025823452 -2.468969822 -0.609573722 0.020131642 0.792473733 110.375877380
0.758563995 0.022504881 0.651209772 -1.119745612 -0.004071839 0.999547660 -0.029799841 -2.480838537 -0.651585758 0.019953463 0.758312523 110.632667542
0.721022248 0.027235754 0.692376435 -0.849608600 -0.006072330 0.999437273 -0.032990925 -2.487891674 -0.692885220 0.019582853 0.720781922 110.878410339
0.681765616 0.027600603 0.731049836 -0.554982424 -0.004222441 0.999419808 -0.033795062 -2.504312754 -0.731558442 0.019953497 0.681486666 111.101684570
0.641013801 0.024643196 0.767133653 -0.241383404 0.000378973 0.999474168 -0.032423504 -2.517318010 -0.767529249 0.021074634 0.640667439 111.299781799
0.597122669 0.023013392 0.801819742 0.082727417 0.001870540 0.999545753 -0.030081421 -2.523061991 -0.802147806 0.019462133 0.596808314 111.493011475
0.551148891 0.021738715 0.834123671 0.430354506 0.001856684 0.999626219 -0.027278801 -2.544149637 -0.834404767 0.016583387 0.550902545 111.676361084
0.503657520 0.019144963 0.863691270 0.753742993 0.003914071 0.999693513 -0.024442121 -2.550873280 -0.863894582 0.015691007 0.503428280 111.794998169
0.452865034 0.015379071 0.891446471 1.124855995 0.006988571 0.999759257 -0.020797938 -2.561816454 -0.891551793 0.015648598 0.452648580 111.941001892
0.400721908 0.015406945 0.916070223 1.499029040 0.004594520 0.999812245 -0.018825172 -2.578146458 -0.916188240 0.011752562 0.400575966 112.076705933
0.350072116 0.020576619 0.936496794 1.891476989 0.000881640 0.999750972 -0.022296004 -2.589155912 -0.936722398 0.008630862 0.349966884 112.185562134
0.299715549 0.025629848 0.953684330 2.294082403 0.001359442 0.999626637 -0.027291760 -2.595294714 -0.954027712 0.009476244 0.299568772 112.284980774
0.252265483 0.027641082 0.967263162 2.672596693 0.001179223 0.999582350 -0.028872192 -2.622357607 -0.967657387 0.008424081 0.252127558 112.362083435
0.211241931 0.027359087 0.977050781 3.096745729 0.008390639 0.999520481 -0.029802356 -2.637458324 -0.977397919 0.014493591 0.210911095 112.411102295
0.176450744 0.027027249 0.983938277 3.531161547 0.016947642 0.999391317 -0.030490957 -2.650552034 -0.984163582 0.022055591 0.175885290 112.446693420
0.145666391 0.028414080 0.988925636 3.986206293 0.021042492 0.999272287 -0.031810872 -2.666215897 -0.989110053 0.025443239 0.144962505 112.489067078
0.117541268 0.026633801 0.992710769 4.460258961 0.019109257 0.999394476 -0.029075736 -2.683866739 -0.992884159 0.022387564 0.116961159 112.532043457
0.092155635 0.023363614 0.995470405 4.946723461 0.012775145 0.999614656 -0.024643533 -2.697419405 -0.995662689 0.014988321 0.091821663 112.567932129
0.068545014 0.019243483 0.997462332 5.462450981 0.008205635 0.999769151 -0.019851871 -2.715209246 -0.997614264 0.009545558 0.068371318 112.591056824
0.045705240 0.016857963 0.998812735 5.969123363 0.011951103 0.999776721 -0.017421119 -2.738230467 -0.998883426 0.012733149 0.045493573 112.611061096
0.025463380 0.017626364 0.999520361 6.504249096 0.019900737 0.999637425 -0.018135415 -2.754719496 -0.999477684 0.020352980 0.025103372 112.600715637
0.007954560 0.020176740 0.999764800 7.054007053 0.024695635 0.999487579 -0.020367632 -2.772581100 -0.999663413 0.024851842 0.007452202 112.584671021
-0.006560625 0.025301002 0.999658346 7.652148247 0.025277320 0.999364614 -0.025127675 -2.784276962 -0.999658942 0.025103830 -0.007195998 112.585121155
-0.017390247 0.030263191 0.999390662 8.277726173 0.023115914 0.999286771 -0.029857811 -2.792214394 -0.999581516 0.022582596 -0.018077405 112.586296082
-0.023533762 0.030202024 0.999266863 8.903992653 0.024709430 0.999255776 -0.029619763 -2.807372093 -0.999417603 0.023994246 -0.024262521 112.558967590
-0.026044877 0.027330566 0.999287128 9.549972534 0.031419039 0.999154687 -0.026508056 -2.822824478 -0.999166846 0.030706240 -0.026881561 112.534553528
-0.025922589 0.025323646 0.999343157 10.199584007 0.032362349 0.999176383 -0.024479952 -2.849623919 -0.999140024 0.031706516 -0.026720772 112.516921997
-0.023950811 0.025066873 0.999398828 10.871372223 0.030994534 0.999223530 -0.024319686 -2.870966434 -0.999232590 0.030393429 -0.024709152 112.509010315
-0.021928743 0.025141615 0.999443352 11.573350906 0.028571431 0.999291360 -0.024510901 -2.899846554 -0.999351203 0.028018039 -0.022631528 112.486076355
-0.020816229 0.026296653 0.999437511 12.287300110 0.027934756 0.999279022 -0.025710663 -2.916646957 -0.999392927 0.027383843 -0.021535814 112.480224609
-0.020216281 0.027159244 0.999426723 13.005024910 0.026729470 0.999288440 -0.026614802 -2.945238829 -0.999438286 0.026176095 -0.020927846 112.474906921
-0.019297961 0.026809800 0.999454260 13.761564255 0.026295872 0.999308228 -0.026298149 -2.970967770 -0.999467850 0.025774024 -0.019989597 112.465255737
-0.018711261 0.025621658 0.999496639 14.520427704 0.025006317 0.999370933 -0.025150303 -2.994796515 -0.999512136 0.024523135 -0.019340191 112.455131531
-0.018388698 0.024194194 0.999538124 15.282629967 0.025809718 0.999385536 -0.023715677 -3.023107767 -0.999497712 0.025361700 -0.019001843 112.447204590
-0.018639144 0.022022443 0.999583721 16.079870224 0.026328811 0.999421418 -0.021527916 -3.050015926 -0.999479592 0.025916589 -0.019208178 112.428077698
-0.019951349 0.020179486 0.999597371 16.869318008 0.023680449 0.999525309 -0.019705387 -3.080809593 -0.999520481 0.023277765 -0.020419737 112.422058105
-0.021150118 0.019249165 0.999590993 17.661949158 0.023093399 0.999557316 -0.018759886 -3.103072882 -0.999509573 0.022687184 -0.021585282 112.407501221
-0.022515992 0.016516544 0.999610007 18.466119766 0.025085058 0.999558032 -0.015950648 -3.127241611 -0.999431789 0.024716130 -0.022920361 112.389564514
-0.023301056 0.015153387 0.999613643 19.288331985 0.027205979 0.999524415 -0.014517860 -3.150560617 -0.999358296 0.026857190 -0.023702236 112.363601685
-0.025122980 0.013883934 0.999587953 20.113605499 0.024590183 0.999609530 -0.013266201 -3.178397417 -0.999381959 0.024246765 -0.025454579 112.349441528
-0.025869975 0.018917175 0.999486268 20.938978195 0.021616796 0.999597728 -0.018359771 -3.198148966 -0.999431610 0.021130728 -0.026268497 112.333160400
-0.026813136 0.023476422 0.999364674 21.777139664 0.023296600 0.999467373 -0.022853779 -3.227089882 -0.999369025 0.022669019 -0.027345771 112.315200806
-0.027790071 0.025290629 0.999293923 22.613319397 0.023578726 0.999418318 -0.024638068 -3.257257700 -0.999335587 0.022877382 -0.028370224 112.294509888
-0.029643461 0.023273177 0.999289632 23.462297440 0.020183230 0.999539018 -0.022680260 -3.284524918 -0.999356747 0.019496571 -0.030099520 112.281669617
-0.031020653 0.019003710 0.999338031 24.311082840 0.017027998 0.999684155 -0.018481724 -3.315544128 -0.999373674 0.016443418 -0.031334449 112.270874023
-0.031226581 0.013600892 0.999419749 25.163431168 0.015518473 0.999793470 -0.013121107 -3.343126774 -0.999391854 0.015099743 -0.031431191 112.246116638
-0.031312022 0.008135812 0.999476552 26.013320923 0.011585094 0.999902666 -0.007776338 -3.367011786 -0.999442577 0.011335535 -0.031403229 112.228225708
-0.030950464 0.006329742 0.999500930 26.862409592 0.009256108 0.999938905 -0.006045891 -3.395663261 -0.999478102 0.009064364 -0.031007161 112.209236145
-0.030443164 0.013279538 0.999448299 27.702962875 0.011751482 0.999847353 -0.012926891 -3.424566031 -0.999467432 0.011351462 -0.030594572 112.194206238
-0.029186673 0.024656380 0.999269843 28.529401779 0.014379643 0.999602616 -0.024244590 -3.450396538 -0.999470592 0.013661524 -0.029529622 112.165290833
-0.028650774 0.030183673 0.999133706 29.366504669 0.015964920 0.999430358 -0.029734831 -3.471060991 -0.999462068 0.015099164 -0.029116334 112.143318176
-0.027368113 0.024383150 0.999327958 30.206243515 0.016993603 0.999569178 -0.023923643 -3.506882191 -0.999480903 0.016327441 -0.027770685 112.122344971
-0.026127625 0.016556492 0.999521554 31.043924332 0.020154458 0.999668241 -0.016032083 -3.539579153 -0.999455392 0.019725937 -0.026452644 112.094367981
-0.025766212 0.013608514 0.999575377 31.873794556 0.021232737 0.999689102 -0.013062744 -3.569572210 -0.999442458 0.020887149 -0.026047148 112.077041626
-0.026667835 0.014442633 0.999540031 32.702396393 0.020665679 0.999689758 -0.013893438 -3.592714787 -0.999430656 0.020285668 -0.026958033 112.069297791
-0.027362935 0.015135228 0.999511003 33.519180298 0.017128721 0.999745607 -0.014669860 -3.625383615 -0.999478817 0.016718933 -0.027615223 112.051628113
-0.028926864 0.015180485 0.999466300 34.328525543 0.014890217 0.999780357 -0.014754295 -3.651962996 -0.999470651 0.014455475 -0.029146554 112.028114319
-0.031454012 0.015008458 0.999392629 35.144714355 0.014755622 0.999785244 -0.014549949 -3.683480740 -0.999396384 0.014289005 -0.031668723 112.013313293
-0.034219906 0.015112529 0.999300122 35.954883575 0.012701331 0.999811471 -0.014685318 -3.710069418 -0.999333620 0.012189912 -0.034405410 111.997383118
-0.035650246 0.015539250 0.999243438 36.757385254 0.011839987 0.999815524 -0.015125728 -3.736872673 -0.999294221 0.011291794 -0.035827655 111.965759277
-0.037880328 0.014832436 0.999172151 37.556777954 0.009979722 0.999845564 -0.014464085 -3.760813236 -0.999232471 0.009423555 -0.038022503 111.943222046
-0.039972153 0.013628753 0.999107778 38.352191925 0.010381764 0.999858677 -0.013223644 -3.788182259 -0.999146879 0.009843923 -0.040107999 111.914382935
-0.041956548 0.013251312 0.999031603 39.144420624 0.009768689 0.999869764 -0.012852175 -3.820533991 -0.999071717 0.009219997 -0.042080529 111.887786865
-0.043415848 0.014598260 0.998950362 39.917934418 0.010567289 0.999844015 -0.014152049 -3.839801073 -0.999001145 0.009941775 -0.043563336 111.850013733
-0.044317327 0.014676320 0.998909712 40.697418213 0.010604683 0.999842644 -0.014219543 -3.866549015 -0.998961210 0.009962948 -0.044465985 111.818191528
-0.045352302 0.013714241 0.998876870 41.474884033 0.012932412 0.999829948 -0.013140152 -3.890316010 -0.998887300 0.012321951 -0.045521948 111.781700134
-0.047088198 0.013168165 0.998803973 42.250770569 0.013542524 0.999829590 -0.012543232 -3.910932541 -0.998798966 0.012935688 -0.047258511 111.754264832
-0.048361748 0.012679572 0.998749375 43.019371033 0.011431419 0.999860823 -0.012140150 -3.942876101 -0.998764515 0.010830003 -0.048499972 111.718238831
-0.049740691 0.011430757 0.998696804 43.769412994 0.009361628 0.999895930 -0.010978220 -3.967450857 -0.998718321 0.008803363 -0.049842522 111.690147400
-0.050807945 0.010113983 0.998657286 44.510349274 0.007972167 0.999921024 -0.009721186 -3.991523981 -0.998676717 0.007467548 -0.050884567 111.663215637
-0.051434789 0.010178524 0.998624504 45.223529816 0.008265658 0.999918222 -0.009765981 -4.013450146 -0.998642206 0.007751976 -0.051514708 111.627243042
-0.051633190 0.012807871 0.998583972 45.925243378 0.009027828 0.999882877 -0.012357734 -4.033817768 -0.998625278 0.008376975 -0.051742762 111.596946716
-0.051486775 0.015519933 0.998553097 46.632038116 0.008714517 0.999848127 -0.015090728 -4.057041645 -0.998635709 0.007924935 -0.051614206 111.558166504
-0.051704485 0.017025985 0.998517275 47.329765320 0.006839025 0.999837220 -0.016694359 -4.080846310 -0.998639047 0.005965712 -0.051812515 111.529205322
-0.051861119 0.018030819 0.998491526 48.028060913 0.006881193 0.999819636 -0.017697399 -4.104618549 -0.998630643 0.005953005 -0.051975843 111.496086121
-0.051828969 0.017655149 0.998499870 48.730712891 0.008560561 0.999814808 -0.017234046 -4.131630421 -0.998619318 0.007654496 -0.051970519 111.462303162
-0.052124031 0.017110849 0.998493969 49.417442322 0.008336935 0.999825776 -0.016698465 -4.157112598 -0.998605847 0.007453989 -0.052257609 111.428588867
-0.052600302 0.017354194 0.998464763 50.111129761 0.004799212 0.999841750 -0.017125303 -4.179475307 -0.998604119 0.003891048 -0.052675273 111.405143738
-0.052699432 0.017482834 0.998457313 50.793159485 0.002700788 0.999845624 -0.017364591 -4.205888271 -0.998606801 0.001781518 -0.052738514 111.381919861
-0.052489780 0.016405083 0.998486638 51.469997406 0.005042749 0.999856651 -0.016162496 -4.227025032 -0.998608708 0.004186753 -0.052564982 111.347152710
-0.053112760 0.015487548 0.998468339 52.134521484 0.004950866 0.999871552 -0.015245953 -4.253344059 -0.998576283 0.004133529 -0.053182617 111.302841187
-0.056817234 0.014790908 0.998274982 52.807708740 0.001141515 0.999890625 -0.014749873 -4.278695107 -0.998383939 0.000301499 -0.056827895 111.273941040
-0.062316824 0.014054447 0.997957408 53.481357574 -0.002963743 0.999893904 -0.014266786 -4.305521011 -0.998052061 -0.003846751 -0.062268555 111.244018555
-0.068011954 0.018727962 0.997508764 54.137519836 0.001752966 0.999824584 -0.018651919 -4.318836212 -0.997683048 0.000480045 -0.068032846 111.194755554
-0.074213214 0.021328712 0.997014284 54.815242767 0.004338977 0.999768794 -0.021064663 -4.342334747 -0.997232974 0.002762746 -0.074288592 111.131805420
-0.081158936 0.022409394 0.996449232 55.473674774 0.002693440 0.999748588 -0.022264216 -4.373122692 -0.996697485 0.000876936 -0.081198886 111.074134827
-0.087164216 0.021123398 0.995970011 56.147167206 -0.001042816 0.999772727 -0.021295313 -4.402207375 -0.996193409 -0.002894802 -0.087122373 111.018890381
-0.092718072 0.020230353 0.995486856 56.827987671 -0.000838897 0.999791622 -0.020395968 -4.423215866 -0.995692015 -0.002726185 -0.092681803 110.960296631
-0.097680882 0.021173971 0.994992554 57.529891968 -0.003112144 0.999762177 -0.021581000 -4.443975925 -0.995212972 -0.005204612 -0.097591765 110.902175903
-0.101538107 0.020899003 0.994612098 58.227840424 -0.004799365 0.999757349 -0.021497076 -4.461205482 -0.994820118 -0.006956280 -0.101413183 110.835578918
-0.104486823 0.017098203 0.994379282 58.921997070 -0.005136891 0.999829471 -0.017731693 -4.491519451 -0.994513035 -0.006960747 -0.104381181 110.769210815
-0.106005833 0.014056008 0.994266212 59.633750916 -0.003647164 0.999887884 -0.014524334 -4.515450478 -0.994358838 -0.005165916 -0.105942689 110.690307617
-0.106965289 0.011155496 0.994200230 60.346817017 -0.003821313 0.999925077 -0.011630865 -4.537569523 -0.994255483 -0.005043247 -0.106914639 110.612152100
-0.108619042 0.010832084 0.994024456 61.076057434 -0.005006691 0.999922037 -0.011443441 -4.557227612 -0.994070888 -0.006219750 -0.108556323 110.542526245
-0.108891755 0.014269951 0.993951201 61.794235229 -0.003474832 0.999885380 -0.014735829 -4.581426144 -0.994047582 -0.005058421 -0.108829670 110.465118408
-0.109352857 0.018408941 0.993832588 62.537670135 0.002618414 0.999830306 -0.018231932 -4.600857735 -0.993999541 0.000608552 -0.109382495 110.383567810
-0.110355929 0.023482816 0.993614733 63.284614563 0.010324687 0.999693990 -0.022479782 -4.626336575 -0.993838489 0.007777984 -0.110564604 110.294830322
-0.110514849 0.024892393 0.993562698 64.013526917 0.011884206 0.999647856 -0.023722958 -4.649110317 -0.993803442 0.009185964 -0.110771775 110.205215454
-0.110891484 0.022494977 0.993577898 64.764770508 0.009712973 0.999720514 -0.021550000 -4.676101685 -0.993785083 0.007260884 -0.111078992 110.129737854
-0.110707395 0.017544918 0.993698180 65.512908936 0.010272834 0.999810934 -0.016508350 -4.702707291 -0.993799984 0.008380500 -0.110866703 110.047904968
-0.110734411 0.015787208 0.993724585 66.263999939 0.011877925 0.999823451 -0.014560496 -4.726583004 -0.993779123 0.010191037 -0.110902384 109.964836121
-0.111720897 0.015367161 0.993620813 67.007408142 0.013129768 0.999815941 -0.013986684 -4.754011631 -0.993652880 0.011483405 -0.111902095 109.877975464
-0.113284864 0.016131997 0.993431568 67.753669739 0.011584270 0.999821663 -0.014914762 -4.778869629 -0.993494987 0.009818561 -0.113451540 109.799766541
-0.115688480 0.016883994 0.993142068 68.490890503 0.010680617 0.999818802 -0.015753344 -4.801782131 -0.993228137 0.008784889 -0.115847833 109.722099304
-0.118062884 0.017224496 0.992856681 69.229377747 0.012234433 0.999798894 -0.015890110 -4.826364517 -0.992930770 0.010271007 -0.118249878 109.634895325
-0.119804136 0.017231200 0.992648005 69.972724915 0.012322312 0.999798119 -0.015868124 -4.850077152 -0.992721081 0.010330652 -0.119992286 109.547157288
-0.121840969 0.017000133 0.992404103 70.717834473 0.012058875 0.999804854 -0.015646391 -4.873431206 -0.992476344 0.010060904 -0.122022212 109.454849243
-0.123533033 0.017223589 0.992191017 71.465179443 0.009837421 0.999821424 -0.016131235 -4.896640778 -0.992291689 0.007767859 -0.123680428 109.367843628
-0.124586597 0.018753083 0.992031634 72.216079712 0.009701454 0.999796510 -0.017681496 -4.921686172 -0.992161274 0.007421271 -0.124743201 109.277328491
-0.125249803 0.019027164 0.991942763 72.977394104 0.008922386 0.999797344 -0.018051218 -4.944483757 -0.992085159 0.006589584 -0.125394180 109.184516907
-0.126787752 0.019193480 0.991744161 73.742881775 0.008000938 0.999800026 -0.018326519 -4.970458031 -0.991897583 0.005611306 -0.126915947 109.092063904
-0.128070429 0.017915949 0.991603196 74.527015686 0.008852326 0.999817491 -0.016921043 -4.986399651 -0.991725624 0.006610910 -0.128205657 109.001396179
-0.128739193 0.015470795 0.991557777 75.307312012 0.006786583 0.999868512 -0.014719328 -5.009957790 -0.991655350 0.004834333 -0.128827274 108.902267456
-0.130981401 0.013794954 0.991288841 76.097351074 0.003450703 0.999903381 -0.013458887 -5.026955128 -0.991378903 0.001657779 -0.131016359 108.812080383
-0.132924974 0.012848316 0.991042793 76.879150391 0.004302543 0.999913990 -0.012386241 -5.053915024 -0.991116822 0.002617564 -0.132968828 108.703224182
-0.134591356 0.013668783 0.990806878 77.677352905 0.005690228 0.999898970 -0.013021254 -5.073686123 -0.990884900 0.003885370 -0.134655550 108.600616455
-0.137021169 0.015130653 0.990452588 78.475509644 0.005184474 0.999880552 -0.014557451 -5.092774868 -0.990554631 0.003140297 -0.137083277 108.493659973
-0.138576239 0.018005971 0.990188122 79.263397217 0.006182552 0.999830842 -0.017316077 -5.126362801 -0.990332544 0.003722293 -0.138664141 108.384727478
-0.139000863 0.022148887 0.990044534 80.081726074 0.008458345 0.999739885 -0.021178247 -5.148005009 -0.990256190 0.005430345 -0.139152065 108.272834778
-0.140003145 0.025686409 0.989817858 80.888381958 0.009253900 0.999653697 -0.024632754 -5.189191341 -0.990107834 0.005711012 -0.140192375 108.152633667
-0.139933228 0.027162267 0.989788353 81.714553833 0.011492969 0.999600887 -0.025806708 -5.215563774 -0.990094304 0.007764390 -0.140189558 108.038871765
-0.139175072 0.026237680 0.989920199 82.546867371 0.014801554 0.999592304 -0.024413060 -5.249998093 -0.990157247 0.011254668 -0.139506698 107.920928955
-0.139259398 0.024176538 0.989960730 83.376731873 0.015599705 0.999631405 -0.022218274 -5.282756329 -0.990133047 0.012348992 -0.139585197 107.803016663
-0.138185695 0.022593843 0.990148723 84.221084595 0.014794067 0.999675214 -0.020746563 -5.313784122 -0.990295827 0.011781446 -0.138475090 107.685325623
-0.136735737 0.020065155 0.990404248 85.078758240 0.014069289 0.999733388 -0.018311741 -5.343277931 -0.990507603 0.011430416 -0.136981592 107.585548401
-0.135418013 0.017060921 0.990641594 85.935066223 0.014531679 0.999778450 -0.015231833 -5.368105412 -0.990682006 0.012333024 -0.135635957 107.479003906
-0.133528814 0.013831989 0.990948379 86.782615662 0.015033945 0.999815881 -0.011929962 -5.393942833 -0.990930915 0.013304872 -0.133712187 107.363067627
-0.131894767 0.013488274 0.991171896 87.631301880 0.013010834 0.999844790 -0.011874953 -5.422107220 -0.991178334 0.011329731 -0.132049784 107.259742737
-0.130538628 0.017538184 0.991288066 88.485893250 0.013575135 0.999781251 -0.015900800 -5.450891495 -0.991350293 0.011381201 -0.130748168 107.152015686
-0.128630623 0.023788961 0.991407156 89.330993652 0.014541471 0.999649942 -0.022100057 -5.478110790 -0.991586030 0.011573776 -0.128931537 107.043449402
-0.127138734 0.027280586 0.991509736 90.182632446 0.012497901 0.999586403 -0.025900235 -5.504958630 -0.991806269 0.009098868 -0.127427101 106.939956665
-0.125583023 0.024853447 0.991771758 91.044685364 0.011297270 0.999657214 -0.023620537 -5.536341190 -0.992018878 0.008237977 -0.125820741 106.835006714
