1.000000000 0.000000000 -0.000000000 0.000000000 0.000000000 1.000000000 0.000000000 0.000000000 -0.000000000 0.000000000 1.000000000 0.000000000
0.999997258 0.001052430 0.002080297 -0.009637472 -0.001050173 0.999998868 -0.001085840 -0.016516531 -0.002081438 0.001083652 0.999997258 1.205749393
0.999994457 0.001402357 0.003031289 -0.005512599 -0.001400696 0.999998808 -0.000549963 -0.038421832 -0.003032057 0.000545714 0.999995232 2.398505211
0.999989629 0.000965342 0.004437543 -0.008403651 -0.000963832 0.999999464 -0.000342306 -0.056644220 -0.004437872 0.000338026 0.999990046 3.589044094
0.999984801 0.000856725 0.005457283 -0.007496744 -0.000854129 0.999999464 -0.000477922 -0.076734379 -0.005457691 0.000473254 0.999984980 4.789184093
0.999981880 0.000599631 0.005983239 -0.000932450 -0.000598505 0.999999821 -0.000189864 -0.098452881 -0.005983351 0.000186279 0.999981999 5.985874176
0.999978960 0.000744223 0.006455621 0.006352184 -0.000736159 0.999999046 -0.001251523 -0.119762748 -0.006456546 0.001246744 0.999978364 7.190591812
0.999973714 0.000240582 0.007249468 0.011487688 -0.000229954 0.999998868 -0.001466793 -0.143489555 -0.007249813 0.001465088 0.999972641 8.425854683
0.999968827 0.000135540 0.007891187 0.009279189 -0.000135544 1.000000000 -0.000000024 -0.166998610 -0.007891187 -0.000001045 0.999968886 9.609565735
0.999978304 -0.000311833 0.006576123 0.009794018 0.000304716 0.999999404 0.001083350 -0.190055549 -0.006576457 -0.001081323 0.999977827 10.799563408
0.999989092 -0.001999463 0.004239696 0.010239135 0.001997386 0.999997795 0.000494206 -0.210322827 -0.004240676 -0.000485732 0.999990880 11.990888596
0.999995530 -0.001618023 0.002522133 0.000040250 0.001617958 0.999998629 0.000028136 -0.228232726 -0.002522176 -0.000024055 0.999996841 13.188072205
0.999998450 -0.001573958 0.000786114 0.006414344 0.001573977 0.999998748 -0.000024069 -0.254214555 -0.000786075 0.000025306 0.999999702 14.380624771
1.000000000 0.000243355 -0.000147642 -0.001369510 -0.000243378 0.999999940 -0.000156543 -0.274768919 0.000147603 0.000156579 1.000000000 15.583498955
0.999999940 -0.000181943 -0.000472742 -0.010423642 0.000181817 1.000000000 -0.000267263 -0.291941971 0.000472791 0.000267177 0.999999821 16.783805847
0.999999166 -0.000439995 -0.001197163 -0.007207780 0.000440502 0.999999821 0.000422933 -0.313459814 0.001196977 -0.000423460 0.999999166 17.959110260
0.999997318 -0.000747896 -0.002179150 -0.010191184 0.000749786 0.999999344 0.000866599 -0.334965080 0.002178501 -0.000868231 0.999997258 19.150550842
0.999996305 -0.000609888 -0.002653867 -0.015021549 0.000609408 0.999999762 -0.000181768 -0.356575400 0.002653977 0.000180150 0.999996483 20.350086212
0.999995589 -0.000801632 -0.002860829 -0.028157480 0.000799138 0.999999225 -0.000872592 -0.377657026 0.002861526 0.000870302 0.999995589 21.549325943
0.999993026 0.000236239 -0.003717161 -0.043277513 -0.000237740 0.999999881 -0.000403323 -0.400228530 0.003717065 0.000404204 0.999992967 22.747116089
0.999990404 -0.000420948 -0.004371008 -0.058060877 0.000419062 0.999999940 -0.000432341 -0.422777534 0.004371190 0.000430505 0.999990344 23.946344376
0.999984980 -0.000330496 -0.005472478 -0.060832620 0.000325416 0.999999464 -0.000929138 -0.452210635 0.005472783 0.000927343 0.999984562 25.129768372
0.999978900 0.000281350 -0.006483309 -0.075754285 -0.000281600 0.999999940 -0.000037772 -0.474134773 0.006483298 0.000039597 0.999978960 26.331804276
0.999973357 -0.001530463 -0.007145445 -0.087190665 0.001541194 0.999997616 0.001496679 -0.495066911 0.007143138 -0.001507652 0.999973297 27.537195206
0.999967158 -0.001363162 -0.007975811 -0.099231437 0.001374535 0.999998152 0.001420678 -0.514659703 0.007973858 -0.001431595 0.999967158 28.746099472
0.999956310 -0.002190627 -0.009078261 -0.112232201 0.002196434 0.999997377 0.000629795 -0.534597576 0.009076857 -0.000649707 0.999958575 29.943510056
0.999945521 -0.002463803 -0.010146515 -0.121842109 0.002461303 0.999997079 -0.000258930 -0.556367040 0.010147123 0.000233942 0.999948502 31.140247345
0.999941230 -0.001895115 -0.010673040 -0.145047352 0.001892392 0.999998093 -0.000265229 -0.575515866 0.010673522 0.000245016 0.999943018 32.335235596
0.999934912 -0.002032195 -0.011217901 -0.160898000 0.002035311 0.999997973 0.000266386 -0.598045945 0.011217335 -0.000289201 0.999937057 33.532039642
0.999923170 -0.002648022 -0.012098772 -0.177945152 0.002653970 0.999996364 0.000475600 -0.620944917 0.012097468 -0.000507673 0.999926746 34.723697662
0.999916136 -0.003637930 -0.012430631 -0.199264362 0.003644178 0.999993265 0.000480095 -0.643114865 0.012428800 -0.000525355 0.999922633 35.937835693
0.999911249 -0.003643466 -0.012817251 -0.222211763 0.003648954 0.999993265 0.000404816 -0.662425756 0.012815691 -0.000451549 0.999917746 37.142711639
0.999906182 -0.004543736 -0.012921611 -0.239623249 0.004559241 0.999989033 0.001170695 -0.689772725 0.012916149 -0.001229498 0.999915838 38.324638367
0.999902844 -0.004321329 -0.013257490 -0.249810427 0.004354527 0.999987483 0.002476216 -0.706114829 0.013246625 -0.002533705 0.999909103 39.525226593
0.999904752 -0.003750291 -0.013282753 -0.265975356 0.003792906 0.999987721 0.003184463 -0.725537419 0.013270647 -0.003234539 0.999906719 40.713584900
0.999907851 -0.003155032 -0.013201158 -0.285421550 0.003188794 0.999991655 0.002537286 -0.740902781 0.013193041 -0.002579148 0.999909580 41.926544189
0.999911368 -0.002315060 -0.013116070 -0.303264111 0.002345833 0.999994576 0.002331343 -0.755973577 0.013110601 -0.002361904 0.999911249 43.117290497
0.999917269 -0.000151562 -0.012863976 -0.321735650 0.000208672 0.999990106 0.004438274 -0.773393393 0.012863175 -0.004440591 0.999907434 44.333362579
0.999942183 0.000468055 -0.010742306 -0.349527448 -0.000383032 0.999968588 0.007915481 -0.801712394 0.010745673 -0.007910909 0.999911010 45.537490845
0.999958694 0.000724252 -0.009067629 -0.370218635 -0.000628944 0.999944627 0.010509221 -0.810067296 0.009074740 -0.010503083 0.999903619 46.734428406
0.999967396 0.001385743 -0.007958155 -0.373666823 -0.001277364 0.999906600 0.013607593 -0.811068594 0.007976269 -0.013596985 0.999875784 47.934894562
0.999980688 0.000181647 -0.006214406 -0.392123729 -0.000084381 0.999877512 0.015648384 -0.833015561 0.006216488 -0.015647558 0.999858201 49.145122528
0.999986947 -0.001650387 -0.004837098 -0.399238646 0.001719148 0.999897003 0.014246014 -0.836035490 0.004813089 -0.014254143 0.999886811 50.357212067
0.999992549 -0.000595257 -0.003804591 -0.406592906 0.000641825 0.999924779 0.012250445 -0.838828146 0.003797013 -0.012252797 0.999917686 51.559146881
0.999994993 -0.000877622 -0.003028488 -0.416089594 0.000914109 0.999926746 0.012067844 -0.847945988 0.003017675 -0.012070553 0.999922574 52.753971100
0.999995291 -0.001159007 -0.002835603 -0.425713092 0.001191253 0.999934375 0.011396729 -0.850981295 0.002822208 -0.011400056 0.999931037 53.957012177
0.999991775 -0.001774112 -0.003645302 -0.435199261 0.001811953 0.999944210 0.010403947 -0.859030902 0.003626641 -0.010410465 0.999939203 55.169780731
0.999984026 -0.001438239 -0.005465963 -0.444752812 0.001498991 0.999936938 0.011126660 -0.865523994 0.005449616 -0.011134676 0.999923110 56.384132385
0.999978781 -0.001463848 -0.006366240 -0.462572515 0.001540172 0.999926746 0.012000614 -0.872827590 0.006348207 -0.012010164 0.999907732 57.569683075
0.999967277 -0.002238685 -0.007777670 -0.470668465 0.002334660 0.999920905 0.012352812 -0.881008148 0.007749401 -0.012370566 0.999893427 58.780185699
0.999959707 -0.000887689 -0.008921640 -0.480420321 0.000998267 0.999922633 0.012397473 -0.892649353 0.008909943 -0.012405880 0.999883354 59.972454071
0.999954939 -0.000395710 -0.009475154 -0.497583032 0.000512013 0.999924481 0.012275185 -0.897970021 0.009469581 -0.012279485 0.999879837 61.175571442
0.999950647 -0.001679639 -0.009787211 -0.510575891 0.001794712 0.999929190 0.011760572 -0.908038974 0.009766765 -0.011777557 0.999882936 62.375007629
0.999945998 -0.002589321 -0.010056899 -0.527095556 0.002699957 0.999935806 0.011003151 -0.916424334 0.010027763 -0.011029713 0.999888837 63.586170197
0.999940872 -0.003243743 -0.010380649 -0.540661037 0.003372318 0.999917507 0.012392574 -0.932671785 0.010339594 -0.012426848 0.999869287 64.776710510
0.999939144 -0.003061748 -0.010596038 -0.561547875 0.003206388 0.999901593 0.013660490 -0.932775617 0.010553170 -0.013693634 0.999850512 65.974555969
0.999933541 -0.002961152 -0.011135265 -0.573022366 0.003101505 0.999915659 0.012608352 -0.953395069 0.011096992 -0.012642052 0.999858439 67.175003052
0.999940038 -0.001226521 -0.010879003 -0.597553730 0.001351045 0.999933600 0.011446440 -0.959284186 0.010864243 -0.011460453 0.999875307 68.373443604
0.999936461 0.000805126 -0.011238399 -0.611697614 -0.000671320 0.999928832 0.011904870 -0.970927060 0.011247185 -0.011896571 0.999865890 69.561981201
0.999936283 0.003036420 -0.010872140 -0.634754419 -0.002903820 0.999921501 0.012191367 -0.977440417 0.010908304 -0.012159021 0.999866545 70.749206543
0.999933481 0.004077926 -0.010786417 -0.657737136 -0.003942155 0.999913037 0.012578664 -0.985239804 0.010836776 -0.012535306 0.999862671 71.952743530
0.999940634 0.004728546 -0.009813491 -0.676578820 -0.004595858 0.999898314 0.013499804 -0.991026938 0.009876328 -0.013453901 0.999860704 73.146881104
0.999944389 0.006613978 -0.008210426 -0.690269470 -0.006500554 0.999884069 0.013765281 -0.992414534 0.008300519 -0.013711142 0.999871552 74.341629028
0.999971390 0.005342097 -0.005342825 -0.697750568 -0.005276694 0.999911904 0.012181357 -1.005927086 0.005407427 -0.012152817 0.999911547 75.515724182
0.999992013 0.002632310 -0.002988268 -0.703836799 -0.002611241 0.999971807 0.007032836 -1.013462782 0.003006696 -0.007024977 0.999970794 76.689994812
0.999991894 0.003981901 -0.000444857 -0.707284629 -0.003978822 0.999969542 0.006721088 -1.024459004 0.000471606 -0.006719263 0.999977350 77.876022339
0.999994278 0.002778710 0.001886054 -0.705577314 -0.002797971 0.999943137 0.010287922 -1.037282228 -0.001857360 -0.010293141 0.999945402 79.060600281
0.999983191 0.002782565 0.005088761 -0.701068878 -0.002841647 0.999928176 0.011640107 -1.046409607 -0.005056007 -0.011654374 0.999919295 80.243286133
0.999953210 0.002928089 0.009226248 -0.697820783 -0.003020074 0.999945581 0.009971760 -1.055142522 -0.009196550 -0.009999157 0.999907732 81.410110474
0.999916673 0.001491611 0.012824248 -0.687519729 -0.001581707 0.999974072 0.007018143 -1.067262053 -0.012813448 -0.007037842 0.999893129 82.576560974
0.999870658 0.000162640 0.016081547 -0.670328319 -0.000217815 0.999994218 0.003429251 -1.079593062 -0.016080895 -0.003432310 0.999864817 83.739265442
0.999805629 -0.000167038 0.019713366 -0.653312922 0.000116195 0.999996662 0.002580215 -1.095484376 -0.019713731 -0.002577423 0.999802411 84.894676208
0.999734879 -0.000766674 0.023013599 -0.628353000 0.000663995 0.999989808 0.004468960 -1.115460634 -0.023016784 -0.004452494 0.999725163 86.059371948
0.999637127 0.000436069 0.026933154 -0.610662401 -0.000579200 0.999985814 0.005306741 -1.137582898 -0.026930455 -0.005320415 0.999623120 87.224708557
0.999534369 -0.000136112 0.030513871 -0.573936105 0.000050101 0.999996006 0.002819527 -1.152309656 -0.030514130 -0.002816685 0.999530315 88.371688843
0.999433219 -0.000296252 0.033662755 -0.537533879 0.000270778 0.999999642 0.000761295 -1.172134876 -0.033662964 -0.000751748 0.999432921 89.520530701
0.999320269 -0.000033009 0.036865372 -0.499940038 0.000025415 1.000000000 0.000206452 -1.185631156 -0.036865380 -0.000205374 0.999320269 90.686653137
0.999217749 -0.000797141 0.039538678 -0.456027150 0.000736044 0.999998569 0.001559765 -1.203392625 -0.039539862 -0.001529442 0.999216855 91.844322205
0.999085486 -0.002001491 0.042712811 -0.419103533 0.001876725 0.999993861 0.002960945 -1.222696781 -0.042718485 -0.002878077 0.999082983 92.999313354
0.998966277 -0.002794967 0.045372978 -0.368139446 0.002585286 0.999985754 0.004679292 -1.236889601 -0.045385402 -0.004557152 0.998959124 94.161239624
0.998855531 -0.004280020 0.047639724 -0.310010701 0.004017225 0.999976218 0.005610668 -1.250400186 -0.047662601 -0.005412867 0.998848796 95.323661804
0.998735189 -0.005281401 0.050001822 -0.262212962 0.005118939 0.999981105 0.003376632 -1.267222524 -0.050018720 -0.003116405 0.998743355 96.467247009
0.998612523 -0.006716952 0.052228991 -0.201866269 0.006735697 0.999977291 -0.000182890 -1.283426523 -0.052226577 0.000534435 0.998635054 97.621597290
0.998508036 -0.005730125 0.054301992 -0.146734565 0.005892012 0.999978662 -0.002821616 -1.300772548 -0.054284669 0.003137354 0.998520553 98.784370422
0.998419106 -0.005863190 0.055898815 -0.082102537 0.006085275 0.999974191 -0.003803608 -1.322922707 -0.055875082 0.004137755 0.998429239 99.952560425
0.998404503 -0.005775326 0.056168035 -0.018023161 0.005963763 0.999977052 -0.003187846 -1.343555093 -0.056148343 0.003517733 0.998416305 101.132118225
0.998446584 -0.005782840 0.055415090 0.041369706 0.005864121 0.999981940 -0.001304285 -1.368773103 -0.055406556 0.001627220 0.998462558 102.316566467
0.998503745 -0.005888099 0.054365057 0.096110240 0.005897264 0.999982595 -0.000008166 -1.383678913 -0.054364063 0.000328759 0.998521149 103.516990662
0.998613954 -0.005641775 0.052330200 0.151765078 0.005600256 0.999983847 0.000939989 -1.402217269 -0.052334666 -0.000645623 0.998629391 104.704711914
0.998756349 -0.005749980 0.049523439 0.211805239 0.005687552 0.999982774 0.001401390 -1.419139385 -0.049530644 -0.001117980 0.998771966 105.907882690
0.998897433 -0.004830208 0.046695560 0.259262711 0.004776325 0.999987781 0.001265433 -1.434696794 -0.046701100 -0.001041005 0.998908341 107.100624084
0.999060392 -0.003580958 0.043191243 0.298109978 0.003558548 0.999993503 0.000595742 -1.446745515 -0.043193098 -0.000441484 0.999066651 108.303405762
0.999237120 -0.003517898 0.038895071 0.343001455 0.003475977 0.999993324 0.001145376 -1.466512203 -0.038898844 -0.001009304 0.999242663 109.504310608
0.999388456 -0.003182757 0.034821864 0.380936593 0.003105226 0.999992669 0.002280357 -1.485372066 -0.034828875 -0.002170832 0.999390900 110.727485657
0.999534070 -0.002535535 0.030418318 0.417551339 0.002445562 0.999992549 0.002994725 -1.501266241 -0.030425685 -0.002918940 0.999532759 111.932876587
0.999659121 -0.002439915 0.025994420 0.443626225 0.002348428 0.999991119 0.003549429 -1.516130805 -0.026002841 -0.003487173 0.999655783 113.150260925
0.999777138 -0.001853386 0.021031123 0.465425789 0.001778023 0.999992013 0.003601497 -1.529719710 -0.021037627 -0.003563300 0.999772310 114.368713379
0.999865949 -0.001185840 0.016330520 0.475439847 0.001125921 0.999992549 0.003677887 -1.550907493 -0.016334759 -0.003659007 0.999859929 115.610389709
0.999937057 -0.000891779 0.011184190 0.483283758 0.000852731 0.999993563 0.003495629 -1.565724134 -0.011187238 -0.003485872 0.999931335 116.831382751
0.999978900 0.000287304 0.006493720 0.488746643 -0.000304601 0.999996424 0.002662908 -1.579966187 -0.006492932 -0.002664829 0.999975383 118.062271118
0.999992371 0.002305046 0.003143822 0.483345091 -0.002313140 0.999993980 0.002573174 -1.594412684 -0.003137872 -0.002580427 0.999991775 119.297164917
0.999991715 0.004020543 0.000708062 0.479707599 -0.004022510 0.999987960 0.002798439 -1.612419486 -0.000696802 -0.002801263 0.999995828 120.519981384
0.999986649 0.005168259 -0.000022118 0.469292790 -0.005168192 0.999983847 0.002379700 -1.630594611 0.000034416 -0.002379554 0.999997199 121.795318604
0.999970376 0.007581748 -0.001348099 0.461245716 -0.007578152 0.999967754 0.002652872 -1.646161079 0.001368169 -0.002642578 0.999995589 123.033065796
0.999959648 0.008690528 -0.002279749 0.452196687 -0.008682652 0.999956429 0.003441693 -1.660617113 0.002309559 -0.003421760 0.999991477 124.266677856
0.999962091 0.008108954 -0.003174411 0.442610115 -0.008096255 0.999959350 0.003992660 -1.674522996 0.003206658 -0.003966807 0.999986947 125.508995056
0.999916911 0.012342017 -0.003724956 0.422700763 -0.012320480 0.999907613 0.005750503 -1.685544372 0.003795584 -0.005704132 0.999976575 126.762268066
0.999901474 0.013360711 -0.004319897 0.405932873 -0.013321331 0.999870598 0.009020024 -1.696799397 0.004439851 -0.008961586 0.999950051 128.014053345
0.999915481 0.011908478 -0.005218117 0.402971119 -0.011861678 0.999889910 0.008909848 -1.714433551 0.005323645 -0.008847200 0.999946654 129.265014648
0.999913037 0.011780459 -0.005916468 0.389176726 -0.011736706 0.999903977 0.007375944 -1.719025135 0.006002791 -0.007305864 0.999955237 130.516464233
0.999935150 0.009127656 -0.006816060 0.382850915 -0.009070653 0.999924004 0.008347692 -1.729045153 0.006891737 -0.008285323 0.999941945 131.771713257
0.999947906 0.006739384 -0.007664314 0.376491487 -0.006662331 0.999927402 0.010034949 -1.738832712 0.007731387 -0.009983364 0.999920189 133.040267944
0.999968767 0.002926022 -0.007342309 0.355094165 -0.002838796 0.999925554 0.011862378 -1.747375131 0.007376473 -0.011841164 0.999902666 134.315383911
0.999966800 0.001519534 -0.008004742 0.347102910 -0.001414191 0.999912500 0.013149421 -1.755602598 0.008024022 -0.013137662 0.999881446 135.589660645
0.999967158 -0.002646756 -0.007667221 0.334908366 0.002732222 0.999934018 0.011158060 -1.759679079 0.007637182 -0.011178641 0.999908388 136.857635498
0.999958396 -0.005136742 -0.007536259 0.322327822 0.005213511 0.999934316 0.010202490 -1.764270067 0.007483358 -0.010241357 0.999919534 138.124328613
0.999955058 -0.006368937 -0.007019405 0.303672254 0.006439483 0.999928474 0.010073708 -1.772972465 0.006954744 -0.010118457 0.999924600 139.403244019
0.999956846 -0.006310812 -0.006814025 0.295067012 0.006381279 0.999925911 0.010369741 -1.780247092 0.006748078 -0.010412776 0.999922931 140.686767578
0.999962091 -0.005829414 -0.006466735 0.279467553 0.005908952 0.999906301 0.012349228 -1.787575722 0.006394139 -0.012386972 0.999902785 141.958648682
0.999976814 -0.003340712 -0.005924377 0.270305157 0.003422945 0.999897063 0.013925004 -1.793280005 0.005877248 -0.013944960 0.999885499 143.249359131
0.999979138 -0.003598867 -0.005365385 0.257286191 0.003664368 0.999918282 0.012248493 -1.799108386 0.005320866 -0.012267897 0.999910593 144.522338867
0.999982953 -0.003173156 -0.004907771 0.244427800 0.003225011 0.999938607 0.010594295 -1.811114907 0.004873854 -0.010609942 0.999931753 145.805816650
0.999984324 -0.003326649 -0.004511437 0.233977214 0.003362734 0.999962211 0.008014597 -1.818109393 0.004484606 -0.008029642 0.999957621 147.079452515
0.999985278 -0.004215848 -0.003431334 0.214744478 0.004230463 0.999981880 0.004263432 -1.837677479 0.003413298 -0.004277885 0.999984980 148.337066650
0.999986887 -0.003951573 -0.003237732 0.209277853 0.003952913 0.999992132 0.000407119 -1.854042053 0.003236098 -0.000419912 0.999994695 149.623291016
0.999984860 -0.004516861 -0.003131699 0.199227810 0.004514823 0.999989569 -0.000657754 -1.872372270 0.003134638 0.000643605 0.999994934 150.897705078
0.999983430 -0.004733299 -0.003276174 0.193923414 0.004732448 0.999988675 -0.000267681 -1.898170948 0.003277405 0.000252172 0.999994576 152.164688110
0.999986291 -0.003917309 -0.003485308 0.183233321 0.003918025 0.999992311 0.000198574 -1.919963002 0.003484504 -0.000212227 0.999993920 153.427490234
0.999988377 -0.003193573 -0.003611867 0.174452230 0.003198202 0.999994099 0.001276710 -1.940034270 0.003607768 -0.001288247 0.999992669 154.680694580
0.999988437 -0.002554235 -0.004079708 0.163569912 0.002561786 0.999994993 0.001846908 -1.961669803 0.004074971 -0.001857337 0.999989927 155.949905396
0.999985576 -0.002646903 -0.004662403 0.155422792 0.002654029 0.999995351 0.001522776 -1.980572820 0.004658349 -0.001535128 0.999987960 157.228302002
0.999983609 -0.002242764 -0.005266688 0.139001206 0.002251894 0.999996066 0.001728060 -1.998419285 0.005262790 -0.001739891 0.999984562 158.495254517
0.999978840 -0.002647241 -0.005939632 0.130078524 0.002664756 0.999992073 0.002942962 -2.018841743 0.005931795 -0.002958727 0.999978006 159.776718140
0.999978304 -0.001478162 -0.006427040 0.109088361 0.001501088 0.999992490 0.003563832 -2.039884806 0.006421723 -0.003573402 0.999972999 161.027999878
0.999973655 -0.001385558 -0.007118035 0.099780835 0.001401418 0.999996543 0.002223694 -2.056515932 0.007114929 -0.002233611 0.999972224 162.307022095
0.999970555 -0.001068534 -0.007592344 0.080743223 0.001076366 0.999998927 0.001027527 -2.077465296 0.007591239 -0.001035670 0.999970675 163.572692871
0.999966502 0.000153442 -0.008181849 0.058310460 -0.000143599 0.999999285 0.001203622 -2.099144220 0.008182027 -0.001202407 0.999965727 164.844512939
0.999959171 -0.000009054 -0.009031188 0.039450549 0.000013831 0.999999881 0.000528805 -2.122013092 0.009031183 -0.000528908 0.999959052 166.118240356
0.999952078 0.000245905 -0.009784313 0.021838272 -0.000252701 0.999999702 -0.000693343 -2.140437365 0.009784141 0.000695783 0.999951899 167.387573242
0.999946833 0.000672077 -0.010288821 -0.000196306 -0.000677590 0.999999642 -0.000532338 -2.158948898 0.010288457 0.000539281 0.999946952 168.661361694
0.999938071 0.000785896 -0.011097204 -0.019186201 -0.000774789 0.999999225 0.001005090 -2.185088158 0.011097986 -0.000996430 0.999937892 169.937713623
0.999926686 -0.000117912 -0.012108048 -0.035072848 0.000134214 0.999999106 0.001345562 -2.205295563 0.012107879 -0.001347089 0.999925792 171.204025269
0.999921322 0.001398653 -0.012467830 -0.064830042 -0.001375649 0.999997377 0.001853420 -2.227650166 0.012470387 -0.001836122 0.999920547 172.465072632
0.999909699 0.001878582 -0.013312651 -0.089642413 -0.001851350 0.999996245 0.002057602 -2.245834351 0.013316465 -0.002032770 0.999909222 173.736099243
0.999903381 0.002065486 -0.013745276 -0.119120538 -0.002052240 0.999997377 0.000977738 -2.266030312 0.013747259 -0.000949435 0.999905050 175.018844604
0.999893367 0.002789713 -0.014333653 -0.142332941 -0.002781121 0.999995947 0.000619298 -2.286764622 0.014335325 -0.000579369 0.999897003 176.269042969
0.999892712 0.002248839 -0.014473467 -0.168218181 -0.002231215 0.999996841 0.001233660 -2.310153961 0.014476195 -0.001201234 0.999894440 177.538864136
0.999885619 0.002354113 -0.014939697 -0.187939897 -0.002353186 0.999997318 0.000079610 -2.329405546 0.014939845 -0.000044445 0.999888361 178.786026001
0.999888003 0.001298458 -0.014909156 -0.221652642 -0.001327195 0.999997437 -0.001917809 -2.347278833 0.014906625 0.001937382 0.999886990 180.071853638
0.999882877 -0.001757420 -0.015204553 -0.246107951 0.001734574 0.999997377 -0.001515675 -2.371435642 0.015207177 0.001489125 0.999883235 181.339584351
0.999876916 -0.001727358 -0.015599265 -0.268904448 0.001759802 0.999996305 0.002066332 -2.394371033 0.015595637 -0.002093529 0.999876142 182.612762451
0.999873221 -0.002448288 -0.015730394 -0.294285208 0.002551334 0.999975383 0.006533996 -2.413748503 0.015714008 -0.006573301 0.999854922 183.876190186
0.999878347 -0.001297197 -0.015542989 -0.321392030 0.001387067 0.999982357 0.005772604 -2.427001953 0.015535227 -0.005793461 0.999862552 185.135345459
0.999890924 0.000287488 -0.014766386 -0.356745124 -0.000252173 0.999997079 0.002393370 -2.440711498 0.014767031 -0.002389385 0.999888182 186.381530762
0.999880672 0.000554748 -0.015439556 -0.381058514 -0.000545907 0.999999702 0.000576804 -2.461505413 0.015439869 -0.000568307 0.999880612 187.630599976
0.999875069 0.000354417 -0.015809327 -0.405169666 -0.000339714 0.999999583 0.000932692 -2.483463764 0.015809650 -0.000927204 0.999874532 188.881408691
0.999878883 -0.000053081 -0.015561532 -0.431145787 0.000085333 0.999997854 0.002071918 -2.503895044 0.015561388 -0.002072995 0.999876678 190.134414673
0.999879777 0.000523615 -0.015494526 -0.458169609 -0.000455015 0.999990106 0.004430533 -2.524860144 0.015496692 -0.004422950 0.999870062 191.378662109
0.999892652 -0.000502010 -0.014642416 -0.481787473 0.000577804 0.999986410 0.005172510 -2.544247627 0.014639622 -0.005180414 0.999879420 192.632583618
0.999911368 -0.000580824 -0.013298918 -0.504264295 0.000639358 0.999990046 0.004397637 -2.559189081 0.013296233 -0.004405750 0.999901831 193.875930786
0.999931455 -0.001415478 -0.011622549 -0.526667595 0.001449733 0.999994755 0.002939304 -2.579154968 0.011618325 -0.002955953 0.999928117 195.102996826
0.999947250 -0.001744384 -0.010129686 -0.551062226 0.001759624 0.999997318 0.001495816 -2.598269939 0.010127049 -0.001513562 0.999947548 196.333938599
0.999959588 -0.002046355 -0.008757246 -0.567170203 0.002053113 0.999997556 0.000762847 -2.619566917 0.008755662 -0.000780796 0.999961376 197.552093506
0.999972701 -0.001799457 -0.007163399 -0.584458113 0.001810061 0.999997199 0.001474209 -2.641162872 0.007160726 -0.001487136 0.999973238 198.764892578
0.999977350 -0.002500732 -0.006251200 -0.590533078 0.002522191 0.999990940 0.003427188 -2.662016869 0.006242573 -0.003442877 0.999974608 199.999053955
0.999984384 -0.001420991 -0.005408904 -0.602779388 0.001441824 0.999991655 0.003849600 -2.682646513 0.005403388 -0.003857338 0.999978006 201.213653564
0.999990165 -0.001601322 -0.004113183 -0.611527026 0.001617381 0.999991059 0.003903785 -2.700821638 0.004106895 -0.003910400 0.999983847 202.423873901
0.999992192 -0.001752289 -0.003515518 -0.617212415 0.001765997 0.999990821 0.003899871 -2.712784767 0.003508651 -0.003906050 0.999986231 203.634750366
0.999997079 -0.001431520 -0.001935840 -0.632318556 0.001439624 0.999990165 0.004190949 -2.738352299 0.001929821 -0.004193724 0.999989390 204.821823120
0.999998987 -0.001008919 -0.001010134 -0.641557634 0.001013046 0.999991119 0.004093449 -2.755185843 0.001005995 -0.004094468 0.999991179 206.020538330
0.999999166 -0.001271762 -0.000055507 -0.654399633 0.001271989 0.999989986 0.004294150 -2.777736902 0.000050045 -0.004294218 0.999990821 207.197372437
0.999997318 -0.002305978 0.000288660 -0.654597342 0.002304746 0.999988616 0.004195708 -2.793147802 -0.000298332 -0.004195031 0.999991179 208.357513428
0.999996662 -0.002538630 0.000597526 -0.662799895 0.002535289 0.999981642 0.005526497 -2.816966057 -0.000611545 -0.005524964 0.999984562 209.512710571
0.999995828 -0.002869043 0.000295662 -0.666041017 0.002867169 0.999976993 0.006156638 -2.833348274 -0.000313319 -0.006155764 0.999980986 210.644927979
0.999996066 -0.002804080 0.000112476 -0.675933003 0.002803352 0.999978006 0.006017174 -2.849172592 -0.000129346 -0.006016835 0.999981880 211.754196167
0.999998033 -0.001895181 -0.000565737 -0.682251275 0.001898086 0.999984801 0.005178064 -2.871442080 0.000555915 -0.005179126 0.999986470 212.872451782
0.999998569 -0.001416321 -0.000888525 -0.690154493 0.001419924 0.999990702 0.004067180 -2.883622646 0.000882756 -0.004068435 0.999991357 213.959640503
0.999997437 -0.001667088 -0.001476202 -0.697950482 0.001673352 0.999989569 0.004252947 -2.905385971 0.001469096 -0.004255407 0.999989867 215.028060913
0.999993622 -0.002356207 -0.002661535 -0.707322896 0.002367280 0.999988556 0.004164812 -2.921822786 0.002651691 -0.004171086 0.999987841 216.091705322
0.999986529 -0.002711270 -0.004433861 -0.713289022 0.002733954 0.999983191 0.005117851 -2.941738129 0.004419911 -0.005129904 0.999977112 217.141571045
0.999975324 -0.003425445 -0.006147308 -0.729939997 0.003464496 0.999973834 0.006352972 -2.954445124 0.006125385 -0.006374113 0.999960899 218.182449341
0.999958932 -0.003453355 -0.008377866 -0.742143691 0.003521360 0.999960899 0.008115943 -2.969915867 0.008349511 -0.008145111 0.999931991 219.221054077
0.999938905 -0.003000768 -0.010640879 -0.761143625 0.003091789 0.999958634 0.008547870 -2.989692450 0.010614790 -0.008580249 0.999906838 220.221542358
0.999898970 -0.003219140 -0.013850414 -0.773311317 0.003333046 0.999960661 0.008208827 -3.001132488 0.013823447 -0.008254160 0.999870420 221.215179443
0.999856174 -0.002783293 -0.016733140 -0.796195626 0.002918163 0.999963403 0.008041009 -3.012389421 0.016710149 -0.008088684 0.999827683 222.196182251
0.999817908 -0.002012960 -0.018977636 -0.824112236 0.002177647 0.999960065 0.008661340 -3.031394720 0.018959446 -0.008701089 0.999782443 223.140213013
0.999756813 -0.001663804 -0.021991318 -0.850675166 0.001852160 0.999961734 0.008547474 -3.047592878 0.021976257 -0.008586125 0.999721706 224.068267822
0.999697745 -0.001338908 -0.024549309 -0.884445906 0.001530908 0.999968290 0.007803834 -3.057236910 0.024538085 -0.007839057 0.999668241 224.978103638
0.999617457 -0.001454216 -0.027619643 -0.916292250 0.001654449 0.999972403 0.007228191 -3.070235252 0.027608374 -0.007271120 0.999592423 225.855972290
0.999515235 -0.000963931 -0.031118209 -0.943303287 0.001190492 0.999972820 0.007262930 -3.091523886 0.031110367 -0.007296455 0.999489307 226.717376709
0.999434471 -0.000502274 -0.033622369 -0.984381735 0.000727275 0.999977350 0.006680112 -3.105181456 0.033618253 -0.006700785 0.999412298 227.547378540
0.999331653 0.000615527 -0.036548756 -1.016465783 -0.000371260 0.999977469 0.006689726 -3.120374203 0.036552053 -0.006671686 0.999309421 228.367233276
0.999310672 0.001513164 -0.037093829 -1.052771688 -0.001262764 0.999976277 0.006772957 -3.127582788 0.037103195 -0.006721448 0.999288797 229.172027588
0.999309301 0.002297791 -0.037090305 -1.083663344 -0.002003421 0.999966264 0.007971789 -3.142397165 0.037107367 -0.007891973 0.999280155 229.949218750
0.999318182 0.002130171 -0.036859885 -1.112476230 -0.001814519 0.999961376 0.008594891 -3.154047489 0.036876764 -0.008522145 0.999283493 230.708847046
0.999340475 0.001739011 -0.036271278 -1.144290447 -0.001435921 0.999963820 0.008380575 -3.168356419 0.036284536 -0.008322963 0.999306858 231.451034546
0.999354899 0.002683945 -0.035811450 -1.176882863 -0.002454729 0.999976218 0.006443079 -3.177524090 0.035827897 -0.006351015 0.999337792 232.188064575
0.999378979 0.002551730 -0.035145134 -1.201056957 -0.002396815 0.999987185 0.004449291 -3.188857794 0.035156045 -0.004362291 0.999372303 232.922271729
0.999427855 0.002625464 -0.033717848 -1.231494069 -0.002526073 0.999992311 0.002990002 -3.201227427 0.033725441 -0.002903117 0.999426961 233.640029907
0.999476671 0.003359697 -0.032171089 -1.262726545 -0.003279424 0.999991357 0.002547608 -3.210452318 0.032179371 -0.002440773 0.999479055 234.375381470
0.999536157 0.002871547 -0.030316113 -1.286581635 -0.002796662 0.999992907 0.002512244 -3.223309517 0.030323112 -0.002426295 0.999537170 235.096420288
0.999589741 0.002888946 -0.028494107 -1.309669018 -0.002817850 0.999992788 0.002534933 -3.237854242 0.028501222 -0.002453602 0.999590695 235.805160522
0.999641061 0.002858914 -0.026637498 -1.333230495 -0.002799981 0.999993563 0.002249424 -3.248711109 0.026643757 -0.002174032 0.999642611 236.531890869
0.999686897 0.002436136 -0.024903057 -1.346792459 -0.002387286 0.999995232 0.001991110 -3.261072874 0.024907788 -0.001931036 0.999687850 237.238586426
0.999762058 0.002691101 -0.021645388 -1.372129917 -0.002637915 0.999993503 0.002485319 -3.273577213 0.021651935 -0.002427628 0.999762595 237.952102661
0.999831378 0.001498485 -0.018295487 -1.384305477 -0.001440135 0.999993861 0.003202063 -3.285454512 0.018300172 -0.003175175 0.999827504 238.652648926
0.999879599 0.000797120 -0.015498341 -1.397041202 -0.000748366 0.999994755 0.003151348 -3.291199446 0.015500773 -0.003139370 0.999874890 239.350967407
0.999919593 0.000374925 -0.012684835 -1.404135108 -0.000331989 0.999994218 0.003386769 -3.304820061 0.012686033 -0.003382286 0.999913752 240.050308228
0.999955654 0.000015214 -0.009414575 -1.416494966 0.000013096 0.999995530 0.003006934 -3.314402342 0.009414576 -0.003006924 0.999951184 240.735641479
0.999980152 0.000032757 -0.006304318 -1.423954248 -0.000015320 0.999996126 0.002765882 -3.327265739 0.006304385 -0.002765730 0.999976337 241.438369751
0.999993563 0.001040558 -0.003444806 -1.426769733 -0.001034955 0.999998152 0.001627675 -3.334887028 0.003446494 -0.001624100 0.999992788 242.127273560
0.999999166 0.001256769 -0.000349175 -1.430447578 -0.001256377 0.999998569 0.001120750 -3.344816923 0.000350583 -0.001120310 0.999999285 242.816635132
0.999996543 0.001330539 0.002267355 -1.427864552 -0.001336031 0.999996185 0.002422596 -3.359866381 -0.002264123 -0.002425617 0.999994516 243.525314331
0.999989092 0.001532123 0.004403403 -1.424489498 -0.001546000 0.999993801 0.003149915 -3.370703697 -0.004398551 -0.003156689 0.999985397 244.229705811
0.999975979 0.001234450 0.006816912 -1.422065854 -0.001252921 0.999995589 0.002705953 -3.379640818 -0.006813542 -0.002714429 0.999973178 244.934173584
0.999954164 0.001376932 0.009478186 -1.422051191 -0.001386871 0.999998450 0.001042052 -3.388519526 -0.009476736 -0.001055149 0.999954522 245.646621704
0.999932945 0.001567042 0.011479693 -1.418581486 -0.001550079 0.999997675 -0.001486392 -3.397427559 -0.011481995 0.001468497 0.999933004 246.354751587
0.999923289 0.000104421 0.012387283 -1.409577847 -0.000066226 0.999995232 -0.003083765 -3.408226013 -0.012387548 0.003082708 0.999918520 247.069931030
0.999926448 0.000668924 0.012110681 -1.398207068 -0.000628060 0.999994040 -0.003377726 -3.421294451 -0.012112869 0.003369871 0.999920964 247.794525146
0.999929607 -0.000523166 0.011851091 -1.387897849 0.000567630 0.999992847 -0.003748875 -3.435665846 -0.011849044 0.003755338 0.999922752 248.524246216
0.999926448 0.000730306 0.012105060 -1.382740736 -0.000680490 0.999991298 -0.004118936 -3.449080229 -0.012107963 0.004110396 0.999918163 249.257659912
0.999920666 0.001463067 0.012511813 -1.378913522 -0.001404962 0.999988139 -0.004651530 -3.462001562 -0.012518471 0.004633583 0.999910891 249.993591309
0.999917388 0.000234500 0.012849412 -1.371249318 -0.000150232 0.999978483 -0.006558609 -3.475476742 -0.012850674 0.006556137 0.999895871 250.739837646
0.999904752 -0.003315991 0.013399762 -1.362245083 0.003432302 0.999956608 -0.008666474 -3.491840124 -0.013370442 0.008711641 0.999872625 251.485153198
0.999881327 -0.006653870 0.013893674 -1.348621607 0.006785954 0.999932051 -0.009481395 -3.506585360 -0.013829642 0.009574549 0.999858558 252.254577637
0.999887407 -0.003928441 0.014485198 -1.340684772 0.004011734 0.999975622 -0.005725734 -3.517748594 -0.014462349 0.005783200 0.999878764 253.034759521
0.999887466 -0.000260882 0.014994191 -1.340132236 0.000255350 0.999999881 0.000370897 -3.528234959 -0.014994284 -0.000367026 0.999887466 253.817642212
0.999876618 -0.001275835 0.015652666 -1.327076316 0.001210908 0.999990582 0.004156792 -3.546379805 -0.015657822 -0.004137325 0.999868870 254.600814819
0.999835193 -0.002260515 0.018007608 -1.311470389 0.002228224 0.999995947 0.001813083 -3.553684950 -0.018011631 -0.001772660 0.999836206 255.406387329
0.999745488 -0.001491390 0.022505136 -1.306897879 0.001588108 0.999989510 -0.004280331 -3.564927101 -0.022498516 0.004314983 0.999737561 256.190521240
0.999667108 0.000773876 0.025788479 -1.279316664 -0.000567421 0.999967754 -0.008012040 -3.574529648 -0.025793843 0.007994739 0.999635220 257.011962891
0.999578118 0.002873724 0.028904309 -1.259556174 -0.002647523 0.999965549 -0.007861061 -3.587090969 -0.028925907 0.007781219 0.999551237 257.833862305
0.999483943 0.001183645 0.032101080 -1.234800577 -0.001006673 0.999984205 -0.005528538 -3.604349375 -0.032107115 0.005493368 0.999469340 258.665588379
0.999380887 -0.001816004 0.035135847 -1.198273540 0.001895413 0.999995708 -0.002226899 -3.620953798 -0.035131656 0.002292118 0.999379992 259.510833740
0.999270618 -0.004338172 0.037940741 -1.165714383 0.004377264 0.999989986 -0.000947333 -3.632903814 -0.037936255 0.001112719 0.999279499 260.352783203
0.999153435 -0.004329416 0.040909965 -1.133425474 0.004347201 0.999990463 -0.000345832 -3.648304701 -0.040908080 0.000523384 0.999162734 261.189147949
0.999046326 -0.001467949 0.043637652 -1.103356481 0.001571157 0.999995947 -0.002330924 -3.661904812 -0.043634061 0.002397263 0.999044657 262.029205322
0.998934329 -0.000456441 0.046151612 -1.071579576 0.000672195 0.999988914 -0.004659499 -3.674545050 -0.046148971 0.004685557 0.998923540 262.864288330
0.998800576 0.000236518 0.048961878 -1.038882613 -0.000008249 0.999989033 -0.004662324 -3.692632198 -0.048962448 0.004656329 0.998789787 263.711944580
0.998674512 0.000331417 0.051468801 -0.992081940 -0.000194527 0.999996424 -0.002664653 -3.708404303 -0.051469501 0.002651109 0.998670995 264.570068359
0.998530924 0.001647735 0.054159302 -0.947017431 -0.001594497 0.999998152 -0.001026206 -3.726621628 -0.054160889 0.000938341 0.998531759 265.411071777
0.998358905 0.002609459 0.057207469 -0.904206812 -0.002539993 0.999995947 -0.001286960 -3.739053726 -0.057210591 0.001139541 0.998361468 266.269897461
0.998197615 0.003044957 0.059934419 -0.852094591 -0.002931933 0.999993682 -0.001973650 -3.746843338 -0.059940059 0.001794369 0.998200357 267.118713379
0.998064637 0.001102677 0.062174704 -0.796504259 -0.000942608 0.999996126 -0.002603775 -3.760596991 -0.062177338 0.002540129 0.998061895 267.970092773
0.997927785 -0.001384097 0.064327717 -0.751643240 0.001510521 0.999996960 -0.001916714 -3.772546768 -0.064324871 0.002009910 0.997927070 268.804473877
0.997891963 -0.002868477 0.064833306 -0.676988900 0.002968727 0.999994516 -0.001450007 -3.796496630 -0.064828791 0.001639423 0.997895002 269.677642822
0.997874796 -0.003607552 0.065060481 -0.620441556 0.003737629 0.999991298 -0.001877740 -3.805917263 -0.065053135 0.002116922 0.997879505 270.524841309
0.997862816 -0.003995161 0.065221339 -0.566049635 0.004108381 0.999990225 -0.001601918 -3.823147535 -0.065214299 0.001866449 0.997869492 271.380798340
0.997843504 -0.003393337 0.065549575 -0.517149866 0.003458460 0.999993622 -0.000880069 -3.839920521 -0.065546185 0.001104872 0.997848928 272.260833740
0.997891188 -0.002563323 0.064858332 -0.463799089 0.002620552 0.999996245 -0.000797310 -3.850267410 -0.064856045 0.000965593 0.997894168 273.114562988
0.997964382 -0.003122226 0.063696638 -0.414579898 0.003198300 0.999994278 -0.001092387 -3.873429298 -0.063692868 0.001293884 0.997968674 273.975952148
0.998060048 -0.003238203 0.062174343 -0.365202278 0.003382426 0.999991834 -0.002214555 -3.890491724 -0.062166661 0.002420559 0.998062789 274.844512939
0.998169184 -0.002624995 0.060428321 -0.313888878 0.002803766 0.999992013 -0.002873809 -3.905518532 -0.060420305 0.003037974 0.998168349 275.709014893
0.998254478 -0.001666122 0.059034947 -0.273506105 0.001852383 0.999993443 -0.003100532 -3.927222967 -0.059029397 0.003204476 0.998251140 276.553009033
0.998359144 -0.000330130 0.057260666 -0.228766412 0.000532713 0.999993622 -0.003522682 -3.941417933 -0.057259135 0.003547405 0.998353064 277.404998779
0.998485863 0.000621702 0.055004846 -0.183065921 -0.000463029 0.999995708 -0.002897410 -3.956247330 -0.055006403 0.002867554 0.998481929 278.268402100
0.998634458 0.000656888 0.052237496 -0.146339819 -0.000584008 0.999998808 -0.001410427 -3.972953320 -0.052238364 0.001377993 0.998633742 279.123229980
0.998854399 -0.000744551 0.047847178 -0.098484308 0.000703970 0.999999285 0.000864967 -3.986037493 -0.047847800 -0.000830293 0.998854280 279.974853516
0.999068856 -0.002059648 0.043094285 -0.067846075 0.001949283 0.999994636 0.002602884 -4.002708435 -0.043099415 -0.002516457 0.999067605 280.812072754
0.999258876 -0.002569236 0.038404953 -0.040828910 0.002425277 0.999989748 0.003794563 -4.017117500 -0.038414311 -0.003698608 0.999255061 281.642883301
0.999435127 -0.002970428 0.033474945 -0.013115004 0.002815774 0.999985278 0.004666208 -4.029473305 -0.033488307 -0.004569315 0.999428630 282.479949951
0.999579191 -0.003567665 0.028789371 0.007000129 0.003425514 0.999981701 0.004985405 -4.040534019 -0.028806638 -0.004884688 0.999573052 283.290710449
0.999697268 -0.004520220 0.024185618 0.021014621 0.004398104 0.999977350 0.005099874 -4.051772118 -0.024208117 -0.004991960 0.999694467 284.099731445
0.999785125 -0.004305376 0.020276947 0.027921395 0.004208256 0.999979556 0.004829806 -4.064983368 -0.020297322 -0.004743438 0.999782801 284.880401611
0.999859869 -0.004140359 0.016229644 0.037976716 0.004065866 0.999981105 0.004620246 -4.076766968 -0.016248463 -0.004553610 0.999857664 285.651184082
