1.000000000 0.000000000 0.000000000 0.000000000 0.000000000 1.000000000 0.000000000 0.000000000 0.000000000 0.000000000 1.000000000 0.000000000
0.999997318 0.001037870 0.002072534 -0.009606954 -0.001035649 0.999998868 -0.001072318 -0.016841758 -0.002073645 0.001070169 0.999997258 1.206197739
0.999991596 0.001019190 0.003970665 -0.022772767 -0.001015597 0.999999046 -0.000906842 -0.034202460 -0.003971586 0.000902802 0.999991655 2.415175676
0.999986887 0.000676954 0.005083038 -0.023663634 -0.000673717 0.999999702 -0.000638384 -0.052900366 -0.005083469 0.000634951 0.999986887 3.614815712
0.999981344 0.000570599 0.006085657 -0.021682175 -0.000565833 0.999999464 -0.000784800 -0.072880857 -0.006086102 0.000781341 0.999981165 4.815651894
0.999980867 0.000384508 0.006167676 -0.012868743 -0.000381577 0.999999762 -0.000476432 -0.095541567 -0.006167857 0.000474070 0.999980867 6.027589321
0.999977112 0.000607321 0.006742276 -0.006474305 -0.000597252 0.999998689 -0.001495362 -0.117280237 -0.006743175 0.001491301 0.999976099 7.227914333
0.999970496 0.000324772 0.007673294 -0.009302542 -0.000312046 0.999998689 -0.001659662 -0.141920224 -0.007673821 0.001657219 0.999969184 8.428967476
0.999967575 0.000060502 0.008053923 -0.010295801 -0.000058401 0.999999940 -0.000261213 -0.163969561 -0.008053939 0.000260734 0.999967575 9.630452156
0.999977112 -0.000486169 0.006740012 -0.008860409 0.000479995 0.999999464 0.000917600 -0.188798189 -0.006740454 -0.000914344 0.999976933 10.825385094
0.999988973 -0.001920401 0.004292379 -0.012283538 0.001918841 0.999998093 0.000367570 -0.210611269 -0.004293076 -0.000359330 0.999990642 12.028711319
0.999995887 -0.001561949 0.002417425 -0.018538047 0.001562371 0.999998748 -0.000172314 -0.228399083 -0.002417153 0.000176090 0.999997020 13.223066330
0.999998212 -0.001590952 0.001057130 -0.021175625 0.001591192 0.999998748 -0.000226183 -0.252030700 -0.001056769 0.000227865 0.999999404 14.420350075
0.999999881 -0.000267856 0.000446174 -0.030080084 0.000268018 0.999999881 -0.000365187 -0.275973946 -0.000446076 0.000365306 0.999999821 15.618520737
0.999999940 -0.000451277 -0.000073219 -0.035886876 0.000451259 0.999999821 -0.000243488 -0.296413273 0.000073329 0.000243455 1.000000000 16.819284439
0.999998689 -0.001436385 -0.000821099 -0.038508035 0.001436369 0.999998987 -0.000020287 -0.314309746 0.000821127 0.000019108 0.999999702 18.000711441
0.999998212 -0.001229349 -0.001386580 -0.046751752 0.001229994 0.999999046 0.000463886 -0.341933757 0.001386009 -0.000465591 0.999998927 19.202455521
0.999996245 -0.001064608 -0.002500148 -0.052867193 0.001063935 0.999999404 -0.000270240 -0.365785897 0.002500434 0.000267578 0.999996901 20.398010254
0.999996305 -0.001394962 -0.002296764 -0.075045265 0.001392214 0.999998331 -0.001197558 -0.391014844 0.002298431 0.001194356 0.999996603 21.604438782
0.999995232 -0.000177596 -0.003085795 -0.082892634 0.000175335 0.999999642 -0.000732684 -0.410403967 0.003085924 0.000732140 0.999994993 22.802217484
0.999993503 -0.000663472 -0.003538001 -0.101725049 0.000660544 0.999999464 -0.000828650 -0.436380059 0.003538549 0.000826308 0.999993384 23.972747803
0.999989629 -0.000656288 -0.004507447 -0.112835743 0.000649767 0.999998689 -0.001448074 -0.457704335 0.004508392 0.001445130 0.999988794 25.168310165
0.999984741 -0.000302514 -0.005514393 -0.123137973 0.000299730 0.999999821 -0.000505693 -0.488680959 0.005514544 0.000504033 0.999984682 26.351013184
0.999979019 -0.001927453 -0.006189878 -0.136252731 0.001935348 0.999997377 0.001269897 -0.508952677 0.006187414 -0.001281850 0.999980032 27.552698135
0.999973476 -0.001801648 -0.007053461 -0.150039077 0.001808880 0.999997854 0.001018979 -0.528584003 0.007051609 -0.001031711 0.999974608 28.753541946
0.999965847 -0.002557735 -0.007853771 -0.158992931 0.002561907 0.999996543 0.000521124 -0.553884268 0.007852411 -0.000541227 0.999969006 29.907316208
0.999955416 -0.003103928 -0.008914154 -0.170048743 0.003099381 0.999995053 -0.000523911 -0.574464440 0.008915737 0.000496259 0.999960124 31.103914261
0.999953389 -0.002005894 -0.009440375 -0.190548643 0.002003337 0.999997914 -0.000280379 -0.598130703 0.009440919 0.000261454 0.999955356 32.287139893
0.999945641 -0.002480825 -0.010119085 -0.203261271 0.002482160 0.999996841 0.000119246 -0.618294477 0.010118757 -0.000144357 0.999948740 33.479579926
0.999937296 -0.002971078 -0.010789046 -0.219540536 0.002975484 0.999995410 0.000392252 -0.641033709 0.010787832 -0.000424330 0.999941707 34.665573120
0.999929547 -0.003779108 -0.011247870 -0.238845676 0.003785528 0.999992609 0.000549517 -0.665250480 0.011245711 -0.000592057 0.999936581 35.864753723
0.999925017 -0.003515850 -0.011732503 -0.259346724 0.003521983 0.999993682 0.000502147 -0.684023499 0.011730662 -0.000543431 0.999931037 37.069095612
0.999919415 -0.004587629 -0.011833110 -0.275275171 0.004604230 0.999988377 0.001376137 -0.713956356 0.011826658 -0.001430509 0.999929011 38.231037140
0.999919116 -0.004346386 -0.011953158 -0.286527455 0.004376133 0.999987364 0.002463685 -0.728049338 0.011942299 -0.002515794 0.999925494 39.432392120
0.999920249 -0.003705250 -0.012071853 -0.306376457 0.003746176 0.999987304 0.003369408 -0.751735508 0.012059215 -0.003414363 0.999921441 40.626346588
0.999922276 -0.002837546 -0.012137624 -0.321132302 0.002871530 0.999992013 0.002783420 -0.760634542 0.012129630 -0.002818057 0.999922395 41.840648651
0.999923944 -0.002049295 -0.012160496 -0.338969797 0.002081048 0.999994457 0.002599116 -0.775223732 0.012155104 -0.002624225 0.999922633 43.032077789
0.999935269 0.000435028 -0.011363812 -0.363569796 -0.000381750 0.999988973 0.004690113 -0.792155504 0.011365726 -0.004685473 0.999924481 44.256622314
0.999954760 0.000495472 -0.009489850 -0.385153204 -0.000421992 0.999969959 0.007743367 -0.809906363 0.009493400 -0.007739010 0.999924958 45.446731567
0.999968231 0.000847940 -0.007917131 -0.403533101 -0.000765630 0.999945819 0.010393679 -0.818240762 0.007925516 -0.010387287 0.999914587 46.644226074
0.999976814 0.001740727 -0.006585246 -0.409199595 -0.001650172 0.999904335 0.013731739 -0.823932111 0.006608520 -0.013720552 0.999883950 47.841884613
0.999989390 0.001440092 -0.004376809 -0.436474353 -0.001374666 0.999887764 0.014914813 -0.828973174 0.004397796 -0.014908637 0.999879122 49.059959412
0.999995172 -0.000637922 -0.003034343 -0.441300452 0.000678530 0.999909937 0.013400777 -0.831856906 0.003025522 -0.013402771 0.999905527 50.270416260
0.999998152 0.000524628 -0.001834395 -0.448744774 -0.000503519 0.999933839 0.011488617 -0.834167600 0.001840300 -0.011487672 0.999932289 51.474967957
0.999999225 0.000434044 -0.001175966 -0.454452962 -0.000420937 0.999938011 0.011122761 -0.840288818 0.001180721 -0.011122257 0.999937415 52.660392761
0.999999404 0.000037804 -0.001118556 -0.461743057 -0.000025969 0.999944031 0.010579265 -0.845662773 0.001118893 -0.010579228 0.999943435 53.863597870
0.999998927 -0.000165241 -0.001451180 -0.474597424 0.000178751 0.999956608 0.009314644 -0.848410845 0.001449578 -0.009314891 0.999955595 55.077270508
0.999994934 0.000125413 -0.003178910 -0.481698990 -0.000093940 0.999951005 0.009898619 -0.854550481 0.003179996 -0.009898269 0.999946058 56.290943146
0.999990106 -0.000030005 -0.004452138 -0.497027755 0.000078008 0.999941826 0.010782203 -0.860216379 0.004451555 -0.010782441 0.999931931 57.492847443
0.999985814 -0.000740394 -0.005287740 -0.509413779 0.000800047 0.999935985 0.011288049 -0.871269763 0.005279044 -0.011292119 0.999922276 58.700515747
0.999979377 0.000786968 -0.006370057 -0.520072818 -0.000715855 0.999937475 0.011158248 -0.880072892 0.006378440 -0.011153458 0.999917448 59.898616791
0.999973178 0.001066830 -0.007235349 -0.531163931 -0.000989983 0.999943197 0.010616238 -0.882931769 0.007246262 -0.010608790 0.999917448 61.101520538
0.999973714 -0.000005388 -0.007247113 -0.545206666 0.000080394 0.999946415 0.010349601 -0.892036557 0.007246669 -0.010349910 0.999920189 62.305076599
0.999970853 -0.001026748 -0.007558304 -0.557821572 0.001099745 0.999952793 0.009659996 -0.903928876 0.007548028 -0.009668026 0.999924779 63.514636993
0.999967873 -0.001486526 -0.007873943 -0.571856260 0.001572657 0.999938905 0.010943891 -0.916973948 0.007857195 -0.010955923 0.999909103 64.705169678
0.999966025 -0.001823032 -0.008025091 -0.586885214 0.001921436 0.999922931 0.012271388 -0.922453105 0.008002101 -0.012286393 0.999892473 65.907012939
0.999966085 -0.000785926 -0.008188709 -0.607529819 0.000873372 0.999942601 0.010680818 -0.930894554 0.008179844 -0.010687608 0.999909401 67.101234436
0.999968708 0.001021668 -0.007846508 -0.629404008 -0.000946618 0.999953866 0.009562558 -0.939782202 0.007855915 -0.009554832 0.999923468 68.300247192
0.999960840 0.003019075 -0.008311065 -0.642006457 -0.002937403 0.999947429 0.009821609 -0.948564231 0.008340280 -0.009796811 0.999917209 69.496559143
0.999955356 0.005183413 -0.007895290 -0.663090408 -0.005105427 0.999938250 0.009865886 -0.955235064 0.007945941 -0.009825137 0.999920130 70.686378479
0.999948561 0.006378084 -0.007876394 -0.680289030 -0.006296548 0.999926746 0.010333722 -0.964071095 0.007941724 -0.010283596 0.999915600 71.884727478
0.999954462 0.006943781 -0.006547728 -0.699408829 -0.006869516 0.999912560 0.011297194 -0.972926736 0.006625599 -0.011251699 0.999914765 73.081054688
0.999948740 0.008936858 -0.004749103 -0.709599316 -0.008879046 0.999887884 0.012057875 -0.980813980 0.004856330 -0.012015090 0.999916017 74.274902344
0.999965906 0.007944101 -0.002270778 -0.713582575 -0.007921271 0.999919713 0.009891678 -0.991754949 0.002349176 -0.009873354 0.999948502 75.453620911
0.999987364 0.005030856 -0.000028271 -0.715436876 -0.005030661 0.999975860 0.004806849 -1.002219081 0.000052454 -0.004806644 0.999988437 76.628868103
0.999975622 0.006322356 0.002966807 -0.720912099 -0.006335230 0.999970496 0.004349898 -1.015418530 -0.002939217 -0.004368587 0.999986172 77.810859680
0.999972641 0.005065161 0.005394883 -0.716437817 -0.005107928 0.999955475 0.007943206 -1.030297756 -0.005354408 -0.007970544 0.999953985 78.993942261
0.999945760 0.005547970 0.008815884 -0.709764481 -0.005629339 0.999941587 0.009232049 -1.042760372 -0.008764148 -0.009281176 0.999918461 80.173568726
0.999900758 0.005442932 0.012997247 -0.702162623 -0.005541117 0.999956310 0.007530301 -1.054213524 -0.012955690 -0.007601571 0.999887168 81.340782166
0.999855578 0.004213835 0.016464142 -0.686525226 -0.004289145 0.999980509 0.004541573 -1.068776846 -0.016444685 -0.004611535 0.999854088 82.506950378
0.999801636 0.002889824 0.019705784 -0.664930224 -0.002911266 0.999995232 0.001059530 -1.084948182 -0.019702628 -0.001116689 0.999805152 83.669441223
0.999722362 0.002568177 0.023419043 -0.643949866 -0.002571940 0.999996722 0.000130536 -1.103589892 -0.023418628 -0.000190732 0.999725759 84.822761536
0.999635279 0.002287080 0.026909301 -0.616095781 -0.002340609 0.999995351 0.001957903 -1.125833392 -0.026904697 -0.002020174 0.999635875 85.987854004
0.999519825 0.003410151 0.030798629 -0.594292641 -0.003494189 0.999990344 0.002675246 -1.148718357 -0.030789210 -0.002781578 0.999522030 87.150291443
0.999401987 0.003005055 0.034445491 -0.553408384 -0.003016528 0.999995410 0.000281129 -1.167191863 -0.034444481 -0.000384867 0.999406517 88.302093506
0.999287784 0.002925076 0.037619308 -0.512134314 -0.002861213 0.999994457 -0.001751325 -1.188740849 -0.037624214 0.001642441 0.999290586 89.450683594
0.999162614 0.003102119 0.040798672 -0.467689514 -0.003006269 0.999992609 -0.002410497 -1.206824303 -0.040805839 0.002285826 0.999164641 90.624526978
0.999035239 0.002260836 0.043859042 -0.423079967 -0.002208564 0.999996841 -0.001240243 -1.226495624 -0.043861710 0.001142182 0.999037027 91.780677795
0.998917401 0.001053546 0.046510417 -0.372699738 -0.001067127 0.999999344 0.000267182 -1.248620510 -0.046510108 -0.000316525 0.998917818 92.943351746
0.998788595 0.000295749 0.049205877 -0.317965031 -0.000394466 0.999997914 0.001996518 -1.266999006 -0.049205184 -0.002013509 0.998786628 94.106796265
0.998666525 -0.001255205 0.051609300 -0.258057594 0.001111622 0.999995410 0.002810735 -1.281138062 -0.051612593 -0.002749617 0.998663306 95.272850037
0.998539150 -0.002366143 0.053981099 -0.204429150 0.002328862 0.999997020 0.000753525 -1.305196524 -0.053982712 -0.000626709 0.998541653 96.425903320
0.998422503 -0.003963020 0.056008041 -0.137261391 0.004127151 0.999987543 -0.002815119 -1.324286699 -0.055996183 0.003041832 0.998426318 97.578582764
0.998296857 -0.003033034 0.058257785 -0.076763630 0.003364497 0.999978662 -0.005592353 -1.344096422 -0.058239587 0.005778837 0.998285890 98.749038696
0.998199165 -0.002799214 0.059919834 -0.010130405 0.003200138 0.999973059 -0.006596085 -1.363635302 -0.059899762 0.006775958 0.998181403 99.928451538
0.998170912 -0.002646243 0.060397446 0.055412292 0.003011092 0.999977767 -0.005950591 -1.387495518 -0.060380351 0.006121570 0.998156667 101.111236572
0.998225808 -0.002702759 0.059481025 0.122712135 0.002943409 0.999987900 -0.003958573 -1.414034605 -0.059469596 0.004126626 0.998221576 102.292640686
0.998297036 -0.003297383 0.058241721 0.187591553 0.003461085 0.999990344 -0.002710075 -1.433673859 -0.058232225 0.002907040 0.998298764 103.488624573
0.998422444 -0.002847470 0.056076556 0.252319813 0.002957862 0.999993861 -0.001885703 -1.453228951 -0.056070842 0.002048595 0.998424649 104.679756165
0.998562753 -0.002778823 0.053520728 0.307964325 0.002862702 0.999994814 -0.001490624 -1.473238230 -0.053516302 0.001641696 0.998565614 105.873733521
0.998698413 -0.001891288 0.050967809 0.356215954 0.001964550 0.999997020 -0.001387354 -1.496913075 -0.050965033 0.001485677 0.998699248 107.085525513
0.998874903 -0.000400504 0.047419421 0.401273251 0.000499953 0.999997675 -0.002085367 -1.512154102 -0.047418468 0.002106728 0.998872876 108.294502258
0.999067366 -0.000410782 0.043176457 0.455972672 0.000478163 0.999998689 -0.001550302 -1.533221245 -0.043175768 0.001569502 0.999066293 109.504966736
0.999242485 0.000311132 0.038914803 0.505856991 -0.000292461 0.999999881 -0.000485468 -1.552125454 -0.038914952 0.000473720 0.999242425 110.732604980
0.999392390 0.000703005 0.034848627 0.539286852 -0.000715329 0.999999642 0.000341181 -1.573921800 -0.034848377 -0.000365902 0.999392569 111.944763184
0.999540150 0.000616333 0.030317312 0.572446346 -0.000643257 0.999999404 0.000878350 -1.592156172 -0.030316753 -0.000897448 0.999539912 113.170059204
0.999680579 0.001279942 0.025239009 0.600861311 -0.001304083 0.999998748 0.000940094 -1.608338833 -0.025237773 -0.000972707 0.999680936 114.389137268
0.999785006 0.001938747 0.020639952 0.616197109 -0.001958556 0.999997675 0.000939568 -1.631381512 -0.020638078 -0.000979791 0.999786496 115.636688232
0.999870300 0.002237061 0.015946077 0.628526926 -0.002249574 0.999997258 0.000766791 -1.648416519 -0.015944315 -0.000802564 0.999872506 116.866416931
0.999931514 0.003573857 0.011141340 0.633455515 -0.003573978 0.999993563 -0.000009084 -1.668750763 -0.011141302 -0.000030736 0.999937952 118.093429565
0.999956548 0.005474564 0.007549499 0.638471127 -0.005474589 0.999985039 -0.000017208 -1.687742114 -0.007549480 -0.000024123 0.999971509 119.331069946
0.999958992 0.007384343 0.005262092 0.637530148 -0.007385048 0.999972761 0.000114640 -1.708695650 -0.005261101 -0.000153496 0.999986172 120.560974121
0.999952018 0.008735194 0.004431287 0.633662164 -0.008734020 0.999961793 -0.000284283 -1.729935169 -0.004433600 0.000245566 0.999990165 121.825325012
0.999934018 0.010946114 0.003489624 0.629389882 -0.010946023 0.999940097 -0.000045562 -1.749807835 -0.003489913 0.000007361 0.999993920 123.065795898
0.999925673 0.011959264 0.002328323 0.626710296 -0.011961194 0.999928117 0.000816830 -1.768395185 -0.002318386 -0.000844618 0.999996960 124.310874939
0.999929488 0.011745423 0.001729273 0.619414389 -0.011747290 0.999930441 0.001072972 -1.783005476 -0.001716550 -0.001093211 0.999997973 125.559104919
0.999879181 0.015520113 0.000852999 0.610157013 -0.015522852 0.999873996 0.003302048 -1.805697203 -0.000801643 -0.003314891 0.999994218 126.800552368
0.999861002 0.016666275 0.000252186 0.600744307 -0.016667577 0.999839306 0.006597186 -1.820604324 -0.000142195 -0.006600473 0.999978244 128.052536011
0.999877334 0.015650323 -0.000592783 0.600113034 -0.015646508 0.999859631 0.005971616 -1.834854603 0.000686158 -0.005961609 0.999982059 129.316146851
0.999885142 0.015128209 -0.000906067 0.593376040 -0.015123807 0.999874592 0.004681098 -1.848819375 0.000976769 -0.004666856 0.999988616 130.563980103
0.999920905 0.012428464 -0.001950808 0.592016816 -0.012417611 0.999907792 0.005479596 -1.857343554 0.002018732 -0.005454937 0.999983072 131.821365356
0.999942303 0.010387962 -0.002734366 0.582940578 -0.010366962 0.999917507 0.007583974 -1.872818470 0.002812922 -0.007555189 0.999967515 133.092422485
0.999971032 0.007050350 -0.002879755 0.577483058 -0.007022901 0.999930799 0.009432908 -1.885801435 0.002946061 -0.009412412 0.999951363 134.355468750
0.999982178 0.004988531 -0.003290924 0.570523679 -0.004953290 0.999931216 0.010630655 -1.895786405 0.003343730 -0.010614166 0.999938130 135.621398926
0.999994695 0.000853749 -0.003128416 0.568695188 -0.000826509 0.999961793 0.008698320 -1.903146982 0.003135723 -0.008695687 0.999957263 136.893814087
0.999993563 -0.001616993 -0.003204293 0.563556433 0.001641068 0.999970317 0.007524806 -1.909477472 0.003192030 -0.007530016 0.999966502 138.164794922
0.999991715 -0.002782850 -0.002999665 0.555162668 0.002805050 0.999968469 0.007422243 -1.923631072 0.002978915 -0.007430595 0.999967933 139.437255859
0.999993384 -0.002709427 -0.002385265 0.548570156 0.002728051 0.999965549 0.007839514 -1.933069229 0.002363942 -0.007845971 0.999966443 140.723129272
0.999994516 -0.002444677 -0.002223934 0.542714238 0.002465843 0.999951184 0.009564978 -1.940618753 0.002200442 -0.009570410 0.999951839 141.995712280
0.999999166 0.000244139 -0.001248393 0.532001913 -0.000229980 0.999935806 0.011328944 -1.953476429 0.001251079 -0.011328646 0.999935031 143.296051025
0.999999583 0.000195913 -0.000889668 0.527915120 -0.000187383 0.999954104 0.009577468 -1.961111546 0.000891503 -0.009577297 0.999953747 144.572235107
0.999999881 0.000429190 -0.000232736 0.516407311 -0.000427368 0.999969661 0.007769863 -1.974446416 0.000236065 -0.007769763 0.999969780 145.853149414
0.999999940 0.000268574 0.000314336 0.510981500 -0.000270268 0.999985397 0.005402619 -1.987884045 -0.000312881 -0.005402704 0.999985397 147.125320435
0.999999464 -0.000814118 0.000720941 0.505509615 0.000813145 0.999998748 0.001348277 -2.007761002 -0.000722038 -0.001347691 0.999998808 148.389480591
0.999999106 -0.000257820 0.001323574 0.502503872 0.000260681 0.999997616 -0.002161999 -2.030680656 -0.001323014 0.002162342 0.999996781 149.671401978
0.999999166 -0.000926336 0.001015253 0.505056560 0.000929578 0.999994397 -0.003197271 -2.052857876 -0.001012286 0.003198212 0.999994397 150.944717407
0.999998331 -0.000565782 0.001769101 0.490753889 0.000570689 0.999996006 -0.002774376 -2.085350513 -0.001767524 0.002775381 0.999994576 152.215881348
0.999999285 -0.000484684 0.001094196 0.498968899 0.000487208 0.999997199 -0.002307564 -2.103201866 -0.001093074 0.002308096 0.999996722 153.480468750
0.999999821 -0.000534987 0.000311913 0.502546668 0.000535353 0.999999225 -0.001172793 -2.128628254 -0.000311285 0.001172960 0.999999225 154.735931396
0.999999166 0.001033798 0.000792074 0.482468396 -0.001033179 0.999999166 -0.000781202 -2.149723768 -0.000792881 0.000780384 0.999999404 156.002685547
0.999998808 0.001485201 0.000306903 0.475548297 -0.001484875 0.999998331 -0.001058738 -2.172153473 -0.000308475 0.001058281 0.999999404 157.270690918
0.999998689 0.001474438 -0.000648756 0.475654423 -0.001475152 0.999998331 -0.001102417 -2.192328215 0.000647131 0.001103372 0.999999166 158.546356201
0.999998450 0.001059119 -0.001359372 0.467219353 -0.001059304 0.999999523 -0.000136398 -2.212788105 0.001359228 0.000137838 0.999999046 159.812728882
0.999995887 0.002232892 -0.001802818 0.460734010 -0.002232084 0.999997437 0.000450300 -2.238441944 0.001803819 -0.000446274 0.999998271 161.088638306
0.999993920 0.002122238 -0.002773605 0.455411375 -0.002124490 0.999997497 -0.000809309 -2.257245541 0.002771880 0.000815197 0.999995828 162.359054565
0.999991357 0.002579084 -0.003238360 0.444757164 -0.002584597 0.999995172 -0.001699506 -2.283802032 0.003233962 0.001707861 0.999993324 163.610885620
0.999986947 0.003488081 -0.003735788 0.430611372 -0.003493819 0.999992788 -0.001530486 -2.308365822 0.003730421 0.001543519 0.999991834 164.876113892
0.999983549 0.003483878 -0.004560769 0.419508398 -0.003496319 0.999990165 -0.002722738 -2.329545975 0.004551238 0.002738639 0.999985874 166.150405884
0.999977171 0.003859117 -0.005547755 0.407310367 -0.003880693 0.999984920 -0.003883733 -2.353414059 0.005532683 0.003905173 0.999976993 167.416168213
0.999972880 0.003874923 -0.006264984 0.395198107 -0.003896918 0.999986231 -0.003502494 -2.380672216 0.006251325 0.003526813 0.999974251 168.687210083
0.999969065 0.004058153 -0.006736983 0.382245541 -0.004070821 0.999989986 -0.001867626 -2.410073042 0.006729338 0.001894993 0.999975562 169.960586548
0.999965012 0.003612766 -0.007545947 0.367546201 -0.003622687 0.999992669 -0.001301503 -2.434668064 0.007541190 0.001328794 0.999970675 171.228836060
0.999956727 0.004722123 -0.008004504 0.346764088 -0.004731771 0.999988079 -0.001186730 -2.458509922 0.007998804 0.001224554 0.999967158 172.496170044
0.999945998 0.005062068 -0.009063201 0.330126524 -0.005069115 0.999986827 -0.000754671 -2.482815981 0.009059262 0.000800573 0.999958515 173.766479492
0.999940217 0.005421897 -0.009488993 0.306637526 -0.005438169 0.999983788 -0.001689839 -2.508526564 0.009479677 0.001741341 0.999953508 175.045303345
0.999933004 0.006450466 -0.009602661 0.283026576 -0.006473970 0.999976158 -0.002418614 -2.527243137 0.009586831 0.002480620 0.999950886 176.303314209
0.999930561 0.005824361 -0.010243666 0.266731024 -0.005848295 0.999980271 -0.002308098 -2.550488949 0.010230021 0.002367846 0.999944806 177.574600220
0.999928653 0.006332396 -0.010128759 0.245650887 -0.006366151 0.999974251 -0.003303746 -2.576527357 0.010107580 0.003367991 0.999943197 178.820419312
0.999934793 0.004789874 -0.010365863 0.225305080 -0.004839510 0.999976933 -0.004768614 -2.600465775 0.010342781 0.004818468 0.999934852 180.089050293
0.999938726 0.001804028 -0.010920918 0.209433079 -0.001854717 0.999987602 -0.004633069 -2.626021385 0.010912424 0.004653041 0.999929547 181.355697632
0.999939144 0.001951193 -0.010855786 0.187411189 -0.001961639 0.999997556 -0.000951645 -2.652892590 0.010853903 0.000972882 0.999940574 182.617599487
0.999935865 0.001327996 -0.011243344 0.169456720 -0.001288931 0.999993145 0.003480982 -2.676125526 0.011247892 -0.003466267 0.999930680 183.883300781
0.999937534 0.002303980 -0.010935280 0.148470640 -0.002274516 0.999993742 0.002706076 -2.690766096 0.010941447 -0.002681035 0.999936521 185.136749268
0.999940932 0.003939189 -0.010119665 0.117912769 -0.003946624 0.999991953 -0.000714821 -2.708294868 0.010116769 0.000754717 0.999948502 186.382629395
0.999931395 0.003944207 -0.011020912 0.102324009 -0.003970652 0.999989271 -0.002378729 -2.734111309 0.011011411 0.002422326 0.999936402 187.629974365
0.999927700 0.004004017 -0.011326462 0.083013535 -0.004028528 0.999989510 -0.002142075 -2.758405209 0.011317768 0.002187549 0.999933541 188.881393433
0.999932230 0.003632786 -0.011053597 0.061899662 -0.003643828 0.999992907 -0.000978952 -2.781890631 0.011049961 0.001019163 0.999938428 190.136688232
0.999931693 0.003861455 -0.011031266 0.041658640 -0.003846654 0.999991715 0.001362675 -2.807423830 0.011036438 -0.001320148 0.999938250 191.382247925
0.999944091 0.003151412 -0.010091488 0.022623539 -0.003131058 0.999993026 0.002032156 -2.828018188 0.010097824 -0.002000446 0.999947011 192.632186890
0.999957800 0.003029653 -0.008666316 0.004932880 -0.003019501 0.999994695 0.001184332 -2.846570253 0.008669860 -0.001158114 0.999961734 193.874710083
0.999972284 0.002218963 -0.007093745 -0.010653973 -0.002219424 0.999997556 -0.000057124 -2.871499062 0.007093599 0.000072867 0.999974847 195.096908569
0.999981105 0.001851076 -0.005856784 -0.027096987 -0.001860229 0.999997079 -0.001557732 -2.895001888 0.005853884 0.001568597 0.999981642 196.330444336
0.999989390 0.001450068 -0.004370750 -0.039144278 -0.001459503 0.999996603 -0.002156154 -2.919790745 0.004367611 0.002162510 0.999988139 197.545547485
0.999994636 0.001577853 -0.002874977 -0.049576819 -0.001581693 0.999997854 -0.001334022 -2.946851015 0.002872867 0.001338562 0.999994993 198.757934570
0.999997973 0.001076106 -0.001666718 -0.053002596 -0.001075502 0.999999344 0.000363158 -2.967210531 0.001667107 -0.000361364 0.999998569 199.994613647
0.999997199 0.002250830 -0.000675254 -0.061384454 -0.002250254 0.999997079 0.000852462 -2.992987871 0.000677170 -0.000850940 0.999999404 201.209289551
0.999998093 0.001877244 0.000533733 -0.067238696 -0.001877677 0.999997914 0.000811128 -3.013926506 -0.000532209 -0.000812128 0.999999523 202.414398193
0.999997795 0.001750161 0.001151121 -0.068013892 -0.001750980 0.999998212 0.000711317 -3.029794216 -0.001149874 -0.000713331 0.999999106 203.624237061
0.999993861 0.002154426 0.002768203 -0.078516960 -0.002157092 0.999997139 0.000960398 -3.054093838 -0.002766125 -0.000966363 0.999995708 204.812576294
0.999990225 0.002494943 0.003672796 -0.081493080 -0.002497603 0.999996603 0.000719669 -3.073724031 -0.003670988 -0.000728836 0.999993026 206.011962891
0.999986768 0.002120756 0.004692960 -0.090604067 -0.002125614 0.999997199 0.001030413 -3.101024628 -0.004690761 -0.001040375 0.999988437 207.179428101
0.999985754 0.001410924 0.005153345 -0.086355329 -0.001415074 0.999998689 0.000801664 -3.118212938 -0.005152207 -0.000808945 0.999986410 208.340942383
0.999983728 0.001360642 0.005534163 -0.090452194 -0.001371283 0.999997199 0.001919444 -3.145755768 -0.005531535 -0.001927002 0.999982893 209.498306274
0.999985456 0.001028199 0.005301808 -0.090078354 -0.001042998 0.999995530 0.002789151 -3.163896561 -0.005298917 -0.002794641 0.999981999 210.622879028
0.999986529 0.001177604 0.005060190 -0.094767332 -0.001190907 0.999995887 0.002626854 -3.185886860 -0.005057076 -0.002632846 0.999983728 211.737121582
0.999988556 0.001850712 0.004400376 -0.093910635 -0.001858524 0.999996662 0.001771955 -3.208914757 -0.004397081 -0.001780113 0.999988735 212.846298218
0.999991059 0.002193328 0.003600714 -0.092621326 -0.002195733 0.999997318 0.000664148 -3.225765228 -0.003599248 -0.000672048 0.999993265 213.933151245
0.999992073 0.001997901 0.003448981 -0.099363029 -0.002000679 0.999997675 0.000802338 -3.249552011 -0.003447370 -0.000809232 0.999993742 215.002258301
0.999996662 0.001351378 0.002231695 -0.102423131 -0.001352878 0.999998868 0.000670732 -3.269019604 -0.002230786 -0.000673749 0.999997318 216.062820435
0.999999344 0.001046117 0.000480577 -0.102509387 -0.001046869 0.999998212 0.001566890 -3.291390181 -0.000478937 -0.001567392 0.999998689 217.112243652
0.999998569 0.000103427 -0.001721621 -0.110362709 -0.000098071 0.999995172 0.003110947 -3.311270714 0.001721934 -0.003110774 0.999993682 218.152084351
0.999992669 0.000107076 -0.003827623 -0.116780519 -0.000088832 0.999988556 0.004765975 -3.329426289 0.003828090 -0.004765600 0.999981344 219.190765381
0.999983370 0.000348748 -0.005743734 -0.133559704 -0.000320172 0.999987602 0.004975320 -3.349469662 0.005745399 -0.004973399 0.999971032 220.184143066
0.999964178 0.000288713 -0.008448770 -0.145925760 -0.000251851 0.999990463 0.004363735 -3.362934589 0.008449950 -0.004361451 0.999954700 221.176544189
0.999936521 0.000819754 -0.011235000 -0.164996862 -0.000770252 0.999989986 0.004409709 -3.379986048 0.011238500 -0.004400776 0.999927163 222.159759521
0.999895871 0.001288084 -0.014373403 -0.177729607 -0.001214731 0.999986231 0.005110955 -3.400810480 0.014379786 -0.005092963 0.999883711 223.099868774
0.999848604 0.001661844 -0.017320644 -0.200252771 -0.001574454 0.999985993 0.005057804 -3.420263767 0.017328806 -0.005029765 0.999837220 224.029266357
0.999794900 0.001852709 -0.020169357 -0.225931644 -0.001766678 0.999989331 0.004282425 -3.433533907 0.020177072 -0.004245913 0.999787390 224.935943604
0.999728560 0.001702102 -0.023235550 -0.255454540 -0.001617865 0.999992132 0.003643657 -3.448731661 0.023241565 -0.003605076 0.999723315 225.815368652
0.999649942 0.002604475 -0.026326846 -0.281928539 -0.002513006 0.999990702 0.003506841 -3.470398903 0.026335733 -0.003439455 0.999647260 226.680236816
0.999563992 0.002968646 -0.029376546 -0.312324047 -0.002884030 0.999991596 0.002922356 -3.486916065 0.029384973 -0.002836359 0.999564111 227.510894775
0.999487281 0.004160180 -0.031747781 -0.348095417 -0.004076855 0.999988019 0.002688890 -3.503045082 0.031758592 -0.002558079 0.999492347 228.330200195
0.999461353 0.004919388 -0.032445684 -0.377591610 -0.004821313 0.999983609 0.003100293 -3.515747070 0.032460406 -0.002942193 0.999468744 229.132980347
0.999464869 0.005453909 -0.032253876 -0.406662941 -0.005318393 0.999976695 0.004285850 -3.534487247 0.032276500 -0.004112017 0.999470532 229.912475586
0.999478340 0.005237971 -0.031871617 -0.434212685 -0.005087962 0.999975681 0.004785974 -3.548256636 0.031895913 -0.004621315 0.999480546 230.673065186
0.999490440 0.004967066 -0.031531777 -0.460721493 -0.004818571 0.999976993 0.004783642 -3.566039085 0.031554811 -0.004629267 0.999491274 231.416854858
0.999499798 0.005867823 -0.031077383 -0.487370491 -0.005783213 0.999979258 0.002811750 -3.577083588 0.031093240 -0.002630616 0.999513030 232.149749756
0.999525905 0.005533022 -0.030289685 -0.509852409 -0.005516890 0.999984562 0.000616168 -3.590332985 0.030292628 -0.000448771 0.999540985 232.879974365
0.999562562 0.005730484 -0.029017087 -0.535335064 -0.005749650 0.999983251 -0.000577123 -3.606942415 0.029013295 0.000743709 0.999578714 233.606292725
0.999595821 0.006219587 -0.027738595 -0.557259083 -0.006256403 0.999979675 -0.001240691 -3.616929293 0.027730322 0.001413734 0.999614477 234.331665039
0.999650002 0.005786020 -0.025816938 -0.579142570 -0.005823526 0.999982059 -0.001377820 -3.630443335 0.025808504 0.001527683 0.999665797 235.052322388
0.999696791 0.005417949 -0.024019739 -0.599969387 -0.005447708 0.999984503 -0.001173700 -3.650156260 0.024013003 0.001304196 0.999710858 235.761688232
0.999743760 0.005508327 -0.021953873 -0.624711990 -0.005546419 0.999983251 -0.001674596 -3.659048557 0.021944283 0.001795932 0.999757588 236.486877441
0.999781907 0.005626549 -0.020113375 -0.632329464 -0.005663758 0.999982297 -0.001793413 -3.680689096 0.020102931 0.001906939 0.999796093 237.186950684
0.999832332 0.005363405 -0.017513726 -0.643953562 -0.005387132 0.999984562 -0.001307861 -3.694122553 0.017506441 0.001401990 0.999845743 237.890777588
0.999894261 0.004579705 -0.013801799 -0.660819769 -0.004586595 0.999989390 -0.000467564 -3.711407661 0.013799509 0.000530818 0.999904633 238.602432251
0.999930859 0.003833886 -0.011122028 -0.665191531 -0.003841323 0.999992490 -0.000647306 -3.721028566 0.011119461 0.000689985 0.999937952 239.298080444
0.999961495 0.003658818 -0.007969164 -0.673545003 -0.003662121 0.999993205 -0.000400033 -3.738864660 0.007967647 0.000429201 0.999968171 239.998809814
0.999981284 0.003528802 -0.004992013 -0.679038882 -0.003532971 0.999993384 -0.000826531 -3.750861645 0.004989063 0.000844152 0.999987185 240.687194824
0.999991596 0.003514271 -0.002101443 -0.681908190 -0.003516060 0.999993443 -0.000848030 -3.767430544 0.002098447 0.000855412 0.999997437 241.376373291
0.999991417 0.004101899 0.000574665 -0.681135833 -0.004100739 0.999989688 -0.002005795 -3.777284622 -0.000582886 0.002003422 0.999997795 242.069900513
0.999984145 0.004268250 0.003680680 -0.681512356 -0.004259246 0.999987900 -0.002450642 -3.791922092 -0.003691096 0.002434926 0.999990225 242.766723633
0.999970317 0.004788732 0.006036513 -0.675436854 -0.004777999 0.999987006 -0.001791249 -3.801949024 -0.006045012 0.001762354 0.999980152 243.472595215
0.999947667 0.004949526 0.008957536 -0.670869112 -0.004940388 0.999987185 -0.001042011 -3.815082073 -0.008962580 0.000997702 0.999959350 244.171691895
0.999922514 0.004511662 0.011598423 -0.667324066 -0.004498163 0.999989092 -0.001189767 -3.828964710 -0.011603666 0.001137504 0.999932051 244.876785278
0.999894738 0.004776423 0.013699651 -0.659880400 -0.004740398 0.999985218 -0.002660886 -3.842485905 -0.013712158 0.002595664 0.999902606 245.583786011
0.999876559 0.004335424 0.015106683 -0.647237539 -0.004257485 0.999977469 -0.005187635 -3.853537560 -0.015128832 0.005122678 0.999872446 246.290710449
0.999857962 0.003986262 0.016377294 -0.639065742 -0.003871593 0.999967754 -0.007027468 -3.865404844 -0.016404781 0.006963064 0.999841213 247.004852295
0.999861181 0.003590948 0.016269293 -0.626665592 -0.003476076 0.999968886 -0.007083498 -3.884105921 -0.016294226 0.007025962 0.999842525 247.723526001
0.999866009 0.002265973 0.016208073 -0.615190983 -0.002142121 0.999968469 -0.007654674 -3.900656223 -0.016224910 0.007618930 0.999839425 248.451171875
0.999856055 0.004016483 0.016482815 -0.609236717 -0.003886661 0.999961257 -0.007900677 -3.917355299 -0.016513910 0.007835476 0.999832988 249.183471680
0.999848664 0.004426018 0.016825289 -0.600728035 -0.004285547 0.999955773 -0.008375704 -3.933486700 -0.016861618 0.008302330 0.999823391 249.920806885
0.999847710 0.003303512 0.017135767 -0.589416504 -0.003127298 0.999942064 -0.010300033 -3.949423313 -0.017168799 0.010244877 0.999800146 250.667587280
0.999843001 -0.000418099 0.017710710 -0.577124596 0.000637960 0.999922752 -0.012410221 -3.969128370 -0.017704153 0.012419570 0.999766171 251.413726807
0.999828339 -0.003740594 0.018144568 -0.560616970 0.003983058 0.999902904 -0.013345297 -3.984261990 -0.018092891 0.013415275 0.999746323 252.178253174
0.999823630 -0.001200270 0.018742267 -0.549054623 0.001378110 0.999954045 -0.009478778 -3.999567509 -0.018730031 0.009502932 0.999779463 252.955215454
0.999809623 0.002649354 0.019330686 -0.545334339 -0.002582793 0.999990761 -0.003467423 -4.012554646 -0.019339692 0.003416837 0.999807119 253.739669800
0.999799371 0.001857429 0.019941192 -0.529551983 -0.001860342 0.999998212 0.000127515 -4.031302929 -0.019940922 -0.000164587 0.999801159 254.526596069
0.999747097 0.000529530 0.022478480 -0.512896538 -0.000480311 0.999997437 -0.002194964 -4.041977406 -0.022479586 0.002183612 0.999744833 255.325744629
0.999644637 0.001374983 0.026619550 -0.498740673 -0.001158643 0.999966145 -0.008140832 -4.054732323 -0.026629847 0.008107096 0.999612510 256.115631104
0.999528050 0.003451603 0.030524239 -0.482978821 -0.003089941 0.999924541 -0.011887610 -4.069655418 -0.030562971 0.011787682 0.999463260 256.931060791
0.999416053 0.006003317 0.033637971 -0.456792831 -0.005606957 0.999913871 -0.011865074 -4.083072662 -0.033706307 0.011669540 0.999363601 257.766754150
0.999313712 0.004467296 0.036769867 -0.425456047 -0.004106233 0.999942660 -0.009889178 -4.098616600 -0.036811940 0.009731407 0.999274850 258.595062256
0.999198794 0.001099142 0.040005021 -0.395001411 -0.000856282 0.999981046 -0.006087389 -4.124997139 -0.040010951 0.006048257 0.999180973 259.426422119
0.999099374 -0.001919433 0.042389058 -0.347931862 0.002131482 0.999985576 -0.004957818 -4.141166210 -0.042378925 0.005043706 0.999088824 260.288116455
0.998967469 -0.001450400 0.045410022 -0.312632561 0.001637628 0.999990344 -0.004086117 -4.161234379 -0.045403644 0.004156264 0.998960078 261.128631592
0.998846173 0.000783846 0.048018619 -0.273817062 -0.000479838 0.999979854 -0.006342245 -4.178224564 -0.048022613 0.006311886 0.998826325 261.978210449
0.998726010 0.002399862 0.050404422 -0.236419678 -0.001950237 0.999957860 -0.008967645 -4.189990044 -0.050423823 0.008857919 0.998688638 262.826995850
0.998580694 0.003016090 0.053172920 -0.200127602 -0.002535127 0.999955237 -0.009110386 -4.207479954 -0.053198021 0.008962655 0.998543799 263.665130615
0.998439133 0.003505078 0.055740930 -0.155239105 -0.003122464 0.999970913 -0.006949774 -4.230502129 -0.055763662 0.006764875 0.998421073 264.508880615
0.998251200 0.004919084 0.058909599 -0.112323761 -0.004625301 0.999976218 -0.005122339 -4.257398129 -0.058933400 0.004840906 0.998250127 265.380615234
0.998077035 0.005248128 0.061762992 -0.064163208 -0.004944446 0.999975026 -0.005068693 -4.277443886 -0.061788049 0.004753562 0.998077929 266.226226807
0.997912407 0.005980301 0.064304888 -0.009067535 -0.005612488 0.999966860 -0.005898963 -4.290423393 -0.064338043 0.005525737 0.997912884 267.074920654
0.997751713 0.003630917 0.066919766 0.046480179 -0.003221716 0.999975443 -0.006221701 -4.312656879 -0.066940695 0.005992116 0.997739077 267.944580078
0.997658491 0.000748711 0.068388827 0.108703613 -0.000383397 0.999985576 -0.005354696 -4.331478119 -0.068391845 0.005315938 0.997644365 268.788757324
0.997595668 -0.000145119 0.069302671 0.167964935 0.000535863 0.999984086 -0.005619681 -4.348958015 -0.069300756 0.005643306 0.997579813 269.644531250
0.997527361 -0.001025955 0.070271462 0.218050003 0.001436115 0.999982238 -0.005786540 -4.365545273 -0.070264295 0.005873151 0.997511089 270.505310059
0.997517824 -0.000945391 0.070408806 0.280395508 0.001345939 0.999983191 -0.005641685 -4.383160591 -0.070402302 0.005722447 0.997502327 271.357788086
0.997516394 -0.001201898 0.070424519 0.328166962 0.001549118 0.999986887 -0.004875975 -4.406772137 -0.070417747 0.004972962 0.997505248 272.221435547
0.997548819 -0.000943513 0.069967300 0.386981964 0.001260664 0.999989092 -0.004488830 -4.424997330 -0.069962308 0.004566032 0.997539222 273.070587158
0.997659326 -0.000340392 0.068379790 0.455196381 0.000716975 0.999984622 -0.005482772 -4.442109108 -0.068376869 0.005518965 0.997644246 273.967071533
0.997767329 -0.000103543 0.066786945 0.507574081 0.000508260 0.999981582 -0.006042865 -4.463815212 -0.066785097 0.006063318 0.997748971 274.820434570
0.997874618 0.000212327 0.065162852 0.563814163 0.000247387 0.999975145 -0.007046701 -4.482666016 -0.065162726 0.007047844 0.997849762 275.697631836
0.997971952 0.001281141 0.063641623 0.612266541 -0.000814603 0.999972582 -0.007356123 -4.502271652 -0.063649297 0.007289362 0.997945726 276.551177979
0.998074770 0.002619176 0.061964672 0.658357620 -0.002163777 0.999970198 -0.007415287 -4.528857708 -0.061982244 0.007266935 0.998050749 277.405090332
0.998214483 0.003119827 0.059649132 0.705818176 -0.002703758 0.999971509 -0.007054704 -4.545707703 -0.059669446 0.006880832 0.998194456 278.248931885
0.998382807 0.003121162 0.056761529 0.749986649 -0.002808079 0.999980390 -0.005594682 -4.565639496 -0.056777880 0.005426244 0.998372078 279.120056152
0.998615324 0.001900123 0.052570269 0.789070129 -0.001747507 0.999994159 -0.002948877 -4.586943626 -0.052575566 0.002852927 0.998612821 279.960754395
0.998869240 0.000016131 0.047540404 0.826042175 0.000031896 0.999999464 -0.001009488 -4.611375332 -0.047540393 0.001009862 0.998868823 280.804077148
0.999067903 -0.000196078 0.043168519 0.858375549 0.000185786 0.999999940 0.000242408 -4.625861168 -0.043168563 -0.000234163 0.999067903 281.650634766
0.999272406 0.000000004 0.038141813 0.885209084 -0.000021881 0.999999881 0.000573139 -4.637817860 -0.038141809 -0.000573557 0.999272227 282.469451904
0.999435246 -0.001094449 0.033584841 0.914149284 0.001049296 0.999998450 0.001362078 -4.654261589 -0.033586279 -0.001326069 0.999435067 283.297241211
0.999577701 -0.001848751 0.028997095 0.929356575 0.001814844 0.999997616 0.001195556 -4.665369034 -0.028999232 -0.001142425 0.999578774 284.097106934
0.999684095 -0.002252877 0.025032975 0.945144653 0.002224268 0.999996841 0.001170614 -4.684926510 -0.025035528 -0.001114565 0.999686062 284.880950928
0.999776363 -0.001777824 0.021068761 0.959901810 0.001757263 0.999997973 0.000994398 -4.699245930 -0.021070484 -0.000957153 0.999777496 285.654205322
0.999847412 -0.001300607 0.017415849 0.964571476 0.001282825 0.999998629 0.001032175 -4.713817120 -0.017417168 -0.001009676 0.999847770 286.396179199
