1.000000000 -0.000000000 0.000000000 0.000000000 -0.000000000 1.000000000 0.000000000 0.000000000 0.000000000 0.000000000 1.000000000 0.000000000
0.999978960 0.000411958 -0.006471350 -0.008238794 -0.000409402 0.999999821 0.000396312 -0.001862575 0.006471512 -0.000393654 0.999978960 0.091678798
0.999907255 0.000956025 -0.013585835 -0.016376400 -0.000953808 0.999999523 0.000169683 -0.001948800 0.013585991 -0.000156709 0.999907672 0.188526720
0.999772370 0.001384085 -0.021290403 -0.025994537 -0.001396404 0.999998868 -0.000563747 -0.002028267 0.021289598 0.000593349 0.999773204 0.285350561
0.999541759 0.001721436 -0.030220412 -0.042968318 -0.001781655 0.999996483 -0.001965855 -0.002013368 0.030216921 0.002018797 0.999541342 0.390445173
0.999125421 0.001929772 -0.041769162 -0.058843173 -0.002074414 0.999992013 -0.003419830 -0.005035234 0.041762229 0.003503486 0.999121428 0.500880301
0.998479426 0.001743460 -0.055098001 -0.084201559 -0.001969341 0.999989867 -0.004045595 -0.007922279 0.055090390 0.004147950 0.998472750 0.625742793
0.997427225 0.001823674 -0.071663000 -0.108332291 -0.002146198 0.999987900 -0.004423827 -0.004143514 0.071654066 0.004566249 0.997419119 0.761159241
0.995904982 0.000228186 -0.090405636 -0.134461254 -0.000608888 0.999991059 -0.004183489 -0.008950637 0.090403877 0.004221405 0.995896220 0.916942060
0.993913114 -0.000747662 -0.110164054 -0.175998226 0.000268070 0.999990404 -0.004368182 -0.012497596 0.110166267 0.004312062 0.993903816 1.075303197
0.991248608 -0.000824519 -0.132005826 -0.219993591 0.000197043 0.999988616 -0.004766391 -0.012404673 0.132008210 0.004698668 0.991237521 1.227665901
0.987734199 0.002758658 -0.156120360 -0.275028139 -0.003748678 0.999974728 -0.006047319 -0.017685065 0.156099722 0.006558389 0.987719536 1.395465136
0.983351648 0.007126031 -0.181573063 -0.341386974 -0.008608599 0.999935746 -0.007378340 -0.024824582 0.181508839 0.008818593 0.983349800 1.569953561
0.977961719 0.010041882 -0.208542570 -0.414150149 -0.012082490 0.999890864 -0.008513500 -0.027538445 0.208434284 0.010845590 0.977976263 1.751378894
0.971272349 0.010777924 -0.237726599 -0.493100673 -0.013253858 0.999873281 -0.008819153 -0.028702073 0.237601399 0.011716591 0.971292019 1.937698364
0.963218153 0.012519423 -0.268428892 -0.582659841 -0.015293312 0.999849081 -0.008245247 -0.033447277 0.268285125 0.012047138 0.963264167 2.134270906
0.953818738 0.014653808 -0.300025016 -0.678409100 -0.017687179 0.999816179 -0.007396879 -0.033709362 0.299861431 0.012361879 0.953902662 2.316518784
0.942564130 0.016466532 -0.333619058 -0.779503107 -0.019717174 0.999785364 -0.006359659 -0.033704288 0.333442777 0.012572411 0.942686558 2.506419897
0.929997325 0.018644769 -0.367092997 -0.880069733 -0.022246441 0.999736965 -0.005582433 -0.039721675 0.366892338 0.013358162 0.930167496 2.684545279
0.916149139 0.021460421 -0.400262564 -1.001165032 -0.025594804 0.999659956 -0.004985571 -0.039596215 0.400019497 0.014812170 0.916386962 2.864723444
0.900117099 0.022347338 -0.435074449 -1.118420362 -0.026868289 0.999630034 -0.004241893 -0.042067602 0.434818745 0.015507907 0.900384605 3.038858414
0.881683230 0.018060377 -0.471495897 -1.241243839 -0.022996238 0.999724448 -0.004708417 -0.043987770 0.471280992 0.014993967 0.881855786 3.216474533
0.860514522 0.013800581 -0.509238899 -1.373291612 -0.018807722 0.999812067 -0.004686065 -0.051966563 0.509078562 0.013610053 0.860612452 3.385851622
0.835458219 0.015413118 -0.549337804 -1.534179211 -0.019434633 0.999809921 -0.001504778 -0.055628218 0.549210310 0.011933357 0.835599124 3.565844536
0.806300104 0.021030804 -0.591132641 -1.710736752 -0.024110116 0.999705732 0.002680663 -0.062098142 0.591015100 0.012090860 0.806569874 3.729381561
0.773817182 0.024267130 -0.632943988 -1.910317659 -0.027589636 0.999608755 0.004594888 -0.064912416 0.632807791 0.013907087 0.774183929 3.898619652
0.737987101 0.023390604 -0.674409270 -2.128965855 -0.026637467 0.999629915 0.005521625 -0.067744963 0.674288809 0.013889667 0.738337100 4.072452068
0.697910666 0.019031541 -0.715931892 -2.345345497 -0.020651955 0.999765992 0.006444560 -0.064586833 0.715886950 0.010287669 0.698140323 4.240687370
0.654999554 0.015280854 -0.755474806 -2.584246635 -0.015096520 0.999860585 0.007135258 -0.064125217 0.755478501 0.006731451 0.655138850 4.405097961
0.611185670 0.014761715 -0.791349590 -2.845217943 -0.012454623 0.999881625 0.009032520 -0.062862098 0.791389287 0.004335413 0.611297190 4.537760258
0.562692285 0.015317128 -0.826524436 -3.123934507 -0.010122133 0.999880970 0.011638687 -0.058990244 0.826604426 0.001817191 0.562780499 4.680106640
0.512117743 0.016031111 -0.858765721 -3.417867422 -0.008442248 0.999871433 0.013630757 -0.055570848 0.858873844 0.000269361 0.512187243 4.797840118
0.459617734 0.017275089 -0.887948751 -3.723741531 -0.008183817 0.999850690 0.015216060 -0.044274569 0.888079047 0.000273241 0.459690481 4.897902489
0.404984951 0.019487530 -0.914115608 -4.057470322 -0.006672497 0.999809146 0.018358236 -0.042773195 0.914299011 -0.001335376 0.405037731 4.995356560
0.349403679 0.021407716 -0.936727643 -4.410681725 -0.006466970 0.999770224 0.020436263 -0.035135128 0.936949968 -0.001082715 0.349461794 5.081283569
0.294173717 0.024526486 -0.955437183 -4.781265259 -0.003689606 0.999692380 0.024526525 -0.030867413 0.955744922 -0.003689871 0.294173688 5.152912617
0.240391225 0.026322467 -0.970319092 -5.134384155 0.000844407 0.999626338 0.027326686 -0.031619787 0.970675707 -0.007388441 0.240279153 5.211714268
0.189514890 0.026792718 -0.981512189 -5.524562359 0.002978100 0.999607325 0.027861690 -0.026457533 0.981873393 -0.008203248 0.189360708 5.246227741
0.141741514 0.027910925 -0.989510059 -5.937902451 0.000710129 0.999599278 0.028297229 -0.019423932 0.989903450 -0.004713572 0.141664907 5.267961979
0.099454239 0.028223893 -0.994641721 -6.362907887 -0.001174272 0.999600232 0.028247179 -0.010045066 0.995041430 -0.001641321 0.099447638 5.268347740
0.061751030 0.026512103 -0.997739375 -6.798837185 -0.001455793 0.999648452 0.026472731 0.000221327 0.998090506 -0.000182217 0.061767913 5.263134956
0.027275931 0.023780214 -0.999345064 -7.259499073 -0.000825110 0.999717116 0.023766547 0.008719474 0.999627531 0.000176315 0.027287841 5.249326706
-0.003859952 0.021125313 -0.999769330 -7.730999947 -0.000473672 0.999776661 0.021127295 0.013421595 0.999992311 0.000555113 -0.003849078 5.219220161
-0.030760247 0.019359218 -0.999339223 -8.216151237 -0.000644505 0.999811828 0.019388212 0.019032642 0.999526560 0.001240465 -0.030741980 5.188362122
-0.051331371 0.016752565 -0.998541176 -8.724255562 -0.001582227 0.999856651 0.016855974 0.031230696 0.998680353 0.002445159 -0.051297516 5.140248775
-0.067553885 0.015947899 -0.997588158 -9.243076324 -0.001289946 0.999870062 0.016071727 0.041998461 0.997714639 0.002372542 -0.067524537 5.090524673
-0.080687918 0.016320247 -0.996605754 -9.785570145 -0.000209646 0.999865651 0.016390609 0.051108234 0.996739388 0.001531458 -0.080673672 5.037495136
-0.090274528 0.017497065 -0.995763183 -10.336145401 -0.000191792 0.999845266 0.017586187 0.057092100 0.995916903 0.001778564 -0.090257227 4.977955341
-0.097052105 0.018884433 -0.995100081 -10.910749435 -0.002996460 0.999809802 0.019266060 0.054729804 0.995274842 0.004851589 -0.096977063 4.911599636
-0.101589039 0.019833190 -0.994628727 -11.503265381 -0.002733448 0.999791920 0.020215331 0.061952174 0.994822681 0.004772422 -0.101513676 4.847425461
-0.102896430 0.020428043 -0.994482338 -12.110014915 -0.000722241 0.999787331 0.020611744 0.074278370 0.994691789 0.002839131 -0.102859795 4.780387402
-0.101675980 0.022630950 -0.994560063 -12.723623276 0.001119069 0.999743164 0.022634484 0.080975771 0.994816899 0.001188402 -0.101675190 4.716345787
-0.100104943 0.025254233 -0.994656324 -13.358308792 0.000639814 0.999679208 0.025317375 0.085065544 0.994976640 0.001898000 -0.100088991 4.649770737
-0.098489739 0.025231419 -0.994818151 -14.021520615 -0.001315678 0.999674320 0.025484838 0.090575337 0.995137215 0.003818855 -0.098424472 4.578253269
-0.096990466 0.022810439 -0.995023966 -14.688102722 -0.002995018 0.999726117 0.023210175 0.099832475 0.995280802 0.005231280 -0.096895583 4.512067318
-0.095607817 0.022686841 -0.995160520 -15.367219925 -0.002964324 0.999729276 0.023075784 0.114430621 0.995414615 0.005156204 -0.095514692 4.443609715
-0.093779355 0.025202321 -0.995274007 -16.075111389 -0.003857705 0.999662876 0.025676941 0.125286788 0.995585561 0.006247440 -0.093650512 4.370978355
-0.092189096 0.028935479 -0.995321035 -16.785652161 -0.004369422 0.999556243 0.029463312 0.132990569 0.995731890 0.007065174 -0.092021771 4.307401657
-0.090446636 0.030804953 -0.995424807 -17.513874054 -0.004430452 0.999499202 0.031333603 0.146841824 0.995891452 0.007244201 -0.090264864 4.238083363
-0.088560887 0.030326433 -0.995608985 -18.255832672 -0.006265665 0.999499679 0.031002285 0.157092422 0.996051073 0.008983742 -0.088326573 4.164558411
-0.086944357 0.026797734 -0.995852649 -19.010942459 -0.009218069 0.999573708 0.027702661 0.177015603 0.996170580 0.011588428 -0.086660281 4.088909149
-0.085413501 0.026651574 -0.995989025 -19.779708862 -0.009992940 0.999568999 0.027604342 0.186447024 0.996295452 0.012310643 -0.085110366 4.024515152
-0.083899044 0.028787902 -0.996058285 -20.562286377 -0.007345273 0.999537528 0.029507156 0.204876572 0.996447146 0.009791944 -0.083648793 3.958628654
-0.082485557 0.031079084 -0.996107578 -21.356067657 -0.005163103 0.999486864 0.031612068 0.216828406 0.996578872 0.007750545 -0.082282759 3.888120413
-0.081407152 0.032932252 -0.996136725 -22.157550812 -0.004365445 0.999432683 0.033397973 0.228366256 0.996671319 0.007067416 -0.081217214 3.821755886
-0.080824904 0.028496433 -0.996320844 -22.946569443 -0.004011364 0.999573827 0.028914889 0.235602200 0.996720195 0.006333649 -0.080676161 3.755939484
-0.080523834 0.021594286 -0.996518731 -23.751754761 -0.002653304 0.999757171 0.021878861 0.245824099 0.996749103 0.004405837 -0.080446988 3.688482761
-0.080686420 0.016743559 -0.996598840 -24.570539474 0.000425278 0.999859452 0.016763905 0.260885358 0.996739447 0.000928787 -0.080682188 3.622348785
-0.081400290 0.017466160 -0.996528387 -25.404321671 0.001762857 0.999847412 0.017380336 0.270519376 0.996680021 -0.000341973 -0.081418648 3.556341648
-0.080870099 0.024981774 -0.996411502 -26.238056183 0.000671381 0.999687016 0.025009405 0.275009543 0.996724367 0.001353541 -0.080861561 3.472768545
-0.081764169 0.032136723 -0.996133566 -27.090599060 -0.000290839 0.999479234 0.032268535 0.286560893 0.996651649 0.002928125 -0.081712238 3.408746481
-0.082366295 0.037567299 -0.995893836 -27.936672211 -0.002162902 0.999280214 0.037873928 0.298846066 0.996599793 0.005273555 -0.082225740 3.335052013
-0.082546741 0.037877768 -0.995867074 -28.777177811 -0.003930718 0.999257326 0.038332518 0.310437977 0.996579409 0.007078698 -0.082336530 3.254609108
-0.082919270 0.034264922 -0.995967031 -29.611835480 -0.003926008 0.999389768 0.034709539 0.326769352 0.996548533 0.006788264 -0.082734145 3.181807995
-0.082820237 0.030859316 -0.996086538 -30.446722031 -0.003881381 0.999502897 0.031287871 0.352288902 0.996556878 0.006457461 -0.082659282 3.098853350
-0.083059527 0.032936137 -0.996000350 -31.284715652 -0.005397686 0.999424279 0.033499494 0.361452520 0.996529937 0.008158549 -0.082833938 3.025058031
-0.083201580 0.035201151 -0.995910943 -32.127670288 -0.006325986 0.999337137 0.035850752 0.373285890 0.996512651 0.009282957 -0.082923755 2.953229666
-0.082824059 0.033839025 -0.995989680 -32.954326630 -0.007358621 0.999375343 0.034565989 0.381709397 0.996536911 0.010192007 -0.082523331 2.874460936
-0.082600199 0.028722439 -0.996168852 -33.778629303 -0.008132574 0.999531865 0.029493745 0.393589735 0.996549487 0.010537606 -0.082327947 2.804824352
-0.082227536 0.024325266 -0.996316671 -34.613559723 -0.009619592 0.999636114 0.025200227 0.408898026 0.996567070 0.011656314 -0.081963606 2.724688530
-0.081733130 0.025306435 -0.996332884 -35.435821533 -0.009433724 0.999613166 0.026163641 0.413118303 0.996609569 0.011537566 -0.081462771 2.656959534
-0.081247061 0.027819760 -0.996305645 -36.264320374 -0.008039391 0.999559581 0.028566219 0.420611560 0.996661544 0.010330612 -0.080987625 2.588484764
-0.080607168 0.032686766 -0.996209800 -37.115165710 -0.007829572 0.999410510 0.033425301 0.433781743 0.996715128 0.010494214 -0.080303758 2.507311344
-0.080490075 0.038258299 -0.996020913 -37.941635132 -0.007315983 0.999213576 0.038972147 0.450729966 0.996728480 0.010423742 -0.080146886 2.451525211
-0.080047578 0.041390307 -0.995931327 -38.795974731 -0.007820436 0.999080658 0.042149756 0.466606379 0.996760368 0.011162602 -0.079650290 2.363005877
-0.079686567 0.041468315 -0.995957017 -39.627212524 -0.007214118 0.999084055 0.042175718 0.485807300 0.996793866 0.010545789 -0.079314418 2.292313099
-0.079588458 0.036699288 -0.996152043 -40.453739166 -0.007495690 0.999271750 0.037413094 0.510560870 0.996799588 0.010444497 -0.079255424 2.221807718
-0.079277709 0.032427605 -0.996324956 -41.278556824 -0.007906270 0.999418855 0.033157408 0.526436269 0.996821225 0.010505858 -0.078975253 2.149888277
-0.079019517 0.029790131 -0.996427894 -42.092178345 -0.012459850 0.999445796 0.030868458 0.535942435 0.996795237 0.014854552 -0.078604549 2.073014736
-0.079427496 0.028370019 -0.996436834 -42.919605255 -0.015372338 0.999441206 0.029680911 0.543549657 0.996722221 0.017675046 -0.078947008 1.991117239
-0.080266848 0.026116321 -0.996431231 -43.733772278 -0.013616122 0.999534726 0.027294496 0.552787662 0.996680379 0.015758375 -0.079873905 1.931028128
-0.081665553 0.022592116 -0.996403694 -44.561950684 -0.010194506 0.999671817 0.023501761 0.559415042 0.996607542 0.012077129 -0.081408449 1.869663954
-0.081936069 0.020953499 -0.996417284 -45.383293152 -0.005687987 0.999752879 0.021491367 0.571664810 0.996621370 0.007428528 -0.081796631 1.792298794
-0.084300727 0.024589363 -0.996136963 -46.209163666 -0.005588730 0.999668062 0.025149494 0.574973822 0.996424675 0.007687261 -0.084135339 1.722552061
-0.086025625 0.030866507 -0.995814681 -47.025825500 -0.003064262 0.999507010 0.031245667 0.581296384 0.996288121 0.005739367 -0.085888654 1.649863243
-0.087479658 0.034591094 -0.995565534 -47.834030151 -0.001110004 0.999392927 0.034821618 0.591111302 0.996165633 0.004151266 -0.087388165 1.573108673
-0.088811100 0.034041688 -0.995466590 -48.636325836 -0.001698738 0.999409199 0.034328070 0.593846202 0.996047020 0.004739750 -0.088700779 1.499264240
-0.089738265 0.030169718 -0.995508373 -49.436355591 -0.004974203 0.999515057 0.030739535 0.603965402 0.995952845 0.007710372 -0.089544669 1.414121151
-0.090579122 0.026354907 -0.995540440 -50.224636078 -0.009677945 0.999579370 0.027342370 0.613587737 0.995842159 0.012111433 -0.090285942 1.325649261
-0.092347674 0.024801319 -0.995417893 -51.017265320 -0.013874463 0.999560714 0.026191708 0.624102652 0.995630145 0.016229631 -0.091962986 1.241161823
-0.093328036 0.026094461 -0.995293438 -51.812656403 -0.015347487 0.999500036 0.027643871 0.629454434 0.995517135 0.017855201 -0.092880875 1.161411762
-0.094217703 0.027697595 -0.995166302 -52.599597931 -0.015318975 0.999454319 0.029267265 0.637324333 0.995433688 0.018002426 -0.093741976 1.082453251
-0.095267884 0.027096070 -0.995082855 -53.381355286 -0.016941341 0.999440670 0.028836669 0.645329714 0.995307505 0.019605244 -0.094755553 1.000216961
-0.095832169 0.026957659 -0.995032430 -54.159065247 -0.017733242 0.999428332 0.028784655 0.653336048 0.995239496 0.020403646 -0.095299348 0.918535233
-0.096426718 0.028813032 -0.994922876 -54.935691833 -0.016071420 0.999405503 0.030500473 0.662144065 0.995210230 0.018930888 -0.095906317 0.842963696
-0.096710123 0.031567723 -0.994811773 -55.701934814 -0.015522310 0.999327481 0.033220015 0.674261570 0.995191455 0.018654492 -0.096155085 0.769700050
-0.096942544 0.035941664 -0.994640827 -56.482036591 -0.015261832 0.999176562 0.037593056 0.682433009 0.995172918 0.018824406 -0.096314192 0.686267376
-0.097540826 0.038085993 -0.994502544 -57.244979858 -0.015411136 0.999089956 0.039773196 0.695964217 0.995112121 0.019205924 -0.096865095 0.610625267
-0.098312825 0.037956271 -0.994431376 -57.997650146 -0.014954010 0.999103129 0.039612997 0.708984852 0.995043099 0.018765204 -0.097657032 0.534447193
-0.098499551 0.036168132 -0.994479597 -58.737106323 -0.014561148 0.999179840 0.037781313 0.716498733 0.995030463 0.018202208 -0.097892120 0.458765507
-0.098716363 0.032330878 -0.994590223 -59.467582703 -0.013778725 0.999331772 0.033852600 0.734130621 0.995020151 0.017045993 -0.098204933 0.381680965
-0.098331131 0.029409327 -0.994719088 -60.201816559 -0.014351103 0.999417424 0.030966884 0.744786143 0.995050251 0.017320326 -0.097851783 0.300487041
-0.097244509 0.027140733 -0.994890392 -60.909729004 -0.014862107 0.999477148 0.028718537 0.754455566 0.995149493 0.017578889 -0.096790284 0.229469299
-0.094826594 0.026323905 -0.995145679 -61.600315094 -0.017706847 0.999447584 0.028124969 0.758608043 0.995336235 0.020287890 -0.094308093 0.156540871
-0.090211682 0.027080460 -0.995554328 -62.298702240 -0.017555404 0.999431729 0.028776702 0.766102195 0.995767832 0.020073358 -0.089685000 0.081643105
-0.084887154 0.028901277 -0.995971322 -62.946891785 -0.017292315 0.999386072 0.030474193 0.768463969 0.996240497 0.019809518 -0.084335253 0.034025192
-0.077549830 0.030366832 -0.996525884 -63.595279694 -0.016222104 0.999365270 0.031715758 0.776402473 0.996856451 0.018625302 -0.077007994 -0.016309738
-0.068644971 0.031631038 -0.997139633 -64.232368469 -0.017453780 0.999306262 0.032901321 0.781787992 0.997488499 0.019662365 -0.068045259 -0.061234474
-0.056838207 0.033603504 -0.997817755 -64.857803345 -0.019534716 0.999204636 0.034762960 0.787880301 0.998192310 0.021467952 -0.056136556 -0.101204157
-0.041999534 0.034963362 -0.998505652 -65.461669922 -0.022664065 0.999096990 0.035937369 0.796602130 0.998860478 0.024139553 -0.041169196 -0.127815962
-0.023518976 0.036021281 -0.999074280 -66.038734436 -0.024066463 0.999040604 0.036586609 0.808851838 0.999433696 0.024904663 -0.022629511 -0.135928512
-0.001253787 0.037080258 -0.999311566 -66.608764648 -0.025326030 0.998990536 0.037100129 0.814968109 0.999678493 0.025355110 -0.000313425 -0.129255652
0.024266347 0.037437811 -0.999004304 -67.152755737 -0.024604537 0.999018192 0.036840681 0.821300268 0.999402702 0.023686053 0.025163667 -0.100192428
0.053377740 0.036683399 -0.997900426 -67.669952393 -0.022954512 0.999106050 0.035499875 0.832480431 0.998310566 0.021011412 0.054172073 -0.045295954
0.087459289 0.036519065 -0.995498478 -68.177154541 -0.021746159 0.999159634 0.034742866 0.839923143 0.995930731 0.018609684 0.088179946 0.020272255
0.124452613 0.036161631 -0.991566479 -68.648773193 -0.021735411 0.999195158 0.033711813 0.856111526 0.991987467 0.017356586 0.125138432 0.116599083
0.166220516 0.036918465 -0.985397279 -69.059654236 -0.021369608 0.999199033 0.033830848 0.842225194 0.985857069 0.015434170 0.166876331 0.184826851
0.211417094 0.037634734 -0.976671100 -69.513755798 -0.020613214 0.999207795 0.034041073 0.851977110 0.977178574 0.012935465 0.212025404 0.307728767
0.260058701 0.036512483 -0.964902222 -69.944488525 -0.017460976 0.999299169 0.033108037 0.852261662 0.965434968 0.008238102 0.260514051 0.455732346
0.309653580 0.031631500 -0.950323164 -70.346588135 -0.009533407 0.999499559 0.030161971 0.849581599 0.950801730 -0.000279949 0.309800148 0.636928558
0.360799015 0.026467791 -0.932267964 -70.742263794 -0.004588629 0.999635577 0.026604548 0.852074206 0.932632327 -0.005321060 0.360788941 0.832120895
0.413201213 0.022196174 -0.910369158 -71.113021851 0.000538024 0.999696791 0.024618313 0.848871291 0.910639584 -0.010662118 0.413064033 1.040662766
0.464369059 0.021014370 -0.885392427 -71.469902039 0.000687301 0.999709547 0.024088111 0.861381292 0.885641515 -0.011794304 0.464219838 1.263582230
0.512737811 0.019791376 -0.858317137 -71.838806152 0.001781738 0.999707580 0.024115974 0.870290458 0.858543456 -0.013894469 0.512552619 1.520612717
0.558076203 0.015494870 -0.829645038 -72.190834045 0.009631963 0.999637306 0.025148856 0.874661922 0.829733849 -0.022026088 0.557724595 1.803684235
0.601407826 0.008421689 -0.798897803 -72.512420654 0.020617787 0.999447763 0.026056822 0.880617440 0.798676133 -0.032142278 0.600902200 2.118831635
0.643603563 0.003648245 -0.765350342 -72.827728271 0.021484869 0.999508440 0.022831623 0.884359241 0.765057385 -0.031137969 0.643208861 2.435192108
0.685475826 0.000229586 -0.728095412 -73.106857300 0.017640980 0.999701142 0.016923578 0.871488214 0.727881670 -0.024445022 0.685266852 2.727886200
0.726092339 -0.006838505 -0.687563241 -73.388107300 0.014492565 0.999880552 0.005359869 0.877845407 0.687444627 -0.013856312 0.726104617 3.066314697
0.765126705 -0.009389058 -0.643811405 -73.660293579 0.009779020 0.999947786 -0.002961084 0.881427526 0.643805563 -0.004030238 0.765178502 3.440032959
0.802172959 -0.010549746 -0.596998453 -73.930191040 0.008290044 0.999944270 -0.006531190 0.885763526 0.597034097 0.000290003 0.802215695 3.842361450
0.836003959 -0.010501211 -0.548622847 -74.146530151 0.007800679 0.999943256 -0.007253099 0.866384447 0.548667848 0.001783989 0.836038530 4.243183136
0.866576731 -0.009197287 -0.498959303 -74.370491028 0.004935898 0.999939203 -0.009859317 0.863841534 0.499019682 0.006081043 0.866569400 4.691776276
0.892412066 -0.007844325 -0.451153189 -74.579574585 0.004570608 0.999954760 -0.008345513 0.850450516 0.451198339 0.005385591 0.892407477 5.167602539
0.913309872 -0.002180060 -0.407259583 -74.768341064 -0.000818421 0.999973834 -0.007188234 0.839026570 0.407264590 0.006898395 0.913284183 5.665266037
0.931032956 0.003262512 -0.364920378 -74.972579956 -0.007025104 0.999934971 -0.008983619 0.831600368 0.364867240 0.010927647 0.930995405 6.170242310
0.944418192 0.008141925 -0.328645736 -75.142692566 -0.011297835 0.999906600 -0.007694358 0.826273203 0.328552365 0.010979678 0.944421947 6.709293365
0.954457104 0.008855596 -0.298216820 -75.308280945 -0.011090744 0.999921739 -0.005803619 0.813378930 0.298141986 0.008846752 0.954480529 7.270469666
0.961611271 0.008317819 -0.274289221 -75.447341919 -0.009889711 0.999941707 -0.004348417 0.802177191 0.274237007 0.006894127 0.961637497 7.842449188
0.967624664 0.009260018 -0.252223551 -75.626197815 -0.010278248 0.999943495 -0.002719776 0.799548686 0.252184063 0.005224139 0.967665195 8.456762314
0.972201526 0.011546964 -0.233861119 -75.769271851 -0.011894426 0.999929249 -0.000075401 0.792076528 0.233843669 0.002854950 0.972270012 9.071392059
0.975682020 0.016563071 -0.218564272 -75.910446167 -0.016678583 0.999859989 0.001316580 0.786436737 0.218555436 0.002360777 0.975821733 9.702657700
0.978515744 0.019991830 -0.205200627 -76.045989990 -0.019874111 0.999799013 0.002634899 0.778976500 0.205212057 0.001499890 0.978716433 10.345446587
0.981196046 0.018438956 -0.192131042 -76.169769287 -0.018342046 0.999829233 0.002283130 0.774377048 0.192140311 0.001283878 0.981366634 11.006452560
0.983856201 0.019279078 -0.177919894 -76.311195374 -0.019210991 0.999813199 0.002105609 0.763562083 0.177927271 0.001346401 0.984042764 11.706331253
0.986362219 0.019782094 -0.163396001 -76.422050476 -0.019602714 0.999804139 0.002710227 0.759966552 0.163417608 0.000529740 0.986556888 12.405858994
0.988557756 0.021171471 -0.149349317 -76.530593872 -0.020981748 0.999775827 0.002846033 0.758719683 0.149376094 0.000320141 0.988780439 13.119699478
0.990442812 0.021861199 -0.136180177 -76.637878418 -0.022032008 0.999757171 0.000252972 0.743954778 0.136152670 0.002749768 0.990684152 13.841216087
0.991848648 0.022417024 -0.125433296 -76.723175049 -0.023204800 0.999719083 -0.004822706 0.727645695 0.125289947 0.007694052 0.992090464 14.576552391
0.993031025 0.020925228 -0.115980759 -76.811820984 -0.022370940 0.999687254 -0.011177330 0.715885818 0.115710594 0.013694034 0.993188560 15.331048965
0.993947625 0.020640820 -0.107898623 -76.891403198 -0.021995282 0.999693334 -0.011377988 0.707826138 0.107630685 0.013682384 0.994096756 16.091833115
0.994622052 0.022365615 -0.101126745 -76.971717834 -0.023002621 0.999722123 -0.005137281 0.691479623 0.100983761 0.007435833 0.994860232 16.857952118
0.995025277 0.027078621 -0.095870994 -77.057884216 -0.026904341 0.999633133 0.003110269 0.673171461 0.095920056 -0.000515452 0.995388865 17.636722565
0.995439470 0.027442142 -0.091362886 -77.139701843 -0.026943574 0.999614596 0.006686190 0.667244196 0.091511160 -0.004194053 0.995795190 18.410146713
0.995718360 0.026822837 -0.088461697 -77.206230164 -0.026417805 0.999634445 0.005746483 0.650292993 0.088583514 -0.003384914 0.996062994 19.186473846
0.996035039 0.026614614 -0.084887415 -77.279609680 -0.026300030 0.999642432 0.004822256 0.641574800 0.084985420 -0.002570594 0.996378779 19.951360703
0.996306360 0.025183119 -0.082094580 -77.342384338 -0.024671635 0.999669492 0.007239013 0.632054508 0.082249746 -0.005186867 0.996598244 20.721837997
0.996546090 0.023006827 -0.079790376 -77.410606384 -0.022316290 0.999705493 0.009535467 0.624764383 0.079986252 -0.007721909 0.996766031 21.505481720
0.996832788 0.020444073 -0.076853231 -77.471046448 -0.019635905 0.999743938 0.011256842 0.618233263 0.077063687 -0.009712108 0.996978879 22.272966385
0.997069180 0.019818081 -0.073894493 -77.531066895 -0.019321064 0.999785721 0.007434906 0.610921383 0.074026011 -0.005985395 0.997238338 23.031627655
0.997098029 0.022951717 -0.072586499 -77.585609436 -0.022963051 0.999736130 0.000678471 0.594415665 0.072582915 0.000990305 0.997361898 23.778648376
0.997211695 0.023754021 -0.070743404 -77.648185730 -0.024321027 0.999678552 -0.007164308 0.583537638 0.070550486 0.008864882 0.997468889 24.529632568
0.997271419 0.024977453 -0.069468074 -77.705055237 -0.025807979 0.999605417 -0.011083674 0.564182878 0.069163829 0.012846259 0.997522533 25.280519485
0.997393429 0.026340015 -0.067174554 -77.763412476 -0.027061185 0.999585271 -0.009848299 0.549866319 0.066887282 0.011640454 0.997692585 26.038879395
0.997454464 0.029912187 -0.064728864 -77.826324463 -0.030333357 0.999524534 -0.005533473 0.525162101 0.064532571 0.007482831 0.997887552 26.808662415
0.997525454 0.032762360 -0.062205382 -77.883674622 -0.032838430 0.999460638 -0.000200586 0.507204533 0.062165242 0.002242816 0.998063326 27.555500031
0.997749865 0.030537656 -0.059689283 -77.931655884 -0.030501531 0.999533653 0.001516453 0.495512545 0.059707750 0.000307574 0.998215795 28.315830231
0.997909427 0.027724249 -0.058379292 -77.981285095 -0.027687581 0.999615610 0.001437058 0.481417596 0.058396693 0.000182328 0.998293400 29.078805923
0.998032391 0.025788682 -0.057151899 -78.026252747 -0.025739029 0.999667525 0.001604825 0.465109408 0.057174280 -0.000130632 0.998364151 29.831981659
0.998092949 0.025325658 -0.056294270 -78.067840576 -0.025382213 0.999677777 -0.000289768 0.453231454 0.056268789 0.001718089 0.998414099 30.576004028
0.998186111 0.023102958 -0.055593792 -78.109985352 -0.023228660 0.999728858 -0.001615846 0.443176270 0.055541389 0.002904284 0.998452127 31.333396912
0.998249292 0.021785431 -0.054987647 -78.152343750 -0.021902660 0.999758840 -0.001530111 0.430860877 0.054941058 0.002731808 0.998485863 32.091030121
0.998204410 0.025908779 -0.054005731 -78.207618713 -0.025988026 0.999661982 -0.000765547 0.420217633 0.053967640 0.002167674 0.998540282 32.869285583
0.998222888 0.025578162 -0.053822566 -78.253585815 -0.025697537 0.999668598 -0.001526946 0.408904284 0.053765677 0.002907341 0.998549342 33.642986298
0.998135149 0.025023798 -0.055678926 -78.295768738 -0.025146281 0.999682605 -0.001500183 0.395082444 0.055623718 0.002897503 0.998447597 34.417587280
0.998093605 0.022541488 -0.057455022 -78.348274231 -0.022641003 0.999743104 -0.001081560 0.383343130 0.057415884 0.002380337 0.998347461 35.205101013
0.997863054 0.024366213 -0.060626157 -78.406768799 -0.024481539 0.999699593 -0.001160101 0.371978968 0.060579691 0.002641844 0.998159885 36.010093689
0.997605145 0.028359227 -0.063084520 -78.467399597 -0.028463282 0.999594569 -0.000751159 0.348864108 0.063037649 0.002544953 0.998007894 36.797378540
0.997399569 0.029331263 -0.065830782 -78.529594421 -0.029809749 0.999535680 -0.006297748 0.347510010 0.065615505 0.008243770 0.997810900 37.593822479
0.997226179 0.030125463 -0.068062864 -78.596847534 -0.030880151 0.999472320 -0.010063087 0.338132530 0.067723811 0.012136964 0.997630239 38.400321960
0.997087598 0.029349746 -0.070390545 -78.652954102 -0.030237585 0.999475598 -0.011580556 0.322272778 0.070013754 0.013675269 0.997452259 39.208732605
0.996938527 0.029331742 -0.072479084 -78.721992493 -0.030136969 0.999495268 -0.010041008 0.302682936 0.072147988 0.012194566 0.997319400 40.042076111
0.996808112 0.027761990 -0.074851893 -78.789932251 -0.028537422 0.999549448 -0.009309813 0.284523845 0.074559711 0.011416178 0.997151136 40.864414215
0.996700048 0.027024209 -0.076542571 -78.853065491 -0.027667316 0.999590158 -0.007353777 0.268539637 0.076312475 0.009447237 0.997039139 41.675952911
0.996648073 0.026544780 -0.077382736 -78.925590515 -0.026917351 0.999630570 -0.003775372 0.254706323 0.077253930 0.005845655 0.996994257 42.513465881
0.996559560 0.026092438 -0.078664824 -78.990142822 -0.026064206 0.999659300 0.001385864 0.239650905 0.078674175 0.000669241 0.996900141 43.358379364
0.996662199 0.026635744 -0.077168278 -79.069732666 -0.026440507 0.999644101 0.003550827 0.224647462 0.077235401 -0.001498606 0.997011781 44.203277588
0.996703207 0.029737769 -0.075487986 -79.147491455 -0.029565036 0.999557078 0.003404940 0.219509497 0.075555801 -0.001161910 0.997140944 45.078922272
0.996863723 0.029763963 -0.073327467 -79.215538025 -0.029700968 0.999556959 0.001949594 0.212261438 0.073353007 0.000234417 0.997305989 45.937278748
0.997024894 0.027210679 -0.072118394 -79.277824402 -0.027326722 0.999626398 -0.000622652 0.203921810 0.072074510 0.002591559 0.997395873 46.804214478
0.997241318 0.023747033 -0.070326395 -79.340385437 -0.023933709 0.999711871 -0.001812910 0.181805074 0.070263095 0.003491080 0.997522414 47.660709381
0.997420132 0.022426065 -0.068192452 -79.405097961 -0.022642197 0.999740779 -0.002398084 0.174547851 0.068121016 0.003935924 0.997669399 48.536560059
0.997538209 0.020003151 -0.067211181 -79.466087341 -0.020025959 0.999799371 0.000334478 0.157511160 0.067204386 0.001012313 0.997738719 49.405353546
0.997616470 0.017272772 -0.066805758 -79.517501831 -0.017106662 0.999849021 0.003057783 0.140150428 0.066848487 -0.001907672 0.997761309 50.282131195
0.997699857 0.017282067 -0.065545961 -79.586318970 -0.017111227 0.999848485 0.003166890 0.131180555 0.065590769 -0.002038033 0.997844517 51.175403595
0.997758210 0.018837154 -0.064215027 -79.648437500 -0.018866606 0.999821901 0.000147750 0.113487914 0.064206377 0.001064102 0.997936070 52.042793274
0.997745574 0.021328488 -0.063630320 -79.717468262 -0.021740032 0.999746859 -0.005782416 0.098172456 0.063490883 0.007152706 0.997956872 52.906475067
0.997750342 0.022861674 -0.063020334 -79.770980835 -0.023630667 0.999654770 -0.011484108 0.081827521 0.062736042 0.012947487 0.997946203 53.778804779
0.997694373 0.027946688 -0.061844792 -79.842514038 -0.029025720 0.999440432 -0.016618228 0.047111034 0.061345771 0.018375004 0.997947454 54.634075165
0.997742593 0.028487196 -0.060813580 -79.902351379 -0.029614763 0.999404252 -0.017721130 0.024536371 0.060272530 0.019482100 0.997991860 55.464500427
0.997851193 0.025220225 -0.060472388 -79.957237244 -0.025976412 0.999593556 -0.011751205 0.003234088 0.060151447 0.013296807 0.998100758 56.317626953
0.997826397 0.024773166 -0.061063319 -80.012130737 -0.024992505 0.999683678 -0.002830739 -0.018592387 0.060973890 0.004350712 0.998129904 57.167892456
0.997773051 0.023759702 -0.062325161 -80.071060181 -0.023464778 0.999709725 0.005459823 -0.045952648 0.062436793 -0.003985217 0.998040974 58.016796112
0.997648418 0.022033421 -0.064901665 -80.123771667 -0.021894367 0.999756277 0.002853099 -0.057267696 0.064948723 -0.001425408 0.997887611 58.854660034
0.997648597 0.016677530 -0.066475943 -80.183074951 -0.016754093 0.999859452 -0.000594390 -0.069778971 0.066456668 0.001706737 0.997787833 59.687538147
0.997502625 0.015007567 -0.069015034 -80.242187500 -0.015160405 0.999883592 -0.001691290 -0.089314811 0.068981618 0.002733363 0.997614205 60.515464783
0.997259378 0.017250029 -0.071945056 -80.309555054 -0.017584974 0.999837279 -0.004024749 -0.108059347 0.071863927 0.005278870 0.997400463 61.342609406
0.997011602 0.019085202 -0.074857019 -80.383728027 -0.019714290 0.999776185 -0.007673864 -0.123306692 0.074693821 0.009126684 0.997164726 62.163528442
0.996689141 0.019653246 -0.078895114 -80.460235596 -0.020586235 0.999727190 -0.011029732 -0.141993523 0.078656822 0.012617368 0.996821880 62.966033936
0.996372879 0.021387879 -0.082364023 -80.528327942 -0.022674089 0.999634624 -0.014712480 -0.168080807 0.082019269 0.016526643 0.996493697 63.761714935
0.996005237 0.025812771 -0.085482776 -80.609474182 -0.027158774 0.999524176 -0.014620361 -0.192954183 0.085064724 0.016883563 0.996232331 64.568862915
0.995599389 0.029557992 -0.088927560 -80.695243835 -0.030827342 0.999441028 -0.012934241 -0.212101579 0.088495545 0.015618724 0.995954037 65.368797302
0.995162964 0.032377098 -0.092749014 -80.781616211 -0.033198934 0.999421775 -0.007331304 -0.229916155 0.092458040 0.010375008 0.995662510 66.169906616
0.994775712 0.032572843 -0.096748330 -80.868888855 -0.032854665 0.999459267 -0.001320885 -0.254790753 0.096653014 0.004492620 0.995307982 66.983390808
0.994292319 0.032303680 -0.101681434 -80.956260681 -0.032238200 0.999477565 0.002287663 -0.269796044 0.101702236 0.001003421 0.994814277 67.779624939
0.993638635 0.031846389 -0.108018264 -81.050804138 -0.031657234 0.999492824 0.003465852 -0.283141434 0.108073860 -0.000024244 0.994142771 68.569633484
0.993057489 0.029134886 -0.113965198 -81.138084412 -0.028492782 0.999567568 0.007259427 -0.294502556 0.114127435 -0.003961842 0.993458211 69.355369568
0.992244720 0.029863110 -0.120659076 -81.238136292 -0.029264411 0.999549031 0.006731268 -0.304146349 0.120805643 -0.003148047 0.992671251 70.134124756
0.991385460 0.034425545 -0.126371697 -81.357948303 -0.033908710 0.999405503 0.006239330 -0.316465974 0.126511365 -0.001900479 0.991963387 70.906654358
0.990540802 0.035557210 -0.132531717 -81.468673706 -0.035537377 0.999365151 0.002515755 -0.325917423 0.132537037 0.002217872 0.991175592 71.673324585
0.989752293 0.035065755 -0.138422742 -81.577926636 -0.035441712 0.999371767 -0.000251308 -0.336159915 0.138326958 0.005154670 0.990373254 72.422706604
0.988937914 0.036461063 -0.143779948 -81.697555542 -0.037021045 0.999313891 -0.001220382 -0.351076186 0.143636793 0.006529766 0.989608943 73.187774658
0.988145053 0.038318027 -0.148664162 -81.818603516 -0.038201973 0.999263465 0.003637168 -0.355866522 0.148694068 0.002085214 0.988881111 73.958969116
0.987265468 0.038726591 -0.154295504 -81.951705933 -0.037963770 0.999247909 0.007888427 -0.365275383 0.154484957 -0.001930335 0.987993300 74.723434448
0.986277997 0.038311832 -0.160586044 -82.080169678 -0.037116729 0.999256372 0.010436343 -0.383065641 0.160866454 -0.004332709 0.986966789 75.481636047
0.985160828 0.035937365 -0.167829648 -82.212882996 -0.035354774 0.999353945 0.006458974 -0.387553453 0.167953342 -0.000429550 0.985794961 76.232086182
0.983797371 0.033140056 -0.176194429 -82.356872559 -0.033873614 0.999425471 -0.001156415 -0.389626026 0.176054850 0.007106018 0.984354854 76.979049683
0.982175469 0.030793600 -0.185427085 -82.495040894 -0.031806868 0.999490917 -0.002491544 -0.402948380 0.185255960 0.008344989 0.982654989 77.703010559
0.980157614 0.030078340 -0.195924267 -82.652908325 -0.030573616 0.999532402 0.000496688 -0.414245546 0.195847601 0.005503283 0.980618954 78.443992615
0.977864861 0.030470341 -0.207007140 -82.817955017 -0.029738503 0.999535501 0.006646928 -0.421997190 0.207113549 -0.000343717 0.978316844 79.185646057
0.975310206 0.031851448 -0.218530729 -83.000473022 -0.029442597 0.999464512 0.014271390 -0.424413800 0.218868315 -0.007484920 0.975725710 79.918006897
0.972643375 0.032846611 -0.229969427 -83.166915894 -0.029457983 0.999401152 0.018153850 -0.432389140 0.230427995 -0.010882786 0.973028481 80.633956909
0.969728351 0.036103841 -0.241502494 -83.361366272 -0.033816148 0.999335408 0.013612140 -0.438922882 0.241833434 -0.005033396 0.970304668 81.346199036
0.966714740 0.036005102 -0.253310263 -83.565841675 -0.036022697 0.999340534 0.004570235 -0.443504244 0.253307700 0.004706803 0.967374265 82.047805786
0.963474810 0.033667464 -0.265674293 -83.772827148 -0.034929395 0.999389768 -0.000025129 -0.446045399 0.265511304 0.009304052 0.964062810 82.759063721
0.960244656 0.032658856 -0.277242899 -83.991668701 -0.032496396 0.999458373 0.005182021 -0.457828462 0.277261943 0.004033385 0.960785925 83.465774536
0.956752121 0.033447292 -0.288975000 -84.208480835 -0.031221990 0.999436736 0.012308158 -0.459843397 0.289223850 -0.002753483 0.957257509 84.193580627
0.953136265 0.033370111 -0.300695211 -84.446800232 -0.029459702 0.999412239 0.017530654 -0.461841345 0.301103413 -0.007850711 0.953559220 84.908332825
0.949041784 0.031039393 -0.313618094 -84.685165405 -0.027381970 0.999495983 0.016061319 -0.467005253 0.313958526 -0.006655382 0.949413419 85.614944458
0.945266724 0.028761135 -0.325028688 -84.931671143 -0.026322115 0.999582708 0.011899618 -0.470921397 0.325235188 -0.002692873 0.945629358 86.309974670
0.942524314 0.024823397 -0.333214462 -85.205879211 -0.024507320 0.999686480 0.005152447 -0.477484643 0.333237797 0.003309886 0.942836940 86.987495422
0.939485848 0.020615155 -0.341966778 -85.450370789 -0.022219440 0.999752820 -0.000774318 -0.486636192 0.341866255 0.008325771 0.939711690 87.715911865
0.936807394 0.020457897 -0.349246830 -85.720161438 -0.022856683 0.999734998 -0.002748290 -0.494796365 0.349098027 0.010557244 0.937026739 88.423027039
0.933788836 0.025845360 -0.356889993 -86.011039734 -0.028626408 0.999587059 -0.002511507 -0.511474848 0.356677651 0.012561697 0.934143126 89.126548767
0.930711567 0.026147798 -0.364817947 -86.292083740 -0.028211366 0.999601901 -0.000326892 -0.523621559 0.364664108 0.010596253 0.931078911 89.826614380
0.927717030 0.026950799 -0.372309983 -86.585426331 -0.026356615 0.999630213 0.006686221 -0.529637754 0.372352511 0.003609911 0.928084314 90.534439087
0.924941301 0.028631290 -0.379030108 -86.876861572 -0.024899203 0.999581218 0.014745526 -0.531765938 0.379293531 -0.004201198 0.925266802 91.243698120
0.922346830 0.038799424 -0.384409755 -87.197776794 -0.032902092 0.999218583 0.021908807 -0.542206764 0.384959310 -0.007559632 0.922902524 91.946968079
0.919527173 0.045556471 -0.390377313 -87.511535645 -0.041464884 0.998961031 0.018907484 -0.541712999 0.390833139 -0.001198991 0.920460701 92.641304016
0.917210996 0.042455204 -0.396133155 -87.805465698 -0.041128624 0.999083698 0.011846184 -0.548757315 0.396273077 0.005426962 0.918116570 93.305419922
0.915315926 0.033844501 -0.401311904 -88.112197876 -0.035357650 0.999368131 0.003637300 -0.538161039 0.401181370 0.010860172 0.915934265 94.015602112
0.913693964 0.034050856 -0.404973924 -88.428878784 -0.035955414 0.999349058 0.002905003 -0.539256811 0.404809296 0.011906721 0.914323747 94.708213806
0.911522090 0.040287100 -0.409273148 -88.767349243 -0.040444985 0.999147534 0.008273837 -0.546662092 0.409257531 0.009011260 0.912374556 95.409301758
0.909045160 0.043176439 -0.414454758 -89.094024658 -0.041492864 0.999053419 0.013069420 -0.556736350 0.414626718 0.005316220 0.909976125 96.104278564
0.906809449 0.039824214 -0.419655412 -89.408142090 -0.038577091 0.999189854 0.011461483 -0.571517944 0.419771880 0.005795705 0.907611132 96.779724121
0.904615223 0.038477700 -0.424488723 -89.759124756 -0.040270563 0.999177516 0.004750838 -0.571964264 0.424322426 0.012796720 0.905420661 97.499443054
0.902448595 0.035868958 -0.429301471 -90.095504761 -0.040526580 0.999176979 -0.001709108 -0.578885317 0.428886861 0.018940501 0.903159618 98.189773560
