1.000000000 -0.000000000 0.000000000 0.000000000 -0.000000000 1.000000000 0.000000000 0.000000000 0.000000000 0.000000000 1.000000000 0.000000000
0.999978960 0.000411033 -0.006474751 -0.008227189 -0.000408488 0.999999821 0.000394472 -0.001930735 0.006474912 -0.000391819 0.999978960 0.091791593
0.999907374 0.000955206 -0.013577217 -0.016430395 -0.000952836 0.999999523 0.000181045 -0.001959670 0.013577384 -0.000168091 0.999907792 0.188467637
0.999772489 0.001391773 -0.021285100 -0.026109532 -0.001404040 0.999998868 -0.000561369 -0.002154031 0.021284293 0.000591127 0.999773264 0.285416931
0.999541759 0.001708296 -0.030220939 -0.042921636 -0.001768977 0.999996483 -0.001981274 -0.001926643 0.030217448 0.002033826 0.999541283 0.390549809
0.999125421 0.001926904 -0.041769017 -0.058970310 -0.002071721 0.999992013 -0.003424094 -0.004930734 0.041762084 0.003507633 0.999121428 0.501249194
0.998478949 0.001728416 -0.055106819 -0.084220655 -0.001953949 0.999989927 -0.004039040 -0.008009219 0.055099282 0.004140573 0.998472273 0.626073718
0.997427523 0.001827514 -0.071658760 -0.108481690 -0.002152001 0.999987781 -0.004451283 -0.004011855 0.071649745 0.004594042 0.997419298 0.761421204
0.995905519 0.000200144 -0.090399839 -0.134705633 -0.000580168 0.999991119 -0.004177549 -0.009323644 0.090398200 0.004212892 0.995896816 0.917126536
0.993913412 -0.000757580 -0.110161521 -0.176228926 0.000278164 0.999990404 -0.004367246 -0.012722026 0.110163778 0.004310022 0.993904114 1.075264812
0.991228282 -0.001150986 -0.132155955 -0.224487290 0.000534334 0.999988794 -0.004701460 -0.015987305 0.132159889 0.004589604 0.991217792 1.236590505
0.988612473 0.006249207 -0.150353417 -0.408113152 -0.007377666 0.999948621 -0.006948752 -0.013866881 0.150302246 0.007978882 0.988607883 1.467962623
0.984023929 0.009479458 -0.177783608 -0.428080380 -0.011046058 0.999908388 -0.007824087 -0.026739238 0.177693173 0.009662897 0.984038413 1.620623589
0.978741884 0.012604455 -0.204708263 -0.499510854 -0.014721137 0.999852777 -0.008820321 -0.030402005 0.204566926 0.011646356 0.978783190 1.798396111
0.972140014 0.013011200 -0.234039426 -0.579192460 -0.015524276 0.999839902 -0.008898718 -0.032740720 0.233886182 0.012284093 0.972186327 1.989905238
0.964195132 0.015032187 -0.264767140 -0.665208220 -0.017860848 0.999806225 -0.008279232 -0.036321372 0.264591396 0.012711762 0.964276791 2.181336880
0.954839706 0.016856164 -0.296642840 -0.763283312 -0.019923059 0.999774694 -0.007318420 -0.037014827 0.296452671 0.012897952 0.954960346 2.374133587
0.942673802 0.017034104 -0.333280265 -0.800236046 -0.020224273 0.999776781 -0.006104748 -0.040369529 0.333101928 0.012495139 0.942807913 2.559528112
0.930166781 0.019151237 -0.366637260 -0.903856695 -0.022687268 0.999728382 -0.005337461 -0.045798555 0.366435498 0.013282727 0.930348575 2.739446640
0.916265726 0.022110093 -0.399960190 -1.027615786 -0.026241016 0.999643922 -0.004854300 -0.043943651 0.399710447 0.014943191 0.916519582 2.926289082
0.900223017 0.022566356 -0.434843868 -1.147479415 -0.027049644 0.999625564 -0.004122877 -0.044039264 0.434588045 0.015473881 0.900496423 3.105423927
0.881767988 0.017799826 -0.471347243 -1.272165298 -0.022740027 0.999729931 -0.004787152 -0.043080866 0.471134782 0.014939607 0.881934643 3.286883593
0.860621274 0.012770856 -0.509085357 -1.409571648 -0.017917767 0.999826014 -0.005208916 -0.046127904 0.508930147 0.013604579 0.860700250 3.463227987
0.835609019 0.015246638 -0.549112976 -1.565393209 -0.019163402 0.999815345 -0.001400963 -0.059566688 0.548990250 0.011693530 0.835746944 3.636015892
0.806467354 0.020741904 -0.590914667 -1.749438643 -0.023824476 0.999712884 0.002576154 -0.064520776 0.590798438 0.012000646 0.806730032 3.808988571
0.774028063 0.023757095 -0.632705450 -1.947501063 -0.027127095 0.999622464 0.004347993 -0.065822348 0.632569909 0.013797990 0.774380326 3.975910425
0.737846076 0.022766247 -0.674584925 -2.157275915 -0.026286792 0.999642074 0.004984536 -0.066492014 0.674456894 0.014054853 0.738180459 4.145834923
0.698074341 0.018563638 -0.715784609 -2.381196022 -0.020365153 0.999774218 0.006067547 -0.062713198 0.715735614 0.010341465 0.698294759 4.318056583
0.655144155 0.014854145 -0.755357981 -2.617859602 -0.014882358 0.999866426 0.006754514 -0.062210154 0.755357385 0.006816329 0.655277610 4.477449894
0.610388339 0.014388830 -0.791971624 -2.877843142 -0.012269343 0.999886751 0.008710081 -0.060693741 0.792007267 0.004400441 0.610495746 4.624349117
0.561698735 0.015254738 -0.827201188 -3.157087803 -0.010029617 0.999881983 0.011628753 -0.060048964 0.827281058 0.001764656 0.561785460 4.771840096
0.513032734 0.015079511 -0.858236551 -3.451056242 -0.008427368 0.999885976 0.012530665 -0.047356065 0.858327568 0.000804033 0.513101339 4.862363815
0.460595876 0.016649809 -0.887453794 -3.770001173 -0.007962702 0.999861300 0.014626014 -0.041355342 0.887574255 0.000329848 0.460664541 4.970645428
0.406064093 0.018579908 -0.913655698 -4.104820251 -0.007182402 0.999827325 0.017140133 -0.032861672 0.913816333 -0.000397752 0.406127453 5.067340851
0.350503832 0.020643091 -0.936333776 -4.459105015 -0.006572785 0.999786675 0.019581581 -0.030384690 0.936538219 -0.000709098 0.350564748 5.156932354
0.294454217 0.023627825 -0.955373347 -4.797395229 -0.002910016 0.999711812 0.023827489 -0.028878305 0.955661058 -0.004235953 0.294438124 5.229635239
0.240502268 0.025236109 -0.970320463 -5.176923275 0.001817095 0.999648511 0.026449256 -0.025392298 0.970646858 -0.008124270 0.240371838 5.287388325
0.189747438 0.026167283 -0.981484056 -5.551381111 0.004081987 0.999615192 0.027439823 -0.026979540 0.981824458 -0.009213042 0.189567566 5.321559906
0.142401561 0.027249910 -0.989433825 -5.958703518 0.001448839 0.999614239 0.027738804 -0.022422254 0.989807844 -0.005383579 0.142307132 5.338658333
0.099667713 0.027286036 -0.994646549 -6.400015354 -0.001377587 0.999626875 0.027284609 -0.006409014 0.995019734 -0.001349184 0.099668056 5.345638275
0.062158730 0.025703143 -0.997735262 -6.820029736 -0.001051022 0.999669492 0.025687488 -0.000373027 0.998065710 -0.000548061 0.062165204 5.338108063
0.027689319 0.023028035 -0.999351263 -7.278267860 -0.000246930 0.999734700 0.023030024 0.007594743 0.999616563 -0.000390917 0.027687661 5.323672771
-0.003440461 0.020431582 -0.999785304 -7.754660130 -0.000043448 0.999791324 0.020431848 0.012137644 0.999994040 0.000113733 -0.003438853 5.293218613
-0.030018035 0.018531529 -0.999377549 -8.248786926 -0.000843229 0.999827385 0.018565193 0.019062784 0.999549031 0.001399994 -0.029997230 5.256403923
-0.050943412 0.015860122 -0.998575568 -8.756120682 -0.001334462 0.999871850 0.015948793 0.032494344 0.998700678 0.002145048 -0.050915722 5.215628147
-0.067261718 0.014973867 -0.997622967 -9.278183937 -0.001339398 0.999885082 0.015098128 0.043849181 0.997734427 0.002351741 -0.067233942 5.165523529
-0.080330886 0.015330043 -0.996650338 -9.821737289 -0.000456699 0.999881089 0.015416548 0.050622799 0.996768177 0.001693594 -0.080314316 5.110601902
-0.089953013 0.016599528 -0.995807707 -10.369562149 -0.000008957 0.999861002 0.016667906 0.055892177 0.995946050 0.001508247 -0.089940377 5.055189133
-0.096817218 0.017885884 -0.995141506 -10.935834885 -0.002295357 0.999831855 0.018193498 0.056153305 0.995299518 0.004045649 -0.096759878 4.992160320
-0.101061903 0.018823301 -0.994702101 -11.530617714 -0.002119435 0.999814630 0.019135384 0.062764905 0.994877875 0.004042065 -0.101003274 4.921610355
-0.102360800 0.019592106 -0.994554460 -12.145190239 -0.000169125 0.999805629 0.019712958 0.070827417 0.994747341 0.002186038 -0.102337591 4.852781296
-0.101619132 0.021642813 -0.994587958 -12.755842209 0.002247978 0.999765694 0.021525810 0.082698271 0.994820893 -0.000048378 -0.101643994 4.796007633
-0.100201368 0.024136586 -0.994674385 -13.394251823 0.001665920 0.999708354 0.024090922 0.088123836 0.994965911 0.000756895 -0.100212358 4.730506897
-0.098269597 0.024288232 -0.994863451 -14.045666695 -0.000925317 0.999699354 0.024497703 0.090698093 0.995159447 0.003327944 -0.098217592 4.656459332
-0.096664421 0.021812933 -0.995077968 -14.700913429 -0.002328934 0.999752104 0.022141632 0.099487744 0.995314419 0.004457780 -0.096589662 4.591201782
-0.095398903 0.021481303 -0.995207369 -15.390153885 -0.003385800 0.999754369 0.021904005 0.109829322 0.995433390 0.005459191 -0.095302738 4.519921303
-0.093739636 0.024237651 -0.995301664 -16.093364716 -0.002769981 0.999693394 0.024605483 0.124879509 0.995592952 0.005063476 -0.093643755 4.452978134
-0.091489181 0.027664838 -0.995421708 -16.810512543 -0.004113577 0.999595046 0.028158899 0.133371085 0.995797575 0.006670980 -0.091338314 4.381269932
-0.089723587 0.029836167 -0.995519757 -17.544740677 -0.004326659 0.999530077 0.030346308 0.141367897 0.995957375 0.007030055 -0.089552328 4.310133934
-0.088161737 0.029379779 -0.995672822 -18.254674911 -0.006485840 0.999526799 0.030067788 0.153552517 0.996085048 0.009108604 -0.087929457 4.246945381
-0.086566783 0.026018858 -0.995906234 -19.014493942 -0.009022860 0.999597430 0.026899582 0.171406806 0.996205211 0.011314533 -0.086297169 4.172751427
-0.084908411 0.025508167 -0.996062219 -19.791513443 -0.009845357 0.999601960 0.026438074 0.187865540 0.996340215 0.012051404 -0.084623471 4.097593784
-0.083389387 0.027474608 -0.996138215 -20.554927826 -0.007467854 0.999574482 0.028194541 0.204353839 0.996489167 0.009790142 -0.083148733 4.036485672
-0.082240343 0.029778684 -0.996167541 -21.344577789 -0.004819105 0.999529839 0.030277045 0.212346956 0.996600926 0.007290632 -0.082058169 3.972473621
-0.080857746 0.031557657 -0.996225893 -22.133979797 -0.004470554 0.999477088 0.032023493 0.226678923 0.996715665 0.007043030 -0.080674365 3.906157732
-0.080165982 0.026847603 -0.996419907 -22.939004898 -0.004435972 0.999617636 0.027290665 0.239072129 0.996771693 0.006607873 -0.080016226 3.836376667
-0.079909548 0.019849977 -0.996604443 -23.744642258 -0.003036552 0.999792278 0.020156948 0.246523336 0.996797562 0.004636973 -0.079832658 3.771627426
-0.080108866 0.015137563 -0.996671259 -24.559478760 -0.000053082 0.999884665 0.015190642 0.257843077 0.996786118 0.001269809 -0.080098815 3.705453873
-0.080636375 0.015976658 -0.996615529 -25.387819290 0.001000580 0.999872386 0.015947916 0.263094723 0.996743143 0.000288788 -0.080642059 3.639523506
-0.080500402 0.024040496 -0.996464610 -26.199558258 0.000602551 0.999710083 0.024070118 0.259525955 0.996754408 0.001337233 -0.080491558 3.566290855
-0.081063107 0.031106869 -0.996223450 -27.043722153 -0.000427090 0.999511719 0.031244297 0.273049146 0.996708870 0.002958237 -0.081010237 3.498706579
-0.081165120 0.036310989 -0.996039033 -27.891916275 -0.002702406 0.999324441 0.036650974 0.284519136 0.996697068 0.005666483 -0.081012174 3.415327311
-0.081554137 0.036508460 -0.996000051 -28.739095688 -0.004281377 0.999306798 0.036980238 0.298317432 0.996659756 0.007280143 -0.081341304 3.337757349
-0.082049027 0.033321209 -0.996071279 -29.546752930 -0.004249035 0.999420106 0.033783257 0.309129268 0.996619284 0.007004224 -0.081859864 3.273466110
-0.082587264 0.030464165 -0.996118128 -30.379934311 -0.004380323 0.999511898 0.030931128 0.328531295 0.996574283 0.006917836 -0.082413509 3.204695940
-0.082501829 0.031872433 -0.996081173 -31.222454071 -0.005832370 0.999455929 0.032463491 0.339162499 0.996573865 0.008487812 -0.082271039 3.123917103
-0.082105480 0.034271333 -0.996034265 -32.054676056 -0.007528976 0.999358714 0.035006355 0.343755960 0.996595204 0.010373332 -0.081794798 3.046008110
-0.081946924 0.032700066 -0.996100128 -32.887424469 -0.007673969 0.999411225 0.033440083 0.359148264 0.996607184 0.010384355 -0.081647731 2.972926855
-0.081739038 0.027415445 -0.996276736 -33.724617004 -0.008287479 0.999568284 0.028185973 0.371697754 0.996619284 0.010560516 -0.081476547 2.896447420
-0.081508681 0.023620706 -0.996392727 -34.537849426 -0.010356202 0.999645114 0.024544986 0.373518765 0.996618867 0.012319475 -0.081235148 2.825519085
-0.081135847 0.024228405 -0.996408522 -35.378414154 -0.010065325 0.999633610 0.025126429 0.384231240 0.996652246 0.012067831 -0.080862254 2.756736279
-0.080227964 0.026720159 -0.996418357 -36.216232300 -0.008768899 0.999583066 0.027511066 0.389769346 0.996738017 0.010944651 -0.079960212 2.675150633
-0.079743043 0.031847153 -0.996306598 -37.040023804 -0.008938158 0.999426484 0.032662276 0.396407843 0.996775389 0.011509733 -0.079412654 2.606193304
-0.079004981 0.037159521 -0.996181428 -37.884120941 -0.007700690 0.999252439 0.037884805 0.416303903 0.996844471 0.010664373 -0.078659773 2.534990311
-0.079508305 0.040342968 -0.996017516 -38.720523834 -0.008384905 0.999118268 0.041137900 0.429009646 0.996798933 0.011622316 -0.079099938 2.469927549
-0.078871526 0.040164512 -0.996075332 -39.549545288 -0.007709176 0.999133527 0.040898263 0.451456577 0.996855021 0.010904627 -0.078493550 2.395394087
-0.078786656 0.035848595 -0.996246755 -40.344581604 -0.008188457 0.999296129 0.036605906 0.465823472 0.996857882 0.011041778 -0.078437649 2.326729059
-0.078375757 0.031423267 -0.996428549 -41.173076630 -0.008871760 0.999441504 0.032216113 0.484448761 0.996884346 0.011365036 -0.078053199 2.254027843
-0.078117631 0.028863385 -0.996526301 -41.993370056 -0.013059437 0.999465346 0.029972248 0.493801951 0.996858597 0.015355431 -0.077698924 2.175311327
-0.078774199 0.027352087 -0.996517181 -42.815128326 -0.016826017 0.999444664 0.028762529 0.500976622 0.996750474 0.019033160 -0.078270212 2.104800701
-0.079447836 0.025110219 -0.996522784 -43.623214722 -0.014689306 0.999544740 0.026357476 0.513234317 0.996730745 0.016732272 -0.079042815 2.039002419
-0.080338016 0.021554291 -0.996534646 -44.436683655 -0.010766690 0.999689043 0.022490500 0.515458763 0.996709526 0.012536222 -0.080080964 1.970021248
-0.080944106 0.020264164 -0.996512711 -45.264244080 -0.006211345 0.999763668 0.020834802 0.523475170 0.996699333 0.007876138 -0.080799103 1.900491357
-0.083069630 0.023567274 -0.996265054 -46.085121155 -0.006307270 0.999687791 0.024174148 0.530219376 0.996523798 0.008291851 -0.082895048 1.829819560
-0.084754504 0.030173298 -0.995944917 -46.902160645 -0.003948581 0.999523461 0.030617734 0.530623138 0.996394038 0.006527562 -0.084594965 1.755789042
-0.086308435 0.033904783 -0.995691419 -47.698902130 -0.001920493 0.999413371 0.034197979 0.538283944 0.996266663 0.004863793 -0.086192682 1.683795094
-0.087799162 0.032971185 -0.995592475 -48.509979248 -0.001852103 0.999445021 0.033262104 0.548621655 0.996136487 0.004764325 -0.087689370 1.607892632
-0.089065254 0.029054333 -0.995602012 -49.308425903 -0.005162078 0.999547601 0.029631265 0.558256745 0.996012449 0.007778492 -0.088874973 1.528783441
-0.090132073 0.025462052 -0.995604336 -50.098690033 -0.010056172 0.999598920 0.026474597 0.564957023 0.995879114 0.012398178 -0.089839876 1.442618966
-0.091388889 0.024035566 -0.995525181 -50.885921478 -0.014075928 0.999577641 0.025425572 0.573128343 0.995715797 0.016336555 -0.091011949 1.357898474
-0.092314273 0.025125846 -0.995412886 -51.683471680 -0.015700158 0.999520600 0.026685562 0.579761207 0.995606184 0.018091597 -0.091875531 1.275344372
-0.093122154 0.026782468 -0.995294452 -52.464954376 -0.015926082 0.999470174 0.028384918 0.584319293 0.995527327 0.018494403 -0.092646271 1.197521091
-0.094126798 0.026231527 -0.995214581 -53.254341125 -0.017441746 0.999455929 0.027992947 0.591570497 0.995407462 0.019993166 -0.093618058 1.112781525
-0.094636738 0.026098486 -0.995169759 -54.034790039 -0.018097181 0.999445975 0.027931603 0.598617435 0.995347381 0.020653121 -0.094112001 1.030506611
-0.095291503 0.027902268 -0.995058239 -54.809867859 -0.016417494 0.999427080 0.029596984 0.606031358 0.995314062 0.019156706 -0.094778821 0.954441309
-0.095358841 0.030610463 -0.994972229 -55.584156036 -0.015952721 0.999351680 0.032274120 0.617831111 0.995315254 0.018950135 -0.094808698 0.876191437
-0.095535845 0.035010837 -0.994810104 -56.363029480 -0.015748294 0.999203026 0.036677822 0.625898719 0.995301366 0.019170610 -0.094908342 0.794365108
-0.096092902 0.037313223 -0.994672716 -57.124637604 -0.016039511 0.999109328 0.039029188 0.637140810 0.995243192 0.019704498 -0.095408835 0.719109058
-0.096851371 0.037184212 -0.994603992 -57.877830505 -0.015609852 0.999122202 0.038873162 0.649683952 0.995176435 0.019290544 -0.096185930 0.642997503
-0.097271398 0.035202760 -0.994635165 -58.617977142 -0.015102336 0.999206960 0.036841515 0.658143163 0.995143354 0.018604942 -0.096662626 0.571615636
-0.097388193 0.031683736 -0.994742036 -59.348770142 -0.014691193 0.999338508 0.033268448 0.672238231 0.995138049 0.017853901 -0.096858293 0.495327443
-0.096889757 0.028584899 -0.994884610 -60.078792572 -0.014892260 0.999433935 0.030165937 0.684025645 0.995183706 0.017738847 -0.096409217 0.411927253
-0.095795840 0.026232418 -0.995055318 -60.785148621 -0.015270730 0.999496281 0.027819639 0.693522990 0.995283842 0.017860226 -0.095346995 0.343157440
-0.093439758 0.025564447 -0.995296657 -61.475086212 -0.018251421 0.999458432 0.027384808 0.695578873 0.995457649 0.020724410 -0.092922561 0.271795571
-0.088859096 0.026465328 -0.995692611 -62.165077209 -0.018022498 0.999440551 0.028173344 0.701116860 0.995881081 0.020448325 -0.088332407 0.203443825
-0.083270878 0.028476046 -0.996120036 -62.822029114 -0.017790258 0.999389827 0.030056706 0.700021327 0.996368110 0.020224078 -0.082713462 0.150191784
-0.076204129 0.029635195 -0.996651769 -63.468978882 -0.016847705 0.999377251 0.031004420 0.710539043 0.996949852 0.019153964 -0.075657398 0.103658639
-0.067279860 0.030905604 -0.997255385 -64.106849670 -0.018111408 0.999317646 0.032191407 0.715864122 0.997569740 0.020227533 -0.066674203 0.058455143
-0.055476580 0.032534909 -0.997929811 -64.732360840 -0.020016151 0.999231935 0.033690095 0.724093080 0.998259306 0.021843726 -0.054782741 0.020332379
-0.040605985 0.034109730 -0.998592794 -65.335838318 -0.023165924 0.999116361 0.035069611 0.730606794 0.998906732 0.024557369 -0.039779916 -0.006118431
-0.022525104 0.035193313 -0.999126673 -65.928909302 -0.024161436 0.999069154 0.035736002 0.740856826 0.999454260 0.024945294 -0.021653822 -0.009455904
0.000043813 0.036432788 -0.999336123 -66.466270447 -0.025686877 0.999006391 0.036419634 0.743311346 0.999670029 0.025668224 0.000979614 -0.005057112
0.025787447 0.036870968 -0.998987257 -67.012161255 -0.025119225 0.999027967 0.036224052 0.749007344 0.999351799 0.024159659 0.026688550 0.021513550
0.055065237 0.036079273 -0.997830689 -67.538024902 -0.023856577 0.999109268 0.034808975 0.760723889 0.998197675 0.021888062 0.055876911 0.071163207
0.089267321 0.036213484 -0.995349228 -68.038497925 -0.022697976 0.999153256 0.034316231 0.764115334 0.995748997 0.019529093 0.090013698 0.137423068
0.126284391 0.036001619 -0.991340578 -68.512870789 -0.022229018 0.999193013 0.033455089 0.775200784 0.991744995 0.017811673 0.126982749 0.231887057
0.167927489 0.036165472 -0.985135734 -68.953330994 -0.022328280 0.999210060 0.032876041 0.776349187 0.985546350 0.016475601 0.168602318 0.313796252
0.213300481 0.037598602 -0.976262927 -69.376213074 -0.021705490 0.999194920 0.033739414 0.772668898 0.976745486 0.013993631 0.213944852 0.426554352
0.261929661 0.036459703 -0.964397967 -69.760940552 -0.017893052 0.999297798 0.032919381 0.768406987 0.964921057 0.008633461 0.262398094 0.552677512
0.311820984 0.031275578 -0.949625969 -70.173927307 -0.010268089 0.999510705 0.029546864 0.771681726 0.950085342 0.000537514 0.311989516 0.734698772
0.362325788 0.025790490 -0.931694567 -70.556365967 -0.004247014 0.999652386 0.026020035 0.772907376 0.932041824 -0.005470809 0.362309337 0.937070012
0.414497197 0.021220552 -0.909803152 -70.937385559 0.000562396 0.999721944 0.023574065 0.775866866 0.910050333 -0.010283054 0.414370000 1.155677676
0.465262830 0.020413300 -0.884937108 -71.303474426 0.000535119 0.999727368 0.023342568 0.785071313 0.885172427 -0.011333978 0.465124995 1.391855836
0.513175011 0.019410316 -0.858064473 -71.685958862 0.002037820 0.999713898 0.023833314 0.790320218 0.858281553 -0.013979242 0.512988567 1.657065749
0.560133994 0.015300197 -0.828260720 -72.023887634 0.008686854 0.999665916 0.024341239 0.793330491 0.828356385 -0.020829335 0.559814036 1.905162334
0.604135871 0.008580696 -0.796835184 -72.344841003 0.019270517 0.999492228 0.025373319 0.796575665 0.796648204 -0.030684358 0.603663862 2.208622217
0.646213830 0.003857465 -0.763146758 -72.653495789 0.020651426 0.999532640 0.022539442 0.796737850 0.762876928 -0.030325366 0.645832181 2.527882099
0.687327027 -0.001295326 -0.726347029 -72.958015442 0.018367384 0.999709606 0.015597847 0.800433278 0.726115882 -0.024061915 0.687151194 2.850398302
0.727634430 -0.007994029 -0.685918689 -73.234107971 0.014856614 0.999881208 0.004107060 0.804294169 0.685804307 -0.013178864 0.727666676 3.190568924
0.766823590 -0.008602300 -0.641800284 -73.471473694 0.008096454 0.999960244 -0.003729207 0.799291253 0.641806841 -0.002336663 0.766862810 3.518641472
0.803708613 -0.009523437 -0.594946861 -73.725402832 0.006893124 0.999953806 -0.006694606 0.796206772 0.594983160 0.001279471 0.803737223 3.916761637
0.837419271 -0.010854102 -0.546453238 -73.970329285 0.007395664 0.999936223 -0.008527970 0.792089283 0.546510994 0.003100103 0.837446272 4.351912975
0.867702723 -0.010090376 -0.496980965 -74.199699402 0.005269310 0.999924481 -0.011101871 0.789877415 0.497055441 0.007014378 0.867690444 4.807114601
0.893763661 -0.007905652 -0.448468506 -74.427658081 0.003852023 0.999943078 -0.009950317 0.774941921 0.448521674 0.007165722 0.893743157 5.285821915
0.914809167 -0.001896530 -0.403881967 -74.622268677 -0.001922161 0.999957204 -0.009049325 0.766567707 0.403881848 0.009054731 0.914766312 5.783150196
0.932100177 0.002455277 -0.362192333 -74.805824280 -0.006794548 0.999919593 -0.010707352 0.757898808 0.362136960 0.012441256 0.932041824 6.301124096
0.945381701 0.007446710 -0.325880170 -74.978202820 -0.011069650 0.999895751 -0.009264482 0.749276817 0.325777262 0.012365850 0.945365667 6.844305992
0.955280542 0.008549077 -0.295577288 -75.138839722 -0.011345911 0.999905586 -0.007748421 0.741029263 0.295483142 0.010755509 0.955287337 7.384350300
0.962384105 0.007883703 -0.271578074 -75.282684326 -0.010002438 0.999929368 -0.006418192 0.730858922 0.271508276 0.008893210 0.962395012 7.966960907
0.968147695 0.008198651 -0.250245452 -75.426414490 -0.009505566 0.999946654 -0.004014364 0.715854347 0.250199258 0.006265220 0.968174160 8.568098068
0.972736895 0.010650836 -0.231667206 -75.573860168 -0.011363506 0.999933839 -0.001742023 0.712456942 0.231633350 0.004327081 0.972793519 9.187639236
0.976268411 0.015654195 -0.215997711 -75.721878052 -0.016100153 0.999870300 -0.000305116 0.707953811 0.215964958 0.003775471 0.976393819 9.822362900
0.979076087 0.019812282 -0.202527627 -75.868156433 -0.019996019 0.999799371 0.001139020 0.695199668 0.202509552 0.002934559 0.979275882 10.473047256
0.981707811 0.017967062 -0.189543992 -75.988754272 -0.018160485 0.999834776 0.000716489 0.690249443 0.189525560 0.002738828 0.981871963 11.136821747
0.984273434 0.018295059 -0.175701886 -76.109268188 -0.018485179 0.999828994 0.000554687 0.679311991 0.175681993 0.002701917 0.984443247 11.817717552
0.986802936 0.018696075 -0.160842851 -76.218688965 -0.018769905 0.999823272 0.001060486 0.674395084 0.160834238 0.001972514 0.986979425 12.512701988
0.988907695 0.019717438 -0.147217125 -76.317398071 -0.019684033 0.999804974 0.001683878 0.666898131 0.147221580 0.001232627 0.989102721 13.229122162
0.990731239 0.020996219 -0.134204149 -76.425994873 -0.021358637 0.999771059 -0.001261205 0.652395844 0.134146959 0.004115933 0.990952909 13.957402229
0.992168784 0.021434806 -0.123051874 -76.513328552 -0.022370933 0.999730289 -0.006230808 0.637278914 0.122885145 0.008934800 0.992380679 14.682970047
0.993320704 0.020027930 -0.113634549 -76.596107483 -0.021599524 0.999687076 -0.012615797 0.627780616 0.113346338 0.014985984 0.993442535 15.425419807
0.994203687 0.019430693 -0.105742462 -76.676773071 -0.020915296 0.999697387 -0.012948916 0.618846118 0.105458878 0.015085496 0.994309247 16.186571121
0.994897246 0.021424722 -0.098592132 -76.756507874 -0.022210751 0.999729633 -0.006881729 0.602435350 0.098418050 0.009036418 0.995104074 16.949760437
0.995240450 0.026072884 -0.093897477 -76.847908020 -0.026056500 0.999659479 0.001400772 0.580066025 0.093902022 0.001052535 0.995580912 17.751325607
0.995642424 0.027071066 -0.089238316 -76.923873901 -0.026714051 0.999629676 0.005192824 0.565921128 0.089345828 -0.002786279 0.995996833 18.517601013
0.995995641 0.025553226 -0.085673489 -76.995330811 -0.025273975 0.999671161 0.004342758 0.553433359 0.085756272 -0.002160058 0.996313870 19.293573380
0.996214807 0.025365973 -0.083142817 -77.054527283 -0.025193505 0.999677658 0.003123024 0.544749796 0.083195239 -0.001016544 0.996532738 20.062795639
0.996492326 0.024230255 -0.080100261 -77.119316101 -0.023872364 0.999700308 0.005422806 0.533345640 0.080207653 -0.003491601 0.996772051 20.831178665
0.996741354 0.022405993 -0.077489600 -77.185310364 -0.021851620 0.999729395 0.007994764 0.522850454 0.077647753 -0.006275438 0.996961117 21.604396820
0.997010469 0.020065226 -0.074615993 -77.241806030 -0.019405946 0.999766111 0.009550238 0.515396237 0.074790172 -0.008073692 0.997166634 22.372325897
0.997218847 0.019628493 -0.071898438 -77.300895691 -0.019248480 0.999796808 0.005974552 0.503414631 0.072001107 -0.004573999 0.997394025 23.132575989
0.997292697 0.022466743 -0.070017591 -77.360671997 -0.022585215 0.999744534 -0.000900697 0.488768786 0.069979474 0.002479621 0.997545362 23.879707336
0.997379124 0.023544084 -0.068414487 -77.419776917 -0.024204481 0.999668002 -0.008839918 0.477272660 0.068183653 0.010472684 0.997617841 24.637353897
0.997473538 0.023958983 -0.066879138 -77.480606079 -0.024869852 0.999608457 -0.012820240 0.462851435 0.066545807 0.014451122 0.997678697 25.396488190
0.997591197 0.025517073 -0.064504400 -77.538269043 -0.026307773 0.999588490 -0.011438412 0.444200724 0.064185970 0.013107824 0.997851908 26.156858444
0.997632146 0.029230932 -0.062256481 -77.597503662 -0.029723968 0.999533534 -0.007007789 0.417960376 0.062022600 0.008841703 0.998035610 26.926782608
0.997714818 0.031942964 -0.059538748 -77.654052734 -0.032119140 0.999481976 -0.002004150 0.403240383 0.059443895 0.003911903 0.998224020 27.667829514
0.997932255 0.029550003 -0.057082366 -77.699066162 -0.029634975 0.999560475 -0.000642352 0.392890930 0.057038311 0.002332658 0.998369336 28.427375793
0.998082995 0.026829049 -0.055774055 -77.745513916 -0.026887538 0.999638438 -0.000298438 0.374418467 0.055745881 0.001797492 0.998443365 29.189273834
0.998219132 0.024609668 -0.054341670 -77.789642334 -0.024672167 0.999695480 -0.000479489 0.359980911 0.054313321 0.001819362 0.998522341 29.944059372
0.998245120 0.024966156 -0.053696778 -77.831054688 -0.025121428 0.999681890 -0.002218483 0.345391989 0.053624313 0.003563530 0.998554826 30.693033218
0.998343706 0.022867545 -0.052791890 -77.872726440 -0.023079226 0.999727905 -0.003403507 0.332652509 0.052699693 0.004616266 0.998599708 31.450925827
0.998406351 0.021523137 -0.052168064 -77.914062500 -0.021727454 0.999758363 -0.003352507 0.319732398 0.052083306 0.004480644 0.998632729 32.210861206
0.998360693 0.025738508 -0.051123001 -77.970123291 -0.025902210 0.999661148 -0.002542006 0.307017386 0.051040255 0.003862038 0.998689175 32.992797852
0.998369753 0.025335290 -0.051146690 -78.011222839 -0.025533909 0.999668717 -0.003233556 0.293970734 0.051047828 0.004534259 0.998685896 33.764049530
0.998284638 0.024844874 -0.053014539 -78.051834106 -0.025052883 0.999680758 -0.003262574 0.278888971 0.052916560 0.004585144 0.998588383 34.539405823
0.998252332 0.022465672 -0.054659262 -78.101371765 -0.022651773 0.999739468 -0.002787526 0.265771627 0.054582410 0.004020783 0.998501182 35.325244904
0.998043478 0.023994993 -0.057735413 -78.161125183 -0.024203243 0.999702811 -0.002910357 0.253512383 0.057648424 0.004302047 0.998327732 36.131252289
0.997777045 0.028242107 -0.060359165 -78.218841553 -0.028483605 0.999589264 -0.003144194 0.237911299 0.060245574 0.004856451 0.998171806 36.906726837
0.997602999 0.028678084 -0.062975153 -78.279403687 -0.029232815 0.999541342 -0.007904815 0.221897647 0.062719576 0.009726807 0.997983813 37.701908112
0.997440159 0.029077936 -0.065326743 -78.343162537 -0.029888978 0.999487340 -0.011472065 0.209276408 0.064959668 0.013395248 0.997798026 38.489440918
0.997321129 0.029090205 -0.067114428 -78.410186768 -0.030039601 0.999461770 -0.013180098 0.195763648 0.066694893 0.015160880 0.997658253 39.286670685
0.997177184 0.029505704 -0.069044203 -78.478080750 -0.030375568 0.999471426 -0.011582689 0.173859447 0.068665951 0.013647250 0.997546375 40.120418549
0.997048676 0.028041735 -0.071467407 -78.536262512 -0.028905170 0.999520779 -0.011075892 0.155840442 0.071122564 0.013108981 0.997381449 40.945518494
0.996981680 0.027561486 -0.072580218 -78.604713440 -0.028300313 0.999557376 -0.009170678 0.136249438 0.072295338 0.011197041 0.997320354 41.763526917
0.996890724 0.027080880 -0.073997743 -78.670097351 -0.027561145 0.999605060 -0.005476675 0.121741988 0.073820204 0.007499106 0.997243404 42.594696045
0.996822357 0.026712468 -0.075044461 -78.737289429 -0.026850326 0.999639094 -0.000828487 0.107405238 0.074995235 0.002840823 0.997179866 43.469135284
0.996893346 0.026385754 -0.074212864 -78.804718018 -0.026355004 0.999651670 0.001393795 0.092000984 0.074223787 0.000566415 0.997241497 44.321861267
0.996946216 0.029542437 -0.072288036 -78.872421265 -0.029517382 0.999563217 0.001415115 0.078914918 0.072298266 0.000722960 0.997382760 45.176380157
0.997080684 0.029141089 -0.070576183 -78.939117432 -0.029202355 0.999573648 0.000163724 0.069640718 0.070550837 0.001897745 0.997506380 46.041629791
0.997243941 0.026869742 -0.069155991 -78.997253418 -0.027085472 0.999630749 -0.002183485 0.056367446 0.069071770 0.004050589 0.997603476 46.902256012
0.997436881 0.022744849 -0.067841358 -79.050239563 -0.023034748 0.999728620 -0.003493845 0.038103122 0.067743458 0.005047598 0.997689962 47.773418427
0.997631550 0.021563167 -0.065316401 -79.119338989 -0.021862341 0.999753475 -0.003869035 0.026515676 0.065216869 0.005287841 0.997857034 48.647350311
0.997732222 0.019256867 -0.064494945 -79.175804138 -0.019375265 0.999811530 -0.001210799 0.008888743 0.064459473 0.002457660 0.997917235 49.523166656
0.997855544 0.017028278 -0.063201405 -79.237648010 -0.017006325 0.999854982 0.000885280 -0.000909727 0.063207313 0.000191443 0.998000324 50.398498535
0.997892678 0.016529819 -0.062745124 -79.289741516 -0.016472759 0.999863267 0.001426635 -0.020484474 0.062760115 -0.000390043 0.998028517 51.277164459
0.997956216 0.018506797 -0.061163500 -79.353454590 -0.018650321 0.999824464 -0.001776400 -0.039339829 0.061119895 0.002913488 0.998126209 52.150024414
0.997958660 0.020823997 -0.060373440 -79.416160583 -0.021287229 0.999748647 -0.007039729 -0.063705318 0.060211666 0.008310542 0.998151124 53.008434296
0.997969985 0.022745581 -0.059487052 -79.472953796 -0.023540534 0.999642253 -0.012696867 -0.081947960 0.059176978 0.014071450 0.998148382 53.869121552
0.997902811 0.027627405 -0.058539510 -79.536239624 -0.028749082 0.999417186 -0.018406095 -0.107524484 0.057996873 0.020050449 0.998115420 54.715141296
0.997953475 0.027756242 -0.057607472 -79.589546204 -0.028917950 0.999392867 -0.019431051 -0.135409489 0.057033174 0.021057172 0.998150229 55.566150665
0.998017788 0.024913743 -0.057791647 -79.637275696 -0.025756422 0.999571800 -0.013882427 -0.153198257 0.057421040 0.015343415 0.998232186 56.432453156
0.998029888 0.023900045 -0.058010381 -79.705886841 -0.024220493 0.999695122 -0.004827064 -0.179301709 0.057877325 0.006222595 0.998304248 57.300323486
0.998002827 0.022236994 -0.059127137 -79.759109497 -0.022065194 0.999750197 0.003557009 -0.205557033 0.059191473 -0.002245252 0.998244047 58.154277802
0.997906744 0.020497208 -0.061335213 -79.815315247 -0.020445507 0.999789894 0.001470467 -0.222095311 0.061352465 -0.000213358 0.998116136 58.993518829
0.997882426 0.015742458 -0.063111186 -79.873229980 -0.015904680 0.999871433 -0.002068844 -0.237612352 0.063070506 0.003068226 0.998004317 59.831127167
0.997709155 0.014220965 -0.066137753 -79.929069519 -0.014522634 0.999886274 -0.004082637 -0.254301935 0.066072159 0.005033779 0.997802198 60.667263031
0.997510493 0.016447155 -0.068573862 -79.998428345 -0.016911488 0.999837697 -0.006196216 -0.273645580 0.068460830 0.007340477 0.997626841 61.475406647
0.997256160 0.017952507 -0.071817644 -80.065742493 -0.018698992 0.999777853 -0.009735343 -0.292236924 0.071626909 0.011051550 0.997370303 62.295932770
0.996949852 0.018766604 -0.075755447 -80.135391235 -0.019795973 0.999721348 -0.012860031 -0.316473752 0.075493015 0.014320459 0.997043550 63.110752106
0.996663988 0.020877859 -0.078898050 -80.208831787 -0.022264667 0.999611914 -0.016738538 -0.342246413 0.078517973 0.018439338 0.996742249 63.923336029
0.996309876 0.025826802 -0.081851438 -80.299385071 -0.027291304 0.999485970 -0.016823996 -0.368769914 0.081374846 0.018995745 0.996502578 64.726799011
0.995909929 0.029468045 -0.085411049 -80.379112244 -0.030865781 0.999409676 -0.015090449 -0.390642256 0.084915929 0.017665006 0.996231496 65.532623291
0.995489299 0.032243822 -0.089226343 -80.462829590 -0.033188906 0.999407470 -0.009128299 -0.413681895 0.088879138 0.012048448 0.995969534 66.332489014
0.995109439 0.032435276 -0.093302526 -80.545227051 -0.032898083 0.999452829 -0.003426075 -0.436162502 0.093140334 0.006478792 0.995631993 67.148361206
0.994649649 0.032266319 -0.098137639 -80.629127502 -0.032396022 0.999475062 0.000271980 -0.455217987 0.098094895 0.002908744 0.995172858 67.940887451
0.994005382 0.031838350 -0.104592860 -80.717773438 -0.031884726 0.999490857 0.001229064 -0.467247874 0.104578719 0.002113218 0.994514465 68.731010437
0.993471146 0.029264154 -0.110266745 -80.811264038 -0.028862914 0.999569654 0.005233575 -0.481660128 0.110372454 -0.002016787 0.993888319 69.513305664
0.992679417 0.031082315 -0.116710387 -80.906616211 -0.030767703 0.999516428 0.004496737 -0.490518212 0.116793729 -0.000872907 0.993155777 70.289573669
0.991805613 0.035775118 -0.122645088 -81.015762329 -0.035580758 0.999359608 0.003775275 -0.502627611 0.122701615 0.000619466 0.992443383 71.061241150
0.991017580 0.038045052 -0.128205627 -81.132789612 -0.038336616 0.999264836 0.000193604 -0.514618814 0.128118753 0.004723106 0.991747558 71.822952271
0.990225434 0.036997173 -0.134478912 -81.240631104 -0.037702650 0.999285340 -0.002702228 -0.524079442 0.134282857 0.007746029 0.990912735 72.577377319
0.989423156 0.038332760 -0.139900982 -81.356666565 -0.039226025 0.999223769 -0.003632127 -0.540729582 0.139653176 0.009081472 0.990158796 73.343872070
0.988700092 0.040319901 -0.144382343 -81.477455139 -0.040542718 0.999176741 0.001399881 -0.549674928 0.144319952 0.004469592 0.989520967 74.111480713
0.987805128 0.040712394 -0.150278106 -81.604393005 -0.040334858 0.999170721 0.005560672 -0.561404049 0.150379881 0.000568588 0.988628089 74.875572205
0.986848116 0.040301137 -0.156546220 -81.730499268 -0.039530568 0.999185979 0.008033889 -0.580112934 0.156742588 -0.001739868 0.987637937 75.635322571
0.985801041 0.038114700 -0.163534656 -81.863143921 -0.037919410 0.999271452 0.004316772 -0.588941395 0.163580075 0.001945659 0.986528039 76.382545471
0.984418988 0.035690490 -0.172178119 -81.999519348 -0.036730547 0.999321043 -0.002857437 -0.595437467 0.171959221 0.009137111 0.985061646 77.123497009
0.982857108 0.032992307 -0.181393221 -82.142242432 -0.034376465 0.999398768 -0.004491237 -0.606775045 0.181136027 0.010649902 0.983400404 77.867980957
0.980821967 0.032850116 -0.192117274 -82.290390015 -0.033768300 0.999428511 -0.001506097 -0.622775733 0.191958010 0.007964687 0.981370807 78.602844238
0.978554785 0.032804262 -0.203357786 -82.453353882 -0.032583199 0.999459147 0.004435924 -0.628366113 0.203393340 0.002285253 0.979094446 79.341918945
0.976146698 0.033795293 -0.214465484 -82.626731873 -0.031825513 0.999413610 0.012631903 -0.641596437 0.214766636 -0.005505117 0.976649880 80.064842224
0.973594248 0.034496699 -0.225663796 -82.805953979 -0.031670514 0.999368131 0.016133144 -0.649573982 0.226077750 -0.008560248 0.974071681 80.790504456
0.970745921 0.037762944 -0.237120867 -82.998283386 -0.035899069 0.999281228 0.012174925 -0.661029220 0.237410232 -0.003306341 0.971403897 81.506317139
0.967795372 0.037429247 -0.248940110 -83.198570251 -0.037900418 0.999277353 0.002901690 -0.666299462 0.248868823 0.006626692 0.968514562 82.206443787
0.964593053 0.035081945 -0.261399060 -83.400772095 -0.036908109 0.999316454 -0.002078584 -0.666211247 0.261147499 0.011652733 0.965228617 82.917480469
0.961252511 0.033759445 -0.273594528 -83.605590820 -0.034186929 0.999410331 0.003206468 -0.672017276 0.273541451 0.006271131 0.961839795 83.647087097
0.957950532 0.034912258 -0.284801930 -83.830123901 -0.033309359 0.999390185 0.010471351 -0.677428901 0.284993887 -0.000544466 0.958529174 84.370239258
0.954329967 0.034855492 -0.296714604 -84.062133789 -0.031525735 0.999374926 0.016001085 -0.683184087 0.297086865 -0.005916169 0.954832137 85.082832336
0.950299799 0.032407235 -0.309645206 -84.299270630 -0.029479301 0.999465585 0.014131468 -0.684895694 0.309937686 -0.004301006 0.950747132 85.795310974
0.946697950 0.030997774 -0.320627570 -84.554649353 -0.029335851 0.999519467 0.010013757 -0.691191912 0.320783913 -0.000074122 0.947152495 86.493278503
0.943663239 0.026263790 -0.329863161 -84.801383972 -0.026673397 0.999638796 0.003284997 -0.699348509 0.329830259 0.005698639 0.944023013 87.186386108
0.940899611 0.022245519 -0.337954074 -85.055694580 -0.024558024 0.999695122 -0.002568101 -0.705602705 0.337793916 0.010715809 0.941159070 87.891403198
0.938364804 0.021741204 -0.344961852 -85.325317383 -0.024919275 0.999678075 -0.004780720 -0.712271869 0.344746858 0.013082258 0.938604474 88.595199585
0.935359657 0.027288491 -0.352643758 -85.612243652 -0.030779609 0.999516964 -0.004295262 -0.731381536 0.352356195 0.014871852 0.935747743 89.304458618
0.932337165 0.027249286 -0.360561848 -85.883453369 -0.029929966 0.999550283 -0.001852085 -0.746580303 0.360349119 0.012518372 0.932733476 89.997886658
0.929288626 0.027573772 -0.368323684 -86.168212891 -0.027806139 0.999602377 0.004677628 -0.749397576 0.368306130 0.005894790 0.929685831 90.705490112
0.926496029 0.029719600 -0.375128895 -86.455673218 -0.026758052 0.999556005 0.013102630 -0.758008182 0.375351697 -0.002101818 0.926880062 91.416374207
0.923973143 0.039711334 -0.380390048 -86.775817871 -0.034720950 0.999197483 0.019974852 -0.766766727 0.380877942 -0.005248725 0.924610436 92.114250183
0.921249747 0.046205994 -0.386217445 -87.084991455 -0.043006163 0.998931408 0.016926199 -0.764522612 0.386586815 0.001016476 0.922252417 92.806938171
0.918938756 0.042648148 -0.392087489 -87.385848999 -0.042331006 0.999058843 0.009458102 -0.764439821 0.392121822 0.007906039 0.919879258 93.495185852
0.917102039 0.035237364 -0.397092044 -87.686279297 -0.037440535 0.999296486 0.002205472 -0.770444930 0.396890372 0.012844695 0.917776108 94.186050415
0.915183306 0.035573784 -0.401464701 -87.991302490 -0.038210467 0.999268651 0.001440180 -0.771906435 0.401222348 0.014022125 0.915873349 94.885299683
0.913280129 0.042024210 -0.405158281 -88.338188171 -0.043070782 0.999050677 0.006537253 -0.779945433 0.405048370 0.011480141 0.914223135 95.583686829
0.910845339 0.044466995 -0.410345525 -88.659164429 -0.043814626 0.998979151 0.010998679 -0.788227737 0.410415709 0.007961041 0.911863804 96.285469055
0.908704340 0.040584583 -0.415462762 -88.979652405 -0.040489521 0.999139130 0.009042045 -0.797414482 0.415472031 0.008605347 0.909565270 96.983695984
0.906523705 0.039154261 -0.420335293 -89.312347412 -0.041729122 0.999124289 0.003072639 -0.809141994 0.420087516 0.014754805 0.907363653 97.669906616
0.904406130 0.036548145 -0.425104439 -89.653411865 -0.042058386 0.999108732 -0.003580973 -0.813472986 0.424594671 0.021117860 0.905137241 98.368652344
