1.000000000 0.000000000 0.000000000 0.000000000 0.000000000 1.000000000 0.000000000 0.000000000 0.000000000 0.000000000 1.000000000 0.000000000
0.999995649 0.002941640 0.000151327 -0.005911354 -0.002941847 0.999994695 0.001380513 -0.012899364 -0.000147265 -0.001380952 0.999999046 0.772509694
0.999984503 0.005529945 0.000639698 -0.013576072 -0.005531129 0.999982953 0.001865526 -0.029295325 -0.000629371 -0.001869035 0.999998033 1.538602829
0.999976456 0.006758944 0.001143595 -0.021327058 -0.006760960 0.999975562 0.001769495 -0.047885772 -0.001131607 -0.001777185 0.999997795 2.274384737
0.999962151 0.008649450 0.001003469 -0.024479238 -0.008650895 0.999961615 0.001445888 -0.061352309 -0.000990925 -0.001454514 0.999998450 3.001519918
0.999957979 0.008992999 0.001746821 -0.034668513 -0.008995100 0.999958813 0.001198811 -0.074773520 -0.001735968 -0.001214474 0.999997675 3.715719938
0.999956608 0.009132952 0.001847647 -0.030619992 -0.009136727 0.999956250 0.002045575 -0.086320810 -0.001828884 -0.002062367 0.999996126 4.410240650
0.999945581 0.010001091 0.002957950 -0.047708936 -0.010015941 0.999937057 0.005049361 -0.102796659 -0.002907265 -0.005078713 0.999982893 5.084606647
0.999942780 0.009835647 0.004203280 -0.039735146 -0.009872414 0.999912322 0.008817490 -0.107546948 -0.004116186 -0.008858483 0.999952316 5.750453472
0.999943733 0.009099863 0.005456549 -0.037863169 -0.009167498 0.999879777 0.012501071 -0.119695649 -0.005342135 -0.012550392 0.999907017 6.377551556
0.999942541 0.008335031 0.006729596 -0.040462073 -0.008432884 0.999857187 0.014645672 -0.127841711 -0.006606563 -0.014701582 0.999870121 6.981579781
0.999931693 0.009012774 0.007442467 -0.023639495 -0.009120424 0.999852419 0.014559486 -0.136873722 -0.007310148 -0.014626370 0.999866307 7.568751812
0.999919772 0.009508490 0.008369653 -0.020534782 -0.009609882 0.999879897 0.012158718 -0.147999719 -0.008253038 -0.012238175 0.999891102 8.120793343
0.999912500 0.009457583 0.009250428 -0.018313119 -0.009540849 0.999913990 0.008999160 -0.148925528 -0.009164522 -0.009086630 0.999916732 8.653706551
0.999909461 0.008109236 0.010733854 -0.007898314 -0.008191624 0.999937117 0.007653832 -0.157944664 -0.010671113 -0.007741065 0.999913156 9.149095535
0.999909043 0.004174189 0.012824805 -0.006527967 -0.004241671 0.999977291 0.005239251 -0.162390456 -0.012802644 -0.005293173 0.999904037 9.611298561
0.999889553 0.002122946 0.014704765 0.006194215 -0.002184435 0.999988914 0.004166720 -0.168630794 -0.014695756 -0.004198381 0.999883115 10.056676865
0.999844611 0.006506621 0.016380861 0.014366121 -0.006543389 0.999976099 0.002191959 -0.179667741 -0.016366206 -0.002298805 0.999863446 10.472738266
0.999750376 0.010846143 0.019535223 0.014263425 -0.010876178 0.999939859 0.001431935 -0.186767370 -0.019518515 -0.001644047 0.999808073 10.859079361
0.999676824 0.011125180 0.022859327 0.020355018 -0.011189585 0.999933839 0.002691422 -0.198636621 -0.022827873 -0.002946338 0.999735057 11.202374458
0.999640465 0.006953075 0.025897872 0.033996806 -0.007040652 0.999969780 0.003292028 -0.204341859 -0.025874197 -0.003473182 0.999659121 11.520706177
0.999584675 0.002642252 0.028696539 0.049876574 -0.002719572 0.999992728 0.002655709 -0.203472570 -0.028689314 -0.002732648 0.999584615 11.805676460
0.999519825 -0.000817971 0.030974742 0.065954350 0.000690545 0.999991238 0.004124336 -0.209934384 -0.030977843 -0.004100966 0.999511659 12.063917160
0.999442518 -0.001119731 0.033365332 0.076679356 0.000948765 0.999986291 0.005139442 -0.214840919 -0.033370625 -0.005104921 0.999430001 12.294981956
0.999359608 -0.000588828 0.035777479 0.078926936 0.000439150 0.999991119 0.004191290 -0.220353454 -0.035779629 -0.004172894 0.999351025 12.500394821
0.999304414 0.000197941 0.037290562 0.100782670 -0.000310418 0.999995410 0.003010477 -0.229157090 -0.037289795 -0.003019958 0.999300003 12.695658684
0.999178171 0.002676457 0.040447216 0.096054472 -0.002763275 0.999993980 0.002090698 -0.232948810 -0.040441379 -0.002200746 0.999179482 12.853631020
0.999099970 0.005457756 0.042064220 0.100004859 -0.005525156 0.999983668 0.001486245 -0.239803359 -0.042055417 -0.001717319 0.999113798 13.022608757
0.999032736 0.007005065 0.043409180 0.105792023 -0.007010064 0.999975443 -0.000037068 -0.245709896 -0.043408372 -0.000267269 0.999057412 13.179307938
0.998954356 0.005843313 0.045342527 0.115795530 -0.005783997 0.999982238 -0.001439249 -0.255468756 -0.045350134 0.001175483 0.998970449 13.329060555
0.998887360 0.004675985 0.046926808 0.123309165 -0.004541408 0.999985278 -0.002973993 -0.255805582 -0.046940014 0.002757571 0.998893917 13.472934723
0.998830616 0.003786903 0.048198335 0.131325766 -0.003600633 0.999985635 -0.003950883 -0.258836895 -0.048212603 0.003772719 0.998830020 13.611112595
0.998754144 0.004732417 0.049674295 0.138340935 -0.004465184 0.999974966 -0.005489287 -0.261061102 -0.049699027 0.005260643 0.998750448 13.746071815
0.998690188 0.005187173 0.050899766 0.144577712 -0.004826433 0.999962389 -0.007207606 -0.267955571 -0.050935235 0.006952502 0.998677790 13.866442680
0.998644471 0.005398745 0.051768105 0.153819039 -0.004899982 0.999940395 -0.009756626 -0.267505646 -0.051817697 0.009489739 0.998611510 13.994076729
0.998606563 0.004757858 0.052557338 0.160078377 -0.004137108 0.999920428 -0.011913399 -0.272656918 -0.052609846 0.011679363 0.998546898 14.117780685
0.998633087 0.003823089 0.052125975 0.165422872 -0.003121970 0.999903619 -0.013525284 -0.279183775 -0.052172668 0.013344062 0.998548925 14.246320724
0.998742521 0.003245424 0.050027214 0.171505690 -0.002502557 0.999885798 -0.014904759 -0.281646341 -0.050069872 0.014760823 0.998636603 14.368684769
0.998891532 0.003612256 0.046929713 0.177677870 -0.002876878 0.999872208 -0.015727850 -0.285884559 -0.046980526 0.015575407 0.998774350 14.499741554
0.999060631 0.004175827 0.043133102 0.171766505 -0.003438775 0.999846995 -0.017147917 -0.284909189 -0.043198112 0.016983483 0.998922169 14.622076035
0.999287963 0.004035724 0.037509728 0.168768957 -0.003351951 0.999827445 -0.018274266 -0.288677424 -0.037577007 0.018135527 0.999129117 14.744809151
0.999527752 0.003908179 0.030480023 0.172131047 -0.003337761 0.999818861 -0.018742923 -0.294766754 -0.030547753 0.018632339 0.999359608 14.862916946
0.999722600 0.004246020 0.023164665 0.169168755 -0.003791076 0.999799788 -0.019648241 -0.294947028 -0.023243453 0.019554975 0.999538541 14.986447334
0.999884248 0.003548109 0.014793725 0.166751966 -0.003246021 0.999786735 -0.020394273 -0.299703836 -0.014862935 0.020343896 0.999682546 15.121598244
0.999983251 0.002696484 0.005114549 0.151520506 -0.002585448 0.999763489 -0.021593468 -0.302818865 -0.005171567 0.021579882 0.999753714 15.253262520
0.999966919 0.001266765 -0.008040611 0.145886987 -0.001453574 0.999728143 -0.023270061 -0.304154932 0.008008946 0.023280980 0.999696851 15.403218269
0.999709964 0.000407013 -0.024081463 0.123280935 -0.001015338 0.999680519 -0.025254291 -0.307434857 0.024063492 0.025271419 0.999390960 15.555068970
0.999060273 0.000950250 -0.043332111 0.096055269 -0.002093711 0.999650598 -0.026350548 -0.309435040 0.043291930 0.026416510 0.998713136 15.735409737
0.997881234 0.002196984 -0.065025911 0.059743531 -0.003893581 0.999654949 -0.025975877 -0.314154625 0.064946398 0.026174024 0.997545421 15.919335365
0.996058941 0.002641005 -0.088653669 0.020660449 -0.004812209 0.999693453 -0.024286080 -0.323913038 0.088562369 0.024616987 0.995766461 16.116216660
0.993326008 0.003261743 -0.115294375 -0.024077559 -0.005950552 0.999718070 -0.022984767 -0.329079002 0.115186922 0.023517435 0.993065417 16.326564789
0.989381015 0.004311099 -0.145281345 -0.091251075 -0.007385995 0.999759853 -0.020632377 -0.338301092 0.145157516 0.021486329 0.989175200 16.548673630
0.983928144 0.004400074 -0.178510204 -0.164009973 -0.007620783 0.999820292 -0.017360469 -0.341066033 0.178401753 0.018441843 0.983784914 16.803638458
0.976572275 0.005554480 -0.215117842 -0.254066080 -0.008615233 0.999874592 -0.013293254 -0.348778814 0.215017021 0.014835116 0.976497591 17.048450470
0.966940939 0.007034206 -0.254903167 -0.354778230 -0.009405300 0.999922991 -0.008084262 -0.351657867 0.254826725 0.010214445 0.966932833 17.308511734
0.955147624 0.010806614 -0.295932829 -0.487541527 -0.012301577 0.999919236 -0.003190189 -0.355791062 0.295874447 0.006687542 0.955203414 17.578744888
0.940986693 0.014237041 -0.338143915 -0.627170265 -0.014785171 0.999890208 0.000954706 -0.356523991 0.338120401 0.004101150 0.941093922 17.853330612
0.924211562 0.016626537 -0.381518602 -0.771696627 -0.015151910 0.999861598 0.006869030 -0.361550808 0.381579936 -0.000567702 0.924335659 18.122495651
0.904798508 0.020262405 -0.425357431 -0.934318483 -0.015478189 0.999772072 0.014700920 -0.368193686 0.425558388 -0.006717606 0.904905975 18.403341293
0.883091927 0.024464410 -0.468561918 -1.115550160 -0.016480153 0.999640882 0.021133030 -0.366297930 0.468910575 -0.010940433 0.883177876 18.668756485
0.858454108 0.030305335 -0.511994183 -1.331025600 -0.019776363 0.999466240 0.026000412 -0.371044099 0.512508988 -0.012194777 0.858595252 18.945365906
0.830406904 0.033634983 -0.556141257 -1.556151748 -0.020689549 0.999349236 0.029547077 -0.370335221 0.556773245 -0.013029783 0.830562294 19.217861176
0.799532831 0.037351001 -0.599459827 -1.802783728 -0.023105305 0.999238431 0.031443477 -0.366107643 0.600177824 -0.011289391 0.799786866 19.479257584
0.765162110 0.040432137 -0.642566800 -2.072365046 -0.023758480 0.999119639 0.034576088 -0.359293550 0.643399179 -0.011189900 0.765449107 19.760055542
0.728395939 0.044392448 -0.683716774 -2.390012026 -0.025023656 0.998956680 0.038201500 -0.342650950 0.684699237 -0.010716725 0.728746951 20.041053772
0.689655483 0.044232920 -0.722785413 -2.715768337 -0.021790523 0.998948216 0.040341780 -0.319421113 0.723809659 -0.012072057 0.689894080 20.298377991
0.648444891 0.044042088 -0.759986520 -3.065058708 -0.019225400 0.998953998 0.041486811 -0.304892331 0.761018693 -0.012290868 0.648613453 20.558923721
0.606118739 0.042940136 -0.794214249 -3.446768761 -0.013501975 0.998953223 0.043705326 -0.294919163 0.795259535 -0.015767153 0.606064141 20.803386688
0.560642540 0.042886678 -0.826946616 -3.858967304 -0.008776845 0.998909533 0.045854520 -0.276753813 0.828011394 -0.018450014 0.560407639 21.061500549
0.514348149 0.044417214 -0.856430471 -4.284905434 -0.006508694 0.998831213 0.047893625 -0.258096099 0.857556820 -0.019059757 0.514036000 21.272472382
0.464188099 0.043930903 -0.884646595 -4.740809917 -0.005213370 0.998887479 0.046868484 -0.235415876 0.885721326 -0.017143805 0.463900715 21.471567154
0.412448823 0.043144275 -0.909958482 -5.227286339 0.000575913 0.998865247 0.047620688 -0.219920784 0.910980582 -0.020165160 0.411956042 21.653747559
0.357992768 0.042092141 -0.932775021 -5.735423565 0.005514011 0.998870671 0.047190983 -0.195599258 0.933708072 -0.022037363 0.357356429 21.830904007
0.304706931 0.040902726 -0.951567471 -6.244506359 0.007704350 0.998938918 0.045406021 -0.169478208 0.952414989 -0.021166738 0.304068476 21.956432343
0.251164556 0.046498712 -0.966826916 -6.800264835 0.008455288 0.998702049 0.050228253 -0.138125449 0.967907488 -0.020790357 0.250445396 22.063484192
0.199759185 0.052058622 -0.978461146 -7.400779724 0.011327244 0.998398185 0.055431895 -0.115062982 0.979779482 -0.022156296 0.198849514 22.156299591
0.151676878 0.053002380 -0.987008035 -7.987945080 0.016753159 0.998279989 0.056182198 -0.085981429 0.988288164 -0.025057040 0.150528029 22.224107742
0.107292488 0.054522708 -0.992731392 -8.604218483 0.019378196 0.998190939 0.056916915 -0.065329760 0.994038641 -0.025344098 0.106041826 22.264797211
0.067232966 0.052754447 -0.996341646 -9.239228249 0.019008705 0.998352230 0.054143608 -0.035627469 0.997556269 -0.022579400 0.066119373 22.273855209
0.031439681 0.048360333 -0.998335004 -9.866570473 0.016771985 0.998662651 0.048904389 -0.003115169 0.999364913 -0.018281596 0.030586537 22.271408081
0.003303319 0.048169184 -0.998833716 -10.541244507 0.014243746 0.998735547 0.048211560 0.034210708 0.999893069 -0.014386392 0.002613035 22.244739532
-0.017745728 0.052410185 -0.998467922 -11.245677948 0.013358776 0.998548508 0.052176986 0.064008951 0.999753237 -0.012412393 -0.018420106 22.214166641
-0.030985661 0.058455154 -0.997809052 -11.970303535 0.014877787 0.998204768 0.058016326 0.095529594 0.999409080 -0.013047514 -0.031799719 22.194208145
-0.038830649 0.060972370 -0.997383893 -12.711461067 0.014183888 0.998069704 0.060462087 0.130363822 0.999145210 -0.011798999 -0.039620519 22.154563904
-0.042679854 0.058227751 -0.997390568 -13.479560852 0.015480130 0.998218894 0.057613697 0.165216610 0.998968780 -0.012980795 -0.043505207 22.115751266
-0.041720923 0.054178789 -0.997659266 -14.258222580 0.022668904 0.998322964 0.053266849 0.203784078 0.998872042 -0.020393498 -0.042879127 22.087102890
-0.037564375 0.052810710 -0.997897744 -15.066763878 0.034839120 0.998064697 0.051508084 0.247604832 0.998686731 -0.032831009 -0.039331552 22.074659348
-0.032016050 0.052844431 -0.998089314 -15.893664360 0.035166353 0.998042643 0.051713906 0.287331492 0.998868525 -0.033443488 -0.033811726 22.051086426
-0.026754213 0.051800117 -0.998299062 -16.749486923 0.033434633 0.998144031 0.050896045 0.313630641 0.999082744 -0.032016076 -0.028436482 22.020015717
-0.024009489 0.045266904 -0.998686314 -17.608312607 0.037299793 0.998319328 0.044353537 0.351699829 0.999015629 -0.036185894 -0.025657581 22.012580872
-0.021580458 0.034312643 -0.999178052 -18.509511948 0.034813873 0.998830557 0.033548798 0.391346186 0.999160767 -0.034061272 -0.022749778 21.987962723
-0.021016985 0.026190400 -0.999435961 -19.410503387 0.027177064 0.999302447 0.025615402 0.414525032 0.999409676 -0.026623385 -0.021714101 21.950050354
-0.022171151 0.023273768 -0.999483287 -20.328250885 0.021527277 0.999508321 0.022796830 0.438970983 0.999522448 -0.021010723 -0.022661271 21.914039612
-0.025719181 0.029507669 -0.999233603 -21.290805817 0.012210459 0.999498963 0.029201224 0.456446290 0.999594629 -0.011450072 -0.026066592 21.876289368
-0.030927006 0.037763715 -0.998807967 -22.256921768 0.007731277 0.999265194 0.037541609 0.480730504 0.999491692 -0.006561012 -0.031196238 21.831977844
-0.035001755 0.047256194 -0.998269320 -23.228776932 0.006076606 0.998873055 0.047071714 0.514712214 0.999368727 -0.004418498 -0.035249460 21.779008865
-0.037130270 0.057031255 -0.997681677 -24.270193100 0.004764306 0.998369038 0.056893222 0.558075011 0.999299049 -0.002640800 -0.037341423 21.748170853
-0.038163640 0.064915590 -0.997160733 -25.289644241 0.006766539 0.997881711 0.064703546 0.603546679 0.999248624 -0.004278004 -0.038522054 21.708280563
-0.039616600 0.065537333 -0.997063339 -26.318504333 0.007726390 0.997837067 0.065281190 0.658779681 0.999185085 -0.005117482 -0.040037274 21.664743423
-0.041237894 0.062902883 -0.997167468 -27.326267242 0.006326710 0.998012722 0.062694564 0.707885146 0.999129355 -0.003723398 -0.041553911 21.615310669
-0.043864120 0.057928752 -0.997356653 -28.343719482 0.005838012 0.998315334 0.057727672 0.756168962 0.999020457 -0.003290407 -0.044128407 21.561725616
-0.048466265 0.052699514 -0.997433662 -29.374059677 0.005999373 0.998604536 0.052469861 0.801297903 0.998806834 -0.003440958 -0.048714790 21.506076813
-0.054101862 0.048307184 -0.997366190 -30.402393341 0.006525892 0.998824894 0.048023842 0.838914335 0.998514056 -0.003910526 -0.054353531 21.446601868
-0.060871132 0.046346340 -0.997069001 -31.425168991 0.005562257 0.998921692 0.046092883 0.878734708 0.998130143 -0.002740229 -0.061063278 21.369447708
-0.067666665 0.049005546 -0.996503711 -32.446910858 0.006423201 0.998793721 0.048682000 0.916710913 0.997687280 -0.003106596 -0.067899808 21.294778824
-0.073724620 0.053718526 -0.995830834 -33.536994934 0.004388677 0.998556018 0.053540628 0.957947731 0.997268975 -0.000423118 -0.073853917 21.201293945
-0.080000348 0.056604862 -0.995186329 -34.595737457 0.001355687 0.998391569 0.056678195 1.000454664 0.996793926 0.003185114 -0.079948410 21.106655121
-0.084730327 0.058688518 -0.994673967 -35.662754059 -0.001703967 0.998253882 0.059044886 1.052547574 0.996402502 0.006697785 -0.084482372 21.005424500
-0.087251320 0.060002379 -0.994377613 -36.742080688 -0.006235255 0.998131871 0.060776029 1.102059841 0.996166825 0.011502987 -0.086714193 20.902580261
-0.088990077 0.060935371 -0.994166791 -37.816204071 -0.010337356 0.998016596 0.062096655 1.158012986 0.995978892 0.015803045 -0.088183664 20.794918060
-0.090196729 0.061016720 -0.994053066 -38.893890381 -0.011391895 0.997992933 0.062292214 1.198036909 0.995858729 0.016942704 -0.089320607 20.681322098
-0.091688529 0.060341779 -0.993957758 -39.972324371 -0.012018781 0.998022497 0.061697226 1.247919202 0.995715141 0.017603090 -0.090781994 20.575172424
-0.092831984 0.059407242 -0.993907928 -41.057792664 -0.012671807 0.998067141 0.060839403 1.302731514 0.995601177 0.018242450 -0.091899753 20.473434448
-0.093592048 0.058525082 -0.993888974 -42.149158478 -0.015174326 0.998070955 0.060200270 1.355896592 0.995495021 0.020715859 -0.092523426 20.356548309
-0.094325051 0.055883583 -0.993971705 -43.219238281 -0.019659506 0.998123944 0.057982665 1.402852058 0.995347321 0.025010210 -0.093049452 20.245992661
-0.094824836 0.051309567 -0.994170785 -44.298793793 -0.024515595 0.998247564 0.053858291 1.441056252 0.995192051 0.029479790 -0.093400784 20.139228821
-0.093682446 0.050699681 -0.994310379 -45.402301788 -0.026487814 0.998222113 0.053394780 1.492606759 0.995249689 0.031339258 -0.092172973 20.021087646
-0.091927819 0.055088643 -0.994240701 -46.511157990 -0.027268006 0.997954845 0.057815634 1.534151673 0.995392263 0.032425825 -0.090237655 19.911542892
-0.090317763 0.058018856 -0.994221509 -47.637641907 -0.027177438 0.997786283 0.060695753 1.583625436 0.995542109 0.032502301 -0.088541001 19.811939240
-0.088844463 0.057621960 -0.994377375 -48.743602753 -0.025095064 0.997878909 0.060067024 1.638343096 0.995729327 0.030290591 -0.087209977 19.708969116
-0.085466824 0.056775082 -0.994722068 -49.853340149 -0.025180638 0.997933209 0.059121888 1.690641999 0.996022761 0.030100696 -0.083860531 19.600124359
-0.082168952 0.057012003 -0.994986355 -50.995029449 -0.029508654 0.997785509 0.059609313 1.748197675 0.996181428 0.034258738 -0.080304638 19.503253937
-0.076112643 0.057774406 -0.995423973 -52.124366760 -0.034605697 0.997565329 0.060544733 1.804350734 0.996498525 0.039055560 -0.073928021 19.399177551
-0.070155241 0.057462659 -0.995879650 -53.250801086 -0.038215086 0.997451663 0.060245454 1.855451465 0.996803820 0.042284146 -0.067780532 19.305850983
-0.064414747 0.056399412 -0.996328175 -54.384857178 -0.040037781 0.997451663 0.059051543 1.914359331 0.997119725 0.043694556 -0.061992489 19.221103668
-0.058847707 0.055207297 -0.996739268 -55.517250061 -0.039982527 0.997538209 0.057612121 1.972845197 0.997465968 0.043242499 -0.056495499 19.152294159
-0.053152636 0.054884076 -0.997076988 -56.666648865 -0.038457222 0.997635186 0.056964893 2.026335955 0.997845590 0.041372642 -0.050916255 19.080307007
-0.047670327 0.055738822 -0.997306705 -57.801704407 -0.037162907 0.997651696 0.057534441 2.074196339 0.998171568 0.039805513 -0.045486964 19.022130966
-0.041776814 0.057428554 -0.997475088 -58.971191406 -0.036303367 0.997600257 0.058956236 2.122998714 0.998467207 0.038674705 -0.039591707 18.971101761
-0.036234964 0.058580112 -0.997624874 -60.125572205 -0.036761425 0.997526705 0.059909564 2.176914215 0.998666942 0.038844932 -0.033991851 18.927085876
-0.031116528 0.057773195 -0.997844636 -61.293994904 -0.036556594 0.997594476 0.058898672 2.228419304 0.998847008 0.038310532 -0.028929681 18.889677048
-0.026802190 0.053496778 -0.998208284 -62.445755005 -0.036353875 0.997854292 0.054453928 2.271536589 0.998979509 0.037748221 -0.024799863 18.861751556
-0.022592049 0.048133679 -0.998585403 -63.597427368 -0.036237735 0.998144567 0.048932277 2.316784382 0.999087870 0.037291951 -0.020805873 18.836860657
-0.018100191 0.047774117 -0.998694181 -64.777549744 -0.035830215 0.998185217 0.048399154 2.358080149 0.999194086 0.036659453 -0.016355585 18.795164108
-0.015693871 0.050607707 -0.998595297 -65.956268311 -0.035149150 0.998073101 0.051133644 2.389849901 0.999258816 0.035902254 -0.013884813 18.790802002
-0.013294789 0.050392747 -0.998640954 -67.122726440 -0.035700832 0.998068631 0.050839141 2.433371067 0.999274075 0.036328204 -0.011470048 18.765359879
-0.012822556 0.050086908 -0.998662472 -68.284271240 -0.037612136 0.998013735 0.050537288 2.479370832 0.999210119 0.038209848 -0.010913210 18.751411438
-0.011799455 0.051058762 -0.998625934 -69.470710754 -0.038261265 0.997941017 0.051475827 2.518123865 0.999198079 0.038816076 -0.009821587 18.725477219
-0.010431961 0.050557032 -0.998666704 -70.649070740 -0.038962234 0.997941971 0.050927341 2.561529398 0.999186218 0.039441552 -0.008440678 18.704595566
-0.009534985 0.048907448 -0.998757839 -71.817474365 -0.039188996 0.998017490 0.049245335 2.598878622 0.999186277 0.039609864 -0.007599449 18.686599731
-0.009006045 0.047695197 -0.998821318 -73.019378662 -0.037424628 0.998145938 0.048000395 2.639470577 0.999258816 0.037812810 -0.007204373 18.675868988
-0.008091967 0.046987779 -0.998862684 -74.206504822 -0.034512240 0.998287201 0.047240298 2.685293198 0.999371588 0.034855254 -0.006456452 18.659587860
-0.008410072 0.048362888 -0.998794436 -75.394699097 -0.031992659 0.998305380 0.048608586 2.718141556 0.999452710 0.032362897 -0.006848561 18.653978348
-0.008244772 0.051185336 -0.998655140 -76.580101013 -0.031602088 0.998176813 0.051421724 2.758353233 0.999466479 0.031983547 -0.006612177 18.639204025
-0.008176057 0.054650046 -0.998472035 -77.765144348 -0.033603210 0.997926533 0.054895338 2.801431417 0.999401808 0.034000687 -0.006322687 18.627580643
-0.007261030 0.054725591 -0.998474956 -78.944175720 -0.036002684 0.997839689 0.054952580 2.846041679 0.999325335 0.036346789 -0.005275075 18.606971741
-0.007445697 0.052552003 -0.998590350 -80.135147095 -0.037068870 0.997917235 0.052792970 2.890869856 0.999284983 0.037409700 -0.005482146 18.599763870
-0.007063541 0.050024200 -0.998723030 -81.317932129 -0.036859829 0.998056173 0.050251484 2.936740160 0.999295533 0.037167713 -0.005205927 18.584602356
-0.007072293 0.049689274 -0.998739660 -82.507484436 -0.034416962 0.998160839 0.049904190 2.974137545 0.999382555 0.034726515 -0.005349132 18.571542740
-0.007308145 0.050942879 -0.998674870 -83.683090210 -0.033082332 0.998142540 0.051157814 3.016545296 0.999425888 0.033412363 -0.005609261 18.567790985
-0.007030245 0.053837985 -0.998524964 -84.863281250 -0.031839751 0.998031318 0.054035529 3.057281971 0.999468267 0.032172661 -0.005302217 18.555307388
-0.006304898 0.056295238 -0.998394251 -86.035263062 -0.032706451 0.997868299 0.056472119 3.097738743 0.999445140 0.033009991 -0.004450241 18.540143967
-0.005985353 0.056551017 -0.998381793 -87.199668884 -0.034226544 0.997803092 0.056723431 3.141859055 0.999396205 0.034510668 -0.004036657 18.523826599
-0.006572831 0.054014359 -0.998518527 -88.376884460 -0.033514973 0.997967243 0.054205149 3.191655397 0.999416590 0.033821613 -0.004749179 18.520801544
-0.005434136 0.052879177 -0.998586237 -89.541404724 -0.032893784 0.998050988 0.053029839 3.229408026 0.999444067 0.033135455 -0.003684148 18.503978729
-0.005405450 0.054164678 -0.998517334 -90.704635620 -0.031217709 0.998036087 0.054307565 3.269356251 0.999497950 0.031464979 -0.003703937 18.494249344
-0.004651972 0.056740589 -0.998378098 -91.878128052 -0.028998781 0.997961402 0.056852024 3.321202755 0.999568641 0.029216230 -0.002997080 18.477455139
-0.005149143 0.059347298 -0.998224139 -93.024116516 -0.027705101 0.997845650 0.059467714 3.363754034 0.999602854 0.027962107 -0.003493828 18.479614258
-0.005152508 0.061412524 -0.998099208 -94.190040588 -0.028273821 0.997704387 0.061534200 3.408934116 0.999586880 0.028537130 -0.003404313 18.472536087
-0.004384181 0.063119948 -0.997996390 -95.355827332 -0.031324118 0.997507393 0.063226648 3.465372086 0.999499679 0.031538554 -0.002396077 18.450853348
-0.003816631 0.062408317 -0.998043418 -96.509101868 -0.032946080 0.997501135 0.062500380 3.511264563 0.999449849 0.033120163 -0.001750985 18.438770294
-0.003769954 0.057953522 -0.998312175 -97.661186218 -0.035372708 0.997686803 0.058050800 3.567303419 0.999367058 0.035531852 -0.001711260 18.422685623
-0.003204240 0.056397226 -0.998403251 -98.818214417 -0.036733862 0.997728050 0.056476966 3.615108728 0.999319971 0.036856174 -0.001125272 18.406955719
-0.003302451 0.055077054 -0.998476624 -99.983177185 -0.036216024 0.997820497 0.055160642 3.651346922 0.999338508 0.036343012 -0.001300582 18.405193329
-0.003085714 0.055577978 -0.998449624 -101.153724670 -0.034951899 0.997838318 0.055651978 3.698254347 0.999384165 0.035069440 -0.001136487 18.402574539
-0.002967470 0.057450831 -0.998343885 -102.292556763 -0.035073876 0.997728169 0.057519637 3.744613409 0.999380291 0.035186484 -0.000945704 18.389043808
-0.002932211 0.059615143 -0.998217046 -103.469482422 -0.033738103 0.997647226 0.059680216 3.795123339 0.999426425 0.033852946 -0.000914010 18.379934311
-0.003608179 0.058248930 -0.998295546 -104.632270813 -0.037649699 0.997586310 0.058343627 3.853063822 0.999284506 0.037796039 -0.001406415 18.365951538
-0.003419441 0.059705298 -0.998210192 -105.790756226 -0.041102678 0.997364044 0.059795488 3.899728060 0.999149084 0.041233577 -0.000956380 18.350648880
-0.003492658 0.059057802 -0.998248518 -106.968078613 -0.044577520 0.997252882 0.059154883 3.952458858 0.998999834 0.044706047 -0.000850413 18.331405640
-0.004083801 0.055018529 -0.998476982 -108.120872498 -0.046268713 0.997405529 0.055148736 4.005217075 0.998920679 0.046423465 -0.001527568 18.320831299
-0.004548955 0.051184576 -0.998678863 -109.315322876 -0.045518629 0.997643411 0.051338851 4.047725201 0.998953104 0.045692030 -0.002208383 18.313522339
-0.005364527 0.050338969 -0.998717725 -110.507667542 -0.042274337 0.997827828 0.050521195 4.093903542 0.999091625 0.042491157 -0.003224828 18.301713943
-0.005895953 0.049696948 -0.998746932 -111.692962646 -0.038308270 0.998019934 0.049886912 4.135900021 0.999248505 0.038554404 -0.003980475 18.302412033
-0.006121575 0.051062725 -0.998676717 -112.906684875 -0.037501756 0.997981131 0.051257037 4.192370415 0.999277771 0.037765902 -0.004194274 18.285955429
-0.007035180 0.055756964 -0.998419583 -114.121932983 -0.036114249 0.997778773 0.055975646 4.222111225 0.999322951 0.036450975 -0.005005932 18.276140213
-0.007606775 0.055327233 -0.998439312 -115.362754822 -0.034918372 0.997844577 0.055560306 4.288588047 0.999361217 0.035286516 -0.005658443 18.267875671
-0.008769802 0.051027838 -0.998658717 -116.588111877 -0.034819372 0.998076022 0.051303826 4.339237690 0.999355137 0.035222594 -0.006976171 18.259483337
-0.009386533 0.047658909 -0.998819590 -117.821266174 -0.035226215 0.998227894 0.047961716 4.378687859 0.999335289 0.035634823 -0.007691056 18.239192963
-0.009671264 0.045855369 -0.998901248 -119.069778442 -0.034402572 0.998341322 0.046162762 4.430263519 0.999361277 0.034811214 -0.008077682 18.222143173
-0.010384616 0.046909470 -0.998845100 -120.309913635 -0.036405317 0.998219073 0.047258556 4.477262020 0.999283254 0.036854032 -0.008658369 18.200462341
-0.010759385 0.051970668 -0.998590589 -121.581039429 -0.041396100 0.997769237 0.052373942 4.520031929 0.999084890 0.041901272 -0.008583999 18.173423767
-0.010689328 0.055133700 -0.998421788 -122.836067200 -0.046769384 0.997358501 0.055575710 4.568118095 0.998848498 0.047289632 -0.008082524 18.136734009
-0.010929243 0.054847166 -0.998435020 -124.096824646 -0.053887863 0.997011304 0.055358838 4.623420715 0.998487234 0.054408558 -0.007940983 18.109083176
-0.010111465 0.052555043 -0.998566806 -125.352676392 -0.057633244 0.996927261 0.053052340 4.676422119 0.998286605 0.058087081 -0.007051478 18.070194244
-0.011159398 0.051418126 -0.998614967 -126.607627869 -0.059835203 0.996853113 0.051996071 4.723510265 0.998145819 0.060332566 -0.008047666 18.057462692
-0.012010908 0.050595239 -0.998647034 -127.869857788 -0.059617985 0.996906042 0.051224075 4.767603874 0.998148978 0.060152564 -0.008957363 18.039163589
-0.011984535 0.050404310 -0.998656988 -129.150024414 -0.057732552 0.997027814 0.051014908 4.805581570 0.998260081 0.058266405 -0.009038946 18.015625000
-0.012340668 0.051280152 -0.998608112 -130.405471802 -0.057940200 0.996969581 0.051912017 4.847357273 0.998243809 0.058500182 -0.009332087 17.994195938
-0.013329871 0.056192055 -0.998331010 -131.657882690 -0.057588566 0.996719301 0.056870278 4.894649506 0.998251379 0.058250524 -0.010050118 17.979658127
-0.013845040 0.060254771 -0.998087108 -132.938140869 -0.056835238 0.996521413 0.060948655 4.948900223 0.998287618 0.057570349 -0.010372285 17.956853867
-0.013614812 0.059241507 -0.998150826 -134.183639526 -0.056973174 0.996575654 0.059925131 4.997633457 0.998282909 0.057683695 -0.010193013 17.925804138
-0.012868623 0.057421140 -0.998267114 -135.453155518 -0.056642316 0.996704817 0.058061443 5.057856083 0.998311520 0.057291336 -0.009573751 17.906677246
-0.011350162 0.056783874 -0.998322070 -136.704681396 -0.055614598 0.996805012 0.057329897 5.112889290 0.998387754 0.056171976 -0.008155887 17.882362366
-0.010633792 0.056209575 -0.998362362 -137.955261230 -0.055982232 0.996819437 0.056718986 5.159123421 0.998375118 0.056493692 -0.007453233 17.867273331
-0.010100923 0.058286306 -0.998248816 -139.200134277 -0.055897247 0.996705830 0.058761824 5.210501671 0.998385429 0.056392916 -0.006809605 17.855100632
-0.009008026 0.061990708 -0.998036087 -140.458023071 -0.056824222 0.996432066 0.062403955 5.265973091 0.998343527 0.057274759 -0.005453312 17.838710785
-0.007639209 0.062795468 -0.997997165 -141.731506348 -0.058602750 0.996282876 0.063136160 5.328240395 0.998252094 0.058967695 -0.003930826 17.811130524
-0.006564401 0.060168151 -0.998166680 -142.994049072 -0.060771987 0.996319056 0.060456447 5.384766102 0.998130143 0.061057433 -0.002883699 17.793020248
-0.007012826 0.057484463 -0.998321772 -144.246398926 -0.059369575 0.996561408 0.057800129 5.431148052 0.998211384 0.059675295 -0.003575883 17.785629272
-0.006604956 0.055826671 -0.998418629 -145.492797852 -0.056654632 0.996815801 0.056111842 5.476239204 0.998371899 0.056935661 -0.003421085 17.775348663
-0.006783038 0.054816518 -0.998473346 -146.725494385 -0.055223636 0.996952057 0.055108156 5.528694153 0.998450935 0.055513125 -0.003735197 17.763259888
-0.007076954 0.055844732 -0.998414338 -147.981674194 -0.052880943 0.997021437 0.056141652 5.566025257 0.998575747 0.053194407 -0.004102753 17.758514404
-0.007160030 0.054566380 -0.998484492 -149.213897705 -0.051008370 0.997190177 0.054861426 5.613547802 0.998672545 0.051323872 -0.004356571 17.748392105
-0.006976389 0.054285970 -0.998501062 -150.464843750 -0.050044339 0.997255206 0.054567888 5.669776917 0.998722613 0.050350014 -0.004240535 17.732757568
-0.007474071 0.056703050 -0.998363137 -151.706649780 -0.047695570 0.997234464 0.056996010 5.723919392 0.998834014 0.048043489 -0.004748918 17.726619720
-0.007312409 0.058418315 -0.998265386 -152.938247681 -0.045169637 0.997253835 0.058689989 5.768581390 0.998952568 0.045520455 -0.004653594 17.714021683
-0.006987810 0.056887340 -0.998356104 -154.164718628 -0.043126106 0.997434497 0.057136670 5.821039677 0.999045193 0.043454479 -0.004516553 17.696134567
-0.008238260 0.057283014 -0.998323917 -155.400619507 -0.044020440 0.997369349 0.057591483 5.870123386 0.998996675 0.044421118 -0.005694964 17.687276840
-0.008038763 0.061814863 -0.998055279 -156.628204346 -0.044433579 0.997079611 0.062112320 5.925690174 0.998979986 0.044846475 -0.005268631 17.672430038
-0.007652106 0.068378218 -0.997630060 -157.858245850 -0.049436845 0.996413410 0.068674020 5.982185841 0.998747945 0.049845189 -0.004244257 17.658065796
-0.006323857 0.068554863 -0.997627318 -159.118041992 -0.054296467 0.996151924 0.068797685 6.042758465 0.998504758 0.054602705 -0.002577234 17.632503510
-0.004810460 0.064602047 -0.997899532 -160.346527100 -0.058213793 0.996200562 0.064772703 6.106599331 0.998292506 0.058403101 -0.001031452 17.608591080
-0.003107025 0.059549391 -0.998220444 -161.564895630 -0.059940118 0.996419430 0.059628516 6.153963089 0.998197138 0.060018722 0.000473498 17.594726562
-0.002379944 0.058080021 -0.998309016 -162.787750244 -0.062603332 0.996345103 0.058114998 6.207468033 0.998035669 0.062635787 0.001264758 17.581947327
-0.001122049 0.054772574 -0.998498142 -163.990036011 -0.057747539 0.996829033 0.054745898 6.250967026 0.998330593 0.057722244 0.002044490 17.590015411
-0.000809062 0.050238598 -0.998736858 -165.205993652 -0.054843023 0.997231960 0.050207317 6.301484108 0.998494685 0.054814376 0.001948414 17.583034515
-0.001245880 0.046723645 -0.998907089 -166.426773071 -0.048590556 0.997725070 0.046728965 6.342440605 0.998817980 0.048595678 0.001027282 17.586112976
-0.002594535 0.049618434 -0.998764932 -167.653533936 -0.046464611 0.997683465 0.049685415 6.387503624 0.998916566 0.046536136 -0.000283024 17.585861206
-0.001597908 0.055984750 -0.998430312 -168.884750366 -0.047325149 0.997308671 0.055997599 6.432512283 0.998878241 0.047340341 0.001055880 17.573554993
-0.000003656 0.059565052 -0.998224437 -170.115020752 -0.048031989 0.997072220 0.059496481 6.476174831 0.998845816 0.047946919 0.002857383 17.573608398
0.001657982 0.056065537 -0.998425782 -171.328247070 -0.049099848 0.997227430 0.055916719 6.529594421 0.998792470 0.048929844 0.004406195 17.567766190
0.002312592 0.056458190 -0.998402297 -172.548095703 -0.051291466 0.997097433 0.056265611 6.576518536 0.998681009 0.051079396 0.005201704 17.566055298
0.003357629 0.057161119 -0.998359323 -173.771041870 -0.050053250 0.997123182 0.056922007 6.629334927 0.998740852 0.049780007 0.006209069 17.564397812
0.003737928 0.055295255 -0.998463154 -174.983718872 -0.049762953 0.997243226 0.055041421 6.675093174 0.998754084 0.049480721 0.006479280 17.571216583
0.005464750 0.053947728 -0.998528779 -176.167312622 -0.049785092 0.997320116 0.053609964 6.717525482 0.998745024 0.049418885 0.008135900 17.572544098
0.007160975 0.055682484 -0.998422801 -177.320785522 -0.051072754 0.997165680 0.055246070 6.762156010 0.998669207 0.050596591 0.009984536 17.572128296
0.008360046 0.057738125 -0.998296678 -178.454437256 -0.051187795 0.997047484 0.057237215 6.794860840 0.998654068 0.050622102 0.011290850 17.578634262
0.009056367 0.059380259 -0.998194337 -179.547149658 -0.052362517 0.996893883 0.058827825 6.826867580 0.998587012 0.051735207 0.012137538 17.578218460
0.009055635 0.060345709 -0.998136401 -180.625488281 -0.052721206 0.996817887 0.059787672 6.866540432 0.998568237 0.052081548 0.012208316 17.584913254
0.008944752 0.061528005 -0.998065293 -181.683166504 -0.051828478 0.996792138 0.060985029 6.900094509 0.998615861 0.051182710 0.012104960 17.590791702
0.009343973 0.060498096 -0.998124599 -182.709396362 -0.052210689 0.996836185 0.059931234 6.941062450 0.998592317 0.051552773 0.012473057 17.594703674
0.010794609 0.060850501 -0.998088539 -183.689361572 -0.052862875 0.996785641 0.060199350 6.966568470 0.998543441 0.052111994 0.013976646 17.605430603
0.012216709 0.061624300 -0.998024642 -184.648330688 -0.053704984 0.996698976 0.060885049 7.004709244 0.998482108 0.052855086 0.015485913 17.615604401
0.011571729 0.059932414 -0.998135388 -185.594360352 -0.052120365 0.996881366 0.059252877 7.036914349 0.998573720 0.051337522 0.014659342 17.620803833
0.008329911 0.056845780 -0.998348296 -186.534011841 -0.049711883 0.997171879 0.056364022 7.069233894 0.998728871 0.049160268 0.011132265 17.629922867
0.003458954 0.053345013 -0.998570085 -187.462295532 -0.049713470 0.997350574 0.053107664 7.101236343 0.998757541 0.049458697 0.006101756 17.628215790
-0.001580788 0.050152861 -0.998740315 -188.389999390 -0.051551364 0.997409403 0.050167631 7.137796879 0.998669147 0.051565733 0.001008756 17.617399216
-0.005331860 0.049511068 -0.998759270 -189.330474854 -0.053176410 0.997346342 0.049724903 7.169391155 0.998570919 0.053375565 -0.002684891 17.610050201
-0.008182541 0.050437771 -0.998693705 -190.246917725 -0.054982901 0.997193575 0.050812490 7.192840576 0.998453796 0.055326849 -0.005386363 17.591327667
-0.010214532 0.052274894 -0.998580575 -191.171997070 -0.053638823 0.997166097 0.052749533 7.226262569 0.998508155 0.054101486 -0.007381623 17.578145981
-0.011897531 0.053713605 -0.998485506 -192.107101440 -0.051126383 0.997217536 0.054254584 7.258260250 0.998621345 0.051694445 -0.009118243 17.572402954
-0.013346758 0.054110147 -0.998445749 -193.014251709 -0.049060713 0.997296691 0.054703690 7.286104202 0.998706639 0.049714576 -0.010655995 17.557464600
-0.013865696 0.053114198 -0.998492122 -193.912246704 -0.049627867 0.997320890 0.053741060 7.317296028 0.998671472 0.050298188 -0.011192605 17.536561966
-0.014724788 0.051807933 -0.998548508 -194.824417114 -0.051479768 0.997293115 0.052501924 7.352578163 0.998565435 0.052178122 -0.012017868 17.519025803
-0.014728311 0.050926849 -0.998593748 -195.723083496 -0.055061143 0.997145474 0.051665079 7.387511253 0.998374283 0.055744652 -0.011882180 17.498304367
-0.013476315 0.049630359 -0.998676717 -196.618972778 -0.057886548 0.997053683 0.050330821 7.410664082 0.998232186 0.058488216 -0.010563678 17.470184326
-0.012816167 0.046962574 -0.998814464 -197.541961670 -0.057694245 0.997197568 0.047626853 7.443024635 0.998251975 0.058236230 -0.010070780 17.456665039
-0.012149932 0.044936407 -0.998915970 -198.475997925 -0.057605602 0.997299016 0.045564331 7.466390133 0.998265505 0.058096763 -0.009528529 17.441541672
-0.011316087 0.044478957 -0.998946190 -199.397460938 -0.057539698 0.997325838 0.045058612 7.498257160 0.998279095 0.057988949 -0.008726521 17.423055649
-0.010786366 0.047188427 -0.998827755 -200.330261230 -0.055180129 0.997335672 0.047713824 7.527247429 0.998418152 0.055630106 -0.008153764 17.408864975
-0.010818202 0.048479386 -0.998765647 -201.272872925 -0.054248117 0.997324526 0.048997045 7.556661129 0.998468935 0.054711211 -0.008159345 17.392045975
-0.010135351 0.044468563 -0.998959363 -202.201782227 -0.049615227 0.997757792 0.044918466 7.591427326 0.998716950 0.050018858 -0.007906307 17.396244049
-0.009538512 0.041217193 -0.999104679 -203.144653320 -0.048175741 0.997970939 0.041630354 7.623649120 0.998793304 0.048529692 -0.007533489 17.382677078
-0.009429252 0.041237097 -0.999104917 -204.103027344 -0.052453052 0.997753322 0.041676350 7.658546925 0.998578846 0.052799076 -0.007245056 17.368381500
-0.008388419 0.046029124 -0.998904824 -205.066802979 -0.054082144 0.997457027 0.046416573 7.681384563 0.998501241 0.054412276 -0.005877734 17.356773376
-0.005970795 0.045219231 -0.998959243 -206.007843018 -0.051717825 0.997626126 0.045468014 7.716204166 0.998643875 0.051935479 -0.003617981 17.347286224
-0.003687432 0.046145193 -0.998927951 -206.969863892 -0.050592706 0.997646689 0.046272773 7.756957054 0.998712480 0.050709095 -0.001344145 17.340749741
-0.002197152 0.050975967 -0.998697460 -207.957412720 -0.051533092 0.997367084 0.051021438 7.792557716 0.998668849 0.051578064 0.000435582 17.335918427
-0.000890319 0.054880388 -0.998492599 -208.956420898 -0.048387054 0.997320950 0.054859139 7.831673622 0.998828292 0.048362952 0.001767566 17.342020035
0.000897951 0.055237226 -0.998472869 -209.955245972 -0.048377313 0.997306526 0.055129200 7.876848221 0.998828769 0.048253931 0.003567761 17.333442688
0.002915964 0.056053061 -0.998423457 -210.966613770 -0.051756769 0.997098029 0.055827484 7.919750690 0.998655438 0.051512387 0.005808627 17.333738327
0.005500596 0.057874680 -0.998308718 -211.987075806 -0.054460462 0.996859491 0.057490591 7.965299606 0.998500824 0.054052122 0.008635202 17.335659027
0.008405539 0.058609992 -0.998245537 -212.995315552 -0.055800144 0.996752799 0.058052491 8.004495621 0.998406529 0.055214290 0.011648692 17.346317291
0.011921203 0.055548761 -0.998384833 -214.027603149 -0.059155080 0.996746182 0.054751251 8.055485725 0.998177648 0.058406834 0.015168405 17.344106674
