1.000000000 0.000000000 0.000000000 0.000000000 0.000000000 1.000000000 0.000000000 0.000000000 0.000000000 0.000000000 1.000000000 0.000000000
0.999995649 0.002943823 0.000152538 -0.005902936 -0.002944031 0.999994695 0.001379508 -0.012892378 -0.000148476 -0.001379951 0.999999046 0.772587597
0.999984920 0.005450028 0.000632269 -0.013488519 -0.005451227 0.999983311 0.001911128 -0.030029224 -0.000621843 -0.001914546 0.999997914 1.538102627
0.999976933 0.006682149 0.001226492 -0.024453834 -0.006684402 0.999975979 0.001841317 -0.048983734 -0.001214159 -0.001849473 0.999997497 2.269897461
0.999962330 0.008604784 0.001095610 -0.027341736 -0.008606456 0.999961793 0.001530512 -0.062461067 -0.001082398 -0.001539883 0.999998212 2.997819185
0.999958754 0.008921443 0.001682613 -0.032688588 -0.008923497 0.999959469 0.001217503 -0.075401299 -0.001671683 -0.001232467 0.999997795 3.714903831
0.999958098 0.008972214 0.001827549 -0.030704692 -0.008976089 0.999957442 0.002122685 -0.088982187 -0.001808426 -0.002139000 0.999996066 4.407723427
0.999946952 0.009877483 0.002912902 -0.048075378 -0.009892786 0.999937177 0.005286511 -0.106986023 -0.002860501 -0.005315048 0.999981761 5.078221321
0.999944746 0.009644758 0.004178835 -0.038415678 -0.009681320 0.999914229 0.008818676 -0.108213589 -0.004093423 -0.008858643 0.999952376 5.748058319
0.999944746 0.009029764 0.005370704 -0.033411644 -0.009095545 0.999882281 0.012352348 -0.118600264 -0.005258534 -0.012400516 0.999909282 6.380470753
0.999942601 0.008283544 0.006797097 -0.040143438 -0.008382049 0.999858260 0.014593763 -0.128544450 -0.006675248 -0.014649898 0.999870360 6.979239941
0.999933302 0.008820070 0.007457775 -0.025417048 -0.008929033 0.999852121 0.014705889 -0.139875889 -0.007326964 -0.014771500 0.999863982 7.558318615
0.999919653 0.009490199 0.008398749 -0.024153873 -0.009592272 0.999879599 0.012197468 -0.149463266 -0.008281982 -0.012277049 0.999890327 8.105669022
0.999911964 0.009401591 0.009360734 -0.023426458 -0.009487072 0.999913335 0.009129696 -0.151842296 -0.009274088 -0.009217698 0.999914527 8.636951447
0.999913454 0.007660745 0.010698399 -0.007320561 -0.007743398 0.999940336 0.007705910 -0.161024362 -0.010638726 -0.007788084 0.999913096 9.141016006
0.999912322 0.003707198 0.012718220 -0.001648463 -0.003776036 0.999978364 0.005392772 -0.167164803 -0.012697954 -0.005440325 0.999904573 9.606511116
0.999889255 0.002038891 0.014736156 0.006018803 -0.002101463 0.999988854 0.004231905 -0.170823246 -0.014727364 -0.004262403 0.999882460 10.044366837
0.999843180 0.006374153 0.016523486 0.013312995 -0.006411605 0.999976993 0.002214607 -0.181219295 -0.016508991 -0.002320202 0.999861062 10.458746910
0.999746859 0.010735714 0.019776860 0.010980576 -0.010769470 0.999940753 0.001601015 -0.189579114 -0.019758504 -0.001813595 0.999803126 10.846777916
0.999677718 0.011076188 0.022843368 0.020707577 -0.011144304 0.999933779 0.002856662 -0.200711623 -0.022810217 -0.003110314 0.999734998 11.190959930
0.999641120 0.006619592 0.025955126 0.038308263 -0.006708047 0.999971986 0.003322414 -0.206645757 -0.025932409 -0.003495330 0.999657631 11.515684128
0.999584317 0.002707719 0.028702177 0.051032305 -0.002786544 0.999992371 0.002706647 -0.204923749 -0.028694632 -0.002785501 0.999584317 11.795271873
0.999516189 -0.000727264 0.031094598 0.066215992 0.000596384 0.999990880 0.004218175 -0.212258592 -0.031097388 -0.004197590 0.999507546 12.051307678
0.999438822 -0.001221197 0.033473805 0.076933950 0.001045636 0.999985576 0.005261756 -0.217745006 -0.033479743 -0.005223802 0.999425709 12.284217834
0.999358058 -0.000537371 0.035820488 0.079688996 0.000386882 0.999991119 0.004207976 -0.221531764 -0.035822432 -0.004191416 0.999349356 12.489562988
0.999299824 0.000157386 0.037411537 0.099379063 -0.000274499 0.999995112 0.003125273 -0.230791822 -0.037410863 -0.003133355 0.999294996 12.686201096
0.999170780 0.002916208 0.040608920 0.095695704 -0.003007793 0.999993086 0.002194381 -0.236266553 -0.040602248 -0.002314705 0.999172568 12.839488983
0.999095798 0.005448254 0.042163789 0.100513339 -0.005524025 0.999983311 0.001680760 -0.242223307 -0.042153928 -0.001912154 0.999109209 13.012269020
0.999033809 0.006929482 0.043397933 0.106468111 -0.006943716 0.999975801 0.000177243 -0.248540103 -0.043395665 -0.000478415 0.999057829 13.165546417
0.998952448 0.005938614 0.045372978 0.115500391 -0.005883445 0.999981821 -0.001349321 -0.257399082 -0.045380168 0.001080957 0.998969078 13.318855286
0.998888314 0.004611376 0.046913546 0.124422014 -0.004486218 0.999986112 -0.002772750 -0.260142803 -0.046925675 0.002559204 0.998895049 13.455811501
0.998826921 0.003811461 0.048272476 0.131159723 -0.003629194 0.999985933 -0.003862856 -0.262157977 -0.048286512 0.003683135 0.998826742 13.594133377
0.998756170 0.004786605 0.049631093 0.140083671 -0.004524019 0.999975204 -0.005401740 -0.263631433 -0.049655717 0.005170489 0.998753011 13.727515221
0.998690188 0.005329110 0.050885145 0.144839823 -0.004973322 0.999962330 -0.007116028 -0.270209312 -0.050921146 0.006853640 0.998679161 13.849396706
0.998643219 0.005481896 0.051783141 0.153438091 -0.004984283 0.999940276 -0.009733813 -0.269122422 -0.051833402 0.009462506 0.998610914 13.976028442
0.998608172 0.004917747 0.052511565 0.160819411 -0.004301132 0.999920547 -0.011849016 -0.273879468 -0.052565664 0.011606663 0.998549998 14.102647781
0.998631418 0.003985855 0.052147213 0.166271091 -0.003281268 0.999902308 -0.013590144 -0.279666603 -0.052196287 0.013400436 0.998546958 14.229518890
0.998738289 0.003218714 0.050114114 0.171078324 -0.002480934 0.999887764 -0.014777254 -0.285212904 -0.050156049 0.014634280 0.998634160 14.352035522
0.998890162 0.003525462 0.046969078 0.178529203 -0.002796078 0.999874651 -0.015585660 -0.289473176 -0.047018133 0.015437031 0.998774827 14.482944489
0.999061286 0.004008887 0.043133356 0.173251987 -0.003275114 0.999848962 -0.017068952 -0.288127244 -0.043195274 0.016911661 0.998923540 14.604213715
0.999283254 0.004026853 0.037640151 0.167357862 -0.003341855 0.999827981 -0.018243847 -0.290822208 -0.037707139 0.018104982 0.999124825 14.733372688
0.999524832 0.003982211 0.030565977 0.171167612 -0.003412083 0.999819636 -0.018681919 -0.296392947 -0.030634860 0.018568750 0.999358177 14.848031044
0.999718785 0.004187747 0.023342028 0.166823477 -0.003731358 0.999801636 -0.019561611 -0.297807008 -0.023419319 0.019469012 0.999536097 14.973836899
0.999879718 0.003512364 0.015108460 0.162568480 -0.003205921 0.999789596 -0.020259507 -0.303007483 -0.015176438 0.020208634 0.999680698 15.105192184
0.999982893 0.002626769 0.005243352 0.150559485 -0.002513261 0.999764800 -0.021538446 -0.304687262 -0.005298696 0.021524895 0.999754310 15.237016678
0.999967277 0.001377755 -0.007972132 0.144313917 -0.001562820 0.999728322 -0.023254491 -0.306087852 0.007937931 0.023266189 0.999697804 15.390342712
0.999713182 0.000326855 -0.023945631 0.121957839 -0.000928846 0.999683619 -0.025133111 -0.310058892 0.023929842 0.025148142 0.999397278 15.537121773
0.999068022 0.000943923 -0.043153785 0.094475508 -0.002082685 0.999650538 -0.026351135 -0.310625106 0.043113824 0.026416451 0.998720944 15.719490051
0.997892857 0.002475837 -0.064835787 0.054601550 -0.004155169 0.999659002 -0.025779290 -0.317410946 0.064749852 0.025994372 0.997562945 15.893208504
0.996066391 0.002554935 -0.088574097 0.020145893 -0.004730363 0.999692023 -0.024359332 -0.324168324 0.088484578 0.024682498 0.995771706 16.102502823
0.993334711 0.003263874 -0.115220189 -0.025792480 -0.005938097 0.999720693 -0.022874055 -0.332321316 0.115113370 0.023405783 0.993076503 16.300247192
0.989394844 0.004442465 -0.145182088 -0.095320463 -0.007482807 0.999763846 -0.020402217 -0.343382686 0.145057142 0.021272220 0.989194572 16.530534744
0.983953714 0.004428406 -0.178368449 -0.168164968 -0.007605038 0.999824345 -0.017129591 -0.344942957 0.178261250 0.018211223 0.983814597 16.780740738
0.976592720 0.005553321 -0.215024829 -0.254671097 -0.008599199 0.999875486 -0.013232360 -0.350464463 0.214924574 0.014771667 0.976518929 17.020133972
0.966947854 0.007140745 -0.254874319 -0.354961157 -0.009353116 0.999928296 -0.007469337 -0.364206016 0.254802674 0.009606328 0.966945350 17.275142670
0.955131531 0.010843810 -0.295983315 -0.484627247 -0.012295252 0.999919713 -0.003042881 -0.360009730 0.295926571 0.006545541 0.955188274 17.545753479
0.941000581 0.014366526 -0.338099837 -0.625686169 -0.014860407 0.999888957 0.001127710 -0.360825181 0.338078558 0.003963125 0.941109598 17.820083618
0.924272537 0.016742114 -0.381365865 -0.774451733 -0.015165758 0.999859452 0.007138731 -0.366885304 0.381431788 -0.000814432 0.924396694 18.092105865
0.904839039 0.020289354 -0.425270021 -0.923202991 -0.015387695 0.999769688 0.014958245 -0.374025911 0.425475538 -0.006990880 0.904942930 18.358045578
0.883045316 0.024639621 -0.468640417 -1.109212875 -0.016582200 0.999635279 0.021312298 -0.371187866 0.468994677 -0.011048636 0.883131981 18.631950378
0.858426869 0.030346081 -0.512037575 -1.330415726 -0.019757982 0.999463797 0.026109474 -0.373958677 0.512555301 -0.012296245 0.858566165 18.915508270
0.830393374 0.033516340 -0.556168675 -1.555097580 -0.020578269 0.999352992 0.029499318 -0.371209711 0.556797445 -0.013051053 0.830545783 19.187786102
0.799392581 0.037343733 -0.599647403 -1.801114082 -0.023076205 0.999238431 0.031465732 -0.368809521 0.600365698 -0.011315885 0.799645424 19.451061249
0.765116215 0.040467981 -0.642619312 -2.072709084 -0.023770746 0.999117911 0.034615990 -0.361893237 0.643453419 -0.011209711 0.765403271 19.731163025
0.728561878 0.044593584 -0.683526874 -2.387870789 -0.025145754 0.998947203 0.038369231 -0.346804261 0.684518278 -0.010766561 0.728916228 20.003482819
0.689756095 0.044331878 -0.722683311 -2.713575363 -0.021846119 0.998943627 0.040427878 -0.321114957 0.723712146 -0.012097552 0.689995944 20.262493134
0.648317933 0.044281509 -0.760080874 -3.061882973 -0.019199789 0.998940587 0.041820589 -0.309033871 0.761127591 -0.012519646 0.648481309 20.525764465
0.606250703 0.043042842 -0.794107914 -3.444618225 -0.013562529 0.998948574 0.043791648 -0.296869040 0.795157909 -0.015778609 0.606197119 20.767343521
0.560694337 0.043070477 -0.826901853 -3.850747108 -0.008779192 0.998899341 0.046076357 -0.280970454 0.827976286 -0.018575229 0.560455501 21.022747040
0.514832735 0.044410739 -0.856139541 -4.277344704 -0.006263569 0.998825490 0.048045777 -0.261106610 0.857267737 -0.019373052 0.514506280 21.228672028
0.464832813 0.043828763 -0.884313047 -4.733723640 -0.005253350 0.998893023 0.046746254 -0.236304879 0.885382891 -0.017083585 0.464548618 21.426204681
0.412484139 0.043050218 -0.909946978 -5.218976498 0.000505406 0.998871744 0.047486417 -0.219850957 0.910964608 -0.020047287 0.411997050 21.615530014
0.358014047 0.041968923 -0.932772517 -5.730301857 0.005446627 0.998878479 0.047033787 -0.195522010 0.933700323 -0.021919221 0.357383996 21.796180725
0.304802418 0.040963806 -0.951534271 -6.239175797 0.008207275 0.998924673 0.045632977 -0.174774408 0.952380180 -0.021718549 0.304138392 21.920249939
0.251362681 0.046606440 -0.966770232 -6.798697472 0.009049967 0.998683095 0.050497934 -0.143586695 0.967850626 -0.021442533 0.250609905 22.028358459
0.199737057 0.051967263 -0.978470504 -7.395677090 0.011604417 0.998397112 0.055394419 -0.117974460 0.979780793 -0.022418896 0.198813856 22.121315002
0.152063563 0.053114511 -0.986942470 -7.979154587 0.017081812 0.998264730 0.056355726 -0.092151523 0.988223076 -0.025428420 0.150892362 22.182800293
0.107473671 0.054588787 -0.992708087 -8.595170021 0.019426564 0.998185575 0.056993164 -0.070121348 0.994018137 -0.025410173 0.106218189 22.225812912
0.067464143 0.052802145 -0.996323526 -9.230766296 0.019315502 0.998342335 0.054217052 -0.040908217 0.997534633 -0.022902196 0.066332422 22.235017776
0.031686913 0.048286494 -0.998330772 -9.867469788 0.017015668 0.998661637 0.048842549 -0.006278276 0.999352992 -0.018534932 0.030822875 22.233940125
0.003424659 0.048173025 -0.998833060 -10.542657852 0.014450039 0.998732209 0.048217703 0.030247003 0.999889672 -0.014598305 0.002724212 22.208127975
-0.017519478 0.052481864 -0.998468161 -11.246699333 0.013679142 0.998540521 0.052245654 0.058333516 0.999752879 -0.012742870 -0.018211810 22.177263260
-0.030778473 0.058557417 -0.997809410 -11.962494850 0.015416827 0.998191476 0.058104292 0.089259684 0.999407351 -0.013594696 -0.031625580 22.157770157
-0.038787186 0.061197996 -0.997371733 -12.706720352 0.015061132 0.998045266 0.060653605 0.123671770 0.999134004 -0.012668964 -0.039633077 22.121191025
-0.042539421 0.058287695 -0.997393072 -13.468038559 0.016051389 0.998207748 0.057650704 0.158610702 0.998965859 -0.013557119 -0.043398786 22.080352783
-0.041521549 0.054367319 -0.997657299 -14.245955467 0.023361128 0.998298228 0.053429980 0.196168423 0.998864472 -0.021087902 -0.042720970 22.051445007
-0.037637051 0.052859731 -0.997892380 -15.056727409 0.035500541 0.998040318 0.051528610 0.240357399 0.998660684 -0.033486336 -0.039439842 22.043375015
-0.031888068 0.053000506 -0.998085260 -15.880667686 0.035792079 0.998013139 0.051853146 0.278609693 0.998850346 -0.034070048 -0.033721715 22.017566681
-0.026790062 0.051906675 -0.998292685 -16.728864670 0.034090884 0.998117507 0.050982725 0.304366350 0.999059618 -0.032666843 -0.028509179 21.988670349
-0.023899054 0.045326628 -0.998686314 -17.588680267 0.037871830 0.998295605 0.044402607 0.344154179 0.998996794 -0.036760904 -0.025574923 21.980691910
-0.021628907 0.034401633 -0.999174118 -18.485626221 0.035355628 0.998808980 0.033623740 0.381917298 0.999140739 -0.034599174 -0.022819441 21.956552505
-0.020894481 0.026268199 -0.999436498 -19.375644684 0.027813915 0.999283135 0.025682684 0.404003829 0.999394715 -0.027261619 -0.021610126 21.918123245
-0.022269793 0.023264572 -0.999481261 -20.298572540 0.022122981 0.999495864 0.022771981 0.429685891 0.999507129 -0.021604383 -0.022773249 21.884881973
-0.025782483 0.029650575 -0.999227762 -21.254461288 0.012834857 0.999487400 0.029327108 0.446444005 0.999585152 -0.012068819 -0.026149828 21.846031189
-0.030879905 0.037829477 -0.998807073 -22.219860077 0.008261872 0.999258995 0.037591167 0.471734405 0.999488890 -0.007091205 -0.031169565 21.799642563
-0.035163768 0.047286559 -0.998262286 -23.197357178 0.006697986 0.998868763 0.047079347 0.506002843 0.999359131 -0.005030859 -0.035440706 21.746608734
-0.037135448 0.057254381 -0.997668862 -24.234397888 0.005454855 0.998354077 0.057090681 0.548496306 0.999295354 -0.003322050 -0.037386637 21.717556000
-0.038206510 0.065256231 -0.997136831 -25.253664017 0.007495073 0.997856081 0.065016121 0.592448890 0.999241710 -0.004989574 -0.038613699 21.677860260
-0.039647963 0.065918669 -0.997037053 -26.282382965 0.008345671 0.997808576 0.065637827 0.648114324 0.999178827 -0.005718537 -0.040111214 21.633983612
-0.041186292 0.063017741 -0.997162223 -27.283187866 0.006928399 0.998003066 0.062784716 0.698272109 0.999127448 -0.004322869 -0.041540667 21.584167480
-0.043743044 0.058298208 -0.997340441 -28.302488327 0.006486537 0.998291492 0.058069307 0.744438052 0.999021709 -0.003929157 -0.044046465 21.530359268
-0.048414972 0.052934032 -0.997423649 -29.336971283 0.006670207 0.998589694 0.052672140 0.791699350 0.998804986 -0.004102902 -0.048699774 21.474155426
-0.054167923 0.048470940 -0.997354627 -30.359897614 0.007012715 0.998815060 0.048161026 0.830416024 0.998507142 -0.004385382 -0.054443635 21.418458939
-0.060759977 0.046432298 -0.997071803 -31.382408142 0.006103969 0.998916090 0.046146207 0.871824324 0.998133779 -0.003282253 -0.060977533 21.339012146
-0.067751251 0.048878159 -0.996504247 -32.436702728 0.006483364 0.998799741 0.048549954 0.913098931 0.997681201 -0.003171379 -0.067986816 21.269899368
-0.073979199 0.053697508 -0.995813131 -33.504798889 0.004662619 0.998556972 0.053499084 0.955019236 0.997248888 -0.000685278 -0.074122809 21.180746078
-0.080300830 0.056683894 -0.995157659 -34.571716309 0.002340026 0.998389840 0.056679163 0.998395860 0.996767938 0.002222688 -0.080304168 21.089447021
-0.084859177 0.058780529 -0.994657576 -35.642940521 -0.000959929 0.998253167 0.059074905 1.048456669 0.996392488 0.005967848 -0.084654510 20.986419678
-0.087665252 0.060020354 -0.994340181 -36.718471527 -0.005303366 0.998140872 0.060717344 1.099409223 0.996135831 0.010596151 -0.087183967 20.883352280
-0.089425437 0.061245847 -0.994108617 -37.792560577 -0.009505191 0.998009682 0.062341217 1.152493834 0.995948136 0.015024084 -0.088665284 20.775058746
-0.090445042 0.060754865 -0.994046569 -38.872200012 -0.010768302 0.998019576 0.061977457 1.203919888 0.995843232 0.016309747 -0.089611694 20.660430908
-0.091764078 0.059962951 -0.993973792 -39.951297760 -0.011371620 0.998057246 0.061259121 1.254592896 0.995715857 0.016924478 -0.090903923 20.552219391
-0.092889786 0.059171543 -0.993916631 -41.031570435 -0.012075651 0.998092115 0.060548712 1.307275534 0.995603144 0.017626546 -0.091998056 20.448425293
-0.093981944 0.058394883 -0.993859887 -42.122001648 -0.014350642 0.998095155 0.060000770 1.358102679 0.995470464 0.019901514 -0.092964932 20.336729050
-0.094385616 0.055741210 -0.993974090 -43.200653076 -0.019077167 0.998146772 0.057786744 1.408063293 0.995352924 0.024416447 -0.093147308 20.218124390
-0.094508424 0.050796337 -0.994227231 -44.290813446 -0.024131734 0.998287082 0.053297661 1.455656767 0.995231569 0.029029509 -0.093120724 20.103412628
-0.093905360 0.050317485 -0.994308770 -45.399620056 -0.025691204 0.998266935 0.052944135 1.497800827 0.995249510 0.030516729 -0.092449889 19.992952347
-0.092413627 0.054518718 -0.994226992 -46.510066986 -0.026641751 0.998007119 0.057202350 1.543551922 0.995364130 0.031774223 -0.090776965 19.888082504
-0.090268508 0.057925805 -0.994231462 -47.607177734 -0.026653312 0.997808993 0.060554162 1.584403634 0.995560706 0.031965699 -0.088526823 19.780248642
-0.088990927 0.057269644 -0.994384646 -48.731525421 -0.024643077 0.997913420 0.059678275 1.642404556 0.995727539 0.029815525 -0.087393939 19.680088043
-0.086607978 0.056558076 -0.994635761 -49.838027954 -0.024617864 0.997960806 0.058890756 1.692178726 0.995938241 0.029586215 -0.085039027 19.580577850
-0.082502432 0.056636419 -0.994980216 -50.971992493 -0.029048014 0.997823000 0.059206858 1.752442598 0.996167421 0.033786904 -0.080677643 19.477111816
-0.076568939 0.057348475 -0.995413661 -52.094600677 -0.033958446 0.997615278 0.060087461 1.805860519 0.996485770 0.038403533 -0.074438877 19.373374939
-0.070394926 0.056934264 -0.995893061 -53.214958191 -0.037871335 0.997497618 0.059702933 1.857603550 0.996800005 0.041918587 -0.068062589 19.274831772
-0.065105885 0.056197915 -0.996294618 -54.372264862 -0.039386712 0.997490168 0.058839202 1.911853313 0.997100770 0.043071546 -0.062729031 19.201978683
-0.059735741 0.055409774 -0.996675134 -55.509643555 -0.038851619 0.997572541 0.057788242 1.965636849 0.997457922 0.042174470 -0.057437982 19.135345459
-0.054080296 0.054992024 -0.997021139 -56.656631470 -0.037440512 0.997668505 0.057058576 2.017997265 0.997834384 0.040414724 -0.051895276 19.062309265
-0.048855763 0.055664327 -0.997253597 -57.797657013 -0.036069352 0.997696280 0.057456095 2.067893028 0.998154402 0.038777344 -0.046735436 19.007501602
-0.042247247 0.057248984 -0.997465670 -58.953186035 -0.035560224 0.997638226 0.058765031 2.118695736 0.998474181 0.037952758 -0.040111676 18.943557739
-0.037079494 0.058618855 -0.997591555 -60.108226776 -0.035913959 0.997555017 0.059951585 2.170793295 0.998666763 0.038050428 -0.034883611 18.901550293
-0.032244742 0.057703841 -0.997812867 -61.256050110 -0.035487805 0.997636437 0.058840431 2.222458363 0.998849869 0.037307475 -0.030120749 18.870195389
-0.027204271 0.053218819 -0.998212218 -62.403343201 -0.035756808 0.997891009 0.054176163 2.272751093 0.998990119 0.037166707 -0.025243960 18.827829361
-0.022610806 0.048001718 -0.998591304 -63.557506561 -0.036137465 0.998154640 0.048798963 2.312574863 0.999091029 0.037189942 -0.020834420 18.798824310
-0.019050490 0.047498815 -0.998689651 -64.717964172 -0.035797395 0.998197973 0.048158284 2.354867697 0.999177516 0.036667936 -0.017315829 18.775449753
-0.015129420 0.049781829 -0.998645544 -65.884490967 -0.035230950 0.998113036 0.050289042 2.395487785 0.999264657 0.035944074 -0.013347009 18.737257004
-0.013728532 0.050108679 -0.998649418 -67.061805725 -0.034782656 0.998115122 0.050560031 2.425679207 0.999300718 0.035429791 -0.011959743 18.732519150
-0.012703777 0.049457189 -0.998695433 -68.234497070 -0.036550552 0.998085499 0.049891934 2.477350235 0.999251068 0.037136696 -0.010871769 18.709392548
-0.011562851 0.050716899 -0.998646200 -69.391250610 -0.037893258 0.997973323 0.051121470 2.515761614 0.999214888 0.038433068 -0.009617589 18.690347672
-0.010859077 0.050587684 -0.998660505 -70.576271057 -0.038265120 0.997966945 0.050968625 2.554065228 0.999208570 0.038767345 -0.008901255 18.674369812
-0.009611837 0.048393182 -0.998782098 -71.747955322 -0.038729891 0.998060763 0.048730951 2.598689556 0.999203503 0.039151113 -0.007718934 18.655530930
-0.008794275 0.046629380 -0.998873532 -72.922950745 -0.037080187 0.998210013 0.046924859 2.646174192 0.999273658 0.037451088 -0.007049507 18.639801025
-0.008825535 0.046874654 -0.998861790 -74.118896484 -0.033846837 0.998314321 0.047148019 2.676142693 0.999387980 0.034224413 -0.007224100 18.634162903
-0.008430365 0.047206827 -0.998849452 -75.302497864 -0.031903051 0.998363912 0.047453139 2.720957041 0.999455392 0.032266397 -0.006910531 18.620697021
-0.008376569 0.050600667 -0.998683810 -76.491958618 -0.031239977 0.998218119 0.050839100 2.751492262 0.999476790 0.031624720 -0.006780880 18.609655380
-0.007180273 0.054222446 -0.998503029 -77.671722412 -0.033680115 0.997949123 0.054434560 2.793622971 0.999406874 0.034020551 -0.005339327 18.581380844
-0.006737924 0.054552134 -0.998488188 -78.858909607 -0.035833854 0.997856379 0.054759424 2.834544897 0.999335110 0.036148638 -0.004768667 18.563167572
-0.007133588 0.052290127 -0.998606384 -80.048248291 -0.037154879 0.997928560 0.052520033 2.875172615 0.999284148 0.037477758 -0.005175976 18.559070587
-0.006476474 0.049560878 -0.998750031 -81.230300903 -0.037046745 0.998073518 0.049767539 2.923084497 0.999292493 0.037322752 -0.004627929 18.543064117
-0.006580311 0.049192008 -0.998767793 -82.416061401 -0.034615420 0.998179495 0.049391117 2.961569786 0.999378979 0.034897767 -0.004865530 18.528049469
-0.006633136 0.050258361 -0.998714328 -83.592643738 -0.033476040 0.998165190 0.050453082 3.006013155 0.999417543 0.033767655 -0.004938514 18.521360397
-0.006352157 0.053432312 -0.998551369 -84.763069153 -0.032159690 0.998043895 0.053609755 3.041395664 0.999462545 0.032453638 -0.004621366 18.513820648
-0.005881348 0.055591621 -0.998436213 -85.941009521 -0.032725688 0.997908056 0.055754978 3.087025166 0.999447107 0.033002425 -0.004049770 18.504949570
-0.005756436 0.055903878 -0.998419523 -87.109535217 -0.034036897 0.997846544 0.056068040 3.127206326 0.999404013 0.034305848 -0.003841246 18.489295959
-0.005358954 0.053878285 -0.998533130 -88.279197693 -0.034016747 0.997959733 0.054029915 3.170882225 0.999406815 0.034256399 -0.003515257 18.473474503
-0.005164441 0.052246876 -0.998620808 -89.448570251 -0.032583855 0.998095095 0.052387878 3.217107773 0.999455631 0.032809470 -0.003452199 18.466386795
-0.005426147 0.053478569 -0.998554289 -90.616439819 -0.030404367 0.998098493 0.053619377 3.256277561 0.999522924 0.030651357 -0.003789847 18.462339401
-0.004477246 0.056435935 -0.998396158 -91.791389465 -0.028874407 0.997982621 0.056542050 3.303751230 0.999572992 0.029081246 -0.002838659 18.443988800
-0.004764375 0.058618944 -0.998269081 -92.962837219 -0.027486358 0.997895539 0.058728199 3.350828171 0.999610782 0.027718583 -0.003143128 18.439376831
-0.003972873 0.060145743 -0.998181701 -94.131958008 -0.028722186 0.997770846 0.060235303 3.410192728 0.999579549 0.028909266 -0.002236500 18.423097610
-0.003624774 0.062530458 -0.998036385 -95.278823853 -0.030902030 0.997559309 0.062612787 3.448251724 0.999515831 0.031068312 -0.001683609 18.415021896
-0.003566890 0.061842121 -0.998079479 -96.441452026 -0.032828342 0.997540712 0.061926052 3.498454571 0.999454618 0.032986186 -0.001527944 18.404281616
-0.003545783 0.057763528 -0.998323977 -97.593978882 -0.035376746 0.997698128 0.057852957 3.547024965 0.999367714 0.035522584 -0.001494136 18.384923935
-0.002660668 0.056158345 -0.998418331 -98.768524170 -0.036660679 0.997745216 0.056218173 3.596399069 0.999324203 0.036752261 -0.000595866 18.372041702
-0.002505233 0.054332383 -0.998519778 -99.934928894 -0.036544893 0.997850835 0.054387674 3.646342754 0.999328852 0.036627050 -0.000514278 18.363729477
-0.001881439 0.054868527 -0.998491764 -101.102249146 -0.035413545 0.997863710 0.054900728 3.691545010 0.999370933 0.035463430 0.000065669 18.355834961
-0.002631577 0.057075504 -0.998366535 -102.261901855 -0.035619795 0.997730970 0.057133079 3.733392715 0.999361932 0.035711955 -0.000592589 18.357488632
-0.002683350 0.059191991 -0.998243034 -103.430183411 -0.034043975 0.997662544 0.059249084 3.781261444 0.999416769 0.034143150 -0.000661946 18.355579376
-0.003197003 0.058085520 -0.998306513 -104.594436646 -0.038367230 0.997569323 0.058165506 3.832323551 0.999258578 0.038488213 -0.000960652 18.340377808
-0.003343648 0.059276834 -0.998236001 -105.763473511 -0.041858144 0.997358263 0.059364922 3.886061668 0.999117911 0.041982803 -0.000853597 18.327747345
-0.003508784 0.058537774 -0.998278975 -106.940475464 -0.045558609 0.997239172 0.058636941 3.938350201 0.998955429 0.045685939 -0.000832197 18.305004120
-0.003885411 0.054387212 -0.998512328 -108.117240906 -0.046192046 0.997444212 0.054508772 3.992197514 0.998924971 0.046335131 -0.001363225 18.300106049
-0.004432198 0.050788522 -0.998699605 -109.301490784 -0.045909833 0.997645974 0.050938681 4.033386230 0.998935759 0.046075907 -0.002090072 18.287481308
-0.005497331 0.049702082 -0.998749018 -110.497734070 -0.042453360 0.997851908 0.049891122 4.081337452 0.999083340 0.042674508 -0.003375502 18.280488968
-0.006005204 0.049294155 -0.998766243 -111.674911499 -0.038372848 0.998037279 0.049488895 4.119749069 0.999245465 0.038622692 -0.004101859 18.280868530
-0.006341222 0.050996590 -0.998678684 -112.893943787 -0.037384320 0.997988522 0.051198721 4.170865059 0.999280810 0.037659597 -0.004421994 18.267412186
-0.007144820 0.055025805 -0.998459339 -114.130729675 -0.036686935 0.997798324 0.055251889 4.207846642 0.999301255 0.037025172 -0.005110361 18.257164001
-0.007609793 0.055014677 -0.998456478 -115.339248657 -0.034977999 0.997859776 0.055248387 4.270729542 0.999359131 0.035344440 -0.005669204 18.243320465
-0.008538727 0.050385155 -0.998693347 -116.558738708 -0.034857869 0.998107851 0.050653640 4.323536873 0.999355793 0.035244852 -0.006766251 18.230632782
-0.009011055 0.047020838 -0.998853326 -117.792793274 -0.035318434 0.998255610 0.047311332 4.363864422 0.999335468 0.035704255 -0.007334634 18.208105087
-0.009742365 0.045667026 -0.998909235 -119.038185120 -0.034366131 0.998351157 0.045976687 4.408811569 0.999361813 0.034776565 -0.008156905 18.199790955
-0.010512332 0.046531502 -0.998861551 -120.278984070 -0.036301069 0.998240530 0.046884615 4.457513809 0.999285638 0.036752608 -0.008804692 18.178894043
-0.010864693 0.051653236 -0.998606026 -121.544075012 -0.041168630 0.997795105 0.052059200 4.496990681 0.999093115 0.041676849 -0.008714246 18.150983810
-0.010939069 0.054866131 -0.998433769 -122.811805725 -0.046784401 0.997371972 0.055320363 4.547253132 0.998845041 0.047316283 -0.008343442 18.114255905
-0.010884446 0.054636374 -0.998446941 -124.073883057 -0.053962730 0.997018874 0.055146497 4.601659298 0.998483658 0.054479163 -0.007903671 18.082250595
-0.010359559 0.052577306 -0.998563111 -125.329330444 -0.057513893 0.996932209 0.053088114 4.651998043 0.998290837 0.057981227 -0.007303853 18.048091888
-0.011341305 0.051174715 -0.998625338 -126.603477478 -0.059712451 0.996872604 0.051763054 4.705322266 0.998151183 0.060217433 -0.008250068 18.031147003
-0.012207826 0.050274011 -0.998660862 -127.865394592 -0.059381045 0.996936142 0.050913073 4.749272823 0.998160720 0.059923060 -0.009185100 18.013031006
-0.012292413 0.050056648 -0.998670697 -129.154296875 -0.057516325 0.997057140 0.050683722 4.791398048 0.998269022 0.058062892 -0.009377163 17.990333557
-0.012949859 0.050784294 -0.998625755 -130.406265259 -0.057620153 0.997012019 0.051449433 4.834497452 0.998254657 0.058207221 -0.009984965 17.973337173
-0.013533792 0.055732522 -0.998353958 -131.671768188 -0.057559416 0.996746361 0.056423061 4.882351875 0.998250365 0.058228284 -0.010281827 17.951200485
-0.014136474 0.059978142 -0.998099566 -132.947631836 -0.056754742 0.996542037 0.060688373 4.932246208 0.998288035 0.057504810 -0.010683546 17.930467606
-0.013756955 0.058719099 -0.998179793 -134.203720093 -0.056883600 0.996611536 0.059410810 4.984951973 0.998286068 0.057597365 -0.010370187 17.893087387
-0.013229695 0.057108652 -0.998280287 -135.461776733 -0.056583934 0.996725082 0.057769563 5.040151596 0.998310208 0.057250898 -0.009954937 17.882675171
-0.011760505 0.056381870 -0.998340011 -136.711929321 -0.055462860 0.996835291 0.056950249 5.095201015 0.998391509 0.056040555 -0.008596186 17.858045578
-0.011138367 0.055501089 -0.998396456 -137.963836670 -0.055929463 0.996860802 0.056039680 5.142423630 0.998372555 0.056463968 -0.007999255 17.842479706
-0.010237856 0.057966396 -0.998266041 -139.214431763 -0.056027647 0.996716738 0.058451030 5.189840317 0.998376727 0.056528907 -0.006956521 17.825920105
-0.009616661 0.061661817 -0.998050809 -140.461593628 -0.057029404 0.996438563 0.062111713 5.242445469 0.998326063 0.057515558 -0.006065876 17.807361603
-0.008375436 0.062359642 -0.998018563 -141.712875366 -0.058631085 0.996306002 0.062744677 5.304350853 0.998244584 0.059040427 -0.004688283 17.788034439
-0.006816141 0.059751108 -0.998189986 -142.967147827 -0.060792334 0.996342123 0.060055625 5.356244087 0.998127162 0.061091650 -0.003158799 17.766954422
-0.006792131 0.056847319 -0.998359740 -144.210189819 -0.059372835 0.996598482 0.057150960 5.407666206 0.998212755 0.059663624 -0.003393841 17.756008148
-0.006835282 0.055345494 -0.998443723 -145.452529907 -0.056431171 0.996854722 0.055643722 5.452294350 0.998383105 0.056723695 -0.003690572 17.752277374
-0.007368086 0.054474078 -0.998487890 -146.683044434 -0.054526966 0.997007608 0.054795682 5.500676632 0.998485148 0.054848265 -0.004375733 17.743377686
-0.007307017 0.055379014 -0.998438656 -147.915267944 -0.052457992 0.997069299 0.055686969 5.539048195 0.998596430 0.052782994 -0.004380529 17.731807709
-0.007294816 0.053678449 -0.998531640 -149.167404175 -0.050604377 0.997258961 0.053979717 5.599288940 0.998692274 0.050923835 -0.004558456 17.717258453
-0.007086998 0.053539697 -0.998540580 -150.408920288 -0.049581576 0.997318625 0.053826075 5.651362419 0.998744965 0.049890678 -0.004413412 17.702726364
-0.007353164 0.056166977 -0.998394370 -151.642608643 -0.047851745 0.997257769 0.056455456 5.702435493 0.998827338 0.048190035 -0.004645312 17.692274094
-0.007536553 0.057543535 -0.998314500 -152.865798950 -0.045107119 0.997307122 0.057825990 5.751492500 0.998953819 0.045466896 -0.004920634 17.684673309
-0.007321402 0.056025416 -0.998402417 -154.092803955 -0.043122210 0.997482777 0.056290023 5.802884102 0.999042928 0.043465447 -0.004887034 17.666997910
-0.008508258 0.056454778 -0.998368919 -155.327087402 -0.043917328 0.997420728 0.056775428 5.852836132 0.998998940 0.044328760 -0.006006968 17.659801483
-0.008466537 0.061025254 -0.998100281 -156.556930542 -0.044678234 0.997116327 0.061344068 5.907704353 0.998965561 0.045112733 -0.005715619 17.645500183
-0.008033377 0.067836858 -0.997664154 -157.786926270 -0.049815610 0.996430397 0.068154097 5.959200382 0.998726130 0.050246753 -0.004625365 17.630203247
-0.006690774 0.068034127 -0.997660518 -159.027938843 -0.054171626 0.996193230 0.068297349 6.015411377 0.998509169 0.054501854 -0.002979783 17.606431961
-0.005395488 0.063891694 -0.997942209 -160.256866455 -0.058033038 0.996254802 0.064097404 6.080284119 0.998300135 0.058259450 -0.001667452 17.585231781
-0.003570360 0.058976442 -0.998252988 -161.479644775 -0.059824198 0.996458769 0.059084401 6.127293587 0.998202562 0.059930630 -0.000029499 17.569549561
-0.003182919 0.057454694 -0.998342991 -162.699249268 -0.062317632 0.996396184 0.057541333 6.180165291 0.998051286 0.062397517 0.000408992 17.560852051
-0.001670436 0.054381870 -0.998518825 -163.906906128 -0.057629842 0.996855378 0.054387692 6.221581459 0.998336613 0.057635337 0.001468835 17.564624786
-0.001323473 0.049750578 -0.998760819 -165.121231079 -0.054678880 0.997263849 0.049748473 6.272297382 0.998503089 0.054676965 0.001400454 17.554443359
-0.001660409 0.046076123 -0.998936534 -166.354827881 -0.048296291 0.997768521 0.046102524 6.315614700 0.998831689 0.048321474 0.000568601 17.557594299
-0.002950907 0.049013987 -0.998793721 -167.579803467 -0.045875546 0.997739851 0.049097806 6.360404015 0.998942792 0.045965098 -0.000695694 17.556987762
-0.002255342 0.055472884 -0.998457670 -168.810836792 -0.047038425 0.997349024 0.055517543 6.404021740 0.998890579 0.047091085 0.000359994 17.547094345
-0.000513137 0.058905069 -0.998263478 -170.022872925 -0.048124995 0.997105479 0.058861479 6.448324203 0.998841107 0.048071623 0.002323154 17.542926788
0.001001518 0.055418365 -0.998462737 -171.236358643 -0.048952978 0.997268856 0.055302992 6.500145912 0.998800576 0.048822336 0.003711676 17.538299561
0.001940309 0.055891398 -0.998434961 -172.465011597 -0.051339895 0.997125745 0.055718333 6.550471306 0.998679340 0.051151440 0.004804190 17.533500671
0.003001977 0.056799494 -0.998381078 -173.665878296 -0.049993526 0.997145653 0.056578893 6.597682476 0.998745024 0.049742736 0.005833015 17.531457901
0.003420474 0.054382626 -0.998514354 -174.870590210 -0.050192289 0.997270882 0.054142974 6.651022911 0.998733699 0.049932528 0.006140729 17.534265518
0.005597263 0.052946780 -0.998581648 -176.071838379 -0.050329503 0.997346580 0.052599184 6.693906307 0.998717010 0.049963702 0.008247197 17.529273987
0.006657083 0.054839760 -0.998472989 -177.230606079 -0.051459111 0.997190952 0.054426245 6.734326839 0.998652935 0.051018212 0.009460388 17.542043686
0.008432319 0.056928735 -0.998342633 -178.349563599 -0.051585041 0.997073591 0.056420658 6.765223503 0.998633027 0.051023789 0.011344314 17.536342621
0.008773131 0.058149870 -0.998269379 -179.438613892 -0.052413877 0.996962190 0.057613097 6.802342892 0.998586953 0.051817715 0.011794340 17.541784286
0.009192907 0.059698161 -0.998174131 -180.528717041 -0.052963577 0.996844232 0.059130844 6.832802773 0.998554111 0.052323282 0.012325723 17.540382385
0.008809284 0.060588520 -0.998123944 -181.579360962 -0.052198060 0.996829689 0.060049258 6.872327805 0.998597920 0.051571142 0.011943960 17.550148010
0.009546865 0.059848230 -0.998161852 -182.598175049 -0.052762996 0.996846914 0.059264738 6.905936718 0.998561382 0.052100215 0.012674536 17.552387238
0.011163184 0.059969280 -0.998137772 -183.575317383 -0.053517457 0.996805131 0.059290674 6.938358307 0.998504519 0.052755926 0.014336923 17.558719635
0.012199431 0.060702018 -0.998081386 -184.538223267 -0.054009750 0.996738493 0.059960209 6.970304489 0.998465896 0.053174641 0.015438142 17.571922302
0.011757590 0.059067659 -0.998184741 -185.474609375 -0.052710865 0.996902347 0.058370903 7.001966476 0.998540640 0.051928878 0.014834678 17.577352524
0.008339946 0.056072176 -0.998391867 -186.409484863 -0.050203238 0.997190952 0.055585369 7.031669617 0.998704135 0.049658928 0.011131526 17.586021423
0.003223940 0.052353717 -0.998623431 -187.334945679 -0.050066750 0.997384608 0.052127134 7.064982414 0.998740673 0.049829774 0.005836689 17.586658478
-0.001498992 0.049513727 -0.998772323 -188.258361816 -0.051743262 0.997431636 0.049524922 7.094903469 0.998659313 0.051753975 0.001066859 17.576042175
-0.005271669 0.048568498 -0.998806000 -189.186630249 -0.054149490 0.997340441 0.048783034 7.130887985 0.998518944 0.054341998 -0.002627689 17.561876297
-0.008034168 0.049593780 -0.998737156 -190.106140137 -0.055610046 0.997201622 0.049964868 7.154120445 0.998420179 0.055941235 -0.005253775 17.544452667
-0.010135594 0.051384378 -0.998627543 -191.027801514 -0.054252900 0.997179627 0.051860515 7.185886860 0.998475730 0.054704070 -0.007319257 17.533699036
-0.011896109 0.052646372 -0.998542428 -191.962829590 -0.051520575 0.997254431 0.053192262 7.221036434 0.998600960 0.052078258 -0.009151075 17.526281357
-0.013130764 0.053261772 -0.998494267 -192.863815308 -0.049429726 0.997324884 0.053849425 7.246931076 0.998691261 0.050062373 -0.010462922 17.513347626
-0.014030861 0.051414464 -0.998578846 -193.777984619 -0.050076786 0.997387826 0.052056760 7.290192604 0.998646736 0.050736018 -0.011419537 17.494487762
-0.014855114 0.050963555 -0.998590052 -194.682586670 -0.052028153 0.997307897 0.051672097 7.311996937 0.998535156 0.052722391 -0.012163581 17.474224091
-0.014527709 0.050151013 -0.998635948 -195.577728271 -0.055677477 0.997151196 0.050886419 7.346035480 0.998343050 0.056340799 -0.011694040 17.446985245
-0.013782844 0.048894949 -0.998708785 -196.502609253 -0.058036055 0.997080684 0.049616184 7.370331764 0.998219311 0.058644976 -0.010904939 17.429059982
-0.013186586 0.045956787 -0.998856425 -197.414001465 -0.057802610 0.997237682 0.046645407 7.403918266 0.998240948 0.058351599 -0.010493740 17.417333603
-0.012541583 0.043735232 -0.998964429 -198.331542969 -0.058045570 0.997326493 0.044392254 7.428561211 0.998235106 0.058542214 -0.009969415 17.399105072
-0.011679119 0.042742148 -0.999017835 -199.260482788 -0.057973430 0.997376442 0.043349665 7.466426849 0.998249710 0.058422778 -0.009170573 17.376344681
-0.011177273 0.046389453 -0.998860836 -200.198394775 -0.055477291 0.997355878 0.046940353 7.482457161 0.998397529 0.055938758 -0.008574158 17.372894287
-0.011388761 0.047486965 -0.998806953 -201.134155273 -0.054766454 0.997342765 0.048041821 7.512821198 0.998434305 0.055248253 -0.008757806 17.359188080
-0.009678430 0.044182230 -0.998976648 -202.066970825 -0.049830738 0.997760892 0.044611238 7.538914680 0.998710811 0.050211512 -0.007455125 17.344417572
-0.009564002 0.040843513 -0.999119818 -203.003372192 -0.048574369 0.997967005 0.041261364 7.569327354 0.998773873 0.048926238 -0.007560608 17.332202911
-0.009616488 0.040868919 -0.999118149 -203.947433472 -0.052507974 0.997765303 0.041318972 7.608744144 0.998574197 0.052859019 -0.007449053 17.320653915
-0.007707331 0.044692196 -0.998971045 -204.904174805 -0.053749051 0.997537971 0.045042772 7.638679028 0.998524785 0.054040913 -0.005286192 17.301782608
-0.006037429 0.044267714 -0.999001384 -205.862350464 -0.051619656 0.997673929 0.044520844 7.668071747 0.998648524 0.051836904 -0.003738301 17.295440674
-0.003846781 0.045408249 -0.998961091 -206.846252441 -0.050486002 0.997685730 0.045544684 7.705398083 0.998717368 0.050608754 -0.001545398 17.292022705
-0.002152293 0.050004121 -0.998746574 -207.828094482 -0.051344302 0.997426152 0.050048649 7.743126869 0.998678744 0.051387671 0.000420674 17.282960892
-0.000147691 0.054501198 -0.998513699 -208.830520630 -0.048750300 0.997326076 0.054443583 7.772484303 0.998811007 0.048685882 0.002509653 17.274297714
0.001155822 0.054667179 -0.998503983 -209.829132080 -0.048068170 0.997353375 0.054548550 7.820265770 0.998843312 0.047933202 0.003780515 17.284498215
0.002905825 0.055153355 -0.998473704 -210.831604004 -0.051361397 0.997168303 0.054931767 7.867215633 0.998675883 0.051123377 0.005730350 17.285146713
0.005528991 0.056878794 -0.998365819 -211.856246948 -0.054404922 0.996919453 0.056495089 7.913726330 0.998503685 0.054003656 0.008606443 17.284645081
0.009139206 0.057508484 -0.998303175 -212.881668091 -0.055729695 0.996822536 0.056913003 7.957567692 0.998404086 0.055114999 0.012315097 17.287155151
0.012085503 0.054766074 -0.998426139 -213.911178589 -0.058509480 0.996826947 0.053970128 8.003816605 0.998213708 0.057765126 0.015251489 17.291824341
