1.000000000 0.000000000 0.000000000 0.000000000 0.000000000 1.000000000 0.000000000 0.000000000 0.000000000 0.000000000 1.000000000 0.000000000
0.999933600 -0.002498924 0.011248988 0.015562275 0.002488114 0.999996424 0.000974841 -0.003533820 -0.011251384 -0.000946788 0.999936283 0.295584202
0.999828160 -0.004547842 0.017971156 0.025727691 0.004527167 0.999989033 0.001190951 -0.008754916 -0.017976377 -0.001109387 0.999837816 0.582581758
0.999778032 -0.007456627 0.019705908 0.039044309 0.007458420 0.999972165 -0.000017494 -0.012740557 -0.019705229 0.000164466 0.999805808 0.886885107
0.999814510 -0.008689823 0.017186839 0.049543574 0.008721986 0.999960363 -0.001797340 -0.010135538 -0.017170539 0.001946910 0.999850690 1.201336026
0.999881983 -0.011614656 0.010053700 0.056922588 0.011648993 0.999926507 -0.003363601 -0.011153275 -0.010013893 0.003480320 0.999943793 1.520472407
0.999910593 -0.013189331 -0.002182115 0.059529170 0.013176067 0.999895334 -0.005984663 -0.004526173 0.002260821 0.005955376 0.999979734 1.857695699
0.999747574 -0.012410452 -0.018727407 0.039316669 0.012293570 0.999904335 -0.006343510 -0.007626011 0.018804345 0.006111684 0.999804437 2.196511745
0.999224246 -0.007820696 -0.038595032 0.012284989 0.007595633 0.999953270 -0.005974602 -0.017403200 0.038639951 0.005676814 0.999237061 2.536814213
0.998293877 -0.004403759 -0.058222648 -0.032110080 0.003971875 0.999963760 -0.007531465 -0.016849816 0.058253713 0.007287363 0.998275220 2.888922691
0.996904612 -0.004144663 -0.078510590 -0.073903970 0.003519535 0.999961019 -0.008099061 -0.019103000 0.078541107 0.007797671 0.996880412 3.256739855
0.994974554 -0.005562262 -0.099973604 -0.117642649 0.004805724 0.999958038 -0.007806612 -0.020190008 0.100012816 0.007286935 0.994959474 3.626791477
0.992825627 -0.007458608 -0.119338565 -0.179774329 0.006722959 0.999955833 -0.006565806 -0.030818269 0.119382270 0.005716391 0.992831886 4.009661198
0.990572393 -0.005994291 -0.136859551 -0.256168664 0.005148765 0.999965429 -0.006531219 -0.030602600 0.136893958 0.005764988 0.990568936 4.405065536
0.988136649 -0.005051646 -0.153494313 -0.320509821 0.004282780 0.999976695 -0.005339324 -0.043568026 0.153517678 0.004618599 0.988135040 4.817042828
0.986005306 -0.004045351 -0.166664809 -0.405952573 0.003160506 0.999979496 -0.005574017 -0.047751684 0.166683912 0.004969266 0.985997856 5.230763435
0.983819485 -0.005844935 -0.179067269 -0.489087850 0.004766025 0.999967873 -0.006454780 -0.053371310 0.179099217 0.005496899 0.983815670 5.661280632
0.981960654 -0.009591304 -0.188842267 -0.579857469 0.008089753 0.999929249 -0.008720535 -0.061770745 0.188912585 0.007035535 0.981968701 6.115156651
0.980455279 -0.008597130 -0.196554318 -0.681418300 0.006641327 0.999921679 -0.010607409 -0.070361651 0.196630120 0.009094709 0.980435550 6.571603298
0.978983641 -0.007942394 -0.203784108 -0.792924583 0.005561842 0.999909461 -0.012251799 -0.077458635 0.203862965 0.010860895 0.978939176 7.029982090
0.977234125 -0.008791861 -0.211981744 -0.902458906 0.005683109 0.999867260 -0.015270020 -0.085342363 0.212087855 0.013717670 0.977154315 7.513624668
0.975504458 -0.012549599 -0.219621345 -1.019257903 0.009000342 0.999812305 -0.017153934 -0.096000776 0.219795406 0.014757070 0.975434363 8.010680199
0.973461926 -0.019241489 -0.228038579 -1.125327706 0.015414514 0.999709070 -0.018551456 -0.106142431 0.228329182 0.014544031 0.973475337 8.531643867
0.971419096 -0.020026540 -0.236524493 -1.250886440 0.015693884 0.999673069 -0.020186732 -0.130710870 0.236851439 0.015897794 0.971415758 9.027907372
0.969248772 -0.016137699 -0.245553076 -1.399525523 0.010294889 0.999632895 -0.025059627 -0.136695117 0.245867327 0.021761071 0.969059169 9.555989265
0.967015862 -0.013187121 -0.254374415 -1.554338098 0.006285700 0.999590278 -0.027924769 -0.156036332 0.254638463 0.025404772 0.966702580 10.101505280
0.964751065 -0.015471476 -0.262709111 -1.714329600 0.007801922 0.999513090 -0.030212242 -0.171944499 0.263048619 0.027097652 0.964401960 10.671637535
0.962411404 -0.018922124 -0.270935744 -1.870714903 0.010699303 0.999437153 -0.031794779 -0.195514545 0.271384895 0.027700838 0.962072194 11.224716187
0.960241318 -0.018443331 -0.278561354 -2.049668074 0.009269354 0.999371469 -0.034214802 -0.217883334 0.279017389 0.030272389 0.959808767 11.796860695
0.957971692 -0.017430574 -0.286332577 -2.240753651 0.006889372 0.999262273 -0.037780862 -0.245664641 0.286779940 0.034220353 0.957385123 12.387451172
0.955689490 -0.018055247 -0.293822080 -2.433609247 0.005743658 0.999071062 -0.042710599 -0.278194755 0.294320256 0.039130464 0.954905450 12.989356041
0.953638077 -0.020816648 -0.300235033 -2.612802982 0.006030410 0.998726428 -0.050091807 -0.311805993 0.300895274 0.045958906 0.952549100 13.585899353
0.952201962 -0.021585880 -0.304705799 -2.816799402 0.003933310 0.998283923 -0.058428600 -0.346068025 0.305444032 0.054437313 0.950652659 14.206998825
0.950978100 -0.021207808 -0.308530420 -3.031061649 0.000492455 0.997748435 -0.067065507 -0.388458371 0.309257984 0.063625880 0.948847294 14.820505142
0.949683130 -0.021217024 -0.312492698 -3.257208824 -0.002608661 0.997132540 -0.075629249 -0.440430224 0.313201278 0.072639003 0.946904719 15.465498924
0.948598146 -0.020581132 -0.315813243 -3.492696524 -0.005890267 0.996562183 -0.082637064 -0.493238270 0.316428363 0.080249570 0.945215940 16.106101990
0.946906388 -0.018630294 -0.320969135 -3.729060173 -0.010691755 0.995942771 -0.089350663 -0.554709315 0.321331531 0.088038430 0.942865491 16.771373749
0.945280969 -0.017672906 -0.325778395 -3.972199678 -0.014135289 0.995375872 -0.095012441 -0.622713923 0.325951129 0.094418421 0.940659940 17.430541992
0.943642557 -0.016204255 -0.330569327 -4.228891373 -0.018105557 0.994777739 -0.100447334 -0.693413258 0.330470681 0.100771509 0.938421190 18.107814789
0.941840470 -0.013494918 -0.335789174 -4.482859135 -0.022614000 0.994383633 -0.103391975 -0.768090487 0.335298479 0.104972295 0.936245680 18.802827835
0.940175653 -0.012253879 -0.340469748 -4.755601406 -0.025001539 0.994176805 -0.104820959 -0.845809460 0.339771569 0.107062384 0.934394479 19.500917435
0.937817812 -0.011694664 -0.346930802 -5.021105289 -0.026144877 0.994213879 -0.104188316 -0.923813879 0.346141845 0.106780119 0.932085752 20.211122513
0.935513556 -0.011616348 -0.353099674 -5.290515423 -0.026291145 0.994398773 -0.102370530 -1.008864045 0.352311134 0.105052412 0.929968238 20.912855148
0.932994664 -0.012042226 -0.359688580 -5.579603195 -0.025909415 0.994599044 -0.100505076 -1.090458155 0.358956248 0.103090033 0.927643776 21.631990433
0.929778874 -0.011046397 -0.367952853 -5.865193844 -0.026854364 0.994851053 -0.097724855 -1.167384505 0.367137790 0.100743636 0.924694836 22.333850861
0.926385999 -0.009234210 -0.376462072 -6.175649166 -0.027493978 0.995372772 -0.092071742 -1.245438457 0.375570267 0.095644414 0.921845496 23.074211121
0.922882915 -0.005695163 -0.385038435 -6.499048233 -0.030072838 0.995771050 -0.086808972 -1.326490283 0.383904487 0.091693707 0.918808818 23.818962097
0.919275343 -0.001966706 -0.393610060 -6.831243038 -0.033357270 0.996000946 -0.082882442 -1.401353359 0.392198950 0.089321539 0.915533602 24.567729950
0.915479064 -0.000025224 -0.402365506 -7.175311089 -0.035646439 0.996062994 -0.081166729 -1.476250052 0.400783420 0.088649333 0.911873877 25.307064056
0.911338627 -0.001064717 -0.411656111 -7.521731853 -0.035279818 0.996115446 -0.080680072 -1.542885780 0.410142899 0.088050015 0.907760978 26.069065094
0.907755852 -0.000093048 -0.419498831 -7.897106171 -0.036625754 0.996163785 -0.079475634 -1.616175056 0.417896897 0.087508939 0.904270113 26.833295822
0.903573632 0.000660815 -0.428432256 -8.269405365 -0.037609525 0.996260643 -0.077782705 -1.689406872 0.426778883 0.086395539 0.900219738 27.615337372
0.899792552 0.000022238 -0.436317980 -8.655927658 -0.036520943 0.996494532 -0.075264171 -1.762138009 0.434786946 0.083656877 0.896639168 28.408287048
0.896123409 0.000447340 -0.443804622 -9.059943199 -0.035601910 0.996849179 -0.070882022 -1.836539984 0.442374587 0.079319343 0.893315792 29.187162399
0.892193675 0.002475252 -0.451646209 -9.464159966 -0.035911676 0.997207761 -0.065475635 -1.900533795 0.450223058 0.074636325 0.889791310 29.970886230
0.888425887 0.002455684 -0.459013462 -9.892801285 -0.034481425 0.997517288 -0.061402570 -1.963761806 0.457722992 0.070379071 0.886304915 30.776559830
0.884731352 0.001351026 -0.466099381 -10.321842194 -0.032766309 0.997702122 -0.059303779 -2.030490160 0.464948177 0.067740276 0.882742584 31.575288773
0.881260335 0.001093082 -0.472629786 -10.753552437 -0.032537803 0.997765064 -0.058362044 -2.090632915 0.471509665 0.066810496 0.879326463 32.399829865
0.878087044 0.001890210 -0.478497207 -11.212440491 -0.032715999 0.997889280 -0.056094944 -2.151573420 0.477381140 0.064910762 0.876295626 33.228431702
0.874985039 -0.000556741 -0.484149486 -11.671298027 -0.029855326 0.998034239 -0.055104084 -2.202625513 0.483228385 0.062669702 0.873248339 34.060005188
0.872417212 -0.001291255 -0.488760024 -12.167668343 -0.029324111 0.998056769 -0.054979146 -2.265998840 0.487881243 0.062297206 0.870684147 34.906295776
0.870066047 -0.003195975 -0.492924750 -12.631398201 -0.027821459 0.998066545 -0.055579074 -2.318153620 0.492149323 0.062071353 0.868294954 35.756851196
0.868612409 -0.002828410 -0.495484054 -13.133947372 -0.028717211 0.998015404 -0.056040004 -2.377761602 0.494659185 0.062905967 0.866807401 36.622600555
0.868127286 -0.002814907 -0.496333539 -13.630050659 -0.028243884 0.998083353 -0.055061366 -2.441040277 0.495537311 0.061818659 0.866383970 37.481372833
0.867848396 -0.002502828 -0.496822715 -14.139267921 -0.027866527 0.998167813 -0.053705595 -2.498783827 0.496046960 0.060453046 0.866188705 38.365592957
0.867628694 -0.004115955 -0.497195572 -14.654529572 -0.025552960 0.998275101 -0.052855138 -2.568168640 0.496555537 0.058563441 0.866027117 39.243717194
0.866834044 -0.006269689 -0.498557210 -15.176540375 -0.023560358 0.998288870 -0.053518198 -2.630830050 0.498039633 0.058137596 0.865203202 40.150966644
0.865773082 -0.008932497 -0.500357151 -15.711163521 -0.020885898 0.998324513 -0.053961419 -2.693290472 0.500000775 0.057168745 0.864135981 41.068374634
0.864151597 -0.009276650 -0.503146112 -16.255416870 -0.019600494 0.998450875 -0.052072506 -2.752570391 0.502849758 0.054860447 0.862631202 42.004463196
0.862075806 -0.008672503 -0.506705105 -16.800781250 -0.018253334 0.998673379 -0.048147846 -2.816240549 0.506450474 0.050756142 0.860773921 42.915004730
0.859310031 -0.008609544 -0.511382520 -17.351852417 -0.016266935 0.998892486 -0.044151586 -2.877562761 0.511196196 0.046258528 0.858218312 43.830921173
0.855366588 -0.009161989 -0.517942190 -17.926834106 -0.014624470 0.999017954 -0.041823726 -2.946937084 0.517816782 0.043349244 0.854392588 44.754997253
0.849916577 -0.012363208 -0.526772141 -18.487182617 -0.013029967 0.998925865 -0.044467639 -3.005758524 0.526756108 0.044657603 0.848842561 45.662734985
0.843874335 -0.016789015 -0.536277890 -19.052719116 -0.010767250 0.998778999 -0.048211426 -3.057045698 0.536432683 0.046458628 0.842663407 46.552543640
0.837664723 -0.016372286 -0.545939386 -19.641784668 -0.011179824 0.998827219 -0.047107846 -3.125987053 0.546070337 0.045564085 0.836499214 47.446914673
0.831901968 -0.013277511 -0.554763854 -20.244966507 -0.012014797 0.999048412 -0.041927766 -3.183829069 0.554792643 0.041545164 0.830950677 48.333553314
0.826705039 -0.008006395 -0.562578499 -20.866563797 -0.015847446 0.999170721 -0.037507508 -3.242127657 0.562412202 0.039923079 0.825892568 49.228706360
0.822713494 -0.008058013 -0.568399131 -21.482063293 -0.017371995 0.999076128 -0.039308194 -3.293756008 0.568190753 0.042213604 0.821813464 50.099918365
0.818671703 -0.011191889 -0.574152708 -22.090856552 -0.016768189 0.998917937 -0.043381173 -3.351783752 0.574016869 0.045142435 0.817598164 50.991748810
0.815937459 -0.012509618 -0.578004718 -22.721446991 -0.020301599 0.998529255 -0.050269574 -3.412892818 0.577783644 0.052751254 0.814483464 51.855026245
0.812608957 -0.014068710 -0.582639456 -23.353157043 -0.019672429 0.998476744 -0.051546924 -3.476861238 0.582477272 0.053349424 0.811094403 52.733909607
0.809387684 -0.012364780 -0.587144494 -23.986772537 -0.019339859 0.998674750 -0.047691572 -3.541787624 0.586956143 0.049956255 0.808076024 53.583881378
0.806204021 -0.010090111 -0.591551483 -24.631406784 -0.018751830 0.998916447 -0.042594746 -3.598523140 0.591340244 0.045432728 0.805141330 54.450096130
0.802979946 -0.008177079 -0.595950067 -25.265642166 -0.019074123 0.999041140 -0.039408300 -3.658978939 0.595700800 0.043011300 0.802053988 55.314254761
0.799987912 -0.007779477 -0.599965632 -25.941553116 -0.020256680 0.998995841 -0.039963573 -3.715396643 0.599673867 0.044123691 0.799027085 56.192150116
0.796580672 -0.008955980 -0.604465783 -26.603626251 -0.020447185 0.998919070 -0.041746184 -3.769219875 0.604186118 0.045613829 0.795536578 57.050197601
0.792536855 -0.012040426 -0.609705031 -27.280929565 -0.019197335 0.998817027 -0.044678625 -3.825788498 0.609521627 0.047114175 0.791368186 57.917728424
0.788132370 -0.013166138 -0.615364850 -27.924173355 -0.018139234 0.998840153 -0.044602789 -3.889423609 0.615238428 0.046315152 0.786979437 58.739006042
0.783498764 -0.013102386 -0.621255100 -28.602130890 -0.017740723 0.998898566 -0.043440744 -3.950220585 0.621140003 0.045057293 0.782403290 59.585186005
0.778896749 -0.012078064 -0.627035737 -29.286743164 -0.018621117 0.998928428 -0.042372450 -4.012543201 0.626875699 0.044679876 0.777837157 60.398983002
0.773249328 -0.014418365 -0.633938134 -29.977235794 -0.017631274 0.998866022 -0.044224169 -4.065830708 0.633856893 0.045373440 0.772118270 61.255821228
0.767684698 -0.015783889 -0.640633285 -30.674436569 -0.017113533 0.998835146 -0.045116756 -4.126545429 0.640599132 0.045598939 0.766520321 62.094017029
0.762035668 -0.016793635 -0.647317231 -31.380622864 -0.017046385 0.998796940 -0.045979597 -4.188645840 0.647310674 0.046072505 0.760832667 62.921794891
0.756394565 -0.018799426 -0.653845489 -32.107612610 -0.015289284 0.998805702 -0.046405006 -4.264433384 0.653936982 0.045097321 0.755203724 63.753215790
0.750301123 -0.020331752 -0.660783470 -32.835437775 -0.014684654 0.998767853 -0.047405254 -4.326503754 0.660933137 0.045271598 0.749078035 64.578048706
0.744273663 -0.021471096 -0.667529583 -33.592567444 -0.013974477 0.998763621 -0.047706340 -4.392250538 0.667728484 0.044834945 0.743053496 65.396362305
0.737567484 -0.021483555 -0.674931526 -34.348159790 -0.012952521 0.998859763 -0.045948990 -4.456189156 0.675149083 0.042632554 0.736448407 66.228401184
0.731339514 -0.021629117 -0.681670487 -35.122791290 -0.012727740 0.998889983 -0.045349494 -4.516546249 0.681894839 0.041842002 0.730252504 67.044189453
0.724954247 -0.023319697 -0.688402176 -35.882816315 -0.011491445 0.998878062 -0.045938704 -4.582255840 0.688701212 0.041214198 0.723872900 67.839454651
0.717946529 -0.025895743 -0.695616424 -36.663341522 -0.010454564 0.998793960 -0.047972314 -4.642475605 0.696019769 0.041713923 0.716809928 68.661689758
0.712194264 -0.024954749 -0.701538801 -37.469108582 -0.011898176 0.998795271 -0.047607493 -4.707053661 0.701881707 0.042252809 0.711039364 69.455970764
0.706398547 -0.024564747 -0.707387865 -38.283088684 -0.011926865 0.998842597 -0.046595976 -4.773834229 0.707713783 0.041352253 0.705287933 70.266189575
0.701154172 -0.024493409 -0.712588847 -39.098171234 -0.012510411 0.998833299 -0.046641979 -4.833584309 0.712899983 0.041617990 0.700029612 71.067665100
0.696500123 -0.024776876 -0.717128754 -39.927440643 -0.013591630 0.998768806 -0.047708225 -4.898084164 0.717427850 0.042975731 0.695305824 71.856307983
0.691387355 -0.026941158 -0.721981764 -40.776161194 -0.014084871 0.998611987 -0.050751790 -4.966920853 0.722346961 0.045258168 0.690048277 72.652702332
0.686404526 -0.029619772 -0.726616561 -41.619590759 -0.012747709 0.998526633 -0.052746143 -5.037867069 0.727108240 0.045467883 0.685015559 73.437820435
0.681216121 -0.029915512 -0.731470942 -42.480468750 -0.013286266 0.998494983 -0.053209640 -5.113438129 0.731961906 0.045965780 0.679793358 74.232910156
0.676051140 -0.029391615 -0.736268222 -43.360214233 -0.013961109 0.998513877 -0.052679669 -5.179250240 0.736722410 0.045893278 0.674636185 75.041572571
0.671237528 -0.029590901 -0.740651429 -44.239082336 -0.013117496 0.998572230 -0.051783614 -5.249188900 0.741126239 0.044474605 0.669891000 75.821121216
0.665847600 -0.030728165 -0.745454669 -45.127986908 -0.012549049 0.998548925 -0.052369826 -5.324701786 0.745982230 0.044225071 0.664495826 76.613105774
0.661053300 -0.032118205 -0.749651253 -46.004066467 -0.011358669 0.998540640 -0.052797914 -5.391015053 0.750253022 0.043417271 0.659723759 77.383079529
0.656957865 -0.032256234 -0.753236890 -46.915790558 -0.011094281 0.998562574 -0.052438151 -5.469562054 0.753845572 0.042806271 0.655655682 78.152343750
0.652629435 -0.033170361 -0.756950796 -47.811920166 -0.009460671 0.998606622 -0.051916789 -5.545608997 0.757618129 0.041043684 0.651406288 78.927787781
0.648908556 -0.036237810 -0.760002911 -48.729820251 -0.006778407 0.998550177 -0.053399589 -5.620072842 0.760836184 0.039803054 0.647722185 79.700424194
0.644317389 -0.040728658 -0.763672829 -49.639785767 -0.004015115 0.998386919 -0.056634165 -5.693250179 0.764747679 0.039556611 0.643114507 80.468017578
0.640013158 -0.044854447 -0.767053545 -50.579166412 -0.000536797 0.998268247 -0.058822915 -5.761456013 0.768363714 0.038059201 0.638880849 81.241317749
0.632591784 -0.048433516 -0.772969425 -51.508781433 0.004554643 0.998258114 -0.058822401 -5.840696812 0.774471998 0.033689976 0.631710529 82.019851685
0.624962687 -0.051906921 -0.778926969 -52.439853668 0.009093202 0.998203337 -0.059223462 -5.927117825 0.780601621 0.029929509 0.624311924 82.753791809
0.615879297 -0.053006522 -0.786055326 -53.392131805 0.012048812 0.998251081 -0.057875331 -6.010342121 0.787748396 0.026173182 0.615440905 83.492507935
0.607303679 -0.050999075 -0.792831361 -54.367950439 0.011824636 0.998407185 -0.055165205 -6.090810299 0.794381797 0.024127087 0.606939316 84.232353210
0.598669171 -0.051173761 -0.799360096 -55.348106384 0.011619252 0.998406887 -0.055214357 -6.169676304 0.800912082 0.023767166 0.598310053 84.952003479
0.589149356 -0.052660763 -0.806306362 -56.328102112 0.011423366 0.998317063 -0.056854412 -6.252305984 0.807943404 0.024285011 0.588759422 85.649314880
0.578973711 -0.054691333 -0.813509881 -57.354896545 0.011715010 0.998202801 -0.058770478 -6.339922428 0.815262079 0.024496282 0.578573823 86.375236511
0.569368422 -0.056625929 -0.820129931 -58.386745453 0.012114597 0.998094499 -0.060503036 -6.416416645 0.821993232 0.024512978 0.568969429 87.084503174
0.558258474 -0.057252675 -0.827689290 -59.420665741 0.014912241 0.998147488 -0.058985572 -6.504838467 0.829533041 0.020586496 0.558077991 87.810874939
0.548837602 -0.056998745 -0.833983421 -60.456604004 0.016119879 0.998208702 -0.057614390 -6.594750881 0.835773528 0.018177228 0.548773229 88.465362549
0.539142609 -0.057799105 -0.840228796 -61.517654419 0.016544057 0.998176634 -0.058048602 -6.677043438 0.842051923 0.017395675 0.539115727 89.127014160
0.528331101 -0.058493659 -0.847021103 -62.591590881 0.016026696 0.998133242 -0.058932494 -6.769247055 0.848887086 0.017560922 0.528282285 89.797607422
0.517640591 -0.059419204 -0.853532374 -63.666969299 0.014950143 0.998061597 -0.060413890 -6.850331783 0.855467558 0.018512253 0.517525494 90.465438843
0.507765114 -0.060318701 -0.859381199 -64.751846313 0.014565388 0.998004377 -0.061442491 -6.943428516 0.861372471 0.018681141 0.507630408 91.101539612
0.497838408 -0.060439054 -0.865161240 -65.838348389 0.013403811 0.997985840 -0.062005069 -7.030104160 0.867166221 0.019272052 0.497645855 91.725692749
0.489325792 -0.058359414 -0.870146155 -66.976455688 0.012315980 0.998121381 -0.060016643 -7.119730949 0.872014105 0.018650984 0.489125282 92.353836060
0.481320053 -0.056884006 -0.874697208 -68.093765259 0.012938891 0.998244345 -0.057798736 -7.206884384 0.876449525 0.016502075 0.481211036 92.965827942
0.473696172 -0.056787975 -0.878855467 -69.204216003 0.012658055 0.998254895 -0.057680465 -7.297910690 0.880597413 0.016198415 0.473588318 93.560630798
0.465879500 -0.059845161 -0.882822096 -70.313232422 0.014377406 0.998090565 -0.060071837 -7.386882782 0.884731352 0.015293547 0.465850323 94.149772644
0.458752662 -0.063070074 -0.886322856 -71.447387695 0.017191982 0.997921109 -0.062112909 -7.479722977 0.888397634 0.013256815 0.458883196 94.737419128
0.452748865 -0.065995730 -0.889192283 -72.588340759 0.017904947 0.997728825 -0.064934663 -7.573514938 0.891458273 0.013478153 0.452902257 95.314971924
0.446993440 -0.069830596 -0.891807497 -73.729415894 0.020124268 0.997481167 -0.068018362 -7.671160698 0.894310832 0.012456793 0.447272778 95.890296936
0.442212582 -0.070856422 -0.894107044 -74.880729675 0.022826033 0.997440696 -0.067756012 -7.771843433 0.896619797 0.009553643 0.442698240 96.458152771
0.437829584 -0.067904405 -0.896489918 -76.009361267 0.024800053 0.997676373 -0.063456863 -7.882931232 0.898715854 0.005550290 0.438496292 97.026443481
0.433736712 -0.066270284 -0.898599267 -77.151008606 0.028279984 0.997801602 -0.059936076 -7.978857994 0.900595784 0.000584101 0.434657305 97.582962036
0.430623740 -0.065580629 -0.900145710 -78.274070740 0.029691095 0.997846127 -0.058494616 -8.071917534 0.902043045 -0.001537137 0.431643367 98.113441467
0.428017735 -0.065116793 -0.901421547 -79.458152771 0.031473603 0.997870028 -0.057139572 -8.175947189 0.903222144 -0.003914232 0.429155469 98.656425476
0.425711900 -0.064202845 -0.902578235 -80.593666077 0.032899816 0.997918367 -0.055467047 -8.262928963 0.904260457 -0.006081672 0.426937968 99.188842773
0.423788011 -0.063347600 -0.903543413 -81.744766235 0.035221048 0.997949481 -0.053446725 -8.349432945 0.905076325 -0.009173663 0.425150126 99.717689514
0.420902103 -0.064200148 -0.904831290 -82.861427307 0.036575347 0.997882247 -0.053788532 -8.438239098 0.906368315 -0.010454811 0.422358930 100.236679077
0.418690860 -0.064926669 -0.905804873 -83.979980469 0.038603820 0.997811794 -0.053677708 -8.514908791 0.907307982 -0.012493159 0.420281142 100.748832703
0.416150510 -0.063965261 -0.907043099 -85.094436646 0.042205583 0.997806311 -0.051002052 -8.598319054 0.908315718 -0.017057760 0.417937279 101.274742126
0.414272934 -0.063453242 -0.907938123 -86.191993713 0.043921951 0.997798324 -0.049692657 -8.673449516 0.909092307 -0.019292098 0.416147798 101.771797180
0.412448704 -0.065326482 -0.908635616 -87.296066284 0.047059916 0.997621655 -0.050362676 -8.748868942 0.909764469 -0.021988295 0.414542079 102.272735596
0.411150843 -0.066682853 -0.909125030 -88.376029968 0.048229791 0.997515202 -0.051354263 -8.825872421 0.910290539 -0.022732567 0.413345307 102.761573792
0.410518110 -0.067913651 -0.909319878 -89.443702698 0.048506495 0.997437000 -0.052596226 -8.910628319 0.910561323 -0.022516221 0.412760228 103.249092102
0.411194503 -0.068391465 -0.908978403 -90.530914307 0.047560770 0.997432828 -0.053531718 -8.991242409 0.910306036 -0.021219760 0.413391650 103.725875854
0.413700491 -0.068414859 -0.907838821 -91.577339172 0.045814816 0.997473359 -0.054292031 -9.069486618 0.909259558 -0.019131826 0.415789694 104.196609497
0.418265820 -0.068126984 -0.905766189 -92.620452881 0.043170102 0.997547448 -0.055095151 -9.152680397 0.907298207 -0.016057601 0.420180976 104.665283203
0.422554851 -0.070316277 -0.903605461 -93.632278442 0.043859441 0.997404277 -0.057105381 -9.220596313 0.905275524 -0.015501480 0.424542040 105.147521973
0.427990973 -0.070274904 -0.901046693 -94.640190125 0.043266423 0.997422457 -0.057240240 -9.299584389 0.902746737 -0.014486762 0.429928392 105.630813599
0.435071677 -0.068768837 -0.897765815 -95.644622803 0.042401973 0.997537673 -0.055862684 -9.387097359 0.899396896 -0.013762777 0.436916292 106.109001160
0.443347633 -0.067418434 -0.893810809 -96.655853271 0.041217644 0.997645915 -0.054805763 -9.465996742 0.895401657 -0.012542769 0.445082754 106.600425720
0.452051342 -0.066613138 -0.889501214 -97.636642456 0.040775858 0.997708261 -0.053993981 -9.544981956 0.891059518 -0.011862120 0.453731567 107.101898193
0.462140620 -0.066478901 -0.884311378 -98.651405334 0.039605785 0.997738600 -0.054307915 -9.616241455 0.885921717 -0.009925951 0.463728428 107.608421326
0.471429497 -0.066787742 -0.879371226 -99.620666504 0.038143240 0.997739434 -0.055329200 -9.697249413 0.881078482 -0.007458248 0.472911239 108.133979797
0.482151538 -0.068363637 -0.873416424 -100.587783813 0.037018549 0.997650146 -0.057652280 -9.773198128 0.875305355 -0.004535471 0.483549356 108.652557373
0.493893266 -0.069276989 -0.866758347 -101.543609619 0.035131257 0.997596979 -0.059716098 -9.847303391 0.868812621 -0.000956930 0.495140225 109.185707092
0.506052613 -0.067735456 -0.859838724 -102.494392395 0.032804187 0.997701705 -0.059289202 -9.923424721 0.861878574 0.001797146 0.507111609 109.745506287
0.518949270 -0.065037303 -0.852327287 -103.413009644 0.031140214 0.997877836 -0.057183545 -10.001879692 0.854237616 0.003133708 0.519873261 110.288604736
0.530969918 -0.062606893 -0.845074773 -104.322814941 0.030410927 0.998032451 -0.054831147 -10.081727982 0.846844852 0.003414182 0.531829119 110.863662720
0.543118894 -0.062359646 -0.837337017 -105.230941772 0.030941751 0.998047352 -0.054258715 -10.153621674 0.839085519 0.003560259 0.543987811 111.442016602
0.554760218 -0.061501440 -0.829734087 -106.105789185 0.030490179 0.998097122 -0.053595088 -10.242967606 0.831451416 0.004433677 0.555579782 112.019401550
0.566208601 -0.062996954 -0.821851075 -106.986320496 0.030412121 0.997992754 -0.055546448 -10.306832314 0.823700726 0.006456640 0.566987991 112.611541748
0.576394558 -0.064868391 -0.814592779 -107.831314087 0.033072881 0.997879326 -0.056062121 -10.384745598 0.816501975 0.005372969 0.577317595 113.224266052
0.588179052 -0.063800439 -0.806210160 -108.685401917 0.033317626 0.997948647 -0.054666672 -10.471987724 0.808044136 0.005292781 0.589098096 113.829658508
0.599098980 -0.061445355 -0.798313797 -109.516853333 0.032357834 0.998094499 -0.052539136 -10.543567657 0.800020814 0.005644437 0.599945545 114.443817139
0.608774543 -0.058190849 -0.791206300 -110.319503784 0.032438502 0.998298228 -0.048462793 -10.619906425 0.792679787 0.003837371 0.609626114 115.064971924
0.618796945 -0.055940978 -0.783556581 -111.120063782 0.030530000 0.998420179 -0.047170464 -10.690344810 0.784957409 0.005266963 0.619527280 115.683906555
0.628763914 -0.055921141 -0.775582850 -111.901863098 0.028961703 0.998402834 -0.048507713 -10.751570702 0.777056754 0.008037704 0.629379213 116.316192627
0.638230681 -0.054755751 -0.767895341 -112.665039062 0.026720971 0.998441935 -0.048986215 -10.824192047 0.769381285 0.010745600 0.638699412 116.948379517
0.647552133 -0.054287918 -0.760084808 -113.431396484 0.026710773 0.998463154 -0.048557561 -10.891874313 0.761552811 0.011141096 0.648006976 117.591697693
0.656501532 -0.051937100 -0.752534509 -114.168624878 0.026110679 0.998593628 -0.046140544 -10.956666946 0.753872633 0.010642152 0.656934381 118.242248535
0.665359795 -0.050393794 -0.744819939 -114.898757935 0.026466966 0.998684049 -0.043926615 -11.017493248 0.746053517 0.009513884 0.665818036 118.884712219
0.673306525 -0.049881335 -0.737678885 -115.614562988 0.026962686 0.998714566 -0.042922549 -11.078969002 0.738871634 0.009010228 0.673785985 119.547821045
0.680946887 -0.049049243 -0.730688334 -116.312751770 0.025705161 0.998740673 -0.043087609 -11.131590843 0.731881440 0.010557916 0.681350112 120.201759338
0.688350618 -0.048000570 -0.723788202 -117.005157471 0.025262903 0.998789370 -0.042212237 -11.190565109 0.724937916 0.010771833 0.688730001 120.859436035
0.695849240 -0.045388963 -0.716752112 -117.680633545 0.024324907 0.998917818 -0.039641842 -11.243520737 0.717775822 0.010149815 0.696200371 121.503067017
0.703101873 -0.042789061 -0.709800482 -118.342102051 0.023258051 0.999037623 -0.037186645 -11.292519569 0.710708737 0.009637426 0.703420520 122.166336060
0.710905194 -0.041315611 -0.702073097 -118.996566772 0.022381583 0.999096394 -0.036131684 -11.343068123 0.702931583 0.009972699 0.711187601 122.814331055
0.718012691 -0.040294167 -0.694862604 -119.630874634 0.021937003 0.999136984 -0.035270777 -11.399486542 0.695684135 0.010081665 0.718277037 123.472282410
0.725987136 -0.037340719 -0.686693788 -120.255508423 0.019025842 0.999233127 -0.034221318 -11.440253258 0.687445104 0.011779307 0.726140857 124.125801086
0.734998643 -0.034537710 -0.677188456 -120.859550476 0.018489307 0.999351442 -0.030900845 -11.491776466 0.677816451 0.010191337 0.735160530 124.778175354
0.744496226 -0.030758968 -0.666917801 -121.446853638 0.016641641 0.999482751 -0.027519761 -11.532492638 0.667419255 0.009389751 0.744622946 125.432197571
0.754565835 -0.028414879 -0.655608952 -122.024497986 0.014677899 0.999542952 -0.026428031 -11.577034950 0.656060219 0.010318725 0.754638016 126.089614868
0.764318287 -0.027453879 -0.644254506 -122.574584961 0.013087789 0.999547958 -0.027067302 -11.614250183 0.644706309 0.012256166 0.764332116 126.746505737
0.774392724 -0.028812062 -0.632049024 -123.122726440 0.013413765 0.999485791 -0.029127041 -11.649509430 0.632563233 0.014077614 0.774380803 127.413063049
0.784463704 -0.027826140 -0.619550109 -123.653366089 0.013022095 0.999511659 -0.028403176 -11.688246727 0.620037913 0.014213420 0.784443021 128.088409424
0.794645488 -0.026328603 -0.606502533 -124.171371460 0.012604588 0.999559283 -0.026876761 -11.719978333 0.606942892 0.013712781 0.794627130 128.771423340
0.804826081 -0.024098111 -0.593021274 -124.675277710 0.012493547 0.999641836 -0.023665849 -11.758479118 0.593379140 0.011637954 0.804838896 129.454437256
0.814487994 -0.022641396 -0.579738438 -125.178443909 0.012613021 0.999693096 -0.021322191 -11.787817955 0.580043375 0.010054414 0.814523518 130.158294678
0.823735476 -0.021065004 -0.566583037 -125.647079468 0.013112921 0.999750197 -0.018105306 -11.826033592 0.566822946 0.007484419 0.823805571 130.837951660
0.831907332 -0.020356912 -0.554541230 -126.118293762 0.013772818 0.999776542 -0.016039660 -11.849205017 0.554743826 0.005705914 0.832001626 131.543777466
0.839319050 -0.020559590 -0.543250263 -126.570686340 0.015257275 0.999781847 -0.014264848 -11.877664566 0.543425083 0.003684238 0.839449525 132.246170044
0.846011281 -0.020159731 -0.532783687 -127.027221680 0.015105962 0.999790072 -0.013843673 -11.911671638 0.532950938 0.003663693 0.846138120 132.965301514
0.852505624 -0.019586615 -0.522350967 -127.463279724 0.014376170 0.999798298 -0.014026773 -11.929462433 0.522520304 0.004448496 0.852615178 133.691375732
0.859419584 -0.017553547 -0.510969460 -127.912658691 0.012709211 0.999835074 -0.012971634 -11.952987671 0.511112809 0.004654057 0.859500885 134.433685303
0.865550041 -0.016445590 -0.500552237 -128.342941284 0.011930509 0.999854088 -0.012219980 -11.982325554 0.500680149 0.004605161 0.865620077 135.193817139
0.871653378 -0.016987355 -0.489828318 -128.764648438 0.012600753 0.999845505 -0.012251724 -12.004111290 0.489960790 0.004507051 0.871732831 135.939437866
0.876620173 -0.018393466 -0.480831295 -129.174102783 0.013686413 0.999817908 -0.013294335 -12.023608208 0.480988264 0.005073226 0.876712382 136.695434570
0.880954385 -0.018620810 -0.472834766 -129.615310669 0.013819672 0.999811709 -0.013625908 -12.049713135 0.472999454 0.005469379 0.881045699 137.512039185
0.884582639 -0.018058809 -0.466033876 -130.026626587 0.013596357 0.999823928 -0.012935814 -12.068486214 0.466185421 0.005106431 0.884672284 138.284973145
0.887685657 -0.016433347 -0.460156649 -130.445312500 0.013517044 0.999862194 -0.009631936 -12.086130142 0.460251540 0.002330173 0.887785435 139.095794678
0.890726209 -0.012372752 -0.454371899 -130.853668213 0.011067198 0.999923408 -0.005532834 -12.099563599 0.454405546 -0.000100383 0.890794873 139.900970459
0.894202173 -0.009565773 -0.447561115 -131.279129028 0.009528608 0.999951780 -0.002334458 -12.121457100 0.447561890 -0.002177156 0.894250333 140.726211548
0.897424936 -0.006985092 -0.441111952 -131.688201904 0.007715101 0.999970376 -0.000138645 -12.130319595 0.441099733 -0.003278801 0.897452056 141.557815552
0.900737822 -0.005420215 -0.434329450 -132.095672607 0.006968740 0.999973834 0.001973006 -12.135284424 0.434307367 -0.004803889 0.900751889 142.393798828
0.904135406 -0.003884065 -0.427228302 -132.520278931 0.006558962 0.999966919 0.004789602 -12.140467644 0.427195638 -0.007132623 0.904130995 143.268890381
0.907616377 -0.003962568 -0.419781923 -132.918518066 0.007471810 0.999949455 0.006715792 -12.145687103 0.419734150 -0.009231892 0.907600164 144.129608154
0.911094844 -0.004315746 -0.412174195 -133.316131592 0.008270142 0.999935269 0.007810817 -12.149756432 0.412113786 -0.010525135 0.911071479 145.022949219
0.914898336 -0.004927289 -0.403654218 -133.731079102 0.008864954 0.999929547 0.007886924 -12.152418137 0.403586954 -0.010794111 0.914877534 145.934005737
0.918710172 -0.007793814 -0.394855291 -134.137466431 0.011580559 0.999907136 0.007207937 -12.148913383 0.394762397 -0.011194652 0.918715060 146.891464233
0.923043311 -0.008961086 -0.384591490 -134.532684326 0.012177969 0.999908328 0.005929749 -12.149476051 0.384503067 -0.010156960 0.923067868 147.813369751
0.927429974 -0.010219864 -0.373857051 -134.908370972 0.012643763 0.999912024 0.004031604 -12.156560898 0.373782873 -0.008465991 0.927477539 148.751754761
0.932559133 -0.008313197 -0.360921353 -135.284240723 0.010194751 0.999942541 0.003309554 -12.159539223 0.360873163 -0.006765859 0.932590365 149.721084595
0.938826859 -0.005084400 -0.344351858 -135.653564453 0.007091436 0.999964416 0.004569197 -12.162471771 0.344316334 -0.006731634 0.938829601 150.699859619
0.945397556 -0.000792908 -0.325918436 -136.017929077 0.003558341 0.999962568 0.007888993 -12.171922684 0.325900018 -0.008617964 0.945364952 151.709442139
0.952101052 0.002239057 -0.305775434 -136.367080688 0.000716658 0.999954164 0.009553693 -12.169648170 0.305782855 -0.009315217 0.952055693 152.739089966
0.958566189 0.003841531 -0.284843743 -136.680206299 -0.000901801 0.999944985 0.010450942 -12.171358109 0.284868181 -0.009761048 0.958516955 153.783126831
0.964681566 0.005320039 -0.263365090 -136.981964111 -0.002314697 0.999928653 0.011720286 -12.166444778 0.263408631 -0.010696733 0.964624941 154.845977783
0.970363200 0.006099708 -0.241574213 -137.258239746 -0.002625783 0.999888539 0.014699684 -12.164013863 0.241636947 -0.013629712 0.970270932 155.915039062
0.975577891 0.008767746 -0.219478667 -137.513854980 -0.004858739 0.999819934 0.018343873 -12.157956123 0.219599962 -0.016829489 0.975444853 157.006820679
0.980383515 0.010871995 -0.196799234 -137.751724243 -0.006562615 0.999724507 0.022536263 -12.151745796 0.196990058 -0.020802664 0.980184734 158.104415894
0.984625816 0.013202057 -0.174177110 -137.961166382 -0.008827060 0.999626338 0.025868922 -12.138352394 0.174453557 -0.023933737 0.984374464 159.231719971
0.988328636 0.015064290 -0.151590750 -138.149978638 -0.011247511 0.999598622 0.026004255 -12.126242638 0.151921630 -0.023995733 0.988101244 160.355392456
0.991440058 0.014263391 -0.129781872 -138.303161621 -0.011259924 0.999652207 0.023846874 -12.107182503 0.130076855 -0.022181410 0.991255820 161.511215210
0.993998408 0.014645416 -0.108409904 -138.459609985 -0.012230068 0.999662697 0.022911282 -12.085396767 0.108708881 -0.021447916 0.993842185 162.684951782
0.996001244 0.013721354 -0.088280126 -138.562438965 -0.011559548 0.999621749 0.024952879 -12.070792198 0.088589124 -0.023832617 0.995783031 163.872268677
0.997606754 0.014095671 -0.067691192 -138.661651611 -0.012317950 0.999570012 0.026608184 -12.053624153 0.068037160 -0.025710689 0.997351348 165.062194824
0.998764753 0.014839545 -0.047420841 -138.725830078 -0.013549816 0.999532521 0.027404232 -12.031685829 0.047805350 -0.026727835 0.998498976 166.285003662
0.999504328 0.016302628 -0.026929969 -138.773223877 -0.015542797 0.999481797 0.028187502 -12.015666962 0.027375542 -0.027754964 0.999239802 167.498107910
0.999835074 0.017046915 -0.006265992 -138.791458130 -0.016858689 0.999438465 0.028955219 -11.996039391 0.006756071 -0.028844809 0.999561071 168.732360840
0.999722064 0.018990912 0.013970318 -138.781433105 -0.019383196 0.999405742 0.028502213 -11.975399971 -0.013420733 -0.028765082 0.999496102 169.989410400
0.999183476 0.020736722 0.034676339 -138.762771606 -0.021688413 0.999392033 0.027297821 -11.955357552 -0.034089193 -0.028027605 0.999025643 171.242126465
0.998308063 0.020900534 0.054260254 -138.701812744 -0.022267455 0.999446630 0.024710776 -11.932296753 -0.053713765 -0.025877200 0.998221040 172.523696899
0.997037470 0.023245512 0.073320799 -138.619003296 -0.024944177 0.999439299 0.022337476 -11.918891907 -0.072760440 -0.024100227 0.997058272 173.809234619
0.995476007 0.023104548 0.092160225 -138.503753662 -0.025100229 0.999473631 0.020554347 -11.907967567 -0.091636814 -0.022774601 0.995531976 175.103424072
0.993544579 0.023239994 0.111036271 -138.367752075 -0.025315324 0.999529541 0.017317267 -11.893296242 -0.110581562 -0.020016393 0.993665516 176.415298462
0.991249979 0.024286101 0.129744321 -138.208496094 -0.026076846 0.999586344 0.012120884 -11.888467789 -0.129396290 -0.015398149 0.991473377 177.726745605
0.988700390 0.026007030 0.147631764 -138.023010254 -0.027116371 0.999617100 0.005506208 -11.890732765 -0.147432059 -0.009447229 0.989027023 179.050949097
0.985908151 0.027881892 0.164947584 -137.812591553 -0.028332375 0.999598444 0.000378461 -11.899373055 -0.164870799 -0.005046485 0.986302257 180.377441406
0.982747793 0.030251829 0.182459891 -137.576416016 -0.030075271 0.999540627 -0.003735234 -11.914416313 -0.182489082 -0.001816737 0.983206153 181.718948364
0.979237974 0.032281712 0.200127199 -137.316635132 -0.031608082 0.999478698 -0.006561111 -11.934531212 -0.200234711 0.000099253 0.979747951 183.058090210
0.975509584 0.031782139 0.217648685 -137.030929565 -0.031159518 0.999494553 -0.006293004 -11.960136414 -0.217738703 -0.000642944 0.976006925 184.411285400
0.971657872 0.031010976 0.234348774 -136.711166382 -0.030159952 0.999518991 -0.007215318 -11.981866837 -0.234459817 -0.000057129 0.972125828 185.763473511
0.967298210 0.031277083 0.251706064 -136.370773315 -0.029156534 0.999500930 -0.012150739 -12.015570641 -0.251960486 0.004414512 0.967727423 187.135208130
0.962892473 0.032486483 0.267923117 -136.004470825 -0.029145651 0.999440014 -0.016438156 -12.046498299 -0.268307060 0.008019379 0.963300049 188.495666504
0.958055496 0.034574099 0.284489989 -135.608886719 -0.031124378 0.999377012 -0.016639214 -12.082701683 -0.284888029 0.007086717 0.958534539 189.870986938
0.952589273 0.036718402 0.302035570 -135.187606812 -0.033028007 0.999304354 -0.017318271 -12.123035431 -0.302461356 0.006521566 0.953139365 191.252258301
0.946747243 0.040551197 0.319413960 -134.746170044 -0.035937015 0.999147415 -0.020328946 -12.163463593 -0.319965929 0.007767593 0.947397113 192.623489380
0.940745413 0.040867146 0.336642146 -134.266387939 -0.034697510 0.999101758 -0.024325276 -12.212122917 -0.337333888 0.011203242 0.941318452 194.003967285
0.934359252 0.042103030 0.353836268 -133.763229370 -0.034934524 0.999034941 -0.026625298 -12.263166428 -0.354615778 0.012516496 0.934928358 195.376831055
0.927655756 0.042637937 0.370994538 -133.228683472 -0.033160307 0.998941123 -0.031891167 -12.324298859 -0.371961445 0.017281735 0.928087234 196.752059937
0.919643402 0.045991302 0.390052259 -132.674682617 -0.033888988 0.998708367 -0.037856754 -12.390391350 -0.391289562 0.021596238 0.920014203 198.122650146
0.910186172 0.049728069 0.411203414 -132.079498291 -0.035817169 0.998497486 -0.041471101 -12.462613106 -0.412647903 0.023018276 0.910599768 199.489349365
0.898960829 0.052413862 0.434881777 -131.461044312 -0.037528064 0.998380542 -0.042753499 -12.543746948 -0.436418355 0.022113450 0.899472058 200.838638306
