1.000000000 0.000000000 0.000000000 0.000000000 0.000000000 1.000000000 0.000000000 0.000000000 0.000000000 0.000000000 1.000000000 0.000000000
0.999933839 -0.002512862 0.011226792 0.015830355 0.002501666 0.999996364 0.001011122 -0.003898981 -0.011229292 -0.000982969 0.999936461 0.295658559
0.999829292 -0.004536641 0.017912000 0.026323544 0.004516168 0.999989092 0.001183232 -0.008707589 -0.017917173 -0.001102136 0.999838889 0.582393289
0.999777198 -0.007469440 0.019741565 0.039718591 0.007471035 0.999972105 -0.000007067 -0.012534889 -0.019740961 0.000154556 0.999805093 0.888525605
0.999817371 -0.008604376 0.017065687 0.053622045 0.008639254 0.999960721 -0.001971057 -0.007236589 -0.017048057 0.002118132 0.999852419 1.205309749
0.999883115 -0.011553550 0.010014682 0.056954063 0.011587919 0.999927163 -0.003380612 -0.010423979 -0.009974894 0.003496267 0.999944150 1.520697951
0.999910295 -0.013249911 -0.001955136 0.055026829 0.013238878 0.999896884 -0.005551423 -0.010985343 0.002028491 0.005525040 0.999982655 1.854725718
0.999749422 -0.012423226 -0.018621244 0.036449574 0.012317199 0.999907315 -0.005797645 -0.016088942 0.018691543 0.005566831 0.999809802 2.190261841
0.999226570 -0.007871946 -0.038526110 0.009512477 0.007668589 0.999955833 -0.005423360 -0.025680991 0.038567096 0.005123724 0.999242842 2.530663967
0.998298347 -0.004439177 -0.058144964 -0.036573321 0.004034212 0.999966800 -0.007080297 -0.025288921 0.058174472 0.006833680 0.998282969 2.882851839
0.996920407 -0.004264837 -0.078303941 -0.073002055 0.003693990 0.999965549 -0.007433548 -0.030523878 0.078332931 0.007121402 0.996901810 3.245031357
0.995017946 -0.005832627 -0.099525921 -0.121612266 0.005176025 0.999963105 -0.006854247 -0.033456258 0.099562228 0.006304949 0.995011389 3.621694088
0.992791593 -0.007304243 -0.119630367 -0.176381677 0.006608825 0.999958932 -0.006208764 -0.037477721 0.119670793 0.005373393 0.992799044 4.013091087
0.990526795 -0.006407335 -0.137169957 -0.249296218 0.005698011 0.999968290 -0.005563167 -0.042524546 0.137201265 0.004728870 0.990531921 4.407161713
0.988194048 -0.005132967 -0.153121427 -0.323313534 0.004423033 0.999977767 -0.004976697 -0.048672676 0.153143615 0.004240681 0.988194823 4.816180229
0.985973358 -0.004618934 -0.166839004 -0.405526876 0.003816412 0.999979436 -0.005130454 -0.056988731 0.166859344 0.004421764 0.985970795 5.235373497
0.983850777 -0.005994892 -0.178890496 -0.497052968 0.004975894 0.999968767 -0.006144365 -0.062336266 0.178921759 0.005154998 0.983849883 5.664161205
0.982085407 -0.010114839 -0.188164786 -0.584250689 0.008743682 0.999928951 -0.008115623 -0.073270209 0.188233450 0.006324982 0.982103944 6.105778694
0.980497241 -0.009027084 -0.196325451 -0.680187523 0.007171193 0.999922693 -0.010161949 -0.079121560 0.196401998 0.008555876 0.980486095 6.570330620
0.978937745 -0.009004263 -0.203960463 -0.784170568 0.006698159 0.999905646 -0.011994143 -0.085578658 0.204049230 0.010375358 0.978905559 7.039038658
0.977246106 -0.009840662 -0.211880207 -0.898295879 0.006904753 0.999869704 -0.014591902 -0.095720150 0.211996183 0.012796897 0.977186620 7.520141602
0.975560844 -0.013147104 -0.219335675 -1.012070894 0.009771758 0.999816656 -0.016466761 -0.103912309 0.219511956 0.013921037 0.975510478 8.010297775
0.973557889 -0.019724865 -0.227587149 -1.120581627 0.016095800 0.999712169 -0.017790953 -0.114961192 0.227872550 0.013657329 0.973595142 8.524723053
0.971491933 -0.020316679 -0.236200616 -1.249710917 0.015998039 0.999668300 -0.020186104 -0.130492210 0.236532360 0.015831891 0.971494675 9.037581444
0.969444752 -0.016378665 -0.244762331 -1.405595779 0.010589699 0.999632537 -0.024948778 -0.137317181 0.245081052 0.021594500 0.969262064 9.576609612
0.967254817 -0.013271642 -0.253459960 -1.563098788 0.006396607 0.999589384 -0.027929638 -0.155244485 0.253726572 0.025393793 0.966942608 10.118385315
0.964968443 -0.015814682 -0.261888802 -1.717923045 0.008302575 0.999522507 -0.029766096 -0.175284639 0.262234509 0.026548989 0.964638889 10.670348167
0.962506950 -0.018912533 -0.270597339 -1.871350884 0.010715264 0.999438882 -0.031738672 -0.198445886 0.271045774 0.027649172 0.962169230 11.243780136
0.960331500 -0.018412817 -0.278252810 -2.049474239 0.009282894 0.999375522 -0.034093704 -0.221960276 0.278706729 0.030158259 0.959902644 11.815762520
0.957974494 -0.017446565 -0.286322504 -2.238961697 0.006924863 0.999264359 -0.037719317 -0.248509109 0.286769927 0.034151398 0.957390547 12.414492607
0.955600381 -0.018383773 -0.294091791 -2.427121162 0.006094603 0.999071538 -0.042648923 -0.281706512 0.294602782 0.038962957 0.954825103 13.008753777
0.953829765 -0.020096859 -0.299674779 -2.620053530 0.005249100 0.998721898 -0.050269261 -0.316288948 0.300301969 0.046375286 0.952716291 13.616047859
0.952421069 -0.020918993 -0.304066747 -2.824232578 0.003246156 0.998281479 -0.058511287 -0.351253837 0.304768205 0.054740332 0.950852215 14.234302521
0.951165736 -0.020806078 -0.307978719 -3.041760445 0.000050988 0.997736394 -0.067246467 -0.392253697 0.308680683 0.063946828 0.949013710 14.857948303
0.949919462 -0.019942574 -0.311857849 -3.263666868 -0.003921343 0.997122288 -0.075708047 -0.446916699 0.312470227 0.073139459 0.947107673 15.496826172
0.948698640 -0.019411091 -0.315585583 -3.495939732 -0.007150322 0.996541321 -0.082790412 -0.499596953 0.316101104 0.080799662 0.945278525 16.142686844
0.946994662 -0.017441977 -0.320775568 -3.729198933 -0.011973149 0.995914936 -0.089499436 -0.560278058 0.321026206 0.088596173 0.942917168 16.805898666
0.945391536 -0.016649606 -0.325511277 -3.970559597 -0.015220875 0.995349646 -0.095117651 -0.628547907 0.325581223 0.094877981 0.940741777 17.461692810
0.943785727 -0.015383177 -0.330199629 -4.227667809 -0.018915169 0.994766593 -0.100407556 -0.701395512 0.330016166 0.101009004 0.938555598 18.138729095
0.942036271 -0.011921340 -0.335299164 -4.482913971 -0.024232177 0.994341075 -0.103434376 -0.775716901 0.334634840 0.105563954 0.936416388 18.826931000
0.940363526 -0.010865276 -0.339997768 -4.754137993 -0.026499012 0.994112909 -0.105059549 -0.851492405 0.339137584 0.107803777 0.934539378 19.524740219
0.937980294 -0.010577207 -0.346527368 -5.019757271 -0.027331460 0.994167566 -0.104326196 -0.931508183 0.345609725 0.107327007 0.932220280 20.238237381
0.935764372 -0.009951561 -0.352485299 -5.292691708 -0.028015176 0.994343936 -0.102446496 -1.016729116 0.351511091 0.105740748 0.930192888 20.938890457
0.933294654 -0.010255847 -0.358964771 -5.583841801 -0.027769329 0.994537890 -0.100613780 -1.098912597 0.358035952 0.103870533 0.927912295 21.656883240
0.930124402 -0.009264909 -0.367127657 -5.873726845 -0.028587002 0.994821846 -0.097531192 -1.181943059 0.366130203 0.101211220 0.925043225 22.367763519
0.926753402 -0.007487577 -0.375595450 -6.184231758 -0.029208852 0.995338619 -0.091912933 -1.259144068 0.374532819 0.096151337 0.922214746 23.106185913
0.923321784 -0.004063489 -0.384005636 -6.508748055 -0.031650994 0.995736837 -0.086639926 -1.340159774 0.382720530 0.092150688 0.919256866 23.849081039
0.919650614 0.000590865 -0.392737061 -6.835506439 -0.035896040 0.995939612 -0.082557388 -1.421234250 0.391093642 0.090021685 0.915937662 24.600149155
0.915783286 0.001242907 -0.401670963 -7.176699638 -0.036915045 0.996023595 -0.081081830 -1.490617752 0.399973005 0.089081086 0.912187517 25.359863281
0.911945641 0.001063846 -0.410309792 -7.535040855 -0.037312746 0.996068239 -0.080347903 -1.562742233 0.408611029 0.088582717 0.908399761 26.111972809
0.907971680 0.001317727 -0.419029534 -7.893392563 -0.037874285 0.996160030 -0.078935049 -1.636572957 0.417316437 0.087541215 0.904534996 26.886615753
0.904010594 0.002012849 -0.427505314 -8.269466400 -0.038693495 0.996269882 -0.077131175 -1.704527736 0.425755382 0.086269081 0.900716364 27.663629532
0.900192380 0.001232291 -0.435490876 -8.655275345 -0.037489358 0.996503115 -0.074673548 -1.780662298 0.433875948 0.083546825 0.897090673 28.442592621
0.896338642 0.002005727 -0.443365574 -9.047414780 -0.037135031 0.996815681 -0.070565298 -1.851145744 0.441812247 0.079714783 0.893558919 29.224266052
0.892384291 0.003542528 -0.451262444 -9.453016281 -0.036872990 0.997197986 -0.065089136 -1.912667871 0.449767381 0.074723922 0.890014410 30.023399353
0.888639331 0.003656096 -0.458591968 -9.874606133 -0.035406105 0.997530580 -0.060655661 -1.979450583 0.457237810 0.070137955 0.886574447 30.826948166
0.884863675 0.002537316 -0.465843141 -10.309465408 -0.034002963 0.997669518 -0.059154201 -2.036913395 0.464607477 0.068183444 0.882887840 31.645071030
0.881723940 0.002761678 -0.471757531 -10.747772217 -0.034159966 0.997731686 -0.058004905 -2.099341869 0.470527202 0.067259543 0.879818261 32.440307617
0.878569365 0.003581978 -0.477601349 -11.206167221 -0.034302868 0.997862697 -0.055617783 -2.162765265 0.476381421 0.065247171 0.876814425 33.272796631
0.875517905 0.001467225 -0.483183444 -11.669303894 -0.031835314 0.997997642 -0.054654401 -2.214406967 0.482135683 0.063233204 0.873811543 34.103519440
0.873022974 0.000568503 -0.487678736 -12.167295456 -0.031174652 0.998019099 -0.054644201 -2.275044918 0.486681551 0.062908858 0.871311367 34.952362061
0.870703399 -0.001131456 -0.491807193 -12.628881454 -0.029836601 0.998033881 -0.055119280 -2.331265450 0.490902603 0.062666401 0.868957758 35.795581818
0.869271576 -0.000626269 -0.494334400 -13.129409790 -0.030750757 0.997993946 -0.055338606 -2.392633200 0.493377358 0.063305438 0.867508650 36.665210724
0.868854165 -0.000253088 -0.495068073 -13.634349823 -0.030902406 0.998022020 -0.054744534 -2.450487137 0.494102687 0.062863804 0.867127836 37.527942657
0.868653238 -0.000174934 -0.495420605 -14.143966675 -0.030133631 0.998129725 -0.053187694 -2.510310173 0.494503409 0.061130475 0.867023408 38.412040710
0.868361115 -0.001359770 -0.495930612 -14.664247513 -0.028475322 0.998209774 -0.052596476 -2.574937105 0.495114237 0.059794519 0.866767824 39.299373627
0.867682278 -0.003601068 -0.497106194 -15.186405182 -0.026358893 0.998233736 -0.053239834 -2.636901140 0.496419907 0.059298430 0.866054773 40.207733154
0.866554677 -0.006174303 -0.499043852 -15.719083786 -0.023722464 0.998283803 -0.053543430 -2.700552225 0.498517960 0.058236871 0.864920974 41.122634888
0.864842236 -0.006596942 -0.502000391 -16.259946823 -0.022380216 0.998412967 -0.051676895 -2.759576559 0.501544774 0.055927236 0.863322079 42.061603546
0.862916589 -0.005989489 -0.505310833 -16.801870346 -0.021096127 0.998631120 -0.047862593 -2.821341991 0.504905820 0.051961530 0.861609042 42.961837769
0.860194623 -0.005794175 -0.509932935 -17.353370667 -0.019172914 0.998860955 -0.043692049 -2.883582830 0.509605348 0.047360569 0.859103799 43.882671356
0.855972409 -0.006481068 -0.516980886 -17.922597885 -0.017625466 0.998974442 -0.041706260 -2.947266102 0.516721010 0.044811431 0.854980290 44.822242737
0.850825191 -0.009775997 -0.525357902 -18.487806320 -0.015938597 0.998886704 -0.044400353 -3.000894070 0.525207043 0.046150405 0.849722087 45.723922729
0.844745457 -0.013672363 -0.534993529 -19.053712845 -0.013998534 0.998767138 -0.047628056 -3.062454939 0.534985185 0.047722712 0.843512475 46.619258881
0.838625491 -0.013478060 -0.544541717 -19.649986267 -0.014271713 0.998806953 -0.046700921 -3.126137972 0.544521451 0.046936125 0.837432623 47.526592255
0.832900763 -0.010103428 -0.553330302 -20.254787445 -0.015333220 0.999028146 -0.041321903 -3.185136795 0.553210020 0.042901374 0.831936479 48.414794922
0.827750325 -0.005078275 -0.561073840 -20.878675461 -0.019029692 0.999129713 -0.037117563 -3.242149830 0.560774088 0.041401125 0.826933146 49.310920715
0.823645473 -0.005166259 -0.567081451 -21.490570068 -0.020170050 0.999058962 -0.038397249 -3.297260761 0.566746235 0.043063786 0.822766185 50.185752869
0.820076525 -0.007542145 -0.572204292 -22.106773376 -0.020334749 0.998897552 -0.042309850 -3.359028578 0.571892619 0.046332940 0.819018900 51.065429688
0.817092299 -0.009535224 -0.576428115 -22.730262756 -0.023445509 0.998486340 -0.049751118 -3.411769390 0.576029897 0.054165900 0.815631926 51.936515808
0.813889027 -0.011027511 -0.580915749 -23.363172531 -0.023014795 0.998423278 -0.051197816 -3.474677563 0.580564320 0.055038996 0.812352002 52.814426422
0.810575902 -0.009535113 -0.585555971 -23.988090515 -0.022219490 0.998646796 -0.047019910 -3.539529562 0.585211933 0.051123958 0.809267163 53.661281586
0.807528973 -0.007053209 -0.589785695 -24.633407593 -0.021882832 0.998881757 -0.041907329 -3.596881390 0.589421809 0.046747562 0.806471646 54.528083801
0.804543495 -0.004756559 -0.593874693 -25.280340195 -0.022630321 0.998996258 -0.038659438 -3.657209396 0.593462348 0.044542775 0.803628206 55.394096375
0.801368833 -0.004725891 -0.598151922 -25.930667877 -0.023315879 0.998961985 -0.039129872 -3.711510181 0.597715974 0.045303892 0.800426841 56.240894318
0.797863066 -0.005881192 -0.602809966 -26.590496063 -0.023648744 0.998877347 -0.041046187 -3.763360023 0.602374494 0.047004942 0.796828270 57.105453491
0.793854713 -0.008988669 -0.608041108 -27.267749786 -0.022395639 0.998780251 -0.044004578 -3.819026709 0.607694864 0.048550706 0.792685151 57.970932007
0.789501548 -0.010370182 -0.613660991 -27.906276703 -0.021118641 0.998806119 -0.044048745 -3.876808643 0.613385141 0.047736231 0.788339972 58.793354034
0.785046279 -0.010358422 -0.619350493 -28.584312439 -0.020761816 0.998858333 -0.043021806 -3.936554670 0.619089127 0.046632949 0.783934951 59.637920380
0.780285418 -0.009384911 -0.625353277 -29.263240814 -0.021756336 0.998874843 -0.042136982 -3.996047974 0.625045240 0.046484254 0.779203296 60.455474854
0.774776220 -0.011937094 -0.632122874 -29.951934814 -0.019891910 0.998866439 -0.043243710 -4.057701111 0.631922603 0.046078324 0.773660541 61.312561035
0.769499660 -0.013276258 -0.638509214 -30.652790070 -0.019438952 0.998833716 -0.044195190 -4.117121220 0.638351440 0.046420131 0.768344045 62.149021149
0.763744295 -0.014257653 -0.645361423 -31.354633331 -0.019274961 0.998806596 -0.044876844 -4.179927349 0.645231009 0.046713758 0.762558043 62.980941772
0.757946372 -0.016627258 -0.652104914 -32.077468872 -0.017500691 0.998796880 -0.045808334 -4.244879723 0.652082026 0.046132550 0.756743550 63.817993164
0.751761556 -0.018250780 -0.659182429 -32.804546356 -0.016727768 0.998767495 -0.046729974 -4.308367729 0.659222782 0.046156447 0.750529706 64.647460938
0.745547056 -0.019674093 -0.666162491 -33.558479309 -0.015401836 0.998788536 -0.046734910 -4.375070572 0.666275024 0.045103200 0.744340777 65.472694397
0.739148259 -0.019630719 -0.673256695 -34.315696716 -0.014457999 0.998882353 -0.044998266 -4.438528538 0.673387647 0.042994328 0.738038361 66.300041199
0.732798994 -0.019743210 -0.680158734 -35.084850311 -0.014193413 0.998917997 -0.044287853 -4.496620655 0.680297136 0.042107869 0.731725872 67.116439819
0.726157546 -0.021493990 -0.687192380 -35.841869354 -0.013169981 0.998892903 -0.045160107 -4.559712410 0.687402189 0.041843656 0.725070596 67.920944214
0.719397247 -0.024106840 -0.694180310 -36.623825073 -0.011735444 0.998833060 -0.046848275 -4.618590355 0.694499731 0.041849039 0.718274832 68.738693237
0.713541567 -0.023321895 -0.700224578 -37.426616669 -0.013050754 0.998829961 -0.046566296 -4.682438850 0.700491250 0.042365450 0.712402403 69.535285950
0.708144426 -0.022867782 -0.705697119 -38.246780396 -0.013166974 0.998873889 -0.045580670 -4.746916771 0.705944836 0.041569598 0.707045853 70.345466614
0.703018069 -0.022691706 -0.710809827 -39.057662964 -0.013835039 0.998865306 -0.045570895 -4.806999207 0.711037397 0.041871246 0.701906383 71.141540527
0.698328793 -0.022987219 -0.715407789 -39.887336731 -0.014831464 0.998804867 -0.046570614 -4.868573666 0.715623438 0.043132156 0.697153211 71.943122864
0.693122864 -0.025024094 -0.720385075 -40.736373901 -0.015439466 0.998652518 -0.049545486 -4.940414429 0.720654070 0.045463461 0.691802442 72.744644165
0.688301921 -0.028107107 -0.724879622 -41.582572937 -0.013896953 0.998554826 -0.051914532 -5.005896568 0.725291193 0.045806486 0.686916649 73.534103394
0.682720482 -0.028312469 -0.730130970 -42.438480377 -0.014688444 0.998515248 -0.052454337 -5.078556538 0.730531991 0.046536140 0.681290925 74.338127136
0.678000391 -0.027877670 -0.734532714 -43.312850952 -0.014691341 0.998567045 -0.051459182 -5.145847321 0.734914720 0.045680620 0.676619291 75.133422852
0.673357427 -0.027818829 -0.738793612 -44.193107605 -0.013960080 0.998635232 -0.050326630 -5.217790604 0.739185333 0.044201430 0.672050059 75.914329529
0.667659223 -0.029107956 -0.743897676 -45.080062866 -0.013364186 0.998605728 -0.051068973 -5.289493084 0.744347036 0.044038262 0.666339278 76.718719482
0.663043618 -0.030411765 -0.747962713 -45.956466675 -0.012204275 0.998602509 -0.051421326 -5.356338978 0.748481154 0.043222927 0.661745906 77.488487244
0.658868492 -0.030791707 -0.751627624 -46.865776062 -0.011661732 0.998623788 -0.051132873 -5.432486534 0.752167642 0.042455118 0.657602727 78.263069153
0.654554784 -0.031607196 -0.755353510 -47.762458801 -0.010243852 0.998663187 -0.050665155 -5.507338047 0.755945086 0.040900856 0.653355956 79.043426514
0.650714219 -0.034788277 -0.758525431 -48.680541992 -0.007310754 0.998616636 -0.052071247 -5.578746319 0.759287536 0.039428890 0.649559677 79.826019287
0.646660805 -0.038989786 -0.761780679 -49.588615417 -0.005279015 0.998440027 -0.055583850 -5.648131371 0.762759387 0.039965346 0.645446181 80.582519531
0.641904235 -0.043576714 -0.765545547 -50.512832642 -0.000664213 0.998351872 -0.057385553 -5.719358444 0.766784489 0.037344512 0.640817404 81.358947754
0.634920895 -0.047211885 -0.771133244 -51.443161011 0.004571552 0.998343170 -0.057358555 -5.798273563 0.772563577 0.032892868 0.634084880 82.137878418
0.626843750 -0.050834384 -0.777484834 -52.366325378 0.008890319 0.998271048 -0.058102280 -5.878190517 0.779094160 0.029508971 0.626211941 82.875808716
0.617771208 -0.051562522 -0.784665525 -53.320373535 0.011350634 0.998328567 -0.056666490 -5.959982872 0.786275923 0.026100473 0.617323875 83.616447449
0.609145463 -0.050024163 -0.791479230 -54.285095215 0.011946840 0.998474181 -0.053912304 -6.041486263 0.792968512 0.023384754 0.608813643 84.354751587
0.600189090 -0.050223611 -0.798279822 -55.265579224 0.011509557 0.998465717 -0.054164775 -6.115323067 0.799775362 0.023321252 0.599846244 85.088645935
0.591149747 -0.051576037 -0.804911077 -56.268272400 0.011168689 0.998381078 -0.055770349 -6.196093082 0.806484461 0.023978831 0.590768754 85.787322998
0.580816805 -0.053719554 -0.812259853 -57.265865326 0.011512986 0.998262584 -0.057788488 -6.279786110 0.813952863 0.024212992 0.580426097 86.508941650
0.571230590 -0.055632766 -0.818902075 -58.295585632 0.011866348 0.998155832 -0.059533060 -6.355517387 0.820703864 0.024289727 0.570837319 87.219665527
0.560399055 -0.055965252 -0.826329708 -59.326557159 0.014866094 0.998233259 -0.057525992 -6.448580742 0.828089237 0.019953217 0.560241103 87.940742493
0.550580144 -0.056023981 -0.832900226 -60.360877991 0.015941804 0.998269141 -0.056609154 -6.530811310 0.834630072 0.017889943 0.550520301 88.605056763
0.540685177 -0.056766871 -0.839307427 -61.419067383 0.016270055 0.998239636 -0.057035081 -6.612505436 0.841067612 0.017182449 0.540657103 89.268539429
0.530214012 -0.057749353 -0.845894873 -62.500823975 0.015850710 0.998178482 -0.058210418 -6.700517654 0.847715616 0.017455949 0.530163705 89.940750122
0.519621313 -0.058451962 -0.852394879 -63.562316895 0.014844163 0.998124123 -0.059396151 -6.783054352 0.854267716 0.018210417 0.519514263 90.601333618
0.509862423 -0.059396029 -0.858202934 -64.644340515 0.014375802 0.998062551 -0.060534939 -6.873598099 0.860135794 0.018527135 0.509728551 91.236953735
0.500071883 -0.059275314 -0.863952875 -65.735870361 0.013004229 0.998056233 -0.060948972 -6.960654736 0.865886211 0.019243835 0.499870747 91.866073608
0.491477072 -0.057208989 -0.869009495 -66.860641479 0.012392815 0.998198390 -0.058704928 -7.052600384 0.870802343 0.018082654 0.491300553 92.490692139
0.483610421 -0.055859506 -0.873499155 -67.976753235 0.012872126 0.998307407 -0.056714270 -7.136116028 0.875188768 0.016183818 0.483510882 93.103675842
0.475931823 -0.055766307 -0.877712429 -69.082069397 0.012663871 0.998318732 -0.056562271 -7.226032734 0.879391015 0.015804552 0.475837886 93.702659607
0.467992395 -0.058777209 -0.881775677 -70.182693481 0.014421624 0.998160779 -0.058881082 -7.312405586 0.883614838 0.014839256 0.467979312 94.291191101
0.460713863 -0.061907697 -0.885387003 -71.321472168 0.017209040 0.997999907 -0.060827002 -7.404313087 0.887381911 0.012787179 0.460857689 94.885635376
0.454991251 -0.064817682 -0.888133764 -72.451019287 0.018079994 0.997814238 -0.063559979 -7.499724388 0.890312314 0.012861776 0.455168664 95.457038879
0.449281007 -0.068795353 -0.890737712 -73.593330383 0.020211142 0.997558236 -0.066851199 -7.592696667 0.893161833 0.012032148 0.449574381 96.039810181
0.444443822 -0.069578193 -0.893100500 -74.731956482 0.023705281 0.997543514 -0.065918237 -7.701821804 0.895492971 0.008125753 0.445001394 96.609725952
0.440153420 -0.067058064 -0.895415068 -75.879631042 0.025288964 0.997737646 -0.062289923 -7.799055576 0.897566378 0.004773005 0.440853477 97.176528931
0.436221421 -0.065502554 -0.897452116 -77.014236450 0.029283129 0.997852147 -0.058596928 -7.898511410 0.899362803 -0.000718975 0.437202573 97.733810425
0.432961017 -0.064721420 -0.899086118 -78.164909363 0.029549437 0.997901976 -0.057605039 -7.984873295 0.900928199 -0.001626753 0.433965176 98.289222717
0.430186868 -0.064823903 -0.900409400 -79.295013428 0.031162946 0.997890353 -0.056953270 -8.071081161 0.902201831 -0.003558859 0.431299418 98.824401855
0.427789003 -0.063498355 -0.901645422 -80.440773010 0.032409053 0.997965395 -0.054905105 -8.168246269 0.903297424 -0.005733671 0.428976595 99.358093262
0.424938232 -0.063189045 -0.903014123 -81.557327271 0.035180818 0.997959733 -0.053277630 -8.245967865 0.904538453 -0.009129073 0.426294297 99.898811340
0.422634363 -0.064504839 -0.904001832 -82.687568665 0.037734315 0.997851372 -0.053560097 -8.326208115 0.905514419 -0.011475545 0.424160421 100.430801392
0.419962138 -0.064523302 -0.905245066 -83.777854919 0.039635446 0.997821689 -0.052734196 -8.411671638 0.906675696 -0.013733422 0.421604663 100.951187134
0.417411685 -0.063725539 -0.906480312 -84.880050659 0.042959582 0.997806549 -0.050363965 -8.491098404 0.907701492 -0.017919505 0.419233710 101.473205566
0.415464640 -0.063220851 -0.907409668 -85.987442017 0.044976786 0.997789264 -0.048924789 -8.571147919 0.908496678 -0.020485850 0.417389601 101.975578308
0.413970798 -0.065099470 -0.907959402 -87.080703735 0.047430817 0.997627139 -0.049903143 -8.644063950 0.909053624 -0.022406809 0.416076303 102.474594116
0.411991507 -0.065684058 -0.908817112 -88.154891968 0.048911288 0.997554600 -0.049924672 -8.732731819 0.909873903 -0.023882871 0.414196759 102.972679138
0.411528826 -0.066704437 -0.908952415 -89.219139099 0.048405524 0.997510135 -0.051287696 -8.812475204 0.910110295 -0.022891950 0.413733095 103.450683594
0.411472470 -0.067309156 -0.908933282 -90.268096924 0.048481278 0.997473776 -0.051918462 -8.896764755 0.910131812 -0.022703234 0.413696259 103.943954468
0.414211333 -0.067077123 -0.907705665 -91.318046570 0.046044085 0.997547984 -0.052705053 -8.977301598 0.909015357 -0.019963451 0.416284114 104.403381348
0.418315381 -0.067163326 -0.905815303 -92.349037170 0.043886244 0.997592092 -0.053701151 -9.056610107 0.907240987 -0.017288813 0.420255691 104.881286621
0.423638999 -0.067616530 -0.903303921 -93.390708923 0.042113438 0.997602046 -0.054924466 -9.138044357 0.904851556 -0.014773085 0.425470710 105.353141785
0.429510295 -0.067368910 -0.900545597 -94.400375366 0.041930810 0.997625709 -0.054632720 -9.223398209 0.902087986 -0.014295289 0.431315333 105.835998535
0.435889959 -0.066219933 -0.897560537 -95.403732300 0.040763680 0.997718632 -0.053812962 -9.299440384 0.899076402 -0.013131341 0.437594831 106.330703735
0.444775969 -0.064552821 -0.893312454 -96.421524048 0.039408602 0.997843862 -0.052485138 -9.377836227 0.894774437 -0.011860063 0.446360946 106.816192627
0.453975588 -0.064229116 -0.888696134 -97.394104004 0.038832888 0.997877002 -0.052282859 -9.453800201 0.890167475 -0.010775500 0.455505997 107.301139832
0.463420808 -0.063901268 -0.883831322 -98.379066467 0.037774410 0.997914493 -0.052343186 -9.524112701 0.885332823 -0.009129290 0.464868098 107.810729980
0.473209828 -0.063598923 -0.878651083 -99.352828979 0.036381446 0.997950673 -0.052640375 -9.610220909 0.880198181 -0.007056658 0.474553794 108.332672119
0.483413160 -0.065983988 -0.872901976 -100.319595337 0.035423335 0.997812867 -0.055808753 -9.675024033 0.874675333 -0.003942414 0.484693259 108.865646362
0.494921356 -0.067138806 -0.866340041 -101.273834229 0.033941872 0.997743309 -0.057931911 -9.748343468 0.868274629 -0.000733470 0.496083260 109.406082153
0.507665515 -0.065129429 -0.859089017 -102.222717285 0.031649463 0.997875273 -0.056948371 -9.829846382 0.860972703 0.001721017 0.508648217 109.952857971
0.520186186 -0.062326200 -0.851775646 -103.151840210 0.030011429 0.998051643 -0.054701295 -9.908061028 0.853525400 0.002891857 0.521043181 110.511764526
0.532598317 -0.059981480 -0.844240069 -104.064514160 0.029453445 0.998194933 -0.052338619 -9.985098839 0.845855474 0.003009681 0.533403575 111.082977295
0.544555962 -0.059528165 -0.836609364 -104.968864441 0.029401846 0.998219848 -0.051889509 -10.054124832 0.838209033 0.003658884 0.545336783 111.663879395
0.555872083 -0.058382895 -0.829215109 -105.842605591 0.028987803 0.998285413 -0.050854441 -10.146492004 0.830762267 0.004231440 0.556611300 112.248054504
0.567364693 -0.059649449 -0.821303368 -106.720779419 0.028998410 0.998201668 -0.052464779 -10.211571693 0.822955787 0.005950172 0.568074167 112.839576721
0.577443182 -0.061239064 -0.814130962 -107.568122864 0.031574931 0.998112023 -0.052682824 -10.289094925 0.815820098 0.004715210 0.578286469 113.457275391
0.588752925 -0.060809936 -0.806022525 -108.420516968 0.032169342 0.998138905 -0.051806204 -10.371204376 0.807672679 0.004571836 0.589613497 114.071456909
0.599538803 -0.058633715 -0.798195064 -109.251533508 0.031262040 0.998267353 -0.049849115 -10.438201904 0.799734890 0.004933272 0.600333035 114.686607361
0.609543383 -0.055204429 -0.790828288 -110.056221008 0.031450115 0.998471081 -0.045458436 -10.514526367 0.792128623 0.002837250 0.610347688 115.304679871
0.619282663 -0.053374171 -0.783351779 -110.859642029 0.029674707 0.998565078 -0.044578359 -10.580455780 0.784607172 0.004360873 0.619977832 115.933609009
0.629297554 -0.053276159 -0.775336146 -111.641510010 0.028039197 0.998554468 -0.045856427 -10.639858246 0.776658475 0.007117531 0.629881740 116.565673828
0.638676405 -0.052281938 -0.767697096 -112.403450012 0.025711782 0.998581946 -0.046615109 -10.706346512 0.769045591 0.010033116 0.639115155 117.200187683
0.648129463 -0.051692922 -0.759773612 -113.178977966 0.025652308 0.998609245 -0.046059795 -10.772520065 0.761097908 0.010362758 0.648554206 117.843513489
0.657294810 -0.049218334 -0.752024710 -113.920394897 0.024941482 0.998739183 -0.043565560 -10.836595535 0.753220856 0.009878802 0.657693624 118.492874146
0.665879190 -0.047874711 -0.744521976 -114.646530151 0.025361508 0.998814702 -0.041543800 -10.893846512 0.745628476 0.008780951 0.666304171 119.140426636
0.673883200 -0.047132492 -0.737332880 -115.360115051 0.025649223 0.998854041 -0.040407646 -10.954331398 0.738392591 0.008318015 0.674319983 119.801986694
0.681731045 -0.046373494 -0.730131626 -116.062072754 0.024458047 0.998875797 -0.040605761 -11.005325317 0.731193900 0.009824612 0.682098985 120.453399658
0.688960254 -0.045342829 -0.723379433 -116.750465393 0.023984632 0.998920918 -0.039770875 -11.059858322 0.724402249 0.010050562 0.689304352 121.113929749
0.696276844 -0.042779922 -0.716497123 -117.425155640 0.023110796 0.999040842 -0.037191179 -11.110733032 0.717401147 0.009336543 0.696597815 121.762069702
0.703602493 -0.040233705 -0.709453881 -118.088104248 0.022069259 0.999151409 -0.034775458 -11.157088280 0.710250974 0.008810974 0.703893363 122.424530029
0.711331367 -0.038819164 -0.701784015 -118.743713379 0.021154309 0.999203742 -0.033828836 -11.205905914 0.702538431 0.009217752 0.711586118 123.075012207
0.718563855 -0.037556764 -0.694446146 -119.376174927 0.020447316 0.999249935 -0.032883614 -11.260345459 0.695160329 0.009429417 0.718792856 123.729804993
0.726585209 -0.034703478 -0.686199427 -120.000984192 0.017756380 0.999338448 -0.031738590 -11.300542831 0.686846912 0.010876373 0.726720810 124.384757996
0.735518038 -0.031844277 -0.676756322 -120.602767944 0.016997432 0.999447703 -0.028554998 -11.348749161 0.677291870 0.009499594 0.735653102 125.036979675
0.745085657 -0.027913412 -0.666384399 -121.189933777 0.014938172 0.999571621 -0.025167510 -11.387627602 0.666801512 0.008797385 0.745183527 125.687217712
0.755056798 -0.025623338 -0.655158460 -121.768524170 0.013030316 0.999625146 -0.024078300 -11.431406021 0.655529916 0.009643562 0.755107582 126.349479675
0.764977872 -0.024722733 -0.643581927 -122.320388794 0.011486093 0.999627709 -0.024747318 -11.466023445 0.643954158 0.011538906 0.764977098 127.004768372
0.774863362 -0.026011042 -0.631593525 -122.866035461 0.011621625 0.999570489 -0.026907645 -11.498084068 0.632022142 0.013509602 0.774832606 127.672706604
0.784871221 -0.024999009 -0.619154453 -123.396018982 0.011175315 0.999594450 -0.026193283 -11.535476685 0.619558156 0.013639111 0.784832239 128.349182129
0.795080364 -0.023450552 -0.606050551 -123.914871216 0.010776930 0.999640703 -0.024541846 -11.567614555 0.606408358 0.012981374 0.795047402 129.031921387
0.805211008 -0.021247363 -0.592607677 -124.417182922 0.010624073 0.999714315 -0.021408221 -11.605112076 0.592893302 0.010942228 0.805206716 129.716827393
0.814870656 -0.019719785 -0.579307139 -124.909988403 0.010651134 0.999761820 -0.019049976 -11.633123398 0.579544842 0.009352991 0.814886570 130.404083252
0.824042618 -0.018239532 -0.566233993 -125.391403198 0.011189213 0.999810636 -0.015922196 -11.664642334 0.566417277 0.006784857 0.824090719 131.111373901
0.832302451 -0.017351344 -0.554050148 -125.863288879 0.011564748 0.999835968 -0.013939405 -11.686616898 0.554201126 0.005194350 0.832366586 131.809005737
0.839492619 -0.018011928 -0.543072402 -126.320381165 0.013390829 0.999832749 -0.012461345 -11.708723068 0.543206036 0.003189016 0.839593410 132.528488159
0.846191704 -0.017440101 -0.532593131 -126.768852234 0.013039523 0.999842703 -0.012023104 -11.732841492 0.532719016 0.003229091 0.846285999 133.243103027
0.852856934 -0.016925471 -0.521870196 -127.208160400 0.012525769 0.999850035 -0.011957466 -11.752987862 0.521994293 0.003661181 0.852941096 133.968063354
0.859672129 -0.014642477 -0.510636270 -127.655242920 0.010484571 0.999884307 -0.011020545 -11.775524139 0.510738552 0.004120254 0.859726191 134.703750610
0.865770161 -0.013739710 -0.500253141 -128.077178955 0.009808479 0.999896824 -0.010487500 -11.795068741 0.500345647 0.004173042 0.865815699 135.447692871
0.871879756 -0.014281219 -0.489511698 -128.506973267 0.010528103 0.999890327 -0.010419387 -11.818123817 0.489606798 0.003930825 0.871934533 136.198608398
0.877013981 -0.015500262 -0.480214715 -128.921554565 0.011355293 0.999868989 -0.011535424 -11.839496613 0.480330616 0.004663751 0.877075136 136.956848145
0.881331086 -0.016094379 -0.472224921 -129.324630737 0.011903917 0.999858797 -0.011860481 -11.857945442 0.472349137 0.004831686 0.881398320 137.724319458
0.884920955 -0.015002980 -0.465499490 -129.734985352 0.011040014 0.999875903 -0.011238632 -11.879622459 0.465610385 0.004806180 0.884976804 138.493835449
0.888138533 -0.013273784 -0.459384114 -130.147415161 0.010821508 0.999909699 -0.007970642 -11.893416405 0.459448397 0.002107804 0.888202012 139.287078857
0.891312420 -0.009042585 -0.453299433 -130.559814453 0.008318599 0.999958873 -0.003590879 -11.913688660 0.453313291 -0.000570221 0.891351104 140.087661743
0.894591153 -0.006572528 -0.446837127 -130.963439941 0.006933694 0.999975502 -0.000827026 -11.924887657 0.446831644 -0.002358382 0.894614995 140.899291992
0.897986889 -0.003540941 -0.440007836 -131.376388550 0.004700320 0.999987781 0.001545265 -11.936848640 0.439996898 -0.003455806 0.897992611 141.721267700
0.901255131 -0.002032947 -0.433283985 -131.786361694 0.004019555 0.999985218 0.003669019 -11.941724777 0.433270127 -0.005048332 0.901250005 142.564849854
0.904615700 -0.000438369 -0.426228046 -132.194274902 0.003564938 0.999972284 0.006537678 -11.944730759 0.426213354 -0.007433562 0.904592156 143.419876099
0.908033669 -0.000628491 -0.418896854 -132.588745117 0.004609334 0.999953389 0.008491275 -11.948475838 0.418871999 -0.009641199 0.907994151 144.290603638
0.911628783 -0.001033962 -0.411013216 -133.006927490 0.005383658 0.999941051 0.009425482 -11.949173927 0.410979211 -0.010805292 0.911580682 145.195434570
0.915335774 -0.001469114 -0.402688771 -133.404144287 0.005832309 0.999936879 0.009609161 -11.952016830 0.402649194 -0.011144214 0.915286541 146.097869873
0.919188380 -0.003978471 -0.393797964 -133.778350830 0.008208728 0.999925315 0.009058441 -11.951322556 0.393732548 -0.011558995 0.919152379 146.996231079
0.923139632 -0.005335310 -0.384427845 -134.168731689 0.009057885 0.999927938 0.007873427 -11.957262039 0.384358138 -0.010750378 0.923121452 147.936981201
0.927791774 -0.006140853 -0.373048037 -134.556549072 0.008977328 0.999942541 0.005866782 -11.959992409 0.372990608 -0.008792127 0.927793443 148.886581421
0.932977200 -0.004534686 -0.359906942 -134.928619385 0.006814517 0.999963999 0.005065940 -11.960486412 0.359870970 -0.007178999 0.932974458 149.851821899
0.939183712 -0.000300599 -0.343414992 -135.300903320 0.002695465 0.999975264 0.006496352 -11.968757629 0.343404591 -0.007026931 0.939161301 150.830535889
0.945844829 0.003358263 -0.324601442 -135.654922485 -0.000290365 0.999954820 0.009499250 -11.969401360 0.324618667 -0.008890565 0.945803225 151.837661743
0.952332735 0.006547720 -0.304991066 -135.984573364 -0.003266507 0.999931157 0.011267439 -11.973621368 0.305043817 -0.009734095 0.952288568 152.846221924
0.958878577 0.007672447 -0.283712983 -136.304962158 -0.004498721 0.999919832 0.011836275 -11.967008591 0.283781052 -0.010073206 0.958836198 153.886993408
0.964945853 0.009441569 -0.262279004 -136.595153809 -0.006090054 0.999889135 0.013588384 -11.970842361 0.262378305 -0.011514761 0.964896321 154.930892944
0.970506430 0.010400461 -0.240850478 -136.866180420 -0.006634644 0.999842823 0.016441161 -11.965028763 0.240983605 -0.014358295 0.970422924 156.010986328
0.975659013 0.012975069 -0.218908355 -137.102355957 -0.008816213 0.999761820 0.019964328 -11.967843056 0.219115227 -0.017548433 0.975541174 157.071838379
0.980398297 0.015518231 -0.196413413 -137.334762573 -0.011052191 0.999655247 0.023813711 -11.953041077 0.196715251 -0.021176128 0.980232000 158.172088623
0.984618664 0.017389819 -0.173849478 -137.543838501 -0.012783075 0.999537766 0.027583208 -11.944503784 0.174248785 -0.024936611 0.984385848 159.299362183
0.988232613 0.019376859 -0.151725858 -137.726409912 -0.015394394 0.999506593 0.027378678 -11.926631927 0.152181536 -0.024720779 0.988043308 160.445846558
0.991352737 0.018587656 -0.129900515 -137.875457764 -0.015430890 0.999561667 0.025265895 -11.906989098 0.130313173 -0.023042936 0.991205096 161.598419189
0.993875504 0.018899951 -0.108877577 -138.014038086 -0.016351897 0.999572217 0.024248490 -11.889380455 0.109289266 -0.022319630 0.993759394 162.766418457
0.995914996 0.017430337 -0.088597350 -138.119766235 -0.015174367 0.999544859 0.026073296 -11.867906570 0.089011490 -0.024622377 0.995726228 163.959106445
0.997496426 0.017575359 -0.068497665 -138.206939697 -0.015728189 0.999500394 0.027413581 -11.845241547 0.068945259 -0.026267607 0.997274578 165.158813477
0.998671651 0.018439218 -0.048116367 -138.272979736 -0.017073674 0.999443948 0.028638370 -11.834076881 0.048617698 -0.027778801 0.998431087 166.370239258
0.999411941 0.020363975 -0.027587164 -138.318817139 -0.019559275 0.999384224 0.029131642 -11.810048103 0.028163416 -0.028574927 0.999194860 167.609313965
0.999764204 0.020571057 -0.006948166 -138.335861206 -0.020355878 0.999350488 0.029736510 -11.793034554 0.007555365 -0.029588068 0.999533594 168.851425171
0.999650776 0.022750745 0.013441879 -138.328720093 -0.023134083 0.999309182 0.029086480 -11.769103050 -0.012770854 -0.029387292 0.999486506 170.107055664
0.999153018 0.023866300 0.033518031 -138.299545288 -0.024802743 0.999305546 0.027806269 -11.744712830 -0.032831121 -0.028614063 0.999051213 171.382446289
0.998295426 0.024146603 0.053133119 -138.237701416 -0.025524996 0.999350965 0.025418496 -11.727090836 -0.052484866 -0.026731392 0.998263896 172.648300171
0.997081041 0.026336068 0.071664602 -138.149246216 -0.028036706 0.999346197 0.022828709 -11.710111618 -0.071016528 -0.024771312 0.997167528 173.937637329
0.995512247 0.026361361 0.090888135 -138.039672852 -0.028375398 0.999377906 0.020938734 -11.697285652 -0.090279624 -0.023423748 0.995640934 175.233581543
0.993612766 0.026467036 0.109695941 -137.902587891 -0.028573859 0.999435306 0.017678475 -11.682742119 -0.109166123 -0.020699985 0.993807971 176.543807983
0.991350770 0.027587261 0.128306359 -137.743286133 -0.029411664 0.999491096 0.012345885 -11.675470352 -0.127900496 -0.016012805 0.991657734 177.859802246
0.988846004 0.029061809 0.146078616 -137.560379028 -0.030211598 0.999527514 0.005658220 -11.677168846 -0.145845160 -0.010008379 0.989256799 179.178298950
0.986070096 0.031169994 0.163383082 -137.350555420 -0.031648096 0.999498963 0.000323582 -11.682874680 -0.163291126 -0.005489840 0.986562669 180.501022339
0.982888639 0.033591770 0.181111649 -137.117675781 -0.033455357 0.999432921 -0.003808839 -11.698612213 -0.181136847 -0.002315491 0.983455181 181.844177246
0.979404509 0.035860486 0.198697716 -136.857864380 -0.035245176 0.999356687 -0.006633814 -11.719389915 -0.198807791 -0.000505951 0.980038464 183.188354492
0.975787282 0.034906454 0.215918019 -136.565704346 -0.034306884 0.999390066 -0.006525317 -11.742999077 -0.216014117 -0.001040154 0.976389706 184.551940918
0.971853077 0.034164723 0.233097076 -136.253509521 -0.033367034 0.999416053 -0.007365631 -11.764909744 -0.233212605 -0.000619448 0.972425580 185.911163330
0.967627406 0.034385975 0.250029624 -135.907806396 -0.032312322 0.999400973 -0.012394885 -11.798091888 -0.250306100 0.003914591 0.968158841 187.263946533
0.963224769 0.035430714 0.266351163 -135.544647217 -0.032090958 0.999342382 -0.016882272 -11.827747345 -0.266774237 0.007713955 0.963728189 188.612915039
0.958402455 0.037853230 0.282899350 -135.150115967 -0.034452166 0.999261916 -0.016989285 -11.865897179 -0.283333689 0.006536076 0.958999097 189.992645264
0.952983081 0.040015593 0.300370216 -134.732025146 -0.036345381 0.999180794 -0.017798988 -11.903605461 -0.300836414 0.006045061 0.953656614 191.366149902
0.947070181 0.043735284 0.318033516 -134.295959473 -0.039125532 0.999016464 -0.020870870 -11.946668625 -0.318633467 0.007322946 0.947849691 192.744476318
0.941086531 0.044476725 0.335228056 -133.825759888 -0.038311940 0.998953462 -0.024983946 -11.991790771 -0.335988373 0.010668819 0.941805720 194.116760254
0.934729755 0.045435145 0.352442712 -133.319641113 -0.038281940 0.998895466 -0.027243264 -12.046234131 -0.353291273 0.011972898 0.935436666 195.499633789
0.927938461 0.046045654 0.369878203 -132.792419434 -0.036597930 0.998800695 -0.032523680 -12.109014511 -0.370932192 0.016643202 0.928510785 196.876708984
0.919989467 0.049423132 0.388814300 -132.237854004 -0.037315536 0.998556376 -0.038635086 -12.174536705 -0.390162468 0.021035062 0.920505643 198.252899170
0.910490334 0.053001683 0.410119593 -131.648696899 -0.039123613 0.998344421 -0.042163938 -12.250069618 -0.411675394 0.022344496 0.911056578 199.619903564
0.899227798 0.055930071 0.433891088 -131.042449951 -0.041113868 0.998208582 -0.043465175 -12.333906174 -0.435544819 0.021246148 0.899916232 200.955902100
