1.000000000 0.000000000 0.000000000 0.000000000 0.000000000 1.000000000 0.000000000 0.000000000 0.000000000 0.000000000 1.000000000 0.000000000
0.999873936 0.001482501 0.015809746 0.010728550 -0.001467700 0.999998450 -0.000947743 -0.003149100 -0.015811129 0.000924419 0.999874592 0.126380011
0.999291897 0.004312748 0.037378285 0.027040072 -0.004300523 0.999990642 -0.000407473 -0.004710051 -0.037379697 0.000246438 0.999301076 0.272515923
0.997894704 0.005972889 0.064579569 0.056260522 -0.006048494 0.999981225 0.000975271 -0.004984651 -0.064572535 -0.001363827 0.997912109 0.436315805
0.995129228 0.005631061 0.098418094 0.102989741 -0.005977868 0.999976933 0.003229286 -0.004064825 -0.098397635 -0.003801887 0.995139897 0.609166920
0.990631938 0.002548878 0.136535108 0.163961515 -0.003298842 0.999980688 0.005266842 -0.005530409 -0.136519074 -0.005667909 0.990621150 0.793011546
0.984405220 -0.000334046 0.175915420 0.240806893 -0.000625639 0.999985278 0.005399887 -0.004291974 -0.175914645 -0.005425737 0.984390438 0.987603664
0.975562692 -0.000494017 0.219720602 0.320467979 -0.001003720 0.999976993 0.006704868 -0.001888914 -0.219718888 -0.006761558 0.975539804 1.190801620
0.963422358 -0.000305453 0.267987609 0.413273275 -0.002319192 0.999952376 0.009477302 0.002312122 -0.267977774 -0.009752161 0.963375807 1.405866504
0.948941052 -0.003966803 0.315428287 0.529233277 -0.001397764 0.999858201 0.016779205 -0.003565890 -0.315450102 -0.016363369 0.948801041 1.617889524
0.932000577 -0.013310339 0.362212270 0.670947552 0.004655363 0.999682724 0.024757069 -0.007681762 -0.362426817 -0.021387372 0.931766808 1.824938416
0.910566926 -0.018400976 0.412951976 0.824070573 0.007090043 0.999556899 0.028906189 -0.004430365 -0.413300931 -0.023393169 0.910293996 2.049371243
0.885118484 -0.019853434 0.464942187 0.992686689 0.005191129 0.999448597 0.032794878 0.000183265 -0.465336949 -0.026613774 0.884733438 2.277599812
0.856841207 -0.022320986 0.515097022 1.182526946 0.003525728 0.999292731 0.037438013 0.003873967 -0.515568435 -0.030262336 0.856313944 2.495771170
0.824360609 -0.026497805 0.565444291 1.367236614 0.003664774 0.999132693 0.041478395 0.008337826 -0.566052973 -0.032120936 0.823742747 2.695777893
0.788253725 -0.032108594 0.614512265 1.595539212 0.005567983 0.998969018 0.045054458 0.007489109 -0.615325391 -0.032092739 0.787619710 2.905414820
0.749882460 -0.036010947 0.660590291 1.836899161 0.006029951 0.998847961 0.047605474 0.013786132 -0.661543667 -0.031715177 0.749235809 3.114707470
0.709608972 -0.038810190 0.703526139 2.108007193 0.006705750 0.998808563 0.048335802 0.029871864 -0.704563916 -0.029581845 0.709023774 3.325471163
0.667148888 -0.040389687 0.743828595 2.401899099 0.005664743 0.998775244 0.049152452 0.048642278 -0.744902790 -0.028578406 0.666560650 3.548361540
0.624334276 -0.040430319 0.780110240 2.728866100 0.000606479 0.998684466 0.051272869 0.063128360 -0.781157017 -0.031538289 0.623537540 3.765613794
0.582094252 -0.040737629 0.812100232 3.072195530 -0.002664307 0.998643279 0.052004956 0.082006685 -0.813116968 -0.032435469 0.581196010 3.979096651
0.542134345 -0.042003136 0.839241326 3.445403814 -0.004483543 0.998591065 0.052874699 0.099866413 -0.840279877 -0.032427967 0.541182220 4.180358887
0.502879381 -0.043807231 0.863245726 3.850986481 -0.006467094 0.998496175 0.054438166 0.120400324 -0.864332497 -0.032958522 0.501839817 4.391991138
0.465506107 -0.043449324 0.883977532 4.290708542 -0.009142671 0.998504817 0.053893149 0.142295003 -0.884997427 -0.033169508 0.464412898 4.590710163
0.429249346 -0.043085709 0.902157784 4.745867729 -0.010117240 0.998569429 0.052504014 0.156870678 -0.903129339 -0.031664655 0.428199381 4.783249855
0.395489305 -0.041862305 0.917516112 5.241052628 -0.008822616 0.998741567 0.049371205 0.178424895 -0.918428242 -0.027620675 0.394622207 4.964038849
0.366227537 -0.039588090 0.929682910 5.758729935 -0.006475724 0.998962045 0.045089129 0.206167355 -0.930502832 -0.022533247 0.365590960 5.136085033
0.340918809 -0.037932377 0.939327240 6.318278313 -0.005400244 0.999090135 0.042305715 0.231136054 -0.940077186 -0.019495409 0.340403795 5.318460464
0.320311159 -0.036921423 0.946592569 6.884725094 -0.004651921 0.999166846 0.040546194 0.257936686 -0.947300971 -0.017390871 0.319872528 5.511822701
0.305919409 -0.037204787 0.951330185 7.486503124 -0.003608249 0.999183655 0.040236559 0.286238372 -0.952050567 -0.015741780 0.305535465 5.689223766
0.294189602 -0.038863555 0.954956651 8.110249519 -0.002574155 0.999137044 0.041454565 0.306601912 -0.955743611 -0.014653707 0.293835729 5.876225948
0.283939183 -0.040212162 0.957998753 8.776048660 -0.003776997 0.999065578 0.043055404 0.339507401 -0.958834827 -0.015843477 0.283522010 6.052488327
0.272677511 -0.042448968 0.961168587 9.442876816 -0.005584400 0.998939514 0.045701332 0.351584196 -0.962089300 -0.017829275 0.272151291 6.261899948
0.262664407 -0.044194695 0.963874578 10.145272255 -0.006517240 0.998846352 0.047574200 0.380182445 -0.964865267 -0.018777851 0.262073398 6.451447487
0.252404839 -0.046273164 0.966514707 10.858642578 -0.007455165 0.998733163 0.049762588 0.406236053 -0.967593014 -0.019765841 0.251740128 6.635042191
0.242240772 -0.047722559 0.969041765 11.602989197 -0.007075775 0.998675942 0.050950762 0.440550834 -0.970190406 -0.019199071 0.241582379 6.811941624
0.231875792 -0.048976757 0.971511662 12.383658409 -0.007583454 0.998610318 0.052152865 0.467174977 -0.972715855 -0.019460404 0.231182143 6.998660088
0.221460953 -0.051639989 0.973801076 13.158266068 -0.008922081 0.998447835 0.054976054 0.503113806 -0.975128412 -0.020863384 0.220656484 7.171933651
0.210480720 -0.055287395 0.976033449 13.949976921 -0.010338933 0.998217821 0.058773614 0.540174246 -0.977543414 -0.022461856 0.209533975 7.338662148
0.198635265 -0.059602208 0.978259444 14.742429733 -0.010970619 0.997951388 0.063029550 0.571421623 -0.980012119 -0.023252005 0.197574452 7.493749619
0.184529439 -0.061593127 0.980895042 15.542815208 -0.012573795 0.997804642 0.065020353 0.607326746 -0.982746542 -0.024331743 0.183349833 7.661856174
0.170522720 -0.062098883 0.983394980 16.352844238 -0.012887200 0.997786224 0.065242313 0.645966351 -0.985269427 -0.023798507 0.169344917 7.798535347
0.155845806 -0.060674168 0.985916197 17.158485413 -0.014796793 0.997856379 0.063747935 0.688701272 -0.987670541 -0.024523247 0.154613927 7.931789875
0.139448434 -0.059797902 0.988422096 17.990997314 -0.015364286 0.997924149 0.062540382 0.726468563 -0.990110099 -0.023907561 0.138240218 8.042011261
0.119081691 -0.058285821 0.991172194 18.810840607 -0.017956529 0.997985780 0.060843833 0.763130486 -0.992722034 -0.025043400 0.117795222 8.137965202
0.093473539 -0.057002869 0.993988633 19.637395859 -0.023011871 0.997969270 0.059395157 0.798136771 -0.995355785 -0.028425414 0.091971971 8.217891693
0.063019939 -0.056656174 0.996402800 20.472286224 -0.026915152 0.997927725 0.058445197 0.829466641 -0.997649252 -0.030501543 0.061364423 8.269539833
0.029726060 -0.056339253 0.997969091 21.286720276 -0.029849850 0.997914970 0.057225320 0.863038778 -0.999112308 -0.031490307 0.027982362 8.294374466
-0.005004433 -0.055752207 0.998432159 22.137836456 -0.031293459 0.997964323 0.055569239 0.894893527 -0.999497771 -0.030966301 -0.006738925 8.285386086
-0.038698718 -0.054277033 0.997775793 22.982233047 -0.031969287 0.998079836 0.053053636 0.928028703 -0.998739362 -0.029845076 -0.040359598 8.241898537
-0.071254320 -0.052397911 0.996081054 23.833818436 -0.033884652 0.998170078 0.050083872 0.955372751 -0.996882498 -0.030183161 -0.072899409 8.171544075
-0.104175955 -0.050011892 0.993300676 24.681358337 -0.037195981 0.998232007 0.046359118 0.973263979 -0.993863106 -0.032117285 -0.105852023 8.092138290
-0.136806965 -0.045219574 0.989565134 25.521150589 -0.034430332 0.998571098 0.040871132 0.995951295 -0.989999235 -0.028479604 -0.138168395 7.963716030
-0.168131053 -0.039437171 0.984975457 26.353034973 -0.029114099 0.998962164 0.035027534 1.012195945 -0.985334635 -0.022787463 -0.169104755 7.803689957
-0.197913975 -0.033284884 0.979654133 27.183296204 -0.021614138 0.999328434 0.029586764 1.017904162 -0.979981065 -0.015318749 -0.198500514 7.613038540
-0.227059066 -0.027351385 0.973496854 28.006643295 -0.016318796 0.999572039 0.024277782 1.025584698 -0.973744273 -0.010373807 -0.227408245 7.413944244
-0.254745185 -0.021521283 0.966768801 28.826484680 -0.007550344 0.999766052 0.020266309 1.025581002 -0.966978848 -0.002136690 -0.254848123 7.175364971
-0.280567706 -0.010647940 0.959775150 29.618423462 -0.001102948 0.999941528 0.010771133 1.020503402 -0.959833622 0.001963449 -0.280562997 6.921510696
-0.306236774 0.005195826 0.951941133 30.406660080 0.003657681 0.999984264 -0.004281385 1.009262681 -0.951948345 0.002170779 -0.306250900 6.654940128
-0.330683589 0.021926895 0.943486929 31.182334900 0.004097700 0.999754012 -0.021798354 0.984068274 -0.943732798 -0.003342231 -0.330692142 6.374670029
-0.356152982 0.036939483 0.933697283 31.949237823 0.004534911 0.999275029 -0.037804089 0.951862752 -0.934416711 -0.009229806 -0.356062263 6.077694893
-0.380704403 0.046985682 0.923502326 32.709362030 0.007836645 0.998836339 -0.047587924 0.906804025 -0.924663603 -0.010879771 -0.380629539 5.755689144
-0.403604925 0.051673703 0.913472950 33.459842682 0.011409604 0.998610377 -0.051448628 0.859881341 -0.914862156 -0.010342559 -0.403633714 5.412851334
-0.426247656 0.051212851 0.903155744 34.211589813 0.015112115 0.998659909 -0.049496137 0.803634524 -0.904480278 -0.007449023 -0.426450431 5.049064159
-0.446237296 0.046891075 0.893685281 34.957084656 0.018695762 0.998896837 -0.043076236 0.747837782 -0.894719303 -0.002514092 -0.446621686 4.658779621
-0.464328796 0.045703322 0.884482861 35.686176300 0.026562048 0.998937011 -0.037673105 0.696494579 -0.885264456 0.006000971 -0.465049207 4.263165474
-0.477720767 0.045952987 0.877309084 36.392578125 0.028189467 0.998918593 -0.036972832 0.651642501 -0.878059328 0.007068186 -0.478499562 3.867662430
-0.488967061 0.050366700 0.870846927 37.090065002 0.032107435 0.998694360 -0.039733119 0.607762694 -0.871711075 0.008532477 -0.489945829 3.467144012
-0.498587638 0.052499019 0.865248084 37.785575867 0.032504629 0.998594642 -0.041859481 0.561305463 -0.866229653 0.007253948 -0.499593377 3.057867527
-0.509730756 0.051866673 0.858769119 38.474479675 0.026332771 0.998654008 -0.044685163 0.510430157 -0.859930873 -0.000163635 -0.510410428 2.660166025
-0.520493746 0.050345220 0.852379978 39.174846649 0.025613137 0.998731554 -0.043349084 0.465124041 -0.853481233 -0.000730803 -0.521123052 2.236278772
-0.529068530 0.051538240 0.847012639 39.850688934 0.027467972 0.998670995 -0.043608923 0.419242561 -0.848134458 0.000193606 -0.529780984 1.803860903
-0.536184907 0.054722931 0.842324972 40.533260345 0.030673875 0.998500407 -0.045343552 0.370894909 -0.843543112 0.001524842 -0.537059307 1.363710642
-0.539570808 0.057625189 0.839965880 41.233184814 0.032266878 0.998337388 -0.047762789 0.324207336 -0.841321707 0.001331665 -0.540533006 0.907603323
-0.539254904 0.059957277 0.840005517 41.935970306 0.032000080 0.998200774 -0.050705858 0.277447045 -0.841534376 -0.000463144 -0.540203393 0.456140220
-0.535941720 0.060234666 0.842103481 42.661293030 0.033918444 0.998182416 -0.049812026 0.228462726 -0.843573272 0.001866491 -0.537010729 -0.005155594
-0.530427754 0.058740083 0.845692575 43.396938324 0.032442193 0.998272240 -0.048989851 0.166424260 -0.847109020 0.001450540 -0.531417012 -0.453862280
-0.523468792 0.057497088 0.850102663 44.153217316 0.029819356 0.998345613 -0.049161673 0.121776633 -0.851522863 -0.000385088 -0.524317265 -0.907037795
-0.515952826 0.056931008 0.854723155 44.924259186 0.028280541 0.998377264 -0.049427923 0.068198703 -0.856150091 -0.001330442 -0.516725481 -1.371425033
-0.510534465 0.055292185 0.858077765 45.712329865 0.025298433 0.998464227 -0.049286388 0.012041042 -0.859485030 -0.003454378 -0.511149168 -1.818706155
-0.505537689 0.053250190 0.861159742 46.534667969 0.021267796 0.998559594 -0.049261253 -0.043648615 -0.862542391 -0.006588446 -0.505941927 -2.305221796
-0.504101038 0.050713267 0.862154424 47.358436584 0.017172350 0.998665690 -0.048702411 -0.097140335 -0.863473952 -0.009745713 -0.504299283 -2.778213024
-0.504750133 0.047939833 0.861933351 48.194133759 0.014345522 0.998784781 -0.047150597 -0.160327092 -0.863146245 -0.011434388 -0.504824460 -3.251726389
-0.505878091 0.046911102 0.861328483 49.039806366 0.013436204 0.998827457 -0.046508413 -0.219410598 -0.862500310 -0.011954605 -0.505915284 -3.739606142
-0.506109118 0.046186738 0.861231804 49.908603668 0.012884391 0.998858511 -0.045995861 -0.271155030 -0.862373114 -0.012182483 -0.506126642 -4.249829292
-0.506325006 0.045639470 0.861134112 50.778404236 0.012949726 0.998888314 -0.045326225 -0.328325570 -0.862245560 -0.011798352 -0.506353140 -4.759070396
-0.506506979 0.044549443 0.861084163 51.656600952 0.012731723 0.998941839 -0.044192661 -0.386682272 -0.862141728 -0.011420805 -0.506538332 -5.267625332
-0.506492555 0.044398621 0.861100495 52.543285370 0.012896156 0.998951733 -0.043920856 -0.446456581 -0.862147868 -0.011140701 -0.506534219 -5.786477089
-0.506769717 0.043021385 0.861007392 53.438835144 0.010732605 0.998991489 -0.043598980 -0.501240790 -0.862014651 -0.012853787 -0.506720304 -6.308541775
-0.506839037 0.042044833 0.861014724 54.321811676 0.009722396 0.999025285 -0.043061007 -0.561678350 -0.861985862 -0.013453876 -0.506753743 -6.816091537
-0.506147385 0.041338112 0.861455619 55.215850830 0.008811573 0.999046504 -0.042763352 -0.625376105 -0.862401962 -0.014053782 -0.506028950 -7.335629940
-0.505035341 0.039851550 0.862178147 56.086002350 0.008461067 0.999114096 -0.041224781 -0.682378709 -0.863057196 -0.013525025 -0.504925072 -7.841854095
-0.502653420 0.037706453 0.863665342 56.972877502 0.008939790 0.999221623 -0.038421702 -0.743320346 -0.864441812 -0.011591812 -0.502599239 -8.358747482
-0.500513315 0.036163572 0.864973187 57.860725403 0.008755965 0.999287426 -0.036712512 -0.802722931 -0.865684569 -0.010801421 -0.500473320 -8.862427711
-0.498033553 0.036175609 0.866402864 58.747386932 0.009285666 0.999294579 -0.036386684 -0.857152522 -0.867108107 -0.010076659 -0.498018086 -9.367348671
-0.495967060 0.036266729 0.867583573 59.633594513 0.009200580 0.999290764 -0.036512710 -0.914787471 -0.868292630 -0.010126826 -0.495948970 -9.869071007
-0.494977027 0.036876768 0.868123114 60.513362885 0.009274901 0.999266326 -0.037159301 -0.968059957 -0.868856549 -0.010341246 -0.494955868 -10.374321938
-0.495222777 0.039009500 0.867889822 61.391071320 0.009277114 0.999171853 -0.039616734 -1.021804452 -0.868716538 -0.011567595 -0.495174557 -10.876653671
-0.498317689 0.040681195 0.866039515 62.260955811 0.007651957 0.999066055 -0.042527031 -1.081161618 -0.866960704 -0.014565075 -0.498163551 -11.368244171
-0.503301442 0.040674988 0.863153040 63.134529114 0.006110258 0.999033988 -0.043515347 -1.141207457 -0.864089191 -0.016627252 -0.503063858 -11.868174553
-0.508548081 0.039540704 0.860125244 63.997425079 0.008067627 0.999119878 -0.041160449 -1.201800108 -0.860995829 -0.013992895 -0.508419454 -12.377437592
-0.513830662 0.037227627 0.857083559 64.853904724 0.009323739 0.999241233 -0.037812620 -1.261549711 -0.857840955 -0.011438059 -0.513787925 -12.893386841
-0.519779027 0.034455739 0.853605568 65.727722168 0.006198489 0.999312162 -0.036562782 -1.318505406 -0.854278207 -0.013713502 -0.519635081 -13.401841164
-0.524940729 0.037616536 0.850307226 66.574630737 0.008785130 0.999209166 -0.038780242 -1.378154874 -0.851093531 -0.012887266 -0.524855971 -13.919875145
-0.529902935 0.039516069 0.847137094 67.411460876 0.008680305 0.999114335 -0.041175563 -1.426147103 -0.848013878 -0.014465644 -0.529776573 -14.439558983
-0.534827590 0.040409524 0.843994379 68.239875793 0.007177220 0.999037027 -0.043284684 -1.483374715 -0.844930708 -0.017092312 -0.534602582 -14.951659203
-0.538079619 0.040599424 0.841915667 69.044952393 0.006381531 0.999006867 -0.044096265 -1.543544769 -0.842869878 -0.018354589 -0.537804365 -15.474129677
-0.541428804 0.040218912 0.839784086 69.861930847 0.007777274 0.999051988 -0.042832375 -1.601523519 -0.840710759 -0.016659448 -0.541228294 -15.995354652
-0.543227077 0.033208530 0.838928819 70.685264587 0.008056904 0.999377668 -0.034342766 -1.649826646 -0.839547276 -0.011896749 -0.543156505 -16.532928467
-0.545989692 0.023684101 0.837456942 71.497001648 0.006526027 0.999690235 -0.024017494 -1.707400084 -0.837766469 -0.007648039 -0.545975208 -17.057018280
-0.547819376 0.022633007 0.836290359 72.312171936 0.007680216 0.999727845 -0.022025216 -1.747238040 -0.836561441 -0.005642950 -0.547844231 -17.584760666
-0.548501015 0.027273936 0.835704863 73.102142334 0.008110539 0.999594390 -0.027299389 -1.792227268 -0.836110532 -0.008195726 -0.548499823 -18.102807999
-0.550421834 0.033048630 0.834232330 73.901390076 0.009136484 0.999394774 -0.033563446 -1.835543036 -0.834836662 -0.010852104 -0.550390720 -18.612434387
-0.549860835 0.037309423 0.834422529 74.683959961 0.015604196 0.999286354 -0.034398228 -1.882619739 -0.835110545 -0.005893747 -0.550050616 -19.156538010
-0.549624622 0.038869072 0.834507048 75.474533081 0.019323206 0.999241233 -0.033815261 -1.932531118 -0.835188329 -0.002460349 -0.549958587 -19.689092636
-0.549246788 0.035631344 0.834900260 76.279510498 0.017751342 0.999362588 -0.030972283 -1.973065853 -0.835471690 -0.002190828 -0.549529195 -20.211317062
-0.548484385 0.030697256 0.835597157 77.069381714 0.015840873 0.999527931 -0.026321650 -2.011349440 -0.836010695 -0.001200425 -0.548711836 -20.729925156
-0.548444271 0.023471644 0.835857570 77.864570618 0.012937860 0.999724507 -0.019584058 -2.058467627 -0.836086988 0.000073442 -0.548596859 -21.226305008
-0.548454225 0.018054176 0.835985661 78.666694641 0.004487860 0.999816120 -0.018648006 -2.092331886 -0.836168528 -0.006475791 -0.548434377 -21.722742081
-0.546525300 0.013167835 0.837339044 79.463623047 -0.002813630 0.999841988 -0.017559759 -2.122406244 -0.837437809 -0.011952815 -0.546401918 -22.231872559
-0.544778466 0.013861768 0.838465452 80.253128052 0.000672769 0.999870300 -0.016093040 -2.158444881 -0.838579714 -0.008203048 -0.544717073 -22.735347748
-0.541225910 0.017041577 0.840704560 81.042411804 0.004427616 0.999838471 -0.017416922 -2.189845324 -0.840865612 -0.005704172 -0.541213870 -23.255859375
-0.535688341 0.020372583 0.844169974 81.832427979 0.006211956 0.999777019 -0.020185942 -2.216439247 -0.844392955 -0.005569426 -0.535695374 -23.760072708
-0.528054714 0.022394098 0.848915040 82.621307373 0.011179787 0.999748945 -0.019418830 -2.252107382 -0.849136770 -0.000763517 -0.528172553 -24.250244141
-0.519834936 0.025909433 0.853873730 83.425369263 0.018038988 0.999650002 -0.019350713 -2.285473585 -0.854076207 0.005343839 -0.520120442 -24.752635956
-0.510459900 0.025130009 0.859534264 84.225845337 0.016020840 0.999677300 -0.019712890 -2.316854239 -0.859752297 0.003707823 -0.510697782 -25.215448380
-0.499599576 0.022913780 0.865953386 85.032371521 0.014018779 0.999733090 -0.018365758 -2.347255945 -0.866142988 0.002964085 -0.499787450 -25.671632767
-0.488029957 0.019573789 0.872607350 85.838676453 0.014096988 0.999794841 -0.014542649 -2.380657673 -0.872713029 0.005203888 -0.488205731 -26.114521027
-0.476483464 0.018944798 0.878979266 86.652084351 0.013400442 0.999808133 -0.014284836 -2.408198833 -0.879081309 0.004972224 -0.476645947 -26.558172226
-0.465729058 0.017871456 0.884746850 87.492675781 0.013182246 0.999825358 -0.013256872 -2.432704926 -0.884829164 0.005488840 -0.465883255 -26.978382111
-0.453469545 0.019058973 0.891068041 88.312034607 0.014111511 0.999799550 -0.014203197 -2.458579063 -0.891160011 0.006133598 -0.453647643 -27.394416809
-0.441452175 0.022626035 0.896999478 89.129425049 0.013818131 0.999734938 -0.018416947 -2.497818232 -0.897178352 0.004264654 -0.441647828 -27.792612076
-0.429828018 0.031599954 0.902357638 89.952072144 0.016604733 0.999495089 -0.027092157 -2.533993483 -0.902758062 0.003338439 -0.430135697 -28.183746338
-0.416853875 0.036088295 0.908256769 90.798812866 0.015500226 0.999348402 -0.032593712 -2.569900036 -0.908841252 0.000491369 -0.417141676 -28.579843521
-0.405289888 0.032270912 0.913618445 91.641159058 0.013369573 0.999479115 -0.029372819 -2.612230539 -0.914090395 0.000310181 -0.405510247 -28.946783066
-0.394674718 0.029038085 0.918361902 92.494682312 0.012226278 0.999577999 -0.026351729 -2.654982805 -0.918739498 0.000827789 -0.394863158 -29.295026779
-0.384079427 0.028884748 0.922848165 93.343589783 0.006720129 0.999571443 -0.028489310 -2.692448378 -0.923275590 -0.004740498 -0.384108990 -29.647315979
-0.377194554 0.033554383 0.925526023 94.199600220 0.002267441 0.999373913 -0.035307605 -2.737481833 -0.926131248 -0.011219260 -0.377034485 -29.985750198
-0.372046053 0.038555771 0.927413166 95.041496277 -0.002879866 0.999084175 -0.042690679 -2.783564568 -0.928209782 -0.018553725 -0.371594310 -30.311166763
-0.369132966 0.040732991 0.928483546 95.883255005 -0.005752080 0.998919904 -0.046109885 -2.833341360 -0.929358780 -0.022361388 -0.368499935 -30.629764557
-0.365359396 0.040437587 0.929987788 96.723075867 -0.006941068 0.998909771 -0.046161346 -2.890225649 -0.930840611 -0.023320589 -0.364680499 -30.954334259
-0.360544980 0.040379729 0.931867421 97.563163757 -0.008212641 0.998886287 -0.046461318 -2.944116592 -0.932705581 -0.024404489 -0.359811872 -31.266649246
-0.354765981 0.035518631 0.934280217 98.417617798 -0.012748704 0.999001384 -0.042820096 -2.998223543 -0.934868217 -0.027101981 -0.353958964 -31.589134216
-0.349537909 0.031811032 0.936382055 99.259040833 -0.012578878 0.999173999 -0.038639732 -3.050779581 -0.936837792 -0.025284687 -0.348849058 -31.893774033
-0.343849540 0.029026981 0.938575923 100.110321045 -0.014302608 0.999244392 -0.036143035 -3.101255417 -0.938915849 -0.025851855 -0.343174517 -32.197124481
-0.338236779 0.027072143 0.940671504 100.958976746 -0.022622323 0.999063373 -0.036886930 -3.150227070 -0.940789044 -0.033756696 -0.337307513 -32.480285645
-0.332186162 0.027519478 0.942812264 101.812095642 -0.029708594 0.998773158 -0.039620288 -3.196112871 -0.942745924 -0.041170940 -0.330961019 -32.762325287
-0.325006753 0.031482279 0.945187509 102.664894104 -0.027186628 0.998721659 -0.042613629 -3.251528740 -0.945320845 -0.039546181 -0.323735386 -33.054477692
-0.318064332 0.035041858 0.947421253 103.523208618 -0.025809009 0.998626292 -0.045600250 -3.297407389 -0.947717786 -0.038955819 -0.316722989 -33.337947845
-0.311832964 0.032974996 0.949564517 104.382743835 -0.026778564 0.998695493 -0.043475106 -3.349067450 -0.949759483 -0.038984947 -0.310543180 -33.611968994
-0.305154353 0.028342348 0.951881051 105.234992981 -0.027287342 0.998886406 -0.038489725 -3.397467852 -0.951911867 -0.037719615 -0.304041147 -33.872524261
-0.297273308 0.025591835 0.954449356 106.099578857 -0.028465504 0.998958766 -0.035651155 -3.449933529 -0.954367936 -0.037767027 -0.296235263 -34.145057678
-0.291188598 0.028483784 0.956241548 106.955062866 -0.030921476 0.998754203 -0.039166134 -3.495765686 -0.956165791 -0.040973134 -0.289945036 -34.395652771
-0.284952134 0.031792033 0.958014488 107.807792664 -0.029915622 0.998668015 -0.042039257 -3.543666124 -0.958074749 -0.040638775 -0.283621550 -34.636581421
-0.278306305 0.032174338 0.959953368 108.664047241 -0.032333575 0.998558521 -0.042842288 -3.592040300 -0.959947944 -0.042962003 -0.276864797 -34.872577667
-0.271368891 0.031845123 0.961948454 109.525291443 -0.031859141 0.998607516 -0.042046282 -3.645059347 -0.961947918 -0.042056903 -0.269976497 -35.109275818
-0.263112187 0.031719260 0.964243650 110.385299683 -0.027919034 0.998790443 -0.040473927 -3.696068287 -0.964361191 -0.037569944 -0.261908442 -35.345245361
-0.255445987 0.032976698 0.966260731 111.241828918 -0.025066121 0.998856306 -0.040715743 -3.746001244 -0.966498375 -0.034621075 -0.254327178 -35.571960449
-0.248528048 0.033574481 0.968042672 112.106086731 -0.024172518 0.998872876 -0.040849641 -3.796763182 -0.968322992 -0.033552308 -0.247436330 -35.793102264
-0.242466167 0.032387063 0.969619095 112.980209351 -0.030242046 0.998704612 -0.040920999 -3.846237421 -0.969688416 -0.039245229 -0.241172597 -35.987052917
-0.236304179 0.030341951 0.971205235 113.841987610 -0.034374878 0.998625696 -0.039562371 -3.899153471 -0.971071005 -0.042733818 -0.234936401 -36.187969208
-0.232160985 0.030649042 0.972194374 114.709487915 -0.031883910 0.998726487 -0.039099395 -3.940954685 -0.972154677 -0.040074717 -0.230888113 -36.383434296
-0.227732718 0.030899778 0.973233283 115.570968628 -0.029856600 0.998804808 -0.038697988 -3.992621660 -0.973265827 -0.037870236 -0.226537973 -36.579261780
-0.222440436 0.032465253 0.974405587 116.440505981 -0.029341150 0.998769760 -0.039975110 -4.037030697 -0.974504650 -0.037482265 -0.221214235 -36.779201508
-0.216527328 0.031627774 0.975764096 117.306076050 -0.023258803 0.999024332 -0.037542962 -4.082960606 -0.975999415 -0.030824186 -0.215580449 -36.971214294
-0.211516649 0.030437831 0.976900339 118.184867859 -0.015993023 0.999273241 -0.034597699 -4.130055428 -0.977243483 -0.022941576 -0.210876152 -37.165485382
-0.206752062 0.029370116 0.977952480 119.047599792 -0.014795619 0.999341130 -0.033140458 -4.177746296 -0.978281498 -0.021321272 -0.206181288 -37.343284607
-0.202500954 0.031123243 0.978787363 119.939552307 -0.017041057 0.999231517 -0.035298940 -4.218775749 -0.979133785 -0.023827640 -0.201814950 -37.529052734
-0.198809072 0.032978009 0.979483247 120.808975220 -0.018668316 0.999124944 -0.037428495 -4.260427952 -0.979860425 -0.025726426 -0.198019445 -37.700347900
-0.196572542 0.032470390 0.979951501 121.679756165 -0.021237366 0.999076068 -0.037364170 -4.308378696 -0.980259299 -0.028156359 -0.195701316 -37.871654510
-0.195957303 0.031294797 0.980112910 122.559097290 -0.021348353 0.999117613 -0.036169864 -4.354176521 -0.980379999 -0.028011546 -0.195116296 -38.037860870
-0.195306972 0.026203750 0.980392039 123.427352905 -0.020398058 0.999318242 -0.030773167 -4.401796818 -0.980530024 -0.026008312 -0.194639280 -38.201301575
-0.194404677 0.021365430 0.980688751 124.298133850 -0.021869110 0.999419868 -0.026108688 -4.442253590 -0.980677605 -0.026522439 -0.193824649 -38.367317200
-0.193255529 0.019625012 0.980952203 125.159233093 -0.020967819 0.999489009 -0.024126692 -4.481288910 -0.980924428 -0.025231047 -0.192745268 -38.537700653
-0.192009270 0.024169676 0.981095433 126.024978638 -0.020996807 0.999366701 -0.028729066 -4.521831512 -0.981168389 -0.026116118 -0.191380233 -38.701404572
-0.192129672 0.028118875 0.980966628 126.877716064 -0.020963382 0.999243796 -0.032748614 -4.558406830 -0.981145620 -0.026856357 -0.191394895 -38.862037659
-0.192654639 0.026617242 0.980905533 127.735862732 -0.024957243 0.999175847 -0.032014739 -4.600932598 -0.980949163 -0.030648483 -0.191831559 -39.015068054
-0.191654995 0.026084289 0.981115699 128.577896118 -0.026162172 0.999155760 -0.031674530 -4.644747257 -0.981113672 -0.031738698 -0.190810785 -39.175403595
-0.190874234 0.026592556 0.981254220 129.413558960 -0.021351648 0.999283969 -0.031234508 -4.693075657 -0.981382251 -0.026913257 -0.190169781 -39.342472076
-0.189523563 0.029529817 0.981432080 130.246109009 -0.023141554 0.999135733 -0.034531344 -4.728877544 -0.981603384 -0.029256370 -0.188676417 -39.505729675
-0.190582648 0.030163240 0.981207609 131.081985474 -0.030961111 0.998845935 -0.036719114 -4.776574135 -0.981182873 -0.037377305 -0.189428806 -39.645435333
-0.189666525 0.031124424 0.981355131 131.921279907 -0.037485562 0.998539209 -0.038914267 -4.826117516 -0.981132686 -0.044167381 -0.188222751 -39.795093536
-0.188956261 0.034945879 0.981363535 132.744033813 -0.034204971 0.998525977 -0.042143002 -4.872062206 -0.981389642 -0.041530691 -0.187482387 -39.952571869
-0.188974693 0.035765141 0.981330395 133.573593140 -0.032680273 0.998553932 -0.042686101 -4.924603939 -0.981437981 -0.040136732 -0.187532589 -40.105369568
-0.187139258 0.036989383 0.981636763 134.392608643 -0.033630300 0.998463809 -0.044034734 -4.970971107 -0.981757522 -0.041253366 -0.185607806 -40.256378174
-0.185098857 0.036600970 0.982038021 135.222106934 -0.024818491 0.998813331 -0.041904092 -5.019230366 -0.982406437 -0.032129101 -0.183970809 -40.418022156
-0.181426078 0.033352446 0.982838869 136.041290283 -0.018309936 0.999136925 -0.037285410 -5.069971561 -0.983234048 -0.024760265 -0.180658817 -40.578613281
-0.179499269 0.028244134 0.983352602 136.858078003 -0.014486616 0.999403417 -0.031349510 -5.118311405 -0.983651340 -0.019872665 -0.178983048 -40.729049683
-0.175874516 0.028094623 0.984011590 137.667251587 -0.013131492 0.999436796 -0.030882049 -5.158703804 -0.984324992 -0.018352905 -0.175406501 -40.873054504
-0.170631394 0.032758832 0.984790266 138.466888428 -0.011552172 0.999311984 -0.035243507 -5.206702232 -0.985267222 -0.017390115 -0.170135558 -41.015304565
-0.164319888 0.036117528 0.985745668 139.262741089 -0.011023214 0.999199808 -0.038448013 -5.247941971 -0.986345530 -0.017183857 -0.163790271 -41.140472412
-0.156347409 0.037106283 0.987004876 140.062133789 -0.010937190 0.999167740 -0.039296068 -5.284227848 -0.987641633 -0.016938895 -0.155811459 -41.259552002
-0.146723077 0.032623287 0.988639414 140.858413696 -0.009714971 0.999360263 -0.034418847 -5.326277733 -0.989129901 -0.014654644 -0.146312281 -41.374145508
-0.135042906 0.031201134 0.990348399 141.651397705 -0.006199946 0.999457955 -0.032333557 -5.369386196 -0.990820348 -0.010506524 -0.134776250 -41.479526520
-0.120953977 0.033972498 0.992076635 142.441207886 -0.002003659 0.999403775 -0.034467697 -5.407044888 -0.992656112 -0.006156789 -0.120813780 -41.578735352
-0.106853105 0.035087518 0.993655503 143.227523804 -0.002370043 0.999365270 -0.035544004 -5.446088791 -0.994271994 -0.006152993 -0.106702119 -41.657516479
-0.092845820 0.035012133 0.995064676 144.019058228 -0.001339552 0.999376237 -0.035288826 -5.488003731 -0.995679617 -0.004609361 -0.092741013 -41.729030609
-0.079363599 0.036741648 0.996168375 144.799835205 -0.000413832 0.999319255 -0.036890827 -5.530787945 -0.996845603 -0.003340035 -0.079294354 -41.786651611
-0.065764166 0.042754650 0.996918738 145.569000244 -0.003456509 0.999065876 -0.043074753 -5.582244873 -0.997829139 -0.006278635 -0.065554962 -41.825881958
-0.053070318 0.052056685 0.997232914 146.332229614 -0.010367287 0.998557806 -0.052677564 -5.627151489 -0.998536885 -0.013134214 -0.052454088 -41.849464417
-0.039552178 0.059913114 0.997419655 147.099975586 -0.014919092 0.998054087 -0.060542833 -5.675458908 -0.999106109 -0.017275201 -0.038581364 -41.863697052
-0.026398109 0.060726576 0.997805297 147.864929199 -0.015723584 0.998004496 -0.061154675 -5.726549625 -0.999527812 -0.017303446 -0.025390591 -41.876094818
-0.014290559 0.056841958 0.998280883 148.640090942 -0.019288890 0.998181403 -0.057112414 -5.782064915 -0.999711812 -0.020071907 -0.013168150 -41.878120422
-0.003719347 0.054321695 0.998516500 149.403991699 -0.023218125 0.998249590 -0.054393660 -5.841154575 -0.999723494 -0.023385990 -0.002451587 -41.865814209
0.004923399 0.060705833 0.998143554 150.160034180 -0.027459389 0.997787476 -0.060548734 -5.902327538 -0.999610782 -0.027110305 0.006579450 -41.847301483
0.011344434 0.068619803 0.997578382 150.906036377 -0.030913962 0.997189760 -0.068241529 -5.955967903 -0.999457717 -0.030064933 0.013433862 -41.826404572
0.014973688 0.071371481 0.997337401 151.655578613 -0.032881811 0.996944904 -0.070849694 -6.013215065 -0.999347091 -0.031733379 0.017274763 -41.811374664
0.014736446 0.066929400 0.997648895 152.410720825 -0.035332147 0.997168958 -0.066375300 -6.072631836 -0.999266982 -0.034270942 0.017059484 -41.791339874
0.013194903 0.062687837 0.997945964 153.167236328 -0.037175611 0.997373581 -0.062160332 -6.140232086 -0.999221623 -0.036279045 0.015490702 -41.778053284
0.010294806 0.059723660 0.998161852 153.928451538 -0.035781015 0.997597516 -0.059320860 -6.193910599 -0.999306619 -0.035104547 0.012407044 -41.769966125
0.007720151 0.060132630 0.998160541 154.673385620 -0.033887450 0.997632682 -0.059838731 -6.245458603 -0.999395847 -0.033363141 0.009739615 -41.766178131
0.003630553 0.059981577 0.998192847 155.412719727 -0.032545578 0.997677803 -0.059832249 -6.303385258 -0.999463677 -0.032269537 0.005574257 -41.757244110
-0.000459593 0.058845524 0.998266935 156.157775879 -0.031962819 0.997756183 -0.058830131 -6.358720779 -0.999488890 -0.031934470 0.001422307 -41.759002686
-0.005546089 0.059073664 0.998238146 156.896377563 -0.032694496 0.997709215 -0.059224002 -6.408953667 -0.999449968 -0.032965366 -0.003601999 -41.761020660
-0.011557913 0.057287890 0.998290718 157.634445190 -0.034000572 0.997757614 -0.057650942 -6.461187840 -0.999354959 -0.034608785 -0.009584175 -41.761833191
-0.017216193 0.054723222 0.998353124 158.384338379 -0.031496856 0.997976005 -0.055245686 -6.521161556 -0.999355495 -0.032396100 -0.015457734 -41.783111572
-0.022439171 0.054641586 0.998253882 159.117279053 -0.032260258 0.997945726 -0.055349875 -6.571494579 -0.999227524 -0.033445932 -0.020630324 -41.798137665
-0.027921509 0.056224201 0.998027682 159.842056274 -0.034601029 0.997764289 -0.057177380 -6.619788647 -0.999010980 -0.036129262 -0.025913671 -41.808971405
-0.032068785 0.058189087 0.997790396 160.565689087 -0.034035224 0.997661293 -0.059275441 -6.679900169 -0.998905957 -0.035860907 -0.030013306 -41.825695038
-0.034762003 0.060252123 0.997577727 161.282577515 -0.033743951 0.997541189 -0.061425760 -6.735830784 -0.998825788 -0.035797503 -0.032643382 -41.848041534
-0.035602130 0.061454851 0.997474790 161.999542236 -0.030694453 0.997569263 -0.062556237 -6.791267872 -0.998894572 -0.032844070 -0.033629272 -41.879985809
-0.035332486 0.060437571 0.997546554 162.728988647 -0.028152432 0.997713387 -0.061444823 -6.843026161 -0.998979032 -0.030254355 -0.033550229 -41.902667999
-0.031031746 0.056230739 0.997935355 163.452056885 -0.024893638 0.998063087 -0.057012022 -6.901850700 -0.999208331 -0.026611425 -0.029571852 -41.930984497
-0.023358023 0.056079000 0.998152971 164.153945923 -0.024167387 0.998102069 -0.056641679 -6.956676960 -0.999434948 -0.025445789 -0.021958405 -41.945312500
-0.012142483 0.056948312 0.998303235 164.850250244 -0.021505341 0.998131096 -0.057200063 -7.007374287 -0.999695003 -0.022163400 -0.010895096 -41.946659088
0.001834096 0.057198428 0.998361111 165.541503906 -0.019650327 0.998172164 -0.057151500 -7.056515217 -0.999805272 -0.019513300 0.002954714 -41.937767029
0.017590888 0.055097729 0.998326004 166.222244263 -0.020043684 0.998299301 -0.054743070 -7.104350567 -0.999644339 -0.019047152 0.018665332 -41.926559448
0.033552408 0.050185867 0.998176217 166.905578613 -0.025044562 0.998467088 -0.049358655 -7.151207447 -0.999123096 -0.023342783 0.034757860 -41.884979248
0.050018232 0.043648582 0.997794092 167.589584351 -0.026391219 0.998753428 -0.042367592 -7.194212437 -0.998399556 -0.024213849 0.051107820 -41.839221954
0.066899270 0.037033688 0.997072279 168.266525269 -0.027006462 0.999011993 -0.035293721 -7.227382660 -0.997394204 -0.024566269 0.067833327 -41.778358459
0.084642753 0.028762368 0.995996177 168.942520142 -0.026184002 0.999302328 -0.026632646 -7.267506123 -0.996067286 -0.023824904 0.085336812 -41.719089508
0.102004901 0.022843424 0.994521618 169.605773926 -0.028021682 0.999405563 -0.020081509 -7.300053596 -0.994389176 -0.025819756 0.102584392 -41.639877319
0.119824119 0.020758081 0.992578149 170.259094238 -0.029547909 0.999413073 -0.017333992 -7.327553749 -0.992355347 -0.027251577 0.120367132 -41.546405792
0.137573406 0.019598028 0.990297675 170.900100708 -0.027946543 0.999482989 -0.015897436 -7.347271442 -0.990097225 -0.025488332 0.138049945 -41.449523926
0.154785156 0.019054387 0.987764418 171.537475586 -0.028707752 0.999478579 -0.014781780 -7.365400314 -0.987530947 -0.026068494 0.155251443 -41.333969116
0.170559987 0.017983293 0.985183239 172.167953491 -0.034112539 0.999341846 -0.012336004 -7.384632587 -0.984756649 -0.031503070 0.171061188 -41.203041077
0.185507029 0.014429400 0.982536972 172.790390015 -0.035485167 0.999338388 -0.007976399 -7.404610634 -0.982002020 -0.033385810 0.185896322 -41.078659058
0.197477639 0.010511164 0.980251014 173.415344238 -0.032083273 0.999476135 -0.004253942 -7.419807911 -0.979782283 -0.030609595 0.197711408 -40.945667267
0.208263770 0.009340313 0.978028238 174.034759521 -0.030219026 0.999538481 -0.003110827 -7.437420845 -0.977605700 -0.028907178 0.208449915 -40.809516907
0.218310028 0.013473491 0.975786448 174.638351440 -0.034839246 0.999374986 -0.006004709 -7.453799725 -0.975257397 -0.032684769 0.218642950 -40.661735535
0.227152377 0.020259023 0.973648489 175.221969604 -0.039307583 0.999159575 -0.011619370 -7.476833820 -0.973065615 -0.035632402 0.227757782 -40.510925293
0.236427844 0.029901585 0.971188784 175.811172485 -0.039062213 0.999010921 -0.021248812 -7.493609428 -0.970863521 -0.032912973 0.237361997 -40.361507416
0.244740665 0.035931453 0.968922615 176.402023315 -0.034045462 0.999015331 -0.028447844 -7.510705948 -0.968990624 -0.026025075 0.245722994 -40.215042114
0.250634968 0.033919148 0.967487276 176.995422363 -0.033374432 0.999094665 -0.026381370 -7.527912617 -0.967506170 -0.025677243 0.251540154 -40.053237915
0.256755680 0.026482930 0.966113448 177.598587036 -0.036401778 0.999180257 -0.017715162 -7.545566082 -0.965790510 -0.030619781 0.257509261 -39.884971619
0.260792047 0.015587756 0.965269089 178.203323364 -0.040418111 0.999169290 -0.005215215 -7.567169666 -0.964548528 -0.037654269 0.261205435 -39.703449249
0.262986153 0.007663850 0.964769185 178.811141968 -0.040553823 0.999172509 0.003117415 -7.591753006 -0.963946879 -0.039944917 0.263079375 -39.536514282
0.264050186 0.007055717 0.964483142 179.415405273 -0.037303276 0.999299765 0.002902239 -7.605480671 -0.963787258 -0.036744721 0.264128476 -39.375556946
0.265286714 0.008964857 0.964127958 180.016830444 -0.033717077 0.999431431 -0.000015628 -7.613316059 -0.963579834 -0.032503426 0.265438169 -39.209629059
0.267170161 0.008190619 0.963614583 180.614929199 -0.030462166 0.999535978 -0.000050056 -7.622680187 -0.963167787 -0.029340420 0.267295688 -39.046257019
0.268437207 0.006407612 0.963275850 181.226989746 -0.032946132 0.999453902 0.002532873 -7.621824265 -0.962733626 -0.032416131 0.268501729 -38.864940643
0.270923764 0.002849119 0.962596536 181.840393066 -0.033632226 0.999413013 0.006507736 -7.628370285 -0.962013006 -0.034137368 0.270860642 -38.684951782
0.274023235 -0.002080292 0.961720765 182.459350586 -0.033234209 0.999379814 0.011631180 -7.634334564 -0.961148679 -0.035149250 0.273784190 -38.502445221
0.279254138 -0.004943935 0.960204482 183.084487915 -0.031672593 0.999395132 0.014356989 -7.636954308 -0.959694743 -0.034421410 0.278928667 -38.329132080
0.285347551 -0.007360996 0.958395839 183.692398071 -0.029140919 0.999441504 0.016352506 -7.633997917 -0.957980990 -0.032594681 0.284973621 -38.147361755
0.293086618 -0.010538266 0.956027806 184.311325073 -0.027933441 0.999418020 0.019580027 -7.633592129 -0.955677748 -0.032443795 0.292621613 -37.950572968
0.302473545 -0.012144058 0.953080356 184.925231934 -0.025354173 0.999462426 0.020781558 -7.631957054 -0.952820539 -0.030450433 0.302002996 -37.748191833
0.313884854 -0.010417962 0.949403882 185.540100098 -0.026602630 0.999450743 0.019762296 -7.637722492 -0.949088275 -0.031459726 0.313435316 -37.540245056
0.325350940 -0.006520845 0.945570827 186.154403687 -0.027556680 0.999486148 0.016374329 -7.632616520 -0.945191681 -0.031384196 0.325004101 -37.317535400
0.337343127 -0.003478474 0.941375256 186.768234253 -0.028362039 0.999501705 0.013856831 -7.629532337 -0.940954328 -0.031373836 0.337076426 -37.091720581
0.348796874 -0.003617645 0.937191427 187.381439209 -0.027124343 0.999534667 0.013953237 -7.631445885 -0.936805725 -0.030287549 0.348536491 -36.853656769
0.360529035 -0.006493207 0.932725370 188.001235962 -0.026701871 0.999494076 0.017279170 -7.631300449 -0.932365656 -0.031135159 0.360173315 -36.617382050
