1.000000000 0.000000000 0.000000000 0.000000000 0.000000000 1.000000000 0.000000000 0.000000000 0.000000000 0.000000000 1.000000000 0.000000000
0.999873817 0.001490883 0.015814403 0.010622025 -0.001476387 0.999998450 -0.000928270 -0.003399070 -0.015815765 0.000904804 0.999874532 0.126221552
0.999292374 0.004322200 0.037363984 0.027266350 -0.004310287 0.999990642 -0.000399397 -0.004820879 -0.037365358 0.000238065 0.999301672 0.272610754
0.997895360 0.005963794 0.064570084 0.056360662 -0.006038690 0.999981284 0.000964821 -0.004710087 -0.064563125 -0.001352709 0.997912705 0.436068535
0.995125175 0.005700913 0.098454811 0.102163389 -0.006046967 0.999976456 0.003216799 -0.004353556 -0.098434180 -0.003796472 0.995136321 0.608202875
0.990627646 0.002620541 0.136565000 0.163294837 -0.003365598 0.999980688 0.005225086 -0.006182309 -0.136548668 -0.005635738 0.990617335 0.790495455
0.984342098 -0.000144744 0.176268727 0.236295789 -0.000824146 0.999984920 0.005423437 -0.005158335 -0.176266849 -0.005483789 0.984327137 0.985472143
0.975541413 -0.000343285 0.219815344 0.318677723 -0.001141512 0.999977410 0.006627696 -0.001466225 -0.219812647 -0.006716513 0.975519001 1.191031575
0.963363945 -0.000173249 0.268197358 0.410851955 -0.002465141 0.999951839 0.009500722 0.001432479 -0.268186092 -0.009813798 0.963317156 1.408423066
0.948909640 -0.003641412 0.315526992 0.527661264 -0.001689617 0.999860466 0.016620440 -0.002775099 -0.315543443 -0.016304417 0.948771000 1.619497776
0.931908965 -0.013144135 0.362454265 0.669095576 0.004507134 0.999685645 0.024664534 -0.006648917 -0.362664491 -0.021351472 0.931675196 1.830756783
0.910545588 -0.018142615 0.413010269 0.823700786 0.006853009 0.999561727 0.028799977 -0.004306205 -0.413351715 -0.023393331 0.910270870 2.052516222
0.885001540 -0.019498726 0.465179592 0.992818713 0.004878465 0.999456227 0.032612514 0.001185991 -0.465562522 -0.026592761 0.884615362 2.285940647
0.856727421 -0.021736640 0.515311122 1.168550730 0.002931722 0.999300659 0.037277967 0.001901150 -0.515761077 -0.030426312 0.856191933 2.488072872
0.824179113 -0.026243780 0.565720856 1.372257233 0.003440744 0.999139249 0.041337356 0.009551302 -0.566318870 -0.032122876 0.823560059 2.705243587
0.788050532 -0.032075651 0.614774406 1.599659920 0.005608723 0.998974323 0.044931605 0.008520752 -0.615585029 -0.031960271 0.787422121 2.917142630
0.749608040 -0.035897952 0.660907805 1.842519283 0.006024720 0.998856783 0.047420733 0.016734153 -0.661854506 -0.031565174 0.748967409 3.129000187
0.709461749 -0.039080009 0.703659654 2.110533237 0.007157075 0.998809457 0.048256010 0.029968485 -0.704707563 -0.029199652 0.708896637 3.333647728
0.667034864 -0.040801421 0.743908405 2.414088726 0.006054106 0.998763204 0.049351040 0.046089336 -0.745001912 -0.028415162 0.666456878 3.556879282
0.624167442 -0.040533893 0.780238390 2.720702648 0.000540847 0.998675406 0.051449183 0.059761941 -0.781290412 -0.031690903 0.623362541 3.767000198
0.582213700 -0.040935803 0.812004566 3.073182583 -0.002576182 0.998633802 0.052191529 0.079795063 -0.813031673 -0.032478493 0.581312776 3.977365017
0.541992009 -0.042105787 0.839328289 3.450943470 -0.004203888 0.998595655 0.052810267 0.100443602 -0.840373158 -0.032151178 0.541053951 4.186557770
0.502621770 -0.044199474 0.863375783 3.856738567 -0.006130742 0.998484790 0.054685280 0.117509589 -0.864484727 -0.032779146 0.501589179 4.398150921
0.465639919 -0.043828811 0.883888304 4.290590763 -0.009252274 0.998477161 0.054385033 0.135982528 -0.884926081 -0.033501815 0.464525193 4.596607208
0.428914845 -0.042901941 0.902325630 4.753801346 -0.010448082 0.998569191 0.052444361 0.158652365 -0.903284550 -0.031921737 0.427852869 4.791798592
0.395049244 -0.041629415 0.917716205 5.245979309 -0.009082977 0.998746872 0.049215071 0.181047216 -0.918615103 -0.027777975 0.394176006 4.977470398
0.365977526 -0.039501179 0.929784954 5.764162064 -0.006933057 0.998955250 0.045168791 0.207888782 -0.930597842 -0.022977011 0.365321368 5.150831223
0.340967864 -0.037824839 0.939313710 6.313010216 -0.005720571 0.999088168 0.042308427 0.230054677 -0.940057576 -0.019799225 0.340440571 5.324895382
0.320726365 -0.037262775 0.946438670 6.882486343 -0.004307294 0.999158084 0.040798061 0.254671216 -0.947162151 -0.017161602 0.320295811 5.503482819
0.305433720 -0.037811067 0.951462328 7.487995625 -0.003871830 0.999153674 0.040949240 0.275087774 -0.952205479 -0.016191177 0.305028886 5.702776432
0.293946892 -0.039018728 0.955024958 8.112954140 -0.002917137 0.999125183 0.041718364 0.302212715 -0.955817342 -0.015048920 0.293575883 5.884604454
0.283389151 -0.040640254 0.958143532 8.774856567 -0.004246674 0.999038815 0.043630883 0.330481946 -0.958995581 -0.016433444 0.282944143 6.070578098
0.272606075 -0.042507045 0.961186409 9.446003914 -0.005516001 0.998938024 0.045740981 0.354907334 -0.962109864 -0.017771175 0.272082120 6.266072750
0.262843609 -0.044406760 0.963815987 10.161213875 -0.006393338 0.998838127 0.047763903 0.378355265 -0.964817286 -0.018716438 0.262254328 6.456569672
0.252665520 -0.046191219 0.966450393 10.879409790 -0.007264236 0.998741090 0.049633667 0.410501450 -0.967526495 -0.019561242 0.252011925 6.643590927
0.242033973 -0.047326956 0.969112873 11.622095108 -0.007366240 0.998691261 0.050611138 0.446780384 -0.970239878 -0.019388331 0.241368592 6.830019951
0.232061088 -0.049072646 0.971462607 12.382802010 -0.007529422 0.998606086 0.052242395 0.470365822 -0.972672105 -0.019437980 0.231368139 7.003137589
0.221821710 -0.051784422 0.973711193 13.174201012 -0.009252494 0.998432040 0.055206951 0.506020784 -0.975043356 -0.021255357 0.220994771 7.179421425
0.210569829 -0.055167336 0.976020992 13.959287643 -0.010890577 0.998212039 0.058771200 0.545250475 -0.977518201 -0.023004871 0.209592551 7.349230766
0.198491767 -0.058900833 0.978331029 14.747797012 -0.011015159 0.997995436 0.062319573 0.584353864 -0.980040669 -0.023146398 0.197445050 7.506546974
0.185193837 -0.061632365 0.980767429 15.530869484 -0.012103425 0.997812510 0.064988934 0.612339973 -0.982627571 -0.023906194 0.184042782 7.652290344
0.170643806 -0.061709817 0.983398497 16.373931885 -0.013144350 0.997805655 0.064894751 0.658545852 -0.985245109 -0.024000024 0.169458210 7.812385559
0.156355217 -0.060436882 0.985850096 17.189512253 -0.014502265 0.997878134 0.063474298 0.699955940 -0.987594366 -0.024221601 0.155147001 7.938066483
0.140080392 -0.059235819 0.988366604 18.008924484 -0.015171896 0.997963250 0.061961275 0.737035632 -0.990023911 -0.023674954 0.138896346 8.047477722
0.119630203 -0.058360592 0.991101682 18.842744827 -0.018044069 0.997978151 0.060943499 0.764568508 -0.992654562 -0.025174193 0.118335292 8.146756172
0.093596764 -0.056459576 0.994008005 19.653257370 -0.021918748 0.998031974 0.058752034 0.805668950 -0.995368898 -0.027286414 0.092175052 8.230782509
0.063157707 -0.056093745 0.996425807 20.493560791 -0.025943791 0.997989535 0.057826195 0.840848684 -0.997666359 -0.029503232 0.061575435 8.279725075
0.030186154 -0.055787347 0.997986317 21.335088730 -0.028455177 0.997988701 0.056648169 0.872812033 -0.999139130 -0.030107867 0.028537996 8.295618057
-0.004249483 -0.055300403 0.998460710 22.178722382 -0.029999429 0.998027384 0.055148728 0.899708450 -0.999540865 -0.029718896 -0.005900085 8.285207748
-0.038599752 -0.054242905 0.997781396 23.025177002 -0.031270962 0.998102069 0.053050600 0.930124044 -0.998765290 -0.029153844 -0.040222727 8.250473976
-0.071223475 -0.052640278 0.996070445 23.873771667 -0.033356339 0.998173654 0.050366312 0.950311899 -0.996902466 -0.029637996 -0.072849281 8.183406830
-0.104520388 -0.049474508 0.993291318 24.741842270 -0.035537794 0.998309731 0.045984954 0.982908726 -0.993887544 -0.030493023 -0.106101960 8.108541489
-0.137339458 -0.044649851 0.989517152 25.581571579 -0.032874003 0.998638630 0.040498704 1.005884290 -0.989978373 -0.026967326 -0.138620302 7.982080460
-0.168771565 -0.038633727 0.984897852 26.416149139 -0.027324026 0.999030888 0.034505881 1.023123860 -0.985276401 -0.021087762 -0.169663653 7.823160172
-0.198068514 -0.032347009 0.979654253 27.251602173 -0.019775117 0.999383807 0.029000273 1.033940077 -0.979988694 -0.013628740 -0.198586121 7.627040863
-0.227607891 -0.026714778 0.973386347 28.059288025 -0.014558489 0.999605179 0.024030132 1.036870122 -0.973644018 -0.008701583 -0.227906972 7.432578564
-0.255529940 -0.020750020 0.966578364 28.877120972 -0.005909841 0.999784470 0.019900514 1.038214803 -0.966783047 -0.000627146 -0.255597502 7.197156906
-0.281213939 -0.010040780 0.959592581 29.672969818 0.000828620 0.999942303 0.010705814 1.030837893 -0.959644675 0.003805762 -0.281189352 6.938919067
-0.306853473 0.005629494 0.951740086 30.462520599 0.005443585 0.999976575 -0.004159729 1.018111944 -0.951741278 0.003904452 -0.306876898 6.672676086
-0.331230164 0.022654841 0.943277955 31.239185333 0.005669000 0.999741554 -0.022020269 0.996889770 -0.943532884 -0.001946334 -0.331272930 6.388164520
-0.356710464 0.037527684 0.933460891 32.008407593 0.006265828 0.999266505 -0.037778839 0.963092566 -0.934193909 -0.007627203 -0.356683999 6.090086937
-0.380981386 0.047748499 0.923348904 32.766227722 0.009822450 0.998818219 -0.047598362 0.918104529 -0.924530506 -0.009064544 -0.381000221 5.764093399
-0.404290140 0.052121196 0.913144469 33.518638611 0.012648857 0.998598099 -0.051398568 0.870657206 -0.914543331 -0.009229698 -0.404382646 5.428757668
-0.427113146 0.051734362 0.902716875 34.272548676 0.016414691 0.998640954 -0.049465250 0.814680815 -0.904049158 -0.006309442 -0.427381903 5.065187454
-0.447029084 0.047447164 0.893260181 35.007690430 0.019913251 0.998872638 -0.043091450 0.759567380 -0.894297779 -0.001475417 -0.447469920 4.677816391
-0.464530855 0.046269625 0.884347320 35.724411011 0.028201332 0.998900533 -0.037449501 0.706979990 -0.885107696 0.007543325 -0.465324938 4.281961441
-0.478091121 0.046437591 0.877081752 36.430122375 0.030477082 0.998877168 -0.036273271 0.658653378 -0.877781272 0.009388966 -0.478969485 3.886702538
-0.489104986 0.050792195 0.870744765 37.124275208 0.034200300 0.998652220 -0.039042663 0.615149736 -0.871554136 0.010683775 -0.490182817 3.487710953
-0.498846650 0.053228732 0.865054190 37.811271667 0.035010338 0.998535097 -0.041252870 0.569297194 -0.865982771 0.009706974 -0.499979466 3.082819939
-0.509723365 0.052458432 0.858737588 38.508514404 0.029089089 0.998619497 -0.043737017 0.515599847 -0.859846473 0.002686113 -0.510545671 2.679386139
-0.520711422 0.051115546 0.852201223 39.192802429 0.028678689 0.998689890 -0.042378791 0.467926145 -0.853251040 0.002372889 -0.521495104 2.262889862
-0.529526055 0.052284405 0.846680939 39.862129211 0.030694842 0.998626173 -0.042470377 0.421568632 -0.847738206 0.003499563 -0.530403376 1.843109131
-0.536740959 0.055396300 0.841926575 40.552490234 0.033404991 0.998455226 -0.044399235 0.380309105 -0.843085408 0.004293661 -0.537762403 1.398948669
-0.540199459 0.058372281 0.839510143 41.245220184 0.035207517 0.998285651 -0.046757188 0.331532478 -0.840800226 0.004298864 -0.541328490 0.952064514
-0.540159881 0.060305551 0.839398921 41.949783325 0.034023494 0.998178661 -0.049818490 0.289780378 -0.840874314 0.001649340 -0.541227937 0.509914398
-0.536760092 0.060613152 0.841554940 42.652877808 0.036406670 0.998151124 -0.048671141 0.237450838 -0.842949152 0.004513488 -0.537974417 0.055704117
-0.530820906 0.059448708 0.845396399 43.399181366 0.034244865 0.998226523 -0.048693594 0.185361862 -0.846791863 0.003102909 -0.531915307 -0.411323547
-0.524147987 0.058235936 0.849633813 44.164619446 0.032282725 0.998300850 -0.048510376 0.135058045 -0.851015151 0.002001882 -0.525137365 -0.870201111
-0.516622901 0.057676055 0.854268134 44.934272766 0.030392241 0.998335183 -0.049022891 0.082672596 -0.855673432 0.000636778 -0.517515659 -1.332458496
-0.510252297 0.056428235 0.858171582 45.720054626 0.028116487 0.998406291 -0.048931718 0.026735425 -0.859565020 -0.000838747 -0.511025667 -1.795993805
-0.506250441 0.054112568 0.860687077 46.524684906 0.023514206 0.998524427 -0.048947692 -0.025216103 -0.862065852 -0.004541418 -0.506775916 -2.253229141
-0.504656971 0.051205084 0.861800075 47.347999573 0.018746736 0.998654068 -0.048358656 -0.078234911 -0.863116324 -0.008248589 -0.504937649 -2.726474762
-0.505333006 0.048552096 0.861557484 48.185573578 0.016551154 0.998777568 -0.046577159 -0.144430518 -0.862765670 -0.009277205 -0.505518854 -3.202653885
-0.506247044 0.047385242 0.861085653 49.027984619 0.015716877 0.998830378 -0.045725062 -0.202868223 -0.862245262 -0.009614597 -0.506399632 -3.691921234
-0.506586671 0.046661545 0.860925496 49.895347595 0.015274182 0.998863459 -0.045150034 -0.256901979 -0.862053931 -0.009722470 -0.506723523 -4.198991776
-0.506664038 0.046359926 0.860896230 50.762287140 0.015338727 0.998879969 -0.044763125 -0.311713696 -0.862007201 -0.009474814 -0.506807566 -4.706001282
-0.506898344 0.045320328 0.860813737 51.640110016 0.015447825 0.998934209 -0.043495532 -0.369379520 -0.861867309 -0.008750110 -0.507058322 -5.217174530
-0.506868303 0.045210902 0.860837102 52.525810242 0.015520645 0.998940587 -0.043325353 -0.427862763 -0.861883759 -0.008599505 -0.507032931 -5.736110687
-0.507075012 0.043602943 0.860798299 53.422241211 0.013660667 0.999000669 -0.042556293 -0.485800743 -0.861793637 -0.009820155 -0.507163882 -6.259754181
-0.507204473 0.042666677 0.860768914 54.298202515 0.012312194 0.999030530 -0.042265128 -0.544467211 -0.861737788 -0.010839109 -0.507238150 -6.764162064
-0.506622970 0.041775666 0.861154974 55.190917969 0.011373228 0.999062300 -0.041774776 -0.608591557 -0.862092733 -0.011369953 -0.506623089 -7.281503677
-0.505397201 0.040348303 0.861943007 56.064632416 0.011166628 0.999128342 -0.040222559 -0.665754080 -0.862814605 -0.010703374 -0.505407214 -7.793910980
-0.503110290 0.038357414 0.863370657 56.950035095 0.011301238 0.999221146 -0.037807371 -0.723530889 -0.864148438 -0.009264118 -0.503151834 -8.309427261
-0.500690758 0.036776513 0.864844620 57.826705933 0.011969995 0.999295652 -0.035564020 -0.785940409 -0.865543365 -0.007454395 -0.500778377 -8.813709259
-0.498304695 0.036643282 0.866227388 58.713939667 0.011917647 0.999301553 -0.035416886 -0.838312030 -0.866920114 -0.007325007 -0.498393357 -9.318899155
-0.496436268 0.036657333 0.867298841 59.599586487 0.011954975 0.999301851 -0.035393644 -0.896458268 -0.867990851 -0.007202152 -0.496528000 -9.817146301
-0.495242298 0.037290316 0.867954195 60.475406647 0.012039646 0.999276996 -0.036062747 -0.948558331 -0.868671477 -0.007409937 -0.495333135 -10.318206787
-0.496262461 0.038814921 0.867304325 61.351303101 0.012109966 0.999212265 -0.037789069 -1.006696582 -0.868088067 -0.008250270 -0.496341616 -10.811956406
-0.499152750 0.040343311 0.865574360 62.223579407 0.010173145 0.999119580 -0.040701106 -1.064150572 -0.866454244 -0.011510460 -0.499123722 -11.307973862
-0.503569067 0.040801212 0.862991095 63.099121094 0.008753943 0.999073863 -0.042126987 -1.122654080 -0.863910556 -0.013659276 -0.503459990 -11.817846298
-0.509024620 0.039392073 0.859850168 63.961139679 0.010499288 0.999162138 -0.039558832 -1.182491899 -0.860688031 -0.011108604 -0.509011626 -12.326293945
-0.514467001 0.036965925 0.856713057 64.815521240 0.011573806 0.999278784 -0.036167204 -1.241578817 -0.857432008 -0.008691408 -0.514523804 -12.838680267
-0.520016015 0.034387320 0.853464127 65.679397583 0.008300248 0.999345481 -0.035207756 -1.296364427 -0.854116201 -0.011224635 -0.519961178 -13.348064423
-0.525227189 0.037786447 0.850122750 66.525787354 0.010845242 0.999229670 -0.037713531 -1.352095008 -0.850893080 -0.010588382 -0.525232375 -13.865139008
-0.530239284 0.039506182 0.846927166 67.366638184 0.010976914 0.999149978 -0.039734483 -1.402245522 -0.847777009 -0.011772138 -0.530222178 -14.386804581
-0.535085738 0.040463042 0.843828201 68.190879822 0.009759037 0.999081671 -0.041719358 -1.457503438 -0.844741344 -0.014088484 -0.534989297 -14.898639679
-0.538379967 0.040563900 0.841725349 68.998680115 0.008809374 0.999057174 -0.042511337 -1.516239882 -0.842656136 -0.015472173 -0.538229704 -15.421384811
-0.541617692 0.040357571 0.839655519 69.811767578 0.010374063 0.999091744 -0.041329015 -1.571652889 -0.840560794 -0.013673888 -0.541544557 -15.944946289
-0.543847620 0.033248451 0.838525057 70.633232117 0.010564225 0.999406934 -0.032775883 -1.618464112 -0.839117408 -0.008966719 -0.543876410 -16.473457336
-0.546290100 0.023758216 0.837258995 71.455917358 0.008919641 0.999705911 -0.022548003 -1.674996614 -0.837548554 -0.004849701 -0.546341419 -17.008049011
-0.548114359 0.022468789 0.836101592 72.269172668 0.009974118 0.999743581 -0.020327760 -1.714711189 -0.836343884 -0.002802560 -0.548198044 -17.535680771
-0.548716068 0.027441535 0.835558295 73.058036804 0.010684382 0.999609709 -0.025812838 -1.757716060 -0.835940659 -0.005236493 -0.548795104 -18.054552078
-0.550427496 0.033391088 0.834214866 73.857833862 0.012288301 0.999415636 -0.031895559 -1.802823544 -0.834792554 -0.007305110 -0.550516188 -18.568782806
-0.550054550 0.037496012 0.834286571 74.641159058 0.018328711 0.999292970 -0.032827701 -1.847332478 -0.834927559 -0.002765633 -0.550352871 -19.108705521
-0.549841940 0.039046694 0.834355652 75.432090759 0.022046443 0.999237180 -0.032234278 -1.895920515 -0.834977746 0.000670815 -0.550283372 -19.641296387
-0.549507141 0.035660021 0.834727705 76.234107971 0.020143384 0.999363720 -0.029432835 -1.934866667 -0.835246086 0.000640689 -0.549875677 -20.161069870
-0.548939407 0.030694483 0.835298419 77.027763367 0.017978435 0.999527872 -0.024914358 -1.968973041 -0.835668802 0.001340885 -0.549232066 -20.680234909
-0.548658967 0.023616074 0.835712671 77.827850342 0.015661338 0.999715865 -0.017968649 -2.018486977 -0.835899711 0.003229719 -0.548872888 -21.186697006
-0.548390925 0.018089633 0.836026371 78.627426147 0.006975162 0.999830186 -0.017058602 -2.051149845 -0.836192966 -0.003523364 -0.548424065 -21.685932159
-0.546941280 0.013262221 0.837065816 79.426612854 -0.000058730 0.999873936 -0.015880076 -2.079009056 -0.837170959 -0.008734635 -0.546871603 -22.188276291
-0.545188010 0.013609668 0.838203251 80.218154907 0.002427880 0.999889553 -0.014655773 -2.112235785 -0.838310182 -0.005955097 -0.545161068 -22.694053650
-0.541606069 0.017169187 0.840457141 81.008033752 0.007247296 0.999849558 -0.015755028 -2.144972086 -0.840601146 -0.002441975 -0.541648924 -23.216886520
-0.536133826 0.020463469 0.843884826 81.798309326 0.009058911 0.999788046 -0.018488705 -2.170898914 -0.844084382 -0.002267741 -0.536205590 -23.720649719
-0.528531849 0.022493452 0.848615408 82.587394714 0.014150051 0.999743462 -0.017686371 -2.205697298 -0.848795593 0.002660142 -0.528714538 -24.211147308
-0.519911945 0.026310844 0.853814483 83.390815735 0.021379914 0.999613225 -0.017784884 -2.236489296 -0.853952348 0.009007910 -0.520273328 -24.721120834
-0.510634303 0.025582423 0.859417200 84.184921265 0.019236734 0.999646962 -0.018326901 -2.267278671 -0.859582663 0.007174034 -0.510946214 -25.172798157
-0.499948353 0.023383223 0.865739465 84.993316650 0.017194744 0.999706388 -0.017071964 -2.296174526 -0.865884483 0.006351067 -0.500203788 -25.627737045
-0.488347560 0.019995892 0.872420073 85.799957275 0.017670868 0.999758959 -0.013023030 -2.330513716 -0.872470260 0.009056655 -0.488583297 -26.072755814
-0.477592319 0.018845083 0.878379464 86.615188599 0.016344119 0.999787509 -0.012563199 -2.357739449 -0.878429532 0.008356252 -0.477798820 -26.510162354
-0.465847790 0.018389847 0.884673774 87.433464050 0.017028602 0.999785244 -0.011815837 -2.379635811 -0.884700954 0.009560375 -0.466060936 -26.933383942
-0.454123378 0.019516060 0.890725017 88.248832703 0.017964292 0.999757409 -0.012746152 -2.406181335 -0.890757561 0.010212918 -0.454363793 -27.341083527
-0.441701055 0.022541860 0.896879077 89.081634521 0.017495973 0.999710619 -0.016509859 -2.448430061 -0.896991670 0.008399347 -0.441967636 -27.752834320
-0.430369228 0.032069266 0.902083039 89.901069641 0.019777667 0.999463797 -0.026095564 -2.475909472 -0.902436197 0.006610375 -0.430772692 -28.140371323
-0.417717874 0.036542650 0.907841623 90.726913452 0.019306708 0.999322236 -0.031341512 -2.510443449 -0.908371687 0.004435525 -0.418140233 -28.514152527
-0.406269878 0.033036549 0.913155794 91.561477661 0.017899867 0.999442220 -0.028194472 -2.553191900 -0.913577855 0.004890801 -0.406634569 -28.876995087
-0.394568503 0.029160116 0.918403804 92.408760071 0.015509335 0.999565303 -0.025073875 -2.593137026 -0.918735623 0.004350471 -0.394849211 -29.236194611
-0.384599060 0.029497333 0.922612250 93.268257141 0.011571265 0.999564767 -0.027134039 -2.634333372 -0.923011184 0.000240063 -0.384773046 -29.594631195
-0.377649546 0.033860829 0.925329208 94.106544495 0.006600922 0.999404192 -0.033877473 -2.679300785 -0.925925136 -0.006685787 -0.377648026 -29.923576355
-0.372840464 0.038903244 0.927079678 94.949539185 0.000594259 0.999130428 -0.041687746 -2.720479488 -0.927895308 -0.014991952 -0.372539401 -30.245903015
-0.369607002 0.040947977 0.928285480 95.797569275 -0.002161693 0.998987913 -0.044927463 -2.772013664 -0.929185688 -0.018612171 -0.369144350 -30.576946259
-0.365660310 0.040843781 0.929851711 96.635612488 -0.003037564 0.998978972 -0.045074709 -2.827195168 -0.930743337 -0.019306522 -0.365162909 -30.901279449
-0.361284912 0.040688414 0.931567311 97.467292786 -0.004213113 0.998966217 -0.045266170 -2.881381989 -0.932445943 -0.020278785 -0.360739917 -31.208374023
-0.355172664 0.036577202 0.934084833 98.318023682 -0.006801586 0.999106586 -0.041709553 -2.932722569 -0.934775949 -0.021167349 -0.354606539 -31.530624390
-0.349990219 0.032639988 0.936184525 99.167961121 -0.007293466 0.999267519 -0.037566017 -2.983441353 -0.936724961 -0.019975765 -0.349495858 -31.838867188
-0.344478786 0.029699039 0.938324213 100.006042480 -0.009820636 0.999330699 -0.035235330 -3.030671358 -0.938742697 -0.021352764 -0.343956560 -32.134170532
-0.338604629 0.027546963 0.940525413 100.873390198 -0.017591003 0.999211311 -0.035598859 -3.086137295 -0.940764368 -0.028598724 -0.337852985 -32.431385040
-0.332508206 0.027822813 0.942689896 101.720001221 -0.024147356 0.998985887 -0.038001671 -3.131332636 -0.942791283 -0.035399340 -0.331499130 -32.711132050
-0.325861335 0.031794038 0.944882870 102.561943054 -0.021921162 0.998911560 -0.041171975 -3.183313370 -0.945163429 -0.034129284 -0.324809670 -32.994537354
-0.319048852 0.035126414 0.947087109 103.413551331 -0.020641161 0.998818338 -0.043998536 -3.230704784 -0.947513461 -0.033586662 -0.317946821 -33.276344299
-0.312460899 0.033286560 0.949347258 104.275459290 -0.021766698 0.998872578 -0.042187173 -3.281002045 -0.949681222 -0.033845995 -0.311384022 -33.551006317
-0.305181384 0.028741773 0.951860368 105.122955322 -0.022754265 0.999038935 -0.037461720 -3.325954914 -0.952022374 -0.033091504 -0.304234087 -33.820934296
-0.298219532 0.026017210 0.954142690 105.983764648 -0.023657735 0.999119937 -0.034637913 -3.377214909 -0.954204142 -0.032902569 -0.297341555 -34.081653595
-0.291819066 0.029354550 0.956022978 106.840057373 -0.025852099 0.998921692 -0.038562912 -3.419454575 -0.956124127 -0.035968594 -0.290745467 -34.331264496
-0.285471082 0.032097284 0.957849681 107.695434570 -0.025272697 0.998839378 -0.041002940 -3.470411777 -0.958054066 -0.035912599 -0.284328580 -34.579875946
-0.278756768 0.032688711 0.959805191 108.552177429 -0.027384970 0.998743594 -0.041968293 -3.518386602 -0.959971249 -0.037983187 -0.277511388 -34.817073822
-0.271790802 0.032083031 0.961821437 109.415374756 -0.027876485 0.998762190 -0.041192569 -3.571696997 -0.961952507 -0.038007960 -0.270560026 -35.056945801
-0.263420492 0.031716794 0.964159548 110.275138855 -0.024167003 0.998928726 -0.039463282 -3.623028755 -0.964378357 -0.033696283 -0.262371868 -35.294532776
-0.255933195 0.033004042 0.966130972 111.130912781 -0.021199251 0.998984993 -0.039742164 -3.672441483 -0.966462016 -0.030652588 -0.254973739 -35.519683838
-0.249253571 0.033558380 0.967856586 111.992477417 -0.019883521 0.999011338 -0.039759230 -3.720788956 -0.968234062 -0.029154530 -0.248339877 -35.735977173
-0.242786333 0.032323603 0.969541132 112.861076355 -0.025994407 0.998869061 -0.039810713 -3.769222260 -0.969731450 -0.034868147 -0.241671532 -35.934906006
-0.236938417 0.030422714 0.971048176 113.727745056 -0.031039629 0.998762190 -0.038864743 -3.817221642 -0.971028686 -0.039349522 -0.235700831 -36.135044098
-0.232536718 0.030539094 0.972108006 114.602333069 -0.028623907 0.998858988 -0.038226578 -3.865580082 -0.972166240 -0.036714613 -0.231397286 -36.336952209
-0.228122428 0.030392604 0.973158002 115.471282959 -0.026955746 0.998932302 -0.037516389 -3.918595314 -0.973259211 -0.034790527 -0.227059647 -36.531299591
-0.222902074 0.032491140 0.974299192 116.342445374 -0.025565367 0.998905778 -0.039160620 -3.964798927 -0.974505544 -0.033637300 -0.221827552 -36.734939575
-0.216990799 0.031229315 0.975673974 117.205207825 -0.019564206 0.999148250 -0.036331773 -4.011811256 -0.975977719 -0.026971949 -0.216194943 -36.927185059
-0.211797103 0.030242696 0.976845622 118.081062317 -0.012536940 0.999354661 -0.033657793 -4.053924561 -0.977233350 -0.019375280 -0.211281300 -37.122982025
-0.206739619 0.029578384 0.977948785 118.947082520 -0.010836003 0.999412417 -0.032518294 -4.100356102 -0.978335977 -0.017319879 -0.206297666 -37.300258636
-0.202654079 0.031094279 0.978756607 119.823715210 -0.012705599 0.999328077 -0.034378547 -4.143682003 -0.979167998 -0.019402642 -0.202122852 -37.478683472
-0.199173108 0.032647785 0.979420304 120.710021973 -0.014130355 0.999245286 -0.036182147 -4.192069530 -0.979862392 -0.021046067 -0.198561430 -37.652000427
-0.197116837 0.032263204 0.979849041 121.578430176 -0.016855720 0.999198973 -0.036291219 -4.235486507 -0.980235100 -0.023669669 -0.196415126 -37.820140839
-0.196703643 0.031259328 0.979964495 122.453491211 -0.017119993 0.999229729 -0.035310272 -4.277489662 -0.980313540 -0.023722643 -0.196016937 -37.980319977
-0.195691839 0.026325807 0.980311990 123.329719543 -0.015942577 0.999422073 -0.030021489 -4.326284885 -0.980535865 -0.021503663 -0.195159048 -38.153816223
-0.194765463 0.021519290 0.980613768 124.197288513 -0.017511923 0.999523580 -0.025412412 -4.365709782 -0.980693519 -0.022121891 -0.194295838 -38.322765350
-0.194167018 0.019737195 0.980769932 125.064262390 -0.016861146 0.999582648 -0.023453861 -4.404530048 -0.980823517 -0.021090873 -0.193753198 -38.489143372
-0.192612588 0.024014963 0.980980933 125.918830872 -0.017415321 0.999459326 -0.027886771 -4.447900772 -0.981120408 -0.022455437 -0.192090198 -38.655345917
-0.192547351 0.027957236 0.980889380 126.799674988 -0.016883932 0.999351680 -0.031797748 -4.487283230 -0.981142402 -0.022683842 -0.191950500 -38.826004028
-0.192681506 0.027182737 0.980884790 127.637008667 -0.020569576 0.999284685 -0.031733260 -4.520607948 -0.981045723 -0.026290795 -0.191984549 -38.979042053
-0.192602813 0.025777163 0.980938256 128.488464355 -0.022670921 0.999271154 -0.030710256 -4.567941666 -0.981014788 -0.028153650 -0.191878080 -39.133190155
-0.191623673 0.027341127 0.981087625 129.328796387 -0.017899439 0.999348283 -0.031346101 -4.607388496 -0.981305242 -0.023567565 -0.191009432 -39.303039551
-0.190068573 0.029390709 0.981330812 130.181823730 -0.020217299 0.999222696 -0.033842348 -4.649150848 -0.981562614 -0.026272222 -0.189326644 -39.472343445
-0.190525264 0.030688282 0.981202483 131.014602661 -0.026403936 0.998989403 -0.036371574 -4.695727348 -0.981327295 -0.032837301 -0.189522386 -39.615547180
-0.189628199 0.031627096 0.981346428 131.849670410 -0.032415327 0.998734593 -0.038451180 -4.744367123 -0.981320798 -0.039102092 -0.188363045 -39.766120911
-0.189323992 0.035824522 0.981260955 132.675750732 -0.028747305 0.998703539 -0.042007819 -4.790187359 -0.981493771 -0.036161687 -0.188048720 -39.920936584
-0.189070642 0.036753677 0.981275439 133.496475220 -0.027578417 0.998706460 -0.042720318 -4.841415882 -0.981576145 -0.035139192 -0.187812448 -40.075363159
-0.187248290 0.037696004 0.981589139 134.317672729 -0.028903415 0.998619318 -0.043863647 -4.888587952 -0.981887341 -0.036584672 -0.185900211 -40.227287292
-0.185477689 0.037450340 0.981934547 135.141448975 -0.020091532 0.998920023 -0.041893240 -4.935737133 -0.982443035 -0.027498826 -0.184524938 -40.386337280
-0.181635678 0.034230374 0.982769966 135.958114624 -0.014043988 0.999201894 -0.037398309 -4.986064434 -0.983265579 -0.020594878 -0.181009993 -40.549018860
-0.179755256 0.029092398 0.983281195 136.773147583 -0.010748804 0.999444842 -0.031535652 -5.033544064 -0.983652711 -0.016237792 -0.179342791 -40.698833466
-0.176085517 0.028878378 0.983951151 137.584793091 -0.008566476 0.999486804 -0.030867375 -5.074493408 -0.984337747 -0.013864289 -0.175747722 -40.844112396
-0.170892388 0.033832598 0.984708726 138.386062622 -0.007162345 0.999341249 -0.035578340 -5.120522022 -0.985263765 -0.013132892 -0.170537487 -40.986244202
-0.164474934 0.036926918 0.985689819 139.180191040 -0.006601935 0.999235332 -0.038535997 -5.162900925 -0.986359119 -0.012845666 -0.164105430 -41.112739563
-0.156481832 0.037872434 0.986954510 139.978790283 -0.006404112 0.999204636 -0.039357882 -5.199618340 -0.987660170 -0.012479361 -0.156114832 -41.231727600
-0.146983773 0.033499692 0.988571465 140.776290894 -0.005090490 0.999387503 -0.034623090 -5.240715981 -0.989125907 -0.010121346 -0.146723196 -41.345859528
-0.135012835 0.032054469 0.990325212 141.569183350 -0.001687521 0.999467731 -0.032580450 -5.284000397 -0.990842402 -0.006069975 -0.134886876 -41.453399658
-0.121137731 0.034711298 0.992028594 142.358245850 0.002806279 0.999396384 -0.034626421 -5.323472977 -0.992631733 -0.001410658 -0.121162020 -41.551723480
-0.107088871 0.035830423 0.993603587 143.145339966 0.002245759 0.999356627 -0.035795838 -5.362692356 -0.994246840 -0.001601941 -0.107100435 -41.630989075
-0.093051016 0.035742249 0.995019615 143.935958862 0.003229897 0.999361038 -0.035596151 -5.403705597 -0.995656013 -0.000098447 -0.093107015 -41.702880859
-0.079618596 0.037385374 0.996124089 144.716918945 0.004011530 0.999300361 -0.037183944 -5.447131157 -0.996817231 0.001035449 -0.079712883 -41.760093689
-0.065933682 0.043500945 0.996875346 145.486312866 0.001116704 0.999051988 -0.043522060 -5.499130249 -0.997823298 -0.001756356 -0.065919764 -41.801406860
-0.053316724 0.052728690 0.997184575 146.250717163 -0.005944413 0.998570561 -0.053119805 -5.544809818 -0.998559952 -0.008759850 -0.052927066 -41.825595856
-0.039655793 0.060608525 0.997373581 147.014541626 -0.009988868 0.998084784 -0.061048903 -5.594053268 -0.999163389 -0.012383575 -0.038974438 -41.840251923
-0.026566045 0.061291926 0.997766316 147.779479980 -0.010697704 0.998043954 -0.061593808 -5.646238327 -0.999589801 -0.012310114 -0.025858400 -41.852142334
-0.014511449 0.057593148 0.998234689 148.550231934 -0.014546952 0.998221993 -0.057803884 -5.701385975 -0.999788880 -0.015360090 -0.013647841 -41.853431702
-0.003960555 0.055018511 0.998477519 149.314620972 -0.018474873 0.998310924 -0.055082604 -5.761378288 -0.999821484 -0.018664898 -0.002937407 -41.841754913
0.004752233 0.061460190 0.998098075 150.069381714 -0.022415746 0.997865260 -0.061339121 -5.823092461 -0.999737382 -0.022081619 0.006119764 -41.824989319
0.011641708 0.069309592 0.997527242 150.815490723 -0.025539186 0.997290075 -0.068995044 -5.878822803 -0.999605954 -0.024672812 0.013380271 -41.807476044
0.014724283 0.072091341 0.997289360 151.568008423 -0.028076844 0.997033954 -0.071658351 -5.935164452 -0.999497235 -0.026945619 0.016704710 -41.790306091
0.014649627 0.067549035 0.997608423 152.322235107 -0.030352674 0.997285783 -0.067081466 -5.995626450 -0.999431849 -0.029297365 0.016660159 -41.771572113
0.013041720 0.063224085 0.997914195 153.078659058 -0.032358252 0.997502983 -0.062775150 -6.063936234 -0.999391198 -0.031472057 0.015054974 -41.756973267
0.009645017 0.060515609 0.998120606 153.830642700 -0.032039195 0.997673273 -0.060178872 -6.114701271 -0.999440014 -0.031398568 0.011561450 -41.744220734
0.007245323 0.060980439 0.998112679 154.575073242 -0.030058714 0.997701108 -0.060737099 -6.166862488 -0.999521852 -0.029561924 0.009061662 -41.742599487
0.003002732 0.060913716 0.998138547 155.315582275 -0.028921196 0.997730792 -0.060801826 -6.224565506 -0.999577165 -0.028684787 0.004757616 -41.733280182
-0.000901364 0.059642728 0.998219371 156.063293457 -0.027742557 0.997834027 -0.059644762 -6.282568455 -0.999614716 -0.027746921 0.000755230 -41.737617493
-0.006042410 0.059939679 0.998183668 156.800994873 -0.028487207 0.997786403 -0.060088277 -6.332963943 -0.999575913 -0.028798543 -0.004321521 -41.739681244
-0.012163036 0.058264621 0.998227119 157.540420532 -0.030044273 0.997828960 -0.058607463 -6.385003090 -0.999474525 -0.030703852 -0.010386111 -41.740859985
-0.017515430 0.055422693 0.998309255 158.296188354 -0.027145118 0.998068094 -0.055885553 -6.446621418 -0.999478042 -0.028078083 -0.015977135 -41.765754700
-0.022641771 0.055289879 0.998213530 159.030883789 -0.027783731 0.998049140 -0.055910964 -6.498028755 -0.999357402 -0.029000018 -0.021061441 -41.782466888
-0.028592329 0.057012234 0.997963905 159.748916626 -0.030058682 0.997871459 -0.057868157 -6.545396805 -0.999139071 -0.031652071 -0.026817761 -41.787826538
-0.032206643 0.058833443 0.997748256 160.478698730 -0.029169865 0.997785389 -0.059777230 -6.607927322 -0.999055445 -0.031029403 -0.030419165 -41.812110901
-0.034823257 0.060941409 0.997533619 161.197036743 -0.029003954 0.997657061 -0.061961457 -6.663594246 -0.998972595 -0.031090122 -0.032974120 -41.835609436
-0.035546210 0.062134646 0.997434556 161.917236328 -0.025944388 0.997671545 -0.063074008 -6.719626427 -0.999031246 -0.028119875 -0.033851400 -41.870590210
-0.035475843 0.060972966 0.997508764 162.641403198 -0.023288876 0.997815609 -0.061819978 -6.772492409 -0.999099195 -0.025423972 -0.033978354 -41.889736176
-0.031129239 0.057200931 0.997877240 163.362258911 -0.020036308 0.998124778 -0.057840161 -6.827314377 -0.999314547 -0.021794301 -0.029924765 -41.918354034
-0.023472881 0.056937475 0.998101771 164.064193726 -0.019234950 0.998166382 -0.057393514 -6.883522034 -0.999539435 -0.020545626 -0.022334648 -41.932880402
-0.012479948 0.058035966 0.998236477 164.759689331 -0.016704952 0.998162746 -0.058240522 -6.933715820 -0.999782622 -0.017402332 -0.011487529 -41.933143616
0.001591170 0.058205910 0.998303294 165.451232910 -0.014922610 0.998194814 -0.058175795 -6.984248161 -0.999887466 -0.014804722 0.002456887 -41.925289154
0.017329607 0.056213439 0.998268306 166.132583618 -0.015071147 0.998319566 -0.055954695 -7.031316757 -0.999736249 -0.014075381 0.018147686 -41.913654327
0.033024445 0.051276054 0.998138368 166.814865112 -0.020140281 0.998514414 -0.050629009 -7.079258442 -0.999251664 -0.018430792 0.034008108 -41.870906830
0.049769927 0.044437654 0.997771680 167.500305176 -0.021219233 0.998831272 -0.043426402 -7.124920845 -0.998535335 -0.019010620 0.050654694 -41.826553345
0.066767231 0.037773144 0.997053385 168.176666260 -0.022257667 0.999090910 -0.036359861 -7.159042835 -0.997520328 -0.019764435 0.067547277 -41.766883850
0.084320880 0.030003799 0.995986819 168.856124878 -0.021222435 0.999373913 -0.028309133 -7.196908951 -0.996212602 -0.018750211 0.084904842 -41.706264496
0.101115890 0.023946229 0.994586408 169.518356323 -0.023022698 0.999498904 -0.021723874 -7.231220245 -0.994608164 -0.020701433 0.101616509 -41.622837067
0.119047448 0.021677187 0.992651939 170.170944214 -0.024298582 0.999525785 -0.018913200 -7.260926723 -0.992591202 -0.021868465 0.119517729 -41.531494141
0.137238890 0.021048926 0.990314305 170.816467285 -0.023716033 0.999557555 -0.017958790 -7.279302120 -0.990254045 -0.021021681 0.137677357 -41.436424255
0.154249683 0.020670824 0.987815619 171.453430176 -0.024476830 0.999554336 -0.017094348 -7.298019409 -0.987728655 -0.021541798 0.154686898 -41.320514679
0.170038223 0.019536437 0.985243797 172.084030151 -0.029882815 0.999445975 -0.014660727 -7.319114685 -0.984984219 -0.026948977 0.170527831 -41.188499451
0.185352817 0.015933044 0.982542813 172.703964233 -0.031283595 0.999457419 -0.010305807 -7.338994980 -0.982173979 -0.028827263 0.185750663 -41.069965363
0.197201326 0.012017793 0.980289400 173.329269409 -0.028046524 0.999584794 -0.006612325 -7.356113911 -0.979961753 -0.026189744 0.197456494 -40.936382294
0.208093315 0.010890788 0.978048325 173.948898315 -0.025704078 0.999653578 -0.005662468 -7.374495506 -0.977771103 -0.023961511 0.208301172 -40.801807404
0.218032911 0.014844272 0.975828409 174.551986694 -0.030564176 0.999497712 -0.008375262 -7.393905163 -0.975462675 -0.027999310 0.218377069 -40.653484344
0.226725250 0.021926571 0.973711848 175.140609741 -0.035303950 0.999274671 -0.014281807 -7.416488647 -0.973318756 -0.031137832 0.227334857 -40.494567871
0.235904604 0.031450201 0.971267164 175.719833374 -0.034912053 0.999105215 -0.023872059 -7.437408924 -0.971148908 -0.028277403 0.236791536 -40.352130890
0.244446188 0.037371434 0.968942404 176.313659668 -0.029840855 0.999073744 -0.031005282 -7.454236984 -0.969203591 -0.021334948 0.245334938 -40.206638336
0.250516564 0.035406675 0.967464685 176.915008545 -0.029047659 0.999155998 -0.029044859 -7.474831581 -0.967676461 -0.020826364 0.251333624 -40.041927338
0.256396353 0.028059283 0.966164351 177.514389038 -0.032323491 0.999268413 -0.020442825 -7.495712757 -0.966031194 -0.025988340 0.257115722 -39.868003845
0.260558218 0.017576197 0.965298116 178.136306763 -0.035960544 0.999317288 -0.008488961 -7.512532711 -0.964788198 -0.032500781 0.261012405 -39.688476562
0.262901127 0.009587643 0.964775145 178.742980957 -0.036415543 0.999336720 -0.000007875 -7.533660889 -0.964135349 -0.035130754 0.263075888 -39.520805359
0.263699949 0.008559267 0.964566708 179.344299316 -0.033805836 0.999428332 0.000373455 -7.554031372 -0.964012146 -0.032706466 0.263838530 -39.352909088
0.264841944 0.010776504 0.964231610 179.949935913 -0.029638425 0.999556065 -0.003030623 -7.559404373 -0.963836253 -0.027775669 0.265043765 -39.192462921
0.267046213 0.010052497 0.963631213 180.556091309 -0.026099129 0.999654233 -0.003195566 -7.568281651 -0.963330209 -0.024296572 0.267216235 -39.031562805
0.268470764 0.008035637 0.963254273 181.164611816 -0.028424527 0.999595881 -0.000416541 -7.571493149 -0.962868452 -0.027268220 0.268590689 -38.851684570
0.271269947 0.004508912 0.962492764 181.778564453 -0.029046945 0.999571919 0.003504008 -7.581714630 -0.962064922 -0.028908009 0.271284759 -38.672744751
0.273993373 -0.000500018 0.961731374 182.385025024 -0.028165458 0.999566734 0.008543910 -7.590840816 -0.961319089 -0.029428579 0.273860484 -38.492385864
0.278609663 -0.003349436 0.960398614 183.006988525 -0.026846731 0.999576032 0.011274248 -7.593789101 -0.960029125 -0.028924679 0.278401583 -38.312240601
0.284690499 -0.005451420 0.958603919 183.616058350 -0.024890102 0.999604642 0.013076557 -7.591320992 -0.958296299 -0.027582524 0.284442246 -38.123210907
0.292403579 -0.008386511 0.956258178 184.238601685 -0.023683866 0.999591231 0.016008575 -7.593777657 -0.956001699 -0.027328854 0.292085439 -37.925956726
0.302502275 -0.010617855 0.953089535 184.863937378 -0.020660376 0.999629915 0.017693764 -7.599528313 -0.952924728 -0.025043590 0.302170962 -37.734180450
0.313587904 -0.008512886 0.949520946 185.478897095 -0.022213444 0.999620318 0.016298242 -7.601577759 -0.949299335 -0.026203066 0.313279748 -37.519821167
0.325150460 -0.004859914 0.945649803 186.091720581 -0.023323484 0.999641299 0.013156894 -7.603182793 -0.945374668 -0.026333820 0.324920505 -37.298160553
0.336753905 -0.001938180 0.941590726 186.698150635 -0.024247278 0.999648333 0.010729570 -7.604288578 -0.941280425 -0.026444234 0.336588532 -37.070606232
0.348490834 -0.001845676 0.937310338 187.315536499 -0.022760924 0.999686539 0.010430985 -7.603582859 -0.937035799 -0.024969155 0.348339558 -36.836269379
0.360034525 -0.004585647 0.932927787 187.947158813 -0.022087857 0.999665737 0.013437810 -7.600751877 -0.932677507 -0.025444448 0.359812915 -36.589431763
