0.9999997019767761 0.0007704402669332922 -7.253736112033948e-05 0.08178326487541199 -0.0007702985312789679 0.9999978542327881 0.0019346094923093915 -0.3722740411758423 7.40277100703679e-05 -0.0019345530308783054 0.999998152256012 -0.016498222947120667
0.9999927282333374 -0.001674483995884657 -0.0034336522221565247 0.07877622544765472 0.0016735668759793043 0.9999985694885254 -0.00026994175277650356 -0.376025915145874 0.0034340994898229837 0.0002641930477693677 0.9999940395355225 0.650225818157196
0.9999690055847168 -0.0009552469127811491 -0.007812634110450745 0.07453038543462753 0.0009409549529664218 0.9999978542327881 -0.001832794863730669 -0.3758939802646637 0.007814368233084679 0.001825386774726212 0.9999678134918213 1.3583229780197144
0.999932587146759 -0.0007544350810348988 -0.01158844493329525 0.05745832622051239 0.0007170139579102397 0.9999945163726807 -0.003232979215681553 -0.37731096148490906 0.011590820737183094 0.0032244520261883736 0.9999276399612427 2.0589592456817627
0.9998635649681091 0.0004613111959770322 -0.0165146104991436 0.03801148012280464 -0.0005268005770631135 0.9999919533729553 -0.003961425274610519 -0.3779371678829193 0.01651265099644661 0.003969585057348013 0.9998557567596436 2.7891502380371094
0.9997856020927429 -0.0004069316782988608 -0.020703352987766266 0.02050483226776123 0.0003258216311223805 0.9999922513961792 -0.003920950461179018 -0.3923214077949524 0.020704779773950577 0.0039133639074862 0.9997779726982117 3.5263192653656006
0.9996809363365173 0.001408098847605288 -0.02522069402039051 -0.005118705332279205 -0.0015425465535372496 0.9999846816062927 -0.005312192719429731 -0.39402076601982117 0.025212829932570457 0.005349400918930769 0.999667763710022 4.281475067138672
0.9995495676994324 0.004256358370184898 -0.029708098620176315 -0.04037543386220932 -0.00443397369235754 0.9999727010726929 -0.005915365647524595 -0.4033621847629547 0.029682107269763947 0.006044425070285797 0.999541163444519 5.040935516357422
0.9994023442268372 0.004529455676674843 -0.0342705063521862 -0.06813685595989227 -0.004676450043916702 0.9999802112579346 -0.004210305400192738 -0.408265620470047 0.03425075486302376 0.004368053283542395 0.999403715133667 5.83050537109375
0.9992418885231018 0.003868743311613798 -0.038736071437597275 -0.10341085493564606 -0.003938616253435612 0.999990701675415 -0.0017276937142014503 -0.41126322746276855 0.038729023188352585 0.0018789507448673248 0.9992479681968689 6.633843898773193
0.9991072416305542 0.003463868983089924 -0.04210415109992027 -0.1436193436384201 -0.003415063489228487 0.9999933838844299 0.0012310203164815903 -0.42116034030914307 0.04210812970995903 -0.0010861330665647984 0.9991124868392944 7.438591480255127
0.9990026354789734 0.004801188595592976 -0.04439545422792435 -0.191312775015831 -0.0047907754778862 0.9999884963035583 0.0003409776836633682 -0.4256741404533386 0.04439658671617508 -0.0001279483549296856 0.9990139603614807 8.247027397155762
0.998896062374115 0.004714752547442913 -0.04673754796385765 -0.23395240306854248 -0.004732486326247454 0.9999887943267822 -0.00026880178484134376 -0.4282240867614746 0.04673575609922409 0.0004896898753941059 0.9989071488380432 9.078514099121094
0.998831570148468 0.001869276282377541 -0.04828980565071106 -0.27734875679016113 -0.0019114091992378235 0.9999977946281433 -0.0008263357449322939 -0.43239402770996094 0.04828815534710884 0.000917672470677644 0.9988330006599426 9.91247272491455
0.998703122138977 0.001214651740156114 -0.050896454602479935 -0.31399041414260864 -0.001202073646709323 0.9999992251396179 0.0002777553745545447 -0.4415529668331146 0.05089675635099411 -0.0002162138989660889 0.9987038373947144 10.766087532043457
0.9986019134521484 -0.0002411944733466953 -0.052859872579574585 -0.35727766156196594 0.00020970427431166172 0.9999998211860657 -0.0006012617377564311 -0.4420764744281769 0.05286000669002533 0.0005893358611501753 0.9986017346382141 11.618864059448242
0.9985415935516357 0.0022751835640519857 -0.053938448429107666 -0.41418251395225525 -0.002402279060333967 0.9999944567680359 -0.0022915934678167105 -0.4588933289051056 0.053932931274175644 0.002417826559394598 0.9985416531562805 12.465398788452148
0.9984754323959351 0.002681441605091095 -0.05513230711221695 -0.4725503921508789 -0.0029654111713171005 0.9999828934669495 -0.005069526378065348 -0.46494153141975403 0.05511775612831116 0.00522528775036335 0.9984661936759949 13.333406448364258
0.9983868598937988 0.006569539196789265 -0.05639531835913658 -0.538303017616272 -0.0069718132726848125 0.9999516606330872 -0.006939321756362915 -0.4740777015686035 0.05634699761867523 0.007321304641664028 0.998384416103363 14.203527450561523
0.9983041882514954 0.007048940286040306 -0.05778208002448082 -0.5857187509536743 -0.007415106985718012 0.9999538660049438 -0.006125049199908972 -0.48899340629577637 0.05773622542619705 0.006543123163282871 0.998310387134552 15.104060173034668
0.9982112050056458 0.006622698623687029 -0.05941854789853096 -0.639161229133606 -0.0068896459415555 0.999967098236084 -0.004288911819458008 -0.507619321346283 0.0593881830573082 0.004690614063292742 0.9982239007949829 15.988953590393066
0.9981297254562378 0.007444588001817465 -0.06067722290754318 -0.6999571323394775 -0.007645490113645792 0.9999660849571228 -0.0030794960912317038 -0.5153079032897949 0.060652244836091995 0.0035376432351768017 0.9981526732444763 16.886810302734375
0.998075544834137 0.007075419183820486 -0.061604928225278854 -0.7600554823875427 -0.007253098301589489 0.9999701976776123 -0.0026610190980136395 -0.5328420996665955 0.06158425286412239 0.0031027239747345448 0.9980971217155457 17.79391098022461
0.9979615211486816 0.00668852124363184 -0.06346601247787476 -0.8150876760482788 -0.0069449772126972675 0.9999685883522034 -0.0038210947532206774 -0.5382871627807617 0.06343846768140793 0.004254076164215803 0.9979766011238098 18.695825576782227
0.9978941679000854 0.00511067034676671 -0.06466057151556015 -0.8768755793571472 -0.005399179179221392 0.9999762773513794 -0.004287940915673971 -0.5504074096679688 0.06463712453842163 0.004628024995326996 0.9978980422019958 19.611387252807617
0.9978617429733276 0.00496320053935051 -0.06517136842012405 -0.9339064359664917 -0.005131065845489502 0.9999839663505554 -0.0024086185730993748 -0.5625591278076172 0.06515837460756302 0.0027378671802580357 0.9978711605072021 20.529207229614258
0.9978541731834412 0.00669305631890893 -0.0651320144534111 -1.0012738704681396 -0.006668930873274803 0.9999775886535645 0.0005878257215954363 -0.5701262950897217 0.06513448804616928 -0.0001522037637187168 0.9978765845298767 21.447717666625977
0.9979114532470703 0.007637822534888983 -0.0641426295042038 -1.0641789436340332 -0.007381117902696133 0.9999638199806213 0.004238117020577192 -0.5766245722770691 0.06417269259691238 -0.0037558216135948896 0.997931718826294 22.376445770263672
0.9980286359786987 0.007011919282376766 -0.06236771494150162 -1.131476640701294 -0.006599115207791328 0.9999549388885498 0.0068224165588617325 -0.5787087082862854 0.062412749975919724 -0.006397394463419914 0.9980299472808838 23.311487197875977
0.998113214969635 0.006667593959718943 -0.061035919934511185 -1.183762550354004 -0.006175430957227945 0.9999468326568604 0.0082485880702734 -0.5896865129470825 0.06108768284320831 -0.007856101728975773 0.9981014728546143 24.252880096435547
0.9981960654258728 0.007152034901082516 -0.05961062014102936 -1.241365909576416 -0.006848611868917942 0.9999625086784363 0.005292836576700211 -0.5932360887527466 0.059646252542734146 -0.00487503781914711 0.998207688331604 25.19816017150879
0.99824458360672 0.007619793061167002 -0.05873243510723114 -1.3019810914993286 -0.0076036653481423855 0.9999709725379944 0.0004980745725333691 -0.5954468846321106 0.05873452126979828 -5.061924457550049e-05 0.9982736110687256 26.135488510131836
0.9983046054840088 0.007223387714475393 -0.05775618553161621 -1.3524001836776733 -0.00735861761495471 0.9999706745147705 -0.0021290541626513004 -0.6091921925544739 0.05773911625146866 0.002550449687987566 0.9983283877372742 27.087045669555664
0.9983444809913635 0.004445494152605534 -0.05734650045633316 -1.4020508527755737 -0.004517948254942894 0.9999892115592957 -0.001133852289058268 -0.6171779036521912 0.0573408342897892 0.0013910632114857435 0.9983536601066589 28.044557571411133
0.9983702898025513 0.003033556044101715 -0.05698785558342934 -1.4697469472885132 -0.0028180722147226334 0.9999886155128479 0.003861208911985159 -0.6268700361251831 0.05699891969561577 -0.0036943203303962946 0.998367428779602 29.02256965637207
0.9983348250389099 -0.000657755124848336 -0.05768122524023056 -1.5252721309661865 0.001072538085281849 0.999973714351654 0.007160288747400045 -0.6342039108276367 0.05767499655485153 -0.007210231386125088 0.9983093738555908 29.981422424316406
0.9982349872589111 -0.008096533827483654 -0.05883282423019409 -1.5743129253387451 0.008505512960255146 0.999941349029541 0.006704456638544798 -0.6406450867652893 0.05877508968114853 -0.007193027064204216 0.9982452988624573 30.95694351196289
0.9981290102005005 -0.01055329293012619 -0.06022553890943527 -1.630864143371582 0.010742096230387688 0.9999383687973022 0.002812019782140851 -0.643950343132019 0.06019214913249016 -0.0034537070896476507 0.9981808066368103 31.927654266357422
0.998038113117218 -0.010365283116698265 -0.06174576282501221 -1.6924116611480713 0.010307868011295795 0.999946117401123 -0.0012483238242566586 -0.648544430732727 0.06175537034869194 0.0006094076670706272 0.9980911016464233 32.90706253051758
0.9979310035705566 -0.009008620865643024 -0.06365866959095001 -1.7683484554290771 0.008902539499104023 0.9999584555625916 -0.001949880737811327 -0.6555042266845703 0.06367358565330505 0.0013791220262646675 0.9979698061943054 33.89664077758789
0.997887134552002 -0.009016775526106358 -0.06434483081102371 -1.8275456428527832 0.009009981527924538 0.9999592900276184 -0.0003957928856834769 -0.6706182956695557 0.06434580683708191 -0.00018478908168617636 0.9979276657104492 34.868873596191406
0.9978134036064148 -0.005955481436103582 -0.0658256933093071 -1.8961517810821533 0.00612321263179183 0.9999784827232361 0.0023466567508876324 -0.6807373762130737 0.06581031531095505 -0.0027445899322628975 0.9978283643722534 35.86846923828125
0.9977438449859619 -0.005578621290624142 -0.06690381467342377 -1.9680964946746826 0.005839100573211908 0.9999760985374451 0.0036984386388212442 -0.6933456659317017 0.06688158959150314 -0.004080752842128277 0.9977524876594543 36.85219192504883
0.9976941347122192 -0.0043869102373719215 -0.06772948801517487 -2.0401759147644043 0.00482206093147397 0.9999687671661377 0.006262687034904957 -0.7000156044960022 0.06769990921020508 -0.006574842147529125 0.9976839423179626 37.82902145385742
0.9977176189422607 -0.00437926547601819 -0.06738247722387314 -2.1105899810791016 0.0050177862867712975 0.9999440908432007 0.009309736080467701 -0.7038949728012085 0.06733793765306473 -0.0096266008913517 0.9976837635040283 38.82451248168945
0.997688353061676 0.0013371942332014441 -0.06794338673353195 -2.18892240524292 -0.0005568014457821846 0.999933660030365 0.011503566987812519 -0.7023066282272339 0.06795424968004227 -0.011439144611358643 0.9976229071617126 39.812957763671875
0.9976792335510254 0.0013550055446103215 -0.06807704269886017 -2.268216133117676 -0.000626530556473881 0.999942421913147 0.01072095986455679 -0.7049466371536255 0.068087637424469 -0.010653425939381123 0.9976223707199097 40.810272216796875
0.9976674318313599 0.0016599989030510187 -0.06824090331792831 -2.326753616333008 -0.0010291722137480974 0.9999564290046692 0.009278231300413609 -0.7131723761558533 0.06825330853462219 -0.00918635819107294 0.9976257085800171 41.79234313964844
0.9976674914360046 0.004055744968354702 -0.06814119219779968 -2.409289598464966 -0.0035925665870308876 0.9999696016311646 0.006918500643223524 -0.7148483991622925 0.06816718727350235 -0.006657562218606472 0.9976516366004944 42.79008483886719
0.9976146221160889 0.003504491411149502 -0.06894111633300781 -2.4852442741394043 -0.0030269045382738113 0.9999706745147705 0.007030703127384186 -0.7186131477355957 0.06896374374628067 -0.006805253215134144 0.9975959062576294 43.76384353637695
0.9975396990776062 0.0014578370610252023 -0.07008839398622513 -2.548619031906128 -0.0008763870573602617 0.9999648928642273 0.008325987495481968 -0.7287597060203552 0.07009807974100113 -0.008244078606367111 0.9975060224533081 44.7545166015625
0.9975024461746216 0.0018862534780055285 -0.07060765475034714 -2.621926784515381 -0.0012128710513934493 0.9999533891677856 0.009578617289662361 -0.7356717586517334 0.07062243670225143 -0.009469055570662022 0.9974581599235535 45.73431396484375
0.997479259967804 0.004561365116387606 -0.07081179320812225 -2.702366352081299 -0.004153715446591377 0.9999739527702332 0.005902991164475679 -0.7445117235183716 0.0708368793129921 -0.0055939806625247 0.9974721670150757 46.70634078979492
0.9973925948143005 0.005049713887274265 -0.07198896259069443 -2.7761311531066895 -0.004933732096105814 0.9999861717224121 0.0017888345755636692 -0.7525579929351807 0.0719970241189003 -0.001428996678441763 0.9974038004875183 47.66586685180664
0.9973200559616089 0.005850868299603462 -0.07292752712965012 -2.835947275161743 -0.00583509961143136 0.9999828934669495 0.0004292649682611227 -0.7570657134056091 0.072928786277771 -2.575162170614931e-06 0.9973371624946594 48.64625930786133
0.9973264336585999 0.004883108660578728 -0.07291162014007568 -2.9113667011260986 -0.0045903148129582405 0.9999807476997375 0.004182762466371059 -0.7691659927368164 0.07293064147233963 -0.0038368927780538797 0.997329592704773 49.62732696533203
0.9973268508911133 0.0028205402195453644 -0.07301364094018936 -2.9835968017578125 -0.002309153089299798 0.9999722242355347 0.0070874434895813465 -0.7772465944290161 0.07303160429000854 -0.0068998984061181545 0.9973057508468628 50.589332580566406
0.9972962737083435 0.0005444224225357175 -0.07348355650901794 -3.0484983921051025 4.2502277210587636e-05 0.9999680519104004 0.007985355332493782 -0.7860958576202393 0.07348558306694031 -0.007966887205839157 0.9972643852233887 51.5488395690918
0.9972658157348633 -0.0027141431346535683 -0.07384920120239258 -3.1178627014160156 0.0032170028425753117 0.999972403049469 0.006691188085824251 -0.7921689748764038 0.07382901012897491 -0.006910465657711029 0.9972469210624695 52.50809097290039
0.9972358345985413 -0.005551274865865707 -0.07409337908029556 -3.188507080078125 0.005976589862257242 0.9999669194221497 0.005519772879779339 -0.7995811104774475 0.07406029850244522 -0.005947341676801443 0.9972359538078308 53.45707321166992
0.9971526265144348 -0.006869149394333363 -0.07509659975767136 -3.261592149734497 0.0073801432736217976 0.9999515414237976 0.0065291100181639194 -0.8051040768623352 0.07504811137914658 -0.0070647429674863815 0.9971548914909363 54.413246154785156
0.9970394968986511 -0.010116457007825375 -0.07622390985488892 -3.3326504230499268 0.010962455533444881 0.9998827576637268 0.010688629001379013 -0.8095117807388306 0.07610686868429184 -0.011492583900690079 0.997033417224884 55.35899353027344
0.9969788193702698 -0.010468954220414162 -0.0769648402929306 -3.3982458114624023 0.011715680360794067 0.9998070597648621 0.015765003859996796 -0.8127011656761169 0.07678493857383728 -0.01661907136440277 0.9969091415405273 56.30491638183594
0.9969818592071533 -0.008621105924248695 -0.07715478539466858 -3.4826817512512207 0.010003691539168358 0.9997959136962891 0.017551107332110405 -0.8072683811187744 0.07698772847652435 -0.018269969150424004 0.9968646168708801 57.25038146972656
0.99686598777771 -0.007327151484787464 -0.07876778393983841 -3.558103561401367 0.00841863825917244 0.9998729228973389 0.013533882796764374 -0.8072581887245178 0.07865862548351288 -0.014154586009681225 0.9968010783195496 58.18132019042969
0.9967643618583679 -0.005603073164820671 -0.08018309623003006 -3.632906913757324 0.006098312791436911 0.9999637007713318 0.00593281164765358 -0.8120073080062866 0.08014694601297379 -0.006402595899999142 0.9967625141143799 59.08897018432617
0.9966737031936646 -0.004804376047104597 -0.08135364949703217 -3.704251766204834 0.004924182314425707 0.9999870657920837 0.0012720859376713634 -0.823510468006134 0.08134648948907852 -0.0016684547299519181 0.9966844916343689 60.0110969543457
0.9966431856155396 0.00045835712808184326 -0.08186730742454529 -3.792926549911499 -0.00029422726947814226 0.9999979138374329 0.002016874495893717 -0.8314740657806396 0.08186807483434677 -0.001986016519367695 0.996641218662262 60.90892791748047
0.9965172410011292 0.002939426340162754 -0.08333538472652435 -3.877012014389038 -0.0025628232397139072 0.9999859929084778 0.004625747911632061 -0.8453092575073242 0.08334780484437943 -0.00439606374129653 0.9965107440948486 61.810211181640625
0.9964293837547302 0.005429198499768972 -0.0842558965086937 -3.9531078338623047 -0.004927325062453747 0.9999688863754272 0.006163343787193298 -0.860977292060852 0.08428675681352615 -0.005726180970668793 0.9964250326156616 62.69135665893555
0.9963119029998779 0.005879485048353672 -0.08560419827699661 -4.029640197753906 -0.005403798073530197 0.9999687075614929 0.0057874745689332485 -0.866365909576416 0.08563555777072906 -0.005303542595356703 0.9963124394416809 63.55900955200195
0.9961873292922974 0.007910422049462795 -0.08688072115182877 -4.114506721496582 -0.007334537338465452 0.9999489784240723 0.006945677101612091 -0.8774259090423584 0.08693123608827591 -0.006281965412199497 0.99619460105896 64.41522216796875
0.9960649013519287 0.00913216732442379 -0.08815449476242065 -4.195451736450195 -0.008514252491295338 0.9999365210533142 0.00738291721791029 -0.8858166933059692 0.08821630477905273 -0.006603295914828777 0.9960794448852539 65.25458526611328
0.9959279894828796 0.008415885269641876 -0.08975818008184433 -4.267687797546387 -0.007749026641249657 0.9999397397041321 0.007775387726724148 -0.8919095993041992 0.08981820940971375 -0.007048187777400017 0.9959331750869751 66.07038116455078
0.9958197474479675 0.008233793079853058 -0.09096843749284744 -4.34193754196167 -0.00745308818295598 0.9999324083328247 0.008918525651097298 -0.8977935910224915 0.09103573858737946 -0.00820324756205082 0.99581378698349 66.87609100341797
0.9956774115562439 0.011146868579089642 -0.09220718592405319 -4.426043510437012 -0.010123370215296745 0.9998819828033447 0.011560281738638878 -0.9014111161231995 0.09232515841722488 -0.010576864704489708 0.9956728219985962 67.6719970703125
0.9955319166183472 0.0125096021220088 -0.09359274804592133 -4.503429412841797 -0.011073286645114422 0.9998130798339844 0.01585010066628456 -0.908278226852417 0.09377352148294449 -0.014742900617420673 0.9954844117164612 68.46124267578125
0.9953387379646301 0.015531676821410656 -0.09518101811408997 -4.586675643920898 -0.0139322429895401 0.9997508525848389 0.017445741221308708 -0.9062429666519165 0.0954282358288765 -0.016038337722420692 0.9953070878982544 69.23686218261719
0.9951766133308411 0.018644699826836586 -0.0963115319609642 -4.667363166809082 -0.017412792891263962 0.9997556805610657 0.013615607284009457 -0.9198058843612671 0.0965418592095375 -0.011872882954776287 0.995258092880249 69.97797393798828
0.9950301647186279 0.018747538328170776 -0.09779283404350281 -4.740934371948242 -0.018220890313386917 0.9998142719268799 0.006275737192481756 -0.9252294301986694 0.09789232164621353 -0.004462677054107189 0.995186984539032 70.6993408203125
0.9948951005935669 0.017798297107219696 -0.09933226555585861 -4.812332630157471 -0.017847618088126183 0.9998405575752258 0.00039216000004671514 -0.9303763508796692 0.09932342916727066 0.001382686197757721 0.9950542449951172 71.40998077392578
0.9948510527610779 0.018405869603157043 -0.09966187924146652 -4.8877058029174805 -0.018598657101392746 0.9998264312744141 -0.0010055552702397108 -0.9324327111244202 0.0996260717511177 0.002853954676538706 0.995020866394043 72.10104370117188
0.9947226643562317 0.021335992962121964 -0.10035750269889832 -4.968976974487305 -0.02115727588534355 0.9997722506523132 0.002844827948138118 -0.945590615272522 0.1003953292965889 -0.0007065222016535699 0.9949473738670349 72.7795639038086
0.994595468044281 0.021943746134638786 -0.10148066282272339 -5.0458784103393555 -0.02152899280190468 0.9997549057006836 0.005180528853088617 -0.9619988203048706 0.10156947374343872 -0.002967753214761615 0.9948239922523499 73.43082427978516
0.9945608377456665 0.018449384719133377 -0.10251076519489288 -5.1080708503723145 -0.018345462158322334 0.999829888343811 0.0019565201364457607 -0.972414493560791 0.10252941399812698 -6.527075311169028e-05 0.9947299361228943 74.06095123291016
0.9946537613868713 0.010190293192863464 -0.10276217758655548 -5.154790878295898 -0.010551970452070236 0.9999399185180664 -0.0029765446670353413 -0.9879689812660217 0.10272566974163055 0.004044975154101849 0.9947015047073364 74.67048645019531
0.9947636723518372 0.0061070118099451065 -0.10202018171548843 -5.204720497131348 -0.006966554559767246 0.9999432563781738 -0.008071058429777622 -0.9911754131317139 0.10196509957313538 0.008739524520933628 0.9947495460510254 75.26849365234375
0.9950697422027588 0.008277878165245056 -0.09883151203393936 -5.267023086547852 -0.009165062569081783 0.9999217391014099 -0.008526096120476723 -0.9987559914588928 0.0987531766295433 0.009389858692884445 0.9950676560401917 75.85526275634766
0.9954407811164856 0.013786820694804192 -0.0943797379732132 -5.336118221282959 -0.014312587678432465 0.9998855590820312 -0.004896079655736685 -1.0200748443603516 0.09430143982172012 0.006224575452506542 0.9955242276191711 76.42025756835938
0.9958833456039429 0.01213460136204958 -0.08982868492603302 -5.385544776916504 -0.012341931462287903 0.9999222755432129 -0.0017529623582959175 -1.0293329954147339 0.08980043977499008 0.0028544049710035324 0.9959557056427002 76.97956848144531
0.9964191317558289 0.00850177463144064 -0.08412263542413712 -5.422000885009766 -0.008364163339138031 0.9999630451202393 0.0019881268963217735 -1.0328569412231445 0.08413644134998322 -0.0012773931957781315 0.9964534640312195 77.52347564697266
0.9971150755882263 0.0040922099724411964 -0.07579337060451508 -5.449961185455322 -0.0036671918351203203 0.9999767541885376 0.005745914299041033 -1.0501402616500854 0.07581513375043869 -0.005451389122754335 0.9971069693565369 78.04308319091797
0.9978452920913696 0.0076714917086064816 -0.06516076624393463 -5.483196258544922 -0.007314370945096016 0.9999568462371826 0.00571741908788681 -1.0587838888168335 0.06520182639360428 -0.005228490103036165 0.9978584051132202 78.56190490722656
0.9986605048179626 0.012902417220175266 -0.05010747164487839 -5.508711338043213 -0.012657208368182182 0.9999063014984131 0.005207895766943693 -1.0648027658462524 0.05016997456550598 -0.0045666988007724285 0.9987303018569946 79.06556701660156
0.9993359446525574 0.018005315214395523 -0.031676117330789566 -5.528792381286621 -0.017845017835497856 0.9998264908790588 0.005335950292646885 -1.0644142627716064 0.031766701489686966 -0.004767145961523056 0.9994838833808899 79.5566177368164
0.9998157024383545 0.016613202169537544 -0.00961378961801529 -5.518742084503174 -0.016554638743400574 0.9998440742492676 0.006139697507023811 -1.0734384059906006 0.009714297950267792 -0.005979412235319614 0.9999349117279053 80.03982543945312
0.9997840523719788 0.012882597744464874 0.016306456178426743 -5.482983112335205 -0.012995876371860504 0.999891996383667 0.006860050838440657 -1.0780705213546753 -0.016216324642300606 -0.0070704868994653225 0.9998434782028198 80.48731231689453
0.9988822937011719 0.011682610027492046 0.04580250009894371 -5.4388556480407715 -0.012093362398445606 0.9998889565467834 0.008701086044311523 -1.0881247520446777 -0.04569576308131218 -0.009245265275239944 0.9989126324653625 80.94305419921875
0.996821403503418 0.011242694221436977 0.0788712128996849 -5.382470607757568 -0.012081879191100597 0.9998751878738403 0.010170791298151016 -1.0950431823730469 -0.07874703407287598 -0.011091375723481178 0.9968329071998596 81.39193725585938
0.9931538701057434 0.011343874037265778 0.11626133322715759 -5.305330276489258 -0.012614861130714417 0.9998682737350464 0.010202145203948021 -1.0938501358032227 -0.1161302998661995 -0.0115989213809371 0.9931662082672119 81.83370971679688
0.9873345494270325 0.011234229430556297 0.15825331211090088 -5.223987579345703 -0.013009389862418175 0.9998635053634644 0.01018573623150587 -1.1015690565109253 -0.15811726450920105 -0.012115509249269962 0.9873459935188293 82.23762512207031
0.9790480732917786 0.010927887633442879 0.2033357471227646 -5.108182907104492 -0.013229617848992348 0.9998628497123718 0.009964043274521828 -1.1061023473739624 -0.20319896936416626 -0.012445332482457161 0.9790583252906799 82.6541976928711
0.9675502181053162 0.013047941960394382 0.2523416578769684 -4.977245330810547 -0.01553082000464201 0.9998486042022705 0.007849998772144318 -1.1149184703826904 -0.25220102071762085 -0.011514341458678246 0.9676064252853394 83.0516128540039
0.9520248174667358 0.014317987486720085 0.305685430765152 -4.823966979980469 -0.016571078449487686 0.9998513460159302 0.004776879213750362 -1.119746446609497 -0.3055715262889862 -0.009613245725631714 0.9521206021308899 83.44124603271484
0.9320259094238281 0.014742899686098099 0.3620915412902832 -4.650724411010742 -0.016742467880249023 0.9998569488525391 0.002385093830525875 -1.1237138509750366 -0.3620046377182007 -0.008285276591777802 0.9321393966674805 83.8139419555664
0.9079561829566956 0.014413648284971714 0.4188171327114105 -4.454839706420898 -0.016293643042445183 0.9998668432235718 0.0009125359356403351 -1.136386752128601 -0.4187481999397278 -0.007652600761502981 0.9080700874328613 84.14686584472656
0.8791933655738831 0.015318263322114944 0.4762188196182251 -4.237876892089844 -0.016309496015310287 0.9998648166656494 -0.002051564631983638 -1.1308813095092773 -0.4761859178543091 -0.005963166709989309 0.8793244361877441 84.45014190673828
0.8457663655281067 0.014235882088541985 0.5333635210990906 -3.9950599670410156 -0.01413268968462944 0.9998909831047058 -0.004277341067790985 -1.1369657516479492 -0.533366322517395 -0.003920229151844978 0.8458753824234009 84.75259399414062
0.8087189793586731 0.013648731634020805 0.5880366563796997 -3.7362098693847656 -0.012781851924955845 0.9999024868011475 -0.005629704333841801 -1.1476489305496216 -0.5880561470985413 -0.0029633475933223963 0.8088147044181824 85.04301452636719
0.768869936466217 0.012398744001984596 0.6392849087715149 -3.4592666625976562 -0.011891388334333897 0.9999163746833801 -0.005091275088489056 -1.1556020975112915 -0.6392946243286133 -0.0036874571815133095 0.7689531445503235 85.31103515625
0.7271357774734497 0.012013966217637062 0.6863884925842285 -3.1667213439941406 -0.01312452182173729 0.9999074339866638 -0.0035978793166577816 -1.1593215465545654 -0.6863682270050049 -0.006392375100404024 0.727226197719574 85.54026794433594
0.6824123859405518 0.011289103887975216 0.7308802604675293 -2.8649215698242188 -0.012086252681910992 0.9999183416366577 -0.004159877076745033 -1.160583257675171 -0.7308675050735474 -0.005994852632284164 0.6824930310249329 85.75640869140625
0.6361432671546936 0.009535105898976326 0.7715120315551758 -2.5371551513671875 -0.009145078249275684 0.9999465942382812 -0.004817832726985216 -1.176532506942749 -0.7715167999267578 -0.003990705590695143 0.6361965537071228 85.96331024169922
0.5896860361099243 0.005750501062721014 0.8076121211051941 -2.2076988220214844 -0.002303001470863819 0.9999825358390808 -0.005438691936433315 -1.190606951713562 -0.8076292872428894 0.0013471880229189992 0.5896889567375183 86.13589477539062
0.5432584285736084 0.007532744202762842 0.8395318388938904 -1.8729972839355469 -0.004536590538918972 0.9999715685844421 -0.006036685314029455 -1.2037702798843384 -0.8395532369613647 -0.0005291329580359161 0.5432771444320679 86.30143737792969
0.4964611232280731 0.01093464158475399 0.8679901361465454 -1.5341606140136719 -0.007896669209003448 0.9999361634254456 -0.008080223575234413 -1.205376386642456 -0.8680229783058167 -0.0028427140787243843 0.496515691280365 86.45559692382812
0.45111846923828125 0.01250280812382698 0.8923766016960144 -1.195281982421875 -0.00848715752363205 0.9999167323112488 -0.009719053283333778 -1.2189826965332031 -0.892423689365387 -0.0031892950646579266 0.45118698477745056 86.58710479736328
0.40799495577812195 0.010332796722650528 0.9129257202148438 -0.8383636474609375 -0.002157629234716296 0.9999440312385559 -0.010353434830904007 -1.2276058197021484 -0.9129816293716431 0.0022543929517269135 0.4079943597316742 86.71035766601562
0.3674986660480499 0.0029326381627470255 0.9300194382667542 -0.4835624694824219 0.012735380791127682 0.9998852610588074 -0.008185354061424732 -1.2302000522613525 -0.9299368262290955 0.014852256514132023 0.36741918325424194 86.809814453125
0.3321375250816345 -0.0003570371773093939 0.943230926990509 -0.11688995361328125 0.016816312447190285 0.9998431205749512 -0.0055430191569030285 -1.2320923805236816 -0.9430809617042542 0.017702709883451462 0.33209145069122314 86.90045166015625
0.29883873462677 0.0032094623893499374 0.9542982578277588 0.2475719451904297 0.01431549433618784 0.9998666644096375 -0.007845616899430752 -1.2427845001220703 -0.9541962146759033 0.016005825251340866 0.29875296354293823 86.99650573730469
0.2679435908794403 0.010841069743037224 0.9633735418319702 0.6165924072265625 0.0034193811006844044 0.9999196529388428 -0.012203363701701164 -1.257425308227539 -0.9634284973144531 0.006563952192664146 0.2678849399089813 87.09550476074219
0.23969846963882446 0.015483550727367401 0.9707239270210266 0.9983234405517578 -0.001474099699407816 0.9998774528503418 -0.015584569424390793 -1.2728809118270874 -0.9708462953567505 0.002304654335603118 0.23969192802906036 87.18460083007812
0.21395403146743774 0.017059529200196266 0.9766947627067566 1.3883590698242188 -1.5563477063551545e-05 0.9998475909233093 -0.017460519447922707 -1.2872915267944336 -0.9768437147140503 0.0037205484695732594 0.2139216959476471 87.2498779296875
0.19045120477676392 0.018485965207219124 0.9815225601196289 1.7987842559814453 0.00716053182259202 0.999769926071167 -0.02021903544664383 -1.2969657182693481 -0.9816705584526062 0.010878964327275753 0.19027498364448547 87.30680847167969
0.17054083943367004 0.024425674229860306 0.9850478172302246 2.211209297180176 0.014244459569454193 0.999527096748352 -0.027250846847891808 -1.3004305362701416 -0.9852476716041565 0.018678855150938034 0.17011228203773499 87.34773254394531
0.15083307027816772 0.031703028827905655 0.9880507588386536 2.641237258911133 0.01638008840382099 0.9992682337760925 -0.03456350415945053 -1.2943676710128784 -0.9884234666824341 0.021397680044174194 0.1502034217119217 87.4041519165039
0.13316082954406738 0.03233508765697479 0.9905668497085571 3.080021858215332 0.01409268006682396 0.9993047714233398 -0.034514788538217545 -1.3081161975860596 -0.9909941554069519 0.018555758520960808 0.13261257112026215 87.45928955078125
0.11776797473430634 0.028165683150291443 0.9926416277885437 3.541049003601074 0.012110574170947075 0.9994825124740601 -0.029796605929732323 -1.3308470249176025 -0.9929672479629517 0.015530545264482498 0.11736594140529633 87.51010131835938
0.10337857156991959 0.02482369728386402 0.9943321943283081 4.009744644165039 0.011923188343644142 0.9995858073234558 -0.026194479316473007 -1.3523001670837402 -0.9945705533027649 0.014563561417162418 0.10303978621959686 87.55107116699219
0.08992613852024078 0.022424593567848206 0.9956960678100586 4.506399154663086 0.015176367945969105 0.9995996952056885 -0.023883158341050148 -1.3642160892486572 -0.9958328008651733 0.017258768901228905 0.08954981714487076 87.5916976928711
0.07832364737987518 0.021682726219296455 0.9966921210289001 5.001380443572998 0.01895078271627426 0.999550461769104 -0.023234128952026367 -1.3787702322006226 -0.9967478513717651 0.020707879215478897 0.07787752896547318 87.6170883178711
0.06809574365615845 0.022309282794594765 0.9974293112754822 5.508419990539551 0.02216307446360588 0.999469518661499 -0.0238680150359869 -1.3937904834747314 -0.9974325895309448 0.023731408640742302 0.06756517291069031 87.64238739013672
0.06024031713604927 0.022909758612513542 0.9979209303855896 6.040748119354248 0.024363607168197632 0.9994050860404968 -0.024414557963609695 -1.405303955078125 -0.997886598110199 0.02578369714319706 0.05964631214737892 87.66576385498047
0.054825130850076675 0.02304309606552124 0.9982300400733948 6.590298652648926 0.025734510272741318 0.9993689656257629 -0.024482786655426025 -1.4240021705627441 -0.9981642961502075 0.02703123167157173 0.0541975311934948 87.69197082519531
0.04935482144355774 0.024091847240924835 0.9984906315803528 7.150005340576172 0.02710491418838501 0.9993085265159607 -0.025451363995671272 -1.4392815828323364 -0.9984134435653687 0.02832014486193657 0.048667680472135544 87.71316528320312
0.04350908845663071 0.024754121899604797 0.9987462759017944 7.737092971801758 0.0272658821195364 0.999291181564331 -0.025955429300665855 -1.459314227104187 -0.9986809492111206 0.028360992670059204 0.04280330240726471 87.73554229736328
0.03856422379612923 0.024727273732423782 0.9989501237869263 8.340802192687988 0.029633358120918274 0.9992257356643677 -0.02587807923555374 -1.4750640392303467 -0.9988166689872742 0.030600212514400482 0.03780161216855049 87.75999450683594
0.035755861550569534 0.024761296808719635 0.9990537762641907 8.96402359008789 0.030915813520550728 0.9991871118545532 -0.025871073827147484 -1.4919930696487427 -0.9988822937011719 0.03181160241365433 0.0349612794816494 87.77626037597656
0.032913170754909515 0.02421422488987446 0.999164879322052 9.605012893676758 0.03208065778017044 0.9991657137870789 -0.025271007791161537 -1.5132976770401 -0.9989433288574219 0.032885607331991196 0.032108910381793976 87.79081726074219
0.03043016791343689 0.023540327325463295 0.9992597103118896 10.260943412780762 0.03421865403652191 0.9991121292114258 -0.02457890287041664 -1.5339109897613525 -0.9989510178565979 0.034941259771585464 0.029597630724310875 87.8090591430664
0.02987923100590706 0.023296453058719635 0.9992820024490356 10.938570022583008 0.03847868740558624 0.9989604949951172 -0.024439498782157898 -1.5519368648529053 -0.9988126158714294 0.039181292057037354 0.028951754793524742 87.82225799560547
0.031046420335769653 0.022882768884301186 0.9992560148239136 11.628186225891113 0.04221402108669281 0.9988158941268921 -0.02418426051735878 -1.570542812347412 -0.9986260533332825 0.042933445423841476 0.03004368394613266 87.8383560180664
0.03327243775129318 0.02262549102306366 0.9991901516914368 12.335500717163086 0.043949101120233536 0.9987435340881348 -0.024078859016299248 -1.593959093093872 -0.9984795451164246 0.04471466317772865 0.032236263155937195 87.86497497558594
0.037096958607435226 0.022715602070093155 0.999053418636322 13.064507484436035 0.046182435005903244 0.9986344575881958 -0.02442092075943947 -1.6157315969467163 -0.998244047164917 0.04704466834664345 0.03599724546074867 87.8893051147461
0.04145214334130287 0.022116225212812424 0.9988956451416016 13.807398796081543 0.046668361872434616 0.9986209869384766 -0.024046780541539192 -1.6374088525772095 -0.9980499744415283 0.04761361703276634 0.040362849831581116 87.92076110839844
0.045534949749708176 0.02054576948285103 0.9987514615058899 14.561786651611328 0.04827798530459404 0.9985749125480652 -0.02274322137236595 -1.658301830291748 -0.9977954030036926 0.049253325909376144 0.0444781556725502 87.95474243164062
0.04918592795729637 0.019082974642515182 0.9986072778701782 15.32657241821289 0.04726944863796234 0.9986526370048523 -0.021412070840597153 -1.680361270904541 -0.9976704120635986 0.04825679957866669 0.048217616975307465 88.0013427734375
0.05365877225995064 0.016912681981921196 0.998416006565094 16.120798110961914 0.044942956417798996 0.9988023638725281 -0.019334636628627777 -1.6984267234802246 -0.9975473284721375 0.04590924456715584 0.0528344064950943 88.04472351074219
0.057332828640937805 0.01592824049293995 0.9982280135154724 16.9141845703125 0.044165391474962234 0.9988533854484558 -0.018474841490387917 -1.718083381652832 -0.9973776340484619 0.04514634981751442 0.0565636083483696 88.10527801513672
0.06151430681347847 0.01662515290081501 0.9979677200317383 17.719120025634766 0.041735224425792694 0.9989439845085144 -0.019213957712054253 -1.741950511932373 -0.9972330927848816 0.04283234477043152 0.06075549125671387 88.16287231445312
0.06478387862443924 0.02072567492723465 0.9976840019226074 18.523815155029297 0.03908780589699745 0.998964250087738 -0.02329040691256523 -1.7697241306304932 -0.9971334934234619 0.040506113320589066 0.06390663981437683 88.20735168457031
0.06606843322515488 0.02643858827650547 0.9974647760391235 19.325729370117188 0.033304613083601 0.9990334510803223 -0.028686147183179855 -1.7898032665252686 -0.9972591400146484 0.035115428268909454 0.06512406468391418 88.2720718383789
0.06590744853019714 0.029210016131401062 0.9973981380462646 20.133146286010742 0.030375514179468155 0.9990494251251221 -0.03126557171344757 -1.8215336799621582 -0.997363269329071 0.0323571115732193 0.06495752185583115 88.3326644897461
0.06599632650613785 0.028876731172204018 0.9974018931388855 20.9531307220459 0.028002291917800903 0.999133825302124 -0.03077973984181881 -1.8548861742019653 -0.9974268674850464 0.029960889369249344 0.06513054668903351 88.39717102050781
0.06621843576431274 0.026920592412352562 0.9974418878555298 21.76521873474121 0.025144899263978004 0.9992734789848328 -0.028639353811740875 -1.8907971382141113 -0.997488260269165 0.02697703242301941 0.06549341231584549 88.45516967773438
0.06609229743480682 0.02563062496483326 0.9974842071533203 22.58597755432129 0.02613675221800804 0.9992825388908386 -0.027408622205257416 -1.9245572090148926 -0.9974710941314697 0.02788250334560871 0.06537498533725739 88.5112075805664
0.06594188511371613 0.024821685627102852 0.9975146651268005 23.40694808959961 0.023586658760905266 0.9993724226951599 -0.026427136734128 -1.9619683027267456 -0.9975446462631226 0.025270694866776466 0.06531506031751633 88.57971954345703
0.06610375642776489 0.02505585364997387 0.997498095035553 24.218345642089844 0.021883714944124222 0.9994077682495117 -0.0265540461987257 -1.9950742721557617 -0.9975727796554565 0.023584289476275444 0.06551629304885864 88.63919067382812
0.06607845425605774 0.025802193209528923 0.9974807500839233 25.025638580322266 0.018910910934209824 0.9994536638259888 -0.027105985209345818 -2.0266599655151367 -0.9976352453231812 0.02065439336001873 0.0655544102191925 88.69954681396484
0.06496798992156982 0.027113093063235283 0.9975189566612244 25.841341018676758 0.016254283487796783 0.9994694590568542 -0.028224743902683258 -2.0594043731689453 -0.9977550506591797 0.01804765872657299 0.06449280679225922 88.75868225097656
0.062045108526945114 0.026884518563747406 0.997711181640625 26.65512466430664 0.01321328617632389 0.9995273947715759 -0.02775515802204609 -2.0896618366241455 -0.99798583984375 0.014905115589499474 0.06166055053472519 88.81842803955078
0.05787404254078865 0.025678640231490135 0.9979937076568604 27.464004516601562 0.010422591120004654 0.9995990991592407 -0.026324361562728882 -2.122690200805664 -0.9982694387435913 0.01192517951130867 0.05758321285247803 88.87684631347656
0.05318344011902809 0.023202423006296158 0.9983150959014893 28.28718376159668 0.008891191333532333 0.9996793866157532 -0.023707790300250053 -2.151336193084717 -0.9985451698303223 0.010137074626982212 0.05296008661389351 88.92399597167969
0.0474899485707283 0.021008126437664032 0.998650848865509 29.103313446044922 0.006726557854562998 0.9997494220733643 -0.02135111205279827 -2.1826469898223877 -0.9988490343093872 0.007731445599347353 0.04733673855662346 88.96238708496094
0.03948910906910896 0.02165215276181698 0.9989854097366333 29.907875061035156 0.0060854339972138405 0.9997413754463196 -0.021909097209572792 -2.2096641063690186 -0.9992014765739441 0.006944427266716957 0.039347127079963684 88.99970245361328
