1.0 0.0 0.0 0.0 0.0 1.0 0.0 0.0 0.0 0.0 1.0 0.0
0.999039888381958 -0.0004470860003493726 0.04380720108747482 0.04506588354706764 0.0005525599699467421 0.9999969601631165 -0.0023956072982400656 -0.01963847130537033 -0.04380599036812782 0.0024175129365175962 0.9990371465682983 1.0268772840499878
0.9960230588912964 -0.004524061921983957 0.08898106962442398 0.1381555050611496 0.005205577239394188 0.999958872795105 -0.0074285464361310005 -0.03901834040880203 -0.08894380182027817 0.00786220096051693 0.9960055947303772 2.0495195388793945
0.9908577799797058 -0.003930830396711826 0.13485348224639893 0.2686135172843933 0.005550381261855364 0.9999168515205383 -0.01163584552705288 -0.059846773743629456 -0.13479654490947723 0.012277957051992416 0.990797221660614 3.0601062774658203
0.9835134148597717 -0.0011186030460521579 0.18083161115646362 0.4496888220310211 0.0036403771955519915 0.9999006390571594 -0.01361414697021246 -0.09206706285476685 -0.18079841136932373 0.014047989621758461 0.9834197759628296 4.086893081665039
0.9739546179771423 -0.003631005994975567 0.22671377658843994 0.6836835145950317 0.006902848836034536 0.9998830556869507 -0.013640458695590496 -0.1222846731543541 -0.22663773596286774 0.014850160107016563 0.9738659262657166 5.093189716339111
0.9622678160667419 -0.0040244185365736485 0.27207428216934204 0.9564352631568909 0.008427725173532963 0.999851644039154 -0.015017612837255001 -0.151320219039917 -0.27197355031967163 0.01674393191933632 0.9621590375900269 6.097935199737549
0.9487310647964478 -0.006858238950371742 0.31601038575172424 1.283125400543213 0.013085069134831429 0.9997597336769104 -0.017586810514330864 -0.18559733033180237 -0.3158138692378998 0.020820176228880882 0.9485927224159241 7.077882289886475
0.9335598349571228 -0.008422057144343853 0.3583224415779114 1.6567919254302979 0.016486402601003647 0.9996747374534607 -0.01945658028125763 -0.21724310517311096 -0.35804200172424316 0.024071339517831802 0.9333951473236084 8.032055854797363
0.9162722229957581 -0.008497859351336956 0.40046587586402893 2.0692176818847656 0.01813877746462822 0.9996296167373657 -0.020289739593863487 -0.25002041459083557 -0.40014511346817017 0.025854885578155518 0.9160869121551514 8.964933395385742
0.8967125415802002 -0.00873742625117302 0.4425272047519684 2.5167341232299805 0.018990078940987587 0.9996441006660461 -0.018743086606264114 -0.2867008447647095 -0.44220590591430664 0.02521078661084175 0.8965591788291931 9.867618560791016
0.8748874664306641 -0.008879306726157665 0.48424479365348816 3.0107641220092773 0.020008012652397156 0.9996411204338074 -0.01781875640153885 -0.32707709074020386 -0.4839128255844116 0.025278186425566673 0.874751091003418 10.761640548706055
0.850938618183136 -0.009018420241773129 0.5251878499984741 3.5480997562408447 0.020820090547204018 0.9996459484100342 -0.016568148508667946 -0.3621032238006592 -0.524852454662323 0.025032931938767433 0.8508251309394836 11.633040428161621
0.8254056572914124 -0.009483515284955502 0.5644603967666626 4.134380340576172 0.02289491891860962 0.9995987415313721 -0.01668476313352585 -0.40140777826309204 -0.5640755891799927 0.026694977656006813 0.8252915143966675 12.482243537902832
0.798132598400116 -0.01120253186672926 0.6023775935173035 4.7447614669799805 0.026345014572143555 0.9995197057723999 -0.01631811074912548 -0.4330994486808777 -0.6019054651260376 0.028893662616610527 0.7980443835258484 13.284379005432129
0.7692538499832153 -0.010001036338508129 0.6388649940490723 5.408177375793457 0.02675206959247589 0.9995048642158508 -0.016565388068556786 -0.4703013300895691 -0.6383829712867737 0.029833953827619553 0.7691404819488525 14.094942092895508
0.7386598587036133 -0.01302732527256012 0.6739524006843567 6.084379196166992 0.03141859918832779 0.9993919730186462 -0.01511717401444912 -0.5027245283126831 -0.673345685005188 0.032341089099645615 0.7386201024055481 14.82970905303955
0.7066678404808044 -0.012402520515024662 0.707436740398407 6.830715656280518 0.032143596559762955 0.9993767738342285 -0.014587953686714172 -0.5341000556945801 -0.7068149447441101 0.03304839879274368 0.7066261172294617 15.565608024597168
0.6725898385047913 -0.011034667491912842 0.73993319272995 7.582610130310059 0.03308030962944031 0.9993376135826111 -0.015166401863098145 -0.5674676299095154 -0.7392756938934326 0.034677986055612564 0.6725093722343445 16.246601104736328
0.637059211730957 -0.01245108712464571 0.770714282989502 8.383712768554688 0.03821181878447533 0.9991503357887268 -0.015443703159689903 -0.5942734479904175 -0.7698671221733093 0.039288949221372604 0.6369937062263489 16.908891677856445
0.6003466248512268 -0.010775817558169365 0.7996672987937927 9.172029495239258 0.03855007141828537 0.9991368055343628 -0.015477548353374004 -0.6230655908584595 -0.7988101840019226 0.040119122713804245 0.600243866443634 17.49494171142578
0.5627449750900269 -0.009700451046228409 0.8265736699104309 10.038983345031738 0.04146725684404373 0.9990034699440002 -0.016507545486092567 -0.6525893211364746 -0.8255898356437683 0.04356527328491211 0.5625864267349243 18.085262298583984
0.5237383246421814 -0.007832502014935017 0.8518432378768921 10.879533767700195 0.04595817252993584 0.9987611770629883 -0.01907305419445038 -0.6778296232223511 -0.8506386280059814 0.049138445407152176 0.5234494805335999 18.603981018066406
0.485003262758255 -0.006856653373688459 0.8744854927062988 11.78406047821045 0.04756324738264084 0.998695969581604 -0.01854874938726425 -0.7035089731216431 -0.8732179403305054 0.05058956518769264 0.4846968948841095 19.10076904296875
0.4464872479438782 -0.008552003651857376 0.8947492241859436 12.684003829956055 0.05265426263213158 0.9984726309776306 -0.016731522977352142 -0.7293837666511536 -0.8932393789291382 0.05458277091383934 0.4462555944919586 19.546649932861328
0.40967825055122375 -0.009146876633167267 0.9121842384338379 13.637008666992188 0.05674326792359352 0.9982689023017883 -0.01547432690858841 -0.7516975402832031 -0.9104635715484619 0.058099810034036636 0.4094880223274231 19.962993621826172
0.37468189001083374 -0.0067142401821911335 0.9271290898323059 14.574448585510254 0.058322545140981674 0.9981640577316284 -0.01634129136800766 -0.7792913913726807 -0.9253172278404236 0.06019531562924385 0.37438562512397766 20.33038330078125
0.34114882349967957 -0.007609170861542225 0.9399784803390503 15.539186477661133 0.05886397883296013 0.9981776475906372 -0.013283360749483109 -0.8043875098228455 -0.9381644129753113 0.059862468391656876 0.3409751057624817 20.67628288269043
0.30769896507263184 -0.009096702560782433 0.9514402747154236 16.53799819946289 0.06107630953192711 0.9980809092521667 -0.0102096451446414 -0.8286983966827393 -0.9495214819908142 0.061251960694789886 0.30766403675079346 20.994586944580078
0.27504846453666687 -0.008979474194347858 0.961388349533081 17.547622680664062 0.061838120222091675 0.998051106929779 -0.00836967583745718 -0.8493719696998596 -0.9594396352767944 0.06175253540277481 0.27506765723228455 21.275360107421875
0.24284440279006958 -0.006235871929675341 0.9700452089309692 18.54683494567871 0.05912924185395241 0.9982151389122009 -0.008385654538869858 -0.8741956949234009 -0.9682614803314209 0.05939444527029991 0.2427796721458435 21.526960372924805
0.2119426131248474 -0.004635862074792385 0.9772711396217346 19.584270477294922 0.058927983045578 0.9982299208641052 -0.008044537156820297 -0.8887378573417664 -0.9755038022994995 0.05929360166192055 0.2118406444787979 21.753559112548828
0.18121185898780823 -0.004551781807094812 0.9834335446357727 20.61803436279297 0.06065487116575241 0.9981372356414795 -0.006556702312082052 -0.9086949229240417 -0.9815718531608582 0.06083818897604942 0.1811504065990448 21.946517944335938
0.15056870877742767 -0.0046776579692959785 0.9885884523391724 21.69974708557129 0.062263306230306625 0.9980483055114746 -0.004760706797242165 -0.9225603342056274 -0.9866368770599365 0.06226960942149162 0.15056610107421875 22.102428436279297
0.12001939117908478 -0.005311876069754362 0.9927573204040527 22.78413200378418 0.06081293895840645 0.9981471300125122 -0.002011264208704233 -0.9352157115936279 -0.9909072518348694 0.06061388552188873 0.12012004852294922 22.236305236816406
0.09101369231939316 -0.005794316064566374 0.9958328008651733 23.873653411865234 0.061572909355163574 0.9981024861335754 0.00018009461928158998 -0.9495527148246765 -0.9939442873001099 0.06129992753267288 0.09119775891304016 22.329288482666016
0.06395362317562103 -0.005470698233693838 0.9979378581047058 24.997207641601562 0.06432109326124191 0.9979284405708313 0.0013485773233696818 -0.9535132646560669 -0.9958778619766235 0.06410223245620728 0.06417302787303925 22.393733978271484
0.03905845060944557 -0.004948584828525782 0.9992247819900513 26.119962692260742 0.06846025586128235 0.9976512789726257 0.002264766488224268 -0.9609019756317139 -0.9968889951705933 0.06831871718168259 0.03930550441145897 22.422992706298828
0.01636386662721634 -0.00457692751660943 0.9998555779457092 27.29887580871582 0.07267157733440399 0.9973502159118652 0.003376099979504943 -0.9650338888168335 -0.9972216486930847 0.07260584086179733 0.016653113067150116 22.43555450439453
-0.0037696983199566603 -0.004646652843803167 0.9999821186065674 28.458261489868164 0.0783718079328537 0.9969120025634766 0.004927830304950476 -0.9644578695297241 -0.9969170093536377 0.07838897407054901 -0.0033938908018171787 22.42394256591797
-0.02083776332437992 -0.005410240031778812 0.9997682571411133 29.642316818237305 0.0828157290816307 0.9965394139289856 0.007118863053619862 -0.966528058052063 -0.9963470101356506 0.08294488489627838 -0.020317604765295982 22.378150939941406
-0.03648997098207474 -0.005283218342810869 0.9993200302124023 30.862699508666992 0.08599186688661575 0.9962604641914368 0.008407017216086388 -0.965007483959198 -0.9956274032592773 0.08624017238616943 -0.035899195820093155 22.323457717895508
-0.050951968878507614 -0.005965571850538254 0.9986832737922668 32.06418991088867 0.08803344517946243 0.9960628151893616 0.010441308841109276 -0.961578369140625 -0.9948135018348694 0.08844952285289764 -0.05022618547081947 22.26951026916504
-0.06385677307844162 -0.007104226388037205 0.9979338049888611 33.27010726928711 0.08814973384141922 0.9960258603096008 0.012731258757412434 -0.9596765041351318 -0.9940583109855652 0.08878058940172195 -0.06297676265239716 22.17861557006836
-0.07584363967180252 -0.0068833790719509125 0.9970959424972534 34.4744758605957 0.08810017257928848 0.9960190653800964 0.013577243313193321 -0.956310510635376 -0.9932200908660889 0.08887407183647156 -0.07493527978658676 22.087221145629883
-0.08735552430152893 -0.0042040166445076466 0.996168315410614 35.702877044677734 0.08787959069013596 0.9960598945617676 0.011909857392311096 -0.9521146416664124 -0.9922933578491211 0.08858326077461243 -0.08664190769195557 21.9910888671875
-0.09749393910169601 -0.000763256917707622 0.9952357411384583 36.930824279785156 0.08839818090200424 0.9960407614707947 0.009423415176570415 -0.9448561668395996 -0.9913025498390198 0.0888957753777504 -0.09704045951366425 21.87159538269043
-0.10665560513734818 0.0015835280064493418 0.9942947626113892 38.18825912475586 0.08971697092056274 0.9959348440170288 0.008037584833800793 -0.9436525702476501 -0.9902400970458984 0.09006240218877792 -0.10636410862207413 21.735008239746094
-0.11407520622015 0.0026239678263664246 0.9934686422348022 39.477806091308594 0.0895610973238945 0.9959520697593689 0.007653343491256237 -0.9362972378730774 -0.9894269108772278 0.08984921127557755 -0.11384844779968262 21.594409942626953
-0.11949537694454193 0.0033472678624093533 0.9928290843963623 40.7762336730957 0.08938607573509216 0.9959694743156433 0.007400515489280224 -0.9291799068450928 -0.9888027906417847 0.08962941914796829 -0.11931297183036804 21.436559677124023
-0.12459636479616165 0.005253495182842016 0.9921935200691223 42.095882415771484 0.09078247845172882 0.9958518743515015 0.0061272974126040936 -0.9192443490028381 -0.9880456328392029 0.09083724021911621 -0.12455645203590393 21.27437400817871
-0.12922850251197815 0.006699590012431145 0.9915922284126282 43.42759323120117 0.08951953798532486 0.995972752571106 0.004937377758324146 -0.9164496660232544 -0.9875659346580505 0.08940492570400238 -0.1293078064918518 21.105649948120117
-0.13335825502872467 0.007576752454042435 0.9910388588905334 44.79998016357422 0.09013179689645767 0.9959195852279663 0.004514436237514019 -0.909447193145752 -0.9869608879089355 0.08992616087198257 -0.1334969848394394 20.92928123474121
-0.13659048080444336 0.006666495930403471 0.9906051754951477 46.18476867675781 0.08938919752836227 0.9959808588027954 0.0056228358298540115 -0.9018733501434326 -0.986586332321167 0.08931741863489151 -0.13663743436336517 20.760852813720703
-0.1400294154882431 0.004382874816656113 0.9901377558708191 47.6107063293457 0.0901511162519455 0.9958931803703308 0.008341195993125439 -0.9053983688354492 -0.9860347509384155 0.09043002873659134 -0.1398494690656662 20.578161239624023
-0.14256605505943298 0.0034483885392546654 0.9897793531417847 49.051734924316406 0.08976089954376221 0.9959183931350708 0.009459221735596657 -0.890880286693573 -0.9857068061828613 0.0901920273900032 -0.14229369163513184 20.377683639526367
-0.14466816186904907 0.003991380799561739 0.9894721508026123 50.485687255859375 0.09264456480741501 0.9956536293029785 0.009529005736112595 -0.8915773630142212 -0.9851334691047668 0.09304777532815933 -0.1444091647863388 20.17177963256836
-0.14569801092147827 0.003684822702780366 0.9893222451210022 51.922367095947266 0.09222613275051117 0.9956891536712646 0.009873650968074799 -0.8832052946090698 -0.9850210547447205 0.0926799327135086 -0.1454097330570221 19.970478057861328
-0.14596439898014069 0.005208645481616259 0.9892760515213013 53.38603210449219 0.09453507512807846 0.9954833984375 0.008707011118531227 -0.8696916699409485 -0.9847626686096191 0.0947922095656395 -0.14579755067825317 19.751888275146484
-0.14593446254730225 0.005160192027688026 0.9892808198928833 54.87700271606445 0.09397819638252258 0.9955365061759949 0.008670439012348652 -0.8620376586914062 -0.9848204255104065 0.09423614293336868 -0.14576806128025055 19.531055450439453
-0.14560994505882263 0.006712951697409153 0.9893192648887634 56.39276885986328 0.09386178106069565 0.9955602288246155 0.007059459108859301 -0.8544213175773621 -0.9848795533180237 0.09388718008995056 -0.1455935537815094 19.317699432373047
-0.1442684382200241 0.0065104542300105095 0.9895171523094177 57.92774200439453 0.09443332999944687 0.9955050349235535 0.007218224927783012 -0.8465909957885742 -0.9850223064422607 0.09448476135730743 -0.14423473179340363 19.092632293701172
-0.14296855032444 0.005479723215103149 0.9897119998931885 59.48585891723633 0.0939621850848198 0.9955430626869202 0.008061272092163563 -0.8435614109039307 -0.9852567911148071 0.09414800256490707 -0.1428462713956833 18.88564682006836
-0.14144960045814514 0.006428851280361414 0.9899246096611023 61.062889099121094 0.0950959250330925 0.9954426288604736 0.007123502437025309 -0.8354172110557556 -0.9853672981262207 0.09514541923999786 -0.14141631126403809 18.65888214111328
-0.1408565789461136 0.006958120036870241 0.9900054931640625 62.657989501953125 0.09456503391265869 0.9954977631568909 0.00645785965025425 -0.828096866607666 -0.9855033159255981 0.09452954679727554 -0.14088040590286255 18.450300216674805
-0.13992922008037567 0.007346753962337971 0.9901342391967773 64.26936340332031 0.0955599769949913 0.995404839515686 0.006119006313383579 -0.8271282911300659 -0.985539436340332 0.09547342360019684 -0.1399882733821869 18.221033096313477
-0.13842490315437317 0.0074567715637385845 0.9903448820114136 65.88827514648438 0.09528523683547974 0.99543297290802 0.005823357962071896 -0.8160796761512756 -0.9857785105705261 0.09517133980989456 -0.13850323855876923 17.992263793945312
-0.137393519282341 0.006155163049697876 0.9904975295066833 67.5422134399414 0.09738703072071075 0.9952195882797241 0.007324203383177519 -0.8064248561859131 -0.9857174158096313 0.09746790677309036 -0.1373361498117447 17.758588790893555
-0.13728202879428864 0.0037977600004523993 0.9905247092247009 69.23736572265625 0.09929510951042175 0.9950082898139954 0.009946880862116814 -0.8057304620742798 -0.9855425357818604 0.09971979260444641 -0.13697382807731628 17.52117156982422
-0.13561420142650604 0.005177564453333616 0.9907481670379639 70.92034149169922 0.10081450641155243 0.9948680400848389 0.00860045850276947 -0.7965362071990967 -0.9856191873550415 0.10104813426733017 -0.13544023036956787 17.276294708251953
-0.13562126457691193 0.007002194877713919 0.9907359480857849 72.61248779296875 0.10273479670286179 0.9946838617324829 0.007033206056803465 -0.7836956977844238 -0.9854199290275574 0.10273691266775131 -0.1356196105480194 17.052173614501953
-0.13490702211856842 0.006651450879871845 0.9908358454704285 74.31709289550781 0.10156280547380447 0.9948034286499023 0.007150175049901009 -0.7793166041374207 -0.9856394529342651 0.10159669071435928 -0.13488149642944336 16.823339462280273
-0.1348285675048828 0.006395971868187189 0.9908483028411865 76.07628631591797 0.10216455161571503 0.9947393536567688 0.007480839733034372 -0.7747920155525208 -0.9855879545211792 0.10223821550607681 -0.13477273285388947 16.573322296142578
-0.13450276851654053 0.0052619739435613155 0.9908992648124695 77.80750274658203 0.101965993642807 0.9947510957717896 0.008558236993849277 -0.7685727477073669 -0.9856530427932739 0.10218912363052368 -0.1343333125114441 16.335819244384766
-0.13433511555194855 0.005376354791224003 0.9909213185310364 79.52825927734375 0.10351482033729553 0.9945904016494751 0.008636816404759884 -0.7655632495880127 -0.9855144023895264 0.10373528301715851 -0.1341649442911148 16.107303619384766
-0.13430355489253998 0.005156011786311865 0.9909268021583557 81.29981231689453 0.10462194681167603 0.9944713115692139 0.009005299769341946 -0.7572219967842102 -0.9854018092155457 0.1048821285367012 -0.13410048186779022 15.866897583007812
-0.13400185108184814 0.006449430249631405 0.9909601211547852 83.05287170410156 0.10513678938150406 0.9944276213645935 0.00774504616856575 -0.7448294162750244 -0.9853880405426025 0.10522422194480896 -0.1339331865310669 15.622762680053711
-0.1345221847295761 0.007271355018019676 0.9908838868141174 84.85607147216797 0.10480745881795883 0.9944683909416199 0.006930978037416935 -0.7406152486801147 -0.9853523373603821 0.10478439182043076 -0.1345401555299759 15.375812530517578
-0.13554678857326508 0.007894742302596569 0.9907394647598267 86.65628051757812 0.10411200672388077 0.9945456385612488 0.006318885367363691 -0.7411816120147705 -0.9852856397628784 0.1040043979883194 -0.13562941551208496 15.133993148803711
-0.13709472119808197 0.008398642763495445 0.9905222654342651 88.46199035644531 0.10324691236019135 0.9946385025978088 0.005856499541550875 -0.7406616806983948 -0.9851624965667725 0.10307125747203827 -0.13722681999206543 14.898726463317871
-0.13810524344444275 0.007620160933583975 0.9903883337974548 90.2855224609375 0.10245048999786377 0.9947159886360168 0.006632808595895767 -0.7408653497695923 -0.985104501247406 0.10238178074359894 -0.1381562352180481 14.653965950012207
-0.13895493745803833 0.007515527307987213 0.9902701377868652 92.12864685058594 0.10267550498247147 0.9946912527084351 0.006858369801193476 -0.7341486811637878 -0.9849615097045898 0.10262949764728546 -0.1389889270067215 14.398002624511719
-0.13938024640083313 0.006534228567034006 0.990217387676239 93.98282623291016 0.10026097297668457 0.9949325323104858 0.00754711264744401 -0.7290704846382141 -0.985150158405304 0.10033208131790161 -0.13932904601097107 14.139415740966797
-0.14111538231372833 0.00741288298740983 0.9899653792381287 95.81927490234375 0.10017351806163788 0.9949465394020081 0.006829127203673124 -0.7262253761291504 -0.9849120378494263 0.10013201832771301 -0.14114481210708618 13.884905815124512
-0.14339818060398102 0.008220291696488857 0.989630937576294 97.70223236083984 0.099334217607975 0.9950352311134338 0.006128411740064621 -0.7201266884803772 -0.9846673011779785 0.09918300062417984 -0.1435028314590454 13.606572151184082
-0.1476181149482727 0.009222667664289474 0.989001452922821 99.5865707397461 0.09983181953430176 0.9949884414672852 0.005622374825179577 -0.7149450182914734 -0.9839931130409241 0.09956377744674683 -0.1477990299463272 13.32898998260498
-0.1521206647157669 0.008288745768368244 0.9883270859718323 101.47223663330078 0.09791606664657593 0.995171844959259 0.006724826525896788 -0.7145206332206726 -0.9834997057914734 0.09779608994722366 -0.15219782292842865 13.045339584350586
-0.15675055980682373 0.007575057912617922 0.9876090884208679 103.37117004394531 0.09650185704231262 0.9953030943870544 0.007682431023567915 -0.7136183381080627 -0.9829122424125671 0.09651032835245132 -0.1567453294992447 12.751148223876953
-0.16116800904273987 0.008281966671347618 0.9868923425674438 105.27485656738281 0.09528576582670212 0.9954238533973694 0.0072074225172400475 -0.7151222229003906 -0.9823163747787476 0.09519840776920319 -0.16121962666511536 12.442914962768555
-0.1656429022550583 0.009970850311219692 0.9861353635787964 107.20498657226562 0.09574922174215317 0.9953873157501221 0.006018775049597025 -0.7135913372039795 -0.9815266132354736 0.09541866183280945 -0.16583356261253357 12.112190246582031
-0.17026002705097198 0.011619435623288155 0.9853306412696838 109.13404083251953 0.09560814499855042 0.9954077005386353 0.004782328847795725 -0.720371663570404 -0.9807500243186951 0.0950198844075203 -0.17058902978897095 11.784719467163086
-0.1748289316892624 0.011730100028216839 0.9845288991928101 111.07439422607422 0.0943218469619751 0.9955297708511353 0.004888154566287994 -0.7245010733604431 -0.9800704717636108 0.09371718764305115 -0.17515383660793304 11.444055557250977
-0.179687961935997 0.01145678199827671 0.9836570620536804 113.02864837646484 0.09261807054281235 0.9956874251365662 0.00532194972038269 -0.7286254167556763 -0.9793539643287659 0.09206068515777588 -0.17997416853904724 11.0924072265625
-0.18401047587394714 0.010959797538816929 0.9828632473945618 114.9924545288086 0.09091267734766006 0.9958412647247314 0.005916049238294363 -0.727527916431427 -0.9787110090255737 0.09044333547353745 -0.1842416226863861 10.720512390136719
-0.19020019471645355 0.010136883705854416 0.9816930890083313 116.93743896484375 0.08957348018884659 0.9959551095962524 0.007070451509207487 -0.729282021522522 -0.9776504635810852 0.0892784595489502 -0.1903388798236847 10.358940124511719
-0.1953083574771881 0.00995869841426611 0.9806913137435913 118.91940307617188 0.09022700041532516 0.9958902597427368 0.007856003008782864 -0.7286160588264465 -0.9765827059745789 0.09001918137073517 -0.19540421664714813 9.96303939819336
-0.20061160624027252 0.011461169458925724 0.9796038269996643 120.87289428710938 0.0906657874584198 0.9958573579788208 0.006915978156030178 -0.7251259684562683 -0.9754663705825806 0.09020397067070007 -0.2008196860551834 9.570444107055664
-0.20575380325317383 0.012631593272089958 0.9785222411155701 122.82795715332031 0.09057492762804031 0.9958703517913818 0.006189645268023014 -0.7258711457252502 -0.9744032025337219 0.08990311622619629 -0.20604823529720306 9.164527893066406
-0.21183788776397705 0.012619216926395893 0.9772233366966248 124.82746887207031 0.09052027016878128 0.9958716630935669 0.0067625283263623714 -0.715239942073822 -0.9731037020683289 0.08989108353853226 -0.2121056169271469 8.747875213623047
-0.2174200564622879 0.012437721714377403 0.9759988784790039 126.81155395507812 0.08926984667778015 0.9959816336631775 0.007193977013230324 -0.7133676409721375 -0.9719873666763306 0.08869139850139618 -0.21765662729740143 8.315170288085938
-0.22263209521770477 0.013207467272877693 0.9748130440711975 128.801513671875 0.08860692381858826 0.996043860912323 0.0067413244396448135 -0.7091928124427795 -0.9708675146102905 0.08787602186203003 -0.22292163968086243 7.866369247436523
-0.22795434296131134 0.013780198991298676 0.9735743403434753 130.8006134033203 0.08771172910928726 0.9961252212524414 0.00643757963553071 -0.708283007144928 -0.9697132110595703 0.08686136454343796 -0.22827966511249542 7.413736343383789
-0.23235423862934113 0.013176782056689262 0.9725419878959656 132.78265380859375 0.08874062448740005 0.9960249662399292 0.007706449832767248 -0.7036591172218323 -0.9685745239257812 0.08809459209442139 -0.2325998991727829 6.947465896606445
-0.23615647852420807 0.013122085481882095 0.971626341342926 134.77969360351562 0.09111329168081284 0.9958025813102722 0.008696749806404114 -0.6978976726531982 -0.9674339890480042 0.09058189392089844 -0.2363608181476593 6.4612884521484375
-0.23962177336215973 0.014051143079996109 0.9707645773887634 136.78707885742188 0.09261677414178848 0.995665967464447 0.008449781686067581 -0.6939457654953003 -0.9664385318756104 0.09193383902311325 -0.239884614944458 5.966741561889648
-0.24266231060028076 0.01482309028506279 0.9699975848197937 138.78662109375 0.09326912462711334 0.995607852935791 0.008118498139083385 -0.6914362907409668 -0.9656168222427368 0.0924408882856369 -0.242979034781456 5.469322204589844
-0.24612197279930115 0.014763465151190758 0.9691264629364014 140.82473754882812 0.09247057139873505 0.9956806898117065 0.00831609033048153 -0.689690113067627 -0.9648177027702332 0.0916624441742897 -0.24642406404018402 4.963645935058594
-0.24976390600204468 0.015252821147441864 0.968186616897583 142.83602905273438 0.0911746621131897 0.9958041310310364 0.007832490839064121 -0.6917879581451416 -0.9640048742294312 0.09023035317659378 -0.2501065731048584 4.436740875244141
-0.2546176314353943 0.01606071926653385 0.9669084548950195 144.86770629882812 0.09052275121212006 0.9958677887916565 0.0072957673110067844 -0.6939138174057007 -0.9627957344055176 0.08938483893871307 -0.25501933693885803 3.913341522216797
-0.2588783800601959 0.015106991864740849 0.9657917022705078 146.8994140625 0.08859200775623322 0.9960344433784485 0.008166837505996227 -0.6945545673370361 -0.9618386030197144 0.08767563104629517 -0.2591901123523712 3.37725830078125
-0.26345524191856384 0.015625353902578354 0.9645450711250305 148.92686462402344 0.08899520337581635 0.9959985017776489 0.008173215202987194 -0.6936917304992676 -0.9605576992034912 0.08799316734075546 -0.2637917101383209 2.8290481567382812
-0.2682766020298004 0.015953630208969116 0.9632098078727722 150.98045349121094 0.08811734616756439 0.9960775971412659 0.008044739253818989 -0.6928339004516602 -0.9593033790588379 0.087033711373806 -0.26863008737564087 2.270965576171875
-0.2734432816505432 0.015987293794751167 0.9617552757263184 153.03109741210938 0.08751551061868668 0.9961283802986145 0.008323455229401588 -0.6910088062286377 -0.9578986167907715 0.08644448220729828 -0.27378374338150024 1.7117958068847656
-0.2779589593410492 0.015454507432878017 0.9604686498641968 155.0731658935547 0.08744320273399353 0.9961262941360474 0.009277742356061935 -0.690893292427063 -0.9566046595573425 0.08656526356935501 -0.2782336175441742 1.1307563781738281
-0.282751202583313 0.015436090528964996 0.959069013595581 157.13461303710938 0.08776728063821793 0.9960923194885254 0.0098434342071414 -0.6884588003158569 -0.9551694393157959 0.0869581326842308 -0.2830010652542114 0.5436210632324219
-0.28735318779945374 0.01609354093670845 0.9576894640922546 159.2198944091797 0.08847048133611679 0.9960305094718933 0.009807592257857323 -0.685694694519043 -0.953730046749115 0.0875454917550087 -0.2876364290714264 -0.060283660888671875
-0.29090145230293274 0.017369527369737625 0.9565953612327576 161.28196716308594 0.08888287097215652 0.9960018992424011 0.008944305591285229 -0.6798804998397827 -0.9526154398918152 0.0876268669962883 -0.2912822365760803 -0.6819686889648438
-0.29469653964042664 0.018706850707530975 0.9554077386856079 163.34034729003906 0.08869141340255737 0.9960281848907471 0.007854764349758625 -0.6830178499221802 -0.9514661431312561 0.08705122023820877 -0.2951852083206177 -1.3041763305664062
-0.29844656586647034 0.020170485600829124 0.9542131423950195 165.4267578125 0.08948826044797897 0.9959637522697449 0.0069359662011265755 -0.6790095567703247 -0.950221836566925 0.08746089041233063 -0.29904693365097046 -1.9413719177246094
-0.30188873410224915 0.020631220191717148 0.9531198740005493 167.5143585205078 0.08888527005910873 0.9960200190544128 0.006593458354473114 -0.6815121173858643 -0.9491904377937317 0.08670882135629654 -0.3025210201740265 -2.59429931640625
-0.30566707253456116 0.02089313231408596 0.9519091248512268 169.61044311523438 0.08931827545166016 0.9959797859191895 0.00682052643969655 -0.6830865144729614 -0.9479398131370544 0.08710771799087524 -0.30630433559417725 -3.2536659240722656
-0.30977335572242737 0.021177900955080986 0.9505746960639954 171.7042999267578 0.08914293348789215 0.9959952235221863 0.006860071327537298 -0.6807061433792114 -0.9466224312782288 0.08686204254627228 -0.31042060256004333 -3.9204788208007812
-0.31387123465538025 0.022471096366643906 0.9491996169090271 173.81700134277344 0.09152861684560776 0.9957799315452576 0.006691883318126202 -0.6785266399383545 -0.945043683052063 0.0889793261885643 -0.31460338830947876 -4.613376617431641
-0.31684350967407227 0.022351397201418877 0.9482144713401794 175.91265869140625 0.09307736158370972 0.9956295490264893 0.007632491644471884 -0.6823735237121582 -0.9438998103141785 0.09067559242248535 -0.31753912568092346 -5.316436767578125
-0.3193509578704834 0.022288169711828232 0.9473743438720703 177.98202514648438 0.09439616650342941 0.9954991936683655 0.008399693295359612 -0.6803368330001831 -0.9429233074188232 0.09211096912622452 -0.32001760601997375 -6.010517120361328
-0.3222137987613678 0.021834133192896843 0.9464150667190552 180.07168579101562 0.09388376027345657 0.9955425262451172 0.00899587757885456 -0.6741477251052856 -0.9419999718666077 0.09175161272287369 -0.3228273391723633 -6.717655181884766
-0.32519757747650146 0.02231317199766636 0.9453827142715454 182.18460083007812 0.09300988912582397 0.9956289529800415 0.008494924753904343 -0.6745060682296753 -0.9410609602928162 0.09069248288869858 -0.3258515000343323 -7.436344146728516
-0.327891081571579 0.024493737146258354 0.9443978667259216 184.28489685058594 0.09267570823431015 0.9956761002540588 0.006352948024868965 -0.6728935241699219 -0.9401588439941406 0.08960582315921783 -0.32874324917793274 -8.162761688232422
-0.33122578263282776 0.026466531679034233 0.94318026304245 186.40855407714844 0.09209601581096649 0.9957404136657715 0.004400831647217274 -0.6718403100967407 -0.9390461444854736 0.08832080662250519 -0.3322523832321167 -8.899497985839844
-0.3346225321292877 0.0276977326720953 0.9419451355934143 188.54542541503906 0.09160959720611572 0.9957895874977112 0.003262947080656886 -0.6808041930198669 -0.9378888010978699 0.08738306164741516 -0.3357510268688202 -9.650375366210938
-0.33836644887924194 0.02858041599392891 0.9405803084373474 190.70291137695312 0.08967746049165726 0.9959688782691956 0.001997319282963872 -0.683150053024292 -0.9367315769195557 0.08502467721700668 -0.3395654559135437 -10.41037368774414
-0.3412075936794281 0.029164467006921768 0.9395354390144348 192.82379150390625 0.09086411446332932 0.9958610534667969 0.002085889922454953 -0.6952003240585327 -0.9355859756469727 0.08608176559209824 -0.34244537353515625 -11.19448471069336
-0.3451000154018402 0.028081519529223442 0.9381457567214966 194.9925537109375 0.09015758335590363 0.995921790599823 0.003353822510689497 -0.7050867676734924 -0.9342256784439087 0.08573834598064423 -0.3462243378162384 -11.976524353027344
-0.34812042117118835 0.027230778709053993 0.9370542168617249 197.1434783935547 0.09010230004787445 0.9959222078323364 0.004531986080110073 -0.7164793610572815 -0.933109700679779 0.08600839972496033 -0.3491544723510742 -12.781513214111328
-0.35232245922088623 0.027641184628009796 0.9354704022407532 199.31088256835938 0.09023994207382202 0.9959096312522888 0.0045596640557050705 -0.7156704068183899 -0.9315179586410522 0.08602324873209 -0.3533756136894226 -13.586711883544922
-0.35582369565963745 0.027919597923755646 0.9341359734535217 201.45843505859375 0.08932721614837646 0.9959932565689087 0.004257420543581247 -0.7202945947647095 -0.930274248123169 0.08495865762233734 -0.3568919599056244 -14.394611358642578
-0.3599022328853607 0.028266552835702896 0.9325617551803589 203.6210479736328 0.08867472410202026 0.9960525035858154 0.004031110554933548 -0.7358146905899048 -0.9287664890289307 0.0841454565525055 -0.360988050699234 -15.22024917602539
-0.363568514585495 0.028680698946118355 0.931125819683075 205.79885864257812 0.08830250054597855 0.9960864782333374 0.0037970782723277807 -0.747166633605957 -0.927372932434082 0.08360123634338379 -0.3646783232688904 -16.051193237304688
-0.36649271845817566 0.029158957302570343 0.9299638271331787 207.91751098632812 0.08950144797563553 0.9959784746170044 0.004043097607791424 -0.7675580382347107 -0.9261061549186707 0.08471488207578659 -0.3676286041736603 -16.88213348388672
-0.3691377341747284 0.029049787670373917 0.928920567035675 210.06065368652344 0.09056011587381363 0.9958792328834534 0.004843336995691061 -0.779831051826477 -0.92495197057724 0.08591101318597794 -0.37024733424186707 -17.731590270996094
-0.37160584330558777 0.02846509963274002 0.9279541373252869 212.23976135253906 0.09210342913866043 0.9957292675971985 0.0063393572345376015 -0.7890269756317139 -0.9238105416297913 0.08782348781824112 -0.3726405203342438 -18.61023712158203
-0.3744034171104431 0.029558517038822174 0.9267946481704712 214.42120361328125 0.093321293592453 0.9956182241439819 0.0059461104683578014 -0.7932085990905762 -0.9225579500198364 0.08871593326330185 -0.37552133202552795 -19.488121032714844
-0.37752214074134827 0.030338436365127563 0.9255034327507019 216.6160125732422 0.09328196942806244 0.9956250190734863 0.0054135979153215885 -0.8023607730865479 -0.9212901592254639 0.08837653696537018 -0.37870049476623535 -20.37154769897461
-0.38007697463035583 0.03053552284836769 0.9244506359100342 218.79148864746094 0.09269417822360992 0.9956808686256409 0.005221771076321602 -0.8110789060592651 -0.9202985167503357 0.08767586946487427 -0.3812657594680786 -21.260902404785156
-0.38315173983573914 0.03164532780647278 0.9231431484222412 220.9658966064453 0.09232272207736969 0.9957202672958374 0.004185396246612072 -0.8257461190223694 -0.9190598130226135 0.08683072775602341 -0.3844336271286011 -22.155479431152344
-0.38604575395584106 0.03270481526851654 0.921899676322937 223.1476593017578 0.09199722111225128 0.9957541227340698 0.0031990287825465202 -0.8359829187393188 -0.9178808331489563 0.08604719489812851 -0.38741540908813477 -23.064292907714844
-0.3887377381324768 0.03289923816919327 0.9207608103752136 225.32611083984375 0.08999607712030411 0.9959391951560974 0.0024102211464196444 -0.8498444557189941 -0.9169425368309021 0.08380181342363358 -0.39011988043785095 -23.97228240966797
-0.39164087176322937 0.03388715907931328 0.9194940328598022 227.49569702148438 0.09092273563146591 0.9958558082580566 0.0020253907423466444 -0.8656731843948364 -0.9156148433685303 0.08439613878726959 -0.3930990397930145 -24.892005920410156
-0.3942372500896454 0.03354750573635101 0.9183961749076843 229.64993286132812 0.09224481135606766 0.9957311153411865 0.0032252490054816008 -0.8844165205955505 -0.9143673777580261 0.08598879724740982 -0.39564892649650574 -25.81549072265625
-0.3972066640853882 0.03236902877688408 0.9171581864356995 231.81735229492188 0.09257978945970535 0.9956929683685303 0.004954101983457804 -0.9011428356170654 -0.9130475521087646 0.08687811344861984 -0.3984926640987396 -26.742382049560547
-0.4006668031215668 0.032010022550821304 0.9156644940376282 233.95225524902344 0.09154180437326431 0.9957875609397888 0.005244916770607233 -0.9131852388381958 -0.9116393327713013 0.08592303097248077 -0.4019091725349426 -27.66109848022461
-0.40398743748664856 0.03229742869734764 0.9141942262649536 236.0922088623047 0.09014508128166199 0.9959179162979126 0.004650977440178394 -0.9270672798156738 -0.9103120565414429 0.0842890590429306 -0.4052496552467346 -28.59640884399414
-0.40784987807273865 0.03161369636654854 0.9125015735626221 238.27984619140625 0.08822319656610489 0.9960885643959045 0.0049224854446947575 -0.9358471632003784 -0.9087767601013184 0.08251143991947174 -0.4090436100959778 -29.55712890625
-0.41189613938331604 0.031047524884343147 0.9107016921043396 240.4438018798828 0.08744325488805771 0.9961538314819336 0.005588466301560402 -0.9481089115142822 -0.9070254564285278 0.08193659037351608 -0.4130268692970276 -30.511375427246094
-0.4155616760253906 0.031077008694410324 0.9090338945388794 242.5987091064453 0.08664630353450775 0.9962236881256104 0.005552307236939669 -0.9590581655502319 -0.9054285287857056 0.08107176423072815 -0.4166850745677948 -31.487945556640625
-0.4195832908153534 0.03104400634765625 0.907185971736908 244.7476348876953 0.08646280318498611 0.9962376356124878 0.005898624192923307 -0.9704440832138062 -0.9035895466804504 0.08091280609369278 -0.4206888675689697 -32.468101501464844
-0.4235381484031677 0.030170321464538574 0.9053757190704346 246.9085235595703 0.08501312881708145 0.9963582158088684 0.006567283999174833 -0.9841128587722778 -0.9018803834915161 0.07975031435489655 -0.42456063628196716 -33.45722198486328
-0.42799270153045654 0.030484868213534355 0.9032679200172424 249.034423828125 0.08426301926374435 0.9964237809181213 0.00629726517945528 -0.9879231452941895 -0.899845540523529 0.0788072720170021 -0.42903080582618713 -34.442604064941406
-0.4319402277469635 0.031182225793600082 0.9013630151748657 251.18795776367188 0.08477894216775894 0.9963807463645935 0.006157412193715572 -1.005022644996643 -0.8979088068008423 0.07907624542713165 -0.4330204725265503 -35.456321716308594
-0.4355863928794861 0.03142255172133446 0.8995983004570007 253.30130004882812 0.08465927094221115 0.9963907599449158 0.00618864456191659 -1.0230587720870972 -0.8961569666862488 0.07885502278804779 -0.4366745352745056 -36.469276428222656
-0.43912672996520996 0.03169245272874832 0.8978659510612488 255.41790771484375 0.08477762341499329 0.9963800311088562 0.006293143145740032 -1.0312186479568481 -0.8944162130355835 0.07888244092464447 -0.44022393226623535 -37.49357604980469
-0.44340384006500244 0.03194380924105644 0.8957525491714478 257.561767578125 0.08368001133203506 0.9964752793312073 0.005886474624276161 -1.039334774017334 -0.892407238483429 0.07756666839122772 -0.4445139765739441 -38.529945373535156
-0.44783076643943787 0.03244072198867798 0.8935295343399048 259.67486572265625 0.08366847038269043 0.9964770078659058 0.00575569923967123 -1.0463405847549438 -0.8901949524879456 0.077337846159935 -0.4489673376083374 -39.5677490234375
-0.4513052999973297 0.033283498138189316 0.8917487263679504 261.7845153808594 0.08417031913995743 0.9964367151260376 0.005406913813203573 -1.0421994924545288 -0.8883913159370422 0.07749895006418228 -0.45249858498573303 -40.631134033203125
-0.4551246762275696 0.034719668328762054 0.8897505402565002 263.9119567871094 0.08573499321937561 0.996305525302887 0.004977485630661249 -1.048160195350647 -0.8862905502319336 0.0785481408238411 -0.4564199447631836 -41.700843811035156
-0.4586643874645233 0.0365922786295414 0.8878558278083801 266.0400085449219 0.08803761005401611 0.996107280254364 0.004426256287842989 -1.0604056119918823 -0.8842376470565796 0.0801948606967926 -0.4601004123687744 -42.796104431152344
-0.46197450160980225 0.037183016538619995 0.8861134052276611 268.1746826171875 0.08905120193958282 0.9960163831710815 0.004632011521607637 -1.0710612535476685 -0.8824111819267273 0.081049345433712 -0.463445246219635 -43.8997802734375
-0.4650922417640686 0.03955746442079544 0.8843779563903809 270.2891540527344 0.0909511148929596 0.9958500266075134 0.00328747252933681 -1.071277141571045 -0.8805776834487915 0.08196414262056351 -0.46675992012023926 -45.00469207763672
-0.4676249623298645 0.04196973517537117 0.8829300403594971 272.4010925292969 0.0926414206624031 0.9956979751586914 0.001735438359901309 -1.0870625972747803 -0.879058837890625 0.08260743319988251 -0.4695013761520386 -46.10724639892578
