1.0 0.0 0.0 0.0 0.0 1.0 0.0 0.0 0.0 0.0 1.0 0.0
0.9990411996841431 -0.00045405179844237864 0.04377806931734085 0.04625881090760231 0.0005528823821805418 0.9999973177909851 -0.0022454552818089724 -0.02120576798915863 -0.04377693310379982 0.002267506206408143 0.9990387558937073 1.026341438293457
0.9960246682167053 -0.004541660659015179 0.08896168321371078 0.13865365087985992 0.0052059912122786045 0.9999602437019348 -0.007236997131258249 -0.039529405534267426 -0.08892528712749481 0.00767136225476861 0.9960086941719055 2.0493578910827637
0.9908689856529236 -0.003955227788537741 0.13476940989494324 0.27075931429862976 0.005543224513530731 0.9999195337295532 -0.011409859172999859 -0.06042852997779846 -0.13471344113349915 0.012052732519805431 0.990811288356781 3.0594282150268555
0.9834926724433899 -0.0010477857431396842 0.18094457685947418 0.44983595609664917 0.0035383517388254404 0.9999033212661743 -0.013442011550068855 -0.09512395411729813 -0.1809130162000656 0.013860364444553852 0.983401358127594 4.0921950340271
0.973956823348999 -0.003690788522362709 0.22670339047908783 0.6870872974395752 0.00688045471906662 0.9998881220817566 -0.013281182385981083 -0.127630814909935 -0.22662904858589172 0.014495120383799076 0.9738732576370239 5.092174053192139
0.9622435569763184 -0.003975767642259598 0.27216076850891113 0.9588296413421631 0.00825655646622181 0.9998594522476196 -0.014585532248020172 -0.15828818082809448 -0.27206456661224365 0.016281941905617714 0.962141215801239 6.094891548156738
0.9486741423606873 -0.006654067430645227 0.31618496775627136 1.282785177230835 0.012756339274346828 0.9997701048851013 -0.017233816906809807 -0.1902800351381302 -0.31599757075309753 0.02038264088332653 0.9485410451889038 7.07111930847168
0.9335113167762756 -0.00832365918904543 0.358451247215271 1.656617522239685 0.016228055581450462 0.9996869564056396 -0.019048674032092094 -0.22201472520828247 -0.358180433511734 0.02359912358224392 0.9333540797233582 8.02759838104248
0.9162280559539795 -0.00841316394507885 0.4005686044692993 2.068199634552002 0.01789126917719841 0.9996412992477417 -0.01992751471698284 -0.2542111873626709 -0.40025725960731506 0.025424832478165627 0.9160500168800354 8.955577850341797
0.8966485857963562 -0.008666465058922768 0.44265806674957275 2.512915849685669 0.018759440630674362 0.9996541142463684 -0.018427660688757896 -0.29127979278564453 -0.4423452913761139 0.024827154353260994 0.8965011239051819 9.855653762817383
0.8749923706054688 -0.009060685522854328 0.4840519428253174 3.0103461742401123 0.019957667216658592 0.9996500015258789 -0.017364444211125374 -0.33134275674819946 -0.4837251305580139 0.024854302406311035 0.8748669624328613 10.741467475891113
0.8509393930435181 -0.008954433724284172 0.5251875519752502 3.543600082397461 0.020471762865781784 0.9996603727340698 -0.016125356778502464 -0.3679542541503906 -0.5248647928237915 0.024473214522004128 0.8508336544036865 11.613905906677246
0.8255148530006409 -0.00966001208871603 0.564297616481781 4.131563186645508 0.02273116447031498 0.9996113181114197 -0.016141584143042564 -0.4044221043586731 -0.5639222860336304 0.02615226060152054 0.8254136443138123 12.454203605651855
0.7981896996498108 -0.011212947778403759 0.6023017764091492 4.749076843261719 0.025951184332370758 0.9995386004447937 -0.01578311063349247 -0.4349897503852844 -0.6018469333648682 0.028228359296917915 0.7981123924255371 13.270744323730469
0.7694848775863647 -0.01037980429828167 0.6385806798934937 5.386428356170654 0.026795046404004097 0.999512255191803 -0.016041267663240433 -0.4703156650066376 -0.6381027102470398 0.029454315081238747 0.7693876624107361 14.034284591674805
0.7389863729476929 -0.01366227027028799 0.6735818386077881 6.066569805145264 0.031759463250637054 0.9993893504142761 -0.014572666957974434 -0.503767192363739 -0.6729713678359985 0.03216160088777542 0.7389689683914185 14.770360946655273
0.7069664597511292 -0.012728321366012096 0.7071325182914734 6.796418190002441 0.03191662207245827 0.9993935823440552 -0.013920130208134651 -0.5343754887580872 -0.706526517868042 0.03241035342216492 0.7069439888000488 15.490169525146484
0.6728665232658386 -0.011404543183743954 0.7396759986877441 7.5480780601501465 0.032884228974580765 0.9993538856506348 -0.014505705796182156 -0.5687741637229919 -0.7390326261520386 0.03408408537507057 0.6728067398071289 16.171627044677734
0.6373373866081238 -0.012925307266414165 0.7704764008522034 8.318190574645996 0.037986524403095245 0.99917072057724 -0.014660599641501904 -0.5957925319671631 -0.7696478962898254 0.03861146792769432 0.6372998952865601 16.805734634399414
0.6007112860679626 -0.011310644447803497 0.7993859052658081 9.109857559204102 0.03824487328529358 0.9991617202758789 -0.014602419920265675 -0.6248440146446228 -0.7985506653785706 0.03934425488114357 0.6006403565406799 17.396324157714844
0.5628675818443298 -0.010213920846581459 0.826483964920044 9.943263053894043 0.04115818068385124 0.9990294575691223 -0.015684032812714577 -0.6546614170074463 -0.82552170753479 0.042844612151384354 0.562741756439209 17.961498260498047
0.5237106084823608 -0.008221224881708622 0.8518566489219666 10.788372039794922 0.045192498713731766 0.9988134503364563 -0.01814427599310875 -0.681210458278656 -0.8506966829299927 0.047999877482652664 0.5234607458114624 18.487201690673828
0.4851776361465454 -0.007367774844169617 0.8743845820426941 11.661785125732422 0.0470607727766037 0.998735249042511 -0.017697449773550034 -0.704088032245636 -0.8731483221054077 0.04973561316728592 0.4849106967449188 18.96160888671875
0.4468022584915161 -0.009225348010659218 0.8945851922035217 12.55994701385498 0.05252565070986748 0.9984923601150513 -0.01593714766204357 -0.7296379804611206 -0.8930894732475281 0.054109420627355576 0.44661322236061096 19.40205955505371
0.4098922610282898 -0.009697808884084225 0.9120823740959167 13.4913330078125 0.056218478828668594 0.9983109831809998 -0.014650092460215092 -0.7486642599105835 -0.9103997945785522 0.05728084221482277 0.4097452163696289 19.80864906311035
0.3749309480190277 -0.007128617260605097 0.927025318145752 14.421239852905273 0.05719216167926788 0.9982436895370483 -0.015454829670488834 -0.7759933471679688 -0.9252868890762329 0.05881308391690254 0.37468016147613525 20.17653465270996
0.34175243973731995 -0.008158998563885689 0.9397546052932739 15.377897262573242 0.05788346752524376 0.9982465505599976 -0.012383151799440384 -0.7999220490455627 -0.9380057454109192 0.058628227561712265 0.341625452041626 20.516998291015625
0.3080606460571289 -0.009596564806997776 0.9513183236122131 16.377574920654297 0.0600050650537014 0.9981541633605957 -0.009362113662064075 -0.8237549662590027 -0.9494724869728088 0.0599680170416832 0.30806785821914673 20.84394645690918
0.2757130563259125 -0.009526108391582966 0.961192786693573 17.36417579650879 0.0608883760869503 0.9981158375740051 -0.007573466282337904 -0.8420810699462891 -0.9593095183372498 0.06061357632279396 0.2757735848426819 21.116130828857422
0.24340064823627472 -0.0066404035314917564 0.9699031114578247 18.370311737060547 0.05825416371226311 0.9982713460922241 -0.007784465793520212 -0.8625833988189697 -0.9681748747825623 0.058395642787218094 0.24336671829223633 21.375333786010742
0.21254879236221313 -0.005086356308311224 0.9771372079849243 19.40427017211914 0.05804984271526337 0.9982859492301941 -0.007430669851601124 -0.8765904307365417 -0.9754246473312378 0.05830203741788864 0.21247975528240204 21.605144500732422
0.18206366896629333 -0.005008575972169638 0.983273983001709 20.437036514282227 0.0597587451338768 0.9981949329376221 -0.005980388261377811 -0.8974243402481079 -0.9814691543579102 0.05984802916646004 0.18203431367874146 21.793420791625977
0.1517430543899536 -0.005144266411662102 0.9884065985679626 21.526451110839844 0.06138172000646591 0.9981054067611694 -0.004228754434734583 -0.9084470868110657 -0.9865121245384216 0.061311766505241394 0.15177133679389954 21.945903778076172
0.12131636589765549 -0.005708575714379549 0.9925974011421204 22.61098289489746 0.0601823516190052 0.9981861114501953 -0.0016148373251780868 -0.9166812896728516 -0.9907878041267395 0.059932757169008255 0.1214398667216301 22.079710006713867
0.09221681207418442 -0.00639262143522501 0.9957184195518494 23.695383071899414 0.06039608269929886 0.9981741309165955 0.0008149042259901762 -0.9333935976028442 -0.9939056038856506 0.06006234511733055 0.09243454039096832 22.171554565429688
0.0651712492108345 -0.005891142878681421 0.997856616973877 24.815746307373047 0.06347019970417023 0.9979821443557739 0.0017465671990066767 -0.9339280724525452 -0.9958535432815552 0.06322032958269119 0.06541365385055542 22.23588752746582
0.040709685534238815 -0.005096636712551117 0.9991580247879028 25.93393325805664 0.0679761990904808 0.9976842403411865 0.0023194970563054085 -0.9355250597000122 -0.9968560338020325 0.06782453507184982 0.0409618616104126 22.259050369262695
0.017949586734175682 -0.004591453820466995 0.9998282790184021 27.117900848388672 0.07225683331489563 0.9973806738853455 0.00328301009722054 -0.9359985589981079 -0.9972244501113892 0.07218549400568008 0.018234336748719215 22.276935577392578
-0.0020640138536691666 -0.00468000303953886 0.9999870657920837 28.274250030517578 0.07782988995313644 0.9969549775123596 0.00482645770534873 -0.935771644115448 -0.9969645142555237 0.07783883064985275 -0.0016934849554672837 22.266761779785156
-0.019037645310163498 -0.00578664243221283 0.9998019337654114 29.466567993164062 0.08207571506500244 0.9965991377830505 0.0073309424333274364 -0.9394630193710327 -0.9964441657066345 0.08219902962446213 -0.018497956916689873 22.222856521606445
-0.034830491989851 -0.00544866593554616 0.9993783831596375 30.681798934936523 0.08492869138717651 0.9963517189025879 0.008392112329602242 -0.9353780746459961 -0.9957780838012695 0.08516819775104523 -0.03424067795276642 22.172115325927734
-0.04911855608224869 -0.006277918815612793 0.9987732172012329 31.88581657409668 0.0870310440659523 0.9961498379707336 0.010541519150137901 -0.9327350854873657 -0.9949938654899597 0.0874420553445816 -0.04838307201862335 22.117027282714844
-0.06203829124569893 -0.007032599300146103 0.9980490207672119 33.10097122192383 0.08756889402866364 0.9960805177688599 0.012461972422897816 -0.924401581287384 -0.9942247867584229 0.08817116916179657 -0.06117928773164749 22.02157974243164
-0.07392074912786484 -0.007128326687961817 0.9972386360168457 34.304988861083984 0.08700460195541382 0.996115505695343 0.013569552451372147 -0.923115611076355 -0.9934616088867188 0.08776740729808807 -0.07301340252161026 21.936546325683594
-0.08518373221158981 -0.004395827651023865 0.9963554739952087 35.526885986328125 0.08696748316287994 0.9961408972740173 0.011830192990601063 -0.9197959303855896 -0.9925625324249268 0.08765829354524612 -0.08447270095348358 21.837724685668945
-0.0962417870759964 -0.0010480050696060061 0.9953574538230896 36.757076263427734 0.08728837966918945 0.9961379170417786 0.00948879960924387 -0.9119219183921814 -0.9915232062339783 0.08779635280370712 -0.09577861428260803 21.731426239013672
-0.10496951639652252 0.0017112948698922992 0.9944741129875183 38.0160026550293 0.08854600787162781 0.9960428476333618 0.007632286287844181 -0.9007915258407593 -0.9905255436897278 0.08885786682367325 -0.10470567643642426 21.59502601623535
-0.11306419968605042 0.0026820276398211718 0.9935839772224426 39.30869674682617 0.08834362775087357 0.9960628151893616 0.007364280521869659 -0.895647406578064 -0.9896523952484131 0.08860944211483002 -0.11285597831010818 21.465225219726562
-0.11859244853258133 0.0032998595852404833 0.992937445640564 40.61808395385742 0.08812778443098068 0.9960829615592957 0.00721531268209219 -0.8907522559165955 -0.9890244007110596 0.08836106210947037 -0.11841874569654465 21.302593231201172
-0.12376401573419571 0.004870289005339146 0.9922997355461121 41.948001861572266 0.08924680203199387 0.995989978313446 0.006242855452001095 -0.883611261844635 -0.9882901906967163 0.089332215487957 -0.12370237708091736 21.14203453063965
-0.12827058136463165 0.006417790427803993 0.9917183518409729 43.28675079345703 0.08818609267473221 0.9960916638374329 0.004960055463016033 -0.8792219758033752 -0.9878106713294983 0.08809202164411545 -0.12833525240421295 20.969438552856445
-0.13245995342731476 0.007230447139590979 0.9911619424819946 44.65497589111328 0.08902932703495026 0.9960182905197144 0.004632103256881237 -0.8748577833175659 -0.9871819615364075 0.08885606378316879 -0.13257625699043274 20.793546676635742
-0.1361159086227417 0.006105299573391676 0.9906740188598633 46.0662727355957 0.08787991851568222 0.9961134195327759 0.005935639142990112 -0.8689175844192505 -0.9867874979972839 0.08786829560995102 -0.1361234337091446 20.626007080078125
-0.13871049880981445 0.004400668665766716 0.9903231859207153 47.49388122558594 0.08866479247808456 0.9960295557975769 0.007992888800799847 -0.8604221940040588 -0.9863559007644653 0.08891550451517105 -0.13854993879795074 20.427812576293945
-0.14065992832183838 0.002851014956831932 0.9900538921356201 48.91715621948242 0.08884971588850021 0.9959971904754639 0.009755018167197704 -0.8638795614242554 -0.9860630631446838 0.08933814615011215 -0.14035022258758545 20.21177864074707
-0.14359290897846222 0.0031247769948095083 0.9896319508552551 50.35071563720703 0.09123342484235764 0.9957783222198486 0.010093536227941513 -0.8618609309196472 -0.9854224920272827 0.09173685312271118 -0.143271803855896 20.028934478759766
-0.14482976496219635 0.003797779558226466 0.9894494414329529 51.8570442199707 0.09082110971212387 0.9958221912384033 0.009471625089645386 -0.8338149189949036 -0.9852795004844666 0.09123467653989792 -0.14456966519355774 19.801328659057617
-0.14543047547340393 0.005322218406945467 0.989354133605957 53.329505920410156 0.09278425574302673 0.9956517219543457 0.008282759226858616 -0.8213573098182678 -0.985008180141449 0.09300106763839722 -0.14529189467430115 19.589078903198242
-0.14546716213226318 0.005006373859941959 0.9893503785133362 54.81824493408203 0.09238426387310028 0.9956867694854736 0.008545096963644028 -0.8174633979797363 -0.9850402474403381 0.09264343231916428 -0.14530223608016968 19.366737365722656
-0.14523421227931976 0.0073577119037508965 0.9893699288368225 56.33871841430664 0.09194893389940262 0.9957450032234192 0.006092490162700415 -0.7951096296310425 -0.9851153492927551 0.09185636043548584 -0.14529280364513397 19.150190353393555
-0.14349836111068726 0.00731180515140295 0.9896235466003418 57.879615783691406 0.09251801669597626 0.9956924915313721 0.0060587432235479355 -0.785694420337677 -0.9853164553642273 0.09242743253707886 -0.14355672895908356 18.915672302246094
-0.14201833307743073 0.005578828044235706 0.9898483157157898 59.438743591308594 0.09183409810066223 0.9957455992698669 0.007563816849142313 -0.788730263710022 -0.9855948090553284 0.09197601675987244 -0.14192645251750946 18.690980911254883
-0.1406572163105011 0.006300802808254957 0.990038275718689 61.02128601074219 0.09267494082450867 0.9956730008125305 0.0068299006670713425 -0.7802851796150208 -0.9857112765312195 0.09271242469549179 -0.1406325399875641 18.46515464782715
-0.13964274525642395 0.00699552521109581 0.9901771545410156 62.61336898803711 0.09264626353979111 0.9956808090209961 0.00603131391108036 -0.775483250617981 -0.9858583211898804 0.0925784483551979 -0.1396877020597458 18.246204376220703
-0.13851094245910645 0.007671206258237362 0.9903311133384705 64.22704315185547 0.09391038864850998 0.9955658316612244 0.005422856658697128 -0.7717331051826477 -0.9858984351158142 0.09375350177288055 -0.1386171579360962 18.014833450317383
-0.1373053789138794 0.007595036644488573 0.9904995560646057 65.84410095214844 0.09291937947273254 0.9956598281860352 0.005246100947260857 -0.7641662955284119 -0.9861608743667603 0.09275694936513901 -0.13741520047187805 17.787986755371094
-0.13636814057826996 0.006092563271522522 0.9906395077705383 67.49677276611328 0.09496631473302841 0.9954562187194824 0.006950560491532087 -0.757977306842804 -0.9860959649085999 0.09502521902322769 -0.1363271176815033 17.558090209960938
-0.13648535311222076 0.004542771726846695 0.9906316995620728 69.19351959228516 0.09691692888736725 0.9952536821365356 0.008788867853581905 -0.7469010353088379 -0.9858897924423218 0.09720854461193085 -0.13627779483795166 17.32642936706543
-0.13517272472381592 0.0053562321700155735 0.9908075928688049 70.87870788574219 0.09826909750699997 0.9951274991035461 0.008026953786611557 -0.7444814443588257 -0.9859368205070496 0.09845079481601715 -0.13504043221473694 17.08744239807129
-0.1348358541727066 0.007262584287673235 0.9908413290977478 72.56793212890625 0.10022617876529694 0.9949444532394409 0.006346342619508505 -0.7340209484100342 -0.9857859015464783 0.10016397386789322 -0.1348820924758911 16.860679626464844
-0.13403044641017914 0.006643969565629959 0.9909548759460449 74.26853942871094 0.09888263046741486 0.995076596736908 0.006702649872750044 -0.7326825261116028 -0.9860314726829529 0.09888658672571182 -0.13402749598026276 16.634016036987305
-0.13473963737487793 0.006513599772006273 0.9908596277236938 76.03417205810547 0.09973569959402084 0.9949892163276672 0.0070215738378465176 -0.7309606075286865 -0.9858489036560059 0.09977018088102341 -0.13471415638923645 16.397653579711914
-0.13438089191913605 0.005811141338199377 0.9909128546714783 77.7674331665039 0.0994483232498169 0.9950132966041565 0.007651320192962885 -0.7193456292152405 -0.9859268665313721 0.0995728000998497 -0.13428868353366852 16.1599063873291
-0.1346316784620285 0.005799408536404371 0.9908787608146667 79.49302673339844 0.10095337778329849 0.9948597550392151 0.007893931120634079 -0.7190888524055481 -0.9857397079467773 0.10109534114599228 -0.1345251500606537 15.937202453613281
-0.1342840939760208 0.005810206290334463 0.9909258484840393 81.26524353027344 0.1019783765077591 0.9947545528411865 0.007986815646290779 -0.7074785232543945 -0.9856815934181213 0.10212551057338715 -0.1341722309589386 15.690677642822266
-0.13423055410385132 0.006752916611731052 0.9909271001815796 83.0211181640625 0.1025143563747406 0.9947061538696289 0.007107874378561974 -0.7005100846290588 -0.9856334328651428 0.10253831744194031 -0.13421224057674408 15.450096130371094
-0.13482174277305603 0.00750769255682826 0.9908414483070374 84.8283462524414 0.10196143388748169 0.9947682023048401 0.006336235906928778 -0.6972207427024841 -0.9856099486351013 0.10188187658786774 -0.1348818689584732 15.199810028076172
-0.13567082583904266 0.008238272741436958 0.9907196760177612 86.62348937988281 0.10155193507671356 0.9948142766952515 0.005634371656924486 -0.6975510120391846 -0.9855356812477112 0.10137392580509186 -0.13580387830734253 14.95452880859375
-0.13714037835597992 0.00866696611046791 0.9905136823654175 88.4209213256836 0.10046426206827164 0.994926929473877 0.00520407734438777 -0.6981862783432007 -0.9854437708854675 0.10022489726543427 -0.13731539249420166 14.721287727355957
-0.1380593478679657 0.007601721212267876 0.9903947710990906 90.22645568847656 0.09926895052194595 0.9950413107872009 0.006200537551194429 -0.7019824981689453 -0.9854366183280945 0.09917148947715759 -0.1381293386220932 14.475884437561035
-0.1394248604774475 0.007522489409893751 0.9902042150497437 92.06295776367188 0.09935402870178223 0.9950312972068787 0.006430299021303654 -0.6973114609718323 -0.9852357506752014 0.0992773026227951 -0.13947950303554535 14.232659339904785
-0.13975533843040466 0.006673838943243027 0.9901636838912964 93.9201889038086 0.09690715372562408 0.9952688813209534 0.006969580892473459 -0.6906257271766663 -0.9854326248168945 0.09692797064781189 -0.13974088430404663 13.973624229431152
-0.14189575612545013 0.007359255570918322 0.9898542165756226 95.74163055419922 0.09657198935747147 0.995305061340332 0.00644382881000638 -0.6925877928733826 -0.9851595759391785 0.09650653600692749 -0.14194029569625854 13.734129905700684
-0.14406953752040863 0.008299448527395725 0.9895327687263489 97.61698150634766 0.09580185264348984 0.995384693145752 0.005599594675004482 -0.6840311288833618 -0.9849192500114441 0.09560580551624298 -0.1441996842622757 13.454059600830078
-0.14829732477664948 0.009425172582268715 0.9888979196548462 99.49150848388672 0.09609819948673248 0.9953595995903015 0.00492433924227953 -0.6737305521965027 -0.9842626452445984 0.09576156735420227 -0.14851492643356323 13.178021430969238
-0.15308859944343567 0.0084124356508255 0.9881766438484192 101.3809585571289 0.0940929427742958 0.9955447316169739 0.006101745646446943 -0.6743451952934265 -0.9837227463722229 0.09391456097364426 -0.15319809317588806 12.896580696105957
-0.15763424336910248 0.007879391312599182 0.9874660968780518 103.26889038085938 0.09275158494710922 0.9956656098365784 0.006861587520688772 -0.6725026965141296 -0.983132004737854 0.09267067164182663 -0.15768179297447205 12.602385520935059
-0.1622886210680008 0.008278793655335903 0.9867085814476013 105.17206573486328 0.09120215475559235 0.9958101511001587 0.006645288318395615 -0.679011881351471 -0.9825195074081421 0.09106839448213577 -0.1623636931180954 12.300048828125
-0.16640128195285797 0.010077436454594135 0.9860066175460815 107.09542846679688 0.09183075278997421 0.995760440826416 0.005320495925843716 -0.6756393909454346 -0.9817726612091064 0.09143109619617462 -0.16662120819091797 11.964409828186035
-0.17103077471256256 0.011807709001004696 0.9851949214935303 109.03252410888672 0.09159239381551743 0.9957886934280396 0.003965848591178656 -0.6831702589988708 -0.9809990525245667 0.09091465175151825 -0.17139197885990143 11.630029678344727
-0.17581097781658173 0.011929892003536224 0.9843515753746033 110.9662094116211 0.09061143547296524 0.995877742767334 0.004114150535315275 -0.6906203031539917 -0.9802448749542236 0.08991683274507523 -0.17616724967956543 11.295397758483887
-0.1804760843515396 0.011683974415063858 0.98350989818573 112.90691375732422 0.08848457783460617 0.9960677623748779 0.004403939004987478 -0.6896567344665527 -0.9795911908149719 0.08782026171684265 -0.18080025911331177 10.94325065612793
-0.18514256179332733 0.011393586173653603 0.982645571231842 114.87338256835938 0.08693388104438782 0.9962023496627808 0.004828642122447491 -0.6889974474906921 -0.9788589477539062 0.08631918579339981 -0.18542993068695068 10.57143497467041
-0.19120851159095764 0.010380808264017105 0.9814945459365845 116.80521392822266 0.08546308428049088 0.996322512626648 0.006111741065979004 -0.6952466368675232 -0.9778217673301697 0.08505018055438995 -0.19139254093170166 10.219557762145996
-0.19611528515815735 0.01028707530349493 0.980526864528656 118.78459930419922 0.0860602855682373 0.9962669610977173 0.006760716438293457 -0.6962651610374451 -0.9767971038818359 0.085710309445858 -0.1962684988975525 9.820683479309082
-0.2018059641122818 0.011569606140255928 0.9793571829795837 120.73265075683594 0.08639106899499893 0.9962430596351624 0.0060326168313622475 -0.7004891037940979 -0.9756079912185669 0.085825115442276 -0.20204725861549377 9.43524169921875
-0.20735476911067963 0.012716924771666527 0.9781830906867981 122.6932373046875 0.08600402623414993 0.99628084897995 0.005278884433209896 -0.7028087377548218 -0.974478006362915 0.0852222815155983 -0.20767726004123688 9.03040599822998
-0.2135140299797058 0.012665040791034698 0.9768579006195068 124.68856048583984 0.08588648587465286 0.9962877035140991 0.00585545226931572 -0.698805034160614 -0.9731573462486267 0.0851491168141365 -0.21380916237831116 8.615017890930176
-0.2190789431333542 0.012487991712987423 0.9756271839141846 126.67037200927734 0.08475621044635773 0.9963818788528442 0.006278517190366983 -0.6997816562652588 -0.9720188975334167 0.08406595140695572 -0.21934476494789124 8.179646492004395
-0.22435903549194336 0.013296373188495636 0.9744157791137695 128.66029357910156 0.08401139080524445 0.9964482188224792 0.005746589042246342 -0.6967913508415222 -0.9708784818649292 0.08315133303403854 -0.22467920184135437 7.730807781219482
-0.22966940701007843 0.013941978104412556 0.9731689691543579 130.66024780273438 0.08333423733711243 0.9965070486068726 0.005390680395066738 -0.699817955493927 -0.9696944952011108 0.08233634382486343 -0.23002904653549194 7.275360584259033
-0.23410625755786896 0.013188357464969158 0.97212153673172 132.6394805908203 0.08424556255340576 0.9964220523834229 0.0067699807696044445 -0.6982163786888123 -0.9685540199279785 0.0834818184375763 -0.23437972366809845 6.8080854415893555
-0.23769322037696838 0.013196658343076706 0.971250593662262 134.6376190185547 0.08657256513834 0.9962161779403687 0.007650947663933039 -0.6920864582061768 -0.9674745202064514 0.08590222895145416 -0.23793628811836243 6.310843467712402
-0.24161387979984283 0.013820002786815166 0.9702739715576172 136.66616821289062 0.08788664638996124 0.9961007237434387 0.00769733265042305 -0.6961188316345215 -0.9663842916488647 0.08713392168283463 -0.24188637733459473 5.813493251800537
-0.24461022019386292 0.01475569698959589 0.9695091247558594 138.67144775390625 0.0886828675866127 0.996033787727356 0.007215569727122784 -0.6959664821624756 -0.9655574560165405 0.0877438560128212 -0.2449486404657364 5.307271957397461
-0.2479928582906723 0.014887788332998753 0.9686474204063416 140.7073974609375 0.08812770247459412 0.9960828423500061 0.007252971176058054 -0.6933068633079529 -0.9647451043128967 0.08716336637735367 -0.24833343923091888 4.795213222503662
-0.25172433257102966 0.015501189045608044 0.967674970626831 142.72686767578125 0.08652462065219879 0.9962281584739685 0.006549336016178131 -0.6877569556236267 -0.9639233946800232 0.0853763073682785 -0.2521161437034607 4.269132614135742
-0.2564380466938019 0.01619374379515648 0.9664250016212463 144.75283813476562 0.08595340698957443 0.996280312538147 0.0061134765855968 -0.6955069899559021 -0.9627312421798706 0.08463525027036667 -0.256876140832901 3.7405033111572266
-0.26068148016929626 0.015273069962859154 0.9653039574623108 146.7744903564453 0.08454040437936783 0.9963949918746948 0.00706523796543479 -0.7032325267791748 -0.9617162346839905 0.08344895392656326 -0.2610328793525696 3.2022085189819336
-0.26509806513786316 0.015843255445361137 0.9640913009643555 148.8041229248047 0.08503830432891846 0.996353030204773 0.007009723223745823 -0.7013620138168335 -0.9604642391204834 0.08384294807910919 -0.2654784619808197 2.645961046218872
-0.269680917263031 0.01586213707923889 0.9628190994262695 150.85208129882812 0.08451778441667557 0.996395468711853 0.007257706951349974 -0.7102819085121155 -0.9592335224151611 0.08333257585763931 -0.27004942297935486 2.082259178161621
-0.27489185333251953 0.01634722575545311 0.9613361954689026 152.90492248535156 0.08409994840621948 0.9964320063591003 0.007104167714715004 -0.7062315940856934 -0.9577900171279907 0.0828012004494667 -0.27528584003448486 1.5169655084609985
-0.2793937921524048 0.015580175444483757 0.9600502252578735 154.9512939453125 0.08392775058746338 0.996437668800354 0.008253956213593483 -0.7122206687927246 -0.9565016031265259 0.08288095891475677 -0.27970603108406067 0.9319432973861694
-0.28406646847724915 0.015574070625007153 0.9586780071258545 157.00999450683594 0.08442957699298859 0.9963903427124023 0.0088306600227952 -0.7091519236564636 -0.9550800323486328 0.08344928175210953 -0.2843559980392456 0.33877333998680115
-0.28834179043769836 0.016382206231355667 0.957387387752533 159.08377075195312 0.08495496213436127 0.9963482022285461 0.008537487126886845 -0.7060999870300293 -0.9537513852119446 0.08379652351140976 -0.2886804938316345 -0.2720162868499756
-0.2918044626712799 0.017789645120501518 0.9563125371932983 161.14581298828125 0.0855732411146164 0.9963030815124512 0.007577831391245127 -0.7011675238609314 -0.9526423215866089 0.08404601365327835 -0.292248010635376 -0.8971286416053772
-0.29572707414627075 0.01933053694665432 0.9550768733024597 163.2092742919922 0.08551018685102463 0.996317446231842 0.006311885081231594 -0.7046546339988708 -0.9514375925064087 0.08353540301322937 -0.2962910234928131 -1.5239802598953247
-0.29917851090431213 0.020467910915613174 0.9539775252342224 165.28343200683594 0.08631570637226105 0.9962517023086548 0.005694712046533823 -0.7091805338859558 -0.9502851366996765 0.08404701203107834 -0.2998237907886505 -2.1581506729125977
-0.302632600069046 0.021282628178596497 0.9528696537017822 167.365966796875 0.08577041327953339 0.9963023662567139 0.004988082218915224 -0.7114983797073364 -0.9492402076721191 0.08323758840560913 -0.30333903431892395 -2.810875415802002
-0.30619531869888306 0.021125897765159607 0.9517344236373901 169.46420288085938 0.086202472448349 0.996261715888977 0.005619073286652565 -0.720596969127655 -0.9480577707290649 0.08376237004995346 -0.30687183141708374 -3.476943254470825
-0.310459703207016 0.021688198670744896 0.9503390789031982 171.55027770996094 0.08612324297428131 0.9962698817253113 0.005398602690547705 -0.7193965911865234 -0.946677029132843 0.08352233469486237 -0.3111695349216461 -4.14275598526001
-0.31458285450935364 0.02262328751385212 0.9489603042602539 173.6427764892578 0.08835478872060776 0.9960737824440002 0.0055433763191103935 -0.7245997786521912 -0.9451090097427368 0.08558907359838486 -0.3153465688228607 -4.834753513336182
-0.31707990169525146 0.022869665175676346 0.9481229782104492 175.7292938232422 0.09047364443540573 0.9958794713020325 0.006235428154468536 -0.7286341786384583 -0.9440735578536987 0.08775728195905685 -0.31784242391586304 -5.5443572998046875
-0.3196597695350647 0.022546209394931793 0.9472641348838806 177.79420471191406 0.09163397550582886 0.9957665801048279 0.007221776060760021 -0.7327743172645569 -0.9430910348892212 0.08911007642745972 -0.32037246227264404 -6.238393306732178
-0.32199862599372864 0.021897392347455025 0.94648677110672 179.8759002685547 0.09075897932052612 0.9958420395851135 0.007837324403226376 -0.7285639047622681 -0.9423797130584717 0.08842580020427704 -0.32264718413352966 -6.9515204429626465
-0.32494667172431946 0.02275044657289982 0.9454586505889893 181.99354553222656 0.09009840339422226 0.995908260345459 0.007001706399023533 -0.7269489765167236 -0.9414308071136475 0.0874595120549202 -0.3256668448448181 -7.672074317932129
-0.3275785744190216 0.02471599169075489 0.9445006251335144 184.093505859375 0.0895078256726265 0.9959736466407776 0.0049808030016720295 -0.7293897271156311 -0.9405745267868042 0.08617179840803146 -0.32847192883491516 -8.398204803466797
-0.33062535524368286 0.026979874819517136 0.943376362323761 186.21255493164062 0.08938237279653549 0.9959932565689087 0.00284118065610528 -0.7298074960708618 -0.9395198225975037 0.08526056259870529 -0.3317122161388397 -9.13750171661377
-0.33361250162124634 0.027819907292723656 0.9422997236251831 188.32728576660156 0.08854778110980988 0.9960700273513794 0.0019421258475631475 -0.74570631980896 -0.9385424852371216 0.08408644795417786 -0.3347648084163666 -9.882567405700684
-0.3375425934791565 0.028989603742957115 0.9408636689186096 190.49415588378906 0.08690237253904343 0.9962167143821716 0.00048181667807511985 -0.7512373924255371 -0.9372902512550354 0.08192592114210129 -0.3387848436832428 -10.64001750946045
-0.34052178263664246 0.02970447950065136 0.9397673010826111 192.61993408203125 0.08822082728147507 0.9961008429527283 0.0004814566927962005 -0.762913167476654 -0.9360886812210083 0.08307097852230072 -0.3418145775794983 -11.424715042114258
-0.34449097514152527 0.02846364676952362 0.938357949256897 194.79953002929688 0.08725517243146896 0.9961843490600586 0.001815485069528222 -0.775109052658081 -0.934725821018219 0.08250200748443604 -0.3456600308418274 -12.204479217529297
-0.3476708233356476 0.027704328298568726 0.9372071623802185 196.95411682128906 0.08727666735649109 0.9961798191070557 0.0029289880767464638 -0.7898396253585815 -0.933545708656311 0.08281465619802475 -0.3487606644630432 -13.007416725158691
-0.3513229489326477 0.02784050814807415 0.9358403086662292 199.11000061035156 0.08731283992528915 0.99617600440979 0.003142585977911949 -0.7961969971656799 -0.9321741461753845 0.08281493932008743 -0.35241031646728516 -13.813421249389648
-0.3551573157310486 0.028065940365195274 0.9343851208686829 201.27659606933594 0.0865326002240181 0.9962446093559265 0.0029668116476386786 -0.8055276870727539 -0.9307928681373596 0.08190847933292389 -0.35625216364860535 -14.620448112487793
-0.3591727912425995 0.02861214429140091 0.9328324198722839 203.45347595214844 0.08562351018190384 0.9963246583938599 0.002408417174592614 -0.8207639455795288 -0.9293349981307983 0.08073744177818298 -0.36030250787734985 -15.446316719055176
-0.3632318675518036 0.02893424779176712 0.9312493801116943 205.64683532714844 0.0850009024143219 0.9963786005973816 0.0021966034546494484 -0.8344759345054626 -0.9278131723403931 0.07995492964982986 -0.36437588930130005 -16.27409553527832
-0.36590108275413513 0.029788121581077576 0.9301769137382507 207.75535583496094 0.08666283637285233 0.9962353110313416 0.0021867386531084776 -0.8548911213874817 -0.9266099333763123 0.08141191303730011 -0.367105096578598 -17.106609344482422
-0.36850705742836 0.029581869021058083 0.9291541576385498 209.8954620361328 0.08757106214761734 0.996153712272644 0.0030161526519805193 -0.8702074885368347 -0.9254911541938782 0.08247848600149155 -0.369680255651474 -17.947904586791992
-0.37141719460487366 0.029222989454865456 0.9280060529708862 212.07608032226562 0.08892602473497391 0.996029257774353 0.004225948825478554 -0.88059002161026 -0.9241977334022522 0.08409349620342255 -0.3725411593914032 -18.82004165649414
-0.3746781647205353 0.029958637431263924 0.9266707897186279 214.26951599121094 0.09012799710035324 0.9959211349487305 0.004243741277605295 -0.8928450345993042 -0.9227638840675354 0.08510901778936386 -0.37585002183914185 -19.696704864501953
-0.37777993083000183 0.03129953518509865 0.9253661632537842 216.47254943847656 0.09037728607654572 0.995902419090271 0.0032111157197505236 -0.9021618962287903 -0.9214739799499512 0.08484520018100739 -0.3790607154369354 -20.584688186645508
-0.3806225657463074 0.03128177300095558 0.924201250076294 218.64813232421875 0.08966447412967682 0.9959668517112732 0.0032165299635380507 -0.9170656204223633 -0.9203731417655945 0.08409228175878525 -0.3818923234939575 -21.47144317626953
-0.38398486375808716 0.032654982060194016 0.9227616786956787 220.82110595703125 0.08933963626623154 0.9959993362426758 0.0019297817489132285 -0.9344184994697571 -0.9190071225166321 0.08318022638559341 -0.3853660225868225 -22.364919662475586
-0.3869013786315918 0.03360484167933464 0.9215085506439209 222.98533630371094 0.08915272355079651 0.9960172772407532 0.0011093824869021773 -0.9531721472740173 -0.9178011417388916 0.0825842097401619 -0.388356477022171 -23.270389556884766
-0.38966283202171326 0.03348704054951668 0.9203487038612366 225.1607666015625 0.08678778260946274 0.9962266683578491 0.0004968726425431669 -0.9744666814804077 -0.9168590903282166 0.08006864786148071 -0.39109888672828674 -24.17557716369629
-0.39285948872566223 0.03474587947130203 0.918941855430603 227.32977294921875 0.08778156340122223 0.9961398839950562 -0.00013703388685826212 -0.9911625981330872 -0.9153992533683777 0.08061232417821884 -0.3943929970264435 -25.08957862854004
-0.395166277885437 0.03431842848658562 0.9179683923721313 229.46876525878906 0.08903420716524124 0.9960278868675232 0.0010906703537330031 -1.0164047479629517 -0.914284884929657 0.08216157555580139 -0.39665210247039795 -26.014087677001953
-0.39801162481307983 0.032935306429862976 0.9167889952659607 231.63612365722656 0.08907833695411682 0.9960204362869263 0.0028904899954795837 -1.0405633449554443 -0.913045346736908 0.08281648904085159 -0.3993614614009857 -26.94351577758789
-0.4011648893356323 0.032846976071596146 0.9154167175292969 233.77032470703125 0.08822207152843475 0.9960965514183044 0.0029198124539107084 -1.0530469417572021 -0.9117474555969238 0.08193129301071167 -0.4024968147277832 -27.86880111694336
-0.404569536447525 0.03310192748904228 0.9139079451560974 235.9051055908203 0.08681558072566986 0.9962217807769775 0.002348253969103098 -1.0716098546981812 -0.9103771448135376 0.08029148727655411 -0.40591469407081604 -28.80056381225586
-0.40816742181777954 0.03231675177812576 0.9123349189758301 238.08755493164062 0.08516767621040344 0.9963626861572266 0.0028097867034375668 -1.0876429080963135 -0.9089256525039673 0.07884830981492996 -0.40943512320518494 -29.764406204223633
-0.41226649284362793 0.031663183122873306 0.9105129241943359 240.25384521484375 0.08417624235153198 0.9964448809623718 0.0034622640814632177 -1.1044857501983643 -0.9071663022041321 0.07807092368602753 -0.41346612572669983 -30.721899032592773
-0.4159790277481079 0.032148577272892 0.9088056683540344 242.4003448486328 0.08395006507635117 0.9964649081230164 0.003176201833412051 -1.1216765642166138 -0.9054909348487854 0.07761555165052414 -0.41720741987228394 -31.695884704589844
-0.4197639226913452 0.03193013370037079 0.9070714712142944 244.54904174804688 0.08366605639457703 0.9964872002601624 0.003640306880697608 -1.140751838684082 -0.9037688970565796 0.07741914689540863 -0.4209609031677246 -32.67845153808594
-0.423495352268219 0.0313161164522171 0.9053567051887512 246.70394897460938 0.08244653791189194 0.9965870976448059 0.004093947354704142 -1.1582974195480347 -0.9021385908126831 0.076377272605896 -0.4246319830417633 -33.67021560668945
-0.4270886182785034 0.03155490383505821 0.9036589860916138 248.8207550048828 0.08195764571428299 0.9966280460357666 0.0039336467161774635 -1.1683413982391357 -0.9004877805709839 0.07574178278446198 -0.42823466658592224 -34.66289520263672
-0.4305894076824188 0.032504137605428696 0.9019623398780823 250.96340942382812 0.08249640464782715 0.9965852499008179 0.0034690173342823982 -1.1897801160812378 -0.8987696766853333 0.07590236514806747 -0.4318005442619324 -35.675785064697266
-0.43458327651023865 0.03253541514277458 0.900043785572052 253.0556640625 0.0826040506362915 0.996575117111206 0.0038602263666689396 -1.2186156511306763 -0.8968355059623718 0.0760248526930809 -0.43578237295150757 -36.662899017333984
-0.4382427930831909 0.03255842253565788 0.8982667922973633 255.19227600097656 0.08246798813343048 0.9965853691101074 0.004112095572054386 -1.2306392192840576 -0.895065426826477 0.07588035613298416 -0.4394313097000122 -37.69366455078125
-0.44176754355430603 0.0332331620156765 0.8965139389038086 257.3110656738281 0.08162280917167664 0.9966578483581543 0.003275131108239293 -1.2432928085327148 -0.8934087157249451 0.07462279498577118 -0.44300374388694763 -38.72342300415039
-0.44523757696151733 0.03340423107147217 0.8947890996932983 259.4309387207031 0.08199949562549591 0.9966259002685547 0.0035960753448307514 -1.2646878957748413 -0.8916498422622681 0.07497338205575943 -0.4464743435382843 -39.776737213134766
-0.4486822187900543 0.0340520516037941 0.8930425643920898 261.5397644042969 0.08251757174730301 0.9965835213661194 0.003458344377577305 -1.269497036933899 -0.8898736834526062 0.07524337619543076 -0.4499592185020447 -40.82473373413086
-0.4515520930290222 0.03587615117430687 0.8915231823921204 263.6579284667969 0.0845961794257164 0.9964114427566528 0.0027505364269018173 -1.275347352027893 -0.8882251977920532 0.07666146755218506 -0.45296674966812134 -41.903926849365234
-0.4549538493156433 0.03831465542316437 0.8896903991699219 265.78277587890625 0.08682576566934586 0.9962223172187805 0.0014969174517318606 -1.2836012840270996 -0.886272132396698 0.0779290646314621 -0.4565619230270386 -42.988922119140625
-0.45781028270721436 0.03896937146782875 0.8881954550743103 267.911376953125 0.08839549869298935 0.9960837364196777 0.0018595100846141577 -1.3048150539398193 -0.8846445679664612 0.07936377823352814 -0.45946207642555237 -44.086692810058594
-0.46035224199295044 0.04129430651664734 0.8867753744125366 270.0281982421875 0.09046032279729843 0.99590003490448 0.0005848472937941551 -1.3123440742492676 -0.8831153512001038 0.08048722892999649 -0.46220022439956665 -45.192901611328125
-0.4622608423233032 0.04406892508268356 0.885648250579834 272.135009765625 0.09335184097290039 0.9956328272819519 -0.0008169907960109413 -1.3418409824371338 -0.8818165063858032 0.08229921758174896 -0.46435606479644775 -46.29446792602539
