0.9999048113822937 0.0010598462540656328 -0.013758311979472637 9.217477798461914 -0.001151595264673233 0.999977171421051 -0.006662416271865368 2.002026319503784 0.013750935904681683 0.006677625700831413 0.9998831748962402 -3.5536866188049316
0.9998870491981506 -0.001384951639920473 -0.014967034570872784 9.184096336364746 0.0013305776519700885 0.9999924898147583 -0.003642268478870392 1.9724600315093994 0.014971966855227947 0.003621942363679409 0.9998812675476074 -2.0233781337738037
0.9998603463172913 -0.0018419468542560935 -0.016610102728009224 9.163840293884277 0.0017957435920834541 0.9999945759773254 -0.0027960932347923517 1.9447338581085205 0.016615161672234535 0.002765875542536378 0.9998581409454346 -0.5087910294532776
0.9998414516448975 -0.000799568893853575 -0.017784567549824715 9.119029998779297 0.0007426270749419928 0.9999945163726807 -0.003208115231245756 1.924055576324463 0.017787035554647446 0.0031943994108587503 0.9998366236686707 1.0044499635696411
0.9998102188110352 6.778439274057746e-05 -0.019481616094708443 9.089740753173828 -0.00013049537665210664 0.9999947547912598 -0.0032177192624658346 1.8955544233322144 0.019481297582387924 0.003219650126993656 0.9998050332069397 2.506305694580078
0.9997783303260803 -0.0001930008438648656 -0.021055392920970917 9.054409980773926 0.0001260416320292279 0.9999949336051941 -0.003181429347023368 1.8747317790985107 0.021055901423096657 0.00317807006649673 0.9997732043266296 4.004297733306885
0.999740719795227 -0.0006289042066782713 -0.022762279957532883 9.018318176269531 0.0005716781597584486 0.9999966621398926 -0.0025204916018992662 1.8453524112701416 0.022763792425394058 0.0025068263057619333 0.9997376799583435 5.5005106925964355
0.9996953010559082 -0.0022906381636857986 -0.024578450247645378 8.977056503295898 0.0022058370523154736 0.9999915361404419 -0.003476774785667658 1.8237974643707275 0.024586206302046776 0.0034214991610497236 0.9996918439865112 7.000229358673096
0.9996673464775085 -0.0031189972069114447 -0.0256019439548254 8.92862319946289 0.0030417009256780148 0.9999906420707703 -0.0030575396958738565 1.7964251041412354 0.025611242279410362 0.002978648990392685 0.9996675252914429 8.484786987304688
0.9996297359466553 -0.002882262459024787 -0.027054142206907272 8.882769584655762 0.0027989798691123724 0.999991238117218 -0.0031157226767390966 1.7692071199417114 0.027062885463237762 0.0030388454906642437 0.9996290802955627 9.97070598602295
0.9996054768562317 -0.0027819634415209293 -0.027948198840022087 8.836588859558105 0.0026986554730683565 0.9999917149543762 -0.0030180681496858597 1.7436999082565308 0.027956366539001465 0.0029414547607302666 0.9996048212051392 11.453442573547363
0.9995904564857483 -0.0010798944858834147 -0.02859584055840969 8.78453540802002 0.0010151203023269773 0.9999967813491821 -0.0022795891854912043 1.7158108949661255 0.02859821356832981 0.0022496264427900314 0.9995884895324707 12.921154022216797
0.9995717406272888 0.00023056553618516773 -0.02926204726099968 8.738725662231445 -0.00028801412554457784 0.9999980330467224 -0.0019590456504374743 1.6960909366607666 0.029261544346809387 0.001966634765267372 0.9995697736740112 14.424882888793945
0.999550998210907 0.0010098943021148443 -0.029947467148303986 8.685920715332031 -0.0010438649915158749 0.9999987483024597 -0.0011187269119545817 1.6731690168380737 0.029946304857730865 0.001149485819041729 0.9995508193969727 15.888908386230469
0.9995363354682922 0.00046134661533869803 -0.03044533170759678 8.64516830444336 -0.0004900558269582689 0.9999994039535522 -0.0009355125366710126 1.6470822095870972 0.030444884672760963 0.0009499977459199727 0.9995359182357788 17.34075927734375
0.9995156526565552 0.0018786442233249545 -0.031064657494425774 8.591462135314941 -0.001909075421281159 0.9999977350234985 -0.0009499799343757331 1.627225637435913 0.031062806025147438 0.001008824910968542 0.9995168447494507 18.805856704711914
0.9995095729827881 0.0018879739800468087 -0.03125528618693352 8.550383567810059 -0.001899311551824212 0.999998152256012 -0.00033305955003015697 1.6048431396484375 0.031254593282938004 0.0003922588366549462 0.9995113611221313 20.271074295043945
0.9995119571685791 0.002916318364441395 -0.031102309003472328 8.498080253601074 -0.002893479773774743 0.9999955296516418 0.00077928660903126 1.586794137954712 0.031104443594813347 -0.000688912405166775 0.9995158314704895 21.707300186157227
0.9995108246803284 0.003303887788206339 -0.031095178797841072 8.449475288391113 -0.003319685347378254 0.9999945163726807 -0.00045645219506695867 1.5650371313095093 0.031093493103981018 0.0005594562389887869 0.9995162487030029 23.14874267578125
0.9995077252388 0.003550802357494831 -0.031172672286629677 8.400022506713867 -0.003630767110735178 0.9999902844429016 -0.0025089909322559834 1.5455517768859863 0.03116345778107643 0.002620936604216695 0.9995108246803284 24.575740814208984
0.9995248913764954 0.0019463429925963283 -0.03076021932065487 8.346732139587402 -0.002030507195740938 0.9999942779541016 -0.0027051349170506 1.5223406553268433 0.030754780396819115 0.0027663088403642178 0.9995230436325073 25.991363525390625
0.999527096748352 0.0013763300376012921 -0.030717769637703896 8.29800796508789 -0.0013771964004263282 0.9999989867210388 -7.044756785035133e-06 1.4961423873901367 0.03071773238480091 4.9345195293426514e-05 0.9995280504226685 27.403606414794922
0.9995400905609131 -0.0007013815338723361 -0.030314050614833832 8.250736236572266 0.000740732648409903 0.999998927116394 0.0012868853518739343 1.4739326238632202 0.03031311184167862 -0.0013087501283735037 0.9995396137237549 28.818302154541016
0.9995482563972473 -0.0010848317760974169 -0.030031345784664154 8.197687149047852 0.001103040762245655 0.9999992251396179 0.0005897685186937451 1.455093502998352 0.03003068082034588 -0.0006226279074326158 0.9995487928390503 30.218116760253906
0.9995622038841248 -0.001407319912686944 -0.029553189873695374 8.154397010803223 0.001373845268972218 0.9999983906745911 -0.001152939978055656 1.430124044418335 0.029554763808846474 0.0011118337279185653 0.9995625615119934 31.598133087158203
0.9995720386505127 3.466835187282413e-05 -0.029253462329506874 8.107545852661133 -9.306577703682706e-05 0.9999980330467224 -0.0019948845729231834 1.409501552581787 0.029253331944346428 0.0019967532716691494 0.9995700120925903 32.94900894165039
0.9996020197868347 0.00010486591054359451 -0.028209228068590164 8.060531616210938 -0.00018199517216999084 0.9999963641166687 -0.002731637330725789 1.3792718648910522 0.028208838775753975 0.002735685557126999 0.9995982646942139 34.301849365234375
0.9996337294578552 0.0005663252086378634 -0.027055267244577408 8.018719673156738 -0.000609542359597981 0.9999985694885254 -0.0015891502844169736 1.3541605472564697 0.027054330334067345 0.0016050601843744516 0.9996326565742493 35.6348876953125
0.9996731877326965 0.0010963297681882977 -0.02553744614124298 7.975412845611572 -0.0010860661277547479 0.9999993443489075 0.00041576827061362565 1.330779790878296 0.0255378820002079 -0.0003878980060108006 0.9996737837791443 36.9696159362793
0.9997118711471558 0.0005824899999424815 -0.023993944749236107 7.938790321350098 -0.0005491722840815783 0.999998927116394 0.0013951505534350872 1.308521032333374 0.023994727060198784 -0.0013815728016197681 0.9997111558914185 38.2611198425293
0.9997662901878357 0.0012331441976130009 -0.021583084017038345 7.906949996948242 -0.0011868675937876105 0.9999969601631165 0.0021567936055362225 1.2855640649795532 0.021585678681731224 -0.0021306732669472694 0.9997647404670715 39.54344940185547
0.9998367428779602 0.0008139069541357458 -0.018052538856863976 7.871246337890625 -0.0007865857915021479 0.9999985098838806 0.001520479447208345 1.2665698528289795 0.018053749576210976 -0.0015060326550155878 0.9998359084129333 40.81415939331055
0.999894917011261 4.185400757705793e-05 -0.01449369266629219 7.844576358795166 -4.332235039328225e-05 1.0 -0.00010100170038640499 1.2406107187271118 0.014493684284389019 0.00010162009857594967 0.9998949766159058 42.05759811401367
0.9999383091926575 -0.000393159018130973 -0.011102389544248581 7.832328796386719 0.0003722308902069926 0.999998152256012 -0.0018870177445933223 1.222375750541687 0.011103111319243908 0.0018827685853466392 0.999936580657959 43.27779769897461
0.9999727606773376 0.00020784222579095513 -0.007384456694126129 7.822080612182617 -0.0002160851436201483 0.9999994039535522 -0.0011154848616570234 1.1986509561538696 0.007384218741208315 0.0011170494835823774 0.9999721646308899 44.48801803588867
0.9999984502792358 0.00031625732663087547 -0.0017438577488064766 7.8023362159729 -0.000318364443955943 0.9999992251396179 -0.0012081442400813103 1.1757266521453857 0.0017434721812605858 0.0012086972128599882 0.9999977946281433 45.70869445800781
0.9999867081642151 0.00180485425516963 0.004811825230717659 7.809772491455078 -0.0017928846646100283 0.9999952912330627 -0.002490681130439043 1.1598397493362427 -0.004816301167011261 0.002482021925970912 0.9999853372573853 46.90877914428711
0.9999237060546875 0.0030598680023103952 0.011959169059991837 7.817530155181885 -0.0030301292426884174 0.9999922513961792 -0.002504014875739813 1.140222430229187 -0.01196674071252346 0.0024675866588950157 0.9999253749847412 48.10810852050781
0.999783456325531 0.0042765638791024685 0.020364372059702873 7.838001251220703 -0.004244097508490086 0.9999896287918091 -0.0016372156096622348 1.1216295957565308 -0.020371170714497566 0.0015504327602684498 0.9997912645339966 49.29507064819336
0.9994987845420837 0.006643521133810282 0.03095049411058426 7.861885070800781 -0.0066139791160821915 0.9999774694442749 -0.0010567789431661367 1.1017115116119385 -0.030956827104091644 0.0008515436784364283 0.9995203614234924 50.46530532836914
0.9990054965019226 0.008694873191416264 0.043731849640607834 7.8983869552612305 -0.008657591417431831 0.9999619722366333 -0.001041798503138125 1.0797885656356812 -0.04373924806714058 0.0006621498032473028 0.9990427494049072 51.59474182128906
0.9982295632362366 0.010475211776793003 0.058549344539642334 7.952710151672363 -0.010453068651258945 0.9999451637268066 -0.0006844798917882144 1.0615791082382202 -0.0585533007979393 7.124751573428512e-05 0.9982843399047852 52.73220443725586
0.9971119165420532 0.013000097125768661 0.07482520490884781 8.024768829345703 -0.013094588182866573 0.9999139904975891 0.0007723289309069514 1.0387358665466309 -0.07480873167514801 -0.0017499035457149148 0.9971963167190552 53.85213088989258
0.9956202507019043 0.013239664025604725 0.09254731237888336 8.121016502380371 -0.013429553247988224 0.9999087452888489 0.0014293122803792357 1.023119568824768 -0.09251993894577026 -0.0026659215800464153 0.9957072138786316 54.9645881652832
0.9936332702636719 0.013034390285611153 0.11190634220838547 8.231212615966797 -0.0132073312997818 0.999912440776825 0.0008041928522288799 1.0032145977020264 -0.11188604682683945 -0.0022770569194108248 0.9937184453010559 56.067237854003906
0.991156280040741 0.012298617511987686 0.13212919235229492 8.372523307800293 -0.012362465262413025 0.9999234080314636 -0.0003371314378455281 0.9929661750793457 -0.13212324678897858 -0.0012992916163057089 0.9912325143814087 57.16193771362305
0.9881910681724548 0.009285446256399155 0.1529446244239807 8.530877113342285 -0.009348761290311813 0.9999562501907349 -0.00030518576386384666 0.9691435098648071 -0.1529407799243927 -0.0011282628402113914 0.9882346987724304 58.19696044921875
0.9846656322479248 0.004247258882969618 0.17440003156661987 8.718710899353027 -0.0046590217389166355 0.9999872446060181 0.0019516847096383572 0.9537287950515747 -0.17438949644565582 -0.002734291832894087 0.9846729636192322 59.23504638671875
0.9802060723304749 -0.000974041991867125 0.19797751307487488 8.924077033996582 0.00033286138204857707 0.9999945163726807 0.003271907800808549 0.937976598739624 -0.19797959923744202 -0.003141244640573859 0.9802011251449585 60.284603118896484
0.9751193523406982 -0.006143238395452499 0.22159551084041595 9.162881851196289 0.005682977847754955 0.9999801516532898 0.0027145599015057087 0.9218820333480835 -0.22160780429840088 -0.0013876992743462324 0.9751348495483398 61.29645538330078
0.9689388871192932 -0.012126109562814236 0.24700281023979187 9.420318603515625 0.012212056666612625 0.9999246597290039 0.0011840371880680323 0.9045507907867432 -0.2469986230134964 0.0018691524164751172 0.969014048576355 62.28943634033203
0.9617933630943298 -0.015868881717324257 0.273315966129303 9.707871437072754 0.01589350961148739 0.9998713731765747 0.002124164951965213 0.8925418853759766 -0.27331453561782837 0.0023009413853287697 0.9619219303131104 63.27757263183594
0.9535459280014038 -0.018233316019177437 0.3006953001022339 10.004838943481445 0.017713643610477448 0.9998331665992737 0.004454668145626783 0.8754390478134155 -0.30072638392448425 0.0010786803904920816 0.9537098407745361 64.23431396484375
0.9443018436431885 -0.02282542735338211 0.32828816771507263 10.339058876037598 0.021728117018938065 0.9997392892837524 0.007010850124061108 0.8697873950004578 -0.32836270332336426 0.0005127241602167487 0.9445515871047974 65.18296813964844
0.9337228536605835 -0.025675378739833832 0.35707518458366394 10.693799018859863 0.024819757789373398 0.9996675252914429 0.006979128811508417 0.854607343673706 -0.35713568329811096 0.0023459477815777063 0.9340496063232422 66.10237121582031
0.9219703078269958 -0.024849889799952507 0.3864626884460449 11.067464828491211 0.025615712627768517 0.9996668100357056 0.0031689642928540707 0.8463250398635864 -0.386412650346756 0.006977827288210392 0.9222996830940247 67.00363159179688
0.9094108939170837 -0.02646009437739849 0.4150562286376953 11.475574493408203 0.029933495447039604 0.9995501041412354 -0.0018639654153957963 0.8288568258285522 -0.41482022404670715 0.014119192026555538 0.9097938537597656 67.8700942993164
0.8956319689750671 -0.0285300575196743 0.4438799321651459 11.907228469848633 0.03384670242667198 0.9994187951087952 -0.004056754522025585 0.8140525221824646 -0.4435062110424042 0.018657229840755463 0.8960770964622498 68.72541046142578
0.8804148435592651 -0.029337218031287193 0.4732958972454071 12.364315032958984 0.033656444400548935 0.9994332194328308 -0.0006571844569407403 0.7992632985115051 -0.4730083644390106 0.016508052125573158 0.8809032440185547 69.5694808959961
0.8631452322006226 -0.027983788400888443 0.5041794776916504 12.847211837768555 0.029451986774802208 0.9995533227920532 0.005057608708739281 0.7871708869934082 -0.5040957927703857 0.01048363745212555 0.863584041595459 70.40309143066406
0.8438918590545654 -0.028200119733810425 0.5357716679573059 13.352825164794922 0.027772707864642143 0.9995749592781067 0.008867522701621056 0.7748115062713623 -0.5357940196990967 0.007396602537482977 0.844316303730011 71.21138000488281
0.8232648372650146 -0.022094015032052994 0.5672272443771362 13.87942886352539 0.02391599677503109 0.9997050762176514 0.0042281015776097775 0.7652078866958618 -0.5671533942222595 0.010084958747029305 0.8235504031181335 71.98417663574219
0.8017151355743408 -0.015256050042808056 0.5975116491317749 14.435590744018555 0.021225040778517723 0.9997702836990356 -0.0029520520474761724 0.7579621076583862 -0.5973293781280518 0.015048909932374954 0.8018547892570496 72.74137878417969
0.7796353101730347 -0.012905481271445751 0.6261008977890015 15.015970230102539 0.020451201125979424 0.9997789859771729 -0.004858396947383881 0.7487008571624756 -0.6258999109268188 0.01659229025244713 0.7797269225120544 73.46806335449219
0.756416380405426 -0.01518478523939848 0.6539140939712524 15.630529403686523 0.021503092721104622 0.9997673630714417 -0.0016577719943597913 0.7387690544128418 -0.6537367701530457 0.015315140597522259 0.7565670013427734 74.17955017089844
0.732468843460083 -0.015935108065605164 0.6806140542030334 16.25469398498535 0.02222166396677494 0.999752938747406 -0.0005076379748061299 0.7115043997764587 -0.6804378032684326 0.015496205538511276 0.7326419949531555 74.85179138183594
0.7074181437492371 -0.013690341264009476 0.706662654876709 16.898717880249023 0.02278737910091877 0.9997344017028809 -0.0034436529967933893 0.7024935483932495 -0.7064278721809387 0.01853909343481064 0.7075421810150146 75.49554443359375
0.6816012859344482 -0.01170288398861885 0.7316301465034485 17.56318473815918 0.02292528934776783 0.9997227191925049 -0.0053664641454815865 0.6839222311973572 -0.7313645482063293 0.02043061889708042 0.6816806793212891 76.11128997802734
0.6550155282020569 -0.009097508154809475 0.755560576915741 18.249225616455078 0.021209262311458588 0.9997549057006836 -0.006349088624119759 0.673155665397644 -0.7553176283836365 0.020183634012937546 0.6550480723381042 76.70590209960938
0.6272098422050476 -0.007812818512320518 0.7788111567497253 18.963754653930664 0.02136608399450779 0.9997459053993225 -0.007177842315286398 0.6524438858032227 -0.7785571813583374 0.021142156794667244 0.6272174119949341 77.28317260742188
0.5988320112228394 -0.0016715782694518566 0.8008730411529541 19.6917781829834 0.020133312791585922 0.9997131824493408 -0.012967564165592194 0.6313675045967102 -0.8006215691566467 0.02388961985707283 0.59869384765625 77.8274917602539
0.5691834092140198 0.007911913096904755 0.8221725225448608 20.453258514404297 0.019070884212851524 0.999557614326477 -0.022821541875600815 0.6139103174209595 -0.8219893574714661 0.02866920456290245 0.568780779838562 78.35617065429688
0.5388523936271667 0.01614265888929367 0.8422455787658691 21.225563049316406 0.018206676468253136 0.9993597269058228 -0.030802220106124878 0.588543176651001 -0.8422034382820129 0.031932342797517776 0.5382134318351746 78.84681701660156
0.5070582628250122 0.0212066862732172 0.8616508841514587 22.030546188354492 0.015320010483264923 0.9993175864219666 -0.03361031040549278 0.5526243448257446 -0.8617756366729736 0.030242886394262314 0.5063873529434204 79.33413696289062
0.4746760427951813 0.02091757021844387 0.8799120187759399 22.86140251159668 0.013617361895740032 0.9994233250617981 -0.03110463358461857 0.5210676193237305 -0.8800552487373352 0.026746703311800957 0.4741174280643463 79.78445434570312
0.4418523907661438 0.019786637276411057 0.8968695998191833 23.705604553222656 0.0090534258633852 0.9996074438095093 -0.026513494551181793 0.4867377281188965 -0.8970420956611633 0.019834794104099274 0.44149982929229736 80.20073699951172
0.40736451745033264 0.02101280353963375 0.9130238890647888 24.568767547607422 0.005126903764903545 0.9996669292449951 -0.02529432810842991 0.45319461822509766 -0.9132512211799622 0.014984996989369392 0.40712112188339233 80.61854553222656
0.3723129332065582 0.024231169372797012 0.9277909398078918 25.4354305267334 -0.0019534523598849773 0.9996774196624756 -0.025324732065200806 0.4252004623413086 -0.9281052350997925 0.0076163290068507195 0.37224018573760986 80.98107147216797
0.3363514244556427 0.02630385011434555 0.9413691163063049 26.322101593017578 -0.007063725031912327 0.9996522665023804 -0.025408528745174408 0.3943758010864258 -0.9417100548744202 0.001896621542982757 0.3364201784133911 81.31165313720703
0.3003266453742981 0.025543218478560448 0.9534943699836731 27.251436233520508 -0.009145814925432205 0.9996726512908936 -0.023899585008621216 0.36416423320770264 -0.9537925720214844 -0.0015427987091243267 0.30046185851097107 81.62459564208984
0.26418328285217285 0.02510848082602024 0.9641456007957458 28.17977523803711 -0.00985385850071907 0.9996792078018188 -0.023333821445703506 0.33251380920410156 -0.9644221663475037 -0.00333614950068295 0.2643459439277649 81.88165283203125
0.22861260175704956 0.024569876492023468 0.973207414150238 29.12578010559082 -0.009000534191727638 0.9996920824050903 -0.02312423475086689 0.3026251792907715 -0.9734758734703064 -0.0034728944301605225 0.2287634164094925 82.09819793701172
0.19296306371688843 0.023379983380436897 0.9809273481369019 30.086181640625 -0.00723018404096365 0.9997228384017944 -0.022405680269002914 0.27229249477386475 -0.9811793565750122 -0.0027688194531947374 0.19307860732078552 82.29480743408203
0.1587614268064499 0.0225226953625679 0.9870599508285522 31.052433013916016 0.0009323381818830967 0.999735951423645 -0.022961890324950218 0.24451029300689697 -0.9873165488243103 0.004565736278891563 0.15869849920272827 82.434326171875
0.12498553097248077 0.025722498074173927 0.9918251037597656 32.00279235839844 0.003355872817337513 0.9996472001075745 -0.026348255574703217 0.20926713943481445 -0.9921528100967407 0.006621589418500662 0.12485510855913162 82.5489273071289
0.09221463650465012 0.030507557094097137 0.995271623134613 32.98267364501953 0.004016833379864693 0.9995109438896179 -0.031009674072265625 0.1722877025604248 -0.9957310557365417 0.006857386324554682 0.09204699099063873 82.64698791503906
0.06336161494255066 0.03424283117055893 0.9974029660224915 33.95706558227539 0.010861791670322418 0.9993283152580261 -0.03499894589185715 0.13648712635040283 -0.9979314804077148 0.013051173649728298 0.0629471018910408 82.69677734375
0.03792745620012283 0.03257552906870842 0.9987493753433228 34.94013214111328 0.012874290347099304 0.9993695616722107 -0.03308466076850891 0.09843790531158447 -0.9991976022720337 0.014113007113337517 0.037484169006347656 82.72960662841797
0.015608813613653183 0.029423171654343605 0.9994452595710754 35.97018051147461 0.014673382043838501 0.9994524717330933 -0.0296525489538908 0.060076355934143066 -0.9997705221176147 0.01512808259576559 0.01516853366047144 82.7463150024414
-0.002989388071000576 0.027152713388204575 0.9996268153190613 36.96349334716797 0.014867487363517284 0.9995220303535461 -0.02710540220141411 0.026343584060668945 -0.9998850226402283 0.014780908823013306 -0.003391651436686516 82.73805236816406
-0.02024143934249878 0.029991060495376587 0.9993451833724976 37.940731048583984 0.017232583835721016 0.999411940574646 -0.02964402735233307 -0.018553495407104492 -0.9996465444564819 0.016621261835098267 -0.02074635773897171 82.73206329345703
-0.034623004496097565 0.03451922535896301 0.9988040924072266 38.96675109863281 0.019143477082252502 0.9992427825927734 -0.03387078642845154 -0.04751551151275635 -0.9992170333862305 0.01794787496328354 -0.03525761142373085 82.6845703125
-0.04659475013613701 0.039774589240550995 0.9981216788291931 39.960750579833984 0.02330111712217331 0.998978316783905 -0.03872096911072731 -0.0876774787902832 -0.998642086982727 0.02145315892994404 -0.04747393727302551 82.63429260253906
-0.05534563958644867 0.0430985651910305 0.9975365996360779 40.96087646484375 0.02867339365184307 0.9987245202064514 -0.04155902564525604 -0.1344292163848877 -0.9980555176734924 0.026302648708224297 -0.05651082471013069 82.57058715820312
-0.06128920614719391 0.04829096421599388 0.996951162815094 41.980567932128906 0.033051423728466034 0.9983793497085571 -0.04632825404405594 -0.18831968307495117 -0.997572660446167 0.03011123277246952 -0.06278596073389053 82.49961853027344
-0.06469736248254776 0.05321098864078522 0.9964852333068848 42.980499267578125 0.035009901970624924 0.9980835914611816 -0.05102330818772316 -0.240372896194458 -0.9972906112670898 0.03158577159047127 -0.0664362832903862 82.43157958984375
-0.06762818247079849 0.057109080255031586 0.9960747957229614 43.99250411987305 0.036715634167194366 0.9978266358375549 -0.05471672862768173 -0.300567626953125 -0.9970347881317139 0.032871123403310776 -0.06957799941301346 82.35844421386719
-0.07015880942344666 0.06002237647771835 0.9957283735275269 44.991729736328125 0.037182845175266266 0.9976518750190735 -0.057518426328897476 -0.3630344867706299 -0.9968425631523132 0.03298858925700188 -0.07222586125135422 82.28653717041016
-0.07230347394943237 0.06356262415647507 0.9953551888465881 46.017826080322266 0.03858446329832077 0.9973984360694885 -0.06089029088616371 -0.4271728992462158 -0.9966360926628113 0.03400266543030739 -0.07456789910793304 82.2023696899414
-0.07459016144275665 0.06749742478132248 0.9949273467063904 47.022701263427734 0.0397370271384716 0.9971153140068054 -0.06466677039861679 -0.4933462142944336 -0.9964222311973572 0.03471194580197334 -0.07705715298652649 82.12635040283203
-0.07636065781116486 0.06876078993082047 0.9947066307067871 48.03615951538086 0.042775239795446396 0.9969268441200256 -0.06563052535057068 -0.5649781227111816 -0.9961622953414917 0.03753722459077835 -0.07906724512577057 82.03809356689453
-0.078667551279068 0.06737435609102249 0.9946215748786926 49.052650451660156 0.04280116781592369 0.9970218539237976 -0.06415167450904846 -0.6381008625030518 -0.9959816336631775 0.03752431273460388 -0.08131697028875351 81.95958709716797
-0.08079929649829865 0.06722773611545563 0.9944605231285095 50.07756042480469 0.04216792806982994 0.9970600605010986 -0.06397733837366104 -0.7097609043121338 -0.9958379864692688 0.036765020340681076 -0.08339659869670868 81.87745666503906
-0.08317433297634125 0.06846807897090912 0.9941801428794861 51.10313415527344 0.04189562797546387 0.996995210647583 -0.06515688449144363 -0.7796676158905029 -0.9956539273262024 0.03623242303729057 -0.0857929214835167 81.79627990722656
-0.0855240523815155 0.07074916362762451 0.9938210248947144 52.117095947265625 0.041495393961668015 0.996863067150116 -0.06739481538534164 -0.8555121421813965 -0.9954716563224792 0.03547511249780655 -0.08819153904914856 81.7031478881836
-0.08809909224510193 0.07305257022380829 0.99342942237854 53.15056228637695 0.03977594152092934 0.9967696666717529 -0.06977080553770065 -0.9331796169281006 -0.995317280292511 0.033367838710546494 -0.09072025120258331 81.61154174804688
-0.09059320390224457 0.07645823061466217 0.9929486513137817 54.180458068847656 0.03696291521191597 0.9966196417808533 -0.07336855679750443 -1.013413667678833 -0.9952017664909363 0.030055584385991096 -0.09311310946941376 81.52093505859375
-0.0930192768573761 0.08085869252681732 0.9923756122589111 55.2196159362793 0.033285439014434814 0.9963923692703247 -0.07806600630283356 -1.0912282466888428 -0.9951077699661255 0.025770017877221107 -0.09537512063980103 81.43232727050781
-0.09551562368869781 0.08333629369735718 0.9919334053993225 56.26146697998047 0.031073765829205513 0.996253252029419 -0.08070705831050873 -1.175246238708496 -0.9949427843093872 0.023114319890737534 -0.0977473333477974 81.32740783691406
-0.09854856878519058 0.08170191943645477 0.9917727112770081 57.31447982788086 0.029032845050096512 0.9964357614517212 -0.07920118421316147 -1.2639036178588867 -0.9947086572647095 0.020988814532756805 -0.10056937485933304 81.22720336914062
-0.10115125775337219 0.07774098217487335 0.991828978061676 58.36981201171875 0.026159409433603287 0.9968053698539734 -0.0754631832242012 -1.35036301612854 -0.9945271015167236 0.018312465399503708 -0.10286176204681396 81.11825561523438
-0.10354820638895035 0.0759909525513649 0.9917172789573669 59.42338180541992 0.026604708284139633 0.9969319701194763 -0.07361266016960144 -1.4368698596954346 -0.9942684769630432 0.0187618937343359 -0.1052522361278534 81.0116195678711
-0.1058054193854332 0.07634066045284271 0.9914520978927612 60.46040344238281 0.02586401253938675 0.9969226717948914 -0.0740017294883728 -1.5246760845184326 -0.9940504431724548 0.017813146114349365 -0.10745429247617722 80.90740203857422
-0.10690581798553467 0.0792279839515686 0.9911075234413147 61.5310173034668 0.026654472574591637 0.9966902136802673 -0.076799176633358 -1.6076204776763916 -0.9939118027687073 0.018207168206572533 -0.10866374522447586 80.79361724853516
-0.10743484646081924 0.08223937451839447 0.9908050298690796 62.600284576416016 0.02728981152176857 0.9964414834976196 -0.07974812388420105 -1.6906280517578125 -0.9938374757766724 0.01847115531563759 -0.10929682105779648 80.67391204833984
-0.1076187938451767 0.08282825350761414 0.9907360672950745 63.66504669189453 0.02627400867640972 0.9964123368263245 -0.08044882118701935 -1.782240390777588 -0.9938449859619141 0.017372798174619675 -0.10940895229578018 80.55458068847656
-0.10822760313749313 0.08142149448394775 0.9907861948013306 64.72753143310547 0.023126162588596344 0.9965768456459045 -0.07937119156122208 -1.874549150466919 -0.9938570857048035 0.014322931878268719 -0.10974009335041046 80.45428466796875
-0.10781122744083405 0.08082769066095352 0.9908802509307861 65.78375244140625 0.01953304186463356 0.996669352054596 -0.07917466014623642 -1.962954044342041 -0.9939795136451721 0.010818987153470516 -0.10903096199035645 80.34065246582031
-0.10775977373123169 0.08216967433691025 0.990775465965271 66.86565399169922 0.015583555214107037 0.9965957403182983 -0.08095744997262955 -2.0566673278808594 -0.9940547943115234 0.006715844850987196 -0.10867342352867126 80.22712707519531
-0.10802289843559265 0.08248285204172134 0.9907207489013672 67.94242095947266 0.011756195686757565 0.9965884685516357 -0.08168952167034149 -2.149181842803955 -0.9940788745880127 0.002822769107297063 -0.10862404853105545 80.11984252929688
-0.10860051214694977 0.0815357118844986 0.9907360076904297 69.02484130859375 0.00815021526068449 0.996670126914978 -0.08113069087266922 -2.2478625774383545 -0.994051992893219 -0.00073612155392766 -0.1089034155011177 80.00845336914062
-0.10860517621040344 0.07669979333877563 0.9911215305328369 70.12213134765625 0.008754851296544075 0.9970541596412659 -0.07619953155517578 -2.3358359336853027 -0.9940463900566101 0.00040145625825971365 -0.1089567318558693 79.89081573486328
-0.10911956429481506 0.06803378462791443 0.9916976094245911 71.21835327148438 0.012016315944492817 0.9976723790168762 -0.0671214610338211 -2.421607494354248 -0.9939560294151306 0.004592285957187414 -0.10968310385942459 79.77588653564453
-0.10902074724435806 0.06234612315893173 0.9920823574066162 72.31549072265625 0.01806437037885189 0.9979905486106873 -0.06073231250047684 -2.508805274963379 -0.99387526512146 0.011300260201096535 -0.10992792993783951 79.6548843383789
-0.10773192346096039 0.0649658739566803 0.9920549988746643 73.42137145996094 0.026272423565387726 0.9977001547813416 -0.06248250603675842 -2.5761234760284424 -0.9938327670097351 0.01933232694864273 -0.10919097810983658 79.51408386230469
-0.10642596334218979 0.07036144286394119 0.9918280839920044 74.51068878173828 0.031846486032009125 0.9972225427627563 -0.06732693314552307 -2.6514346599578857 -0.9938104748725891 0.024420903995633125 -0.10837115347385406 79.39059448242188
-0.10582603514194489 0.07602200657129288 0.9914743304252625 75.6055679321289 0.03525571897625923 0.9967333674430847 -0.07266215980052948 -2.7324631214141846 -0.9937593936920166 0.02726558968424797 -0.10816052556037903 79.27355194091797
-0.1054663136601448 0.08035900443792343 0.9911706447601318 76.69949340820312 0.03579660877585411 0.9963903427124023 -0.07697322219610214 -2.8180713653564453 -0.9937783479690552 0.027362467721104622 -0.10796219855546951 79.162353515625
-0.10511336475610733 0.07801925390958786 0.9913950562477112 77.81983947753906 0.03244960680603981 0.9966559410095215 -0.07499277591705322 -2.8994553089141846 -0.9939306974411011 0.02428763546049595 -0.10729356110095978 79.04922485351562
-0.10505061596632004 0.07344940304756165 0.9917507171630859 78.92210388183594 0.032214079052209854 0.9969967007637024 -0.07042566686868668 -2.9912402629852295 -0.9939450025558472 0.024550074711441994 -0.107101209461689 78.94379425048828
-0.10468468815088272 0.07116236537694931 0.9919561743736267 80.08570861816406 0.029961228370666504 0.9972095489501953 -0.06837732344865799 -3.078084707260132 -0.9940539598464966 0.022562166675925255 -0.10652468353509903 78.80867767333984
-0.10487660765647888 0.07197606563568115 0.9918771386146545 81.21543884277344 0.027885230258107185 0.9971981644630432 -0.06941373646259308 -3.158832311630249 -0.9940941333770752 0.020378846675157547 -0.10658982396125793 78.69818878173828
-0.1044394001364708 0.07675489783287048 0.9915649890899658 82.33585357666016 0.029777921736240387 0.9968118071556091 -0.07402459532022476 -3.2562661170959473 -0.9940852522850037 0.021795662119984627 -0.1063920110464096 78.58700561523438
-0.10347744077444077 0.07963557541370392 0.9914387464523315 83.49114990234375 0.02896788716316223 0.9966080188751221 -0.07702741026878357 -3.3349366188049316 -0.994209885597229 0.020749282091856003 -0.10543335229158401 78.44743347167969
-0.10231424868106842 0.0785953477025032 0.9916423559188843 84.64210510253906 0.028958257287740707 0.9966866970062256 -0.07600734382867813 -3.4223945140838623 -0.9943305850028992 0.020939601585268974 -0.10425122082233429 78.3211898803711
-0.10266365855932236 0.07159223407506943 0.9921364188194275 85.79703521728516 0.030423052608966827 0.9971659183502197 -0.06880706548690796 -3.518134593963623 -0.9942507743835449 0.023119835183024406 -0.10455076396465302 78.20999908447266
-0.10309064388275146 0.07023119926452637 0.9921894073486328 86.962158203125 0.02943183295428753 0.9972827434539795 -0.0675337016582489 -3.6016273498535156 -0.994236409664154 0.022239863872528076 -0.1048775464296341 78.08856201171875
-0.1028098538517952 0.07314008474349976 0.99200838804245 88.11151123046875 0.02713151089847088 0.9971281886100769 -0.07070568948984146 -3.688894033432007 -0.9943309426307678 0.01964544877409935 -0.1044989824295044 77.97956848144531
-0.10264135152101517 0.07628599554300308 0.991788923740387 89.26585388183594 0.026422476395964622 0.9969121217727661 -0.07394558191299438 -3.774557113647461 -0.9943674802780151 0.01861564628779888 -0.10434006154537201 77.8681640625
-0.10246208310127258 0.07603760808706284 0.9918264746665955 90.45706176757812 0.025378623977303505 0.9969493746757507 -0.07380858808755875 -3.8596911430358887 -0.9944132566452026 0.017608605325222015 -0.1040792316198349 77.74543762207031
-0.10195097327232361 0.07295011729001999 0.9921110272407532 91.64331817626953 0.024713054299354553 0.997185468673706 -0.07078370451927185 -3.945133686065674 -0.9944824576377869 0.01730162650346756 -0.10346686094999313 77.62117767333984
-0.1014108955860138 0.07179137319326401 0.9922508597373962 92.83468627929688 0.025146422907710075 0.9972590804100037 -0.06958368420600891 -4.035214424133301 -0.994526743888855 0.017895014956593513 -0.1029382273554802 77.50540161132812
-0.09976135939359665 0.07171955704689026 0.9924232959747314 94.02183532714844 0.027435075491666794 0.9972179532051086 -0.06930821388959885 -4.135406970977783 -0.9946331977844238 0.020312923938035965 -0.10145144909620285 77.37535858154297
-0.09862905740737915 0.07239411026239395 0.9924874901771545 95.2186050415039 0.029334237799048424 0.9971283674240112 -0.06981752067804337 -4.214716911315918 -0.9946918487548828 0.022227827459573746 -0.10046947002410889 77.25396728515625
-0.09765671193599701 0.07116129994392395 0.9926727414131165 96.4254150390625 0.028965312987565994 0.9972209930419922 -0.06863781064748764 -4.313040256500244 -0.9947985410690308 0.02205013483762741 -0.09944653511047363 77.14129638671875
-0.09635788202285767 0.071783147752285 0.9927549362182617 97.60700225830078 0.03037344105541706 0.9971436262130737 -0.06915240734815598 -4.398491859436035 -0.9948833584785461 0.023490000516176224 -0.09826295077800751 77.01433563232422
-0.09490048885345459 0.07037866115570068 0.9929958581924438 98.81240844726562 0.030322415754199028 0.997239351272583 -0.06778151541948318 -4.480887413024902 -0.9950249195098877 0.023677535355091095 -0.09677255153656006 76.896484375
-0.09394752979278564 0.06935318559408188 0.9931585788726807 100.02613067626953 0.028893720358610153 0.9973405599594116 -0.06691201031208038 -4.570737838745117 -0.995157778263092 0.0224098302423954 -0.09570154547691345 76.78536987304688
-0.09248273819684982 0.06844589114189148 0.9933589696884155 101.23971557617188 0.029897693544626236 0.9973756670951843 -0.06593913584947586 -4.6591267585754395 -0.9952653050422668 0.02360091358423233 -0.09428641200065613 76.67466735839844
-0.09031233936548233 0.06950653344392776 0.9934849739074707 102.47250366210938 0.02792118303477764 0.9973462224006653 -0.06723850965499878 -4.746123313903809 -0.9955220222473145 0.021666811779141426 -0.09201336652040482 76.55563354492188
-0.08958369493484497 0.07216833531856537 0.993361234664917 103.69557189941406 0.028145750984549522 0.9971564412117004 -0.06990579515695572 -4.834423065185547 -0.9955815076828003 0.021696481853723526 -0.0913601964712143 76.45426177978516
-0.08883054554462433 0.07121244072914124 0.9934978485107422 104.9159927368164 0.02539272978901863 0.99727863073349 -0.06921303272247314 -4.91879415512085 -0.9957230091094971 0.01907939277589321 -0.09039708971977234 76.35697937011719
-0.08818183839321136 0.06958892941474915 0.993670642375946 106.1674575805664 0.022408245131373405 0.9974428415298462 -0.06786452978849411 -5.01886510848999 -0.9958522915840149 0.01628199778497219 -0.08951570093631744 76.24883270263672
-0.08805355429649353 0.07087366282939911 0.9935911893844604 107.4080581665039 0.019655531272292137 0.9973949790000916 -0.06940308958292007 -5.105459213256836 -0.9959217309951782 0.013418376445770264 -0.08921723067760468 76.14286804199219
-0.08799337595701218 0.07039928436279297 0.9936302900314331 108.6355972290039 0.0167692881077528 0.9974628686904907 -0.0691857635974884 -5.1944661140441895 -0.995979905128479 0.0105745829641819 -0.08895067125558853 76.03114318847656
-0.08902987837791443 0.06741669774055481 0.9937447905540466 109.88179016113281 0.013932664878666401 0.9976933598518372 -0.06643635034561157 -5.29025936126709 -0.9959314465522766 0.00793069414794445 -0.0897638201713562 75.92385864257812
-0.09014923870563507 0.0663200244307518 0.9937176704406738 111.14472961425781 0.01195704098790884 0.9977805018424988 -0.06550644338130951 -5.379648208618164 -0.9958564639091492 0.005976565647870302 -0.09074214100837708 75.81376647949219
-0.09193959832191467 0.06590704619884491 0.9935811758041382 112.4077377319336 0.009659445844590664 0.9978192448616028 -0.06529435515403748 -5.4658355712890625 -0.9957176446914673 0.0035943062976002693 -0.0923757329583168 75.71121215820312
-0.09314530342817307 0.0655783861875534 0.9934905171394348 113.66351318359375 0.00995254423469305 0.9978400468826294 -0.06493239104747772 -5.5638651847839355 -0.9956027269363403 0.0038396120071411133 -0.09359677881002426 75.59066772460938
-0.09565909206867218 0.06432877480983734 0.9933332800865173 114.92203521728516 0.009594401344656944 0.997922956943512 -0.0637020394206047 -5.65102481842041 -0.9953679442405701 0.003436759812757373 -0.0960775762796402 75.47602081298828
-0.09880094230175018 0.05964215472340584 0.9933182597160339 116.1884994506836 0.0066674998961389065 0.9982195496559143 -0.05927325412631035 -5.737287521362305 -0.9950848817825317 0.0007666958263143897 -0.09902269393205643 75.36192321777344
-0.103513203561306 0.059572432190179825 0.992842435836792 117.44816589355469 0.005731926299631596 0.9982239603996277 -0.059297725558280945 -5.820469379425049 -0.9946115612983704 -0.0004471964784897864 -0.10367082059383392 75.24126434326172
-0.10848261415958405 0.06571624428033829 0.9919238090515137 118.68830871582031 0.0016195992939174175 0.9978229403495789 -0.06592994183301926 -5.905397415161133 -0.9940970540046692 -0.005545734893530607 -0.10835287719964981 75.10709381103516
-0.11602973192930222 0.06884316354990005 0.9908570647239685 119.90961456298828 0.002268175594508648 0.9976109266281128 -0.06904680281877518 -5.992964267730713 -0.9932432174682617 -0.00576404295861721 -0.1159086674451828 74.97776794433594
-0.12452343851327896 0.06500386446714401 0.9900850057601929 121.16727447509766 0.004296246450394392 0.9978776574134827 -0.06497514247894287 -6.084782600402832 -0.9922074675559998 -0.0038372771814465523 -0.12453843653202057 74.81561279296875
-0.1353311836719513 0.0629129409790039 0.9888010025024414 122.39689636230469 0.006489680614322424 0.9980168342590332 -0.06261111050844193 -6.175382137298584 -0.9907791614532471 -0.0020562331192195415 -0.13547109067440033 74.650634765625
-0.14819788932800293 0.06362718343734741 0.9869087934494019 123.62446594238281 0.006859304383397102 0.9979703426361084 -0.06331031024456024 -6.267483234405518 -0.9889339208602905 -0.002612946555018425 -0.1483335644006729 74.47016906738281
