1.0 0.0 0.0 0.0 0.0 1.0 0.0 0.0 0.0 0.0 1.0 0.0
0.9999986290931702 0.0008136205142363906 0.0014579463750123978 -0.00629653874784708 -0.0008069496834650636 0.9999892115592957 -0.004570255056023598 -0.0021782168187201023 -0.0014616490807384253 0.004569072276353836 0.9999884963035583 0.9640225172042847
0.9999966621398926 -0.001440936466678977 0.0021537942811846733 -0.002724928082898259 0.0014524124562740326 0.9999846816062927 -0.00533622782677412 -0.0010103491367772222 -0.002146072220057249 0.005339337978512049 0.9999834299087524 1.9185285568237305
0.9999933242797852 -0.002449908060953021 0.0026819913182407618 -0.010584970004856586 0.0024532803799957037 0.9999961256980896 -0.0012548757949844003 -0.004377977456897497 -0.002678907010704279 0.0012614467414095998 0.9999955892562866 2.8531346321105957
0.9999856352806091 -0.004959523677825928 0.0020992925856262445 -0.008337259292602539 0.004949106834828854 0.9999755620956421 0.004938566125929356 -0.008128863759338856 -0.0021237339824438095 -0.004928105976432562 0.9999855756759644 3.801516056060791
0.9999629855155945 -0.008595526218414307 0.00039143479079939425 -0.0030215445440262556 0.008593475446105003 0.999950647354126 0.004971513990312815 -0.004702458623796701 -0.00043414829997345805 -0.004967966582626104 0.9999875426292419 4.742109775543213
0.9999384880065918 -0.011086148209869862 -7.901662320364267e-05 -0.008088875561952591 0.01108628697693348 0.9999362826347351 0.002093045273795724 -0.0026728257071226835 5.580781362368725e-05 -0.002093792427331209 0.9999977946281433 5.667391300201416
0.9999309778213501 -0.011701487004756927 -0.0010240747360512614 -0.013806267641484737 0.011699894443154335 0.9999303221702576 -0.0015442681033164263 0.003167501650750637 0.0010420738253742456 0.0015321805840358138 0.9999982714653015 6.587782382965088
0.9999343752861023 -0.011375459842383862 -0.001371324877254665 -0.020656300708651543 0.011373018845915794 0.999933660030365 -0.0017759900074452162 -0.0029555857181549072 0.0013914367882534862 0.0017602774314582348 0.9999974966049194 7.519248008728027
0.9999326467514038 -0.011351089924573898 -0.0024292590096592903 -0.03026389516890049 0.011351360008120537 0.9999355673789978 9.712081373436376e-05 -0.0018692368175834417 0.002428000094369054 -0.00012468959903344512 0.9999970197677612 8.431801795959473
0.9999389052391052 -0.01070768479257822 -0.0027456446550786495 -0.041938964277505875 0.01071485597640276 0.9999391436576843 0.002610175171867013 0.004326237365603447 0.002717528957873583 -0.0026394345331937075 0.999992847442627 9.37452507019043
0.9999331831932068 -0.010972167365252972 -0.0036326502449810505 -0.05034230649471283 0.010987273417413235 0.9999309182167053 0.00416484335437417 0.005921368021517992 0.0035867025144398212 -0.004204477649182081 0.9999847412109375 10.295269966125488
0.99991774559021 -0.012058867141604424 -0.004361283965408802 -0.053275685757398605 0.01208068709820509 0.9999144077301025 0.005011815577745438 0.00765801128000021 0.004300473257899284 -0.005064090248197317 0.9999778866767883 11.21052360534668
0.9999072551727295 -0.01248036976903677 -0.005436999257653952 -0.05821729823946953 0.012508662417531013 0.9999082088470459 0.005201298743486404 0.00832878053188324 0.005371585488319397 -0.005268826615065336 0.9999716877937317 12.12295913696289
0.9999004602432251 -0.012796321883797646 -0.005939261522144079 -0.07001477479934692 0.012818784452974796 0.9999107718467712 0.003759372280910611 0.011572347022593021 0.00589062599465251 -0.003835132112726569 0.999975323677063 13.023561477661133
0.9998915791511536 -0.012866511009633541 -0.007160561624914408 -0.08189702033996582 0.012878743931651115 0.9999156594276428 0.0016649196622893214 0.019104696810245514 0.007138535846024752 -0.001756958314217627 0.999972939491272 13.929800987243652
0.9998606443405151 -0.01414568442851305 -0.00885757151991129 -0.090477854013443 0.014146149158477783 0.9998998641967773 -1.0159787962038536e-05 0.027875449508428574 0.008856828324496746 -0.00011514218931552023 0.9999607801437378 14.834526062011719
0.999850869178772 -0.013761090114712715 -0.010430154390633106 -0.10860931873321533 0.013755543157458305 0.9999051094055176 -0.0006033600657247007 0.02705962397158146 0.01043746992945671 0.00045979750575497746 0.9999454617500305 15.742127418518066
0.9998447299003601 -0.012776829302310944 -0.012132865376770496 -0.12079375237226486 0.012759803794324398 0.9999174475669861 -0.001479682745411992 0.027552399784326553 0.012150770053267479 0.0013246402377262712 0.9999252557754517 16.640472412109375
0.999843418598175 -0.01153142936527729 -0.013422133401036263 -0.14106038212776184 0.011513467878103256 0.9999327063560486 -0.0014145737513899803 0.027015743777155876 0.013437541201710701 0.0012598170433193445 0.9999088644981384 17.525798797607422
0.9998169541358948 -0.012092532590031624 -0.014826779253780842 -0.1599605679512024 0.012080897577106953 0.9999265670776367 -0.0008740201010368764 0.030054040253162384 0.014836259186267853 0.0006947392830625176 0.9998896718025208 18.416831970214844
0.9997951984405518 -0.011854439042508602 -0.0164033193141222 -0.17813701927661896 0.011869639158248901 0.9999291896820068 0.0008296463056467474 0.025323042646050453 0.01639232411980629 -0.0010241782292723656 0.9998651146888733 19.308635711669922
0.9997756481170654 -0.011521630920469761 -0.017772914841771126 -0.2008005678653717 0.011550772935152054 0.999932050704956 0.0015378837706521153 0.025776559486985207 0.01775398850440979 -0.0017428294522687793 0.9998408555984497 20.188467025756836
0.9997263550758362 -0.012604489922523499 -0.019707579165697098 -0.21263988316059113 0.012639808468520641 0.9999186396598816 0.001668555079959333 0.02420862391591072 0.019684946164488792 -0.0019171988824382424 0.9998043775558472 21.076679229736328
0.9997144341468811 -0.011795710772275925 -0.020783353596925735 -0.23640549182891846 0.01180899515748024 0.9999300837516785 0.0005165204056538641 0.0295728649944067 0.02077580615878105 -0.0007618034142069519 0.9997838139533997 21.921388626098633
0.9996774792671204 -0.011904770508408546 -0.022433288395404816 -0.25647467374801636 0.011923733167350292 0.9999286532402039 0.0007116905180737376 0.03232494741678238 0.022423215210437775 -0.0009789492469280958 0.9997481107711792 22.784399032592773
0.9996601343154907 -0.011544675566256046 -0.023376379162073135 -0.28132036328315735 0.01161443442106247 0.9999285340309143 0.0028505821246653795 0.03295154497027397 0.023341799154877663 -0.003121116431429982 0.9997226595878601 23.64240837097168
0.9996351003646851 -0.012588834390044212 -0.02390369400382042 -0.3025500476360321 0.012733440846204758 0.9999014735221863 0.0059069362469017506 0.03188692405819893 0.02382698282599449 -0.006209156475961208 0.9996967315673828 24.492738723754883
0.9996020793914795 -0.012862908653914928 -0.025104204192757607 -0.3199666440486908 0.013056693598628044 0.999886155128479 0.007570617366582155 0.0349411815404892 0.025003964081406593 -0.00789538212120533 0.999656081199646 25.334888458251953
0.9996101260185242 -0.011949087493121624 -0.02523389831185341 -0.35328763723373413 0.012114553712308407 0.9999060034751892 0.006414563395082951 0.03636622428894043 0.025154879316687584 -0.006717759184539318 0.9996609091758728 26.158763885498047
0.9996106028556824 -0.010239781811833382 -0.02595588192343712 -0.3791396915912628 0.010341688990592957 0.9999392628669739 0.0037949583493173122 0.03807615861296654 0.025915449485182762 -0.004061908461153507 0.9996559023857117 26.96595573425293
0.99959397315979 -0.009880561381578445 -0.026727227494120598 -0.4049862325191498 0.00993405282497406 0.9999489188194275 0.0018693843157961965 0.04428897425532341 0.026707392185926437 -0.0021341354586184025 0.9996410608291626 27.769044876098633
0.9995831847190857 -0.00862603448331356 -0.027551895007491112 -0.43301790952682495 0.008666415698826313 0.9999614357948303 0.001346598844975233 0.049330804497003555 0.027539217844605446 -0.001584813930094242 0.9996195435523987 28.56438636779785
0.999543309211731 -0.009076480753719807 -0.028822658583521843 -0.45881184935569763 0.009116782806813717 0.9999576210975647 0.001267164945602417 0.042261552065610886 0.028809936717152596 -0.0015293562319129705 0.9995837211608887 29.350263595581055
0.9994701743125916 -0.008910393342375755 -0.031305357813835144 -0.48289865255355835 0.00892576389014721 0.9999600648880005 0.00035129280877299607 0.042628731578588486 0.03130097687244415 -0.0006305309943854809 0.9995097517967224 30.1264591217041
0.9994197487831116 -0.008984343148767948 -0.032854314893484116 -0.5148171782493591 0.009003447368741035 0.999959409236908 0.0004336196288932115 0.04136672616004944 0.032849084585905075 -0.0007291701622307301 0.9994600415229797 30.89104461669922
0.9993624091148376 -0.00868960004299879 -0.03463037684559822 -0.5427996516227722 0.008746245875954628 0.9999606609344482 0.0014845054829493165 0.044553667306900024 0.03461611270904541 -0.0017864449182525277 0.9993990659713745 31.65934944152832
0.9992831945419312 -0.00891878455877304 -0.03679238632321358 -0.5724748969078064 0.009065976366400719 0.9999516010284424 0.0038356895092874765 0.04608054459095001 0.03675639629364014 -0.004166498780250549 0.9993155002593994 32.41360092163086
0.9992212653160095 -0.007913506589829922 -0.03865519165992737 -0.6050127148628235 0.008122735656797886 0.9999531507492065 0.005258619319647551 0.04903137683868408 0.0386117659509182 -0.0055685099214315414 0.9992387890815735 33.154685974121094
0.9991555213928223 -0.006636455189436674 -0.04054878652095795 -0.6380200386047363 0.0068723345175385475 0.9999602437019348 0.005680558737367392 0.045102525502443314 0.04050947353243828 -0.005954426247626543 0.9991613626480103 33.880191802978516
0.999099612236023 -0.004293849691748619 -0.04220771789550781 -0.6794102191925049 0.0045096478424966335 0.999977171421051 0.0050188833847641945 0.04530767723917961 0.04218520596623421 -0.00520470691844821 0.9990962743759155 34.588016510009766
0.9990175366401672 -0.002313490491360426 -0.04425806552171707 -0.7160626649856567 0.002516356762498617 0.9999866485595703 0.004528574179857969 0.047912418842315674 0.04424699395895004 -0.004635493271052837 0.9990098476409912 35.29230880737305
0.9989343285560608 -0.001926534459926188 -0.04611371085047722 -0.7405568957328796 0.00217002653516829 0.9999839067459106 0.005230776499956846 0.05525868386030197 0.046102892607450485 -0.005325269885361195 0.9989225268363953 36.01673126220703
0.9988963007926941 -0.0003622105286922306 -0.04696908965706825 -0.7858664989471436 0.0007003819337114692 0.9999740123748779 0.007183619309216738 0.05782632529735565 0.04696526378393173 -0.007208587136119604 0.9988704919815063 36.69342041015625
0.9988958239555359 0.0025081185158342123 -0.04691222310066223 -0.8256031274795532 -0.0021554813720285892 0.9999690651893616 0.0075660464353859425 0.062491532415151596 0.046929750591516495 -0.007456574123352766 0.9988703727722168 37.38624572753906
0.9989197254180908 0.004976591560989618 -0.04620093107223511 -0.8512784838676453 -0.0047329384833574295 0.9999744296073914 0.005381679628044367 0.06642702221870422 0.04622652381658554 -0.0051572006195783615 0.9989176988601685 38.062801361083984
0.9989889860153198 0.006535148713737726 -0.04447738453745842 -0.8846349120140076 -0.006432045251131058 0.9999762773513794 0.0024608431849628687 0.06802669167518616 0.044492412358522415 -0.0021722742822021246 0.9990074038505554 38.70917892456055
0.9990705251693726 0.006974956952035427 -0.042537543922662735 -0.9122719764709473 -0.006969364359974861 0.9999756217002869 0.0002797599881887436 0.07737582921981812 0.04253845661878586 1.695970058790408e-05 0.9990948438644409 39.36091232299805
0.9992092251777649 0.008057281374931335 -0.0389375314116478 -0.948424756526947 -0.008019224740564823 0.9999672174453735 0.001133433892391622 0.07772143930196762 0.03894539177417755 -0.0008202889584936202 0.999241054058075 39.99504089355469
0.9992630481719971 0.012527545914053917 -0.03628326952457428 -0.9711048603057861 -0.012399799190461636 0.9999160766601562 0.00374373747035861 0.07871030271053314 0.03632712736725807 -0.003291073255240917 0.9993345141410828 40.64554214477539
0.9993300437927246 0.016661344096064568 -0.03258563578128815 -0.9971897602081299 -0.01643657498061657 0.9998393058776855 0.007153516635298729 0.08044018596410751 0.0326995849609375 -0.0066131288185715675 0.9994433522224426 41.269569396972656
0.999360978603363 0.021870562806725502 -0.028273656964302063 -1.023116111755371 -0.02164837159216404 0.999732494354248 0.00814100168645382 0.08407015353441238 0.028444143012166023 -0.00752372108399868 0.9995670318603516 41.8713264465332
0.999419093132019 0.025361768901348114 -0.022765379399061203 -1.044931411743164 -0.02517116442322731 0.999646008014679 0.008620387874543667 0.08684753626585007 0.022975951433181763 -0.008042347617447376 0.9997037053108215 42.45810317993164
0.999427855014801 0.02935793064534664 -0.016792822629213333 -1.060685396194458 -0.029184740036725998 0.9995192289352417 0.010467064566910267 0.0907071903347969 0.017092039808630943 -0.009970980696380138 0.9998041391372681 43.02779769897461
0.9993573427200317 0.03431957960128784 -0.010342903435230255 -1.0716221332550049 -0.034199733287096024 0.9993482232093811 0.01155027560889721 0.09444029629230499 0.010732564143836498 -0.011189127340912819 0.9998797178268433 43.598297119140625
0.9992787837982178 0.03781278431415558 -0.003469370072707534 -1.075326681137085 -0.037771668285131454 0.9992231726646423 0.011236796155571938 0.09697917848825455 0.0038915693294256926 -0.011097647249698639 0.9999308586120605 44.13081359863281
0.9991434812545776 0.04116249084472656 0.0042437356896698475 -1.0828346014022827 -0.041208330541849136 0.9990860819816589 0.011348274536430836 0.09751975536346436 -0.0037727332673966885 -0.011513430625200272 0.9999265670776367 44.633209228515625
0.9989205598831177 0.04508637636899948 0.011174802668392658 -1.0728411674499512 -0.04520908370614052 0.9989172220230103 0.010983217507600784 0.09997109323740005 -0.010667509399354458 -0.011476564221084118 0.9998772740364075 45.131134033203125
0.9986113905906677 0.04920228198170662 0.018823372200131416 -1.0680866241455078 -0.049360889941453934 0.9987485408782959 0.008056075312197208 0.10615178197622299 -0.018403436988592148 -0.008974028751254082 0.9997903108596802 45.60758590698242
0.9982966780662537 0.051602501422166824 0.02722093276679516 -1.0663601160049438 -0.05176006257534027 0.9986465573310852 0.005115525797009468 0.10408962517976761 -0.02692011371254921 -0.006515770684927702 0.9996163249015808 46.065887451171875
0.9980286359786987 0.05210057646036148 0.034993402659893036 -1.04918372631073 -0.052297525107860565 0.9986203908920288 0.0047359648160636425 0.10804358124732971 -0.034698378294706345 -0.0065566967241466045 0.9993762969970703 46.49197769165039
0.9977685809135437 0.05113404989242554 0.042933788150548935 -1.0246248245239258 -0.051444824784994125 0.9986568093299866 0.006164439022541046 0.10804132372140884 -0.04256089776754379 -0.008359404280781746 0.9990589022636414 46.89091873168945
0.9972913265228271 0.053184881806373596 0.05080914497375488 -1.0019748210906982 -0.05360107496380806 0.9985388517379761 0.006863181479275227 0.11129959672689438 -0.050369881093502045 -0.009568016044795513 0.9986847639083862 47.28257751464844
0.9966285824775696 0.05620970577001572 0.059765998274087906 -0.9888502359390259 -0.05674217641353607 0.9983625411987305 0.007248237729072571 0.10770804435014725 -0.05926072224974632 -0.010615052655339241 0.9981861114501953 47.64255142211914
0.9957997798919678 0.06113288551568985 0.06815789639949799 -0.95902019739151 -0.06170734763145447 0.9980741143226624 0.006353036034852266 0.11246063560247421 -0.06763824820518494 -0.010532194748520851 0.9976543188095093 47.971405029296875
0.9948900938034058 0.06498268246650696 0.07727213203907013 -0.9391136169433594 -0.0656924843788147 0.9978175759315491 0.006676670163869858 0.1075906977057457 -0.07666964083909988 -0.011718749068677425 0.9969877004623413 48.26655197143555
0.9941710829734802 0.06389931589365005 0.08683722466230392 -0.9125201106071472 -0.06479786336421967 0.9978697299957275 0.007565532345324755 0.10500305145978928 -0.0861688107252121 -0.013148300349712372 0.9961938261985779 48.549713134765625
0.9932908415794373 0.06270089745521545 0.0971694141626358 -0.8698731660842896 -0.06353756785392761 0.997964084148407 0.00553719699382782 0.10724645107984543 -0.09662441164255142 -0.01167395431548357 0.9952524900436401 48.82899856567383
0.992132306098938 0.06152665615081787 0.10903168469667435 -0.8348687291145325 -0.0620078407227993 0.9980752468109131 0.0010250336490571499 0.10227169096469879 -0.10875876247882843 -0.007777789141982794 0.9940377473831177 49.08635711669922
0.9905275702476501 0.06252696365118027 0.12225200980901718 -0.7929665446281433 -0.06259936839342117 0.9980334043502808 -0.003252356080338359 0.10573907941579819 -0.12221495062112808 -0.004431350156664848 0.992493748664856 49.354549407958984
0.9883989691734314 0.06403277814388275 0.13772250711917877 -0.7521733045578003 -0.06389592587947845 0.997941792011261 -0.0054191178642213345 0.10301385074853897 -0.13778607547283173 -0.0034436581190675497 0.9904560446739197 49.61552047729492
0.9858884811401367 0.06597498059272766 0.1538543701171875 -0.7028766870498657 -0.06572418659925461 0.9978151917457581 -0.006721401587128639 0.0997033342719078 -0.15396170318126678 -0.0034854020923376083 0.9880706667900085 49.869834899902344
0.9830789566040039 0.06644498556852341 0.17070630192756653 -0.6480200886726379 -0.06607052683830261 0.9977838397026062 -0.007880034856498241 0.09728246182203293 -0.17085157334804535 -0.003531958209350705 0.9852904677391052 50.12882995605469
0.9798039793968201 0.06537817418575287 0.18897023797035217 -0.5905459523200989 -0.06479334831237793 0.9978556036949158 -0.009277638979256153 0.09895329177379608 -0.18917155265808105 -0.0031537457834929228 0.9819389581680298 50.383338928222656
0.9759392142295837 0.06481946259737015 0.208185076713562 -0.5189515948295593 -0.06429141759872437 0.9978877305984497 -0.009309124201536179 0.08929724991321564 -0.20834875106811523 -0.004299373831599951 0.9780451655387878 50.6141357421875
0.9714235067367554 0.06478890776634216 0.22833923995494843 -0.44532084465026855 -0.06407706439495087 0.9978892207145691 -0.010537778027355671 0.08746899664402008 -0.22854001820087433 -0.00439466442912817 0.9735245108604431 50.85643768310547
0.9661015868186951 0.06696168333292007 0.24932675063610077 -0.3685681223869324 -0.06577926874160767 0.9977484345436096 -0.013081060722470284 0.08906523138284683 -0.2496412992477417 -0.0037628966383635998 0.9683310389518738 51.10529327392578
0.9598314762115479 0.06822935491800308 0.2721550464630127 -0.2867732644081116 -0.06661885976791382 0.9976632595062256 -0.015164293348789215 0.08394040912389755 -0.2725537121295929 -0.003575495909899473 0.9621339440345764 51.34883117675781
0.9525948166847229 0.06942207366228104 0.29621538519859314 -0.19066914916038513 -0.06762538105249405 0.9975773096084595 -0.01632016710937023 0.07649970799684525 -0.29663076996803284 -0.004485170356929302 0.9549817442893982 51.578399658203125
0.9440134763717651 0.07230477780103683 0.3218857944011688 -0.09333474189043045 -0.07052424550056458 0.9973616600036621 -0.017205387353897095 0.0694199725985527 -0.3222805857658386 -0.006458636838942766 0.9466221332550049 51.815982818603516
0.9342281818389893 0.07417996972799301 0.34887680411338806 0.016979901120066643 -0.07236003875732422 0.9972113370895386 -0.018265221267938614 0.05998269468545914 -0.34925881028175354 -0.00818085577338934 0.9369906187057495 52.04964065551758
0.9229381084442139 0.0750010684132576 0.37757131457328796 0.1369899958372116 -0.07293975353240967 0.9971402287483215 -0.019778283312916756 0.05508318170905113 -0.3779749870300293 -0.009285825304687023 0.9257693290710449 52.29183578491211
0.9103941917419434 0.07288994640111923 0.4072708487510681 0.27970921993255615 -0.07006672769784927 0.9973026514053345 -0.021865086629986763 0.04494491219520569 -0.40776607394218445 -0.00863028597086668 0.9130456447601318 52.52653503417969
0.8954577445983887 0.07028751820325851 0.4395624101161957 0.42406511306762695 -0.06617484986782074 0.997502326965332 -0.024695448577404022 0.0379243902862072 -0.4402003288269043 -0.006974244490265846 0.8978725075721741 52.75217056274414
0.8781607747077942 0.06941775232553482 0.4733021557331085 0.5806325674057007 -0.0633026733994484 0.9975769519805908 -0.028860310092568398 0.02752257138490677 -0.47415876388549805 -0.004617299884557724 0.8804272413253784 52.96989059448242
0.858572244644165 0.07163961976766586 0.507662832736969 0.7452768683433533 -0.0630103349685669 0.9974269866943359 -0.03418884053826332 0.02152339555323124 -0.5088058114051819 -0.002634406089782715 0.860877275466919 53.1988639831543
0.8367831110954285 0.0736219510436058 0.5425624251365662 0.9323064684867859 -0.06254225224256516 0.9972851276397705 -0.03886706009507179 0.01352328434586525 -0.5439509749412537 -0.0014097752282395959 0.8391158580780029 53.42598342895508
0.8121931552886963 0.07619825750589371 0.578390896320343 1.1279613971710205 -0.0632791593670845 0.9970903992652893 -0.042500097304582596 0.002654146170243621 -0.5799465775489807 -0.00208180770277977 0.8146518468856812 53.650543212890625
0.7846523523330688 0.08018674701452255 0.6147283315658569 1.3364964723587036 -0.06619483977556229 0.9967674612998962 -0.04552844539284706 -0.009652378037571907 -0.6163918972015381 -0.004967832937836647 0.7874239087104797 53.88152313232422
0.7546928524971008 0.08484525978565216 0.650568962097168 1.5664265155792236 -0.07011128962039948 0.9963542222976685 -0.04860888794064522 -0.02201259694993496 -0.6523212194442749 -0.008927449584007263 0.7578899264335632 54.11189651489258
0.7215849757194519 0.08579884469509125 0.6869887709617615 1.8266888856887817 -0.0696139857172966 0.9962539076805115 -0.051303621381521225 -0.04013647511601448 -0.6888170838356018 -0.010804113931953907 0.7248546481132507 54.34901428222656
0.6849283576011658 0.08342951536178589 0.7238180637359619 2.1037614345550537 -0.06604654341936111 0.9964421987533569 -0.05235504359006882 -0.059829309582710266 -0.7256107330322266 -0.011946231126785278 0.6880016922950745 54.56950759887695
0.6456540822982788 0.0822189450263977 0.7591909766197205 2.393336534500122 -0.06335612386465073 0.9965267777442932 -0.05404074862599373 -0.07993149757385254 -0.7609972953796387 -0.013207771815359592 0.6486205458641052 54.77735137939453
0.603151798248291 0.08139214664697647 0.7934627532958984 2.7263100147247314 -0.06107764691114426 0.9965721964836121 -0.05579852685332298 -0.10425209254026413 -0.7952844500541687 -0.01480785384774208 0.6060556173324585 54.99415969848633
0.5567545294761658 0.08159696310758591 0.8266597390174866 3.084031581878662 -0.057741761207580566 0.9965582489967346 -0.05947808548808098 -0.12103714793920517 -0.8286677002906799 -0.014618102461099625 0.559549868106842 55.20655822753906
0.5079941749572754 0.08023861050605774 0.8576151728630066 3.4523568153381348 -0.054437510669231415 0.9966520667076111 -0.06100178509950638 -0.14842736721038818 -0.8596386313438416 -0.01569787785410881 0.5106614828109741 55.39737319946289
0.45942506194114685 0.07880516350269318 0.8847136497497559 3.8984367847442627 -0.052754782140254974 0.9967188835144043 -0.06138678640127182 -0.16680744290351868 -0.8866484761238098 -0.018470238894224167 0.46207502484321594 55.59772872924805
0.4104853570461273 0.07646294683218002 0.9086557030677795 4.33243989944458 -0.05161192640662193 0.9968289732933044 -0.0605669841170311 -0.18768750131130219 -0.9104054570198059 -0.022035609930753708 0.4131300747394562 55.752830505371094
0.3598892092704773 0.07643138617277145 0.9298591613769531 4.7872748374938965 -0.05474254861474037 0.9966517090797424 -0.060734160244464874 -0.20833618938922882 -0.931387722492218 -0.029045285657048225 0.3628682494163513 55.914825439453125
0.3097889721393585 0.07694445550441742 0.9476868510246277 5.237115859985352 -0.05343547835946083 0.9965537786483765 -0.06344454735517502 -0.23312489688396454 -0.949302613735199 -0.030985677614808083 0.31283292174339294 56.04844284057617
0.26315149664878845 0.07344340533018112 0.9619549512863159 5.720739841461182 -0.0420043021440506 0.9970248341560364 -0.06463026255369186 -0.26612168550491333 -0.9638396501541138 -0.02339869737625122 0.2654534876346588 56.13016891479492
0.21905359625816345 0.06789243966341019 0.9733479619026184 6.235204219818115 -0.02843116782605648 0.9975967407226562 -0.06318534910678864 -0.2898235023021698 -0.9752985239028931 -0.013832432217895985 0.22045741975307465 56.204750061035156
0.17659766972064972 0.06678173691034317 0.9820150136947632 6.766561508178711 -0.019650928676128387 0.9977359771728516 -0.06431696563959122 -0.3234769105911255 -0.9840869307518005 -0.007939277216792107 0.17751021683216095 56.273094177246094
0.1382979303598404 0.06814680993556976 0.988043487071991 7.261727333068848 -0.016388127580285072 0.9976509213447571 -0.06651557236909866 -0.34984055161476135 -0.9902550578117371 -0.006993219256401062 0.13908985257148743 56.310123443603516
0.10564762353897095 0.06898518651723862 0.992007851600647 7.8037004470825195 -0.0076189492829144 0.9976176619529724 -0.06856387108564377 -0.3839395046234131 -0.9943744540214539 -0.00031444631167687476 0.10592152923345566 56.34004592895508
0.0768684670329094 0.0671209990978241 0.9947794079780579 8.363692283630371 -0.0001756440324243158 0.9977322816848755 -0.06730666756629944 -0.4207359254360199 -0.9970412254333496 0.00499903317540884 0.0767059475183487 56.35780715942383
0.05188271030783653 0.06538085639476776 0.9965107440948486 8.930720329284668 0.006350941490381956 0.997812807559967 -0.06579695641994476 -0.45761728286743164 -0.9986329078674316 0.00974250677973032 0.051354024559259415 56.367774963378906
0.03193220496177673 0.06478220969438553 0.9973883628845215 9.502589225769043 0.011775245890021324 0.9978036284446716 -0.06518615782260895 -0.47794240713119507 -0.9994206428527832 0.013826031237840652 0.031099244952201843 56.367103576660156
0.016195815056562424 0.06671076267957687 0.9976409077644348 10.091134071350098 0.014829701744019985 0.997645914554596 -0.06695184856653214 -0.5039801001548767 -0.9997588396072388 0.015879057347774506 0.015168392099440098 56.36363983154297
0.0025689403992146254 0.06641793996095657 0.9977884888648987 10.674476623535156 0.015037283301353455 0.9976764917373657 -0.06644919514656067 -0.5415030121803284 -0.9998835921287537 0.01517473254352808 0.0015642258804291487 56.3570671081543
-0.008647809736430645 0.06727885454893112 0.9976967573165894 11.284640312194824 0.01630242168903351 0.997610867023468 -0.06713176518678665 -0.5783480405807495 -0.9998296499252319 0.015684328973293304 -0.009723958559334278 56.34031295776367
-0.018043560907244682 0.07016818970441818 0.9973719716072083 11.932584762573242 0.02108488418161869 0.9973391890525818 -0.06978444755077362 -0.6164676547050476 -0.9996148347854614 0.019770314916968346 -0.019475039094686508 56.331695556640625
-0.024471063166856766 0.07181493192911148 0.997117817401886 12.556438446044922 0.025075603276491165 0.9971466660499573 -0.0712016299366951 -0.6551245450973511 -0.9993860125541687 0.023260947316884995 -0.026202043518424034 56.30342483520508
-0.02928991988301277 0.07131592929363251 0.9970236420631409 13.205745697021484 0.0252301674336195 0.9971866011619568 -0.07058638334274292 -0.6920684576034546 -0.9992524981498718 0.023087603971362114 -0.03100682608783245 56.28876876831055
-0.03297124058008194 0.06871604919433594 0.9970912933349609 13.86709976196289 0.02327052690088749 0.9974160194396973 -0.0679689347743988 -0.7263670563697815 -0.9991853833198547 0.0209618229418993 -0.0344851016998291 56.26719284057617
-0.03537379950284958 0.06171927973628044 0.997466504573822 14.544702529907227 0.021174808964133263 0.9979133605957031 -0.06099598854780197 -0.7665413618087769 -0.9991497993469238 0.01896350271999836 -0.03660688176751137 56.24969482421875
-0.036708053201436996 0.056300342082977295 0.9977388381958008 15.224279403686523 0.022630756720900536 0.9982025623321533 -0.05549389496445656 -0.799393892288208 -0.9990697503089905 0.020542515441775322 -0.037916190922260284 56.22105026245117
-0.03712283447384834 0.05347079038619995 0.997879147529602 15.918782234191895 0.024836955592036247 0.9983083605766296 -0.052569810301065445 -0.8390107154846191 -0.9990019798278809 0.02283274196088314 -0.03838809207081795 56.18766403198242
-0.03702131286263466 0.05580666661262512 0.9977549910545349 16.609899520874023 0.02828848548233509 0.998097836971283 -0.054776210337877274 -0.8771704435348511 -0.9989139437675476 0.026197092607617378 -0.03852957859635353 56.15995407104492
-0.036298688501119614 0.06342079490423203 0.9973265528678894 17.309078216552734 0.02902761846780777 0.9976300597190857 -0.06238359957933426 -0.9058061838150024 -0.9989193677902222 0.026685573160648346 -0.038053613156080246 56.139320373535156
-0.03407689556479454 0.07143610715866089 0.9968629479408264 18.012893676757812 0.029840625822544098 0.9970701932907104 -0.07043088972568512 -0.9432188868522644 -0.9989736080169678 0.02734695002436638 -0.03610875830054283 56.11697006225586
-0.0316537506878376 0.07221291214227676 0.9968868494033813 18.758102416992188 0.0305496696382761 0.9969905018806458 -0.07125039398670197 -0.9808869361877441 -0.9990319013595581 0.028199221938848495 -0.03376457840204239 56.08470916748047
-0.02955389954149723 0.06781406700611115 0.9972601532936096 19.48872184753418 0.030103497207164764 0.9973037242889404 -0.06692490726709366 -1.024671196937561 -0.9991098046302795 0.028043130412697792 -0.031515657901763916 56.06908416748047
-0.026721050962805748 0.06137583404779434 0.9977570176124573 20.23464012145996 0.02940153144299984 0.9977297782897949 -0.060586750507354736 -1.070208191871643 -0.9992104768753052 0.02771664410829544 -0.02846493385732174 56.04624557495117
-0.023860961198806763 0.05956471711397171 0.9979392290115356 20.970321655273438 0.027871185913681984 0.9978750348091125 -0.05889447033405304 -1.1151018142700195 -0.9993267059326172 0.026408473029732704 -0.025470394641160965 56.033164978027344
-0.02080071158707142 0.0648343563079834 0.9976792335510254 21.71222686767578 0.03530357778072357 0.9973203539848328 -0.06407500058412552 -1.164391040802002 -0.9991601705551147 0.03388884291052818 -0.023033859208226204 56.01344680786133
-0.0181411225348711 0.07041387259960175 0.9973528385162354 22.445375442504883 0.03698306903243065 0.9968816637992859 -0.06970790773630142 -1.2058110237121582 -0.999151349067688 0.035620588809251785 -0.020688671618700027 56.006752014160156
-0.015506282448768616 0.07090074568986893 0.9973629117012024 23.18440818786621 0.030850932002067566 0.9970417022705078 -0.07039827853441238 -1.2491981983184814 -0.9994037747383118 0.02967795915901661 -0.017647763714194298 56.004974365234375
-0.012220785021781921 0.06755997985601425 0.9976403713226318 23.937971115112305 0.026631897315382957 0.9973829388618469 -0.06721631437540054 -1.291817307472229 -0.9995706081390381 0.025747627019882202 -0.013988050632178783 56.00415802001953
-0.007184680085629225 0.06365958601236343 0.9979457855224609 24.680238723754883 0.03065292164683342 0.9975166320800781 -0.06341151893138885 -1.3478338718414307 -0.9995042681694031 0.03013436309993267 -0.009118190035223961 55.98878860473633
-0.0033539682626724243 0.06463651359081268 0.9979032278060913 25.423809051513672 0.03523373603820801 0.997296929359436 -0.0644788071513176 -1.3952609300613403 -0.9993734955787659 0.0349435955286026 -0.005622288677841425 55.97715759277344
-0.0007235766970552504 0.06929171085357666 0.9975961446762085 26.15741729736328 0.034864895045757294 0.9969916939735413 -0.06922442466020584 -1.4405937194824219 -0.9993917346000671 0.034731000661849976 -0.0031372476369142532 55.982948303222656
0.002869358053430915 0.0700535848736763 0.9975391030311584 26.916399002075195 0.031251195818185806 0.9970498085021973 -0.07010909914970398 -1.4886524677276611 -0.9995074272155762 0.0313754566013813 0.0006716344505548477 55.994998931884766
0.006835277657955885 0.06963358074426651 0.9975492358207703 27.666362762451172 0.030698757618665695 0.9970877766609192 -0.06981171667575836 -1.533785104751587 -0.9995052814483643 0.03110070340335369 0.004677706863731146 56.00166320800781
0.010345575399696827 0.06613228470087051 0.9977572560310364 28.40835952758789 0.034601129591464996 0.997189462184906 -0.06645341962575912 -1.585447072982788 -0.9993476867675781 0.035211022943258286 0.008028246462345123 56.00847625732422
0.014214318245649338 0.06702680140733719 0.9976499676704407 29.15869903564453 0.0385894700884819 0.9969707131385803 -0.06753098964691162 -1.6309022903442383 -0.9991539716720581 0.03945869579911232 0.011584729887545109 56.008155822753906
0.01733068935573101 0.06767609715461731 0.9975568056106567 29.92040252685547 0.04225579649209976 0.996765673160553 -0.06835654377937317 -1.6883188486099243 -0.9989564418792725 0.043337225914001465 0.014414932578802109 56.022377014160156
0.020303601399064064 0.06773761659860611 0.997496485710144 30.6732120513916 0.042712755501270294 0.9967325329780579 -0.06855513900518417 -1.7326663732528687 -0.9988809823989868 0.04399774223566055 0.017344001680612564 56.036216735839844
0.023791026324033737 0.06598910689353943 0.9975365996360779 31.421239852905273 0.044133853167295456 0.9967769384384155 -0.06699144095182419 -1.7835156917572021 -0.9987422823905945 0.045618936419487 0.02080199308693409 56.0593147277832
0.027115309610962868 0.06533278524875641 0.9974950551986694 32.15925216674805 0.0463608093559742 0.9967060685157776 -0.06654135882854462 -1.8269002437591553 -0.9985566139221191 0.048048973083496094 0.023997116833925247 56.08096694946289
0.030088530853390694 0.06523089855909348 0.9974164962768555 32.91859817504883 0.044565651565790176 0.9967883825302124 -0.06653421372175217 -1.8824968338012695 -0.9985531568527222 0.04645242914557457 0.0270848385989666 56.09831619262695
0.03307434171438217 0.06700970977544785 0.9972040057182312 33.672847747802734 0.041505467146635056 0.9967970848083496 -0.06835898011922836 -1.9260282516479492 -0.9985907077789307 0.04365035146474838 0.030187133699655533 56.13279342651367
0.03589824214577675 0.06688608229160309 0.9971147179603577 34.4208869934082 0.0434286892414093 0.9967107176780701 -0.06842251121997833 -1.9765071868896484 -0.9984112977981567 0.04575963690876961 0.032875388860702515 56.15758514404297
0.03855345398187637 0.06642483174800873 0.9970463514328003 35.18450164794922 0.04136235639452934 0.9968268871307373 -0.06800960004329681 -2.025333881378174 -0.998400092124939 0.04386219009757042 0.03568362817168236 56.196937561035156
0.04064647853374481 0.06709475070238113 0.9969183206558228 35.94039535522461 0.03927842900156975 0.9968643188476562 -0.06869257986545563 -2.0679237842559814 -0.9984012842178345 0.04194948822259903 0.03788365051150322 56.23690414428711
0.0434667132794857 0.06708676367998123 0.996799886226654 36.71699142456055 0.036638397723436356 0.996964693069458 -0.06869551539421082 -2.120271921157837 -0.9983827471733093 0.039507120847702026 0.040876828134059906 56.277835845947266
0.04691517725586891 0.06911804527044296 0.9965047240257263 37.48208999633789 0.03522099554538727 0.9968684911727905 -0.07080145180225372 -2.1672985553741455 -0.9982777237892151 0.03841955587267876 0.04433384910225868 56.31646728515625
0.04969331622123718 0.07278777658939362 0.9961086511611938 38.23976135253906 0.0340283028781414 0.9966385364532471 -0.07452405989170074 -2.216994524002075 -0.9981846213340759 0.037599243223667145 0.047049425542354584 56.364986419677734
0.053329385817050934 0.07459048926830292 0.9957872629165649 39.00809097290039 0.03460000455379486 0.9964694976806641 -0.07649458944797516 -2.27335786819458 -0.9979773163795471 0.03853365406394005 0.050560273230075836 56.4056510925293
0.055743392556905746 0.07673881202936172 0.9954917430877686 39.789066314697266 0.028328021988272667 0.996519148349762 -0.0784042552113533 -2.3277387619018555 -0.9980431795120239 0.03257083520293236 0.053375497460365295 56.47138214111328
0.058483246713876724 0.07616370171308517 0.9953787326812744 40.57640075683594 0.02450966089963913 0.9966751933097839 -0.07770296186208725 -2.3761849403381348 -0.9979874491691589 0.0289407167583704 0.05642206594347954 56.525611877441406
0.06265834718942642 0.07676703482866287 0.9950782656669617 41.35215377807617 0.02706250734627247 0.9965400695800781 -0.07858388125896454 -2.4309346675872803 -0.9976680278778076 0.03185325115919113 0.060364045202732086 56.572845458984375
0.06632766127586365 0.07799046486616135 0.9947451949119568 42.12278747558594 0.025962164625525475 0.9964682459831238 -0.07985664904117584 -2.488593101501465 -0.9974600672721863 0.031122446060180664 0.06406860053539276 56.62586212158203
0.06969395279884338 0.07908044755458832 0.9944289922714233 42.902374267578125 0.021999187767505646 0.9964886903762817 -0.08078603446483612 -2.5406060218811035 -0.9973257780075073 0.027506930753588676 0.0677095279097557 56.70206832885742
0.07357002049684525 0.07683893293142319 0.994325578212738 43.701019287109375 0.021098274737596512 0.9966843128204346 -0.0785822868347168 -2.6002159118652344 -0.997066855430603 0.026759851723909378 0.0717049166560173 56.76784133911133
0.07852096110582352 0.07663879543542862 0.9939622282981873 44.51689147949219 0.02113921195268631 0.9966884851455688 -0.07851893454790115 -2.6692354679107666 -0.9966883063316345 0.027176963165402412 0.07664087414741516 56.83150100708008
0.08425527065992355 0.08007078617811203 0.9932218790054321 45.31222152709961 0.017990944907069206 0.9964814186096191 -0.08185972273349762 -2.728287696838379 -0.9962817430496216 0.024766113609075546 0.08251827955245972 56.89949417114258
0.0895877406001091 0.08868257701396942 0.9920228719711304 46.10183334350586 0.01575159654021263 0.9957772493362427 -0.09044069051742554 -2.7915282249450684 -0.995854377746582 0.023728324100375175 0.08781255781650543 56.994476318359375
0.09709779173135757 0.09350160509347916 0.9908730387687683 46.885894775390625 0.014885795302689075 0.9953294992446899 -0.09538081288337708 -2.853480100631714 -0.9951635599136353 0.02401120215654373 0.09525246918201447 57.072052001953125
0.10409881919622421 0.09616000205278397 0.989907443523407 47.66347122192383 0.009788167662918568 0.9951677322387695 -0.0977003276348114 -2.9263789653778076 -0.9945188164710999 0.01985986903309822 0.10265456885099411 57.16819763183594
0.11096862703561783 0.09484867751598358 0.9892874956130981 48.47315216064453 0.006687409244477749 0.9953415393829346 -0.09617924690246582 -2.990344285964966 -0.9938013553619385 0.017288653180003166 0.10981740802526474 57.26879119873047
0.11836668848991394 0.09323956817388535 0.9885827302932739 49.281951904296875 0.006668628193438053 0.9954845309257507 -0.09468898922204971 -3.0604655742645264 -0.992947518825531 0.01780051365494728 0.11721043288707733 57.37529373168945
0.1262551248073578 0.08984944224357605 0.9879204630851746 50.112327575683594 0.0061896787956357 0.9957989454269409 -0.0913570299744606 -3.1296379566192627 -0.9919784069061279 0.017649201676249504 0.1251685917377472 57.480918884277344
0.13389432430267334 0.08401596546173096 0.9874277710914612 50.91683578491211 0.004329842980951071 0.9963406324386597 -0.08536144345998764 -3.201773166656494 -0.990986168384552 0.015704821795225143 0.13304059207439423 57.59484100341797
0.14117328822612762 0.07706490904092789 0.9869807958602905 51.7237663269043 0.0015733834588900208 0.9969466924667358 -0.07806812226772308 -3.2596065998077393 -0.9899836182594299 0.012574032880365849 0.14062102138996124 57.71656036376953
0.14824531972408295 0.07383093237876892 0.9861908555030823 52.53694152832031 0.0009303483529947698 0.9971985220909119 -0.07479487359523773 -3.337883710861206 -0.9889501929283142 0.012005489319562912 0.14776133000850677 57.85221862792969
0.15548303723335266 0.07581251859664917 0.9849250912666321 53.35187911987305 0.0011785986134782434 0.9970357418060303 -0.07693078368902206 -3.397956609725952 -0.9878377914428711 0.013122259639203548 0.15493278205394745 57.9849853515625
