1.0 0.0 0.0 0.0 0.0 1.0 0.0 0.0 0.0 0.0 1.0 0.0
0.9999986290931702 0.0007772939861752093 0.001468809787184 -0.00616272259503603 -0.0007705697207711637 0.9999892711639404 -0.004573073238134384 -0.0022782781161367893 -0.0014723485801368952 0.004571935161948204 0.9999884366989136 0.9643425345420837
0.9999966621398926 -0.0014375124592334032 0.002149267354980111 -0.002536545507609844 0.0014489826280623674 0.9999846816062927 -0.0053447638638317585 -0.0008076196536421776 -0.0021415511146187782 0.005347860511392355 0.9999834299087524 1.9188629388809204
0.9999933242797852 -0.002356657525524497 0.002769963815808296 -0.011540242470800877 0.0023603634908795357 0.9999963045120239 -0.001335272565484047 -0.003713759360834956 -0.0027668066322803497 0.0013418019516393542 0.9999952912330627 2.852548360824585
0.999985933303833 -0.004843524657189846 0.002171943197026849 -0.008913424797356129 0.00483287125825882 0.999976396560669 0.004883789923042059 -0.0076264552772045135 -0.0021955466363579035 -0.004873224999755621 0.9999856948852539 3.8011670112609863
0.9999642372131348 -0.008440863341093063 0.0006031530210748315 -0.005620411131531 0.008437746204435825 0.9999518990516663 0.0049964371137320995 -0.004665166139602661 -0.0006452982779592276 -0.004991169087588787 0.9999873042106628 4.739299774169922
0.9999392032623291 -0.011027362197637558 -2.6482215616852045e-05 -0.008614537306129932 0.011027391068637371 0.9999370574951172 0.002060382626950741 -0.0027321260422468185 3.759967967198463e-06 -0.0020605497993528843 0.9999978542327881 5.669246196746826
0.9999302625656128 -0.01177455484867096 -0.000996147864498198 -0.012199407443404198 0.011772922240197659 0.9999293684959412 -0.00162819167599082 0.0033615585416555405 0.0010152485920116305 0.001616350607946515 0.999998152256012 6.595645904541016
0.9999362230300903 -0.011215264908969402 -0.0013317817356437445 -0.020933624356985092 0.011212781071662903 0.9999353885650635 -0.0018566627986729145 -0.0022775791585445404 0.0013525187969207764 0.00184161146171391 0.9999973177909851 7.520562171936035
0.9999359250068665 -0.011060962453484535 -0.0023923092521727085 -0.030552193522453308 0.011061372235417366 0.9999387860298157 0.00015861098654568195 -0.0034200260415673256 0.002390408655628562 -0.00018506357446312904 0.9999971389770508 8.432662010192871
0.9999397397041321 -0.010652328841388226 -0.0026536458171904087 -0.04206783324480057 0.010659155435860157 0.9999397993087769 0.002571539022028446 0.004516426473855972 0.0026260933373123407 -0.0025996696203947067 0.999993085861206 9.37390422821045
0.9999350309371948 -0.010837577283382416 -0.003546531777828932 -0.05053067207336426 0.010852565057575703 0.9999321103096008 0.004234288353472948 0.005614936351776123 0.003500401508063078 -0.004272501915693283 0.9999847412109375 10.295891761779785
0.9999188184738159 -0.01199030689895153 -0.004317180253565311 -0.05277188867330551 0.012012124992907047 0.9999150037765503 0.005064206663519144 0.006231419742107391 0.004256092477589846 -0.005115654319524765 0.9999778270721436 11.20838451385498
0.9999110102653503 -0.01226203702390194 -0.005257801618427038 -0.06018126755952835 0.012290187180042267 0.9999101161956787 0.005355428904294968 0.0060346052050590515 0.005191660486161709 -0.0054195718839764595 0.999971866607666 12.12276554107666
0.9999027848243713 -0.012639453634619713 -0.0058843279257416725 -0.07003473490476608 0.012661954388022423 0.9999126195907593 0.003802523948252201 0.010326981544494629 0.005835751537233591 -0.0038766618818044662 0.9999755620956421 13.02021598815918
0.9998930096626282 -0.012848000042140484 -0.006996836978942156 -0.08352144807577133 0.012858881615102291 0.9999161958694458 0.0015127873048186302 0.020181013271212578 0.006976813077926636 -0.0016025969525799155 0.9999743700027466 13.928055763244629
0.999862551689148 -0.014095700345933437 -0.008728021755814552 -0.09051074087619781 0.014095555059611797 0.9999006390571594 -7.809943053871393e-05 0.028403867036104202 0.008728254586458206 -4.493771120905876e-05 0.9999619126319885 14.83313274383545
0.9998531341552734 -0.013662941753864288 -0.010348336771130562 -0.10867498815059662 0.013656781986355782 0.9999064803123474 -0.000665571540594101 0.027057819068431854 0.010356463491916656 0.000524148577824235 0.9999462366104126 15.740921974182129
0.9998495578765869 -0.012733065523207188 -0.011774079874157906 -0.12389887124300003 0.01271416712552309 0.99991774559021 -0.0016784347826614976 0.028773831203579903 0.011794483289122581 0.001528484164737165 0.9999292492866516 16.640748977661133
0.9998469352722168 -0.011408235877752304 -0.013266206718981266 -0.14136575162410736 0.011389254592359066 0.9999340176582336 -0.001505631604231894 0.02641941048204899 0.013282508589327335 0.001354309031739831 0.999910831451416 17.526870727539062
0.9998199939727783 -0.011960611678659916 -0.014727085828781128 -0.1596066653728485 0.011949262581765652 0.9999282360076904 -0.0008584200986661017 0.028508882969617844 0.014736296609044075 0.0006822876748628914 0.9998912215232849 18.418621063232422
0.9997976422309875 -0.011661156080663204 -0.01639546826481819 -0.17688770592212677 0.011676582507789135 0.9999315142631531 0.0008454300696030259 0.02371111512184143 0.016384487971663475 -0.00103670172393322 0.9998652935028076 19.31194496154785
0.9997800588607788 -0.011371908709406853 -0.0176226906478405 -0.20008878409862518 0.011402634903788567 0.9999336004257202 0.0016438873717561364 0.022995997220277786 0.01760282553732395 -0.0018444713205099106 0.999843418598175 20.18897247314453
0.9997344017028809 -0.012503782287240028 -0.019360845908522606 -0.21417275071144104 0.012539586052298546 0.9999198913574219 0.0017288911622017622 0.02179212123155594 0.01933767832815647 -0.001971208956092596 0.999811053276062 21.078685760498047
0.9997265338897705 -0.01177889946848154 -0.02020742930471897 -0.2440853714942932 0.011792666278779507 0.9999302625656128 0.0005621449672617018 0.027481280267238617 0.020199405029416084 -0.0008002907852642238 0.99979567527771 21.9219970703125
0.9996912479400635 -0.011924033053219318 -0.02180107682943344 -0.264244943857193 0.011947565712034702 0.9999281167984009 0.0009494656114839017 0.02888360619544983 0.021788187325000763 -0.0012096422724425793 0.9997619390487671 22.785022735595703
0.9996716976165771 -0.011637517251074314 -0.02282385714352131 -0.28803500533103943 0.011709142476320267 0.9999269843101501 0.003007103456184268 0.029913946986198425 0.022787190973758698 -0.0032733643893152475 0.9997350573539734 23.646780014038086
0.9996435642242432 -0.01271191705018282 -0.02347559481859207 -0.3072754740715027 0.012855645269155502 0.9998994469642639 0.005981735419481993 0.030199944972991943 0.02339719422161579 -0.0062813968397676945 0.9997064471244812 24.49187469482422
0.9996142387390137 -0.013092823326587677 -0.02448953688144684 -0.3261137306690216 0.013284501619637012 0.9998822212219238 0.0076807779259979725 0.03228335082530975 0.02438608929514885 -0.008003147318959236 0.9996705651283264 25.33144187927246
0.9996200203895569 -0.0121450861915946 -0.02474416419863701 -0.35869625210762024 0.012309816665947437 0.9999030232429504 0.006515967659652233 0.03518468141555786 0.024662625044584274 -0.00681808777153492 0.9996725916862488 26.15834617614746
0.9996182322502136 -0.010382029227912426 -0.025604093447327614 -0.3827395737171173 0.010483834892511368 0.9999376535415649 0.0038451035507023335 0.037084512412548065 0.025562576949596405 -0.0041120657697319984 0.9996647834777832 26.96803092956543
0.9995980858802795 -0.009991837665438652 -0.026527969166636467 -0.4065171182155609 0.01004794705659151 0.9999476075172424 0.0019826542120426893 0.04285081475973129 0.02650676853954792 -0.002248409204185009 0.9996461868286133 27.770408630371094
0.9995911121368408 -0.009009907022118568 -0.027136337012052536 -0.43849968910217285 0.009058872237801552 0.9999575614929199 0.00168202118948102 0.04451838880777359 0.027120033279061317 -0.0019271578639745712 0.999630331993103 28.561660766601562
0.9995495676994324 -0.009203581139445305 -0.028563590720295906 -0.46007925271987915 0.009245799854397774 0.999956488609314 0.0013463236391544342 0.04105090722441673 0.02854994870722294 -0.0016098107444122434 0.999591052532196 29.350543975830078
0.9994831085205078 -0.008927707560360432 -0.03088643029332161 -0.4855203926563263 0.008945837616920471 0.9999599456787109 0.0004488165723159909 0.041905052959918976 0.030881186947226524 -0.0007248895126394928 0.9995227456092834 30.125741958618164
0.9994291067123413 -0.008822109550237656 -0.0326157808303833 -0.5168713927268982 0.008841738104820251 0.9999608993530273 0.00045763730304315686 0.04172597825527191 0.032610468566417694 -0.0007457563187927008 0.9994677901268005 30.892351150512695
0.9993592500686646 -0.009155414998531342 -0.034600771963596344 -0.5385143756866455 0.009214689023792744 0.9999563097953796 0.0015539554879069328 0.04271017014980316 0.03458503633737564 -0.0018717951606959105 0.9994000196456909 31.658573150634766
0.9992775321006775 -0.009350652806460857 -0.036835748702287674 -0.5676355361938477 0.00949875358492136 0.9999474883079529 0.00384763116016984 0.045278728008270264 0.036797843873500824 -0.004194744862616062 0.9993138909339905 32.41327667236328
0.999218225479126 -0.00840921513736248 -0.038631338626146317 -0.6025213599205017 0.008623619563877583 0.999948263168335 0.005386714823544025 0.0471220463514328 0.03858404606580734 -0.005715644918382168 0.9992390275001526 33.1495475769043
0.9991528391838074 -0.007344007957726717 -0.04049191251397133 -0.6342318654060364 0.007579261902719736 0.9999551773071289 0.005659416783601046 0.045394763350486755 0.04044853523373604 -0.005961521994322538 0.9991638660430908 33.87824249267578
0.9990910887718201 -0.005013159941881895 -0.04233257845044136 -0.6746866106987 0.005228114314377308 0.9999740123748779 0.004968560766428709 0.04573054611682892 0.0423065721988678 -0.005185364279896021 0.9990912079811096 34.58612823486328
0.9990162253379822 -0.0029369457624852657 -0.04424959421157837 -0.7092198133468628 0.003131856909021735 0.9999856948852539 0.0043360949493944645 0.04955235868692398 0.044236231595277786 -0.004470411688089371 0.9990110993385315 35.297245025634766
0.9989416003227234 -0.002687138970941305 -0.045917440205812454 -0.7385200262069702 0.0029237603303045034 0.9999827146530151 0.005086806137114763 0.05477882921695709 0.04590298607945442 -0.005215674638748169 0.9989323019981384 36.01399612426758
0.9989066123962402 -0.001229065004736185 -0.0467316210269928 -0.7837218642234802 0.0015650381101295352 0.9999731779098511 0.007153513841331005 0.05584031343460083 0.046721573919057846 -0.007218829356133938 0.9988818168640137 36.69508361816406
0.998907208442688 0.001673729857429862 -0.04670756310224533 -0.823049783706665 -0.0013235644437372684 0.9999707937240601 0.007526904344558716 0.060964107513427734 0.046718794852495193 -0.007456858642399311 0.9988802671432495 37.38384246826172
0.9989369511604309 0.00427546352148056 -0.04589902237057686 -0.8487555980682373 -0.004035143181681633 0.9999776482582092 0.005327197723090649 0.06412144005298615 0.04592077061533928 -0.005136324558407068 0.998931884765625 38.049644470214844
0.9990045428276062 0.006000111345201731 -0.0442042350769043 -0.8830612301826477 -0.005904640536755323 0.9999799132347107 0.0022900088224560022 0.06617549061775208 0.04421708360314369 -0.002026718808338046 0.9990198612213135 38.692626953125
0.9990933537483215 0.006371204741299152 -0.04209337756037712 -0.9127340912818909 -0.006366240791976452 0.9999796152114868 0.0002519874833524227 0.07465304434299469 0.04209412634372711 1.621851697564125e-05 0.9991136193275452 39.34645080566406
0.9992206692695618 0.007363425567746162 -0.038778387010097504 -0.9440320730209351 -0.007319025229662657 0.9999722838401794 0.0012868046760559082 0.07307030260562897 0.038786787539720535 -0.001001980621367693 0.9992470145225525 39.98345947265625
0.9992787837982178 0.012025943957269192 -0.03601586073637009 -0.9691063761711121 -0.011897395364940166 0.9999220967292786 0.00378138548694551 0.0747174322605133 0.03605852648615837 -0.003350163111463189 0.9993441700935364 40.637054443359375
0.9993512630462646 0.016140224412083626 -0.03219500184059143 -0.9955300092697144 -0.015912780538201332 0.9998466968536377 0.007308300584554672 0.0757136344909668 0.03230801969766617 -0.006791247986257076 0.999454915523529 41.2611083984375
0.9993869662284851 0.021330777555704117 -0.02776067517697811 -1.0229746103286743 -0.02110940031707287 0.9997432827949524 0.008243191987276077 0.07981857657432556 0.02792937681078911 -0.007652127183973789 0.9995805025100708 41.86448669433594
0.99943608045578 0.0249665267765522 -0.02245224080979824 -1.0426418781280518 -0.024774733930826187 0.9996544718742371 0.008780248463153839 0.08278965950012207 0.022663695737719536 -0.00821904931217432 0.9997093081474304 42.451927185058594
0.9994458556175232 0.02898424305021763 -0.016370831057429314 -1.060381293296814 -0.028811005875468254 0.9995274543762207 0.010720555670559406 0.08435305953025818 0.016673816367983818 -0.010242953896522522 0.9998084902763367 43.01963806152344
0.9993753433227539 0.03389757126569748 -0.00999276153743267 -1.0723261833190918 -0.0337807759642601 0.999361515045166 0.01163410022854805 0.08932644128799438 0.010380750522017479 -0.011289269663393497 0.9998823404312134 43.58682632446289
0.9992907643318176 0.037544138729572296 -0.0029193218797445297 -1.0793094635009766 -0.03750867396593094 0.9992314577102661 0.01137907337397337 0.09089338779449463 0.0033442964777350426 -0.011261501349508762 0.9999310374259949 44.116966247558594
0.9991569519042969 0.040795840322971344 0.00459903571754694 -1.0839811563491821 -0.04084613546729088 0.9991000890731812 0.011431430466473103 0.09255430102348328 -0.004128541797399521 -0.011609646491706371 0.9999241232872009 44.622684478759766
0.9989343881607056 0.044714994728565216 0.011427544988691807 -1.071001648902893 -0.04483961686491966 0.9989349842071533 0.010892115533351898 0.09718787670135498 -0.010928330942988396 -0.01139291562139988 0.9998753666877747 45.120765686035156
0.998619794845581 0.04891613870859146 0.019126493483781815 -1.0680506229400635 -0.04907550290226936 0.9987634420394897 0.007953295484185219 0.10290232300758362 -0.018713800236582756 -0.008880959823727608 0.9997854828834534 45.594966888427734
0.9983039498329163 0.0513022318482399 0.027515972033143044 -1.0640168190002441 -0.051464032381772995 0.9986612796783447 0.005204214248806238 0.10092025995254517 -0.027212142944335938 -0.006611471064388752 0.9996078014373779 46.05054473876953
0.9980363845825195 0.0517391674220562 0.03530377149581909 -1.0465561151504517 -0.05194265767931938 0.9986381530761719 0.004870575852692127 0.10459183156490326 -0.03500369191169739 -0.006694783456623554 0.9993647336959839 46.477516174316406
0.997770369052887 0.05082836002111435 0.043252069503068924 -1.0217649936676025 -0.051144059747457504 0.9986718893051147 0.006223257631063461 0.1056923121213913 -0.04287831485271454 -0.008421468548476696 0.9990447759628296 46.877685546875
0.9972854852676392 0.05292879790067673 0.05118609964847565 -1.0002429485321045 -0.053352080285549164 0.9985517263412476 0.006937885656952858 0.10799005627632141 -0.05074474960565567 -0.009649937972426414 0.9986650347709656 47.267974853515625
0.9966133832931519 0.05598573386669159 0.06022780016064644 -0.9897031784057617 -0.05652626231312752 0.9983742833137512 0.007307451218366623 0.10490304231643677 -0.05972076952457428 -0.010687154717743397 0.9981579184532166 47.62421798706055
0.9957854747772217 0.06098799407482147 0.06849754601716995 -0.9585087299346924 -0.06157500669360161 0.9980813264846802 0.006489417515695095 0.10908082127571106 -0.06797034293413162 -0.010679803788661957 0.9976301193237305 47.95029067993164
0.9948727488517761 0.06472288817167282 0.07771199941635132 -0.9399440288543701 -0.06544576585292816 0.9978330135345459 0.006788862869143486 0.10513430833816528 -0.07710420340299606 -0.011839975602924824 0.9969527125358582 48.24748229980469
0.9941408634185791 0.06388483196496964 0.08719351887702942 -0.9112339019775391 -0.06477725505828857 0.997871994972229 0.0074414354749023914 0.10329219698905945 -0.08653256297111511 -0.013045990839600563 0.996163547039032 48.53214645385742
0.9932324886322021 0.06273477524518967 0.09774301946163177 -0.8719005584716797 -0.06357558071613312 0.9979617595672607 0.005508481524884701 0.10334238409996033 -0.0971982330083847 -0.011685269884765148 0.9951963424682617 48.80799865722656
0.9920845627784729 0.061308275908231735 0.1095881462097168 -0.8384532928466797 -0.06180845946073532 0.9980873465538025 0.0011697750305756927 0.09827464073896408 -0.10930681973695755 -0.00793398916721344 0.9939764142036438 49.0662956237793
0.9904729127883911 0.06238030642271042 0.12276847660541534 -0.7955365180969238 -0.06248142197728157 0.9980415105819702 -0.003029871266335249 0.10042218863964081 -0.12271703034639359 -0.004669744521379471 0.9924306869506836 49.33251190185547
0.9883344769477844 0.06397491693496704 0.13821107149124146 -0.7555489540100098 -0.06387318670749664 0.9979446530342102 -0.005175860598683357 0.09792390465736389 -0.13825812935829163 -0.003712499514222145 0.9903892874717712 49.59770202636719
0.9858406782150269 0.06568435579538345 0.15428465604782104 -0.7036595344543457 -0.06546023488044739 0.997833788394928 -0.006537977140396833 0.09538590908050537 -0.15437987446784973 -0.003654106054455042 0.9880048036575317 49.84529113769531
0.9829968810081482 0.06624668836593628 0.1712561547756195 -0.6491870880126953 -0.06588953733444214 0.9977967143058777 -0.007775062695145607 0.0953654944896698 -0.17139385640621185 -0.0036411252804100513 0.9851958751678467 50.10286331176758
0.9797176718711853 0.06511665135622025 0.18950748443603516 -0.5905532836914062 -0.0645427480340004 0.9978724718093872 -0.009205133654177189 0.09784090518951416 -0.18970371782779694 -0.003212901996448636 0.9818361401557922 50.36467742919922
0.9758278727531433 0.0643555298447609 0.20885014533996582 -0.5229377746582031 -0.06378138810396194 0.9979187846183777 -0.009489797055721283 0.09378048777580261 -0.20902621746063232 -0.004060343839228153 0.9779015779495239 50.60563278198242
0.9712992906570435 0.06454615294933319 0.2289355844259262 -0.44962310791015625 -0.06385976076126099 0.9979046583175659 -0.010413230396807194 0.08593505620956421 -0.22912800312042236 -0.004505407530814409 0.9733859300613403 50.83592224121094
0.9660001993179321 0.06681954115629196 0.24975764751434326 -0.37146854400634766 -0.06567811965942383 0.9977573156356812 -0.012910988181829453 0.08668339252471924 -0.25006020069122314 -0.003931595478206873 0.9682223200798035 51.07451248168945
0.9597345590591431 0.06792532652616501 0.27257248759269714 -0.2881593704223633 -0.06631108373403549 0.997684121131897 -0.015140908770263195 0.08580029010772705 -0.2729697525501251 -0.003543323138728738 0.9620160460472107 51.323150634765625
0.9524229168891907 0.06952107697725296 0.29674461483955383 -0.19192886352539062 -0.06781414896249771 0.9975687861442566 -0.01605527475476265 0.0718994140625 -0.29713937640190125 -0.00483207032084465 0.9548218846321106 51.55777359008789
0.9438666105270386 0.07227670401334763 0.3223227858543396 -0.09249687194824219 -0.07056349515914917 0.9973621964454651 -0.017012586817145348 0.06505054235458374 -0.3227021396160126 -0.0066866083070635796 0.9464769959449768 51.79421615600586
0.9339902400970459 0.07432262599468231 0.34948310256004333 0.017271041870117188 -0.07256463915109634 0.9971988797187805 -0.018140407279133797 0.05730074644088745 -0.3498522937297821 -0.008417148143053055 0.936767041683197 52.032752990722656
0.9227680563926697 0.07500332593917847 0.37798622250556946 0.1364898681640625 -0.07303649932146072 0.9971374869346619 -0.019558599218726158 0.050477445125579834 -0.3783711791038513 -0.009558741003274918 0.9256046414375305 52.270957946777344
0.9101835489273071 0.07286781817674637 0.4077450931072235 0.2799835205078125 -0.07011456042528152 0.9973025918006897 -0.02171488106250763 0.04072725772857666 -0.40822750329971313 -0.008824337273836136 0.9128376245498657 52.50621795654297
0.8952136039733887 0.07032947987318039 0.44005271792411804 0.4262275695800781 -0.06631548702716827 0.99749755859375 -0.02451290376484394 0.03329932689666748 -0.44067543745040894 -0.007238023914396763 0.8976373076438904 52.7342643737793
0.8778472542762756 0.06953465193510056 0.47386616468429565 0.5796546936035156 -0.06351083517074585 0.9975676536560059 -0.02872689813375473 0.023285746574401855 -0.4747110605239868 -0.004877807572484016 0.8801282644271851 52.95527267456055
0.8583767414093018 0.0715312585234642 0.5080084204673767 0.7468852996826172 -0.06298752874135971 0.9974343776702881 -0.03401656076312065 0.01792740821838379 -0.5091384053230286 -0.0027991789393126965 0.8606799840927124 53.175537109375
0.8365534543991089 0.07345924526453018 0.5429384112358093 0.9341773986816406 -0.06249711662530899 0.9972970485687256 -0.03863881528377533 0.00938713550567627 -0.5443092584609985 -0.0016086564864963293 0.838883101940155 53.40302658081055
0.81194669008255 0.0760648250579834 0.5787544250488281 1.1294136047363281 -0.06328336894512177 0.9971001744270325 -0.04226582869887352 -0.001466512680053711 -0.5802911520004272 -0.0023079286329448223 0.8144058585166931 53.62770462036133
0.7843837141990662 0.08025441318750381 0.6150621175765991 1.3409461975097656 -0.06645012646913528 0.9967602491378784 -0.04531574994325638 -0.012443065643310547 -0.6167061924934387 -0.0053260112181305885 0.7871754169464111 53.861000061035156
0.7543935179710388 0.0847020223736763 0.6509345769882202 1.5669574737548828 -0.07012682408094406 0.996364414691925 -0.048377878963947296 -0.02672410011291504 -0.6526656746864319 -0.00915201473981142 0.757590651512146 54.089805603027344
0.7212068438529968 0.08568800985813141 0.6873996257781982 1.8239631652832031 -0.06973453611135483 0.9962598085403442 -0.051024895161390305 -0.0461728572845459 -0.6892008781433105 -0.01113598421216011 0.7244847416877747 54.32512664794922
0.6846390962600708 0.08320949971675873 0.7241170406341553 2.105070114135742 -0.06603992730379105 0.9964576959609985 -0.05206512287259102 -0.06520307064056396 -0.7258843779563904 -0.012174825184047222 0.6877089738845825 54.54562759399414
0.6453784108161926 0.0818343237042427 0.759466826915741 2.401845932006836 -0.06326571106910706 0.9965552687644958 -0.05361933633685112 -0.08806037902832031 -0.7612385749816895 -0.013443452306091785 0.6483325362205505 54.759803771972656
0.6027425527572632 0.08109083771705627 0.7938045263290405 2.7337589263916016 -0.061029039323329926 0.9965936541557312 -0.05546681955456734 -0.11067557334899902 -0.7955983877182007 -0.015012919902801514 0.6056382656097412 54.978057861328125
0.5564876794815063 0.08108197152614594 0.8268900513648987 3.0987091064453125 -0.05748066306114197 0.9965994358062744 -0.05903925001621246 -0.12843775749206543 -0.828865110874176 -0.014675569720566273 0.5592560172080994 55.189796447753906
0.5075489282608032 0.07970581948757172 0.8579283356666565 3.4669723510742188 -0.054176215082407 0.996694028377533 -0.06054729223251343 -0.15565824508666992 -0.8599180579185486 -0.015748601406812668 0.5101891160011292 55.38441467285156
0.4593427777290344 0.07846301794052124 0.88478684425354 3.9029808044433594 -0.05260024964809418 0.9967455863952637 -0.06108379736542702 -0.1718367338180542 -0.8867003321647644 -0.018481606617569923 0.46197509765625 55.56975555419922
0.4101826250553131 0.07596445828676224 0.9088342785835266 4.341428756713867 -0.05154166743159294 0.9968632459640503 -0.06006011366844177 -0.1954960823059082 -0.910545825958252 -0.02220722660422325 0.412811279296875 55.73125076293945
0.35938119888305664 0.07575705647468567 0.93011075258255 4.794260025024414 -0.054697394371032715 0.9966958165168762 -0.06004610285162926 -0.21775031089782715 -0.9315864443778992 -0.029295189306139946 0.36233749985694885 55.894813537597656
0.31032413244247437 0.07662288844585419 0.9475377798080444 5.267055511474609 -0.05285429209470749 0.9965952038764954 -0.06327984482049942 -0.23612689971923828 -0.9491603970527649 -0.030444171279668808 0.31331735849380493 56.02264404296875
0.26265543699264526 0.07293222844600677 0.962129533290863 5.740324974060059 -0.04209161549806595 0.9970561265945435 -0.06408903002738953 -0.2764521837234497 -0.9639711380004883 -0.02366424910724163 0.2649521231651306 56.113624572753906
0.21849876642227173 0.06728724390268326 0.9735146760940552 6.251836776733398 -0.02850406803190708 0.9976342916488647 -0.06255678832530975 -0.300553560256958 -0.9754208326339722 -0.014080539345741272 0.21989983320236206 56.18785095214844
0.17628049850463867 0.06624005734920502 0.9821087121963501 6.772357940673828 -0.019263822585344315 0.9977743029594421 -0.06383895874023438 -0.33039164543151855 -0.9841514825820923 -0.007665599230676889 0.17716416716575623 56.24870681762695
0.13774800300598145 0.06787809729576111 0.9881386756896973 7.311611175537109 -0.015917044132947922 0.9976718425750732 -0.06631409376859665 -0.35181719064712524 -0.9903393983840942 -0.006593605503439903 0.13850772380828857 56.305545806884766
0.105441153049469 0.06855088472366333 0.9920599460601807 7.821673393249512 -0.007338167168200016 0.9976476430892944 -0.06815704703330994 -0.3891064524650574 -0.9943985939025879 -9.334313654107973e-05 0.10569614171981812 56.317047119140625
0.07633359730243683 0.0668170154094696 0.9948410987854004 8.384052276611328 -4.332070238888264e-05 0.9977524280548096 -0.06700921803712845 -0.426513671875 -0.9970824122428894 0.005071957129985094 0.07616490125656128 56.340911865234375
0.05138514190912247 0.06493474543094635 0.996565580368042 8.951423645019531 0.006457529030740261 0.9978413581848145 -0.06535083800554276 -0.4640201926231384 -0.9986580610275269 0.009793412871658802 0.05085489898920059 56.350765228271484
0.03151421248912811 0.06406323611736298 0.9974480271339417 9.530622482299805 0.01168169267475605 0.9978520274162292 -0.06445824354887009 -0.4885903000831604 -0.9994351267814636 0.013683234341442585 0.030698150396347046 56.350547790527344
0.015708308666944504 0.06637822091579437 0.9976708889007568 10.111434936523438 0.014582092873752117 0.9976726770401001 -0.06660793721675873 -0.5112776160240173 -0.9997702836990356 0.0155944237485528 0.014703815802931786 56.34511947631836
0.002043977379798889 0.06610449403524399 0.9978106617927551 10.709263801574707 0.015051747672259808 0.997697651386261 -0.06612783670425415 -0.54726642370224 -0.9998846054077148 0.015153957530856133 0.0010442817583680153 56.34394454956055
-0.009332310408353806 0.06698363274335861 0.9977103471755981 11.32086181640625 0.01627974584698677 0.997631847858429 -0.06682608276605606 -0.5822428464889526 -0.9998239874839783 0.015618829987943172 -0.010400689207017422 56.33336639404297
-0.018251987174153328 0.06969815492630005 0.9974010586738586 11.940680503845215 0.021013595163822174 0.9973737597465515 -0.06931169331073761 -0.625504195690155 -0.99961256980896 0.019693909212946892 -0.019668664783239365 56.31049728393555
-0.0249348022043705 0.07170605659484863 0.9971140027046204 12.574633598327637 0.02500663511455059 0.9971568584442139 -0.07108379900455475 -0.6566961407661438 -0.9993762373924255 0.023162009194493294 -0.026657039299607277 56.2861213684082
-0.02940186858177185 0.07104834914207458 0.9970394372940063 13.216024398803711 0.025589095428586006 0.9971973299980164 -0.0703050047159195 -0.6914212107658386 -0.9992401599884033 0.02344623953104019 -0.031137526035308838 56.264522552490234
-0.033188119530677795 0.06839927285909653 0.9971058368682861 13.870206832885742 0.023142443969845772 0.9974404573440552 -0.06765194982290268 -0.7272921800613403 -0.9991812109947205 0.020830225199460983 -0.034686099737882614 56.24871826171875
-0.03606032580137253 0.06145072728395462 0.9974583983421326 14.55708122253418 0.021363863721489906 0.9979269504547119 -0.06070723757147789 -0.7666842937469482 -0.9991212487220764 0.019120443612337112 -0.03729839622974396 56.243934631347656
-0.03690953552722931 0.05609956383705139 0.9977426528930664 15.252889633178711 0.022479703649878502 0.998216986656189 -0.05529463663697243 -0.7997328042984009 -0.9990657567977905 0.020388061180710793 -0.0381048321723938 56.202430725097656
-0.037222474813461304 0.053515221923589706 0.9978730082511902 15.943441390991211 0.02500682696700096 0.9983022809028625 -0.05260544270277023 -0.834256112575531 -0.9989941120147705 0.022995533421635628 -0.03849753364920616 56.17207717895508
-0.036941759288311005 0.055469486862421036 0.9977766871452332 16.63230323791504 0.028724798932671547 0.9981046915054321 -0.05442420765757561 -0.8777196407318115 -0.9989045262336731 0.026650408282876015 -0.03846509009599686 56.14070510864258
-0.03609480708837509 0.06279963254928589 0.9973732829093933 17.336101531982422 0.02943078614771366 0.9976575374603271 -0.061752431094646454 -0.9097161293029785 -0.9989149570465088 0.027124539017677307 -0.037858493626117706 56.118186950683594
-0.033982474356889725 0.07106141000986099 0.9968929290771484 18.04047393798828 0.030270863324403763 0.9970845580101013 -0.07004319876432419 -0.9430830478668213 -0.9989640116691589 0.027796564623713493 -0.03603449463844299 56.1000862121582
-0.03172898292541504 0.07192080467939377 0.9969055652618408 18.785314559936523 0.03089754842221737 0.9970016479492188 -0.07094432413578033 -0.9783375263214111 -0.9990188479423523 0.028550947085022926 -0.033856023102998734 56.062828063964844
-0.029665950685739517 0.06760697066783905 0.9972710013389587 19.513517379760742 0.030193965882062912 0.9973153471946716 -0.06671179085969925 -1.0202120542526245 -0.9991037249565125 0.028132498264312744 -0.031627632677555084 56.04773712158203
-0.02686998061835766 0.06115381792187691 0.9977666735649109 20.263362884521484 0.02973054349422455 0.9977343082427979 -0.06035119295120239 -1.0664182901382446 -0.9991967082023621 0.0280425064265728 -0.028627237305045128 56.025047302246094
-0.023706983774900436 0.059561632573604584 0.997943103313446 21.001941680908203 0.027864905074238777 0.9978751540184021 -0.058895621448755264 -1.1085636615753174 -0.9993305802345276 0.026411352679133415 -0.02531629242002964 56.010643005371094
-0.020260412245988846 0.06494947522878647 0.9976829290390015 21.727336883544922 0.03558420017361641 0.9973023533821106 -0.06420207023620605 -1.1534254550933838 -0.9991613030433655 0.03420098498463631 -0.02251693233847618 55.98912811279297
-0.017996249720454216 0.0703306794166565 0.9973613023757935 22.47902488708496 0.03741605579853058 0.9968715906143188 -0.0696210041642189 -1.2005194425582886 -0.9991376399993896 0.036064404994249344 -0.020571447908878326 55.986839294433594
-0.01575627364218235 0.07097983360290527 0.997353196144104 23.21367835998535 0.03111519291996956 0.9970288276672363 -0.07046517729759216 -1.2423229217529297 -0.9993915557861328 0.029922567307949066 -0.017918014898896217 55.992305755615234
-0.012360388413071632 0.06750263273715973 0.997642457485199 23.95462417602539 0.026712214574217796 0.9973849654197693 -0.06715425848960876 -1.2855238914489746 -0.9995667338371277 0.025819189846515656 -0.014131215400993824 55.989166259765625
-0.007294141687452793 0.06356301158666611 0.9979511499404907 24.69263458251953 0.03083253651857376 0.997517466545105 -0.06331004202365875 -1.3398281335830688 -0.9994979500770569 0.030307572335004807 -0.009235844947397709 55.97780227661133
-0.003968478180468082 0.06489438563585281 0.9978842735290527 25.456579208374023 0.03533148020505905 0.9972781538963318 -0.0647144466638565 -1.3850797414779663 -0.9993677735328674 0.03499990701675415 -0.0062504918314516544 55.97275161743164
-0.0012086345814168453 0.06949742883443832 0.997581422328949 26.20244598388672 0.03515273705124855 0.9969685077667236 -0.06941213458776474 -1.428670048713684 -0.9993812441825867 0.03498382121324539 -0.0036479951813817024 55.9752311706543
0.0025620758533477783 0.06995262950658798 0.9975470900535583 26.945789337158203 0.031397745013237 0.9970528483390808 -0.06999862194061279 -1.476223111152649 -0.9995036721229553 0.03150006756186485 0.00035816943272948265 55.989559173583984
0.00620436342433095 0.06958229839801788 0.9975569248199463 27.692441940307617 0.03075530007481575 0.9970909357070923 -0.06974108517169952 -1.5213309526443481 -0.9995077252388 0.031112857162952423 0.004046289250254631 55.99930953979492
0.009992223232984543 0.06670617312192917 0.9977227449417114 28.44367027282715 0.0344160795211792 0.9971582889556885 -0.06701313704252243 -1.572266936302185 -0.9993576407432556 0.0350072979927063 0.007668063044548035 55.99787902832031
0.013618049211800098 0.0671856477856636 0.9976475834846497 29.1915283203125 0.038847826421260834 0.9969512820243835 -0.06766904145479202 -1.621185541152954 -0.9991523027420044 0.03967795893549919 0.01096651516854763 56.00275421142578
0.01742660067975521 0.06835371255874634 0.9975089430809021 29.935529708862305 0.041692256927490234 0.9967430830001831 -0.06902960687875748 -1.6661357879638672 -0.9989786148071289 0.04279134422540665 0.014520019292831421 56.00892639160156
0.02002059854567051 0.06840040534734726 0.9974570870399475 30.68516731262207 0.04155563935637474 0.9967379570007324 -0.06918518990278244 -1.7099754810333252 -0.9989355802536011 0.04283509775996208 0.017112866044044495 56.03031921386719
0.023163804784417152 0.066403329372406 0.9975239634513855 31.438434600830078 0.04338529333472252 0.9967849254608154 -0.06736159324645996 -1.7695777416229248 -0.9987897872924805 0.044838231056928635 0.02020839974284172 56.05181884765625
0.02687009423971176 0.06582494080066681 0.997469425201416 32.18928527832031 0.045544497668743134 0.9967128038406372 -0.06700189411640167 -1.8114254474639893 -0.9986008405685425 0.0472295843064785 0.02378380112349987 56.072689056396484
0.029422879219055176 0.0659916028380394 0.9973862767219543 32.93960952758789 0.04351949691772461 0.9967874884605408 -0.0672358050942421 -1.8604302406311035 -0.9986192584037781 0.04538401961326599 0.026456434279680252 56.101654052734375
0.032781071960926056 0.06782606989145279 0.9971584677696228 33.7026481628418 0.04092536121606827 0.9967668056488037 -0.06914480775594711 -1.905693531036377 -0.9986243844032288 0.04307570680975914 0.029899274930357933 56.127227783203125
0.03508124127984047 0.0679425373673439 0.9970722794532776 34.44605255126953 0.04247461259365082 0.9966835379600525 -0.06941048055887222 -1.9515159130096436 -0.9984814524650574 0.044785261154174805 0.032079067081213 56.16826248168945
0.03829214349389076 0.06748037785291672 0.9969854950904846 35.20669937133789 0.04055630788207054 0.99679034948349 -0.06902483105659485 -2.0013375282287598 -0.9984432458877563 0.04307716339826584 0.03543247655034065 56.184173583984375
0.04093719273805618 0.06811743229627609 0.9968370795249939 35.96881103515625 0.038891762495040894 0.9968087077140808 -0.06971266120672226 -2.0446438789367676 -0.9984044432640076 0.041622597724199295 0.03815734386444092 56.21651840209961
0.043640099465847015 0.06780581921339035 0.9967436790466309 36.72663116455078 0.036093730479478836 0.9969357848167419 -0.06939917057752609 -2.0997278690338135 -0.9983952045440674 0.03900477662682533 0.041059017181396484 56.25938034057617
0.046525586396455765 0.06993244588375092 0.9964661002159119 37.49291229248047 0.03432502597570419 0.9968453645706177 -0.07156173139810562 -2.1471755504608154 -0.9983271956443787 0.03753316402435303 0.04397837817668915 56.30540466308594
0.04998566210269928 0.07317934185266495 0.9960653185844421 38.26274871826172 0.03308475762605667 0.9966434240341187 -0.07488209754228592 -2.2044055461883545 -0.9982019066810608 0.036697618663311005 0.04739675298333168 56.35029220581055
0.053057461977005005 0.07519091665744781 0.9957566261291504 39.02643966674805 0.033381879329681396 0.9964702725410461 -0.07702351361513138 -2.257943868637085 -0.998033344745636 0.03732690587639809 0.050360169261693954 56.39129638671875
0.05590604990720749 0.07761111110448837 0.9954150319099426 39.79840087890625 0.027465946972370148 0.9964773058891296 -0.07923653721809387 -2.3065245151519775 -0.9980581998825073 0.03176981583237648 0.053577449172735214 56.446022033691406
0.05844854190945625 0.07662899792194366 0.9953450560569763 40.57611846923828 0.023812368512153625 0.9966588020324707 -0.07812845706939697 -2.3620758056640625 -0.998006284236908 0.028268013149499893 0.056428536772727966 56.50532913208008
0.06230644881725311 0.07722309231758118 0.9950650930404663 41.35697555541992 0.025886787101626396 0.9965416789054871 -0.07895861566066742 -2.4194631576538086 -0.9977213144302368 0.03067866712808609 0.06009191274642944 56.556480407714844
0.06620142608880997 0.07858453691005707 0.994706928730011 42.1304817199707 0.02505703829228878 0.9964485168457031 -0.08038978278636932 -2.4743080139160156 -0.9974915981292725 0.030246326699852943 0.06399721652269363 56.60163879394531
0.07015953212976456 0.07956863939762115 0.9943573474884033 42.915794372558594 0.021340953186154366 0.996465802192688 -0.08124314248561859 -2.5288400650024414 -0.9973074793815613 0.026920510455965996 0.06821351498365402 56.66547393798828
0.07429122179746628 0.07758616656064987 0.994213879108429 43.70692443847656 0.020509550347924232 0.9966391324996948 -0.07930798083543777 -2.583901882171631 -0.9970256686210632 0.026282766833901405 0.07245028018951416 56.73141098022461
0.07863591611385345 0.07730110734701157 0.9939019083976746 44.51340103149414 0.02016134187579155 0.9966619610786438 -0.07911090552806854 -2.6526527404785156 -0.9966995120048523 0.02625935524702072 0.0768149346113205 56.810340881347656
0.0837613195180893 0.08124418556690216 0.9931683540344238 45.30217361450195 0.016615241765975952 0.9964184165000916 -0.08291133493185043 -2.705057382583618 -0.9963473081588745 0.023446496576070786 0.08211144059896469 56.868873596191406
0.08967892825603485 0.08991532772779465 0.9919036626815796 46.09193420410156 0.014483376406133175 0.9956934452056885 -0.09156832844018936 -2.765821695327759 -0.9958654046058655 0.022577866911888123 0.08799045532941818 56.94867706298828
0.09732362627983093 0.0945429801940918 0.990752100944519 46.8917236328125 0.013561762869358063 0.9952594637870789 -0.09630529582500458 -2.8318443298339844 -0.9951602816581726 0.02280912920832634 0.0955801010131836 57.032047271728516
0.10463514178991318 0.09757287800312042 0.9897125959396362 47.6988410949707 0.008898243308067322 0.9950438737869263 -0.09903918206691742 -2.9012441635131836 -0.9944708347320557 0.01916968636214733 0.10324831306934357 57.13042449951172
0.11148624867200851 0.0959906280040741 0.9891191124916077 48.50627136230469 0.0053652566857635975 0.9952513575553894 -0.09719046950340271 -2.968785524368286 -0.9937514662742615 0.01614227518439293 0.11044181138277054 57.230247497558594
0.11877036094665527 0.09471625834703445 0.9883939027786255 49.31504821777344 0.0053204880096018314 0.995364785194397 -0.09602361172437668 -3.0362818241119385 -0.9929074645042419 0.01666349545121193 0.11771590262651443 57.338653564453125
0.12647488713264465 0.0910504013299942 0.9877822995185852 50.143497467041016 0.004891568794846535 0.9957093000411987 -0.09240739047527313 -3.109208583831787 -0.9919577240943909 0.01651902124285698 0.125486820936203 57.45051574707031
0.13390249013900757 0.08567750453948975 0.9872838854789734 50.94758605957031 0.00274619716219604 0.9962196946144104 -0.08682543784379959 -3.1769185066223145 -0.9909906387329102 0.014337418600916862 0.1331610232591629 57.564849853515625
0.14118415117263794 0.07830376923084259 0.9868817925453186 51.76105880737305 0.00028745271265506744 0.996863603591919 -0.07913690060377121 -3.2381129264831543 -0.9899832606315613 0.011456559412181377 0.14071884751319885 57.68370819091797
0.14847411215305328 0.07552929222583771 0.9860277771949768 52.56172561645508 -0.00011233111581532285 0.9970803260803223 -0.07635901123285294 -3.3108041286468506 -0.9889163970947266 0.011226573027670383 0.14804905652999878 57.8098030090332
0.15577460825443268 0.07711545377969742 0.9847778677940369 53.36278533935547 -0.00040350554627366364 0.9969528913497925 -0.07800502330064774 -3.3755600452423096 -0.9877926111221313 0.011753837577998638 0.15533104538917542 57.9427375793457
