1.0 0.0 0.0 0.0 0.0 1.0 0.0 0.0 0.0 0.0 1.0 0.0
1.0 -5.0762289902195334e-05 0.00011743820505216718 -0.014596328139305115 5.059310205979273e-05 0.9999989867210388 0.0014402242377400398 -0.012577925808727741 -0.00011751119018299505 -0.0014402183005586267 0.999998927116394 1.3157157897949219
0.9999985694885254 -0.001549949636682868 -0.0006688986322842538 -0.010018404573202133 0.001551119377836585 0.9999972581863403 0.0017521443078294396 -0.038675934076309204 0.0006661810912191868 -0.0017531795892864466 0.9999982118606567 2.6181516647338867
0.9999960660934448 -0.002711888402700424 -0.000701040611602366 -0.014325817115604877 0.002712374785915017 0.9999960660934448 0.0006931487587280571 -0.05391911044716835 0.0006991581176407635 -0.0006950473762117326 0.9999995231628418 3.9304423332214355
0.9999954104423523 -0.002946702530607581 -0.0005802149535156786 -0.024686750024557114 0.002947127679362893 0.9999954104423523 0.0007344651385210454 -0.07112990319728851 0.000578048056922853 -0.0007361717289313674 0.9999995827674866 5.259045124053955
0.999993085861206 -0.003661654656752944 -0.0006777900271117687 -0.02433849684894085 0.0036628423258662224 0.9999917149543762 0.0017601550789549947 -0.09810052812099457 0.0006713393377140164 -0.0017626252956688404 0.9999982118606567 6.573108196258545
0.9999869465827942 -0.005116461776196957 -0.0003597618197090924 -0.032265033572912216 0.0051174103282392025 0.9999833106994629 0.0026864013634622097 -0.11082702875137329 0.0003460110747255385 -0.002688206732273102 0.9999963045120239 7.898287773132324
0.9999890327453613 -0.004657149314880371 -0.0004163393168710172 -0.03976793214678764 0.004658552352339029 0.9999831914901733 0.0034342999570071697 -0.13394664227962494 0.0004003382637165487 -0.0034362017177045345 0.9999940395355225 9.234769821166992
0.9999936819076538 -0.003514721291139722 -0.0005756574682891369 -0.05072133615612984 0.0035155678633600473 0.9999927282333374 0.0014749609399586916 -0.14954175055027008 0.0005704691866412759 -0.0014769749250262976 0.9999988079071045 10.58092975616455
0.9999986290931702 -0.0013470640406012535 -0.0009349308093078434 -0.05233677104115486 0.0013467003591358662 0.9999989867210388 -0.00038937246426939964 -0.17291319370269775 0.0009354543872177601 0.00038811354897916317 0.9999995827674866 11.93414306640625
0.9999970197677612 0.002368143992498517 -0.0005846346612088382 -0.0723472461104393 -0.002368856454268098 0.9999963641166687 -0.0012223568046465516 -0.20138056576251984 0.0005817378405481577 0.0012237377231940627 0.9999991059303284 13.245915412902832
0.9999881386756897 0.004813141655176878 -0.0007367809303104877 -0.083430215716362 -0.0048141879960894585 0.9999874234199524 -0.0014246171340346336 -0.22277183830738068 0.0007299149292521179 0.0014281473122537136 0.9999987483024597 14.586203575134277
0.9999827742576599 0.005868824198842049 -0.00021432248468045145 -0.09811968356370926 -0.0058689238503575325 0.9999825954437256 -0.0004681074642576277 -0.2444056123495102 0.00021157153241802007 0.00046935732825659215 0.9999998807907104 15.932865142822266
0.9999944567680359 0.0033381253015249968 -3.684632247313857e-05 -0.09992179274559021 -0.003338027512654662 0.9999915361404419 0.0023952515330165625 -0.2648935914039612 4.484165401663631e-05 -0.0023951148614287376 0.999997079372406 17.287107467651367
0.999999463558197 -0.0010784176411107183 -1.4366523828357458e-05 -0.09481850266456604 0.001078470260836184 0.9999898672103882 0.00437657767906785 -0.28981900215148926 9.646711987443268e-06 -0.00437658978626132 0.9999904632568359 18.657804489135742
0.9999929666519165 -0.0037500278558582067 -0.0001469168346375227 -0.09864255785942078 0.003750305622816086 0.9999910593032837 0.0019384273327887058 -0.3033657968044281 0.00013964636309538037 -0.0019389643566682935 0.9999980926513672 19.98749351501465
0.9999898672103882 -0.004495946690440178 -9.604357182979584e-05 -0.11097162961959839 0.004495950415730476 0.9999898672103882 3.661215305328369e-05 -0.32057830691337585 9.587797831045464e-05 -3.704335540533066e-05 1.0 21.33280372619629
0.9999971985816956 -0.0018677178304642439 0.0014262935146689415 -0.13634011149406433 0.0018699222709983587 0.9999970197677612 -0.0015458808047696948 -0.34165650606155396 -0.001423401990905404 0.0015485432231798768 0.9999977350234985 22.676301956176758
0.9999986886978149 0.0007616662187501788 0.0014115022495388985 -0.12463351339101791 -0.0007620275719091296 0.9999997019767761 0.0002555632090661675 -0.3651541471481323 -0.0014113069046288729 -0.0002566385082900524 0.9999989867210388 24.051599502563477
0.9999969005584717 0.001422110479325056 0.0020381701178848743 -0.13059374690055847 -0.0014299142640084028 0.9999916553497314 0.0038323882035911083 -0.38282302021980286 -0.002032702788710594 -0.0038352906703948975 0.9999905824661255 25.429386138916016
0.9999948740005493 -0.00135042704641819 0.002914185868576169 -0.13815876841545105 0.001332753337919712 0.9999807476997375 0.00605810759589076 -0.40123963356018066 -0.002922310493886471 -0.0060541932471096516 0.9999774098396301 26.79914093017578
0.9999786019325256 -0.006318671628832817 0.0016973958117887378 -0.11917321383953094 0.006311775650829077 0.9999719262123108 0.0040381308645009995 -0.4195628762245178 -0.0017228637589141726 -0.004027330782264471 0.9999904036521912 28.186086654663086
0.9999801516532898 -0.006007518153637648 0.0019304193556308746 -0.12736418843269348 0.006003901828080416 0.9999802708625793 0.001873375615105033 -0.4336569905281067 -0.0019416352733969688 -0.001861748518422246 0.9999963641166687 29.555450439453125
0.9999731779098511 -0.006818830501288176 0.002648760797455907 -0.1326027810573578 0.006820860784500837 0.9999764561653137 -0.0007583950646221638 -0.4560565650463104 -0.0026435262989252806 0.0007764415931887925 0.9999961853027344 30.927209854125977
0.9999877214431763 -0.003560514422133565 0.0034279190003871918 -0.1450553685426712 0.0035644988529384136 0.9999929666519165 -0.0011569473426789045 -0.48225221037864685 -0.00342377508059144 0.0011691520921885967 0.9999933838844299 32.30777359008789
0.9999898672103882 -0.0028815576806664467 0.0034650869201868773 -0.1425846815109253 0.002893527504056692 0.9999898672103882 -0.0034543881192803383 -0.5062466263771057 -0.0034550977870821953 0.0034643802791833878 0.9999880194664001 33.684410095214844
0.9999911189079285 -0.0022956577595323324 0.003537500277161598 -0.13961555063724518 0.0023055770434439182 0.9999935030937195 -0.0028025496285408735 -0.5299173593521118 -0.00353104411624372 0.0028106817044317722 0.9999898672103882 35.08029556274414
0.9999921917915344 -0.0015669281128793955 0.00363484607078135 -0.1554136872291565 0.0015739199006929994 0.9999969005584717 -0.0019214791245758533 -0.5516375303268433 -0.00363182439468801 0.0019271846394985914 0.9999915361404419 36.46501159667969
0.9999944567680359 -0.00022395084670279175 0.0033419691026210785 -0.1624794751405716 0.0002241454494651407 1.0 -5.785399116575718e-05 -0.577369213104248 -0.0033419562969356775 5.860289093106985e-05 0.9999943971633911 37.86358642578125
0.9999920129776001 0.0022571380250155926 0.003291807370260358 -0.16409505903720856 -0.002258164808154106 0.9999973177909851 0.0003083407355006784 -0.6066151857376099 -0.0032911032903939486 -0.00031577161280438304 0.9999945163726807 39.264625549316406
0.9999802112579346 0.005037251394242048 0.0037752273492515087 -0.1762934923171997 -0.00503595732152462 0.9999871850013733 -0.00035205946187488735 -0.6237122416496277 -0.003776952624320984 0.00033304080716334283 0.999992847442627 40.659088134765625
0.9999699592590332 0.006856023799628019 0.003609634470194578 -0.1791650503873825 -0.006856943946331739 0.9999764561653137 0.00024269905406981707 -0.6473672389984131 -0.003607885679230094 -0.00026744281058199704 0.9999934434890747 42.074459075927734
0.9999667406082153 0.007503676228225231 0.0032134416978806257 -0.18125726282596588 -0.007503960281610489 0.9999719262123108 7.646968879271299e-05 -0.6674976348876953 -0.003212777664884925 -0.00010058068437501788 0.9999948740005493 43.47764587402344
0.9999732375144958 0.006777599453926086 0.0027461699210107327 -0.18505282700061798 -0.006777895614504814 0.9999769926071167 9.803262946661562e-05 -0.6937278509140015 -0.002745442558079958 -0.00011664332123473287 0.9999961853027344 44.89368438720703
0.9999811053276062 0.005831913091242313 0.0019703838042914867 -0.18386679887771606 -0.005831457674503326 0.9999830722808838 -0.00023665954358875751 -0.7153654098510742 -0.0019717304967343807 0.00022516475291922688 0.9999979734420776 46.28811264038086
0.9999872446060181 0.004955874755978584 0.000976906972937286 -0.18776068091392517 -0.004955957178026438 0.9999877214431763 8.212272950913757e-05 -0.740837574005127 -0.0009764879941940308 -8.696324948687106e-05 0.9999995231628418 47.712528228759766
0.9999861717224121 0.005251279100775719 -0.00015060685109347105 -0.19129091501235962 -0.005251104477792978 0.9999855756759644 0.0011292516719549894 -0.7604050040245056 0.00015653477748855948 -0.0011284451466053724 0.9999993443489075 49.138397216796875
0.9999819397926331 0.005910615902394056 -0.001035849330946803 -0.2043164074420929 -0.0059096007607877254 0.9999820590019226 0.0009799930267035961 -0.7855967879295349 0.0010416230652481318 -0.0009738539811223745 0.999998927116394 50.55310821533203
0.9999775886535645 0.006236840505152941 -0.0024289207067340612 -0.21682488918304443 -0.006233270280063152 0.9999794960021973 0.0014744751388207078 -0.8046137094497681 0.0024380667600780725 -0.0014593019150197506 0.9999959468841553 51.96714401245117
0.9999757409095764 0.0061252121813595295 -0.003319032955914736 -0.23070333898067474 -0.00611744774505496 0.9999785423278809 0.002344507724046707 -0.8289415240287781 0.0033333224710077047 -0.0023241466842591763 0.9999917149543762 53.3980712890625
0.999981701374054 0.0048350379802286625 -0.0036292492877691984 -0.2464624047279358 -0.004822863731533289 0.9999827742576599 0.003355602500960231 -0.8491256833076477 0.003645410994067788 -0.0033380379900336266 0.999987781047821 54.83429718017578
0.9999865293502808 0.00255949585698545 -0.004512978717684746 -0.25124919414520264 -0.002543434500694275 0.9999904036521912 0.003561105579137802 -0.8717696666717529 0.004522049333900213 -0.00354957883246243 0.9999834895133972 56.282012939453125
0.9999896287918091 0.00040810208884067833 -0.004537251777946949 -0.27716064453125 -0.00039481386193074286 0.9999956488609314 0.0029292034450918436 -0.8910118937492371 0.004538427572697401 -0.002927381545305252 0.99998539686203 57.66631317138672
0.9999886751174927 -0.0006900998414494097 -0.00471565593034029 -0.2897094786167145 0.0007066063117235899 0.9999936819076538 0.0034995574969798326 -0.9125823974609375 0.004713210742920637 -0.0035028494894504547 0.9999827146530151 59.089691162109375
0.9999896883964539 -0.0017050703754648566 -0.004209303297102451 -0.2986779808998108 0.0017211447702720761 0.999991238117218 0.0038181692361831665 -0.931016743183136 0.00420275516808033 -0.0038253755774348974 0.9999838471412659 60.52610778808594
0.9999889135360718 -0.0030071381479501724 -0.0036311133299022913 -0.30854785442352295 0.0030240293126553297 0.9999845623970032 0.004655260592699051 -0.949114203453064 0.003617058042436838 -0.004666189197450876 0.9999825358390808 61.955780029296875
0.9999873042106628 -0.004093356430530548 -0.0029250821098685265 -0.329277366399765 0.0041060722433030605 0.9999820590019226 0.004354632459580898 -0.9778116941452026 0.002907204907387495 -0.004366588778793812 0.9999862313270569 63.3531494140625
0.9999843239784241 -0.005115149542689323 -0.0022663050331175327 -0.34201765060424805 0.00512279337272048 0.999981164932251 0.003380432492122054 -0.9934208393096924 0.002248970791697502 -0.003391989739611745 0.9999917149543762 64.7653579711914
0.9999822974205017 -0.005588442552834749 -0.002051059389486909 -0.3429487645626068 0.005595178809016943 0.9999790191650391 0.0032936292700469494 -1.0210095643997192 0.0020326098892837763 -0.003305047517642379 0.9999924898147583 66.17787170410156
0.9999884366989136 -0.004666079301387072 -0.0011534004006534815 -0.35244864225387573 0.00466983113437891 0.9999837875366211 0.003271693829447031 -1.038852334022522 0.0011381158838048577 -0.003277042182162404 0.9999939799308777 67.60861206054688
0.9999991655349731 -0.0011013458715751767 -0.0005401470116339624 -0.372362345457077 0.0011037032818421721 0.9999898076057434 0.004383839201182127 -1.058377981185913 0.0005353133310563862 -0.004384432919323444 0.9999902248382568 68.97871398925781
0.9999970197677612 0.0023304459173232317 0.0005884034908376634 -0.3917940557003021 -0.0023337642196565866 0.9999810457229614 0.00570239033550024 -1.0787684917449951 -0.0005751033313572407 -0.005703747272491455 0.999983549118042 70.37445068359375
0.9999815821647644 0.0059602344408631325 0.001098564243875444 -0.3970266580581665 -0.005966956727206707 0.9999628663063049 0.00622150395065546 -1.097443699836731 -0.0010614418424665928 -0.006227944511920214 0.9999799728393555 71.77753448486328
0.9999487400054932 0.009999488480389118 0.0015783024718984962 -0.411213219165802 -0.010008689016103745 0.9999324083328247 0.005932903848588467 -1.1148524284362793 -0.001518869772553444 -0.0059483968652784824 0.9999811053276062 73.17180633544922
0.999904990196228 0.013589494861662388 0.002321818610653281 -0.4264254570007324 -0.013601207174360752 0.9998944401741028 0.005106506869196892 -1.1333492994308472 -0.0022521784994751215 -0.0051376004703342915 0.9999842643737793 74.57807922363281
0.999880313873291 0.01517451275140047 0.0030188921373337507 -0.4333271086215973 -0.015190060250461102 0.9998711347579956 0.005195381119847298 -1.1546831130981445 -0.0029396656900644302 -0.005240615922957659 0.9999819397926331 75.96329498291016
0.9998794198036194 0.015172050334513187 0.003286952618509531 -0.43879449367523193 -0.015189864672720432 0.999869704246521 0.005464718211442232 -1.17037832736969 -0.0032036134507507086 -0.005513988435268402 0.9999796748161316 77.36170959472656
0.9998866319656372 0.014598035253584385 0.0036958125419914722 -0.44983169436454773 -0.014616777189075947 0.9998801946640015 0.005096146836876869 -1.1918079853057861 -0.003620975883677602 -0.005149590317159891 0.9999801516532898 78.73453521728516
0.9999066591262817 0.013189435936510563 0.0035584561992436647 -0.4522208273410797 -0.013204474002122879 0.9999038577079773 0.004236225504428148 -1.211540699005127 -0.0035022401716560125 -0.004282817710191011 0.9999846816062927 80.11965942382812
0.9999161958694458 0.012558047659695148 0.003155334386974573 -0.4548019468784332 -0.012571483850479126 0.9999118447303772 0.00427505886182189 -1.2302539348602295 -0.003101370297372341 -0.004314367659389973 0.9999858736991882 81.49969482421875
0.9999186396598816 0.012436500750482082 0.0028364830650389194 -0.4562493562698364 -0.012448746711015701 0.9999130368232727 0.00434015691280365 -1.2490934133529663 -0.002782259602099657 -0.004375114105641842 0.9999865293502808 82.87980651855469
0.9999281764030457 0.011812894605100155 0.002020888729020953 -0.44875138998031616 -0.011820551007986069 0.9999227523803711 0.003820308716967702 -1.265293836593628 -0.0019756038673222065 -0.0038439221680164337 0.9999906420707703 84.25782775878906
0.999928891658783 0.011832347139716148 0.0014877585927024484 -0.4640197157859802 -0.011838654056191444 0.999920666217804 0.004304432310163975 -1.2828073501586914 -0.0014367089606821537 -0.004321738611906767 0.9999896287918091 85.61898040771484
0.9999335408210754 0.01151734683662653 0.0004762220778502524 -0.4646625816822052 -0.011519625782966614 0.999920666217804 0.005097182467579842 -1.3056141138076782 -0.00041747838258743286 -0.005102328956127167 0.9999868273735046 86.988525390625
0.9999544024467468 0.009534304030239582 -0.0004687899199780077 -0.48223739862442017 -0.009531321935355663 0.9999366402626038 0.005998245440423489 -1.3210711479187012 0.0005259491736069322 -0.005993503611534834 0.9999818205833435 88.40652465820312
0.9999706745147705 0.00744287297129631 -0.0018593284767121077 -0.47424107789993286 -0.007430547382682562 0.9999509453773499 0.0065508047118783 -1.3464252948760986 0.0019079942721873522 -0.006536797154694796 0.9999768137931824 89.73849487304688
0.9999839663505554 0.0048499926924705505 -0.002905049826949835 -0.4782290458679199 -0.004830108489841223 0.9999651312828064 0.006812693551182747 -1.3668732643127441 0.0029379900079220533 -0.00679855328053236 0.9999726414680481 91.09840393066406
0.9999881982803345 0.0036880187690258026 -0.00315366149879992 -0.48819684982299805 -0.0036678644828498363 0.9999728798866272 0.006372736766934395 -1.3921983242034912 0.003177079139277339 -0.006361094303429127 0.9999747276306152 92.46764373779297
0.9999895691871643 0.002976811258122325 -0.0034689721651375294 -0.5007667541503906 -0.002955761505290866 0.9999772906303406 0.006057206075638533 -1.4085320234298706 0.003486925270408392 -0.006046889815479517 0.9999756217002869 93.8069076538086
0.9999896287918091 0.0029596469830721617 -0.0034646166022866964 -0.5156206488609314 -0.002940806094557047 0.9999809265136719 0.005430613644421101 -1.4233801364898682 0.0034806232433766127 -0.005420369561761618 0.9999792575836182 95.17948913574219
0.9999905824661255 0.0028846291825175285 -0.003253081114962697 -0.5358156561851501 -0.002868551993742585 0.9999837279319763 0.004936110228300095 -1.4424488544464111 0.00326726702041924 -0.004926731809973717 0.9999825358390808 96.53414916992188
0.9999890327453613 0.003685906995087862 -0.0028802857268601656 -0.5490427017211914 -0.003674339270219207 0.9999852180480957 0.004011192359030247 -1.458503007888794 0.0028950271662324667 -0.004000565502792597 0.999987781047821 97.86775207519531
0.999984085559845 0.005088710691779852 -0.0023978115059435368 -0.573144793510437 -0.005078659858554602 0.9999784231185913 0.0041793943382799625 -1.4752707481384277 0.002419027267023921 -0.00416715070605278 0.9999883770942688 99.21283721923828
0.9999826550483704 0.0054088798351585865 -0.002316615078598261 -0.5720009803771973 -0.00539571326225996 0.999969482421875 0.005652416497468948 -1.495029091835022 0.0023471179883927107 -0.005639818962663412 0.9999813437461853 100.54756927490234
0.9999745488166809 0.006713126320391893 -0.0024129541125148535 -0.5907861590385437 -0.0066963061690330505 0.9999536871910095 0.006912287324666977 -1.50948166847229 0.0024592457339167595 -0.006895953789353371 0.9999732375144958 101.87798309326172
0.9999797940254211 0.006034684833139181 -0.0019772308878600597 -0.5928090810775757 -0.006023778580129147 0.9999669790267944 0.005475535523146391 -1.5337601900100708 0.0020102085545659065 -0.005463514477014542 0.999983012676239 103.25499725341797
0.9999803304672241 0.006062402855604887 -0.0016180087113752961 -0.6120469570159912 -0.006056832615286112 0.9999758005142212 0.003425536211580038 -1.550579309463501 0.0016387368086725473 -0.003415668848901987 0.9999927878379822 104.57655334472656
0.9999838471412659 0.005279234144836664 -0.002077224664390087 -0.61281418800354 -0.005274796858429909 0.9999837875366211 0.0021355515345931053 -1.5751084089279175 0.0020884647965431213 -0.002124560298398137 0.9999955892562866 105.9269790649414
0.999994158744812 0.0027920540887862444 -0.0019601392559707165 -0.621232271194458 -0.0027847792953252792 0.9999892711639404 0.0037041264586150646 -1.5967566967010498 0.001970460172742605 -0.003698646556586027 0.9999912977218628 107.25833129882812
0.9999988079071045 0.0009706232813186944 -0.0011841232189908624 -0.6353686451911926 -0.0009643753292039037 0.9999856948852539 0.005265839863568544 -1.609579086303711 0.001189217553474009 -0.005264691077172756 0.9999854564666748 108.60282135009766
0.9999996423721313 -0.000585616216994822 -0.0005329352570697665 -0.6417385935783386 0.0005887926672585309 0.9999819993972778 0.005979614797979593 -1.631333827972412 0.0005294235306791961 -0.0059799267910420895 0.9999820590019226 109.93611907958984
0.9999992251396179 -0.0011055483482778072 0.0005916737718507648 -0.6498595476150513 0.0011030575260519981 0.9999905824661255 0.004193583503365517 -1.643386721611023 -0.0005963044241070747 -0.0041929273866117 0.9999910593032837 111.28915405273438
0.9999985694885254 0.0009974780259653926 0.0013844829518347979 -0.6623638868331909 -0.00100039248354733 0.9999973177909851 0.002105931518599391 -1.6627819538116455 -0.0013823786284774542 -0.0021073133684694767 0.9999968409538269 112.61164855957031
0.9999914169311523 0.0031997738406062126 0.002634884789586067 -0.6683995723724365 -0.0031989954877644777 0.9999948143959045 -0.00029986101435497403 -1.6817662715911865 -0.0026358305476605892 0.0002914293436333537 0.9999964833259583 113.95399475097656
0.9999733567237854 0.006146420259028673 0.003943279851227999 -0.6729207038879395 -0.0061460938304662704 0.9999810457229614 -9.499381121713668e-05 -1.7031657695770264 -0.003943789284676313 7.075547182466835e-05 0.9999921917915344 115.27481079101562
0.9999564290046692 0.007450380828231573 0.005625510588288307 -0.6779266595840454 -0.00746104447171092 0.9999704957008362 0.0018769623711705208 -1.7279807329177856 -0.005611361004412174 -0.0019188530277460814 0.9999824166297913 116.62725830078125
0.9999504685401917 0.007375922054052353 0.00668206624686718 -0.6753053069114685 -0.007404835429042578 0.9999632835388184 0.004312657285481691 -1.7478766441345215 -0.006650011520832777 -0.004361923784017563 0.999968409538269 117.9537353515625
0.9999471306800842 0.007116271648555994 0.007421412505209446 -0.6741294860839844 -0.00715042557567358 0.9999640583992004 0.004585570190101862 -1.765183687210083 -0.0073885126039385796 -0.004638394340872765 0.9999619722366333 119.29949188232422
0.9999372363090515 0.007632873952388763 0.008198859170079231 -0.6632212400436401 -0.0076637570746243 0.9999637007713318 0.0037419735454022884 -1.7796227931976318 -0.008169997483491898 -0.0038045733235776424 0.9999594688415527 120.65162658691406
0.9999098777770996 0.009296422824263573 0.009686224162578583 -0.6627845764160156 -0.009332386776804924 0.9999496936798096 0.0036745539400726557 -1.80241060256958 -0.009651577100157738 -0.00376461842097342 0.9999463558197021 121.9799575805664
0.999876856803894 0.011345082893967628 0.010835953056812286 -0.6555321216583252 -0.011379856616258621 0.999930202960968 0.0031529697589576244 -1.814424753189087 -0.010799426585435867 -0.003275893395766616 0.9999362826347351 123.32919311523438
0.9998534917831421 0.012070048600435257 0.01213849801570177 -0.6540356874465942 -0.012098290026187897 0.9999242424964905 0.0022558870259672403 -1.8375256061553955 -0.012110348790884018 -0.0024024113081395626 0.9999237060546875 124.67253875732422
0.9998160600662231 0.013579607009887695 0.01354946382343769 -0.6543252468109131 -0.013597370125353336 0.9999067187309265 0.0012197026517242193 -1.8533570766448975 -0.013531637378036976 -0.0014037155779078603 0.999907374382019 126.01309967041016
0.9998272061347961 0.012183205224573612 0.014049891382455826 -0.6363139152526855 -0.01219954714179039 0.9999250173568726 0.0010780342854559422 -1.871248483657837 -0.014035705476999283 -0.0012492501409724355 0.9999006986618042 127.37419891357422
0.9998117089271545 0.012104848399758339 0.015165709890425205 -0.6273243427276611 -0.012139633297920227 0.999923825263977 0.0022036777809262276 -1.890304684638977 -0.015137879177927971 -0.0023873685859143734 0.9998825788497925 128.72406005859375
0.9998246431350708 0.010335935279726982 0.015621969476342201 -0.6110429763793945 -0.010384407825767994 0.9999415278434753 0.00302501511760056 -1.9092109203338623 -0.015589791350066662 -0.0031867092475295067 0.9998733997344971 130.08338928222656
0.9998245239257812 0.009397169575095177 0.016209246590733528 -0.5971424579620361 -0.009453453123569489 0.99994957447052 0.0033992112148553133 -1.9260507822036743 -0.016176486387848854 -0.003551847767084837 0.9998628497123718 131.4310302734375
0.9998392462730408 0.0074424888007342815 0.016314059495925903 -0.5856916904449463 -0.007499301340430975 0.9999659657478333 0.0034239953383803368 -1.9429172277450562 -0.016288025304675102 -0.003545789048075676 0.9998610019683838 132.7817840576172
0.999846875667572 0.006330427248030901 0.016312308609485626 -0.5790534019470215 -0.006397984456270933 0.9999710917472839 0.004092610906809568 -1.9634432792663574 -0.016285927966237068 -0.004196349997073412 0.999858558177948 134.1407928466797
0.9998656511306763 0.004767564125359058 0.015684060752391815 -0.5645163059234619 -0.004825184587389231 0.999981701374054 0.0036379978992044926 -1.9790370464324951 -0.015666430816054344 -0.0037131882272660732 0.9998703598976135 135.49600219726562
0.9998959898948669 0.0034475999418646097 0.01400011871010065 -0.5458981990814209 -0.0034942133352160454 0.9999884366989136 0.003306401427835226 -1.9921817779541016 -0.013988561928272247 -0.00335497735068202 0.9998965263366699 136.83387756347656
0.9999121427536011 0.0019671721383929253 0.01310382504016161 -0.5255591869354248 -0.0020252899266779423 0.9999881386756897 0.004423368722200394 -2.0167031288146973 -0.013094967231154442 -0.004449519328773022 0.9999043345451355 138.1897430419922
0.9999273419380188 0.0006401838036254048 0.012038815766572952 -0.5140640735626221 -0.0006949864327907562 0.9999894499778748 0.004548532422631979 -2.033688545227051 -0.012035775929689407 -0.004556569736450911 0.9999171495437622 139.5370330810547
0.9999435544013977 0.0006457657436840236 0.010607478208839893 -0.5001997947692871 -0.0006929866503924131 0.9999898672103882 0.004448581021279097 -2.0529074668884277 -0.010604498907923698 -0.004455680027604103 0.9999337792396545 140.8863525390625
0.9999539256095886 -3.0989511287771165e-05 0.00959785282611847 -0.49698925018310547 -8.275179425254464e-06 0.9999916553497314 0.0040909294039011 -2.073725700378418 -0.0095978993922472 -0.004090819973498583 0.9999455213546753 142.2259979248047
0.9999638199806213 0.0002836344647221267 0.008503452874720097 -0.4912163019180298 -0.0003150179982185364 0.999993085861206 0.0036895719822496176 -2.091933488845825 -0.008502346463501453 -0.003692117054015398 0.9999570250511169 143.56430053710938
0.9999686479568481 -0.0023532158229500055 0.007572812028229237 -0.4905974864959717 0.0023438693024218082 0.9999964833259583 0.0012428280897438526 -2.109856128692627 -0.00757571030408144 -0.0012250393629074097 0.9999704957008362 144.89859008789062
0.9999455213546753 -0.007958849892020226 0.006755312439054251 -0.4787400960922241 0.007953598164021969 0.9999680519104004 0.0008039569947868586 -2.1302123069763184 -0.006761495489627123 -0.0007501840591430664 0.9999768137931824 146.26986694335938
0.999870777130127 -0.014812334440648556 0.006241757422685623 -0.4763984680175781 0.014792834408581257 0.999885618686676 0.0031589658465236425 -2.1480677127838135 -0.006287834141403437 -0.003066224977374077 0.9999755024909973 147.61294555664062
0.9997475147247314 -0.021980097517371178 0.004657023586332798 -0.465146541595459 0.021957702934741974 0.9997472763061523 0.004806671291589737 -2.168936252593994 -0.004761498421430588 -0.004703200422227383 0.9999775886535645 148.96963500976562
0.9996846914291382 -0.024900363758206367 0.0032418547198176384 -0.44697898626327515 0.024897290393710136 0.9996896386146545 0.000984826823696494 -2.1821353435516357 -0.0032653710804879665 -0.0009038030402734876 0.9999942779541016 150.3238983154297
0.9996858835220337 -0.024793945252895355 0.0036757723428308964 -0.44089174270629883 0.024801958352327347 0.999690055847168 -0.0021511889062821865 -2.2040560245513916 -0.003621296491473913 0.0022416794672608376 0.9999909400939941 151.67584228515625
0.9997673630714417 -0.021033521741628647 0.004772494547069073 -0.4562709331512451 0.021052420139312744 0.9997705221176147 -0.003945194650441408 -2.2371373176574707 -0.004688418470323086 0.004044747911393642 0.9999808073043823 152.99725341796875
0.9997577667236328 -0.02124038338661194 0.005756533704698086 -0.46543657779693604 0.02126391977071762 0.9997656345367432 -0.004058727063238621 -2.2660725116729736 -0.005668975412845612 0.004180150106549263 0.9999752044677734 154.3287811279297
0.9996861815452576 -0.024354031309485435 0.005871770903468132 -0.44627195596694946 0.02435685321688652 0.9997032284736633 -0.0004094369360245764 -2.2917118072509766 -0.0058600567281246185 0.0005523264408111572 0.9999826550483704 155.69308471679688
0.999540388584137 -0.02959042601287365 0.006594574078917503 -0.43589770793914795 0.029576215893030167 0.9995599985122681 0.002241931390017271 -2.312192916870117 -0.006658010650426149 -0.0020458579529076815 0.9999757409095764 157.0550994873047
0.9994238018989563 -0.033297814428806305 0.006598231382668018 -0.42778801918029785 0.0332724004983902 0.9994385838508606 0.00392605597153306 -2.337181806564331 -0.006725257728248835 -0.003704254748299718 0.9999704360961914 158.39300537109375
0.999388575553894 -0.03430614992976189 0.0067458972334861755 -0.4216703176498413 0.034283384680747986 0.9994062185287476 0.0034615753684192896 -2.3488407135009766 -0.006860644556581974 -0.0032281875610351562 0.9999711513519287 159.73558044433594
0.9994360208511353 -0.032631292939186096 0.007917135953903198 -0.42475366592407227 0.032598234713077545 0.999459445476532 0.00426851212978363 -2.372495412826538 -0.008052144199609756 -0.004008021205663681 0.9999595284461975 161.0884552001953
0.9995436668395996 -0.028765389695763588 0.0092264199629426 -0.4273357391357422 0.028735326603055 0.9995813965797424 0.0033743511885404587 -2.390069007873535 -0.009319623000919819 -0.0031076872255653143 0.9999517202377319 162.43527221679688
0.9996442198753357 -0.024834297597408295 0.009731299243867397 -0.41225385665893555 0.024823563173413277 0.9996911287307739 0.0012223386438563466 -2.4108080863952637 -0.009758652187883854 -0.0009803383145481348 0.9999518394470215 163.8067626953125
0.9997051954269409 -0.021927224472165108 0.01042468287050724 -0.4032686948776245 0.021921750158071518 0.9997594952583313 0.0006388603360392153 -2.430943012237549 -0.010436185635626316 -0.0004101447411812842 0.9999454617500305 165.1626739501953
0.9997437596321106 -0.019783498719334602 0.010999676771461964 -0.403658390045166 0.019765159115195274 0.9998030662536621 0.001773280673660338 -2.4532721042633057 -0.011032592505216599 -0.001555415685288608 0.9999379515647888 166.5132598876953
0.9997828602790833 -0.018283383920788765 0.00999792106449604 -0.3811272382736206 0.01827063411474228 0.9998321533203125 0.00136493647005409 -2.4766085147857666 -0.010021197609603405 -0.0011819715145975351 0.9999490976333618 167.88441467285156
0.999819278717041 -0.016014229506254196 0.01024185586720705 -0.3873860836029053 0.016026144847273827 0.999871015548706 -0.0010830187238752842 -2.495539426803589 -0.010223192162811756 0.0012469604844227433 0.9999469518661499 169.23666381835938
0.9998816251754761 -0.011933638714253902 0.009707444347441196 -0.3847554922103882 0.01197454147040844 0.9999196529388428 -0.004166529979556799 -2.515868902206421 -0.009656941518187523 0.004282278940081596 0.9999442100524902 170.5917510986328
0.9999292492866516 -0.006713811308145523 0.009816799312829971 -0.39193201065063477 0.006764768622815609 0.9999637603759766 -0.005166852381080389 -2.546731948852539 -0.009781754575669765 0.005232895724475384 0.9999384880065918 171.94525146484375
0.9999454021453857 -0.0024697589688003063 0.01014756690710783 -0.3943668603897095 0.002509106183424592 0.99998939037323 -0.0038665744941681623 -2.573732376098633 -0.010137910954654217 0.0038918249774724245 0.9999410510063171 173.305908203125
0.9999409317970276 0.0007888529216870666 0.01083661150187254 -0.3994114398956299 -0.0007652015192434192 0.9999972581863403 -0.0021865174639970064 -2.597546100616455 -0.010838307440280914 0.002178095979616046 0.9999389052391052 174.6588592529297
0.9999403357505798 0.001640454982407391 0.010793393477797508 -0.39402246475219727 -0.0016414155252277851 0.9999986290931702 8.013855403987691e-05 -2.6221671104431152 -0.010793248191475868 -9.785022120922804e-05 0.9999417662620544 176.0314483642578
0.999949038028717 -0.0020209369249641895 0.009887933731079102 -0.3856503963470459 0.0020084104035049677 0.9999971389770508 0.0012766048312187195 -2.647401809692383 -0.009890485554933548 -0.0012566809309646487 0.9999503493309021 177.40869140625
0.999961256980896 -0.0034581825602799654 0.008087016642093658 -0.37263643741607666 0.0034504493232816458 0.9999935626983643 0.0009699731017462909 -2.6621251106262207 -0.00809031818062067 -0.0009420317364856601 0.9999668002128601 178.78639221191406
0.9999723434448242 -0.003587376093491912 0.006511629093438387 -0.37377917766571045 0.0036101911682635546 0.9999873638153076 -0.0034953984431922436 -2.6836202144622803 -0.006499007344245911 0.0035188104957342148 0.9999727010726929 180.18585205078125
0.9999864101409912 -0.0028199446387588978 0.004381231032311916 -0.3642352819442749 0.0028512149583548307 0.9999703168869019 -0.007147626020014286 -2.7180631160736084 -0.004360946360975504 0.007160020526498556 0.9999648332595825 181.57765197753906
0.9999904036521912 0.002170989755541086 0.003828726476058364 -0.3762093782424927 -0.0021407613530755043 0.9999666213989258 -0.007881703786551952 -2.745976448059082 -0.0038457103073596954 0.007873430848121643 0.9999616146087646 182.97738647460938
0.9999769926071167 0.005736661609262228 0.003623260883614421 -0.3817187547683716 -0.005711090750992298 0.9999589920043945 -0.007028721272945404 -2.777599573135376 -0.0036634330172091722 0.00700786616653204 0.9999686479568481 184.37054443359375
0.9999641180038452 0.007374255917966366 0.004170414060354233 -0.3944441080093384 -0.007360512390732765 0.9999675750732422 -0.00330103631131351 -2.809807538986206 -0.004194621928036213 0.0032702223397791386 0.9999858736991882 185.75747680664062
0.9999583959579468 0.007980250753462315 0.004408626817166805 -0.398367702960968 -0.007975143380463123 0.9999675154685974 -0.0011751046404242516 -2.8359947204589844 -0.004417860880494118 0.0011398963397368789 0.9999895691871643 187.15536499023438
0.9999614357948303 0.007485983427613974 0.004601201508194208 -0.39928609132766724 -0.007484103552997112 0.9999719262123108 -0.00042610272066667676 -2.852318286895752 -0.004604262299835682 0.00039165030466392636 0.9999893307685852 188.56393432617188
0.9999713897705078 0.0060195778496563435 0.004561907611787319 -0.40043503046035767 -0.006019367836415768 0.9999818801879883 -5.9615464124362916e-05 -2.873440980911255 -0.004562183283269405 3.215402102796361e-05 0.9999895691871643 190.00057983398438
0.9999849200248718 0.002803396200761199 0.00471287127584219 -0.40052998065948486 -0.0028070444241166115 0.999995768070221 0.0007677191169932485 -2.901371479034424 -0.004710698965936899 -0.0007809367962181568 0.9999885559082031 191.4294891357422
0.9999884366989136 0.000270779593847692 0.004785333760082722 -0.38667112588882446 -0.0002745394594967365 0.9999996423721313 0.0007850709953345358 -2.925499200820923 -0.00478511955589056 -0.0007863757782615721 0.9999881982803345 192.8740234375
0.9999814629554749 -0.0029700601007789373 0.0053137377835810184 -0.38788092136383057 0.002959504025056958 0.9999936819076538 0.0019933125004172325 -2.9478726387023926 -0.005319624207913876 -0.0019775494001805782 0.9999839067459106 194.29861450195312
0.9999560713768005 -0.0074507431127130985 0.005682142451405525 -0.37847042083740234 0.007431707810610533 0.9999666810035706 0.003363745752722025 -2.9670088291168213 -0.005707015749067068 -0.0033213698770850897 0.9999781847000122 195.7578887939453
0.999934196472168 -0.009801733307540417 0.005954587832093239 -0.3694732189178467 0.009783817455172539 0.9999476075172424 0.0030303671956062317 -2.9820070266723633 -0.005983978509902954 -0.00297190947458148 0.9999776482582092 197.20191955566406
0.9999485015869141 -0.007734282873570919 0.006573021411895752 -0.37462007999420166 0.007740831468254328 0.9999695420265198 -0.0009715916821733117 -3.0147721767425537 -0.006565304938703775 0.001022422220557928 0.9999779462814331 198.63934326171875
0.9999750852584839 -0.0005864861886948347 0.007032033987343311 -0.381192684173584 0.0006280284724198282 0.9999823570251465 -0.00590682215988636 -3.038656711578369 -0.007028444670140743 0.0059110927395522594 0.999957799911499 200.06495666503906
0.9999261498451233 0.008621284738183022 0.008564135991036892 -0.3950389623641968 -0.008569258265197277 0.9999447464942932 -0.006093101110309362 -3.0673987865448 -0.00861619133502245 0.006019263062626123 0.9999447464942932 201.50772094726562
0.9998181462287903 0.016535429283976555 0.009501568041741848 -0.4004809856414795 -0.016511639580130577 0.999860405921936 -0.002576682949438691 -3.091526985168457 -0.00954284705221653 0.0024193287827074528 0.9999515414237976 202.95120239257812
0.9998056292533875 0.016725881025195122 0.010436473414301872 -0.3988947868347168 -0.01672787219285965 0.9998600482940674 0.00010364611080149189 -3.1268200874328613 -0.010433279909193516 -0.00027820596005767584 0.9999455213546753 204.39271545410156
0.9998393654823303 0.014962321147322655 0.009864798747003078 -0.3966481685638428 -0.014967202208936214 0.9998878836631775 0.0004214246873743832 -3.145480155944824 -0.009857387281954288 -0.0005690055550076067 0.9999512434005737 205.82083129882812
0.9998924732208252 0.011453107930719852 0.00914964359253645 -0.38887035846710205 -0.011458837427198887 0.9999341368675232 0.0005740919150412083 -3.1725542545318604 -0.009142466820776463 -0.0006788745522499084 0.9999579787254333 207.27471923828125
0.9999201893806458 0.009894708171486855 0.007855037227272987 -0.37059152126312256 -0.00989341177046299 0.9999510645866394 -0.00020382490765769035 -3.192850112915039 -0.007856671698391438 0.00012609541590791196 0.9999691247940063 208.73353576660156
0.9999248385429382 0.010021262802183628 0.0070648943074047565 -0.3615807294845581 -0.01001855731010437 0.9999496936798096 -0.00041830952977761626 -3.2171592712402344 -0.007068730890750885 0.00034749804763123393 0.9999749064445496 210.20272827148438
0.999911904335022 0.011251326650381088 0.007036461960524321 -0.35821449756622314 -0.011250756680965424 0.9999367594718933 -0.00012031795631628484 -3.2437453269958496 -0.007037370931357145 4.114182956982404e-05 0.9999752044677734 211.65945434570312
0.9998982548713684 0.012361114844679832 0.007119436748325825 -0.36113250255584717 -0.012366071343421936 0.9999232888221741 0.0006527420482598245 -3.2734272480010986 -0.007110822480171919 -0.0007407150696963072 0.9999744296073914 213.12332153320312
0.999901533126831 0.01222857367247343 0.006882727611809969 -0.3620668649673462 -0.01223021186888218 0.9999251961708069 0.00019611106836237013 -3.2961671352386475 -0.006879815831780434 -0.00028026895597577095 0.9999762773513794 214.5907440185547
0.9999076724052429 0.011890723370015621 0.006578363478183746 -0.3574228286743164 -0.0118849016726017 0.9999289512634277 -0.0009232913143932819 -3.3203678131103516 -0.006588874850422144 0.0008450229070149362 0.9999778866767883 216.04940795898438
0.999909520149231 0.011615637689828873 0.006787178572267294 -0.3610130548477173 -0.01160489208996296 0.9999313354492188 -0.0016204254934564233 -3.337862491607666 -0.00680553400889039 0.0015415142988786101 0.9999756813049316 217.51161193847656
0.9999132752418518 0.01172663550823927 0.00598313519731164 -0.35545945167541504 -0.0117179648950696 0.9999302625656128 -0.0014822451630607247 -3.36727237701416 -0.006000099703669548 0.001412006444297731 0.9999809265136719 218.99136352539062
0.9999114871025085 0.011946471408009529 0.005856849253177643 -0.35878968238830566 -0.011936438269913197 0.9999272227287292 -0.0017449783626943827 -3.390146493911743 -0.005877269897609949 0.0016749135684221983 0.9999812841415405 220.47166442871094
0.9999119639396667 0.012180370278656483 0.005265096668154001 -0.35495519638061523 -0.012169177643954754 0.9999237060546875 -0.002152354223653674 -3.413560390472412 -0.00529091153293848 0.0020880927331745625 0.9999837875366211 221.96070861816406
0.999904990196228 0.012866011820733547 0.004947640001773834 -0.35342860221862793 -0.012856019660830498 0.9999151825904846 -0.0020457999780774117 -3.4480621814727783 -0.00497354194521904 0.00198199856095016 0.9999856948852539 223.42929077148438
