1.0 0.0 0.0 0.0 0.0 1.0 0.0 0.0 0.0 0.0 1.0 0.0
1.0 -6.648802809650078e-05 0.0001218690667883493 -0.014873076230287552 6.631216820096597e-05 0.9999989867210388 0.0014424410182982683 -0.01267093513160944 -0.00012196484749438241 -0.0014424328692257404 0.999998927116394 1.3156399726867676
0.9999984502792358 -0.001636757981032133 -0.0006715951021760702 -0.010965158231556416 0.001638041459955275 0.9999967813491821 0.0019149142317473888 -0.042153794318437576 0.0006684586987830698 -0.0019160114461556077 0.9999979138374329 2.619227647781372
0.9999958276748657 -0.00281886151060462 -0.0006620737258344889 -0.016310611739754677 0.002819427289068699 0.9999956488609314 0.0008546803728677332 -0.05735855549573898 0.0006596616585738957 -0.0008565433672629297 0.9999993443489075 3.9304580688476562
0.999995231628418 -0.0030339176300913095 -0.0006255600019358099 -0.026257522404193878 0.003034513909369707 0.9999949932098389 0.0009547864901833236 -0.07528883963823318 0.0006226599798537791 -0.0009566801600158215 0.9999993443489075 5.254896640777588
0.999993085861206 -0.0036437679082155228 -0.0007197847589850426 -0.022451307624578476 0.0036450985353440046 0.999991774559021 0.001856623450294137 -0.10140173137187958 0.0007130136946216226 -0.0018592344131320715 0.9999979734420776 6.581617832183838
0.9999868869781494 -0.005114426836371422 -0.0003541460901033133 -0.03208550065755844 0.005115439649671316 0.9999827146530151 0.0029203633312135935 -0.11586224287748337 0.00033920403802767396 -0.0029221363365650177 0.9999956488609314 7.9000115394592285
0.9999886155128479 -0.004733988083899021 -0.00046609860146418214 -0.037336256355047226 0.004735666327178478 0.9999819993972778 0.003667438169941306 -0.13991355895996094 0.0004487286205403507 -0.0036696037277579308 0.9999931454658508 9.243988990783691
0.9999923706054688 -0.0037951578851789236 -0.0008597143460065126 -0.04096328467130661 0.0037967199459671974 0.9999911189079285 0.0018228164408355951 -0.15693509578704834 0.0008527888567186892 -0.0018260666402056813 0.9999979138374329 10.596844673156738
0.9999984502792358 -0.001393185812048614 -0.0010641494300216436 -0.047572966665029526 0.0013930130517110229 0.9999990463256836 -0.00016271608183160424 -0.1773374229669571 0.0010643750429153442 0.00016123318346217275 0.9999993443489075 11.948166847229004
0.9999972581863403 0.0022821142338216305 -0.0005521255079656839 -0.07360769808292389 -0.0022827154025435448 0.9999967813491821 -0.001090802950784564 -0.20682533085346222 0.0005496345111168921 0.001092060236260295 0.9999992251396179 13.255927085876465
0.9999879002571106 0.004837525077164173 -0.0008668818045407534 -0.08359963446855545 -0.004838576540350914 0.9999875426292419 -0.001214301330037415 -0.22940990328788757 0.0008609968353994191 0.0012184811057522893 0.9999988675117493 14.59605884552002
0.9999839663505554 0.005661106202751398 -0.00018303030810784549 -0.10239444673061371 -0.005661159288138151 0.9999839067459106 -0.00028920191107317805 -0.25074678659439087 0.00018139021995011717 0.00029023343813605607 0.9999998807907104 15.944953918457031
0.9999945163726807 0.003321745665743947 2.1672287402907386e-05 -0.10484491288661957 -0.003321790834888816 0.9999910593032837 0.00260428455658257 -0.2707446813583374 -1.3021318409300875e-05 -0.0026043422985821962 0.9999966025352478 17.294633865356445
0.9999992847442627 -0.00118742894846946 -3.034427936654538e-05 -0.098258838057518 0.001187554677017033 0.9999887943267822 0.004593276884406805 -0.2954229712486267 2.488979407644365e-05 -0.004593310412019491 0.9999894499778748 18.66873550415039
0.9999948143959045 -0.00321056111715734 -0.00021446868777275085 -0.10159970074892044 0.003210972063243389 0.9999929666519165 0.0019443487981334329 -0.30540210008621216 0.00020822470833081752 -0.001945027383044362 0.9999980926513672 20.008665084838867
0.9999921321868896 -0.0039738756604492664 2.730727101152297e-05 -0.11678724735975266 0.0039738742634654045 0.9999921321868896 5.57957828277722e-05 -0.3224640190601349 -2.7528792998054996e-05 -5.568691631196998e-05 1.0 21.351163864135742
0.9999977350234985 -0.0019193741027265787 0.000862500979565084 -0.12913568317890167 0.0019204963464289904 0.9999973773956299 -0.0013023621868342161 -0.34811827540397644 -0.0008599988650530577 0.0013040155172348022 0.9999987483024597 22.704288482666016
0.9999978542327881 0.0013623757986351848 0.0015541483880952 -0.13549593091011047 -0.0013629901222884655 0.9999989867210388 0.0003943278279621154 -0.36984872817993164 -0.0015536091523244977 -0.00039644527714699507 0.9999986886978149 24.072118759155273
0.9999961853027344 0.001730094663798809 0.0021525765769183636 -0.13971656560897827 -0.0017384280217811465 0.9999909400939941 0.003875443246215582 -0.3867221176624298 -0.002145852195098996 -0.0038791699334979057 0.9999901056289673 25.44615364074707
0.9999953508377075 -0.0008007531869225204 0.002919171005487442 -0.1456305980682373 0.0007832425180822611 0.999981701374054 0.005994695238769054 -0.40473830699920654 -0.002923917956650257 -0.005992381367832422 0.999977707862854 26.82445526123047
0.9999818205833435 -0.005683851428329945 0.0020186563488096 -0.13480205833911896 0.005675193853676319 0.9999749064445496 0.004268635995686054 -0.42573317885398865 -0.002042867708951235 -0.004257102496922016 0.999988853931427 28.21713638305664
0.999983012676239 -0.0053719813004136086 0.002265202347189188 -0.1408977210521698 0.005367574747651815 0.9999837279319763 0.0019469179678708315 -0.43744799494743347 -0.002275624079629779 -0.001934726256877184 0.9999955892562866 29.591285705566406
0.999976396560669 -0.00618265476077795 0.0029774880968034267 -0.14804503321647644 0.00618437584489584 0.9999806880950928 -0.0005690211546607316 -0.46100443601608276 -0.002973912050947547 0.0005874215858057141 0.9999954104423523 30.960603713989258
0.9999898076057434 -0.0027103752363473177 0.003602375276386738 -0.15842801332473755 0.0027131272945553064 0.9999960064888 -0.00075932452455163 -0.4878123104572296 -0.0036003028508275747 0.0007690904312767088 0.9999932050704956 32.34209442138672
0.9999901056289673 -0.0020774926524609327 0.003918828908354044 -0.16178323328495026 0.002090627793222666 0.9999921917915344 -0.003350724233314395 -0.5111101865768433 -0.003911836538463831 0.0033588844817131758 0.9999867081642151 33.703182220458984
0.9999915361404419 -0.0011400495423004031 0.00396669190376997 -0.15930035710334778 0.0011512450873851776 0.9999953508377075 -0.002821192843839526 -0.533383846282959 -0.00396345742046833 0.0028257351368665695 0.9999881386756897 35.09465789794922
0.9999908208847046 -0.0004839439643546939 0.004252136684954166 -0.17913416028022766 0.0004915252211503685 0.9999982118606567 -0.0017820558277890086 -0.5577473640441895 -0.0042512668296694756 0.0017841295339167118 0.9999893307685852 36.47687530517578
0.9999925494194031 0.0005045746802352369 0.003813904942944646 -0.18118013441562653 -0.000504427938722074 0.9999998211860657 -3.941652539651841e-05 -0.5814428329467773 -0.003813924267888069 3.74923474737443e-05 0.9999927282333374 37.87649154663086
0.9999862313270569 0.003407435491681099 0.003992212470620871 -0.1919114589691162 -0.0034085188526660204 0.999994158744812 0.0002643511979840696 -0.6062827110290527 -0.003991288598626852 -0.0002779550850391388 0.9999920129776001 39.267921447753906
0.9999729990959167 0.0059587410651147366 0.0043176100589334965 -0.20272283256053925 -0.005957792513072491 0.9999822378158569 -0.00023262707691174 -0.6259475946426392 -0.004318919964134693 0.0002068973844870925 0.9999906420707703 40.65623474121094
0.9999593496322632 0.007999295368790627 0.004155685193836689 -0.2035626769065857 -0.007999328896403313 0.9999679923057556 -9.064876394404564e-06 -0.6452386379241943 -0.004155624657869339 -2.417817995592486e-05 0.9999913573265076 42.076698303222656
0.9999567866325378 0.008570685051381588 0.0036014323122799397 -0.2013305276632309 -0.008570783771574497 0.9999632239341736 1.142782457463909e-05 -0.6667676568031311 -0.003601202042773366 -4.2294428567402065e-05 0.9999935626983643 43.48583984375
0.9999632835388184 0.007853594608604908 0.003422951092943549 -0.21534477174282074 -0.007854157127439976 0.9999691247940063 0.000150979874888435 -0.6947292685508728 -0.0034216593485325575 -0.00017785873205866665 0.999994158744812 44.88290786743164
0.9999723434448242 0.00698498310521245 0.0025647529400885105 -0.2119162529706955 -0.006984571926295757 0.9999755620956421 -0.00016909127589315176 -0.7163040041923523 -0.0025658714585006237 0.00015117294969968498 0.9999967813491821 46.282657623291016
0.9999793767929077 0.006210769060999155 0.0016303833108395338 -0.22139473259449005 -0.006210430525243282 0.9999806880950928 -0.0002120058925356716 -0.734621524810791 -0.0016316685359925032 0.00020187614427413791 0.9999986290931702 47.68238067626953
0.9999781847000122 0.006585894152522087 0.0005140341818332672 -0.2231711596250534 -0.00658626900985837 0.9999780058860779 0.000732450105715543 -0.753301739692688 -0.0005091988714411855 -0.0007358196307905018 0.9999995827674866 49.11244201660156
0.999976634979248 0.006794601213186979 -0.0007448279648087919 -0.2289241999387741 -0.006794062443077564 0.999976634979248 0.0007233957294374704 -0.7817355990409851 0.0007497257902286947 -0.0007183184497989714 0.9999994039535522 50.52393341064453
0.9999729990959167 0.007103804964572191 -0.0018729796865954995 -0.24313372373580933 -0.007101427763700485 0.9999740123748779 0.0012722479877993464 -0.8012567162513733 0.0018819685792550445 -0.0012589129619300365 0.9999974370002747 51.938602447509766
0.9999691843986511 0.0072948825545609 -0.0028953293804079294 -0.2597447633743286 -0.007289384491741657 0.9999715685844421 0.0019054448930546641 -0.8222290873527527 0.0029091471806168556 -0.0018842811696231365 0.9999939799308777 53.346046447753906
0.9999770522117615 0.005908314138650894 -0.003317521885037422 -0.2735130786895752 -0.005899621173739433 0.9999791383743286 0.0026243524625897408 -0.839119553565979 0.0033329580910503864 -0.0026047201827168465 0.9999910593032837 54.781131744384766
0.9999850392341614 0.003496857127174735 -0.004205713514238596 -0.2795441448688507 -0.0034848558716475964 0.9999898672103882 0.002857535844668746 -0.8634750843048096 0.004215663764625788 -0.0028428370133042336 0.9999871253967285 56.23897933959961
0.9999886155128479 0.0010770942317321897 -0.004649322479963303 -0.2996760904788971 -0.001065475749783218 0.9999963045120239 0.002500677714124322 -0.8880816698074341 0.004651998169720173 -0.0024956960696727037 0.9999860525131226 57.65755081176758
0.999985933303833 0.00010530156578170136 -0.005310320761054754 -0.3071701228618622 -8.93311807885766e-05 0.9999954104423523 0.0030075744725763798 -0.9080876111984253 0.005310614127665758 -0.003007058287039399 0.9999813437461853 59.08053207397461
0.9999867677688599 -0.001734643243253231 -0.004832706414163113 -0.315685510635376 0.0017520928522571921 0.9999918937683105 0.003608838189393282 -0.9314911365509033 0.0048264069482684135 -0.0036172575782984495 0.9999817609786987 60.52888488769531
0.9999867677688599 -0.0030023029539734125 -0.004178008064627647 -0.3266575336456299 0.00302094011567533 0.9999854564666748 0.004461673554033041 -0.9491415619850159 0.004164552316069603 -0.004474236164242029 0.9999812841415405 61.959354400634766
0.9999862909317017 -0.003841441124677658 -0.0035613758955150843 -0.3465596139431 0.003856214229017496 0.9999839663505554 0.004150488879531622 -0.9779207706451416 0.0035453743766993284 -0.00416416535153985 0.9999850392341614 63.352203369140625
0.9999822378158569 -0.005182176362723112 -0.0029313284903764725 -0.35847365856170654 0.005191398784518242 0.9999815821647644 0.003147333860397339 -0.9935919046401978 0.002914964221417904 -0.00316249649040401 0.9999908208847046 64.76539611816406
0.9999836087226868 -0.005124835763126612 -0.002534179948270321 -0.3602549731731415 0.0051328265108168125 0.9999817609786987 0.00315688899718225 -1.022817850112915 0.002517955144867301 -0.0031698443926870823 0.9999918341636658 66.18049621582031
0.9999896883964539 -0.004195149056613445 -0.0017689864616841078 -0.36876705288887024 0.004200632218271494 0.9999862909317017 0.0031073368154466152 -1.0408090353012085 0.0017559266416355968 -0.0031147352419793606 0.999993622303009 67.60993194580078
0.999998927116394 -0.0005853931070305407 -0.0012785911094397306 -0.3842312693595886 0.0005904673598706722 0.9999918937683105 0.003971791826188564 -1.0565099716186523 0.0012762557016685605 -0.003972542472183704 0.9999912977218628 68.99845886230469
0.9999964237213135 0.0026425886899232864 -0.0004537422501016408 -0.4006011486053467 -0.002640060381963849 0.9999815225601196 0.005485229659825563 -1.0803486108779907 0.0004682289727497846 -0.005484011955559254 0.999984860420227 70.3877944946289
0.9999783635139465 0.006558822933584452 0.0002832933096215129 -0.4102838933467865 -0.006560373120009899 0.999961256980896 0.005868665408343077 -1.0984219312667847 -0.0002447908336762339 -0.005870397202670574 0.9999827146530151 71.78594970703125
0.9999452829360962 0.010415091179311275 0.0009402766590937972 -0.42822861671447754 -0.010420026257634163 0.9999310970306396 0.005405997857451439 -1.1150269508361816 -0.000883907952811569 -0.005415499210357666 0.999984860420227 73.17537689208984
0.9999008178710938 0.013981510885059834 0.0016472870483994484 -0.4453850984573364 -0.013989155180752277 0.9998909831047058 0.004723919555544853 -1.13523530960083 -0.001581059885211289 -0.00474649528041482 0.9999874830245972 74.5721435546875
0.9998724460601807 0.015789590775966644 0.0024029321502894163 -0.4551030099391937 -0.01580086164176464 0.999863862991333 0.004745361860841513 -1.156261682510376 -0.002327678259462118 -0.004782723728567362 0.9999858736991882 75.96039581298828
0.9998738765716553 0.015648942440748215 0.002718450268730521 -0.46227580308914185 -0.015662318095564842 0.9998649954795837 0.004968698136508465 -1.1711844205856323 -0.0026403283700346947 -0.005010648630559444 0.9999839067459106 77.363037109375
0.9998817443847656 0.015100399032235146 0.002885144669562578 -0.46701934933662415 -0.015113652683794498 0.9998750686645508 0.004629472736269236 -1.1938419342041016 -0.0028148770797997713 -0.004672528710216284 0.9999850988388062 78.72897338867188
0.9999058842658997 0.013465780764818192 0.002624795539304614 -0.4712352454662323 -0.013475649058818817 0.999902069568634 0.00377894239500165 -1.2132680416107178 -0.0025736524257808924 -0.003813957329839468 0.9999893307685852 80.1222152709961
0.9999136328697205 0.012964285910129547 0.0021441320423036814 -0.47380322217941284 -0.012972360476851463 0.9999086260795593 0.003795549040660262 -1.232094645500183 -0.0020947300363332033 -0.0038230360951274633 0.9999904632568359 81.49238586425781
0.9999166131019592 0.012770898640155792 0.0019231773912906647 -0.47688400745391846 -0.012778106145560741 0.9999111890792847 0.003783305874094367 -1.2496033906936646 -0.00187469064258039 -0.0038075644988566637 0.9999909996986389 82.86473846435547
0.9999261498451233 0.012113554403185844 0.0009737389627844095 -0.47047701478004456 -0.012116651982069016 0.9999212622642517 0.0032417248003184795 -1.2681511640548706 -0.000934393669012934 -0.0032532839104533195 0.9999942779541016 84.23396301269531
0.999923050403595 0.012401123531162739 0.00036955965333618224 -0.48667287826538086 -0.012402404099702835 0.9999161958694458 0.0036906469613313675 -1.2863425016403198 -0.00032376055605709553 -0.00369494641199708 0.999993085861206 85.6047592163086
0.9999277591705322 0.011998279020190239 -0.0006725774146616459 -0.4877117872238159 -0.011995183303952217 0.9999181032180786 0.004431862384080887 -1.310934066772461 0.000725697202142328 -0.004423475358635187 0.999989926815033 86.96745300292969
0.9999480247497559 0.010082262568175793 -0.0015392983332276344 -0.5069223046302795 -0.010073929093778133 0.99993497133255 0.005330072715878487 -1.3268251419067383 0.0015929375076666474 -0.0053142886608839035 0.9999845623970032 88.38504028320312
0.9999653697013855 0.007782800123095512 -0.002946391934528947 -0.5042153596878052 -0.0077645666897296906 0.9999508857727051 0.006150186527520418 -1.3574392795562744 0.0029941131360828876 -0.006127096712589264 0.9999767541885376 89.72588348388672
0.999978244304657 0.005463575478643179 -0.003710396122187376 -0.5147969722747803 -0.0054402737878263 0.9999655485153198 0.006261621601879597 -1.3754708766937256 0.0037444797344505787 -0.0062412996776402 0.9999735355377197 91.09471893310547
0.9999831318855286 0.004053005948662758 -0.004149029962718487 -0.5264286398887634 -0.004028834868222475 0.9999749660491943 0.005817547906190157 -1.4000252485275269 0.004172504413872957 -0.005800735205411911 0.9999744892120361 92.46246337890625
0.999985933303833 0.0033570267260074615 -0.004106977488845587 -0.5436331629753113 -0.0033345690462738276 0.999979555606842 0.0054628620855510235 -1.4162381887435913 0.004125232808291912 -0.005449090618640184 0.9999766945838928 93.80585479736328
0.9999852776527405 0.003619395662099123 -0.004039071500301361 -0.5635946989059448 -0.0036000742111355066 0.9999821186065674 0.004780545365065336 -1.4323148727416992 0.0040563009679317474 -0.004765932913869619 0.9999803900718689 95.1784439086914
0.9999871850013733 0.003621516516432166 -0.003552064299583435 -0.5874956846237183 -0.003605788806453347 0.9999837279319763 0.004424212500452995 -1.4530553817749023 0.0035680283326655626 -0.004411347210407257 0.9999839067459106 96.53679656982422
0.99998539686203 0.004214164800941944 -0.003389297053217888 -0.6028966903686523 -0.004202226176857948 0.9999850988388062 0.0035219795536249876 -1.4708877801895142 0.0034040878526866436 -0.003507685847580433 0.9999880790710449 97.86841583251953
0.9999801516532898 0.0054105911403894424 -0.0032229998614639044 -0.6236739754676819 -0.005398797802627087 0.99997878074646 0.0036567230708897114 -1.4881771802902222 0.0032427161931991577 -0.0036392498295754194 0.9999881386756897 99.20348358154297
0.9999788999557495 0.005752920173108578 -0.003021014854311943 -0.6230384707450867 -0.005737192463129759 0.9999700784683228 0.005189265590161085 -1.509697437286377 0.003050777828320861 -0.005171824712306261 0.9999819993972778 100.56652069091797
0.9999731183052063 0.006676842458546162 -0.003031621454283595 -0.6453111171722412 -0.006656270939856768 0.9999550580978394 0.00674612820148468 -1.5287280082702637 0.003076528199017048 -0.006725767627358437 0.9999727010726929 101.89356231689453
0.9999763369560242 0.006295077037066221 -0.0028221854008734226 -0.6458798050880432 -0.00628063827753067 0.9999672770500183 0.005096510052680969 -1.5494234561920166 0.002854176564142108 -0.0050786635838449 0.999983012676239 103.26502990722656
0.9999743700027466 0.0066672200337052345 -0.002607074799016118 -0.6640666127204895 -0.0066606407053768635 0.9999746680259705 0.002524075796827674 -1.561689019203186 0.0026238372083753347 -0.00250664702616632 0.9999933838844299 104.5917739868164
0.9999805092811584 0.005520483013242483 -0.0029132787603884935 -0.6687819361686707 -0.005516341887414455 0.9999837279319763 0.001427291426807642 -1.5853559970855713 0.0029211114160716534 -0.0014111928176134825 0.9999947547912598 105.93067169189453
0.9999908208847046 0.00303130061365664 -0.0030274896416813135 -0.6795415878295898 -0.0030225305818021297 0.999991238117218 0.002896964782848954 -1.6075685024261475 0.0030362452380359173 -0.0028877875301986933 0.999991238117218 107.25261688232422
0.9999967813491821 0.0012895072577521205 -0.0021438889671117067 -0.6986241340637207 -0.0012798846000805497 0.9999891519546509 0.0044838013127446175 -1.6200424432754517 0.0021496473345905542 -0.004481043666601181 0.9999876022338867 108.59314727783203
0.9999987483024597 -0.00024260774080175906 -0.0015248956624418497 -0.7063507437705994 0.0002507367462385446 0.9999858140945435 0.005332883447408676 -1.644274353981018 0.0015235800528898835 -0.005333259701728821 0.9999845623970032 109.92495727539062
0.9999994039535522 -0.0007440035697072744 -0.0006843044538982213 -0.7126302123069763 0.000746371631976217 0.9999937415122986 0.003466816619038582 -1.6550124883651733 0.0006817207904532552 -0.003467325819656253 0.9999936819076538 111.24811553955078
0.9999991655349731 0.0011843658285215497 -0.00028945054509676993 -0.7210264205932617 -0.0011839083163067698 0.9999980926513672 0.001576332375407219 -1.6779003143310547 0.00029131685732863843 -0.0015759887173771858 0.9999986290931702 112.57223510742188
0.9999920725822449 0.0038051248993724585 0.0010960110230371356 -0.733871579170227 -0.0038038655184209347 0.9999921321868896 -0.0011487799929454923 -1.6925535202026367 -0.0011003734543919563 0.00114460161421448 0.9999987483024597 113.89019012451172
0.9999750256538391 0.006633426994085312 0.002394413109868765 -0.7436088919639587 -0.006630913820117712 0.9999774694442749 -0.001055967528373003 -1.7148154973983765 -0.002401363803073764 0.0010400641476735473 0.999996542930603 115.20724487304688
0.9999605417251587 0.007950114086270332 0.003946444485336542 -0.7470577955245972 -0.00795401819050312 0.9999678730964661 0.0009745654533617198 -1.7407931089401245 -0.003938569687306881 -0.0010059172054752707 0.9999917149543762 116.53838348388672
0.9999527931213379 0.008244230411946774 0.005138397682458162 -0.7485460638999939 -0.008260459639132023 0.9999609589576721 0.0031453121919184923 -1.7587062120437622 -0.005112266167998314 -0.0031876093707978725 0.9999818205833435 117.86670684814453
0.9999554753303528 0.007512420881539583 0.005735699087381363 -0.7485252022743225 -0.007534184958785772 0.9999644160270691 0.003782113781198859 -1.779721736907959 -0.005707081872969866 -0.003825158579275012 0.999976396560669 119.20158386230469
0.9999443292617798 0.008159307762980461 0.006691540591418743 -0.7432528138160706 -0.008178961463272572 0.999962329864502 0.0029148696921765804 -1.794061541557312 -0.0066675045527517796 -0.0029694372788071632 0.9999732971191406 120.55033111572266
0.999915599822998 0.010046868585050106 0.008229502476751804 -0.7505401968955994 -0.010068899020552635 0.9999458193778992 0.0026399067137390375 -1.8163193464279175 -0.008202532306313515 -0.0027225459925830364 0.999962568283081 121.85942840576172
0.9998877048492432 0.011597505770623684 0.009490138851106167 -0.7468299865722656 -0.011620989069342613 0.9999295473098755 0.002423136495053768 -1.8328050374984741 -0.009461368434131145 -0.0025331489741802216 0.9999520182609558 123.2104721069336
0.9998636245727539 0.012612385675311089 0.0106619568541646 -0.7480090260505676 -0.012625982984900475 0.9999195337295532 0.0012089858064427972 -1.8495323657989502 -0.01064585242420435 -0.001343438634648919 0.999942421913147 124.55970001220703
0.9998294115066528 0.014225703664124012 0.011780076660215855 -0.743377149105072 -0.014227007515728474 0.9998987913131714 2.6924741177936085e-05 -1.8638617992401123 -0.01177850179374218 -0.00019451542175374925 0.9999305605888367 125.9089584350586
0.9998418688774109 0.012558727525174618 0.012591670267283916 -0.7350576519966125 -0.012561258859932423 0.9999210238456726 0.00012190048437332734 -1.885812520980835 -0.012589145451784134 -0.0002800484071485698 0.9999207258224487 127.25897979736328
0.9998346567153931 0.012176048010587692 0.01350400596857071 -0.7255375981330872 -0.012194902636110783 0.9999247193336487 0.0013147280551493168 -1.9052515029907227 -0.013486980460584164 -0.0014791905414313078 0.9999079704284668 128.61216735839844
0.999840259552002 0.010591872967779636 0.014395656064152718 -0.7181860208511353 -0.010624545626342297 0.9999411702156067 0.0021949021611362696 -1.9265902042388916 -0.014371559955179691 -0.002347499132156372 0.9998939037322998 129.9786834716797
0.9998414516448975 0.009734080173075199 0.014907951466739178 -0.702307403087616 -0.00977147277444601 0.9999492764472961 0.0024373354390263557 -1.9424737691879272 -0.01488346979022026 -0.002582621993497014 0.9998858571052551 131.3336181640625
0.999855101108551 0.008122026920318604 0.014958929270505905 -0.6903342604637146 -0.008160670287907124 0.9999635219573975 0.0025240916293114424 -1.9628812074661255 -0.014937883242964745 -0.002645801054313779 0.9998849034309387 132.68409729003906
0.9998694062232971 0.006144418381154537 0.01494555827230215 -0.6785736083984375 -0.006190970074385405 0.9999760389328003 0.003070425009354949 -1.9798909425735474 -0.014926334843039513 -0.003162551438435912 0.9998835325241089 134.03173828125
0.9998807907104492 0.004534740466624498 0.014762348495423794 -0.6722381711006165 -0.004574964288622141 0.9999858736991882 0.0026920833624899387 -1.9984323978424072 -0.014749933034181595 -0.002759299473837018 0.9998873472213745 135.38272094726562
0.9999099373817444 0.003123975358903408 0.013049514964222908 -0.6550163626670837 -0.003157679457217455 0.9999916553497314 0.0025629098527133465 -2.014427900314331 -0.013041401281952858 -0.0026038852520287037 0.9999115467071533 136.72219848632812
0.9999244809150696 0.0020045298151671886 0.012119687162339687 -0.634975254535675 -0.0020480428356677294 0.9999914169311523 0.0035789066459983587 -2.037668466567993 -0.012112410739064217 -0.003603457473218441 0.999920129776001 138.0941162109375
0.9999363422393799 0.0007187227602116764 0.01126493513584137 -0.6299208998680115 -0.0007602408877573907 0.9999929070472717 0.0036817609798163176 -2.0555801391601562 -0.011262210085988045 -0.003690090263262391 0.9999297857284546 139.4345245361328
0.9999535083770752 0.0006475582486018538 0.009617817588150501 -0.6131004691123962 -0.0006799354450777173 0.9999940991401672 0.0033635124564170837 -2.0724239349365234 -0.009615584276616573 -0.0033698957413434982 0.9999480843544006 140.77479553222656
0.9999578595161438 0.0005277173477225006 0.009175144135951996 -0.6185412406921387 -0.000555336126126349 0.9999952912330627 0.0030078573618084192 -2.096019744873047 -0.00917351245880127 -0.003012825734913349 0.9999533891677856 142.11956787109375
0.9999720454216003 0.0004479803901631385 0.0074663483537733555 -0.6077711582183838 -0.00046777172246947885 0.9999963641166687 0.0026492122560739517 -2.1158792972564697 -0.00746513344347477 -0.002652630675584078 0.9999685883522034 143.44696044921875
0.9999765753746033 -0.002216050634160638 0.0064809974282979965 -0.607904851436615 0.002214434091001749 0.9999974370002747 0.0002565850445535034 -2.1361947059631348 -0.0064815497025847435 -0.00024222757201641798 0.9999788999557495 144.7776641845703
0.9999548196792603 -0.007677397225052118 0.005597623065114021 -0.5975778698921204 0.007678852882236242 0.9999704360961914 -0.0002386458363616839 -2.158024311065674 -0.005595624912530184 0.00028161838417872787 0.9999843239784241 146.15988159179688
0.9998791217803955 -0.014724013395607471 0.005007946398109198 -0.5958597660064697 0.014712546952068806 0.999889075756073 0.002318818122148514 -2.178065776824951 -0.005041532684117556 -0.002244858304038644 0.9999848008155823 147.50282287597656
0.9997624158859253 -0.02153332531452179 0.003380708396434784 -0.5887235999107361 0.02152053266763687 0.9997612833976746 0.003776312107220292 -2.1993300914764404 -0.0034612177405506372 -0.003702660324051976 0.9999871253967285 148.85330200195312
0.9996952414512634 -0.02459176816046238 0.00214880658313632 -0.5748094916343689 0.024591747671365738 0.9996975660324097 3.528425804688595e-05 -2.2149014472961426 -0.00214902451261878 1.7569402189110406e-05 0.9999976754188538 150.2216339111328
0.9996963739395142 -0.024513980373740196 0.002470469567924738 -0.5696895718574524 0.02452220395207405 0.9996936321258545 -0.003356257686391473 -2.2358663082122803 -0.0023874377366155386 0.003415820188820362 0.9999912977218628 151.57196044921875
0.9997766613960266 -0.020863177254796028 0.0033444666769355536 -0.5886586308479309 0.020879503339529037 0.9997699856758118 -0.004923119209706783 -2.27203106880188 -0.003240985097363591 0.004991850815713406 0.9999822378158569 152.87701416015625
0.9997683763504028 -0.021083198487758636 0.004318737890571356 -0.5992335677146912 0.021104371175169945 0.9997652173042297 -0.004916329402476549 -2.303800582885742 -0.004214071668684483 0.005006335210055113 0.9999786019325256 154.20713806152344
0.9996995329856873 -0.024125630035996437 0.004334765952080488 -0.5848122835159302 0.024132778868079185 0.9997074604034424 -0.0016043270006775856 -2.327092409133911 -0.00429479219019413 0.0017084544524550438 0.9999892711639404 155.57945251464844
0.9995587468147278 -0.029285190626978874 0.004967500455677509 -0.574372410774231 0.02928009256720543 0.9995706081390381 0.0010964234825223684 -2.348968505859375 -0.00499747646972537 -0.0009504913468845189 0.9999870657920837 156.94264221191406
0.9994479417800903 -0.03290553018450737 0.004587528761476278 -0.5664482116699219 0.03289518877863884 0.9994561076164246 0.002311739604920149 -2.370824098587036 -0.004661101847887039 -0.0021595556754618883 0.9999868273735046 158.28224182128906
0.9994190335273743 -0.033789947628974915 0.00445380387827754 -0.5599772930145264 0.03378235176205635 0.9994276165962219 0.0017696156864985824 -2.3828139305114746 -0.004511049948632717 -0.0016181275714188814 0.9999884963035583 159.62393188476562
0.9994685649871826 -0.032140396535396576 0.005424205679446459 -0.5658476948738098 0.03212624043226242 0.9994802474975586 0.0026762131601572037 -2.409365177154541 -0.005507401190698147 -0.0025005312636494637 0.999981701374054 160.97706604003906
0.999577522277832 -0.028346246108412743 0.006413732189685106 -0.5694218277931213 0.028334278613328934 0.9995965957641602 0.0019487080862745643 -2.4304003715515137 -0.006466382648795843 -0.0017661558231338859 0.9999775290489197 162.3236083984375
0.9996778964996338 -0.02432234399020672 0.007241985760629177 -0.5656089782714844 0.024326732382178307 0.9997038841247559 -0.0005183544708415866 -2.4468796253204346 -0.007227233611047268 0.0006943613407202065 0.9999736547470093 163.6579132080078
0.9997366070747375 -0.021507149562239647 0.008006883785128593 -0.5644616484642029 0.021517105400562286 0.9997678995132446 -0.0011590850772336125 -2.4685165882110596 -0.007980097085237503 0.0013310648500919342 0.9999672174453735 165.00689697265625
0.9997735619544983 -0.01940302737057209 0.008726381696760654 -0.570735514163971 0.01940419152379036 0.9998117089271545 -4.887593604507856e-05 -2.490912437438965 -0.0087237898260355 0.00021819329413119704 0.9999619126319885 166.3601531982422
0.9998064637184143 -0.01794697344303131 0.008055625483393669 -0.562118411064148 0.017948923632502556 0.9998388886451721 -0.000169709455803968 -2.5153353214263916 -0.008051281794905663 0.0003142664209008217 0.9999675154685974 167.70880126953125
0.9998507499694824 -0.015415934845805168 0.007807551883161068 -0.561976432800293 0.015437924303114414 0.9998770356178284 -0.00276363268494606 -2.536252498626709 -0.007763988338410854 0.0028837528079748154 0.9999657273292542 169.060546875
0.9999038577079773 -0.011823111213743687 0.007248261943459511 -0.5601206421852112 0.011865745298564434 0.9999123811721802 -0.005867196712642908 -2.5571460723876953 -0.007178259547799826 0.005952637642621994 0.999956488609314 170.41592407226562
0.9999540448188782 -0.006282928865402937 0.007240094244480133 -0.5673907995223999 0.00633438304066658 0.9999548196792603 -0.007106063421815634 -2.586947202682495 -0.007195120211690664 0.007151598576456308 0.9999485611915588 171.7789306640625
0.999968945980072 -0.0019174605840817094 0.007643093355000019 -0.5776877999305725 0.001961612142622471 0.9999814033508301 -0.005773377604782581 -2.617690086364746 -0.007631881162524223 0.005788191221654415 0.999954104423523 173.12701416015625
0.9999632835388184 0.0009543258347548544 0.008517145179212093 -0.5881081819534302 -0.0009202401270158589 0.9999914765357971 -0.004005029797554016 -2.6430234909057617 -0.008520892821252346 0.003997045569121838 0.9999557137489319 174.4867706298828
0.9999607801437378 0.002066521905362606 0.008603598922491074 -0.5870774984359741 -0.002051578601822257 0.9999963045120239 -0.0017453276086598635 -2.6683452129364014 -0.008607172407209873 0.001727608498185873 0.9999613761901855 175.8612060546875
0.9999701380729675 -0.0010168275330215693 0.007661939598619938 -0.582995593547821 0.0010237351525574923 0.9999991059303284 -0.0008976382669061422 -2.6924874782562256 -0.0076610189862549305 0.0009054553229361773 0.9999702572822571 177.23431396484375
0.9999771118164062 -0.002978491596877575 0.006077677942812443 -0.5753993391990662 0.0029837689362466335 0.9999951124191284 -0.0008593813981860876 -2.7137460708618164 -0.006075088866055012 0.0008774960297159851 0.999981164932251 178.63302612304688
0.9999868273735046 -0.0028703606221824884 0.004257327411323786 -0.5771054625511169 0.002892940305173397 0.999981701374054 -0.005306994542479515 -2.737623453140259 -0.00424201600253582 0.005319240968674421 0.9999768733978271 180.0297393798828
0.9999943971633911 -0.002090606838464737 0.00261400593444705 -0.5715120434761047 0.0021137676667422056 0.9999582767486572 -0.00888910423964262 -2.774332284927368 -0.002595313359051943 0.008894580416381359 0.9999570846557617 181.453369140625
0.9999942183494568 0.0026671166997402906 0.002122259698808193 -0.5869309902191162 -0.002646910259500146 0.9999516010284424 -0.009467649273574352 -2.8061883449554443 -0.0021474084351211786 0.00946197472512722 0.9999529123306274 182.8566131591797
0.99997878074646 0.006232589948922396 0.0019045027438551188 -0.5948847532272339 -0.0062157949432730675 0.9999428391456604 -0.008700445294380188 -2.8385772705078125 -0.0019586202688515186 0.008688422851264477 0.9999603033065796 184.25369262695312
0.9999614357948303 0.00843124371021986 0.0024440744891762733 -0.6104177236557007 -0.008418530225753784 0.9999512434005737 -0.005166672170162201 -2.8715600967407227 -0.002487516961991787 0.005145897623151541 0.9999836683273315 185.63648986816406
0.999955952167511 0.008993081748485565 0.002679042983800173 -0.6123775243759155 -0.008985023945569992 0.9999551177024841 -0.00300560868345201 -2.901895523071289 -0.002705952385440469 0.002981405006721616 0.9999918937683105 187.0335693359375
0.9999610185623169 0.008308793418109417 0.002978616626933217 -0.6163116693496704 -0.008302043192088604 0.9999629855155945 -0.0022717711981385946 -2.9196090698242188 -0.002997382078319788 0.0022469537798315287 0.9999930262565613 188.46022033691406
0.9999719262123108 0.006833016872406006 0.003067085752263665 -0.6145776510238647 -0.006827439181506634 0.9999749660491943 -0.0018254586029797792 -2.9434444904327393 -0.003079482587054372 0.0018044671742245555 0.999993622303009 189.9219207763672
0.9999855160713196 0.004424705170094967 0.003060749964788556 -0.6165516972541809 -0.004420775454491377 0.9999893307685852 -0.0012895474210381508 -2.969359874725342 -0.0030664235819131136 0.0012759974924847484 0.9999944567680359 191.36009216308594
0.9999933242797852 0.0011094267247244716 0.003479107515886426 -0.6113765835762024 -0.0011060242541134357 0.9999988675117493 -0.0009797221282497048 -2.99977970123291 -0.0034801906440407038 0.000975867616944015 0.9999934434890747 192.7899169921875
0.9999890327453613 -0.0020876291673630476 0.004191221669316292 -0.6133846640586853 0.0020868899300694466 0.9999978542327881 0.0001807970693334937 -3.024573564529419 -0.004191590007394552 -0.0001720484287943691 0.9999911785125732 194.21888732910156
0.9999696016311646 -0.006426624022424221 0.00444644782692194 -0.603897750377655 0.0064190966077148914 0.9999779462814331 0.0017051181057468057 -3.045801877975464 -0.004457309376448393 -0.0016765238251537085 0.9999886751174927 195.68031311035156
0.9999508261680603 -0.008738352917134762 0.004700839519500732 -0.5958842635154724 0.008731978014111519 0.9999609589576721 0.0013750875368714333 -3.0630974769592285 -0.004712672438472509 -0.001333972322754562 0.9999880194664001 197.12197875976562
0.9999620914459229 -0.0068284934386610985 0.005406706593930721 -0.6007183790206909 0.006843529175966978 0.9999727606773376 -0.002767357276752591 -3.093214750289917 -0.005387662444263697 0.002804253250360489 0.9999815821647644 198.5644073486328
0.9999828934669495 0.0005549300112761557 0.005813366733491421 -0.6074578166007996 -0.0005092789069749415 0.9999690651893616 -0.007851308211684227 -3.1182701587677 -0.005817543249577284 0.007848214358091354 0.9999522566795349 199.9884796142578
0.9999207854270935 0.010024921968579292 0.007607585750520229 -0.6250581741333008 -0.009963547810912132 0.9999178051948547 -0.00806280318647623 -3.14860200881958 -0.007687789853662252 0.007986364886164665 0.9999385476112366 201.43150329589844
0.9998031854629517 0.017937755212187767 0.008468719199299812 -0.6313258409500122 -0.01790025644004345 0.9998296499252319 -0.004482980351895094 -3.175630807876587 -0.008547691628336906 0.00433050561696291 0.9999540448188782 202.86895751953125
0.9997794032096863 0.018749715760350227 0.009464261122047901 -0.6307439804077148 -0.018731052055954933 0.9998224377632141 -0.0020568447653204203 -3.2120909690856934 -0.009501143358647823 0.0018791153561323881 0.999953031539917 204.3055877685547
0.9998232126235962 0.016691429540514946 0.008658824488520622 -0.6228408217430115 -0.016676688566803932 0.9998593330383301 -0.0017721271142363548 -3.234163284301758 -0.008687185123562813 0.001627413323149085 0.9999608993530273 205.73370361328125
0.9998773336410522 0.01355926226824522 0.007855357602238655 -0.6137587428092957 -0.013545624911785126 0.999906599521637 -0.0017867855494841933 -3.2599141597747803 -0.00787885207682848 0.0016801604069769382 0.9999675750732422 207.20025634765625
0.9999036192893982 0.01170861255377531 0.0074677132070064545 -0.6189483404159546 -0.011693300679326057 0.9999294281005859 -0.002090760041028261 -3.286128282546997 -0.007491664960980415 0.0020032362081110477 0.9999699592590332 208.65142822265625
0.9999088048934937 0.01192106306552887 0.006350434385240078 -0.5966650247573853 -0.011904144659638405 0.9999254941940308 -0.002695284318178892 -3.316287040710449 -0.006382091902196407 0.0026194420643150806 0.9999762177467346 210.13446044921875
0.9998904466629028 0.013356630690395832 0.006384425796568394 -0.5999131202697754 -0.013342144899070263 0.9999083876609802 -0.0023062594700604677 -3.3439621925354004 -0.006414643954485655 0.002220825059339404 0.9999769926071167 211.60302734375
0.999879002571106 0.014168557710945606 0.006438341923058033 -0.6076695919036865 -0.014159820042550564 0.9998987913131714 -0.0014010294107720256 -3.3725178241729736 -0.006457540672272444 0.0013096939073875546 0.9999783039093018 213.0588836669922
0.9998780488967896 0.014544717967510223 0.005674750544130802 -0.586796224117279 -0.014532167464494705 0.9998918175697327 -0.002246609190478921 -3.3961405754089355 -0.005706812720745802 0.0021638686303049326 0.9999814033508301 214.57032775878906
0.999890923500061 0.013982024975121021 0.004750151187181473 -0.5755906105041504 -0.013965224847197533 0.9998961091041565 -0.003551604924723506 -3.4257469177246094 -0.004799316171556711 0.0034848805516958237 0.999982476234436 216.04342651367188
0.9998992681503296 0.01339200884103775 0.004706200677901506 -0.5760317444801331 -0.013373944908380508 0.9999030828475952 -0.0038496647030115128 -3.4494879245758057 -0.004757300019264221 0.003786337561905384 0.9999815225601196 217.52232360839844
0.9998939037322998 0.013881197199225426 0.004413297399878502 -0.5822585225105286 -0.013864363543689251 0.9998965859413147 -0.0038223147857934237 -3.4792373180389404 -0.004465898498892784 0.003760721767321229 0.9999829530715942 218.99383544921875
0.9998916387557983 0.014105192385613918 0.004216291010379791 -0.5866626501083374 -0.014088010415434837 0.9998924732208252 -0.0040778289549052715 -3.505988597869873 -0.0042733559384942055 0.004017987288534641 0.9999827146530151 220.4764862060547
0.9998975992202759 0.01386959757655859 0.003525706473737955 -0.5796873569488525 -0.013854422606527805 0.9998948574066162 -0.004292525351047516 -3.536644220352173 -0.00358487106859684 0.00424323882907629 0.9999845623970032 221.97337341308594
0.9998816251754761 0.014936354011297226 0.0036961426958441734 -0.5992177724838257 -0.014920140616595745 0.9998791217803955 -0.004375936929136515 -3.5668070316314697 -0.0037610558792948723 0.004320272244513035 0.9999836087226868 223.39305114746094
