0.9999864101409912 0.0030007679015398026 0.004259967245161533 -0.3720974028110504 -0.0029986186418682337 0.9999953508377075 -0.0005108455661684275 -0.16007623076438904 -0.004261480178683996 0.0004980646190233529 0.9999908208847046 -1.4598251581192017
0.9999949932098389 0.0014118327526375651 0.002832846250385046 -0.37253403663635254 -0.0014077015221118927 0.9999979138374329 -0.0014599112328141928 -0.1678033024072647 -0.0028349016793072224 0.0014559162082150578 0.9999949336051941 -0.8958672881126404
0.9999975562095642 0.0012067501666024327 0.0018621792551130056 -0.3753833472728729 -0.0012009794590994716 0.9999944567680359 -0.003096996806561947 -0.17814093828201294 -0.0018659057095646858 0.0030947525519877672 0.9999935030937195 -0.34037160873413086
0.9999998807907104 0.0004995749914087355 -0.0002698255702853203 -0.3742421567440033 -0.0005006591673009098 0.999991774559021 -0.004031718708574772 -0.19620801508426666 0.0002678101882338524 0.004031853284686804 0.9999918937683105 0.22534509003162384
0.9999968409538269 -0.001328704529441893 -0.0021265512332320213 -0.38274720311164856 0.0013158529764041305 0.9999809265136719 -0.006033307407051325 -0.20251458883285522 0.0021345275454223156 0.006030490156263113 0.999979555606842 0.7919983863830566
0.9999852776527405 -0.0038144502323120832 -0.0038589639589190483 -0.3828015923500061 0.0037840846925973892 0.9999620914459229 -0.007845400832593441 -0.22063201665878296 0.0038887434639036655 0.007830682210624218 0.999961793422699 1.3407728672027588
0.999973475933075 -0.004994015209376812 -0.005297572817653418 -0.38861939311027527 0.004948924295604229 0.9999517202377319 -0.008491056971251965 -0.2337413728237152 0.00533972168341279 0.008464614860713482 0.9999499320983887 1.9096016883850098
0.999965488910675 -0.004962102044373751 -0.006655276287347078 -0.3976488411426544 0.004909677896648645 0.9999569058418274 -0.007870606146752834 -0.24590228497982025 0.006694045849144459 0.007837660610675812 0.9999468922615051 2.492804527282715
0.9999566078186035 -0.0053534135222435 -0.007618837524205446 -0.4075532555580139 0.005289947614073753 0.9999513030052185 -0.00832620169967413 -0.2603493332862854 0.007663040421903133 0.008285538293421268 0.9999362826347351 3.0854110717773438
0.9999470710754395 -0.004827466793358326 -0.009083609096705914 -0.4118841588497162 0.0047269416972994804 0.9999276995658875 -0.011055821552872658 -0.2757904529571533 0.009136322885751724 0.011012299917638302 0.9998975396156311 3.674497365951538
0.9999424815177917 -0.003102085553109646 -0.010263534262776375 -0.42551863193511963 0.0029498760122805834 0.9998859167098999 -0.01481224037706852 -0.2919066846370697 0.010308312252163887 0.014781112782657146 0.9998375177383423 4.277075290679932
0.9999303817749023 -0.0019816046115010977 -0.01162658166140318 -0.4381762742996216 0.0017669156659394503 0.9998282790184021 -0.018446635454893112 -0.3056052029132843 0.011661137454211712 0.018424805253744125 0.999762237071991 4.892151832580566
0.9999183416366577 -1.4654026017524302e-05 -0.012774025090038776 -0.45408761501312256 -0.00022121466463431716 0.9998294711112976 -0.018463000655174255 -0.3201233148574829 0.012772114016115665 0.01846431754529476 0.9997478723526001 5.522336483001709
0.9998990893363953 0.0022595582995563745 -0.014024944975972176 -0.46403318643569946 -0.0024246354587376118 0.9999279975891113 -0.011764449067413807 -0.3287551999092102 0.013997347094118595 0.011797268874943256 0.9998324513435364 6.1529693603515625
0.9998918771743774 0.0033085448667407036 -0.01432750467211008 -0.48232144117355347 -0.0033248786348849535 0.9999938607215881 -0.0011163773015141487 -0.34324613213539124 0.014323721639811993 0.0011638924479484558 0.9998967051506042 6.811191082000732
0.9998737573623657 0.003912949934601784 -0.015398288145661354 -0.49584734439849854 -0.003827617270871997 0.9999772310256958 0.005567267537117004 -0.3546799421310425 0.01541972067207098 -0.005507627502083778 0.9998658895492554 7.498350620269775
0.9998355507850647 0.006506640929728746 -0.016926545649766922 -0.5109113454818726 -0.006430510431528091 0.9999690055847168 0.004548242781311274 -0.3709459900856018 0.01695561781525612 -0.0044386484660208225 0.9998463988304138 8.176365852355957
0.9998118877410889 0.00840764306485653 -0.017480194568634033 -0.535102128982544 -0.008455292321741581 0.9999607801437378 -0.0026537510566413403 -0.3767656683921814 0.01745719648897648 0.002801051363348961 0.9998436570167542 8.871713638305664
0.9997919201850891 0.008082091808319092 -0.018726162612438202 -0.5501574277877808 -0.008242306299507618 0.9999299645423889 -0.008494319394230843 -0.377631813287735 0.01865619607269764 0.008646899834275246 0.9997885227203369 9.578736305236816
0.9997857213020325 0.005753008183091879 -0.019881976768374443 -0.5648229122161865 -0.005892802029848099 0.9999582171440125 -0.006979772355407476 -0.37984228134155273 0.019840989261865616 0.007095437031239271 0.9997779726982117 10.317794799804688
0.9997819662094116 0.005536605138331652 -0.020134788006544113 -0.5850430727005005 -0.005491195246577263 0.9999822378158569 0.0023098858073353767 -0.3943246006965637 0.02014722116291523 -0.0021988183725625277 0.9997945427894592 11.061613082885742
0.9997774958610535 0.005248840432614088 -0.020429732277989388 -0.6045931577682495 -0.005050249397754669 0.9999395608901978 0.009760159067809582 -0.40040311217308044 0.020479725673794746 -0.009654812514781952 0.999743640422821 11.8384370803833
0.9997724294662476 0.0043086218647658825 -0.02089584246277809 -0.6266620755195618 -0.0040547787211835384 0.9999175667762756 0.01217525452375412 -0.4024425148963928 0.020946579053997993 -0.012087756767868996 0.9997075200080872 12.626031875610352
0.9997740983963013 0.002381565747782588 -0.021125050261616707 -0.6413186192512512 -0.002144735539332032 0.9999346733093262 0.011226478964090347 -0.40244194865226746 0.021150410175323486 -0.011178633198142052 0.9997138381004333 13.432930946350098
0.9997841119766235 0.0019821897149086 -0.020682308822870255 -0.6610329747200012 -0.0017994791269302368 0.9999593496322632 0.00884900614619255 -0.403960645198822 0.020699001848697662 -0.008809877559542656 0.9997469186782837 14.249545097351074
0.9997904896736145 0.004536140710115433 -0.019958214834332466 -0.6860843896865845 -0.004426958505064249 0.9999750256538391 0.005511329043656588 -0.4037958085536957 0.01998271234333515 -0.005421820096671581 0.9997856616973877 15.086759567260742
0.999811589717865 0.0013932136353105307 -0.019360071048140526 -0.7014075517654419 -0.0014004983240738511 0.999998927116394 -0.0003627166152000427 -0.40789198875427246 0.019359545782208443 0.0003897612914443016 0.9998124837875366 15.944743156433105
0.99982750415802 -0.0013967006234452128 -0.01851790025830269 -0.7165915369987488 0.0012780149700120091 0.9999785423278809 -0.006419558078050613 -0.4195919632911682 0.01852647215127945 0.006394782103598118 0.9998079538345337 16.8126220703125
0.9998470544815063 0.00013312447117641568 -0.017487941309809685 -0.7352065443992615 -0.0003458908468019217 0.999925971031189 -0.01216397900134325 -0.43018490076065063 0.017485028132796288 0.012168169021606445 0.9997730851173401 17.711456298828125
0.99985271692276 0.0012242458760738373 -0.017121367156505585 -0.7582586407661438 -0.0014463451225310564 0.9999148845672607 -0.012965678237378597 -0.44603168964385986 0.01710404083132744 0.012988533824682236 0.9997693300247192 18.6170711517334
0.9998384714126587 0.0013067207764834166 -0.01792188547551632 -0.7723636627197266 -0.0015300411032512784 0.9999213218688965 -0.012452734634280205 -0.4648514688014984 0.01790420152246952 0.012478143908083439 0.9997618794441223 19.55567741394043
0.9998390674591064 0.0031293644569814205 -0.017659327015280724 -0.8001108169555664 -0.0033738932106643915 0.9998986124992371 -0.01383424922823906 -0.49087193608283997 0.017614245414733887 0.013891603797674179 0.9997483491897583 20.493730545043945
0.9998263120651245 0.00626410124823451 -0.017553461715579033 -0.8181414008140564 -0.006542290095239878 0.9998531341552734 -0.015835758298635483 -0.5142000913619995 0.017451688647270203 0.015947844833135605 0.9997205138206482 21.449071884155273
0.9997943043708801 0.009447612799704075 -0.017951250076293945 -0.8405515551567078 -0.00974431075155735 0.9998161196708679 -0.016512950882315636 -0.5391482710838318 0.01779194176197052 0.016684476286172867 0.999702513217926 22.4148006439209
0.9997783899307251 0.011245583184063435 -0.017796535044908524 -0.8736261129379272 -0.011540672741830349 0.9997960925102234 -0.016566364094614983 -0.5663800239562988 0.01760660856962204 0.0167680773884058 0.9997043609619141 23.396507263183594
0.9997656941413879 0.012084984220564365 -0.017959551885724068 -0.8967742323875427 -0.012383043766021729 0.999785840511322 -0.016578659415245056 -0.5928062200546265 0.017755350098013878 0.01679716631770134 0.9997012615203857 24.37057113647461
0.9997578859329224 0.012356778606772423 -0.018204867839813232 -0.9095000624656677 -0.012658592313528061 0.9997827410697937 -0.016557956114411354 -0.6226985454559326 0.01799630932509899 0.016784396022558212 0.9996970891952515 25.370315551757812
0.999738335609436 0.013343216851353645 -0.0185774564743042 -0.9313094019889832 -0.013629168272018433 0.9997892379760742 -0.015351815149188042 -0.6520806550979614 0.018368694931268692 0.015600994229316711 0.9997094869613647 26.371599197387695
0.9997299909591675 0.01351673249155283 -0.018902773037552834 -0.9531323909759521 -0.013768281787633896 0.9998175501823425 -0.013241284526884556 -0.680696964263916 0.018720341846346855 0.013497965410351753 0.9997336268424988 27.3851375579834
0.9997175931930542 0.014410625211894512 -0.01889740116894245 -0.9850654006004333 -0.014642595313489437 0.9998184442520142 -0.012194844894111156 -0.7101455926895142 0.018718233332037926 0.012468108907341957 0.9997469782829285 28.40880012512207
0.9997146129608154 0.014429562725126743 -0.019040700048208237 -1.006903052330017 -0.014681053347885609 0.9998059272766113 -0.013135051354765892 -0.7384053468704224 0.018847471103072166 0.013410840183496475 0.9997323751449585 29.434009552001953
0.9996910691261292 0.015398035757243633 -0.019513042643666267 -1.0296603441238403 -0.015677301213145256 0.9997757077217102 -0.014240426942706108 -0.7634345293045044 0.01928938925266266 0.014541937038302422 0.9997081160545349 30.46898651123047
0.9996886253356934 0.015317028388381004 -0.01969936490058899 -1.0619760751724243 -0.01558424811810255 0.9997876286506653 -0.01348364632576704 -0.788017988204956 0.019488651305437088 0.013786445371806622 0.9997150301933289 31.510292053222656
0.999678373336792 0.015042905695736408 -0.020416520535945892 -1.0846883058547974 -0.015272107906639576 0.9998215436935425 -0.011117114685475826 -0.8100100159645081 0.020245643332600594 0.011425341479480267 0.9997297525405884 32.5613899230957
0.999657928943634 0.015497283078730106 -0.021070566028356552 -1.1091440916061401 -0.015659980475902557 0.9998486042022705 -0.007578649092465639 -0.8313528299331665 0.02094992808997631 0.007906019687652588 0.9997493028640747 33.619991302490234
0.9996649622917175 0.014907260425388813 -0.021157292649149895 -1.1418495178222656 -0.01501472294330597 0.9998751282691956 -0.0049295141361653805 -0.8616716265678406 0.021081168204545975 0.0052455333061516285 0.9997639656066895 34.684844970703125
0.999654233455658 0.015073460526764393 -0.021544720977544785 -1.1704225540161133 -0.015172434039413929 0.9998751282691956 -0.004437785595655441 -0.8820091485977173 0.021475136280059814 0.004763137549161911 0.9997580051422119 35.75554275512695
0.9996387362480164 0.014494442380964756 -0.022636059671640396 -1.189150333404541 -0.014625185169279575 0.9998772144317627 -0.005620974116027355 -0.9088059663772583 0.02255181036889553 0.005950000137090683 0.9997279644012451 36.84282684326172
0.9996262788772583 0.01487246435135603 -0.022940034046769142 -1.2281908988952637 -0.015024598687887192 0.9998661279678345 -0.006473630666732788 -0.923570454120636 0.022840682417154312 0.006815875414758921 0.9997158646583557 37.92430114746094
0.9996148943901062 0.014112744480371475 -0.02389325201511383 -1.2540353536605835 -0.01423410139977932 0.9998866319656372 -0.004916585516184568 -0.9555867910385132 0.0238211527466774 0.005254791583865881 0.9997025728225708 39.024505615234375
0.9995825290679932 0.014755463227629662 -0.024842841550707817 -1.285905361175537 -0.014842077158391476 0.9998844861984253 -0.0033055576495826244 -0.9706901907920837 0.024791192263364792 0.003672896884381771 0.9996860027313232 40.1114501953125
0.9995846152305603 0.01417542528361082 -0.025093814358115196 -1.3256372213363647 -0.014189833775162697 0.9998992085456848 -0.00039610080420970917 -0.9992855787277222 0.025085672736167908 0.0007520131766796112 0.9996850490570068 41.204185485839844
0.9995538592338562 0.015691420063376427 -0.02541590854525566 -1.364274024963379 -0.01570035144686699 0.9998767375946045 -0.00015183305367827415 -1.0263938903808594 0.025410395115613937 0.0005508041940629482 0.9996770024299622 42.280059814453125
0.9995145797729492 0.017070503905415535 -0.026060542091727257 -1.3849616050720215 -0.017188934609293938 0.9998428821563721 -0.004327178932726383 -1.0467851161956787 0.025982582941651344 0.0047730314545333385 0.9996510148048401 43.35918045043945
0.9994935989379883 0.018307950347661972 -0.02602563053369522 -1.4222012758255005 -0.018534788861870766 0.9997920989990234 -0.008501533418893814 -1.067030429840088 0.025864573195576668 0.008979608304798603 0.9996251463890076 44.437835693359375
0.9994916915893555 0.018538545817136765 -0.025935010984539986 -1.458375334739685 -0.018768398091197014 0.9997864365577698 -0.008647390641272068 -1.0945416688919067 0.02576916478574276 0.009129755198955536 0.9996262192726135 45.521209716796875
0.9994725584983826 0.019500933587551117 -0.025966720655560493 -1.4898074865341187 -0.019660435616970062 0.999789297580719 -0.005901421420276165 -1.1208240985870361 0.025846164673566818 0.006408825982362032 0.999645471572876 46.62448501586914
0.9994725584983826 0.01961817964911461 -0.02587895281612873 -1.5208289623260498 -0.019724398851394653 0.9997979998588562 -0.003855442628264427 -1.1444216966629028 0.025798089802265167 0.004363855812698603 0.9996576309204102 47.72251510620117
0.9995097517967224 0.01805906556546688 -0.025576066225767136 -1.5563011169433594 -0.018127666786313057 0.9998326301574707 -0.0024529420770704746 -1.168091058731079 0.025527488440275192 0.0029153742361813784 0.9996698498725891 48.809879302978516
0.9995070695877075 0.018156353384256363 -0.025609971955418587 -1.5828816890716553 -0.018243180587887764 0.9998285174369812 -0.0031607060227543116 -1.1934565305709839 0.025548195466399193 0.0036263554356992245 0.9996669888496399 49.899192810058594
0.9995346665382385 0.01709435135126114 -0.025263331830501556 -1.619139552116394 -0.017234735190868378 0.9998371005058289 -0.0053495182655751705 -1.211551308631897 0.02516777440905571 0.005782434716820717 0.9996664524078369 50.986976623535156
0.9995419979095459 0.016850804910063744 -0.025136813521385193 -1.6432185173034668 -0.017041003331542015 0.9998276829719543 -0.00737153273075819 -1.2350902557373047 0.025008266791701317 0.007796512916684151 0.9996567964553833 52.074913024902344
0.9995583295822144 0.016446860507130623 -0.02475029230117798 -1.6798242330551147 -0.01669785939157009 0.9998108148574829 -0.009968986734747887 -1.2670570611953735 0.024581653997302055 0.010377861559391022 0.9996439814567566 53.17586898803711
0.999590277671814 0.014375067315995693 -0.024751408025622368 -1.7063359022140503 -0.014702408574521542 0.9998061060905457 -0.013094312511384487 -1.3003818988800049 0.024558380246162415 0.013452854007482529 0.9996078610420227 54.245243072509766
0.9996119141578674 0.012666305527091026 -0.024811867624521255 -1.7324028015136719 -0.013040545396506786 0.9998027086257935 -0.014979726634919643 -1.330068826675415 0.024617234244942665 0.015297473408281803 0.999579906463623 55.33517837524414
0.9996507167816162 0.010942607186734676 -0.024053793400526047 -1.7641613483428955 -0.011240825988352299 0.9998611807823181 -0.012297899462282658 -1.3661043643951416 0.023915879428386688 0.012563989497721195 0.9996350407600403 56.41411590576172
0.999661386013031 0.010036038234829903 -0.02400594763457775 -1.7929683923721313 -0.01020175963640213 0.999924898147583 -0.0067908973433077335 -1.390744686126709 0.023935990408062935 0.007033501286059618 0.9996887445449829 57.51951217651367
0.9996811747550964 0.008416930213570595 -0.023804916068911552 -1.8188084363937378 -0.00844007171690464 0.9999640583992004 -0.000871805939823389 -1.4121185541152954 0.023796722292900085 0.0010724435560405254 0.9997162222862244 58.61157989501953
0.999697208404541 0.006833337247371674 -0.023637674748897552 -1.8453946113586426 -0.006839540787041187 0.9999765753746033 -0.00018160446779802442 -1.4349637031555176 0.023635882884263992 0.0003432204248383641 0.9997205138206482 59.70814514160156
0.9997089505195618 0.0036239628680050373 -0.02385261282324791 -1.86701238155365 -0.003698903601616621 0.999988317489624 -0.0030984559562057257 -1.4527169466018677 0.02384110912680626 0.0031857823487371206 0.9997106194496155 60.803829193115234
0.9997239708900452 0.001987041439861059 -0.023407667875289917 -1.902590036392212 -0.0021411674097180367 0.9999762773513794 -0.0065612467005848885 -1.4731762409210205 0.02339407056570053 0.006609555333852768 0.9997044801712036 61.89060592651367
0.9997110366821289 0.00448005273938179 -0.0236152745783329 -1.9330817461013794 -0.004724881611764431 0.999935507774353 -0.010321805253624916 -1.5074353218078613 0.023567508906126022 0.010430402122437954 0.9996678233146667 62.98308563232422
0.9997080564498901 0.004615804646164179 -0.02371508814394474 -1.9596904516220093 -0.0049647437408566475 0.9998799562454224 -0.01467607356607914 -1.5335400104522705 0.023644501343369484 0.014789531007409096 0.999610960483551 64.0782699584961
0.9997039437294006 0.007687916047871113 -0.023087624460458755 -1.998192548751831 -0.00804871041327715 0.999846339225769 -0.015575077384710312 -1.559520959854126 0.02296433411538601 0.015756290405988693 0.9996120929718018 65.17647552490234
0.9996951818466187 0.011356214992702007 -0.021921169012784958 -2.0405077934265137 -0.011613539420068264 0.9998646974563599 -0.011647122912108898 -1.5984606742858887 0.021785933524370193 0.011898157186806202 0.9996918439865112 66.27933502197266
0.9996838569641113 0.0126277981325984 -0.021742498502135277 -2.072380542755127 -0.012832637876272202 0.9998743534088135 -0.009307462722063065 -1.6278772354125977 0.02162223495543003 0.009583533741533756 0.9997202754020691 67.37269592285156
0.9996885657310486 0.01178380660712719 -0.02199748158454895 -2.095412254333496 -0.011974478140473366 0.9998916983604431 -0.008556319400668144 -1.654148817062378 0.021894272416830063 0.008817062713205814 0.9997214674949646 68.46217346191406
0.9997038841247559 0.01073055062443018 -0.021840358152985573 -2.1217808723449707 -0.010908257216215134 0.9999082088470459 -0.008033794350922108 -1.6822891235351562 0.021752147004008293 0.008269655518233776 0.9997292160987854 69.57571411132812
0.999711275100708 0.009688111953437328 -0.021988604217767715 -2.149930953979492 -0.009831652976572514 0.9999309778213501 -0.0064293015748262405 -1.7120953798294067 0.02192479930818081 0.006643630564212799 0.999737560749054 70.6668472290039
0.9997232556343079 0.007947089150547981 -0.02213827520608902 -2.1807265281677246 -0.008047398179769516 0.999957799911499 -0.004445720463991165 -1.7379560470581055 0.022102011367678642 0.004622645676136017 0.9997450113296509 71.76849365234375
0.9997071027755737 0.007007727865129709 -0.02316519431769848 -2.205245018005371 -0.007075275294482708 0.9999709725379944 -0.002835224149748683 -1.7641711235046387 0.02314465492963791 0.002998293610289693 0.9997275471687317 72.85584259033203
0.9997048377990723 0.006603605579584837 -0.023381978273391724 -2.2387843132019043 -0.006691646762192249 0.9999708533287048 -0.003689088160172105 -1.7937172651290894 0.023356936872005463 0.003844462800770998 0.9997197389602661 73.94348907470703
0.9996849894523621 0.006631956901401281 -0.024207115173339844 -2.2669942378997803 -0.006818788591772318 0.9999475479125977 -0.007643682882189751 -1.819635272026062 0.024155156686902046 0.007806337438523769 0.9996776580810547 75.0210189819336
0.9996562600135803 0.007196872495114803 -0.025207050144672394 -2.2948591709136963 -0.007447974756360054 0.9999234080314636 -0.009881913661956787 -1.844285249710083 0.025133999064564705 0.010066257789731026 0.9996333718299866 76.10122680664062
0.9996318817138672 0.009106205776333809 -0.025557618588209152 -2.3313112258911133 -0.009316769428551197 0.9999235272407532 -0.008131840266287327 -1.8716826438903809 0.025481615215539932 0.008366960100829601 0.9996404051780701 77.17908477783203
0.9996039271354675 0.010346162132918835 -0.026172250509262085 -2.3653531074523926 -0.01045558974146843 0.999937117099762 -0.004047652706503868 -1.8930765390396118 0.026128731667995453 0.004319694824516773 0.9996492862701416 78.25475311279297
0.9995792508125305 0.011212495155632496 -0.026747649535536766 -2.3987221717834473 -0.01120889000594616 0.9999370574951172 0.0002847301366273314 -1.9234931468963623 0.026749160140752792 1.5201002497633453e-05 0.9996421933174133 79.32929992675781
0.9995478987693787 0.012443481013178825 -0.027366898953914642 -2.4365594387054443 -0.012424125336110592 0.9999223947525024 0.000877188693266362 -1.9424948692321777 0.027375690639019012 -0.0005367824924178421 0.9996250867843628 80.40033721923828
0.9995375275611877 0.012499051168560982 -0.027720075100660324 -2.4751317501068115 -0.012543516233563423 0.9999202489852905 -0.0014307888923212886 -1.9596530199050903 0.027699975296854973 0.001777834608219564 0.9996147155761719 81.46973419189453
0.9995297193527222 0.012259252369403839 -0.028105203062295914 -2.515699625015259 -0.012317605316638947 0.9999222755432129 -0.0019041000632569194 -1.9868186712265015 0.028079675510525703 0.002249393379315734 0.9996030926704407 82.52906036376953
0.9995186924934387 0.011490761302411556 -0.028812890872359276 -2.5460824966430664 -0.011548991315066814 0.9999315142631531 -0.0018553766421973705 -2.0110507011413574 0.028789594769477844 0.002187243429943919 0.9995831251144409 83.5829086303711
0.9995114207267761 0.010016681626439095 -0.02960781380534172 -2.580085039138794 -0.010071124881505966 0.9999478459358215 -0.001690202858299017 -2.02875018119812 0.029589341953396797 0.0019875611178576946 0.9995601773262024 84.62619018554688
0.999498188495636 0.009339169599115849 -0.03026798740029335 -2.6103668212890625 -0.009360337629914284 0.9999561309814453 -0.000557759078219533 -2.05110239982605 0.03026144951581955 0.0008407979621551931 0.9995415806770325 85.65106201171875
0.9994879961013794 0.009663575328886509 -0.030500350520014763 -2.649249315261841 -0.009600801393389702 0.9999514818191528 0.002203906187787652 -2.0736522674560547 0.03052016906440258 -0.0019099497003480792 0.9995322823524475 86.65370178222656
0.9994602203369141 0.00842866487801075 -0.0317547470331192 -2.6850194931030273 -0.00832290668040514 0.9999593496322632 0.00346113252453506 -2.098895788192749 0.03178263455629349 -0.003194971941411495 0.9994896054267883 87.63320922851562
0.9993993639945984 0.0076439338736236095 -0.03380048647522926 -2.722651958465576 -0.007531873416155577 0.9999657273292542 0.003441433422267437 -2.115410566329956 0.03382563218474388 -0.0031847853679209948 0.9994226694107056 88.59565734863281
0.9992901086807251 0.006763653829693794 -0.03706125169992447 -2.761612892150879 -0.006673178169876337 0.9999744892120361 0.0025643990375101566 -2.1348307132720947 0.0370776392519474 -0.0023152620997279882 0.9993096590042114 89.52627563476562
0.9991604685783386 0.006540681701153517 -0.04044274613261223 -2.804739236831665 -0.006481827702373266 0.9999777674674988 0.001586197060532868 -2.1528728008270264 0.040452223271131516 -0.001322722528129816 0.9991806149482727 90.45124053955078
0.999030590057373 0.0065106856636703014 -0.04353747144341469 -2.8504576683044434 -0.0064260768704116344 0.999977171421051 0.0020830309949815273 -2.172236442565918 0.0435500368475914 -0.0018012367654591799 0.9990495443344116 91.34085083007812
0.9988856911659241 0.00763939693570137 -0.0465727299451828 -2.8993663787841797 -0.007498149760067463 0.9999668002128601 0.0032067704014480114 -2.189906358718872 0.04659567400813103 -0.002853987505659461 0.9989096522331238 92.20735168457031
0.9987245202064514 0.00831020437180996 -0.04980095848441124 -2.9474143981933594 -0.008108596317470074 0.9999580383300781 0.00424894830211997 -2.207404375076294 0.04983418062329292 -0.003839712357148528 0.9987500905990601 93.05514526367188
0.9985508918762207 0.00970083475112915 -0.052934806793928146 -2.9953975677490234 -0.009409114718437195 0.9999391436576843 0.005757384467869997 -2.2215847969055176 0.052987441420555115 -0.005250971764326096 0.9985813498497009 93.8727798461914
0.9984191656112671 0.010931171476840973 -0.055132437497377396 -3.052706241607666 -0.010583925992250443 0.9999222159385681 0.006586436182260513 -2.237034559249878 0.05520015209913254 -0.00599250802770257 0.9984573125839233 94.65911102294922
0.9982311129570007 0.012969317846000195 -0.058021221309900284 -3.097477436065674 -0.012570042163133621 0.9998947381973267 0.007241277024149895 -2.2567551136016846 0.058109037578105927 -0.006499137729406357 0.9982891082763672 95.41969299316406
0.9980259537696838 0.014682223089039326 -0.06106218695640564 -3.1447229385375977 -0.014336456544697285 0.9998787045478821 0.006096831988543272 -2.2707903385162354 0.06114429607987404 -0.005209381226450205 0.9981153607368469 96.15039825439453
0.9978706240653992 0.016042953357100487 -0.06322231888771057 -3.205827474594116 -0.01591229997575283 0.9998700618743896 0.0025696191005408764 -2.291041612625122 0.06325533241033554 -0.0015581347979605198 0.9979962110519409 96.84173583984375
0.9976628422737122 0.01860237494111061 -0.06574825197458267 -3.263068914413452 -0.01872146502137184 0.999824047088623 -0.001195595134049654 -2.3011069297790527 0.06571444869041443 0.002423703670501709 0.9978355169296265 97.51863861083984
0.9974756836891174 0.020321577787399292 -0.06803859025239944 -3.303978681564331 -0.02064512111246586 0.9997786283493042 -0.00405547022819519 -2.318912982940674 0.0679410994052887 0.005449898075312376 0.9976744651794434 98.1576156616211
0.9973692893981934 0.022534366697072983 -0.06889621168375015 -3.3533170223236084 -0.02291950024664402 0.9997256994247437 -0.004804600030183792 -2.3358631134033203 0.06876902282238007 0.0063710263930261135 0.9976123571395874 98.77348327636719
0.9973768591880798 0.024879243224859238 -0.06797188520431519 -3.4040298461914062 -0.025241391733288765 0.9996713399887085 -0.004474167712032795 -2.3496665954589844 0.06783822923898697 0.006178137380629778 0.9976772665977478 99.35855865478516
0.9975294470787048 0.02865060605108738 -0.06414100527763367 -3.468338966369629 -0.02890901267528534 0.9995772242546082 -0.0031041051261126995 -2.3640739917755127 0.06402494758367538 0.0049506900832057 0.9979360699653625 99.93099212646484
0.997730553150177 0.031164363026618958 -0.05968604236841202 -3.4827349185943604 -0.03131982311606407 0.9995079636573792 -0.0016706492751836777 -2.3807783126831055 0.05960460752248764 0.003536214353516698 0.9982157349586487 100.470947265625
0.9981430768966675 0.03189777582883835 -0.051892682909965515 -3.518578052520752 -0.03189876303076744 0.9994907379150391 0.0008093928918242455 -2.4006295204162598 0.05189207196235657 0.0008474225178360939 0.9986523985862732 100.98540496826172
0.9985970854759216 0.03185855597257614 -0.04229370504617691 -3.537943124771118 -0.031750667840242386 0.9994905591011047 0.0032202829606831074 -2.412113666534424 0.04237474501132965 -0.0018729101866483688 0.9991000294685364 101.48303985595703
0.9990369081497192 0.031651437282562256 -0.03038644790649414 -3.5379300117492676 -0.03153466433286667 0.9994933009147644 0.0043145520612597466 -2.425692081451416 0.030507612973451614 -0.0033521708101034164 0.9995288252830505 101.95700073242188
0.9993821382522583 0.03079121559858322 -0.016949206590652466 -3.537811040878296 -0.030722210183739662 0.9995185136795044 0.0043168081901967525 -2.4357120990753174 0.017073972150683403 -0.0037934230640530586 0.9998469948768616 102.41453552246094
0.999528169631958 0.030653582885861397 -0.001963552087545395 -3.526047706604004 -0.030647197738289833 0.9995250701904297 0.0032042842358350754 -2.444890022277832 0.0020608417689800262 -0.0031425952911376953 0.999992847442627 102.85613250732422
0.9994441270828247 0.029282934963703156 0.01593093015253544 -3.503347396850586 -0.02928883582353592 0.9995709657669067 0.00013738777488470078 -2.4575424194335938 -0.01592007838189602 -0.000603910069912672 0.9998731017112732 103.27818298339844
0.9988797307014465 0.029041627421975136 0.03736155107617378 -3.4770989418029785 -0.028898043558001518 0.99957275390625 -0.004377542994916439 -2.470811605453491 -0.03747272491455078 0.0032929631415754557 0.9992921948432922 103.68722534179688
0.9977626204490662 0.026731783524155617 0.06128060817718506 -3.4281086921691895 -0.026201829314231873 0.9996122121810913 -0.009435445070266724 -2.480323314666748 -0.061509061604738235 0.007808666210621595 0.9980759620666504 104.09806060791016
0.9957610368728638 0.024683814495801926 0.08860544860363007 -3.370271682739258 -0.02365300990641117 0.9996399879455566 -0.012665013782680035 -2.4880964756011963 -0.08888617902994156 0.010515538975596428 0.9959862232208252 104.50447845458984
0.9927416443824768 0.021761203184723854 0.11828210949897766 -3.3019943237304688 -0.020323917269706726 0.9997044205665588 -0.013344136998057365 -2.508798599243164 -0.1185375303030014 0.010843324474990368 0.9928903579711914 104.88056182861328
0.9883880019187927 0.019253939390182495 0.15072642266750336 -3.21311092376709 -0.01711837574839592 0.9997341632843018 -0.015453297644853592 -2.5220160484313965 -0.15098387002944946 0.01269366592168808 0.9884546995162964 105.23265838623047
0.9821686744689941 0.01698586903512478 0.18723297119140625 -3.1227493286132812 -0.014095412567257881 0.9997602701187134 -0.016758393496274948 -2.5393078327178955 -0.18747270107269287 0.01382044330239296 0.9821726083755493 105.60515594482422
0.9742512106895447 0.013637256808578968 0.22505275905132294 -2.998394012451172 -0.009852943941950798 0.9997907280921936 -0.017929846420884132 -2.5494894981384277 -0.22525015473365784 0.015250739641487598 0.9741815328598022 105.9686279296875
0.964125394821167 0.011589882895350456 0.2651941776275635 -2.873394012451172 -0.006874131970107555 0.999801516532898 -0.018703490495681763 -2.567837715148926 -0.2653582692146301 0.01620953157544136 0.9640135765075684 106.31509399414062
0.9516873955726624 0.01192557904869318 0.30683696269989014 -2.7454051971435547 -0.006224790588021278 0.9997895359992981 -0.019551143050193787 -2.588482618331909 -0.30700552463531494 0.01669658161699772 0.9515612125396729 106.634033203125
0.9363327622413635 0.01434115320444107 0.35082095861434937 -2.59637451171875 -0.007662655785679817 0.9997622966766357 -0.02041766792535782 -2.6007161140441895 -0.3510303497314453 0.016429511830210686 0.9362198114395142 106.95923614501953
0.9184733033180237 0.014709671959280968 0.39520949125289917 -2.422504425048828 -0.007463986054062843 0.9997748136520386 -0.019865132868289948 -2.6072676181793213 -0.3954126536846161 0.015295756049454212 0.918376088142395 107.27515411376953
0.8979231119155884 0.013363479636609554 0.43994951248168945 -2.2433204650878906 -0.005823192652314901 0.9998121857643127 -0.01848438009619713 -2.6223485469818115 -0.4401138424873352 0.01403563842177391 0.8978322744369507 107.5822982788086
0.8746957182884216 0.012148948386311531 0.48452028632164 -2.048553466796875 -0.0034145666286349297 0.9998154044151306 -0.01890530250966549 -2.6390883922576904 -0.4846605062484741 0.014881960116326809 0.874575674533844 107.85845947265625
0.8492133617401123 0.013570628128945827 0.5278754234313965 -1.8319282531738281 -0.0025390726514160633 0.9997630715370178 -0.02161722257733345 -2.652151584625244 -0.5280437469482422 0.017017316073179245 0.8490465879440308 108.14653015136719
0.8210481405258179 0.015980500727891922 0.5706351399421692 -1.6253089904785156 -0.0017332604620605707 0.9996732473373413 -0.025501735508441925 -2.6678428649902344 -0.5708561539649963 0.01994909904897213 0.8208076357841492 108.39961242675781
0.789785623550415 0.020631197839975357 0.6130359768867493 -1.391571044921875 -0.003111089114099741 0.9995560646057129 -0.029631126672029495 -2.688363790512085 -0.6133750081062317 0.0214950293302536 0.7894991636276245 108.66304016113281
0.7556812167167664 0.026844598352909088 0.6543892025947571 -1.136138916015625 -0.006280009634792805 0.9994106292724609 -0.033746108412742615 -2.7003095149993896 -0.6549094915390015 0.0213917326182127 0.7554044723510742 108.91622161865234
0.717945396900177 0.03172033652663231 0.6953763961791992 -0.8642501831054688 -0.007712680380791426 0.9992623329162598 -0.037619419395923615 -2.703275203704834 -0.6960566639900208 0.021645473316311836 0.7176604270935059 109.16229248046875
0.6788004040718079 0.03170333430171013 0.7336382269859314 -0.5678558349609375 -0.005340230651199818 0.9992543458938599 -0.038240574300289154 -2.7229957580566406 -0.73430335521698 0.02203991636633873 0.6784635186195374 109.38177490234375
0.6378627419471741 0.029180403798818588 0.769597053527832 -0.2552680969238281 -0.0012750555761158466 0.9993205070495605 -0.036833904683589935 -2.741596221923828 -0.7701489925384521 0.022513700649142265 0.637466549873352 109.58088684082031
0.5931485295295715 0.027395067736506462 0.8046268224716187 0.07338714599609375 0.0007103271782398224 0.9994025826454163 -0.034550219774246216 -2.750685691833496 -0.8050926923751831 0.021064963191747665 0.5927748084068298 109.79243469238281
0.5491630434989929 0.02551424503326416 0.8353256583213806 0.38706207275390625 0.0004930622526444495 0.999523937702179 -0.030853668227791786 -2.771968364715576 -0.8357150554656982 0.01735556125640869 0.5488889813423157 109.96945190429688
0.5009461045265198 0.023088788613677025 0.8651704788208008 0.7465248107910156 0.0026255513075739145 0.9995989799499512 -0.028196513652801514 -2.7824034690856934 -0.8654744625091553 0.016396481543779373 0.5006846189498901 110.13516998291016
0.4499139189720154 0.019314080476760864 0.8928630948066711 1.1146965026855469 0.006088617257773876 0.999676525592804 -0.02469269186258316 -2.792696237564087 -0.893051266670227 0.016545884311199188 0.4496508240699768 110.28131103515625
0.39752352237701416 0.019432246685028076 0.9173861742019653 1.4747352600097656 0.0026720387395471334 0.9997469782829285 -0.022334683686494827 -2.8194029331207275 -0.9175881147384644 0.011329850181937218 0.3973710834980011 110.41146850585938
0.34602850675582886 0.024147622287273407 0.9379131197929382 1.8618621826171875 -0.0003779130056500435 0.9996722340583801 -0.025598250329494476 -2.8337960243225098 -0.9382239580154419 0.008503274992108345 0.3459242582321167 110.52700805664062
0.2965390980243683 0.029416777193546295 0.954567551612854 2.2713394165039062 -0.0019236714579164982 0.9995418787002563 -0.030205151066184044 -2.849586009979248 -0.9550186991691589 0.007120734546333551 0.2964598536491394 110.63268280029297
0.24990063905715942 0.03149097412824631 0.9677593111991882 2.6784000396728516 6.782787386327982e-05 0.9994704723358154 -0.032540369778871536 -2.8635034561157227 -0.9682714939117432 0.008197501301765442 0.24976615607738495 110.70269012451172
0.20889954268932343 0.031204378232359886 0.9774391651153564 3.1000308990478516 0.0072253188118338585 0.9994142055511475 -0.03345013037323952 -2.8828930854797363 -0.9779103994369507 0.01405002549290657 0.20855167508125305 110.7491226196289
0.17362284660339355 0.031079929322004318 0.984321653842926 3.5295677185058594 0.015779683366417885 0.9992858171463013 -0.034335773438215256 -2.894256591796875 -0.9846857190132141 0.021493759006261826 0.17300838232040405 110.78942108154297
0.14314737915992737 0.032468266785144806 0.9891687035560608 3.9839553833007812 0.019958794116973877 0.9991637468338013 -0.03568468242883682 -2.9106645584106445 -0.989500105381012 0.02485078200697899 0.14237964153289795 110.825439453125
0.114985391497612 0.030382977798581123 0.9929024577140808 4.456700325012207 0.018405698239803314 0.9992954134941101 -0.03271012008190155 -2.935908794403076 -0.9931966066360474 0.022036246955394745 0.11434517800807953 110.8701400756836
0.08921127021312714 0.027305113151669502 0.995638370513916 4.966651916503906 0.012156961485743523 0.9995198845863342 -0.02850084938108921 -2.9485225677490234 -0.9959385991096497 0.014646532945334911 0.08883649110794067 110.92007446289062
0.06592006236314774 0.023221872746944427 0.9975546598434448 5.446968078613281 0.006943076383322477 0.999694287776947 -0.02373049408197403 -2.9682905673980713 -0.9978007674217224 0.008490411564707756 0.06573867797851562 110.94331359863281
0.04325377196073532 0.020708328112959862 0.9988495111465454 5.972070217132568 0.011249116621911526 0.9997116923332214 -0.021213330328464508 -2.989713430404663 -0.9990006685256958 0.012153730727732182 0.04300834238529205 110.9488525390625
0.023222114890813828 0.021468551829457283 0.9994997978210449 6.509524822235107 0.01905866339802742 0.9995782375335693 -0.021913040429353714 -3.0092265605926514 -0.999548614025116 0.019557997584342957 0.02280315011739731 110.9320068359375
0.005973588675260544 0.02406548708677292 0.9996925592422485 7.063180446624756 0.024366628378629684 0.9994099736213684 -0.02420428767800331 -3.0262396335601807 -0.9996852874755859 0.02450372464954853 0.005383674055337906 110.91303253173828
-0.009111970663070679 0.029271692037582397 0.999530017375946 7.668398857116699 0.02326497621834278 0.9993070960044861 -0.02905307710170746 -3.0498292446136475 -0.9996877908706665 0.022989312186837196 -0.009786657989025116 110.92318725585938
-0.019542865455150604 0.034121323376894 0.9992265701293945 8.270790100097656 0.02207828126847744 0.9991884231567383 -0.033688224852085114 -3.0576047897338867 -0.9995651841163635 0.021402843296527863 -0.020280348137021065 110.90966033935547
-0.026217546314001083 0.03379591926932335 0.9990847110748291 8.89061164855957 0.023986943066120148 0.9991617798805237 -0.03316906839609146 -3.078402280807495 -0.9993683099746704 0.023095378652215004 -0.027006234973669052 110.89393615722656
-0.028753871098160744 0.031025419011712074 0.9991048574447632 9.541501998901367 0.0303226076066494 0.9990852475166321 -0.03015213832259178 -3.0962159633636475 -0.9991264939308167 0.029428476467728615 -0.02966834232211113 110.87039184570312
-0.028053946793079376 0.02905966155230999 0.9991838932037354 10.187222480773926 0.031618744134902954 0.9991029500961304 -0.028169548138976097 -3.127614974975586 -0.999106228351593 0.03080267272889614 -0.028947610408067703 110.84147644042969
-0.025975780561566353 0.02854238823056221 0.9992551207542419 10.87087345123291 0.030172912403941154 0.9991592764854431 -0.027755310758948326 -3.1571974754333496 -0.999207079410553 0.029429469257593155 -0.026815151795744896 110.8263168334961
-0.024522243067622185 0.02913103625178337 0.999274730682373 11.557382583618164 0.02707775868475437 0.9992280006408691 -0.028465181589126587 -3.177651882171631 -0.9993324875831604 0.02636009082198143 -0.025292111560702324 110.81658935546875
-0.023473605513572693 0.030283376574516296 0.9992656707763672 12.26790714263916 0.02615087851881981 0.9992176294326782 -0.02966761775314808 -3.2012128829956055 -0.9993822574615479 0.02543526515364647 -0.024247175082564354 110.81022644042969
-0.02241540513932705 0.030949238687753677 0.9992695450782776 12.99600887298584 0.02552833966910839 0.9992125034332275 -0.03037482313811779 -3.2328381538391113 -0.9994227290153503 0.024828828871250153 -0.02318783849477768 110.79381561279297
-0.022038063034415245 0.03070422075688839 0.9992855191230774 13.745185852050781 0.024652807042002678 0.9992409348487854 -0.03015916794538498 -3.25635027885437 -0.9994531869888306 0.02397054433822632 -0.022778278216719627 110.79082489013672
