0.9999949336051941 0.001808788743801415 0.002626953646540642 -0.435355544090271 -0.001814084011130035 0.9999963045120239 0.002014735247939825 -0.09004347026348114 -0.0026232998352497816 -0.0020194905810058117 0.9999945163726807 -1.7555111646652222
0.9999992847442627 0.0001888518308987841 0.001189923263154924 -0.4363706409931183 -0.00019014334247913212 0.9999993443489075 0.0010852993000298738 -0.09660490602254868 -0.0011897179065272212 -0.0010855249129235744 0.9999986886978149 -1.1912516355514526
0.9999999403953552 -1.859688745753374e-05 0.00021731210290454328 -0.4402351677417755 1.872024586191401e-05 0.9999998211860657 -0.0005679939058609307 -0.10533864796161652 -0.00021730171283707023 0.0005679978639818728 0.9999998211860657 -0.6359158158302307
0.9999979138374329 -0.0006992261623963714 -0.0019301631255075336 -0.43970024585723877 0.000696281436830759 0.9999986290931702 -0.001525859348475933 -0.121619813144207 0.0019312271615490317 0.00152451207395643 0.9999970197677612 -0.07025156915187836
0.9999897480010986 -0.002546532778069377 -0.0037588640116155148 -0.4494100511074066 0.002533344551920891 0.9999905824661255 -0.003509155008941889 -0.12695959210395813 0.0037677648942917585 0.0034995966125279665 0.9999867677688599 0.4967101812362671
0.9999738931655884 -0.005242777988314629 -0.004958383738994598 -0.4576158821582794 0.005217110272496939 0.9999729990959167 -0.0051753646694123745 -0.14664776623249054 0.004985383246093988 0.005149361211806536 0.9999743103981018 1.0491924285888672
0.9999575614929199 -0.006510836072266102 -0.006505128461867571 -0.46219322085380554 0.006473698187619448 0.9999627470970154 -0.005713806487619877 -0.1591596156358719 0.006542087998241186 0.0056714522652328014 0.9999625086784363 1.621392846107483
0.999949038028717 -0.006511288695037365 -0.007706605829298496 -0.47527816891670227 0.0064725386910140514 0.9999663233757019 -0.005042391363531351 -0.17133782804012299 0.007739177905023098 0.0049922531470656395 0.9999576210975647 2.1999027729034424
0.9999372363090515 -0.00695453817024827 -0.008780018426477909 -0.4829820394515991 0.006906277500092983 0.9999609589576721 -0.005515068303793669 -0.1829545497894287 0.00881803035736084 0.00545408483594656 0.9999462366104126 2.795631170272827
0.9999278783798218 -0.006345556583255529 -0.010189110413193703 -0.48823803663253784 0.006262052338570356 0.999946653842926 -0.008206585422158241 -0.1986333578824997 0.01024064514786005 0.00814218819141388 0.9999143481254578 3.389091730117798
0.9999233484268188 -0.004642982967197895 -0.011474133469164371 -0.5006420016288757 0.004506101366132498 0.9999186992645264 -0.011926817707717419 -0.21301430463790894 0.011528578586876392 0.011874200776219368 0.9998629689216614 3.9955272674560547
0.9999126195907593 -0.003418954089283943 -0.012767722830176353 -0.5166116952896118 0.003217636374756694 0.9998707175254822 -0.015755020081996918 -0.22246216237545013 0.012819938361644745 0.015712562948465347 0.9997944235801697 4.610651969909668
0.9999033808708191 -0.0014393540332093835 -0.013821762055158615 -0.5337857604026794 0.0012212179135531187 0.9998747110366821 -0.01577749289572239 -0.23505061864852905 0.013842740096151829 0.015759089961647987 0.9997799396514893 5.238852500915527
0.9998841285705566 0.0007162961410358548 -0.015199926681816578 -0.542354941368103 -0.0008514324435964227 0.9999601244926453 -0.008885991759598255 -0.24418506026268005 0.015192952938377857 0.008897903375327587 0.9998449087142944 5.877228260040283
0.9998782873153687 0.0016596701461821795 -0.015510189346969128 -0.5636553168296814 -0.0016325567848980427 0.9999971389770508 0.00176059955265373 -0.256165474653244 0.015513064339756966 -0.0017350640846416354 0.9998781085014343 6.539130210876465
0.9998595714569092 0.0024864082224667072 -0.01657053455710411 -0.5760989785194397 -0.002348637441173196 0.999962568283081 0.008328510448336601 -0.2652711868286133 0.016590621322393417 -0.008288424462080002 0.9998279809951782 7.224345684051514
0.9998270273208618 0.004736373201012611 -0.017985686659812927 -0.5923711657524109 -0.00460651284083724 0.9999629855155945 0.007254823576658964 -0.2783660590648651 0.018019383773207664 -0.0071707176975905895 0.9998119473457336 7.906608581542969
0.9998047947883606 0.006719957571476698 -0.018584074452519417 -0.614689290523529 -0.006719924975186586 0.9999774694442749 6.418355042114854e-05 -0.2828288674354553 0.018584085628390312 6.071318421163596e-05 0.9998273849487305 8.596837043762207
0.9997828006744385 0.0063662282191216946 -0.01984567381441593 -0.6320210695266724 -0.006483232602477074 0.9999619126319885 -0.00583695899695158 -0.28125816583633423 0.019807759672403336 0.005964356474578381 0.9997860193252563 9.310193061828613
0.9997716546058655 0.00397691922262311 -0.020995451137423515 -0.6465846300125122 -0.004067972302436829 0.9999824166297913 -0.0042958748526871204 -0.2809208631515503 0.02097799815237522 0.004380304832011461 0.9997703433036804 10.047675132751465
0.999771237373352 0.0036699390038847923 -0.021072525531053543 -0.6716989874839783 -0.0035650129429996014 0.9999810457229614 0.0050146933645009995 -0.2940360903739929 0.021090535447001457 -0.0049384222365915775 0.9997653961181641 10.808403968811035
0.9997698664665222 0.0032948656007647514 -0.021202469244599342 -0.6938896775245667 -0.003030819585546851 0.9999175667762756 0.012473677285015583 -0.29824304580688477 0.021241823211312294 -0.012406546622514725 0.9996973872184753 11.582868576049805
0.9997568726539612 0.00228430749848485 -0.021933922544121742 -0.7138471007347107 -0.001956881722435355 0.9998863935470581 0.014937719330191612 -0.29753270745277405 0.02196555584669113 -0.014891164377331734 0.999647855758667 12.376471519470215
0.9997557997703552 0.0006062180618755519 -0.0220916960388422 -0.7308202385902405 -0.0002998037962242961 0.9999036192893982 0.01387082226574421 -0.29506516456604004 0.022097980603575706 -0.013860811479389668 0.9996597170829773 13.179959297180176
0.9997685551643372 0.00010489188571227714 -0.02151460573077202 -0.7505611777305603 0.00014244062185753137 0.9999339580535889 0.011494163423776627 -0.2951012849807739 0.021514391526579857 -0.011494568549096584 0.9997023940086365 14.010149002075195
0.9997772574424744 0.0028526606038212776 -0.02091226540505886 -0.7738982439041138 -0.0026815803721547127 0.9999627470970154 0.008204329758882523 -0.2945288121700287 0.02093489281833172 -0.00814642570912838 0.999747633934021 14.847451210021973
0.9997967481613159 -0.0004569867451209575 -0.02015741914510727 -0.7913620471954346 0.0005087504396215081 0.9999966025352478 0.0025629140436649323 -0.297902911901474 0.02015618234872818 -0.002572648925706744 0.999793529510498 15.703507423400879
0.9998044967651367 -0.0031682103872299194 -0.0195212010294199 -0.8065129518508911 0.003094249404966831 0.9999879598617554 -0.003817787626758218 -0.30398431420326233 0.0195330623537302 0.003756636055186391 0.9998021721839905 16.572845458984375
0.9998246431350708 -0.0022870348766446114 -0.018594136461615562 -0.8220982551574707 0.0021171693224459887 0.9999558329582214 -0.009150019846856594 -0.3164404034614563 0.01861424930393696 0.009109048172831535 0.9997852444648743 17.489999771118164
0.9998342990875244 -0.0010473335860297084 -0.018177790567278862 -0.8471444845199585 0.0008656682912260294 0.9999496340751648 -0.009998820722103119 -0.329149067401886 0.018187351524829865 0.0099814273416996 0.9997848272323608 18.394926071166992
0.9998191595077515 -0.0009557160083204508 -0.018994389101862907 -0.8614418506622314 0.0007775072590447962 0.9999555945396423 -0.009387382306158543 -0.3461415469646454 0.0190025195479393 0.009370916523039341 0.9997755885124207 19.331560134887695
0.9998253583908081 0.0005815911572426558 -0.01867840252816677 -0.8915929198265076 -0.0007818829617463052 0.9999422430992126 -0.010717659257352352 -0.36949899792671204 0.01867108978331089 0.01073039136826992 0.9997681379318237 20.2725772857666
0.9998180866241455 0.003913857974112034 -0.01866665668785572 -0.9073538780212402 -0.004156392998993397 0.9999071955680847 -0.012971900403499603 -0.3890993595123291 0.018614154309034348 0.013047129847109318 0.9997416138648987 21.248577117919922
0.9997954368591309 0.00722078699618578 -0.01889556460082531 -0.9331716895103455 -0.007481289096176624 0.9998773336410522 -0.013752215541899204 -0.41057196259498596 0.018793947994709015 0.013890765607357025 0.9997268319129944 22.213483810424805
0.9997829794883728 0.00895140040665865 -0.018806925043463707 -0.9629294872283936 -0.009208274073898792 0.9998647570610046 -0.013616465963423252 -0.43612140417099 0.01868250034749508 0.01378668937832117 0.9997304081916809 23.19013214111328
0.9997706413269043 0.009900541044771671 -0.018989689648151398 -0.9897880554199219 -0.010161866433918476 0.9998542666435242 -0.013714689761400223 -0.4594908654689789 0.018851138651371002 0.013904516585171223 0.9997255802154541 24.16931915283203
0.9997672438621521 0.00939556211233139 -0.019420580938458443 -1.0033564567565918 -0.009662730619311333 0.9998592734336853 -0.01370928343385458 -0.48336896300315857 0.0192890428006649 0.013893748633563519 0.9997173547744751 25.139968872070312
0.9997516870498657 0.010849378071725368 -0.01946253515779972 -1.0284497737884521 -0.011094646528363228 0.9998597502708435 -0.012538645416498184 -0.5154393911361694 0.019323771819472313 0.012751461938023567 0.9997319579124451 26.16966438293457
0.9997411370277405 0.011525357142090797 -0.01961609162390232 -1.0546979904174805 -0.011728404089808464 0.9998784065246582 -0.010267696343362331 -0.5428619980812073 0.019495371729135513 0.010495103895664215 0.9997548460960388 27.188037872314453
0.9997284412384033 0.012174911797046661 -0.019870370626449585 -1.0790473222732544 -0.01235712505877018 0.9998824596405029 -0.00907322857528925 -0.568332850933075 0.019757568836212158 0.009316306561231613 0.9997614026069641 28.20612144470215
0.9997193217277527 0.012592373415827751 -0.020068204030394554 -1.1019275188446045 -0.012800963595509529 0.999864935874939 -0.01029975712299347 -0.5880893468856812 0.019935796037316322 0.010553757660090923 0.9997455477714539 29.243228912353516
0.9997005462646484 0.013401774689555168 -0.020471859723329544 -1.128460168838501 -0.013636655174195766 0.9998422861099243 -0.01137718465179205 -0.616007924079895 0.02031615562736988 0.011652948334813118 0.9997256994247437 30.25678062438965
0.999697208404541 0.01290253084152937 -0.020951291546225548 -1.1543620824813843 -0.013119037263095379 0.9998616576194763 -0.01022952701896429 -0.6425161361694336 0.02081640437245369 0.010501290671527386 0.9997282028198242 31.29265022277832
0.9996883273124695 0.012774523347616196 -0.021448059007525444 -1.1833240985870361 -0.012946035712957382 0.9998852014541626 -0.007876874879002571 -0.6625717878341675 0.021344970911741257 0.008152088150382042 0.9997389912605286 32.34734344482422
0.9996793270111084 0.012766466476023197 -0.02186877839267254 -1.2136096954345703 -0.012859332375228405 0.9999088048934937 -0.0041111246682703495 -0.6854838132858276 0.02181429974734783 0.004391024354845285 0.999752402305603 33.399436950683594
0.9996635913848877 0.013148308731615543 -0.022355804219841957 -1.2389627695083618 -0.013196547515690327 0.9999108910560608 -0.0020116898231208324 -0.7062657475471497 0.02232736349105835 0.0023060336243361235 0.9997479915618896 34.48161315917969
0.9996533989906311 0.013480628840625286 -0.02261541411280632 -1.2717589139938354 -0.013520280830562115 0.9999073147773743 -0.0016013365238904953 -0.7211683988571167 0.022591732442378998 0.001906548859551549 0.9997429251670837 35.553367614746094
0.999642550945282 0.012762390077114105 -0.02349323406815529 -1.2968971729278564 -0.012830647639930248 0.9999138116836548 -0.0027569776866585016 -0.7440299987792969 0.023456024006009102 0.0030574265401810408 0.9997201561927795 36.64250564575195
0.9996196627616882 0.013310247100889683 -0.02415272779762745 -1.3313572406768799 -0.013398055918514729 0.999904215335846 -0.0034773333463817835 -0.7590388059616089 0.024104129523038864 0.0037996096070855856 0.9997022151947021 37.72249221801758
0.9996132850646973 0.012803150340914726 -0.024690300226211548 -1.3633095026016235 -0.012861230410635471 0.999914824962616 -0.0021948651410639286 -0.7824361324310303 0.024660097435116768 0.0025115632452070713 0.9996927380561829 38.80418395996094
0.9995837807655334 0.013501131907105446 -0.02549613080918789 -1.3975117206573486 -0.013515625149011612 0.9999085664749146 -0.00039618206210434437 -0.7963061928749084 0.02548845112323761 0.0007406134391203523 0.9996747970581055 39.89082717895508
0.9995822310447693 0.012863541953265667 -0.025883600115776062 -1.4363527297973633 -0.012804215773940086 0.9999150037765503 0.0024564636405557394 -0.8218122124671936 0.025912998244166374 -0.0021240178029984236 0.999661922454834 40.982749938964844
0.9995539784431458 0.014408471062779427 -0.026160337030887604 -1.4779000282287598 -0.014350170269608498 0.9998940825462341 0.002415031660348177 -0.8431099653244019 0.02619236521422863 -0.0020385493990033865 0.9996548891067505 42.058441162109375
0.9995160698890686 0.015465405769646168 -0.026987658813595772 -1.499118685722351 -0.015515142120420933 0.9998782873153687 -0.001634524785913527 -0.8620011806488037 0.026959089562296867 0.0020524512510746717 0.9996344447135925 43.15552520751953
0.9995042681694031 0.016673734411597252 -0.026702208444476128 -1.5393376350402832 -0.016838449984788895 0.999840497970581 -0.005955659784376621 -0.8782603740692139 0.026598641648888588 0.006402331870049238 0.9996257424354553 44.23612976074219
0.9994891881942749 0.017119571566581726 -0.026983844116330147 -1.5717116594314575 -0.017296617850661278 0.9998302459716797 -0.006341514643281698 -0.8995384573936462 0.026870697736740112 0.006805005483329296 0.9996158480644226 45.3175048828125
0.9994780421257019 0.01798693649470806 -0.02683313563466072 -1.6101304292678833 -0.018087834119796753 0.9998301863670349 -0.0035221425350755453 -0.9231624007225037 0.02676522545516491 0.00400565704330802 0.9996337294578552 46.41753387451172
0.999491810798645 0.017717134207487106 -0.026499072089791298 -1.6469529867172241 -0.017757369205355644 0.9998414516448975 -0.0012837303802371025 -0.9468966722488403 0.02647213079035282 0.0017536317463964224 0.9996480345726013 47.525909423828125
0.9995200037956238 0.01629973016679287 -0.026344086974859238 -1.6815637350082397 -0.016308359801769257 0.9998669624328613 -0.000112798428745009 -0.9653674364089966 0.026338743045926094 0.000542373105417937 0.9996529221534729 48.61448287963867
0.9995254874229431 0.016188494861125946 -0.026203222572803497 -1.709415316581726 -0.01621173322200775 0.9998682737350464 -0.0006746146245859563 -0.9896019697189331 0.02618885226547718 0.0010990939335897565 0.9996564984321594 49.703521728515625
0.9995425343513489 0.015313854441046715 -0.026080328971147537 -1.7455507516860962 -0.015392552129924297 0.9998775124549866 -0.002819318324327469 -1.005470633506775 0.026033960282802582 0.003219470614567399 0.9996559023857117 50.794456481933594
0.999556303024292 0.015002706088125706 -0.025731442496180534 -1.771994709968567 -0.015136049129068851 0.9998729228973389 -0.004995124414563179 -1.0251084566116333 0.025653231889009476 0.005382380913943052 0.9996564388275146 51.8833122253418
0.9995682239532471 0.01448079850524664 -0.0255675558000803 -1.8060152530670166 -0.014676963910460472 0.9998642206192017 -0.007501495070755482 -1.0553276538848877 0.025455456227064133 0.007873510010540485 0.9996450543403625 52.981876373291016
0.9995980262756348 0.012587559409439564 -0.025404194369912148 -1.8367961645126343 -0.01285703107714653 0.9998624920845032 -0.010472055524587631 -1.0847814083099365 0.025268880650401115 0.010794470086693764 0.9996224045753479 54.062339782714844
0.9996172785758972 0.010931103490293026 -0.02541475184261799 -1.8641808032989502 -0.01124310027807951 0.9998626708984375 -0.012165836989879608 -1.1144551038742065 0.025278279557824135 0.012446921318769455 0.9996029734611511 55.150733947753906
0.9996455907821655 0.00893326010555029 -0.02507917955517769 -1.8884897232055664 -0.009181799367070198 0.9999096393585205 -0.009812562726438046 -1.1427927017211914 0.024989256635308266 0.010039355605840683 0.9996373057365417 56.22816467285156
0.9996660351753235 0.007941098883748055 -0.024590717628598213 -1.929667592048645 -0.008045257069170475 0.9999590516090393 -0.004139570519328117 -1.1677268743515015 0.0245568435639143 0.004336027894169092 0.9996890425682068 57.34233093261719
0.9996845722198486 0.006214676424860954 -0.024333015084266663 -1.9569318294525146 -0.006177891045808792 0.9999796748161316 0.0015866380417719483 -1.18574857711792 0.024342384189367294 -0.0014358112821355462 0.9997026324272156 58.436866760253906
0.999692976474762 0.0049277618527412415 -0.024283861741423607 -1.98599374294281 -0.004872444551438093 0.99998539686203 0.002336575649678707 -1.2049158811569214 0.02429502084851265 -0.002217536326497793 0.9997023940086365 59.53150177001953
0.9997009038925171 0.0015800392720848322 -0.024408793076872826 -2.0093178749084473 -0.0015994907589629292 0.9999984502792358 -0.000777392415329814 -1.2188221216201782 0.024407528340816498 0.0008162014419212937 0.999701738357544 60.62725830078125
0.9997112154960632 4.5992459263288765e-07 -0.02403097227215767 -2.0445668697357178 -9.340322867501527e-05 0.9999925494194031 -0.003866536309942603 -1.238961100578308 0.024030787870287895 0.003867663908749819 0.9997037649154663 61.712989807128906
0.9997062683105469 0.0026741987094283104 -0.024086754769086838 -2.079885959625244 -0.0028623580001294613 0.9999656081199646 -0.007780645042657852 -1.2677127122879028 0.02406511828303337 0.00784730538725853 0.9996795654296875 62.81271743774414
0.9997054934501648 0.0028871663380414248 -0.02409616857767105 -2.108480215072632 -0.003183252178132534 0.9999197721481323 -0.012258382514119148 -1.2899630069732666 0.024058841168880463 0.012331475503742695 0.9996343851089478 63.90532684326172
0.9997087717056274 0.005772923585027456 -0.02343044988811016 -2.147630214691162 -0.0060796854086220264 0.9998964667320251 -0.013042409904301167 -1.3138502836227417 0.0233527310192585 0.013181062415242195 0.9996403455734253 65.00849914550781
0.9997019171714783 0.009673619642853737 -0.022413264960050583 -2.1918256282806396 -0.009881490841507912 0.999908983707428 -0.009182372130453587 -1.349505066871643 0.0223223976790905 0.009401113726198673 0.9997065663337708 66.10831451416016
0.9996923208236694 0.010861845687031746 -0.02229626476764679 -2.2223010063171387 -0.01101880893111229 0.9999153017997742 -0.006929174531251192 -1.3755255937576294 0.022219110280275345 0.007172722369432449 0.9997273683547974 67.20364379882812
0.9997020959854126 0.009840733371675014 -0.022333061322569847 -2.25077486038208 -0.009980438277125359 0.9999313354492188 -0.006152757443487644 -1.3996938467025757 0.02227097563445568 0.00637382036074996 0.9997316598892212 68.29057312011719
0.9997066855430603 0.0090946014970541 -0.022445442155003548 -2.2765166759490967 -0.009221607819199562 0.9999420046806335 -0.005561432335525751 -1.4239139556884766 0.022393565624952316 0.005766784306615591 0.9997326135635376 69.40289306640625
0.9997158050537109 0.007983754388988018 -0.022459564730525017 -2.3071703910827637 -0.008070424199104309 0.9999603629112244 -0.0037708920426666737 -1.4536314010620117 0.022428566589951515 0.003951079212129116 0.999740719795227 70.49321746826172
0.999722957611084 0.006254030391573906 -0.022688139230012894 -2.339574098587036 -0.006300679408013821 0.9999781250953674 -0.0019852034747600555 -1.4739367961883545 0.022675227373838425 0.002127604093402624 0.9997406005859375 71.60183715820312
0.9997050762176514 0.005269827786833048 -0.02370525151491165 -2.364715099334717 -0.005282646976411343 0.999985933303833 -0.0004781976458616555 -1.4930552244186401 0.02370239794254303 0.000603283173404634 0.9997188448905945 72.69244384765625
0.999698281288147 0.004882137291133404 -0.024074163287878036 -2.3981821537017822 -0.004916056524962187 0.999987006187439 -0.0013499214546754956 -1.5234935283660889 0.024067260324954987 0.0014678642619401217 0.9997091889381409 73.7819595336914
0.99968421459198 0.0045326645486056805 -0.02471798285841942 -2.424590587615967 -0.004663756582885981 0.9999752640724182 -0.0052484190091490746 -1.5454421043395996 0.02469358779489994 0.005362039431929588 0.9996806979179382 74.85855865478516
0.9996547102928162 0.005072292871773243 -0.025784403085708618 -2.4506523609161377 -0.005260134115815163 0.9999600052833557 -0.007222447078675032 -1.5693602561950684 0.02574673853814602 0.0073555815033614635 0.999641478061676 75.93840789794922
0.9996309876441956 0.007280266843736172 -0.026168175041675568 -2.489570140838623 -0.0074292318895459175 0.9999567270278931 -0.005599917843937874 -1.5938153266906738 0.026126274839043617 0.005792262498289347 0.9996418952941895 77.02023315429688
0.9996071457862854 0.008326890878379345 -0.026760149747133255 -2.524179697036743 -0.008362987078726292 0.9999642968177795 -0.0012372066266834736 -1.613991379737854 0.026748891919851303 0.0014605154283344746 0.9996411800384521 78.0987777709961
0.9995829463005066 0.009210244752466679 -0.02737043984234333 -2.556230306625366 -0.0091383196413517 0.9999544620513916 0.002751745516434312 -1.6396900415420532 0.02739454060792923 -0.0025004781782627106 0.9996215105056763 79.179443359375
0.9995561838150024 0.010530967265367508 -0.027868952602148056 -2.5960209369659424 -0.01043981034308672 0.9999396800994873 0.00341435126028955 -1.6560579538345337 0.027903228998184204 -0.0031218889635056257 0.9996057152748108 80.25114440917969
0.9995468854904175 0.01044645719230175 -0.028228482231497765 -2.6366004943847656 -0.01042073406279087 0.9999451041221619 0.001058179885149002 -1.67058265209198 0.02823798917233944 -0.0007635388756170869 0.999600887298584 81.31444549560547
0.9995325803756714 0.010112244635820389 -0.028850028291344643 -2.671532392501831 -0.0101042240858078 0.9999488592147827 0.0004237807006575167 -1.6919493675231934 0.028852839022874832 -0.0001320753653999418 0.9995836615562439 82.40106964111328
0.9995232224464417 0.00928836315870285 -0.029449284076690674 -2.7040016651153564 -0.009287186898291111 0.9999567866325378 0.00017677315918263048 -1.7116470336914062 0.02944965660572052 9.681223309598863e-05 0.9995662569999695 83.45652770996094
0.9995036721229553 0.008056512102484703 -0.03045695461332798 -2.7368781566619873 -0.008053201250731945 0.9999675750732422 0.00023138904361985624 -1.7260117530822754 0.030457831919193268 1.4001857380208094e-05 0.9995360374450684 84.50395965576172
0.9994977712631226 0.007175525650382042 -0.030863767489790916 -2.770583391189575 -0.0071203517727553844 0.9999728798866272 0.0018971816170960665 -1.7516934871673584 0.030876541510224342 -0.0016764679457992315 0.999521791934967 85.5306396484375
0.9994838237762451 0.0074476199224591255 -0.031250614672899246 -2.8083348274230957 -0.00730255339294672 0.9999620914459229 0.004753598943352699 -1.77245032787323 0.03128483146429062 -0.004522935952991247 0.9995002746582031 86.53683471679688
0.9994500875473022 0.0065682269632816315 -0.032502107322216034 -2.845571994781494 -0.006380381993949413 0.9999624490737915 0.005879799369722605 -1.79520845413208 0.032539501786231995 -0.0056691900826990604 0.9994543194770813 87.51678466796875
0.9993935227394104 0.005507159046828747 -0.03438480943441391 -2.8889381885528564 -0.005303924437612295 0.9999679327011108 0.0059990109875798225 -1.8099701404571533 0.03441673517227173 -0.005812998861074448 0.9993906617164612 88.477783203125
0.9992935061454773 0.004519008100032806 -0.03731155022978783 -2.9289612770080566 -0.004337401129305363 0.9999783635139465 0.004946812056005001 -1.8259834051132202 0.03733309730887413 -0.004781481809914112 0.9992914795875549 89.40978240966797
0.9991655349731445 0.003969088196754456 -0.040652837604284286 -2.974984645843506 -0.0038013439625501633 0.9999838471412659 0.004202738869935274 -1.8461387157440186 0.04066886007785797 -0.004044695757329464 0.9991645216941833 90.32996368408203
0.9990261197090149 0.004425031132996082 -0.043898843228816986 -3.0217785835266113 -0.004233355168253183 0.9999811053276062 0.004458314273506403 -1.858268141746521 0.043917737901210785 -0.0042681340128183365 0.9990260004997253 91.22949981689453
0.998878538608551 0.005601266864687204 -0.04701509699225426 -3.069545269012451 -0.005344798322767019 0.9999700784683228 0.0055789765901863575 -1.8746172189712524 0.047044940292835236 -0.0053214337676763535 0.9988785982131958 92.09435272216797
0.9987230896949768 0.006381211802363396 -0.05011434853076935 -3.118022918701172 -0.0060479287058115005 0.9999585747718811 0.0067992848344147205 -1.891739845275879 0.05015565827488899 -0.006487514358013868 0.9987202882766724 92.94330596923828
0.998542845249176 0.0077935173176229 -0.05339917168021202 -3.164858341217041 -0.007365723140537739 0.9999392628669739 0.008203390054404736 -1.903516173362732 0.053459856659173965 -0.00779811292886734 0.9985395073890686 93.7608642578125
0.9984070062637329 0.008812242187559605 -0.05572931841015816 -3.221069812774658 -0.008314251899719238 0.9999234676361084 0.009161419235169888 -1.9183844327926636 0.055805787444114685 -0.008683477528393269 0.9984038472175598 94.5477066040039
0.9982368350028992 0.011115769855678082 -0.05830690637230873 -3.265535593032837 -0.010567720048129559 0.9998971223831177 0.009699343703687191 -1.9349011182785034 0.05840872600674629 -0.009066072292625904 0.9982514977455139 95.30650329589844
0.9980306625366211 0.012827856466174126 -0.06140290945768356 -3.3128247261047363 -0.012337536551058292 0.999889075756073 0.008357776328921318 -1.944873571395874 0.06150330230593681 -0.007583757862448692 0.9980780482292175 96.03836822509766
0.9978575706481934 0.014194856397807598 -0.06386487185955048 -3.3690245151519775 -0.013914409093558788 0.9998915195465088 0.004833896644413471 -1.9634952545166016 0.063926562666893 -0.003934899810701609 0.9979467988014221 96.7281723022461
0.9976645112037659 0.01670134626328945 -0.06623145192861557 -3.429917335510254 -0.016661494970321655 0.9998605847358704 0.0011540522100403905 -1.9744664430618286 0.06624149531126022 -4.784383054357022e-05 0.9978035092353821 97.40413665771484
0.9974949359893799 0.01871015504002571 -0.06821916997432709 -3.4757168292999268 -0.018861224874854088 0.9998208284378052 -0.0015709857689216733 -1.9918498992919922 0.06817755848169327 0.0028537462931126356 0.9976690411567688 98.04265594482422
0.9974364638328552 0.0206062700599432 -0.06852680444717407 -3.53485369682312 -0.020815720781683922 0.999780535697937 -0.002343776635825634 -2.006990432739258 0.06846347451210022 0.0037642025854438543 0.9976465106010437 98.64737701416016
0.9974083304405212 0.02272619679570198 -0.06826437264680862 -3.573911666870117 -0.02289474382996559 0.9997364282608032 -0.0016875594155862927 -2.0249831676483154 0.06820802390575409 0.003246081992983818 0.9976658225059509 99.25505828857422
0.9975010752677917 0.02675270475447178 -0.06539028882980347 -3.615884304046631 -0.026827335357666016 0.9996399879455566 -0.00026333550340496004 -2.0376968383789062 0.0653596967458725 0.0020169245544821024 0.99785977602005 99.82357788085938
0.9977840781211853 0.0292708370834589 -0.05975085496902466 -3.654802083969116 -0.02926250919699669 0.9995712041854858 0.001014605863019824 -2.0476014614105225 0.059754934161901474 0.0007361016469076276 0.9982128143310547 100.36312103271484
0.9981661438941956 0.030082380399107933 -0.05252977833151817 -3.678149461746216 -0.02995259128510952 0.9995459318161011 0.003256479511037469 -2.0642223358154297 0.05260389298200607 -0.0016771049704402685 0.9986140727996826 100.88424682617188
0.9986410737037659 0.030096817761659622 -0.042546890676021576 -3.702831268310547 -0.029889116063714027 0.9995379447937012 0.005509581416845322 -2.0755040645599365 0.04269305616617203 -0.004230405203998089 0.9990792274475098 101.38496398925781
0.9990931153297424 0.029496265575289726 -0.030708791688084602 -3.7129085063934326 -0.02930852212011814 0.9995489120483398 0.006546080112457275 -2.0839345455169678 0.030888034030795097 -0.0056401146575808525 0.9995068907737732 101.86845397949219
0.9994460344314575 0.028513412922620773 -0.017165301367640495 -3.71412992477417 -0.028401833027601242 0.9995740056037903 0.006709384266287088 -2.094964027404785 0.017349302768707275 -0.0062181404791772366 0.9998301267623901 102.32186126708984
0.9995946288108826 0.02841191738843918 -0.0018439851701259613 -3.709186553955078 -0.028400931507349014 0.9995800852775574 0.005733997095376253 -2.1037418842315674 0.0020061261020600796 -0.005679301451891661 0.9999818205833435 102.76545715332031
0.9995295405387878 0.0264590997248888 0.01551198959350586 -3.6767313480377197 -0.026509791612625122 0.999643862247467 0.003071495797485113 -2.1233162879943848 -0.015425197780132294 -0.0034812705125659704 0.9998749494552612 103.17711639404297
0.9989750385284424 0.026087768375873566 0.03699265420436859 -3.649282217025757 -0.026043396443128586 0.9996594190597534 -0.0016809571534395218 -2.1315207481384277 -0.03702390938997269 0.0007158199441619217 0.9993141293525696 103.595458984375
0.9978192448616028 0.02426890842616558 0.06138201802968979 -3.6059067249298096 -0.02391377091407776 0.9996928572654724 -0.006513791158795357 -2.1418800354003906 -0.06152123585343361 0.005031711421906948 0.9980930685997009 103.99849700927734
0.9958533644676208 0.02174636721611023 0.08833452314138412 -3.5431876182556152 -0.020979365333914757 0.9997337460517883 -0.009602160193026066 -2.151064157485962 -0.08851982653141022 0.007709141355007887 0.9960445761680603 104.40473175048828
0.9928444027900696 0.019075455144047737 0.11788156628608704 -3.461879014968872 -0.017924709245562553 0.9997808933258057 -0.010814440436661243 -2.162092685699463 -0.11806201189756393 0.008624063804745674 0.992968738079071 104.80792999267578
0.9884642958641052 0.016712691634893417 0.1505286991596222 -3.3818225860595703 -0.015003528445959091 0.9998095631599426 -0.012483010068535805 -2.17820405960083 -0.1507086306810379 0.0100805489346385 0.9885267615318298 105.18055725097656
0.9823912382125854 0.014236844144761562 0.1862921416759491 -3.2941231727600098 -0.01184331625699997 0.9998324513435364 -0.01395487878471613 -2.1938118934631348 -0.18645961582660675 0.011502834036946297 0.9823952913284302 105.53353881835938
0.9744181036949158 0.010474962182343006 0.22449861466884613 -3.1756680011749268 -0.007396989967674017 0.9998669028282166 -0.014547094702720642 -2.2065727710723877 -0.22462107241153717 0.01251433789730072 0.974365770816803 105.88803100585938
0.9643932580947876 0.00876997783780098 0.26432687044143677 -3.0514028072357178 -0.0048639909364283085 0.9998692274093628 -0.015427971258759499 -2.220658302307129 -0.2644275724887848 0.013592946343123913 0.9643096923828125 106.2359390258789
0.951994001865387 0.01034347154200077 0.3059418499469757 -2.9176137447357178 -0.005528999958187342 0.9998469948768616 -0.01659894548356533 -2.2332634925842285 -0.30606672167778015 0.014110540971159935 0.9519054293632507 106.55743408203125
0.9365454912185669 0.01150107104331255 0.35035720467567444 -2.782151699066162 -0.006002845708280802 0.9998413920402527 -0.01677517779171467 -2.2562880516052246 -0.35049453377723694 0.013607578352093697 0.936465859413147 106.86743927001953
0.9186450839042664 0.011360110715031624 0.394920289516449 -2.6016173362731934 -0.00543858390301466 0.9998553991317749 -0.01611044444143772 -2.2599406242370605 -0.3950461745262146 0.01265196967869997 0.9185740351676941 107.18617248535156
0.8982345461845398 0.010890116915106773 0.4393813908100128 -2.4170448780059814 -0.004693190101534128 0.9998736381530762 -0.015187617391347885 -2.2688956260681152 -0.43949124217033386 0.011579940095543861 0.8981721997261047 107.4918212890625
0.8749663233757019 0.010191681794822216 0.4840764105319977 -2.218776226043701 -0.002834155224263668 0.9998691082000732 -0.015928393229842186 -2.2808597087860107 -0.48417532444000244 0.012564857490360737 0.8748806715011597 107.7791748046875
0.8494997024536133 0.01037085521966219 0.5274872183799744 -2.007481336593628 -0.0011712502455338836 0.9998413920402527 -0.017771489918231964 -2.298940420150757 -0.5275878310203552 0.014479056000709534 0.8493770360946655 108.05692291259766
0.8213960528373718 0.012510370463132858 0.5702211856842041 -1.7859920263290405 -0.0006020988221280277 0.9997779130935669 -0.021067319437861443 -2.3170876502990723 -0.5703580379486084 0.01696128398180008 0.8212209939956665 108.33000183105469
0.7902737259864807 0.016572246327996254 0.6125299334526062 -1.5455621480941772 -0.0016830191016197205 0.9996891021728516 -0.024875598028302193 -2.3380866050720215 -0.6127517223358154 0.018627630546689034 0.7900558710098267 108.60291290283203
0.7562790513038635 0.02292945422232151 0.6538472175598145 -1.2889106273651123 -0.005176391452550888 0.999563992023468 -0.02906590700149536 -2.349515199661255 -0.6542285680770874 0.018597368150949478 0.7560681104660034 108.85926818847656
0.7195228934288025 0.028012972325086594 0.6939036250114441 -1.0060065984725952 -0.006733678746968508 0.9994205236434937 -0.033364437520504 -2.34688663482666 -0.6944361329078674 0.01933395117521286 0.7192944884300232 109.1000747680664
0.6808384656906128 0.028254669159650803 0.7318885326385498 -0.7068355083465576 -0.005405259318649769 0.9994221329689026 -0.03355461731553078 -2.3703548908233643 -0.7324137091636658 0.018889224156737328 0.6805977821350098 109.3110122680664
0.6416197419166565 0.02498721517622471 0.7666158080101013 -0.40716779232025146 0.0015089244116097689 0.9994261860847473 -0.03383837640285492 -2.3635365962982178 -0.7670214176177979 0.022868135944008827 0.6412138342857361 109.45966339111328
0.5972339510917664 0.023136530071496964 0.8017333745956421 -0.082167848944664 0.002868895186111331 0.9995158314704895 -0.030981285497546196 -2.375112533569336 -0.8020619750022888 0.020803162828087807 0.5968783497810364 109.65831756591797
0.5510197877883911 0.021358994767069817 0.8342188000679016 0.2612147629261017 0.00444653257727623 0.9995830655097961 -0.028529943898320198 -2.38443922996521 -0.834480345249176 0.019429944455623627 0.5506950616836548 109.8423843383789
0.5030983090400696 0.01926586776971817 0.8640145063400269 0.6124650835990906 0.005954877007752657 0.9996505379676819 -0.025757696479558945 -2.3950796127319336 -0.8642087578773499 0.01810375414788723 0.5028077363967896 110.0003433227539
0.45197784900665283 0.015077236108481884 0.8919017314910889 0.9813295602798462 0.008640028536319733 0.9997363090515137 -0.02127853035926819 -2.414278268814087 -0.8919873833656311 0.017323480919003487 0.45172834396362305 110.1496810913086
0.39938053488731384 0.01566339284181595 0.9166513681411743 1.3359845876693726 0.004741727374494076 0.9998053908348083 -0.01915024407207966 -2.4355921745300293 -0.9167729616165161 0.011994746513664722 0.3992285430431366 110.27915954589844
0.34785932302474976 0.02082219533622265 0.9373154640197754 1.7169948816299438 0.0009624940576031804 0.9997448921203613 -0.022566253319382668 -2.4485812187194824 -0.9375461935997009 0.00875204149633646 0.3477505147457123 110.39198303222656
0.2978975772857666 0.02539970353245735 0.9542599320411682 2.0998167991638184 0.0008687374647706747 0.9996383786201477 -0.026878749951720238 -2.465804100036621 -0.9545974135398865 0.008836114779114723 0.2977677285671234 110.47376251220703
0.2515588402748108 0.027675289660692215 0.9674462676048279 2.5102884769439697 0.0024910809006541967 0.999569296836853 -0.029241958633065224 -2.474534034729004 -0.9678388237953186 0.00976606085896492 0.251381516456604 110.54080963134766
0.2101420760154724 0.027492035180330276 0.9772842526435852 2.926933765411377 0.009487670846283436 0.9995001554489136 -0.030157096683979034 -2.4908347129821777 -0.977624773979187 0.01560942642390728 0.20977617800235748 110.59477233886719
0.17503474652767181 0.02755131386220455 0.9841766953468323 3.36698055267334 0.017177142202854156 0.9993707537651062 -0.031031597405672073 -2.5013813972473145 -0.984412431716919 0.02233695052564144 0.17445136606693268 110.63877868652344
0.14499729871749878 0.02821378782391548 0.9890297055244446 3.822652578353882 0.022214991971850395 0.9992485642433167 -0.03176214173436165 -2.5251195430755615 -0.9891825914382935 0.026576710864901543 0.14426153898239136 110.66707611083984
0.1162632554769516 0.02694934420287609 0.9928526878356934 4.242952346801758 0.01900598779320717 0.9993883967399597 -0.029352346435189247 -2.5420992374420166 -0.9930365085601807 0.02228274568915367 0.11567994207143784 110.71321868896484
0.09039159119129181 0.023523224517703056 0.9956284165382385 4.73369836807251 0.012841280549764633 0.9996103644371033 -0.024783141911029816 -2.5543432235717773 -0.9958235025405884 0.015025331638753414 0.09005431085824966 110.75729370117188
0.06680647283792496 0.019160866737365723 0.9975818991661072 5.241507530212402 0.008385159075260162 0.9997695088386536 -0.019764427095651627 -2.574185371398926 -0.9977306723594666 0.009685276076197624 0.06663042306900024 110.78453826904297
0.04416012018918991 0.016614321619272232 0.9988862872123718 5.762029647827148 0.012834948487579823 0.9997696876525879 -0.01719644106924534 -2.5931596755981445 -0.9989420175552368 0.013580049388110638 0.04393671080470085 110.7898178100586
0.024391092360019684 0.01747893914580345 0.9995496273040771 6.301741600036621 0.020793462172150612 0.9996219873428345 -0.017987603321671486 -2.6104302406311035 -0.9994862079620361 0.021222837269306183 0.0240184273570776 110.77169036865234
0.006808121223002672 0.02010544203221798 0.9997746348381042 6.847157955169678 0.02455110475420952 0.9994931221008301 -0.020266961306333542 -2.6295650005340576 -0.9996753334999084 0.024683553725481033 0.006311058532446623 110.76454162597656
-0.007712544407695532 0.025581495836377144 0.9996429085731506 7.417740345001221 0.024968907237052917 0.9993659257888794 -0.02538176067173481 -2.6396872997283936 -0.9996584057807922 0.024764234200119972 -0.008346397429704666 110.75472259521484
-0.018561597913503647 0.030362963676452637 0.9993666410446167 8.029553413391113 0.023536842316389084 0.9992750883102417 -0.02992302179336548 -2.6458663940429688 -0.9995506405830383 0.02296651341021061 -0.01926279254257679 110.74911499023438
-0.02508191391825676 0.030195780098438263 0.9992293119430542 8.652453422546387 0.025396866723895073 0.9992402791976929 -0.029558619484305382 -2.6641440391540527 -0.9993627071380615 0.024635903537273407 -0.02582974173128605 110.73148345947266
-0.027260154485702515 0.026998670771718025 0.9992636442184448 9.298297882080078 0.031101256608963013 0.999174177646637 -0.02614779956638813 -2.688605785369873 -0.999144434928894 0.030365563929080963 -0.02807733230292797 110.6966552734375
-0.026869570836424828 0.025185391306877136 0.9993216395378113 9.95290470123291 0.032599546015262604 0.9991729259490967 -0.024305110797286034 -2.7124483585357666 -0.9991072416305542 0.03192435950040817 -0.027668379247188568 110.67471313476562
-0.024928860366344452 0.024792062118649483 0.9993817210197449 10.62564754486084 0.03129805251955986 0.9992218017578125 -0.02400738187134266 -2.735187530517578 -0.9991992115974426 0.030680226162075996 -0.025685399770736694 110.66361999511719
-0.023328715935349464 0.02511465921998024 0.9994123578071594 11.328041076660156 0.028073804453015327 0.9993066191673279 -0.0244566909968853 -2.760104179382324 -0.9993336200714111 0.027486758306622505 -0.02401760034263134 110.65706634521484
-0.02210247702896595 0.02653808705508709 0.9994034171104431 12.041427612304688 0.027491390705108643 0.9992856979370117 -0.025926973670721054 -2.773935079574585 -0.9993777275085449 0.026901934295892715 -0.022816255688667297 110.64629364013672
-0.021511465311050415 0.027245931327342987 0.999397337436676 12.769338607788086 0.026453256607055664 0.999294102191925 -0.026673728600144386 -2.803739309310913 -0.9994186162948608 0.025863520801067352 -0.022217024117708206 110.64085388183594
-0.02092001959681511 0.026778124272823334 0.999422550201416 13.515902519226074 0.02580767311155796 0.9993226528167725 -0.02623523585498333 -2.8280115127563477 -0.9994479417800903 0.02524392679333687 -0.02159692905843258 110.63856506347656
