1.0 -3.3913083825609647e-06 -3.1884658255876275e-06 2.7043910449719988e-05 3.3913077004399383e-06 1.0 -2.1582799547559262e-07 2.333657903363928e-06 3.188466507708654e-06 2.1581718101515435e-07 1.0 -5.119192792335525e-06
0.9999973177909851 0.0010376698337495327 0.0020656806882470846 -0.009289138950407505 -0.0010354493279010057 0.9999988675117493 -0.0010756747797131538 -0.016911381855607033 -0.0020667945500463247 0.001073532970622182 0.9999972581863403 1.2061156034469604
0.9999772310256958 0.0020467194262892008 0.006429265718907118 -0.05835636332631111 -0.0020428579300642014 0.9999977350234985 -0.0006071215029805899 -0.03911023214459419 -0.006430493667721748 0.0005939734983257949 0.9999791383743286 2.423499345779419
0.9999678134918213 0.0015888606430962682 0.007853980176150799 -0.059470292180776596 -0.0015876810066401958 0.9999987483024597 -0.00015642029757145792 -0.059647079557180405 -0.007854217663407326 0.00014394562458619475 0.9999690651893616 3.622556447982788
0.9999594688415527 0.0014128246111795306 0.008885730057954788 -0.05490083247423172 -0.0014107838505879045 0.9999989867210388 -0.00023593072546646 -0.08012350648641586 -0.008886054158210754 0.0002233853010693565 0.9999604821205139 4.8173112869262695
0.9999552369117737 0.0010585443815216422 0.00940454751253128 -0.0474422462284565 -0.0010599896777421236 0.9999994039535522 0.00014869641745463014 -0.10529692471027374 -0.009404384531080723 -0.00015865848399698734 0.9999557733535767 6.026237964630127
0.9999494552612305 0.001355987973511219 0.009965850971639156 -0.03725820034742355 -0.0013481582282111049 0.9999987483024597 -0.0007923258235678077 -0.12641654908657074 -0.009966912679374218 0.0007788502844050527 0.9999500513076782 7.226130962371826
0.9999391436576843 0.0010185420978814363 0.010986988432705402 -0.03272545337677002 -0.0010086419060826302 0.9999990463256836 -0.0009065998019650578 -0.15291595458984375 -0.010987900197505951 0.0008954628137871623 0.9999391436576843 8.41856861114502
0.9999393820762634 0.0005712363054044545 0.010997568257153034 -0.022429894655942917 -0.0005780667997896671 0.9999997615814209 0.0006179268821142614 -0.17558278143405914 -0.010997213423252106 -0.000624246837105602 0.9999393224716187 9.620270729064941
0.9999538660049438 0.00022558806813322008 0.0096046794205904 -0.017534155398607254 -0.0002418820367893204 0.9999985694885254 0.0016953226877376437 -0.1983959674835205 -0.009604284539818764 -0.0016975677572190762 0.9999524354934692 10.811994552612305
0.9999694228172302 -0.0012715707998722792 0.007713305298238993 -0.017725158482789993 0.0012639424530789256 0.9999988079071045 0.000993753899820149 -0.21726302802562714 -0.007714558858424425 -0.0009839744307100773 0.9999697804450989 12.008172988891602
0.9999809265136719 -0.0009390706545673311 0.0061045861802995205 -0.02473127841949463 0.0009365711594000459 0.999999463558197 0.0004123021208215505 -0.23281894624233246 -0.006104969885200262 -0.00040657672798261046 0.9999813437461853 13.205509185791016
0.9999890923500061 -0.0009544984204694629 0.004577140789479017 -0.01965629681944847 0.0009527302463538945 0.999999463558197 0.00038843604852445424 -0.2566847801208496 -0.004577509593218565 -0.0003840709396172315 0.9999894499778748 14.400588989257812
0.9999921917915344 0.0006166955572552979 0.0039027517195791006 -0.028989795595407486 -0.0006173975998535752 0.9999998211860657 0.00017865888366941363 -0.27495327591896057 -0.0039026406593620777 -0.00018106703646481037 0.9999923706054688 15.56900405883789
0.9999939799308777 0.0003884962643496692 0.003450199030339718 -0.031468261033296585 -0.00038950025918893516 0.9999998807907104 0.00029032406746409833 -0.2947089672088623 -0.0034500856418162584 -0.0002916661906056106 0.9999939799308777 16.770549774169922
0.999996542930603 -0.0005304554360918701 0.002576858038082719 -0.030110785737633705 0.0005290374392643571 0.9999997019767761 0.0005509793991222978 -0.3131326138973236 -0.00257714930921793 -0.0005496142548508942 0.999996542930603 17.957504272460938
0.9999970197677612 -0.0003398692060727626 0.0024099915754050016 -0.03507888689637184 0.00033754698233678937 0.999999463558197 0.0009639484924264252 -0.33723798394203186 -0.0024103180039674044 -0.0009631321881897748 0.9999966025352478 19.140226364135742
0.9999991059303284 -8.806591358734295e-05 0.0012800309341400862 -0.036324795335531235 8.778281335253268e-05 0.9999999403953552 0.00022121788060758263 -0.36027228832244873 -0.001280050491914153 -0.0002211054234066978 0.9999991655349731 20.33477210998535
0.9999982118606567 -0.00019989765132777393 0.0018468277994543314 -0.05859924107789993 0.00020141576533205807 0.9999996423721313 -0.0008217873401008546 -0.38353997468948364 -0.00184666330460459 0.0008221578318625689 0.9999979138374329 21.526884078979492
0.9999988079071045 0.0009554924326948822 0.0012000880669802427 -0.06296219676733017 -0.000955098366830498 0.9999995231628418 -0.00032871990697458386 -0.4018927216529846 -0.0012004014570266008 0.0003275733324699104 0.9999992251396179 22.724634170532227
0.9999998211860657 0.0003218717174604535 0.00046244566328823566 -0.07678113132715225 -0.0003216590266674757 0.9999998211860657 -0.000460162729723379 -0.4266216456890106 -0.00046259319060482085 0.0004600138636305928 0.9999997615814209 23.919296264648438
0.9999997019767761 0.00030244002118706703 -0.0006595774902962148 -0.08201609551906586 -0.0003031661035493016 0.9999993443489075 -0.0011013064067810774 -0.44773024320602417 0.0006592442514374852 0.0011015060590580106 0.9999991655349731 25.113279342651367
0.9999986290931702 0.0006271058809943497 -0.001521735335700214 -0.09081384539604187 -0.0006271456368267536 0.9999998211860657 -2.5664729037089273e-05 -0.4779435992240906 0.0015217189211398363 2.6619039999786764e-05 0.9999988675117493 26.30570411682129
0.9999973773956299 -0.0009451641235500574 -0.0021014560479670763 -0.0999545082449913 0.0009490164229646325 0.9999979138374329 0.0018329465528950095 -0.498797744512558 0.002099719364196062 -0.0018349360907450318 0.9999961853027344 27.510814666748047
0.9999945163726807 -0.000986581901088357 -0.003157783532515168 -0.10547790676355362 0.0009919414296746254 0.9999980330467224 0.0016962384106591344 -0.5190120935440063 0.003156104125082493 -0.0016993616009131074 0.9999935626983643 28.706266403198242
0.9999902248382568 -0.0017254558624699712 -0.004087002947926521 -0.11570701748132706 0.001729812240228057 0.9999979734420776 0.00106268550734967 -0.5408399105072021 0.004085159860551357 -0.0010697446996346116 0.9999911189079285 29.906005859375
0.9999865889549255 -0.0019440867472440004 -0.004783016629517078 -0.12474075704813004 0.0019437422743067145 0.9999980926513672 -7.664444274269044e-05 -0.5576568841934204 0.004783156327903271 6.734648195561022e-05 0.9999885559082031 31.09974479675293
0.9999837279319763 -0.0012823335127905011 -0.005546026863157749 -0.13870200514793396 0.0012821097625419497 0.9999991655349731 -4.388951128930785e-05 -0.5767475366592407 0.005546078085899353 3.677822314784862e-05 0.9999845623970032 32.29545593261719
0.999979555606842 -0.0014336749445647001 -0.00622840691357851 -0.15123867988586426 0.0014358620392158628 0.9999988675117493 0.00034667373984120786 -0.5965512990951538 0.006227904465049505 -0.00035560972173698246 0.9999805688858032 33.501487731933594
0.9999768137931824 -0.0021809155587106943 -0.0064479149878025055 -0.16972768306732178 0.002185490448027849 0.9999973773956299 0.0007025593658909202 -0.617501437664032 0.006446364801377058 -0.0007166349678300321 0.9999789595603943 34.70331954956055
0.9999698996543884 -0.002769892103970051 -0.007244068197906017 -0.1767108142375946 0.002776890527456999 0.9999956488609314 0.0009562448249198496 -0.6412609815597534 0.007241387851536274 -0.0009763319976627827 0.9999732971191406 35.90275573730469
0.9999668598175049 -0.0028649463783949614 -0.007619975600391626 -0.19547440111637115 0.0028702772688120604 0.9999955892562866 0.0006888384814374149 -0.6613304615020752 0.007617966737598181 -0.0007106870179995894 0.9999707341194153 37.1018180847168
0.9999644756317139 -0.00367009942419827 -0.007585435174405575 -0.2100261002779007 0.00368045037612319 0.999992311000824 0.0013509617419913411 -0.6835281252861023 0.007580419536679983 -0.0013788315700367093 0.9999703168869019 38.30005645751953
0.9999659657478333 -0.0030899918638169765 -0.007644533179700375 -0.22293774783611298 0.0031079694163054228 0.9999924302101135 0.002340886741876602 -0.6957809329032898 0.007637242786586285 -0.002364566083997488 0.9999681115150452 39.50467300415039
0.9999669790267944 -0.0025500128977000713 -0.007711499929428101 -0.23849138617515564 0.00257264357060194 0.9999923706054688 0.002926141954958439 -0.7129069566726685 0.007703979033976793 -0.002945884596556425 0.9999659657478333 40.70246505737305
0.999969482421875 -0.0023740127217024565 -0.007445774972438812 -0.25345808267593384 0.002395237796008587 0.999993085861206 0.0028430004604160786 -0.7372831106185913 0.00743897445499897 -0.0028607475105673075 0.9999682307243347 41.90746307373047
0.9999704360961914 -0.0014290414983406663 -0.007553630508482456 -0.2630839943885803 0.0014473857590928674 0.9999960064888 0.0024236473254859447 -0.7484226226806641 0.007550136651843786 -0.0024345084093511105 0.9999685883522034 43.10055923461914
0.999976396560669 0.0009065852500498295 -0.0068202754482626915 -0.28048422932624817 -0.000876127160154283 0.9999896287918091 0.0044675059616565704 -0.7654911875724792 0.006824254523962736 -0.004461424425244331 0.9999668002128601 44.317989349365234
0.9999876618385315 0.0010289759375154972 -0.004844028968364 -0.3050345778465271 -0.0009907186031341553 0.9999683499336243 0.007893587462604046 -0.790529727935791 0.004851998761296272 -0.007888694293797016 0.9999570846557617 45.52007293701172
0.9999937415122986 0.0014194623799994588 -0.003216041484847665 -0.31756386160850525 -0.0013855003053322434 0.9999435544013977 0.010537905618548393 -0.799073338508606 0.0032308190129697323 -0.01053338497877121 0.9999392628669739 46.71525192260742
0.9999969601631165 0.0015940774464979768 -0.0018354099011048675 -0.31564006209373474 -0.001568542793393135 0.99990314245224 0.013830623589456081 -0.8050161004066467 0.0018572807312011719 -0.013827706687152386 0.999902606010437 47.91035079956055
0.9999994039535522 0.001092775259166956 8.192014502128586e-05 -0.33867183327674866 -0.0010939112398773432 0.9998798370361328 0.015459390357136726 -0.8202913999557495 -6.501669122371823e-05 -0.015459470450878143 0.9998804330825806 49.11591720581055
0.999997615814209 -0.0008595226099714637 0.0019916098099201918 -0.3446900546550751 0.0008317621541209519 0.9999030232429504 0.013897786848247051 -0.8221244812011719 -0.002003362402319908 -0.013896097429096699 0.9999013543128967 50.333065032958984
0.9999954700469971 0.000602546613663435 0.002947343047708273 -0.3463366627693176 -0.0006389091722667217 0.9999235272407532 0.012352065183222294 -0.8270273804664612 -0.0029396754689514637 -0.01235389243811369 0.9999193549156189 51.51620864868164
0.999993085861206 0.0007573100156150758 0.0036385462153702974 -0.3469342887401581 -0.0008005608106032014 0.999928891658783 0.011900116689503193 -0.8317941427230835 -0.0036292753648012877 -0.01190294697880745 0.9999225735664368 52.7276496887207
0.9999935030937195 0.0002828121942002326 0.003585297614336014 -0.3487039804458618 -0.00032389385160058737 0.999934196472168 0.011462942697107792 -0.8389724493026733 -0.0035818202886730433 -0.011464029550552368 0.9999278783798218 53.92073059082031
0.9999946355819702 -0.0003827786131296307 0.0032465788535773754 -0.3530857264995575 0.0003494847915135324 0.9999474287033081 0.010249429382383823 -0.847204327583313 -0.0032503309193998575 -0.010248241946101189 0.9999421834945679 55.135799407958984
0.999998927116394 -1.6124107787618414e-05 0.001374941784888506 -0.3542270064353943 1.1391842917873873e-06 0.9999406933784485 0.010897793807089329 -0.8536646962165833 -0.0013750357320532203 -0.010897782631218433 0.9999396204948425 56.35081100463867
0.9999997019767761 -0.0005423461552709341 0.0005028332816436887 -0.3688719570636749 0.0005362101946957409 0.9999263882637024 0.012123854830861092 -0.8678534626960754 -0.0005093725048936903 -0.01212358195334673 0.9999263882637024 57.54649353027344
0.9999993443489075 -0.0010996803175657988 -0.00017763770301826298 -0.3766308128833771 0.0011018234072253108 0.999920666217804 0.01255206298083067 -0.8760025501251221 0.0001638202229514718 -0.012552251107990742 0.9999212622642517 58.754947662353516
0.9999988079071045 0.0003505295026116073 -0.0015162067720666528 -0.3785567283630371 -0.00033137816353701055 0.9999203085899353 0.012613021768629551 -0.887806236743927 0.0015205068048089743 -0.01261250302195549 0.9999192953109741 59.95036697387695
0.9999974370002747 0.0007997285574674606 -0.0021217772737145424 -0.3861157298088074 -0.0007735819672234356 0.9999240636825562 0.01229535136371851 -0.8914049863815308 0.0021314499899744987 -0.012293677777051926 0.9999221563339233 61.15599822998047
0.9999975562095642 -0.0005225870991125703 -0.0021107292268425226 -0.3975667953491211 0.0005477183731272817 0.9999287724494934 0.011923386715352535 -0.9013897180557251 0.002104349434375763 -0.01192451361566782 0.9999266266822815 62.35554504394531
0.9999963045120239 -0.0015535817947238684 -0.0022068058606237173 -0.40600427985191345 0.0015782013069838285 0.9999361038208008 0.011198429390788078 -0.9107416868209839 0.0021892671938985586 -0.011201871559023857 0.9999348521232605 63.566017150878906
0.9999933242797852 -0.0023204353637993336 -0.002822292037308216 -0.4112825393676758 0.002356138778850436 0.9999163746833801 0.012713789939880371 -0.9273533821105957 0.0027925546746701 -0.012720356695353985 0.9999151825904846 64.75428771972656
0.9999932050704956 -0.0023091479670256376 -0.002873640041798353 -0.4216480553150177 0.0023493224289268255 0.9998984336853027 0.014056296087801456 -0.9286010265350342 0.0028408910147845745 -0.014062952250242233 0.9998970627784729 65.95556640625
0.9999938011169434 -0.0016971859149634838 -0.0030807766597718 -0.43672171235084534 0.0017362873768433928 0.9999173879623413 0.0127340042963624 -0.9424111843109131 0.0030589101370424032 -0.012739276513457298 0.9999141693115234 67.1579818725586
0.9999961853027344 0.0001971232268260792 -0.0027245529927313328 -0.45285171270370483 -0.00016622120165266097 0.9999356269836426 0.01133755873888731 -0.9466394186019897 0.0027266130782663822 -0.011337063275277615 0.999932050704956 68.3564453125
0.9999939799308777 0.0021901398431509733 -0.002684297040104866 -0.46562501788139343 -0.0021583365742117167 0.9999281167984009 0.01179407723248005 -0.9552450180053711 0.0027099347207695246 -0.011788214556872845 0.9999268651008606 69.55579376220703
0.999986469745636 0.004590984899550676 -0.0024063524324446917 -0.4776335060596466 -0.004562014248222113 0.9999186396598816 0.011909670196473598 -0.9609445929527283 0.00246083433739841 -0.011898531578481197 0.9999262690544128 70.74234008789062
0.9999822974205017 0.005480069667100906 -0.0022800732403993607 -0.49075981974601746 -0.0054513816721737385 0.9999081492424011 0.012403570115566254 -0.967609703540802 0.002347836969420314 -0.012390919029712677 0.9999204874038696 71.94818878173828
0.9999811053276062 0.006009695120155811 -0.0012176181189715862 -0.49950888752937317 -0.005993148777633905 0.9998953938484192 0.013165527954697609 -0.9721686244010925 0.0012966118520125747 -0.013157982379198074 0.9999126195907593 73.14231872558594
0.9999680519104004 0.007973254658281803 0.0004083569219801575 -0.5044460296630859 -0.007978064939379692 0.9998759627342224 0.013575781136751175 -0.9740906357765198 -0.0003000633150804788 -0.013578604906797409 0.9999077320098877 74.33882904052734
0.9999701976776123 0.006935557350516319 0.0033706054091453552 -0.5058639049530029 -0.006974965799599886 0.9999057054519653 0.011824192479252815 -0.9879736304283142 -0.003288279753178358 -0.011847349815070629 0.9999244213104248 75.51029205322266
0.9999740719795227 0.004303237423300743 0.0057781413197517395 -0.5019668340682983 -0.004341013729572296 0.9999691843986511 0.006541258189827204 -0.9946574568748474 -0.00574981514364481 -0.006566171534359455 0.9999619126319885 76.68421173095703
0.9999443888664246 0.005614688154309988 0.00892995297908783 -0.5047101974487305 -0.005671229679137468 0.9999638795852661 0.006319049745798111 -1.008130431175232 -0.008894152007997036 -0.006369342096149921 0.9999400973320007 77.85891723632812
0.9999263286590576 0.004281753208488226 0.01136004738509655 -0.49284425377845764 -0.004394432995468378 0.9999411702156067 0.009912603534758091 -1.0210808515548706 -0.011316935531795025 -0.009961794130504131 0.9998863339424133 79.04192352294922
0.9998837113380432 0.0044913687743246555 0.014569783583283424 -0.478546679019928 -0.00465444615110755 0.9999266266822815 0.01117832399904728 -1.0304147005081177 -0.01451850961893797 -0.011244837194681168 0.9998313188552856 80.22606658935547
0.9998098015785217 0.004771074280142784 0.018905362114310265 -0.4658939838409424 -0.004949505440890789 0.9999434947967529 0.009402631781995296 -1.0388906002044678 -0.018859433010220528 -0.009494416415691376 0.9997770190238953 81.39192962646484
0.9997405409812927 0.0036099241115152836 0.022491449490189552 -0.4464104175567627 -0.0037533908616751432 0.9999728202819824 0.0063397628255188465 -1.0514789819717407 -0.022467952221632004 -0.006422537378966808 0.9997269511222839 82.56143951416016
0.999660849571228 0.002260867739096284 0.025943322107195854 -0.42077526450157166 -0.0023371956776827574 0.9999931454658508 0.002912169322371483 -1.065909743309021 -0.025936560705304146 -0.002971816575154662 0.9996591806411743 83.72282409667969
0.9995656609535217 0.001841345219872892 0.029412124305963516 -0.38985225558280945 -0.001900237868539989 0.9999961853027344 0.0019745053723454475 -1.0818008184432983 -0.029408376663923264 -0.00202953745611012 0.9995654225349426 84.87939453125
0.9994564652442932 0.0016069869743660092 0.032927270978689194 -0.3567899465560913 -0.001731947180815041 0.9999915361404419 0.0037668736185878515 -1.1013084650039673 -0.03292093425989151 -0.0038218549452722073 0.9994506239891052 86.05005645751953
0.9993181824684143 0.002682993421331048 0.03682390972971916 -0.32806357741355896 -0.002855932107195258 0.9999852180480957 0.004644571337848902 -1.124375343322754 -0.03681090474128723 -0.004746571183204651 0.9993109703063965 87.21316528320312
0.9991716742515564 0.0023853282909840345 0.04062296450138092 -0.2829154133796692 -0.002471387851983309 0.9999948143959045 0.0020684117916971445 -1.1391336917877197 -0.040617816150188446 -0.0021670935675501823 0.9991723895072937 88.36492919921875
0.9990389943122864 0.002112447051331401 0.043779484927654266 -0.23546390235424042 -0.0021168221719563007 0.9999978542327881 5.358190173865296e-05 -1.1602452993392944 -0.043779268860816956 -0.00014620392175856978 0.9990411996841431 89.51240539550781
0.9988934397697449 0.0024442411959171295 0.04696962237358093 -0.18822002410888672 -0.0024222140200436115 0.9999968409538269 -0.000525886076502502 -1.175017237663269 -0.04697076976299286 0.0004115335759706795 0.9988961815834045 90.67720031738281
0.9987417459487915 0.0018026154721155763 0.05011633411049843 -0.13700468838214874 -0.0018370009493082762 0.9999980330467224 0.0006400617421604693 -1.1915385723114014 -0.05011508986353874 -0.0007313202368095517 0.9987431764602661 91.8323745727539
0.9985986351966858 0.0004111888410989195 0.05291900038719177 -0.0857931599020958 -0.0005218542646616697 0.9999977350234985 0.002077424433082342 -1.211330533027649 -0.05291802063584328 -0.0021021298598498106 0.9985966682434082 92.99506378173828
0.9984493851661682 -0.0003502439649309963 0.05566639080643654 -0.024672245606780052 0.00013760762521997094 0.9999926686286926 0.00382362212985754 -1.2264478206634521 -0.05566732585430145 -0.003810032969340682 0.9984421133995056 94.1566162109375
0.9983195662498474 -0.001909932354465127 0.05791840702295303 0.0460607185959816 0.001634969376027584 0.9999871850013733 0.004794430918991566 -1.2417471408843994 -0.057926829904317856 -0.004691678564995527 0.9983097910881042 95.3178482055664
0.9981726408004761 -0.0027669055853039026 0.0603628046810627 0.10339556634426117 0.0026220062281936407 0.9999934434890747 0.002479555318132043 -1.2579493522644043 -0.06036927551031113 -0.002316752215847373 0.9981733560562134 96.46368408203125
0.9980366826057434 -0.004133532755076885 0.062496017664670944 0.1763526201248169 0.0042101177386939526 0.9999905228614807 -0.0010937848128378391 -1.2750166654586792 -0.062490906566381454 0.0013547525741159916 0.9980446100234985 97.61701965332031
0.9979037642478943 -0.003179683117195964 0.06463740020990372 0.24163903295993805 0.0034301457926630974 0.9999870657920837 -0.0037642810493707657 -1.293694257736206 -0.0646246001124382 0.003978106193244457 0.9979017376899719 98.77559661865234
0.9977980256080627 -0.003177425591275096 0.06624983251094818 0.31804224848747253 0.0034991379361599684 0.9999826550483704 -0.004740564618259668 -1.3157237768173218 -0.06623362004756927 0.004961943253874779 0.9977918267250061 99.94556427001953
0.9977763295173645 -0.0030873084906488657 0.0665796548128128 0.3926903009414673 0.0033641711343079805 0.9999861121177673 -0.004046645015478134 -1.338449478149414 -0.06656624376773834 0.0042616319842636585 0.9977729320526123 101.1225814819336
0.9978237748146057 -0.0032690304797142744 0.0658583715558052 0.46402692794799805 0.0034246109426021576 0.9999915361404419 -0.002249584998935461 -1.364367961883545 -0.06585046648979187 0.002470228122547269 0.9978264570236206 102.30464935302734
0.9978969097137451 -0.0032121450640261173 0.06474224478006363 0.5295445322990417 0.003268054686486721 0.9999943375587463 -0.0007576861535198987 -1.3816529512405396 -0.06473944336175919 0.000967673840932548 0.9979017376899719 103.49819946289062
0.9980195164680481 -0.0031120802741497755 0.06282834708690643 0.5957664251327515 0.0031163585372269154 0.9999951720237732 2.990922803292051e-05 -1.4013919830322266 -0.06282813102006912 0.0001659456902416423 0.9980243444442749 104.68637084960938
0.9981932640075684 -0.0032300378661602736 0.059998270124197006 0.6692579984664917 0.00321351271122694 0.9999948143959045 0.0003719264641404152 -1.4174981117248535 -0.05999916419386864 -0.00017844929243437946 0.998198390007019 105.89314270019531
0.9983444809913635 -0.002308413852006197 0.05747142434120178 0.7237502336502075 0.0022931001149117947 0.9999973177909851 0.0003324053541291505 -1.4360440969467163 -0.05747203901410103 -0.00020006735576316714 0.9983471035957336 107.08792114257812
0.9985501170158386 -0.0008918509702198207 0.053822457790374756 0.7715798020362854 0.0009005106985569 0.9999996423721313 -0.00013664156722370535 -1.4511971473693848 -0.053822312504053116 0.00018491111404728144 0.998550534248352 108.28004455566406
0.9987618923187256 -0.0005977026303298771 0.0497417077422142 0.832623302936554 0.0005845393752679229 0.9999997615814209 0.0002791869919747114 -1.4683489799499512 -0.04974186420440674 -0.00024976537679322064 0.9987620115280151 109.497802734375
0.99896240234375 -0.0006046523922123015 0.045539166778326035 0.8849730491638184 0.0005392932798713446 0.9999988675117493 0.0014475011266767979 -1.4887592792510986 -0.0455399826169014 -0.0014214401599019766 0.9989615082740784 110.71794891357422
0.999152660369873 0.00018741430540103465 0.04115735739469528 0.9337838888168335 -0.0002744361700024456 0.9999977350234985 0.002108738524839282 -1.505074143409729 -0.041156869381666183 -0.002118246629834175 0.9991504549980164 111.93231964111328
0.9993255734443665 0.00028819870203733444 0.03671760484576225 0.9731008410453796 -0.0003866129263769835 0.9999963641166687 0.0026732459664344788 -1.5211740732192993 -0.03671669960021973 -0.0026856388431042433 0.9993221163749695 113.1533432006836
0.9995035529136658 0.0006881327135488391 0.03149724751710892 1.011521577835083 -0.0007738096173852682 0.9999960660934448 0.00270803808234632 -1.5349080562591553 -0.03149526193737984 -0.0027310666628181934 0.9995002150535583 114.36827850341797
0.9996376037597656 0.0013835515128448606 0.026884403079748154 1.0340924263000488 -0.0014584556920453906 0.9999950528144836 0.0027667367830872536 -1.5566072463989258 -0.026880446821451187 -0.0028049435932189226 0.9996347427368164 115.6168212890625
0.9997573494911194 0.0015850235940888524 0.0219719335436821 1.0507614612579346 -0.001639232854358852 0.9999955892562866 0.0024494093377143145 -1.5714359283447266 -0.02196795679628849 -0.002484831726178527 0.9997556209564209 116.84114074707031
0.9998466372489929 0.0028959244955331087 0.017273254692554474 1.0689983367919922 -0.0029274094849824905 0.9999940395355225 0.001797750242985785 -1.5895501375198364 -0.017267946153879166 -0.001848040265031159 0.9998492002487183 118.05311584472656
0.9998916387557983 0.004888683091849089 0.01389364618808031 1.0763359069824219 -0.004914501681923866 0.9999862313270569 0.0018247292609885335 -1.6057852506637573 -0.013884536921977997 -0.0018928117351606488 0.9999018311500549 119.2933578491211
0.9999113082885742 0.00649846438318491 0.011628842912614346 1.083893895149231 -0.006521926261484623 0.9999768137931824 0.0019807368516921997 -1.6230278015136719 -0.011615701951086521 -0.00205640378408134 0.9999304413795471 120.51470184326172
0.9999107122421265 0.007862052880227566 0.010802613571286201 1.0832688808441162 -0.00787852518260479 0.9999678134918213 0.0014830848667770624 -1.6433789730072021 -0.010790606960654259 -0.0015680614160373807 0.9999405145645142 121.77363586425781
0.9998986721038818 0.01032290793955326 0.009802992455661297 1.0837981700897217 -0.01034059189260006 0.9999449849128723 0.0017548404866829515 -1.6590074300765991 -0.009784338064491749 -0.0018560313619673252 0.9999504089355469 123.01265716552734
0.9998933672904968 0.011619714088737965 0.008841761387884617 1.0854740142822266 -0.01164346281439066 0.9999286532402039 0.002639307640492916 -1.6761711835861206 -0.008810463361442089 -0.0027419752441346645 0.9999574422836304 124.25277709960938
0.9999010562896729 0.011182496324181557 0.00852938275784254 1.0833030939102173 -0.011205722577869892 0.9999335408210754 0.0026802292559295893 -1.686871886253357 -0.0084988446906209 -0.0027755422051995993 0.9999600648880005 125.50019836425781
0.9998553395271301 0.015165761113166809 0.007698237430304289 1.079119324684143 -0.015204998664557934 0.999871551990509 0.005064499098807573 -1.708306074142456 -0.007620441727340221 -0.005180819425731897 0.9999575614929199 126.74580383300781
0.9998436570167542 0.016174430027604103 0.0071489242836833 1.0774377584457397 -0.016233747825026512 0.9998335242271423 0.008319010958075523 -1.7201509475708008 -0.007013179827481508 -0.00843376386910677 0.9999398589134216 127.99568939208984
0.9998630285263062 0.015127366408705711 0.006704017054289579 1.0772736072540283 -0.01517969835549593 0.9998540878295898 0.007825098931789398 -1.7312451601028442 -0.006584664806723595 -0.007925791665911674 0.9999468922615051 129.24729919433594
0.9998722076416016 0.0147681450471282 0.006124425679445267 1.0771663188934326 -0.014806276187300682 0.9998709559440613 0.006228109821677208 -1.7361105680465698 -0.006031657103449106 -0.006317993625998497 0.9999618530273438 130.4995574951172
0.9999116063117981 0.01213792897760868 0.005418883170932531 1.0838901996612549 -0.012176395393908024 0.9999005198478699 0.0071231285110116005 -1.7470353841781616 -0.005331883206963539 -0.00718848267570138 0.9999599456787109 131.75595092773438
0.9999401569366455 0.009771349839866161 0.004922785796225071 1.0749480724334717 -0.009814830496907234 0.9999123215675354 0.008887290954589844 -1.7536120414733887 -0.004835512489080429 -0.008935075253248215 0.9999483823776245 133.027099609375
0.9999682307243347 0.006066196132451296 0.00517383124679327 1.069541573524475 -0.006120800971984863 0.9999250769615173 0.010604409500956535 -1.7621835470199585 -0.005109114106744528 -0.010635741986334324 0.9999303817749023 134.29843139648438
0.9999791979789734 0.004483169410377741 0.004644232336431742 1.0730034112930298 -0.004538966342806816 0.9999167919158936 0.012074275873601437 -1.775886058807373 -0.0045897141098976135 -0.012095103971660137 0.9999163746833801 135.5729522705078
0.9999903440475464 0.00026250845985487103 0.004375377204269171 1.0838462114334106 -0.00030643760692328215 0.9999494552612305 0.010042428970336914 -1.775726079940796 -0.004372518975287676 -0.010043674148619175 0.9999399781227112 136.8118133544922
0.9999890327453613 -0.002015830250456929 0.004221256822347641 1.0889544486999512 0.0019768516067415476 0.9999555349349976 0.009217660874128342 -1.7840896844863892 -0.004239650908857584 -0.009209214709699154 0.9999485611915588 138.0836944580078
0.9999851584434509 -0.0031071261037141085 0.004460256081074476 1.0918835401535034 0.003068887395784259 0.9999586939811707 0.00855435710400343 -1.7871402502059937 -0.0044866506941616535 -0.008540544658899307 0.9999534487724304 139.35873413085938
0.9999827146530151 -0.003309507155790925 0.004861548077315092 1.0924444198608398 0.0032666896004229784 0.999955952167511 0.008789227344095707 -1.7945753335952759 -0.004890421871095896 -0.008773195557296276 0.99994957447052 140.63453674316406
0.9999812841415405 -0.003064653603360057 0.005297718103975058 1.0989573001861572 0.003006366081535816 0.9999352693557739 0.01097562164068222 -1.805394172668457 -0.005331011489033699 -0.010959489271044731 0.9999257326126099 141.90948486328125
0.9999836087226868 -0.0007084606331773102 0.005692453123629093 1.0988634824752808 0.0006366119487211108 0.9999201893806458 0.012613761238753796 -1.814327597618103 -0.005700934678316116 -0.012609929777681828 0.9999042749404907 143.18743896484375
0.9999756813049316 -0.001263213693164289 0.00685977004468441 1.0965923070907593 0.001189677626825869 0.999941885471344 0.01071335282176733 -1.8205512762069702 -0.0068729049526154995 -0.010704929940402508 0.999919056892395 144.4785919189453
0.9999730587005615 -0.0006489006336778402 0.007310382090508938 1.0962926149368286 0.0005817368510179222 0.9999576807022095 0.00918579287827015 -1.8318332433700562 -0.007316032890230417 -0.009181292727589607 0.9999310970306396 145.75054931640625
0.9999687075614929 -0.0005302453646436334 0.007893333211541176 1.0955837965011597 0.0004769166116602719 0.9999769926071167 0.0067564877681434155 -1.8478842973709106 -0.007896734401583672 -0.006752512417733669 0.9999459385871887 147.0297393798828
0.9999635815620422 -0.0019440625328570604 0.008312593214213848 1.099561095237732 0.0019241434056311846 0.9999951720237732 0.0024035414680838585 -1.8607271909713745 -0.00831722654402256 -0.002387458924204111 0.999962568283081 148.31130981445312
0.9999586939811707 -0.0017384373350068927 0.008930538780987263 1.1004067659378052 0.0017482611583545804 0.9999978542327881 -0.0010923334630206227 -1.879055142402649 -0.008928620256483555 0.0011079018004238605 0.9999595880508423 149.59007263183594
0.999956488609314 -0.0020986790768802166 0.009088537655770779 1.1082128286361694 0.0021182852797210217 0.9999954700469971 -0.0021481672301888466 -1.9019196033477783 -0.009083988144993782 0.002167325932532549 0.9999563097953796 150.85963439941406
0.9999551773071289 -0.0019288562471047044 0.009273898787796497 1.1109187602996826 0.0019447184167802334 0.9999966621398926 -0.0017017140053212643 -1.927736520767212 -0.009270585142076015 0.00171967304777354 0.9999555349349976 152.12786865234375
0.9999575614929199 -0.0016710046911612153 0.009056956507265568 1.1211289167404175 0.0016806329367682338 0.9999979734420776 -0.0010555493645370007 -1.9543625116348267 -0.009055173955857754 0.001070725847966969 0.9999584555625916 153.39256286621094
0.9999621510505676 -0.0016978057101368904 0.008528223261237144 1.1321922540664673 0.0017002960667014122 0.9999985098838806 -0.0002847910800483078 -1.9746688604354858 -0.008527727797627449 0.0002992807421833277 0.9999635815620422 154.6531524658203
0.9999590516090393 -0.0004938535857945681 0.00903214793652296 1.1208035945892334 0.0004905287059955299 0.9999998211860657 0.00037037485162727535 -1.9964771270751953 -0.009032327681779861 -0.0003659292997326702 0.9999591112136841 155.92710876464844
0.9999634623527527 -0.00013066676910966635 0.00855169165879488 1.1243723630905151 0.0001277550618397072 0.9999999403953552 0.00034108071122318506 -2.021217107772827 -0.008551734499633312 -0.00033997558057308197 0.9999633431434631 157.19485473632812
0.9999707937240601 0.0001230159541592002 0.00763627327978611 1.1315877437591553 -0.00012588128447532654 0.9999998807907104 0.0003747380687855184 -2.0430052280426025 -0.007636226713657379 -0.00037568839616142213 0.9999707341194153 158.466064453125
0.99997478723526 -0.00028644551639445126 0.007095061242580414 1.1322613954544067 0.00027447936008684337 0.9999985694885254 0.001687428099103272 -2.064775228500366 -0.007095533888787031 -0.0016854382120072842 0.9999734163284302 159.73464965820312
0.9999776482582092 0.0005682195769622922 0.0066650379449129105 1.1298469305038452 -0.0005817184573970735 0.9999977946281433 0.002023619832471013 -2.0858960151672363 -0.006663874257355928 -0.002027451526373625 0.9999756813049316 161.01162719726562
0.9999817609786987 0.000820448505692184 0.0059890528209507465 1.1321171522140503 -0.0008259102469310164 0.9999993443489075 0.0009095691493712366 -2.1042115688323975 -0.005988302640616894 -0.0009144992218352854 0.9999815821647644 162.27992248535156
0.9999837279319763 0.001238849014043808 0.00555624021217227 1.1301034688949585 -0.0012368863681331277 0.9999991059303284 -0.00035671290243044496 -2.1237924098968506 -0.00555667607113719 0.00034983473597094417 0.9999845027923584 163.5394744873047
0.9999861717224121 0.002250809222459793 0.004740533418953419 1.131711483001709 -0.002249577082693577 0.9999974966049194 -0.00026524372515268624 -2.1444027423858643 -0.004741117358207703 0.0002545759198255837 0.9999887943267822 164.8048858642578
0.9999901652336121 0.0019201294053345919 0.003996219951659441 1.1284239292144775 -0.0019151900196447968 0.9999973773956299 -0.001239434233866632 -2.1659090518951416 -0.003998590167611837 0.0012317686341702938 0.9999911785125732 166.0733642578125
0.999993622303009 0.0022291485220193863 0.00279992469586432 1.1315966844558716 -0.0022224197164177895 0.9999946355819702 -0.0024040360003709793 -2.1878693103790283 -0.0028052690904587507 0.002397798001766205 0.9999931454658508 167.34185791015625
0.9999938607215881 0.0023980794940143824 0.002544036600738764 1.1252894401550293 -0.0023927956353873014 0.9999949932098389 -0.0020780025515705347 -2.2114450931549072 -0.0025490056723356247 0.002071902621537447 0.9999945163726807 168.6151123046875
0.9999955892562866 0.002533779013901949 0.0015243848320096731 1.1253721714019775 -0.0025325838942080736 0.9999964833259583 -0.000785640615504235 -2.2349905967712402 -0.001526368549093604 0.00078177684918046 0.9999985098838806 169.89007568359375
0.9999963045120239 0.0024312210734933615 0.0012364841531962156 1.1209636926651 -0.0024311866145581007 0.9999970197677612 -2.9434124371618964e-05 -2.2630372047424316 -0.0012365527218207717 2.642801518959459e-05 0.9999991655349731 171.1514129638672
0.9999955296516418 0.002937768120318651 0.0004909344133920968 1.1145248413085938 -0.002937921090051532 0.9999955296516418 0.00031135661993175745 -2.283545732498169 -0.0004900182248093188 -0.00031279760878533125 0.9999998211860657 172.42103576660156
0.9999955296516418 0.0030032331123948097 -0.00027831614715978503 1.109361171722412 -0.0030030517373234034 0.999995231628418 0.0006506898789666593 -2.3085291385650635 0.00028026814106851816 -0.000649851281195879 0.9999997615814209 173.69569396972656
0.9999930262565613 0.003746188245713711 -0.0004515495093073696 1.0905214548110962 -0.0037462564650923014 0.9999929666519165 -0.00014904668205417693 -2.3322865962982178 0.0004509894934017211 0.0001507372799096629 0.9999998807907104 174.96047973632812
0.9999898076057434 0.0044537740759551525 -0.0007844484644010663 1.0777692794799805 -0.004454448819160461 0.9999897480010986 -0.0008606377523392439 -2.350569725036621 0.0007806062931194901 0.0008641233434900641 0.9999993443489075 176.23233032226562
0.9999881386756897 0.0045946878381073475 -0.001665409654378891 1.0715442895889282 -0.004595792852342129 0.9999892115592957 -0.0006602146895602345 -2.3672800064086914 0.0016623589908704162 0.000667860615067184 0.9999984502792358 177.49131774902344
0.9999874234199524 0.004835859406739473 -0.0013102407101541758 1.0460013151168823 -0.004837977234274149 0.999987006187439 -0.001617899164557457 -2.3953144550323486 0.0013024001382291317 0.0016242177225649357 0.9999977946281433 178.74801635742188
0.9999926090240479 0.003595810616388917 -0.0013234481448307633 1.0382429361343384 -0.003600009484216571 0.9999884366989136 -0.0031843287870287895 -2.4173223972320557 0.0013119825161993504 0.003189069451764226 0.9999940395355225 180.01806640625
0.9999987483024597 0.000641019141767174 -0.00142465450335294 1.0304919481277466 -0.0006455054972320795 0.9999948740005493 -0.003151084529235959 -2.441673517227173 0.0014226279454305768 0.0031520002521574497 0.9999940395355225 181.2795867919922
0.9999973773956299 0.0008236087742261589 -0.0021249616984277964 1.031409502029419 -0.0008223527111113071 0.999999463558197 0.0005916884983889759 -2.463102102279663 0.0021254492457956076 -0.000589939474593848 0.9999975562095642 182.5506591796875
0.9999969005584717 -0.0001628039317438379 -0.0024685270618647337 1.0253430604934692 0.0001752987300278619 0.9999872446060181 0.005062159616500139 -2.4859459400177 0.0024676716420799494 -0.00506257638335228 0.999984085559845 183.81674194335938
0.9999971389770508 0.0011428860016167164 -0.002108766930177808 1.0139398574829102 -0.0011340040946379304 0.9999904632568359 0.004208344034850597 -2.4986438751220703 0.0021135553251951933 -0.0042059412226080894 0.999988853931427 185.07203674316406
0.9999948143959045 0.002876588609069586 -0.001427968847565353 0.9967405200004578 -0.002875432837754488 0.9999955296516418 0.0008106977329589427 -2.5134661197662354 0.0014302941272035241 -0.0008065879228524864 0.9999986290931702 186.3202667236328
0.9999934434890747 0.00288553349673748 -0.002175325294956565 0.988145112991333 -0.002887560985982418 0.9999953508377075 -0.0009293066104874015 -2.537447929382324 0.0021726361010223627 0.0009355818619951606 0.9999971985816956 187.5653839111328
0.9999929666519165 0.0027818498201668262 -0.0024936774279922247 0.9805877208709717 -0.002783159026876092 0.9999960064888 -0.0005216546705923975 -2.5610928535461426 0.0024922171141952276 0.0005285913357511163 0.9999967813491821 188.81478881835938
0.9999951124191284 0.0023008384741842747 -0.0021018628031015396 0.96930992603302 -0.0022995052859187126 0.9999971389770508 0.0006365406443364918 -2.5853490829467773 0.00210331822745502 -0.0006317044026218355 0.9999975562095642 190.07760620117188
0.9999951124191284 0.002444390207529068 -0.001975920982658863 0.9610835909843445 -0.0024383903946727514 0.9999923706054688 0.0030333397444337606 -2.6083850860595703 0.0019833201076835394 -0.0030285066459327936 0.9999935030937195 191.32806396484375
0.9999974370002747 0.0019944249652326107 -0.0010900376364588737 0.95146244764328 -0.0019904966466128826 0.9999915361404419 0.0035929798614233732 -2.627187728881836 0.00109719333704561 -0.0035908010322600603 0.9999929070472717 192.5812530517578
0.9999978542327881 0.002049833768978715 0.0002438652009004727 0.9458814263343811 -0.002050517126917839 0.9999938607215881 0.0028353517409414053 -2.64424729347229 -0.0002380530786467716 -0.0028358453419059515 0.9999959468841553 193.82301330566406
0.9999983906745911 0.0009452587109990418 0.0015049887588247657 0.9437581300735474 -0.000947329739574343 0.9999986290931702 0.0013758630957454443 -2.666038751602173 -0.001503687584772706 -0.0013772861566394567 0.9999979138374329 195.0542449951172
0.9999955892562866 0.0005904458812437952 0.002915380522608757 0.9443856477737427 -0.000590400886721909 0.9999997615814209 -1.626875382498838e-05 -2.6888275146484375 -0.002915388671681285 1.4547168575518299e-05 0.999995768070221 196.29193115234375
