1.0 -1.499067707300128e-06 -4.001942670583958e-06 1.9393020920688286e-05 1.49906361457397e-06 1.0 -1.0345473810957628e-06 4.683123279392021e-06 4.001944489573361e-06 1.0345414693802013e-06 1.0 -1.978883574338397e-06
0.9999973177909851 0.0010455832816660404 0.002071759197860956 -0.009586881846189499 -0.001043361728079617 0.9999988675117493 -0.0010731598595157266 -0.016848614439368248 -0.0020728788804262877 0.0010709953494369984 0.9999972581863403 1.206067442893982
0.9999897480010986 0.0013589506270363927 0.004304643254727125 -0.028122300282120705 -0.001357324537821114 0.9999989867210388 -0.00038060161750763655 -0.043183084577322006 -0.004305155947804451 0.0003747549490071833 0.9999906420707703 2.408344030380249
0.9999843239784241 0.0008643748005852103 0.0055318051017820835 -0.028174221515655518 -0.0008638314320705831 0.9999997615814209 -0.0001005949525278993 -0.06167612969875336 -0.0055318898521363735 9.581484482623637e-05 0.9999846816062927 3.608649492263794
0.9999788999557495 0.000662191363517195 0.006462200544774532 -0.025730742141604424 -0.0006607625400647521 0.9999998211860657 -0.0002232415572507307 -0.081321120262146 -0.00646234629675746 0.00021896683028899133 0.9999790191650391 4.802289962768555
0.9999731779098511 0.00037583860103040934 0.007311375346034765 -0.023632414638996124 -0.00037707321462221444 0.9999999403953552 0.00016748283815104514 -0.10655809193849564 -0.007311311550438404 -0.00017023527470882982 0.9999732375144958 6.003171443939209
0.9999685883522034 0.0006581727066077292 0.007893547415733337 -0.015965580940246582 -0.0006522886105813086 0.9999995231628418 -0.0007479755440726876 -0.12823359668254852 -0.007894034497439861 0.000742803153116256 0.9999685287475586 7.203315734863281
0.9999598860740662 0.00040162241202779114 0.008948179893195629 -0.01763969659805298 -0.0003939208691008389 0.9999995231628418 -0.0008624219917692244 -0.15470142662525177 -0.008948522619903088 0.0008588627679273486 0.9999595880508423 8.38808536529541
0.9999582171440125 0.00010507019760552794 0.009142573922872543 -0.011596478521823883 -0.00011042624828405678 0.9999999403953552 0.0005853348993696272 -0.17690518498420715 -0.009142511524260044 -0.0005863201222382486 0.9999579787254333 9.58299732208252
0.9999696612358093 -0.0005940721603110433 0.007767940871417522 -0.008210159838199615 0.0005804133252240717 0.9999982714653015 0.0017604962922632694 -0.20017214119434357 -0.007768973242491484 -0.0017559342086315155 0.9999682903289795 10.774395942687988
0.9999820590019226 -0.0019335157703608274 0.005670882761478424 -0.012314051389694214 0.0019269657786935568 0.9999974966049194 0.0011602119775488973 -0.2197364866733551 -0.005673111882060766 -0.0011492634657770395 0.9999832510948181 11.976243019104004
0.9999910593032837 -0.0016436621081084013 0.003883856348693371 -0.017707329243421555 0.0016413109842687845 0.9999984502792358 0.0006085285567678511 -0.23594807088375092 -0.0038848500698804855 -0.0006021484732627869 0.999992311000824 13.17126750946045
0.9999955892562866 -0.0016465958906337619 0.0024622539058327675 -0.017513632774353027 0.001645319047383964 0.9999985098838806 0.0005205534398555756 -0.2585885226726532 -0.0024631074629724026 -0.0005164999165572226 0.9999969005584717 14.370388984680176
0.9999986290931702 -0.00023751599655952305 0.001639503170736134 -0.021629612892866135 0.00023676424461882561 0.9999998807907104 0.00045875663636252284 -0.27977919578552246 -0.0016396119026467204 -0.00045836783829145133 0.9999985694885254 15.55835247039795
0.9999992847442627 -0.00039492183714173734 0.0011391844600439072 -0.026003381237387657 0.00039432733319699764 0.9999998211860657 0.0005220645107328892 -0.2990987300872803 -0.0011393902823328972 -0.0005216149147599936 0.9999992251396179 16.760156631469727
0.9999991059303284 -0.001342063071206212 0.000261888955719769 -0.02404875122010708 0.0013418436283245683 0.9999988079071045 0.000837467610836029 -0.3164823055267334 -0.0002630123635753989 -0.0008371154544875026 0.9999996423721313 17.935983657836914
0.9999991059303284 -0.0013427139492705464 4.005176742793992e-05 -0.03394414111971855 0.0013426555087789893 0.9999980926513672 0.0014308035606518388 -0.3418688476085663 -4.1972853068728e-05 -0.0014307484962046146 0.9999989867210388 19.148317337036133
0.9999988079071045 -0.0011614407412707806 -0.0009762662230059505 -0.03936999291181564 0.0011619970900937915 0.9999991655349731 0.0005695431027561426 -0.36364635825157166 0.0009756039944477379 -0.0005706768133677542 0.9999993443489075 20.344030380249023
0.9999982714653015 -0.0016707924660295248 -0.0007892480934970081 -0.05755048990249634 0.0016705141169950366 0.9999985694885254 -0.0003529364475980401 -0.386348694562912 0.0007898370968177915 0.00035161752020940185 0.9999996423721313 21.55267333984375
0.9999985694885254 -0.00038058345671743155 -0.0016393921105191112 -0.06320896744728088 0.00038080548983998597 0.9999999403953552 0.0001351356040686369 -0.4052042067050934 0.0016393405385315418 -0.000135759764816612 0.9999986886978149 22.74774742126465
0.9999978542327881 -0.000716016220394522 -0.0019562235102057457 -0.08432932198047638 0.0007160627865232527 0.9999997019767761 2.296346974617336e-05 -0.42887768149375916 0.0019562069792300463 -2.4364198907278478e-05 0.9999980330467224 23.93740463256836
0.9999958872795105 -0.0005478281527757645 -0.002853146055713296 -0.09481103718280792 0.0005464180139824748 0.9999997615814209 -0.00049495545681566 -0.45072513818740845 0.002853417070582509 0.0004933943273499608 0.9999958276748657 25.131563186645508
0.9999929070472717 -0.0004563909024000168 -0.003740849904716015 -0.10529115796089172 0.0004575268249027431 0.9999997615814209 0.0003027803322765976 -0.47582533955574036 0.003740711137652397 -0.00030448968755081296 0.9999929666519165 26.32196044921875
0.999988317489624 -0.001998461317270994 -0.004401529673486948 -0.11737722903490067 0.0020074364729225636 0.9999958872795105 0.002035571727901697 -0.4951414167881012 0.004397443030029535 -0.002044383669272065 0.9999882578849792 27.525312423706055
0.9999833106994629 -0.0020135724917054176 -0.005414002109318972 -0.12518155574798584 0.0020246757194399834 0.9999958276748657 0.0020462018437683582 -0.5154276490211487 0.005409859586507082 -0.0020571292843669653 0.9999832510948181 28.720787048339844
0.9999756813049316 -0.0027587192598730326 -0.006398425437510014 -0.13761627674102783 0.0027675132732838392 0.9999951720237732 0.0013659435790032148 -0.5363441705703735 0.006394625641405582 -0.001383617869578302 0.9999786019325256 29.919740676879883
0.9999701976776123 -0.002867173170670867 -0.007162153720855713 -0.1470048874616623 0.002868510549888015 0.9999958276748657 0.0001764712214935571 -0.5537004470825195 0.007161619141697884 -0.00019701066776178777 0.9999743103981018 31.11942481994629
0.9999654293060303 -0.0024009523913264275 -0.007976802997291088 -0.16323955357074738 0.002403229707852006 0.9999970197677612 0.00027592983678914607 -0.5733510255813599 0.007976114749908447 -0.0002950903435703367 0.9999681115150452 32.31242370605469
0.9999581575393677 -0.002604397013783455 -0.008774659596383572 -0.17659111320972443 0.002610638737678528 0.9999963045120239 0.0006999826291576028 -0.5926962494850159 0.008772803470492363 -0.0007228606846183538 0.9999611973762512 33.51746368408203
0.9999547004699707 -0.0031133422162383795 -0.008996204473078251 -0.1937243640422821 0.003122710855677724 0.9999945759773254 0.0010275846580043435 -0.6151635050773621 0.008992958813905716 -0.001055630506016314 0.9999589920043945 34.70648193359375
0.999944806098938 -0.0038073877803981304 -0.009798425249755383 -0.20459996163845062 0.003820547368377447 0.999991774559021 0.0013246434973552823 -0.6394758820533752 0.009793303906917572 -0.0013620055979117751 0.9999510645866394 35.90525817871094
0.9999434947967529 -0.003828052431344986 -0.009915521368384361 -0.22844935953617096 0.00383863621391356 0.9999920129776001 0.0010485319653525949 -0.6584998369216919 0.009911431930959225 -0.0010865346994251013 0.9999502301216125 37.10918045043945
0.9999414086341858 -0.004600394517183304 -0.009794207289814949 -0.24479222297668457 0.004618703853338957 0.9999876022338867 0.0018475791439414024 -0.67910236120224 0.009785589762032032 -0.0018927075434476137 0.9999502897262573 38.310333251953125
0.9999440908432007 -0.004282691050320864 -0.00966761913150549 -0.26543155312538147 0.004310542717576027 0.9999865293502808 0.002861771499738097 -0.6945710182189941 0.009655232541263103 -0.002903284039348364 0.9999490976333618 39.523536682128906
0.999945342540741 -0.003628392005339265 -0.009807157330214977 -0.27868083119392395 0.0036599584855139256 0.9999881982803345 0.0032026588451117277 -0.7056902647018433 0.009795418940484524 -0.003238377161324024 0.9999467730522156 40.72395706176758
0.9999470710754395 -0.0030492846854031086 -0.009823569096624851 -0.29685884714126587 0.003080999944359064 0.9999901056289673 0.0032149935141205788 -0.7281316518783569 0.00981366727501154 -0.003245089901611209 0.9999465346336365 41.926780700683594
0.9999538064002991 -0.0018574619898572564 -0.00942216906696558 -0.3211680054664612 0.0018867605831474066 0.9999933242797852 0.003101583570241928 -0.7440502643585205 0.009416347369551659 -0.003119217697530985 0.9999508261680603 43.12111282348633
0.9999589920043945 0.0005486970185302198 -0.009029795415699482 -0.3395165205001831 -0.000504183815792203 0.9999877214431763 0.004931147210299969 -0.7591158747673035 0.00903239194303751 -0.004926392808556557 0.9999471306800842 44.32139205932617
0.999971330165863 0.0011622629826888442 -0.007479359395802021 -0.35431134700775146 -0.0011020740494132042 0.9999670386314392 0.008046446368098259 -0.7746688723564148 0.0074884649366140366 -0.008037973195314407 0.9999396800994873 45.52931594848633
0.9999859929084778 0.0014365608803927898 -0.005087892059236765 -0.3744083046913147 -0.0013822184409946203 0.9999421238899231 0.010668170638382435 -0.7803142070770264 0.005102924536913633 -0.010660988278687 0.9999301433563232 46.74333953857422
0.9999898076057434 0.0018579796887934208 -0.004114675801247358 -0.377758264541626 -0.0018002877477556467 0.9999006390571594 0.013980608433485031 -0.7864698767662048 0.004140243865549564 -0.013973057270050049 0.9998937845230103 47.94670867919922
0.9999969005584717 0.0006029765936546028 -0.0024292925372719765 -0.3924264907836914 -0.0005658441223204136 0.9998833537101746 0.015257159247994423 -0.7935612201690674 0.0024382092524319887 -0.015255734324455261 0.9998806715011597 49.15730285644531
0.9999994039535522 -0.0007746228948235512 -0.0006612660363316536 -0.39321169257164 0.0007836080621927977 0.9999058246612549 0.013697057031095028 -0.7946851253509521 0.0006505937199108303 -0.013697565533220768 0.9999059438705444 50.37480163574219
0.9999998807907104 0.00017784118244890124 0.00039892992936074734 -0.39785152673721313 -0.00018270818691235036 0.9999251365661621 0.012233606539666653 -0.8020222783088684 -0.0003967246739193797 -0.012233677320182323 0.9999250769615173 51.591087341308594
0.9999993443489075 4.371356044430286e-05 0.0011267743539065123 -0.40033766627311707 -5.671252802130766e-05 0.9999334216117859 0.01153901033103466 -0.8043724298477173 -0.0011261955369263887 -0.011539068073034286 0.9999327063560486 52.77653503417969
0.9999994039535522 -7.615517097292468e-05 0.0010824843775480986 -0.4032292664051056 6.433766247937456e-05 0.9999404549598694 0.010912771336734295 -0.8081339001655579 -0.0010832514381036162 -0.010912695899605751 0.9999397993087769 53.981197357177734
0.9999996423721313 -0.0006158624310046434 0.0005563602317124605 -0.4085450768470764 0.0006104208878241479 0.999952495098114 0.00972827710211277 -0.8147245049476624 -0.0005623253528028727 -0.009727935306727886 0.9999524354934692 55.189701080322266
0.9999997019767761 -0.000350134534528479 -0.0008587063639424741 -0.41909515857696533 0.0003591132699511945 0.9999450445175171 0.010478322394192219 -0.824324905872345 0.0008549895137548447 -0.010478626005351543 0.9999447464942932 56.387977600097656
0.9999975562095642 -0.0004951921873725951 -0.002180390991270542 -0.4273616671562195 0.0005199077422730625 0.999935507774353 0.01134946383535862 -0.8282932043075562 0.002174629596993327 -0.011350568383932114 0.9999332427978516 57.5917854309082
0.9999944567680359 -0.0007212252821773291 -0.00328486948274076 -0.43377310037612915 0.0007610068423673511 0.9999262094497681 0.012125404551625252 -0.8424353003501892 0.0032758808229118586 -0.012127835303544998 0.9999210238456726 58.794822692871094
0.9999901652336121 0.00019819254521280527 -0.004422059748321772 -0.4419298470020294 -0.0001455678720958531 0.9999292492866516 0.011897627264261246 -0.8476637601852417 0.0044241053983569145 -0.011896866373717785 0.9999194145202637 59.99248123168945
0.9999884963035583 0.000590626266784966 -0.004755965434014797 -0.45715057849884033 -0.0005350838182494044 0.9999318718910217 0.011671274900436401 -0.8559535145759583 0.004762532655149698 -0.011668596416711807 0.9999205470085144 61.20219421386719
0.9999884963035583 -0.0004020424676127732 -0.004768311977386475 -0.4669650197029114 0.0004533623286988586 0.9999420046806335 0.010766408406198025 -0.8589568734169006 0.004763706121593714 -0.010768448002636433 0.9999306797981262 62.397308349609375
0.999985933303833 -0.0013744604075327516 -0.005124492570757866 -0.47765040397644043 0.00142768700607121 0.9999449253082275 0.010397515259683132 -0.8756143450737 0.005109919235110283 -0.010404685512185097 0.9999328255653381 63.608707427978516
0.9999834895133972 -0.0018754180055111647 -0.005425201263278723 -0.48670053482055664 0.0019377956632524729 0.999931812286377 0.011515424586832523 -0.8812224864959717 0.00540323369204998 -0.01152574922889471 0.9999189376831055 64.81039428710938
0.9999808669090271 -0.00273866462521255 -0.005545333959162235 -0.5021848678588867 0.0028110588900744915 0.9999104142189026 0.013089543208479881 -0.8916915655136108 0.0055089895613491535 -0.013104881159961224 0.9998989105224609 66.01114654541016
0.9999808669090271 -0.0016906970413401723 -0.005946554243564606 -0.5114192962646484 0.0017583834705874324 0.999933660030365 0.011395750567317009 -0.8991292715072632 0.005926892161369324 -0.011405990459024906 0.9999173879623413 67.20987701416016
0.9999837279319763 0.00021637020108755678 -0.005693390499800444 -0.5300240516662598 -0.00015830413030926138 0.9999479651451111 0.010197357274591923 -0.9058045148849487 0.00569530064240098 -0.010196290910243988 0.9999317526817322 68.40938568115234
0.999980628490448 0.002007706556469202 -0.005879531614482403 -0.5414789319038391 -0.0019441823242232203 0.9999399185180664 0.010790124535560608 -0.9172731637954712 0.005900843068957329 -0.010778484866023064 0.9999244809150696 69.60330963134766
0.9999741315841675 0.004253664053976536 -0.005791109520941973 -0.5541000366210938 -0.0041887350380420685 0.9999288320541382 0.011178218759596348 -0.9267996549606323 0.005838244222104549 -0.011153673753142357 0.9999207258224487 70.78862762451172
0.9999707341194153 0.005313425324857235 -0.005503498483449221 -0.5731225609779358 -0.005249513313174248 0.9999192953109741 0.01156294159591198 -0.9353922009468079 0.005564493592828512 -0.011533712968230247 0.9999179840087891 71.99173736572266
0.9999712705612183 0.00581735884770751 -0.004851981531828642 -0.5823012590408325 -0.005756140220910311 0.9999048113822937 0.01253701001405716 -0.942907452583313 0.00492445332929492 -0.012508722022175789 0.9999095797538757 73.1871566772461
0.9999671578407288 0.007650321815162897 -0.0026713493280112743 -0.5940990447998047 -0.007614023983478546 0.9998819231987 0.013343502767384052 -0.9492607116699219 0.002773116109892726 -0.013322724029421806 0.999907374382019 74.3834457397461
0.9999796748161316 0.006379236001521349 8.289214019896463e-05 -0.5971401929855347 -0.006379762664437294 0.9999191761016846 0.010990516282618046 -0.9583465456962585 -1.2774347851518542e-05 -0.010990823619067669 0.9999396204948425 75.55650329589844
0.9999905228614807 0.0036109606735408306 0.002453333931043744 -0.5968140363693237 -0.0036254883743822575 0.9999757409095764 0.005942995660007 -0.967922031879425 -0.002431814791634679 -0.0059518334455788136 0.9999793171882629 76.73075103759766
0.9999719262123108 0.005175575148314238 0.005420676898211241 -0.5980268120765686 -0.00520428316667676 0.999972403049469 0.005295298993587494 -0.9763314127922058 -0.005393121391534805 -0.005323360674083233 0.9999712109565735 77.91356658935547
0.9999615550041199 0.0038126101717352867 0.007896357215940952 -0.5905344486236572 -0.0038845606613904238 0.9999508857727051 0.009116734378039837 -0.9915842413902283 -0.007861210033297539 -0.009147058241069317 0.9999272227287292 79.09647369384766
0.9999265670776367 0.003920895047485828 0.011463097296655178 -0.5841380953788757 -0.0040395259857177734 0.9999382495880127 0.01034416351467371 -1.002784252166748 -0.011421830393373966 -0.010389710776507854 0.9998807907104492 80.2687759399414
0.9998691082000732 0.004157024901360273 0.01563350297510624 -0.5728812217712402 -0.004290435928851366 0.9999544620513916 0.008509816601872444 -1.0119621753692627 -0.015597417950630188 -0.00857577659189701 0.999841570854187 81.43693542480469
0.9998148083686829 0.0027934815734624863 0.019036905840039253 -0.5540275573730469 -0.002900974592193961 0.999980092048645 0.005621312186121941 -1.0260202884674072 -0.019020820036530495 -0.005675497464835644 0.9998030066490173 82.60257720947266
0.999748706817627 0.0014710623072460294 0.022367505356669426 -0.5312371253967285 -0.0015210160054266453 0.9999963045120239 0.0022164632100611925 -1.040902853012085 -0.022364163771271706 -0.002249927492812276 0.9997473359107971 83.76354217529297
0.9996602535247803 0.0014222960453480482 0.02602386847138405 -0.5066516399383545 -0.0014555385569110513 0.9999980926513672 0.0012584938667714596 -1.0574966669082642 -0.026022030040621758 -0.0012959449086338282 0.9996604919433594 84.91638946533203
0.9995658993721008 0.0006082082400098443 0.02945513091981411 -0.47550392150878906 -0.0006969862151890993 0.999995231628418 0.0030038284603506327 -1.0774633884429932 -0.029453162103891373 -0.0030230542179197073 0.9995615482330322 86.0843276977539
0.9994435906410217 0.0017743881326168776 0.033306483179330826 -0.45035624504089355 -0.001896810601465404 0.9999914765357971 0.003644397482275963 -1.0990052223205566 -0.03329973667860031 -0.0037055460270494223 0.9994385838508606 87.24761199951172
0.9993070960044861 0.0010754421819001436 0.03720390424132347 -0.40991830825805664 -0.0011216184357181191 0.9999986290931702 0.0012203160440549254 -1.1137566566467285 -0.03720253333449364 -0.0012611991260200739 0.9993069767951965 88.3952407836914
0.9991771578788757 0.0009822833817452192 0.040546856820583344 -0.3693671226501465 -0.0009456077823415399 0.9999991059303284 -0.0009236909681931138 -1.133667230606079 -0.040547728538513184 0.0008845897391438484 0.9991772770881653 89.54366302490234
0.9990508556365967 0.001085057039745152 0.04354415833950043 -0.3218505382537842 -0.0010285397293046117 0.9999985694885254 -0.0013203178532421589 -1.1530404090881348 -0.043545521795749664 0.001274277688935399 0.9990505576133728 90.70152282714844
0.9989239573478699 -0.000303704320685938 0.046376682817935944 -0.26987791061401367 0.0003128008102066815 0.9999999403953552 -0.00018888672639150172 -1.1723748445510864 -0.046376634389162064 0.00020319028408266604 0.9989239573478699 91.8590316772461
0.9987940788269043 -0.0008425809792242944 0.04908764734864235 -0.21923542022705078 0.0007843913626857102 0.999998927116394 0.0012046737829223275 -1.1891416311264038 -0.04908861964941025 -0.0011647172505035996 0.9987937211990356 93.01697540283203
0.9986462593078613 -0.0016929999692365527 0.051988035440444946 -0.1667923927307129 0.0015330687165260315 0.9999939799308777 0.0031160281505435705 -1.208827018737793 -0.0519929975271225 -0.0030321083031594753 0.9986428618431091 94.1842041015625
0.9985128045082092 -0.0030963311437517405 0.05442993715405464 -0.10667181015014648 0.0028739331755787134 0.9999871850013733 0.004163749050348997 -1.224073052406311 -0.0544421449303627 -0.004001128487288952 0.998508870601654 95.33898162841797
0.9983822703361511 -0.004031382501125336 0.05671543627977371 -0.043416500091552734 0.00394152756780386 0.9999908208847046 0.001696084626019001 -1.2390403747558594 -0.05672174692153931 -0.0014697953592985868 0.9983888864517212 96.49748992919922
0.9982461333274841 -0.0055089606903493404 0.05894291028380394 0.021622657775878906 0.005623008590191603 0.9999825954437256 -0.0017691856482997537 -1.2584892511367798 -0.058932140469551086 0.002097519114613533 0.9982597827911377 97.65196228027344
0.9981237649917603 -0.004617741797119379 0.061053816229104996 0.08416891098022461 0.004901172127574682 0.9999778866767883 -0.004493359476327896 -1.2792840003967285 -0.06103172153234482 0.004784163553267717 0.998124361038208 98.8143081665039
0.9980155229568481 -0.004707485903054476 0.06279147416353226 0.1532597541809082 0.005059488583356142 0.9999723434448242 -0.005448083393275738 -1.300013542175293 -0.06276408582925797 0.005754963960498571 0.9980118274688721 99.9867935180664
0.9980226755142212 -0.004643777385354042 0.06268347054719925 0.23040294647216797 0.004953616764396429 0.9999762177467346 -0.004788420628756285 -1.3228273391723633 -0.06265975534915924 0.005089461337774992 0.9980219602584839 101.15621185302734
0.9980447292327881 -0.004578023217618465 0.06233600527048111 0.29344701766967773 0.004775563254952431 0.9999840259552002 -0.003020316129550338 -1.3453465700149536 -0.06232117861509323 0.0033120999578386545 0.9980505704879761 102.35070037841797
0.9981198906898499 -0.004713165108114481 0.06110990047454834 0.35814809799194336 0.004813462030142546 0.9999873042106628 -0.0014941291883587837 -1.3649173974990845 -0.06110207363963127 0.0017854705220088363 0.9981299042701721 103.54632568359375
0.9982404708862305 -0.004816765431314707 0.05909857526421547 0.41878175735473633 0.004868157207965851 0.9999878406524658 -0.0007256472599692643 -1.38557767868042 -0.05909436196088791 0.0010120716178789735 0.9982518553733826 104.72305297851562
0.9984017014503479 -0.004590387921780348 0.05632907152175903 0.484133243560791 0.004612434655427933 0.9999893307685852 -0.0002613923861645162 -1.4018003940582275 -0.056327272206544876 0.0005207887152209878 0.9984121918678284 105.92445373535156
0.9985568523406982 -0.003970655146986246 0.0535561740398407 0.5383000373840332 0.004000239074230194 0.9999918341636658 -0.00044522323878481984 -1.4218579530715942 -0.05355396494269371 0.0006588182295672596 0.9985647201538086 107.12300109863281
0.9987443089485168 -0.0023373118601739407 0.05004364624619484 0.5835776329040527 0.0023959882091730833 0.9999964833259583 -0.001112553058192134 -1.4340561628341675 -0.05004086717963219 0.001231060130521655 0.9987463355064392 108.32755279541016
0.9989431500434875 -0.0022284395527094603 0.04590720310807228 0.6383905410766602 0.0022534476593136787 0.9999973177909851 -0.0004930067807435989 -1.4558069705963135 -0.04590597748756409 0.0005959352711215615 0.9989455938339233 109.52940368652344
0.9991196393966675 -0.0017781521892175078 0.04191315919160843 0.6891560554504395 0.0017561010317876935 0.9999983310699463 0.0005629223305732012 -1.475117564201355 -0.041914086788892746 -0.0004888231633231044 0.9991211295127869 110.75829315185547
0.9992997646331787 -0.0014568233164027333 0.0373876728117466 0.7283782958984375 0.0014061173424124718 0.9999979734420776 0.0013824800262227654 -1.4965664148330688 -0.037389617413282394 -0.0013289405032992363 0.9992998838424683 111.96328735351562
0.9994526505470276 -0.001097681000828743 0.03306259214878082 0.759554386138916 0.001043786178342998 0.9999980926513672 0.0016472995048388839 -1.5096449851989746 -0.0330643430352211 -0.001611887477338314 0.9994518756866455 113.18172454833984
0.9996092915534973 -0.0008885117131285369 0.027934888377785683 0.7958815097808838 0.0008315861341543496 0.9999974966049194 0.002049349946901202 -1.532543420791626 -0.02793663740158081 -0.002025319030508399 0.9996075630187988 114.39808654785156
0.9997376203536987 -0.00021328803268261254 0.022903013974428177 0.8146219253540039 0.0001700638676993549 0.999998152256012 0.0018891944782808423 -1.548893928527832 -0.022903375327587128 -0.001884803525172174 0.9997358322143555 115.61248016357422
0.999834418296814 0.00038093203329481184 0.018194744363427162 0.825584888458252 -0.0004113630566280335 0.9999985098838806 0.0016687938477844 -1.566689133644104 -0.018194084987044334 -0.001676002168096602 0.9998329877853394 116.84806060791016
0.9999065399169922 0.0014655448030680418 0.01359577663242817 0.834580659866333 -0.0014768065884709358 0.9999985694885254 0.0008183227037079632 -1.5814945697784424 -0.013594559393823147 -0.000838324602227658 0.9999071955680847 118.0694808959961
0.9999424815177917 0.0033915985841304064 0.010173015296459198 0.8359525203704834 -0.0034029146190732718 0.999993622303009 0.001095312531106174 -1.6064026355743408 -0.010169235989451408 -0.001129867509007454 0.9999476075172424 119.31428527832031
0.9999541640281677 0.005224146880209446 0.008022849448025227 0.8345011472702026 -0.005233247764408588 0.9999856948852539 0.0011138255940750241 -1.6232601404190063 -0.008016915991902351 -0.001155760372057557 0.9999672174453735 120.5521240234375
0.9999517798423767 0.0066984579898417 0.00717994524165988 0.8319560885429382 -0.0067024570889770985 0.9999774098396301 0.0005330603453330696 -1.6397563219070435 -0.007176213897764683 -0.0005811578594148159 0.9999740719795227 121.79178619384766
0.9999440312385559 0.008705256506800652 0.005999972578138113 0.8316840529441833 -0.008711637929081917 0.9999614953994751 0.001038090791553259 -1.6589629650115967 -0.005990704521536827 -0.0010903025977313519 0.9999814629554749 123.044921875
0.9999363422393799 0.010031021200120449 0.005168627947568893 0.8245687484741211 -0.0100404042750597 0.9999479055404663 0.001792454975657165 -1.675127387046814 -0.0051503791473805904 -0.001844236277975142 0.9999850392341614 124.28902435302734
0.9999423027038574 0.00977375265210867 0.004442141391336918 0.8223063945770264 -0.009783322922885418 0.9999498128890991 0.0021377603989094496 -1.691114902496338 -0.004421023651957512 -0.002181096002459526 0.9999879002571106 125.53948211669922
0.9998993277549744 0.01365748606622219 0.0038435813039541245 0.8124814033508301 -0.01367337815463543 0.9998979568481445 0.004139350261539221 -1.7075493335723877 -0.0037866560742259026 -0.004191488493233919 0.9999840259552002 126.79076385498047
0.999884843826294 0.014811942353844643 0.003277636133134365 0.8048023581504822 -0.014835304580628872 0.9998639225959778 0.007221617735922337 -1.719223976135254 -0.003170223906636238 -0.007269411347806454 0.9999685287475586 128.04673767089844
0.9999047517776489 0.013612604700028896 0.0022577219642698765 0.8070871829986572 -0.013627356849610806 0.9998850226402283 0.006653165910393 -1.7302918434143066 -0.002166895428672433 -0.006683298386633396 0.999975323677063 129.296875
0.999911367893219 0.013119260780513287 0.002219913760200143 0.7989804744720459 -0.013130875304341316 0.9998997449874878 0.0053014736622571945 -1.7414681911468506 -0.002150138607248664 -0.005330153740942478 0.9999834895133972 130.55714416503906
0.9999419450759888 0.010590797290205956 0.001955269603058696 0.7950280904769897 -0.010603354312479496 0.9999224543571472 0.006527793128043413 -1.75325608253479 -0.0018859823467209935 -0.006548147648572922 0.9999768137931824 131.80836486816406
0.9999648332595825 0.00835147313773632 0.0007454643491655588 0.7954322695732117 -0.008357414975762367 0.9999301433563232 0.008357997052371502 -1.765082597732544 -0.0006756106158718467 -0.008363933302462101 0.9999647736549377 133.07879638671875
0.9999879002571106 0.004890448413789272 0.0004348584625404328 0.7893970608711243 -0.004894549492746592 0.9999381303787231 0.009989777579903603 -1.7718572616577148 -0.00038597610546275973 -0.009991786442697048 0.9999499320983887 134.34454345703125
0.9999960064888 0.0028025940991938114 -0.0003651620354503393 0.791488766670227 -0.002798339817672968 0.999933660030365 0.011172356083989143 -1.781326413154602 0.0003964501665905118 -0.011171290650963783 0.9999374747276306 135.6101837158203
0.9999991655349731 -0.0012777019292116165 0.0002094193041557446 0.7863714694976807 0.0012757221702486277 0.9999570250511169 0.009196121245622635 -1.7866499423980713 -0.00022116204490885139 -0.009195847436785698 0.9999576807022095 136.88230895996094
0.9999934434890747 -0.0036202245391905308 0.00010909260890912265 0.7855075597763062 0.003619170282036066 0.9999575614929199 0.00847296230494976 -1.7984768152236938 -0.00013976151240058243 -0.008472511544823647 0.9999641180038452 138.1553955078125
0.9999863505363464 -0.005217067897319794 0.00040820089634507895 0.781747579574585 0.005213497206568718 0.9999518990516663 0.008307226933538914 -1.8102245330810547 -0.00045152066741138697 -0.00830498430877924 0.9999653697013855 139.42086791992188
0.9999849796295166 -0.005326278507709503 0.001233089016750455 0.7749265432357788 0.005315972957760096 0.9999521374702454 0.008215198293328285 -1.8137171268463135 -0.0012767872540280223 -0.008208521641790867 0.9999654293060303 140.7255401611328
0.9999874830245972 -0.004763729404658079 0.0015002735890448093 0.7718473076820374 0.004748006351292133 0.9999355673789978 0.010314960032701492 -1.8240705728530884 -0.0015493144746869802 -0.010307707823812962 0.9999456405639648 141.99916076660156
0.9999932646751404 -0.002709996420890093 0.0024670506827533245 0.7655143737792969 0.002680971520021558 0.9999279975891113 0.011693020351231098 -1.8340784311294556 -0.0024985612835735083 -0.011686326004564762 0.9999285340309143 143.29483032226562
0.9999916553497314 -0.0027261683717370033 0.0030351236928254366 0.7632918357849121 0.002695956965908408 0.9999471306800842 0.009913986548781395 -1.8406567573547363 -0.003061990486457944 -0.009905721992254257 0.9999462366104126 144.57212829589844
0.9999901652336121 -0.002566030714660883 0.003601914504542947 0.7589260935783386 0.0025357981212437153 0.9999616742134094 0.008372816257178783 -1.8573917150497437 -0.003623261349275708 -0.008363603614270687 0.9999584555625916 145.8532257080078
0.9999890327453613 -0.0024542920291423798 0.003977874293923378 0.7602799534797668 0.002431618981063366 0.9999807476997375 0.005694549065083265 -1.8664480447769165 -0.003991774283349514 -0.005684815347194672 0.999975860118866 147.12574768066406
0.9999829530715942 -0.0036255379673093557 0.004586863797158003 0.7575400471687317 0.0036183223128318787 0.9999921917915344 0.0015803962014615536 -1.8837027549743652 -0.004592557903379202 -0.001563773024827242 0.9999882578849792 148.39035034179688
0.9999809861183167 -0.0033236497547477484 0.0051774694584310055 0.756768524646759 0.003331790678203106 0.9999932050704956 -0.0015644712839275599 -1.911843180656433 -0.0051722340285778046 0.0015816919039934874 0.99998539686203 149.6742401123047
0.9999787211418152 -0.004021410830318928 0.005118395201861858 0.7610496282577515 0.004034432582557201 0.9999886155128479 -0.002536309650167823 -1.9335501194000244 -0.005108137149363756 0.002556905848905444 0.9999837279319763 150.94754028320312
0.9999780654907227 -0.004000438842922449 0.005266325082629919 0.7618508338928223 0.004012629389762878 0.9999892711639404 -0.0023063530679792166 -1.9595545530319214 -0.005257041659206152 0.0023274344857782125 0.9999834895133972 152.21481323242188
0.9999828338623047 -0.0032289717346429825 0.004890789743512869 0.7639328241348267 0.0032374358270317316 0.9999932050704956 -0.0017235955456271768 -1.9848971366882324 -0.004885191563516855 0.0017393995076417923 0.9999865889549255 153.47715759277344
0.9999836087226868 -0.0024826982989907265 0.005145013798028231 0.7569934725761414 0.002486256416887045 0.9999966621398926 -0.0006852585356682539 -2.0084683895111084 -0.005143295042216778 0.0006980391917750239 0.9999865293502808 154.74972534179688
0.9999861717224121 -0.0019611911848187447 0.004884191323071718 0.753187358379364 0.001962098991498351 0.9999980330467224 -0.00018109852680936456 -2.02976131439209 -0.004883826710283756 0.00019067928951699287 0.9999880790710449 156.01205444335938
0.9999892115592957 -0.0017099430551752448 0.004323725122958422 0.7508172392845154 0.0017116216477006674 0.9999983906745911 -0.0003845698665827513 -2.0530197620391846 -0.004323061555624008 0.00039196634315885603 0.9999905824661255 157.26959228515625
0.9999918937683105 -0.0015352109912782907 0.0037228756118565798 0.749754786491394 0.0015365553554147482 0.9999986886978149 -0.00035819842014461756 -2.073674440383911 -0.0037223210092633963 0.000363916129572317 0.9999930262565613 158.55862426757812
0.9999935626983643 -0.002129124477505684 0.002889093477278948 0.7501235008239746 0.002127444138750434 0.999997615814209 0.0005845907726325095 -2.091583251953125 -0.002890330972149968 -0.0005784406675957143 0.9999956488609314 159.82936096191406
0.9999963045120239 -0.0006005598115734756 0.0026536090299487114 0.7422235012054443 0.0005977633991278708 0.9999994039535522 0.0010545544791966677 -2.11423659324646 -0.002654239535331726 -0.0010529649443924427 0.9999959468841553 161.10494995117188
0.9999985098838806 -0.0007329438230954111 0.001553061418235302 0.7448021173477173 0.000732975488062948 0.9999998211860657 -1.9790721125900745e-05 -2.1348299980163574 -0.0015530451200902462 2.092914655804634e-05 0.9999988675117493 162.37258911132812
0.9999991655349731 3.739461681107059e-05 0.0012785244034603238 0.733298659324646 -3.591812128433958e-05 0.9999993443489075 -0.0011548997135832906 -2.1572484970092773 -0.001278566662222147 0.0011548529146239161 0.9999985098838806 163.6341094970703
0.9999994039535522 0.0009637296316213906 0.000504073454067111 0.7282290458679199 -0.0009632074506953359 0.9999989867210388 -0.0010353107936680317 -2.1802313327789307 -0.0005050711333751678 0.001034824876114726 0.9999993443489075 164.89437866210938
0.9999997615814209 0.0006178938783705235 3.438640487729572e-05 0.7145745754241943 -0.0006178265903145075 0.9999979734420776 -0.0019178726943209767 -2.2068769931793213 -3.5573237255448475e-05 0.0019178511574864388 0.9999980926513672 166.17428588867188
0.9999991655349731 0.0009052689420059323 -0.0009793085046112537 0.7110713720321655 -0.0009085336932912469 0.9999940395355225 -0.003338425885885954 -2.226986885070801 0.0009762801928445697 0.003339312504976988 0.9999939203262329 167.43923950195312
0.9999984502792358 0.0010217473609372973 -0.001446705893613398 0.7014988660812378 -0.0010258682304993272 0.9999953508377075 -0.0028503388166427612 -2.253493309020996 0.0014437868958339095 0.002851818222552538 0.9999948740005493 168.71612548828125
0.9999960064888 0.0013387250946834683 -0.002519971691071987 0.6962113380432129 -0.0013424730859696865 0.9999979734420776 -0.0014861765084788203 -2.2776031494140625 0.002517975401133299 0.0014895533677190542 0.9999956488609314 169.99342346191406
0.9999955296516418 0.0012147310189902782 -0.002726007020100951 0.6850379109382629 -0.0012172935530543327 0.9999988079071045 -0.0009385590674355626 -2.3039674758911133 0.0027248638216406107 0.0009418731206096709 0.9999958276748657 171.25428771972656
0.9999927282333374 0.0017983566503971815 -0.003372510662302375 0.6720263361930847 -0.001800699159502983 0.999998152256012 -0.0006915773265063763 -2.3242592811584473 0.0033712610602378845 0.0006976451259106398 0.9999940395355225 172.5248565673828
0.9999902844429016 0.002021202351897955 -0.003937802277505398 0.6556416749954224 -0.0020231101661920547 0.9999977946281433 -0.00048051963676698506 -2.348240375518799 0.003936823457479477 0.0004884813679382205 0.9999921321868896 173.81942749023438
0.9999871253967285 0.0025218194350600243 -0.004397084005177021 0.6431270241737366 -0.0025273836217820644 0.9999959468841553 -0.0012602879432961345 -2.372023105621338 0.004393888171762228 0.0012713847681879997 0.9999895095825195 175.06138610839844
0.999983549118042 0.0034128848928958178 -0.004621857777237892 0.6226589679718018 -0.003422581357881427 0.9999918937683105 -0.0020916603971272707 -2.3909335136413574 0.0046146828681230545 0.0021074446849524975 0.9999871253967285 176.3300018310547
0.9999802112579346 0.0034485270734876394 -0.005268857814371586 0.6055922508239746 -0.0034583937376737595 0.999992311000824 -0.0018646842800080776 -2.409254550933838 0.00526238651946187 0.0018828690517693758 0.9999843835830688 177.59130859375
0.9999803900718689 0.003631166648119688 -0.005099298898130655 0.5848973989486694 -0.00364565453492105 0.9999892711639404 -0.0028347945772111416 -2.435637950897217 0.005088950973004103 0.002853329060599208 0.9999829530715942 178.83477783203125
0.9999838471412659 0.00244642305187881 -0.00512218801304698 0.5707799196243286 -0.0024695461615920067 0.9999867081642151 -0.004512846004217863 -2.4584527015686035 0.005111081060022116 0.0045254225842654705 0.9999766945838928 180.09901428222656
0.9999855756759644 -0.0007653728243894875 -0.005312933120876551 0.5592849850654602 0.0007418639142997563 0.999989926815033 -0.004425358027219772 -2.4849045276641846 0.0053162663243710995 0.004421353340148926 0.9999760389328003 181.36732482910156
0.9999836087226868 -0.00030425915610976517 -0.005702222231775522 0.548607587814331 0.0003001896839123219 0.9999997019767761 -0.0007145117851905525 -2.506571054458618 0.005702437367290258 0.0007127884891815484 0.9999834895133972 182.63905334472656
0.9999827742576599 -0.0010526838013902307 -0.005760087165981531 0.5359102487564087 0.0010740943253040314 0.9999925494194031 0.0037152187433093786 -2.530719518661499 0.005756134632974863 -0.003721341723576188 0.9999765157699585 183.90560913085938
0.9999837279319763 -0.0002625068591441959 -0.005701007321476936 0.5226651430130005 0.0002784570096991956 0.9999960064888 0.002797207795083523 -2.544222593307495 0.005700252018868923 -0.002798749366775155 0.9999798536300659 185.1675262451172
0.9999852180480957 0.0013811492826789618 -0.005260496865957975 0.502829372882843 -0.0013829671079292893 0.9999989867210388 -0.00034189014695584774 -2.563403844833374 0.005260018166154623 0.00034916005097329617 0.9999861121177673 186.41326904296875
0.9999821186065674 0.0013748370110988617 -0.00581024494022131 0.4914281368255615 -0.001388436765410006 0.9999962449073792 -0.0023373074363917112 -2.5862276554107666 0.0058070081286132336 0.0023453328758478165 0.9999803304672241 187.6658935546875
0.9999808073043823 0.0014359730994328856 -0.00602812971919775 0.47776544094085693 -0.0014483981067314744 0.9999968409538269 -0.002057303674519062 -2.6107804775238037 0.0060251555405557156 0.0020659950096160173 0.9999796748161316 188.9163818359375
0.999983012676239 0.0011401931988075376 -0.00571837555617094 0.4627312421798706 -0.0011446456192061305 0.9999990463256836 -0.0007753961835987866 -2.6359784603118896 0.005717485677450895 0.0007819285383448005 0.9999833703041077 190.1689453125
0.9999832510948181 0.0012519867159426212 -0.0056459647603333 0.4495316743850708 -0.0012441742001101375 0.9999982714653015 0.0013870283728465438 -2.6594958305358887 0.005647690501064062 -0.0013799810549244285 0.9999831318855286 191.41746520996094
0.9999886751174927 0.0006511479150503874 -0.004714415408670902 0.4374576210975647 -0.0006412899238057435 0.9999977350234985 0.0020922496914863586 -2.6812944412231445 0.00471576489508152 -0.002089202869683504 0.9999867081642151 192.66163635253906
0.999994158744812 0.0007227181340567768 -0.003336818888783455 0.4291608929634094 -0.0007182118715718389 0.9999988079071045 0.0013515155296772718 -2.7007243633270264 0.003337790723890066 -0.0013491110876202583 0.9999935626983643 193.9047088623047
0.9999976754188538 -0.00046552467392757535 -0.002109852386638522 0.4240398705005646 0.0004647843597922474 0.9999998807907104 -0.00035145413130521774 -2.719447374343872 0.0021100162994116545 0.0003504727501422167 0.9999977350234985 195.128173828125
0.999999463558197 -0.000754646142013371 -0.0007088579004630446 0.4125889539718628 0.0007536277989856899 0.9999986290931702 -0.0014354006852954626 -2.748995065689087 0.0007099383510649204 0.001434865640476346 0.9999987483024597 196.3671417236328
