1.0 4.081490260432474e-06 1.1389667633920908e-05 2.3281845642486587e-05 -4.081498900632141e-06 1.0 7.298246487152937e-07 1.8970175688082236e-06 -1.1389664905436803e-05 -7.298711466319219e-07 1.0 4.66676823407397e-07
0.9999790191650391 0.0004154576454311609 -0.0064641633071005344 -0.008122727274894714 -0.00041290625813417137 0.9999998211860657 0.0003960314206779003 -0.0018970727687701583 0.0064643267542123795 -0.0003933540137950331 0.9999790191650391 0.09158637374639511
0.9999076128005981 0.0009389528422616422 -0.013560994528234005 -0.016455430537462234 -0.0009367287857457995 0.9999995231628418 0.00017035703058354557 -0.0019303045701235533 0.013561148196458817 -0.00015763830742798746 0.9999080300331116 0.18835856020450592
0.9997726082801819 0.0013853355776518583 -0.0212789885699749 -0.025968387722969055 -0.0013977091293781996 0.9999988675117493 -0.000566620787139982 -0.0020098136737942696 0.021278178319334984 0.0005962337600067258 0.999773383140564 0.2853444814682007
0.9995421171188354 0.0017217842396348715 -0.030209656804800034 -0.042947862297296524 -0.0017821387154981494 0.9999964833259583 -0.001971042715013027 -0.001958735752850771 0.030206158757209778 0.0020239779260009527 0.9995416402816772 0.39055055379867554
0.9991258382797241 0.0019313159864395857 -0.04175880551338196 -0.058803312480449677 -0.002076013246551156 0.9999920129776001 -0.0034219834487885237 -0.005017358344048262 0.04175186529755592 0.003505683969706297 0.9991218447685242 0.5008763670921326
0.9984800815582275 0.0017466519493609667 -0.05508705973625183 -0.0841664969921112 -0.0019725149031728506 0.9999898672103882 -0.00404600752517581 -0.007912017405033112 0.055079441517591476 0.004148517735302448 0.9984734058380127 0.6257423162460327
0.9974284172058105 0.001827335567213595 -0.07164667546749115 -0.10833816230297089 -0.002150848740711808 0.9999878406524658 -0.004438507370650768 -0.003992691170424223 0.07163769006729126 0.004581194370985031 0.9974201917648315 0.7611531615257263
0.9959053993225098 0.00025067475507967174 -0.090401291847229 -0.1344110071659088 -0.0006319797830656171 0.9999909996986389 -0.004189316648989916 -0.008880148641765118 0.09039943665266037 0.004229295067489147 0.995896577835083 0.9167858362197876
0.993915319442749 -0.0007247271132655442 -0.11014435440301895 -0.1762576848268509 0.0002450055326335132 0.9999904036521912 -0.0043688612058758736 -0.012478118762373924 0.11014647036790848 0.004315292462706566 0.9939060211181641 1.075142502784729
0.9912763833999634 -0.0007606524741277099 -0.13179811835289001 -0.22378231585025787 0.00013873439456801862 0.9999887943267822 -0.004727837163954973 -0.013093721121549606 0.13180027902126312 0.004668307024985552 0.9912652969360352 1.2274832725524902
0.9877797365188599 0.0028813271783292294 -0.15582913160324097 -0.2808537185192108 -0.003863836172968149 0.9999745488166809 -0.0060025048442184925 -0.018961288034915924 0.15580789744853973 0.006531250663101673 0.9877657294273376 1.3967695236206055
0.9834060072898865 0.007244626525789499 -0.18127398192882538 -0.34728991985321045 -0.008718976750969887 0.9999351501464844 -0.007337712217122316 -0.025976937264204025 0.18120907247066498 0.008796473033726215 0.983405351638794 1.5711525678634644
0.9780011177062988 0.010109744034707546 -0.20835474133491516 -0.41882699728012085 -0.01213320717215538 0.9998908042907715 -0.008435836993157864 -0.028928356245160103 0.20824667811393738 0.010778268799185753 0.9780169725418091 1.752453327178955
0.9713373780250549 0.010747205466032028 -0.23746174573898315 -0.49716708064079285 -0.013230878859758377 0.9998732209205627 -0.008867979049682617 -0.028010975569486618 0.23733627796173096 0.011755628511309624 0.9713563919067383 1.9367213249206543
0.9633000493049622 0.012602546252310276 -0.26813066005706787 -0.5877776145935059 -0.015360210090875626 0.999848484992981 -0.008189491927623749 -0.0347469225525856 0.26798680424690247 0.01200748048722744 0.9633477330207825 2.1339597702026367
0.9539137482643127 0.014740888960659504 -0.2997187077999115 -0.6844208240509033 -0.017676660791039467 0.9998185634613037 -0.007085967343300581 -0.0369560644030571 0.2995598316192627 0.012057428248226643 0.9540013074874878 2.317350149154663
0.9426673650741577 0.016557596623897552 -0.33332276344299316 -0.7854183316230774 -0.019713085144758224 0.9997871518135071 -0.006086627021431923 -0.036288782954216 0.3331509828567505 0.012308484874665737 0.9427931308746338 2.507260799407959
0.9301407337188721 0.018632974475622177 -0.36673012375831604 -0.8869639039039612 -0.02213168516755104 0.9997408390045166 -0.0053375414572656155 -0.04194040596485138 0.3665355443954468 0.013081020675599575 0.9303120374679565 2.6847965717315674
0.9162572622299194 0.021456675603985786 -0.4000151753425598 -1.0065522193908691 -0.02550268918275833 0.9996631741523743 -0.00479376083239913 -0.04083005338907242 0.3997775912284851 0.014593780972063541 0.9164959788322449 2.865983724594116
0.900252103805542 0.022341413423419 -0.43479540944099426 -1.1243317127227783 -0.026765532791614532 0.9996334910392761 -0.004053639713674784 -0.043193135410547256 0.43454545736312866 0.015286829322576523 0.9005202054977417 3.0404529571533203
0.8818308711051941 0.017929568886756897 -0.471224844455719 -1.2470786571502686 -0.022726640105247498 0.9997316002845764 -0.004491052590310574 -0.045563019812107086 0.47101783752441406 0.014669705182313919 0.8820016980171204 3.217270612716675
0.8606394529342651 0.013583129271864891 -0.5090336203575134 -1.3788186311721802 -0.018524382263422012 0.9998176693916321 -0.0046404879540205 -0.05240989476442337 0.5088777542114258 0.013423320837318897 0.8607341051101685 3.386756658554077
0.8355734944343567 0.015195496380329132 -0.549168586730957 -1.5396732091903687 -0.01914604939520359 0.9998156428337097 -0.0014662814792245626 -0.05580689758062363 0.5490450263023376 0.011739593930542469 0.8357102870941162 3.5671818256378174
0.806515097618103 0.020818116143345833 -0.5908470153808594 -1.717007040977478 -0.02384517714381218 0.9997121095657349 0.0026751901023089886 -0.06232036277651787 0.5907325744628906 0.01193126942962408 0.8067792654037476 3.729275703430176
0.7740340232849121 0.023944774642586708 -0.6326910853385925 -1.9186028242111206 -0.02717427723109722 0.9996201992034912 0.0045865499414503574 -0.06520025432109833 0.6325606107711792 0.013642778620123863 0.7743906378746033 3.9027795791625977
0.7382205724716187 0.022991392761468887 -0.6741675734519958 -2.132127285003662 -0.02627510018646717 0.9996405839920044 0.00531962001696229 -0.0672684907913208 0.6740476489067078 0.013786766678094864 0.7385592460632324 4.070436954498291
0.6982740163803101 0.01862938329577446 -0.7155880928039551 -2.3502793312072754 -0.020276837050914764 0.9997749328613281 0.006241580471396446 -0.06398148089647293 0.7155433297157288 0.010151530615985394 0.6984946131706238 4.237947940826416
0.6552861332893372 0.014867637306451797 -0.7552344799041748 -2.5875816345214844 -0.014896459877490997 0.9998661279678345 0.006758442614227533 -0.06229405850172043 0.755233883857727 0.006821604445576668 0.6554199457168579 4.402961254119873
0.6113883852958679 0.014619453810155392 -0.7911956310272217 -2.849081516265869 -0.012241140007972717 0.9998844265937805 0.00901632197201252 -0.06416121125221252 0.7912359833717346 0.004172660410404205 0.6114966869354248 4.539120197296143
0.5630010366439819 0.015203099697828293 -0.8263163566589355 -3.1283156871795654 -0.00980003084987402 0.9998832941055298 0.01171935722231865 -0.06099738925695419 0.8263980746269226 0.0014999150298535824 0.5630844235420227 4.68053674697876
0.5118904113769531 0.015672916546463966 -0.8589077591896057 -3.423165798187256 -0.007978691719472408 0.9998770952224731 0.013490128330886364 -0.05569624900817871 0.8590136766433716 -5.2507733926177025e-05 0.5119526982307434 4.8059468269348145
0.4597110152244568 0.01681503653526306 -0.8879092931747437 -3.7289271354675293 -0.007474502082914114 0.9998584985733032 0.015065217390656471 -0.045515939593315125 0.8880370855331421 -0.00028896654839627445 0.45977166295051575 4.903377532958984
0.4050001800060272 0.018991531804203987 -0.9141193628311157 -4.06202507019043 -0.006030584219843149 0.999817967414856 0.018100138753652573 -0.04353831708431244 0.9142966270446777 -0.001817885902710259 0.40504103899002075 5.001446723937988
0.3495589792728424 0.020919470116496086 -0.936680793762207 -4.415691375732422 -0.005882441531866789 0.999779999256134 0.02013344317674637 -0.03607585281133652 0.9368957877159119 -0.0015278552891686559 0.3496052026748657 5.085618019104004
0.2941646873950958 0.02410123124718666 -0.9554508328437805 -4.784353733062744 -0.003358690068125725 0.9997019171714783 0.02418338879942894 -0.03220345079898834 0.9557487964630127 -0.0039048350881785154 0.2941579520702362 5.1593732833862305
0.24050933122634888 0.02582307904958725 -0.9703031778335571 -5.13886833190918 0.0016084725502878428 0.9996340870857239 0.0270023625344038 -0.033485203981399536 0.9706454277038574 -0.008055026642978191 0.24037979543209076 5.217064380645752
0.18958629667758942 0.026192421093583107 -0.9815146327018738 -5.528721332550049 0.0037497063167393208 0.9996175169944763 0.027399791404604912 -0.027564942836761475 0.9818569421768188 -0.008875014260411263 0.1894155740737915 5.252091884613037
0.1418152153491974 0.027300601825118065 -0.9895166754722595 -5.953570365905762 0.0013403263874351978 0.9996134042739868 0.02777126431465149 -0.01996488869190216 0.9898922443389893 -0.005264663603156805 0.14172381162643433 5.276796340942383
0.0994744747877121 0.0275858324021101 -0.9946576356887817 -6.381020545959473 0.00030128611251711845 0.9996147155761719 0.027753442525863647 -0.010832831263542175 0.9950401186943054 -0.003060435177758336 0.09942784905433655 5.279241561889648
0.0616932213306427 0.026176298037171364 -0.9977518320083618 -6.815971851348877 -0.0018807156011462212 0.9996572732925415 0.026109999045729637 -0.0020645558834075928 0.9980934262275696 0.0002656770229805261 0.0617213100194931 5.265966892242432
0.027352197095751762 0.02342359907925129 -0.9993513822555542 -7.275489330291748 -5.432621401268989e-05 0.9997254610061646 0.02343088388442993 0.0024943947792053223 0.9996258616447449 -0.0005865950952284038 0.027345960959792137 5.2612481117248535
-0.0037380456924438477 0.02082974836230278 -0.9997760057449341 -7.750707149505615 0.00030075840186327696 0.9997830390930176 0.020828772336244583 0.006234318017959595 0.9999929666519165 -0.0002228321391157806 -0.003743499517440796 5.231281280517578
-0.03061162680387497 0.018916592001914978 -0.9993522763252258 -8.241609573364258 -0.00011308479588478804 0.9998208284378052 0.018928922712802887 0.014073684811592102 0.9995313882827759 0.000692456669639796 -0.030604002997279167 5.194567680358887
-0.05100535601377487 0.016505558043718338 -0.9985619783401489 -8.749075889587402 -0.001212364062666893 0.9998617172241211 0.01658896915614605 0.024310022592544556 0.9986976385116577 0.002056746743619442 -0.050978291779756546 5.146085739135742
-0.06761710345745087 0.015621772967278957 -0.9975889921188354 -9.266674995422363 -0.00027692332514561713 0.9998770952224731 0.01567637175321579 0.03541460633277893 0.9977113008499146 0.0013362467288970947 -0.06760447472333908 5.104797840118408
-0.08063541352748871 0.015943167731165886 -0.9966160655021667 -9.804521560668945 7.511717558372766e-05 0.9998722076416016 0.01598917692899704 0.04442175477743149 0.9967436194419861 0.0012144310167059302 -0.08062630146741867 5.050261974334717
-0.09020912647247314 0.017429927363991737 -0.995770275592804 -10.361096382141113 -2.112865331582725e-05 0.9998467564582825 0.017503196373581886 0.046059757471084595 0.9959229230880737 0.0015999875031411648 -0.090194933116436 4.9907097816467285
-0.09712166339159012 0.018573062494397163 -0.9950991868972778 -10.934478759765625 -0.0018114604754373431 0.9998210072517395 0.018837986513972282 0.045439183712005615 0.995270848274231 0.0036321599036455154 -0.09707064181566238 4.927041530609131
-0.10155554860830307 0.019623737782239914 -0.9946362376213074 -11.526230812072754 -0.0016230529872700572 0.9998008608818054 0.019891351461410522 0.05105721950531006 0.9948285222053528 0.003634424414485693 -0.10150346904993057 4.858978748321533
-0.10294991731643677 0.02028229646384716 -0.9944797158241272 -12.134166717529297 0.0005425452254712582 0.9997931122779846 0.02033449523150921 0.06376953423023224 0.9946864247322083 0.0015538842417299747 -0.10293962061405182 4.793295860290527
-0.10217280685901642 0.02243773080408573 -0.9945135116577148 -12.749412536621094 0.0023273322731256485 0.9997482299804688 0.02231672964990139 0.0706690102815628 0.994763970375061 -3.440104774199426e-05 -0.10219930112361908 4.73504638671875
-0.10048697143793106 0.02482457458972931 -0.9946286082267761 -13.404563903808594 0.0016583424294367433 0.9996914863586426 0.02478339709341526 0.08025594055652618 0.994937002658844 0.0008409734000451863 -0.10049713402986526 4.66506290435791
-0.09887650609016418 0.024839678779244423 -0.9947895407676697 -14.05855655670166 -0.0006384337903000414 0.999686598777771 0.02502540871500969 0.08674833178520203 0.9950994849205017 0.0031095321755856276 -0.09882964938879013 4.595541477203369
-0.09713287651538849 0.022456681355834007 -0.995017945766449 -14.723322868347168 -0.00184978311881423 0.9997395873069763 0.022743815556168556 0.09727220237255096 0.995269775390625 0.004049739800393581 -0.09706603735685349 4.526481628417969
-0.09575847536325455 0.022098613902926445 -0.9951592087745667 -15.402417182922363 -0.0027358317747712135 0.9997439384460449 0.02246367186307907 0.10901710391044617 0.9954009056091309 0.004873676225543022 -0.09567350149154663 4.455601692199707
-0.09407566487789154 0.024775831028819084 -0.9952566623687744 -16.098848342895508 -0.0023973979987204075 0.9996818900108337 0.02511259727180004 0.12149173021316528 0.9955621361732483 0.004748511128127575 -0.09398633986711502 4.388271808624268
-0.0923008918762207 0.028322920203208923 -0.9953283667564392 -16.81871223449707 -0.003019039984792471 0.999582827091217 0.028723955154418945 0.1345004439353943 0.9957265853881836 0.005656182765960693 -0.0921768993139267 4.319887161254883
-0.09048507362604141 0.030413348227739334 -0.9954333305358887 -17.54885482788086 -0.0033061194699257612 0.9995189309120178 0.030838700011372566 0.14347565174102783 0.995892345905304 0.006081464234739542 -0.0903409868478775 4.248033046722412
-0.08881445229053497 0.029581306502223015 -0.9956088066101074 -18.287412643432617 -0.005523642525076866 0.9995289444923401 0.030190519988536835 0.1597297191619873 0.9960328340530396 0.008180742152035236 -0.08860921859741211 4.1747660636901855
-0.08686958998441696 0.026750676333904266 -0.9958604574203491 -19.039602279663086 -0.0076103052124381065 0.9995924234390259 0.027514776214957237 0.1698172688484192 0.99619060754776 0.00996900163590908 -0.08663059771060944 4.100826740264893
-0.08520425111055374 0.026140578091144562 -0.996020495891571 -19.815725326538086 -0.008448043838143349 0.9996009469032288 0.026957226917147636 0.18629613518714905 0.9963276982307434 0.01071129646152258 -0.08494939655065536 4.025394439697266
-0.08379459381103516 0.028347548097372055 -0.996079683303833 -20.596172332763672 -0.006136512849479914 0.9995617270469666 0.028962867334485054 0.20269876718521118 0.9964641332626343 0.008539387956261635 -0.08358389884233475 3.9592037200927734
-0.08286013454198837 0.030673036351799965 -0.996088981628418 -21.395198822021484 -0.003990316763520241 0.9995079636573792 0.031110255047678947 0.21297049522399902 0.9965532422065735 0.006552509963512421 -0.08269695937633514 3.8971476554870605
-0.08112417161464691 0.032255981117486954 -0.9961819052696228 -22.187379837036133 -0.003475604811683297 0.9994609951972961 0.03264518827199936 0.23004701733589172 0.9966979622840881 0.006110649090260267 -0.08096833527088165 3.816797971725464
-0.08055465668439865 0.027520397678017616 -0.9963701963424683 -22.9802303314209 -0.0033210483379662037 0.9996058344841003 0.02787826769053936 0.23775959014892578 0.9967446327209473 0.005554717965424061 -0.0804315060377121 3.7589588165283203
-0.08010495454072952 0.020762991160154343 -0.9965701699256897 -23.78887176513672 -0.0020482144318521023 0.9997774362564087 0.02099445089697838 0.24569293856620789 0.9967843294143677 0.0037229491863399744 -0.08004458993673325 3.690183639526367
-0.08049139380455017 0.01620674505829811 -0.9966234564781189 -24.61013412475586 0.0013881700579077005 0.9998686909675598 0.016147401183843613 0.25706443190574646 0.9967543482780457 -8.375599281862378e-05 -0.08050330728292465 3.628788709640503
-0.08109951764345169 0.016808152198791504 -0.9965642690658569 -25.441797256469727 0.0023806411772966385 0.9998582005500793 0.016669975593686104 0.26853156089782715 0.9967032074928284 -0.0010205358266830444 -0.08112803101539612 3.56026291847229
-0.08114249259233475 0.02434401400387287 -0.9964051246643066 -26.293594360351562 0.0013541538501158357 0.9997034668922424 0.024314317852258682 0.2720086872577667 0.9967015981674194 0.000623638741672039 -0.08115139603614807 3.482536792755127
-0.08138703554868698 0.03122144192457199 -0.9961934089660645 -27.123037338256836 -0.00018998720042873174 0.9995088577270508 0.031340859830379486 0.28505223989486694 0.9966825246810913 0.002740004798397422 -0.08134111762046814 3.4160914421081543
-0.08186349272727966 0.03667958080768585 -0.9959683418273926 -27.968141555786133 -0.0021266986150294542 0.9993138909339905 0.03697758540511131 0.2962968945503235 0.996641218662262 0.005145240109413862 -0.08172930777072906 3.3408315181732178
-0.08208516985177994 0.037260182201862335 -0.9959285259246826 -28.809629440307617 -0.003817581804469228 0.9992817640304565 0.03770028427243233 0.304787814617157 0.9966179728507996 0.006896672770380974 -0.0818839818239212 3.261202573776245
-0.0824226513504982 0.03346182033419609 -0.9960355758666992 -29.64399528503418 -0.003841249505057931 0.9994180798530579 0.03389332443475723 0.3224581480026245 0.9965900778770447 0.006619598250836134 -0.08224616199731827 3.1895554065704346
-0.08241359889507294 0.030520550906658173 -0.9961308240890503 -30.480823516845703 -0.0038324666675180197 0.9995139241218567 0.030941279605031013 0.342281699180603 0.9965908527374268 0.006367620546370745 -0.08225657045841217 3.1070120334625244
-0.08271027356386185 0.031912922859191895 -0.9960624575614929 -31.309049606323242 -0.005384190008044243 0.9994581937789917 0.03246880695223808 0.35664552450180054 0.9965590238571167 0.008048493415117264 -0.08249364048242569 3.0344908237457275
-0.08294548094272614 0.03438563272356987 -0.9959605932235718 -32.152557373046875 -0.006322160363197327 0.999366283416748 0.035029731690883636 0.3657592535018921 0.996533989906311 0.009202181361615658 -0.0826755166053772 2.964160919189453
-0.08251284807920456 0.03287148475646973 -0.996047854423523 -32.97777557373047 -0.007257790304720402 0.999409556388855 0.03358366712927818 0.37494200468063354 0.9965635538101196 0.010000189766287804 -0.08222556859254837 2.885136127471924
-0.08236204832792282 0.027740389108657837 -0.996216356754303 -33.80288314819336 -0.007801304571330547 0.9995638132095337 0.028478581458330154 0.38670533895492554 0.9965718984603882 0.01011734176427126 -0.082109734416008 2.8158881664276123
-0.08203437924385071 0.023349810391664505 -0.9963558912277222 -34.63629150390625 -0.009349893778562546 0.9996634721755981 0.02419714629650116 0.40050241351127625 0.9965856075286865 0.011300820857286453 -0.08178846538066864 2.7366089820861816
-0.08143997937440872 0.024383222684264183 -0.9963799715042114 -35.45647430419922 -0.00894466508179903 0.999642550945282 0.025194160640239716 0.4020737111568451 0.9966381192207336 0.010964098386466503 -0.0811927542090416 2.667965888977051
-0.08090046793222427 0.026995819061994553 -0.9963566064834595 -36.28668975830078 -0.0077776010148227215 0.9995855093002319 0.027714822441339493 0.4073445200920105 0.9966918230056763 0.009991406463086605 -0.08065696805715561 2.598491668701172
-0.08037009835243225 0.031841881573200226 -0.9962564706802368 -37.13557815551758 -0.007443781942129135 0.9994425177574158 0.03254423290491104 0.4203408360481262 0.9967373013496399 0.010031497105956078 -0.08008828014135361 2.5200185775756836
-0.07995391637086868 0.037315212190151215 -0.9960998296737671 -37.963687896728516 -0.0070043159648776054 0.9992533326148987 0.037995561957359314 0.4364684820175171 0.996773898601532 0.010014889761805534 -0.07963286340236664 2.4587724208831787
-0.07969488203525543 0.040381480008363724 -0.9960009455680847 -38.81645965576172 -0.007291496265679598 0.9991287589073181 0.04109170660376549 0.45273149013519287 0.9967925548553467 0.01053713820874691 -0.07933100312948227 2.370664596557617
-0.07947398722171783 0.04054723307490349 -0.9960119724273682 -39.64628219604492 -0.006518639158457518 0.9991298913955688 0.04119429737329483 0.4705996513366699 0.9968156218528748 0.009766518138349056 -0.07914052903652191 2.3038408756256104
-0.07917894423007965 0.03592563048005104 -0.9962128400802612 -40.47524642944336 -0.00712239695712924 0.999304473400116 0.036603208631277084 0.4913853406906128 0.9968349933624268 0.009993625804781914 -0.07886800169944763 2.228295087814331
-0.07876603305339813 0.03180167078971863 -0.9963856935501099 -41.29985427856445 -0.007878155447542667 0.9994400143623352 0.03252193704247475 0.5028566122055054 0.9968619346618652 0.010411305353045464 -0.07847139239311218 2.1554477214813232
-0.07868632674217224 0.029348857700824738 -0.9964672923088074 -42.11631774902344 -0.011920670978724957 0.9994673728942871 0.030378539115190506 0.5101931095123291 0.9968281984329224 0.014268933795392513 -0.07829456031322479 2.0825889110565186
-0.07899652421474457 0.027040556073188782 -0.9965080618858337 -42.94193649291992 -0.01499258168041706 0.9994868040084839 0.028309892863035202 0.5295892953872681 0.996762216091156 0.017176611348986626 -0.0785505548119545 2.0017507076263428
-0.07966499030590057 0.025244662538170815 -0.9965019822120667 -43.7542724609375 -0.013203570619225502 0.9995649456977844 0.026377804577350616 0.5331218838691711 0.9967343807220459 0.015258772298693657 -0.07929699122905731 1.9353091716766357
-0.08111804723739624 0.02167876996099949 -0.996468722820282 -44.582340240478516 -0.009797748178243637 0.9996978044509888 0.022546611726284027 0.5392213463783264 0.9966564178466797 0.011592087335884571 -0.08088112622499466 1.875295877456665
-0.08136069029569626 0.020172223448753357 -0.9964805841445923 -45.40474319458008 -0.00546739436686039 0.9997711181640625 0.020685235038399696 0.5487281680107117 0.9966697692871094 0.007131116930395365 -0.08123178035020828 1.7978615760803223
-0.08371550589799881 0.023700594902038574 -0.9962078332901001 -46.2304573059082 -0.005247656721621752 0.9996927380561829 0.02422448806464672 0.5527004599571228 0.9964759945869446 0.007255721837282181 -0.08356540650129318 1.7291817665100098
-0.08562342077493668 0.03044096753001213 -0.9958624243736267 -47.038822174072266 -0.002572315977886319 0.9995229840278625 0.030774028971791267 0.5533164739608765 0.9963242411613464 0.005196652375161648 -0.08550429344177246 1.6611511707305908
-0.08679161965847015 0.034030716866254807 -0.9956450462341309 -47.843692779541016 -0.0007876035524532199 0.9994137287139893 0.03422817960381508 0.5628231763839722 0.9962261915206909 0.0037548926193267107 -0.08671392500400543 1.5842022895812988
-0.08823977410793304 0.03304225951433182 -0.9955511093139648 -48.653892517089844 -0.0006549654644913971 0.9994475841522217 0.033229634165763855 0.5737144947052002 0.996099054813385 0.003584226593375206 -0.08816938102245331 1.5064568519592285
-0.0895058661699295 0.02892128750681877 -0.9955662488937378 -49.4506950378418 -0.004237572196871042 0.99955815076828 0.0294182226061821 0.5845212340354919 0.9959773421287537 0.006851887330412865 -0.08934375643730164 1.4283466339111328
-0.0904151201248169 0.025393156334757805 -0.9955804347991943 -50.236297607421875 -0.009409247897565365 0.9996084570884705 0.026350414380431175 0.5899384021759033 0.9958598017692566 0.01175013743340969 -0.09014079719781876 1.340010643005371
-0.09203177690505981 0.024356257170438766 -0.9954582452774048 -51.025543212890625 -0.013202599249780178 0.9995831251144409 0.025677785277366638 0.5950257778167725 0.9956686496734619 0.015505807474255562 -0.09167184680700302 1.2577252388000488
-0.09291647374629974 0.025258442386984825 -0.9953534007072449 -51.81830978393555 -0.015105211175978184 0.9995273947715759 0.026774432510137558 0.6024363040924072 0.9955593347549438 0.01752281002700329 -0.09249100089073181 1.1779398918151855
-0.09398995339870453 0.026949545368552208 -0.9952083230018616 -52.60566329956055 -0.015076862648129463 0.9994804263114929 0.0284891240298748 0.6085531115531921 0.9954589605331421 0.017682312056422234 -0.09353479743003845 1.099698543548584
-0.09484577178955078 0.026311887428164482 -0.9951441884040833 -53.388301849365234 -0.016822878271341324 0.9994654059410095 0.028029505163431168 0.6156588792800903 0.9953498244285583 0.019399672746658325 -0.09435245394706726 1.0174822807312012
-0.09530138969421387 0.026142198592424393 -0.9951050877571106 -54.16624069213867 -0.017504965886473656 0.999456524848938 0.02793296054005623 0.6234123706817627 0.9952945709228516 0.020081335678696632 -0.0947919711470604 0.9347343444824219
-0.09590025246143341 0.028013985604047775 -0.9949966073036194 -54.94176483154297 -0.015965161845088005 0.9994319677352905 0.029677627608180046 0.6311839818954468 0.9952629208564758 0.01873137801885605 -0.09539853781461716 0.8595423698425293
-0.09604968875646591 0.03071623481810093 -0.994902491569519 -55.711395263671875 -0.015257899649441242 0.9993608593940735 0.03232690691947937 0.6433242559432983 0.9952596426010132 0.01828511618077755 -0.09551963955163956 0.7838053703308105
-0.09648749232292175 0.035189416259527206 -0.9947119355201721 -56.48853302001953 -0.014957260340452194 0.9992107152938843 0.03679941967129707 0.6503500938415527 0.9952217936515808 0.018428849056363106 -0.09588500112295151 0.7050619125366211
-0.09703516960144043 0.037120964378118515 -0.9945884346961975 -57.250587463378906 -0.015247395262122154 0.9991315007209778 0.03877810761332512 0.6644803285598755 0.995164155960083 0.01892772503197193 -0.0963849127292633 0.6289629936218262
-0.09772030264139175 0.037230558693408966 -0.9945173859596252 -58.003761291503906 -0.014849056489765644 0.999134361743927 0.03886245936155319 0.6746535301208496 0.995103120803833 0.01856529526412487 -0.09708287566900253 0.5518050193786621
-0.09810475260019302 0.035502154380083084 -0.99454265832901 -58.7436637878418 -0.014276917092502117 0.9992104768753052 0.03707710653543472 0.6823474168777466 0.9950736165046692 0.017836444079875946 -0.09752042591571808 0.4778919219970703
-0.09808187186717987 0.031693968921899796 -0.994673490524292 -59.47576904296875 -0.013554438017308712 0.9993574023246765 0.03317977860569954 0.6996270418167114 0.9950860738754272 0.016736574470996857 -0.09758925437927246 0.3993673324584961
-0.09782044589519501 0.02875024825334549 -0.994788646697998 -60.20623016357422 -0.014304984360933304 0.9994387626647949 0.03029128536581993 0.7084009647369385 0.995101273059845 0.017193544656038284 -0.09735426306724548 0.32030200958251953
-0.09685725718736649 0.02657870575785637 -0.9949433207511902 -60.91270065307617 -0.01490062940865755 0.9994926452636719 0.028150802478194237 0.7160930037498474 0.9951867461204529 0.01755189150571823 -0.09641207754611969 0.25133752822875977
-0.09431985020637512 0.02569001168012619 -0.9952104091644287 -61.60757064819336 -0.01760776899755001 0.9994676113128662 0.027468658983707428 0.7206538915634155 0.9953862428665161 0.020114272832870483 -0.09381730109453201 0.1757645606994629
-0.08982258290052414 0.026590563356876373 -0.9956026673316956 -62.30113220214844 -0.017646845430135727 0.9994441866874695 0.02828523889183998 0.7261438369750977 0.9958014488220215 0.020109904929995537 -0.0893034040927887 0.10476255416870117
-0.08430173248052597 0.028522904962301254 -0.9960319399833679 -62.957183837890625 -0.01745746284723282 0.9993945956230164 0.03009675070643425 0.7276310920715332 0.9962873458862305 0.019925400614738464 -0.08375275135040283 0.05204486846923828
-0.07720105350017548 0.029945706948637962 -0.9965658187866211 -63.600154876708984 -0.016170140355825424 0.9993797540664673 0.031282924115657806 0.7340093851089478 0.9968844056129456 0.018529685214161873 -0.07666894793510437 0.008379459381103516
-0.0683353990316391 0.03120093047618866 -0.9971743822097778 -64.23804473876953 -0.01746390573680401 0.9993203282356262 0.03246486186981201 0.7391982078552246 0.9975095391273499 0.019633062183856964 -0.06774407625198364 -0.03616905212402344
-0.056318916380405426 0.03288991376757622 -0.997870922088623 -64.86255645751953 -0.019384223967790604 0.9992328882217407 0.03402882441878319 0.747349739074707 0.998224675655365 0.021259421482682228 -0.055638156831264496 -0.07740068435668945
-0.041347529739141464 0.034438665956258774 -0.998551070690155 -65.46653747558594 -0.022757098078727722 0.9991140365600586 0.0354003943502903 0.7541890144348145 0.9988856315612793 0.0241878442466259 -0.040527164936065674 -0.1054391860961914
-0.02304016798734665 0.03554533049464226 -0.9991023540496826 -66.06399536132812 -0.023824919015169144 0.9990643262863159 0.03609339892864227 0.7645542621612549 0.9994505643844604 0.024635134264826775 -0.022171750664711 -0.11253118515014648
-0.0010112971067428589 0.03652438893914223 -0.9993323087692261 -66.62884521484375 -0.024978946894407272 0.9990200400352478 0.0365382544696331 0.7748242616653442 0.9996874928474426 0.024999216198921204 -9.796023368835449e-05 -0.09886930137872696
0.024640312418341637 0.036705948412418365 -0.9990222454071045 -67.14935302734375 -0.0243096761405468 0.9990521669387817 0.03610745817422867 0.7799029350280762 0.9994007349014282 0.0233962032943964 0.025509271770715714 -0.07655048370361328
0.05422911420464516 0.036027684807777405 -0.9978783130645752 -67.67475128173828 -0.022871986031532288 0.9991315007209778 0.034829966723918915 0.7900898456573486 0.9982665777206421 0.020934663712978363 0.05500604212284088 -0.032514333724975586
0.0885772556066513 0.03569197282195091 -0.9954295754432678 -68.17911529541016 -0.021584078669548035 0.9991918802261353 0.033906240016222 0.7999391555786133 0.9958354830741882 0.018482105806469917 0.08927604556083679 0.032825469970703125
0.12574389576911926 0.035828545689582825 -0.9914155006408691 -68.65044403076172 -0.02125498279929161 0.9992154240608215 0.03341459855437279 0.8076387643814087 0.9918349981307983 0.016870839521288872 0.12640677392482758 0.1236886978149414
0.16702821850776672 0.035941947251558304 -0.9852967858314514 -69.100341796875 -0.02095625549554825 0.9992389678955078 0.03289801627397537 0.8047432899475098 0.9857293963432312 0.015153234824538231 0.16765432059764862 0.21539878845214844
0.2120654135942459 0.03699245676398277 -0.9765551686286926 -69.52185821533203 -0.020830905064940453 0.9992273449897766 0.033327724784612656 0.8130496740341187 0.9770334362983704 0.01327486615628004 0.2126721739768982 0.3278312683105469
0.2604161500930786 0.03601530194282532 -0.9648244380950928 -69.94009399414062 -0.01689527928829193 0.999320924282074 0.032742783427238464 0.8023147583007812 0.9653486609458923 0.007774225436151028 0.260847806930542 0.4764881134033203
0.31037312746047974 0.031243037432432175 -0.9501011967658997 -70.34622955322266 -0.009208250790834427 0.9995116591453552 0.029859749600291252 0.7992944717407227 0.9505702257156372 -0.0005188998184166849 0.31050923466682434 0.6522102355957031
0.361687570810318 0.0262138731777668 -0.9319307208061218 -70.70855712890625 -0.00493223499506712 0.9996445775032043 0.02620433084666729 0.8026095032691956 0.932286262512207 -0.004881280940026045 0.3616883456707001 0.8324527740478516
0.4139123558998108 0.021426476538181305 -0.9100645184516907 -71.0918960571289 -2.07297271117568e-05 0.9997232556343079 0.02352796122431755 0.8105444312095642 0.9103167057037354 -0.009719649329781532 0.41379818320274353 1.0503768920898438
0.46520501375198364 0.02073563076555729 -0.8849599957466125 -71.47373962402344 -0.00041484134271740913 0.9997305274009705 0.023206766694784164 0.821952223777771 0.885202944278717 -0.010428786277770996 0.4650883078575134 1.2867889404296875
0.5134004354476929 0.019502511247992516 -0.8579275012016296 -71.84201049804688 0.0013247756287455559 0.9997225403785706 0.023518580943346024 0.8265230655670166 0.8581480979919434 -0.01321101188659668 0.5132320523262024 1.544382095336914
0.5579882860183716 0.01477015484124422 -0.8297172784805298 -72.19320678710938 0.009377894923090935 0.9996654987335205 0.02410214953124523 0.836559534072876 0.829795777797699 -0.021229717880487442 0.5576632022857666 1.8392791748046875
0.6017031669616699 0.008099805563688278 -0.7986786365509033 -72.51305389404297 0.01997058466076851 0.9994834065437317 0.025181572884321213 0.8362873792648315 0.7984700798988342 -0.03110191412270069 0.6012305617332458 2.1459693908691406
0.6450085639953613 0.004283131565898657 -0.7641633749008179 -72.80323791503906 0.020317470654845238 0.9995346665382385 0.022751791402697563 0.8269460201263428 0.7639052271842957 -0.03020097315311432 0.6446213722229004 2.4293785095214844
0.6861663460731506 -0.0005681742914021015 -0.7274444103240967 -73.10608673095703 0.017636459320783615 0.9997187256813049 0.015854865312576294 0.8305941224098206 0.7272307276725769 -0.02370862103998661 0.685983419418335 2.751575469970703
0.7268968224525452 -0.007257486693561077 -0.6867084503173828 -73.38954162597656 0.014069446362555027 0.9998918175697327 0.004325460642576218 0.8345733284950256 0.6866026520729065 -0.012805772945284843 0.7269201278686523 3.0896835327148438
0.7659040689468384 -0.010436255484819412 -0.6428701877593994 -73.65910339355469 0.009839621372520924 0.9999414682388306 -0.004510147497057915 0.8432464599609375 0.6428795456886292 -0.0028712600469589233 0.7659618854522705 3.456951141357422
0.8028278350830078 -0.009823073633015156 -0.5961298942565918 -73.89334106445312 0.007213246077299118 0.9999511241912842 -0.006762951612472534 0.8300786018371582 0.5961670875549316 0.001129454467445612 0.8028595447540283 3.8259963989257812
0.8366538882255554 -0.011198013089597225 -0.5476173758506775 -74.12625885009766 0.007799436338245869 0.9999331831932068 -0.008531201630830765 0.8256182670593262 0.5476762652397156 0.00286655779927969 0.8366853594779968 4.2518157958984375
0.8669597506523132 -0.009850472211837769 -0.4982808530330658 -74.3464126586914 0.0051083071157336235 0.999927818775177 -0.01087953895330429 0.8211190700531006 0.49835193157196045 0.006886749528348446 0.8669475317001343 4.697416305541992
0.8925303816795349 -0.008475844748318195 -0.4509073793888092 -74.54560852050781 0.004608596209436655 0.9999425411224365 -0.00967392884194851 0.8070646524429321 0.45096343755722046 0.006556226406246424 0.8925183415412903 5.172641754150391
0.9141000509262085 -0.00202049664221704 -0.405483603477478 -74.76712036132812 -0.0017219593282788992 0.9999591708183289 -0.008864615112543106 0.7998722791671753 0.40548500418663025 0.008801371790468693 0.9140592813491821 5.666269302368164
0.9314355850219727 0.0020551830530166626 -0.36390048265457153 -74.94943237304688 -0.006384064443409443 0.9999224543571472 -0.010693363845348358 0.7943363189697266 0.36385032534599304 0.012283344753086567 0.9313764572143555 6.181922912597656
0.9448727369308472 0.007278547156602144 -0.32735675573349 -75.12791442871094 -0.01085417065769434 0.999899685382843 -0.009097088128328323 0.7835679650306702 0.3272576928138733 0.012148776091635227 0.9448570013046265 6.722925186157227
0.9547983407974243 0.007803373970091343 -0.2971518039703369 -75.28390502929688 -0.010461829602718353 0.9999182224273682 -0.00735718198120594 0.7746549248695374 0.29707014560699463 0.010133377276360989 0.9548019170761108 7.272829055786133
0.9620723724365234 0.007317717652767897 -0.27269598841667175 -75.44244384765625 -0.009301037527620792 0.9999388456344604 -0.005981026217341423 0.7654708623886108 0.2726356089115143 0.008290537633001804 0.9620816111564636 7.848512649536133
0.9678491950035095 0.007600248325616121 -0.25141632556915283 -75.58677673339844 -0.008891765028238297 0.9999524354934692 -0.0040013352409005165 0.7592263221740723 0.2513740360736847 0.006108224391937256 0.967870831489563 8.44505500793457
0.9723982214927673 0.009736714884638786 -0.23312415182590485 -75.7273941040039 -0.01033693552017212 0.9999456405639648 -0.0013530580326914787 0.7509467601776123 0.2330983579158783 0.003725502174347639 0.9724460244178772 9.060731887817383
0.9759004712104797 0.014926506206393242 -0.21770507097244263 -75.87088012695312 -0.015316574834287167 0.999882698059082 -0.00010424666106700897 0.7447991371154785 0.2176780104637146 0.0034362291917204857 0.9760146737098694 9.69613265991211
0.9786525964736938 0.018470725044608116 -0.2046893984079361 -76.01539611816406 -0.018585847690701485 0.9998263716697693 0.0013602355029433966 0.7362541556358337 0.2046789973974228 0.0024731282610446215 0.9788260459899902 10.344898223876953
0.9813399314880371 0.01706363633275032 -0.1915222406387329 -76.14115905761719 -0.017154669389128685 0.999852180480957 0.001182912033982575 0.7284504771232605 0.19151410460472107 0.0021246622782200575 0.9814875721931458 11.009185791015625
0.9839102029800415 0.017341623082756996 -0.17782020568847656 -76.2590560913086 -0.017462635412812233 0.9998471140861511 0.0008846614509820938 0.7194609642028809 0.17780837416648865 0.0022347818594425917 0.984062671661377 11.686335563659668
0.9864137768745422 0.01759575679898262 -0.16333474218845367 -76.3695297241211 -0.01758536323904991 0.9998442530632019 0.0015096123097464442 0.713698148727417 0.1633358597755432 0.0013831983087584376 0.9865695834159851 12.388062477111816
0.988628089427948 0.019238416105508804 -0.1491456925868988 -76.48094177246094 -0.019171584397554398 0.9998144507408142 0.0018859434640035033 0.7075411677360535 0.14915430545806885 0.0009948625229299068 0.9888135194778442 13.104705810546875
0.9905014634132385 0.019196221604943275 -0.13615503907203674 -76.58334350585938 -0.01949617825448513 0.9998096823692322 -0.0008698325837031007 0.6943954229354858 0.13611240684986115 0.003516074502840638 0.9906870722770691 13.817445755004883
0.9919489026069641 0.019528383389115334 -0.1251232922077179 -76.67096710205078 -0.020430980250239372 0.9997736811637878 -0.005934363696724176 0.6803772449493408 0.12497906386852264 0.00844297744333744 0.9921234846115112 14.542901039123535
0.9931185245513916 0.018258776515722275 -0.11568170040845871 -76.75506591796875 -0.01979067362844944 0.9997307658195496 -0.012107552029192448 0.6692276000976562 0.11542949080467224 0.014313653111457825 0.9932125210762024 15.284930229187012
0.9940410852432251 0.017855672165751457 -0.10753298550844193 -76.83975982666016 -0.019285302609205246 0.9997387528419495 -0.012269510887563229 0.6590813398361206 0.10728579759597778 0.014270205982029438 0.9941257834434509 16.04452133178711
0.9947587251663208 0.01976962201297283 -0.10032083094120026 -76.92244720458984 -0.020516278222203255 0.9997689723968506 -0.00641627237200737 0.6448984146118164 0.10017082095146179 0.008440852165222168 0.9949344396591187 16.80509376525879
0.9951311349868774 0.023784924298524857 -0.09564585238695145 -77.01704406738281 -0.023706037551164627 0.9997170567512512 0.0019611630123108625 0.6256669759750366 0.09566544741392136 0.0003157702158205211 0.9954134821891785 17.6102294921875
0.9955482482910156 0.024883676320314407 -0.09090862423181534 -77.095947265625 -0.02446662448346615 0.9996843338012695 0.00569930300116539 0.6124811172485352 0.09102175384759903 -0.0034497040323913097 0.9958428740501404 18.37676239013672
0.995876133441925 0.023298511281609535 -0.08767986297607422 -77.16412353515625 -0.022976718842983246 0.9997250437736511 0.0046776956878602505 0.6019214391708374 0.08776472508907318 -0.0026438103523105383 0.9961376786231995 19.151256561279297
0.996121346950531 0.022963890805840492 -0.08494028449058533 -77.22819519042969 -0.022746380418539047 0.9997349977493286 0.0035277456045150757 0.5936812162399292 0.08499880135059357 -0.0015819784021005034 0.9963798522949219 19.924068450927734
