1.0 -3.542468220985029e-07 5.251383299764711e-06 -2.169667141060927e-06 3.5424471889200504e-07 1.0 3.988406831467728e-07 2.837972878921846e-08 -5.251383754512062e-06 -3.988388073139504e-07 1.0 -2.8633007786993403e-06
0.9999790191650391 0.00041067684651352465 -0.006469499319791794 -0.008228875696659088 -0.0004081307561136782 0.9999998211860657 0.0003948688681703061 -0.00193067267537117 0.006469660438597202 -0.0003922201576642692 0.9999790191650391 0.09178877621889114
0.9999073147773743 0.0009514866396784782 -0.013580557890236378 -0.016322532668709755 -0.0009492600220255554 0.9999995231628418 0.00017040288366843015 -0.0018625453813001513 0.013580713421106339 -0.0001574956113472581 0.9999077320098877 0.18849538266658783
0.9997724890708923 0.0013903140788897872 -0.021284028887748718 -0.026064671576023102 -0.0014025782002136111 0.9999988675117493 -0.0005612949025817215 -0.0021536415442824364 0.02128322422504425 0.0005910196923650801 0.9997733235359192 0.2854042947292328
0.9995419979095459 0.001711387070827186 -0.030213918536901474 -0.04298239201307297 -0.0017719550523906946 0.9999964833259583 -0.0019779817666858435 -0.001906778197735548 0.030210424214601517 0.0020306133665144444 0.9995415210723877 0.39066818356513977
0.9991256594657898 0.0019224134739488363 -0.04176491126418114 -0.05897621065378189 -0.0020672553218901157 0.9999920129776001 -0.00342511385679245 -0.004938358440995216 0.041757989674806595 0.003508457913994789 0.9991216063499451 0.5011285543441772
0.9984792470932007 0.0017280814936384559 -0.05510157346725464 -0.08421951532363892 -0.001953571569174528 0.999989926815033 -0.004038659390062094 -0.008008992299437523 0.05509404093027115 0.0041401623748242855 0.9984725713729858 0.6260713934898376
0.9974281191825867 0.001827277010306716 -0.07165023684501648 -0.10855285078287125 -0.0021516610868275166 0.999987781047821 -0.004450406413525343 -0.004030697513371706 0.0716412290930748 0.004593127407133579 0.9974198937416077 0.7614231109619141
0.9959049820899963 0.00021744488913100213 -0.09040571749210358 -0.13476170599460602 -0.0005985847674310207 0.9999910593032837 -0.004188790917396545 -0.009189227595925331 0.09040399640798569 0.004225752782076597 0.9958962202072144 0.9171896576881409
0.9939137697219849 -0.0007604649872519076 -0.11015826463699341 -0.17616868019104004 0.0002810629375744611 0.9999904036521912 -0.004367402289062738 -0.012713340111076832 0.11016052961349487 0.0043098595924675465 0.9939044713973999 1.0753835439682007
0.9912288188934326 -0.0011232144897803664 -0.13215212523937225 -0.22445018589496613 0.0005041934200562537 0.9999887347221375 -0.004717524629086256 -0.01558175403624773 0.13215592503547668 0.004609515890479088 0.9912182688713074 1.2369123697280884
0.988563597202301 0.006169303320348263 -0.15067845582962036 -0.4280829429626465 -0.007339118514209986 0.9999470114707947 -0.007208779454231262 -0.0078323008492589 0.15062600374221802 0.008232183754444122 0.9885565042495728 1.5129039287567139
0.9841951727867126 0.009587283246219158 -0.17682817578315735 -0.4743644595146179 -0.01125380676239729 0.999901294708252 -0.008424011990427971 -0.016108326613903046 0.1767299920320511 0.01028086431324482 0.9842056632041931 1.6720328330993652
0.9789391756057739 0.012732677161693573 -0.20375503599643707 -0.5457395911216736 -0.014972290024161339 0.9998432397842407 -0.009453894570469856 -0.01912616938352585 0.20360274612903595 0.012305468320846558 0.9789761900901794 1.8502856492996216
0.9723620414733887 0.013156977482140064 -0.23310710489749908 -0.6251620054244995 -0.015807870775461197 0.9998298287391663 -0.009507368318736553 -0.0218442901968956 0.2329423427581787 0.012929530814290047 0.9724045991897583 2.0408220291137695
0.9644610285758972 0.015193442814052105 -0.2637880742549896 -0.712653398513794 -0.018172800540924072 0.9997956156730652 -0.008857949636876583 -0.025407882407307625 0.26359954476356506 0.013336914591491222 0.9645400047302246 2.234039783477783
0.9532402753829956 0.014379528351128101 -0.3018709123134613 -0.6115577220916748 -0.017032917588949203 0.9998359680175781 -0.006159251090139151 -0.05798838660120964 0.3017328381538391 0.011012990027666092 0.9533289074897766 2.2678720951080322
0.9419338703155518 0.016216568648815155 -0.33540648221969604 -0.7125927209854126 -0.019038613885641098 0.9998056292533875 -0.005127220880240202 -0.057956211268901825 0.3352581262588501 0.011215179227292538 0.9420595765113831 2.4578094482421875
0.9293158054351807 0.01837693341076374 -0.3688282370567322 -0.8161529302597046 -0.02154254913330078 0.9997580051422119 -0.004466440994292498 -0.061958737671375275 0.3686569035053253 0.01209623645991087 0.9294868111610413 2.6361279487609863
0.9154185652732849 0.021511904895305634 -0.4019278883934021 -0.9387142658233643 -0.025221040472388268 0.9996742010116577 -0.0039383163675665855 -0.062450651079416275 0.40171217918395996 0.013742247596383095 0.9156628847122192 2.818816900253296
0.8992859721183777 0.022137636318802834 -0.43680039048194885 -1.0523500442504883 -0.0262032151222229 0.9996512532234192 -0.0032835821621119976 -0.062457963824272156 0.436575323343277 0.014398453757166862 0.8995524644851685 2.9886436462402344
0.8816218376159668 0.018265405669808388 -0.47160279750823975 -1.23333740234375 -0.022998031228780746 0.9997263550758362 -0.004272999241948128 -0.052679140120744705 0.47139570116996765 0.014613106846809387 0.881800651550293 3.219717264175415
0.8603713512420654 0.01313356775790453 -0.5094984173774719 -1.3692041635513306 -0.018100060522556305 0.9998247027397156 -0.004791982937604189 -0.05481139197945595 0.5093462467193604 0.013344838283956051 0.8604581952095032 3.3953378200531006
0.8353098034858704 0.014674246311187744 -0.5495836138725281 -1.5279691219329834 -0.018550321459770203 0.9998267889022827 -0.0014985230518504977 -0.05949500575661659 0.5494664311408997 0.01144668273627758 0.8354374170303345 3.5752084255218506
0.8063068985939026 0.020255932584404945 -0.5911504626274109 -1.7151790857315063 -0.02322901412844658 0.9997267723083496 0.0025724179577082396 -0.06614120304584503 0.591041088104248 0.011657683178782463 0.8065571784973145 3.7471728324890137
0.7742944359779358 0.023914484307169914 -0.632373571395874 -1.9253166913986206 -0.02707289345562458 0.9996225833892822 0.004654002841562033 -0.06959937512874603 0.6322460770606995 0.013516613282263279 0.7746496796607971 3.9213314056396484
0.738044023513794 0.023201316595077515 -0.6743535995483398 -2.13063645362854 -0.026388728991150856 0.9996365308761597 0.005511709488928318 -0.07148320227861404 0.6742364168167114 0.013727451674640179 0.7383880019187927 4.089009761810303
0.6979858875274658 0.01862090826034546 -0.7158694267272949 -2.348586320877075 -0.020288808271288872 0.9997747540473938 0.006223779637366533 -0.06615588068962097 0.7158240079879761 0.010180024430155754 0.6982065439224243 4.259761810302734
0.6558085083961487 0.015382382087409496 -0.7547705173492432 -2.5907278060913086 -0.015365324914455414 0.9998571872711182 0.007026604376733303 -0.0671362578868866 0.7547709345817566 0.006989186629652977 0.655951201915741 4.411560535430908
0.6111307740211487 0.014676634222269058 -0.791393518447876 -2.849388360977173 -0.012525320053100586 0.999882161617279 0.008870803751051426 -0.06573524326086044 0.7914305925369263 0.004491236060857773 0.6112425327301025 4.554290294647217
0.5628548860549927 0.015429997816681862 -0.8264117240905762 -3.128492832183838 -0.01016685925424099 0.9998793005943298 0.01174435019493103 -0.06352130323648453 0.8264932632446289 0.001791647751815617 0.5629437565803528 4.6949286460876465
0.5125629305839539 0.015717411413788795 -0.8585057854652405 -3.4105782508850098 -0.008816532790660858 0.9998760223388672 0.013041771948337555 -0.05322428420186043 0.8586043119430542 0.0008843154064379632 0.5126380324363708 4.804931640625
0.45980164408683777 0.017120996490120888 -0.8878566026687622 -3.728052854537964 -0.008621043525636196 0.9998530745506287 0.014816030859947205 -0.044362638145685196 0.8879798054695129 0.0008418152574449778 0.45988166332244873 4.915344715118408
0.4053248465061188 0.019257918000221252 -0.913969874382019 -4.062826633453369 -0.007414918392896652 0.9998143911361694 0.017778370529413223 -0.039616864174604416 0.9141427278518677 -0.00042900320840999484 0.40539243817329407 5.011133193969727
0.3493054211139679 0.021216217428445816 -0.9367687106132507 -4.395873069763184 -0.005950067192316055 0.9997736811637878 0.0204244926571846 -0.04004661738872528 0.9369900226593018 -0.0015605483204126358 0.3493525981903076 5.098672389984131
0.2937597930431366 0.024412190541625023 -0.9555675387382507 -4.764885425567627 -0.003733343444764614 0.9996954798698425 0.024391841143369675 -0.0367346927523613 0.9558719992637634 -0.003597879782319069 0.2937614619731903 5.171407699584961
0.24018369615077972 0.02616032212972641 -0.9703748226165771 -5.135130405426025 0.0007772600511088967 0.9996313452720642 0.027141429483890533 -0.03499668836593628 0.9707270860671997 -0.007273162715137005 0.2400747835636139 5.229523658752441
0.18931248784065247 0.02685425616800785 -0.9815495610237122 -5.52427339553833 0.0033697213511914015 0.999602198600769 0.027998080477118492 -0.033124472945928574 0.9819111227989197 -0.008607934229075909 0.18914668262004852 5.266576290130615
0.14200718700885773 0.02768206223845482 -0.9894784688949585 -5.927432060241699 0.001684118527919054 0.9996007084846497 0.028206944465637207 -0.02700391411781311 0.9898641705513 -0.005671988241374493 0.1419038623571396 5.283100128173828
0.09968960285186768 0.028089437633752823 -0.9946220517158508 -6.357485771179199 -0.0005348887061700225 0.9996029138565063 0.02817649208009243 -0.015590389259159565 0.9950184226036072 -0.002276891842484474 0.09966503828763962 5.286571025848389
0.06170894578099251 0.026615330949425697 -0.9977392554283142 -6.804028511047363 -0.0011001215316355228 0.9996455907821655 0.026598146185278893 -0.006830481346696615 0.9980935454368591 -0.0005437099607661366 0.06171635910868645 5.283051490783691
0.02726631611585617 0.023853112012147903 -0.9993435144424438 -7.267908573150635 -0.0006996747688390315 0.9997155070304871 0.02384289726614952 0.0013238887768238783 0.999627947807312 4.91073151351884e-05 0.027275236323475838 5.2674665451049805
-0.004178393632173538 0.021228928118944168 -0.999765932559967 -7.722060203552246 0.0008149144123308361 0.9997743964195251 0.0212257020175457 0.002891798736527562 0.9999909400939941 -0.0007260343409143388 -0.004194749519228935 5.243248462677002
-0.030887184664607048 0.019506584852933884 -0.9993325471878052 -8.212394714355469 0.0005307024694047868 0.999809741973877 0.01949949376285076 0.00807101745158434 0.9995227456092834 7.193620695034042e-05 -0.03089166060090065 5.208043575286865
-0.05149507522583008 0.016923310235142708 -0.9985297918319702 -8.722695350646973 -0.0006148065440356731 0.9998556971549988 0.01697748713195324 0.019870450720191002 0.9986730813980103 0.0014881594106554985 -0.051477234810590744 5.1584153175354
-0.06784883141517639 0.016100674867630005 -0.9975656867027283 -9.24274730682373 0.00016145911649800837 0.9998699426651001 0.016126884147524834 0.03291194140911102 0.9976956248283386 0.0009331241599284112 -0.06784261018037796 5.11285924911499
-0.08082358539104462 0.01623273640871048 -0.9965962767601013 -9.780006408691406 0.0004894809098914266 0.9998679161071777 0.016246331855654716 0.043746087700128555 0.9967283010482788 0.0008252719999291003 -0.08082087337970734 5.058319091796875
-0.09033791720867157 0.017684556543827057 -0.9957541227340698 -10.338586807250977 0.0003437168197706342 0.9998427629470825 0.01772598922252655 0.04430015757679939 0.9959111213684082 0.0012590712867677212 -0.09032978862524033 4.997666835784912
-0.09716635942459106 0.019099464640021324 -0.995084822177887 -10.91227912902832 -0.0012929325457662344 0.9998126029968262 0.019316457211971283 0.04507697373628616 0.9952673316001892 0.0031634876504540443 -0.09712344408035278 4.932419300079346
-0.10161370038986206 0.02014363929629326 -0.9946199655532837 -11.504895210266113 -0.0010318922577425838 0.9997923374176025 0.02035381644964218 0.050950273871421814 0.9948233962059021 0.003094566985964775 -0.10157180577516556 4.863635063171387
-0.10300133377313614 0.020769551396369934 -0.9944643378257751 -12.11186408996582 0.0007993173785507679 0.9997833967208862 0.02079785242676735 0.06298556178808212 0.9946809411048889 0.001347313984297216 -0.1029956191778183 4.798596382141113
-0.10205056518316269 0.02301625907421112 -0.9945129156112671 -12.720592498779297 0.00242630229331553 0.9997350573539734 0.022888150066137314 0.06729955226182938 0.9947763085365295 -7.724088936811313e-05 -0.1020793616771698 4.73869514465332
-0.10036524385213852 0.025215620175004005 -0.9946310520172119 -13.383166313171387 0.0019451845437288284 0.9996818900108337 0.02514738403260708 0.08093643188476562 0.9949487447738647 0.0005891824839636683 -0.10038235038518906 4.665390491485596
-0.09873686730861664 0.025241296738386154 -0.9947934150695801 -14.036160469055176 -0.00024691643193364143 0.9996776580810547 0.02538972906768322 0.08815935254096985 0.9951134920120239 0.0027525334153324366 -0.09869880229234695 4.596630573272705
-0.0970633253455162 0.02277827449142933 -0.9950175285339355 -14.70230484008789 -0.0014866915298625827 0.9997336268424988 0.023031260818243027 0.09885578602552414 0.9952771067619324 0.0037147749681025743 -0.09700359404087067 4.527344703674316
-0.09591761231422424 0.02264854870736599 -0.9951316714286804 -15.383134841918945 -0.0023315970320254564 0.9997332692146301 0.02297801710665226 0.1102348044514656 0.9953864812850952 0.004524241667240858 -0.09583921730518341 4.45811128616333
-0.09417902678251266 0.025336185470223427 -0.9952328205108643 -16.075157165527344 -0.002116575138643384 0.9996687769889832 0.025649402290582657 0.12220732867717743 0.9955530166625977 0.004522121045738459 -0.09409419447183609 4.393984794616699
-0.09227936714887619 0.02894408442080021 -0.9953123331069946 -16.796791076660156 -0.003639484755694866 0.9995608925819397 0.02940506674349308 0.13066145777702332 0.995726466178894 0.006335905287414789 -0.09213349968194962 4.322959899902344
-0.09076184034347534 0.031015994027256966 -0.995389461517334 -17.52707862854004 -0.0033155439887195826 0.9994999170303345 0.031446389853954315 0.14403937757015228 0.995867133140564 0.006154389586299658 -0.09061360359191895 4.255304336547852
-0.08876710385084152 0.03025437518954277 -0.9955927729606628 -18.263391494750977 -0.005728141404688358 0.9995065927505493 0.0308840312063694 0.1582861989736557 0.9960359334945679 0.008444382809102535 -0.08855000883340836 4.178294658660889
-0.08677838742733002 0.027154603973031044 -0.9958574771881104 -19.023296356201172 -0.007583423983305693 0.9995813965797424 0.027916964143514633 0.17463698983192444 0.9961987733840942 0.00997459888458252 -0.08653614670038223 4.1008100509643555
-0.08500061184167862 0.026441015303134918 -0.9960299730300903 -19.799232482910156 -0.008419834077358246 0.9995930790901184 0.027254143729805946 0.1918516755104065 0.9963453412055969 0.010703027248382568 -0.08474339544773102 4.024738788604736
-0.08368237316608429 0.028637919574975967 -0.9960808753967285 -20.578550338745117 -0.005865792278200388 0.9995554089546204 0.02923061139881611 0.2090538740158081 0.9964751601219177 0.008288891054689884 -0.0834772065281868 3.9598331451416016
-0.08259305357933044 0.03080281801521778 -0.9961072206497192 -21.375701904296875 -0.003992917016148567 0.9995039105415344 0.03123893402516842 0.2218792885541916 0.9965753555297852 0.0065574925392866135 -0.08242909610271454 3.896139144897461
-0.08105584233999252 0.0325266532599926 -0.9961786270141602 -22.168743133544922 -0.0029184147715568542 0.9994553327560425 0.032871101051568985 0.2367156744003296 0.9967052340507507 0.0055716573260724545 -0.08091675490140915 3.8186657428741455
-0.08053306490182877 0.0281886737793684 -0.996353268623352 -22.96651840209961 -0.003282718826085329 0.9995872378349304 0.028545496985316277 0.24078623950481415 0.9967465400695801 0.005569604225456715 -0.0804072842001915 3.7591285705566406
-0.08007627725601196 0.02139749936759472 -0.9965590238571167 -23.77460479736328 -0.0019608300644904375 0.9997642040252686 0.021623875945806503 0.24921219050884247 0.9967868328094482 0.003685643197968602 -0.08001545071601868 3.6903741359710693
-0.08037865161895752 0.016806328669190407 -0.9966227412223816 -24.59842872619629 0.0014721312327310443 0.9998587965965271 0.016742169857025146 0.26120561361312866 0.996763288974762 -0.0001214460571645759 -0.08039204031229019 3.6272971630096436
-0.08116620779037476 0.017459558323025703 -0.9965476393699646 -25.427947998046875 0.002420456148684025 0.9998470544815063 0.01732022315263748 0.2727835774421692 0.9966976642608643 -0.0010062827495858073 -0.08119605481624603 3.5617825984954834
-0.08104121685028076 0.025113970041275024 -0.9963943362236023 -26.27986717224121 0.0016704583540558815 0.9996845126152039 0.02506103366613388 0.27675890922546387 0.9967092871665955 0.0003665418771561235 -0.08105761557817459 3.4819529056549072
-0.08144446462392807 0.032105546444654465 -0.996160626411438 -27.115581512451172 8.222802716773003e-05 0.999481201171875 0.03220584616065025 0.28682729601860046 0.996677815914154 0.0025410756934434175 -0.08140486478805542 3.4154105186462402
-0.08200982958078384 0.037456974387168884 -0.9959273338317871 -27.961036682128906 -0.0018064475152641535 0.9992862343788147 0.03773205354809761 0.3001267910003662 0.9966298937797546 0.0048934901133179665 -0.08188363164663315 3.341451644897461
-0.0821717381477356 0.03789999708533287 -0.9958972334861755 -28.80107879638672 -0.0037149691488593817 0.9992579817771912 0.03833442181348801 0.30966851115226746 0.9966112971305847 0.006849733646959066 -0.0819699764251709 3.2611446380615234
-0.08254001289606094 0.03431900963187218 -0.9959965944290161 -29.634801864624023 -0.00357164372690022 0.9993903040885925 0.03473192825913429 0.32633164525032043 0.9965813159942627 0.006424119230359793 -0.08236710727214813 3.1902291774749756
-0.08277597278356552 0.031397707760334015 -0.9960734248161316 -30.47548484802246 -0.003384130075573921 0.999488890171051 0.03178659826517105 0.34799066185951233 0.9965624213218689 0.0060020084492862225 -0.08262741565704346 3.1094205379486084
-0.0827149897813797 0.03287408500909805 -0.996030867099762 -31.311662673950195 -0.005387734156101942 0.9994264245033264 0.03343358263373375 0.35967913269996643 0.996558666229248 0.008131807669997215 -0.08249042928218842 3.0318796634674072
-0.08288844674825668 0.03514072671532631 -0.9959390759468079 -32.153526306152344 -0.006327906157821417 0.9993394017219543 0.03578735142946243 0.37112000584602356 0.9965387582778931 0.009268566034734249 -0.0826113149523735 2.9617726802825928
-0.0824425220489502 0.033759474754333496 -0.9960238337516785 -32.98406219482422 -0.0074563948437571526 0.9993771910667419 0.034490302205085754 0.3788292706012726 0.9965679049491882 0.010270215570926666 -0.08213945478200912 2.8794777393341064
-0.08227048069238663 0.028528718277812004 -0.9962016344070435 -33.80660629272461 -0.008020364679396152 0.999538779258728 0.029286639764904976 0.39169177412986755 0.9965777397155762 0.010399327613413334 -0.08200374245643616 2.811192750930786
-0.08195118606090546 0.02423897758126259 -0.9963415265083313 -34.64198303222656 -0.009433803148567677 0.9996404051780701 0.02509518340229988 0.40559500455856323 0.9965916872024536 0.011455869302153587 -0.08169307559728622 2.729461431503296
-0.0812578946352005 0.02529866248369217 -0.9963719248771667 -35.46870803833008 -0.009310908615589142 0.9996148943901062 0.02614034153521061 0.40940630435943604 0.9966495633125305 0.011401239782571793 -0.08099105954170227 2.6595489978790283
-0.0806778147816658 0.027740666642785072 -0.9963541626930237 -36.298213958740234 -0.007915054447948933 0.9995633363723755 0.028470920398831367 0.4178300201892853 0.9967088103294373 0.01018316950649023 -0.08042300492525101 2.591958522796631
-0.08003096282482147 0.03268944472074509 -0.9962561726570129 -37.15066909790039 -0.007544612977653742 0.9994136095046997 0.03339911624789238 0.4306677281856537 0.9967638254165649 0.010189332067966461 -0.07973739504814148 2.5102481842041016
-0.07944942265748978 0.038033273071050644 -0.9961130619049072 -37.98020935058594 -0.00678454851731658 0.9992281794548035 0.03869334235787392 0.4515588879585266 0.9968157410621643 0.009832342155277729 -0.07913006097078323 2.4485514163970947
-0.07952490448951721 0.0411623977124691 -0.9959826469421387 -38.816741943359375 -0.00782697182148695 0.9990904927253723 0.04191578924655914 0.4657514989376068 0.9968021512031555 0.011128879152238369 -0.0791303962469101 2.367496967315674
-0.07925690710544586 0.041370563209056854 -0.9959954023361206 -39.64696502685547 -0.0072648609057068825 0.9990879893302917 0.04207712039351463 0.4827550947666168 0.9968277812004089 0.010570671409368515 -0.0788840726017952 2.2991979122161865
-0.07930055260658264 0.03702831268310547 -0.9961628317832947 -40.4694938659668 -0.00759529136121273 0.9992584586143494 0.037748005241155624 0.5007724165916443 0.9968218207359314 0.010559584014117718 -0.07896050810813904 2.2324750423431396
-0.07888251543045044 0.03263658285140991 -0.9963495135307312 -41.2999267578125 -0.008292587473988533 0.999407947063446 0.03339329734444618 0.5186725854873657 0.9968494176864624 0.010896463878452778 -0.07856517285108566 2.1556077003479004
-0.07871512323617935 0.03011995553970337 -0.9964420199394226 -42.111087799072266 -0.012457739561796188 0.9994356036186218 0.03119456209242344 0.5277684330940247 0.996819257736206 0.014868902042508125 -0.07829546928405762 2.08176326751709
-0.07904369384050369 0.02829737775027752 -0.9964694976806641 -42.93948745727539 -0.015550368465483189 0.9994404315948486 0.029615262523293495 0.5393733382225037 0.9967498183250427 0.01783636584877968 -0.07855942100286484 2.0045888423919678
-0.07985817641019821 0.026239855214953423 -0.9964607954025269 -43.76786422729492 -0.013702012598514557 0.9995301365852356 0.02741878293454647 0.5457713603973389 0.9967120289802551 0.01584312878549099 -0.07946112006902695 1.9381271600723267
-0.08107300847768784 0.022857462987303734 -0.9964460134506226 -44.59697341918945 -0.010332359001040459 0.9996640086174011 0.023771941661834717 0.5510027408599854 0.9966545701026917 0.012222899124026299 -0.08080960810184479 1.87395441532135
-0.08139372617006302 0.021065639331936836 -0.996459424495697 -45.42017364501953 -0.005975282285362482 0.9997484087944031 0.021623246371746063 0.5637255907058716 0.9966641068458557 0.007714123465120792 -0.08124738931655884 1.7978475093841553
-0.08368653804063797 0.02490791492164135 -0.9961807727813721 -46.24296188354492 -0.0057388716377317905 0.9996589422225952 0.025476988404989243 0.566005289554596 0.9964755773544312 0.007849035784602165 -0.08351506292819977 1.7288967370986938
-0.08556520193815231 0.031165605410933495 -0.9958450198173523 -47.05187225341797 -0.002977589378133416 0.9994982481002808 0.03153577074408531 0.5730600953102112 0.9963280558586121 0.005663583055138588 -0.08542946726083755 1.659841537475586
-0.08691884577274323 0.03494704142212868 -0.9956022500991821 -47.86267852783203 -0.0015164254000410438 0.9993787407875061 0.03521198406815529 0.5808305740356445 0.9962142109870911 0.004570342600345612 -0.086811862885952 1.578622579574585
-0.08824681490659714 0.03415391966700554 -0.9955129623413086 -48.66863250732422 -0.0016836109571158886 0.9994054436683655 0.03443670645356178 0.5869153141975403 0.996097207069397 0.0047149863094091415 -0.08813685178756714 1.503448724746704
-0.08907734602689743 0.03021905943751335 -0.995566189289093 -49.467529296875 -0.004912033677101135 0.9995141625404358 0.030778395012021065 0.5979735851287842 0.9960126280784607 0.00763191282749176 -0.08888563513755798 1.41838538646698
-0.09011640399694443 0.026362229138612747 -0.9955822825431824 -50.25605010986328 -0.00973945390433073 0.9995785355567932 0.027349621057510376 0.6083778142929077 0.9958836436271667 0.012161077000200748 -0.08982166647911072 1.3328673839569092
-0.09177190065383911 0.0250137560069561 -0.995465874671936 -51.046817779541016 -0.013938398100435734 0.9995542764663696 0.026401462033391 0.616215705871582 0.9956825375556946 0.016298111528158188 -0.09138233959674835 1.2488538026809692
-0.09256217628717422 0.026278289034962654 -0.9953600168228149 -51.84539794921875 -0.015725070610642433 0.999488353729248 0.02784961462020874 0.6213676333427429 0.9955826997756958 0.018229931592941284 -0.09210160374641418 1.163838505744934
-0.09367707371711731 0.027857806533575058 -0.995212733745575 -52.63262176513672 -0.015648450702428818 0.9994437098503113 0.029449190944433212 0.6296365261077881 0.9954796433448792 0.01833225227892399 -0.09318903833627701 1.0868868827819824
-0.09447084367275238 0.02732926607131958 -0.9951524138450623 -53.417484283447266 -0.01740090735256672 0.9994249939918518 0.02909849025309086 0.6369659900665283 0.9953755140304565 0.020065508782863617 -0.09394096583127975 1.0026133060455322
-0.09501798450946808 0.027132723480463028 -0.9951056838035583 -54.19423294067383 -0.018046889454126358 0.999417245388031 0.028973491862416267 0.6457682251930237 0.9953119158744812 0.020711567252874374 -0.09447295218706131 0.9222328662872314
-0.09559444338083267 0.028951704502105713 -0.9949991703033447 -54.97627639770508 -0.016631510108709335 0.9993909597396851 0.03067736327648163 0.6548658013343811 0.9952813982963562 0.019480926916003227 -0.09505470097064972 0.8449015021324158
-0.09606621414422989 0.031814463436603546 -0.9948663711547852 -55.74266052246094 -0.016108514741063118 0.9993084073066711 0.03351198881864548 0.6662746667861938 0.995244562625885 0.019245188683271408 -0.09548729658126831 0.7733781933784485
-0.0960901528596878 0.03616645932197571 -0.9947153329849243 -56.52785873413086 -0.0156294833868742 0.9991616606712341 0.037837933748960495 0.6752672791481018 0.9952499270439148 0.019182739779353142 -0.09544432908296585 0.6881099939346313
-0.09661436080932617 0.03812645375728607 -0.9945914149284363 -57.2896728515625 -0.015973178669810295 0.9990780353546143 0.03985007107257843 0.6900452375411987 0.9951937198638916 0.01973687671124935 -0.0959162786602974 0.612619936466217
-0.09739820659160614 0.03817950189113617 -0.9945129156112671 -58.04527282714844 -0.015500590205192566 0.9990845322608948 0.039873067289590836 0.7014471888542175 0.9951246976852417 0.01929910108447075 -0.09671724587678909 0.5355055928230286
-0.0976807028055191 0.03646359220147133 -0.994549572467804 -58.78522872924805 -0.015148043632507324 0.9991583824157715 0.038120344281196594 0.7078487277030945 0.9951024651527405 0.018789105117321014 -0.0970461443066597 0.4617879390716553
-0.09783092141151428 0.03265342488884926 -0.9946672916412354 -59.51582336425781 -0.014625375159084797 0.9993064999580383 0.03424421325325966 0.7254147529602051 0.9950955510139465 0.017897523939609528 -0.09728550910949707 0.3856867551803589
-0.09734246134757996 0.029776884242892265 -0.9948053956031799 -60.250450134277344 -0.015081205405294895 0.9993934035301208 0.03138992562890053 0.7359125018119812 0.9951366186141968 0.01805843785405159 -0.09683433920145035 0.3008136749267578
-0.09635267406702042 0.027446987107396126 -0.9949687719345093 -60.955543518066406 -0.015443620271980762 0.9994581341743469 0.02906639501452446 0.7457309365272522 0.9952273964881897 0.018166543915867805 -0.09587658941745758 0.23260492086410522
-0.09392344206571579 0.0266417209059 -0.9952228665351868 -61.64728546142578 -0.0183449424803257 0.9994257688522339 0.028485525399446487 0.7503527998924255 0.9954103231430054 0.020932765677571297 -0.09338077157735825 0.15832604467868805
-0.0895448848605156 0.027434466406702995 -0.9956048130989075 -62.344242095947266 -0.01822551153600216 0.9994081258773804 0.029178470373153687 0.7587240934371948 0.9958159327507019 0.020758194848895073 -0.08899187296628952 0.0883188471198082
-0.08391496539115906 0.02938568778336048 -0.9960395693778992 -62.99728012084961 -0.01782359555363655 0.9993609189987183 0.030985292047262192 0.7593467235565186 0.9963134527206421 0.02035313844680786 -0.08333758264780045 0.0364731028676033
-0.07645650953054428 0.030759485438466072 -0.9965983033180237 -63.64616775512695 -0.01696457341313362 0.99933922290802 0.03214556351304054 0.7663652896881104 0.9969285726547241 0.019364604726433754 -0.07588415592908859 -0.014754027128219604
-0.06753149628639221 0.031934864819049835 -0.997205913066864 -64.28358459472656 -0.018215276300907135 0.999281644821167 0.033234886825084686 0.7724749445915222 0.9975508451461792 0.020408783107995987 -0.06690126657485962 -0.059826672077178955
-0.0557173527777195 0.03390990197658539 -0.9978705644607544 -64.9073715209961 -0.020337402820587158 0.9991772174835205 0.03508986532688141 0.7789669632911682 0.9982393980026245 0.022249210625886917 -0.054981861263513565 -0.09743332862854004
-0.040811821818351746 0.03537385165691376 -0.9985405206680298 -65.51217651367188 -0.02336355671286583 0.9990659356117249 0.03634737804532051 0.7875207662582397 0.9988936185836792 0.024812858551740646 -0.039947256445884705 -0.12495964765548706
-0.022409047931432724 0.036524564027786255 -0.9990816116333008 -66.08854675292969 -0.024808719754219055 0.9990043640136719 0.03707819804549217 0.7984662055969238 0.9994410276412964 0.025616822764277458 -0.021480608731508255 -0.13225504755973816
-5.063078424427658e-05 0.037596214562654495 -0.9992930889129639 -66.65989685058594 -0.026156602427363396 0.9989511370658875 0.03758467361330986 0.804741382598877 0.9996578693389893 0.026140013709664345 0.0009328126907348633 -0.12615983188152313
0.025453323498368263 0.03787238895893097 -0.9989583492279053 -67.2059326171875 -0.025392677634954453 0.998984158039093 0.0372263640165329 0.8127486705780029 0.9993534684181213 0.02441868931055069 0.026389148086309433 -0.09642159938812256
0.054571934044361115 0.037211813032627106 -0.997816264629364 -67.72264099121094 -0.023961177095770836 0.9990663528442383 0.03594796732068062 0.824042558670044 0.9982223510742188 0.02194710075855255 0.05541262775659561 -0.04255975782871246
0.08854407072067261 0.037107475101947784 -0.9953808784484863 -68.22502136230469 -0.02260461635887623 0.9991233348846436 0.03523620218038559 0.8294234871864319 0.9958157539367676 0.019380245357751846 0.08930524438619614 0.027166711166501045
0.12550093233585358 0.03676348179578781 -0.9914120435714722 -68.69835662841797 -0.022505933418869972 0.9991614818572998 0.034201860427856445 0.8454003930091858 0.9918382167816162 0.01802028901875019 0.1262231022119522 0.12464841455221176
0.16739332675933838 0.0373823381960392 -0.9851813316345215 -69.11833953857422 -0.022164512425661087 0.9991710186004639 0.03414718061685562 0.8333628177642822 0.9856410026550293 0.016120055690407753 0.16808313131332397 0.1912929266691208
0.21264201402664185 0.03811844810843468 -0.9763864278793335 -69.57369995117188 -0.021412843838334084 0.9991804957389832 0.034344956278800964 0.8432461619377136 0.9768955111503601 0.013604029081761837 0.21328401565551758 0.3144887685775757
0.2612273097038269 0.03705854341387749 -0.9645656943321228 -70.00022888183594 -0.018396658822894096 0.9992724061012268 0.0334097221493721 0.8425394892692566 0.965101957321167 0.009017251431941986 0.2617190182209015 0.4611468017101288
0.31027254462242126 0.03205520287156105 -0.9501070976257324 -70.3989028930664 -0.010460617020726204 0.9994859099388123 0.03030509129166603 0.8408567309379578 0.9505900740623474 0.0005358640337362885 0.31044837832450867 0.6493862271308899
0.3617045283317566 0.026496736332774162 -0.9319162368774414 -70.79854583740234 -0.005259319208562374 0.9996381402015686 0.026380954310297966 0.8466230034828186 0.9322779178619385 -0.00464086327701807 0.3617129921913147 0.8423292636871338
0.41385284066200256 0.02260725013911724 -0.9100630283355713 -71.15632629394531 -0.0002678324526641518 0.9996945261955261 0.024712033569812775 0.8377829194068909 0.9103437662124634 -0.00998340267688036 0.41373249888420105 1.052331805229187
0.4655056297779083 0.021323975175619125 -0.8847879767417908 -71.52438354492188 -0.0003012048255186528 0.9997134804725647 0.023935290053486824 0.8540038466453552 0.8850448727607727 -0.010875508189201355 0.46537867188453674 1.2705953121185303
0.5140084028244019 0.020139941945672035 -0.8575486540794373 -71.89485931396484 0.0006768499733880162 0.9997144937515259 0.023884475231170654 0.8631731271743774 0.8577848672866821 -0.012857251800596714 0.5138479471206665 1.5268102884292603
0.5591246485710144 0.01585204340517521 -0.8289321064949036 -72.24488830566406 0.008550294674932957 0.9996537566184998 0.024884114041924477 0.8665707111358643 0.8290395736694336 -0.021000931039452553 0.5587955713272095 1.8123193979263306
0.6025944948196411 0.008856971748173237 -0.7979983687400818 -72.56791687011719 0.01943182572722435 0.9994791150093079 0.025766804814338684 0.8723397850990295 0.797810971736908 -0.031033501029014587 0.6021084785461426 2.1256723403930664
0.644770085811615 0.004139040131121874 -0.7643653750419617 -72.87882995605469 0.020291082561016083 0.9995402693748474 0.02252878248691559 0.875065803527832 0.7641071677207947 -0.030035685747861862 0.6443896889686584 2.441488265991211
0.6867669224739075 0.0006823271396569908 -0.7268775105476379 -73.16331481933594 0.016661733388900757 0.9997220039367676 0.01668076030910015 0.8608273267745972 0.7266867160797119 -0.023566830903291702 0.6865647435188293 2.733474016189575
0.7272374629974365 -0.006530743092298508 -0.68635493516922 -73.44369506835938 0.01361827552318573 0.9998950958251953 0.004915331955999136 0.8687281608581543 0.6862508654594421 -0.012921584770083427 0.7272501587867737 3.073591947555542
0.7663112878799438 -0.00902570504695177 -0.6424061059951782 -73.7136459350586 0.008816944435238838 0.9999548196792603 -0.0035316781140863895 0.8722501397132874 0.6424089670181274 -0.0029576916713267565 0.7663564085960388 3.442883014678955
0.8032382130622864 -0.009782332926988602 -0.595577597618103 -73.98439025878906 0.007108842488378286 0.9999514222145081 -0.006836664862930775 0.8733471035957336 0.595615565776825 0.001257600961253047 0.8032686114311218 3.8487300872802734
0.837231457233429 -0.009416202083230019 -0.5467678308486938 -74.21625518798828 0.006230353843420744 0.9999511241912842 -0.007680578622967005 0.8546399474143982 0.5468134880065918 0.0030238647013902664 0.8372490406036377 4.25711727142334
0.8676154613494873 -0.008122366853058338 -0.497169554233551 -74.43699645996094 0.0034446658100932837 0.9999408721923828 -0.010324928909540176 0.8513592481613159 0.49722394347190857 0.00724548427388072 0.8675920367240906 4.705887317657471
0.8933942317962646 -0.006823170930147171 -0.44922178983688354 -74.64620208740234 0.0031350452918559313 0.9999550580978394 -0.0089533356949687 0.8381434082984924 0.4492626488208771 0.0065905265510082245 0.8933753967285156 5.182613849639893
0.91424560546875 -0.001025528647005558 -0.40515920519828796 -74.8353500366211 -0.00237663253210485 0.9999660849571228 -0.007893979549407959 0.8267613053321838 0.4051535427570343 0.008179950527846813 0.9142121076583862 5.678225040435791
0.9318220615386963 0.0040547214448452 -0.362892746925354 -75.03193664550781 -0.008099214173853397 0.9999208450317383 -0.009624403901398182 0.8171770572662354 0.36282506585121155 0.011907379142940044 0.9317811131477356 6.1778740882873535
0.9451496601104736 0.009031848050653934 -0.32651272416114807 -75.20112609863281 -0.012471575289964676 0.999886691570282 -0.008442802354693413 0.8118679523468018 0.3263995051383972 0.01205184031277895 0.9451550245285034 6.714753150939941
0.9550999999046326 0.009644715115427971 -0.29612645506858826 -75.36459350585938 -0.012153896503150463 0.9999040961265564 -0.006633641663938761 0.8006373643875122 0.29603415727615356 0.009934882633388042 0.9551256895065308 7.272934913635254
0.9623695611953735 0.009206121787428856 -0.27158793807029724 -75.5154037475586 -0.011048061773180962 0.9999250769615173 -0.0052538663148880005 0.7898635268211365 0.2715193033218384 0.008056681603193283 0.9623993039131165 7.841001510620117
0.9681491851806641 0.009427404962480068 -0.2501963973045349 -75.66210174560547 -0.010589306242763996 0.999938428401947 -0.003298223251476884 0.7835856676101685 0.2501499354839325 0.0058425781317055225 0.968189537525177 8.440377235412598
0.9726340770721436 0.011488855816423893 -0.23205821216106415 -75.79902648925781 -0.012004517018795013 0.9999275207519531 -0.0008100425475277007 0.777664065361023 0.23203212022781372 0.0035736211575567722 0.9727015495300293 9.057098388671875
0.9761562347412109 0.01690233312547207 -0.21640975773334503 -75.95585632324219 -0.01723029837012291 0.9998514652252197 0.00037131726276129484 0.7747206687927246 0.21638384461402893 0.0033663411159068346 0.9763025641441345 9.699333190917969
0.9789761304855347 0.020315753296017647 -0.20296086370944977 -76.09156036376953 -0.020393138751387596 0.9997905492782593 0.0017102082492783666 0.7664996981620789 0.20295311510562897 0.0024647561367601156 0.9791853427886963 10.343962669372559
0.9816091060638428 0.01941264048218727 -0.18991270661354065 -76.21064758300781 -0.01947501301765442 0.9998090863227844 0.0015380163677036762 0.7567510604858398 0.18990634381771088 0.0021888213232159615 0.9817997813224792 11.002285957336426
0.9841387271881104 0.01898132637143135 -0.1763824075460434 -76.32980346679688 -0.01905548945069313 0.9998176097869873 0.001273469184525311 0.7490178942680359 0.1763744205236435 0.0021077829878777266 0.9843209385871887 11.6886625289917
0.9866023063659668 0.020101534202694893 -0.16190050542354584 -76.44449615478516 -0.0200980044901371 0.9997966289520264 0.0016597170615568757 0.7432498335838318 0.16190095245838165 0.0016163961263373494 0.9868056774139404 12.394573211669922
0.9887820482254028 0.021395502611994743 -0.14782562851905823 -76.54766845703125 -0.02137254923582077 0.9997699856758118 0.0017438960494473577 0.7422816753387451 0.14782895147800446 0.0014350776327773929 0.9890118837356567 13.105133056640625
0.9906430244445801 0.02192411758005619 -0.1347062587738037 -76.64838409423828 -0.022252188995480537 0.9997519850730896 -0.0009301378740929067 0.7288281321525574 0.13465245068073273 0.003918943926692009 0.9908850789070129 13.820565223693848
0.9920483231544495 0.021810756996273994 -0.12395276874303818 -76.73796081542969 -0.0227534007281065 0.999721884727478 -0.006194138899445534 0.716913640499115 0.12378320842981339 0.008965231478214264 0.9922687411308289 14.5608549118042
0.9931725859642029 0.021155068650841713 -0.11471981555223465 -76.82907104492188 -0.022710246965289116 0.9996669292449951 -0.012266237288713455 0.7007119655609131 0.11442209780216217 0.014787806198000908 0.9933221340179443 15.316289901733398
0.9940953254699707 0.0208654273301363 -0.10648512095212936 -76.90816497802734 -0.022326486185193062 0.9996719360351562 -0.012547052465379238 0.6927292346954346 0.10618838667869568 0.014850404113531113 0.9942351579666138 16.073936462402344
0.9947533011436462 0.02238411456346512 -0.09982375055551529 -76.98649597167969 -0.023111915215849876 0.9997139573097229 -0.006140210200101137 0.6742568612098694 0.09965776652097702 0.008415112271904945 0.9949861168861389 16.84255599975586
0.9951428771018982 0.02736988663673401 -0.09455852210521698 -77.07064056396484 -0.0273191649466753 0.9996250867843628 0.0018311188323423266 0.6555248498916626 0.09457317739725113 0.0007610358879901469 0.9955175518989563 17.615863800048828
0.9955257177352905 0.027744406834244728 -0.09032522886991501 -77.14141082763672 -0.027373669669032097 0.9996110200881958 0.005340929143130779 0.6499058604240417 0.09043826162815094 -0.002844500355422497 0.9958980083465576 18.38911247253418
0.9958661198616028 0.027252929285168648 -0.086648128926754 -77.22762298583984 -0.026959802955389023 0.9996261596679688 0.0045515731908380985 0.6328631043434143 0.08673977851867676 -0.002196741057559848 0.9962285757064819 19.17217445373535
0.9961451888084412 0.02702307142317295 -0.08345285058021545 -77.29545593261719 -0.026802610605955124 0.9996337294578552 0.003761129453778267 0.6217203736305237 0.08352390676736832 -0.0015098771546036005 0.9965046644210815 19.937183380126953
