1.0 0.0 0.0 0.0 0.0 1.0 0.0 0.0 0.0 0.0 1.0 0.0
0.9999955892562866 0.0029639611020684242 0.00013872147246729583 -0.0056494916789233685 -0.002964145503938198 0.999994695186615 0.0013475235318765044 -0.012469126842916012 -0.00013472673890646547 -0.001347928773611784 0.9999991059303284 0.7727558016777039
0.9999852180480957 0.00540346372872591 0.0006267317803576589 -0.012105707079172134 -0.00540466234087944 0.999983549118042 0.0019271388882771134 -0.029938288033008575 -0.0006163082434795797 -0.001930497121065855 0.9999979734420776 1.5410056114196777
0.9999769330024719 0.006690967828035355 0.0011503847781568766 -0.02084413915872574 -0.006692984607070684 0.9999759793281555 0.0017573045333847404 -0.04814589023590088 -0.0011385991238057613 -0.0017649634974077344 0.9999977946281433 2.275261402130127
0.9999622702598572 0.008625353686511517 0.0010340146254748106 -0.02426173910498619 -0.008626895025372505 0.9999616742134094 0.0014968600589782 -0.061842575669288635 -0.001021064119413495 -0.0015057240379974246 0.9999983310699463 3.0025694370269775
0.9999594688415527 0.008837619796395302 0.0017320821061730385 -0.033223070204257965 -0.008839571848511696 0.9999603033065796 0.0011225951602682471 -0.07393638789653778 -0.0017220925074070692 -0.001137860817834735 0.9999978542327881 3.7192745208740234
0.9999569058418274 0.009074287489056587 0.001990643097087741 -0.03392277657985687 -0.009078426286578178 0.9999566674232483 0.002079551573842764 -0.08804851770401001 -0.001971686026081443 -0.002097533782944083 0.999995768070221 4.409026622772217
0.9999470114707947 0.009876190684735775 0.0028993121813982725 -0.04514593258500099 -0.009890584275126457 0.9999386668205261 0.004992945119738579 -0.10236668586730957 -0.0028498228639364243 -0.005021356046199799 0.9999833106994629 5.088555335998535
0.9999436140060425 0.009716778062283993 0.004266361705958843 -0.03948771208524704 -0.009753874503076077 0.9999140501022339 0.008762477897107601 -0.10690800845623016 -0.004180852323770523 -0.008803598582744598 0.999952495098114 5.763176441192627
0.9999443888664246 0.009015355259180069 0.005460094660520554 -0.03685068339109421 -0.009081951342523098 0.9998831748962402 0.012297527864575386 -0.11751539260149002 -0.005348589271306992 -0.012346434406936169 0.9999094605445862 6.391528606414795
0.9999425411224365 0.008303680457174778 0.006773039698600769 -0.04018855839967728 -0.008401798084378242 0.9998582601547241 0.014589205384254456 -0.12661877274513245 -0.006650935858488083 -0.014645272865891457 0.9998706579208374 6.996061325073242
0.9999316334724426 0.008900248445570469 0.007584678009152412 -0.025278225541114807 -0.00900923740118742 0.9998548626899719 0.01445835456252098 -0.13655410706996918 -0.007454893086105585 -0.014525699429214 0.9998666644096375 7.581439971923828
0.99991774559021 0.009540282189846039 0.008571203798055649 -0.02235310524702072 -0.009642237797379494 0.9998822808265686 0.01193345244973898 -0.1460743546485901 -0.008456348441541195 -0.012015117332339287 0.9998920559883118 8.133913040161133
0.9999089241027832 0.009585964493453503 0.009497661143541336 -0.02250644564628601 -0.0096703190356493 0.9999138712882996 0.00887594185769558 -0.14768725633621216 -0.009411758743226528 -0.008966978639364243 0.9999155402183533 8.665366172790527
0.9999075531959534 0.008019856177270412 0.010977313853800297 -0.009733900427818298 -0.008103219792246819 0.999938428401947 0.007570777088403702 -0.15748891234397888 -0.010915922932326794 -0.007659027352929115 0.9999110698699951 9.163678169250488
0.9999077916145325 0.0040947007946670055 0.012949103489518166 -0.001384742558002472 -0.004161785822361708 0.9999780654907227 0.005157960578799248 -0.16204771399497986 -0.012927698902785778 -0.005211377516388893 0.9999028444290161 9.62981128692627
0.999887228012085 0.002128303050994873 0.014860819093883038 0.004079073667526245 -0.00219222460873425 0.9999885559082031 0.004286416806280613 -0.17191526293754578 -0.014851524494588375 -0.004318512976169586 0.999880313873291 10.06801700592041
0.9998385906219482 0.006443473510444164 0.016766995191574097 0.00915786623954773 -0.006480459123849869 0.9999767541885376 0.002152474829927087 -0.1808062344789505 -0.016752732917666435 -0.002260785549879074 0.9998570680618286 10.482956886291504
0.9997444748878479 0.01085627917200327 0.019827451556921005 0.00865083932876587 -0.01088879443705082 0.999939501285553 0.0015326831489801407 -0.19018909335136414 -0.01980961672961712 -0.0017481890972703695 0.9998022317886353 10.867701530456543
0.9996748566627502 0.01109759509563446 0.02296018972992897 0.019335374236106873 -0.011161827482283115 0.9999341368675232 0.0026712340768426657 -0.19974572956562042 -0.022929031401872635 -0.0029266425408422947 0.9997327923774719 11.21433162689209
0.9996377229690552 0.0067893462255597115 0.026045475155115128 0.034292638301849365 -0.006876264698803425 0.9999710917472839 0.0032490643206983805 -0.20728956162929535 -0.026022663339972496 -0.003426983021199703 0.9996554255485535 11.52979564666748
0.9995844960212708 0.0025766934268176556 0.028708698228001595 0.04928559064865112 -0.002657649340108037 0.9999926090240479 0.0027821038383990526 -0.20834793150424957 -0.028701316565275192 -0.0028572457376867533 0.999583899974823 11.810601234436035
0.999516487121582 -0.000839904067106545 0.03108074888586998 0.06487110257148743 0.0007101226947270334 0.9999910593032837 0.004186423495411873 -0.21353285014629364 -0.031083988025784492 -0.004162328317761421 0.9995081424713135 12.068581581115723
0.9994381070137024 -0.0012041963636875153 0.03349523991346359 0.07467249035835266 0.0010268185287714005 0.9999853372573853 0.005312319379299879 -0.22070719301700592 -0.033501144498586655 -0.005274940747767687 0.9994247555732727 12.300639152526855
0.99936443567276 -0.0005888896412216127 0.03564121201634407 0.08044588565826416 0.0004345514462329447 0.9999904632568359 0.004337916150689125 -0.22564849257469177 -0.035643432289361954 -0.004319671541452408 0.9993552565574646 12.502524375915527
0.9993066787719727 1.833871465350967e-05 0.037229008972644806 0.10112866759300232 -0.0001348478253930807 0.9999951720237732 0.003127017989754677 -0.23398727178573608 -0.037228770554065704 -0.003129870630800724 0.9993018507957458 12.70472526550293
0.9991806149482727 0.0024324299301952124 0.04040069133043289 0.09632766246795654 -0.0025267910677939653 0.9999942183494568 0.002284729853272438 -0.238152414560318 -0.04039490222930908 -0.0023849420249462128 0.9991808533668518 12.858406066894531
0.9991021156311035 0.005117293447256088 0.04205834120512009 0.10053521394729614 -0.0051981741562485695 0.9999849200248718 0.0018139256862923503 -0.2458098828792572 -0.04204842448234558 -0.002030923729762435 0.9991135001182556 13.026360511779785
0.9990348815917969 0.006849382538348436 0.043386004865169525 0.10602578520774841 -0.006868409924209118 0.999976396560669 0.00028952513821423054 -0.2520120143890381 -0.043383002281188965 -0.000587238697335124 0.9990584254264832 13.18393325805664
0.9989588856697083 0.00573805021122098 0.04525788128376007 0.11576628684997559 -0.005683825816959143 0.9999829530715942 -0.0013267295435070992 -0.2592420279979706 -0.045264728367328644 0.001068110577762127 0.9989744424819946 13.332942962646484
0.9988827109336853 0.004852464888244867 0.047006942331790924 0.11781251430511475 -0.004715995397418737 0.9999843239784241 -0.0030136345885694027 -0.26115095615386963 -0.04702083021402359 0.002788583282381296 0.9988899827003479 13.470375061035156
0.9988250732421875 0.003939734771847725 0.04829935356974602 0.12761127948760986 -0.0037559731863439083 0.9999853372573853 -0.0038947947323322296 -0.26372063159942627 -0.04831399396061897 0.0037088077515363693 0.9988253116607666 13.604447364807129
0.9987636208534241 0.0045904493890702724 0.04949909821152687 0.13762342929840088 -0.0043410127982497215 0.9999774098396301 -0.00514556560665369 -0.26795315742492676 -0.04952159523963928 0.00492432713508606 0.9987609386444092 13.740533828735352
0.9986848831176758 0.005346778780221939 0.050987593829631805 0.14179575443267822 -0.004994113929569721 0.9999626874923706 -0.007041556760668755 -0.2745521366596222 -0.05102333799004555 0.006777659989893436 0.9986743927001953 13.85824203491211
0.9986245632171631 0.005620121490210295 0.05212736502289772 0.1439608931541443 -0.005119352135807276 0.999939501285553 -0.009735207073390484 -0.2718406319618225 -0.052178919315338135 0.009454959072172642 0.9985929131507874 13.982730865478516
0.9986055493354797 0.004704839549958706 0.05258075147867203 0.15608561038970947 -0.004088585264980793 0.9999217391014099 -0.011821573600172997 -0.2773360013961792 -0.052632249891757965 0.011590109206736088 0.9985466599464417 14.108377456665039
0.9986300468444824 0.004137702751904726 0.05216173082590103 0.16238141059875488 -0.003432318801060319 0.999901533126831 -0.013605354353785515 -0.28020402789115906 -0.05221289396286011 0.01340768113732338 0.9985459446907043 14.231587409973145
0.9987386465072632 0.0036262318026274443 0.050078731030225754 0.16834163665771484 -0.002883120207116008 0.9998847246170044 -0.014903134666383266 -0.28435128927230835 -0.05012700706720352 0.014739954844117165 0.9986340403556824 14.359768867492676
0.9988858103752136 0.003256553551182151 0.047081634402275085 0.17170703411102295 -0.002525810617953539 0.999875545501709 -0.015571929514408112 -0.2899051606655121 -0.04712648689746857 0.015435661189258099 0.9987695813179016 14.483776092529297
0.9990628361701965 0.004200655966997147 0.04307716339826584 0.17323127388954163 -0.003471726318821311 0.9998497366905212 -0.01698235794901848 -0.2884999215602875 -0.04314202070236206 0.016816893592476845 0.9989274144172668 14.608052253723145
0.9993094801902771 0.003780666273087263 0.036961644887924194 0.17740383744239807 -0.003104231785982847 0.999826967716217 -0.018341273069381714 -0.2900010347366333 -0.037024591118097305 0.018213870003819466 0.9991483092308044 14.74541187286377
0.9995226263999939 0.004072641022503376 0.03062523528933525 0.16738221049308777 -0.0035035167820751667 0.9998205900192261 -0.018614260479807854 -0.2980749011039734 -0.03069555014371872 0.018498074263334274 0.9993575811386108 14.848804473876953
0.9997099041938782 0.004519278183579445 0.02365129441022873 0.16046473383903503 -0.004058356396853924 0.9998016357421875 -0.019500060006976128 -0.2975420355796814 -0.023734726011753082 0.019398419186472893 0.999530017375946 14.974483489990234
0.9998767375946045 0.003694735234603286 0.015257788822054863 0.15685883164405823 -0.00338307349011302 0.9997861981391907 -0.02040191926062107 -0.3019806146621704 -0.015329903922975063 0.020347783342003822 0.999675452709198 15.102500915527344
0.9999816417694092 0.003072139574214816 0.005218807607889175 0.14879409968852997 -0.0029586926102638245 0.9997621178627014 -0.02160855382680893 -0.30385926365852356 -0.005283951759338379 0.021592717617750168 0.999752938747406 15.237357139587402
0.9999678730964661 0.001388931879773736 -0.007891915738582611 0.1392281949520111 -0.0015707004349678755 0.9997326135635376 -0.02307295985519886 -0.3098812699317932 0.007857762277126312 0.0230846144258976 0.9997025728225708 15.385732650756836
0.9997153282165527 0.0006013346719555557 -0.023850038647651672 0.11690935492515564 -0.0012020391877740622 0.9996821880340576 -0.025180388242006302 -0.31010428071022034 0.023827319964766502 0.025201886892318726 0.9993983507156372 15.54227352142334
0.999069333076477 0.0009370889747515321 -0.043122246861457825 0.09079939126968384 -0.002074614865705371 0.999650776386261 -0.026341907680034637 -0.3109508752822876 0.043082498013973236 0.026406852528452873 0.9987224340438843 15.724926948547363
0.9978954792022705 0.001948583871126175 -0.0648127943277359 0.053475022315979004 -0.0036336667835712433 0.9996581077575684 -0.02589152380824089 -0.31771448254585266 0.06474018841981888 0.026072543114423752 0.9975613951683044 15.8956298828125
0.9960658550262451 0.0022315052337944508 -0.08858821541070938 0.018502354621887207 -0.004404608625918627 0.9996939897537231 -0.024342484772205353 -0.3275037109851837 0.088506780564785 0.02463691122829914 0.9957708120346069 16.096738815307617
0.9933443069458008 0.0030374673660844564 -0.11514206230640411 -0.02776646614074707 -0.005704488139599562 0.9997227787971497 -0.022840455174446106 -0.33348315954208374 0.11504077166318893 0.023345263674855232 0.9930863976478577 16.312259674072266
0.9894018173217773 0.004233202431350946 -0.1451418250799179 -0.0956869125366211 -0.007271902170032263 0.999765157699585 -0.020411929115653038 -0.3445410132408142 0.14502134919166565 0.021251052618026733 0.9892002940177917 16.5395450592041
0.98393315076828 0.004286016337573528 -0.1784852147102356 -0.16718626022338867 -0.007483416236937046 0.999823272228241 -0.017244698479771614 -0.34479475021362305 0.17837977409362793 0.01830330677330494 0.9837915301322937 16.793304443359375
0.9766109585762024 0.005487589165568352 -0.21494370698928833 -0.2595551013946533 -0.00850276742130518 0.9998778700828552 -0.01310565136373043 -0.3547607958316803 0.21484556794166565 0.01462673768401146 0.9765384793281555 17.033470153808594
0.9669742584228516 0.006866887211799622 -0.25478142499923706 -0.36177992820739746 -0.009160256944596767 0.9999274015426636 -0.007815890945494175 -0.35739099979400635 0.25470930337905884 0.009891627356410027 0.9669671058654785 17.28995132446289
0.9550780057907104 0.010784846730530262 -0.2961582541465759 -0.4828453063964844 -0.012181025929749012 0.9999216794967651 -0.0028695096261799335 -0.3620484173297882 0.2961041033267975 0.006348116789013147 0.9551345705986023 17.561580657958984
0.9409240484237671 0.014266878366470337 -0.3383171558380127 -0.6223340034484863 -0.014678746461868286 0.9998913407325745 0.0013411780819296837 -0.3639639616012573 0.33829957246780396 0.0037041257601231337 0.9410311579704285 17.83407974243164
0.9241166710853577 0.016802722588181496 -0.3817407488822937 -0.7761082649230957 -0.015170498751103878 0.9998583197593689 0.007285131607204676 -0.3692280650138855 0.3818090558052063 -0.0009411140345036983 0.9242407083511353 18.11551284790039
0.904830276966095 0.020232034847140312 -0.4252915382385254 -0.9324584007263184 -0.015336786396801472 0.9997708797454834 0.014931434765458107 -0.37541934847831726 0.4254961609840393 -0.0069878073409199715 0.9049332737922668 18.383060455322266
0.8830282092094421 0.024290159344673157 -0.4686908423900604 -1.108036994934082 -0.016126593574881554 0.9996404051780701 0.02142389863729477 -0.3726494312286377 0.46904268860816956 -0.011359523981809616 0.8831024765968323 18.646684646606445
0.8582851886749268 0.029789410531520844 -0.5123076438903809 -1.3242383003234863 -0.01910199411213398 0.999476432800293 0.026114892214536667 -0.37605494260787964 0.5128173232078552 -0.012627932243049145 0.8584048748016357 18.927894592285156
0.8302798867225647 0.03416125103831291 -0.5562987327575684 -1.5384502410888672 -0.020864645019173622 0.9993253946304321 0.030226029455661774 -0.38623911142349243 0.5569559931755066 -0.013489090837538242 0.8304324746131897 19.181354522705078
0.7991318702697754 0.0374407060444355 -0.599988579750061 -1.7983884811401367 -0.02302529104053974 0.9992325901985168 0.03168681263923645 -0.37514835596084595 0.6007146239280701 -0.011507033370435238 0.7993806600570679 19.4620418548584
0.7652856707572937 0.040585968643426895 -0.6424099802970886 -2.070828437805176 -0.023613417521119118 0.9991084933280945 0.03499133512377739 -0.3726460337638855 0.6432576179504395 -0.011608870700001717 0.7655619382858276 19.729230880737305
0.7281628847122192 0.044613536447286606 -0.6839506030082703 -2.3750791549682617 -0.02483467385172844 0.9989414215087891 0.03872007876634598 -0.35571539402008057 0.6849541068077087 -0.011208835057914257 0.7285000681877136 20.00506591796875
0.6885240077972412 0.04472198337316513 -0.7238333225250244 -2.6988162994384766 -0.02174188941717148 0.9989209771156311 0.04103696346282959 -0.33412283658981323 0.7248876094818115 -0.012517429888248444 0.6887534260749817 20.278770446777344
0.6478667259216309 0.04486934468150139 -0.760431170463562 -3.0703229904174805 -0.019472502171993256 0.9989129900932312 0.04235095530748367 -0.31751352548599243 0.7615049481391907 -0.012630272656679153 0.6480361819267273 20.554431915283203
0.6067530512809753 0.043917007744312286 -0.7936762571334839 -3.442816734313965 -0.013973289169371128 0.9989076256752014 0.044590845704078674 -0.31255072355270386 0.794767439365387 -0.01596536673605442 0.6067039370536804 20.77138328552246
0.5612295866012573 0.043215107172727585 -0.8265312910079956 -3.844172477722168 -0.008890429511666298 0.998893141746521 0.04619026929140091 -0.28889596462249756 0.8276125192642212 -0.018575122579932213 0.5609924793243408 21.022106170654297
0.5152295231819153 0.045488391071558 -0.8558441996574402 -4.282108306884766 -0.007117248140275478 0.9987831711769104 0.048800960183143616 -0.2760987877845764 0.8570227026939392 -0.01905243657529354 0.5149263143539429 21.231006622314453
0.46533066034317017 0.0449751615524292 -0.8839935064315796 -4.734645843505859 -0.00663496321067214 0.9988573789596558 0.047326501458883286 -0.24974286556243896 0.8851120471954346 -0.016157209873199463 0.4650973677635193 21.424503326416016
0.4134887158870697 0.04433755576610565 -0.9094290733337402 -5.196955680847168 -0.0009844107553362846 0.9988349080085754 0.04824879392981529 -0.2377111315727234 0.9105087518692017 -0.01905507780611515 0.4130505323410034 21.599363327026367
0.3592686653137207 0.043376706540584564 -0.9322255253791809 -5.6984968185424805 0.004211775492876768 0.9988335967063904 0.04809916764497757 -0.21731328964233398 0.9332246780395508 -0.021206850185990334 0.35866695642471313 21.773658752441406
0.30448850989341736 0.04209281504154205 -0.9515854716300964 -6.224656581878662 0.007274145260453224 0.9988911747932434 0.04651293158531189 -0.19044840335845947 0.9524881839752197 -0.021084623411297798 0.3038446605205536 21.916109085083008
0.2518795430660248 0.04814256355166435 -0.9665603041648865 -6.795222282409668 0.008059749379754066 0.9986228942871094 0.05183985084295273 -0.16119921207427979 0.9677250385284424 -0.020847631618380547 0.251144677400589 22.02044105529785
0.20085233449935913 0.053454022854566574 -0.9781620502471924 -7.384979248046875 0.011280587874352932 0.9983177185058594 0.056871794164180756 -0.13887745141983032 0.9795565605163574 -0.022457074373960495 0.1999114751815796 22.10799789428711
0.15282133221626282 0.05409333109855652 -0.9867722988128662 -7.9789581298828125 0.01654832251369953 0.9982208013534546 0.057283755391836166 -0.10461831092834473 0.9881152510643005 -0.02508360520005226 0.15165427327156067 22.18253517150879
0.10833212733268738 0.05551530048251152 -0.9925634860992432 -8.597298622131348 0.018903382122516632 0.9981439113616943 0.057890620082616806 -0.08127683401107788 0.9939349889755249 -0.02503422275185585 0.10708163678646088 22.226564407348633
0.06843052804470062 0.053922757506370544 -0.9961975812911987 -9.231598854064941 0.018978014588356018 0.9982872605323792 0.055339500308036804 -0.052969157695770264 0.997475266456604 -0.022692760452628136 0.06728997081518173 22.23363494873047
0.03253902122378349 0.04949503764510155 -0.9982441663742065 -9.87218952178955 0.017069611698389053 0.9985998272895813 0.05006907507777214 -0.019420325756072998 0.9993246793746948 -0.01866884157061577 0.031648602336645126 22.236494064331055
0.0041898153722286224 0.049318134784698486 -0.9987742900848389 -10.5474214553833 0.0146709606051445 0.9986725449562073 0.049374647438526154 0.018256545066833496 0.9998835921287537 -0.014859852381050587 0.0034607071429491043 22.212106704711914
-0.017133597284555435 0.05356330797076225 -0.9984174370765686 -11.245562553405762 0.013631672598421574 0.9984837174415588 0.05333292856812477 0.048680901527404785 0.9997602105140686 -0.012696313671767712 -0.017837774008512497 22.1887149810791
-0.029962697997689247 0.05950026586651802 -0.9977785348892212 -11.971670150756836 0.015068382024765015 0.9981401562690735 0.05906934291124344 0.08406352996826172 0.9994374513626099 -0.013265030458569527 -0.03080354630947113 22.155475616455078
-0.03812608867883682 0.06225423514842987 -0.997331976890564 -12.71278190612793 0.014853687025606632 0.9979826807975769 0.061727020889520645 0.11601918935775757 0.9991625547409058 -0.012460648082196712 -0.038973886519670486 22.123069763183594
-0.041711073368787766 0.05951366573572159 -0.997355580329895 -13.473438262939453 0.015908587723970413 0.9981374144554138 0.058894991874694824 0.1522558331489563 0.999002993106842 -0.013409946113824844 -0.042580168694257736 22.084293365478516
-0.04098137468099594 0.05563103407621384 -0.9976099729537964 -14.254778861999512 0.02347460575401783 0.9982268810272217 0.05470109358429909 0.18972575664520264 0.9988842010498047 -0.02117677591741085 -0.04221462830901146 22.05645751953125
-0.03675905987620354 0.053933292627334595 -0.9978677034378052 -15.059173583984375 0.03506539762020111 0.9979972243309021 0.05264857038855553 0.23435288667678833 0.9987087249755859 -0.03305531665682793 -0.038576629012823105 22.04084014892578
-0.0309809111058712 0.054216329008340836 -0.9980484843254089 -15.882807731628418 0.035700250416994095 0.9979506731033325 0.053102824836969376 0.27115631103515625 0.9988821744918823 -0.033985406160354614 -0.03285295516252518 22.01634979248047
-0.025913337245583534 0.05293799936771393 -0.9982614517211914 -16.734167098999023 0.033678580075502396 0.9980762004852295 0.05205392837524414 0.3019719123840332 0.999096691608429 -0.0322711318731308 -0.027646364644169807 21.986600875854492
-0.02286146953701973 0.046303801238536835 -0.9986658096313477 -17.59972381591797 0.03730103746056557 0.9982708096504211 0.04543159529566765 0.3425820469856262 0.9990425109863281 -0.036212630569934845 -0.024549122899770737 21.976821899414062
-0.020772894844412804 0.035513851791620255 -0.999153196811676 -18.48273277282715 0.03488943353295326 0.9987859129905701 0.034775421023368835 0.38078027963638306 0.9991752505302429 -0.03413750231266022 -0.021986735984683037 21.956750869750977
-0.02022647298872471 0.027276771143078804 -0.9994232058525085 -19.380739212036133 0.027443667873740196 0.9992662668228149 0.026717068627476692 0.4060007333755493 0.9994186758995056 -0.026887452229857445 -0.020960208028554916 21.92317008972168
-0.02142915688455105 0.02436237782239914 -0.9994735717773438 -20.29710578918457 0.021870633587241173 0.9994752407073975 0.023893512785434723 0.43199050426483154 0.999531090259552 -0.021347105503082275 -0.0219507347792387 21.88750648498535
-0.02506626769900322 0.030561236664652824 -0.9992185235023499 -21.256650924682617 0.012456245720386505 0.9994646906852722 0.030256282538175583 0.4512191712856293 0.9996080994606018 -0.011688100174069405 -0.025433527305722237 21.84941864013672
-0.030072491616010666 0.038826774805784225 -0.998793363571167 -22.220232009887695 0.007979080080986023 0.9992228150367737 0.03860323131084442 0.4761239290237427 0.9995157718658447 -0.0068085575476288795 -0.030358925461769104 21.8023681640625
-0.03455059975385666 0.04828809201717377 -0.9982357621192932 -23.192798614501953 0.006521338596940041 0.9988217353820801 0.048090726137161255 0.5129799246788025 0.9993815422058105 -0.004848271142691374 -0.03482479602098465 21.755544662475586
-0.036344014108181 0.05822354182600975 -0.9976418018341064 -24.231935501098633 0.005048298742622137 0.998299241065979 0.058078017085790634 0.5545027852058411 0.9993265867233276 -0.002925605745986104 -0.03657613322138786 21.717947006225586
-0.03725401684641838 0.06604761630296707 -0.9971207976341248 -25.250389099121094 0.007097077555954456 0.9978057742118835 0.06582784652709961 0.6007242202758789 0.999280571937561 -0.004624292720109224 -0.037641022354364395 21.67707061767578
-0.038975831121206284 0.06686806678771973 -0.9970003962516785 -26.28130340576172 0.008014371618628502 0.9977471828460693 0.0666048601269722 0.6568362712860107 0.9992079734802246 -0.005394350737333298 -0.03942393884062767 21.637632369995117
-0.040483735501766205 0.06389462947845459 -0.9971351623535156 -27.282241821289062 0.0066087148152291775 0.9979485273361206 0.06367843598127365 0.7087477445602417 0.9991582632064819 -0.004011840093880892 -0.04082294926047325 21.58898162841797
-0.0434919111430645 0.0590352863073349 -0.9973080158233643 -28.29863166809082 0.006324940361082554 0.998248815536499 0.058815158903598785 0.7567515969276428 0.9990337491035461 -0.003749929368495941 -0.04378914460539818 21.54140281677246
-0.0478670634329319 0.05398848280310631 -0.9973936080932617 -29.335208892822266 0.006442111451178789 0.9985341429710388 0.053741052746772766 0.8019164800643921 0.9988328814506531 -0.003852893365547061 -0.048144690692424774 21.4820499420166
-0.053449515253305435 0.049339666962623596 -0.9973508715629578 -30.354022979736328 0.006569454446434975 0.9987743496894836 0.04905802011489868 0.8450344800949097 0.9985490441322327 -0.0039299228228628635 -0.05370813608169556 21.423402786254883
-0.060009073466062546 0.04738505557179451 -0.9970725178718567 -31.376617431640625 0.005680841859430075 0.9988726377487183 0.04712871089577675 0.886833667755127 0.9981817603111267 -0.0028360604774206877 -0.060210611671209335 21.344655990600586
-0.06695299595594406 0.04974469915032387 -0.9965153336524963 -32.42666244506836 0.0058619920164346695 0.9987586736679077 0.04946284368634224 0.9286962151527405 0.9977388978004456 -0.0025298791006207466 -0.06716149300336838 21.274995803833008
-0.0733480155467987 0.05458449199795723 -0.9958116412162781 -33.495304107666016 0.0043119932524859905 0.9985090494155884 0.05441476032137871 0.971268892288208 0.9972971081733704 -0.00030271767172962427 -0.07347402721643448 21.18929672241211
-0.0792827382683754 0.05762726441025734 -0.9951850771903992 -34.546627044677734 0.0012887699995189905 0.9983326196670532 0.057706862688064575 1.0116260051727295 0.9968513250350952 0.0032925931736826897 -0.07922482490539551 21.089038848876953
-0.0842532142996788 0.059897731989622116 -0.994642436504364 -35.616275787353516 -0.0012011482613161206 0.9981848001480103 0.060212794691324234 1.0588845014572144 0.9964436292648315 0.006267834920436144 -0.08402832597494125 20.99749755859375
-0.08689938485622406 0.06103295087814331 -0.9943457841873169 -36.69202423095703 -0.006006226874887943 0.9980713129043579 0.061786528676748276 1.1123547554016113 0.9961989521980286 0.011341478675603867 -0.08636520802974701 20.891109466552734
-0.08834776282310486 0.062333717942237854 -0.9941374063491821 -37.75597381591797 -0.01042818371206522 0.9979275465011597 0.06349809467792511 1.1659015417099 0.9960350394248962 0.015976963564753532 -0.08751463890075684 20.781034469604492
-0.08988939225673676 0.061965521425008774 -0.9940221905708313 -38.84113311767578 -0.010922012850642204 0.997941255569458 0.06319750845432281 1.2147555351257324 0.995891809463501 0.016537506133317947 -0.08902756869792938 20.675556182861328
-0.09126032888889313 0.06134071201086044 -0.9939359426498413 -39.92274475097656 -0.011328669264912605 0.9979724884033203 0.06262999027967453 1.2661280632019043 0.9957626461982727 0.016975605860352516 -0.09038037806749344 20.566457748413086
-0.0923592820763588 0.06025898456573486 -0.993900716304779 -41.007667541503906 -0.012405339628458023 0.9980199933052063 0.06166151538491249 1.3245038986206055 0.9956485629081726 0.018024686723947525 -0.09142886847257614 20.464088439941406
-0.09312520176172256 0.05941955745220184 -0.9938797354698181 -42.096187591552734 -0.014726825058460236 0.9980261921882629 0.06104733794927597 1.3776097297668457 0.9955454468727112 0.020321739837527275 -0.09206633269786835 20.351255416870117
-0.09392959624528885 0.05689890310168266 -0.9939515590667725 -43.16908264160156 -0.01938282698392868 0.9980717897415161 0.05896648019552231 1.4257310628890991 0.9953901171684265 0.024804288521409035 -0.09264560043811798 20.23764419555664
-0.0941987931728363 0.05187282711267471 -0.994201123714447 -44.254730224609375 -0.02417486160993576 0.9982280731201172 0.05437346175312996 1.475301742553711 0.9952598810195923 0.02915658801794052 -0.09277785569429398 20.125972747802734
-0.09349735826253891 0.05129459500312805 -0.9942973852157593 -45.36502456665039 -0.026076247915625572 0.9982032179832458 0.05394814535975456 1.5213192701339722 0.9952779412269592 0.030971553176641464 -0.09199181199073792 20.013198852539062
-0.09183545410633087 0.05542787164449692 -0.994230329990387 -46.47365951538086 -0.026931602507829666 0.9979462027549744 0.058122649788856506 1.5685193538665771 0.9954099059104919 0.0321139357984066 -0.09015408903360367 19.906017303466797
-0.09008537232875824 0.05889483168721199 -0.9941911101341248 -47.58146667480469 -0.026963233947753906 0.9977397918701172 0.06154823675751686 1.610339641571045 0.9955689907073975 0.03235120698809624 -0.08829376101493835 19.80322265625
-0.0888340026140213 0.05836489424109459 -0.9943349361419678 -48.68691635131836 -0.025146974250674248 0.9978321194648743 0.060816798359155655 1.6673598289489746 0.9957289099693298 0.030407115817070007 -0.08717372268438339 19.704179763793945
-0.08592616766691208 0.05757630616426468 -0.9946364164352417 -49.80719757080078 -0.024793868884444237 0.9978960156440735 0.059906914830207825 1.7203075885772705 0.9959929585456848 0.02980845980346203 -0.08431783318519592 19.597427368164062
-0.0818663015961647 0.05776931345462799 -0.9949676394462585 -50.92753601074219 -0.029265519231557846 0.997748851776123 0.060338765382766724 1.7790234088897705 0.9962135553359985 0.03405795991420746 -0.07999136298894882 19.49311065673828
-0.07604895532131195 0.05882260575890541 -0.9953674077987671 -52.06145095825195 -0.0341549888253212 0.99751877784729 0.0615592859685421 1.8266568183898926 0.9965189099311829 0.038678281009197235 -0.07385117560625076 19.392724990844727
-0.07027644664049149 0.058445535600185394 -0.9958139061927795 -53.18029022216797 -0.03785000368952751 0.9974068999290466 0.06121017783880234 1.8798714876174927 0.9968091249465942 0.04199319705367088 -0.06788206100463867 19.303834915161133
-0.06443365663290024 0.057326044887304306 -0.9962739944458008 -54.33213424682617 -0.039805736392736435 0.9974063634872437 0.059965621680021286 1.942055106163025 0.9971277713775635 0.043521225452423096 -0.06198463961482048 19.221054077148438
-0.05861540138721466 0.05644435063004494 -0.9966835975646973 -55.467708587646484 -0.03959101065993309 0.9974833726882935 0.05881800130009651 1.997035264968872 0.9974952340126038 0.042907364666461945 -0.05623319745063782 19.14994239807129
-0.05342071130871773 0.056117527186870575 -0.9969939589500427 -56.614784240722656 -0.0378090925514698 0.9975900650024414 0.058176953345537186 2.0511584281921387 0.997856080532074 0.040803294628858566 -0.051170215010643005 19.08675193786621
-0.0480312705039978 0.056892029941082 -0.9972242712974548 -57.75153732299805 -0.03680673986673355 0.9975977540016174 0.05868613347411156 2.101161003112793 0.9981675148010254 0.039523348212242126 -0.04582187905907631 19.02985191345215
-0.04189259931445122 0.05852479115128517 -0.9974066019058228 -58.90791702270508 -0.03596535325050354 0.9975476264953613 0.06004367023706436 2.1516714096069336 0.9984745979309082 0.03838745877146721 -0.03968500345945358 18.971834182739258
-0.03648504614830017 0.05997514724731445 -0.997532844543457 -60.063148498535156 -0.03630566969513893 0.9974589347839355 0.061298586428165436 2.2038192749023438 0.9986746311187744 0.03845257684588432 -0.034214895218610764 18.92586898803711
-0.031584616750478745 0.05910508707165718 -0.9977519512176514 -61.20842361450195 -0.03578134626150131 0.9975432753562927 0.060225408524274826 2.255384922027588 0.9988604187965393 0.03760310634970665 -0.029392164200544357 18.893779754638672
-0.02671988680958748 0.05453789606690407 -0.9981540441513062 -62.3619384765625 -0.03617691993713379 0.997803807258606 0.05548718199133873 2.30918550491333 0.9989880323410034 0.037592753767967224 -0.02468818798661232 18.85552978515625
-0.021924566477537155 0.04927767440676689 -0.9985443949699402 -63.51865768432617 -0.03628615662455559 0.9980872273445129 0.05005182325839996 2.3499529361724854 0.999100923538208 0.037330713123083115 -0.020094528794288635 18.820016860961914
-0.018069732934236526 0.04889747500419617 -0.9986403584480286 -64.67450714111328 -0.03611103445291519 0.9981197714805603 0.04952539876103401 2.3923563957214355 0.9991843700408936 0.03695684298872948 -0.016270019114017487 18.793149948120117
-0.014522824436426163 0.051373742520809174 -0.998573899269104 -65.84326934814453 -0.035509657114744186 0.998022735118866 0.051861826330423355 2.4326043128967285 0.9992638230323792 0.03621219843626022 -0.012669844552874565 18.763080596923828
-0.013098067604005337 0.05121123790740967 -0.9986020922660828 -67.02903747558594 -0.035269320011138916 0.9980425238609314 0.05164516344666481 2.471684694290161 0.9992920160293579 0.03589646518230438 -0.011266243644058704 18.751955032348633
-0.011899659410119057 0.05056975781917572 -0.9986496567726135 -68.20143127441406 -0.03708599880337715 0.9980109333992004 0.05097931995987892 2.5246644020080566 0.999241292476654 0.03764255344867706 -0.010000559501349926 18.727821350097656
-0.011159985326230526 0.05193598195910454 -0.9985880255699158 -69.35724639892578 -0.03830311819911003 0.9978951811790466 0.05232800543308258 2.5622940063476562 0.9992038011550903 0.038833022117614746 -0.00914718396961689 18.714372634887695
-0.010295981541275978 0.05184875801205635 -0.9986018538475037 -70.55034637451172 -0.03845030069351196 0.9978957176208496 0.052208539098501205 2.603452682495117 0.9992074370384216 0.03893408551812172 -0.00828071590512991 18.69805908203125
-0.009482729248702526 0.049783896654844284 -0.9987148642539978 -71.72147369384766 -0.038870710879564285 0.9979867339134216 0.05011667311191559 2.647834300994873 0.9991992115974426 0.03929600492119789 -0.0075285001657903194 18.68524742126465
-0.008322874084115028 0.04784160852432251 -0.9988201856613159 -72.90306091308594 -0.037139005959033966 0.9981508851051331 0.04811901971697807 2.699221611022949 0.9992754459381104 0.0374956876039505 -0.006530693732202053 18.665403366088867
-0.00828442070633173 0.04831462725996971 -0.9987978339195251 -74.09840393066406 -0.033669378608465195 0.998252272605896 0.04856749624013901 2.7285923957824707 0.9993987083435059 0.03403124585747719 -0.006643218919634819 18.660606384277344
-0.007837122306227684 0.048744700849056244 -0.9987805485725403 -75.28400421142578 -0.03164912760257721 0.9982987642288208 0.04896952584385872 2.774095058441162 0.9994683265686035 0.03199430927634239 -0.0062810624949634075 18.64725112915039
-0.007379327900707722 0.05168749764561653 -0.9986361265182495 -76.46247863769531 -0.031522806733846664 0.998154878616333 0.05189552903175354 2.810727119445801 0.9994757771492004 0.031862761825323105 -0.005736377090215683 18.63034439086914
-0.007109454367309809 0.05536879971623421 -0.998440682888031 -77.67415618896484 -0.03352247178554535 0.9978914856910706 0.05557704344391823 2.8550825119018555 0.9994125962257385 0.03386532515287399 -0.0052383653819561005 18.61423110961914
-0.006225829944014549 0.05547264963388443 -0.9984408617019653 -78.85098266601562 -0.03562399744987488 0.9978141188621521 0.05565996095538139 2.90058970451355 0.9993458986282349 0.03591499105095863 -0.004236062988638878 18.59687614440918
-0.0058693792670965195 0.05297071114182472 -0.9985789060592651 -80.02567291259766 -0.0372951366007328 0.9978895783424377 0.05315336585044861 2.9481594562530518 0.9992870688438416 0.03755411133170128 -0.003881443291902542 18.58313751220703
-0.006379316560924053 0.050237927585840225 -0.9987170100212097 -81.2349624633789 -0.036564216017723083 0.9980576038360596 0.050438325852155685 3.0011115074157715 0.9993109703063965 0.036839064210653305 -0.004530014470219612 18.578947067260742
-0.006023619323968887 0.04974400997161865 -0.9987438321113586 -82.4160385131836 -0.03430226445198059 0.9981639385223389 0.049922000616788864 3.0415663719177246 0.9993933439254761 0.034559886902570724 -0.004306227434426546 18.5650634765625
-0.006187929306179285 0.05116866156458855 -0.9986708760261536 -83.60358428955078 -0.03359908238053322 0.9981153607368469 0.05134839564561844 3.0776331424713135 0.9994162321090698 0.03387216106057167 -0.0044570486061275005 18.557676315307617
-0.005884392186999321 0.053767599165439606 -0.9985361695289612 -84.77220916748047 -0.03266069293022156 0.9980103373527527 0.05393175408244133 3.1208648681640625 0.9994491338729858 0.03293024003505707 -0.0041165961883962154 18.549293518066406
-0.005547674838453531 0.056188300251960754 -0.9984048008918762 -85.94841003417969 -0.03336566686630249 0.9978538155555725 0.05634268745779991 3.161699056625366 0.9994277954101562 0.03362501040101051 -0.003661008318886161 18.540117263793945
-0.004878634586930275 0.05664033442735672 -0.9983826875686646 -87.13581848144531 -0.036088570952415466 0.9977342486381531 0.056779894977808 3.1989753246307373 0.9993366599082947 0.036307208240032196 -0.0028235118370503187 18.51307487487793
-0.004757133312523365 0.05437144637107849 -0.9985094666481018 -88.30677032470703 -0.03547600656747818 0.9978830218315125 0.054506346583366394 3.246317148208618 0.9993591904640198 0.03568242862820625 -0.0028181811794638634 18.507001876831055
-0.004702849313616753 0.05336815118789673 -0.9985637664794922 -89.47920227050781 -0.03407444804906845 0.9979863166809082 0.053497761487960815 3.2851755619049072 0.9994082450866699 0.03427710756659508 -0.0028748896438628435 18.498029708862305
-0.004256959538906813 0.05426418036222458 -0.9985175132751465 -90.62630462646484 -0.0325232557952404 0.9979908466339111 0.054374221712350845 3.328963041305542 0.9994618892669678 0.03270651027560234 -0.0024835586082190275 18.491281509399414
-0.004222874063998461 0.056593988090753555 -0.9983882904052734 -91.80487823486328 -0.03022477962076664 0.9979339241981506 0.05669606849551201 3.382624864578247 0.9995341897010803 0.030415484681725502 -0.0025036088190972805 18.487716674804688
-0.004095034208148718 0.059624288231134415 -0.9982126355171204 -92.97547912597656 -0.029070643708109856 0.9977918863296509 0.05971842259168625 3.4209582805633545 0.9995691180229187 0.029263228178024292 -0.0023526749573647976 18.483600616455078
-0.0037582407239824533 0.061418790370225906 -0.9981050491333008 -94.1438217163086 -0.029673973098397255 0.9976656436920166 0.06150348484516144 3.471499443054199 0.9995526075363159 0.029848884791135788 -0.0019269281765446067 18.475460052490234
-0.0027398657985031605 0.06330067664384842 -0.9979907274246216 -95.31027221679688 -0.03247034549713135 0.9974625706672668 0.06335631757974625 3.524646520614624 0.999468982219696 0.032578691840171814 -0.000677518779411912 18.45330238342285
-0.0029138862155377865 0.06280647963285446 -0.9980214834213257 -96.4621353149414 -0.03448875993490219 0.9974256753921509 0.06286967545747757 3.567918062210083 0.9994008541107178 0.03460371866822243 -0.0007402674527838826 18.453584671020508
-0.0027635321021080017 0.0583781823515892 -0.9982907176017761 -97.6147689819336 -0.03680730238556862 0.9976121783256531 0.05844038352370262 3.6240954399108887 0.9993185997009277 0.03690589219331741 -0.0006081899628043175 18.436922073364258
-0.00252908724360168 0.056719761341810226 -0.9983869194984436 -98.77442169189453 -0.038465674966573715 0.9976457953453064 0.056775085628032684 3.6735942363739014 0.9992567300796509 0.03854721412062645 -0.00034136930480599403 18.425994873046875
-0.0019399274606257677 0.05517548322677612 -0.9984747767448425 -99.93634796142578 -0.03848319128155708 0.997732937335968 0.05520924925804138 3.714794158935547 0.9992573857307434 0.0385315977036953 0.00018779863603413105 18.416826248168945
-0.0019102401565760374 0.05550730600953102 -0.9984564781188965 -101.10272216796875 -0.0371301993727684 0.9977658987045288 0.055539943277835846 3.762968063354492 0.9993086457252502 0.03717897832393646 0.00015502441965509206 18.41925621032715
-0.0018760093953460455 0.0578002892434597 -0.9983264207839966 -102.24760437011719 -0.037386346608400345 0.9976261854171753 0.057830002158880234 3.8072829246520996 0.9992991089820862 0.03743226081132889 0.00028938541072420776 18.40557861328125
