1.0 0.0 0.0 0.0 0.0 1.0 0.0 0.0 0.0 0.0 1.0 0.0
0.9999956488609314 0.0029416403267532587 0.00015132692351471633 -0.005911353975534439 -0.002941846614703536 0.999994695186615 0.0013805130729451776 -0.012899364344775677 -0.00014726514928042889 -0.0013809523079544306 0.9999990463256836 0.7725096940994263
0.9999849200248718 0.005453898571431637 0.0006581834168173373 -0.013362246565520763 -0.005455185193568468 0.9999831914901733 0.001967006828635931 -0.03046536073088646 -0.0006474445108324289 -0.001970567274838686 0.9999978542327881 1.5391662120819092
0.9999769926071167 0.006670731119811535 0.0011928544845432043 -0.021628623828291893 -0.006672899704426527 0.9999760389328003 0.0018233685987070203 -0.048427123576402664 -0.0011806627735495567 -0.001831286703236401 0.999997615814209 2.275115489959717
0.9999623894691467 0.008598370477557182 0.0010873426217585802 -0.024721255525946617 -0.00860001239925623 0.9999618530273438 0.0015141869662329555 -0.061642907559871674 -0.001074281637556851 -0.001523481449112296 0.9999982714653015 3.0023980140686035
0.9999595284461975 0.008817457593977451 0.0017731681000441313 -0.03381664678454399 -0.008819588460028172 0.9999603629112244 0.0011974216904491186 -0.07437435537576675 -0.001762539497576654 -0.0012130121467635036 0.9999977350234985 3.720029592514038
0.9999579787254333 0.008993535302579403 0.001764567568898201 -0.02697967365384102 -0.008997078984975815 0.9999575018882751 0.0020102192647755146 -0.08599374443292618 -0.0017464135307818651 -0.0020260107703506947 0.9999964833259583 4.418086528778076
0.999946653842926 0.009911982342600822 0.0028807285707443953 -0.046165719628334045 -0.009926454164087772 0.9999379515647888 0.005053480621427298 -0.10288658738136292 -0.002830459736287594 -0.00508180633187294 0.9999831914901733 5.0876240730285645
0.9999446868896484 0.00960665661841631 0.004277151543647051 -0.038292109966278076 -0.009644233621656895 0.999914288520813 0.008853140287101269 -0.1082317903637886 -0.004191734828054905 -0.008893899619579315 0.9999516010284424 5.760893821716309
0.9999462366104126 0.008901323191821575 0.005327947437763214 -0.032019153237342834 -0.00896731112152338 0.9998817443847656 0.012492354027926922 -0.11883212625980377 -0.0052161188796162605 -0.012539460323750973 0.9999077320098877 6.39373254776001
0.99994295835495 0.008258717134594917 0.006769477855414152 -0.03651809319853783 -0.008356790989637375 0.9998586177825928 0.014589622616767883 -0.12617702782154083 -0.006648028735071421 -0.01464536041021347 0.9998706579208374 6.99974250793457
0.9999339580535889 0.008780826814472675 0.007413260638713837 -0.02215663343667984 -0.00888868048787117 0.999853253364563 0.01464342512190342 -0.1385142207145691 -0.007283591665327549 -0.014708352275192738 0.9998652935028076 7.5765557289123535
0.9999210834503174 0.009433327242732048 0.008298601023852825 -0.018430572003126144 -0.009533362463116646 0.9998812675476074 0.012098468840122223 -0.14719173312187195 -0.008183486759662628 -0.012176626361906528 0.9998923540115356 8.130154609680176
0.9999135136604309 0.009267258457839489 0.009332896210253239 -0.019253022968769073 -0.009351414628326893 0.9999156594276428 0.009014253504574299 -0.15000469982624054 -0.00924857147037983 -0.009100749157369137 0.9999158382415771 8.660569190979004
0.9999127388000488 0.007894960232079029 0.010591761209070683 -0.004575364291667938 -0.007976265624165535 0.9999388456344604 0.007656084839254618 -0.158701553940773 -0.010530669242143631 -0.007739898283034563 0.9999145865440369 9.159154891967773
0.9999109506607056 0.0038657106924802065 0.01277121901512146 -0.001892798230983317 -0.003932400606572628 0.9999787211418152 0.005200807936489582 -0.16269028186798096 -0.012750843539834023 -0.005250566639006138 0.999904990196228 9.621171951293945
0.9998906254768372 0.0019142411183565855 0.014660087414085865 0.008177835494279861 -0.0019782695453613997 0.9999885559082031 0.00435428274795413 -0.17147554457187653 -0.0146515853703022 -0.00438280776143074 0.9998829960823059 10.067619323730469
0.9998465776443481 0.006305953022092581 0.01634017750620842 0.014386400580406189 -0.006346306763589382 0.9999769926071167 0.00241889082826674 -0.18266911804676056 -0.016324549913406372 -0.0025222189724445343 0.9998635649681091 10.481740951538086
0.9997525215148926 0.010597438551485538 0.019556812942028046 0.016104117035865784 -0.010630057193338871 0.9999421834945679 0.0015646627871319652 -0.1891411393880844 -0.019539102911949158 -0.0017721648328006268 0.9998074769973755 10.870747566223145
0.9996826648712158 0.01081159058958292 0.022749420255422592 0.023453354835510254 -0.01088083628565073 0.9999364614486694 0.0029223128221929073 -0.2018377035856247 -0.022716384381055832 -0.003168918425217271 0.9997369050979614 11.215056419372559
0.9996340274810791 0.006764951162040234 0.026191353797912598 0.0336587131023407 -0.006853792816400528 0.9999710321426392 0.003303729696199298 -0.20588059723377228 -0.02616824582219124 -0.0034820311702787876 0.9996514320373535 11.529621124267578
0.9995844960212708 0.0025855782441794872 0.028708187863230705 0.051658108830451965 -0.0026664056349545717 0.9999926090240479 0.002777539659291506 -0.20590731501579285 -0.02870078943669796 -0.002852932782843709 0.9995839595794678 11.814315795898438
0.9995195269584656 -0.0009162258938886225 0.030981149524450302 0.06751860678195953 0.0007885691011324525 0.9999911785125732 0.004132424481213093 -0.21157598495483398 -0.030984660610556602 -0.004106007516384125 0.9995114207267761 12.070293426513672
0.9994416236877441 -0.0011894807685166597 0.03339419513940811 0.07778443396091461 0.0010162962134927511 0.9999859929084778 0.005202556494623423 -0.21710367500782013 -0.03339991346001625 -0.005165711976587772 0.9994287490844727 12.301589965820312
0.9993640780448914 -0.0006323882262222469 0.035652417689561844 0.08200345188379288 0.0004787309153471142 0.9999905824661255 0.004318250808864832 -0.22295165061950684 -0.035654813051223755 -0.004298435989767313 0.999354898929596 12.50510025024414
0.9993067979812622 8.306268864544109e-05 0.03722895309329033 0.10276228189468384 -0.0001948550925590098 0.9999955296516418 0.0029992193449288607 -0.23052823543548584 -0.0372285358607769 -0.0030043944716453552 0.9993022680282593 12.706275939941406
0.9991826415061951 0.0025862769689410925 0.04034160077571869 0.09846226871013641 -0.002673523500561714 0.9999942779541016 0.0021088949870318174 -0.2339528501033783 -0.04033591225743294 -0.002215025248005986 0.999183714389801 12.861161231994629
0.9990974068641663 0.005240904167294502 0.042152244597673416 0.10192108154296875 -0.005314517300575972 0.9999845623970032 0.0016344933537766337 -0.24136118590831757 -0.04214302822947502 -0.0018570369575172663 0.9991098642349243 13.030566215515137
0.9990333914756775 0.007031358312815428 0.04339269548654556 0.10792677849531174 -0.007042484357953072 0.9999752640724182 0.0001035303866956383 -0.247690811753273 -0.04339088872075081 -0.00040902270120568573 0.9990580677986145 13.187503814697266
0.9989507794380188 0.00595469493418932 0.045407313853502274 0.11560045182704926 -0.005886790808290243 0.9999814033508301 -0.0016290182247757912 -0.2533669173717499 -0.04541616514325142 0.0013600053498521447 0.9989672303199768 13.33515453338623
0.9988874793052673 0.004943580832332373 0.046897947788238525 0.1216568723320961 -0.0048084622249007225 0.9999840259552002 -0.00299351429566741 -0.25972598791122437 -0.04691199213266373 0.002764676231890917 0.9988951683044434 13.47360610961914
0.9988229870796204 0.003998105879873037 0.04833955690264702 0.13223594427108765 -0.0038153971545398235 0.9999851584434509 -0.003871380817145109 -0.26135754585266113 -0.04835432395339012 0.003682388924062252 0.9988234043121338 13.615832328796387
0.998767614364624 0.0046060760505497456 0.049416884779930115 0.14391331374645233 -0.004354848060756922 0.9999770522117615 -0.00519031984731555 -0.265010803937912 -0.049439653754234314 0.004968720022588968 0.99876469373703 13.752533912658691
0.9986908435821533 0.0055577727034688 0.050849754363298416 0.1490882933139801 -0.005202865228056908 0.999961256980896 -0.0071092466823756695 -0.26991188526153564 -0.05088729038834572 0.006835374981164932 0.9986810088157654 13.874567031860352
0.9986302852630615 0.005812954157590866 0.05200006067752838 0.15021184086799622 -0.005315954331308603 0.9999389052391052 -0.009690903127193451 -0.26859089732170105 -0.05205322802066803 0.009401198476552963 0.9986000657081604 13.994355201721191
0.9986081123352051 0.0049469321966171265 0.0525105856359005 0.16257235407829285 -0.004332623910158873 0.9999209642410278 -0.01180613599717617 -0.27434390783309937 -0.052564837038517 0.011562194675207138 0.9985505938529968 14.12008285522461
0.9986339807510376 0.004170378670096397 0.05208495631814003 0.1685587763786316 -0.0034671598114073277 0.9999017119407654 -0.013584434054791927 -0.27839455008506775 -0.05213649198412895 0.0133852893486619 0.9985502362251282 14.241804122924805
0.9987423419952393 0.0036404961720108986 0.050005361437797546 0.17538228631019592 -0.0029006756376475096 0.9998854398727417 -0.014859442599117756 -0.2812853157520294 -0.050053730607032776 0.014695703983306885 0.9986384510993958 14.369941711425781
0.9988799095153809 0.003570000408217311 0.04718264564871788 0.17534925043582916 -0.0028387370985001326 0.999875009059906 -0.015556499361991882 -0.28716301918029785 -0.047232285141944885 0.015405137091875076 0.9987651705741882 14.496851921081543
0.9990717768669128 0.004254653584212065 0.042865902185440063 0.18413566052913666 -0.003531218273565173 0.999850332736969 -0.016938308253884315 -0.28656306862831116 -0.04293154925107956 0.016771217808127403 0.9989373087882996 14.620648384094238
0.9993040561676025 0.0038623071741312742 0.03710073232650757 0.18167777359485626 -0.003188174916431308 0.9998289942741394 -0.01821233704686165 -0.28847557306289673 -0.037164732813835144 0.018081380054354668 0.9991456270217896 14.757381439208984
0.9995296001434326 0.0038218144327402115 0.030430277809500694 0.17626610398292542 -0.003248330671340227 0.9998166561126709 -0.01887301541864872 -0.29427370429039 -0.030496830120682716 0.018765287473797798 0.9993587136268616 14.877717018127441
0.9997100234031677 0.003992479760199785 0.023747757077217102 0.16468404233455658 -0.0035315868444740772 0.999805212020874 -0.019418176263570786 -0.297862708568573 -0.023820659145712852 0.019328678026795387 0.9995293617248535 14.993378639221191
0.9998724460601807 0.0035915153566747904 0.015561285428702831 0.16275076568126678 -0.0032754805870354176 0.9997888207435608 -0.02028709277510643 -0.3010534346103668 -0.01563086360692978 0.020233534276485443 0.999673068523407 15.126758575439453
0.9999800324440002 0.0031247041188180447 0.005498781334608793 0.15025867521762848 -0.003004953498020768 0.9997610449790955 -0.021652640774846077 -0.30107247829437256 -0.005565132014453411 0.02163568139076233 0.9997504353523254 15.255285263061523
0.9999698400497437 0.0013023867504671216 -0.00765646155923605 0.14395643770694733 -0.00148050079587847 0.9997273087501526 -0.023303836584091187 -0.3038159906864166 0.007624022662639618 0.023314468562602997 0.9996991157531738 15.408217430114746
0.9997152090072632 0.000486884790007025 -0.0238608717918396 0.12510095536708832 -0.0010874168947339058 0.9996828436851501 -0.02516157180070877 -0.309314101934433 0.023841049522161484 0.025180350989103317 0.9993985295295715 15.559450149536133
0.9990729093551636 0.001130755408667028 -0.04303599148988724 0.09839007258415222 -0.002263077534735203 0.9996522665023804 -0.026271440088748932 -0.3120690882205963 0.04299131780862808 0.026344478130340576 0.9987280368804932 15.739484786987305
0.9978983402252197 0.00188235635869205 -0.0647725760936737 0.06073674559593201 -0.003574042348191142 0.9996552467346191 -0.02601136453449726 -0.3166183531284332 0.06470128148794174 0.02618819661438465 0.997560977935791 15.917795181274414
0.9960699081420898 0.002116350457072258 -0.08854558318853378 0.029781991615891457 -0.004296759609133005 0.9996920228004456 -0.02444135956466198 -0.3240482807159424 0.0884665846824646 0.024725764989852905 0.9957721829414368 16.125181198120117
0.993359386920929 0.0031858799047768116 -0.11500782519578934 -0.02580605447292328 -0.00585338706150651 0.9997214674949646 -0.022863877937197685 -0.33095982670783997 0.11490295827388763 0.02338523045182228 0.9931014180183411 16.319561004638672
0.9894606471061707 0.0044530536979436874 -0.14473310112953186 -0.1012045294046402 -0.007493625860661268 0.9997623562812805 -0.02046976052224636 -0.3408839702606201 0.1446075737476349 0.02133859694004059 0.9892589449882507 16.54526138305664
0.9840084314346313 0.004347162786871195 -0.17806844413280487 -0.17269015312194824 -0.007575988303869963 0.9998189806938171 -0.017456552013754845 -0.33766353130340576 0.17796030640602112 0.018526438623666763 0.9838632345199585 16.79698371887207
0.9766740202903748 0.005303701385855675 -0.21466164290905 -0.2646246552467346 -0.008370115421712399 0.999875545501709 -0.013378417119383812 -0.34623849391937256 0.21456395089626312 0.014863094314932823 0.9765967726707458 17.049564361572266
0.9670414328575134 0.006918670143932104 -0.25452473759651184 -0.3588486611843109 -0.009273940697312355 0.9999244809150696 -0.008054768666625023 -0.35329994559288025 0.2544498145580292 0.010149739682674408 0.9670326709747314 17.300559997558594
0.9552096724510193 0.011309904977679253 -0.29571372270584106 -0.4888293445110321 -0.012709608301520348 0.9999153017997742 -0.002811481710523367 -0.36070480942726135 0.29565688967704773 0.006443960126489401 0.9552724361419678 17.572433471679688
0.9410536289215088 0.014643942005932331 -0.33794042468070984 -0.6260805726051331 -0.015032919123768806 0.9998859763145447 0.0014662060420960188 -0.36303940415382385 0.3379233777523041 0.003700453555211425 0.941166341304779 17.844985961914062
0.9243627786636353 0.017024066299200058 -0.3811348080635071 -0.7734909653663635 -0.015417899936437607 0.9998547434806824 0.0072674076072871685 -0.367167592048645 0.38120320439338684 -0.0008414224721491337 0.9244908690452576 18.114585876464844
0.9049786329269409 0.020780552178621292 -0.42494916915893555 -0.9219791889190674 -0.015806373208761215 0.9997590780258179 0.015227976255118847 -0.37700024247169495 0.42516326904296875 -0.0070640877820551395 0.9050890207290649 18.379711151123047
0.8833298087120056 0.024654274806380272 -0.4681032598018646 -1.1150518655776978 -0.016547536477446556 0.9996334910392761 0.02142328768968582 -0.370744913816452 0.4684599041938782 -0.011177869513630867 0.8834140300750732 18.654624938964844
0.8585838079452515 0.0304613895714283 -0.5117674469947815 -1.3260656595230103 -0.019877588376402855 0.9994605779647827 0.02614152617752552 -0.37242794036865234 0.5122877359390259 -0.012271986342966557 0.8587261438369751 18.929628372192383
0.8305976390838623 0.03375781700015068 -0.5558489561080933 -1.5552587509155273 -0.020777413621544838 0.9993444681167603 0.029644783586263657 -0.3700219392776489 0.5564854145050049 -0.013073780573904514 0.8307545781135559 19.204652786254883
0.7997156977653503 0.03753480687737465 -0.5992043614387512 -1.7989250421524048 -0.023136362433433533 0.9992291331291199 0.031714316457509995 -0.36834418773651123 0.5999329686164856 -0.011499023996293545 0.7999676465988159 19.46263313293457
0.7653256058692932 0.040785908699035645 -0.6423497200012207 -2.0651450157165527 -0.02394767664372921 0.9991036653518677 0.0349055640399456 -0.363575279712677 0.643197774887085 -0.011331337504088879 0.7656163573265076 19.742551803588867
0.7291941046714783 0.044137392193078995 -0.6828820109367371 -2.3905277252197266 -0.024855921044945717 0.9989675879478455 0.03802565112709999 -0.34206247329711914 0.6838553547859192 -0.010754419490695 0.7295382618904114 20.016277313232422
0.6899029612541199 0.04491576924920082 -0.722507119178772 -2.717811346054077 -0.022199159488081932 0.9989165663719177 0.040901802480220795 -0.32456687092781067 0.7235614061355591 -0.012179220095276833 0.6901525259017944 20.286766052246094
0.6486755013465881 0.044787805527448654 -0.7597461342811584 -3.0664381980895996 -0.019767679274082184 0.9989216327667236 0.04200970008969307 -0.30907103419303894 0.7608083486557007 -0.012232235632836819 0.648861289024353 20.547195434570312
0.6061537265777588 0.043807294219732285 -0.794140100479126 -3.4475648403167725 -0.014454636722803116 0.9989238381385803 0.044070832431316376 -0.29741549491882324 0.7952161431312561 -0.015234695747494698 0.6061346530914307 20.797077178955078
0.5616078972816467 0.04386572539806366 -0.8262398838996887 -3.852036714553833 -0.009676650166511536 0.9988737106323242 0.04645361378788948 -0.2811794877052307 0.827346920967102 -0.01809348352253437 0.5613997578620911 21.036420822143555
0.5142945051193237 0.04496949911117554 -0.8564338684082031 -4.283971309661865 -0.007567505817860365 0.998823344707489 0.047901738435029984 -0.25725889205932617 0.8575802445411682 -0.018154529854655266 0.5140296220779419 21.26409339904785
0.46506157517433167 0.0443391315639019 -0.8841672539710999 -4.749736785888672 -0.006464012432843447 0.9988884925842285 0.04669215902686119 -0.2312028706073761 0.8852546811103821 -0.015999462455511093 0.46483123302459717 21.45877456665039
0.412623792886734 0.04314440116286278 -0.909879207611084 -5.232337474822998 -0.0008219348383136094 0.9988948702812195 0.04699258506298065 -0.2116577923297882 0.9109011888504028 -0.018642395734786987 0.41220325231552124 21.64899253845215
0.3587963879108429 0.042989250272512436 -0.932425320148468 -5.713316440582275 0.004356122110038996 0.9988508224487305 0.04772801324725151 -0.19910147786140442 0.9334056973457336 -0.021186400204896927 0.35819685459136963 21.804882049560547
0.30391061305999756 0.04198113828897476 -0.951775074005127 -6.238397121429443 0.007401767652481794 0.9988945126533508 0.04642293602228165 -0.17533184587955475 0.9526718258857727 -0.021153243258595467 0.30326390266418457 21.94772720336914
0.25138962268829346 0.047721706330776215 -0.9667088389396667 -6.808804035186768 0.008105793036520481 0.9986448884010315 0.051406119018793106 -0.14363932609558105 0.9678520560264587 -0.02075890637934208 0.2506621479988098 22.050418853759766
0.20017682015895844 0.05300435423851013 -0.9783250093460083 -7.3956451416015625 0.010616816580295563 0.9983595609664917 0.05626212805509567 -0.11789734661579132 0.9797022342681885 -0.021649068221449852 0.19928571581840515 22.13838768005371
0.15176483988761902 0.05408233031630516 -0.9869359135627747 -8.005084037780762 0.016755763441324234 0.9982177019119263 0.057277146726846695 -0.08783484250307083 0.9882745146751404 -0.025229519233107567 0.15058813989162445 22.22117805480957
0.10742924362421036 0.055544495582580566 -0.9926599264144897 -8.622769355773926 0.019462259486317635 0.9981293678283691 0.05795680731534958 -0.06650535762310028 0.9940221905708313 -0.02554566040635109 0.10614725202322006 22.26363754272461
0.06746702641248703 0.05384541302919388 -0.9962674379348755 -9.257560729980469 0.01923493854701519 0.9982869625091553 0.05525713786482811 -0.0366985984146595 0.9975360035896301 -0.022891178727149963 0.06631573289632797 22.270709991455078
0.03155924752354622 0.04938611015677452 -0.9982810616493225 -9.89887809753418 0.017080003395676613 0.9986059665679932 0.049942146986722946 -0.0013166774297133088 0.9993559122085571 -0.018626781180500984 0.03067174181342125 22.270000457763672
0.003320335643365979 0.049041133373975754 -0.9987912774085999 -10.573633193969727 0.014586793258786201 0.9986881017684937 0.049084559082984924 0.03736841678619385 0.9998880624771118 -0.014732138253748417 0.0026006316766142845 22.243085861206055
-0.01767173409461975 0.0531390942633152 -0.9984307885169983 -11.278488159179688 0.013455771841108799 0.9985088109970093 0.05290509760379791 0.06846475601196289 0.9997532367706299 -0.012499729171395302 -0.018360406160354614 22.21219253540039
-0.030976438894867897 0.059574730694293976 -0.9977430701255798 -11.995743751525879 0.015455563552677631 0.9981313347816467 0.05911807343363762 0.09680845588445663 0.9994006156921387 -0.013589414767920971 -0.031839318573474884 22.19342041015625
-0.038778506219387054 0.062012527137994766 -0.9973217844963074 -12.736136436462402 0.01492847129702568 0.997996985912323 0.06147405505180359 0.13234074413776398 0.9991363286972046 -0.012504617683589458 -0.0396265834569931 22.152997970581055
-0.04274889826774597 0.05934784188866615 -0.997321605682373 -13.500772476196289 0.01608392596244812 0.9981456398963928 0.058707453310489655 0.16689197719097137 0.9989563822746277 -0.01353116612881422 -0.043624166399240494 22.115415573120117
-0.04177092760801315 0.05541665479540825 -0.9975892901420593 -14.276662826538086 0.02332906611263752 0.9982425570487976 0.05447610840201378 0.20533408224582672 0.9988547563552856 -0.02099730633199215 -0.04299033805727959 22.085674285888672
-0.03765334188938141 0.053906138986349106 -0.9978358149528503 -15.089960098266602 0.03543170914053917 0.9979881048202515 0.05257735028862953 0.2519333064556122 0.998662531375885 -0.0333753265440464 -0.0394875630736351 22.07481575012207
-0.03190571814775467 0.05412903055548668 -0.998024046421051 -15.914859771728516 0.03582281619310379 0.9979528188705444 0.05297994986176491 0.2909088432788849 0.9988487958908081 -0.034061674028635025 -0.03377945348620415 22.049165725708008
-0.02687656506896019 0.05279569327831268 -0.9982435703277588 -16.77243423461914 0.03384360671043396 0.9980798363685608 0.05187582969665527 0.3219856917858124 0.9990656971931458 -0.032389916479587555 -0.028611760586500168 22.020275115966797
-0.023957962170243263 0.04625314846634865 -0.9986423850059509 -17.62997055053711 0.037625983357429504 0.9982631206512451 0.045332904905080795 0.3602259159088135 0.9990047216415405 -0.03648881986737251 -0.025656670331954956 22.010587692260742
-0.02163790538907051 0.035309989005327225 -0.999142050743103 -18.534162521362305 0.03505750373005867 0.9987882971763611 0.034538257867097855 0.4012950360774994 0.9991510510444641 -0.034280091524124146 -0.022849565371870995 21.987632751464844
-0.020970404148101807 0.027101466432213783 -0.9994126558303833 -19.429269790649414 0.027397984638810158 0.9992725849151611 0.026522785425186157 0.4263112545013428 0.9994046688079834 -0.026825696229934692 -0.021697677671909332 21.95023536682129
-0.022025208920240402 0.02414758875966072 -0.9994657039642334 -20.348073959350586 0.021821824833750725 0.9994816780090332 0.023667091503739357 0.4512806236743927 0.9995192289352417 -0.02128889225423336 -0.02254074066877365 21.91316795349121
-0.025911590084433556 0.03063858300447464 -0.9991945624351501 -21.308998107910156 0.012744319625198841 0.9994590878486633 0.030316201969981194 0.4665294289588928 0.9995830059051514 -0.011948516592383385 -0.026288039982318878 21.877782821655273
-0.03078494407236576 0.03893721476197243 -0.9987673759460449 -22.275672912597656 0.008157485164701939 0.9992173910140991 0.038703326135873795 0.4911959171295166 0.9994927644729614 -0.006955951452255249 -0.031078480184078217 21.82822036743164
-0.03505982086062431 0.048386868089437485 -0.9982131719589233 -23.24479103088379 0.006507457233965397 0.9988170862197876 0.048187579959630966 0.5269503593444824 0.9993640780448914 -0.004806380718946457 -0.03533322736620903 21.77675437927246
-0.03717689588665962 0.05823861062526703 -0.9976102113723755 -24.285682678222656 0.005279114469885826 0.9982978701591492 0.05808202922344208 0.5692701935768127 0.9992947578430176 -0.0031071894336491823 -0.03742106258869171 21.744932174682617
-0.03811595216393471 0.06623483449220657 -0.9970757365226746 -25.304391860961914 0.007338797673583031 0.9977924823760986 0.06600189954042435 0.61485356092453 0.9992464780807495 -0.004801611416041851 -0.038517896085977554 21.703989028930664
-0.039861831814050674 0.0669572651386261 -0.9969592690467834 -26.3353328704834 0.008550712838768959 0.9977385997772217 0.06666772812604904 0.6715370416641235 0.9991686344146729 -0.005867214873433113 -0.04034421592950821 21.663158416748047
-0.04141916334629059 0.06411203742027283 -0.9970827698707581 -27.345474243164062 0.006739850156009197 0.9979343414306641 0.06388680636882782 0.7229995131492615 0.9991191029548645 -0.004074049647897482 -0.041765712201595306 21.612958908081055
-0.04390934109687805 0.05928025022149086 -0.997275173664093 -28.362581253051758 0.0062320944853127 0.9982348084449768 0.0590628907084465 0.7712048292160034 0.9990161061286926 -0.0036217004526406527 -0.04420126974582672 21.55866241455078
-0.04850427433848381 0.05396699160337448 -0.9973639249801636 -29.394071578979492 0.00629236688837409 0.9985359907150269 0.05372438579797745 0.8184757232666016 0.9988031983375549 -0.0036699161864817142 -0.048772845417261124 21.5007266998291
-0.054021354764699936 0.049466948956251144 -0.9973136782646179 -30.41847801208496 0.0065590012818574905 0.9987682104110718 0.04918380454182625 0.8584532141685486 0.9985182285308838 -0.0038844067603349686 -0.05427926778793335 21.438461303710938
-0.060820478945970535 0.047638822346925735 -0.9970111846923828 -31.442153930664062 0.005776963196694851 0.9988604784011841 0.04737476631999016 0.899300217628479 0.9981319904327393 -0.002878341590985656 -0.061026379466056824 21.362279891967773
-0.06764063984155655 0.04988735914230347 -0.9964617490768433 -32.49641799926758 0.006113108713179827 0.9987511038780212 0.04958701133728027 0.943823516368866 0.9976909756660461 -0.002737381961196661 -0.06786113232374191 21.290658950805664
-0.07395996153354645 0.05447044223546982 -0.9957725405693054 -33.564449310302734 0.004377404693514109 0.9985153675079346 0.05429534986615181 0.9883661866188049 0.997251570224762 -0.00034321798011660576 -0.07408858835697174 21.2039737701416
-0.08020249754190445 0.057669349014759064 -0.995108962059021 -34.626556396484375 0.0018428484909236431 0.9983317852020264 0.057707592844963074 1.0308499336242676 0.9967768788337708 0.002794458530843258 -0.08017498254776001 21.11173439025879
-0.08477124571800232 0.05975542217493057 -0.9946070313453674 -35.6998405456543 -0.0014132127398625016 0.9981918931007385 0.06009124219417572 1.0823582410812378 0.996399462223053 0.006499601062387228 -0.08453352004289627 21.009498596191406
-0.08745943754911423 0.06117166951298714 -0.9942881464958191 -36.7789421081543 -0.006091194227337837 0.9980613589286804 0.06193959712982178 1.1296781301498413 0.9961495399475098 0.01147360447794199 -0.08691728115081787 20.900842666625977
-0.08915234357118607 0.06221956014633179 -0.994072675704956 -37.838592529296875 -0.010086988098919392 0.9979393482208252 0.06336620450019836 1.1882230043411255 0.995966911315918 0.01567644625902176 -0.08834101259708405 20.80060386657715
-0.09061621129512787 0.06157157942652702 -0.9939807057380676 -38.918663024902344 -0.010765117593109608 0.9979680776596069 0.06279996782541275 1.244725227355957 0.9958277344703674 0.01639101468026638 -0.08976924419403076 20.690824508666992
-0.09161248803138733 0.06092614307999611 -0.9939291477203369 -39.99330139160156 -0.011932277120649815 0.997987687587738 0.0622747577726841 1.2919403314590454 0.9957231879234314 0.017564980313181877 -0.0907011553645134 20.57730484008789
-0.09290040284395218 0.05987432971596718 -0.9938734769821167 -41.079830169677734 -0.012691210024058819 0.9980379939079285 0.061311494559049606 1.3493402004241943 0.9955945014953613 0.018309319391846657 -0.09195824712514877 20.47189712524414
-0.09366664290428162 0.05922756344079971 -0.9938403367996216 -42.16163635253906 -0.01508051436394453 0.9980300068855286 0.06089853122830391 1.3992341756820679 0.9954894185066223 0.02069178596138954 -0.09258893877267838 20.361961364746094
-0.0944979265332222 0.05658894032239914 -0.9939153790473938 -43.24479293823242 -0.019692642614245415 0.9980814456939697 0.05869843810796738 1.451842188835144 0.9953303337097168 0.025119701400399208 -0.09320225566625595 20.247079849243164
-0.09471894800662994 0.0517815537750721 -0.9941563606262207 -44.351531982421875 -0.024888915941119194 0.9982109665870667 0.05436404049396515 1.496885061264038 0.99519282579422 0.029892783612012863 -0.09326072037220001 20.129491806030273
-0.0938352569937706 0.05098099634051323 -0.994281530380249 -45.45155334472656 -0.026759624481201172 0.9981980323791504 0.053707245737314224 1.5496902465820312 0.9952280521392822 0.0316462367773056 -0.09230193495750427 20.015188217163086
-0.09244608879089355 0.05542906001210213 -0.9941736459732056 -46.57231903076172 -0.02716333605349064 0.9979373216629028 0.05816476792097092 1.5928213596343994 0.9953470230102539 0.03238217532634735 -0.09074977040290833 19.914779663085938
-0.09044508635997772 0.05854668840765953 -0.9941790699958801 -47.68036651611328 -0.027345741167664528 0.997748076915741 0.06124464422464371 1.6415711641311646 0.9955259561538696 0.03272583335638046 -0.08864041417837143 19.806903839111328
-0.08845504373311996 0.058170169591903687 -0.9943801760673523 -48.77449417114258 -0.02562955766916275 0.9978298544883728 0.06065184995532036 1.6970462799072266 0.995750367641449 0.0308504831045866 -0.08677221834659576 19.69723129272461
-0.08612523972988129 0.056772563606500626 -0.9946654438972473 -49.9163932800293 -0.02557411976158619 0.9979202151298523 0.05917271599173546 1.7623860836029053 0.9959560036659241 0.030533965677022934 -0.0844942107796669 19.59673309326172
-0.0818152129650116 0.05745013430714607 -0.994990348815918 -51.03678512573242 -0.029764248058199883 0.9977511167526245 0.06005696579813957 1.8143799304962158 0.9962028861045837 0.034528717398643494 -0.07992126047611237 19.48994255065918
-0.07624536752700806 0.05827976390719414 -0.9953843951225281 -52.1725959777832 -0.034759968519210815 0.9975281357765198 0.0610678605735302 1.8664110898971558 0.9964830279350281 0.039255671203136444 -0.07403109967708588 19.388404846191406
-0.07034679502248764 0.05779676511883736 -0.9958468079566956 -53.29643630981445 -0.038671866059303284 0.9974114894866943 0.06061936169862747 1.9207122325897217 0.9967727065086365 0.04277563467621803 -0.06792960315942764 19.296918869018555
-0.06465473771095276 0.05674157291650772 -0.9962931871414185 -54.44209289550781 -0.040199682116508484 0.9974236488342285 0.05941472202539444 1.9823657274246216 0.9970976114273071 0.043892111629247665 -0.0622071735560894 19.214136123657227
-0.058478906750679016 0.055759791284799576 -0.9967301487922668 -55.57728576660156 -0.0400005467236042 0.9975061416625977 0.05815006420016289 2.0371973514556885 0.9974870085716248 0.043270304799079895 -0.056102655827999115 19.140371322631836
-0.05337772145867348 0.05547408387064934 -0.9970323443412781 -56.72856903076172 -0.03840845450758934 0.9976028203964233 0.05756208673119545 2.0918631553649902 0.9978353977203369 0.04136700928211212 -0.051119085401296616 19.073375701904297
-0.0477469265460968 0.056239355355501175 -0.9972749948501587 -57.865509033203125 -0.03730027750134468 0.9976168870925903 0.05804448202252388 2.1414437294006348 0.9981626868247986 0.03997007757425308 -0.04553539678454399 19.01491928100586
-0.041326407343149185 0.057836152613162994 -0.9974704384803772 -59.023582458496094 -0.03644338995218277 0.9975716471672058 0.05935192108154297 2.195082187652588 0.9984808564186096 0.038804005831480026 -0.03911830112338066 18.950227737426758
-0.03647875040769577 0.059100110083818436 -0.9975852966308594 -60.186180114746094 -0.037045106291770935 0.9974836111068726 0.06044871360063553 2.2441632747650146 0.9986475706100464 0.039160750806331635 -0.03419758751988411 18.914398193359375
-0.03267516568303108 0.058293409645557404 -0.9977645874023438 -61.3336296081543 -0.03630661219358444 0.9975695610046387 0.05947099253535271 2.295278549194336 0.9988064169883728 0.03816867619752884 -0.030479315668344498 18.89130973815918
-0.02791847474873066 0.053762033581733704 -0.9981634020805359 -62.47313690185547 -0.03617280721664429 0.9978443384170532 0.05475659295916557 2.3456342220306396 0.998955488204956 0.03763509914278984 -0.02591356821358204 18.854246139526367
-0.021705854684114456 0.04814152419567108 -0.9986045956611633 -63.65500259399414 -0.0367344506084919 0.9981272220611572 0.04891696572303772 2.396580219268799 0.9990893006324768 0.037744976580142975 -0.019896747544407845 18.811328887939453
-0.01891467720270157 0.04773335158824921 -0.9986810088157654 -64.81600952148438 -0.036187078803777695 0.9981726408004761 0.048394422978162766 2.4391307830810547 0.9991660714149475 0.03705471754074097 -0.017152778804302216 18.792621612548828
-0.014457914046943188 0.04990220442414284 -0.9986494183540344 -65.98306274414062 -0.03604193776845932 0.9980787634849548 0.050395481288433075 2.4814040660858154 0.9992457032203674 0.03672186657786369 -0.012631564401090145 18.757492065429688
-0.012056260369718075 0.04940386489033699 -0.9987061023712158 -67.1530990600586 -0.036831073462963104 0.9980790019035339 0.049817465245723724 2.5294673442840576 0.9992488026618958 0.037384022027254105 -0.010213501751422882 18.730419158935547
-0.011019106023013592 0.04882722720503807 -0.9987464547157288 -68.31629180908203 -0.038573190569877625 0.9980429410934448 0.049218401312828064 2.577690362930298 0.9991950392723083 0.039067186415195465 -0.009114118292927742 18.711650848388672
-0.010535248555243015 0.05018854886293411 -0.9986841678619385 -69.48977661132812 -0.03930594027042389 0.9979468584060669 0.05056614428758621 2.610517740249634 0.9991716742515564 0.03978694975376129 -0.008540910668671131 18.695634841918945
-0.00917844194918871 0.049817267805337906 -0.9987161755561829 -70.66767120361328 -0.04009956493973732 0.9979365468025208 0.05014690011739731 2.6513757705688477 0.9991535544395447 0.04050835594534874 -0.00716185150668025 18.67611312866211
-0.008215699344873428 0.047822125256061554 -0.998822033405304 -71.83922576904297 -0.040284186601638794 0.9980289936065674 0.048115506768226624 2.6890130043029785 0.9991545677185059 0.04063203185796738 -0.006273031234741211 18.657812118530273
-0.007733386941254139 0.046551309525966644 -0.998885989189148 -73.04087829589844 -0.03853854909539223 0.9981598258018494 0.046815842390060425 2.731276512145996 0.9992271661758423 0.038857653737068176 -0.005925134755671024 18.652015686035156
-0.007443576585501432 0.046023543924093246 -0.9989126324653625 -74.22664642333984 -0.03566128760576248 0.9982926249504089 0.046260714530944824 2.7738535404205322 0.9993361234664917 0.03596685454249382 -0.005789608228951693 18.6425724029541
-0.007196820341050625 0.04719847813248634 -0.9988595843315125 -75.40880584716797 -0.03327547386288643 0.9983211159706116 0.047412771731615067 2.805316209793091 0.9994202256202698 0.033578746020793915 -0.005614185705780983 18.635177612304688
-0.007150883786380291 0.04989740625023842 -0.9987287521362305 -76.59453582763672 -0.03306467458605766 0.9981964230537415 0.05010754615068436 2.845369815826416 0.9994275569915771 0.03338094428181648 -0.00548814469948411 18.622882843017578
-0.0068048518151044846 0.05359405651688576 -0.9985395669937134 -77.77391815185547 -0.03517726808786392 0.997931957244873 0.05380116030573845 2.884164333343506 0.9993578791618347 0.03549199923872948 -0.004905485548079014 18.6121768951416
-0.006980396807193756 0.05425179377198219 -0.9985029101371765 -78.96088409423828 -0.03739399462938309 0.9978147745132446 0.0544758103787899 2.9182376861572266 0.9992762207984924 0.0377182774245739 -0.004936451092362404 18.608814239501953
-0.006612020079046488 0.051963288336992264 -0.9986271262168884 -80.13806915283203 -0.03857605159282684 0.9978923797607422 0.052180465310811996 2.964789390563965 0.9992338418960571 0.03886810690164566 -0.004593545105308294 18.59503746032715
-0.006257628556340933 0.0497705303132534 -0.9987411499023438 -81.32171630859375 -0.038441646844148636 0.9980103969573975 0.04997498169541359 3.003335952758789 0.9992412328720093 0.038705974817276 -0.004331916570663452 18.57431983947754
-0.006970284506678581 0.04925946518778801 -0.9987617135047913 -82.50384521484375 -0.036264706403017044 0.9981166124343872 0.049480732530355453 3.038335084915161 0.9993178844451904 0.036564696580171585 -0.005170775577425957 18.5784854888916
-0.006995173171162605 0.050703875720500946 -0.9986892938613892 -83.67938232421875 -0.03486756607890129 0.9980939626693726 0.050917889922857285 3.0790841579437256 0.9993674755096436 0.035178035497665405 -0.005213919095695019 18.571115493774414
-0.005809755530208349 0.05361628904938698 -0.9985446929931641 -84.86192321777344 -0.03391462191939354 0.997976541519165 0.0537831075489521 3.12125563621521 0.9994078278541565 0.03417773172259331 -0.003979623783379793 18.545534133911133
-0.0060163019225001335 0.05628041550517082 -0.9983968734741211 -86.02198028564453 -0.03472217917442322 0.9978011250495911 0.0564560741186142 3.154876232147217 0.9993789196014404 0.035006169229745865 -0.0040488941594958305 18.5454044342041
-0.005458012688905001 0.056388139724731445 -0.9983939528465271 -87.18431854248047 -0.03623911365866661 0.9977419376373291 0.05654941499233246 3.200714588165283 0.9993282556533813 0.03648956120014191 -0.003402232425287366 18.5269718170166
-0.006405306048691273 0.05455707386136055 -0.9984900951385498 -88.36495971679688 -0.035491909831762314 0.9978691339492798 0.05475081503391266 3.243293285369873 0.9993494749069214 0.03578901290893555 -0.004455322399735451 18.52774429321289
-0.005331404972821474 0.05326730012893677 -0.9985660314559937 -89.533203125 -0.034970641136169434 0.9979594945907593 0.053421661257743835 3.283057451248169 0.9993740916252136 0.035205308347940445 -0.0034577345941215754 18.51275062561035
-0.005306900013238192 0.05437440797686577 -0.9985065460205078 -90.69524383544922 -0.0333687923848629 0.9979548454284668 0.054521720856428146 3.3248069286346436 0.9994289875030518 0.03360830247402191 -0.003481638617813587 18.50291633605957
-0.004860443063080311 0.05701572448015213 -0.9983614683151245 -91.87311553955078 -0.031101059168577194 0.9978817105293274 0.05713973194360733 3.377206802368164 0.9995044469833374 0.031327828764915466 -0.0030768979340791702 18.489591598510742
-0.005119450856000185 0.05938838794827461 -0.9982218146324158 -93.02754974365234 -0.029001513496041298 0.9978061318397522 0.05951239541172981 3.4225614070892334 0.9995662569999695 0.02925460785627365 -0.0033858665265142918 18.493337631225586
-0.004917879123240709 0.06135590374469757 -0.9981038570404053 -94.19676208496094 -0.02967021055519581 0.9976675510406494 0.061475273221731186 3.4690990447998047 0.9995476007461548 0.029916277155280113 -0.00308596552349627 18.483966827392578
-0.0044866930693387985 0.06293955445289612 -0.9980071783065796 -95.36038208007812 -0.032512862235307693 0.997480571269989 0.06305249780416489 3.526789903640747 0.9994612336158752 0.03273097053170204 -0.002429043175652623 18.467161178588867
-0.0037374915555119514 0.06268131732940674 -0.9980267286300659 -96.51943969726562 -0.0345948189496994 0.9974279999732971 0.06277329474687576 3.56931209564209 0.9993943572044373 0.03476116433739662 -0.0015594299184158444 18.45220947265625
-0.0038466958794742823 0.058166082948446274 -0.9982995390892029 -97.67169189453125 -0.03691311925649643 0.9976181983947754 0.05826863273978233 3.6260716915130615 0.9993110299110413 0.037074487656354904 -0.0016904425574466586 18.438627243041992
-0.0032559267710894346 0.05644766986370087 -0.9984002709388733 -98.82926177978516 -0.038336388766765594 0.9976646304130554 0.056531086564064026 3.6761763095855713 0.9992595314979553 0.03845912590622902 -0.001084323157556355 18.421875
-0.00320695573464036 0.05502951517701149 -0.9984795451164246 -100.00061798095703 -0.03782915696501732 0.9977633357048035 0.055111538618803024 3.7151410579681396 0.9992790818214417 0.03794838860630989 -0.0011180624132975936 18.4223690032959
-0.0030679048504680395 0.05566684901714325 -0.9984447360038757 -101.16858673095703 -0.03670259192585945 0.997770369052887 0.05574202537536621 3.760700225830078 0.9993215799331665 0.03681651130318642 -0.0010179470991715789 18.420679092407227
-0.00317363697104156 0.057545579969882965 -0.9983378648757935 -102.31122589111328 -0.03675371780991554 0.9976615309715271 0.057623445987701416 3.8078508377075195 0.999319314956665 0.03687550872564316 -0.0010512016015127301 18.40918731689453
