1.0 0.0 0.0 0.0 0.0 1.0 0.0 0.0 0.0 0.0 1.0 0.0
0.9999337196350098 -0.002507355995476246 0.011237861588597298 0.015716366469860077 0.002496481640264392 0.9999964237213135 0.0009815876837819815 -0.003713316982612014 -0.011240283027291298 -0.0009534674463793635 0.9999363422393799 0.2954317331314087
0.9998282194137573 -0.004541486036032438 0.017968544736504555 0.02575492486357689 0.004520914051681757 0.9999890923500061 0.0011853569885715842 -0.008705765008926392 -0.017973732203245163 -0.0011039191158488393 0.9998378753662109 0.5825998187065125
0.9997766613960266 -0.007455767132341862 0.019773244857788086 0.03819144517183304 0.007457506377249956 0.9999721646308899 -1.4202929378370754e-05 -0.012863614596426487 -0.019772589206695557 0.00016165885608643293 0.9998044967651367 0.8866639733314514
0.9998149275779724 -0.00867412518709898 0.017171384766697884 0.05035436525940895 0.008706431835889816 0.9999604821205139 -0.001807555672712624 -0.009711106307804585 -0.017155027016997337 0.0019567226991057396 0.9998509287834167 1.2031434774398804
0.9998834729194641 -0.011470219120383263 0.01007572840899229 0.05653936043381691 0.011504977010190487 0.9999280571937561 -0.0033985183108597994 -0.010538795962929726 -0.01003602147102356 0.003514043288305402 0.9999434351921082 1.5199651718139648
0.9999111890792847 -0.01318647712469101 -0.001920815440826118 0.05484076216816902 0.013175529427826405 0.9998974204063416 -0.00560443801805377 -0.010195337235927582 0.001994520891457796 0.005578632466495037 0.999982476234436 1.8563885688781738
0.9997503161430359 -0.012376737780869007 -0.0186057947576046 0.036304179579019547 0.01226909551769495 0.9999073147773743 -0.0058884210884571075 -0.014871555380523205 0.01867695525288582 0.005658673122525215 0.9998095631599426 2.1923813819885254
0.9992294311523438 -0.0077987732365727425 -0.03846738114953041 0.009279225952923298 0.0075921667739748955 0.999955952167511 -0.005514145363122225 -0.02443472295999527 0.038508690893650055 0.005217844620347023 0.9992446899414062 2.5326309204101562
0.9982999563217163 -0.004328099545091391 -0.05812423676252365 -0.03664457052946091 0.003919318318367004 0.9999668002128601 -0.007145029492676258 -0.023974411189556122 0.05815322697162628 0.006905074696987867 0.9982838034629822 2.88517165184021
0.996913731098175 -0.004162863828241825 -0.07839350402355194 -0.07165135443210602 0.0035881625954061747 0.9999656081199646 -0.007470420561730862 -0.030020931735634804 0.07842191308736801 0.007166076917201281 0.9968944191932678 3.2487235069274902
0.9950034618377686 -0.0057238019071519375 -0.09967614710330963 -0.11944645643234253 0.005072850733995438 0.9999641180038452 -0.00678289495408535 -0.03416367247700691 0.09971138834953308 0.006243362091481686 0.9949967861175537 3.6268086433410645
0.9927821755409241 -0.007249902002513409 -0.11971179395914078 -0.17452335357666016 0.006556780077517033 0.9999593496322632 -0.006182789336889982 -0.03740181028842926 0.11975176632404327 0.005353240296244621 0.9927894473075867 4.014869689941406
0.9904782176017761 -0.006361848674714565 -0.13752247393131256 -0.24438093602657318 0.0056361365132033825 0.9999680519104004 -0.005665808916091919 -0.041264608502388 0.1375541239976883 0.004836763720959425 0.9904823899269104 4.410550594329834
0.9881556630134583 -0.0050910357385873795 -0.15337052941322327 -0.31980517506599426 0.004355573561042547 0.9999773502349854 -0.005130940582603216 -0.0467727966606617 0.15339316427707672 0.0044021508656442165 0.9881554245948792 4.819919109344482
0.9859119057655334 -0.004575204104185104 -0.16720247268676758 -0.40053948760032654 0.003748308401554823 0.9999791383743286 -0.005260724574327469 -0.05527487397193909 0.16722306609153748 0.00455988384783268 0.985908567905426 5.2396769523620605
0.9837730526924133 -0.006014756392687559 -0.17931659519672394 -0.49189430475234985 0.004979508928954601 0.9999682903289795 -0.00622283760458231 -0.06194216385483742 0.17934833467006683 0.005228950642049313 0.9837717413902283 5.665582180023193
0.9820415377616882 -0.009915378876030445 -0.18840400874614716 -0.5810812711715698 0.008544130250811577 0.999930739402771 -0.00808901246637106 -0.07319029420614243 0.18847115337848663 0.006333998404443264 0.9820582270622253 6.10328483581543
0.980461061000824 -0.008898124098777771 -0.19651170074939728 -0.6774953007698059 0.007060710806399584 0.9999246001243591 -0.010048773139715195 -0.08038252592086792 0.19658628106117249 0.008464917540550232 0.9804499745368958 6.568429470062256
0.9788864850997925 -0.008721417747437954 -0.20421771705150604 -0.7810701727867126 0.00643281452357769 0.9999088048934937 -0.011867851950228214 -0.08571970462799072 0.2043026089668274 0.010303586721420288 0.9788535237312317 7.036680221557617
0.977211594581604 -0.009791922755539417 -0.21204140782356262 -0.8962346315383911 0.006860334426164627 0.9998704195022583 -0.014556856825947762 -0.09551051259040833 0.2121564894914627 0.0127704543992877 0.9771522283554077 7.513299942016602
0.9755633473396301 -0.013048132881522179 -0.21933048963546753 -1.0126482248306274 0.009722636081278324 0.9998209476470947 -0.016234630718827248 -0.10606688261032104 0.21950304508209229 0.013705438934266567 0.9755155444145203 7.995509147644043
0.9735478162765503 -0.01961599290370941 -0.2276395857334137 -1.120437741279602 0.01601545698940754 0.9997159242630005 -0.017653368413448334 -0.11619135737419128 0.22792118787765503 0.013540644198656082 0.9735854268074036 8.509723663330078
0.9715137481689453 -0.020166799426078796 -0.23612362146377563 -1.2520360946655273 0.015916723757982254 0.999675452709198 -0.01989186368882656 -0.1334509700536728 0.23644813895225525 0.015566902235150337 0.9715194702148438 9.022331237792969
0.9694039821624756 -0.016314085572957993 -0.24492774903774261 -1.4023348093032837 0.010601350106298923 0.9996404647827148 -0.024624526500701904 -0.14119082689285278 0.2452414333820343 0.02127455547451973 0.9692285060882568 9.561758995056152
0.9672075510025024 -0.013270722702145576 -0.25364017486572266 -1.5598472356796265 0.006505832076072693 0.9996009469032288 -0.027491450309753418 -0.16043628752231598 0.2539037764072418 0.024939799681305885 0.9669078588485718 10.100578308105469
0.9649481177330017 -0.015776434913277626 -0.26196587085723877 -1.7141997814178467 0.00831952691078186 0.9995286464691162 -0.029549984261393547 -0.1787760853767395 0.2623085677623749 0.026334773749113083 0.9646245837211609 10.6494722366333
0.9623880982398987 -0.018992168828845024 -0.27101340889930725 -1.8645445108413696 0.010876667685806751 0.999447226524353 -0.03141577169299126 -0.20194029808044434 0.2714602053165436 0.027286436408758163 0.9620627164840698 11.226386070251465
0.9601578116416931 -0.0184493251144886 -0.2788486182689667 -2.0407681465148926 0.009373536333441734 0.9993831515312195 -0.033845849335193634 -0.22408448159694672 0.2793010175228119 0.029883556067943573 0.9597384333610535 11.803250312805176
0.9578641653060913 -0.01748546026647091 -0.2866887152194977 -2.233664035797119 0.007025868631899357 0.9992729425430298 -0.03747241199016571 -0.2510843873023987 0.2871355712413788 0.033879246562719345 0.9572906494140625 12.396964073181152
0.955474317073822 -0.018355289474129677 -0.29450294375419617 -2.420710563659668 0.00608662748709321 0.9990770220756531 -0.04252157360315323 -0.2828931510448456 0.2950116693973541 0.03883574530482292 0.9547041058540344 12.989771842956543
0.9537222385406494 -0.019925078377127647 -0.3000282049179077 -2.614950180053711 0.005092340055853128 0.9987292885780334 -0.05013888701796532 -0.31709134578704834 0.30064597725868225 0.046290721744298935 0.9526116847991943 13.597641944885254
0.9523230195045471 -0.02078849822282791 -0.3043827712535858 -2.8204362392425537 0.003170030191540718 0.9982962608337402 -0.058262791484594345 -0.3532962203025818 0.30507534742355347 0.05452008172869682 0.9507662653923035 14.21858024597168
0.9509492516517639 -0.020706547424197197 -0.3086533546447754 -3.0293753147125244 -9.251284063793719e-05 0.997738242149353 -0.067220039665699 -0.39176109433174133 0.30934709310531616 0.06395139545202255 0.9487963914871216 14.835494041442871
0.9497512578964233 -0.020107757300138474 -0.31235918402671814 -3.254492998123169 -0.003765349043533206 0.9971281886100769 -0.07563777267932892 -0.4442368447780609 0.31298306584358215 0.07301322370767593 0.9469480514526367 15.473104476928711
0.9485429525375366 -0.01964561641216278 -0.3160383105278015 -3.4880056381225586 -0.006859386805444956 0.9965644478797913 -0.08253601938486099 -0.4984409213066101 0.3165740668773651 0.08045679330825806 0.9451494812965393 16.118465423583984
0.9468871355056763 -0.0174363125115633 -0.3210931420326233 -3.725119113922119 -0.011925732716917992 0.995937705039978 -0.08925074338912964 -0.5592098236083984 0.3213450014591217 0.08833964914083481 0.9428327083587646 16.776390075683594
0.9452264308929443 -0.016697406768798828 -0.3259880840778351 -3.965754508972168 -0.015277847647666931 0.9953331351280212 -0.09528111666440964 -0.6230061054229736 0.32605767250061035 0.0950426235795021 0.9405601024627686 17.446517944335938
0.9435759782791138 -0.015554230660200119 -0.33079060912132263 -4.220509052276611 -0.018909532576799393 0.9947357773780823 -0.10071305185556412 -0.6936808228492737 0.330615758895874 0.10128552466630936 0.93831467628479 18.12502670288086
0.9417185187339783 -0.012805625796318054 -0.33615800738334656 -4.4736504554748535 -0.023365816101431847 0.9943718910217285 -0.10333704948425293 -0.7729477286338806 0.33558937907218933 0.10516903549432755 0.9361192584037781 18.819189071655273
0.9400315880775452 -0.011810642667114735 -0.3408828675746918 -4.745340347290039 -0.025593498721718788 0.9941405057907104 -0.10502182692289352 -0.8476421236991882 0.34012582898139954 0.10744820535182953 0.9342212677001953 19.519027709960938
0.9376885294914246 -0.011391667649149895 -0.3472900390625 -5.010756015777588 -0.026472512632608414 0.994215726852417 -0.10408807545900345 -0.9297361969947815 0.34646689891815186 0.10679583996534348 0.9319631457328796 20.226207733154297
0.935462474822998 -0.011157584376633167 -0.35324975848197937 -5.282841205596924 -0.026762519031763077 0.9943955540657043 -0.10227999836206436 -1.0140818357467651 0.3524111807346344 0.10513295233249664 0.9299211502075195 20.918245315551758
0.9330008029937744 -0.011579854413866997 -0.3596879243850708 -5.574458599090576 -0.026319583877921104 0.9946098327636719 -0.10029148310422897 -1.0979845523834229 0.35891053080558777 0.10303886979818344 0.9276671409606934 21.63453483581543
0.9297963380813599 -0.010073740966618061 -0.36793649196624756 -5.864927291870117 -0.027755282819271088 0.9948604106903076 -0.0973774641752243 -1.1771284341812134 0.3670264184474945 0.10075339674949646 0.9247379899024963 22.3445987701416
0.9263961911201477 -0.00838275346904993 -0.37645676732063293 -6.174431800842285 -0.028263654559850693 0.9953838586807251 -0.09171677380800247 -1.254631757736206 0.37548789381980896 0.09560611844062805 0.9218830466270447 23.084943771362305
0.9229215383529663 -0.00489702308550477 -0.3849570155143738 -6.50184965133667 -0.030874326825141907 0.9957571625709534 -0.0866871327161789 -1.3330682516098022 0.3837481737136841 0.09189072996377945 0.9188544154167175 23.833200454711914
0.9192323088645935 -0.0011733316350728273 -0.39371389150619507 -6.833083629608154 -0.034124523401260376 0.9959949851036072 -0.08264121413230896 -1.4088654518127441 0.39223402738571167 0.08940175920724869 0.9155107140541077 24.585290908813477
0.9154536724090576 0.0002521107089705765 -0.4024234712123871 -7.1818084716796875 -0.03583361580967903 0.9960784912109375 -0.08089211583137512 -1.4835091829299927 0.40082499384880066 0.08847326785326004 0.9118727445602417 25.336374282836914
0.9115322828292847 -0.00027780255186371505 -0.4112284481525421 -7.532074928283691 -0.03582478687167168 0.9961442351341248 -0.08008245378732681 -1.5552875995635986 0.4096650779247284 0.08772990852594376 0.9080076217651367 26.076730728149414
0.9078096151351929 5.223851985647343e-05 -0.41938263177871704 -7.898087024688721 -0.03636316582560539 0.9962437152862549 -0.0785888209939003 -1.6262564659118652 0.41780322790145874 0.08659375458955765 0.904401421546936 26.84493637084961
0.9038072228431702 0.0007689048652537167 -0.427939236164093 -8.287096977233887 -0.03723834827542305 0.9963464736938477 -0.07685714960098267 -1.6970548629760742 0.42631664872169495 0.08539978414773941 0.9005336761474609 27.637229919433594
0.8999348282814026 0.00028279502294026315 -0.43602433800697327 -8.64515209197998 -0.03655670955777168 0.9965278506278992 -0.07480510324239731 -1.767541527748108 0.43448925018310547 0.08325932919979095 0.8968204855918884 28.368846893310547
0.8961934447288513 0.0004911358701065183 -0.4436633288860321 -9.044622421264648 -0.035427287220954895 0.9968854188919067 -0.0704590380191803 -1.8385241031646729 0.4422469139099121 0.07886271923780441 0.8934195041656494 29.160221099853516
0.8923055529594421 0.0030774606857448816 -0.45142143964767456 -9.4566650390625 -0.03646644949913025 0.9972001910209656 -0.06528348475694656 -1.9013842344284058 0.44995665550231934 0.07471457123756409 0.8899195194244385 29.945812225341797
0.8885506987571716 0.0032306164503097534 -0.4587670862674713 -9.88160514831543 -0.03495309129357338 0.9975455403327942 -0.06067328155040741 -1.969805121421814 0.45744502544403076 0.06994660943746567 0.8864826560020447 30.750669479370117
0.8850562572479248 0.001933337771333754 -0.46548014879226685 -10.321723937988281 -0.033122994005680084 0.9977179765701294 -0.058835551142692566 -2.0304977893829346 0.4643041491508484 0.06749086827039719 0.8831005692481995 31.554574966430664
0.8814948201179504 0.0019619504455477 -0.47218945622444153 -10.75390625 -0.03331277146935463 0.9977580904960632 -0.058043405413627625 -2.0908262729644775 0.4710170030593872 0.06689490377902985 0.879584014415741 32.368988037109375
0.8784252405166626 0.002848113887012005 -0.477871298789978 -11.21316146850586 -0.03370104730129242 0.9978617429733276 -0.056002177298069 -2.150129556655884 0.4766899049282074 0.06529849022626877 0.8766430020332336 33.194522857666016
0.8753485083580017 0.0006483818287961185 -0.48349207639694214 -11.668477058410645 -0.030991291627287865 0.9980178475379944 -0.05477045848965645 -2.204698085784912 0.48249825835227966 0.06292727589607239 0.8736335039138794 34.02018737792969
0.8728442192077637 -8.838782378006727e-05 -0.487998902797699 -12.168201446533203 -0.030399687588214874 0.998047947883606 -0.05455423891544342 -2.268752336502075 0.4870510995388031 0.062452372163534164 0.8711377382278442 34.8689079284668
0.870380699634552 -0.0021302790846675634 -0.4923746883869171 -12.628632545471191 -0.028839876875281334 0.9980531930923462 -0.055298954248428345 -2.31988525390625 0.4915339946746826 0.0623311772942543 0.8686248660087585 35.720985412597656
0.8689269423484802 -0.0017010433366522193 -0.49493736028671265 -13.129075050354004 -0.029779547825455666 0.9980026483535767 -0.05571189522743225 -2.379791259765625 0.4940435588359833 0.06314858049154282 0.8671408295631409 36.58711624145508
0.8685377836227417 -0.0016417979495599866 -0.49562016129493713 -13.632235527038574 -0.02941235713660717 0.9980613589286804 -0.05484917759895325 -2.440272331237793 0.49474939703941345 0.062215935438871384 0.8668057322502136 37.44599151611328
0.8682721257209778 -0.001318589667789638 -0.49608635902404785 -14.139572143554688 -0.02898435853421688 0.9981534481048584 -0.05338277295231819 -2.4997153282165527 0.4952406883239746 0.06072951853275299 0.8666306138038635 38.32758331298828
0.8680649995803833 -0.0023983358405530453 -0.4964447617530823 -14.661620140075684 -0.027394380420446396 0.998233437538147 -0.052723292261362076 -2.5623865127563477 0.4956941604614258 0.05936704948544502 0.8664657473564148 39.213558197021484
0.8673059940338135 -0.004791426472365856 -0.4977523684501648 -15.181192398071289 -0.02511425130069256 0.9982590675354004 -0.05336955934762955 -2.6257548332214355 0.49714145064353943 0.058788418769836426 0.8656756281852722 40.12196731567383
0.866291880607605 -0.00716812489554286 -0.4994868040084839 -15.71507453918457 -0.022830771282315254 0.9982840418815613 -0.05392322689294815 -2.686687469482422 0.4990161657333374 0.05811692029237747 0.8646416664123535 41.02863693237305
0.8646714091300964 -0.007366503123193979 -0.5022839307785034 -16.260902404785156 -0.02176964096724987 0.9984036087989807 -0.05211859196424484 -2.7459752559661865 0.5018659830093384 0.055999986827373505 0.8631306290626526 41.96706008911133
0.8625944256782532 -0.006467945873737335 -0.5058546662330627 -16.805585861206055 -0.020785851404070854 0.9986207485198975 -0.04821301996707916 -2.807373046875 0.5054689049720764 0.05210290476679802 0.8612703084945679 42.87965774536133
0.8598045706748962 -0.006408065091818571 -0.5105829238891602 -17.355329513549805 -0.01891934871673584 0.9988349080085754 -0.04439541697502136 -2.86625599861145 0.5102725028991699 0.04783128201961517 0.8586816191673279 43.79801940917969
0.8558861017227173 -0.0066840145736932755 -0.5171211361885071 -17.929306030273438 -0.01766332797706127 0.998955249786377 -0.0421464666724205 -2.935577630996704 0.5168626308441162 0.04520665481686592 0.8548738956451416 44.717716217041016
0.8506780862808228 -0.009677853435277939 -0.5255979299545288 -18.490537643432617 -0.016025006771087646 0.9988884329795837 -0.04432898759841919 -2.9981436729431152 0.5254427194595337 0.0461324006319046 0.8495774269104004 45.618736267089844
0.8446134924888611 -0.01380220428109169 -0.5351986885070801 -19.05755043029785 -0.01397226843982935 0.998758852481842 -0.0478069968521595 -3.053633451461792 0.5351942777633667 0.04785637557506561 0.8433723449707031 46.51191329956055
0.838536262512207 -0.013576745986938477 -0.5446764826774597 -19.642940521240234 -0.01423872634768486 0.9988020062446594 -0.04681708663702011 -3.119767189025879 0.5446595549583435 0.047013331204652786 0.837338387966156 47.39588928222656
0.832883358001709 -0.010238521732389927 -0.5533538460731506 -20.24437141418457 -0.015217815525829792 0.9990271925926208 -0.0413898341357708 -3.1798043251037598 0.5532392859458923 0.04289373755455017 0.8319172859191895 48.279083251953125
0.8275915384292603 -0.005017259623855352 -0.5613083243370056 -20.860795974731445 -0.019290626049041748 0.9991151690483093 -0.0373726561665535 -3.233506202697754 0.5609991550445557 0.04175727441906929 0.8267624974250793 49.1704216003418
0.8235394954681396 -0.005191784352064133 -0.5672351121902466 -21.47330665588379 -0.02053837478160858 0.9990296363830566 -0.03896252438426018 -3.2853922843933105 0.5668869018554688 0.0437372662127018 0.8226337432861328 50.046119689941406
0.8195034861564636 -0.008112357929348946 -0.5730167627334595 -22.077367782592773 -0.020135588943958282 0.9988747239112854 -0.04293838143348694 -3.345675468444824 0.5727203488349915 0.04672618210315704 0.8184179663658142 50.933692932128906
0.8170215487480164 -0.009296330623328686 -0.5765321850776672 -22.71380615234375 -0.023916710168123245 0.9984631538391113 -0.049992889165878296 -3.4066271781921387 0.5761108994483948 0.05463402345776558 0.8155435919761658 51.795875549316406
0.8136888742446899 -0.01072746329009533 -0.5812016725540161 -23.34449577331543 -0.02370133250951767 0.9983860850334167 -0.051609721034765244 -3.4674360752105713 0.5808172821998596 0.05576951056718826 0.8121213316917419 52.67555236816406
0.8104125261306763 -0.009081623516976833 -0.5857892036437988 -23.97907066345215 -0.023129595443606377 0.9986043572425842 -0.04748031124472618 -3.5322279930114746 0.5854029059410095 0.05202771723270416 0.8090713620185852 53.537593841552734
0.8071368932723999 -0.006996214855462313 -0.5903228521347046 -24.621929168701172 -0.022543542087078094 0.9988351464271545 -0.042661044746637344 -3.586721181869507 0.5899337530136108 0.04774126410484314 0.806039035320282 54.40868377685547
0.8037002682685852 -0.004741905722767115 -0.5950154066085815 -25.255178451538086 -0.023219631984829903 0.9989567399024963 -0.0393243208527565 -3.6477620601654053 0.5945811867713928 0.045421015471220016 0.8027516007423401 55.271453857421875
0.8009253740310669 -0.004361229948699474 -0.5987483263015747 -25.91064453125 -0.024260299280285835 0.99891597032547 -0.03972819447517395 -3.7021360397338867 0.5982725024223328 0.04634513705968857 0.7999512553215027 56.127403259277344
0.7974042296409607 -0.005650291219353676 -0.6034191250801086 -26.570711135864258 -0.024420706555247307 0.9988348484039307 -0.0416242778301239 -3.7547338008880615 0.602951169013977 0.04792729392647743 0.7963370680809021 56.9908447265625
0.7935839891433716 -0.008548030629754066 -0.608400821685791 -27.251279830932617 -0.023333733901381493 0.9987382292747498 -0.04446825757622719 -3.811861515045166 0.6080132722854614 0.04948555305600166 0.7923831343650818 57.850589752197266
0.7894553542137146 -0.00952733214944601 -0.6137340068817139 -27.892898559570312 -0.022494740784168243 0.9987587928771973 -0.044439610093832016 -3.874845504760742 0.613395631313324 0.04888887703418732 0.7882611155509949 58.65903854370117
0.7849096059799194 -0.009519306942820549 -0.6195371747016907 -28.572050094604492 -0.021918563172221184 0.9988295435905457 -0.04311646893620491 -3.9366636276245117 0.6192225217819214 0.0474218912422657 0.7837822437286377 59.50807571411133
0.7802619934082031 -0.00841624103486538 -0.6253962516784668 -29.254140853881836 -0.02295231632888317 0.9988506436347961 -0.04207794368267059 -3.998523712158203 0.625031590461731 0.04718611389398575 0.7791720032691956 60.322505950927734
0.7747625708580017 -0.01080212090164423 -0.6321600079536438 -29.94756317138672 -0.021698199212551117 0.9988107681274414 -0.04366019368171692 -4.057339668273926 0.6318798661231995 0.04754301533102989 0.7736068367958069 61.17809295654297
0.7692357301712036 -0.012304464355111122 -0.6388466358184814 -30.645231246948242 -0.021223021671175957 0.9987708330154419 -0.04479142650961876 -4.113945484161377 0.6386125087738037 0.04801342263817787 0.7680291533470154 62.01811981201172
0.7638158202171326 -0.013372574932873249 -0.6452957391738892 -31.347082138061523 -0.020930055528879166 0.9987462759017944 -0.045471422374248505 -4.177154541015625 0.6450948715209961 0.048237863928079605 0.7625783681869507 62.84444808959961
0.758042573928833 -0.015314989723265171 -0.6520251631736755 -32.08306121826172 -0.01928628981113434 0.9987606406211853 -0.045881424099206924 -4.251070022583008 0.6519197225570679 0.04735521972179413 0.756807804107666 63.68724060058594
0.7519961595535278 -0.016771921887993813 -0.6589540839195251 -32.81120681762695 -0.01854582317173481 0.9987421631813049 -0.046584755182266235 -4.314449787139893 0.6589065790176392 0.04725240170955658 0.7507392168045044 64.51451873779297
0.7459617853164673 -0.018114017322659492 -0.6657423377037048 -33.57050323486328 -0.017844073474407196 0.998727560043335 -0.047168340533971786 -4.376339435577393 0.6657496094703674 0.047065332531929016 0.744689404964447 65.33978271484375
0.7391414642333984 -0.01828518882393837 -0.6733019948005676 -34.32526779174805 -0.016703732311725616 0.9988263249397278 -0.045462727546691895 -4.438040256500244 0.6733431220054626 0.04485004022717476 0.7379685640335083 66.17704772949219
0.7330018281936646 -0.01804584637284279 -0.6799874305725098 -35.09241485595703 -0.016679363325238228 0.9988706111907959 -0.04448828473687172 -4.501540184020996 0.6800222992897034 0.04395173862576485 0.7318730354309082 66.9880599975586
0.726385772228241 -0.02003202959895134 -0.686995267868042 -35.851539611816406 -0.015375363640487194 0.9988514184951782 -0.04538235440850258 -4.56295108795166 0.6871152520179749 0.04352789744734764 0.725243330001831 67.79236602783203
0.7196472883224487 -0.022446833550930023 -0.693976879119873 -36.63575744628906 -0.014209828339517117 0.9987918734550476 -0.047041602432727814 -4.62539529800415 0.6941943764686584 0.043714649975299835 0.718458890914917 68.61585998535156
0.7139951586723328 -0.02145242691040039 -0.699821949005127 -37.439998626708984 -0.01567777805030346 0.9987900257110596 -0.04661233350634575 -4.689517021179199 0.6999751925468445 0.04425262287259102 0.7127948999404907 69.40901184082031
0.7082008719444275 -0.02147165685892105 -0.7056843042373657 -38.260250091552734 -0.015402944758534431 0.9988296031951904 -0.04584898799657822 -4.751253604888916 0.7058429718017578 0.043339915573596954 0.707041323184967 70.22716522216797
0.7031263709068298 -0.02121422439813614 -0.7107483148574829 -39.07419204711914 -0.01606893353164196 0.9988254904747009 -0.045709285885095596 -4.812521934509277 0.7108833193778992 0.04356037452816963 0.7019597291946411 71.02816772460938
0.6982731819152832 -0.021876148879528046 -0.7154970169067383 -39.90106201171875 -0.016892239451408386 0.9987509846687317 -0.047022175043821335 -4.872286796569824 0.7156320810317993 0.0449206680059433 0.6970314383506775 71.82327270507812
0.6928631067276001 -0.024007316678762436 -0.7206693887710571 -40.7293586730957 -0.01695321872830391 0.9986269474029541 -0.0495658814907074 -4.946103572845459 0.7208698391914368 0.04656003415584564 0.6915047764778137 72.61343383789062
0.6878016591072083 -0.027403488755226135 -0.7253811955451965 -41.5695686340332 -0.01522587426006794 0.9985227584838867 -0.05215931683778763 -5.006824970245361 0.7257389426231384 0.04691983014345169 0.6863683462142944 73.40233612060547
0.6826863884925842 -0.026934688910841942 -0.7302148938179016 -42.42950439453125 -0.016999710351228714 0.9984644651412964 -0.05272255465388298 -5.084651470184326 0.7305137515068054 0.04840640723705292 0.6811802387237549 74.20060729980469
0.6776605248451233 -0.026723898947238922 -0.7348891496658325 -43.29253387451172 -0.016367793083190918 0.9985437393188477 -0.051404744386672974 -5.1528544425964355 0.7351927161216736 0.04686347767710686 0.6762363314628601 74.99089813232422
0.6726110577583313 -0.02676561288535595 -0.7395119071006775 -44.1734619140625 -0.015699002891778946 0.9986045956611633 -0.05042188614606857 -5.226416110992432 0.7398295402526855 0.04552392289042473 0.6712523102760315 75.78099060058594
0.6674197316169739 -0.028055420145392418 -0.7441531419754028 -45.0476188659668 -0.015023378655314445 0.9985794425010681 -0.051121823489665985 -5.293215751647949 0.744530200958252 0.04529941454529762 0.6660500764846802 76.56248474121094
0.6627110838890076 -0.029021384194493294 -0.7483125329017639 -45.94267654418945 -0.014207226224243641 0.9985817670822144 -0.051309455186128616 -5.365168571472168 0.7487402558326721 0.04463479295372963 0.6613589525222778 77.34373474121094
0.6581292152404785 -0.03002190589904785 -0.7523061037063599 -46.83308029174805 -0.012728475034236908 0.9986181855201721 -0.050986431539058685 -5.435277462005615 0.7527973055839539 0.043131373822689056 0.6568377614021301 78.12702178955078
0.654370903968811 -0.030452342703938484 -0.7555602788925171 -47.746856689453125 -0.012390943244099617 0.9986227750778198 -0.05098027363419533 -5.508107662200928 0.7560722231864929 0.04272211343050003 0.6530922651290894 78.89686584472656
0.6508652567863464 -0.03275876119732857 -0.7584862112998962 -48.646427154541016 -0.010454833507537842 0.9985871315002441 -0.0521000474691391 -5.579726696014404 0.759121298789978 0.041839953511953354 0.6496031880378723 79.64960479736328
0.6460925936698914 -0.037765681743621826 -0.7623240947723389 -49.5693473815918 -0.006875560153275728 0.9984466433525085 -0.05529048666357994 -5.657138824462891 0.7632280588150024 0.04096418619155884 0.6448293924331665 80.44532012939453
0.6416620016098022 -0.04225112870335579 -0.7658228874206543 -50.48810577392578 -0.0025119674392044544 0.9983604550361633 -0.05718513950705528 -5.725893020629883 0.7669834494590759 0.03861725330352783 0.6405037641525269 81.21131896972656
0.6345994472503662 -0.04555080085992813 -0.7714976668357849 -51.41583251953125 0.0018989273812621832 0.9983504414558411 -0.057382676750421524 -5.803142070770264 0.7728388905525208 0.03494999557733536 0.6336391568183899 81.98753356933594
0.6262654662132263 -0.04941350221633911 -0.7780423164367676 -52.353240966796875 0.00670660799369216 0.9982938766479492 -0.05800337716937065 -5.8831562995910645 0.7795810103416443 0.03110748529434204 0.6255284547805786 82.73967742919922
0.6173238754272461 -0.050141334533691406 -0.7851096987724304 -53.31380844116211 0.00932844914495945 0.9983631372451782 -0.056425999850034714 -5.963346481323242 0.7866537570953369 0.027509260922670364 0.6167810559272766 83.49031829833984
0.6081365346908569 -0.04857563227415085 -0.792344868183136 -54.28468704223633 0.009722174145281315 0.9985069632530212 -0.05375273525714874 -6.044061183929443 0.79377281665802 0.024985693395137787 0.6077008247375488 84.23822784423828
0.5990608930587769 -0.04834040254354477 -0.7992429733276367 -55.26059341430664 0.00919341016560793 0.9985253810882568 -0.05350276827812195 -6.126135349273682 0.8006507158279419 0.024703649803996086 0.5986218452453613 84.9595718383789
0.5901522636413574 -0.049841493368148804 -0.8057519793510437 -56.256622314453125 0.008361264131963253 0.9984161257743835 -0.05563515052199364 -6.198333263397217 0.8072487115859985 0.026096099987626076 0.5896341800689697 85.6700210571289
0.5800230503082275 -0.05201604589819908 -0.8129376173019409 -57.263511657714844 0.00891819316893816 0.9983047842979431 -0.057513777166604996 -6.279221057891846 0.8145512342453003 0.026109378784894943 0.5795037150382996 86.39203643798828
0.5703095197677612 -0.053986746817827225 -0.8196539878845215 -58.295555114746094 0.009197428822517395 0.9981949925422668 -0.05934690684080124 -6.354719161987305 0.8213784098625183 0.02630738914012909 0.5697765946388245 87.09142303466797
0.5602011680603027 -0.054207898676395416 -0.8265809416770935 -59.30755615234375 0.012007473036646843 0.9982830286026001 -0.05733039975166321 -6.446205139160156 0.8282694220542908 0.022191418334841728 0.5598903894424438 87.7763671875
0.5504510402679443 -0.05411669984459877 -0.8331116437911987 -60.353790283203125 0.012905718758702278 0.9983292818069458 -0.05632176622748375 -6.52933406829834 0.8347676396369934 0.0202504750341177 0.5502298474311829 88.45686340332031
0.5396249294281006 -0.05478537455201149 -0.8401212096214294 -61.39964294433594 0.01325754914432764 0.9983096718788147 -0.05658549815416336 -6.615177631378174 0.8418011665344238 0.01939699985086918 0.5394392013549805 89.13897705078125
0.5287988781929016 -0.05545647814869881 -0.8469334840774536 -62.436641693115234 0.012649872340261936 0.9982672333717346 -0.0574674978852272 -6.702046871185303 0.8486528992652893 0.019675148651003838 0.5285841226577759 89.79324340820312
0.5189914107322693 -0.055898018181324005 -0.8529497981071472 -63.507381439208984 0.010847430676221848 0.9982097744941711 -0.05881732702255249 -6.783135414123535 0.8547106385231018 0.02127337083220482 0.5186686515808105 90.4371109008789
0.5092034935951233 -0.057012103497982025 -0.8587557077407837 -64.59000396728516 0.00968567281961441 0.9981198906898499 -0.060521215200424194 -6.868565559387207 0.8605915904045105 0.022499987855553627 0.508798360824585 91.07059478759766
0.49932366609573364 -0.056683499366045 -0.8645593523979187 -65.68922424316406 0.008958387188613415 0.9981420040130615 -0.06026775762438774 -6.962683200836182 0.8663691878318787 0.022348063066601753 0.498903751373291 91.70301818847656
0.4907991886138916 -0.054717618972063065 -0.8695527911186218 -66.80586242675781 0.008144820109009743 0.9982705116271973 -0.05822017416357994 -7.048516750335693 0.8712345957756042 0.021492063999176025 0.49039605259895325 92.32327270507812
0.482119619846344 -0.05319645255804062 -0.8744888305664062 -67.91842651367188 0.008967084810137749 0.9984021782875061 -0.05579058825969696 -7.134779453277588 0.8760594129562378 0.019056126475334167 0.48182639479637146 92.94876861572266
0.47512906789779663 -0.05308879539370537 -0.8783130645751953 -68.99935913085938 0.008701140992343426 0.9984129071235657 -0.05564117804169655 -7.2219648361206055 0.8798730969429016 0.018794415518641472 0.47483694553375244 93.51109313964844
0.46709078550338745 -0.056834544986486435 -0.8823809027671814 -70.13044738769531 0.010888396762311459 0.9982261657714844 -0.05853238329291344 -7.301577091217041 0.8841423392295837 0.017732225358486176 0.46688106656074524 94.11653137207031
0.4604513943195343 -0.059917643666267395 -0.8856604099273682 -71.25875091552734 0.013165870681405067 0.9980705380439758 -0.060677651315927505 -7.3893961906433105 0.8875872492790222 0.016278615221381187 0.460351824760437 94.68926239013672
0.45396187901496887 -0.06284773349761963 -0.8888018727302551 -72.36864471435547 0.01489410363137722 0.9979051947593689 -0.06295523047447205 -7.484928607940674 0.8908966183662415 0.015341372229158878 0.453946977853775 95.27218627929688
0.4482235014438629 -0.06636073440313339 -0.8914548754692078 -73.50916290283203 0.016989795491099358 0.9976930022239685 -0.06572671234607697 -7.582785606384277 0.8937600255012512 0.014314628206193447 0.44831693172454834 95.84813690185547
0.4435907304286957 -0.06737015396356583 -0.893693745136261 -74.65232849121094 0.02019081637263298 0.9976688027381897 -0.06518636643886566 -7.686981201171875 0.896001935005188 0.010871662758290768 0.4439169466495514 96.41165161132812
0.4394746422767639 -0.06462619453668594 -0.8959271907806396 -75.79883575439453 0.021744072437286377 0.9978815913200378 -0.061314500868320465 -7.78489351272583 0.8979917764663696 0.007465064525604248 0.4399489760398865 96.97447967529297
0.43545401096343994 -0.06317520141601562 -0.8979915380477905 -76.93304443359375 0.025273412466049194 0.9979991912841797 -0.057955339550971985 -7.880483150482178 0.8998561501502991 0.0025415753480046988 0.4361794590950012 97.52851867675781
0.4324067533016205 -0.06236457824707031 -0.8995193243026733 -78.07720184326172 0.025751015171408653 0.9980524182319641 -0.05681724101305008 -7.965991973876953 0.9013108015060425 0.0014046235010027885 0.4331706166267395 98.07102966308594
0.42952314019203186 -0.06240991875529289 -0.9008967280387878 -79.20452880859375 0.02754190005362034 0.9980502724647522 -0.05600903928279877 -8.051373481750488 0.9026356935501099 -0.0007552264141850173 0.4304046332836151 98.60680389404297
0.427244633436203 -0.06088308244943619 -0.9020837545394897 -80.3350601196289 0.028843019157648087 0.9981401562690735 -0.053705453872680664 -8.150042533874512 0.9036758542060852 -0.003073450643569231 0.4282061457633972 99.134765625
0.4245549738407135 -0.06084909290075302 -0.9033551216125488 -81.47180938720703 0.031611520797014236 0.9981271028518677 -0.05237617716193199 -8.223883628845215 0.90485018491745 -0.006319865584373474 0.42568325996398926 99.66876220703125
0.4217693507671356 -0.06204414367675781 -0.904577910900116 -82.60977935791016 0.034636542201042175 0.9980303645133972 -0.05230430141091347 -8.304056167602539 0.9060413241386414 -0.009271102026104927 0.42308759689331055 100.206787109375
0.41929465532302856 -0.06217958778142929 -0.9057183265686035 -83.68933868408203 0.03603924810886383 0.9980052709579468 -0.05183124542236328 -8.38587474822998 0.9071345925331116 -0.010908844880759716 0.42069923877716064 100.72122955322266
0.4171065092086792 -0.06165984272956848 -0.9067636132240295 -84.79629516601562 0.03935163468122482 0.9979855418205261 -0.04976138845086098 -8.461465835571289 0.9080052971839905 -0.014926834031939507 0.4186927378177643 101.23824310302734
0.41496264934539795 -0.060794658958911896 -0.9078049659729004 -85.89545440673828 0.04140486195683479 0.9979933500289917 -0.04790806397795677 -8.544408798217773 0.9088958501815796 -0.01770748943090439 0.4166471064090729 101.73741149902344
0.4134920537471771 -0.06232630833983421 -0.9083719253540039 -86.99492645263672 0.043688107281923294 0.9978633522987366 -0.04857971519231796 -8.620963096618652 0.9094589948654175 -0.019597727805376053 0.41533148288726807 102.23640441894531
0.4116133451461792 -0.06284242868423462 -0.9091893434524536 -88.04869079589844 0.04494599997997284 0.9978055357933044 -0.048619307577610016 -8.708606719970703 0.9102495312690735 -0.020852068439126015 0.41353467106819153 102.72772979736328
0.4112167954444885 -0.06396183371543884 -0.9092907309532166 -89.11460876464844 0.04446479305624962 0.9977550506591797 -0.05007593706250191 -8.78514575958252 0.9104524254798889 -0.019839363172650337 0.4131377041339874 103.20347595214844
0.4117017090320587 -0.06460399925708771 -0.9090259075164795 -90.16703796386719 0.043826520442962646 0.9977335929870605 -0.05105918273329735 -8.866250991821289 0.9102641940116882 -0.018818287178874016 0.41360002756118774 103.6861343383789
0.41371625661849976 -0.06432169675827026 -0.9081307053565979 -91.20577239990234 0.04203656315803528 0.9977867603302002 -0.05152134597301483 -8.94700813293457 0.9094347953796387 -0.016859479248523712 0.4155045449733734 104.151123046875
0.4181254506111145 -0.06436166167259216 -0.9061062932014465 -92.24305725097656 0.03970109671354294 0.997828483581543 -0.05255658179521561 -9.025344848632812 0.9075213074684143 -0.013998173177242279 0.419772744178772 104.62467193603516
0.4232184886932373 -0.06465382874011993 -0.9037178754806519 -93.28129577636719 0.03822217881679535 0.9978365898132324 -0.05348751321434975 -9.107483863830566 0.9052210450172424 -0.011905161663889885 0.4247741997241974 105.0998764038086
0.42903512716293335 -0.0648428276181221 -0.9009575247764587 -94.30232238769531 0.03810049965977669 0.9978314638137817 -0.05367152765393257 -9.185574531555176 0.9024838805198669 -0.011299951002001762 0.4305753707885742 105.58419799804688
0.43568381667137146 -0.06394751369953156 -0.8978253602981567 -95.3077621459961 0.03690006211400032 0.9979035258293152 -0.05316922813653946 -9.257681846618652 0.8993430733680725 -0.009964835830032825 0.4371300935745239 106.07470703125
0.44427168369293213 -0.06207162141799927 -0.8937392234802246 -96.3206558227539 0.0355832464993 0.99803227186203 -0.05162675306200981 -9.33795166015625 0.895185112953186 -0.008865831419825554 0.4456062316894531 106.55864715576172
0.4532824456691742 -0.061767786741256714 -0.8892242312431335 -97.292724609375 0.03523452207446098 0.9980580806732178 -0.051366839557886124 -9.412801742553711 0.8906702995300293 -0.00804770179092884 0.45457857847213745 107.04905700683594
0.46281954646110535 -0.061506446450948715 -0.8843161463737488 -98.27912139892578 0.03425242751836777 0.9980857968330383 -0.05149291828274727 -9.481045722961426 0.8857905268669128 -0.006458048243075609 0.4640403091907501 107.55690002441406
0.47216278314590454 -0.06172969564795494 -0.8793473243713379 -99.25145721435547 0.032828155905008316 0.9980844259262085 -0.05243799090385437 -9.561180114746094 0.880899965763092 -0.004108085297048092 0.4732847511768341 108.08153533935547
0.4828605353832245 -0.06350994110107422 -0.8733912110328674 -100.2302017211914 0.031765442341566086 0.9979804754257202 -0.05500789359211922 -9.629894256591797 0.8751209378242493 -0.0011825185501948 0.48390284180641174 108.61172485351562
0.4945526719093323 -0.06469997018575668 -0.8667361736297607 -101.1861343383789 0.029904702678322792 0.9979016184806824 -0.05742781236767769 -9.700067520141602 0.8686330318450928 0.0024815904907882214 0.4954497814178467 109.14832305908203
0.5070051550865173 -0.06280665844678879 -0.8596517443656921 -102.13509368896484 0.02795611508190632 0.998015284538269 -0.05642763152718544 -9.7810697555542 0.8614895939826965 0.004576577339321375 0.5077546834945679 109.69994354248047
0.5196560025215149 -0.05967334657907486 -0.8522890210151672 -103.05706787109375 0.025983670726418495 0.9982002973556519 -0.05404665321111679 -9.861555099487305 0.8539803624153137 0.005940067581832409 0.5202713012695312 110.25129699707031
0.5320284366607666 -0.05741431191563606 -0.8447775840759277 -103.96971130371094 0.025320956483483315 0.9983310103416443 -0.0519036203622818 -9.936993598937988 0.8463476896286011 0.006223629228770733 0.5325943231582642 110.82189178466797
0.5441330671310425 -0.05677498131990433 -0.8370757102966309 -104.87786865234375 0.02516091801226139 0.9983632564544678 -0.051358744502067566 -10.00633716583252 0.8386214971542358 0.00688440166413784 0.5446709990501404 111.4012680053711
