1.0 0.0 0.0 0.0 0.0 1.0 0.0 0.0 0.0 0.0 1.0 0.0
0.999934196472168 -0.0025207793805748224 0.011193133890628815 0.016334092244505882 0.00250990130007267 0.9999963641166687 0.0009857898112386465 -0.0035577365197241306 -0.01119557861238718 -0.0009576313314028084 0.9999368786811829 0.2960774004459381
0.999828577041626 -0.004528328776359558 0.01795172318816185 0.0261191725730896 0.0045079682022333145 0.9999891519546509 0.0011744756484404206 -0.008509173057973385 -0.017956847324967384 -0.0010933484882116318 0.9998381733894348 0.5829530358314514
0.9997777342796326 -0.007394428364932537 0.01974204182624817 0.03851156309247017 0.007397233508527279 0.9999726414680481 -6.908455543452874e-05 -0.011629543267190456 -0.019740991294384003 0.0002151056978618726 0.9998050928115845 0.8867644667625427
0.999814510345459 -0.008661718107759953 0.017202675342559814 0.04952125996351242 0.00869382917881012 0.9999606013298035 -0.0017927156295627356 -0.010026408359408379 -0.017186470329761505 0.0019419401651248336 0.9998503923416138 1.201828956604004
0.9998765587806702 -0.011537508107721806 0.010662800632417202 0.052716873586177826 0.011575286276638508 0.9999269247055054 -0.003488302929326892 -0.009232869371771812 -0.010621774010360241 0.0036112971138209105 0.9999369978904724 1.5242387056350708
0.9999105334281921 -0.013250872492790222 -0.0018198188627138734 0.0497569814324379 0.01324092410504818 0.9998978972434998 -0.0053739105351269245 -0.012545699253678322 0.001890841987915337 0.005349333863705397 0.9999839067459106 1.851113200187683
0.9997531175613403 -0.012416084297001362 -0.018422095105051994 0.029442328959703445 0.012314597144722939 0.9999083280563354 -0.005612189881503582 -0.018855085596442223 0.01849009282886982 0.005383943673223257 0.9998145699501038 2.187223196029663
0.9992450475692749 -0.008101345971226692 -0.037995826452970505 -0.001974053680896759 0.007894160225987434 0.9999531507492065 -0.005599739030003548 -0.02235739305615425 0.03803941234946251 0.0052955662831664085 0.9992622137069702 2.5324628353118896
0.9983196258544922 -0.004471972119063139 -0.05777460336685181 -0.03966836631298065 0.0040804375894367695 0.9999678730964661 -0.006893133744597435 -0.02832183986902237 0.057803574949502945 0.0066458056680858135 0.9983058571815491 2.8807177543640137
0.9969204664230347 -0.004162024240940809 -0.07830826938152313 -0.07795803248882294 0.0035998451057821512 0.9999668002128601 -0.007318850141018629 -0.03160211071372032 0.07833611965179443 0.007014413829892874 0.9969022870063782 3.2454216480255127
0.9950090646743774 -0.005672005470842123 -0.0996236503124237 -0.12402735650539398 0.004983032587915659 0.9999620318412781 -0.00716322660446167 -0.03179311752319336 0.0996604859828949 0.006631047464907169 0.9949994087219238 3.6192550659179688
0.9928834438323975 -0.007523423060774803 -0.11885235458612442 -0.18736359477043152 0.006878045853227377 0.9999592900276184 -0.005839334800839424 -0.04326559603214264 0.11889146268367767 0.004980307538062334 0.9928947687149048 4.006857395172119
0.9906262159347534 -0.006169503554701805 -0.1364610195159912 -0.26352459192276 0.00542963994666934 0.999968409538269 -0.005793333984911442 -0.04213664308190346 0.13649247586727142 0.004998094402253628 0.9906284809112549 4.4023871421813965
0.9882144927978516 -0.005213271826505661 -0.1529867798089981 -0.3272043466567993 0.004565138835459948 0.9999790787696838 -0.004587496630847454 -0.05517224967479706 0.15300746262073517 0.00383502384647727 0.9882176518440247 4.8141021728515625
0.9859794974327087 -0.004437517840415239 -0.16680771112442017 -0.408611923456192 0.0036416167858988047 0.9999805688858032 -0.005076932720839977 -0.05898295342922211 0.166826993227005 0.004398302175104618 0.9859763383865356 5.2385172843933105
0.9839818477630615 -0.006139166187494993 -0.17816267907619476 -0.5030323266983032 0.005228164605796337 0.9999707341194153 -0.005582351703196764 -0.06946440786123276 0.17819172143936157 0.004561468493193388 0.9839851260185242 5.660316467285156
0.9821850657463074 -0.009917954914271832 -0.18765456974506378 -0.5943050384521484 0.008553211577236652 0.999930739402771 -0.008080976083874702 -0.0745990127325058 0.18772174417972565 0.006331963464617729 0.9822018146514893 6.1074323654174805
0.980563759803772 -0.009127763099968433 -0.19598796963691711 -0.6870741248130798 0.007347424514591694 0.9999248385429382 -0.009809069335460663 -0.08161868155002594 0.19606278836727142 0.008178411982953548 0.9805572628974915 6.574997901916504
0.9789602756500244 -0.008687866851687431 -0.20386582612991333 -0.7924922704696655 0.006416680756956339 0.9999097585678101 -0.011798972263932228 -0.08655105531215668 0.2039499282836914 0.01024258229881525 0.978927731513977 7.049255847930908
0.9773175120353699 -0.010022630915045738 -0.21154150366783142 -0.9009730815887451 0.007192943245172501 0.9998740553855896 -0.0141418082639575 -0.10125179588794708 0.2116566002368927 0.012299432419240475 0.9772666096687317 7.509706497192383
0.9755436182022095 -0.013979979790747166 -0.2193610817193985 -1.0130066871643066 0.010774106718599796 0.9998169541358948 -0.01580413430929184 -0.11102470755577087 0.21954187750816345 0.013054200448095798 0.9755157828330994 8.007095336914062
0.9736382961273193 -0.020280277356505394 -0.22719405591487885 -1.1279605627059937 0.016743315383791924 0.9997069835662842 -0.017484614625573158 -0.12207342684268951 0.22748205065727234 0.013219710439443588 0.9736924767494202 8.51827335357666
0.971462607383728 -0.02072976715862751 -0.23628509044647217 -1.254103660583496 0.016480732709169388 0.9996652603149414 -0.019943740218877792 -0.1354145109653473 0.23661942780017853 0.015480449423193932 0.971479058265686 9.0440034866333
0.9694215059280396 -0.017156431451439857 -0.24480116367340088 -1.4022282361984253 0.0116138169541955 0.9996429085731506 -0.024066973477602005 -0.14680638909339905 0.2451266646385193 0.020487967878580093 0.9692745208740234 9.563263893127441
0.9672470688819885 -0.014073887839913368 -0.25344640016555786 -1.5599825382232666 0.007424510549753904 0.9996032118797302 -0.027173254638910294 -0.16347211599349976 0.25372830033302307 0.02440153807401657 0.966967761516571 10.104207038879395
0.9649760127067566 -0.01662011258304119 -0.26181116700172424 -1.7177677154541016 0.009494837373495102 0.9995498657226562 -0.028456922620534897 -0.18740223348140717 0.2621663212776184 0.024974394589662552 0.9646995663642883 10.658961296081543
0.9625250697135925 -0.019899746403098106 -0.2704615294933319 -1.8712891340255737 0.011931236833333969 0.9994458556175232 -0.03107503056526184 -0.20498958230018616 0.2709299325942993 0.02668355591595173 0.9622292518615723 11.230597496032715
0.960277259349823 -0.019447237253189087 -0.27836936712265015 -2.0475287437438965 0.010589984245598316 0.9993897080421448 -0.03328687325119972 -0.22904658317565918 0.2788468599319458 0.02901669591665268 0.9598971009254456 11.804794311523438
0.9579997062683105 -0.018147869035601616 -0.28619471192359924 -2.240108013153076 0.007816748693585396 0.9992772936820984 -0.03719954192638397 -0.2530665993690491 0.2866629958152771 0.0334000326693058 0.9574490785598755 12.401805877685547
0.9556095004081726 -0.01938512548804283 -0.2939976751804352 -2.424760103225708 0.0073656123131513596 0.9990932941436768 -0.04193533957004547 -0.28695985674858093 0.2945440411567688 0.03790833801031113 0.954885721206665 12.991615295410156
0.9537901878356934 -0.021478625014424324 -0.2997046411037445 -2.6173324584960938 0.006943650543689728 0.9987510442733765 -0.04947874695062637 -0.3193220794200897 0.3003929853439331 0.04511130973696709 0.9527480602264404 13.599308013916016
0.9524160623550415 -0.02228708378970623 -0.3039851784706116 -2.822888135910034 0.00495246471837163 0.9983231425285339 -0.057676833122968674 -0.3542877733707428 0.3047608435153961 0.053426869213581085 0.9509291648864746 14.220218658447266
0.9510995745658875 -0.022413086146116257 -0.3080701529979706 -3.0325489044189453 0.001993152778595686 0.9977885484695435 -0.06643888354301453 -0.39526551961898804 0.3088779151439667 0.06257596611976624 0.949040949344635 14.837298393249512
0.9498652815818787 -0.0216833408921957 -0.3119065761566162 -3.2626852989196777 -0.0019230680773034692 0.997168242931366 -0.07517825067043304 -0.4452478885650635 0.31265348196029663 0.07200903445482254 0.9471337795257568 15.48395824432373
0.9486862421035767 -0.021045241504907608 -0.31551775336265564 -3.496898651123047 -0.005169987678527832 0.9966171979904175 -0.08201994001865387 -0.500249981880188 0.31617653369903564 0.07944242656230927 0.9453683495521545 16.128442764282227
0.9469938278198242 -0.01896669901907444 -0.3206912577152252 -3.729705333709717 -0.01009639073163271 0.9960052967071533 -0.08872132748365402 -0.5613970160484314 0.32109296321868896 0.08725636452436447 0.943019449710846 16.783985137939453
0.9454231858253479 -0.01777920126914978 -0.3253597021102905 -3.9729020595550537 -0.013785762712359428 0.9954337477684021 -0.09445362538099289 -0.6306037902832031 0.325553297996521 0.09378395974636078 0.9408611059188843 17.449520111083984
0.9437615871429443 -0.016463615000247955 -0.33021673560142517 -4.227582931518555 -0.017538875341415405 0.9948602318763733 -0.09972695261240005 -0.7026575803756714 0.33016136288642883 0.09991009533405304 0.9386221170425415 18.128582000732422
0.9419553279876709 -0.014209417626261711 -0.3354373574256897 -4.478536605834961 -0.02152596041560173 0.9944922924041748 -0.10257545858621597 -0.7811489105224609 0.3350473940372467 0.1038421243429184 0.9364615082740784 18.81271743774414
0.9403164386749268 -0.012477634474635124 -0.34007248282432556 -4.746886253356934 -0.02454509772360325 0.9942378997802734 -0.10434801131486893 -0.8536443710327148 0.3394149839878082 0.10646726191043854 0.9345920085906982 19.5043888092041
0.9381047487258911 -0.012447739019989967 -0.3461279571056366 -5.021099090576172 -0.02500954270362854 0.9943106770515442 -0.10354112833738327 -0.9334366321563721 0.3454475998878479 0.1057889312505722 0.9324563145637512 20.215011596679688
0.9357820153236389 -0.011617099866271019 -0.35238760709762573 -5.290335655212402 -0.02590058743953705 0.9944916367530823 -0.10156548768281937 -1.0238637924194336 0.35162636637687683 0.10417020320892334 0.930326521396637 20.924503326416016
0.9332494735717773 -0.011970087885856628 -0.35902947187423706 -5.5792131423950195 -0.025618039071559906 0.9946823716163635 -0.09975355118513107 -1.105220913887024 0.3583143353462219 0.10229257494211197 0.9279800653457642 21.64423179626465
0.9299847483634949 -0.011005504056811333 -0.3674333989620209 -5.86859655380249 -0.02645314857363701 0.9949566125869751 -0.09675503522157669 -1.184631109237671 0.36664506793022156 0.09970048815011978 0.9250033497810364 22.370107650756836
0.92662113904953 -0.00921701081097126 -0.37588346004486084 -6.177490234375 -0.027092643082141876 0.9954641461372375 -0.09119800478219986 -1.2605047225952148 0.3750191032886505 0.09468966722488403 0.9221683144569397 23.10890007019043
0.9232349395751953 -0.005379726178944111 -0.38419821858406067 -6.507300853729248 -0.03002277947962284 0.9958349466323853 -0.08608941733837128 -1.3400909900665283 0.38306114077568054 0.09101545810699463 0.9192281365394592 23.854833602905273
0.9195790886878967 -0.0016577468486502767 -0.3929015100002289 -6.838580131530762 -0.03333430364727974 0.9960564970970154 -0.08222095668315887 -1.4156336784362793 0.39148837327957153 0.08870577812194824 0.9158974885940552 24.60599136352539
0.9157478213310242 -0.00035981833934783936 -0.40175333619117737 -7.181891441345215 -0.03485521674156189 0.9961578845977783 -0.08034040033817291 -1.4916138648986816 0.40023866295814514 0.08757477253675461 0.9122169613838196 25.352569580078125
0.9118432998657227 -0.0006301508983597159 -0.4105377793312073 -7.530264377593994 -0.0351439006626606 0.996208131313324 -0.07958705723285675 -1.5603809356689453 0.4090312123298645 0.0869988203048706 0.9083636999130249 26.090248107910156
0.9080238342285156 -0.0003376025997567922 -0.4189182221889496 -7.8961873054504395 -0.03579428046941757 0.9962800741195679 -0.07838857173919678 -1.62985360622406 0.41738635301589966 0.08617357909679413 0.9046339988708496 26.86107635498047
0.9040399789810181 0.00022199476370587945 -0.42744776606559753 -8.287017822265625 -0.036474376916885376 0.996392548084259 -0.07662483304738998 -1.7004013061523438 0.42588868737220764 0.08486279100179672 0.9007868766784668 27.655885696411133
0.9001284837722778 -0.0011461145477369428 -0.4356229305267334 -8.640954971313477 -0.03462018817663193 0.9966453909873962 -0.07415790110826492 -1.7764687538146973 0.43424665927886963 0.08183298259973526 0.8970692753791809 28.400440216064453
0.8964447379112244 -0.0007037209579721093 -0.4431549608707428 -9.041635513305664 -0.03378509730100632 0.9969798922538757 -0.06992600858211517 -1.846803903579712 0.44186580181121826 0.0776568353176117 0.8937135934829712 29.189937591552734
0.8925737738609314 0.00162454170640558 -0.45089852809906006 -9.454668998718262 -0.034327104687690735 0.9973362684249878 -0.06435874104499817 -1.9117050170898438 0.44959285855293274 0.0729229524731636 0.8902519345283508 29.982858657836914
0.8887575268745422 0.0017736246809363365 -0.4583742320537567 -9.879173278808594 -0.03307224065065384 0.9976342916488647 -0.06026465818285942 -1.9744504690170288 0.4571830630302429 0.06872012466192245 0.8867136836051941 30.7907657623291
0.8851341009140015 0.0007820349419489503 -0.465335488319397 -10.313251495361328 -0.03158813342452049 0.9977929592132568 -0.0584082156419754 -2.0352590084075928 0.4642627537250519 0.06639820337295532 0.8832051753997803 31.59307861328125
0.881634533405304 0.0002121791330864653 -0.4719327390193939 -10.751760482788086 -0.030905431136488914 0.9978792667388916 -0.057286906987428665 -2.098311424255371 0.47091975808143616 0.06509140133857727 0.87977135181427 32.42860794067383
0.878494918346405 0.0007480810163542628 -0.4777511656284332 -11.21014404296875 -0.03097209706902504 0.9979843497276306 -0.05538921058177948 -2.1558635234832764 0.47674670815467834 0.06345608830451965 0.8767473697662354 33.25613784790039
0.8754331469535828 -0.0012632803991436958 -0.48333752155303955 -11.670242309570312 -0.028396636247634888 0.9981348514556885 -0.05404150113463402 -2.2088449001312256 0.48250433802604675 0.061034876853227615 0.8737644553184509 34.086883544921875
0.87296462059021 -0.002092041540890932 -0.487778902053833 -12.171941757202148 -0.027796229347586632 0.9981525540351868 -0.05402715504169464 -2.2700355052948 0.486990749835968 0.060722216963768005 0.8712937235832214 34.93659591674805
0.8705241680145264 -0.004124016035348177 -0.4921083152294159 -12.629414558410645 -0.026099368929862976 0.9981707334518433 -0.0545339360833168 -2.324277400970459 0.49143311381340027 0.06031682342290878 0.8688241839408875 35.781490325927734
0.869090735912323 -0.0036193965934216976 -0.49463942646980286 -13.132164001464844 -0.027122562751173973 0.9981202483177185 -0.05495833232998848 -2.3835437297821045 0.4939085841178894 0.06117967143654823 0.8673588633537292 36.64769744873047
0.8686578273773193 -0.003636603243649006 -0.49539914727211 -13.634867668151855 -0.02667233720421791 0.9981794357299805 -0.054096024483442307 -2.443391799926758 0.49469396471977234 0.06020438298583031 0.8669794201850891 37.509483337402344
0.868416965007782 -0.003501267870888114 -0.49582213163375854 -14.143667221069336 -0.026089195162057877 0.9982672333717346 -0.05274372175335884 -2.500988721847534 0.4951476454734802 0.058739159256219864 0.8668209314346313 38.39120101928711
0.8682209849357605 -0.004141746088862419 -0.4961604177951813 -14.668634414672852 -0.02495010383427143 0.9983357191085815 -0.05199338123202324 -2.5648553371429443 0.4955500066280365 0.05752100422978401 0.866672694683075 39.280982971191406
0.8674494028091431 -0.006467772182077169 -0.4974832832813263 -15.187992095947266 -0.022729989141225815 0.9983563423156738 -0.05261334031820297 -2.6268649101257324 0.4970059096813202 0.05694720521569252 0.8658764958381653 40.190399169921875
0.8664642572402954 -0.008917659521102905 -0.49915945529937744 -15.722553253173828 -0.02019825205206871 0.9983956217765808 -0.05289774760603905 -2.6910932064056396 0.4988303780555725 0.05591616407036781 0.8648940324783325 41.09568786621094
0.8648093342781067 -0.009275934658944607 -0.5020148158073425 -16.266048431396484 -0.01903240755200386 0.9985051155090332 -0.05123647674918175 -2.747771978378296 0.5017397403717041 0.05386433005332947 0.8633399605751038 42.03361129760742
0.8626805543899536 -0.008770108222961426 -0.5056730508804321 -16.807689666748047 -0.017545489594340324 0.9987287521362305 -0.04725407436490059 -2.8104288578033447 0.5054447054862976 0.049637455493211746 0.8614299893379211 42.947845458984375
0.8598937392234802 -0.008826611563563347 -0.5103966593742371 -17.35877799987793 -0.015420767478644848 0.9989449977874756 -0.04325561970472336 -2.871389627456665 0.5102400183677673 0.04506594315171242 0.8588504195213318 43.86878967285156
0.8558487892150879 -0.00928064901381731 -0.517142653465271 -17.932300567626953 -0.014003309421241283 0.9990567564964294 -0.041103944182395935 -2.936824083328247 0.5170363187789917 0.04242047667503357 0.8549115657806396 44.79834747314453
0.8506006002426147 -0.012650532647967339 -0.5256600379943848 -18.49734878540039 -0.012195001356303692 0.9989671111106873 -0.0437745526432991 -2.991342067718506 0.5256708264350891 0.043645087629556656 0.849567711353302 45.705833435058594
0.8446109890937805 -0.016331154853105545 -0.5351313948631287 -19.06473731994629 -0.010427519679069519 0.998843252658844 -0.04694073274731636 -3.0519793033599854 0.5352789759635925 0.045226749032735825 0.843463659286499 46.597530364990234
0.838445246219635 -0.016153989359736443 -0.5447463989257812 -19.65444564819336 -0.010785146616399288 0.9988730549812317 -0.04622066766023636 -3.1137397289276123 0.544879138469696 0.04462866857647896 0.8373261094093323 47.50568389892578
0.8326120972633362 -0.012697276659309864 -0.5537110567092896 -20.256837844848633 -0.01200105156749487 0.9990888833999634 -0.04095624387264252 -3.1731653213500977 0.5537266731262207 0.04074577987194061 0.8317010998725891 48.394290924072266
0.827549934387207 -0.007793510798364878 -0.5613380074501038 -20.88770294189453 -0.015482631511986256 0.9992064833641052 -0.03669799119234085 -3.22896671295166 0.5611785650253296 0.03906041011214256 0.8267725706100464 49.292781829833984
0.8235282897949219 -0.007925279438495636 -0.5672197341918945 -21.501205444335938 -0.016706902533769608 0.9991298913955688 -0.03821621835231781 -3.282072067260742 0.5670289993286133 0.04094862937927246 0.822679340839386 50.16706848144531
0.8198552131652832 -0.01051125954836607 -0.5724746584892273 -22.11669158935547 -0.01680184341967106 0.9989592432975769 -0.04240432381629944 -3.3406224250793457 0.5723245739936829 0.04438403248786926 0.8188252449035645 51.04780960083008
0.8168469071388245 -0.01240749005228281 -0.5767210721969604 -22.743568420410156 -0.019626058638095856 0.9985920190811157 -0.049281198531389236 -3.4006855487823486 0.576520562171936 0.05157395824790001 0.8154533505439758 51.925907135009766
0.8134524822235107 -0.01397198811173439 -0.5814634561538696 -23.374324798583984 -0.01909913495182991 0.9985306262969971 -0.05071289837360382 -3.4640913009643555 0.5813177227973938 0.052357982844114304 0.8119903802871704 52.807525634765625
0.8103365302085876 -0.012025926262140274 -0.5858413577079773 -24.006078720092773 -0.018893953412771225 0.9987332820892334 -0.04663575440645218 -3.526735305786133 0.5856600403785706 0.04885951057076454 0.8090828657150269 53.6596794128418
0.8072106242179871 -0.009722301736474037 -0.590183436870575 -24.65128517150879 -0.018437307327985764 0.9989611506462097 -0.04167347028851509 -3.5824875831604004 0.5899754762649536 0.044520653784275055 0.806192934513092 54.528953552246094
0.8042730093002319 -0.0074226087890565395 -0.594213604927063 -25.29384994506836 -0.01912941411137581 0.9990804195404053 -0.03837181627750397 -3.644106388092041 0.5939520597457886 0.04222836717963219 0.8033914566040039 55.38871765136719
0.8010155558586121 -0.007193848956376314 -0.5986002087593079 -25.947362899780273 -0.02026062272489071 0.999029278755188 -0.039117831736803055 -3.689406633377075 0.5983004570007324 0.04346201568841934 0.8000922203063965 56.248191833496094
0.7975104451179504 -0.008460850454866886 -0.6032457947731018 -26.60769271850586 -0.02036024071276188 0.9989545941352844 -0.040927786380052567 -3.7435221672058105 0.6029614806175232 0.044922567903995514 0.796504557132721 57.111854553222656
0.7936262488365173 -0.011686769314110279 -0.6082932353019714 -27.28334617614746 -0.01899227499961853 0.9988523125648499 -0.043969132006168365 -3.7961809635162354 0.6081091165542603 0.04644794017076492 0.7924935221672058 57.96181869506836
0.7893568277359009 -0.012669573538005352 -0.6138039827346802 -27.92190933227539 -0.018148764967918396 0.9988685250282288 -0.0439571775496006 -3.856914758682251 0.6136664152145386 0.045837678015232086 0.788233757019043 58.78203582763672
0.7848904728889465 -0.012717071920633316 -0.6195040345191956 -28.601667404174805 -0.017687005922198296 0.9989221096038818 -0.04291453957557678 -3.9164655208587646 0.6193820834159851 0.04464038088917732 0.7838195562362671 59.62846374511719
0.780352771282196 -0.011567497625946999 -0.6252325177192688 -29.28175926208496 -0.018786318600177765 0.9989439249038696 -0.04192877560853958 -3.9781007766723633 0.6250573396682739 0.04446505382657051 0.7793114185333252 60.44013214111328
0.7747641205787659 -0.013648051768541336 -0.632102906703949 -29.974315643310547 -0.017949512228369713 0.9988892078399658 -0.043568115681409836 -4.032797336578369 0.6319953203201294 0.04510095715522766 0.7736586332321167 61.30107116699219
0.7694360017776489 -0.015075218863785267 -0.6385460495948792 -30.673803329467773 -0.017336517572402954 0.9988601803779602 -0.04447193071246147 -4.093221664428711 0.6384887099266052 0.045288458466529846 0.7682976126670837 62.136417388916016
0.7636829614639282 -0.016033178195357323 -0.6453923583030701 -31.375930786132812 -0.017159968614578247 0.9988342523574829 -0.04511868953704834 -4.157651901245117 0.645363450050354 0.04553128778934479 0.7625174522399902 62.968223571777344
0.7576977014541626 -0.018493276089429855 -0.6523436307907104 -32.099639892578125 -0.015044366009533405 0.9988378882408142 -0.04579007253050804 -4.227140426635742 0.6524323225021362 0.04450913146138191 0.7565388679504395 63.810455322265625
0.751705527305603 -0.020038947463035583 -0.6591943502426147 -32.827842712402344 -0.014382930472493172 0.9988023638725281 -0.04676416888833046 -4.290098190307617 0.6593420505523682 0.04463403671979904 0.7505170106887817 64.63556671142578
0.7455317974090576 -0.02113526687026024 -0.6661348342895508 -33.58177947998047 -0.013606779277324677 0.9988059997558594 -0.046918902546167374 -4.356816291809082 0.6663311123847961 0.04404348507523537 0.7443540692329407 65.46016693115234
0.7389294505119324 -0.020998692139983177 -0.673455536365509 -34.338279724121094 -0.012678896076977253 0.9989038109779358 -0.04505788907408714 -4.422290802001953 0.6736634969711304 0.04183327406644821 0.7378533482551575 66.2923583984375
0.7326356768608093 -0.02141462080180645 -0.6802839040756226 -35.102943420410156 -0.012092255055904388 0.9989375472068787 -0.04446832463145256 -4.478459358215332 0.6805135607719421 0.04080524295568466 0.7315984964370728 67.1017074584961
0.7262596487998962 -0.023148110136389732 -0.6870306134223938 -35.86124801635742 -0.010921033099293709 0.9989181160926819 -0.04520115256309509 -4.542550086975098 0.6873337030410767 0.04033084958791733 0.7252212166786194 67.89723205566406
0.7193350195884705 -0.025738004595041275 -0.6941863298416138 -36.65098571777344 -0.009768164716660976 0.998839795589447 -0.047155529260635376 -4.6001787185668945 0.6945946216583252 0.04070155695080757 0.7182490229606628 68.73072052001953
0.7136688828468323 -0.024925891309976578 -0.7000395655632019 -37.45569610595703 -0.011045210063457489 0.9988420009613037 -0.04682542011141777 -4.665050029754639 0.7003961801528931 0.04114993289113045 0.7125670909881592 69.52507781982422
0.7080264091491699 -0.024349894374608994 -0.7057660222053528 -38.275779724121094 -0.011374388821423054 0.9988824725151062 -0.04587363079190254 -4.729732036590576 0.7060943245887756 0.040507398545742035 0.7069582343101501 70.33930969238281
0.7027389407157898 -0.024304362013936043 -0.7110326290130615 -39.08980178833008 -0.011952566914260387 0.9988718628883362 -0.04595637694001198 -4.789101600646973 0.7113475203514099 0.040793996304273605 0.7016556859016418 71.144775390625
0.6984149813652039 -0.024289743974804878 -0.7152808308601379 -39.91852951049805 -0.013485315255820751 0.9987998008728027 -0.04708492010831833 -4.851851463317871 0.7155660390853882 0.042530592530965805 0.6972492337226868 71.93074035644531
0.6928648352622986 -0.02690824493765831 -0.7205650806427002 -40.760353088378906 -0.013309391215443611 0.9986559152603149 -0.05009080469608307 -4.922197341918945 0.7209447026252747 0.04429643601179123 0.6915755271911621 72.73818969726562
0.6878618001937866 -0.029886169359087944 -0.7252262234687805 -41.603363037109375 -0.01177304983139038 0.9985611438751221 -0.052316635847091675 -4.990090370178223 0.7257463932037354 0.04452472925186157 0.6865200996398926 73.52931213378906
0.6825329661369324 -0.030013730749487877 -0.7302383184432983 -42.46189880371094 -0.012787207961082458 0.9985129833221436 -0.05299200117588043 -5.06273078918457 0.7307431101799011 0.04550648853182793 0.6811342835426331 74.32968139648438
0.6777700781822205 -0.029697149991989136 -0.7346739172935486 -43.34035110473633 -0.012381257489323616 0.9985813498497009 -0.05178713798522949 -5.134036064147949 0.7351696491241455 0.044195953756570816 0.6764408946037292 75.12356567382812
0.6730712652206421 -0.02965622767806053 -0.7389827966690063 -44.22124481201172 -0.011597035452723503 0.9986497163772583 -0.050639618188142776 -5.206422805786133 0.7394866943359375 0.042654089629650116 0.6718184351921082 75.90594482421875
0.6673754453659058 -0.030953209847211838 -0.7440779209136963 -45.10094451904297 -0.011179769411683083 0.9986068606376648 -0.051568783819675446 -5.277339935302734 0.7446375489234924 0.042734358459711075 0.6660996079444885 76.70277404785156
0.662600040435791 -0.032268498092889786 -0.748278021812439 -45.976539611816406 -0.010139490477740765 0.9985935091972351 -0.052041538059711456 -5.344086170196533 0.7489049434661865 0.04206987842917442 0.6613408327102661 77.47462463378906
0.6585825085639954 -0.03264623507857323 -0.7517998814582825 -46.887306213378906 -0.009437660686671734 0.9986215829849243 -0.05163169652223587 -5.420266151428223 0.7524493336677551 0.04109897091984749 0.6573665738105774 78.24662780761719
0.6541489362716675 -0.03352901712059975 -0.7556222081184387 -47.781585693359375 -0.008052215911448002 0.9986516833305359 -0.05128377303481102 -5.495148658752441 0.7563229203224182 0.03963165730237961 0.652996838092804 79.02758026123047
0.6503380537033081 -0.03670734167098999 -0.7587575316429138 -48.705848693847656 -0.00488315150141716 0.998609185218811 -0.05249633267521858 -5.56936502456665 0.7596291899681091 0.037845492362976074 0.649254322052002 79.81195068359375
0.6460554003715515 -0.04109512269496918 -0.7621834874153137 -49.613548278808594 -0.0025220916140824556 0.9984292387962341 -0.05597074329853058 -5.639908313751221 0.7632864117622375 0.03808250278234482 0.6449369192123413 80.57275390625
0.6414933800697327 -0.045527223497629166 -0.7657764554023743 -50.539215087890625 0.0016240886179730296 0.9983157515525818 -0.05799172818660736 -5.709639072418213 0.7671268582344055 0.03595761954784393 0.6404868364334106 81.34352111816406
0.634566605091095 -0.048670705407857895 -0.7713342308998108 -51.47251892089844 0.006287288852035999 0.9983072280883789 -0.05782008543610573 -5.788556098937988 0.7728427052497864 0.03184109553694725 0.6337984204292297 82.12158966064453
0.6264241933822632 -0.05271023139357567 -0.7776980996131897 -52.39512252807617 0.011335927061736584 0.9982214570045471 -0.05852578207850456 -5.873392105102539 0.7793998718261719 0.02784603089094162 0.6259076595306396 82.86145782470703
0.617487907409668 -0.05335242301225662 -0.7847688794136047 -53.349796295166016 0.013851736672222614 0.9982798099517822 -0.05696883052587509 -5.957975387573242 0.786458432674408 0.02430715039372444 0.6171647310256958 83.60029602050781
0.6086950898170471 -0.05176420882344246 -0.7917137742042542 -54.3118896484375 0.014414562843739986 0.9984261989593506 -0.054197199642658234 -6.040313243865967 0.7932733297348022 0.021577365696430206 0.6084831953048706 84.33885955810547
0.6001634001731873 -0.0518234521150589 -0.7981967926025391 -55.2922248840332 0.013979596085846424 0.9984261393547058 -0.054312221705913544 -6.117751121520996 0.7997552156448364 0.021437743678689003 0.599943220615387 85.05777740478516
0.5905066132545471 -0.053456492722034454 -0.805260419845581 -56.292022705078125 0.013547683134675026 0.9983197450637817 -0.05633789673447609 -6.193302631378174 0.8069190979003906 0.022358488291502 0.5902386903762817 85.77650451660156
0.5805016756057739 -0.055575769394636154 -0.8123603463172913 -57.293025970458984 0.013889064081013203 0.9981986880302429 -0.058364540338516235 -6.276370525360107 0.8141405582427979 0.022597791627049446 0.580227792263031 86.48470306396484
0.5709867477416992 -0.057455919682979584 -0.8189463019371033 -58.322998046875 0.014321289956569672 0.9980932474136353 -0.06003947556018829 -6.35386848449707 0.8208343982696533 0.022553369402885437 0.5707207322120667 87.19266510009766
0.5601696372032166 -0.05784861743450165 -0.8263556361198425 -59.3545036315918 0.017200589179992676 0.9981557726860046 -0.05821548402309418 -6.447458744049072 0.8281992673873901 0.018396737053990364 0.5601316094398499 87.91395568847656
0.550287127494812 -0.058036040514707565 -0.8329561352729797 -60.37807083129883 0.018289407715201378 0.9981799721717834 -0.057465195655822754 -6.52639627456665 0.8347751498222351 0.016388079151511192 0.5503470301628113 88.57103729248047
0.5402940511703491 -0.05892409384250641 -0.8394107222557068 -61.438873291015625 0.01876813918352127 0.9981410503387451 -0.057986196130514145 -6.607997894287109 0.8412669897079468 0.015575415454804897 0.5403954386711121 89.23921203613281
0.5296682119369507 -0.05957811698317528 -0.8461099863052368 -62.50996780395508 0.018132219091057777 0.9980974793434143 -0.05892934650182724 -6.700965404510498 0.8480111360549927 0.015871146693825722 0.5297408699989319 89.90849304199219
0.5193952322006226 -0.06069027632474899 -0.8523762226104736 -63.56929397583008 0.01720319129526615 0.998015284538269 -0.06057719886302948 -6.778949737548828 0.8543608784675598 0.016799915581941605 0.5194084644317627 90.5583267211914
0.5096585154533386 -0.061678387224674225 -0.858163058757782 -64.6505126953125 0.016534682363271713 0.9979451894760132 -0.061905018985271454 -6.869877815246582 0.8602177500724792 0.01736096478998661 0.5096310973167419 91.19171142578125
0.4999014735221863 -0.061616554856300354 -0.8638876676559448 -65.7477035522461 0.015127354301512241 0.9979351162910461 -0.06242377683520317 -6.956999778747559 0.8659502267837524 0.01813739538192749 0.49980127811431885 91.82539367675781
0.49122142791748047 -0.05942441150546074 -0.8690053224563599 -66.88228607177734 0.014836113899946213 0.9980962872505188 -0.059865519404411316 -7.0522990226745605 0.8709083199501038 0.016514567658305168 0.4911678433418274 92.45315551757812
0.48359617590904236 -0.0581292100250721 -0.8733589053153992 -68.00030517578125 0.015372284688055515 0.9982024431228638 -0.057926636189222336 -7.137273788452148 0.8751561641693115 0.014587578363716602 0.4836205244064331 93.06307983398438
0.47550150752067566 -0.057860828936100006 -0.8778101205825806 -69.10615539550781 0.015148570761084557 0.998225212097168 -0.05759216472506523 -7.2306647300720215 0.8795844912528992 0.014087588526308537 0.4755340814590454 93.6671142578125
0.4677498936653137 -0.06060713529586792 -0.8817804455757141 -70.20121765136719 0.016326647251844406 0.9980684518814087 -0.059939272701740265 -7.31663703918457 0.8837100267410278 0.01364007405936718 0.46783602237701416 94.25067138671875
0.4607376158237457 -0.06394536793231964 -0.885229766368866 -71.33500671386719 0.019088858738541603 0.9978843927383423 -0.062147852033376694 -7.4082159996032715 0.8873310089111328 0.011735825799405575 0.460983544588089 94.8399658203125
0.45469000935554504 -0.06701309233903885 -0.8881251215934753 -72.47142028808594 0.020409395918250084 0.9976875185966492 -0.06483116000890732 -7.506011486053467 0.8904159069061279 0.011351986788213253 0.4550062417984009 95.41929626464844
0.4488350749015808 -0.07058192044496536 -0.8908228278160095 -73.60929107666016 0.02264469303190708 0.997454047203064 -0.06762117892503738 -7.606352806091309 0.8933277726173401 0.010178349912166595 0.44929060339927673 95.9991455078125
0.44428765773773193 -0.07165493071079254 -0.8930140137672424 -74.74661254882812 0.02584478259086609 0.997406542301178 -0.06717316806316376 -7.7110772132873535 0.8955113291740417 0.006764456629753113 0.4449872672557831 96.56238555908203
0.4400124251842499 -0.0691690593957901 -0.8953237533569336 -75.89290618896484 0.027412403374910355 0.9975990056991577 -0.06359843164682388 -7.8098464012146 0.8975731730461121 0.0034411230590194464 0.4408520758152008 97.12857055664062
0.4360482692718506 -0.06768955290317535 -0.8973739147186279 -77.03489685058594 0.031041959300637245 0.9977051019668579 -0.06017382815480232 -7.908491134643555 0.8993877172470093 -0.001617557369172573 0.4371487498283386 97.68500518798828
0.4329264163970947 -0.0669722855091095 -0.8989379405975342 -78.1815414428711 0.031766124069690704 0.9977503418922424 -0.059035468846559525 -7.999665260314941 0.9008693695068359 -0.002997758099809289 0.4340799152851105 98.2317123413086
0.43014082312583923 -0.06705554574728012 -0.900268018245697 -79.31179809570312 0.03338182345032692 0.997736930847168 -0.05836586654186249 -8.086603164672852 0.9021443724632263 -0.004947049543261528 0.43140578269958496 98.7679214477539
0.42813199758529663 -0.06564441323280334 -0.9013289213180542 -80.45207977294922 0.03470361977815628 0.9978169798851013 -0.056187450885772705 -8.18671989440918 0.9030495882034302 -0.007223735563457012 0.42947545647621155 99.29107666015625
0.42503905296325684 -0.06501933187246323 -0.902836799621582 -81.57099151611328 0.03733569756150246 0.9978272914886475 -0.05428328737616539 -8.271793365478516 0.9044046998023987 -0.010635527782142162 0.42654305696487427 99.83760833740234
0.42238181829452515 -0.06655456870794296 -0.903971254825592 -82.70805358886719 0.03999338671565056 0.9976978302001953 -0.05476818606257439 -8.350677490234375 0.9055352210998535 -0.013019787147641182 0.42407119274139404 100.37542724609375
0.4200921356678009 -0.0663040354847908 -0.9050559997558594 -83.79315185546875 0.04147752746939659 0.997687816619873 -0.053837940096855164 -8.440004348754883 0.9065330624580383 -0.014922594651579857 0.42187100648880005 100.88960266113281
0.4177437424659729 -0.06546495109796524 -0.9062032699584961 -84.89643859863281 0.04479804262518883 0.9976717233657837 -0.051421601325273514 -8.521077156066895 0.9074597954750061 -0.019115084782242775 0.4197038412094116 101.40962219238281
0.41556817293167114 -0.06494423747062683 -0.9072404503822327 -86.00991821289062 0.04700632393360138 0.9976481199264526 -0.049884431064128876 -8.603612899780273 0.9083465933799744 -0.021915661171078682 0.41764354705810547 101.91615295410156
0.41385263204574585 -0.06683985888957977 -0.9078867435455322 -87.10787200927734 0.04941675812005997 0.9974799752235413 -0.050909608602523804 -8.678119659423828 0.9090016484260559 -0.02379574626684189 0.4161127209663391 102.42046356201172
0.41249388456344604 -0.0667131170630455 -0.9085142612457275 -88.17572021484375 0.050220686942338943 0.9974634647369385 -0.050442975014448166 -8.777368545532227 0.9095749258995056 -0.024818792939186096 0.41479796171188354 102.9065170288086
0.41199979186058044 -0.06768172234296799 -0.9086667895317078 -89.26097869873047 0.0496748648583889 0.9974229335784912 -0.05176953598856926 -8.85614013671875 0.9098288416862488 -0.023808855563402176 0.4143001437187195 103.39340209960938
0.41327616572380066 -0.06851784884929657 -0.908024251461029 -90.3245620727539 0.04825470969080925 0.9974119663238525 -0.05330033600330353 -8.930066108703613 0.9093262553215027 -0.021788690239191055 0.41551288962364197 103.8609619140625
0.41494640707969666 -0.06787305325269699 -0.9073106646537781 -91.35779571533203 0.04626148194074631 0.99749755859375 -0.053462594747543335 -9.017599105834961 0.9086689949035645 -0.019789423793554306 0.41704800724983215 104.34249114990234
0.41933438181877136 -0.06790794432163239 -0.9052884578704834 -92.39634704589844 0.04435776546597481 0.9975399374961853 -0.054281219840049744 -9.10319709777832 0.9067476391792297 -0.017394594848155975 0.4213149845600128 104.814697265625
0.42431971430778503 -0.06864753365516663 -0.9029065370559692 -93.41971588134766 0.04297153279185295 0.9975253939628601 -0.05564694479107857 -9.179475784301758 0.9044923186302185 -0.015187181532382965 0.42621949315071106 105.29167175292969
0.4303223192691803 -0.06866002827882767 -0.90006023645401 -94.4299545288086 0.04263869673013687 0.9975360631942749 -0.055710140615701675 -9.25944995880127 0.9016676545143127 -0.014404082670807838 0.4321897029876709 105.7650146484375
0.43693166971206665 -0.06770526617765427 -0.8969429731369019 -95.46192169189453 0.04209691286087036 0.9976097941398621 -0.05479716882109642 -9.341780662536621 0.8985090851783752 -0.013815910555422306 0.4387374520301819 106.26854705810547
0.4452873766422272 -0.06646896153688431 -0.8929170966148376 -96.464111328125 0.04082990437746048 0.9977107048034668 -0.05390843003988266 -9.416524887084961 0.8944563269615173 -0.01245297584682703 0.44698193669319153 106.75792694091797
0.45409250259399414 -0.06647684425115585 -0.8884710073471069 -97.44183349609375 0.040657851845026016 0.9977197647094727 -0.05387101322412491 -9.489191055297852 0.890026330947876 -0.011660901829600334 0.4557598829269409 107.25849151611328
0.4638896584510803 -0.06518276780843735 -0.8834917545318604 -98.4608154296875 0.03881760686635971 0.9978271722793579 -0.05323655530810356 -9.56684684753418 0.885042130947113 -0.009599151089787483 0.46541187167167664 107.77325439453125
0.47330793738365173 -0.06530365347862244 -0.8784732222557068 -99.43043518066406 0.03755280748009682 0.9978375434875488 -0.05394405871629715 -9.648639678955078 0.8800961971282959 -0.007456990424543619 0.474736750125885 108.29948425292969
0.4837605357170105 -0.0670434758067131 -0.8726287484169006 -100.39241027832031 0.03617997094988823 0.9977412223815918 -0.056598640978336334 -9.72048282623291 0.8744522929191589 -0.004191502928733826 0.4850934147834778 108.82429504394531
0.49554070830345154 -0.06828068941831589 -0.8658967614173889 -101.35026550292969 0.03466827794909477 0.9976657629013062 -0.05883122235536575 -9.79271411895752 0.8678926229476929 -0.000865887850522995 0.49675115942955017 109.36140441894531
0.5077129006385803 -0.06671039015054703 -0.8589395880699158 -102.29603576660156 0.03246136009693146 0.9977709054946899 -0.05830518901348114 -9.869300842285156 0.8609145879745483 0.0017199403373524547 0.5087466835975647 109.9151611328125
0.520661473274231 -0.06344862282276154 -0.8514022827148438 -103.22344970703125 0.030034296214580536 0.9979787468910217 -0.05600485950708389 -9.949636459350586 0.8532347679138184 0.003588306251913309 0.5215146541595459 110.4671859741211
0.5331197381019592 -0.06090608239173889 -0.8438446521759033 -104.13813018798828 0.029294271022081375 0.9981361031532288 -0.053534992039203644 -10.030006408691406 0.8455325365066528 0.0038207462057471275 0.5339102149009705 111.03899383544922
0.5448660254478455 -0.06037061661481857 -0.8363470435142517 -105.03727722167969 0.029567765071988106 0.9981678128242493 -0.05278854817152023 -10.104035377502441 0.8380016088485718 0.004033775068819523 0.5456527471542358 111.6229476928711
