1.0 0.0 0.0 0.0 0.0 1.0 0.0 0.0 0.0 0.0 1.0 0.0
0.9998738765716553 0.0014815116301178932 0.015812553465366364 0.010637430474162102 -0.0014667223440483212 0.9999984502792358 -0.0009468444623053074 -0.0031189608853310347 -0.015813931822776794 0.0009235324105247855 0.9998745322227478 0.12631964683532715
0.9992919564247131 0.004315395373851061 0.03737650066614151 0.027079138904809952 -0.004302745219320059 0.9999906420707703 -0.0004188793245702982 -0.004588321316987276 -0.03737795725464821 0.00025776115944609046 0.9993011951446533 0.27248409390449524
0.9978958368301392 0.005961264483630657 0.06456290930509567 0.05666015297174454 -0.006036826875060797 0.9999812841415405 0.0009753477061167359 -0.005241113249212503 -0.06455588340759277 -0.0013630505418404937 0.9979131817817688 0.43652740120887756
0.9951260685920715 0.005647915415465832 0.09844812005758286 0.10245756059885025 -0.005994684994220734 0.9999767541885376 0.0032269128132611513 -0.004555471241474152 -0.09842760860919952 -0.0038013507146388292 0.9951369762420654 0.606255829334259
0.9906224608421326 0.00259070610627532 0.13660313189029694 0.16326013207435608 -0.0033345152623951435 0.9999808073043823 0.005216493271291256 -0.0055676712654531 -0.1365869790315628 -0.005623080302029848 0.9906120896339417 0.7902466654777527
0.9843335747718811 -0.0002091040078084916 0.1763160228729248 0.23631738126277924 -0.000758328300435096 0.9999849796295166 0.0054195234552025795 -0.004336631391197443 -0.17631450295448303 -0.005468324758112431 0.9843186736106873 0.9860222339630127
0.9755503535270691 -0.00046725431457161903 0.21977560222148895 0.3196057975292206 -0.001021039905026555 0.9999772906303406 0.006658243481069803 -0.0015405714511871338 -0.21977373957633972 -0.006719850469380617 0.9755277037620544 1.1896486282348633
0.9633766412734985 -0.0002671405381988734 0.26815202832221985 0.4121893048286438 -0.0023640226572752 0.9999521970748901 0.009489285759627819 0.0021875062957406044 -0.2681417465209961 -0.009775673039257526 0.9633297920227051 1.407597541809082
0.9489285945892334 -0.003779341233894229 0.3154682219028473 0.5279809236526489 -0.0015638828044757247 0.999859631061554 0.0166825782507658 -0.0033099018037319183 -0.31548699736595154 -0.016323931515216827 0.9487894773483276 1.615112543106079
0.9319214820861816 -0.013333596289157867 0.3624149560928345 0.669074296951294 0.004680778365582228 0.9996829032897949 0.02474304288625717 -0.0075882598757743835 -0.3626299798488617 -0.021362192928791046 0.9316883087158203 1.825895071029663
0.9105464220046997 -0.018410129472613335 0.41299673914909363 0.8237389922142029 0.00710413558408618 0.9995571374893188 0.028894497081637383 -0.005140200257301331 -0.4133458733558655 -0.023375792428851128 0.9102740287780762 2.0487685203552246
0.8850009441375732 -0.01976231299340725 0.46516984701156616 0.9917651414871216 0.005082901567220688 0.9994493126869202 0.03279029577970505 -0.0005243346095085144 -0.46556171774864197 -0.026655025780200958 0.8846139311790466 2.280515193939209
0.8567216396331787 -0.021970968693494797 0.5153109431266785 1.1688693761825562 0.0031411596573889256 0.9992959499359131 0.0373840369284153 0.0012618526816368103 -0.5157695412635803 -0.030409038066864014 0.8561875224113464 2.4852466583251953
0.8242353796958923 -0.026511944830417633 0.565626323223114 1.3755042552947998 0.003665223950520158 0.9991320967674255 0.04149017482995987 0.008003398776054382 -0.566235363483429 -0.03212451934814453 0.8236173391342163 2.7037136554718018
0.7879790663719177 -0.03235998749732971 0.6148509979248047 1.6013048887252808 0.005876552313566208 0.9989676475524902 0.04504501819610596 0.009049445390701294 -0.6156740188598633 -0.03188132867217064 0.7873557209968567 2.916041851043701
0.7495862245559692 -0.0360717810690403 0.6609230637550354 1.8479702472686768 0.006213560700416565 0.998853325843811 0.047468189150094986 0.019254684448242188 -0.6618775129318237 -0.03147481381893158 0.7489508986473083 3.129650354385376
0.7094671726226807 -0.03924097493290901 0.7036451697349548 2.1099109649658203 0.007248798850923777 0.9988021850585938 0.048392537981271744 0.030419036746025085 -0.70470130443573 -0.0292323287576437 0.7089017033576965 3.3289589881896973
0.6670436859130859 -0.04095706716179848 0.7438918948173523 2.4147391319274902 0.0060817706398665905 0.9987539052963257 0.04953571781516075 0.04568713903427124 -0.7449936270713806 -0.028518307954072952 0.6664615869522095 3.5527048110961914
0.6241488456726074 -0.040717825293540955 0.7802437543869019 2.7204113006591797 0.0006399384583346546 0.9986674189567566 0.05160457268357277 0.060854703187942505 -0.781305193901062 -0.03170962631702423 0.6233431100845337 3.765298366546631
0.5822187662124634 -0.04115447774529457 0.811989963054657 3.0718257427215576 -0.0026084089186042547 0.9986183643341064 0.052483756095170975 0.07679261267185211 -0.81302809715271 -0.03267502039670944 0.5813068747520447 3.9748191833496094
0.5419333577156067 -0.04238235205411911 0.8393521308898926 3.451329469680786 -0.00403246795758605 0.9985849261283875 0.053026266396045685 0.09988829493522644 -0.8404117822647095 -0.032121364027261734 0.5409955978393555 4.184410095214844
0.502666711807251 -0.04431767389178276 0.8633435964584351 3.8572499752044678 -0.005997483618557453 0.9984822273254395 0.05474662408232689 0.11911343038082123 -0.8644595146179199 -0.032697197049856186 0.5016379952430725 4.395951747894287
0.46554625034332275 -0.04415149614214897 0.8839215636253357 4.2916388511657715 -0.008937224745750427 0.9984694123268127 0.054580193012952805 0.13675273954868317 -0.8849784135818481 -0.03330941125750542 0.4644390642642975 4.594036102294922
0.42888015508651733 -0.0433347262442112 0.9023213982582092 4.75490665435791 -0.010092487558722496 0.9985564947128296 0.05275353044271469 0.15781158208847046 -0.9033049941062927 -0.03173161298036575 0.4278237223625183 4.78822135925293
0.3953101933002472 -0.04194287210702896 0.917589545249939 5.244646072387695 -0.008708043955266476 0.9987408518791199 0.0494038350880146 0.1803773045539856 -0.918506383895874 -0.027520250529050827 0.3944472670555115 4.968961715698242
0.36602118611335754 -0.03986577317118645 0.9297522306442261 5.7594828605651855 -0.006564502604305744 0.9989465475082397 0.04541695863008499 0.20789356529712677 -0.9305833578109741 -0.022726932540535927 0.3653738498687744 5.147250652313232
0.3409176766872406 -0.0383182093501091 0.9393119215965271 6.308854103088379 -0.005344309378415346 0.99907386302948 0.04269581660628319 0.22799983620643616 -0.9400779604911804 -0.019575731828808784 0.3403971195220947 5.323917865753174
0.3204818367958069 -0.03772241249680519 0.9465032815933228 6.8808794021606445 -0.004061703570187092 0.9991428852081299 0.04119560122489929 0.2539687752723694 -0.9472459554672241 -0.017046857625246048 0.32005393505096436 5.503151893615723
0.30575594305992126 -0.03815021738409996 0.9513452649116516 7.489740371704102 -0.003272645641118288 0.999148964881897 0.041119012981653214 0.2780756950378418 -0.9521042108535767 -0.015685800462961197 0.30537092685699463 5.695544242858887
0.2940916121006012 -0.03931323066353798 0.9549683928489685 8.136359214782715 -0.00243851775303483 0.9991195797920227 0.041881781071424484 0.304349422454834 -0.9557741284370422 -0.014645783230662346 0.2937367558479309 5.891762733459473
0.28312841057777405 -0.040742821991443634 0.9582162499427795 8.79362964630127 -0.0037294200155884027 0.9990429282188416 0.04358070343732834 0.33574625849723816 -0.9590747356414795 -0.015912523493170738 0.2827054560184479 6.083658218383789
0.27233651280403137 -0.04285946115851402 0.9612469673156738 9.465209007263184 -0.004828913602977991 0.9989339709281921 0.04590792581439018 0.3589407205581665 -0.9621899127960205 -0.017144186422228813 0.2718392610549927 6.27874755859375
0.26231396198272705 -0.04426252469420433 0.9639669060707092 10.167781829833984 -0.006048156414180994 0.9988523721694946 0.04751018062233925 0.387864351272583 -0.9649635553359985 -0.018292807042598724 0.26174527406692505 6.4652814865112305
0.2521711587905884 -0.04606905207037926 0.9665854573249817 10.885957717895508 -0.006946164183318615 0.9987541437149048 0.04941444471478462 0.4179387092590332 -0.9676576852798462 -0.019174963235855103 0.251537024974823 6.649264335632324
0.24124905467033386 -0.04749194532632828 0.9693005084991455 11.633711814880371 -0.0069677080027759075 0.9986912608146667 0.05066617578268051 0.451496422290802 -0.9704382419586182 -0.0189769696444273 0.24060241878032684 6.841917037963867
0.23136943578720093 -0.04894498735666275 0.971634030342102 12.387965202331543 -0.006733046844601631 0.9986291527748108 0.05190814286470413 0.48099687695503235 -0.9728426933288574 -0.018552014604210854 0.23072272539138794 7.012635231018066
0.22087344527244568 -0.051701806485652924 0.973931074142456 13.17819881439209 -0.008897786028683186 0.9984455108642578 0.05502105504274368 0.5119959115982056 -0.9752618670463562 -0.020818524062633514 0.22007006406784058 7.19160270690918
0.209442138671875 -0.0549699068069458 0.9762747287750244 13.963563919067383 -0.01053721085190773 0.9982336759567261 0.058466896414756775 0.5519524812698364 -0.9777642488479614 -0.022532643750309944 0.2084929645061493 7.362768173217773
0.19789476692676544 -0.0587332583963871 0.9784621000289917 14.753382682800293 -0.01052224263548851 0.9980185627937317 0.06203528493642807 0.5904210209846497 -0.9801667332649231 -0.022572072222828865 0.1968846321105957 7.513317108154297
0.18457671999931335 -0.060942310839891434 0.9809269309043884 15.548564910888672 -0.011738997884094715 0.9978678226470947 0.0642036721110344 0.6270114183425903 -0.9827479720115662 -0.023365605622529984 0.1834677755832672 7.662857532501221
0.17015202343463898 -0.06176811456680298 0.983479917049408 16.36185073852539 -0.012471651658415794 0.9978185892105103 0.0648263692855835 0.6588375568389893 -0.9853388071060181 -0.023295963183045387 0.16901053488254547 7.810774803161621
0.15567809343338013 -0.06063568964600563 0.9859449863433838 17.17828369140625 -0.013829565607011318 0.9978826642036438 0.06355349719524384 0.6993991136550903 -0.9877110123634338 -0.02352907694876194 0.15450988709926605 7.938116073608398
0.1397026926279068 -0.05951237305998802 0.9884034991264343 17.996562957763672 -0.014692390337586403 0.9979577660560608 0.062164291739463806 0.7355488538742065 -0.9900844097137451 -0.023206528276205063 0.1385430544614792 8.044342994689941
0.11943459510803223 -0.05866774916648865 0.9911072254180908 18.832401275634766 -0.017361389473080635 0.9979766011238098 0.061166536062955856 0.7631320357322693 -0.9926903247833252 -0.0245123952627182 0.11817436665296555 8.139638900756836
0.09300568699836731 -0.05666057765483856 0.9940520524978638 19.650705337524414 -0.021720297634601593 0.998026430606842 0.058919310569763184 0.8055993318557739 -0.9954286217689514 -0.027070939540863037 0.09159146249294281 8.229503631591797
0.06236031651496887 -0.05602959170937538 0.9964796900749207 20.48974609375 -0.02571897953748703 0.998001217842102 0.05772464722394943 0.8431314826011658 -0.9977222681045532 -0.029228173196315765 0.060794658958911896 8.280287742614746
0.02966870367527008 -0.055996932089328766 0.9979900121688843 21.33303451538086 -0.028209149837493896 0.9979849457740784 0.05683526396751404 0.8726047277450562 -0.9991616606712341 -0.02983868308365345 0.028029292821884155 8.291435241699219
-0.004075147211551666 -0.055318161845207214 0.9984604716300964 22.17263412475586 -0.02956406958401203 0.9980389475822449 0.055174145847558975 0.9025291800498962 -0.9995546340942383 -0.029293714091181755 -0.005702584981918335 8.272490501403809
-0.03858925402164459 -0.05403603985905647 0.9977930188179016 23.02044677734375 -0.0309373140335083 0.9981226921081543 0.052857402712106705 0.9349959492683411 -0.9987761378288269 -0.028829310089349747 -0.04018852859735489 8.240796089172363
-0.07222750037908554 -0.051968052983284 0.9960333704948425 23.863018035888672 -0.0329788401722908 0.9982200264930725 0.04969067871570587 0.9598312377929688 -0.9968428015708923 -0.02925899438560009 -0.07381278276443481 8.184808731079102
-0.10529859364032745 -0.049079444259405136 0.9932287335395813 24.7143497467041 -0.03533560782670975 0.9983352422714233 0.04558562487363815 0.9860702157020569 -0.9938125610351562 -0.030296243727207184 -0.1068575382232666 8.095545768737793
-0.13761751353740692 -0.04479913413524628 0.9894717335700989 25.552078247070312 -0.0319456085562706 0.9986577033996582 0.0407719723880291 1.000922441482544 -0.9899702072143555 -0.025998344644904137 -0.1388639211654663 7.9656782150268555
-0.16905945539474487 -0.038711678236722946 0.9848452210426331 26.375804901123047 -0.027137113735079765 0.9990323185920715 0.03461095318198204 1.0161054134368896 -0.9852321743965149 -0.020874544978141785 -0.16994637250900269 7.8056111335754395
-0.19889569282531738 -0.03228208050131798 0.9794888496398926 27.191938400268555 -0.020318131893873215 0.9993783235549927 0.02881178818643093 1.02848482131958 -0.9798099994659424 -0.014170844107866287 -0.19942796230316162 7.623935699462891
-0.22778485715389252 -0.026670806109905243 0.9733461737632751 28.01726722717285 -0.014238078147172928 0.9996091723442078 0.02405840903520584 1.034285306930542 -0.9736073613166809 -0.008378436788916588 -0.22807557880878448 7.411553859710693
-0.25534939765930176 -0.020203623920679092 0.9666377305984497 28.824987411499023 -0.00548939686268568 0.9997959733009338 0.019446570426225662 1.039994478225708 -0.966833233833313 -0.0003405905736144632 -0.2554081678390503 7.1795806884765625
-0.28158026933670044 -0.01004774123430252 0.9594849944114685 29.630962371826172 0.0005619896110147238 0.9999432563781738 0.01063634641468525 1.0306180715560913 -0.9595374464988708 0.0035342059563845396 -0.2815586030483246 6.923751354217529
-0.30695733428001404 0.005571403540670872 0.9517069458961487 30.41495132446289 0.005101372953504324 0.9999781250953674 -0.004208625294268131 1.0178416967391968 -0.9517096281051636 0.0035631440114229918 -0.30697906017303467 6.663102149963379
-0.33177298307418823 0.02287963591516018 0.9430817365646362 31.190998077392578 0.006548806093633175 0.9997376799583435 -0.021950287744402885 0.9937623143196106 -0.943336546421051 -0.0011064535938203335 -0.3318358063697815 6.379876136779785
-0.3568309247493744 0.037633784115314484 0.9334105849266052 31.96959686279297 0.006134898867458105 0.9992610216140747 -0.037943482398986816 0.9662821292877197 -0.9341486692428589 -0.007813029922544956 -0.3567982017993927 6.078670501708984
-0.3812239468097687 0.04794666916131973 0.9232385754585266 32.729923248291016 0.009889345616102219 0.9988085627555847 -0.04778774455189705 0.9206209182739258 -0.924429714679718 -0.009087608195841312 -0.38124385476112366 5.753437042236328
-0.4043894410133362 0.05210041627287865 0.9131016731262207 33.48176193237305 0.013374842703342438 0.998606264591217 -0.051055826246738434 0.8679838180541992 -0.9144890308380127 -0.008433844894170761 -0.4045226573944092 5.401787757873535
-0.42694324254989624 0.051897693425416946 0.9027879238128662 34.22811508178711 0.016835855320096016 0.998634934425354 -0.04944559931755066 0.8173009157180786 -0.9041216373443604 -0.005911253392696381 -0.4272342026233673 5.046801567077637
-0.4472300708293915 0.047512542456388474 0.8931560516357422 34.9588508605957 0.019952647387981415 0.9988695979118347 -0.043145205825567245 0.7637345790863037 -0.8941963911056519 -0.001475007738918066 -0.44767245650291443 4.6681013107299805
-0.46500495076179504 0.04619508609175682 0.8841020464897156 35.68191146850586 0.027478091418743134 0.9989096522331238 -0.03774142265319824 0.7157653570175171 -0.8848815560340881 0.006743486505001783 -0.4657673239707947 4.270003318786621
-0.47846686840057373 0.046461183577775955 0.876875638961792 36.387813568115234 0.029621226713061333 0.9988848567008972 -0.0367630310356617 0.6685911417007446 -0.8776059150695801 0.008384239859879017 -0.4793095588684082 3.8733034133911133
-0.48945534229278564 0.050828177481889725 0.8705459237098694 37.08119583129883 0.03394564986228943 0.998653769493103 -0.03922237828373909 0.6196328401565552 -0.8713673949241638 0.01035364530980587 -0.4905218183994293 3.473020553588867
-0.4994916021823883 0.053258154541254044 0.8646801114082336 37.76757049560547 0.034694332629442215 0.9985376000404358 -0.0414612703025341 0.57396399974823 -0.8656236529350281 0.009289948269724846 -0.5006088614463806 3.072146415710449
-0.5100454688072205 0.05254366993904114 0.8585410714149475 38.46785354614258 0.028726505115628242 0.9986162185668945 -0.04405046999454498 0.521602988243103 -0.8596675992012024 0.002195145934820175 -0.5108490586280823 2.6637001037597656
-0.5212553143501282 0.05116654932498932 0.8518655896186829 39.15355682373047 0.028205152601003647 0.9986886382102966 -0.04272664710879326 0.4744832515716553 -0.8529345989227295 0.0017555064987391233 -0.522014856338501 2.250347137451172
-0.5299115180969238 0.05239686742424965 0.8464326858520508 39.82351303100586 0.030288968235254288 0.9986220598220825 -0.04285537824034691 0.42859530448913574 -0.847511887550354 0.0029280134476721287 -0.5307683944702148 1.8256092071533203
-0.5371163487434387 0.05542232096195221 0.8416853547096252 40.51295852661133 0.03260792791843414 0.9984574913978577 -0.04493672028183937 0.3900635242462158 -0.8428776860237122 0.0033093742094933987 -0.5380951762199402 1.3824748992919922
-0.5405242443084717 0.05828779190778732 0.8393068909645081 41.203392028808594 0.034253671765327454 0.9982946515083313 -0.047269307076931 0.34139251708984375 -0.8406308889389038 0.003199146594852209 -0.5415990948677063 0.9363937377929688
-0.5403838753700256 0.06053388491272926 0.8392382860183716 41.90570068359375 0.03365122154355049 0.9981655478477478 -0.050329286605119705 0.2979757785797119 -0.8407454490661621 0.0010442596394568682 -0.5414295792579651 0.4926471710205078
-0.5372316837310791 0.060822099447250366 0.8412388563156128 42.615013122558594 0.03564586862921715 0.998142659664154 -0.04940218850970268 0.24843847751617432 -0.8426811099052429 0.0034462723415344954 -0.5384019613265991 0.039234161376953125
-0.5313141345977783 0.059418052434921265 0.8450886011123657 43.35696029663086 0.03322191536426544 0.9982314109802246 -0.04929860681295395 0.19516992568969727 -0.8465232253074646 0.0018824118888005614 -0.5323484539985657 -0.42527198791503906
-0.5243211984634399 0.05827059596776962 0.8495244383811951 44.1181526184082 0.03133995458483696 0.9983004927635193 -0.049132611602544785 0.14484810829162598 -0.8509436249732971 0.0008627884089946747 -0.5252563953399658 -0.8865680694580078
-0.5171868205070496 0.05775107815861702 0.8539218306541443 44.891883850097656 0.02940768375992775 0.9983308911323547 -0.049706440418958664 0.091941237449646 -0.855367124080658 -0.0005956532550044358 -0.5180218815803528 -1.3476829528808594
-0.5106195211410522 0.056472547352313995 0.8579502105712891 45.677284240722656 0.027211947366595268 0.9984022378921509 -0.049521952867507935 0.03501904010772705 -0.859376072883606 -0.0019403834594413638 -0.5113404393196106 -1.8171463012695312
-0.5066770315170288 0.054116133600473404 0.8604358434677124 46.47797393798828 0.022573543712496758 0.9985185861587524 -0.04950801655650139 -0.017578840255737305 -0.8618403673171997 -0.0056614950299263 -0.5071482062339783 -2.271331787109375
-0.5049673914909363 0.05109472572803497 0.8616247177124023 47.30376434326172 0.01787237450480461 0.9986513257026672 -0.04874609038233757 -0.07300436496734619 -0.8629533052444458 -0.009215912781655788 -0.5051996111869812 -2.7471542358398438
-0.5056953430175781 0.048552848398685455 0.8613446950912476 48.13700485229492 0.015743223950266838 0.998768150806427 -0.047056373208761215 -0.1388915777206421 -0.8625684380531311 -0.010235846973955631 -0.5058367252349854 -3.2210140228271484
-0.5066460371017456 0.04750683158636093 0.8608441948890686 48.979515075683594 0.014819366857409477 0.9988130331039429 -0.04639894515275955 -0.1962805986404419 -0.8620266914367676 -0.01075067650526762 -0.5067486763000488 -3.710145950317383
-0.5069921016693115 0.04671779274940491 0.8606836795806885 49.84295654296875 0.014387791976332664 0.9988495707511902 -0.045742183923721313 -0.2515212297439575 -0.8618305921554565 -0.010807586833834648 -0.5070809721946716 -4.215776443481445
-0.5072348713874817 0.046264827251434326 0.8605650067329407 50.710235595703125 0.014066767878830433 0.9988693594932556 -0.0454089529812336 -0.30623435974121094 -0.8616929650306702 -0.010927639901638031 -0.5073121786117554 -4.721940994262695
-0.5074465274810791 0.045166824012994766 0.8604986667633057 51.58539962768555 0.014178811572492123 0.9989277720451355 -0.044071417301893234 -0.36518287658691406 -0.8615666031837463 -0.01016304362565279 -0.5075428485870361 -5.231830596923828
-0.5073903799057007 0.045007526874542236 0.8605401515960693 52.472503662109375 0.01447607483714819 0.9989393353462219 -0.04371064901351929 -0.42592573165893555 -0.8615947365760803 -0.009721120819449425 -0.5075037479400635 -5.752523422241211
-0.507698118686676 0.04353422299027443 0.8604344129562378 53.368873596191406 0.012467849999666214 0.9989891052246094 -0.043187860399484634 -0.4831582307815552 -0.8614448308944702 -0.01119863148778677 -0.5077278017997742 -6.275531768798828
-0.5077478885650635 0.04254688695073128 0.8604543805122375 54.24853515625 0.011173549108207226 0.9990209341049194 -0.04280515015125275 -0.5418171882629395 -0.8614332675933838 -0.012119892984628677 -0.5077261328697205 -6.783937454223633
-0.507115364074707 0.04173287749290466 0.8608671426773071 55.14210510253906 0.010324494913220406 0.9990495443344116 -0.042349737137556076 -0.6053467988967896 -0.8618163466453552 -0.012588187120854855 -0.5070642232894897 -7.3048095703125
-0.5057926774024963 0.04036109521985054 0.8617103695869446 56.0258903503418 0.01001064758747816 0.9991122484207153 -0.040920887142419815 -0.6633323431015015 -0.8625969886779785 -0.012071207165718079 -0.5057477355003357 -7.825681686401367
-0.5035175085067749 0.0383247546851635 0.8631345629692078 56.91041564941406 0.010447788052260876 0.9992128014564514 -0.038272056728601456 -0.7232506275177002 -0.8639218211174011 -0.010252805426716805 -0.5035215020179749 -8.341148376464844
-0.5011202692985535 0.03666629642248154 0.8646005392074585 57.79121398925781 0.010617920197546482 0.9992871880531311 -0.03622402623295784 -0.7851251363754272 -0.8653125166893005 -0.008972331881523132 -0.5011523962020874 -8.84714126586914
-0.4985336661338806 0.03655346482992172 0.8660993576049805 58.67658996582031 0.010843985714018345 0.9992953538894653 -0.035933077335357666 -0.8391636610031128 -0.866802453994751 -0.008521880954504013 -0.498578816652298 -9.353462219238281
-0.4967886507511139 0.036471251398324966 0.8671048879623413 59.56255340576172 0.01067445520311594 0.9992977976799011 -0.035915717482566833 -0.8976144790649414 -0.8678058981895447 -0.00858664233237505 -0.496829092502594 -9.852684020996094
-0.49555695056915283 0.03734711930155754 0.867772102355957 60.44852828979492 0.010991310700774193 0.9992648959159851 -0.03672949597239494 -0.9501889944076538 -0.8685058951377869 -0.008663604035973549 -0.495603084564209 -10.364246368408203
-0.4964626133441925 0.03889742121100426 0.8671861290931702 61.32372283935547 0.010812085121870041 0.9991951584815979 -0.03862874582409859 -1.007204294204712 -0.8679907321929932 -0.00980163924396038 -0.49648359417915344 -10.859270095825195
-0.49945947527885437 0.04034771770238876 0.8653972148895264 62.196044921875 0.009083978831768036 0.999103844165802 -0.04133880138397217 -1.0675318241119385 -0.8662895560264587 -0.012785806320607662 -0.49937838315963745 -11.354183197021484
-0.503856897354126 0.04088762030005455 0.8628188967704773 63.07472610473633 0.007882933132350445 0.9990552663803101 -0.04274028167128563 -1.1272886991500854 -0.8637511730194092 -0.014733442105352879 -0.5037031173706055 -11.86617660522461
-0.5094472169876099 0.039391856640577316 0.859599769115448 63.93682098388672 0.009634537622332573 0.9991501569747925 -0.04007689654827118 -1.1888084411621094 -0.8604480624198914 -0.012135215103626251 -0.5093936920166016 -12.372657775878906
-0.5149261951446533 0.03713904321193695 0.8564296960830688 64.79148864746094 0.010470578446984291 0.9992589950561523 -0.037037428468465805 -1.2444432973861694 -0.857170581817627 -0.010104225017130375 -0.5149334669113159 -12.884319305419922
-0.5201343297958374 0.0345277301967144 0.8533862829208374 65.649169921875 0.0076243458315730095 0.9993304014205933 -0.03578558564186096 -1.3026220798492432 -0.8540504574775696 -0.012106798589229584 -0.5200492739677429 -13.397897720336914
-0.525239109992981 0.03788728639483452 0.8501108288764954 66.49452209472656 0.010071801021695137 0.9992151856422424 -0.038309648633003235 -1.3592360019683838 -0.85089510679245 -0.011559581384062767 -0.5252084136009216 -13.915365219116211
-0.5304365754127502 0.03970680385828018 0.8467941880226135 67.33773040771484 0.010233382694423199 0.999129593372345 -0.04043968394398689 -1.4078388214111328 -0.8476628661155701 -0.012785117141902447 -0.5303812026977539 -14.435708999633789
-0.5354141592979431 0.04045644402503967 0.8436200618743896 68.16323852539062 0.008672095835208893 0.9990627765655518 -0.04240695759654045 -1.465416669845581 -0.8445450663566589 -0.015389335341751575 -0.535263180732727 -14.945758819580078
-0.5385420918464661 0.04082246497273445 0.8416091203689575 68.96588897705078 0.008200399577617645 0.9990323185920715 -0.043210916221141815 -1.523899793624878 -0.8425585627555847 -0.016369368880987167 -0.5383557677268982 -15.469764709472656
-0.5419061183929443 0.04072175174951553 0.8394519090652466 69.77996826171875 0.00974701065570116 0.9990628361701965 -0.04217230901122093 -1.5779712200164795 -0.84038245677948 -0.014671288430690765 -0.5417951941490173 -15.992082595825195
-0.5438581705093384 0.033531542867422104 0.8385071158409119 70.59992980957031 0.010019168257713318 0.9993897080421448 -0.03346671164035797 -1.627427339553833 -0.8391173481941223 -0.009800001978874207 -0.5438621640205383 -16.526548385620117
-0.5465807318687439 0.024198368191719055 0.8370566964149475 71.42229461669922 0.008309495635330677 0.9996899366378784 -0.023473981767892838 -1.6822110414505005 -0.8373652100563049 -0.005874905269593 -0.5466123223304749 -17.054109573364258
-0.5485955476760864 0.022814683616161346 0.8357765674591064 72.23829650878906 0.009337905794382095 0.9997324347496033 -0.021160978823900223 -1.7236084938049316 -0.8360357284545898 -0.0038044145330786705 -0.5486619472503662 -17.58099937438965
-0.5492857694625854 0.027567554265260696 0.8351796269416809 73.02830505371094 0.009896732866764069 0.9996002316474915 -0.02648579515516758 -1.7684810161590576 -0.8355759978294373 -0.006282720249146223 -0.5493390560150146 -18.099925994873047
-0.551192045211792 0.03341551870107651 0.8337090015411377 73.83307647705078 0.010974597185850143 0.9994016289710999 -0.032800909131765366 -1.81067955493927 -0.8343061804771423 -0.008929981850087643 -0.5512290000915527 -18.614702224731445
-0.5506400465965271 0.03754366934299469 0.8338980674743652 74.60128784179688 0.016928868368268013 0.9992848038673401 -0.03381122648715973 -1.8567278385162354 -0.834571123123169 -0.004500861279666424 -0.5508818626403809 -19.148008346557617
-0.5503450632095337 0.038981568068265915 0.8340268731117249 75.39144897460938 0.020587127655744553 0.9992393255233765 -0.03311870992183685 -1.9069772958755493 -0.8346835374832153 -0.0010565058328211308 -0.5507290363311768 -19.68195915222168
-0.5500895977020264 0.03569545969367027 0.834342360496521 76.19340515136719 0.018708381801843643 0.999362051486969 -0.030420847237110138 -1.9459917545318604 -0.8348960280418396 -0.0011249963426962495 -0.5504065752029419 -20.20067596435547
-0.549207866191864 0.03083837404847145 0.8351165056228638 76.97856903076172 0.016941329464316368 0.9995243549346924 -0.025768136605620384 -1.9829423427581787 -0.8355140089988708 -4.0745362639427185e-06 -0.5494692325592041 -20.7188663482666
-0.5490857362747192 0.02355346828699112 0.8354339003562927 77.76496887207031 0.01417202316224575 0.9997214674949646 -0.018870733678340912 -2.032468557357788 -0.835645854473114 0.001478138379752636 -0.5492666363716125 -21.203889846801758
-0.548644483089447 0.018432999029755592 0.8358525633811951 78.58598327636719 0.005879866890609264 0.9998171925544739 -0.01818942278623581 -2.0613629817962646 -0.8360350728034973 -0.005064824596047401 -0.5486525893211365 -21.731821060180664
-0.5470336079597473 0.013329324312508106 0.837004542350769 79.38249206542969 -0.0018956285202875733 0.9998509287834167 -0.017161568626761436 -2.08669114112854 -0.8371084928512573 -0.010974603705108166 -0.5469266772270203 -22.2343692779541
-0.5445794463157654 0.014396898448467255 0.8385857939720154 80.1639404296875 0.0017024027183651924 0.9998695254325867 -0.01606028899550438 -2.1201696395874023 -0.8387075662612915 -0.0073184906505048275 -0.5445328950881958 -22.751914978027344
-0.5419157147407532 0.017164496704936028 0.8402575254440308 80.94631958007812 0.006197110749781132 0.9998458623886108 -0.016427746042609215 -2.1655383110046387 -0.8404099941253662 -0.0036952830851078033 -0.5419384241104126 -23.246023178100586
-0.5367590188980103 0.020210955291986465 0.843493640422821 81.74994659423828 0.007631526328623295 0.9997884631156921 -0.019099600613117218 -2.189265727996826 -0.843701183795929 -0.0038147384766489267 -0.5367995500564575 -23.750356674194336
-0.5285632610321045 0.022910578176379204 0.8485846519470215 82.54153442382812 0.013335484080016613 0.9997364282608032 -0.018685106188058853 -2.223548650741577 -0.8487890958786011 0.0014400288928300142 -0.5287295579910278 -24.26125717163086
-0.520251989364624 0.026264842599630356 0.8536087870597839 83.33267211914062 0.020858166739344597 0.9996196031570435 -0.01804497465491295 -2.261979579925537 -0.8537580966949463 0.008416781201958656 -0.5206019878387451 -24.755199432373047
-0.5111221075057983 0.02548171952366829 0.8591302633285522 84.13163757324219 0.017775872722268105 0.999660074710846 -0.019074421375989914 -2.2861642837524414 -0.8593243360519409 0.005522434134036303 -0.5114012360572815 -25.21331214904785
-0.4999568462371826 0.022874968126416206 0.8657482266426086 84.95689392089844 0.014905298128724098 0.9997303485870361 -0.017807481810450554 -2.315458297729492 -0.8659220933914185 0.004001264460384846 -0.5001629590988159 -25.683128356933594
-0.48884519934654236 0.01952812261879444 0.8721519112586975 85.76323699951172 0.015628116205334663 0.9997850060462952 -0.01362629234790802 -2.352416515350342 -0.8722304701805115 0.006968946196138859 -0.48904532194137573 -26.125003814697266
-0.47756919264793396 0.01863659918308258 0.8783964514732361 86.5748291015625 0.015142647549510002 0.9998011589050293 -0.012979591265320778 -2.383824586868286 -0.8784635663032532 0.007102594710886478 -0.47775647044181824 -26.563854217529297
-0.4659014344215393 0.017946600914001465 0.8846545815467834 87.39025115966797 0.015409163199365139 0.9998072385787964 -0.012167451903223991 -2.4079501628875732 -0.8847023844718933 0.007962952367961407 -0.4660881459712982 -26.982887268066406
-0.45411425828933716 0.01901892013847828 0.8907403945922852 88.22838592529297 0.016780894249677658 0.9997773170471191 -0.012791878543794155 -2.4372730255126953 -0.8907853364944458 0.009138446301221848 -0.45433229207992554 -27.405364990234375
-0.44200965762138367 0.02255682274699211 0.8967266082763672 89.06522369384766 0.015936465933918953 0.9997235536575317 -0.017292344942688942 -2.472287178039551 -0.8968687057495117 0.006647269707173109 -0.4422469139099121 -27.817123413085938
-0.4309099316596985 0.03190973401069641 0.9018305540084839 89.887451171875 0.01854320988059044 0.9994766712188721 -0.02650451473891735 -2.503688335418701 -0.9022043347358704 0.005301773082464933 -0.4312761723995209 -28.20174789428711
-0.4176800549030304 0.03672238811850548 0.9078517556190491 90.72427368164062 0.01784471794962883 0.9993217587471008 -0.03221241384744644 -2.534611701965332 -0.9084189534187317 0.002745872363448143 -0.418052077293396 -28.589599609375
-0.40653562545776367 0.03280123323202133 0.9130459427833557 91.57371520996094 0.015070529654622078 0.9994600415229797 -0.029195476323366165 -2.576770305633545 -0.9135106205940247 0.001891082152724266 -0.406810462474823 -28.964204788208008
-0.39490628242492676 0.028618870303034782 0.9182755947113037 92.40821838378906 0.0135575570166111 0.99958735704422 -0.02532256953418255 -2.620981216430664 -0.9186213612556458 0.0024495297111570835 -0.39513128995895386 -29.312204360961914
-0.3852106034755707 0.029433870688080788 0.9223591685295105 93.24479675292969 0.01106339506804943 0.9995667338371277 -0.027277205139398575 -2.6644814014434814 -0.9227622747421265 -0.0003030457301065326 -0.3853693902492523 -29.650667190551758
-0.37843185663223267 0.03337864577770233 0.9250271916389465 94.0934829711914 0.006367509253323078 0.9994198679924011 -0.03345806151628494 -2.7133445739746094 -0.9256072640419006 -0.006771477870643139 -0.37842488288879395 -29.98509979248047
-0.3733053207397461 0.03818918392062187 0.9269221425056458 94.92216491699219 -0.0007993883336894214 0.9991387724876404 -0.041486453264951706 -2.753715991973877 -0.9277082085609436 -0.0162280835211277 -0.37295323610305786 -30.306446075439453
-0.37011829018592834 0.040335506200790405 0.9281085729598999 95.76072692871094 -0.0028946215752512217 0.9990020394325256 -0.04457086697220802 -2.803420305252075 -0.9289801120758057 -0.019183017313480377 -0.36963215470314026 -30.625621795654297
-0.36618077754974365 0.04007754474878311 0.929680347442627 96.60137176513672 -0.0033983623143285513 0.9990078210830688 -0.04440473020076752 -2.86167573928833 -0.9305375218391418 -0.019419550895690918 -0.3656812906265259 -30.951255798339844
-0.36154234409332275 0.04027546942234039 0.9314853549003601 97.43755340576172 -0.0049352687783539295 0.9989698529243469 -0.045108914375305176 -2.9138307571411133 -0.9323425889015198 -0.020905911922454834 -0.36097121238708496 -31.266536712646484
-0.3553829491138458 0.03619774058461189 0.9340195655822754 98.28523254394531 -0.006676164921373129 0.999126136302948 -0.041261132806539536 -2.967585563659668 -0.9346968531608582 -0.020899172872304916 -0.3548307716846466 -31.585390090942383
-0.3503634035587311 0.03215442970395088 0.9360617399215698 99.13055419921875 -0.007447086740285158 0.9992834329605103 -0.03711354359984398 -3.019697666168213 -0.9365842342376709 -0.019974159076809883 -0.34987279772758484 -31.89212417602539
-0.3446425497531891 0.029061010107398033 0.9382840394973755 99.97207641601562 -0.009690186940133572 0.9993572235107422 -0.034511927515268326 -3.068305015563965 -0.9386839270591736 -0.02098642662167549 -0.3441394567489624 -32.19172668457031
-0.3387512266635895 0.02700897306203842 0.9404882192611694 100.83958435058594 -0.01741686835885048 0.9992366433143616 -0.03496943414211273 -3.1225242614746094 -0.9407147765159607 -0.028226301074028015 -0.33802223205566406 -32.4876823425293
-0.33277982473373413 0.027487412095069885 0.9426038861274719 101.68201446533203 -0.02448364347219467 0.9989862442016602 -0.037775371223688126 -3.164029836654663 -0.9426866769790649 -0.03564925864338875 -0.3317694365978241 -32.76704025268555
-0.32623380422592163 0.031570859253406525 0.9447617530822754 102.52360534667969 -0.022600950673222542 0.9988958239555359 -0.041184138506650925 -3.2142515182495117 -0.9450188875198364 -0.03478816896677017 -0.32516011595726013 -33.049713134765625
-0.3190975785255432 0.03476425260305405 0.9470840096473694 103.3750991821289 -0.021009763702750206 0.9988218545913696 -0.04374212026596069 -3.2638607025146484 -0.9474889636039734 -0.033856019377708435 -0.3179912567138672 -33.3355598449707
-0.312871515750885 0.0332825742661953 0.9492121338844299 104.23509216308594 -0.02278750389814377 0.9988350868225098 -0.04253355786204338 -3.3094325065612793 -0.9495219588279724 -0.03493770956993103 -0.3117486834526062 -33.60481643676758
-0.30558815598487854 0.02822071686387062 0.9517454504966736 105.08074188232422 -0.023420283570885658 0.9990354776382446 -0.037142761051654816 -3.358670234680176 -0.9518756866455078 -0.033640529960393906 -0.3046325445175171 -33.8759880065918
-0.29866018891334534 0.025500798597931862 0.9540187120437622 105.94082641601562 -0.024366429075598717 0.9991133213043213 -0.034334197640419006 -3.4096827507019043 -0.9540484547615051 -0.03350029140710831 -0.29777398705482483 -34.13657760620117
-0.2921794056892395 0.028817972168326378 0.9559292197227478 106.79701232910156 -0.02661200240254402 0.9989138841629028 -0.03824775665998459 -3.4513401985168457 -0.9559931755065918 -0.036614399403333664 -0.29109516739845276 -34.38733673095703
-0.2858205735683441 0.03145787492394447 0.9577666521072388 107.65220642089844 -0.026098506525158882 0.9988347291946411 -0.04059518873691559 -3.502347469329834 -0.9579277038574219 -0.03659921512007713 -0.2846665382385254 -34.63655090332031
-0.2791566252708435 0.03184138983488083 0.9597175121307373 108.50846099853516 -0.028179757297039032 0.9987479448318481 -0.041333094239234924 -3.550992727279663 -0.9598320126533508 -0.03858301788568497 -0.27790987491607666 -34.87337112426758
-0.27211180329322815 0.0315491147339344 0.9617483019828796 109.37281799316406 -0.028538988903164864 0.9987581372261047 -0.040837839245796204 -3.60282301902771 -0.9618423581123352 -0.03855978325009346 -0.2708735167980194 -35.115440368652344
-0.26378491520881653 0.031229935586452484 0.9640758037567139 110.2319564819336 -0.024698253720998764 0.998929500579834 -0.039116762578487396 -3.6538467407226562 -0.9642652273178101 -0.03412940725684166 -0.2627311944961548 -35.35279846191406
-0.25615373253822327 0.032606326043605804 0.9660859107971191 111.09101104736328 -0.021853553131222725 0.9989801645278931 -0.03951091319322586 -3.70206356048584 -0.966389000415802 -0.031233279034495354 -0.25517991185188293 -35.58002853393555
-0.24952590465545654 0.03311844542622566 0.967801570892334 111.95045471191406 -0.020435933023691177 0.999012291431427 -0.03945542499423027 -3.750481367111206 -0.9681525826454163 -0.029623081907629967 -0.24860262870788574 -35.797142028808594
-0.24298687279224396 0.031893711537122726 0.9695051312446594 112.81912231445312 -0.026574304327368736 0.9988654255867004 -0.039519887417554855 -3.7983694076538086 -0.9696654677391052 -0.035366740077733994 -0.24186363816261292 -35.996707916259766
-0.23708684742450714 0.030077900737524033 0.9710227251052856 113.68388366699219 -0.03127041459083557 0.9987664222717285 -0.03857232257723808 -3.8451130390167236 -0.9709850549697876 -0.039509277790784836 -0.2358538657426834 -36.1981315612793
-0.23275727033615112 0.030113542452454567 0.9720684885978699 114.56100463867188 -0.02883136086165905 0.9988675117492676 -0.037847280502319336 -3.8940324783325195 -0.9721073508262634 -0.03683529794216156 -0.2316254824399948 -36.400657653808594
-0.22837328910827637 0.030248118564486504 0.9731036424636841 115.42842102050781 -0.027267102152109146 0.9989264607429504 -0.037449996918439865 -3.9440150260925293 -0.9731917977333069 -0.035086292773485184 -0.22730334103107452 -36.59333419799805
-0.22309689223766327 0.03196711093187332 0.9742719531059265 116.30015563964844 -0.025891287252306938 0.9989152550697327 -0.038704484701156616 -3.9922232627868652 -0.9744523763656616 -0.03386000916361809 -0.22202721238136292 -36.797576904296875
-0.2171989530324936 0.030704477801918983 0.9756443500518799 117.15995788574219 -0.019993269816040993 0.9991555213928223 -0.03589532896876335 -4.0398712158203125 -0.9759225845336914 -0.02730274386703968 -0.21640165150165558 -36.989376068115234
-0.21184882521629333 0.029822057113051414 0.9768473505973816 118.03623962402344 -0.012991875410079956 0.9993600249290466 -0.0333268940448761 -4.080462455749512 -0.9772161245346069 -0.01975133642554283 -0.21132579445838928 -37.18703842163086
-0.20678286254405975 0.02933753840625286 0.9779468774795532 118.91058349609375 -0.011173615232110023 0.9994142651557922 -0.03234415873885155 -4.12648344039917 -0.9783231019973755 -0.017615417018532753 -0.2063339501619339 -37.370784759521484
