1.0 0.0 0.0 0.0 0.0 1.0 0.0 0.0 0.0 0.0 1.0 0.0
0.9998739361763 0.0014825011603534222 0.015809746459126472 0.010728550143539906 -0.0014677004655823112 0.9999984502792358 -0.0009477427811361849 -0.0031491003464907408 -0.015811128541827202 0.000924419320654124 0.9998745918273926 0.12638001143932343
0.9992917776107788 0.004312171600759029 0.03738035634160042 0.02701140008866787 -0.004299834370613098 0.9999906420707703 -0.00041042707744054496 -0.004674040246754885 -0.03738177940249443 0.00024940705043263733 0.999301016330719 0.27251389622688293
0.9978947639465332 0.0059853531420230865 0.064577616751194 0.05625685676932335 -0.006061210762709379 0.999981164932251 0.0009788228198885918 -0.005001839715987444 -0.06457053869962692 -0.001368180732242763 0.9979122281074524 0.4363109767436981
0.9951209425926208 0.005719117820262909 0.09849648177623749 0.10179149359464645 -0.006065878085792065 0.9999763369560242 0.003221425460651517 -0.004542256239801645 -0.09847573190927505 -0.0038031749427318573 0.9951322078704834 0.6084055304527283
0.9906197190284729 0.0026638663839548826 0.1366216242313385 0.1627991497516632 -0.0034083740320056677 0.9999805092811584 0.005215775687247515 -0.005926826037466526 -0.13660503923892975 -0.005632508080452681 0.9906095862388611 0.7912015318870544
0.9843878746032715 -0.00014168648340273649 0.1760130077600479 0.23927679657936096 -0.0008133633527904749 0.9999852776527405 0.005353859625756741 -0.0046270680613815784 -0.17601117491722107 -0.005413436330854893 0.9843732714653015 0.9876564741134644
0.9755423069000244 -0.0003853445523418486 0.2198110818862915 0.3191438615322113 -0.0011043503182008862 0.9999772310256958 0.0066542429849505424 -0.001947556040249765 -0.2198086529970169 -0.006734243594110012 0.9755197763442993 1.191807746887207
0.9634103178977966 -0.00017651976668275893 0.2680306136608124 0.4122050404548645 -0.0024462693836539984 0.9999523758888245 0.009451431222259998 0.0015129613457247615 -0.26801952719688416 -0.009761282242834568 0.9633640646934509 1.405720829963684
0.948894739151001 -0.003807966597378254 0.31556978821754456 0.5270010232925415 -0.0015325368149206042 0.9998597502708435 0.016673488542437553 -0.0034814325626939535 -0.315589040517807 -0.01630500517785549 0.9487558603286743 1.6186025142669678
0.931926965713501 -0.013116773217916489 0.36240866780281067 0.6676219701766968 0.004446173552423716 0.9996837973594666 0.02474862150847912 -0.008014798164367676 -0.36261871457099915 -0.02145257778465748 0.9316906929016113 1.8265684843063354
0.9105358719825745 -0.018396856263279915 0.4130205512046814 0.823678731918335 0.007104283664375544 0.9995582103729248 0.028860606253147125 -0.0050977859646081924 -0.4133690297603607 -0.02334440127015114 0.9102643132209778 2.0522234439849854
0.8850721716880798 -0.01965522952377796 0.4650386869907379 0.990993082523346 0.005044163204729557 0.9994543790817261 0.03264256566762924 -5.922893979004584e-05 -0.4654265344142914 -0.026545293629169464 0.8846884369850159 2.2798280715942383
0.856721818447113 -0.0219001155346632 0.5153135657310486 1.1688642501831055 0.0030772497411817312 0.9992973804473877 0.037352755665779114 0.0011836529010906816 -0.5157696008682251 -0.03041517175734043 0.8561872243881226 2.4886481761932373
0.8241454362869263 -0.02630792371928692 0.5657668709754944 1.368355393409729 0.0034325416199862957 0.9991342425346375 0.04145918786525726 0.007899885065853596 -0.5663678050041199 -0.032226379960775375 0.8235222697257996 2.70406174659729
0.7880274653434753 -0.03209567070007324 0.6148030161857605 1.6016966104507446 0.005634670611470938 0.9989742636680603 0.04492899775505066 0.009992266073822975 -0.6156142950057983 -0.03194107487797737 0.7874000668525696 2.9199342727661133
0.749610960483551 -0.0358637310564518 0.6609063744544983 1.8413379192352295 0.0059623937122523785 0.998856246471405 0.04743976518511772 0.017647074535489082 -0.6618517637252808 -0.03162078559398651 0.7489675283432007 3.1281425952911377
0.7095403671264648 -0.039075806736946106 0.7035805583000183 2.112771511077881 0.007080282550305128 0.9988061785697937 0.04833194240927696 0.030846524983644485 -0.7046292424201965 -0.02931191772222519 0.7089700102806091 3.3338043689727783
0.6671571731567383 -0.040809646248817444 0.7437983751296997 2.4142847061157227 0.005972815211862326 0.9987590909004211 0.04944109171628952 0.04594961926341057 -0.7448931336402893 -0.028542404994368553 0.6665730476379395 3.5559380054473877
0.6241936683654785 -0.040569815784692764 0.7802155613899231 2.7235586643218994 0.0006468012579716742 0.9986772537231445 0.05141197890043259 0.06296880543231964 -0.7812692523002625 -0.031586382538080215 0.623394250869751 3.769735813140869
0.582306444644928 -0.041071634739637375 0.8119311928749084 3.0754175186157227 -0.002546117175370455 0.9986259341239929 0.052341654896736145 0.07961653918027878 -0.8129653930664062 -0.03254615142941475 0.5814017057418823 3.979276418685913
0.5418950319290161 -0.04213366284966469 0.8393893837928772 3.4534099102020264 -0.004023310728371143 0.9986010789871216 0.05272277072072029 0.10366644710302353 -0.840436577796936 -0.03194732964038849 0.5409674048423767 4.191107273101807
0.5025920867919922 -0.044031575322151184 0.8634016513824463 3.8604371547698975 -0.006013575475662947 0.9984999299049377 0.054421842098236084 0.12274617701768875 -0.8645028471946716 -0.03254411369562149 0.5015733242034912 4.402673721313477
0.4652555286884308 -0.043946221470832825 0.8840848803520203 4.2949676513671875 -0.008779751136898994 0.9984884858131409 0.05425342544913292 0.14026090502738953 -0.885132908821106 -0.03300374746322632 0.46416646242141724 4.600535869598389
0.4289132356643677 -0.043087806552648544 0.902317464351654 4.758893966674805 -0.009898901917040348 0.9985776543617249 0.05238987132906914 0.16240660846233368 -0.9032914638519287 -0.03140266239643097 0.42787671089172363 4.7988104820251465
0.3950854539871216 -0.041594311594963074 0.9177021980285645 5.251707077026367 -0.008904580026865005 0.9987542033195496 0.04910150170326233 0.18483252823352814 -0.9186013340950012 -0.027571042999625206 0.39422282576560974 4.982537746429443
0.36641839146614075 -0.039678964763879776 0.9296037554740906 5.779395580291748 -0.006453544832766056 0.9989578127861023 0.045183029025793076 0.21361230313777924 -0.9304279088973999 -0.02255513146519661 0.36578047275543213 5.146225929260254
0.3404362201690674 -0.037813350558280945 0.9395069479942322 6.3245978355407715 -0.005675861611962318 0.9990901947021484 0.04226814955472946 0.23442651331424713 -0.9402504563331604 -0.019722113385796547 0.3399118483066559 5.3431549072265625
0.320538729429245 -0.037295714020729065 0.9465008974075317 6.894392490386963 -0.004335275385528803 0.9991563558578491 0.04083870351314545 0.2571854293346405 -0.9472253918647766 -0.01719372719526291 0.3201065957546234 5.5153679847717285
0.3062455654144287 -0.03757282346487045 0.9512107372283936 7.495041847229004 -0.0033970570657402277 0.9991713166236877 0.04056095704436302 0.28471437096595764 -0.9519464373588562 -0.01565292850136757 0.3058641254901886 5.69340705871582
0.294403612613678 -0.03958769142627716 0.9548609256744385 8.123254776000977 -0.002059497172012925 0.9991130828857422 0.0420573353767395 0.29961395263671875 -0.9556789398193359 -0.014348359778523445 0.29406094551086426 5.880807876586914
0.2832551896572113 -0.040890444070100784 0.9581724405288696 8.77810287475586 -0.003785948734730482 0.9990351796150208 0.0437534898519516 0.33243077993392944 -0.9590371251106262 -0.016020992770791054 0.28282707929611206 6.0815582275390625
0.2726554870605469 -0.04282912239432335 0.9611579775810242 9.452778816223145 -0.004977874457836151 0.9989325404167175 0.04592444747686386 0.3565472364425659 -0.9620988965034485 -0.017306072637438774 0.2721512019634247 6.270718097686768
0.2627747654914856 -0.04443102329969406 0.9638336300849915 10.146894454956055 -0.005837362725287676 0.9988476634025574 0.04763657599687576 0.3870340585708618 -0.964839518070221 -0.01814393699169159 0.2622126042842865 6.455289363861084
0.25229889154434204 -0.0462644100189209 0.9665427207946777 10.878710746765137 -0.006898046005517244 0.9987449645996094 0.04960641637444496 0.41816017031669617 -0.9676247835159302 -0.019182896241545677 0.25166311860084534 6.650598049163818
0.2424769252538681 -0.04765554517507553 0.9689860343933105 11.633593559265137 -0.00716677401214838 0.9986775517463684 0.05090919882059097 0.44746220111846924 -0.9701306819915771 -0.019288811832666397 0.2418147325515747 6.824924468994141
0.23229868710041046 -0.04895281046628952 0.9714118838310242 12.391681671142578 -0.007081697229295969 0.9986209869384766 0.052017468959093094 0.48172739148139954 -0.9726186990737915 -0.018962832167744637 0.23163171112537384 6.998516082763672
0.2217826247215271 -0.05224199593067169 0.973695695400238 13.169034957885742 -0.008492467924952507 0.998422384262085 0.05550302565097809 0.5085025429725647 -0.9750590920448303 -0.020578688010573387 0.22098906338214874 7.17868185043335
0.21083301305770874 -0.05535607784986496 0.9759534597396851 13.970477104187012 -0.0099827591329813 0.998221218585968 0.05877566337585449 0.5513089299201965 -0.977471113204956 -0.022134555503726006 0.20990538597106934 7.353130340576172
0.19811700284481049 -0.05892278626561165 0.9784056544303894 14.759587287902832 -0.01118300948292017 0.9979906678199768 0.06236669421195984 0.5876358151435852 -0.9801145792007446 -0.023297419771552086 0.19705994427204132 7.518561840057373
0.18495331704616547 -0.0610329806804657 0.9808502197265625 15.558097839355469 -0.012202034704387188 0.9978501200675964 0.06439165025949478 0.6263364553451538 -0.9826715588569641 -0.023877816274762154 0.18381094932556152 7.666707992553711
0.171325221657753 -0.061719860881567 0.9832793474197388 16.361427307128906 -0.012627883814275265 0.997816264629364 0.06483259797096252 0.6622138619422913 -0.9851335883140564 -0.023524194955825806 0.17017169296741486 7.801046371459961
0.15656432509422302 -0.06090097874403 0.9857884049415588 17.179391860961914 -0.013807913288474083 0.9978646636009216 0.06384003162384033 0.6982294321060181 -0.9875711798667908 -0.02360675111413002 0.15538910031318665 7.939481735229492
0.139905646443367 -0.05967707559466362 0.9883648157119751 17.99260902404785 -0.01545302476733923 0.9979289770126343 0.06244197115302086 0.7385892271995544 -0.9900442361831665 -0.024009210988879204 0.13869373500347137 8.050360679626465
0.11967136710882187 -0.05807257443666458 0.9911136627197266 18.8139591217041 -0.01800384372472763 0.9979967474937439 0.06064974144101143 0.7757046222686768 -0.9926503300666809 -0.02510189078748226 0.11838610470294952 8.14553165435791
0.0935254767537117 -0.056739576160907745 0.9939987063407898 19.6362247467041 -0.02309979498386383 0.9979824423789978 0.05914042890071869 0.811791718006134 -0.9953488707542419 -0.028492307290434837 0.09202610701322556 8.232217788696289
0.06368980556726456 -0.056312814354896545 0.9963796138763428 20.475177764892578 -0.026657048612833023 0.9979544878005981 0.058105770498514175 0.8428042531013489 -0.9976136684417725 -0.030261291190981865 0.06205839291214943 8.27408218383789
0.03045845404267311 -0.0561080239713192 0.9979599714279175 21.29348373413086 -0.028806671500205994 0.9979592561721802 0.056987181305885315 0.8743806481361389 -0.9991207718849182 -0.03048364445567131 0.028779998421669006 8.295145988464355
-0.004658847581595182 -0.055403947830200195 0.9984532594680786 22.188844680786133 -0.03131512552499771 0.9979825019836426 0.05523170530796051 0.9080823063850403 -0.999498724937439 -0.03100937232375145 -0.006384429521858692 8.299973487854004
-0.039046961814165115 -0.053791340440511703 0.9977884888648987 23.037710189819336 -0.032411202788352966 0.998092770576477 0.05253937840461731 0.9433255195617676 -0.9987115859985352 -0.03028802014887333 -0.04071592912077904 8.263834953308105
-0.07132730633020401 -0.0520646907389164 0.996093213558197 23.875598907470703 -0.03430042415857315 0.9981741905212402 0.04971730336546898 0.966620683670044 -0.996863067150116 -0.030620219185948372 -0.07298292219638824 8.19052791595459
-0.10397902131080627 -0.04930930957198143 0.9933564066886902 24.713594436645508 -0.03657656908035278 0.9982842206954956 0.04572529345750809 0.9894984364509583 -0.9939067363739014 -0.03157909959554672 -0.10560418665409088 8.102521896362305
-0.1363103836774826 -0.04471651464700699 0.9896564483642578 25.5692138671875 -0.03374389931559563 0.9986106157302856 0.04047337546944618 1.0104248523712158 -0.9900913238525391 -0.0278779249638319 -0.1376299113035202 7.974802494049072
-0.1677367240190506 -0.038876723498106 0.9850649833679199 26.415287017822266 -0.02792293392121792 0.9990085959434509 0.03467231243848801 1.0229276418685913 -0.9854362607002258 -0.02169007807970047 -0.16865599155426025 7.81770133972168
-0.1983523815870285 -0.032869406044483185 0.9795794486999512 27.245521545410156 -0.021331392228603363 0.999345600605011 0.0292133167386055 1.0318617820739746 -0.9798985719680786 -0.015101260505616665 -0.1989237368106842 7.632467746734619
-0.22688870131969452 -0.02708548493683338 0.9735440611839294 28.06892967224121 -0.014824306592345238 0.9995934963226318 0.02435535378754139 1.036879301071167 -0.9738078713417053 -0.008906160481274128 -0.22719797492027283 7.418555736541748
-0.254623681306839 -0.02052970789372921 0.9668222665786743 28.875699996948242 -0.0069307005032896996 0.9997876882553101 0.019404424354434013 1.043942928314209 -0.9670153856277466 -0.0017599296988919377 -0.25471189618110657 7.190976619720459
-0.28097057342529297 -0.009998269379138947 0.9596643447875977 29.68399429321289 -0.0008313078433275223 0.9999479055404663 0.010174576193094254 1.0380600690841675 -0.9597160220146179 0.0020609793718904257 -0.2809642553329468 6.937707424163818
-0.30625009536743164 0.0051837703213095665 0.9519369006156921 30.4653263092041 0.0032951543107628822 0.9999849796295166 -0.0043853227980434895 1.0221238136291504 -0.9519453048706055 0.0017937739612534642 -0.3062625825405121 6.674210071563721
-0.3309592306613922 0.022490069270133972 0.9433769583702087 31.239526748657227 0.004612946882843971 0.9997425675392151 -0.02221549116075039 0.9983319044113159 -0.9436337351799011 -0.0030006731394678354 -0.33097776770591736 6.39132833480835
-0.35608479380607605 0.03738991171121597 0.9337052702903748 32.02193832397461 0.004719048738479614 0.9992583990097046 -0.0382152758538723 0.9696333408355713 -0.9344417452812195 -0.00920167751610279 -0.3559972047805786 6.089388370513916
-0.38045310974121094 0.04754430800676346 0.9235772490501404 32.784088134765625 0.008605396375060081 0.9988164305686951 -0.0478726364672184 0.9223510026931763 -0.9247602224349976 -0.010265547782182693 -0.3804119825363159 5.764829635620117
-0.40389272570610046 0.05184967443346977 0.9133358001708984 33.53443908691406 0.011853137984871864 0.9986053109169006 -0.05144872888922691 0.8720921874046326 -0.9147295355796814 -0.009953873232007027 -0.4039440453052521 5.4191436767578125
-0.426282674074173 0.05164611339569092 0.9031144976615906 34.282073974609375 0.015470912680029869 0.9986390471458435 -0.04980635270476341 0.8193930387496948 -0.904457688331604 -0.007259582635015249 -0.4265015423297882 5.060327053070068
-0.4466683864593506 0.047274570912122726 0.8934497833251953 35.01625442504883 0.018579933792352676 0.9988777041435242 -0.04356423392891884 0.7652908563613892 -0.8945066332817078 -0.002858527936041355 -0.4470454752445221 4.680630207061768
-0.4644504487514496 0.046046044677495956 0.8844013214111328 35.733551025390625 0.02621534653007984 0.9989246129989624 -0.038241464644670486 0.7178869247436523 -0.8852109909057617 0.0054236240684986115 -0.4651581645011902 4.289060592651367
-0.47782400250434875 0.046331435441970825 0.8772329688072205 36.43564987182617 0.02840782329440117 0.9989008903503418 -0.03728379309177399 0.6702807545661926 -0.8779961466789246 0.00710518890991807 -0.4786149859428406 3.894981861114502
-0.4887848198413849 0.05082467943429947 0.8709226250648499 37.13410568237305 0.03308843448758125 0.9986631870269775 -0.039709173142910004 0.6192227005958557 -0.8717766404151917 0.009408229030668736 -0.4898131787776947 3.490894079208374
-0.49875059723854065 0.053129032254219055 0.8651157021522522 37.82188415527344 0.03365911915898323 0.9985539317131042 -0.04191888868808746 0.5732157230377197 -0.8660916686058044 0.008211956359446049 -0.4998176693916321 3.088486671447754
-0.5094030499458313 0.05261114239692688 0.8589182496070862 38.523372650146484 0.028012650087475777 0.9986141324043274 -0.044554296880960464 0.5196723341941833 -0.8600719571113586 0.0013644836144521832 -0.5101708769798279 2.6819708347320557
-0.5203641057014465 0.05128295719623566 0.8524031639099121 39.2092170715332 0.027585752308368683 0.9986836314201355 -0.043243393301963806 0.47167304158210754 -0.8534987568855286 0.001011872198432684 -0.5210938453674316 2.2667670249938965
-0.5291741490364075 0.05238514766097069 0.8468946218490601 39.88057327270508 0.029396023601293564 0.9986250400543213 -0.043402694165706635 0.42525604367256165 -0.8480039834976196 0.001927752629853785 -0.5299864411354065 1.8432936668395996
-0.5365043878555298 0.055248554795980453 0.8420869708061218 40.57381820678711 0.03174297511577606 0.9984695911407471 -0.04528482258319855 0.38421493768692017 -0.8433002233505249 0.0024348378647118807 -0.5374370813369751 1.3981938362121582
-0.5399945378303528 0.05822177976369858 0.8396523594856262 41.265602111816406 0.033427610993385315 0.9983010292053223 -0.04772467166185379 0.33628466725349426 -0.8410044312477112 0.0022965106181800365 -0.5410232543945312 0.9531473517417908
-0.5402219891548157 0.060304075479507446 0.8393590450286865 41.97915267944336 0.032504186034202576 0.9981799721717834 -0.05079453065991402 0.2932644188404083 -0.8408945202827454 -0.00015763657575007528 -0.5411989092826843 0.5076295137405396
-0.536524772644043 0.06070490926504135 0.8416982889175415 42.67993927001953 0.03522557392716408 0.9981509447097778 -0.04953470453619957 0.23886802792549133 -0.8431491255760193 0.0030727076809853315 -0.5376710295677185 0.05150020867586136
-0.5305747985839844 0.059340700507164 0.8455583453178406 43.42748260498047 0.03224460408091545 0.9982374310493469 -0.0498226135969162 0.19054989516735077 -0.8470245599746704 0.0008300678455270827 -0.5315530300140381 -0.4170251786708832
-0.5236474871635437 0.05825917795300484 0.8499406576156616 44.18996047973633 0.030357185751199722 0.9983014464378357 -0.04972553625702858 0.14059442281723022 -0.85139399766922 -0.0002368481073062867 -0.5245266556739807 -0.8771297931671143
-0.5165815949440002 0.05755267292261124 0.8543015718460083 44.9654426574707 0.02849440649151802 0.9983413815498352 -0.05002627521753311 0.08479408919811249 -0.8557637333869934 -0.0014998394763097167 -0.5173646807670593 -1.336391568183899
-0.5098637938499451 0.056264348328113556 0.8584131598472595 45.75737762451172 0.025959640741348267 0.9984106421470642 -0.050021421164274216 0.029144424945116043 -0.85986328125 -0.003220014041289687 -0.5105140805244446 -1.8112727403640747
-0.5060126781463623 0.05389828234910965 0.860840380191803 46.55808639526367 0.02133917808532715 0.9985224604606628 -0.04997529834508896 -0.024111684411764145 -0.8622620105743408 -0.006918503902852535 -0.5064151287078857 -2.2622227668762207
-0.5043320059776306 0.05102955922484398 0.8620007038116455 47.383487701416016 0.01660958118736744 0.9986408948898315 -0.04940072447061539 -0.07718683034181595 -0.8633500933647156 -0.010596895590424538 -0.5044940710067749 -2.7387256622314453
-0.5049574971199036 0.04835490137338638 0.8617886900901794 48.22073745727539 0.01447690837085247 0.9987635612487793 -0.04755792394280434 -0.1463080644607544 -0.8630228042602539 -0.01153869740664959 -0.5050331950187683 -3.213499069213867
-0.5061442255973816 0.04726395756006241 0.8611528277397156 49.06452560424805 0.013564623892307281 0.9988099932670593 -0.04684656858444214 -0.20432746410369873 -0.8623422384262085 -0.012029907666146755 -0.5061830878257751 -3.699709177017212
-0.5062828063964844 0.046545516699552536 0.8611104488372803 49.9305534362793 0.013177976943552494 0.9988433122634888 -0.046242497861385345 -0.26062172651290894 -0.8622668385505676 -0.012064080685377121 -0.5063105821609497 -4.207650184631348
-0.5063754320144653 0.04603464528918266 0.8610833883285522 50.79793930053711 0.012957703322172165 0.9988675117492676 -0.04578074440360069 -0.31598860025405884 -0.8622157573699951 -0.012024582363665104 -0.5063984990119934 -4.715031147003174
-0.506605863571167 0.045067816972732544 0.8609990477561951 51.67236328125 0.012941798195242882 0.9989179968833923 -0.04467212036252022 -0.37307310104370117 -0.8620806336402893 -0.01148828025907278 -0.5066409111022949 -5.222046375274658
-0.5066062211990356 0.04489028453826904 0.8610081672668457 52.559078216552734 0.012995949015021324 0.9989277720451355 -0.044434331357479095 -0.4329579770565033 -0.8620796203613281 -0.011321088299155235 -0.5066463947296143 -5.741081714630127
-0.5070009231567383 0.043316807597875595 0.8608564138412476 53.45550537109375 0.010943046770989895 0.998979389667511 -0.04382200539112091 -0.49044695496559143 -0.8618760704994202 -0.012797404080629349 -0.5069574117660522 -6.262626647949219
-0.5070014595985413 0.04246516525745392 0.860898494720459 54.33810043334961 0.009926469065248966 0.9990071058273315 -0.04343166947364807 -0.5520725250244141 -0.86188805103302 -0.013474240899085999 -0.5069195032119751 -6.771841049194336
-0.5063854455947876 0.041712142527103424 0.8612977266311646 55.22859573364258 0.008784721605479717 0.9990270733833313 -0.04321746155619621 -0.6157104969024658 -0.8622624278068542 -0.014318432658910751 -0.5062592029571533 -7.288238048553467
-0.5050862431526184 0.04020228236913681 0.8621320128440857 56.109130859375 0.008699288591742516 0.9991010427474976 -0.0414927713572979 -0.6742827296257019 -0.8630250692367554 -0.013457491993904114 -0.5049818754196167 -7.803216934204102
-0.5027730464935303 0.038109686225652695 0.8635780215263367 56.99541473388672 0.00842259917408228 0.9991962313652039 -0.039190903306007385 -0.7325685024261475 -0.8643774390220642 -0.012430556118488312 -0.5026898980140686 -8.318161964416504
-0.5004101991653442 0.03669024631381035 0.8650106191635132 57.87833023071289 0.009669111110270023 0.9992761611938477 -0.03679164871573448 -0.79416823387146 -0.8657344579696655 -0.01004702877253294 -0.5004026293754578 -8.825361251831055
-0.49786311388015747 0.036524493247270584 0.866486132144928 58.7652702331543 0.010027661919593811 0.9992884397506714 -0.036360763013362885 -0.8502300381660461 -0.8671976327896118 -0.009413854219019413 -0.49787506461143494 -9.33102035522461
-0.4959946274757385 0.03678109869360924 0.8675462007522583 59.65018081665039 0.009578455239534378 0.9992735385894775 -0.036889687180519104 -0.9054914712905884 -0.8682727217674255 -0.009987336583435535 -0.49598655104637146 -9.82988452911377
-0.49500414729118347 0.03730730712413788 0.8680893182754517 60.52888488769531 0.009715409949421883 0.99925297498703 -0.03740429878234863 -0.9596477150917053 -0.8688362240791321 -0.010081439279019833 -0.4949968457221985 -10.331531524658203
-0.4959706664085388 0.038708146661520004 0.8674761056900024 61.40464782714844 0.00964606273919344 0.9991898536682129 -0.03907039016485214 -1.018749713897705 -0.8682856559753418 -0.01101003773510456 -0.49594226479530334 -10.825215339660645
-0.49908867478370667 0.040354955941438675 0.8656107783317566 62.27630615234375 0.008129937574267387 0.9990890622138977 -0.04189024493098259 -1.0795022249221802 -0.8665127158164978 -0.013869586400687695 -0.4989621937274933 -11.31689167022705
-0.5033952593803406 0.04088912904262543 0.8630881905555725 63.149810791015625 0.006607344839721918 0.9990325570106506 -0.04347582161426544 -1.1384130716323853 -0.8640310168266296 -0.016182800754904747 -0.5031784176826477 -11.826165199279785
-0.5090420246124268 0.039387233555316925 0.8598400354385376 64.01309204101562 0.008286090567708015 0.9991304874420166 -0.040862273424863815 -1.2002335786819458 -0.860701858997345 -0.013675898313522339 -0.5089256763458252 -12.332141876220703
-0.5144367814064026 0.03686269000172615 0.8567355871200562 64.8712387084961 0.009260494261980057 0.9992561340332031 -0.03743434324860573 -1.2606127262115479 -0.8574782609939575 -0.011323807761073112 -0.514395534992218 -12.846697807312012
-0.5196618437767029 0.03451532870531082 0.8536745309829712 65.73704528808594 0.006353467237204313 0.9993121027946472 -0.036536093801259995 -1.3178056478500366 -0.8543483018875122 -0.013562621548771858 -0.5195237398147583 -13.36252212524414
-0.5249939560890198 0.037774939090013504 0.850267231464386 66.58418273925781 0.008863251656293869 0.9992030262947083 -0.038919150829315186 -1.375933289527893 -0.8510597944259644 -0.012896185740828514 -0.5249103307723999 -13.87826156616211
-0.5299422740936279 0.03954343497753143 0.8471112847328186 67.42523956298828 0.008841468952596188 0.999115526676178 -0.04110793024301529 -1.425431728363037 -0.8479877710342407 -0.014295121654868126 -0.5298231840133667 -14.399452209472656
-0.5349102020263672 0.04025612398982048 0.8439493775367737 68.25225830078125 0.007205700036138296 0.9990453124046326 -0.04308704659342766 -1.4840917587280273 -0.8448781967163086 -0.016966456547379494 -0.5346894860267639 -14.90999984741211
-0.5382249355316162 0.040584199130535126 0.8418234586715698 69.05996704101562 0.006627324968576431 0.9990127682685852 -0.04392506182193756 -1.54318106174469 -0.8427751064300537 -0.018062524497509003 -0.5379626750946045 -15.432430267333984
-0.5414373874664307 0.04026491567492485 0.8397762775421143 69.87653350830078 0.008066331036388874 0.9990553259849548 -0.04270120710134506 -1.6001956462860107 -0.8407024145126343 -0.016346117481589317 -0.5412507653236389 -15.956289291381836
-0.5431869029998779 0.033234383910894394 0.8389536738395691 70.69758605957031 0.008276410400867462 0.9993796348571777 -0.03423088788986206 -1.6484909057617188 -0.8395709991455078 -0.011650243774056435 -0.5431250333786011 -16.493215560913086
-0.5460085272789001 0.023705946281552315 0.8374441862106323 71.51506805419922 0.0066881487146019936 0.9996910095214844 -0.023938119411468506 -1.7052602767944336 -0.8377529382705688 -0.007469463627785444 -0.5459983944892883 -17.01974105834961
-0.5478447079658508 0.02258566953241825 0.8362751603126526 72.33086395263672 0.007805514149367809 0.9997299313545227 -0.02188676968216896 -1.7453813552856445 -0.8365436792373657 -0.005462993402034044 -0.5478730797767639 -17.54743003845215
-0.5485522150993347 0.02734249271452427 0.8356691002845764 73.11961364746094 0.00846035871654749 0.9995955228805542 -0.027152476832270622 -1.791110873222351 -0.8360734581947327 -0.007824490778148174 -0.548561692237854 -18.0645694732666
-0.550453782081604 0.033364035189151764 0.8341987729072571 73.91983795166016 0.009864367544651031 0.9993912577629089 -0.03346186876296997 -1.8357247114181519 -0.8348073363304138 -0.010190370492637157 -0.5504478216171265 -18.576786041259766
-0.550251841545105 0.03728402033448219 0.8341659307479858 74.6998291015625 0.015629904344677925 0.999287486076355 -0.03435415029525757 -1.8809900283813477 -0.8348524570465088 -0.005865502171218395 -0.5504425168037415 -19.10954475402832
-0.5499466061592102 0.038834359496831894 0.8342965245246887 75.49100494384766 0.019320417195558548 0.9992426037788391 -0.033776652067899704 -1.9305894374847412 -0.834976315498352 -0.002456395421177149 -0.5502803325653076 -19.643604278564453
-0.5496315956115723 0.035423364490270615 0.8346558213233948 76.2951889038086 0.017745601013302803 0.9993702173233032 -0.030728239566087723 -1.9733569622039795 -0.8352186679840088 -0.0020777389872819185 -0.5499140024185181 -20.164588928222656
-0.5491322875022888 0.03051023557782173 0.8351783752441406 77.08503723144531 0.01538670714944601 0.9995330572128296 -0.026397541165351868 -2.0078980922698975 -0.8355937600135803 -0.0016450945986434817 -0.5493453741073608 -20.678991317749023
-0.5489544868469238 0.02332659624516964 0.835526704788208 77.88353729248047 0.012533859349787235 0.9997278451919556 -0.019675888121128082 -2.0535924434661865 -0.8357582688331604 -0.0003287939471192658 -0.54909747838974 -21.181318283081055
-0.5488194227218628 0.017904508858919144 0.8357492089271545 78.68378448486328 0.004020902793854475 0.9998156428337097 -0.018778908997774124 -2.0876669883728027 -0.8359313011169434 -0.006945762783288956 -0.5487902760505676 -21.678756713867188
-0.5469741821289062 0.012758702971041203 0.8370522856712341 79.4837417602539 -0.0033967786002904177 0.9998418092727661 -0.017459645867347717 -2.1189491748809814 -0.8371425867080688 -0.012393255718052387 -0.5468443036079407 -22.191547393798828
-0.545478343963623 0.013204270973801613 0.838020920753479 80.2724609375 -0.00048594651161693037 0.9998707175254822 -0.016070766374468803 -2.1561572551727295 -0.8381248116493225 -0.009173489175736904 -0.545401394367218 -22.68813133239746
-0.541637122631073 0.01714291051030159 0.8404375910758972 81.06463623046875 0.004230783320963383 0.9998348951339722 -0.01766762137413025 -2.184643507003784 -0.8406018018722534 -0.006013728212565184 -0.5416202545166016 -23.218488693237305
-0.5361302495002747 0.020481102168560028 0.8438867330551147 81.85498809814453 0.006169680971652269 0.9997739791870117 -0.020344816148281097 -2.2125778198242188 -0.844112753868103 -0.005700959824025631 -0.5361354947090149 -23.722593307495117
-0.5284600257873535 0.02246798947453499 0.8486608266830444 82.64339447021484 0.01099848560988903 0.9997469782829285 -0.019619202241301537 -2.248136043548584 -0.8488869667053223 -0.0010339790023863316 -0.5285734534263611 -24.214534759521484
-0.5197204351425171 0.026552839204669 0.8539236187934875 83.45004272460938 0.01856958493590355 0.9996318221092224 -0.01978170871734619 -2.2795188426971436 -0.8541345596313477 0.005576050374656916 -0.5200221538543701 -24.726253509521484
-0.5106202960014343 0.025187646970152855 0.8594372868537903 84.24968719482422 0.01603875681757927 0.9996759295463562 -0.01976848393678665 -2.3151638507843018 -0.8596567511558533 0.003690118668600917 -0.5108587145805359 -25.18314552307129
-0.4997527599334717 0.022883934900164604 0.8658658266067505 85.05791473388672 0.014149324037134647 0.9997333288192749 -0.018255334347486496 -2.3466341495513916 -0.8660525679588318 0.0031282640993595123 -0.49994322657585144 -25.64113426208496
-0.4882146120071411 0.01953464187681675 0.8725050091743469 85.86367797851562 0.014177902601659298 0.9997950196266174 -0.014451245777308941 -2.380284309387207 -0.8726084232330322 0.00531498109921813 -0.4883915185928345 -26.082778930664062
-0.47699999809265137 0.018917230889201164 0.8786997199058533 86.67581939697266 0.013185116462409496 0.9998098015785217 -0.014367069117724895 -2.405588150024414 -0.8788043856620789 0.00473266514018178 -0.47715869545936584 -26.521711349487305
-0.4654492735862732 0.017832215875387192 0.8848949074745178 87.51451110839844 0.013098631985485554 0.9998263120651245 -0.013258485123515129 -2.430626392364502 -0.8849775791168213 0.005419760011136532 -0.4656020402908325 -26.953962326049805
-0.4533562958240509 0.018918119370937347 0.891128659248352 88.33468627929688 0.013937360607087612 0.9998030066490173 -0.014134660363197327 -2.4570083618164062 -0.8912204504013062 0.006011943332850933 -0.4535306394100189 -27.36910057067871
-0.4412060081958771 0.022700326517224312 0.8971186876296997 89.15352630615234 0.013989278115332127 0.999732494354248 -0.01841684803366661 -2.4957759380340576 -0.8972967863082886 0.004424418322741985 -0.4414055645465851 -27.769163131713867
-0.4301079511642456 0.03209637477993965 0.9022067785263062 89.97511291503906 0.016632571816444397 0.9994798302650452 -0.02762768231332302 -2.52790904045105 -0.902624249458313 0.0031231313478201628 -0.43041807413101196 -28.1533145904541
-0.4165996015071869 0.03617419674992561 0.9083700776100159 90.81852722167969 0.015071489848196507 0.9993454217910767 -0.03288499638438225 -2.562987804412842 -0.9089651703834534 -9.385266821482219e-06 -0.4168720841407776 -28.554187774658203
-0.4052336513996124 0.03249669075012207 0.9136353731155396 91.66168975830078 0.012924578040838242 0.9994717836380005 -0.02981719747185707 -2.604498863220215 -0.9141218066215515 -0.000274579506367445 -0.4054395854473114 -28.919401168823242
-0.3940028250217438 0.029085788875818253 0.918648898601532 92.5118179321289 0.011805840767920017 0.9995768070220947 -0.02658463642001152 -2.6485631465911865 -0.9190333485603333 0.00037099895416758955 -0.3941795527935028 -29.270992279052734
-0.3841426372528076 0.02896547131240368 0.922819197177887 93.3551254272461 0.00567740248516202 0.9995629787445068 -0.029010968282818794 -2.68302059173584 -0.9232562780380249 -0.005905133206397295 -0.38413920998573303 -29.615612030029297
-0.37722980976104736 0.033108584582805634 0.9255276918411255 94.19351196289062 0.000558040221221745 0.9993687272071838 -0.03552263230085373 -2.73030948638916 -0.9261195063591003 -0.012883714400231838 -0.37701019644737244 -29.943571090698242
-0.372396320104599 0.03823887184262276 0.9272856712341309 95.03764343261719 -0.004847323056310415 0.9990570545196533 -0.043145209550857544 -2.7751402854919434 -0.9280611276626587 -0.02056196890771389 -0.37185975909233093 -30.26445198059082
-0.3691345751285553 0.04025321081280708 0.9285038113594055 95.88554382324219 -0.007643958553671837 0.9988963007926941 -0.0463438406586647 -2.8296055793762207 -0.9293445348739624 -0.02420455403625965 -0.3684194087982178 -30.59537124633789
-0.3652181327342987 0.039947882294654846 0.9300644397735596 96.72431945800781 -0.00865872111171484 0.9988898634910583 -0.046304162591695786 -2.8862507343292236 -0.9308817386627197 -0.024964284151792526 -0.3644668161869049 -30.91977310180664
-0.3609437644481659 0.040048569440841675 0.9317272901535034 97.55422973632812 -0.010126371867954731 0.9988502264022827 -0.046856608241796494 -2.9387824535369873 -0.932532548904419 -0.026347622275352478 -0.36012327671051025 -31.22376251220703
-0.355040967464447 0.03578286990523338 0.9341656565666199 98.40404510498047 -0.012406672351062298 0.9989988207817078 -0.042981576174497604 -2.9926350116729736 -0.9347684383392334 -0.026850108057260513 -0.3542415201663971 -31.543025970458984
-0.34957626461982727 0.03212177753448486 0.9363571405410767 99.25465393066406 -0.012912120670080185 0.9991520047187805 -0.03909652307629585 -3.0442962646484375 -0.9368189573287964 -0.025757571682333946 -0.34886500239372253 -31.854286193847656
-0.3437747061252594 0.02905498445034027 0.9386026263237 100.09750366210938 -0.015124522149562836 0.9992202520370483 -0.03647098317742348 -3.0947043895721436 -0.9389303922653198 -0.02673371508717537 -0.3430671691894531 -32.15580368041992
-0.3381243646144867 0.02718091383576393 0.9407088756561279 100.95710754394531 -0.023674016818404198 0.9990208148956299 -0.0373750738799572 -3.145987033843994 -0.9408036470413208 -0.03490778058767319 -0.33714979887008667 -32.442604064941406
-0.33222347497940063 0.02740170620381832 0.9428025484085083 101.80431365966797 -0.03009524568915367 0.9987609386444092 -0.03963300958275795 -3.194226026535034 -0.9427204728126526 -0.04154088720679283 -0.33098718523979187 -32.72068786621094
-0.32554927468299866 0.031421490013599396 0.9450027942657471 102.64718627929688 -0.02781696431338787 0.9986967444419861 -0.04278964549303055 -3.2476236820220947 -0.9451158046722412 -0.04021724686026573 -0.3242509663105011 -33.00498580932617
-0.31875666975975037 0.03456926718354225 0.9472060203552246 103.49751281738281 -0.026487907394766808 0.998619556427002 -0.04535945504903793 -3.297703981399536 -0.9474663734436035 -0.039548132568597794 -0.3174009621143341 -33.284542083740234
-0.3121187686920166 0.03290603682398796 0.9494730830192566 104.36063385009766 -0.02769169770181179 0.9986602663993835 -0.043713778257369995 -3.348005771636963 -0.9496394395828247 -0.03993641585111618 -0.3107893764972687 -33.55971908569336
-0.3048008382320404 0.028109794482588768 0.9520012140274048 105.20911407470703 -0.028770919889211655 0.9988365769386292 -0.038704242557287216 -3.3973164558410645 -0.9519814252853394 -0.03918704017996788 -0.30363747477531433 -33.8293571472168
-0.2978416383266449 0.02535010129213333 0.9542787671089172 106.0687026977539 -0.029683111235499382 0.9989180564880371 -0.03580038249492645 -3.4497673511505127 -0.9541536569595337 -0.03898880258202553 -0.29676690697669983 -34.08830261230469
-0.29145753383636475 0.028615890070796013 0.9561556577682495 106.93037414550781 -0.03213893622159958 0.9986951351165771 -0.0396856851875782 -3.4929561614990234 -0.9560436606407166 -0.04229651391506195 -0.29015758633613586 -34.339134216308594
-0.2851662039756775 0.03135605901479721 0.957965075969696 107.7834243774414 -0.03172334283590317 0.9986083507537842 -0.04212978109717369 -3.5443735122680664 -0.9579529762268066 -0.04240383580327034 -0.28377464413642883 -34.58577346801758
-0.27845528721809387 0.03191891312599182 0.9599186778068542 108.63960266113281 -0.0337318517267704 0.9985060691833496 -0.042987022548913956 -3.5927321910858154 -0.9598567485809326 -0.0443497970700264 -0.2769625782966614 -34.82228469848633
-0.2714981436729431 0.03129474073648453 0.961929976940155 109.50090789794922 -0.03406178578734398 0.9985326528549194 -0.0420992448925972 -3.6483705043792725 -0.961836040019989 -0.04419492185115814 -0.27003374695777893 -35.06123352050781
-0.26317495107650757 0.03110932558774948 0.964246392250061 110.3609390258789 -0.03008410893380642 0.998729407787323 -0.040432799607515335 -3.6996703147888184 -0.9642789363861084 -0.039649393409490585 -0.26190462708473206 -35.297786712646484
-0.2559029757976532 0.03230784833431244 0.9661624431610107 111.21951293945312 -0.02786523476243019 0.9987795352935791 -0.04077908396720886 -3.7492029666900635 -0.9663007259368896 -0.03735782951116562 -0.25469034910202026 -35.52057647705078
-0.24893450736999512 0.032982710748910904 0.9679585695266724 112.07595825195312 -0.025660043582320213 0.9988446831703186 -0.04063424840569496 -3.798765182495117 -0.9681803584098816 -0.034953128546476364 -0.2478005439043045 -35.738895416259766
-0.24236924946308136 0.03175867348909378 0.9696640968322754 112.94499206542969 -0.03183678910136223 0.9986655116081238 -0.04066619277000427 -3.847355365753174 -0.9696615934371948 -0.04072723165154457 -0.24103471636772156 -35.93814468383789
-0.23659373819828033 0.0298389233648777 0.9711503386497498 113.80745697021484 -0.036849405616521835 0.9985336065292358 -0.039657607674598694 -3.895949125289917 -0.9709096550941467 -0.04516906291246414 -0.23514728248119354 -36.135597229003906
-0.23210278153419495 0.0299212783575058 0.9722309112548828 114.68336486816406 -0.034340549260377884 0.9986515045166016 -0.03893258795142174 -3.945603609085083 -0.9720849394798279 -0.0424233116209507 -0.2307622879743576 -36.33890151977539
-0.22773237526416779 0.029702166095376015 0.9732706546783447 115.55426788330078 -0.03288143500685692 0.9987300038337708 -0.038172949105501175 -3.9994471073150635 -0.9731684327125549 -0.04069575294852257 -0.22646652162075043 -36.53331756591797
-0.22256603837013245 0.03180374205112457 0.974398672580719 116.42540740966797 -0.03142477944493294 0.9987143278121948 -0.03977523744106293 -4.045107841491699 -0.9744110703468323 -0.03947288542985916 -0.22128045558929443 -36.73332595825195
-0.21674814820289612 0.03047640435397625 0.9757517576217651 117.27899169921875 -0.025432433933019638 0.9989972114562988 -0.03685186058282852 -4.094197750091553 -0.9758961796760559 -0.03280331939458847 -0.2157556265592575 -36.92182922363281
-0.2114623486995697 0.029588904231786728 0.9769381880760193 118.15534973144531 -0.01838102377951145 0.9992444515228271 -0.0342431515455246 -4.136048316955566 -0.9772132635116577 -0.02519826591014862 -0.21075871586799622 -37.11825942993164
-0.2059653103351593 0.02872912771999836 0.9781375527381897 119.03118133544922 -0.016345268115401268 0.9993285536766052 -0.032793331891298294 -4.186789035797119 -0.9784227609634399 -0.02274221181869507 -0.2053573876619339 -37.307594299316406
