1.000000000 0.000000000 0.000000000 0.000000000 0.000000000 1.000000000 0.000000000 0.000000060 0.000000000 0.000000000 0.999999940 0.000000000
0.999991417 -0.002447186 -0.003349610 -0.003022081 0.002439792 0.999994576 -0.002209665 -0.005065548 0.003354999 0.002201474 0.999991894 0.666727066
0.999971151 -0.001423032 -0.007468119 -0.011526916 0.001396405 0.999992669 -0.003569494 -0.011072865 0.007473143 0.003558963 0.999965668 1.365885258
0.999936044 -0.001156007 -0.011254887 -0.028193586 0.001100656 0.999987245 -0.004922918 -0.013541155 0.011260436 0.004910214 0.999924541 2.064878941
0.999870718 0.000177138 -0.016080651 -0.049447320 -0.000267839 0.999984086 -0.005638401 -0.016275205 0.016079396 0.005641979 0.999854803 2.791972160
0.999789596 -0.000765077 -0.020497909 -0.063888945 0.000648607 0.999983549 -0.005688105 -0.028984921 0.020501927 0.005673613 0.999773681 3.533882380
0.999686122 0.000996066 -0.025032800 -0.089221433 -0.001173115 0.999974370 -0.007059000 -0.032451708 0.025025131 0.007086151 0.999661684 4.286880016
0.999555826 0.003489251 -0.029595509 -0.123966366 -0.003715256 0.999964356 -0.007584917 -0.044470344 0.029567987 0.007691502 0.999533176 5.048775673
0.999413311 0.003733477 -0.034045305 -0.153339654 -0.003942178 0.999973834 -0.006065061 -0.047483601 0.034021765 0.006195715 0.999401808 5.847973347
0.999246359 0.003169931 -0.038687050 -0.187114552 -0.003312452 0.999987900 -0.003620400 -0.052500468 0.038675107 0.003745819 0.999244869 6.649645329
0.999125063 0.002811047 -0.041727982 -0.229848206 -0.002846891 0.999995589 -0.000799584 -0.060756791 0.041725546 0.000917678 0.999128640 7.454091549
0.999005139 0.004168530 -0.044400003 -0.271318406 -0.004248317 0.999989688 -0.001702832 -0.067887843 0.044392440 0.001889764 0.999012411 8.273746490
0.998912990 0.003663464 -0.046469286 -0.316798836 -0.003759079 0.999991000 -0.001970375 -0.072958343 0.046461642 0.002142915 0.998917878 9.094654083
0.998852491 0.001133306 -0.047879998 -0.362441838 -0.001258624 0.999995947 -0.002587272 -0.080020189 0.047876865 0.002644565 0.998849809 9.921591759
0.998723209 0.000530309 -0.050513163 -0.397051513 -0.000618670 0.999998271 -0.001733650 -0.088390782 0.050512150 0.001762687 0.998721898 10.772616386
0.998641372 -0.001013535 -0.052100550 -0.442799211 0.000908547 0.999997497 -0.002038754 -0.096099280 0.052102484 0.001988649 0.998639822 11.624969482
0.998545647 0.001047150 -0.053903028 -0.495690107 -0.001271208 0.999990582 -0.004122583 -0.108227491 0.053898204 0.004185110 0.998537719 12.481416702
0.998473287 0.001858398 -0.055206165 -0.546512723 -0.002255138 0.999972105 -0.007125089 -0.114901990 0.055191383 0.007238709 0.998449564 13.347831726
0.998381197 0.005564227 -0.056603812 -0.608453095 -0.006052670 0.999945939 -0.008461361 -0.130596817 0.056553666 0.008790268 0.998360813 14.223040581
0.998298824 0.006692126 -0.057919964 -0.660389602 -0.007177371 0.999940753 -0.008173875 -0.142168894 0.057861827 0.008575681 0.998287678 15.110033035
0.998221397 0.005647928 -0.059347436 -0.716469646 -0.006054231 0.999959350 -0.006668594 -0.155701697 0.059307352 0.007016036 0.998215079 16.003036499
0.998152554 0.006677689 -0.060388945 -0.780115128 -0.007001054 0.999962211 -0.005144709 -0.167906359 0.060352311 0.005557991 0.998161554 16.899618149
0.998093247 0.006173898 -0.061414666 -0.833679080 -0.006498434 0.999965966 -0.005086035 -0.184724480 0.061381184 0.005475436 0.998099327 17.794048309
0.997990727 0.006060403 -0.063070565 -0.893914878 -0.006443474 0.999962091 -0.005872076 -0.196945772 0.063032590 0.006266671 0.997991741 18.700767517
0.997938871 0.004595357 -0.064009234 -0.956782818 -0.005015260 0.999967039 -0.006400925 -0.213253692 0.063977703 0.006708754 0.997928739 19.620380402
0.997885048 0.004655354 -0.064837307 -1.012300611 -0.004975325 0.999976277 -0.004774375 -0.226284713 0.064813517 0.005086863 0.997884393 20.530105591
0.997875094 0.005854277 -0.064893134 -1.079480886 -0.005968932 0.999980927 -0.001573069 -0.234661937 0.064882681 0.001957069 0.997890949 21.452474594
0.997923672 0.006692292 -0.064059600 -1.141493797 -0.006539588 0.999975324 0.002593159 -0.251415312 0.064075373 -0.002168851 0.997942686 22.380044937
0.998036742 0.004963418 -0.062434584 -1.196870685 -0.004629228 0.999974310 0.005496174 -0.258756340 0.062460255 -0.005196359 0.998033881 23.308256149
0.998130143 0.005164417 -0.060907125 -1.258575559 -0.004791959 0.999968946 0.006259676 -0.262529880 0.060937569 -0.005956106 0.998123765 24.249914169
0.998229802 0.005742099 -0.059197139 -1.321720719 -0.005553719 0.999979019 0.003346287 -0.268927604 0.059215110 -0.003011598 0.998240769 25.182710648
0.998270929 0.006407703 -0.058429405 -1.378124356 -0.006500959 0.999977887 -0.001406106 -0.277935058 0.058419097 0.001783522 0.998290539 26.129852295
0.998367190 0.005415743 -0.056863334 -1.440740943 -0.005667324 0.999974906 -0.004263986 -0.285983741 0.056838803 0.004579287 0.998372853 27.077138901
0.998426616 0.003152936 -0.055984106 -1.498900414 -0.003331189 0.999989688 -0.003090972 -0.297255367 0.055973779 0.003272602 0.998426795 28.037393570
0.998393536 0.001079287 -0.056648485 -1.544820070 -0.000970849 0.999997735 0.001941705 -0.309438646 0.056650437 -0.001883589 0.998392224 29.013475418
0.998342454 -0.002588561 -0.057494827 -1.601137161 0.002887347 0.999982834 0.005114262 -0.316343844 0.057480589 -0.005271792 0.998332679 29.986427307
0.998233020 -0.009860636 -0.058597118 -1.649985552 0.010147020 0.999937892 0.004591789 -0.324815273 0.058548190 -0.005178261 0.998270988 30.957851410
0.998118222 -0.012443920 -0.060043480 -1.702910066 0.012519658 0.999921203 0.000885347 -0.333137184 0.060027733 -0.001635405 0.998195350 31.938053131
0.998035491 -0.012121310 -0.061466850 -1.768228292 0.011941608 0.999923289 -0.003290071 -0.337129325 0.061502013 0.002549595 0.998103619 32.913635254
0.997958720 -0.010938281 -0.062918559 -1.850825906 0.010705099 0.999934554 -0.004042002 -0.347076118 0.062958643 0.003360203 0.998010397 33.892799377
0.997887373 -0.010913813 -0.064045258 -1.900325537 0.010790387 0.999939203 -0.002272721 -0.365736514 0.064066172 0.001576846 0.997944295 34.869804382
0.997839093 -0.007926193 -0.065224811 -1.972269297 0.007979601 0.999967992 0.000558365 -0.379109561 0.065218292 -0.001077627 0.997870386 35.865840912
0.997738540 -0.008181762 -0.066714182 -2.037142515 0.008330573 0.999963403 0.001952710 -0.390049696 0.066695780 -0.002504063 0.997770190 36.855480194
0.997669101 -0.006876932 -0.067889385 -2.105182648 0.007186769 0.999964833 0.004320662 -0.394987285 0.067857288 -0.004798497 0.997683525 37.834987640
0.997703314 -0.006849695 -0.067387238 -2.176038265 0.007376934 0.999944091 0.007578283 -0.406257719 0.067331553 -0.008057992 0.997698128 38.827262878
0.997684956 -0.000947704 -0.067996971 -2.253481388 0.001600612 0.999953210 0.009548172 -0.405437022 0.067984723 -0.009634908 0.997639894 39.814685822
0.997667432 -0.000777949 -0.068257660 -2.330125570 0.001387152 0.999959707 0.008878111 -0.410401136 0.068247989 -0.008952087 0.997628212 40.808284760
0.997663736 -0.001120866 -0.068306938 -2.389820337 0.001635995 0.999970794 0.007485919 -0.415773720 0.068296552 -0.007580180 0.997636139 41.804439545
0.997667134 0.001234755 -0.068255551 -2.471411228 -0.000892435 0.999986827 0.005045537 -0.418223381 0.068260856 -0.004972851 0.997655034 42.798923492
0.997616231 0.000708643 -0.069002807 -2.543740749 -0.000354278 0.999986708 0.005147624 -0.424157053 0.069005534 -0.005110905 0.997603118 43.773780823
0.997533619 -0.001579456 -0.070172094 -2.612371445 0.002053019 0.999975622 0.006677001 -0.437995970 0.070159838 -0.006804598 0.997512460 44.763305664
0.997479796 -0.001175464 -0.070942052 -2.685289860 0.001726057 0.999968827 0.007700364 -0.444511116 0.070930794 -0.007803407 0.997450650 45.750167847
0.997465730 0.001764661 -0.071126722 -2.765015841 -0.001477170 0.999990523 0.004094366 -0.456405818 0.071133241 -0.003978925 0.997458875 46.721206665
0.997401059 0.002250257 -0.072014689 -2.843200684 -0.002267892 0.999997437 -0.000163123 -0.463723183 0.072014131 0.000326019 0.997403502 47.684143066
0.997336388 0.002551740 -0.072894767 -2.899662018 -0.002655825 0.999995649 -0.001330994 -0.469946504 0.072891042 0.001521045 0.997338712 48.640895844
0.997319639 0.001540125 -0.073151633 -2.971444607 -0.001366310 0.999996185 0.002426068 -0.483986139 0.073155083 -0.002319617 0.997317851 49.622993469
0.997322857 -0.000470499 -0.073122866 -3.045307875 0.000863465 0.999985456 0.005342528 -0.494550228 0.073119290 -0.005391364 0.997308671 50.584014893
0.997285843 -0.002842555 -0.073572069 -3.107491016 0.003297818 0.999976158 0.006067252 -0.501235127 0.073553078 -0.006293411 0.997271419 51.537963867
0.997242630 -0.006252585 -0.073946021 -3.176158905 0.006640067 0.999965489 0.004995394 -0.511011124 0.073912248 -0.005472626 0.997249722 52.496780396
0.997205973 -0.009138630 -0.074140452 -3.246671438 0.009444268 0.999948204 0.003772881 -0.522418618 0.074102163 -0.004462543 0.997240543 53.440959930
0.997117162 -0.010423304 -0.075158231 -3.319075108 0.010805265 0.999930620 0.004677244 -0.529672742 0.075104281 -0.005475866 0.997160494 54.395828247
0.996988893 -0.013685585 -0.076327682 -3.388530016 0.014410430 0.999855995 0.008953783 -0.534863949 0.076194152 -0.010026736 0.997042477 55.334228516
0.996946335 -0.014367404 -0.076757185 -3.465913296 0.015472409 0.999784648 0.013820836 -0.537709534 0.076542079 -0.014966250 0.996953964 56.275798798
0.996886611 -0.012657188 -0.077826403 -3.537276268 0.013925056 0.999778628 0.015769923 -0.534296751 0.077609561 -0.016804563 0.996842206 57.232242584
0.996807635 -0.011608698 -0.078992330 -3.616613150 0.012614753 0.999845445 0.012249004 -0.543360829 0.078837924 -0.013206366 0.996800065 58.165679932
0.996760011 -0.009582276 -0.079860911 -3.701246738 0.009952393 0.999941528 0.004237769 -0.545217037 0.079815619 -0.005018846 0.996797025 59.076045990
0.996681452 -0.007875792 -0.081018783 -3.779049397 0.007849193 0.999968946 -0.000646776 -0.552077413 0.081021339 0.000008697 0.996712327 59.988807678
0.996624827 -0.003409190 -0.082021013 -3.854372263 0.003464015 0.999993980 0.000526140 -0.565620005 0.082018718 -0.000808487 0.996630430 60.888702393
0.996526778 -0.000718161 -0.083270468 -3.939113140 0.000975150 0.999994874 0.003045566 -0.581275821 0.083267860 -0.003116190 0.996522248 61.779354095
0.996444046 0.001764444 -0.084239230 -4.015905857 -0.001390390 0.999988973 0.004498843 -0.595315695 0.084246233 -0.004365719 0.996435404 62.649787903
0.996348977 0.002941559 -0.085323028 -4.089510918 -0.002601790 0.999988198 0.004093077 -0.603641033 0.085334063 -0.003856141 0.996344864 63.506408691
0.996211052 0.004300317 -0.086861178 -4.172052383 -0.003884196 0.999980092 0.004959087 -0.612240076 0.086880773 -0.004602913 0.996207952 64.357559204
0.996094167 0.005651424 -0.088116564 -4.249748230 -0.005179610 0.999970973 0.005582178 -0.624615431 0.088145569 -0.005103966 0.996094525 65.194198608
0.995953977 0.005193496 -0.089714602 -4.322438240 -0.004673850 0.999971032 0.006001328 -0.631448984 0.089743182 -0.005557735 0.995949447 66.019721985
0.995864272 0.005018972 -0.090714782 -4.403844833 -0.004393173 0.999965131 0.007096901 -0.641023219 0.090747245 -0.006669022 0.995851636 66.828826904
0.995717466 0.007837866 -0.092115909 -4.485322475 -0.006965105 0.999927700 0.009792291 -0.646503747 0.092186019 -0.009108758 0.995700121 67.626739502
0.995572686 0.009511421 -0.093512669 -4.560044289 -0.008239677 0.999868393 0.013976417 -0.652898371 0.093633279 -0.013144026 0.995519936 68.412872314
0.995373070 0.012596948 -0.095256269 -4.641342163 -0.011167413 0.999817073 0.015525515 -0.654617429 0.095434412 -0.014389913 0.995331645 69.188430786
0.995240688 0.015608423 -0.096190535 -4.726024628 -0.014560547 0.999826789 0.011586126 -0.665436924 0.096354716 -0.010130395 0.995295465 69.930633545
0.995097280 0.015761007 -0.097637355 -4.800429344 -0.015425985 0.999872267 0.004185242 -0.671759665 0.097690850 -0.002658572 0.995213211 70.653671265
0.994969904 0.014716758 -0.099087618 -4.871785164 -0.014934983 0.999887347 -0.001460903 -0.681071460 0.099054970 0.002933426 0.995077610 71.365737915
0.994912744 0.015371652 -0.099561907 -4.945164680 -0.015714377 0.999872923 -0.002658995 -0.686481178 0.099508375 0.004210021 0.995027840 72.057006836
0.994809330 0.018153111 -0.100124285 -5.025407314 -0.018146694 0.999834836 0.000974943 -0.699533582 0.100125447 0.000847042 0.994974434 72.731117249
0.994699419 0.018907426 -0.101072147 -5.101728439 -0.018680386 0.999820411 0.003192416 -0.716199994 0.101114348 -0.001287427 0.994873941 73.392105103
0.994619668 0.015091159 -0.102488607 -5.156594276 -0.015166168 0.999884963 0.000047350 -0.727785349 0.102477528 0.001507265 0.994734108 74.006233215
0.994700372 0.006968379 -0.102579355 -5.207580566 -0.007517204 0.999959409 -0.004964664 -0.742225170 0.102540597 0.005709463 0.994712353 74.621040344
0.994815767 0.002982812 -0.101649933 -5.260694504 -0.004024184 0.999941409 -0.010041174 -0.747218430 0.101614036 0.010398176 0.994769454 75.220565796
0.995116711 0.005191212 -0.098568983 -5.322015762 -0.006235322 0.999927640 -0.010287592 -0.759732902 0.098508447 0.010851964 0.995076954 75.805595398
0.995502114 0.010492680 -0.094156399 -5.389094830 -0.011211795 0.999911845 -0.007111703 -0.773659587 0.094073474 0.008135377 0.995531857 76.361228943
0.995933831 0.008923848 -0.089645207 -5.435951233 -0.009297364 0.999949753 -0.003749878 -0.789049327 0.089607246 0.004568094 0.995966673 76.924072266
0.996450484 0.005365314 -0.084011339 -5.468215942 -0.005381342 0.999985516 0.000035682 -0.795849442 0.084010318 0.000416538 0.996464849 77.465316772
0.997108936 0.000642360 -0.075983591 -5.496567726 -0.000389901 0.999994397 0.003337354 -0.802904725 0.075985283 -0.003298078 0.997103512 78.000396729
0.997854114 0.004468853 -0.065325595 -5.530532360 -0.004247976 0.999984801 0.003519681 -0.818669856 0.065340340 -0.003234625 0.997857749 78.512100220
0.998700619 0.009652254 -0.050040551 -5.558681011 -0.009513557 0.999950230 0.003009134 -0.824045897 0.050067104 -0.002529160 0.998742640 79.014778137
0.999384284 0.014742090 -0.031843133 -5.575374603 -0.014637434 0.999886751 0.003517188 -0.827419162 0.031891383 -0.003048919 0.999486685 79.508178711
0.999866605 0.013304912 -0.009485655 -5.568216801 -0.013266090 0.999903440 0.004143629 -0.833111703 0.009539880 -0.004017239 0.999946356 79.991889954
0.999814630 0.009805270 0.016575620 -5.536597729 -0.009886137 0.999939561 0.004803741 -0.836187780 -0.016527507 -0.004966719 0.999850988 80.454055786
0.998908699 0.008784501 0.045873210 -5.491689682 -0.009098666 0.999936461 0.006644251 -0.846958458 -0.045811914 -0.007054385 0.998925149 80.899955750
0.996878684 0.008085755 0.078532927 -5.432375908 -0.008775175 0.999925911 0.008437620 -0.857734323 -0.078458883 -0.009100425 0.996875763 81.334259033
0.993191957 0.008228812 0.116197817 -5.356781960 -0.009318729 0.999917448 0.008839712 -0.860967398 -0.116115466 -0.009862347 0.993186772 81.776550293
0.987404227 0.008207159 0.158005193 -5.266216278 -0.009715592 0.999914289 0.008776695 -0.864298522 -0.157919616 -0.010201259 0.987399340 82.206565857
0.979234934 0.007775020 0.202579603 -5.143186569 -0.009709932 0.999916196 0.008559287 -0.868640006 -0.202496082 -0.010348588 0.979228377 82.620178223
0.967871189 0.009924672 0.251250565 -5.015335083 -0.011890514 0.999909461 0.006307311 -0.874420047 -0.251165181 -0.009092164 0.967901468 83.008865356
0.952383339 0.010583700 0.304719508 -4.871906281 -0.012423950 0.999914348 0.004100731 -0.889422774 -0.304649889 -0.007691289 0.952433288 83.373115540
0.932518840 0.011043156 0.360952318 -4.698888779 -0.012662501 0.999917448 0.002121551 -0.895742238 -0.360899061 -0.006548946 0.932581842 83.741264343
0.908464789 0.011502950 0.417803258 -4.490118027 -0.012671106 0.999919534 0.000022082 -0.897079766 -0.417769432 -0.005314089 0.908537507 84.094932556
0.879685581 0.011428085 0.475418538 -4.272083282 -0.012047127 0.999925792 -0.001744897 -0.903650999 -0.475403190 -0.004192466 0.879758000 84.413124084
0.846496820 0.010667029 0.532287002 -4.026565552 -0.010227271 0.999940455 -0.003774361 -0.910822570 -0.532295585 -0.002248858 0.846555531 84.717468262
0.809764385 0.010197264 0.586666644 -3.768291473 -0.008671685 0.999947667 -0.005411437 -0.915413976 -0.586691141 -0.000705398 0.809810400 84.999366760
0.769750834 0.008143895 0.638292551 -3.496009827 -0.007312631 0.999965489 -0.003939746 -0.930172980 -0.638302565 -0.001634974 0.769783854 85.271492004
0.726805151 0.008115521 0.686795771 -3.204002380 -0.009031677 0.999956667 -0.002258167 -0.931798995 -0.686784327 -0.004561671 0.726846933 85.527107239
0.681648314 0.006891646 0.731647611 -2.900279999 -0.007888054 0.999966741 -0.002070038 -0.936556339 -0.731637478 -0.004360238 0.681680024 85.750930786
0.635238469 0.005708067 0.772295058 -2.578014374 -0.005116682 0.999981821 -0.003182270 -0.945282340 -0.772299111 -0.001930088 0.635256171 85.954757690
0.588745475 0.003195213 0.808312058 -2.241134644 0.000859512 0.999989152 -0.004578939 -0.945904970 -0.808317840 0.003390583 0.588736415 86.133987427
0.541822553 0.005140412 0.840477169 -1.906757355 -0.001707709 0.999985933 -0.005015085 -0.961614430 -0.840491116 0.001281995 0.541823745 86.308555603
0.494350910 0.008199104 0.869223773 -1.575817108 -0.004300077 0.999966443 -0.006986786 -0.959522963 -0.869251728 -0.000283806 0.494369537 86.467597961
0.448073983 0.010462626 0.893935323 -1.254261017 -0.006853040 0.999942303 -0.008268329 -0.977835834 -0.893970191 -0.002421351 0.448119760 86.599060059
0.405149817 0.007896753 0.914216280 -0.901851654 0.000483227 0.999960721 -0.008851539 -0.982172966 -0.914250135 0.004027973 0.405130088 86.713951111
0.366514474 0.000096804 0.930412471 -0.527368546 0.015844589 0.999854267 -0.006345640 -0.984995723 -0.930277407 0.017067770 0.366459548 86.793884277
0.330811143 -0.003487739 0.943690598 -0.167493820 0.019740107 0.999799907 -0.003224791 -0.989660978 -0.943490446 0.019695351 0.330813825 86.884162903
0.297946692 0.001049951 0.954582036 0.202352524 0.016820299 0.999838352 -0.006349725 -0.993473709 -0.954434276 0.017948233 0.297880948 86.979530334
0.266364694 0.008586669 0.963834107 0.571346283 0.006056799 0.999925554 -0.010582058 -1.006658316 -0.963853240 0.008656436 0.266292870 87.088439941
0.238116682 0.013032969 0.971149266 0.950914383 0.001156563 0.999905407 -0.013702462 -1.022402287 -0.971235931 0.004385979 0.238079041 87.169342041
0.212385297 0.014496976 0.977078617 1.340181351 0.002343244 0.999879420 -0.015344623 -1.037948012 -0.977183282 0.005548505 0.212325722 87.232360840
0.188519835 0.015713153 0.981943727 1.751224518 0.009601545 0.999794722 -0.017842175 -1.049196124 -0.982022524 0.012791779 0.188330203 87.293083191
0.168791771 0.021958619 0.985407114 2.166296959 0.017256908 0.999532759 -0.025229350 -1.046686172 -0.985500693 0.021263588 0.168333918 87.333099365
0.149119928 0.029123997 0.988390148 2.582901001 0.018856306 0.999300659 -0.032290373 -1.041768670 -0.988639295 0.023452524 0.148466468 87.384529114
0.131454498 0.029562924 0.990881324 3.017968178 0.016407773 0.999353409 -0.031992417 -1.056382895 -0.991186440 0.020463703 0.130884439 87.435791016
0.116064116 0.025370114 0.992917597 3.479871750 0.014431005 0.999525130 -0.027225811 -1.077519178 -0.993136942 0.017488740 0.115642875 87.486427307
0.101522483 0.022264129 0.994584084 3.954204559 0.014875567 0.999603868 -0.023894925 -1.094143033 -0.994722009 0.017220877 0.101151049 87.527694702
0.088457093 0.019845601 0.995882213 4.435485363 0.017320145 0.999619782 -0.021458503 -1.107589483 -0.995929420 0.019146984 0.088079706 87.556419373
0.076681882 0.018916242 0.996876180 4.929905891 0.020813480 0.999571860 -0.020568416 -1.123320341 -0.996838331 0.022325685 0.076255329 87.583015442
0.066450424 0.019625612 0.997596741 5.447639465 0.023864511 0.999489248 -0.021252470 -1.138798594 -0.997504234 0.025219394 0.065948114 87.613601685
0.058811922 0.020158004 0.998065472 5.968786240 0.026584467 0.999409854 -0.021751674 -1.150553107 -0.997914970 0.027812297 0.058241315 87.632080078
0.053317282 0.020414338 0.998368919 6.518575668 0.028259370 0.999359727 -0.021943774 -1.165263653 -0.998177588 0.029383257 0.052706253 87.655845642
0.047610752 0.021348221 0.998637795 7.082346916 0.029628100 0.999301434 -0.022774950 -1.182166576 -0.998426437 0.030672073 0.046944991 87.680931091
0.041924145 0.022284696 0.998872280 7.663882256 0.030430054 0.999258935 -0.023570517 -1.193897009 -0.998657227 0.031383913 0.041214947 87.696739197
0.037383385 0.022206360 0.999054253 8.267663956 0.032967679 0.999181509 -0.023442796 -1.210327625 -0.998757005 0.033812873 0.036620691 87.714935303
0.034514774 0.022305993 0.999155283 8.885780334 0.034275092 0.999136388 -0.023489568 -1.226950169 -0.998816252 0.035056867 0.033720415 87.733581543
0.031519622 0.021724788 0.999266982 9.524497032 0.035416435 0.999111652 -0.022838540 -1.245577097 -0.998875439 0.036110334 0.030722201 87.749549866
0.029009271 0.021019647 0.999358118 10.178551674 0.037471890 0.999053240 -0.022100968 -1.264809012 -0.998876452 0.038088966 0.028194156 87.767532349
0.028496612 0.020729264 0.999379039 10.854320526 0.042314004 0.998863697 -0.021925133 -1.281865597 -0.998697937 0.042912509 0.027587092 87.777740479
0.029710328 0.020242464 0.999353528 11.550393105 0.045800287 0.998717189 -0.021591194 -1.301161051 -0.998508811 0.046412159 0.028745100 87.791374207
0.031887002 0.020268928 0.999285877 12.250666618 0.047000192 0.998657942 -0.021755960 -1.318170786 -0.998385727 0.047660358 0.030891566 87.812591553
0.035580672 0.020377979 0.999159098 12.973109245 0.049297608 0.998539150 -0.022120856 -1.335494280 -0.998150110 0.050043222 0.034524109 87.840415955
0.040115971 0.019681288 0.999001145 13.706580162 0.049962971 0.998515785 -0.021678045 -1.357565999 -0.997945070 0.050782703 0.039073102 87.868789673
0.044299398 0.018011052 0.998855948 14.466755867 0.051603407 0.998461604 -0.020292554 -1.377558470 -0.997684598 0.052443322 0.043301806 87.897041321
0.048066314 0.016387260 0.998709679 15.228395462 0.051271390 0.998506784 -0.018851539 -1.397616148 -0.997527301 0.052111365 0.047154341 87.940185547
0.052063331 0.014118707 0.998543978 16.007381439 0.048254818 0.998696506 -0.016636832 -1.420360446 -0.997477174 0.049050719 0.051314160 87.993682861
0.055948813 0.013285751 0.998345375 16.812192917 0.047222488 0.998757184 -0.015937658 -1.435377598 -0.997316241 0.048036043 0.055251904 88.043914795
0.060009796 0.014396263 0.998093963 17.614322662 0.044380564 0.998868763 -0.017075794 -1.453264713 -0.997210681 0.045320697 0.059302986 88.104118347
0.062975980 0.018259455 0.997848034 18.403934479 0.041992847 0.998898685 -0.020928923 -1.481537461 -0.997131169 0.043220498 0.062139843 88.155998230
0.064636119 0.023329634 0.997636139 19.217683792 0.036351562 0.999008060 -0.025716910 -1.509446621 -0.997246504 0.037927885 0.063723944 88.215980530
0.064546019 0.026622713 0.997559547 20.028308868 0.033609588 0.999018908 -0.028836336 -1.532599211 -0.997348607 0.035388842 0.063587919 88.272178650
0.064559549 0.026324755 0.997566581 20.841348648 0.031239452 0.999108613 -0.028387176 -1.561266899 -0.997424781 0.032996096 0.063679628 88.334381104
0.064683296 0.024381431 0.997607887 21.666137695 0.028518803 0.999247909 -0.026270622 -1.596116900 -0.997498214 0.030149855 0.063939333 88.394119263
0.064271696 0.023346733 0.997659266 22.484165192 0.029298950 0.999251187 -0.025271498 -1.624417782 -0.997502267 0.030854613 0.063539535 88.454383850
0.064612463 0.022221707 0.997662902 23.297899246 0.026948322 0.999348581 -0.024004525 -1.662371874 -0.997546494 0.028436333 0.063971534 88.514038086
0.064764343 0.022645477 0.997643650 24.110054016 0.024944067 0.999393344 -0.024304500 -1.692879081 -0.997588754 0.026459357 0.064160183 88.571449280
0.064846858 0.023293132 0.997623384 24.927797318 0.021855732 0.999454618 -0.024756536 -1.725971699 -0.997655809 0.023409173 0.064302400 88.630889893
0.063405909 0.024540575 0.997686088 25.735740662 0.018888865 0.999489009 -0.025785368 -1.757485509 -0.997809112 0.020480104 0.062909961 88.698028564
0.060312361 0.024314173 0.997883379 26.545341492 0.016122432 0.999549150 -0.025329201 -1.787261605 -0.998049319 0.017615972 0.059893161 88.755294800
0.056820463 0.023301739 0.998112440 27.360582352 0.013576249 0.999617100 -0.024109736 -1.814458370 -0.998292089 0.014920550 0.056482356 88.800193787
0.051794816 0.020680355 0.998443663 28.172002792 0.011781503 0.999703288 -0.021317618 -1.845309615 -0.998588264 0.012867310 0.051535804 88.849349976
0.045672197 0.018752024 0.998780370 28.977527618 0.009224035 0.999773264 -0.019192459 -1.873001099 -0.998913884 0.010089347 0.045488864 88.890800476
0.038466997 0.018875100 0.999081552 29.791080475 0.009022527 0.999774277 -0.019235574 -1.901836157 -0.999219120 0.009754176 0.038288008 88.917396545
0.029910769 0.019706182 0.999358356 30.592397690 0.008835945 0.999761403 -0.019978590 -1.928200245 -0.999513388 0.009427851 0.029729506 88.941055298
0.020043716 0.020176670 0.999595582 31.399793625 0.009358558 0.999748766 -0.020367417 -1.953128576 -0.999755323 0.009763012 0.019849859 88.958358765
0.009620825 0.019125875 0.999770820 32.189430237 0.010560106 0.999759316 -0.019227277 -1.981772780 -0.999897957 0.010742665 0.009416540 88.963462830
-0.001377426 0.018145861 0.999834478 32.983417511 0.009317558 0.999792218 -0.018132260 -2.009566069 -0.999955654 0.009291040 -0.001546216 88.966026306
-0.012495784 0.017242679 0.999773324 33.768070221 0.010783900 0.999795437 -0.017108280 -2.035653591 -0.999863744 0.010567673 -0.012679171 88.953926086
-0.023456415 0.017814729 0.999566078 34.544349670 0.011034116 0.999784946 -0.017559696 -2.058037758 -0.999663889 0.010617441 -0.023647942 88.935508728
-0.034635734 0.018447421 0.999229670 35.322616577 0.010926944 0.999776840 -0.018078765 -2.082984447 -0.999340177 0.010292355 -0.034829576 88.908874512
-0.044983543 0.019287633 0.998801470 36.095340729 0.010499407 0.999767661 -0.018833421 -2.111583471 -0.998932481 0.009639629 -0.045175586 88.865402222
-0.055310156 0.020435721 0.998260081 36.858390808 0.011226611 0.999740064 -0.019843990 -2.133701801 -0.998406053 0.010109501 -0.055525191 88.822921753
-0.064790145 0.021002201 0.997677863 37.612674713 0.012220438 0.999720275 -0.020251593 -2.164379597 -0.997824073 0.010879954 -0.065028682 88.766220093
-0.074419335 0.021553285 0.996994138 38.380107880 0.012617377 0.999706745 -0.020670120 -2.188616753 -0.997147202 0.011041194 -0.074669436 88.709838867
-0.083734661 0.021901244 0.996247411 39.118927002 0.013266762 0.999694407 -0.020861946 -2.215947866 -0.996399820 0.011470109 -0.083999619 88.646499634
-0.092355147 0.021269476 0.995498955 39.849792480 0.014692225 0.999692202 -0.019996027 -2.239922285 -0.995617747 0.012779359 -0.092639208 88.572952271
-0.099792428 0.020117505 0.994804919 40.582489014 0.016515447 0.999691308 -0.018559596 -2.267139435 -0.994871199 0.014577541 -0.100093871 88.496215820
-0.105036452 0.018648790 0.994293511 41.306186676 0.019362850 0.999673009 -0.016704205 -2.290545702 -0.994279861 0.017497808 -0.105363190 88.419021606
-0.108855106 0.017200606 0.993908823 42.011821747 0.022758352 0.999631405 -0.014807089 -2.311775684 -0.993797064 0.021007899 -0.109206423 88.334411621
-0.111332633 0.016205283 0.993651032 42.724723816 0.024058983 0.999617934 -0.013606933 -2.327351093 -0.993491948 0.022391338 -0.111679941 88.249336243
-0.113151819 0.015303597 0.993459821 43.409648895 0.024028132 0.999631107 -0.012661938 -2.348593473 -0.993287086 0.022438264 -0.113477796 88.173164368
-0.113850579 0.015833044 0.993371725 44.077518463 0.025204202 0.999597192 -0.013043609 -2.366250992 -0.993178070 0.023552118 -0.114203781 88.094207764
-0.112842694 0.016765408 0.993471384 44.730186462 0.025752287 0.999571145 -0.013943287 -2.385946035 -0.993279040 0.024010763 -0.113226041 88.021965027
-0.109750040 0.018237192 0.993791938 45.349067688 0.026750995 0.999523640 -0.015388113 -2.407850504 -0.993599057 0.024896070 -0.110185638 87.954772949
-0.104587868 0.018809456 0.994337738 45.981479645 0.027102919 0.999503672 -0.016056400 -2.428671360 -0.994146287 0.025270149 -0.105045751 87.887763977
-0.096557289 0.019665426 0.995133221 46.579963684 0.026571743 0.999499440 -0.017173467 -2.445605278 -0.994972706 0.024784194 -0.097031504 87.834869385
-0.085630372 0.019519528 0.996135771 47.158111572 0.025331713 0.999527574 -0.017408416 -2.469772339 -0.996004879 0.023743132 -0.086084381 87.798011780
-0.071793787 0.019509356 0.997228801 47.712612152 0.024861353 0.999533057 -0.017764593 -2.493114233 -0.997109532 0.023517067 -0.072245300 87.763984680
-0.055053677 0.020453803 0.998273969 48.246383667 0.023108268 0.999548554 -0.019205526 -2.524046898 -0.998215973 0.022011044 -0.055501476 87.753684998
-0.033692643 0.023218201 0.999162555 48.784030914 0.021481641 0.999515951 -0.022502033 -2.542479038 -0.999201357 0.020705499 -0.034175098 87.750679016
-0.008846043 0.026406307 0.999612153 49.311294556 0.019409005 0.999467373 -0.026230725 -2.562718153 -0.999772489 0.019169440 -0.009353844 87.763481140
0.019285247 0.027984861 0.999422371 49.825672150 0.017862657 0.999438941 -0.028330013 -2.583666563 -0.999654472 0.018398691 0.018774536 87.797973633
0.052537724 0.027532917 0.998239338 50.338935852 0.015154292 0.999482632 -0.028364787 -2.605807304 -0.998503983 0.016617829 0.052093301 87.845008850
0.092033908 0.024581661 0.995452344 50.803867340 0.014125068 0.999562323 -0.025989076 -2.631934166 -0.995655715 0.016452709 0.091646403 87.879096985
0.133261383 0.021170197 0.990854859 51.334457397 0.012331337 0.999658942 -0.023016766 -2.649674892 -0.991004288 0.015285808 0.132954910 87.988273621
0.179190516 0.016729349 0.983672202 51.824645996 0.009687593 0.999776900 -0.018767986 -2.670317173 -0.983766735 0.012892460 0.178988501 88.096961975
0.227501318 0.013606177 0.973682821 52.309989929 0.005240199 0.999870718 -0.015196504 -2.684410572 -0.973763645 0.008559516 0.227400631 88.241271973
0.279508084 0.011769582 0.960071206 52.772258759 0.001168125 0.999919951 -0.012598173 -2.707028151 -0.960142612 0.004642773 0.279471874 88.405799866
0.334115416 0.011623397 0.942460597 53.222881317 0.000112228 0.999923408 -0.012371879 -2.719971895 -0.942532122 0.004239406 0.334088534 88.599838257
0.389742851 0.013401717 0.920826256 53.647212982 0.002417638 0.999875724 -0.015575478 -2.722065926 -0.920920551 0.008296655 0.389662027 88.835891724
0.450265616 0.016006762 0.892751217 54.064964294 0.003642771 0.999797940 -0.019763339 -2.744045734 -0.892887235 0.012150840 0.450116336 89.073356628
0.510219991 0.019354336 0.859826207 54.461692810 0.004656041 0.999669909 -0.025265049 -2.760624409 -0.860031307 0.016894121 0.509961545 89.341911316
0.569676876 0.024720777 0.821496964 54.823734283 0.001212304 0.999521136 -0.030918632 -2.755779505 -0.821867824 0.018609535 0.569374204 89.622192383
0.622814298 0.027368367 0.781890929 55.140613556 -0.002817733 0.999459863 -0.032739431 -2.772141218 -0.782364666 0.018187420 0.622555017 89.965110779
0.676380813 0.027372194 0.736043394 55.468566895 -0.004147070 0.999434829 -0.033356369 -2.796596766 -0.736540437 0.019509181 0.676112056 90.305961609
0.725355983 0.024958249 0.687921464 55.758827209 -0.004090046 0.999481082 -0.031949237 -2.817455292 -0.688361704 0.020360941 0.725081682 90.660682678
0.769355416 0.023145374 0.638401628 56.000007629 -0.007077187 0.999590874 -0.027711451 -2.821772575 -0.638781786 0.016801866 0.769204497 91.048797607
0.811425447 0.019622467 0.584126413 56.264556885 -0.008512086 0.999726951 -0.021759311 -2.821132421 -0.584393919 0.012683921 0.811370969 91.459655762
0.848216534 0.017599951 0.529357016 56.484092712 -0.010999318 0.999817550 -0.015616938 -2.827987194 -0.529535294 0.007423979 0.848255455 91.882308960
0.879144549 0.014472144 0.476335257 56.665962219 -0.011966185 0.999893963 -0.008293744 -2.836605072 -0.476404905 0.001591481 0.879224598 92.315383911
0.904908538 0.015540580 0.425322175 56.824020386 -0.015998783 0.999868870 -0.002494834 -2.851297855 -0.425305188 -0.004547042 0.905038536 92.740791321
0.924808919 0.016648129 0.380067348 56.937660217 -0.018669549 0.999824405 0.001632769 -2.870511293 -0.379973531 -0.008605686 0.924957335 93.144157410
0.939869344 0.022917978 0.340764374 57.057632446 -0.025874052 0.999656677 0.004132236 -2.876927137 -0.340552598 -0.012700715 0.940139651 93.594314575
0.951802015 0.027134947 0.305510372 57.169776917 -0.029591311 0.999556243 0.003411209 -2.879433870 -0.305282235 -0.012287246 0.952182531 94.053573608
0.960966349 0.029609794 0.275076151 57.273643494 -0.031777684 0.999489009 0.003426754 -2.877507687 -0.274834126 -0.012034279 0.961416304 94.518585205
0.967071652 0.024488831 0.253323406 57.384269714 -0.026264073 0.999648452 0.003627847 -2.882723808 -0.253145516 -0.010161695 0.967374742 94.984764099
0.971113205 0.021531178 0.237646043 57.495616913 -0.023319684 0.999716997 0.004716965 -2.893421173 -0.237477183 -0.010122537 0.971340358 95.469764709
0.973864257 0.026132993 0.225622192 57.578941345 -0.027850967 0.999602199 0.004434231 -2.899203777 -0.225416541 -0.010602133 0.974204779 95.974090576
0.975937188 0.030844690 0.215859324 57.670772552 -0.032807454 0.999446452 0.005514695 -2.898767233 -0.215569749 -0.012463792 0.976408839 96.475959778
0.977151990 0.037183102 0.209263816 57.774330139 -0.038686190 0.999246538 0.003092701 -2.882897377 -0.208991170 -0.011117660 0.977854252 96.959907532
0.977479041 0.043125749 0.206579283 57.867057800 -0.043988820 0.999031901 -0.000415583 -2.887442112 -0.206397235 -0.008680956 0.978429735 97.478927612
0.977604330 0.044773079 0.205633491 57.976577759 -0.045097962 0.998977721 -0.003109095 -2.893613577 -0.205562472 -0.006234189 0.978624105 98.016075134
0.977020264 0.043910310 0.208574414 58.086387634 -0.043507114 0.999031842 -0.006522646 -2.906397581 -0.208658874 -0.002701715 0.977984786 98.552497864
0.976312339 0.042066891 0.212237343 58.211105347 -0.040142752 0.999104500 -0.013368798 -2.905158520 -0.212609664 0.004532331 0.977126658 99.108848572
0.975544870 0.041862171 0.215776682 58.346954346 -0.038902737 0.999081850 -0.017946161 -2.910435677 -0.216329798 0.009112980 0.976277769 99.653831482
0.974260449 0.046716861 0.220531031 58.464378357 -0.043884102 0.998879313 -0.017729754 -2.919127941 -0.221112192 0.007595590 0.975218713 100.238380432
0.972838044 0.049685698 0.226091757 58.595321655 -0.047804732 0.998761535 -0.013790423 -2.930339336 -0.226496965 0.002607591 0.974008322 100.826965332
0.971908391 0.046427265 0.230734557 58.743743896 -0.045540150 0.998920500 -0.009171974 -2.941392660 -0.230911285 -0.001593367 0.972973466 101.420967102
0.971189976 0.042276610 0.234526739 58.895515442 -0.042689882 0.999082923 -0.003316703 -2.956904411 -0.234451905 -0.006790773 0.972104013 102.042427063
0.970414102 0.039985128 0.238112748 59.051124573 -0.041541781 0.999135554 0.001520944 -2.968021393 -0.237846106 -0.011367572 0.971236229 102.658775330
0.969823062 0.035249431 0.241248280 59.208953857 -0.036860511 0.999318004 0.002166969 -2.974119663 -0.241007343 -0.010994108 0.970461071 103.296669006
0.969825029 0.031752545 0.241725236 59.370105743 -0.032434151 0.999473155 -0.001159848 -2.978297710 -0.241634697 -0.006715302 0.970344067 103.939697266
0.970003426 0.031160070 0.241085827 59.535091400 -0.030168904 0.999514341 -0.007802170 -2.989445448 -0.241211832 0.000294837 0.970472395 104.584434509
0.970202446 0.033438276 0.239977360 59.695243835 -0.030839730 0.999418020 -0.014576504 -2.999268055 -0.240325063 0.006741321 0.970669031 105.223777771
0.970819354 0.036145262 0.237072274 59.854537964 -0.032713931 0.999295473 -0.018392991 -3.005924702 -0.237570047 0.010100709 0.971317887 105.900421143
0.971381009 0.034868609 0.234953135 60.013832092 -0.032443181 0.999372959 -0.014181739 -3.014835835 -0.235300288 0.006153246 0.971903324 106.595451355
0.971759915 0.030812467 0.233951449 60.180355072 -0.030092642 0.999525011 -0.006646677 -3.029292107 -0.234045103 -0.000581243 0.972225547 107.302909851
0.972365558 0.031236334 0.231364354 60.352401733 -0.031966433 0.999488771 -0.000593424 -3.043749094 -0.231264651 -0.006818870 0.972866952 108.028701782
0.972603381 0.034777515 0.229854196 60.511199951 -0.035395782 0.999372423 -0.001434042 -3.051936626 -0.229759827 -0.006741116 0.973223925 108.759735107
0.972972274 0.040105376 0.227412447 60.669883728 -0.039767589 0.999190450 -0.006068905 -3.060910940 -0.227471754 -0.003138768 0.973779619 109.486022949
0.973828852 0.041225158 0.223512501 60.837440491 -0.039718308 0.999147773 -0.011235109 -3.070200920 -0.223785177 0.002063536 0.974636197 110.226341248
0.974785209 0.039778072 0.219571143 61.005775452 -0.037596311 0.999193430 -0.014107762 -3.081274986 -0.219955206 0.005496972 0.975494444 110.981941223
0.975746453 0.037652079 0.215641260 61.176200867 -0.035750072 0.999279916 -0.012715371 -3.091967583 -0.215964720 0.004697788 0.976389766 111.758369446
0.976569712 0.034118399 0.212479219 61.342716217 -0.032663751 0.999412835 -0.010353644 -3.110270500 -0.212707669 0.003170686 0.977110744 112.530418396
0.977028072 0.032788269 0.210573211 61.512500763 -0.031909097 0.999462128 -0.007572436 -3.122953415 -0.210708231 0.000679281 0.977548778 113.324188232
0.977354825 0.029878313 0.209487125 61.681194305 -0.029398786 0.999553204 -0.005403282 -3.133562088 -0.209554940 -0.000877743 0.977796495 114.125396729
0.977556348 0.024587076 0.209234297 61.852554321 -0.024252692 0.999697030 -0.004164046 -3.145074368 -0.209273323 -0.001003904 0.977856576 114.915206909
0.977662385 0.025378043 0.208643615 62.019638062 -0.025411941 0.999673784 -0.002518490 -3.155839205 -0.208639458 -0.002839806 0.977988541 115.717834473
0.977449477 0.030674051 0.208929390 62.185340881 -0.030422406 0.999527276 -0.004418657 -3.167663813 -0.208966151 -0.002037120 0.977920711 116.544433594
0.977173686 0.036298774 0.209318101 62.353157043 -0.035440452 0.999341071 -0.007851107 -3.177318096 -0.209465116 0.000253568 0.977815986 117.350967407
0.976605594 0.044936188 0.210291475 62.515960693 -0.043935865 0.998989940 -0.009428767 -3.186870575 -0.210502744 -0.000031150 0.977593243 118.184860229
0.975687802 0.050734375 0.213212147 62.681823730 -0.049992070 0.998710155 -0.008875115 -3.199116945 -0.213387385 -0.001999576 0.976965547 119.009796143
0.974880278 0.053251773 0.216270015 62.851623535 -0.053022191 0.998569667 -0.006867913 -3.219336987 -0.216326416 -0.004771716 0.976309419 119.853385925
0.974335670 0.053982615 0.218531162 63.042762756 -0.053636454 0.998532116 -0.007520498 -3.241994619 -0.218616322 -0.004393747 0.975800872 120.681350708
0.973970532 0.052450646 0.220522895 63.225475311 -0.051376481 0.998623013 -0.010607714 -3.251238585 -0.220775604 -0.000998089 0.975324094 121.511932373
0.973924935 0.046380252 0.222078905 63.418601990 -0.045482241 0.998923123 -0.009158961 -3.268461227 -0.222264513 -0.001180507 0.974985600 122.360595703
0.974240363 0.039883338 0.221957311 63.623924255 -0.038460094 0.999202430 -0.010732494 -3.289993763 -0.222208291 0.001919531 0.974997282 123.177772522
0.974001169 0.038883280 0.223181054 63.809494019 -0.037493575 0.999242008 -0.010462491 -3.312399149 -0.223418713 0.001822624 0.974720716 124.010627747
0.973437726 0.041499324 0.225159809 63.998016357 -0.040812548 0.999137104 -0.007705852 -3.327324390 -0.225285307 -0.001688177 0.974291265 124.857231140
0.973012090 0.043576829 0.226602048 64.180770874 -0.044312272 0.999016047 -0.001842759 -3.343210936 -0.226459384 -0.008248226 0.973985612 125.697563171
0.972632408 0.047435153 0.227455780 64.367675781 -0.049203366 0.998786509 0.002106762 -3.358717203 -0.227079839 -0.013240692 0.973785996 126.540252686
0.972375154 0.046715800 0.228701070 64.551727295 -0.047021557 0.998885334 -0.004115118 -3.376141787 -0.228638411 -0.006752443 0.973487973 127.350082397
0.972672105 0.042606875 0.228240281 64.745307922 -0.039372262 0.999049425 -0.018708641 -3.393415451 -0.228820428 0.009211037 0.973425031 128.156295776
