1.000000000 0.000000000 0.000000000 0.000000000 0.000000000 1.000000000 0.000000000 0.000000000 0.000000000 0.000000000 1.000000000 0.000000000
0.999038994 -0.000507723 0.043826714 0.046141837 0.000605660 0.999997318 -0.002221390 -0.022226349 -0.043825462 0.002245799 0.999036670 1.025353074
0.996017575 -0.004635740 0.089036502 0.137980133 0.005302322 0.999959648 -0.007251546 -0.039582852 -0.088999309 0.007694767 0.996001959 2.046785831
0.990843892 -0.003934625 0.134955227 0.267773122 0.005519043 0.999920189 -0.011368205 -0.061480276 -0.134899721 0.012008940 0.990786493 3.051351547
0.983475983 -0.001103625 0.181035116 0.449310631 0.003583205 0.999904215 -0.013370206 -0.096833207 -0.181003049 0.013797964 0.983385742 4.081275463
0.973941565 -0.003767138 0.226767853 0.685999751 0.006971709 0.999886811 -0.013332254 -0.127785787 -0.226691931 0.014565794 0.973857582 5.086760044
0.962265015 -0.004234106 0.272080839 0.959282577 0.008529479 0.999856949 -0.014606389 -0.157629833 -0.271980047 0.016375925 0.962163508 6.095798492
0.948736012 -0.007076365 0.315990746 1.287264347 0.013174270 0.999765873 -0.017165674 -0.190896153 -0.315795302 0.020448638 0.948606968 7.075739861
0.933595598 -0.008832269 0.358219326 1.663200736 0.016760502 0.999678373 -0.019033326 -0.222052962 -0.357936025 0.023773363 0.933443427 8.027582169
0.916276991 -0.008596746 0.400452822 2.071933270 0.018054532 0.999639928 -0.019850779 -0.255980283 -0.400137991 0.025418805 0.916102290 8.954266548
0.896800101 -0.009446054 0.442335069 2.516668797 0.019533254 0.999642551 -0.018254824 -0.296002269 -0.442004532 0.025011167 0.896664083 9.841387749
0.875034392 -0.009243720 0.483972460 3.007825136 0.020146996 0.999646783 -0.017333344 -0.331503034 -0.483641267 0.024917860 0.874911547 10.722664833
0.851028442 -0.009284233 0.525037467 3.535470247 0.020827318 0.999653757 -0.016081940 -0.366119444 -0.524706423 0.024621312 0.850927114 11.581540108
0.825662971 -0.010119910 0.564072788 4.121487617 0.023209110 0.999601960 -0.016038748 -0.403448552 -0.563685894 0.026334226 0.825569212 12.428220749
0.798318207 -0.011681474 0.602122486 4.732352257 0.026295997 0.999534428 -0.015472827 -0.438429594 -0.601661384 0.028185654 0.798253715 13.225699425
0.769544959 -0.010514938 0.638506055 5.383183479 0.026845092 0.999513209 -0.015894428 -0.472796619 -0.638028145 0.029372226 0.769452631 14.021173477
0.739006042 -0.013830640 0.673556805 6.060999393 0.031832315 0.999389470 -0.014404251 -0.505288184 -0.672946334 0.032085698 0.738995075 14.754354477
0.706990004 -0.012994574 0.707104146 6.791157246 0.032137711 0.999388576 -0.013766589 -0.534679949 -0.706492960 0.032457553 0.706975400 15.478143692
0.672835529 -0.011775573 0.739698410 7.540891647 0.033245262 0.999344468 -0.014331172 -0.569503427 -0.739044785 0.034233995 0.672785938 16.155071259
0.637221277 -0.013333548 0.770565569 8.313048363 0.038289588 0.999163270 -0.014374570 -0.594575346 -0.769729197 0.038664423 0.637198567 16.789037704
0.600476563 -0.010963491 0.799567103 9.143218994 0.037545681 0.999189734 -0.014496208 -0.623010516 -0.798760414 0.038724929 0.600401759 17.422353745
0.562650144 -0.009809762 0.826636910 9.961633682 0.040372666 0.999062538 -0.015623689 -0.654077649 -0.825708807 0.042164214 0.562518716 17.974082947
0.523788452 -0.008056727 0.851810217 10.812927246 0.045070436 0.998816788 -0.018267198 -0.679351211 -0.850655138 0.047959615 0.523531854 18.496397018
0.484989166 -0.006719736 0.874494314 11.678031921 0.046516966 0.998753190 -0.018123467 -0.698479235 -0.873282135 0.049468514 0.484696984 18.977619171
0.446394742 -0.008934544 0.894791543 12.567115784 0.051825561 0.998529792 -0.015884431 -0.731006444 -0.893334091 0.053463805 0.446201563 19.413913727
0.409680605 -0.009429337 0.912180305 13.493936539 0.055786468 0.998333991 -0.014735037 -0.754727960 -0.910521686 0.056923978 0.409524143 19.812942505
0.373908669 -0.006859204 0.927440166 14.450281143 0.057140801 0.998243392 -0.015654150 -0.779470384 -0.925703645 0.058847904 0.373643816 20.197929382
0.340664983 -0.007723778 0.940153003 15.404097557 0.057482891 0.998266637 -0.012627755 -0.802041471 -0.938425839 0.058344547 0.340518534 20.541263580
0.307432026 -0.009286588 0.951524734 16.405109406 0.059882540 0.998159230 -0.009605969 -0.826448143 -0.949683964 0.059932895 0.307422280 20.858741760
0.274932712 -0.009163413 0.961419821 17.390453339 0.060480893 0.998139024 -0.007782049 -0.846213698 -0.959559321 0.060287066 0.274975270 21.133314133
0.242765695 -0.006456541 0.970063448 18.401760101 0.058067255 0.998281658 -0.007887416 -0.869093239 -0.968345463 0.058243722 0.242723435 21.389383316
0.211815402 -0.004798214 0.977297902 19.432977676 0.057890482 0.998293638 -0.007645641 -0.881402671 -0.975593567 0.058195710 0.211731762 21.616813660
0.181229845 -0.004761592 0.983429193 20.463676453 0.059917901 0.998184025 -0.006208852 -0.902543604 -0.981613755 0.060050253 0.181186005 21.808471680
0.150573596 -0.004826376 0.988586962 21.517925262 0.061669644 0.998086393 -0.004520271 -0.914499700 -0.986673355 0.061646439 0.150583103 21.967849731
0.120070003 -0.005598333 0.992749631 22.596687317 0.059933215 0.998201072 -0.001619661 -0.929053128 -0.990954697 0.059693143 0.120189533 22.099292755
0.090850353 -0.005943229 0.995846808 23.687137604 0.060630508 0.998160183 0.000425760 -0.939945698 -0.994017124 0.060340025 0.091043554 22.194269180
0.063966565 -0.005633269 0.997936070 24.801454544 0.063390031 0.997987509 0.001570332 -0.942124605 -0.995936751 0.063158743 0.064194947 22.252975464
0.039197829 -0.005068588 0.999218643 25.923120499 0.067608908 0.997708976 0.002408735 -0.948357999 -0.996941626 0.067461662 0.039450701 22.280744553
0.016096679 -0.004391512 0.999860764 27.107753754 0.071891576 0.997407258 0.003223360 -0.944157124 -0.997282565 0.071829684 0.016370658 22.297744751
-0.003976876 -0.004586577 0.999981582 28.263555527 0.077412203 0.996987224 0.004880708 -0.945849895 -0.996991158 0.077430189 -0.003609838 22.287595749
-0.021297442 -0.004908232 0.999761283 29.450401306 0.082090162 0.996602774 0.006641454 -0.939500391 -0.996397316 0.082212001 -0.020822173 22.244432449
-0.037081070 -0.004815708 0.999300659 30.665256500 0.085090473 0.996341467 0.007958902 -0.939203262 -0.995682955 0.085326105 -0.036535636 22.190595627
-0.051177982 -0.005502946 0.998674512 31.862159729 0.087416485 0.996122003 0.009968620 -0.936687827 -0.994856358 0.087810777 -0.050498467 22.127246857
-0.064242683 -0.006517606 0.997913003 33.070564270 0.087572999 0.996084094 0.012143352 -0.932160437 -0.994084418 0.088170364 -0.063420370 22.034866333
-0.076008603 -0.006300480 0.997087240 34.266986847 0.087335408 0.996094763 0.012951842 -0.927584112 -0.993274987 0.088065475 -0.075161517 21.938468933
-0.086963266 -0.003719637 0.996204555 35.490104675 0.087254927 0.996121526 0.011336209 -0.925561786 -0.992383003 0.087909587 -0.086301409 21.831310272
-0.096788913 -0.000181724 0.995304883 36.729965210 0.087645769 0.996113658 0.008705028 -0.912780941 -0.991438389 0.088076815 -0.096396841 21.705972672
-0.105617054 0.002448578 0.994403839 37.987773895 0.089094326 0.995998502 0.007010330 -0.908376515 -0.990407526 0.089336142 -0.105412573 21.562223434
-0.113028221 0.003593719 0.993585229 39.275741577 0.088882074 0.996020913 0.006508516 -0.897664964 -0.989608288 0.089047581 -0.112897895 21.420413971
-0.118385188 0.004408595 0.992957950 40.583629608 0.088768333 0.996033192 0.006161138 -0.890583754 -0.988991916 0.088872626 -0.118306920 21.260231018
-0.123760961 0.005715461 0.992295563 41.912689209 0.089810133 0.995943904 0.005464813 -0.891892135 -0.988239527 0.089794524 -0.123772286 21.104368210
-0.128496498 0.007317817 0.991682887 43.260452271 0.088677995 0.996051729 0.004140324 -0.886513054 -0.987737238 0.088472486 -0.128638074 20.938804626
-0.132627875 0.008169703 0.991132259 44.635070801 0.089251190 0.996002138 0.003733261 -0.880362570 -0.987139344 0.088954881 -0.132826805 20.760313034
-0.135463074 0.007305687 0.990755498 46.017559052 0.088767774 0.996040761 0.004792298 -0.875499070 -0.986797929 0.088596344 -0.135575265 20.581237793
-0.138419151 0.005186616 0.990360141 47.449577332 0.089496240 0.995960414 0.007292629 -0.876585007 -0.986321747 0.089642957 -0.138324186 20.389417648
-0.140368178 0.003883053 0.990091681 48.874904633 0.089499995 0.995948195 0.008782653 -0.871861696 -0.986045897 0.089846015 -0.140146956 20.190114975
-0.142492577 0.005087125 0.989782810 50.289779663 0.092808649 0.995649815 0.008243772 -0.869662285 -0.985435128 0.093035080 -0.142344818 20.008792877
-0.143332794 0.005396967 0.989659846 51.731983185 0.092132822 0.995715261 0.007913641 -0.854485571 -0.985376775 0.092314444 -0.143215880 19.809694290
-0.143285349 0.006510712 0.989660025 53.194885254 0.094594054 0.995490253 0.007146487 -0.846702874 -0.985150397 0.094639942 -0.143255040 19.578445435
-0.143238336 0.006575945 0.989666343 54.688758850 0.094016999 0.995546043 0.006992442 -0.839476645 -0.985212445 0.094047070 -0.143218592 19.363128662
-0.142336488 0.007937484 0.989786506 56.199440002 0.093869083 0.995569408 0.005515005 -0.835474789 -0.985357285 0.093695343 -0.142450884 19.141435623
-0.141100913 0.008224122 0.989961088 57.737922668 0.094603986 0.995501280 0.005213926 -0.822782934 -0.985464692 0.094389960 -0.141244158 18.921182632
-0.138906494 0.007231336 0.990279138 59.287841797 0.094220072 0.995533645 0.005946547 -0.818106532 -0.985813200 0.094130181 -0.138967425 18.691261292
-0.137794316 0.007565759 0.990431905 60.849391937 0.094687305 0.995491505 0.005569008 -0.817344069 -0.985924423 0.094548710 -0.137889460 18.481956482
-0.136766285 0.008204991 0.990569293 62.441314697 0.094541840 0.995509207 0.004807325 -0.812305152 -0.986081541 0.094307728 -0.136927798 18.270248413
-0.135645762 0.008803531 0.990718305 64.052581787 0.095514506 0.995419025 0.004232217 -0.810252488 -0.986142576 0.095202051 -0.135865226 18.045270920
-0.134697065 0.008481975 0.990850508 65.686454773 0.095044404 0.995463312 0.004398959 -0.809572041 -0.986318052 0.094767325 -0.134892181 17.824476242
-0.133507252 0.006910634 0.991023719 67.342620850 0.096890360 0.995276272 0.006112443 -0.803315639 -0.986300230 0.096836701 -0.133546203 17.595541000
-0.133004203 0.005337954 0.991101027 69.028938293 0.099357307 0.995019794 0.007974536 -0.800206482 -0.986122727 0.099533796 -0.132872224 17.358926773
-0.131705165 0.006187473 0.991269529 70.719703674 0.100724362 0.994888425 0.007172696 -0.798545539 -0.986158431 0.100789681 -0.131655216 17.125101089
-0.131580636 0.008190107 0.991271555 72.403930664 0.102670819 0.994700611 0.005410005 -0.790835857 -0.985974252 0.102486514 -0.131724238 16.908771515
-0.129906133 0.007953880 0.991494417 74.105033875 0.101800345 0.994790375 0.005357612 -0.787904203 -0.986286521 0.101630449 -0.130039081 16.675342560
-0.130251095 0.007591419 0.991451979 75.851715088 0.102705270 0.994694471 0.005876566 -0.790907204 -0.986147106 0.102592774 -0.130339742 16.445390701
-0.129674658 0.006736648 0.991533637 77.581542969 0.102625251 0.994697690 0.006663382 -0.784359336 -0.986231506 0.102620475 -0.129678458 16.215780258
-0.129507720 0.007187534 0.991552353 79.307128906 0.104164615 0.994539499 0.006395866 -0.779667795 -0.986092031 0.104112983 -0.129549235 15.995491028
-0.129565820 0.006587190 0.991548955 81.085968018 0.104974978 0.994449437 0.007110632 -0.777144313 -0.985998392 0.105009116 -0.129538134 15.765078545
-0.129539371 0.007905432 0.991542757 82.844955444 0.105518550 0.994400084 0.005857183 -0.768165946 -0.985943854 0.105384879 -0.129648149 15.532304764
-0.129633769 0.009030996 0.991520762 84.641952515 0.105342336 0.994424939 0.004715257 -0.760594845 -0.985950351 0.105060391 -0.129862353 15.280773163
-0.130782589 0.009704099 0.991363585 86.426353455 0.104590699 0.994507074 0.004062940 -0.764916718 -0.985878646 0.104218774 -0.131079197 15.051765442
-0.132418215 0.010174579 0.991141737 88.223960876 0.103504956 0.994622350 0.003618130 -0.766350389 -0.985774875 0.103067182 -0.132759243 14.832760811
-0.133371308 0.009071164 0.991024554 90.039138794 0.102300264 0.994742632 0.004662294 -0.771722913 -0.985772133 0.102003895 -0.133598089 14.597417831
-0.134464487 0.009019345 0.990877390 91.876991272 0.102512524 0.994719803 0.004856882 -0.769426763 -0.985601604 0.102230422 -0.134679109 14.356978416
-0.134899050 0.008118981 0.990826070 93.735809326 0.100078620 0.994964421 0.005472617 -0.767463267 -0.985792339 0.099898741 -0.135032296 14.108363152
-0.136747465 0.008771683 0.990567088 95.562202454 0.099828087 0.994992256 0.004970363 -0.773455024 -0.985563040 0.099566109 -0.136938289 13.872191429
-0.138921931 0.009695901 0.990255833 97.434005737 0.099232137 0.995055556 0.004178277 -0.770458579 -0.985319018 0.098845668 -0.139197215 13.605935097
-0.143073112 0.010794394 0.989653230 99.303504944 0.099530883 0.995028198 0.003536057 -0.762476683 -0.984694660 0.099006966 -0.143436208 13.343571663
-0.147572130 0.009959146 0.989001095 101.189186096 0.097714089 0.995204031 0.004558628 -0.763647437 -0.984212518 0.097312048 -0.147837549 13.070348740
-0.152147964 0.009268626 0.988314211 103.084403992 0.096206598 0.995346248 0.005476135 -0.766512275 -0.983664215 0.095915511 -0.152331620 12.784341812
-0.156707495 0.009751005 0.987596869 104.987747192 0.094803415 0.995482385 0.005214124 -0.775037825 -0.983084440 0.094444647 -0.156923965 12.489525795
-0.160934359 0.011542890 0.986897588 106.907112122 0.095452942 0.995426238 0.003922965 -0.777157545 -0.982338488 0.094833620 -0.161300078 12.166540146
-0.165475920 0.013206010 0.986125410 108.843086243 0.095469706 0.995428681 0.002689618 -0.787767708 -0.981581986 0.094590172 -0.165980279 11.843040466
-0.170105010 0.013261894 0.985336721 110.771812439 0.094376966 0.995532274 0.002893783 -0.798982739 -0.980896175 0.093485340 -0.170596644 11.520357132
-0.174488783 0.012727781 0.984576941 112.716781616 0.092409417 0.995714903 0.003505227 -0.807377458 -0.980313301 0.091595791 -0.174917251 11.170300484
-0.179245219 0.012404306 0.983726203 114.669853210 0.090639547 0.995875895 0.003957968 -0.808717430 -0.979620099 0.089873940 -0.179630324 10.823095322
-0.184592500 0.011784252 0.982744515 116.622291565 0.089539289 0.995971322 0.004875635 -0.812961936 -0.978727937 0.088894233 -0.184903994 10.467151642
-0.189524844 0.011458807 0.981809080 118.591804504 0.089897104 0.995934546 0.005729741 -0.818672478 -0.977751851 0.089347698 -0.189784482 10.081192017
-0.194690973 0.013676103 0.980769336 120.575096130 0.090755187 0.995864749 0.004129074 -0.812801063 -0.976656914 0.089813799 -0.195127055 9.690369606
-0.200427845 0.014086333 0.979607105 122.537277222 0.089740492 0.995956957 0.004039491 -0.826342881 -0.975589752 0.088720061 -0.200881615 9.308061600
-0.206703335 0.014071670 0.978302479 124.528213501 0.090597309 0.995875895 0.004817657 -0.829518855 -0.974200130 0.089627393 -0.207125738 8.907134056
-0.212199956 0.014161914 0.977123559 126.524299622 0.089659192 0.995959759 0.005036190 -0.828796744 -0.973104477 0.088676795 -0.212612361 8.483264923
-0.217457533 0.014840689 0.975956976 128.515579224 0.088831872 0.996035755 0.004647030 -0.831367493 -0.972019076 0.087706611 -0.217913777 8.047274590
-0.222736612 0.015502390 0.974755406 130.517547607 0.088175185 0.996095657 0.004306705 -0.834634662 -0.970882893 0.086908512 -0.223233908 7.603557110
-0.227411613 0.014725049 0.973687410 132.505783081 0.089198984 0.995997131 0.005770618 -0.837388217 -0.969704866 0.088164233 -0.227814764 7.148922920
-0.230835050 0.014966838 0.972877741 134.505767822 0.091850296 0.995751679 0.006474617 -0.831678152 -0.968647897 0.090853669 -0.231229097 6.664232731
-0.234322831 0.015594249 0.972033739 136.520477295 0.093079917 0.995637655 0.006465341 -0.835757911 -0.967692554 0.091991797 -0.234752178 6.176381588
-0.237284064 0.016390081 0.971302032 138.529373169 0.093813777 0.995570958 0.006118621 -0.838709414 -0.966899812 0.092573367 -0.237770781 5.680262566
-0.241046116 0.016831305 0.970367670 140.572494507 0.093361288 0.995614648 0.005922376 -0.835507393 -0.966012657 0.092022344 -0.241560489 5.188265800
-0.244416729 0.016945722 0.969522119 142.577774048 0.092055082 0.995736957 0.005803184 -0.844501615 -0.965290785 0.090667844 -0.244934693 4.674295902
-0.249201834 0.017683208 0.968290091 144.608795166 0.091410220 0.995799005 0.005340005 -0.852399826 -0.964127898 0.089842357 -0.249771357 4.161224842
-0.253323883 0.016813803 0.967235386 146.641403198 0.089436911 0.995973766 0.006110614 -0.858805478 -0.963238299 0.088054508 -0.253807783 3.633671284
-0.257737607 0.017302793 0.966059923 148.671920776 0.089868240 0.995934665 0.006138314 -0.860014737 -0.962026536 0.088400193 -0.258244842 3.095077038
-0.262467682 0.017651651 0.964779317 150.725311279 0.089242384 0.995991528 0.006055627 -0.865714908 -0.960805058 0.087688625 -0.262990832 2.548700571
-0.267554671 0.017991096 0.963374615 152.782379150 0.088683993 0.996041596 0.006028747 -0.864112437 -0.959452808 0.087048955 -0.268091053 1.997015357
-0.272095233 0.017259112 0.962115467 154.826446533 0.088808246 0.996022284 0.007248433 -0.874795735 -0.958163500 0.087416053 -0.272545606 1.428145051
-0.276937306 0.017416019 0.960730135 156.889739990 0.089230925 0.995981455 0.007666401 -0.872555315 -0.956735909 0.087849945 -0.277378470 0.854491651
-0.281237781 0.018182926 0.959465742 158.970046997 0.090083174 0.995905757 0.007531605 -0.873463988 -0.955400527 0.088549905 -0.281724334 0.258621901
-0.284945458 0.019529153 0.958344758 161.037673950 0.090522535 0.995872378 0.006621248 -0.870970428 -0.954259813 0.088638492 -0.285537213 -0.349314123
-0.288547516 0.020923413 0.957237065 163.097106934 0.090533510 0.995878100 0.005522206 -0.878285229 -0.953175664 0.088255458 -0.289252490 -0.962429821
-0.292078346 0.022098910 0.956138968 165.187576294 0.091433421 0.995799065 0.004915234 -0.883966088 -0.952013731 0.088858694 -0.292871892 -1.589453697
-0.295682251 0.022685509 0.955016971 167.277908325 0.090682633 0.995870054 0.004420265 -0.889926791 -0.950972497 0.087910444 -0.296518266 -2.226328135
-0.299374163 0.022771774 0.953864157 169.377807617 0.091108777 0.995829284 0.004821252 -0.897726834 -0.949775934 0.088348761 -0.300200343 -2.874970198
-0.303501874 0.023241904 0.952547312 171.473190308 0.090807058 0.995857716 0.004634403 -0.897043288 -0.948493898 0.087904565 -0.304355294 -3.526848555
-0.307850212 0.024004836 0.951131880 173.580627441 0.092836916 0.995669305 0.004919404 -0.904421091 -0.946894705 0.089814641 -0.308745533 -4.202050686
-0.310518920 0.024102669 0.950261593 175.676269531 0.094836660 0.995476305 0.005740462 -0.910412788 -0.945824504 0.091902137 -0.311400056 -4.895011425
-0.313274980 0.024135908 0.949355602 177.755676270 0.096258916 0.995335281 0.006459311 -0.912574768 -0.944771409 0.093407482 -0.314137012 -5.574762821
-0.316014320 0.023732586 0.948457539 179.856567383 0.095916122 0.995364428 0.007051764 -0.912649453 -0.943893552 0.093200825 -0.316825777 -6.276106358
-0.318862051 0.024223920 0.947491527 181.941406250 0.094924502 0.995463312 0.006494830 -0.915533185 -0.943035722 0.092011116 -0.319714904 -6.971188545
-0.321438015 0.026205702 0.946567953 184.051559448 0.094280392 0.995535731 0.004454602 -0.917747319 -0.942225456 0.090674639 -0.322473705 -7.689041615
-0.324967802 0.028516434 0.945294976 186.179580688 0.094064273 0.995563388 0.002303981 -0.919507980 -0.941035509 0.089667201 -0.326208413 -8.411151886
-0.328250349 0.029263094 0.944137275 188.311080933 0.093134560 0.995652378 0.001520523 -0.935479224 -0.939988136 0.088430926 -0.329548687 -9.146362305
-0.331854552 0.030485101 0.942837834 190.474380493 0.091574281 0.995798230 0.000034308 -0.943262815 -0.938875139 0.086351104 -0.333251864 -9.893701553
-0.334866405 0.031020900 0.941754758 192.605606079 0.092807546 0.995684028 0.000202945 -0.957417130 -0.937684000 0.087469928 -0.336300135 -10.665933609
-0.338953406 0.029527748 0.940339684 194.783660889 0.091586001 0.995795786 0.001743830 -0.972245574 -0.936334670 0.086713031 -0.340232700 -11.431085587
-0.342508733 0.029155046 0.939062297 196.946044922 0.091838881 0.995770454 0.002581174 -0.984508038 -0.935015202 0.087126486 -0.343737751 -12.216900826
-0.346282661 0.029325174 0.937671781 199.101760864 0.091923907 0.995762110 0.002805626 -0.993417978 -0.933615625 0.087165967 -0.347510874 -13.008928299
-0.350018531 0.029507821 0.936277807 201.264907837 0.091300078 0.995819569 0.002747322 -1.005540013 -0.932282865 0.086443864 -0.351249427 -13.804652214
-0.353922755 0.029760558 0.934801042 203.433776855 0.090079032 0.995931745 0.002397872 -1.023280740 -0.930926681 0.085054636 -0.355163723 -14.619606972
-0.357573479 0.030434363 0.933388889 205.622451782 0.089777805 0.995960116 0.001918549 -1.034329653 -0.929559648 0.084483646 -0.358861148 -15.442088127
-0.360617071 0.031102346 0.932195246 207.737762451 0.091071099 0.995842516 0.002004684 -1.055299520 -0.928257167 0.085618980 -0.361950278 -16.253532410
-0.363155216 0.031047869 0.931211114 209.888687134 0.092186190 0.995737970 0.002751637 -1.070520759 -0.927156925 0.086844087 -0.364469677 -17.090721130
-0.365508914 0.030704714 0.930301309 212.070343018 0.093749829 0.995587766 0.003974146 -1.080968261 -0.926074624 0.088668160 -0.366774738 -17.957092285
-0.368313104 0.031848308 0.929156184 214.259155273 0.095190585 0.995452523 0.003612380 -1.091655135 -0.924815774 0.089777403 -0.369669795 -18.822576523
-0.371018857 0.032528367 0.928055465 216.450576782 0.095034286 0.995469093 0.003101659 -1.107503295 -0.923749685 0.089347839 -0.372429132 -19.696046829
-0.373836398 0.032751977 0.926916242 218.633148193 0.094507813 0.995519757 0.002940098 -1.121533275 -0.922667146 0.088699937 -0.375256777 -20.568470001
-0.376891047 0.034124274 0.925628781 220.808532715 0.094324879 0.995540023 0.001704921 -1.140530705 -0.921442330 0.087952390 -0.378428876 -21.446882248
-0.379594356 0.035212766 0.924482584 222.995971680 0.094228409 0.995550334 0.000770688 -1.157162309 -0.920341849 0.087405063 -0.381223291 -22.341722488
-0.382041782 0.035263266 0.923472047 225.173233032 0.091977961 0.995760977 0.000027758 -1.177454352 -0.919556499 0.084949672 -0.383665770 -23.234064102
-0.385157645 0.036314409 0.922136009 227.349899292 0.093130268 0.995653868 -0.000310965 -1.198699594 -0.918139517 0.085759006 -0.386865705 -24.134418488
-0.387791574 0.035995256 0.921043992 229.508178711 0.094807982 0.995495081 0.001012582 -1.223266721 -0.916858315 0.087715007 -0.389457226 -25.041807175
-0.390021831 0.034533676 0.920157731 231.673309326 0.094586618 0.995512903 0.002730112 -1.246344566 -0.915934682 0.088099420 -0.391538143 -25.960039139
-0.393262386 0.034524966 0.918777823 233.807525635 0.093800262 0.995587289 0.002737871 -1.259168506 -0.914628923 0.087258324 -0.394765437 -26.863992691
-0.396153927 0.034858946 0.917522073 235.939010620 0.092787340 0.995683432 0.002233837 -1.279536366 -0.913483739 0.086019382 -0.397678345 -27.783952713
-0.400019139 0.034322731 0.915863872 238.133392334 0.091141485 0.995834768 0.002487887 -1.292503595 -0.911963761 0.084468387 -0.401481241 -28.727504730
-0.403272390 0.033711001 0.914458871 240.291152954 0.090161510 0.995922506 0.003046714 -1.309155464 -0.910627425 0.083677649 -0.404667407 -29.669715881
-0.406867832 0.033882726 0.912858427 242.456237793 0.090100668 0.995927572 0.003192541 -1.333169699 -0.909032702 0.083548091 -0.408263803 -30.630138397
-0.410290986 0.033937894 0.911322951 244.607742310 0.089794911 0.995954812 0.003337395 -1.347243786 -0.907523096 0.083201475 -0.411678672 -31.593654633
-0.414333493 0.033236999 0.909518003 246.779663086 0.088395536 0.996077955 0.003868636 -1.364692092 -0.905822277 0.082000233 -0.415646523 -32.559593201
-0.417721123 0.033378176 0.907961905 248.902435303 0.088092685 0.996104598 0.003909885 -1.377650261 -0.904294610 0.081618063 -0.419034302 -33.530673981
-0.421086341 0.034413859 0.906367481 251.045074463 0.088335410 0.996085525 0.003219102 -1.398377299 -0.902708769 0.081419848 -0.422477990 -34.519420624
-0.424277335 0.034657553 0.904868841 253.130844116 0.088820085 0.996041536 0.003496631 -1.422382593 -0.901165783 0.081854083 -0.425676137 -35.491565704
-0.427828640 0.034585416 0.903197944 255.288558960 0.088865772 0.996035755 0.003953749 -1.436867595 -0.899480700 0.081954919 -0.429206103 -36.498512268
-0.431725144 0.035215322 0.901317418 257.416717529 0.087891966 0.996124923 0.003180137 -1.449926138 -0.897712767 0.080591522 -0.433147401 -37.500053406
-0.435394764 0.035408683 0.899543047 259.550323486 0.088050865 0.996110141 0.003408324 -1.467582464 -0.895923257 0.080689505 -0.436818838 -38.529369354
-0.438729852 0.036332086 0.897884130 261.683013916 0.088849962 0.996040165 0.003110558 -1.470160127 -0.894215643 0.081141680 -0.440220654 -39.570022583
-0.442036241 0.037661280 0.896206141 263.805847168 0.090373926 0.995904207 0.002724285 -1.482793212 -0.892432928 0.082197912 -0.443629295 -40.608371735
-0.445693821 0.039852109 0.894298077 265.948822021 0.092735045 0.995689034 0.001846278 -1.494789004 -0.890369058 0.083755620 -0.447468251 -41.670284271
-0.448726535 0.040549815 0.892748594 268.090484619 0.094101630 0.995560408 0.002079112 -1.513239503 -0.888700843 0.084942080 -0.450550199 -42.744235992
-0.451358020 0.042670347 0.891322076 270.218475342 0.095879413 0.995392561 0.000900008 -1.521434665 -0.887177050 0.085865669 -0.453369588 -43.831390381
-0.453899443 0.045405746 0.889895260 272.370178223 0.098131284 0.995173216 -0.000724627 -1.541950464 -0.885632873 0.086997658 -0.456164300 -44.918483734
-0.457140535 0.045874793 0.888210475 274.524047852 0.098571308 0.995129764 -0.000664737 -1.555294991 -0.883915186 0.087248206 -0.459436089 -45.998973846
-0.460507572 0.046856437 0.886418104 276.680847168 0.099059224 0.995080888 -0.001137631 -1.580298543 -0.882111132 0.087284006 -0.462883890 -47.088802338
-0.463823438 0.046930898 0.884683728 278.852569580 0.098040417 0.995181441 -0.001391799 -1.590698123 -0.880486071 0.086089216 -0.466189653 -48.218090057
-0.467039287 0.048302114 0.882916331 281.018707275 0.099355944 0.995050192 -0.001880018 -1.612106681 -0.878636837 0.086844943 -0.469526649 -49.349674225
-0.470021218 0.048560437 0.881318212 283.181121826 0.098602027 0.995124400 -0.002245075 -1.626311660 -0.877130389 0.085844547 -0.472517699 -50.503898621
-0.472927183 0.048672758 0.879756033 285.343688965 0.096992418 0.995280802 -0.002924340 -1.640060306 -0.875746727 0.083946690 -0.475416273 -51.652679443
-0.474730581 0.049491357 0.878738582 287.505340576 0.099135853 0.995070815 -0.002486041 -1.660368323 -0.874530137 0.085934296 -0.477296919 -52.825950623
-0.476767927 0.049325857 0.877644181 289.703857422 0.100873202 0.994898796 -0.001117888 -1.686355710 -0.873222172 0.087997809 -0.479311436 -54.007080078
-0.478756011 0.049764037 0.876536489 291.896148682 0.102218933 0.994761646 -0.000645086 -1.703257918 -0.871977031 0.089289762 -0.481334984 -55.200744629
-0.480328500 0.049282644 0.875703037 294.068023682 0.101874404 0.994797289 -0.000106282 -1.717221260 -0.871152222 0.089160658 -0.482850045 -56.388599396
-0.482588410 0.048863456 0.874483168 296.278991699 0.101463929 0.994839132 0.000404861 -1.720045686 -0.869950294 0.088923894 -0.485055715 -57.601104736
-0.485026687 0.049709771 0.873085380 298.514709473 0.103405640 0.994638920 0.000814617 -1.724481821 -0.868364215 0.090677075 -0.487566710 -58.840614319
-0.487056792 0.049931556 0.871941805 300.721801758 0.104064643 0.994569838 0.001175521 -1.733369350 -0.867148221 0.091310866 -0.489608139 -60.065593719
-0.489412576 0.050271109 0.870602190 302.960296631 0.103402436 0.994639277 0.000694739 -1.754207134 -0.865900278 0.090362415 -0.491987169 -61.309539795
-0.492197037 0.053110778 0.868861973 305.168731689 0.102860086 0.994692624 -0.002533729 -1.757726431 -0.864385247 0.088124149 -0.495047778 -62.542541504
-0.495407373 0.052061390 0.867099285 307.397979736 0.101134807 0.994870842 -0.001950677 -1.780538678 -0.862753332 0.086727537 -0.498131543 -63.811813354
-0.499945134 0.049968433 0.864614367 309.600982666 0.098700143 0.995117128 -0.000439257 -1.802140594 -0.860414505 0.085117958 -0.502435863 -65.057785034
-0.505403280 0.047036931 0.861600280 311.839172363 0.095965303 0.995382786 0.001951525 -1.820834398 -0.857530296 0.083670035 -0.507583618 -66.332092285
-0.510627806 0.045327108 0.858606279 314.108215332 0.094331048 0.995534718 0.003544535 -1.829868436 -0.854611576 0.082803175 -0.512623370 -67.642074585
-0.515193164 0.045742705 0.855852604 316.372924805 0.094684504 0.995500088 0.003790295 -1.830335140 -0.851827979 0.082988709 -0.517205954 -68.980720520
-0.519630730 0.048208345 0.853029847 318.666687012 0.097888134 0.995191574 0.003386909 -1.831522107 -0.848764896 0.085261434 -0.521851182 -70.353973389
-0.523992300 0.048219107 0.850356996 320.939910889 0.098001666 0.995178401 0.003957743 -1.839935780 -0.846066058 0.085410230 -0.526191354 -71.737594604
-0.528584719 0.048618726 0.847487092 323.201263428 0.098844334 0.995092452 0.004563456 -1.846847534 -0.843106151 0.086181454 -0.530796349 -73.126220703
-0.532802522 0.047432374 0.844909191 325.432312012 0.099601276 0.995003164 0.006950398 -1.861053705 -0.840357661 0.087857202 -0.534864664 -74.532630920
-0.536538720 0.045833547 0.842629969 327.667175293 0.097523496 0.995201290 0.007964974 -1.853462815 -0.838221431 0.086449727 -0.538433969 -75.959739685
-0.541248679 0.045303129 0.839641273 329.908477783 0.096424647 0.995304286 0.008455193 -1.858693957 -0.835315466 0.085538484 -0.543075562 -77.372367859
-0.545033634 0.044952147 0.837208271 332.082641602 0.096654631 0.995272815 0.009484340 -1.875022411 -0.832824230 0.086089328 -0.546801984 -78.765342712
-0.548863292 0.045378391 0.834679484 334.276275635 0.097962834 0.995136619 0.010315957 -1.877388477 -0.830152035 0.087429628 -0.550639331 -80.181617737
-0.553073108 0.044471297 0.831944942 336.522674561 0.097849593 0.995130599 0.011855640 -1.872368813 -0.827366531 0.087962508 -0.554731548 -81.652755737
-0.556423724 0.043396212 0.829764605 338.751281738 0.096354328 0.995267808 0.012561370 -1.869384408 -0.825292885 0.086940862 -0.557972133 -83.127502441
-0.559642255 0.042595979 0.827638805 340.994842529 0.096205927 0.995265365 0.013830430 -1.858764887 -0.823131204 0.087363862 -0.561090469 -84.629211426
-0.561798871 0.042354375 0.826188862 343.220062256 0.097281508 0.995141804 0.015134595 -1.847850680 -0.821534038 0.088875487 -0.563189924 -86.150642395
-0.564755678 0.041634206 0.824207306 345.447509766 0.094778799 0.995390356 0.014662044 -1.834479332 -0.819797575 0.086397842 -0.566098332 -87.670753479
-0.567417920 0.040957581 0.822410703 347.597381592 0.091198035 0.995743513 0.013331717 -1.820077300 -0.818364024 0.082566880 -0.568738043 -89.134033203
-0.570774198 0.040357042 0.820114732 349.769775391 0.087846301 0.996060371 0.012123124 -1.808277965 -0.816394448 0.078963615 -0.572070718 -90.607414246
-0.573018014 0.037513461 0.818683803 351.924926758 0.085613161 0.996226192 0.014274132 -1.803137302 -0.815058768 0.078269452 -0.574067175 -92.131919861
-0.576425970 0.037125200 0.816305578 354.111236572 0.086400338 0.996136785 0.015706897 -1.786362886 -0.812568843 0.079582952 -0.577406645 -93.654273987
-0.578774214 0.037686069 0.814616561 356.279754639 0.086239047 0.996158719 0.015187059 -1.768858075 -0.810915053 0.079041637 -0.579801023 -95.204040527
-0.582228959 0.036583092 0.812201440 358.493255615 0.084159859 0.996332347 0.015453545 -1.753686070 -0.808657289 0.077352263 -0.583172381 -96.759826660
-0.585759997 0.032393899 0.809837043 360.685028076 0.081110574 0.996527612 0.018806141 -1.737651229 -0.806415796 0.076702215 -0.586353540 -98.310043335
-0.588983119 0.030330289 0.807576001 362.868255615 0.079154029 0.996655703 0.020297199 -1.717071533 -0.804259658 0.075877614 -0.589414060 -99.896141052
-0.591833115 0.029521907 0.805519760 365.082550049 0.077722892 0.996762812 0.020573851 -1.684780121 -0.802304626 0.074783616 -0.592211664 -101.493911743
-0.594771743 0.029420901 0.803356171 367.261260986 0.077075422 0.996813357 0.020557679 -1.661261439 -0.800191164 0.074146137 -0.595144033 -103.069770813
-0.597426176 0.029197717 0.801392198 369.488128662 0.077182114 0.996791065 0.021221310 -1.638915420 -0.798201025 0.074531302 -0.597762704 -104.707687378
-0.600418746 0.027911246 0.799198627 371.650177002 0.076399028 0.996821523 0.022583727 -1.618471742 -0.796028018 0.074617691 -0.600642741 -106.304412842
-0.602784336 0.026911803 0.797450244 373.840057373 0.073513322 0.997053325 0.021920089 -1.595877886 -0.794510424 0.071836293 -0.602986574 -107.931968689
-0.605843008 0.023247577 0.795244515 375.999420166 0.063445374 0.997801244 0.019165762 -1.575446963 -0.793050528 0.062066019 -0.605985820 -109.539680481
-0.609160721 0.026136557 0.792615891 378.158386230 0.056186877 0.998367548 0.010260898 -1.567139626 -0.791053832 0.050785150 -0.609634876 -111.156021118
-0.611720443 0.036280528 0.790241659 380.304962158 0.066273294 0.997786403 0.005492627 -1.570640802 -0.788293123 0.055731870 -0.612770617 -112.800247192
-0.612396240 0.037274055 0.789671659 382.446319580 0.073702008 0.997229338 0.010085266 -1.578855038 -0.787107825 0.064376570 -0.613446653 -114.451393127
-0.614464939 0.028025189 0.788446128 384.591888428 0.072744682 0.997124314 0.021249985 -1.561601520 -0.785583138 0.070412643 -0.614736617 -116.110198975
-0.617959261 0.017243527 0.786020875 386.749664307 0.066352524 0.997336447 0.030286159 -1.517107487 -0.783405066 0.070870079 -0.617457509 -117.756927490
-0.621345222 0.011103350 0.783458173 388.871307373 0.060528040 0.997591853 0.033865500 -1.465597630 -0.781195402 0.068463363 -0.620521069 -119.396934509
-0.624197364 0.010400866 0.781197309 390.988555908 0.059041202 0.997680068 0.033892367 -1.406203270 -0.779032528 0.067278370 -0.623363316 -121.055747986
-0.626082301 0.015679227 0.779599190 393.062530518 0.064620532 0.997401953 0.031835951 -1.357544065 -0.777074635 0.070310049 -0.625468969 -122.724845886
-0.627793312 0.022311021 0.778060257 395.122344971 0.069448344 0.997208059 0.027440649 -1.309497476 -0.775275767 0.071262054 -0.627590001 -124.379379272
-0.630020440 0.025382578 0.776163638 397.214599609 0.070188008 0.997236311 0.024360131 -1.269973993 -0.773400247 0.069824748 -0.630060792 -126.069229126
-0.633191943 0.025521662 0.773573875 399.305786133 0.070633404 0.997191131 0.024916206 -1.233148932 -0.770765126 0.070416898 -0.633216023 -127.771873474
-0.635822535 0.024738256 0.771438658 401.358825684 0.071231931 0.997101367 0.026734889 -1.192128181 -0.768541276 0.071949713 -0.635741711 -129.448883057
-0.638028681 0.024320845 0.769628346 403.417755127 0.072198808 0.996987283 0.028347882 -1.147880316 -0.766620398 0.073653020 -0.637862384 -131.151199341
-0.639209032 0.024373636 0.768646598 405.524414062 0.072417066 0.996964037 0.028608728 -1.098813772 -0.765615821 0.073950097 -0.639033616 -132.911056519
-0.639903128 0.024371708 0.768069029 407.593109131 0.072531641 0.996950507 0.028794076 -1.053126931 -0.765024960 0.074134737 -0.639719427 -134.632644653
-0.642367423 0.025186213 0.765982926 409.680175781 0.073495805 0.996877909 0.028856693 -1.009829998 -0.762864828 0.074833132 -0.642212927 -136.318527222
-0.643719256 0.024802653 0.764859736 411.734924316 0.074273460 0.996780872 0.030186521 -0.952768445 -0.761648834 0.076240435 -0.643489301 -138.028381348
-0.645040214 0.023661718 0.763782144 413.819946289 0.075971372 0.996554196 0.033287525 -0.903973281 -0.760362625 0.079497382 -0.644615233 -139.773330688
-0.646283090 0.023346340 0.762740493 415.881561279 0.077761136 0.996343672 0.035391752 -0.847206771 -0.759125471 0.082184657 -0.645735443 -141.503494263
-0.648047328 0.023798609 0.761228263 417.946350098 0.076201580 0.996522188 0.033717070 -0.779487550 -0.757778466 0.079857044 -0.647607028 -143.222686768
-0.650012493 0.023795703 0.759550810 419.988281250 0.072087407 0.996933103 0.030458799 -0.724797547 -0.756496549 0.074552655 -0.649734497 -144.931350708
-0.651413381 0.023142464 0.758369982 422.018402100 0.069316499 0.997169912 0.029110759 -0.676776528 -0.755549967 0.071530692 -0.651174009 -146.651397705
-0.652514696 0.022509895 0.757441700 424.049163818 0.068668522 0.997202635 0.029520817 -0.627309978 -0.754658282 0.071275175 -0.652235150 -148.374099731
-0.653812945 0.021472758 0.756351471 426.022186279 0.066826142 0.997329831 0.029452406 -0.584372997 -0.753699481 0.069800414 -0.653502107 -150.069732666
-0.654675663 0.020535162 0.755630791 428.058715820 0.063910007 0.997555435 0.028261641 -0.536202371 -0.753203392 0.066794582 -0.654387772 -151.817291260
-0.656169593 0.019427698 0.754363358 430.086853027 0.062279183 0.997652411 0.028479135 -0.493679017 -0.752039135 0.065668277 -0.655839086 -153.536560059
-0.656667888 0.018395526 0.753955483 432.092346191 0.063413769 0.997509003 0.030893199 -0.444419473 -0.751509011 0.068097726 -0.656198859 -155.268875122
-0.657022536 0.017111452 0.753676713 434.108795166 0.065664053 0.997241616 0.034601700 -0.389458150 -0.751005709 0.072223544 -0.656333864 -157.000534058
-0.655859768 0.016392391 0.754704654 436.129608154 0.070905626 0.996681809 0.039970804 -0.320437342 -0.751545310 0.079728052 -0.654845953 -158.754989624
-0.654908597 0.015059898 0.755558014 438.156311035 0.073874436 0.996288657 0.044175282 -0.244487897 -0.752088666 0.084747195 -0.653590560 -160.482055664
-0.653215289 0.012587328 0.757067561 440.159545898 0.067959256 0.996801078 0.042063572 -0.161457404 -0.754116178 0.078926310 -0.651981115 -162.193328857
-0.652269602 0.011680204 0.757897139 442.179138184 0.060486771 0.997494698 0.036684066 -0.087672994 -0.755569756 0.069770642 -0.651342034 -163.911544800
-0.650393665 0.009766160 0.759534538 444.208312988 0.055954315 0.997816682 0.035083979 -0.025429839 -0.757533610 0.065317638 -0.649520218 -165.636306763
-0.648439944 0.009502077 0.761206508 446.237152100 0.054068044 0.997971773 0.033600707 0.030655658 -0.759343326 0.062944978 -0.647638500 -167.315109253
-0.645710051 0.010352884 0.763512433 448.266784668 0.056326106 0.997829735 0.034105413 0.088856347 -0.761502385 0.065027900 -0.644891739 -169.021209717
-0.643774152 0.010071288 0.765149415 450.299133301 0.056527030 0.997807324 0.034426522 0.149290606 -0.763125062 0.065414511 -0.642931879 -170.693145752
-0.641127169 0.010909656 0.767357111 452.319885254 0.054076590 0.998055756 0.030991476 0.204273865 -0.765527070 0.061365534 -0.640470624 -172.367858887
-0.639708400 0.006163091 0.768593013 454.370147705 0.047442913 0.998377740 0.031481601 0.257474482 -0.767152131 0.056603320 -0.638962984 -174.048065186
-0.638403296 0.000134678 0.769702017 456.414276123 0.038737360 0.998738289 0.031954631 0.309308946 -0.768726647 0.050216153 -0.637603104 -175.719177246
-0.638123989 -0.003655377 0.769924939 458.473297119 0.031287126 0.999039650 0.030674342 0.357652038 -0.769297659 0.043662775 -0.637396812 -177.378829956
-0.637821257 -0.004156599 0.770173132 460.531158447 0.029603641 0.999114156 0.029908523 0.404215366 -0.769615293 0.041876227 -0.637133121 -179.050033569
-0.637199759 -0.003961359 0.770688593 462.586700439 0.031701848 0.999005735 0.031345773 0.453898221 -0.770046473 0.044405755 -0.636440456 -180.716964722
-0.635791600 -0.005176649 0.771843553 464.648040771 0.032902595 0.998886764 0.033802304 0.505852997 -0.771159172 0.046886869 -0.634913564 -182.381744385
-0.634449661 -0.006913066 0.772933185 466.683258057 0.032237537 0.998853445 0.035395343 0.570666790 -0.772291481 0.047374025 -0.633499384 -184.043350220
-0.632891059 -0.007244945 0.774206936 468.766387939 0.029680943 0.998994052 0.033611767 0.637823105 -0.773671746 0.044251774 -0.632039428 -185.737487793
-0.631936312 -0.006723605 0.774991095 470.833160400 0.028073229 0.999107480 0.031559195 0.692669094 -0.774511576 0.041699901 -0.631183684 -187.402511597
-0.631286800 -0.005431735 0.775530517 472.893066406 0.028362354 0.999144793 0.030085044 0.741067350 -0.775030673 0.040988155 -0.630593061 -189.043106079
-0.630503297 -0.004721567 0.776172221 474.943115234 0.031005243 0.999030173 0.031263549 0.789207041 -0.775567055 0.043777183 -0.629745424 -190.678283691
