1.000000000 0.000000000 0.000000000 0.000000000 0.000000000 1.000000000 0.000000000 0.000000000 0.000000000 0.000000000 1.000000000 0.000000000
0.999039292 -0.000529028 0.043820869 0.045329306 0.000632932 0.999997020 -0.002357263 -0.020240020 -0.043819491 0.002382734 0.999036610 1.026853919
0.996029913 -0.004689089 0.088895574 0.139913097 0.005362616 0.999958634 -0.007339276 -0.039755933 -0.088857487 0.007786850 0.996013939 2.050437927
0.990870714 -0.004103035 0.134754002 0.270887196 0.005701718 0.999917805 -0.011479935 -0.061267748 -0.134695828 0.012143461 0.990812600 3.060178995
0.983531475 -0.001171047 0.180733740 0.452527225 0.003681474 0.999901354 -0.013555373 -0.092930555 -0.180700079 0.013997501 0.983438671 4.094782352
0.973980784 -0.003805527 0.226598382 0.687843800 0.007054857 0.999883533 -0.013531482 -0.123862222 -0.226520464 0.014778024 0.973894417 5.101629257
0.962306678 -0.004181317 0.271934509 0.962048590 0.008518702 0.999854624 -0.014771547 -0.155666381 -0.271833152 0.016531287 0.962202370 6.104331017
0.948757589 -0.006951644 0.315928280 1.288478971 0.013113448 0.999762893 -0.017382070 -0.188944280 -0.315732569 0.020634282 0.948623955 7.087465763
0.933550239 -0.008470885 0.358346462 1.659578443 0.016456468 0.999679565 -0.019240506 -0.220761448 -0.358068615 0.023859099 0.933390379 8.047698021
0.916254461 -0.008512865 0.400506228 2.071267366 0.018074676 0.999634504 -0.020102683 -0.252906740 -0.400188684 0.025658196 0.916073501 8.982131004
0.896658361 -0.008728429 0.442636997 2.516476631 0.018849025 0.999651730 -0.018470544 -0.290139139 -0.442321658 0.024905046 0.896510601 9.891632080
0.874904215 -0.009062463 0.484211206 3.013145924 0.020095328 0.999643147 -0.017600292 -0.329748660 -0.483878911 0.025128951 0.874774098 10.771492958
0.850971282 -0.009274135 0.525130332 3.549216509 0.021050291 0.999642909 -0.016457560 -0.362868130 -0.524790227 0.025059059 0.850862622 11.641505241
0.825433433 -0.009595904 0.564417660 4.134591103 0.022823861 0.999605238 -0.016384076 -0.403666139 -0.564037621 0.026406160 0.825326741 12.488827705
0.798043549 -0.011233729 0.602495015 4.746293545 0.026112320 0.999531746 -0.015950829 -0.436113417 -0.602033854 0.028462002 0.797963202 13.294685364
0.769345641 -0.010231948 0.638750792 5.414849758 0.026922775 0.999502838 -0.016416518 -0.469057202 -0.638265193 0.029826922 0.769238532 14.105874062
0.738735735 -0.013322095 0.673863530 6.091614246 0.031613100 0.999389172 -0.014898820 -0.501271784 -0.673253357 0.032309208 0.738705695 14.843299866
0.706774235 -0.012722068 0.707324803 6.837280750 0.032290183 0.999376357 -0.014290092 -0.532366157 -0.706701875 0.032939516 0.706744254 15.578937531
0.672695220 -0.011225590 0.739834547 7.588452816 0.033037923 0.999343336 -0.014876612 -0.567259550 -0.739181638 0.034450028 0.672624350 16.258363724
0.637257457 -0.012531750 0.770549119 8.396017075 0.038128223 0.999155998 -0.015283025 -0.588275373 -0.769707203 0.039118890 0.637197375 16.923782349
0.600573003 -0.010823353 0.799496770 9.187279701 0.038121417 0.999158859 -0.015110058 -0.618803203 -0.798660636 0.039552633 0.600480437 17.514810562
0.562848568 -0.009816207 0.826501727 10.046215057 0.041238233 0.999017715 -0.016218137 -0.651008546 -0.825530589 0.043211829 0.562700510 18.096866608
0.523768127 -0.007877074 0.851824522 10.885651588 0.045652069 0.998779893 -0.018834440 -0.675793767 -0.850636780 0.048752427 0.523488641 18.616939545
0.485173166 -0.006923459 0.874390721 11.788654327 0.047394298 0.998706937 -0.018389871 -0.701537609 -0.873132765 0.050363399 0.484873891 19.112026215
0.446753472 -0.008835614 0.894613504 12.694728851 0.052503467 0.998486698 -0.016357744 -0.732299864 -0.893115222 0.054278180 0.446541250 19.555654526
0.410068423 -0.009379300 0.912006557 13.627193451 0.056448855 0.998291016 -0.015114611 -0.754871726 -0.910306215 0.057679746 0.409897059 19.956739426
0.374955058 -0.007178423 0.927015185 14.551072121 0.058149680 0.998182952 -0.015790606 -0.788563490 -0.925217569 0.059826393 0.374691159 20.312870026
0.341682523 -0.007959296 0.939781725 15.504720688 0.058682371 0.998193562 -0.012881525 -0.810257673 -0.937981606 0.059550013 0.341532350 20.654081345
0.308235198 -0.009545200 0.951262295 16.492279053 0.061299894 0.998070776 -0.009847967 -0.833438098 -0.949333131 0.061347764 0.308225691 20.969984055
0.275615871 -0.009571124 0.961220205 17.481739044 0.062001664 0.998045206 -0.007840271 -0.855049849 -0.959266126 0.061758157 0.275670588 21.243949890
0.243437260 -0.006799271 0.969892740 18.482675552 0.059442718 0.998200297 -0.007922046 -0.878603518 -0.968093395 0.059581578 0.243403301 21.497955322
0.212542325 -0.005223329 0.977138042 19.512025833 0.059234224 0.998215556 -0.007548345 -0.893170834 -0.975354791 0.059484351 0.212472469 21.719017029
0.181812853 -0.005096557 0.983319879 20.544427872 0.061003897 0.998118877 -0.006106175 -0.913384855 -0.981439173 0.061096530 0.181781739 21.913597107
0.151249230 -0.005276185 0.988481522 21.620691299 0.062715366 0.998022318 -0.004269074 -0.926080465 -0.986504138 0.062638685 0.151280954 22.071592331
0.120490514 -0.005948571 0.992696643 22.711523056 0.061048213 0.998133779 -0.001428695 -0.938162088 -0.990835607 0.060774494 0.120628804 22.208696365
0.091539152 -0.006273069 0.995781720 23.796857834 0.061815061 0.998087466 0.000605126 -0.950451851 -0.993880987 0.061498918 0.091751836 22.302434921
0.064343005 -0.006027554 0.997909784 24.918479919 0.064490497 0.997916579 0.001869389 -0.955943346 -0.995841861 0.064235404 0.064597689 22.366191864
0.039332468 -0.005333903 0.999211967 26.044570923 0.068771683 0.997628987 0.002618358 -0.959084749 -0.996856749 0.068614498 0.039606038 22.402153015
0.016939709 -0.004869387 0.999844611 27.219734192 0.073213145 0.997309685 0.003616638 -0.961341143 -0.997172415 0.073140532 0.017250638 22.405622482
-0.003015955 -0.005051190 0.999982655 28.373100281 0.078918703 0.996867120 0.005273471 -0.963275731 -0.996876478 0.078933246 -0.002607872 22.390565872
-0.020491375 -0.005704791 0.999773681 29.572925568 0.083349138 0.996492922 0.007394396 -0.963835955 -0.996309698 0.083481811 -0.019944023 22.356016159
-0.035862494 -0.005330625 0.999342501 30.790157318 0.086725429 0.996196628 0.008426081 -0.957743764 -0.995586574 0.086970605 -0.035263803 22.290836334
-0.050275464 -0.006018394 0.998717248 31.991052628 0.088997051 0.995976746 0.010481996 -0.955192983 -0.994762242 0.089409873 -0.049537580 22.237312317
-0.063189760 -0.007213068 0.997975409 33.202899933 0.088989973 0.995949864 0.012833090 -0.951559782 -0.994026065 0.089620724 -0.062291939 22.145408630
-0.075301729 -0.007015571 0.997136056 34.404850006 0.088873886 0.995948434 0.013718794 -0.950533628 -0.993192315 0.089652434 -0.074373141 22.058845520
-0.086584024 -0.004400196 0.996234834 35.630512238 0.088695794 0.995985270 0.012107756 -0.947312593 -0.992288411 0.089410186 -0.085846126 21.958518982
-0.096729882 -0.000884846 0.995310307 36.862174988 0.089129373 0.995974302 0.009547533 -0.936410069 -0.991311908 0.089634925 -0.096261591 21.840351105
-0.106093459 0.001211136 0.994355440 38.129405975 0.090270013 0.995881736 0.008418428 -0.939170837 -0.990250170 0.090653621 -0.105765857 21.708351135
-0.113525674 0.002579852 0.993531585 39.417968750 0.090243571 0.995889783 0.007725688 -0.925623715 -0.989428043 0.090536922 -0.113291875 21.567693710
-0.119300261 0.003192320 0.992853105 40.726161957 0.089743204 0.995936036 0.007581223 -0.920623899 -0.988794029 0.090006247 -0.119101927 21.415973663
-0.124230757 0.004900571 0.992241383 42.054496765 0.091243796 0.995807290 0.006505737 -0.912222207 -0.988049209 0.091344059 -0.124157071 21.251020432
-0.128697783 0.006276264 0.991663873 43.387069702 0.090087041 0.995919347 0.005388268 -0.908931732 -0.987583518 0.090029538 -0.128738001 21.079313278
-0.133110210 0.006808329 0.991077781 44.765880585 0.090621673 0.995871127 0.005330005 -0.906957150 -0.986949503 0.090522602 -0.133177593 20.906707764
-0.135895833 0.006470650 0.990701973 46.147640228 0.090612777 0.995868504 0.005925074 -0.896476865 -0.986570656 0.090575457 -0.135920674 20.723720551
-0.138629183 0.005037506 0.990331590 47.578258514 0.091471672 0.995777607 0.007739236 -0.887280107 -0.986111045 0.091660157 -0.138504624 20.526622772
-0.140217051 0.002984142 0.990116298 48.988407135 0.091365702 0.995767772 0.009937733 -0.892388582 -0.985896289 0.091856092 -0.139896244 20.320858002
-0.142557442 0.004217005 0.989777565 50.420440674 0.094301343 0.995499849 0.009340816 -0.880640864 -0.985284090 0.094668955 -0.142313614 20.130781174
-0.143253550 0.004336160 0.989676476 51.896190643 0.093744367 0.995553732 0.009207386 -0.860013127 -0.985236228 0.094095595 -0.143023089 19.903341293
-0.144096911 0.005852666 0.989546299 53.365734100 0.096024305 0.995346010 0.008096011 -0.847748756 -0.984893620 0.096187085 -0.143988296 19.699035645
-0.143732563 0.006060212 0.989598036 54.859169006 0.095796913 0.995370209 0.007818311 -0.837729931 -0.984968901 0.095924184 -0.143647715 19.473148346
-0.142886207 0.007474795 0.989710867 56.368003845 0.095705613 0.995389879 0.006299499 -0.831902385 -0.985100925 0.095621020 -0.142942861 19.250118256
-0.141400456 0.007522907 0.989923775 57.901935577 0.096243382 0.995338619 0.006183318 -0.821435928 -0.985262930 0.096147940 -0.141465336 19.029390335
-0.139797732 0.006065261 0.990161419 59.455089569 0.095406219 0.995411098 0.007372688 -0.820993662 -0.985573053 0.095498264 -0.139734894 18.802783966
-0.138281003 0.006872397 0.990369320 61.036617279 0.096376464 0.995323360 0.006549853 -0.813555598 -0.985692620 0.096353993 -0.138296604 18.578262329
-0.137231544 0.007683952 0.990509212 62.626651764 0.096119799 0.995354176 0.005595523 -0.803172231 -0.985864341 0.095975444 -0.137332529 18.365737915
-0.136106580 0.008317489 0.990659297 64.233352661 0.097220607 0.995250344 0.005001096 -0.800194383 -0.985912323 0.096993178 -0.136268735 18.142755508
-0.134821102 0.008124882 0.990836620 65.855110168 0.096591465 0.995311558 0.004981423 -0.794449449 -0.986150801 0.096377976 -0.134973809 17.913192749
-0.133695513 0.006622140 0.991000295 67.513038635 0.098580502 0.995106816 0.006649882 -0.787535548 -0.986107290 0.098582380 -0.133694157 17.684173584
-0.132440522 0.004797150 0.991179347 69.204429626 0.100993730 0.994849205 0.008679782 -0.783780515 -0.986032367 0.101252466 -0.132242829 17.437517166
-0.131314546 0.005808667 0.991323769 70.890525818 0.102615118 0.994690716 0.007764399 -0.780150831 -0.986015439 0.102744386 -0.131213456 17.208524704
-0.130599365 0.007611216 0.991405964 72.573036194 0.104434364 0.994512856 0.006122221 -0.771240950 -0.985919535 0.104336426 -0.130677581 16.988117218
-0.129648119 0.007604006 0.991530895 74.277046204 0.103578925 0.994603574 0.005915944 -0.764968276 -0.986135304 0.103468701 -0.129736096 16.766387939
-0.129568264 0.007467097 0.991542399 76.042495728 0.104482964 0.994507551 0.006163723 -0.761706233 -0.986050367 0.104397893 -0.129636839 16.527276993
-0.129060104 0.006341517 0.991616488 77.774581909 0.104474515 0.994501352 0.007237523 -0.757887840 -0.986117899 0.104532748 -0.129012957 16.295946121
-0.128885373 0.006513466 0.991638064 79.498069763 0.105715252 0.994370341 0.007208627 -0.754498184 -0.986008525 0.105760358 -0.128848314 16.077699661
-0.128998905 0.006260304 0.991624951 81.276435852 0.106774308 0.994254112 0.007613199 -0.748394310 -0.985879540 0.106862165 -0.128926158 15.849396706
-0.128785685 0.007534723 0.991643846 83.029273987 0.107184440 0.994218767 0.006365850 -0.737625599 -0.985862970 0.107108623 -0.128848746 15.615956306
-0.129448727 0.008515760 0.991549551 84.842849731 0.106902748 0.994254708 0.005417367 -0.733434081 -0.985806704 0.106700659 -0.129615337 15.376938820
-0.130798116 0.009131471 0.991366982 86.643531799 0.106140099 0.994339406 0.004844972 -0.737094223 -0.985710979 0.105857491 -0.131026939 15.146799088
-0.132298410 0.009626100 0.991163194 88.447784424 0.105179213 0.994443655 0.004381144 -0.739487171 -0.985613763 0.104829386 -0.132575750 14.920238495
-0.133210897 0.008932365 0.991047442 90.267066956 0.104288511 0.994534254 0.005054071 -0.739545703 -0.985585511 0.104028136 -0.133414328 14.681811333
-0.134204000 0.008519963 0.990917087 92.099655151 0.104405992 0.994519055 0.005589201 -0.741601288 -0.985438228 0.104207784 -0.134357944 14.438282013
-0.134469807 0.007564545 0.990888834 93.945060730 0.102037825 0.994760871 0.006253070 -0.740500212 -0.985650063 0.101948999 -0.134537220 14.186537743
-0.136353165 0.008379458 0.990624785 95.780860901 0.101910889 0.994777679 0.005612796 -0.742131770 -0.985404491 0.101720780 -0.136495054 13.944125175
-0.138682708 0.009311039 0.990293086 97.657875061 0.101306476 0.994843543 0.004833344 -0.737765014 -0.985141695 0.100993410 -0.138910845 13.675992966
-0.142671138 0.010248774 0.989717066 99.531875610 0.101927213 0.994782269 0.004391935 -0.735552609 -0.984507918 0.101505719 -0.142971307 13.403704643
-0.147171378 0.009318558 0.989067078 101.415077209 0.099842750 0.994988143 0.005482079 -0.734597981 -0.984058917 0.099557981 -0.147364184 13.132318497
-0.151942298 0.008624812 0.988351703 103.317527771 0.098401397 0.995126069 0.006443623 -0.735322058 -0.983478785 0.098234266 -0.152050465 12.848136902
-0.156603083 0.009286085 0.987617910 105.223030090 0.096842863 0.995281637 0.005997880 -0.738054693 -0.982902288 0.096583024 -0.156763405 12.553495407
-0.160820961 0.011260387 0.986919463 107.141059875 0.097494163 0.995225787 0.004531755 -0.736056089 -0.982156575 0.096947692 -0.161150992 12.232402802
-0.165551677 0.012760131 0.986118555 109.072456360 0.097028092 0.995275795 0.003410663 -0.745599866 -0.981416404 0.096245848 -0.166007698 11.915901184
-0.170205265 0.012783117 0.985325634 111.001510620 0.096050121 0.995369732 0.003678290 -0.756617904 -0.980716288 0.095266707 -0.170644984 11.589506149
-0.174931109 0.012563459 0.984500468 112.949821472 0.094357289 0.995530128 0.004061677 -0.761898398 -0.980048895 0.093605317 -0.175334662 11.246370316
-0.179441154 0.012170298 0.983693421 114.914634705 0.092605643 0.995692432 0.004573972 -0.761304617 -0.979400337 0.091916315 -0.179795220 10.885444641
-0.185257554 0.011238980 0.982625723 116.862907410 0.091629341 0.995775819 0.005885786 -0.767614663 -0.978408754 0.091127716 -0.185504809 10.531259537
-0.190068424 0.011225425 0.981706679 118.836051941 0.092493124 0.995692015 0.006522275 -0.770723224 -0.977404177 0.092040800 -0.190287873 10.144189835
-0.195839807 0.012445217 0.980556905 120.795906067 0.092326567 0.995711803 0.005802187 -0.771099806 -0.976279974 0.091667771 -0.196149081 9.767620087
-0.201481476 0.013296554 0.979402065 122.757820129 0.092003182 0.995743930 0.005408375 -0.777847946 -0.975161850 0.091197781 -0.201847315 9.375864029
-0.207482129 0.013667914 0.978143275 124.749771118 0.092310615 0.995714247 0.005667341 -0.767217398 -0.973873615 0.091468900 -0.207854584 8.973236084
-0.212888703 0.013457547 0.976983786 126.729888916 0.091223709 0.995811343 0.006161125 -0.769396603 -0.972808659 0.090435721 -0.213224635 8.549205780
-0.218165845 0.014240473 0.975807786 128.712966919 0.090474620 0.995882511 0.005694394 -0.768729806 -0.971708834 0.089528151 -0.218555972 8.111541748
-0.223402321 0.014870676 0.974612892 130.712417603 0.089821041 0.995943308 0.005392785 -0.771642089 -0.970578969 0.088745505 -0.223831743 7.665224075
-0.227902636 0.014315972 0.973578811 132.706909180 0.091144249 0.995815217 0.006692786 -0.771398127 -0.969408631 0.090261400 -0.228253737 7.206092834
-0.231738761 0.014232541 0.972673893 134.715347290 0.093193568 0.995618761 0.007635012 -0.761295199 -0.968303680 0.092416279 -0.232049838 6.728517532
-0.235298812 0.014968540 0.971807778 136.723297119 0.094384506 0.995507419 0.007519257 -0.759048164 -0.967329323 0.093492873 -0.235654533 6.245597839
-0.238176569 0.015770474 0.971093833 138.722198486 0.095002584 0.995451391 0.007134885 -0.758390665 -0.966564238 0.093955778 -0.238591418 5.753217697
-0.241811663 0.015821770 0.970194161 140.762664795 0.094329745 0.995514393 0.007276102 -0.757021606 -0.965727210 0.093277618 -0.242219418 5.257747650
-0.245693415 0.016232645 0.969211638 142.781967163 0.092551984 0.995684862 0.006785742 -0.758288741 -0.964919031 0.091369674 -0.246135563 4.749916077
-0.250351340 0.016823662 0.968008876 144.812866211 0.091712706 0.995764911 0.006413151 -0.763930976 -0.963801265 0.090384245 -0.250834018 4.235446930
-0.254651606 0.016270915 0.966895938 146.842926025 0.090045653 0.995913327 0.006956129 -0.763003051 -0.962831378 0.088836178 -0.255076081 3.707855225
-0.259240717 0.016769351 0.965667069 148.873901367 0.090535365 0.995868564 0.007011091 -0.766100645 -0.961560011 0.089244589 -0.259687811 3.165157318
-0.264093399 0.016844383 0.964349926 150.928955078 0.089670122 0.995945752 0.007160467 -0.771943092 -0.960319698 0.088364415 -0.264533132 2.617118835
-0.269351244 0.016929721 0.962893188 152.982971191 0.089008994 0.996003449 0.007386731 -0.771359801 -0.958919883 0.087695777 -0.269781739 2.066993713
-0.273831874 0.016305745 0.961639285 155.027420044 0.088989340 0.995996654 0.008451870 -0.774710655 -0.957651734 0.087890044 -0.274186730 1.494220734
-0.278577745 0.016463356 0.960272551 157.089569092 0.089559227 0.995941699 0.008906504 -0.772602677 -0.956228793 0.088482447 -0.278921664 0.914855957
-0.282983154 0.017046243 0.958973408 159.174591064 0.090326138 0.995872021 0.008952185 -0.772503853 -0.954862058 0.089153685 -0.283354759 0.316764832
-0.286644965 0.018438503 0.957859397 161.240356445 0.090939529 0.995823920 0.008044880 -0.768312573 -0.953710973 0.089413323 -0.287124753 -0.296539307
-0.290522218 0.019850815 0.956662297 163.299835205 0.090708263 0.995853722 0.006882531 -0.772143722 -0.952559114 0.088776693 -0.291118264 -0.906627655
-0.294330686 0.021226151 0.955467820 165.391998291 0.091422148 0.995793879 0.006040468 -0.769898117 -0.951320887 0.089128822 -0.295033216 -1.535903931
-0.297665209 0.021831019 0.954420686 167.481307983 0.091034465 0.995831907 0.005613630 -0.773771346 -0.950320005 0.088556163 -0.298411846 -2.181495667
-0.301581621 0.022117622 0.953183830 169.584274292 0.091563463 0.995781898 0.005864050 -0.777536869 -0.949033558 0.089045294 -0.302334577 -2.833644867
-0.305814266 0.022299299 0.951830029 171.679595947 0.091161408 0.995818317 0.005959472 -0.778305054 -0.947716832 0.088592649 -0.306568176 -3.487518311
-0.309898823 0.023481486 0.950479448 173.777435303 0.093606941 0.995591521 0.005924074 -0.780700743 -0.946150303 0.090807341 -0.310730726 -4.167316437
-0.312848061 0.023769740 0.949505746 175.872177124 0.095634408 0.995394707 0.006591602 -0.779527187 -0.944976270 0.092867583 -0.313680440 -4.861396790
-0.315195262 0.023252040 0.948741913 177.937469482 0.096503377 0.995303035 0.007667614 -0.784779906 -0.944107473 0.093973607 -0.315958768 -5.547519684
-0.318010837 0.023056360 0.947806716 180.022689819 0.096339330 0.995315492 0.008111987 -0.778555989 -0.943179667 0.093890764 -0.318742335 -6.246269226
-0.320719659 0.023552159 0.946881294 182.127975464 0.095511906 0.995399356 0.007592025 -0.780979753 -0.942346215 0.092873350 -0.321493715 -6.957359314
-0.323430836 0.025586966 0.945905805 184.236083984 0.095042318 0.995457649 0.005570190 -0.782408774 -0.941466570 0.091702640 -0.324393570 -7.674411774
-0.326541483 0.027707005 0.944776595 186.356964111 0.094713420 0.995498419 0.003541144 -0.782171190 -0.940425456 0.090639368 -0.327695727 -8.402191162
-0.329659522 0.028741099 0.943662286 188.484619141 0.094160683 0.995553672 0.002572596 -0.796004951 -0.939392567 0.089703985 -0.330899984 -9.141498566
-0.333406150 0.029819572 0.942311585 190.649002075 0.092389919 0.995722234 0.001179389 -0.803597689 -0.938245416 0.087453306 -0.334734887 -9.890289307
-0.336225808 0.030174986 0.941297770 192.766265869 0.093452714 0.995622575 0.001464276 -0.818379998 -0.937133193 0.088459149 -0.337573975 -10.667755127
-0.340541631 0.028891742 0.939785421 194.948684692 0.092504084 0.995707989 0.002908913 -0.829328895 -0.935667872 0.087924607 -0.341752648 -11.434139252
-0.343811333 0.028510636 0.938605845 197.110122681 0.092801347 0.995677531 0.003748913 -0.838562191 -0.934441924 0.088392794 -0.344971061 -12.226909637
-0.347318083 0.028585903 0.937311530 199.260299683 0.092877187 0.995669484 0.004049693 -0.842946053 -0.933136582 0.088461407 -0.348468930 -13.025020599
-0.350781471 0.028871438 0.936012089 201.422576904 0.092216246 0.995731592 0.003845617 -0.850909770 -0.931905866 0.087664500 -0.351946592 -13.824687958
-0.354738355 0.029336406 0.934505284 203.614257812 0.091050096 0.995840847 0.003300746 -0.863394082 -0.930521667 0.086257696 -0.355933964 -14.640865326
-0.358485729 0.029905252 0.933056116 205.804779053 0.090986729 0.995847404 0.003039874 -0.877773285 -0.929090619 0.085985467 -0.359718084 -15.456371307
-0.361360878 0.030363655 0.931931496 207.933593750 0.092265561 0.995728850 0.003334148 -0.897355735 -0.927849770 0.087190025 -0.362619013 -16.280750275
-0.363721430 0.030380704 0.931012213 210.074691772 0.093227692 0.995637059 0.003932012 -0.907990754 -0.926830769 0.088226259 -0.364966869 -17.116195679
-0.366557539 0.029698601 0.929921269 212.260681152 0.094420560 0.995517612 0.005425290 -0.919381499 -0.925591886 0.089792363 -0.367718697 -17.977657318
-0.369373381 0.030500509 0.928780437 214.453125000 0.095409885 0.995424211 0.005255201 -0.928418159 -0.924370229 0.090555958 -0.370593190 -18.845710754
-0.372608036 0.031539325 0.927452624 216.649459839 0.095692635 0.995400310 0.004594947 -0.938662291 -0.923041701 0.090462513 -0.373912245 -19.714332581
-0.375411123 0.031582408 0.926320136 218.828735352 0.094941579 0.995472431 0.004536991 -0.950757205 -0.921982944 0.089649528 -0.376709998 -20.588520050
-0.378283530 0.032908008 0.925104797 220.999221802 0.094866119 0.995484293 0.003380045 -0.966258407 -0.920815945 0.089039698 -0.379697233 -21.474075317
-0.380844384 0.034189209 0.924006879 223.180816650 0.094901316 0.995483994 0.002281179 -0.979141772 -0.919756114 0.088558249 -0.382369041 -22.372844696
-0.383390903 0.034200039 0.922952771 225.352600098 0.092887416 0.995675206 0.001690300 -0.997049212 -0.918903351 0.086378761 -0.384909570 -23.260585785
-0.386853963 0.035315838 0.921464503 227.525802612 0.093678795 0.995601773 0.001171517 -1.012829304 -0.917370319 0.086774886 -0.388460845 -24.156261444
-0.389575839 0.034716263 0.920340002 229.676910400 0.095024198 0.995471299 0.002673003 -1.037268877 -0.916079164 0.088495888 -0.391110539 -25.065841675
-0.392518222 0.033782806 0.919123590 231.850326538 0.095282868 0.995441794 0.004103296 -1.054636478 -0.914795399 0.089187354 -0.393947959 -25.984214783
-0.395877779 0.033413071 0.917695045 233.990356445 0.093767986 0.995585203 0.004200842 -1.062124014 -0.913503349 0.087713443 -0.397263110 -26.895603180
-0.399097174 0.033470340 0.916297615 236.134414673 0.092701361 0.995685816 0.004006222 -1.082665324 -0.912210643 0.086540885 -0.400478035 -27.821136475
-0.402939856 0.033110876 0.914627314 238.322891235 0.090976566 0.995844901 0.004028723 -1.090833902 -0.910693467 0.084832996 -0.404277891 -28.769668579
-0.406820565 0.032318339 0.912936211 240.487701416 0.090234019 0.995908201 0.004954298 -1.109458923 -0.909040630 0.084393404 -0.408072174 -29.714759827
-0.410385817 0.032490689 0.911333025 242.640975952 0.089798294 0.995947778 0.004930057 -1.125000119 -0.907479882 0.083859392 -0.411640465 -30.679748535
-0.414327919 0.032294054 0.909554422 244.798233032 0.089425750 0.995979011 0.005373389 -1.138330221 -0.905723631 0.083563931 -0.415549904 -31.649124146
-0.418308139 0.031546269 0.907757223 246.961181641 0.087922797 0.996109843 0.005899454 -1.151755810 -0.904039741 0.082280345 -0.419454485 -32.625968933
-0.422488332 0.031816270 0.905809760 249.085632324 0.087531403 0.996144593 0.005837195 -1.159705043 -0.902131855 0.081752956 -0.423644423 -33.598999023
-0.426027805 0.032783929 0.904115856 251.241088867 0.088069916 0.996099770 0.005380028 -1.175853729 -0.900413215 0.081917435 -0.427253544 -34.602989197
-0.429903358 0.032957736 0.902273178 253.343658447 0.087825313 0.996120930 0.005460106 -1.194738269 -0.898593247 0.081589743 -0.431130260 -35.583885193
-0.434187233 0.032646153 0.900230885 255.490264893 0.087462500 0.996149361 0.006059180 -1.207448602 -0.896566629 0.081367277 -0.435370654 -36.594932556
-0.438106716 0.033300579 0.898305893 257.603088379 0.086369678 0.996249735 0.005191386 -1.214302659 -0.894763947 0.079860777 -0.439339876 -37.608070374
-0.442104340 0.033580776 0.896334827 259.746063232 0.086726062 0.996217191 0.005453571 -1.224736810 -0.892760992 0.080146655 -0.443344265 -38.656639099
-0.445422411 0.034570977 0.894652843 261.852539062 0.087459952 0.996155202 0.005050628 -1.219321966 -0.891038477 0.080495946 -0.446733445 -39.698791504
-0.449098498 0.035987578 0.892757237 263.981628418 0.088961758 0.996024430 0.004601569 -1.225266099 -0.889042377 0.081487805 -0.450514525 -40.757797241
-0.452909619 0.037928309 0.890749335 266.123840332 0.091056138 0.995838106 0.003895300 -1.235417843 -0.886894405 0.082872421 -0.454478204 -41.839462280
-0.456162065 0.038755156 0.889052391 268.259521484 0.092377581 0.995715976 0.003993035 -1.246814251 -0.885088980 0.083949976 -0.457788050 -42.925102234
-0.459302038 0.040842954 0.887340724 270.388824463 0.094039328 0.995564401 0.002851951 -1.248879910 -0.883288324 0.084754817 -0.461105525 -44.021392822
-0.462134421 0.043025449 0.885765433 272.493438721 0.095621035 0.995416641 0.001537129 -1.270272255 -0.881639540 0.085408181 -0.464130491 -45.092475891
-0.465271771 0.043840110 0.884081542 274.642517090 0.096667640 0.995315671 0.001517933 -1.280078530 -0.879873574 0.086168319 -0.467330128 -46.204315186
-0.468693107 0.044814460 0.882223487 276.797180176 0.096941702 0.995289624 0.000943686 -1.296918750 -0.878025651 0.085966557 -0.470829725 -47.315704346
-0.472153574 0.044818908 0.880376220 278.961120605 0.096008904 0.995380163 0.000816798 -1.302666783 -0.876272380 0.084909596 -0.474275291 -48.465835571
-0.475347996 0.046235032 0.878582180 281.116760254 0.097347684 0.995250404 0.000294329 -1.318327904 -0.874395609 0.085667826 -0.477591157 -49.626487732
-0.478641987 0.046495184 0.876778185 283.267272949 0.096528746 0.995330155 -0.000085934 -1.329649806 -0.872687817 0.084593162 -0.480894953 -50.790145874
-0.481180459 0.046451490 0.875390053 285.416625977 0.094996907 0.995477378 -0.000606325 -1.336792231 -0.871459126 0.082867600 -0.483416885 -51.965019226
-0.483452290 0.047422606 0.874085248 287.564208984 0.096879937 0.995296121 -0.000414965 -1.346087456 -0.869993210 0.084480703 -0.485772371 -53.144912720
-0.485767335 0.047196537 0.872813046 289.747070312 0.098535240 0.995133042 0.001029274 -1.369685650 -0.868516505 0.086502835 -0.488053590 -54.337577820
-0.487934351 0.047539596 0.871584773 291.935058594 0.099397875 0.995046794 0.001371654 -1.375383377 -0.867202461 0.087302953 -0.490242869 -55.559410095
-0.489555210 0.046891816 0.870710552 294.093200684 0.099020541 0.995083213 0.002084234 -1.387274504 -0.866331756 0.087238580 -0.491791338 -56.769248962
-0.491875142 0.046457402 0.869425416 296.295318604 0.098693617 0.995114446 0.002662105 -1.387560964 -0.865054011 0.087116174 -0.494056970 -58.002143860
-0.494751990 0.047038741 0.867760241 298.517913818 0.100091949 0.994973361 0.003132660 -1.384037733 -0.863250911 0.088405713 -0.496973157 -59.257926941
-0.497103602 0.046868723 0.866424441 300.715179443 0.100425482 0.994937301 0.003797712 -1.390043497 -0.861860037 0.088898957 -0.499293804 -60.505874634
-0.499103516 0.047407679 0.865244567 302.921020508 0.099656828 0.995017469 0.002967500 -1.397655487 -0.860792756 0.087708622 -0.501341224 -61.767456055
-0.501891255 0.049883764 0.863491058 305.115753174 0.099300809 0.995057404 0.000232759 -1.406116724 -0.859211564 0.085862152 -0.504364133 -63.017196655
-0.505179882 0.049092244 0.861616671 307.329406738 0.097708315 0.995214939 0.000583722 -1.419474721 -0.857465088 0.084481992 -0.507559299 -64.311813354
-0.509516180 0.047382623 0.859155476 309.522613525 0.095750660 0.995403528 0.001887515 -1.433551788 -0.855117023 0.083226420 -0.511711121 -65.589271545
-0.514484227 0.044763952 0.856330633 311.730804443 0.093144901 0.995644808 0.003915060 -1.444488406 -0.852425873 0.081777066 -0.516413152 -66.879806519
-0.519289017 0.043524843 0.853489637 313.944671631 0.092035338 0.995742023 0.005217904 -1.447345734 -0.849628389 0.081260815 -0.521083713 -68.206062317
-0.523528636 0.043864537 0.850878179 316.195983887 0.092812270 0.995666862 0.005776860 -1.451933622 -0.846937776 0.081996270 -0.525331318 -69.568359375
-0.527820289 0.045400709 0.848141789 318.434722900 0.095248461 0.995435476 0.005990251 -1.451534152 -0.843998432 0.083945967 -0.529735446 -70.954719543
-0.531639278 0.046145029 0.845712900 320.679779053 0.095793463 0.995383680 0.005906919 -1.448888302 -0.841536283 0.084154099 -0.533605456 -72.367797852
-0.535775781 0.046081208 0.843101919 322.911804199 0.096619487 0.995296776 0.007000221 -1.456717730 -0.838814020 0.085210621 -0.537708223 -73.768768311
-0.540101945 0.044691943 0.840412140 325.133850098 0.096721739 0.995268643 0.009232506 -1.458486319 -0.836023211 0.086272612 -0.541869223 -75.185066223
-0.543820858 0.042985670 0.838099718 327.348022461 0.094605245 0.995461404 0.010330205 -1.444464684 -0.833851755 0.084906414 -0.545419276 -76.625785828
-0.547814310 0.042650592 0.835512042 329.549713135 0.093842760 0.995529354 0.010710189 -1.444801807 -0.831320047 0.084273942 -0.549367726 -78.049438477
-0.551872134 0.042438090 0.832848251 331.755554199 0.093890361 0.995516181 0.011487888 -1.442275524 -0.828626454 0.084536240 -0.553382218 -79.497489929
-0.555762768 0.042538635 0.830251873 333.974945068 0.094697364 0.995429039 0.012387902 -1.432661533 -0.825929880 0.085507400 -0.557250679 -80.964630127
-0.560326934 0.042023122 0.827204823 336.194122314 0.095046982 0.995376825 0.013815825 -1.421760559 -0.822799981 0.086364679 -0.561730623 -82.441543579
-0.563836336 0.040839162 0.824876070 338.409210205 0.093414702 0.995520890 0.014565069 -1.412315369 -0.820586503 0.085267879 -0.565125883 -83.938774109
-0.566980660 0.039961133 0.822761238 340.613616943 0.093242489 0.995516419 0.015903406 -1.397265911 -0.818436801 0.085733227 -0.568164647 -85.451713562
-0.569592595 0.039594140 0.820972979 342.807098389 0.094120011 0.995410562 0.017293662 -1.382849216 -0.816520512 0.087120317 -0.570705116 -86.965629578
-0.572387397 0.038869713 0.819061518 345.016052246 0.091754168 0.995638669 0.016871417 -1.363632202 -0.814833641 0.084809288 -0.573457539 -88.501380920
-0.575351715 0.038008548 0.817022622 347.173156738 0.087994784 0.995998263 0.015631760 -1.345128536 -0.813158870 0.080887496 -0.576393723 -89.997543335
-0.578596115 0.037510660 0.814751208 349.338867188 0.084885620 0.996286392 0.014413136 -1.327040672 -0.811184943 0.077500053 -0.579631567 -91.506019592
-0.581338525 0.034701858 0.812921464 351.514129639 0.082704403 0.996435702 0.016608095 -1.316506386 -0.809447646 0.076887093 -0.582136512 -93.045608521
-0.584931970 0.034296613 0.810356915 353.693878174 0.083719447 0.996321976 0.018263206 -1.296652317 -0.806750059 0.078525364 -0.585651875 -94.586441040
-0.587890446 0.034573030 0.808201432 355.845031738 0.083038397 0.996387720 0.017779408 -1.273823261 -0.804667294 0.077564098 -0.588637710 -96.130004883
-0.591408014 0.033280529 0.805685401 358.031311035 0.080591716 0.996584833 0.017991791 -1.252213001 -0.802335083 0.075572059 -0.592070341 -97.694801331
-0.594815016 0.029558202 0.803319037 360.206604004 0.078051850 0.996725619 0.021118620 -1.228597641 -0.800064445 0.075262211 -0.595174372 -99.270446777
-0.598049521 0.026912123 0.801007092 362.348937988 0.075424582 0.996890306 0.022820281 -1.204505444 -0.797902167 0.074063294 -0.598219573 -100.839302063
-0.601259768 0.026088344 0.798627675 364.531433105 0.074058175 0.996984303 0.023187945 -1.167876244 -0.795614302 0.073086888 -0.601378560 -102.447189331
-0.604355454 0.025845099 0.796295643 366.702026367 0.073112987 0.997055411 0.023128640 -1.136002541 -0.793353140 0.072197467 -0.604465485 -104.047142029
-0.606951177 0.025664119 0.794324636 368.876068115 0.073678464 0.996991158 0.024086289 -1.110909462 -0.791316450 0.073143817 -0.607015848 -105.698120117
-0.609703422 0.024620062 0.792247295 371.017578125 0.072840132 0.997028410 0.025072949 -1.079799652 -0.789275646 0.072994456 -0.609684825 -107.320823669
-0.612536490 0.023061905 0.790105820 373.169006348 0.069644511 0.997261465 0.024884086 -1.049426079 -0.787368238 0.070268944 -0.612465143 -108.955490112
-0.615626514 0.019352287 0.787800431 375.319244385 0.059523840 0.997984409 0.021999443 -1.019909859 -0.785786808 0.060436357 -0.615537584 -110.592468262
-0.619127274 0.021754697 0.784989297 377.450012207 0.051921390 0.998562932 0.013277272 -1.005117893 -0.783572316 0.048978060 -0.619367063 -112.223106384
-0.621574223 0.032221455 0.782692313 379.564178467 0.062113233 0.998035073 0.008240582 -0.997712612 -0.780888855 0.053737685 -0.622354269 -113.887496948
-0.622474968 0.033382483 0.781927407 381.674530029 0.069813736 0.997475386 0.012992376 -0.999359131 -0.779519677 0.062676713 -0.623234093 -115.560752869
-0.624314606 0.024327064 0.780794144 383.790008545 0.068862736 0.997337699 0.023988029 -0.972961426 -0.778131902 0.068743698 -0.624327719 -117.241744995
-0.627629519 0.013440666 0.778396130 385.916412354 0.062600583 0.997484565 0.033251863 -0.925353050 -0.775991201 0.069597900 -0.626892149 -118.915344238
-0.631026208 0.007351816 0.775726795 388.021240234 0.056520365 0.997733235 0.036521476 -0.861329079 -0.773699760 0.066890366 -0.630011439 -120.585647583
-0.633451939 0.006815468 0.773752034 390.102935791 0.055080522 0.997821629 0.036303937 -0.793086052 -0.771819174 0.065615468 -0.632447541 -122.265861511
-0.635764301 0.012168047 0.771787345 392.191284180 0.060907416 0.997548997 0.034445427 -0.743347168 -0.769476473 0.068906739 -0.634947062 -123.970375061
-0.637653053 0.018605959 0.770098984 394.240997314 0.065354809 0.997410536 0.030016802 -0.688274384 -0.767546296 0.069469973 -0.637217820 -125.650985718
-0.639692783 0.021687549 0.768324673 396.309295654 0.066338167 0.997429669 0.027077412 -0.642672539 -0.765762568 0.068290465 -0.639487386 -127.368492126
-0.643397272 0.021491382 0.765230715 398.393432617 0.066313267 0.997412980 0.027743239 -0.598963737 -0.762654901 0.068594851 -0.643158019 -129.083740234
-0.645612001 0.020826040 0.763381422 400.425811768 0.067010112 0.997317255 0.029464144 -0.549950600 -0.760719836 0.070176698 -0.645275652 -130.795074463
-0.647728324 0.020565204 0.761593878 402.463378906 0.067770436 0.997228146 0.030710105 -0.494337082 -0.758851290 0.071505353 -0.647326648 -132.523712158
-0.649154127 0.020499488 0.760380626 404.530822754 0.067907393 0.997207046 0.031089846 -0.441802025 -0.757619619 0.071817562 -0.648733199 -134.264739990
-0.650363982 0.020677367 0.759341240 406.579467773 0.068152547 0.997186363 0.031217551 -0.388364792 -0.756559253 0.072053812 -0.649943352 -136.004684448
-0.651413918 0.021476047 0.758418560 408.615997314 0.069148235 0.997119725 0.031156844 -0.334419250 -0.755564988 0.072739303 -0.651022673 -137.753250122
-0.652432084 0.020495607 0.757570028 410.648345947 0.069723383 0.997017980 0.033073217 -0.276339531 -0.754633069 0.074398369 -0.651915550 -139.498489380
-0.653054237 0.020059282 0.757045388 412.668762207 0.072071418 0.996758223 0.035760459 -0.223146439 -0.753873765 0.077914864 -0.652382910 -141.231979370
-0.654031277 0.019743454 0.756209791 414.710235596 0.073577993 0.996579707 0.037617046 -0.156829834 -0.752880692 0.080243118 -0.653247058 -142.982315063
-0.655431986 0.019845989 0.754993379 416.733520508 0.072042875 0.996739209 0.036341943 -0.090276718 -0.751810312 0.078211568 -0.654724538 -144.722198486
-0.656856477 0.019907719 0.753752768 418.745208740 0.068166055 0.997125804 0.033067621 -0.029412270 -0.750928044 0.073101036 -0.656325579 -146.454437256
-0.658493936 0.019319873 0.752337992 420.763977051 0.065174811 0.997378707 0.031432666 0.028594017 -0.749758601 0.069731705 -0.658026993 -148.194305420
-0.659607649 0.018455744 0.751383603 422.782806396 0.064599164 0.997391224 0.032210566 0.080689430 -0.748828888 0.069785081 -0.659079015 -149.941619873
-0.660511315 0.017444339 0.750613451 424.812622070 0.062723793 0.997517407 0.032012135 0.137035370 -0.748191535 0.068225697 -0.659965694 -151.710876465
-0.661713243 0.016243359 0.749581039 426.833129883 0.059521921 0.997747898 0.030923491 0.191277504 -0.747390628 0.065078989 -0.661189795 -153.463150024
-0.662534237 0.015329149 0.748874784 428.840942383 0.058252208 0.997816980 0.031111203 0.243121147 -0.746763110 0.064235836 -0.661980808 -155.212860107
-0.663129866 0.013847243 0.748376250 430.819091797 0.058898199 0.997694016 0.033728808 0.293600082 -0.746183455 0.066444598 -0.662416279 -156.970169067
-0.662992954 0.013249794 0.748508394 432.805480957 0.061937645 0.997386277 0.037206076 0.359953880 -0.746059000 0.071028210 -0.662080765 -158.726257324
-0.662046731 0.012313484 0.749361396 434.807739258 0.066669278 0.996868730 0.042520534 0.435724258 -0.746491313 0.078109950 -0.660794616 -160.489318848
-0.660585344 0.011340161 0.750665307 436.819824219 0.070064478 0.996453226 0.046603508 0.523649216 -0.747474432 0.083380580 -0.659036934 -162.254745483
-0.659254849 0.008989966 0.751865685 438.818603516 0.064354904 0.996933997 0.044507772 0.612316132 -0.749160528 0.077728212 -0.657812119 -163.979064941
-0.658764541 0.008149336 0.752305031 440.829742432 0.056998726 0.997608125 0.039105009 0.693008423 -0.750186920 0.068641424 -0.657653332 -165.704162598
-0.657318473 0.005341022 0.753594041 442.854614258 0.051719818 0.997937024 0.038039580 0.755764008 -0.751836002 0.063979864 -0.656238616 -167.438690186
-0.654608905 0.005972875 0.755944073 444.865234375 0.050596640 0.998072863 0.035928130 0.826924324 -0.754272521 0.061767124 -0.653649509 -169.169281006
-0.651849568 0.006487461 0.758320570 446.880371094 0.052331042 0.997964501 0.036445949 0.889869690 -0.756540596 0.063441001 -0.650862217 -170.894409180
-0.649951518 0.005977124 0.759952188 448.899169922 0.052306350 0.997949541 0.036886171 0.956340790 -0.758173525 0.063724540 -0.648931503 -172.581085205
-0.646661937 0.006743751 0.762747049 450.905090332 0.050114665 0.998176038 0.033662267 1.016947746 -0.761128664 0.059992921 -0.645820260 -174.280563354
-0.645144045 0.001625284 0.764059246 452.938354492 0.043168291 0.998477876 0.034325808 1.075548172 -0.762840509 0.055128224 -0.644232273 -175.973068237
-0.644703329 -0.004491370 0.764419615 454.977233887 0.034332965 0.998803556 0.034824546 1.134466171 -0.763661504 0.048696298 -0.643777668 -177.637939453
-0.644890845 -0.007805775 0.764234841 457.024505615 0.027265342 0.999076366 0.033211954 1.190836906 -0.763788223 0.042255208 -0.644082367 -179.306335449
-0.644609332 -0.008259190 0.764467537 459.064086914 0.025460938 0.999155045 0.032263730 1.246453285 -0.764088035 0.040261567 -0.643854380 -180.989105225
-0.643453002 -0.008127292 0.765442312 461.100799561 0.027876103 0.999031603 0.034040947 1.299927711 -0.764977872 0.043241300 -0.642603278 -182.681854248
-0.642507732 -0.009546800 0.766219735 463.154113770 0.029349681 0.998881996 0.037056621 1.354143143 -0.765716910 0.046297465 -0.641509295 -184.364105225
-0.641079962 -0.011202343 0.767392278 465.166503906 0.028529590 0.998854458 0.038414851 1.429647446 -0.766943514 0.046520382 -0.640026093 -186.041992188
-0.640609741 -0.011380020 0.767782211 467.245880127 0.026588721 0.998961806 0.036991209 1.499370575 -0.767406166 0.044111282 -0.639642000 -187.737335205
-0.639614284 -0.010781621 0.768620431 469.286071777 0.024851536 0.999088943 0.034694884 1.563541412 -0.768294215 0.041292742 -0.638763607 -189.399658203
-0.638728499 -0.009000409 0.769379556 471.345733643 0.025862526 0.999115348 0.033158634 1.623261452 -0.768997431 0.041077465 -0.637930751 -191.085540771
-0.637779474 -0.009047497 0.770165801 473.377227783 0.027408253 0.999031126 0.034433056 1.675184250 -0.769730985 0.043069582 -0.636913657 -192.742858887
