1.000000000 -0.000000000 0.000000000 0.000000000 -0.000000000 1.000000000 0.000000000 -0.000000238 0.000000000 0.000000000 1.000000000 -0.000000000
0.999996245 -0.002419095 -0.001310188 -0.007645585 0.002422897 0.999992967 0.002908054 -0.015703367 0.001303145 -0.002911217 0.999994934 1.522814155
0.999991775 -0.002867094 -0.002851629 -0.010851268 0.002877946 0.999988616 0.003808805 -0.034655813 0.002840677 -0.003816980 0.999988675 3.041251183
0.999989510 -0.001790926 -0.004207574 -0.026030418 0.001805779 0.999992132 0.003528886 -0.049526367 0.004201223 -0.003536447 0.999984860 4.551191807
0.999983072 -0.000911913 -0.005739260 -0.038864627 0.000931381 0.999993801 0.003390287 -0.064901724 0.005736135 -0.003395575 0.999977767 6.052968502
0.999973595 -0.001186787 -0.007170765 -0.053784072 0.001210941 0.999993563 0.003364974 -0.075428784 0.007166727 -0.003373568 0.999968648 7.553527832
0.999958217 -0.001886525 -0.008944552 -0.073952332 0.001923976 0.999989390 0.004180204 -0.094342932 0.008936574 -0.004197238 0.999951303 9.060153008
0.999936879 -0.003605474 -0.010637617 -0.096721016 0.003640398 0.999988079 0.003265539 -0.106910616 0.010625716 -0.003304058 0.999938130 10.555810928
0.999918818 -0.004540538 -0.011909436 -0.115642980 0.004582385 0.999983430 0.003488780 -0.122180454 0.011893397 -0.003543070 0.999923050 12.041946411
0.999904037 -0.004049045 -0.013250863 -0.142811596 0.004093578 0.999986112 0.003335408 -0.137891680 0.013237170 -0.003389332 0.999906659 13.529408455
0.999887228 -0.004052160 -0.014464154 -0.161721990 0.004101927 0.999985695 0.003412698 -0.152317300 0.014450122 -0.003471644 0.999889612 15.009378433
0.999883473 -0.002302506 -0.015090764 -0.196770087 0.002365398 0.999988616 0.004150972 -0.168985799 0.015081034 -0.004186184 0.999877572 16.484169006
0.999875546 -0.000970544 -0.015740817 -0.219120130 0.001043530 0.999988735 0.004629148 -0.181458205 0.015736151 -0.004644998 0.999865353 17.968561172
0.999864221 0.000004909 -0.016480483 -0.252177685 0.000082687 0.999985874 0.005314442 -0.192363560 0.016480278 -0.005315083 0.999850035 19.437433243
0.999855936 -0.000858643 -0.016950926 -0.273307621 0.000953144 0.999984026 0.005567684 -0.209895596 0.016945874 -0.005583038 0.999840856 20.915220261
0.999845088 0.000432275 -0.017596250 -0.305183649 -0.000333651 0.999984205 0.005607381 -0.221009001 0.017598394 -0.005600641 0.999829471 22.381011963
0.999841392 0.000188270 -0.017805664 -0.322980493 -0.000079623 0.999981403 0.006102322 -0.232852101 0.017806483 -0.006099936 0.999822974 23.835350037
0.999842584 0.001267192 -0.017698659 -0.355771065 -0.001137898 0.999972582 0.007313492 -0.243500814 0.017707441 -0.007292201 0.999816597 25.282039642
0.999842644 0.001672789 -0.017659053 -0.385851264 -0.001565371 0.999980271 0.006094933 -0.256477445 0.017668899 -0.006066330 0.999825478 26.721693039
0.999840975 0.001875502 -0.017736360 -0.417981476 -0.001805879 0.999990642 0.003940658 -0.264421284 0.017743580 -0.003908001 0.999834955 28.153394699
0.999850094 0.000181525 -0.017317064 -0.451525241 -0.000116747 0.999992967 0.003741666 -0.278392673 0.017317621 -0.003739082 0.999843001 29.573492050
0.999852002 -0.000517742 -0.017196795 -0.484227926 0.000629580 0.999978602 0.006498673 -0.295808107 0.017193064 -0.006508536 0.999831021 30.992689133
0.999857843 -0.002287446 -0.016704151 -0.516881466 0.002416933 0.999967158 0.007735712 -0.307065010 0.016685911 -0.007774984 0.999830604 32.394111633
0.999859154 -0.002826506 -0.016546238 -0.545062959 0.002943714 0.999970734 0.007063535 -0.315522522 0.016525786 -0.007111247 0.999838293 33.794628143
0.999868274 -0.002882474 -0.015972616 -0.573974431 0.002965470 0.999982238 0.005174874 -0.328663170 0.015957410 -0.005221559 0.999859035 35.192249298
0.999874473 -0.001655969 -0.015757091 -0.596364379 0.001726267 0.999988675 0.004448812 -0.342716575 0.015749540 -0.004475456 0.999865949 36.542224884
0.999890745 -0.001342077 -0.014719391 -0.626486719 0.001396113 0.999992311 0.003661442 -0.361392826 0.014714364 -0.003681591 0.999884963 37.913429260
0.999910355 -0.000532944 -0.013385152 -0.652257204 0.000597886 0.999988079 0.004848283 -0.379535913 0.013382408 -0.004855850 0.999898672 39.242305756
0.999926150 -0.000511358 -0.012143128 -0.673250556 0.000593602 0.999976814 0.006770199 -0.392188400 0.012139381 -0.006776907 0.999903440 40.578411102
0.999945283 -0.001013482 -0.010414971 -0.695180774 0.001094434 0.999969184 0.007769896 -0.407409251 0.010406774 -0.007780870 0.999915659 41.870136261
0.999965668 -0.000457285 -0.008262338 -0.706278443 0.000527186 0.999964118 0.008460071 -0.419482172 0.008258172 -0.008464134 0.999930143 43.143932343
0.999990582 -0.000658408 -0.004287320 -0.729333520 0.000692553 0.999968052 0.007967746 -0.430996984 0.004281937 -0.007970639 0.999959111 44.416473389
0.999997973 -0.001676378 -0.001103350 -0.729530573 0.001682975 0.999980569 0.006005752 -0.444378287 0.001093260 -0.006007597 0.999981344 45.657741547
0.999996066 -0.001538718 0.002367402 -0.734582186 0.001528171 0.999988973 0.004450177 -0.460370123 -0.002374223 -0.004446541 0.999987304 46.876766205
0.999979258 -0.001290795 0.006308277 -0.727446914 0.001258983 0.999986529 0.005044243 -0.475058258 -0.006314704 -0.005036196 0.999967337 48.101455688
0.999930739 -0.000832358 0.011736557 -0.725457370 0.000775605 0.999988079 0.004839324 -0.488028109 -0.011740444 -0.004829887 0.999919415 49.304492950
0.999835312 0.000461421 0.018143253 -0.709821880 -0.000530817 0.999992549 0.003820222 -0.501205266 -0.018141354 -0.003829223 0.999828100 50.513477325
0.999673903 0.001775751 0.025475748 -0.689379692 -0.001870166 0.999991477 0.003682745 -0.513513386 -0.025468990 -0.003729188 0.999668658 51.697635651
0.999430060 0.002745329 0.033643220 -0.646847844 -0.002906074 0.999984622 0.004729977 -0.526300669 -0.033629715 -0.004825050 0.999422669 52.909046173
0.999019861 0.005029061 0.043976799 -0.600357056 -0.005270530 0.999971628 0.005376597 -0.537667632 -0.043948513 -0.005603108 0.999018133 54.083293915
0.998357058 0.007087110 0.056861047 -0.549779415 -0.007409305 0.999957681 0.005457521 -0.554895341 -0.056819960 -0.005869855 0.998367190 55.209396362
0.997404873 0.008863978 0.071449436 -0.476534843 -0.009309565 0.999939322 0.005905804 -0.565847516 -0.071392737 -0.006555640 0.997426689 56.341758728
0.996073544 0.011118271 0.087828204 -0.391687393 -0.011806582 0.999903500 0.007321394 -0.581021965 -0.087738313 -0.008329597 0.996108770 57.458774567
0.994385183 0.011189621 0.105227865 -0.276204109 -0.012101334 0.999894500 0.008029677 -0.590602875 -0.105126910 -0.009257989 0.994415700 58.568916321
0.992160320 0.011128697 0.124475062 -0.153258324 -0.012136339 0.999899447 0.007339768 -0.602600932 -0.124380857 -0.008792899 0.992195606 59.655632019
0.989437461 0.010424871 0.144585669 0.006127357 -0.011454022 0.999914646 0.006287314 -0.604962230 -0.144507766 -0.007876991 0.989472270 60.753551483
0.986186922 0.007441805 0.165469438 0.174456596 -0.008584111 0.999944031 0.006189347 -0.620982528 -0.165414095 -0.007524260 0.986195505 61.780021667
0.982388794 0.002083595 0.186837211 0.376896858 -0.003710056 0.999958217 0.008355979 -0.628702879 -0.186811998 -0.008901995 0.982355356 62.816375732
0.977615535 -0.002941450 0.210378692 0.593756676 0.000895141 0.999951422 0.009821354 -0.636870146 -0.210397363 -0.009413188 0.977570713 63.861244202
0.972253144 -0.008158215 0.233789369 0.849852562 0.006198579 0.999939263 0.009115609 -0.642731845 -0.233849525 -0.007413516 0.972244680 64.875328064
0.965757072 -0.014294254 0.259053946 1.117650032 0.012770179 0.999889791 0.007565169 -0.654900193 -0.259133518 -0.003997949 0.965833247 65.859817505
0.958255231 -0.018108509 0.285340339 1.417675018 0.016425285 0.999830663 0.008291254 -0.659577250 -0.285442144 -0.003258340 0.958390415 66.840126038
0.949719906 -0.020270567 0.312444359 1.731210709 0.017799046 0.999783576 0.010760562 -0.668045402 -0.312594891 -0.004658307 0.949875116 67.802513123
0.940090597 -0.024821740 0.340020120 2.076284409 0.021521388 0.999677539 0.013474740 -0.671477914 -0.340244949 -0.005349770 0.940321624 68.747146606
0.929162145 -0.028213061 0.368594587 2.448455811 0.025001541 0.999596298 0.013486889 -0.678520083 -0.368826300 -0.003316072 0.929492354 69.667129517
0.917090952 -0.027108973 0.397755325 2.836040497 0.025420956 0.999631643 0.009517530 -0.681060672 -0.397866726 0.001382880 0.917442143 70.567665100
0.904092848 -0.028475709 0.426386148 3.260002136 0.029416190 0.999557674 0.004381331 -0.684960842 -0.426322281 0.008581527 0.904530644 71.443504333
0.889941990 -0.029929295 0.455090702 3.701091766 0.032586697 0.999466896 0.002006347 -0.692885280 -0.454908073 0.013044369 0.890442789 72.293365479
0.874209285 -0.030734032 0.484575778 4.169811249 0.032249581 0.999466300 0.005210225 -0.699052215 -0.484477192 0.011072535 0.874733806 73.132904053
0.856634796 -0.029822014 0.515060723 4.668787003 0.028113086 0.999542892 0.011116617 -0.710344017 -0.515156746 0.004957068 0.857081711 73.965026855
0.836900294 -0.029848117 0.546540976 5.191850662 0.026012486 0.999552727 0.014756267 -0.712828219 -0.546736896 0.001867364 0.837302387 74.777763367
0.815743804 -0.023813521 0.577923059 5.718572617 0.021973163 0.999706686 0.010177940 -0.719657421 -0.577996016 0.004396206 0.816027820 75.543998718
0.794085145 -0.017000388 0.607568800 6.279895782 0.019247023 0.999810815 0.002820079 -0.719987929 -0.607501686 0.009454506 0.794262111 76.274169922
0.771520019 -0.014565528 0.636038303 6.866886139 0.018230749 0.999833584 0.000782519 -0.724263906 -0.635943711 0.010991724 0.771657109 76.990722656
0.748180985 -0.016877670 0.663280010 7.496665955 0.019057522 0.999810576 0.003944035 -0.728617787 -0.663221002 0.009689620 0.748360932 77.694114685
0.723710954 -0.017492220 0.689881623 8.126029968 0.019470224 0.999798357 0.004925303 -0.747893035 -0.689828515 0.009867652 0.723905444 78.365585327
0.698269367 -0.015246928 0.715672851 8.776538849 0.019881027 0.999800682 0.001902509 -0.752326727 -0.715559006 0.012899846 0.698433220 78.999755859
0.672274709 -0.013496743 0.740178764 9.451984406 0.020136267 0.999797285 -0.000058225 -0.766382158 -0.740027964 0.014943581 0.672410131 79.601287842
0.645134151 -0.010677482 0.763994753 10.154983521 0.018058617 0.999836147 -0.001275531 -0.770845592 -0.763855934 0.014619578 0.645221293 80.211082458
0.616997063 -0.009306319 0.786910355 10.874717712 0.017876752 0.999837875 -0.002192236 -0.785275221 -0.786762357 0.015420007 0.617063403 80.773544312
0.588212669 -0.002669769 0.808701754 11.602291107 0.016445264 0.999827206 -0.008660800 -0.794666171 -0.808539093 0.018393708 0.588154912 81.316665649
0.558267236 0.006701565 0.829634130 12.362682343 0.015276191 0.999714851 -0.018354898 -0.807515979 -0.829520643 0.022920586 0.558005691 81.826522827
0.527382195 0.015086561 0.849494159 13.134063721 0.014082097 0.999549806 -0.026493901 -0.831094980 -0.849511623 0.025935072 0.526932240 82.308990479
0.495501339 0.020131970 0.868373811 13.953601837 0.011276551 0.999497950 -0.029606389 -0.857502580 -0.868533969 0.024462264 0.495025665 82.786849976
0.463170141 0.019454490 0.886055827 14.785326004 0.009570270 0.999590874 -0.026949994 -0.887962759 -0.886217713 0.020962227 0.462794572 83.221519470
0.430192173 0.018443426 0.902548850 15.627325058 0.004778796 0.999730647 -0.022707094 -0.919049144 -0.902724743 0.014081509 0.429988235 83.620407104
0.395335883 0.019591030 0.918327689 16.508211136 0.000693618 0.999765813 -0.021626981 -0.950587630 -0.918536365 0.009186888 0.395229727 84.030410767
0.360349238 0.022729555 0.932540476 17.381807327 -0.006600725 0.999740124 -0.021816835 -0.976402283 -0.932794094 0.001706234 0.360405654 84.379806519
0.324249238 0.024674503 0.945649922 18.279155731 -0.011487440 0.999688685 -0.022145651 -1.001884937 -0.945901871 -0.003682386 0.324431717 84.696868896
0.287875503 0.023818634 0.957371593 19.211509705 -0.013868981 0.999689519 -0.020701155 -1.033927679 -0.957567453 -0.007318411 0.288116455 85.003898621
0.251617104 0.023245784 0.967547715 20.144428253 -0.014590505 0.999689043 -0.020223642 -1.063452005 -0.967716992 -0.009028395 0.251878023 85.248641968
0.215919614 0.022772299 0.976145566 21.095647812 -0.013958122 0.999697864 -0.020234261 -1.089759588 -0.976311445 -0.009256185 0.216172248 85.452743530
0.180100054 0.021718083 0.983408570 22.063486099 -0.012331191 0.999727428 -0.019820159 -1.115376711 -0.983570993 -0.008556985 0.180318773 85.644752502
0.145793781 0.020780534 0.989096820 23.028491974 -0.004108033 0.999783456 -0.020399524 -1.142503738 -0.989306509 -0.001089116 0.145847589 85.771087646
0.111828804 0.023988258 0.993438005 23.981605530 -0.001888334 0.999711812 -0.023927189 -1.175584316 -0.993725777 0.000799808 0.111841880 85.875091553
0.079178274 0.029088413 0.996436179 24.975236893 -0.001297013 0.999576330 -0.029077033 -1.206979275 -0.996859610 0.001009878 0.079182483 85.959609985
0.050195009 0.032896217 0.998197615 25.949012756 0.005546839 0.999432862 -0.033215854 -1.241782784 -0.998723924 0.007204110 0.049984083 85.997901917
0.024700258 0.031420764 0.999201059 26.941579819 0.007372274 0.999473035 -0.031611562 -1.275945425 -0.999667645 0.008147198 0.024455611 86.019729614
0.002125256 0.028040448 0.999604523 27.962186813 0.008935078 0.999566376 -0.028058374 -1.315946102 -0.999957860 0.008991179 0.001873793 86.025520325
-0.016743151 0.025652947 0.999530733 28.952911377 0.009001153 0.999634206 -0.025504824 -1.349074125 -0.999819338 0.008569901 -0.016967934 86.008636475
-0.033196650 0.028464133 0.999043465 29.943058014 0.011445781 0.999539673 -0.028097944 -1.390581727 -0.999383271 0.010502078 -0.033507161 85.973846436
-0.047996651 0.033166721 0.998296678 30.962228775 0.013383818 0.999380171 -0.032559242 -1.419034719 -0.998757899 0.011798289 -0.048410796 85.924552917
-0.059935514 0.038503863 0.997459352 31.956411362 0.017538145 0.999142110 -0.037514985 -1.457140446 -0.998048246 0.015245109 -0.060559392 85.860229492
-0.068727992 0.041873261 0.996756256 32.952835083 0.022928253 0.998921275 -0.040383264 -1.503136396 -0.997371972 0.020078423 -0.069613919 85.784965515
-0.074609719 0.047157325 0.996097147 33.966995239 0.027261332 0.998604357 -0.045234088 -1.554657698 -0.996840060 0.023780037 -0.075791188 85.700317383
-0.078054674 0.051927350 0.995595753 34.966251373 0.029160628 0.998334169 -0.049783979 -1.607169986 -0.996522486 0.025146328 -0.079438895 85.619575500
-0.081153132 0.056058653 0.995123982 35.971637726 0.030785546 0.998081625 -0.053714693 -1.663772225 -0.996226132 0.026276316 -0.082723260 85.536361694
-0.083692715 0.059050042 0.994740605 36.970470428 0.031245824 0.997907400 -0.056609157 -1.724561334 -0.996001720 0.026343714 -0.085362650 85.450988770
-0.085731030 0.062559120 0.994352341 37.995216370 0.032792166 0.997663200 -0.059940152 -1.787442684 -0.995778501 0.027468245 -0.087582149 85.351730347
-0.087983742 0.066601723 0.993892968 38.998897552 0.033836838 0.997386396 -0.063840427 -1.852242112 -0.995547116 0.028013282 -0.090007380 85.263305664
-0.089737989 0.067813784 0.993653953 40.008483887 0.036903810 0.997220576 -0.064724363 -1.923324108 -0.995281458 0.030861396 -0.091991164 85.160675049
-0.091907449 0.066433012 0.993548989 41.025836945 0.037004076 0.997310758 -0.063261494 -1.995922089 -0.995079756 0.030951159 -0.094118595 85.067214966
-0.094107173 0.066083565 0.993366480 42.050262451 0.036330212 0.997357905 -0.062907331 -2.068810463 -0.994899035 0.030169180 -0.096259363 84.972015381
-0.096547984 0.067528591 0.993035018 43.073776245 0.036104392 0.997276843 -0.064306803 -2.135369539 -0.994673312 0.029644236 -0.098723151 84.878967285
-0.099110812 0.069752492 0.992628813 44.088043213 0.035550915 0.997151554 -0.066520683 -2.210816383 -0.994441152 0.028695943 -0.101308264 84.778923035
-0.101712458 0.071878433 0.992213786 45.117637634 0.033909567 0.997057319 -0.068753220 -2.290254116 -0.994235754 0.026652478 -0.103850506 84.673385620
-0.104218073 0.075289242 0.991700530 46.145587921 0.031041823 0.996890962 -0.072421126 -2.368237257 -0.994069934 0.023236606 -0.106231175 84.570205688
-0.106601313 0.079679213 0.991104066 47.184001923 0.027371405 0.996641397 -0.077180378 -2.444496155 -0.993925035 0.018900381 -0.108424231 84.468223572
-0.109270133 0.082065567 0.990618587 48.219776154 0.025123989 0.996495605 -0.079781160 -2.528715849 -0.993694544 0.016170587 -0.110949039 84.353042603
-0.112150185 0.080553003 0.990420878 49.267242432 0.023124827 0.996650398 -0.078441128 -2.614053249 -0.993422151 0.014106124 -0.113637321 84.236778259
-0.115136214 0.076431677 0.990404844 50.324562073 0.019777047 0.997014225 -0.074642614 -2.697109938 -0.993152797 0.010993212 -0.116304047 84.120979309
-0.117192663 0.074639462 0.990300417 51.383705139 0.020755116 0.997137964 -0.072698638 -2.786577702 -0.992892325 0.012034052 -0.118406408 83.992263794
-0.119192086 0.075124130 0.990025043 52.435791016 0.020215714 0.997110367 -0.073227920 -2.870991230 -0.992665410 0.011285876 -0.120366335 83.870124817
-0.120527871 0.077977918 0.989642560 53.495990753 0.020946527 0.996887922 -0.075997740 -2.952147722 -0.992488921 0.011569729 -0.121786132 83.745826721
-0.121253707 0.080702782 0.989335418 54.560207367 0.021761341 0.996666014 -0.078633666 -3.037493229 -0.992383003 0.011994640 -0.122605659 83.614974976
-0.121270806 0.081266575 0.989287257 55.630455017 0.020124152 0.996639311 -0.079403639 -3.128948689 -0.992415488 0.010279226 -0.122498676 83.478332520
-0.121341236 0.080508821 0.989340484 56.699073792 0.017017797 0.996727526 -0.079022765 -3.211899281 -0.992465019 0.007247679 -0.122314237 83.358100891
-0.121806450 0.079817243 0.989339352 57.777648926 0.013408410 0.996802807 -0.078768544 -3.305786610 -0.992463350 0.003670953 -0.122487240 83.238311768
-0.121602006 0.080944687 0.989273012 58.837654114 0.009245885 0.996718407 -0.080417387 -3.392910719 -0.992535830 -0.000632214 -0.121951364 83.112670898
-0.121858515 0.081308223 0.989211500 59.912857056 0.004950747 0.996676445 -0.081311919 -3.481940985 -0.992535055 -0.005011215 -0.121856034 82.989723206
-0.122103967 0.080254637 0.989267290 60.998378754 0.001934404 0.996742785 -0.080622330 -3.581767321 -0.992515385 -0.007930666 -0.121861503 82.860359192
-0.122376069 0.075371802 0.989617646 62.099189758 0.001993698 0.997128904 -0.075697325 -3.671307325 -0.992481828 -0.007290542 -0.122174971 82.734664917
-0.122759938 0.066691235 0.990193069 63.192306519 0.005047974 0.997768641 -0.066575639 -3.756887913 -0.992423594 -0.003174352 -0.122822672 82.605461121
-0.122397132 0.061313175 0.990585506 64.291030884 0.011138259 0.998112082 -0.060402788 -3.840565681 -0.992418766 0.003640273 -0.122848950 82.464591980
-0.121440992 0.063730590 0.990550637 65.387123108 0.019755434 0.997894168 -0.061781053 -3.914023399 -0.992402077 0.012066005 -0.122444294 82.309822083
-0.120085754 0.069245830 0.990345597 66.472946167 0.025381884 0.997452438 -0.066665024 -3.988345146 -0.992438972 0.017131319 -0.121537440 82.172645569
-0.119529925 0.075109489 0.989985526 67.575759888 0.029108634 0.996970713 -0.072124891 -4.068125248 -0.992403805 0.020196041 -0.121354185 82.037948608
-0.119049199 0.079121597 0.989730775 68.660987854 0.029591301 0.996659875 -0.076116122 -4.157326221 -0.992447317 0.020225855 -0.120992847 81.910675049
-0.118508801 0.076698229 0.989986360 69.779571533 0.026203366 0.996906638 -0.074097633 -4.238449097 -0.992607176 0.017159753 -0.120151967 81.780853271
-0.118677676 0.071876079 0.990327954 70.880950928 0.025958449 0.997260392 -0.069268428 -4.331576347 -0.992593467 0.017486760 -0.120218337 81.662948608
-0.118245840 0.069757625 0.990531027 72.045181274 0.023306249 0.997449577 -0.067462653 -4.415306091 -0.992710888 0.015108387 -0.119570054 81.514198303
-0.118298970 0.070412770 0.990478396 73.172225952 0.021369999 0.997432292 -0.068354778 -4.496539116 -0.992748022 0.013080224 -0.119499929 81.387771606
-0.117982857 0.075691395 0.990126669 74.305496216 0.022512216 0.997038305 -0.073537223 -4.581296921 -0.992760420 0.013613813 -0.119337410 81.251167297
-0.117260955 0.078379855 0.990003228 75.447906494 0.021757772 0.996844053 -0.076344363 -4.666390419 -0.992862821 0.012588050 -0.118596248 81.113052368
-0.116593383 0.077397555 0.990159333 76.589042664 0.021866743 0.996917188 -0.075350955 -4.753077507 -0.992938995 0.012866137 -0.117926404 80.977577209
-0.115721673 0.070709623 0.990761578 77.740150452 0.023883196 0.997372568 -0.068391882 -4.845580101 -0.992994547 0.015748134 -0.117106408 80.839721680
-0.116671026 0.069185011 0.990758002 78.895149231 0.022811726 0.997494340 -0.066969119 -4.927415848 -0.992908657 0.014787546 -0.117956907 80.707298279
-0.116149426 0.072186008 0.990605175 80.037071228 0.020497987 0.997317314 -0.070271723 -5.013068199 -0.993020236 0.012143394 -0.117317498 80.579193115
-0.116051115 0.075224385 0.990390539 81.201957703 0.019643530 0.997106731 -0.073432751 -5.097611904 -0.993048966 0.010932819 -0.117193013 80.449691772
-0.115807764 0.074518785 0.990472436 82.367065430 0.018525088 0.997170389 -0.072856739 -5.188565254 -0.993098915 0.009911215 -0.116860524 80.317604065
-0.115300715 0.071319610 0.990767062 83.550651550 0.018417016 0.997401297 -0.069653884 -5.275529861 -0.993159950 0.010215832 -0.116314568 80.177055359
-0.114965513 0.070060082 0.990895808 84.723464966 0.017936084 0.997493565 -0.068445601 -5.367600918 -0.993207514 0.009903909 -0.115933962 80.046951294
-0.113592431 0.070552588 0.991019249 85.910820007 0.019441029 0.997442305 -0.068781503 -5.454473972 -0.993337214 0.011453376 -0.114673510 79.911041260
-0.112396933 0.070652448 0.991148353 87.105308533 0.021857390 0.997403383 -0.068619676 -5.545581818 -0.993422985 0.013951277 -0.113649353 79.769691467
-0.111154713 0.070313781 0.991312563 88.300880432 0.021681722 0.997428060 -0.068316422 -5.627125740 -0.993566573 0.013899669 -0.112393342 79.624237061
-0.110300332 0.071322128 0.991335988 89.499435425 0.022487869 0.997345746 -0.069252416 -5.711524487 -0.993643939 0.014654467 -0.111611441 79.498107910
-0.108886167 0.069614083 0.991613626 90.687774658 0.022181977 0.997466624 -0.067589253 -5.799712181 -0.993806660 0.014636417 -0.110154495 79.369682312
-0.107816286 0.068018958 0.991841197 91.905006409 0.021154784 0.997587800 -0.066113472 -5.896745682 -0.993945658 0.013854080 -0.108995147 79.232269287
-0.106211007 0.067697741 0.992036343 93.117729187 0.022369200 0.997589886 -0.065681770 -5.979394913 -0.994091988 0.015214932 -0.107469358 79.104187012
-0.104104556 0.068045340 0.992235959 94.343162537 0.020221354 0.997595370 -0.066291273 -6.072716713 -0.994360745 0.013163129 -0.105230197 78.974983215
-0.103424951 0.070823148 0.992112577 95.573043823 0.020613173 0.997400105 -0.069051743 -6.158144474 -0.994423687 0.013308913 -0.104615942 78.852630615
-0.102546863 0.069433719 0.992301941 96.793930054 0.017961890 0.997527599 -0.067943126 -6.244763374 -0.994565964 0.010856262 -0.103540465 78.735595703
-0.101664804 0.068429783 0.992462397 98.039154053 0.014850209 0.997624576 -0.067264512 -6.337456703 -0.994707882 0.007899839 -0.102439493 78.609710693
-0.101816706 0.069520012 0.992371023 99.278945923 0.012008211 0.997568369 -0.068652064 -6.423827648 -0.994730651 0.004926675 -0.102403909 78.491088867
-0.101432264 0.068952501 0.992449999 100.503639221 0.009109213 0.997617722 -0.068380535 -6.514321327 -0.994800806 0.002104446 -0.101818725 78.359565735
-0.102616355 0.066261992 0.992511570 101.748657227 0.006215082 0.997802019 -0.065972611 -6.606645584 -0.994701564 -0.000601329 -0.102802642 78.237998962
-0.103819534 0.064955205 0.992472947 103.013008118 0.004227769 0.997884989 -0.064867169 -6.694857121 -0.994587243 -0.002538533 -0.103874572 78.113349915
-0.105685294 0.064471617 0.992307365 104.273971558 0.001962486 0.997907639 -0.064626440 -6.780583382 -0.994397819 -0.004882676 -0.105590686 77.995384216
-0.106943645 0.064092651 0.992197216 105.526878357 0.002355051 0.997933686 -0.064209379 -6.877387047 -0.994262278 -0.004530109 -0.106873594 77.859107971
-0.109172493 0.062830485 0.992035210 106.785446167 0.001960621 0.998012066 -0.062993281 -6.963973045 -0.994020879 -0.004932125 -0.109078653 77.725364685
-0.112637915 0.058117852 0.991934955 108.051307678 -0.001462540 0.998277187 -0.058655519 -7.048029900 -0.993635058 -0.008057579 -0.112358883 77.597427368
-0.116978079 0.058154833 0.991430342 109.310729980 -0.002120172 0.998267233 -0.058806017 -7.129379272 -0.993132293 -0.008981019 -0.116652086 77.454238892
-0.122269653 0.064119890 0.990423441 110.548904419 -0.006165490 0.997842610 -0.065361351 -7.214315414 -0.992477775 -0.014098156 -0.121610545 77.306892395
-0.129815146 0.067309014 0.989250958 111.769203186 -0.005480196 0.997629344 -0.068598233 -7.300374985 -0.991523087 -0.014326375 -0.129138514 77.161392212
-0.138358548 0.063413091 0.988349974 113.019866943 -0.003534020 0.997910082 -0.064521201 -7.392004013 -0.990375876 -0.012419907 -0.137845308 76.981788635
-0.149103105 0.061419629 0.986912310 114.247711182 -0.001238333 0.998056769 -0.062300265 -7.481633186 -0.988820910 -0.010511292 -0.148737311 76.799697876
-0.161987737 0.062189557 0.984831095 115.473739624 -0.001024626 0.998000979 -0.063189737 -7.572554111 -0.986792266 -0.011245045 -0.161600202 76.603820801
-0.175979435 0.062378116 0.982415497 116.690200806 0.001121077 0.998002231 -0.063167006 -7.660182953 -0.984393239 -0.010014726 -0.175697818 76.388931274
-0.190441623 0.060240570 0.979848623 117.903831482 0.001369617 0.998130858 -0.061098356 -7.747357845 -0.981697619 -0.010293651 -0.190168157 76.159538269
-0.205486789 0.062701814 0.976649284 119.103942871 0.005648729 0.998004794 -0.062884375 -7.837127209 -0.978643656 -0.007405082 -0.205430999 75.904434204
-0.220963255 0.066241488 0.973029912 120.285400391 0.005596438 0.997760475 -0.066654161 -7.924228191 -0.975265980 -0.009282622 -0.220839143 75.645858765
-0.236185938 0.070034109 0.969180822 121.452331543 0.005361222 0.997478127 -0.070772380 -8.015258789 -0.971693039 -0.011519448 -0.235965773 75.368736267
-0.251986235 0.068025313 0.965336978 122.632919312 0.002130600 0.997562945 -0.069740050 -8.110858917 -0.967728436 -0.015516783 -0.251517028 75.070304871
-0.268265277 0.062406626 0.961321533 123.793724060 -0.003460109 0.997830629 -0.065742277 -8.200981140 -0.963338852 -0.020962650 -0.267467380 74.767898560
-0.284040719 0.058213286 0.957043409 124.978118896 -0.007475497 0.997990429 -0.062922589 -8.289758682 -0.958783090 -0.025026953 -0.283034801 74.440162659
-0.299468488 0.059474748 0.952250719 126.125518799 -0.009514147 0.997819543 -0.065312900 -8.377465248 -0.954058766 -0.028619006 -0.298249662 74.097953796
-0.313407511 0.061849855 0.947602391 127.277549744 -0.008966813 0.997639477 -0.068081416 -8.461942673 -0.949576378 -0.029834209 -0.312113136 73.722282410
-0.327432394 0.064056821 0.942700803 128.411468506 -0.007633581 0.997487366 -0.070431001 -8.554020882 -0.944843769 -0.030257575 -0.326120794 73.340408325
-0.341734856 0.063534074 0.937646508 129.543823242 -0.005415210 0.997562587 -0.069567584 -8.655374527 -0.939780831 -0.028851215 -0.340557873 72.939666748
-0.355788797 0.061370470 0.932549119 130.667984009 -0.005835907 0.997676194 -0.067882977 -8.749873161 -0.934548318 -0.029594271 -0.354603797 72.523056030
-0.370243192 0.060358167 0.926971853 131.789031982 -0.005571864 0.997724652 -0.067190595 -8.842575073 -0.928918064 -0.030041814 -0.369064480 72.080825806
-0.384860575 0.061782710 0.920904636 132.886489868 -0.006914659 0.997536182 -0.069813617 -8.935075760 -0.922948897 -0.033236247 -0.383485138 71.631851196
-0.400229245 0.063675702 0.914200068 133.980728149 -0.006195648 0.997372329 -0.072181188 -9.027847290 -0.916394114 -0.034553085 -0.398783028 71.176727295
-0.414785028 0.065546349 0.907555580 135.075225830 -0.004908654 0.997226417 -0.074266076 -9.120615959 -0.909906209 -0.035259329 -0.413312793 70.684814453
-0.429342657 0.068020925 0.900576532 136.159469604 -0.002115864 0.997081161 -0.076318696 -9.219995499 -0.903139174 -0.034672365 -0.427945644 70.171188354
-0.444222063 0.071369365 0.893069506 137.229949951 -0.002300670 0.996727884 -0.080797568 -9.318907738 -0.895913661 -0.037946723 -0.442604363 69.653366089
-0.459261566 0.073408373 0.885262609 138.304916382 -0.001936938 0.996494412 -0.083636850 -9.422292709 -0.888298869 -0.040125903 -0.457509398 69.105163574
-0.474740326 0.070804268 0.877273202 139.370452881 -0.003232908 0.996611774 -0.082185507 -9.525465012 -0.880119979 -0.041852918 -0.472902864 68.544494629
-0.490647525 0.066319570 0.868830681 140.440338135 -0.005947668 0.996821225 -0.079448126 -9.629487991 -0.871337891 -0.044148546 -0.488693357 67.959259033
-0.506699681 0.066697076 0.859538853 141.501052856 -0.006367872 0.996686161 -0.081093088 -9.730228424 -0.862099230 -0.046563268 -0.504595697 67.348815918
-0.522622764 0.065727904 0.850026608 142.554367065 -0.007500343 0.996630788 -0.081675433 -9.831438065 -0.852530956 -0.049060933 -0.520368993 66.716575623
-0.538502634 0.064786874 0.840129554 143.590744019 -0.007980729 0.996603072 -0.081968822 -9.933909416 -0.842586040 -0.050845277 -0.536156178 66.061096191
-0.554141700 0.063891456 0.829966724 144.624938965 -0.009564120 0.996495605 -0.083096616 -10.044568062 -0.832367420 -0.053985208 -0.551588714 65.395248413
-0.569619656 0.063063957 0.819485486 145.645355225 -0.010159220 0.996435583 -0.083742872 -10.152420998 -0.821845651 -0.056026928 -0.566948652 64.699462891
-0.584424317 0.061115637 0.809143484 146.668350220 -0.009677490 0.996563852 -0.082261547 -10.256212234 -0.811390579 -0.055906117 -0.581824660 63.966831207
-0.599441886 0.057324339 0.798363030 147.672210693 -0.009790661 0.996832490 -0.078926116 -10.366642952 -0.800358415 -0.055128120 -0.596981823 63.230373383
-0.614519417 0.055580441 0.786941350 148.671264648 -0.009217219 0.996941149 -0.077610105 -10.469808578 -0.788847864 -0.054946333 -0.612127423 62.463153839
-0.628901303 0.054162528 0.775596321 149.647277832 -0.009779966 0.996940553 -0.077549949 -10.571479797 -0.777423680 -0.056356572 -0.626447439 61.680385590
-0.644075096 0.054962497 0.762985170 150.626770020 -0.011263740 0.996625841 -0.081301376 -10.680922508 -0.764879346 -0.060958255 -0.641282856 60.884223938
-0.659427762 0.054286961 0.749805391 151.583648682 -0.013356372 0.996385813 -0.083886191 -10.788599968 -0.751649559 -0.065331548 -0.656319320 60.067600250
-0.675307095 0.050946008 0.735774994 152.532424927 -0.015328556 0.996426344 -0.083062686 -10.899236679 -0.737377346 -0.067371182 -0.672112942 59.228427887
-0.691587090 0.043321799 0.720992804 153.463699341 -0.018900577 0.996772468 -0.078022122 -11.010263443 -0.722045720 -0.067586288 -0.688536167 58.365352631
-0.708380282 0.040876966 0.704646409 154.389663696 -0.019995777 0.996758699 -0.077924319 -11.114591599 -0.705547690 -0.069290005 -0.705266893 57.464378357
-0.725868464 0.038397878 0.686761081 155.283630371 -0.021151129 0.996722519 -0.078083873 -11.222194672 -0.687508285 -0.071204394 -0.722677052 56.546764374
-0.743133366 0.034621648 0.668247044 156.157638550 -0.024295676 0.996605992 -0.078652173 -11.327990532 -0.668702006 -0.074684575 -0.739769995 55.604286194
-0.759821415 0.032673161 0.649310350 157.006713867 -0.023850791 0.996663213 -0.078062020 -11.438749313 -0.649694204 -0.074799769 -0.756506681 54.642219543
-0.775749803 0.034787662 0.630081058 157.829559326 -0.021742407 0.996413112 -0.081782408 -11.544115067 -0.630665958 -0.077142172 -0.772210777 53.649768829
-0.790763915 0.035080880 0.611115277 158.628814697 -0.017257683 0.996681929 -0.079545118 -11.660621643 -0.611877978 -0.073447838 -0.787534654 52.633136749
-0.805577159 0.035713539 0.591413558 159.420089722 -0.014028274 0.996752143 -0.079298854 -11.773523331 -0.592324734 -0.072177842 -0.802459776 51.601573944
-0.819989860 0.036805704 0.571193457 160.167739868 -0.012357706 0.996559322 -0.081955194 -11.885538101 -0.572244585 -0.074261069 -0.816713870 50.555366516
-0.833728790 0.038117420 0.550857008 160.894546509 -0.011560547 0.996190727 -0.086430021 -12.003176689 -0.552053273 -0.078427412 -0.830112338 49.487102509
-0.846777201 0.038383406 0.530561268 161.595443726 -0.008780802 0.996248722 -0.086087734 -12.124094009 -0.531875491 -0.077555865 -0.843263805 48.397560120
-0.858318388 0.036684062 0.511804581 162.262573242 -0.007485689 0.996439815 -0.083974563 -12.239260674 -0.513062954 -0.075908132 -0.854987979 47.290237427
-0.868825018 0.038389251 0.493628860 162.907501221 -0.004598256 0.996320963 -0.085576639 -12.358043671 -0.495097995 -0.076620936 -0.865452051 46.175052643
-0.878255785 0.041413631 0.476394415 163.521850586 -0.001612017 0.995980680 -0.089553818 -12.472550392 -0.478188425 -0.079419106 -0.874659061 45.059928894
-0.887273848 0.038913928 0.459598482 164.124755859 -0.003458710 0.995845318 -0.090994790 -12.596254349 -0.461230010 -0.082326919 -0.883452952 43.929241180
-0.895614088 0.036090165 0.443365425 164.713516235 -0.004511065 0.995915174 -0.090180494 -12.723320961 -0.444808990 -0.082766980 -0.891792953 42.789508820
-0.902773142 0.034061372 0.428766280 165.277008057 -0.005427060 0.995878160 -0.090539724 -12.847866058 -0.430082768 -0.084063776 -0.898867071 41.629573822
-0.909329832 0.032109048 0.414835215 165.821273804 -0.005856417 0.995931447 -0.089924440 -12.974714279 -0.416034847 -0.084200434 -0.905442059 40.456596375
-0.915671110 0.029568555 0.400839299 166.347290039 -0.006850432 0.995997250 -0.089120358 -13.099641800 -0.401870042 -0.084350877 -0.911803305 39.294784546
-0.921153903 0.024442503 0.388430178 166.863739014 -0.009552371 0.996305406 -0.085347153 -13.228756905 -0.389081210 -0.082328290 -0.917517304 38.082397461
-0.926468492 0.021027582 0.375784457 167.367767334 -0.010662693 0.996570885 -0.082052693 -13.345493317 -0.376221180 -0.080026112 -0.923067510 36.899566650
-0.930760026 0.021668663 0.364987940 167.855438232 -0.007860852 0.996825695 -0.079225749 -13.455510139 -0.365546107 -0.076609291 -0.927635133 35.691406250
-0.933872998 0.025507186 0.356693983 168.313980103 -0.003719215 0.996706128 -0.081011876 -13.567111969 -0.357585490 -0.076981440 -0.930702090 34.491928101
-0.936174929 0.030680705 0.350193202 168.762207031 0.001694353 0.996566415 -0.082780436 -13.680601120 -0.351530522 -0.076903634 -0.933012366 33.280616760
-0.937921822 0.035103865 0.345065922 169.218811035 0.005913891 0.996339142 -0.085283980 -13.795974731 -0.346796513 -0.077949002 -0.934695780 32.056888580
-0.939870834 0.031857375 0.340041280 169.666244507 0.003553588 0.996498346 -0.083536655 -13.920047760 -0.341511875 -0.077305295 -0.936692894 30.856348038
-0.941737592 0.024290353 0.335470408 170.117660522 -0.002874698 0.996771276 -0.080242947 -14.031891823 -0.336336404 -0.076532163 -0.938627124 29.651727676
-0.943680942 0.019088592 0.330305904 170.576339722 -0.007310903 0.996887445 -0.078497939 -14.139826775 -0.330776244 -0.076491855 -0.940604150 28.406274796
-0.945257306 0.012215431 0.326097488 171.007369995 -0.014813953 0.996662676 -0.080275543 -14.245618820 -0.325989813 -0.080711842 -0.941921651 27.192087173
-0.946571529 0.010078705 0.322336525 171.444213867 -0.017703129 0.996380568 -0.083141394 -14.356807709 -0.322007775 -0.084405623 -0.942966938 25.972984314
-0.947156489 0.009967418 0.320617110 171.857696533 -0.018296178 0.996211231 -0.085020423 -14.475746155 -0.320249766 -0.086393692 -0.943385482 24.761775970
-0.947412431 0.010882285 0.319830030 172.278732300 -0.018042600 0.996015549 -0.087336116 -14.593332291 -0.319506109 -0.088513888 -0.943441093 23.532043457
-0.947367013 0.013122390 0.319880247 172.692779541 -0.016327664 0.995879054 -0.089210279 -14.712860107 -0.319732636 -0.089737788 -0.943248689 22.328475952
-0.946817219 0.014609233 0.321440130 173.105957031 -0.015463372 0.995748818 -0.090804167 -14.836282730 -0.321400255 -0.090945527 -0.942566097 21.104286194
-0.946733952 0.015736321 0.321632385 173.531021118 -0.014918285 0.995589495 -0.092623010 -14.963411331 -0.321671396 -0.092487559 -0.942323565 19.903915405
-0.945773721 0.017160505 0.324372411 173.947372437 -0.013570365 0.995644331 -0.092240423 -15.089153290 -0.324542463 -0.091640428 -0.941421449 18.687389374
-0.945064366 0.016555937 0.326464623 174.374511719 -0.014501337 0.995609999 -0.092469297 -15.217397690 -0.326562285 -0.092123613 -0.940675437 17.478733063
-0.943727016 0.015620565 0.330356419 174.800064087 -0.015845455 0.995601237 -0.092341617 -15.346084595 -0.330345720 -0.092379905 -0.939328313 16.291893005
-0.942323446 0.014019686 0.334409922 175.239547729 -0.017134884 0.995791495 -0.090031087 -15.472647667 -0.334264785 -0.090568468 -0.938117564 15.106384277
-0.940167844 0.011728093 0.340509713 175.677978516 -0.019149473 0.996008754 -0.087178141 -15.597207069 -0.340173095 -0.088482670 -0.936190724 13.912223816
-0.937935591 0.009348752 0.346683294 176.129226685 -0.020986907 0.996274590 -0.083644927 -15.721346855 -0.346173793 -0.085729361 -0.934245288 12.736957550
-0.935030401 0.011461130 0.354382098 176.568878174 -0.019621866 0.996273160 -0.083992586 -15.833955765 -0.354023993 -0.085489258 -0.931320906 11.563251495
-0.931999564 0.011685689 0.362270951 177.034774780 -0.020132858 0.996268153 -0.083931372 -15.952008247 -0.361899793 -0.085517555 -0.928286195 10.403659821
-0.928027689 0.014554807 0.372226655 177.497894287 -0.019000521 0.996086180 -0.086320631 -16.067758560 -0.372026294 -0.087180458 -0.924118996 9.236099243
-0.923859954 0.015621921 0.382411689 177.972442627 -0.018250382 0.996231854 -0.084787801 -16.184324265 -0.382295370 -0.085311212 -0.920093656 8.108318329
-0.919222593 0.017744416 0.393338084 178.470046997 -0.017797485 0.996090353 -0.086528353 -16.296718597 -0.393335730 -0.086539254 -0.915313005 6.980079651
-0.913263738 0.019461952 0.406903595 178.987411499 -0.017828383 0.995991588 -0.087652080 -16.414295197 -0.406978518 -0.087303907 -0.909256101 5.785686493
-0.907205701 0.021773776 0.420123160 179.523986816 -0.016467903 0.996056199 -0.087183177 -16.534339905 -0.420364618 -0.086011641 -0.903269470 4.629623413
-0.901159048 0.021382814 0.432960987 180.076889038 -0.016876407 0.996294856 -0.084330708 -16.656188965 -0.433160067 -0.083302215 -0.897459269 3.496086121
-0.894167185 0.024315666 0.447072566 180.643218994 -0.015249743 0.996290863 -0.084687151 -16.774873734 -0.447473466 -0.082542211 -0.890479922 2.341598511
-0.887203038 0.026439874 0.460621208 181.215515137 -0.013678175 0.996410489 -0.083539970 -16.889684677 -0.461176634 -0.080417372 -0.883656740 1.222511292
-0.880177736 0.027689619 0.473836035 181.827850342 -0.012329349 0.996626258 -0.081142440 -17.003896713 -0.474484295 -0.077261858 -0.876866758 0.107887268
-0.871876776 0.030069083 0.488801241 182.417831421 -0.009366698 0.996906757 -0.078033112 -17.118511200 -0.489635676 -0.072613716 -0.868898273 -0.983146667
-0.863983393 0.032837182 0.502448380 183.038635254 -0.006547752 0.997054100 -0.076420970 -17.224927902 -0.503477633 -0.069316357 -0.861223221 -2.039756775
-0.854786515 0.036364641 0.517704368 183.674224854 -0.002627334 0.997226119 -0.074385263 -17.338003159 -0.518973291 -0.064943679 -0.852319837 -3.092132568
-0.844371736 0.039090682 0.534329891 184.322052002 -0.000085369 0.997324824 -0.073097512 -17.441925049 -0.535757840 -0.061767101 -0.842109442 -4.125946045
-0.833440661 0.042145684 0.550999403 184.995651245 0.002480658 0.997362733 -0.072535574 -17.539306641 -0.552603304 -0.059087262 -0.831347227 -5.149627686
-0.822318077 0.043775026 0.567341805 185.683349609 0.003429669 0.997399688 -0.071986414 -17.637557983 -0.569017768 -0.057249945 -0.820329905 -6.145721436
-0.810326219 0.045290869 0.584226131 186.382049561 0.004538634 0.997463763 -0.071031101 -17.748565674 -0.585961282 -0.054906767 -0.808476627 -7.137054443
-0.797160208 0.047676530 0.601882577 187.109497070 0.006600277 0.997506022 -0.070273094 -17.849029541 -0.603731573 -0.052046329 -0.795486748 -8.118240356
-0.783981204 0.048745573 0.618867815 187.860260010 0.007947461 0.997618794 -0.068510316 -17.939083099 -0.620733678 -0.048792377 -0.782501757 -9.058792114
-0.768706501 0.050701424 0.637588978 188.631164551 0.009843399 0.997672915 -0.067467839 -18.030609131 -0.639525831 -0.045586929 -0.767416775 -10.000350952
