1.000000000 0.000000000 0.000000000 0.000000000 0.000000000 1.000000000 0.000000000 0.000000000 0.000000000 0.000000000 1.000000000 0.000000000
0.999998629 0.000753561 0.001457630 -0.006217127 -0.000746909 0.999989331 -0.004558648 -0.002526764 -0.001461049 0.004557553 0.999988556 0.963976204
0.999996662 -0.001464168 0.002142783 -0.002620758 0.001475634 0.999984562 -0.005359029 -0.000808241 -0.002134904 0.005362174 0.999983370 1.918494463
0.999993443 -0.002426998 0.002684903 -0.010270774 0.002430317 0.999996305 -0.001233818 -0.004797180 -0.002681898 0.001240335 0.999995649 2.850494862
0.999985993 -0.004892315 0.002067431 -0.007597760 0.004881911 0.999975562 0.005007748 -0.008769488 -0.002091880 -0.004997585 0.999985337 3.799273252
0.999963760 -0.008503822 0.000493787 -0.004377209 0.008501212 0.999951005 0.005064901 -0.005866142 -0.000536833 -0.005060519 0.999987066 4.737257004
0.999938071 -0.011125545 -0.000269760 -0.004466168 0.011126088 0.999935865 0.002098196 -0.001621967 0.000246400 -0.002101068 0.999997675 5.667783260
0.999929965 -0.011766207 -0.001277439 -0.007482924 0.011764239 0.999929726 -0.001536112 0.004393657 0.001295423 0.001520976 0.999997914 6.596282005
0.999933541 -0.011408425 -0.001645957 -0.014690841 0.011405380 0.999933243 -0.001847866 -0.002303512 0.001666929 0.001828970 0.999996960 7.520051479
0.999932528 -0.011271000 -0.002789724 -0.023575936 0.011271119 0.999936521 0.000026761 -0.001754405 0.002789245 -0.000058203 0.999996185 8.434550285
0.999935865 -0.010881392 -0.003122266 -0.033054169 0.010890178 0.999936759 0.002811299 0.001149505 0.003091478 -0.002845121 0.999991179 9.373013496
0.999928951 -0.011174420 -0.004145986 -0.040387698 0.011192958 0.999927342 0.004475189 0.003288962 0.004095678 -0.004521278 0.999981403 10.294787407
0.999911129 -0.012406802 -0.004859328 -0.042577945 0.012431738 0.999909461 0.005135836 0.006899927 0.004795170 -0.005195790 0.999975026 11.208498955
0.999902368 -0.012691564 -0.005830747 -0.049973562 0.012722778 0.999904692 0.005348114 0.007510848 0.005762315 -0.005421775 0.999968767 12.122480392
0.999895871 -0.012928971 -0.006408869 -0.057500556 0.012953077 0.999909103 0.003733707 0.013107039 0.006360014 -0.003816332 0.999972463 13.021612167
0.999884248 -0.013339614 -0.007312690 -0.079234630 0.013352372 0.999909461 0.001698532 0.018029079 0.007289370 -0.001795977 0.999971867 13.930473328
0.999848008 -0.014732978 -0.009327490 -0.078336842 0.014736065 0.999891460 0.000262161 0.023977831 0.009322614 -0.000399571 0.999956548 14.832223892
0.999835670 -0.014306024 -0.011131616 -0.090747535 0.014306681 0.999897659 -0.000020435 0.017208343 0.011130770 -0.000138825 0.999938071 15.733227730
0.999842286 -0.012960010 -0.012140191 -0.118047997 0.012949070 0.999915719 -0.000979436 0.019323125 0.012151861 0.000822078 0.999925852 16.634912491
0.999836981 -0.011300438 -0.014078476 -0.132011563 0.011289024 0.999935925 -0.000890030 0.016903428 0.014087632 0.000730953 0.999900520 17.529731750
0.999814510 -0.012071862 -0.015003968 -0.156207725 0.012072307 0.999927104 -0.000060946 0.016321987 0.015003610 -0.000120198 0.999887466 18.426574707
0.999792576 -0.011644014 -0.016710700 -0.169974595 0.011670347 0.999930918 0.001479233 0.014194845 0.016692318 -0.001673946 0.999859214 19.309440613
0.999765217 -0.011267158 -0.018511532 -0.186320990 0.011299173 0.999934852 0.001625785 0.021059940 0.018492009 -0.001834568 0.999827266 20.193330765
0.999718368 -0.012642823 -0.020084940 -0.206766441 0.012679959 0.999918103 0.001722677 0.020661445 0.020061513 -0.001976868 0.999796808 21.071199417
0.999681532 -0.012374819 -0.021993799 -0.228098243 0.012394219 0.999922872 0.000745990 0.024241313 0.021982867 -0.001018349 0.999757886 21.948253632
0.999671638 -0.012200632 -0.022534393 -0.251944482 0.012238340 0.999923885 0.001536133 0.019696608 0.022513941 -0.001811412 0.999744892 22.804231644
0.999647081 -0.012048936 -0.023677144 -0.274622530 0.012128345 0.999921262 0.003213048 0.025466517 0.023636566 -0.003499079 0.999714494 23.661180496
0.999613225 -0.013161130 -0.024498340 -0.295303643 0.013315121 0.999892533 0.006133164 0.027139254 0.024414990 -0.006456991 0.999680996 24.506223679
0.999601960 -0.012806132 -0.025136072 -0.319711208 0.013006593 0.999884725 0.007827785 0.026516438 0.025032930 -0.008151601 0.999653399 25.346147537
0.999593735 -0.012331727 -0.025692886 -0.348482728 0.012497027 0.999902189 0.006283112 0.034056127 0.025612893 -0.006601646 0.999650180 26.178371429
0.999594510 -0.010296900 -0.026548466 -0.376575857 0.010409079 0.999937475 0.004090722 0.032871120 0.026504684 -0.004365408 0.999639153 26.991195679
0.999574065 -0.010399303 -0.027267190 -0.401819080 0.010468208 0.999942303 0.002385535 0.034882154 0.027240811 -0.002669957 0.999625266 27.782962799
0.999558270 -0.009490485 -0.028161349 -0.430828542 0.009548808 0.999952555 0.001937270 0.038314071 0.028141625 -0.002205322 0.999601543 28.575645447
0.999532044 -0.009085746 -0.029206647 -0.461193830 0.009129542 0.999957383 0.001366506 0.039269883 0.029192988 -0.001632510 0.999572456 29.362686157
0.999454319 -0.009522357 -0.031628117 -0.481661171 0.009552424 0.999954045 0.000799677 0.034381337 0.031619050 -0.001101366 0.999499381 30.155357361
0.999386549 -0.009841534 -0.033609390 -0.511082411 0.009876376 0.999950886 0.000870837 0.033672303 0.033599176 -0.001202242 0.999434710 30.920461655
0.999334574 -0.009336791 -0.035260201 -0.547038317 0.009401007 0.999954462 0.001655846 0.040775094 0.035243139 -0.001986225 0.999376774 31.685285568
0.999239862 -0.009745458 -0.037748765 -0.567379892 0.009903778 0.999942899 0.004009350 0.040679909 0.037707537 -0.004380158 0.999279320 32.437515259
0.999168813 -0.008713659 -0.039820615 -0.601501882 0.008934124 0.999945700 0.005361888 0.044091240 0.039771724 -0.005713194 0.999192536 33.172649384
0.999115825 -0.007467892 -0.041373491 -0.642835319 0.007703771 0.999954939 0.005544699 0.045240507 0.041330218 -0.005858529 0.999128342 33.897663116
0.999055386 -0.004846387 -0.043187201 -0.683022916 0.005066183 0.999974787 0.004981390 0.043267027 0.043161973 -0.005195478 0.999054551 34.623870850
0.998968124 -0.003296679 -0.045297518 -0.713232219 0.003488548 0.999985337 0.004157383 0.049992777 0.045283146 -0.004311116 0.998964846 35.334419250
0.998893261 -0.002734605 -0.046954561 -0.746833563 0.002982799 0.999981999 0.005216611 0.054650202 0.046939455 -0.005350894 0.998883367 36.041122437
0.998863578 -0.001450092 -0.047638331 -0.792836666 0.001793019 0.999972880 0.007156610 0.056693837 0.047626656 -0.007233894 0.998839140 36.732379913
0.998844266 0.001230975 -0.048047043 -0.828305542 -0.000864832 0.999970376 0.007640570 0.060673758 0.048055030 -0.007590186 0.998815835 37.409099579
0.998898208 0.004578673 -0.046702247 -0.868384242 -0.004331422 0.999976039 0.005394050 0.063785076 0.046725821 -0.005185819 0.998894393 38.082664490
0.998966634 0.006199420 -0.045024551 -0.901165903 -0.006083824 0.999977827 0.002703968 0.059251066 0.045040317 -0.002427252 0.998982251 38.729797363
0.999041557 0.006307051 -0.043314792 -0.925319195 -0.006289367 0.999980092 0.000544534 0.067711756 0.043317363 -0.000271589 0.999061346 39.376785278
0.999186814 0.007498819 -0.039617233 -0.964602768 -0.007446669 0.999971151 0.001463804 0.069574930 0.039627079 -0.001167597 0.999213874 40.010936737
0.999251962 0.012385677 -0.036635425 -0.992851853 -0.012236753 0.999916017 0.004286430 0.069728963 0.036685441 -0.003834925 0.999319553 40.651222229
0.999318302 0.016574269 -0.032992411 -1.014719129 -0.016333569 0.999838054 0.007551774 0.073196679 0.033112239 -0.007007740 0.999427080 41.281951904
0.999357343 0.021337712 -0.028800702 -1.037386179 -0.021102972 0.999741793 0.008429851 0.077654064 0.028973140 -0.007816655 0.999549687 41.889064789
0.999408960 0.025150562 -0.023436692 -1.058698773 -0.024951626 0.999650359 0.008742526 0.083649665 0.023648376 -0.008152573 0.999687016 42.471553802
0.999427259 0.029095944 -0.017279288 -1.082778454 -0.028914215 0.999524772 0.010675497 0.091468543 0.017581694 -0.010169765 0.999793708 43.047573090
0.999363720 0.033900421 -0.011088539 -1.086284041 -0.033767827 0.999358475 0.011933609 0.088876069 0.011485980 -0.011551578 0.999867320 43.598430634
0.999297678 0.037255328 -0.004019917 -1.093049288 -0.037206762 0.999240875 0.011548159 0.092650831 0.004447097 -0.011390478 0.999925256 44.130447388
0.999170721 0.040585406 0.003258284 -1.095014691 -0.040621083 0.999105513 0.011756312 0.092296004 -0.002778234 -0.011878919 0.999925554 44.638874054
0.998955190 0.044476133 0.010504897 -1.089951515 -0.044591561 0.998944521 0.011021890 0.099340767 -0.010003595 -0.011478803 0.999884069 45.136417389
0.998657167 0.048524778 0.018143572 -1.083703041 -0.048679203 0.998781025 0.008168412 0.104947925 -0.017725088 -0.009040659 0.999801993 45.616573334
0.998344898 0.051091775 0.026399935 -1.081582665 -0.051253419 0.998670638 0.005482035 0.100629926 -0.026084751 -0.006826049 0.999636412 46.063655853
0.998083234 0.051444259 0.034397848 -1.067299485 -0.051653035 0.998651505 0.005207980 0.103264764 -0.034083545 -0.006974752 0.999394655 46.492023468
0.997824550 0.050622910 0.042231012 -1.042456627 -0.050942179 0.998680413 0.006517742 0.104333445 -0.041845329 -0.008654904 0.999086618 46.887134552
0.997362375 0.052504614 0.050116144 -1.020003557 -0.052933495 0.998571634 0.007268250 0.107611850 -0.049662940 -0.009901902 0.998716950 47.277339935
0.996710896 0.055521335 0.059033990 -1.007408619 -0.056057684 0.998399615 0.007467225 0.105809137 -0.058524925 -0.010751973 0.998228014 47.639965057
0.995891094 0.060509935 0.067376316 -0.976597309 -0.061101981 0.998108625 0.006759408 0.109394729 -0.066839859 -0.010848462 0.997704744 47.963623047
0.994983554 0.064320087 0.076619878 -0.961570978 -0.065042548 0.997858167 0.006968739 0.105862588 -0.076007552 -0.011917332 0.997036159 48.263866425
0.994248033 0.063611686 0.086164393 -0.933948517 -0.064506762 0.997888088 0.007641056 0.104077339 -0.085496366 -0.013155293 0.996251643 48.548969269
0.993360162 0.062430095 0.096633829 -0.893742085 -0.063270800 0.997980356 0.005657134 0.105267882 -0.096085504 -0.011733669 0.995303929 48.825103760
0.992238939 0.060921423 0.108399689 -0.858081341 -0.061424099 0.998110890 0.001301093 0.101797551 -0.108115636 -0.007949348 0.994106531 49.080848694
0.990641296 0.061923482 0.121635526 -0.816533089 -0.062033236 0.998069823 -0.002887947 0.104198188 -0.121579580 -0.004684525 0.992570639 49.345371246
0.988514185 0.063426994 0.137174562 -0.777648449 -0.063337296 0.997979522 -0.005023106 0.101130128 -0.137216002 -0.003722853 0.990534246 49.609809875
0.986034513 0.065101191 0.153290167 -0.727423668 -0.064860061 0.997872710 -0.006578687 0.103022933 -0.153392345 -0.003455597 0.988159359 49.867073059
0.983213007 0.065819360 0.170176372 -0.671064377 -0.065464213 0.997825146 -0.007703495 0.100906312 -0.170313314 -0.003566285 0.985383570 50.119277954
0.979969263 0.065105550 0.188206121 -0.613290787 -0.064612105 0.997871995 -0.008762426 0.093058437 -0.188376099 -0.003573483 0.982090414 50.353702545
0.976129591 0.064315595 0.207448095 -0.545022964 -0.063840918 0.997919679 -0.008989181 0.089039654 -0.207594663 -0.004469072 0.978204787 50.596424103
0.971627712 0.064257048 0.227619588 -0.471759796 -0.063606873 0.997922957 -0.010198502 0.085234582 -0.227802157 -0.004569022 0.973696768 50.835872650
0.966335654 0.066467285 0.248550951 -0.394854546 -0.065359414 0.997780800 -0.012716291 0.088118374 -0.248844564 -0.003956940 0.968535423 51.092216492
0.960060716 0.067944698 0.271416575 -0.311719894 -0.066443421 0.997681439 -0.014728132 0.079868019 -0.271787971 -0.003893943 0.962349296 51.329780579
0.952735186 0.069229290 0.295809001 -0.221989632 -0.067583390 0.997588515 -0.015798256 0.072638988 -0.296189338 -0.004940221 0.955116451 51.566062927
0.944181561 0.072074763 0.321444035 -0.120989799 -0.070435546 0.997375846 -0.016742172 0.066729486 -0.321807206 -0.006833440 0.946780562 51.817962646
0.934324980 0.073805295 0.348697037 -0.013088226 -0.072137371 0.997236192 -0.017784957 0.057729542 -0.349045902 -0.008537152 0.937066734 52.055747986
0.923028827 0.074672967 0.377414346 0.100168228 -0.072809421 0.997160554 -0.019224891 0.051129758 -0.377778262 -0.009734186 0.925844967 52.295211792
0.910469174 0.072930776 0.407095760 0.242860794 -0.070339225 0.997294664 -0.021350704 0.040459275 -0.407551497 -0.009195639 0.913135946 52.525741577
0.895629942 0.069955893 0.439264357 0.393424988 -0.066085018 0.997522473 -0.024119545 0.034469008 -0.439863384 -0.007426602 0.898033917 52.753578186
0.878297508 0.069516502 0.473033845 0.546075821 -0.063649312 0.997567534 -0.028421585 0.026482701 -0.473859012 -0.005145675 0.880585670 52.967094421
0.858855426 0.071352206 0.507223904 0.711135864 -0.063061237 0.997446060 -0.033534493 0.015643835 -0.508321404 -0.003184887 0.861161649 53.188999176
0.837029397 0.073201083 0.542239368 0.893793106 -0.062536873 0.997315109 -0.038100049 0.004834533 -0.543572545 -0.002019095 0.839359879 53.414680481
0.812448800 0.075927511 0.578067362 1.095045090 -0.063410856 0.997109890 -0.041846320 -0.002756596 -0.579573929 -0.002657758 0.814915359 53.645179749
0.785062313 0.079888247 0.614243388 1.309068680 -0.066431046 0.996787608 -0.044736512 -0.015496254 -0.615844190 -0.005683876 0.787847519 53.874652863
0.754948914 0.084539875 0.650311649 1.528196335 -0.070319615 0.996374130 -0.047893398 -0.029477596 -0.652002692 -0.009572604 0.758156359 54.102737427
0.722023010 0.085432611 0.686574161 1.794013977 -0.069678903 0.996280611 -0.050693847 -0.045615196 -0.688351452 -0.011237612 0.725290358 54.339351654
0.685288191 0.083218306 0.723501742 2.058765411 -0.066344880 0.996452689 -0.051772837 -0.065677166 -0.725243747 -0.012521318 0.688378334 54.549335480
0.646347404 0.081467375 0.758681834 2.368194580 -0.063199148 0.996583521 -0.053171739 -0.089735866 -0.760421574 -0.013580624 0.649287820 54.766159058
0.603350163 0.081070930 0.793344855 2.698472977 -0.061333306 0.996590018 -0.055195443 -0.109098196 -0.795114398 -0.015356286 0.606265068 54.991256714
0.556807280 0.081310891 0.826652408 3.050308228 -0.057929669 0.996575356 -0.059005186 -0.122900963 -0.828619242 -0.015033198 0.559610665 55.200618744
0.508839428 0.080204584 0.857117057 3.455564499 -0.054790020 0.996649086 -0.060734414 -0.145711184 -0.859116137 -0.016057396 0.511528730 55.405181885
0.460496664 0.078704119 0.884165347 3.864557266 -0.052695565 0.996728659 -0.061278701 -0.161316514 -0.886096001 -0.018372955 0.463137567 55.579338074
0.410696119 0.075938292 0.908604443 4.290620804 -0.051943284 0.996855974 -0.059835292 -0.192657113 -0.910291433 -0.022621769 0.413349360 55.744632721
0.360441685 0.076469779 0.929641843 4.759710312 -0.055365294 0.996630728 -0.060513809 -0.207258224 -0.931137204 -0.029658191 0.363461077 55.910694122
0.310780168 0.076639801 0.947386920 5.199119568 -0.053457506 0.996575594 -0.063082799 -0.231599808 -0.948977351 -0.031040061 0.313812912 56.031963348
0.264179558 0.073103413 0.961699009 5.683933258 -0.041992757 0.997049630 -0.064255141 -0.264705300 -0.963558972 -0.023409503 0.266469985 56.114665985
0.219701916 0.067502253 0.973228872 6.200572968 -0.028645296 0.997619510 -0.062727429 -0.290384650 -0.975146472 -0.014097094 0.221112549 56.197727203
0.177358970 0.066175252 0.981918752 6.731482506 -0.020101387 0.997772276 -0.063612849 -0.328318357 -0.983940899 -0.008455621 0.178294092 56.264015198
0.139189899 0.067730241 0.987946749 7.222145557 -0.016592538 0.997677684 -0.066059686 -0.348859489 -0.990126669 -0.007197700 0.139990479 56.298175812
0.106519967 0.068283387 0.991963148 7.765804291 -0.007962950 0.997665644 -0.067820847 -0.386767566 -0.994278610 -0.000674677 0.106815055 56.329349518
0.077903405 0.066581264 0.994735062 8.330454826 -0.000461538 0.997769833 -0.066748224 -0.420455605 -0.996960819 0.004740809 0.077760383 56.347106934
0.053043507 0.064857639 0.996483684 8.901688576 0.006330369 0.997846663 -0.065283298 -0.455852777 -0.998572052 0.009770968 0.052518725 56.358940125
0.032884315 0.064300671 0.997388542 9.456790924 0.011342390 0.997840047 -0.064703748 -0.476934314 -0.999394774 0.013440507 0.032083966 56.356170654
0.016945289 0.066037536 0.997673213 10.045237541 0.014297810 0.997698426 -0.066282056 -0.505552351 -0.999754071 0.015387711 0.015962096 56.356037140
0.003452104 0.065646350 0.997836947 10.629023552 0.014529468 0.997734308 -0.065689869 -0.543352664 -0.999888361 0.014724810 0.002490470 56.349227905
-0.007923394 0.066879459 0.997729540 11.240147591 0.015839623 0.997644067 -0.066747949 -0.574930906 -0.999843180 0.015274789 -0.008964073 56.334548950
-0.017208317 0.069708452 0.997418940 11.888708115 0.020567657 0.997380197 -0.069350898 -0.612615168 -0.999640346 0.019321162 -0.018596979 56.323669434
-0.023526996 0.071619615 0.997154534 12.512873650 0.024753688 0.997166455 -0.071036436 -0.648687184 -0.999416709 0.023011977 -0.025233183 56.293640137
-0.027961209 0.070857666 0.997094452 13.166543961 0.024870783 0.997224927 -0.070169501 -0.689730346 -0.999299526 0.022836499 -0.029645901 56.276660919
-0.031766668 0.068120353 0.997171283 13.827310562 0.022979472 0.997460723 -0.067408092 -0.721479893 -0.999231160 0.020773139 -0.033251375 56.259185791
-0.034517080 0.061336678 0.997520208 14.514318466 0.020665135 0.997945309 -0.060647756 -0.760593235 -0.999190450 0.018520504 -0.035713691 56.242637634
-0.035628859 0.055898480 0.997800529 15.201657295 0.022074085 0.998235047 -0.055134598 -0.793868840 -0.999121368 0.020061154 -0.036799878 56.214939117
-0.036201492 0.053177219 0.997928739 15.886262894 0.024235744 0.998336256 -0.052319743 -0.829862714 -0.999050617 0.022291491 -0.037430055 56.190292358
-0.036149722 0.055459548 0.997806251 16.588212967 0.027633309 0.998132646 -0.054476548 -0.868705630 -0.998964310 0.025603380 -0.037614748 56.165447235
-0.034998711 0.063133292 0.997391164 17.299642563 0.028640464 0.997656107 -0.062145051 -0.895668507 -0.998976946 0.026390748 -0.036724839 56.135837555
-0.033155810 0.071103543 0.996917725 18.006698608 0.029807961 0.997092903 -0.070124656 -0.935180187 -0.999005616 0.027391048 -0.035178870 56.110504150
-0.031258710 0.071689807 0.996936977 18.726861954 0.030773986 0.997020662 -0.070730902 -0.972566843 -0.999037504 0.028468771 -0.033371761 56.095413208
-0.028861884 0.067144267 0.997325659 19.464088440 0.030197620 0.997344494 -0.066271625 -1.017820239 -0.999127209 0.028204139 -0.030812837 56.071895599
-0.026239112 0.060910705 0.997798145 20.208534241 0.029825730 0.997745216 -0.060123142 -1.059240937 -0.999210596 0.028182480 -0.027996657 56.052692413
-0.023034353 0.059251487 0.997977197 20.954465866 0.028272316 0.997881472 -0.058593243 -1.102343798 -0.999334872 0.026865469 -0.024660734 56.037113190
-0.020046033 0.064652681 0.997706473 21.709350586 0.035346832 0.997328937 -0.063918024 -1.153798580 -0.999173999 0.033984467 -0.022277758 56.016456604
-0.016824543 0.070127115 0.997396171 22.445390701 0.037086207 0.996894717 -0.069466263 -1.195724607 -0.999170423 0.035820901 -0.019373048 56.002288818
-0.014443061 0.070826754 0.997384071 23.185012817 0.030892959 0.997043490 -0.070355222 -1.238190651 -0.999418437 0.029796002 -0.016588410 56.007099152
-0.011116844 0.067127943 0.997682512 23.949001312 0.026806207 0.997405469 -0.066810623 -1.283792853 -0.999578893 0.026001357 -0.012887447 56.010887146
-0.006448433 0.063754767 0.997944772 24.687480927 0.030638648 0.997509599 -0.063529000 -1.331978202 -0.999509692 0.030166017 -0.008385735 55.991718292
-0.002619918 0.064696163 0.997901559 25.431358337 0.035127435 0.997295082 -0.064564630 -1.381009102 -0.999379396 0.034884565 -0.004885443 55.981159210
-0.000173216 0.069147334 0.997606397 26.164829254 0.034768034 0.997003794 -0.069099531 -1.427003264 -0.999395430 0.034672841 -0.002576813 55.988342285
0.004034070 0.069848895 0.997549415 26.920372009 0.031041514 0.997068107 -0.069940723 -1.472041965 -0.999509931 0.031247592 0.001854029 55.995243073
0.007318206 0.069518358 0.997553766 27.670372009 0.030626807 0.997096896 -0.069711201 -1.519421935 -0.999504089 0.031062048 0.005167835 56.007011414
0.010998887 0.066363253 0.997734904 28.413383484 0.034249153 0.997184813 -0.066704229 -1.569820046 -0.999352813 0.034905244 0.008695038 56.012458801
0.014524769 0.066768564 0.997662783 29.160064697 0.038807359 0.996978641 -0.067287758 -1.622012854 -0.999141097 0.039694000 0.011889772 56.021690369
0.017997423 0.067681506 0.997544706 29.909738541 0.041609026 0.996791244 -0.068381101 -1.667284012 -0.998971820 0.042737547 0.015123509 56.036720276
0.020969242 0.067786328 0.997479498 30.673845291 0.042179268 0.996750593 -0.068623498 -1.713616610 -0.998889923 0.043511935 0.018041927 56.041790009
0.024666782 0.066405706 0.997487724 31.427625656 0.043585856 0.996771157 -0.067435831 -1.759339809 -0.998745143 0.045139778 0.021692786 56.059803009
0.028101599 0.065447971 0.997460246 32.174415588 0.045669165 0.996728301 -0.066686571 -1.804966450 -0.998561263 0.047427177 0.025020707 56.083003998
0.031145323 0.065367721 0.997375071 32.931388855 0.044400454 0.996783674 -0.066715471 -1.856530905 -0.998528242 0.046361785 0.028142793 56.104343414
0.034146376 0.067270890 0.997150242 33.697193146 0.040964685 0.996799409 -0.068650007 -1.905223370 -0.998576939 0.043192096 0.031281363 56.138134003
0.037073880 0.067460999 0.997032821 34.454807281 0.042885479 0.996692181 -0.069032624 -1.949172735 -0.998391807 0.045317534 0.034058154 56.163703918
0.039694283 0.067591600 0.996923089 35.224143982 0.040576883 0.996777475 -0.069197349 -1.992765188 -0.998387694 0.043198776 0.036823705 56.201980591
0.042034287 0.067430928 0.996838093 35.969913483 0.039019413 0.996847928 -0.069076955 -2.044250011 -0.998353958 0.041799631 0.039270680 56.238742828
0.044849195 0.067300044 0.996724248 36.736381531 0.036246590 0.996961594 -0.068947040 -2.098212004 -0.998336017 0.039220065 0.042273521 56.277503967
0.047666945 0.069868743 0.996416628 37.496124268 0.034608912 0.996836126 -0.071553774 -2.138395548 -0.998263478 0.037895653 0.045098059 56.321899414
0.051421329 0.073832661 0.995944083 38.261810303 0.033522006 0.996573806 -0.075610101 -2.182405233 -0.998114228 0.037274018 0.048770137 56.360565186
0.054416519 0.075066566 0.995692611 39.028640747 0.034023810 0.996451676 -0.076983251 -2.247056007 -0.997938573 0.038066424 0.051669382 56.411048889
0.057301793 0.077032365 0.995380580 39.796024323 0.027703376 0.996512115 -0.078714751 -2.303901196 -0.997972488 0.032085899 0.054967873 56.466312408
0.059676219 0.076672837 0.995268762 40.592102051 0.023868477 0.996651113 -0.078210481 -2.352572680 -0.997932374 0.028422860 0.057646308 56.529560089
0.063817553 0.077169448 0.994973481 41.368255615 0.026287964 0.996529877 -0.078976274 -2.409027576 -0.997615278 0.031195901 0.061567463 56.577987671
0.067734063 0.078306645 0.994625628 42.138221741 0.025269851 0.996460617 -0.080171995 -2.467067242 -0.997383296 0.030564416 0.065515541 56.627429962
0.071125649 0.079289325 0.994311035 42.924774170 0.021366244 0.996485770 -0.080991149 -2.522610188 -0.997238457 0.027005244 0.069181591 56.704513550
0.075456358 0.077424720 0.994138718 43.718090057 0.020421702 0.996651828 -0.079170488 -2.577175379 -0.996939957 0.026275923 0.073622569 56.759872437
0.080481037 0.077223688 0.993760169 44.514316559 0.020833157 0.996646166 -0.079135165 -2.641821861 -0.996538401 0.027072044 0.078602307 56.824371338
0.085374884 0.080830626 0.993064821 45.301044464 0.017404003 0.996430695 -0.082600854 -2.700550795 -0.996196926 0.024335342 0.083663404 56.904655457
0.090847239 0.089506604 0.991834342 46.095481873 0.015191731 0.995712280 -0.091248058 -2.763112068 -0.995749056 0.023357315 0.089097962 56.987224579
0.098471433 0.094495483 0.990643322 46.891883850 0.013885289 0.995253980 -0.096315518 -2.824311495 -0.995042980 0.023239693 0.096691996 57.068649292
0.105832793 0.097677581 0.989574909 47.700634003 0.009255722 0.995023906 -0.099205315 -2.891928911 -0.994340837 0.019658403 0.104402088 57.164955139
0.112393036 0.095341116 0.989079297 48.502864838 0.005518655 0.995311022 -0.096568935 -2.971961260 -0.993648469 0.016312061 0.111339889 57.271053314
0.119700670 0.094188914 0.988332033 49.312393188 0.005367238 0.995413721 -0.095513836 -3.038586140 -0.992795527 0.016737685 0.118646145 57.381641388
0.127724215 0.090068318 0.987711549 50.142761230 0.005165826 0.995794177 -0.091473371 -3.115940332 -0.991796434 0.016785707 0.126721740 57.486064911
0.135057032 0.084615991 0.987218201 50.946773529 0.002997449 0.996307433 -0.085805133 -3.183846474 -0.990833342 0.014547719 0.134304687 57.603454590
0.141977027 0.077363260 0.986842155 51.741260529 -0.000131740 0.996942699 -0.078136146 -3.249907970 -0.989869952 0.010963528 0.141553149 57.722187042
0.149150431 0.074962139 0.985968888 52.551757812 -0.000165472 0.997124135 -0.075785220 -3.313776493 -0.988814473 0.011140249 0.148733899 57.859046936
0.156852812 0.076498657 0.984654844 53.346256256 -0.000298158 0.996999264 -0.077410199 -3.376490116 -0.987621903 0.011848425 0.156404957 57.985092163
0.161726937 0.083493426 0.983297169 54.127853394 -0.000211925 0.996417344 -0.084572621 -3.436415672 -0.986835539 0.013469287 0.161165223 58.130279541
0.167072535 0.087496251 0.982054472 54.903465271 -0.001765722 0.996079504 -0.088445388 -3.489071846 -0.985943019 0.013042763 0.166572019 58.264797211
0.172493368 0.089521319 0.980934381 55.678054810 -0.003266609 0.995907962 -0.090313442 -3.571314096 -0.985005260 0.012374141 0.172079965 58.397140503
0.177892208 0.089065254 0.980011165 56.456024170 -0.005714153 0.995972335 -0.089478604 -3.639551878 -0.984033406 0.010317612 0.177684650 58.545753479
0.183290377 0.085851565 0.979302883 57.222751617 -0.001685916 0.996205330 -0.087017804 -3.706591606 -0.983057380 0.014298501 0.182739556 58.684974670
0.187912136 0.079902843 0.978930354 57.984146118 -0.001007598 0.996700585 -0.081159882 -3.758102417 -0.982185364 0.014264558 0.187372625 58.832229614
0.191457361 0.073495500 0.978745341 58.734241486 -0.002977291 0.997231364 -0.074301228 -3.821752548 -0.981496513 0.011311506 0.191146076 58.983669281
0.194383934 0.069944873 0.978428662 59.467903137 -0.006002207 0.997520685 -0.070117235 -3.882233381 -0.980907142 0.007756935 0.194321796 59.141754150
0.197656646 0.069977447 0.977770388 60.196655273 -0.007410849 0.997526944 -0.069893271 -3.935876846 -0.980243266 0.006568765 0.197686419 59.292419434
0.199621141 0.071956597 0.977227509 60.912780762 -0.009442113 0.997394979 -0.071512818 -3.985997677 -0.979827642 0.005048380 0.199780554 59.448165894
0.201078355 0.076219581 0.976605356 61.609321594 -0.013830708 0.997089863 -0.074970618 -4.043653011 -0.979477584 0.001567824 0.201547354 59.601486206
0.203454047 0.080828860 0.975742400 62.315372467 -0.014794219 0.996726453 -0.079482369 -4.090841293 -0.978972673 0.001735662 0.203983843 59.755134583
0.205264375 0.085914314 0.974928319 63.011436462 -0.015177996 0.996299207 -0.084601983 -4.151651859 -0.978588879 0.002568314 0.205808774 59.912570953
0.206734359 0.087740615 0.974454939 63.676837921 -0.014511704 0.996136189 -0.086614102 -4.205827713 -0.978289425 0.003765108 0.207208842 60.063106537
0.208256230 0.087462246 0.974155843 64.349128723 -0.016336465 0.996165872 -0.085945942 -4.263395309 -0.977937877 0.001984512 0.208886519 60.208824158
0.208915576 0.084356077 0.974288583 65.013664246 -0.016172513 0.996434569 -0.082805663 -4.320659161 -0.977799952 0.001542693 0.209534898 60.353923798
0.209721610 0.081966631 0.974319398 65.673889160 -0.016182655 0.996634483 -0.080360629 -4.375806808 -0.977627158 0.001086287 0.210342228 60.498428345
0.209845081 0.080768690 0.974392772 66.323257446 -0.014429879 0.996729374 -0.079512574 -4.421920776 -0.977628112 0.002624949 0.210324243 60.634643555
0.207815647 0.080367319 0.974860907 66.954559326 -0.015404860 0.996764421 -0.078889117 -4.473581314 -0.978046656 0.001376795 0.208381251 60.780475616
0.206521302 0.080673657 0.975110590 67.576911926 -0.016906522 0.996740639 -0.078882493 -4.537725925 -0.978296041 -0.000194815 0.207212090 60.911064148
0.204219744 0.083502732 0.975357175 68.185317993 -0.017643956 0.996507347 -0.081619181 -4.588639736 -0.978766084 -0.000540914 0.204979807 61.042854309
0.201919764 0.087110281 0.975520492 68.779731750 -0.015450308 0.996196091 -0.085758530 -4.641007423 -0.979280233 0.002244253 0.202497587 61.167121887
0.200272962 0.087758519 0.975801706 69.386604309 -0.013206448 0.996131480 -0.086876377 -4.688389301 -0.979651153 0.004512119 0.200657189 61.298286438
0.198095188 0.086812310 0.976330817 69.978408813 -0.013406297 0.996216893 -0.085860409 -4.730762482 -0.980091095 0.003919558 0.198509648 61.412254333
0.195659161 0.083982833 0.977069318 70.565383911 -0.013851166 0.996463537 -0.082876138 -4.779593468 -0.980574191 0.002681926 0.196130499 61.531597137
0.193560570 0.079613678 0.977852702 71.140457153 -0.013124023 0.996822894 -0.078560337 -4.832620621 -0.981000543 0.002372823 0.193990469 61.648826599
0.191817075 0.078650124 0.978274167 71.702255249 -0.009901609 0.996888041 -0.078205146 -4.884866714 -0.981380820 0.005314594 0.191998929 61.753807068
0.190199062 0.080286428 0.978457153 72.251045227 -0.005866282 0.996725619 -0.080645099 -4.925693035 -0.981728017 0.009598713 0.190047249 61.854209900
0.187756345 0.082230926 0.978767455 72.801094055 -0.001574340 0.996513247 -0.083419837 -4.967618942 -0.982214332 0.014121689 0.187231153 61.957729340
0.185999617 0.084121548 0.978942037 73.344604492 -0.002281021 0.996362507 -0.085185096 -5.009775162 -0.982547164 0.013611408 0.185514897 62.058837891
0.184450835 0.086773470 0.979003787 73.883911133 -0.002823895 0.996137679 -0.087760091 -5.053779602 -0.982837677 0.013422817 0.183983460 62.162300110
0.183565885 0.085012712 0.979324520 74.435493469 -0.000463668 0.996260762 -0.086396001 -5.101695061 -0.983007252 0.015405275 0.182918921 62.261219025
0.184899971 0.083765998 0.979180872 74.978286743 0.005178196 0.996263862 -0.086205214 -5.141014576 -0.982743621 0.021009730 0.183775410 62.348590851
0.186547399 0.081756368 0.979038298 75.518516541 0.010231682 0.996315718 -0.085148729 -5.182086468 -0.982392609 0.025901482 0.185023651 62.452972412
0.188652128 0.080991060 0.978698611 76.071937561 0.013108490 0.996296883 -0.084974162 -5.227210045 -0.981956482 0.028859818 0.186891899 62.557678223
0.191978037 0.080811217 0.978066444 76.630157471 0.010426258 0.996379912 -0.084370837 -5.271463394 -0.981343806 0.026394926 0.190440491 62.673461914
0.197346956 0.081259422 0.976960182 77.180534363 0.009291212 0.996358991 -0.084749758 -5.319427490 -0.980289757 0.025802251 0.195873395 62.793418884
0.203651384 0.080479369 0.975730181 77.746406555 0.010276975 0.996384978 -0.084327988 -5.359959602 -0.978989482 0.027201066 0.202088147 62.922866821
0.211168662 0.080628514 0.974118590 78.307952881 0.008617102 0.996399701 -0.084340759 -5.401628494 -0.977411628 0.026204206 0.209713653 63.056171417
0.219661459 0.078763105 0.972391546 78.881988525 0.008848725 0.996533632 -0.082717538 -5.445499420 -0.975535989 0.026774278 0.218203127 63.195793152
0.228290290 0.078150369 0.970451474 79.449493408 0.005207682 0.996660888 -0.081486091 -5.495171070 -0.973579168 0.023656279 0.227121040 63.327239990
0.237899721 0.077748194 0.968172967 80.030708313 0.004093408 0.996702075 -0.081045032 -5.541719437 -0.971281052 0.023243722 0.236796901 63.478702545
0.247257978 0.081577025 0.965509534 80.616127014 -0.001382976 0.996478379 -0.083839446 -5.587333679 -0.968948662 0.019394699 0.246500015 63.649719238
0.256411284 0.083755665 0.962932050 81.220443726 -0.004762587 0.996335983 -0.085392937 -5.632658482 -0.966555953 0.017309668 0.255870700 63.833866119
0.267441303 0.086097769 0.959719837 81.807212830 -0.008541007 0.996172845 -0.086987928 -5.679796696 -0.963536263 0.015067189 0.267153084 64.002914429
0.277741313 0.088476323 0.956572890 82.420654297 -0.010281038 0.995966494 -0.089134857 -5.726239204 -0.960600913 0.014921868 0.277530611 64.194778442
0.287446916 0.089513384 0.953604579 83.042388916 -0.013345558 0.995900869 -0.089460917 -5.773319721 -0.957703531 0.012988875 0.287463218 64.397750854
0.297551304 0.089536093 0.950497985 83.669990540 -0.014167745 0.995897055 -0.089377448 -5.828716755 -0.954600751 0.013127967 0.297598958 64.603515625
0.307868332 0.090622075 0.947103322 84.314559937 -0.018306382 0.995833516 -0.089334011 -5.875320435 -0.951252818 0.010165079 0.308244556 64.826721191
0.318549871 0.086089507 0.943988681 84.958450317 -0.018051464 0.996237636 -0.084763005 -5.919188499 -0.947734356 0.009960870 0.318905354 65.049903870
0.329342544 0.078628026 0.940930963 85.621299744 -0.013888119 0.996822298 -0.078437440 -5.971605301 -0.944108427 0.012765026 0.329387933 65.284965515
0.340193897 0.074200228 0.937423289 86.290779114 -0.012469830 0.997150302 -0.074402481 -6.022933483 -0.940272629 0.013621761 0.340149701 65.532546997
0.350758612 0.071126901 0.933760822 86.969787598 -0.013249218 0.997388542 -0.070996627 -6.069696426 -0.936372161 0.012531087 0.350784987 65.791381836
0.360023052 0.068515241 0.930424094 87.657531738 -0.006654743 0.997462809 -0.070876859 -6.112919807 -0.932919681 0.019325573 0.359565586 66.061637878
0.368708283 0.063282013 0.927388728 88.359802246 -0.000234119 0.997686267 -0.067985825 -6.151656628 -0.929545164 0.024849817 0.367869973 66.334999084
0.375769794 0.054037184 0.925136209 89.079574585 0.009303153 0.998028219 -0.062073544 -6.192759991 -0.926666379 0.031932048 0.374526203 66.616447449
0.382929713 0.049314428 0.922460258 89.788887024 0.014763384 0.998119831 -0.059487708 -6.238135338 -0.923659444 0.036398243 0.381481737 66.904495239
0.389998466 0.049091145 0.919505954 90.493148804 0.016702892 0.998036385 -0.060368117 -6.289644718 -0.920664072 0.038901884 0.388412684 67.209442139
0.397686571 0.055624485 0.915833712 91.210624695 0.019016333 0.997446537 -0.068838909 -6.326033115 -0.917324364 0.044792101 0.395613253 67.515541077
0.404682964 0.060015231 0.912485600 91.915336609 0.022970213 0.996862113 -0.075751960 -6.366963387 -0.914168537 0.051615506 0.402034551 67.825988770
0.409893334 0.062090993 0.910017669 92.622894287 0.020939747 0.996776879 -0.077442378 -6.420126915 -0.911893070 0.050798651 0.407272041 68.154075623
0.414660215 0.063242614 0.907776117 93.328689575 0.014166264 0.997012436 -0.075930491 -6.482177734 -0.909866035 0.044345148 0.412525535 68.487739563
0.418524861 0.066993691 0.905731082 94.014144897 0.007524822 0.996985614 -0.077220581 -6.538940430 -0.908174217 0.039134197 0.416759163 68.824241638
0.422363311 0.070079744 0.903713524 94.692764282 0.006699495 0.996738255 -0.080424584 -6.599232674 -0.906401932 0.040022813 0.420516133 69.155303955
0.426488340 0.074402645 0.901427746 95.363716125 0.003068049 0.996486306 -0.083700225 -6.659012794 -0.904487789 0.038462792 0.424761444 69.474609375
0.430028051 0.077219337 0.899507105 96.033355713 0.000680983 0.996307552 -0.085854851 -6.712876320 -0.902815282 0.037532531 0.428387493 69.804809570
0.433876216 0.076211713 0.897743404 96.696037292 -0.000995727 0.996455967 -0.084110439 -6.770617485 -0.900971949 0.035599608 0.432414353 70.134628296
0.438021064 0.072479464 0.896038115 97.345916748 0.000454513 0.996726453 -0.080846213 -6.835197926 -0.898964584 0.035819609 0.436554223 70.450332642
0.441580921 0.070087224 0.894479752 97.980728149 0.000056034 0.996942222 -0.078143343 -6.884546280 -0.897221446 0.034556732 0.440226674 70.764053345
0.444946975 0.068940088 0.892899454 98.615119934 -0.001178417 0.997076750 -0.076396324 -6.951791763 -0.895556152 0.032940101 0.443727612 71.093521118
0.448542476 0.070701770 0.890960693 99.239242554 -0.003134154 0.996984482 -0.077537403 -7.002941608 -0.893756032 0.031986408 0.447411507 71.413459778
0.451313287 0.070899360 0.889544606 99.849487305 -0.001990608 0.996916234 -0.078447253 -7.056469440 -0.892363369 0.033633549 0.450062692 71.726356506
0.453358710 0.068857588 0.888664484 100.445114136 0.000199656 0.997003615 -0.077354036 -7.111139297 -0.891328096 0.035246555 0.451986551 72.031311035
0.455185354 0.067816250 0.887810409 101.035705566 0.002086913 0.997011304 -0.077227645 -7.160140038 -0.890394270 0.037005670 0.453683466 72.327049255
0.456958055 0.067949682 0.886889040 101.629173279 0.000579678 0.997054935 -0.076688804 -7.211185455 -0.889488041 0.035557684 0.455572963 72.642379761
0.458884239 0.067376941 0.885937631 102.206039429 0.002166732 0.997032702 -0.076948203 -7.259004593 -0.888493419 0.037229907 0.457376719 72.945495605
0.461652875 0.069410555 0.884340882 102.769432068 0.001282975 0.996880651 -0.078913383 -7.304433823 -0.887059748 0.037565175 0.460123807 73.235778809
0.464316815 0.068771757 0.882995129 103.324340820 0.004689006 0.996775925 -0.080099218 -7.357874870 -0.885656714 0.041331783 0.462497413 73.530303955
0.467690825 0.068268560 0.881251872 103.876243591 0.006056150 0.996741891 -0.080429405 -7.406871796 -0.883871436 0.042953081 0.465753645 73.817909241
0.469930798 0.066543601 0.880191445 104.414672852 0.008986181 0.996742070 -0.080152676 -7.460680962 -0.882657528 0.045575775 0.467801839 74.134284973
0.473948538 0.065650821 0.878101826 104.920028687 0.009792153 0.996762156 -0.079807639 -7.505524158 -0.880498111 0.046423223 0.471771061 74.371238708
0.477392495 0.065195873 0.876268089 105.441062927 0.011309541 0.996705055 -0.080318049 -7.548007488 -0.878617465 0.048253421 0.475082129 74.653205872
0.480703562 0.064618401 0.874498963 105.954505920 0.011410354 0.996735692 -0.079922870 -7.597664833 -0.876808822 0.048397552 0.478397131 74.941772461
0.484266996 0.063827060 0.872589052 106.464462280 0.013269287 0.996684909 -0.080268435 -7.641190052 -0.874819636 0.050449990 0.481814742 75.223922729
0.488170117 0.065077730 0.870318770 106.965148926 0.012949592 0.996566176 -0.081781358 -7.685553551 -0.872652352 0.051193498 0.485651046 75.504074097
0.492025971 0.065297596 0.868128240 107.467742920 0.014636998 0.996421695 -0.083243147 -7.738045692 -0.870457411 0.053664587 0.489309639 75.803695679
0.497039914 0.068672575 0.865005970 107.957496643 0.012560630 0.996189594 -0.086304642 -7.782629013 -0.867636800 0.053761877 0.494283378 76.090911865
0.502318978 0.074438386 0.861472368 108.438201904 0.009317929 0.995763600 -0.091475509 -7.827457428 -0.864632189 0.053977020 0.499497354 76.383903503
0.508124769 0.081742741 0.857395709 108.922363281 0.003876317 0.995258868 -0.097183660 -7.877556324 -0.861274719 0.052704964 0.505398929 76.687385559
0.513957620 0.087767906 0.853313804 109.404273987 -0.001212543 0.994825363 -0.101592802 -7.931061268 -0.857814848 0.051179715 0.511404455 76.996612549
0.520288110 0.092164874 0.849002838 109.875564575 -0.004931481 0.994466841 -0.104933836 -7.986120701 -0.853976548 0.050408985 0.517863810 77.297889709
0.526004314 0.092508174 0.845435798 110.365814209 -0.009187164 0.994626760 -0.103116788 -8.037126541 -0.850432277 0.046472717 0.524027884 77.612541199
0.531141400 0.091686323 0.842307687 110.855392456 -0.015749220 0.995024443 -0.098378606 -8.091703415 -0.847136796 0.038987271 0.529942691 77.947334290
0.536991000 0.089097358 0.838869691 111.354911804 -0.021746006 0.995538473 -0.091816917 -8.145330429 -0.843307674 0.031062800 0.536532640 78.286514282
0.542859554 0.087643206 0.835237801 111.859123230 -0.028578274 0.995891511 -0.085926592 -8.198099136 -0.839337111 0.022776423 0.543133914 78.625259399
0.548871696 0.085458547 0.831526697 112.368026733 -0.030954605 0.996156037 -0.081945583 -8.247810364 -0.835333288 0.019238027 0.549407244 78.977424622
0.555235028 0.089310043 0.826884389 112.880393982 -0.035996608 0.995866597 -0.083390512 -8.289742470 -0.830914140 0.016536301 0.556154847 79.340225220
0.561165273 0.093186803 0.822441280 113.396842957 -0.040093452 0.995536029 -0.085442886 -8.339958191 -0.826732159 0.014973076 0.562396407 79.712974548
0.567675829 0.096615307 0.817563176 113.925033569 -0.042581938 0.995206177 -0.088041402 -8.381230354 -0.822150171 0.015165553 0.569068730 80.088340759
0.573900878 0.098777071 0.812945843 114.450103760 -0.045150600 0.995005608 -0.089024112 -8.432106018 -0.817679226 0.014386031 0.575494468 80.475479126
