1.000000000 0.000000000 0.000000000 0.000000000 0.000000000 1.000000000 0.000000000 0.000000000 0.000000000 0.000000000 1.000000000 0.000000000
0.999998629 0.000813621 0.001457946 -0.006296539 -0.000806950 0.999989212 -0.004570255 -0.002178217 -0.001461649 0.004569072 0.999988496 0.964022517
0.999996662 -0.001457126 0.002146049 -0.002629806 0.001468599 0.999984562 -0.005354282 -0.000893750 -0.002138214 0.005357416 0.999983370 1.918536901
0.999993443 -0.002427053 0.002693570 -0.010789367 0.002430453 0.999996245 -0.001259833 -0.004552327 -0.002690503 0.001266371 0.999995530 2.852203369
0.999985635 -0.004946964 0.002076926 -0.008090094 0.004936666 0.999975622 0.004934018 -0.008321839 -0.002101284 -0.004923694 0.999985635 3.801064968
0.999963343 -0.008550585 0.000491309 -0.004815061 0.008547991 0.999950767 0.005058086 -0.005424992 -0.000534534 -0.005053700 0.999987125 4.739097118
0.999939144 -0.011030908 -0.000014464 -0.008640178 0.011030914 0.999936879 0.002093855 -0.003072628 -0.000008634 -0.002093886 0.999997795 5.668988705
0.999932349 -0.011598593 -0.000906050 -0.015219333 0.011597182 0.999931574 -0.001546737 0.002863827 0.000923929 0.001536125 0.999998391 6.589790821
0.999935091 -0.011317266 -0.001315275 -0.021358512 0.011314992 0.999934435 -0.001723101 -0.003893824 0.001334689 0.001708106 0.999997675 7.519405365
0.999932945 -0.011322637 -0.002424111 -0.030260475 0.011323079 0.999935865 0.000168624 -0.002802038 0.002422046 -0.000196061 0.999997079 8.431851387
0.999939740 -0.010648928 -0.002658963 -0.042418733 0.010655797 0.999939919 0.002582052 0.004168297 0.002631307 -0.002610229 0.999993145 9.374770164
0.999933124 -0.010965180 -0.003652268 -0.049314324 0.010980581 0.999930859 0.004223647 0.004691236 0.003605703 -0.004263469 0.999984443 10.295688629
0.999918461 -0.012014135 -0.004333564 -0.053325914 0.012036062 0.999914825 0.005070212 0.006586800 0.004272280 -0.005121959 0.999977767 11.210987091
0.999909341 -0.012343686 -0.005377749 -0.058419783 0.012372469 0.999909163 0.005352200 0.006268267 0.005311194 -0.005418251 0.999971211 12.123881340
0.999899089 -0.012885719 -0.005983293 -0.067251794 0.012909483 0.999908864 0.003950367 0.009609739 0.005931845 -0.004027210 0.999974310 13.026883125
0.999892890 -0.012830157 -0.007038299 -0.082214810 0.012841442 0.999916315 0.001560612 0.019447023 0.007017688 -0.001650827 0.999974012 13.933880806
0.999861956 -0.014122675 -0.008757135 -0.091090657 0.014122242 0.999900222 -0.000111231 0.028530575 0.008757832 -0.000012454 0.999961674 14.837155342
0.999850512 -0.013854991 -0.010336280 -0.108741045 0.013848825 0.999903858 -0.000667694 0.026834767 0.010344538 0.000524449 0.999946415 15.746848106
0.999845684 -0.012803406 -0.012031136 -0.120148413 0.012783950 0.999916792 -0.001692631 0.029267382 0.012051809 0.001538565 0.999926209 16.648031235
0.999845743 -0.011363630 -0.013385952 -0.140838653 0.011344186 0.999934494 -0.001527654 0.027408520 0.013402434 0.001375566 0.999909163 17.538839340
0.999820173 -0.011842362 -0.014808508 -0.159577444 0.011830190 0.999929607 -0.000909370 0.029180005 0.014818234 0.000734019 0.999889910 18.430585861
0.999797821 -0.011607460 -0.016413391 -0.177317306 0.011622481 0.999932170 0.000820063 0.024321647 0.016402757 -0.001010661 0.999864876 19.321226120
0.999779105 -0.011290928 -0.017722525 -0.199913532 0.011320705 0.999934733 0.001580772 0.024033602 0.017703518 -0.001781054 0.999841630 20.199600220
0.999728024 -0.012421846 -0.019734738 -0.210901931 0.012458062 0.999920964 0.001713283 0.021822728 0.019711897 -0.001958673 0.999803722 21.092128754
0.999721527 -0.011715245 -0.020483742 -0.240641415 0.011731224 0.999930978 0.000659976 0.026777729 0.020474596 -0.000900091 0.999789953 21.932979584
0.999684215 -0.011812188 -0.022181323 -0.260095745 0.011836648 0.999929488 0.000971760 0.028914435 0.022168282 -0.001234005 0.999753475 22.796144485
0.999666512 -0.011641306 -0.023048298 -0.285518408 0.011712955 0.999926984 0.002976103 0.030317700 0.023011971 -0.003245074 0.999729931 23.656713486
0.999638617 -0.012757936 -0.023662146 -0.305017799 0.012901970 0.999899089 0.005944490 0.031760018 0.023583915 -0.006247629 0.999702334 24.502090454
0.999608994 -0.013063046 -0.024724755 -0.323996365 0.013251434 0.999884307 0.007471051 0.035230491 0.024624299 -0.007795768 0.999666333 25.342142105
0.999613762 -0.012190887 -0.024973148 -0.356167316 0.012353383 0.999903500 0.006362878 0.036952622 0.024893166 -0.006668923 0.999667883 26.166698456
0.999608397 -0.010557038 -0.025915610 -0.378468752 0.010658267 0.999936223 0.003771106 0.038173832 0.025874142 -0.004045845 0.999657035 26.976505280
0.999588311 -0.010152252 -0.026840016 -0.402865678 0.010206616 0.999946117 0.001889275 0.044073809 0.026819389 -0.002162444 0.999637961 27.779218674
0.999583483 -0.009016491 -0.027415868 -0.434963554 0.009054772 0.999958217 0.001272455 0.049420409 0.027403247 -0.001520170 0.999623358 28.573331833
0.999543011 -0.009344460 -0.028748842 -0.458913267 0.009384562 0.999955177 0.001260326 0.042611446 0.028735776 -0.001529545 0.999585867 29.362686157
0.999473155 -0.009182136 -0.031131877 -0.484386444 0.009197356 0.999957681 0.000345751 0.042917192 0.031127382 -0.000631900 0.999515235 30.138473511
0.999419570 -0.009018573 -0.032851778 -0.515419602 0.009038858 0.999959052 0.000469035 0.042342760 0.032846201 -0.000765705 0.999460101 30.905519485
0.999356508 -0.009290105 -0.034645379 -0.540420413 0.009342988 0.999955416 0.001364838 0.045896862 0.034631148 -0.001687651 0.999398708 31.670665741
0.999276400 -0.009465200 -0.036840655 -0.569741130 0.009606715 0.999947131 0.003666166 0.048166100 0.036804006 -0.004017430 0.999314368 32.424121857
0.999223888 -0.008290947 -0.038508918 -0.605093896 0.008500453 0.999949932 0.005279920 0.049594920 0.038463216 -0.005603165 0.999244273 33.164890289
0.999148130 -0.007283405 -0.040619373 -0.635042071 0.007518337 0.999955893 0.005633993 0.046446189 0.040576544 -0.005934583 0.999158800 33.893768311
0.999089718 -0.004902337 -0.042375725 -0.676604211 0.005109162 0.999975562 0.004773817 0.048797160 0.042351279 -0.004985976 0.999090314 34.600116730
0.999004841 -0.003145537 -0.044490896 -0.711631298 0.003348788 0.999984324 0.004494604 0.047947615 0.044476058 -0.004639122 0.998999715 35.306804657
0.998937190 -0.002767091 -0.046009656 -0.739736438 0.003003781 0.999982536 0.005076006 0.056056239 0.045994807 -0.005208815 0.998928070 36.022922516
0.998902202 -0.001049008 -0.046832751 -0.785308242 0.001384204 0.999973595 0.007125439 0.058644898 0.046824038 -0.007182443 0.998877287 36.697547913
0.998903811 0.001814427 -0.046775289 -0.825067401 -0.001470038 0.999971569 0.007395990 0.063799001 0.046787374 -0.007319120 0.998878062 37.393024445
0.998935163 0.004142887 -0.045949306 -0.851696193 -0.003904852 0.999978423 0.005268960 0.066095397 0.045970157 -0.005083925 0.998929858 38.062049866
0.999013007 0.005868183 -0.044027925 -0.889440119 -0.005767324 0.999980390 0.002417492 0.066904113 0.044041257 -0.002161183 0.999027371 38.703830719
0.999089956 0.006086592 -0.042215288 -0.915269315 -0.006066317 0.999981403 0.000608378 0.072318621 0.042218212 -0.000351733 0.999108374 39.356781006
0.999216497 0.007222918 -0.038911540 -0.946193933 -0.007180210 0.999973416 0.001237250 0.075482495 0.038919445 -0.000956887 0.999241829 40.001518250
0.999275744 0.011986116 -0.036115088 -0.971909940 -0.011860122 0.999922812 0.003700858 0.076594442 0.036156662 -0.003269849 0.999340773 40.648471832
0.999351382 0.016028013 -0.032247752 -0.998739600 -0.015802667 0.999848962 0.007230855 0.077431500 0.032358777 -0.006716565 0.999453783 41.273410797
0.999380648 0.021206234 -0.028082438 -1.023232102 -0.020985840 0.999746740 0.008119764 0.082303494 0.028247518 -0.007525401 0.999572635 41.877674103
0.999436378 0.024987265 -0.022417448 -1.046966672 -0.024801102 0.999655783 0.008544362 0.085992865 0.022623237 -0.007983569 0.999712229 42.462852478
0.999445677 0.028894752 -0.016536554 -1.062178731 -0.028724464 0.999532819 0.010444332 0.088495620 0.016830619 -0.009963538 0.999808729 43.030364990
0.999378979 0.033781845 -0.010021321 -1.075714231 -0.033666220 0.999367058 0.011491613 0.090953700 0.010403186 -0.011147094 0.999883771 43.603973389
0.999296546 0.037391610 -0.002884693 -1.083274245 -0.037356611 0.999237418 0.011359945 0.091024116 0.003307260 -0.011244190 0.999931335 44.134170532
0.999159932 0.040711980 0.004681081 -1.088894248 -0.040762607 0.999105155 0.011282971 0.093625613 -0.004217540 -0.011464307 0.999925375 44.639343262
0.998938143 0.044605587 0.011525230 -1.077100754 -0.044730857 0.998940170 0.010849982 0.097673208 -0.011029046 -0.011353994 0.999874771 45.141487122
0.998633444 0.048610419 0.019191111 -1.072087288 -0.048766077 0.998780370 0.007727720 0.106079213 -0.018792059 -0.008653034 0.999786019 45.610877991
0.998318732 0.051087331 0.027382011 -1.064230442 -0.051243339 0.998673558 0.005025688 0.103375144 -0.027088940 -0.006420384 0.999612391 46.073974609
0.998060107 0.051481955 0.035007205 -1.045963764 -0.051674567 0.998653233 0.004619153 0.107319951 -0.034722254 -0.006419174 0.999376416 46.500255585
0.997793257 0.050532859 0.043069772 -1.023024678 -0.050836939 0.998688996 0.005993609 0.107668340 -0.042710431 -0.008169918 0.999054134 46.899944305
0.997302532 0.052668586 0.051122233 -1.001716852 -0.053083230 0.998567104 0.006786377 0.109374449 -0.050691549 -0.009481805 0.998669267 47.288925171
0.996631205 0.055851169 0.060056955 -0.988485634 -0.056383312 0.998383224 0.007201463 0.106161386 -0.059557643 -0.010563412 0.998168886 47.642776489
0.995813489 0.060765028 0.068287134 -0.956921875 -0.061338909 0.998096943 0.006336845 0.110972412 -0.067772120 -0.010498974 0.997645557 47.971630096
0.994876802 0.064657040 0.077715091 -0.942105889 -0.065370858 0.997838736 0.006673743 0.105170354 -0.077115633 -0.011719856 0.996953249 48.267646790
0.994146466 0.063790463 0.087198801 -0.915696561 -0.064677350 0.997878850 0.007380692 0.103671446 -0.086543024 -0.012977274 0.996163547 48.551826477
0.993259072 0.062517442 0.097611368 -0.873278499 -0.063346513 0.997976959 0.005414692 0.104619779 -0.097075380 -0.011561532 0.995209873 48.830570221
0.992116213 0.061087966 0.109424256 -0.837251782 -0.061565477 0.998102546 0.000987409 0.100647740 -0.109156325 -0.007716381 0.993994653 49.083591461
0.990507424 0.062145498 0.122609273 -0.794794202 -0.062217597 0.998057365 -0.003244310 0.103742525 -0.122572713 -0.004414941 0.992449701 49.351734161
0.988372266 0.063542761 0.138139725 -0.755319893 -0.063402154 0.997973323 -0.005422400 0.101017579 -0.138204306 -0.003399005 0.990397871 49.613224030
0.985866785 0.065462835 0.154211745 -0.704674006 -0.065205351 0.997849166 -0.006732660 0.097470976 -0.154320806 -0.003417924 0.988014877 49.862800598
0.983032942 0.066070870 0.171116367 -0.650175273 -0.065714158 0.997808337 -0.007754270 0.093519546 -0.171253666 -0.003622065 0.985220313 50.118881226
0.979765117 0.064958699 0.189316511 -0.590841770 -0.064393900 0.997882724 -0.009139524 0.094540216 -0.189509392 -0.003236243 0.981873572 50.371074677
0.975868106 0.064199522 0.208710194 -0.523692787 -0.063608155 0.997929275 -0.009551113 0.094162233 -0.208891198 -0.003955045 0.977930844 50.620414734
0.971384943 0.064208560 0.228667051 -0.447600514 -0.063470788 0.997927487 -0.010587070 0.088126123 -0.228872955 -0.004229559 0.973447084 50.851375580
0.966048419 0.066711478 0.249599457 -0.371080369 -0.065530911 0.997765303 -0.013046215 0.087286465 -0.249911994 -0.003753206 0.968261242 51.093879700
0.959793866 0.067731142 0.272411764 -0.287487328 -0.066085890 0.997697830 -0.015220984 0.084832579 -0.272815555 -0.003393568 0.962060332 51.340736389
0.952493131 0.069217198 0.296590030 -0.194070697 -0.067446046 0.997591197 -0.016212830 0.073335819 -0.296997786 -0.004561213 0.954867184 51.563323975
0.943924069 0.071982503 0.322220117 -0.094303213 -0.070209451 0.997385085 -0.017136982 0.067062974 -0.322611094 -0.006446884 0.946509600 51.801910400
0.934084415 0.073967658 0.349306613 0.013443111 -0.072170310 0.997226715 -0.018177029 0.057656582 -0.349682331 -0.008230682 0.936832130 52.035045624
0.922825277 0.074763142 0.377894074 0.130908370 -0.072765738 0.997156858 -0.019583562 0.050666552 -0.378283739 -0.009425533 0.925641656 52.269859314
0.910254538 0.072604194 0.407633632 0.276055038 -0.069765635 0.997324228 -0.021846639 0.042762745 -0.408129036 -0.008552813 0.912884116 52.511146545
0.895272136 0.070185952 0.439956397 0.423177809 -0.066088207 0.997509241 -0.024648363 0.035131223 -0.440590531 -0.007008937 0.897680759 52.738914490
0.877948821 0.069296844 0.473712742 0.576206744 -0.063213356 0.997585058 -0.028775679 0.024489047 -0.474562824 -0.004681397 0.880209148 52.955886841
0.858426571 0.071318820 0.507954240 0.737821221 -0.062712118 0.997450113 -0.034064550 0.018797409 -0.509088457 -0.002612972 0.860710263 53.174877167
0.836594880 0.073310137 0.542894781 0.925227940 -0.062260449 0.997308195 -0.038729493 0.011079058 -0.544272661 -0.001399977 0.838907242 53.403453827
0.811981916 0.075869270 0.578730822 1.119069815 -0.062964559 0.997115731 -0.042376131 0.000023038 -0.580276608 -0.002030878 0.814416945 53.625587463
0.784432113 0.080010459 0.615032375 1.330413222 -0.066078678 0.996781409 -0.045393869 -0.011769415 -0.616684675 -0.005032122 0.787194192 53.858184814
0.754436851 0.084595799 0.650898337 1.557821035 -0.069941178 0.996374846 -0.048429884 -0.025325410 -0.652635634 -0.008987299 0.757618666 54.089309692
0.721305966 0.085435696 0.687327087 1.816046596 -0.069378763 0.996284425 -0.051030904 -0.044682849 -0.689132929 -0.010877006 0.724553287 54.324123383
0.684631944 0.083070554 0.724139869 2.092131138 -0.065873966 0.996470511 -0.052031290 -0.064575866 -0.725906193 -0.012079681 0.687687695 54.545032501
0.645533025 0.081475049 0.759374082 2.388048172 -0.062906832 0.996587217 -0.053450003 -0.088841647 -0.761137366 -0.013266067 0.648455143 54.753406525
0.602959156 0.080666296 0.793683350 2.721012115 -0.060623687 0.996631145 -0.055237330 -0.111916266 -0.795465350 -0.014810160 0.605818093 54.971126556
0.556688011 0.080617718 0.826800644 3.081996202 -0.057067465 0.996639967 -0.058754269 -0.130298346 -0.828759193 -0.014475618 0.559418142 55.181701660
0.507788062 0.079367004 0.857818186 3.452447414 -0.053891912 0.996723354 -0.060317300 -0.156352997 -0.859794736 -0.015601061 0.510401487 55.376869202
0.459384412 0.078210346 0.884787560 3.885787725 -0.052517470 0.996764898 -0.060841285 -0.171813652 -0.886683583 -0.018517267 0.462005705 55.564582825
0.410352200 0.075727694 0.908777416 4.323911667 -0.051324442 0.996884465 -0.059894368 -0.194926113 -0.910481632 -0.022064704 0.412960410 55.724082947
0.359793574 0.075693689 0.929956496 4.777444839 -0.054459337 0.996708274 -0.060057003 -0.214221776 -0.931441247 -0.029036690 0.362731457 55.885818481
0.310726851 0.076526850 0.947413564 5.246178627 -0.052818611 0.996603608 -0.063177042 -0.233937100 -0.949030578 -0.030410262 0.313713580 56.011833191
0.262817740 0.072630487 0.962107897 5.722748756 -0.042007048 0.997078598 -0.063795432 -0.275843859 -0.963930607 -0.023648735 0.265100926 56.105831146
0.218632698 0.067073874 0.973499298 6.233413219 -0.028385689 0.997649848 -0.062362865 -0.298496842 -0.975394309 -0.013998882 0.220022798 56.180862427
0.176437631 0.066035539 0.982094169 6.761789322 -0.018963421 0.997789919 -0.063684039 -0.327613533 -0.984129071 -0.007387601 0.177299961 56.245151520
0.137837827 0.067470305 0.988153994 7.303941727 -0.015778011 0.997700095 -0.065921217 -0.353063405 -0.990329206 -0.006504666 0.138585374 56.301937103
0.105400234 0.068253621 0.992084801 7.813419342 -0.007415465 0.997667968 -0.067849904 -0.389816165 -0.994402230 -0.000205374 0.105660565 56.317825317
0.076183654 0.066567987 0.994869232 8.375582695 0.000053824 0.997768700 -0.066766113 -0.426103771 -0.997093856 0.005140035 0.076010063 56.343208313
0.051428258 0.064702243 0.996578515 8.946225166 0.006401307 0.997857153 -0.065115601 -0.463259339 -0.998656154 0.009728189 0.050903875 56.350387573
0.031425077 0.063681521 0.997475386 9.526149750 0.011478465 0.997879386 -0.064068943 -0.490109146 -0.999440193 0.013462859 0.030627474 56.352901459
0.015690075 0.066024490 0.997694552 10.107522011 0.014611258 0.997695744 -0.066254355 -0.512922525 -0.999770164 0.015617111 0.014689220 56.347167969
0.002220885 0.066020511 0.997815728 10.701206207 0.015427690 0.997697294 -0.066046998 -0.542679727 -0.999878466 0.015540679 0.001197225 56.342197418
-0.009565355 0.066628322 0.997732043 11.313349724 0.016021989 0.997659743 -0.066469900 -0.585137784 -0.999825895 0.015349844 -0.010610487 56.338108063
-0.018214777 0.069186658 0.997437418 11.938450813 0.020985652 0.997409642 -0.068801507 -0.626347899 -0.999613822 0.019678669 -0.019619521 56.310623169
-0.024842324 0.071285307 0.997146666 12.565583229 0.025068602 0.997185111 -0.070663527 -0.658202231 -0.999377012 0.023241619 -0.026559418 56.282871246
-0.029458771 0.070843786 0.997052312 13.203313828 0.025606755 0.997211277 -0.070098512 -0.689968288 -0.999237955 0.023466259 -0.031190699 56.263191223
-0.033110589 0.068043910 0.997132719 13.854456902 0.023261294 0.997461975 -0.067293972 -0.727244675 -0.999180973 0.020966457 -0.034609340 56.244678497
-0.035957091 0.061068032 0.997485697 14.551516533 0.021198746 0.997953236 -0.060332488 -0.768747032 -0.999128401 0.018976066 -0.037178054 56.241130829
-0.036929909 0.055647921 0.997767210 15.245309830 0.022655066 0.998238444 -0.054835666 -0.800185680 -0.999060988 0.020579407 -0.038125567 56.199665070
-0.037168894 0.053057443 0.997899473 15.935858727 0.025143582 0.998322964 -0.052143443 -0.834613383 -0.998992622 0.023152651 -0.038440619 56.167510986
-0.037063081 0.055137917 0.997790575 16.630599976 0.028626325 0.998125434 -0.054093093 -0.874800503 -0.998902857 0.026558220 -0.038572006 56.138069153
-0.036106098 0.062571526 0.997387111 17.334503174 0.029683329 0.997664571 -0.061514385 -0.906562030 -0.998906970 0.027384726 -0.037879109 56.113533020
-0.033810984 0.070619106 0.996930182 18.046676636 0.030570997 0.997106731 -0.069594808 -0.942459524 -0.998960555 0.028124083 -0.035872061 56.094451904
-0.031640705 0.071601495 0.996931314 18.781831741 0.030844297 0.997025609 -0.070629336 -0.977787793 -0.999023259 0.028514879 -0.033755083 56.055053711
-0.029544082 0.067471161 0.997283757 19.513214111 0.030213477 0.997323632 -0.066578805 -1.017565966 -0.999106765 0.028164400 -0.031503547 56.039161682
-0.026906334 0.060529158 0.997803748 20.254774094 0.029827284 0.997769237 -0.059722766 -1.069279075 -0.999192834 0.028154854 -0.028651729 56.020130157
-0.023825331 0.059037190 0.997971475 20.992212296 0.028187158 0.997897625 -0.058359887 -1.109198809 -0.999318659 0.026739532 -0.025439333 56.005474091
-0.020538107 0.064596266 0.997700095 21.714712143 0.035713896 0.997321069 -0.063836537 -1.151090384 -0.999150991 0.034320679 -0.022790069 55.982791901
-0.017836720 0.069954462 0.997390687 22.467212677 0.037395816 0.996898115 -0.069251150 -1.198185086 -0.999141335 0.036063027 -0.020397397 55.975296021
-0.015589585 0.070628583 0.997380853 23.199531555 0.031154662 0.997052073 -0.070118338 -1.238559842 -0.999392986 0.029979948 -0.017744038 55.981929779
-0.012415986 0.066997074 0.997675896 23.935688019 0.026901783 0.997414052 -0.066644698 -1.283808827 -0.999561012 0.026011797 -0.014186221 55.981693268
-0.007124777 0.063258059 0.997971773 24.674669266 0.030852396 0.997535944 -0.063010171 -1.335447550 -0.999498606 0.030340891 -0.009058885 55.968765259
-0.003733670 0.064563200 0.997906625 25.440820694 0.035592828 0.997289836 -0.064390138 -1.380549669 -0.999359429 0.035277899 -0.006021538 55.960525513
-0.000972461 0.069007173 0.997615635 26.186630249 0.035392161 0.996993423 -0.068929650 -1.425450563 -0.999373078 0.035240743 -0.003411851 55.962234497
0.002979815 0.069861345 0.997552276 26.931547165 0.031602968 0.997051835 -0.069920711 -1.468345523 -0.999496102 0.031733964 0.000763204 55.974731445
0.006664956 0.069272436 0.997575521 27.675777435 0.030943660 0.997105658 -0.069446549 -1.516725659 -0.999498904 0.031331491 0.004502125 55.985263824
0.010315981 0.066291653 0.997746944 28.424793243 0.034579057 0.997179627 -0.066611499 -1.568657875 -0.999348700 0.035188314 0.007994583 55.981239319
0.014028928 0.066984102 0.997655392 29.173131943 0.039118361 0.996952951 -0.067487024 -1.614184618 -0.999136090 0.039973412 0.011365872 55.984500885
0.017604491 0.068142138 0.997520328 29.921190262 0.042114362 0.996739030 -0.068832010 -1.659166574 -0.998957694 0.043221682 0.014677320 55.997211456
0.020159198 0.067954332 0.997484744 30.660804749 0.042289868 0.996736705 -0.068758048 -1.707447767 -0.998901963 0.043569606 0.017219629 56.019378662
0.023344520 0.066091031 0.997540414 31.413017273 0.043355186 0.996806860 -0.067057021 -1.764118314 -0.998786867 0.044813965 0.020404590 56.037113190
0.026945248 0.065508619 0.997488081 32.161003113 0.045516711 0.996735096 -0.066688709 -1.805865049 -0.998600125 0.047199320 0.023875538 56.059284210
0.029516440 0.065584242 0.997410357 32.913204193 0.043725386 0.996805310 -0.066838421 -1.855379105 -0.998607457 0.045584988 0.026554445 56.089332581
0.032719858 0.067379460 0.997190833 33.676387787 0.041016351 0.996793866 -0.068698481 -1.901359200 -0.998622537 0.043148927 0.029851301 56.116203308
0.035297662 0.067680165 0.997082472 34.420345306 0.042536084 0.996698260 -0.069159903 -1.945182443 -0.998471200 0.044853162 0.032302272 56.152923584
0.038560048 0.067003183 0.997007370 35.180740356 0.040769324 0.996813059 -0.068566918 -1.997651339 -0.998424172 0.043291267 0.035705488 56.169273376
0.041221570 0.067567617 0.996862769 35.942184448 0.039082915 0.996838093 -0.069182076 -2.040920734 -0.998385310 0.041812096 0.038450494 56.201141357
0.044078808 0.067408152 0.996751308 36.699604034 0.036412790 0.996949673 -0.069031827 -2.093377829 -0.998364210 0.039337341 0.041489832 56.242305756
0.046791907 0.069541030 0.996481061 37.465820312 0.034628622 0.996861160 -0.071193621 -2.140342474 -0.998304248 0.037838049 0.044236932 56.290889740
0.050096639 0.072933920 0.996077776 38.236972809 0.033454921 0.996647835 -0.074658230 -2.196538925 -0.998183846 0.037063830 0.047488704 56.339962006
0.053270552 0.074729405 0.995779991 38.996742249 0.033800989 0.996489465 -0.076590888 -2.252259254 -0.998007894 0.037738383 0.050557617 56.379550934
0.056041956 0.077049561 0.995450974 39.768749237 0.027879829 0.996508360 -0.078700975 -2.301377296 -0.998039126 0.032163553 0.053698141 56.435340881
0.058662090 0.076448970 0.995346308 40.546222687 0.024202144 0.996661365 -0.077976376 -2.353059053 -0.997984469 0.028663769 0.056616016 56.493492126
0.062292859 0.076869488 0.995093286 41.324417114 0.026277108 0.996557593 -0.078627557 -2.411914349 -0.997711897 0.031046106 0.060058516 56.546627045
0.066429749 0.078160681 0.994725108 42.095554352 0.025496945 0.996468663 -0.080000408 -2.466182947 -0.997465312 0.030676857 0.064202286 56.591484070
0.070335142 0.079323605 0.994364500 42.879962921 0.021712080 0.996475279 -0.081027776 -2.519141197 -0.997287095 0.027288819 0.068364948 56.655754089
0.074581042 0.077178560 0.994223893 43.671527863 0.020941498 0.996659517 -0.078938544 -2.575174332 -0.996995032 0.026707854 0.072715655 56.720123291
0.078849979 0.077026159 0.993906260 44.477672577 0.020726576 0.996668100 -0.078884535 -2.642360449 -0.996671021 0.026820315 0.076990768 56.800567627
0.084151506 0.080598392 0.993188024 45.270771027 0.017235322 0.996456683 -0.082323961 -2.700503111 -0.996303916 0.024045607 0.082464181 56.857437134
0.089999616 0.089245945 0.991935074 46.061107635 0.015032013 0.995741725 -0.090952322 -2.760621786 -0.995828390 0.023096455 0.088274822 56.938312531
0.097482890 0.093976006 0.990790427 46.859386444 0.014152128 0.995300353 -0.095796183 -2.825118065 -0.995136559 0.023360280 0.095694788 57.025161743
0.104746178 0.097062036 0.989751101 47.647674561 0.009044852 0.995091677 -0.098543003 -2.894163609 -0.994457901 0.019274151 0.103354134 57.110721588
0.111806445 0.095259577 0.989153624 48.459346771 0.005780420 0.995315552 -0.096506387 -2.963818789 -0.993713200 0.016507758 0.110732056 57.218021393
0.119106255 0.094107077 0.988411665 49.267456055 0.005648982 0.995417655 -0.095454849 -3.029179573 -0.992865562 0.016952788 0.118028872 57.326194763
0.126634732 0.090320684 0.987828732 50.093330383 0.005486337 0.995766997 -0.091749825 -3.102224588 -0.991934240 0.017038278 0.125603139 57.439872742
0.133914769 0.084632240 0.987372339 50.899452209 0.003262145 0.996303618 -0.085840195 -3.175308943 -0.990987480 0.014716224 0.133143678 57.558059692
0.141527712 0.077469215 0.986898422 51.709461212 0.000856121 0.996923208 -0.078378908 -3.232999563 -0.989933968 0.011937689 0.141025946 57.671363831
0.148691416 0.074698150 0.986058474 52.511554718 -0.000618333 0.997149765 -0.075445130 -3.311584473 -0.988883376 0.010608331 0.148313820 57.799419403
0.155997142 0.076296143 0.984806538 53.313796997 -0.000753180 0.997021317 -0.077123158 -3.374617338 -0.987757206 0.011289257 0.155589938 57.933681488
0.161409751 0.082821526 0.983406186 54.092205048 0.000066672 0.996471405 -0.083932817 -3.433501959 -0.986887455 0.013613137 0.160834670 58.068668365
0.167282745 0.087184712 0.982046545 54.870918274 -0.001373517 0.996101916 -0.088198565 -3.483027697 -0.985907912 0.013405238 0.166750416 58.195316315
0.171774507 0.089775838 0.981037199 55.634292603 -0.002520905 0.995875835 -0.090692334 -3.553877354 -0.985133052 0.013105530 0.171292379 58.344795227
0.176931217 0.089140467 0.980178237 56.404560089 -0.005045869 0.995959163 -0.089664817 -3.624149323 -0.984210253 0.010918652 0.176666051 58.493865967
0.182052583 0.086177349 0.979505062 57.187221527 -0.001900449 0.996181011 -0.087291270 -3.698675632 -0.983286977 0.014030103 0.181521103 58.639347076
0.186535150 0.079819307 0.979200423 57.946804047 -0.000835041 0.996706665 -0.081087247 -3.752708912 -0.982447982 0.014307949 0.185987502 58.786739349
0.189887941 0.073773585 0.979030073 58.695343018 -0.002733043 0.997208834 -0.074613310 -3.812432528 -0.981801927 0.011492440 0.189559549 58.935253143
0.192972317 0.070001997 0.978703856 59.431640625 -0.006166245 0.997518718 -0.070131920 -3.875125885 -0.981184900 0.007498589 0.192925140 59.094615936
0.196424767 0.070071824 0.978011847 60.161125183 -0.008019246 0.997524559 -0.069859251 -3.926202297 -0.980486095 0.005879170 0.196500465 59.242134094
0.198264942 0.072198063 0.977485776 60.879806519 -0.009811616 0.997379601 -0.071677327 -3.978513002 -0.980099380 0.004620390 0.198453784 59.399520874
0.199800625 0.076388888 0.976854384 61.581371307 -0.013958231 0.997077227 -0.075115338 -4.032925606 -0.979737163 0.001372933 0.200282902 59.553199768
0.201666981 0.080695361 0.976124346 62.269412994 -0.015224644 0.996738136 -0.079254091 -4.084361076 -0.979335904 0.001121788 0.202237725 59.706508636
0.203550324 0.086009085 0.975279272 62.949298859 -0.015145016 0.996291280 -0.084701210 -4.136830330 -0.978947401 0.002470338 0.204098016 59.859897614
0.205294281 0.087821178 0.974752128 63.625343323 -0.014748812 0.996130347 -0.086641006 -4.195662022 -0.978589237 0.003410468 0.205795139 60.003192902
0.206808195 0.087563053 0.974455237 64.298255920 -0.016710775 0.996157825 -0.085966691 -4.249541759 -0.978238821 0.001494716 0.207476869 60.147068024
0.207585588 0.084711425 0.974542022 64.972473145 -0.016656330 0.996405005 -0.083063923 -4.308074474 -0.978075027 0.001010573 0.208250299 60.301406860
0.208244875 0.082294628 0.974608362 65.627304077 -0.016676007 0.996607900 -0.080589063 -4.361665249 -0.977934480 0.000529679 0.208910823 60.442810059
0.208239987 0.080852956 0.974730134 66.272598267 -0.015561949 0.996725142 -0.079352774 -4.415793896 -0.977953911 0.001355718 0.208816275 60.581291199
0.205949157 0.080451302 0.975249946 66.904968262 -0.016032629 0.996758342 -0.078839891 -4.463267803 -0.978431284 0.000601189 0.206571400 60.728393555
0.204938620 0.081003167 0.975417137 67.529403687 -0.017014313 0.996713698 -0.079196945 -4.519164085 -0.978626907 -0.000365541 0.205643356 60.853809357
0.202536821 0.083847396 0.975678444 68.143196106 -0.017877575 0.996478260 -0.081923753 -4.571515083 -0.979111373 -0.000850188 0.203322574 60.994586945
0.200143039 0.087585494 0.975844026 68.739845276 -0.015884897 0.996155560 -0.086150579 -4.622553825 -0.979637861 0.001741255 0.200764880 61.117988586
0.198351324 0.088486545 0.976128519 69.346725464 -0.013678363 0.996069312 -0.087514706 -4.669253349 -0.980035543 0.004006821 0.198782027 61.245208740
0.196670473 0.087604925 0.976548016 69.934104919 -0.014305837 0.996150672 -0.086482346 -4.712853909 -0.980365217 0.003038188 0.197166696 61.357028961
0.193969458 0.084468596 0.977364242 70.511711121 -0.015009921 0.996425092 -0.083137043 -4.766865730 -0.980892718 0.001455886 0.194543928 61.478012085
0.191845492 0.080440715 0.978122950 71.089279175 -0.014420056 0.996758759 -0.079145037 -4.818438530 -0.981319129 0.001079030 0.192383662 61.595012665
0.190048784 0.079528302 0.978548169 71.643089294 -0.010799827 0.996822774 -0.078916013 -4.865682602 -0.981715202 0.004429742 0.190303847 61.693866730
0.188259885 0.081354089 0.978743911 72.207504272 -0.007573805 0.996653855 -0.081385963 -4.907539845 -0.982090056 0.007908896 0.188246116 61.802783966
0.185873866 0.083120801 0.979051530 72.755523682 -0.003259274 0.996462047 -0.083980188 -4.950919628 -0.982568264 0.012418722 0.185487181 61.902442932
0.184340090 0.085272923 0.979156435 73.302215576 -0.003820223 0.996283948 -0.086045310 -4.989387035 -0.982855082 0.012121003 0.183980852 61.999824524
0.182828858 0.087730095 0.979222715 73.837127686 -0.004450645 0.996074378 -0.088408902 -5.036478519 -0.983134747 0.011805524 0.182501599 62.101631165
0.181956470 0.085743926 0.979561031 74.393218994 -0.002007934 0.996221185 -0.086829275 -5.087573528 -0.983304560 0.013832250 0.181441039 62.202140808
0.182536364 0.084497228 0.979561448 74.932701111 0.003505690 0.996237934 -0.086589016 -5.128689289 -0.983192801 0.019239685 0.181553453 62.297752380
0.184751466 0.082567260 0.979310691 75.487831116 0.008558881 0.996291637 -0.085613623 -5.170185566 -0.982748032 0.024199046 0.183359668 62.395557404
0.187021777 0.082097366 0.978919268 76.035987854 0.011551573 0.996248901 -0.085757673 -5.209956646 -0.982287884 0.027346607 0.185371906 62.489486694
0.190222517 0.082131542 0.978299439 76.585906982 0.008548019 0.996318042 -0.085306361 -5.254384995 -0.981703758 0.024589710 0.188820064 62.603855133
0.195334941 0.082353011 0.977272809 77.150131226 0.007610586 0.996310890 -0.085478500 -5.305275440 -0.980707109 0.024134556 0.193987578 62.737560272
0.202321067 0.081333354 0.975935936 77.719306946 0.009064644 0.996347129 -0.084913574 -5.347589016 -0.979277313 0.026026318 0.200844765 62.853618622
0.209708109 0.081834339 0.974333405 78.262298584 0.006349092 0.996356428 -0.085050598 -5.385340691 -0.977743387 0.024021933 0.208424464 62.972354889
0.217971668 0.079788148 0.972688079 78.835075378 0.006969938 0.996499896 -0.083303310 -5.427954674 -0.975930214 0.024937337 0.216652617 63.111141205
0.226967931 0.079334825 0.970665514 79.410003662 0.003463297 0.996604502 -0.082264699 -5.476337433 -0.973896027 0.022033151 0.225922525 63.254764557
0.236407727 0.079087377 0.968429983 79.995590210 0.002178887 0.996636271 -0.081922777 -5.523317814 -0.971651554 0.021477276 0.235440224 63.409053802
0.245916113 0.083122499 0.965720415 80.580642700 -0.003466423 0.996385157 -0.084879212 -5.570555210 -0.969284892 0.017525569 0.245315343 63.580200195
0.255437732 0.085254245 0.963059306 81.189521790 -0.006876171 0.996239603 -0.086367697 -5.613896370 -0.966801107 0.015439411 0.255063444 63.757904053
0.266428649 0.087960318 0.959832609 81.785697937 -0.010627578 0.996034741 -0.088327929 -5.659202576 -0.963795960 0.013332400 0.266306996 63.922920227
0.276607066 0.089673296 0.956790030 82.400909424 -0.012065389 0.995882332 -0.089849040 -5.712218761 -0.960907340 0.013308833 0.276549965 64.114570618
0.286348701 0.090579234 0.953834295 83.025032043 -0.014924511 0.995822132 -0.090086088 -5.759674549 -0.958009124 0.011560521 0.286504239 64.315155029
0.296733379 0.091168165 0.950598538 83.653114319 -0.016442873 0.995772719 -0.090367913 -5.814703465 -0.954818726 0.011184606 0.296978086 64.517662048
0.307001978 0.092053778 0.947246492 84.285293579 -0.020139923 0.995716810 -0.090236805 -5.855786800 -0.951495767 0.008625403 0.307540953 64.735359192
0.317216694 0.087448545 0.944312632 84.943771362 -0.019393628 0.996129394 -0.085732304 -5.901749611 -0.948154807 0.008882069 0.317684829 64.968437195
0.328365415 0.080072023 0.941150725 85.606254578 -0.015854092 0.996727228 -0.079268955 -5.958011627 -0.944417775 0.011108092 0.328560203 65.192291260
0.339029014 0.076004699 0.937700629 86.271438599 -0.014683157 0.997037232 -0.075505435 -6.008507252 -0.940661311 0.011830128 0.339140534 65.448966980
0.349259734 0.072586820 0.934210181 86.951454163 -0.015846070 0.997310042 -0.071565442 -6.063098907 -0.936891913 0.010191360 0.349470407 65.713821411
0.358896583 0.070473917 0.930712938 87.637298584 -0.009433542 0.997368336 -0.071883366 -6.098741055 -0.933329642 0.017018773 0.358616918 65.977005005
0.367566466 0.064832062 0.927734673 88.348434448 -0.002450065 0.997631311 -0.068745859 -6.139252663 -0.929993927 0.022995664 0.366854638 66.252410889
0.374622285 0.055515654 0.925513983 89.067863464 0.007135944 0.998003662 -0.062752284 -6.182368279 -0.927150011 0.030112820 0.373478264 66.531623840
0.381623417 0.050970487 0.922911465 89.777740479 0.012411379 0.998105943 -0.060255408 -6.226563454 -0.924234509 0.034449484 0.380267978 66.825851440
0.388901293 0.050825115 0.919876397 90.482223511 0.014270747 0.998024940 -0.061176307 -6.277820587 -0.921168923 0.036918875 0.387407869 67.127838135
0.396461070 0.057069521 0.916275978 91.195663452 0.016798668 0.997447908 -0.069393814 -6.316409588 -0.917897820 0.042904161 0.394490570 67.434043884
0.403516829 0.061549854 0.912899673 91.900215149 0.020554665 0.996873200 -0.076297045 -6.359651566 -0.914741337 0.049551494 0.400989920 67.742401123
0.408881932 0.063518539 0.910374105 92.606895447 0.018740838 0.996779919 -0.077964433 -6.412882805 -0.912394881 0.048939425 0.406374931 68.063758850
0.413130224 0.065274656 0.908329606 93.297645569 0.011423286 0.996977925 -0.076840714 -6.469134331 -0.910600364 0.042121328 0.411136001 68.393791199
0.417132229 0.069116600 0.906213880 93.987060547 0.004619148 0.996930003 -0.078161687 -6.524700642 -0.908834100 0.036789697 0.415532380 68.732040405
0.421278059 0.072153710 0.904056728 94.671447754 0.003865566 0.996678352 -0.081347227 -6.585164070 -0.906923294 0.037764505 0.419599742 69.051139832
0.425118953 0.076419249 0.901905775 95.341857910 0.000744508 0.996399701 -0.084776722 -6.642520428 -0.905137181 0.036711670 0.423531473 69.377822876
0.428708673 0.079405189 0.899946451 96.004974365 -0.002361977 0.996225119 -0.086774983 -6.700817108 -0.903439701 0.035075538 0.427277893 69.700447083
0.432472825 0.077710450 0.898291826 96.656661987 -0.003453415 0.996414423 -0.084536321 -6.762588978 -0.901640296 0.033457492 0.431190521 70.023933411
0.436682642 0.074540019 0.896522224 97.309051514 -0.002276710 0.996649802 -0.081756040 -6.822505951 -0.899612784 0.033660322 0.435389370 70.345130920
0.440106899 0.071868509 0.895064712 97.951347351 -0.002559081 0.996888280 -0.078786038 -6.878163815 -0.897941768 0.032383736 0.438921303 70.665466309
0.443775654 0.070942886 0.893325388 98.584190369 -0.003660721 0.996996701 -0.077357344 -6.937101364 -0.896130443 0.031059092 0.442702532 70.987884521
0.447155476 0.072695471 0.891497254 99.195419312 -0.005953359 0.996911645 -0.078305207 -6.990177631 -0.894436479 0.029707203 0.446207285 71.301177979
0.449459106 0.073497966 0.890272141 99.805099487 -0.005454540 0.996816754 -0.079540186 -7.044805050 -0.893284321 0.030894037 0.448429227 71.620391846
0.451412976 0.071244583 0.889466405 100.398033142 -0.003077919 0.996925950 -0.078289822 -7.099522591 -0.892309904 0.032603331 0.450244546 71.928497314
0.453450918 0.070192970 0.888512969 100.994514465 -0.001331488 0.996946335 -0.078079730 -7.153337955 -0.891280293 0.034222282 0.452159643 72.227035522
0.455349952 0.070106633 0.887548029 101.589286804 -0.002417196 0.996988654 -0.077511124 -7.201001644 -0.890309274 0.033149306 0.454148144 72.541358948
0.457371980 0.069335088 0.886568427 102.166259766 -0.000827454 0.996988535 -0.077543765 -7.251697063 -0.889275134 0.034732752 0.456052065 72.840980530
0.459854662 0.071376801 0.885120928 102.727317810 -0.001767887 0.996835947 -0.079467103 -7.297757149 -0.887992442 0.034978520 0.458525836 73.134132385
0.462749898 0.071097031 0.883633256 103.285087585 0.001731266 0.996704340 -0.081101358 -7.347068310 -0.886487186 0.039059449 0.461101741 73.426261902
0.465912044 0.070745006 0.881998360 103.837173462 0.003033325 0.996665061 -0.081544742 -7.396900654 -0.884825885 0.040668059 0.464143664 73.718688965
0.468717843 0.068719462 0.880670905 104.375679016 0.006162115 0.996690750 -0.081052236 -7.452396393 -0.883326530 0.043417417 0.466743261 74.024879456
0.472248793 0.067812651 0.878852963 104.891059875 0.006837060 0.996724546 -0.080581546 -7.500973701 -0.881438792 0.044063311 0.470238417 74.275527954
0.475615084 0.067538001 0.877056956 105.411621094 0.008229029 0.996662974 -0.081210792 -7.542919636 -0.879615068 0.045842398 0.473472208 74.557655334
0.479107499 0.066549055 0.875229836 105.926651001 0.008654505 0.996715069 -0.080523871 -7.594183922 -0.877713621 0.046154276 0.476957768 74.842994690
0.482085526 0.065849788 0.873646021 106.431945801 0.010473912 0.996667087 -0.080901906 -7.638522148 -0.876061499 0.048152134 0.479789048 75.132049561
0.486275584 0.067149267 0.871221602 106.936393738 0.009889597 0.996556103 -0.082329333 -7.684716225 -0.873749554 0.048650768 0.483936816 75.409141541
0.489980727 0.067495100 0.869116426 107.434883118 0.011785659 0.996394038 -0.084023811 -7.733466625 -0.871653616 0.051413156 0.487418383 75.708412170
0.495185465 0.070867822 0.865892112 107.919578552 0.009321990 0.996176779 -0.086861849 -7.781138420 -0.868737280 0.051084559 0.492631614 75.984191895
0.500787914 0.076705873 0.862164557 108.403831482 0.006053861 0.995730817 -0.092105508 -7.825560570 -0.865548968 0.051344741 0.498185515 76.271987915
0.506318927 0.083859690 0.858259141 108.885093689 0.000773124 0.995215833 -0.097697698 -7.875886917 -0.862345934 0.050129730 0.503831863 76.576507568
0.512153268 0.089910962 0.854175091 109.366363525 -0.004455467 0.994770467 -0.102038667 -7.930366993 -0.858882546 0.048453685 0.509875596 76.883506775
0.518261909 0.094551884 0.849979162 109.835418701 -0.008019324 0.994363308 -0.105723545 -7.983012199 -0.855184317 0.047976229 0.516098857 77.197349548
0.524253845 0.094924524 0.846254826 110.317497253 -0.012538164 0.994520426 -0.103788115 -8.029661179 -0.851469696 0.043800831 0.522571325 77.487937927
0.529862523 0.094206676 0.842834890 110.813880920 -0.019019859 0.994881272 -0.099244282 -8.080264091 -0.847870231 0.036555219 0.528942108 77.815277100
0.535239875 0.091310129 0.839750409 111.306159973 -0.024893701 0.995413601 -0.092369422 -8.136668205 -0.844333172 0.028535299 0.535058081 78.156631470
0.541407168 0.089715831 0.835960209 111.809806824 -0.031277709 0.995751441 -0.086607821 -8.189981461 -0.840178549 0.020743169 0.541912913 78.497634888
0.547327280 0.088022068 0.832277000 112.315704346 -0.034156755 0.995974660 -0.082872421 -8.238732338 -0.836221397 0.016930455 0.548130512 78.849975586
0.553660035 0.091741696 0.827673852 112.828559875 -0.039015364 0.995679259 -0.084265135 -8.282039642 -0.831828356 0.014362241 0.554847062 79.209869385
0.559830189 0.095759235 0.823055565 113.342002869 -0.042986341 0.995318592 -0.086562693 -8.326728821 -0.827491701 0.013080258 0.561325610 79.574256897
0.565524220 0.098860174 0.818785071 113.876808167 -0.046151452 0.995027542 -0.088263467 -8.383995056 -0.823439360 0.012127004 0.567274690 79.970748901
0.572081625 0.101107985 0.813940823 114.413726807 -0.048356265 0.994804382 -0.089587502 -8.429918289 -0.818769991 0.011892222 0.573998570 80.355621338
