1.000000000 0.000000000 0.000000000 0.000000000 0.000000000 1.000000000 0.000000000 0.000000000 0.000000000 0.000000000 1.000000000 0.000000000
1.000000000 -0.000053474 0.000115613 -0.014560181 0.000053307 0.999998987 0.001442968 -0.012593001 -0.000115690 -0.001442962 0.999998927 1.315685749
0.999998569 -0.001581846 -0.000638112 -0.011530045 0.001582974 0.999997199 0.001770490 -0.039134525 0.000635309 -0.001771498 0.999998212 2.617485523
0.999996006 -0.002757218 -0.000607399 -0.016890429 0.002757641 0.999995947 0.000696116 -0.054051749 0.000605477 -0.000697788 0.999999523 3.929551601
0.999995232 -0.003025957 -0.000601796 -0.025602017 0.003026426 0.999995112 0.000779576 -0.072018765 0.000599434 -0.000781393 0.999999523 5.255420208
0.999993443 -0.003554499 -0.000567595 -0.026326006 0.003555457 0.999992192 0.001695964 -0.097724415 0.000561562 -0.001697971 0.999998391 6.572154522
0.999987185 -0.005055791 -0.000245983 -0.033762433 0.005056433 0.999983668 0.002681151 -0.110939838 0.000232424 -0.002682360 0.999996364 7.897158623
0.999988973 -0.004681088 -0.000302064 -0.040298887 0.004682093 0.999983132 0.003420154 -0.135211930 0.000286049 -0.003421530 0.999994040 9.235280991
0.999993682 -0.003518067 -0.000481524 -0.051297326 0.003518788 0.999992728 0.001504823 -0.151545450 0.000476227 -0.001506508 0.999998808 10.581179619
0.999998748 -0.001363477 -0.000812468 -0.052589744 0.001363153 0.999999046 -0.000398845 -0.174181134 0.000813011 0.000397738 0.999999583 11.935802460
0.999997199 0.002301338 -0.000363497 -0.076441921 -0.002301801 0.999996483 -0.001278613 -0.202972233 0.000360553 0.001279446 0.999999106 13.245713234
0.999989092 0.004621907 -0.000541436 -0.086738423 -0.004622657 0.999988258 -0.001394422 -0.225645214 0.000534985 0.001396909 0.999998808 14.587219238
0.999983549 0.005738050 -0.000075629 -0.101277463 -0.005738077 0.999983490 -0.000346324 -0.249055043 0.000073640 0.000346752 0.999999940 15.933868408
0.999994516 0.003310817 0.000120457 -0.102935262 -0.003311109 0.999991357 0.002520909 -0.268952966 -0.000112109 -0.002521294 0.999996841 17.288368225
0.999999464 -0.001066576 0.000058144 -0.095871806 0.001066312 0.999989927 0.004356595 -0.292450666 -0.000062790 -0.004356531 0.999990523 18.659614563
0.999993861 -0.003504870 0.000103482 -0.105225213 0.003504649 0.999991834 0.002066952 -0.307912260 -0.000110726 -0.002066577 0.999997795 19.987604141
0.999991179 -0.004204001 0.000202007 -0.117859639 0.004203968 0.999991119 0.000163815 -0.324698657 -0.000202693 -0.000162964 0.999999940 21.332279205
0.999997020 -0.001812348 0.001611565 -0.142261371 0.001814742 0.999997139 -0.001485082 -0.344809383 -0.001608869 0.001488002 0.999997556 22.674095154
0.999997795 0.001188638 0.001719329 -0.131283924 -0.001189656 0.999999046 0.000591754 -0.371561855 -0.001718624 -0.000593798 0.999998331 24.046087265
0.999995828 0.001666639 0.002324684 -0.135418549 -0.001676469 0.999989629 0.004233220 -0.390988797 -0.002317604 -0.004237100 0.999988317 25.425849915
0.999995291 -0.000693832 0.002963372 -0.137881801 0.000675547 0.999980807 0.006167184 -0.404392421 -0.002967593 -0.006165153 0.999976575 26.798629761
0.999980569 -0.005952915 0.001848580 -0.117225945 0.005944719 0.999972641 0.004408159 -0.425743729 -0.001874771 -0.004397084 0.999988556 28.194686890
0.999981463 -0.005706365 0.002117953 -0.123528160 0.005701494 0.999981105 0.002299216 -0.440021932 -0.002131034 -0.002287098 0.999995112 29.566352844
0.999974549 -0.006554333 0.002808957 -0.129648477 0.006555618 0.999978423 -0.000448618 -0.461509347 -0.002805956 0.000467022 0.999995947 30.936277390
0.999988139 -0.003347643 0.003534528 -0.140843004 0.003350600 0.999994040 -0.000830792 -0.487753510 -0.003531727 0.000842626 0.999993443 32.315727234
0.999989986 -0.002650904 0.003591034 -0.134744108 0.002662349 0.999991357 -0.003185943 -0.510759532 -0.003582558 0.003195471 0.999988496 33.705371857
0.999991536 -0.001911944 0.003654836 -0.133819193 0.001920914 0.999995112 -0.002452444 -0.534167230 -0.003650130 0.002459444 0.999990344 35.099166870
0.999992311 -0.001132567 0.003754328 -0.147408441 0.001138780 0.999997914 -0.001653006 -0.555606663 -0.003752448 0.001657269 0.999991596 36.481052399
0.999994278 0.000122783 0.003375710 -0.151603818 -0.000123347 0.999999881 0.000167003 -0.580922067 -0.003375690 -0.000167418 0.999994338 37.882907867
0.999990463 0.002799684 0.003351841 -0.153077573 -0.002801750 0.999995887 0.000611646 -0.610705912 -0.003350115 -0.000621031 0.999994218 39.294044495
0.999977171 0.005516414 0.003908907 -0.166540995 -0.005516749 0.999984741 0.000074733 -0.629634738 -0.003908436 -0.000096296 0.999992371 40.685634613
0.999964654 0.007542827 0.003707228 -0.165650368 -0.007544306 0.999971390 0.000384907 -0.649476409 -0.003704218 -0.000412862 0.999993026 42.104568481
0.999958694 0.008469087 0.003309767 -0.169143930 -0.008469904 0.999964058 0.000233031 -0.669122577 -0.003307674 -0.000261055 0.999994457 43.509944916
0.999967754 0.007492839 0.002880523 -0.169877112 -0.007493627 0.999971807 0.000262320 -0.696759939 -0.002878477 -0.000283897 0.999995828 44.928966522
0.999976456 0.006545896 0.002074903 -0.169460773 -0.006545437 0.999978483 -0.000228545 -0.715729892 -0.002076354 0.000214959 0.999997854 46.331947327
0.999982655 0.005781946 0.001072685 -0.171651185 -0.005782116 0.999983251 0.000155847 -0.742246568 -0.001071766 -0.000162047 0.999999344 47.751396179
0.999982476 0.005917572 -0.000040890 -0.175433084 -0.005917515 0.999981642 0.001268043 -0.762378693 0.000048393 -0.001267779 0.999999166 49.179870605
0.999978304 0.006488319 -0.001117973 -0.184358254 -0.006487039 0.999978304 0.001145994 -0.787101209 0.001125384 -0.001138717 0.999998689 50.590778351
0.999974191 0.006841295 -0.002157977 -0.199848711 -0.006837863 0.999975443 0.001593996 -0.806726992 0.002168829 -0.001579199 0.999996424 52.008235931
0.999971986 0.006708076 -0.003323192 -0.212132454 -0.006699805 0.999974430 0.002493527 -0.829762757 0.003339834 -0.002471192 0.999991298 53.420234680
0.999977350 0.005404891 -0.004001710 -0.222818226 -0.005390733 0.999979198 0.003540070 -0.849959731 0.004020760 -0.003518419 0.999985635 54.860881805
0.999983788 0.003182231 -0.004728464 -0.231639743 -0.003164228 0.999987721 0.003810040 -0.872906148 0.004740530 -0.003795016 0.999981582 56.289604187
0.999987423 0.001267321 -0.004856283 -0.250308067 -0.001252867 0.999994755 0.002978175 -0.890837252 0.004860034 -0.002972054 0.999983728 57.697261810
0.999987245 0.000292000 -0.005055492 -0.263556123 -0.000274181 0.999993801 0.003524996 -0.911815405 0.005056491 -0.003523564 0.999980986 59.119735718
0.999989271 -0.001017877 -0.004502193 -0.272877425 0.001035783 0.999991536 0.003976588 -0.931755543 0.004498105 -0.003981208 0.999981940 60.542991638
0.999988198 -0.002560349 -0.004127202 -0.279302031 0.002580750 0.999984324 0.004945265 -0.950310528 0.004114476 -0.004955857 0.999979258 61.977775574
0.999988019 -0.003604188 -0.003312123 -0.299844205 0.003619093 0.999983311 0.004504979 -0.975818694 0.003295831 -0.004516913 0.999984324 63.376647949
0.999984145 -0.004900539 -0.002774396 -0.311799020 0.004910769 0.999981165 0.003692531 -0.993297458 0.002756248 -0.003706097 0.999989271 64.787910461
0.999982774 -0.005320546 -0.002486957 -0.310318112 0.005329138 0.999979794 0.003461329 -1.019067049 0.002468490 -0.003474522 0.999990940 66.207130432
0.999989212 -0.004365743 -0.001597739 -0.317708969 0.004370908 0.999985218 0.003243933 -1.037004471 0.001583553 -0.003250881 0.999993503 67.624046326
0.999998868 -0.000918665 -0.001213830 -0.336390108 0.000924038 0.999989748 0.004433658 -1.054343224 0.001209745 -0.004434776 0.999989450 69.031723022
0.999997735 0.002127668 -0.000325063 -0.352209032 -0.002125772 0.999981344 0.005722399 -1.074319601 0.000337232 -0.005721695 0.999983609 70.422538757
0.999981105 0.006119858 0.000544678 -0.363931447 -0.006123238 0.999960542 0.006437231 -1.096416235 -0.000505261 -0.006440444 0.999979138 71.829536438
0.999949932 0.009944044 0.001138726 -0.379448086 -0.009950690 0.999932528 0.005986601 -1.111217618 -0.001079118 -0.005997632 0.999981403 73.227195740
0.999908805 0.013403167 0.001641157 -0.390037209 -0.013411776 0.999895751 0.005353524 -1.134765983 -0.001569232 -0.005375046 0.999984324 74.631072998
0.999881208 0.015228414 0.002380003 -0.398327887 -0.015240972 0.999869525 0.005350497 -1.154384017 -0.002298214 -0.005386135 0.999982774 76.021896362
0.999884307 0.015006230 0.002490092 -0.403005362 -0.015020317 0.999870718 0.005739302 -1.170413494 -0.002403645 -0.005776040 0.999980450 77.423164368
0.999893308 0.014327078 0.002843113 -0.411083579 -0.014342058 0.999882996 0.005320084 -1.190258980 -0.002766559 -0.005360293 0.999981821 78.797485352
0.999914467 0.012796936 0.002675393 -0.415044546 -0.012808973 0.999907672 0.004531922 -1.209605098 -0.002617151 -0.004565804 0.999986172 80.183380127
0.999922156 0.012276843 0.002229548 -0.418435514 -0.012286968 0.999913990 0.004585429 -1.228970051 -0.002173061 -0.004612466 0.999987006 81.557571411
0.999925315 0.012068753 0.001926157 -0.418083876 -0.012077689 0.999916017 0.004696841 -1.247504115 -0.001869310 -0.004719754 0.999987125 82.936698914
0.999935091 0.011341544 0.001013112 -0.414275199 -0.011345683 0.999926865 0.004177646 -1.265154362 -0.000965657 -0.004188869 0.999990761 84.319641113
0.999932647 0.011596184 0.000477434 -0.430687726 -0.011598257 0.999922156 0.004597622 -1.281311750 -0.000424082 -0.004602850 0.999989331 85.688468933
0.999940574 0.010882680 -0.000537582 -0.431515843 -0.010879503 0.999925077 0.005594793 -1.304417610 0.000598428 -0.005588612 0.999984205 87.046836853
0.999960124 0.008792399 -0.001525289 -0.446393311 -0.008782389 0.999940634 0.006450423 -1.316938162 0.001581913 -0.006436770 0.999978065 88.469024658
0.999970436 0.007172159 -0.002774749 -0.445396423 -0.007152518 0.999949753 0.007024889 -1.344940066 0.002824994 -0.007004836 0.999971449 89.809989929
0.999983370 0.004452533 -0.003678244 -0.454101205 -0.004425777 0.999963880 0.007250826 -1.362790346 0.003710397 -0.007234426 0.999966919 91.178657532
0.999986112 0.003093384 -0.004257561 -0.462868333 -0.003064925 0.999972999 0.006674756 -1.382940531 0.004278094 -0.006661614 0.999968648 92.541053772
0.999986529 0.002293030 -0.004640906 -0.475058794 -0.002263060 0.999976635 0.006452700 -1.399871588 0.004655594 -0.006442111 0.999968410 93.877059937
0.999986827 0.002521864 -0.004465336 -0.491230011 -0.002496229 0.999980390 0.005737319 -1.417050481 0.004479717 -0.005726096 0.999973536 95.231994629
0.999988675 0.002458688 -0.004095809 -0.514700532 -0.002436767 0.999982774 0.005348298 -1.435184240 0.004108889 -0.005338256 0.999977291 96.590179443
0.999987125 0.003317108 -0.003826468 -0.529366374 -0.003300811 0.999985516 0.004257473 -1.449385762 0.003840535 -0.004244788 0.999983609 97.921417236
0.999984026 0.004625114 -0.003211639 -0.556150019 -0.004610753 0.999979436 0.004464817 -1.465428591 0.003232223 -0.004449938 0.999984860 99.266777039
0.999981463 0.005164096 -0.003198783 -0.556767821 -0.005144320 0.999967813 0.006159378 -1.489341259 0.003230487 -0.006142810 0.999975860 100.592636108
0.999976456 0.006053530 -0.003199763 -0.577416182 -0.006029162 0.999953210 0.007571001 -1.504569769 0.003245444 -0.007551531 0.999966204 101.921493530
0.999979317 0.005702052 -0.003024264 -0.577376008 -0.005684385 0.999966919 0.005818241 -1.525013208 0.003057340 -0.005800929 0.999978483 103.291282654
0.999979973 0.005569822 -0.003026786 -0.593343854 -0.005559129 0.999978304 0.003529448 -1.538664103 0.003046379 -0.003512551 0.999989152 104.614746094
0.999981940 0.005014346 -0.003299501 -0.598789692 -0.005006610 0.999984622 0.002348738 -1.564106464 0.003311228 -0.002332176 0.999991775 105.945274353
0.999991715 0.002521750 -0.003203117 -0.610773265 -0.002510345 0.999990463 0.003560137 -1.581500769 0.003212065 -0.003552066 0.999988556 107.270172119
0.999997139 0.000799452 -0.002259391 -0.629017830 -0.000787144 0.999984980 0.005443252 -1.596941948 0.002263708 -0.005441458 0.999982655 108.596717834
0.999998271 -0.001002200 -0.001590960 -0.636620820 0.001012056 0.999980211 0.006206318 -1.619337559 0.001584709 -0.006207917 0.999979556 109.927497864
0.999999285 -0.001088750 -0.000508527 -0.653065801 0.001090967 0.999989808 0.004379752 -1.629405499 0.000503754 -0.004380303 0.999990284 111.265609741
0.999999702 0.000732580 0.000313330 -0.663720012 -0.000733304 0.999997020 0.002316836 -1.649010181 -0.000311632 -0.002317065 0.999997318 112.595405579
0.999994159 0.003078759 0.001575741 -0.678901434 -0.003078955 0.999995232 0.000122117 -1.671147585 -0.001575358 -0.000126968 0.999998748 113.909324646
0.999978125 0.006012973 0.002760126 -0.684705019 -0.006013587 0.999981821 0.000213972 -1.691959381 -0.002758790 -0.000230566 0.999996185 115.230499268
0.999965668 0.007164374 0.004170498 -0.687458754 -0.007173678 0.999971807 0.002219710 -1.714450479 -0.004154477 -0.002249551 0.999988854 116.570785522
0.999961793 0.007111000 0.005091775 -0.683236301 -0.007133763 0.999964595 0.004466114 -1.732185125 -0.005059836 -0.004502267 0.999977112 117.903472900
0.999960005 0.006568744 0.006072194 -0.689795256 -0.006599784 0.999965191 0.005106067 -1.752099276 -0.006038442 -0.005145938 0.999968529 119.237487793
0.999950528 0.007229635 0.006841325 -0.679657638 -0.007257375 0.999965549 0.004038654 -1.763188481 -0.006811892 -0.004088104 0.999968469 120.589172363
0.999925911 0.008870260 0.008339307 -0.685553074 -0.008904999 0.999951780 0.004137808 -1.788142204 -0.008302203 -0.004211764 0.999956608 121.905212402
0.999896765 0.010613710 0.009685460 -0.682984352 -0.010651185 0.999935925 0.003825948 -1.800599813 -0.009644233 -0.003928714 0.999945760 123.251907349
0.999871254 0.011880901 0.010785971 -0.684566021 -0.011909591 0.999925673 0.002599477 -1.822507977 -0.010754285 -0.002727599 0.999938428 124.572174072
0.999839008 0.013320868 0.012019341 -0.682734013 -0.013339916 0.999909878 0.001506028 -1.836346745 -0.011998197 -0.001666123 0.999926567 125.922248840
0.999846935 0.011916646 0.012806575 -0.671680212 -0.011938748 0.999927342 0.001650712 -1.858760953 -0.012785973 -0.001803354 0.999916613 127.264167786
0.999837339 0.011711146 0.013715750 -0.663953424 -0.011749616 0.999927163 0.002727516 -1.876646876 -0.013682811 -0.002888227 0.999902189 128.606048584
0.999847233 0.009763390 0.014497576 -0.652294159 -0.009816957 0.999945223 0.003628327 -1.895148993 -0.014461359 -0.003770095 0.999888301 129.961349487
0.999846458 0.008921906 0.015084843 -0.637829065 -0.008983199 0.999951661 0.004000369 -1.910415530 -0.015048426 -0.004135265 0.999878168 131.311294556
0.999861717 0.007051040 0.015062874 -0.625354290 -0.007110089 0.999967217 0.003870244 -1.924631953 -0.015035091 -0.003976807 0.999879003 132.659835815
0.999871075 0.005708016 0.015009691 -0.622857809 -0.005776235 0.999973178 0.004505528 -1.943682194 -0.014983571 -0.004591648 0.999877155 133.987289429
0.999884605 0.004006866 0.014650045 -0.609712720 -0.004070380 0.999982476 0.004308105 -1.962045074 -0.014632526 -0.004367239 0.999883473 135.333129883
0.999906719 0.002786997 0.013367719 -0.601928830 -0.002842962 0.999987364 0.004169402 -1.976449370 -0.013355929 -0.004207018 0.999901950 136.661437988
0.999929845 0.001314367 0.011774389 -0.575917959 -0.001370666 0.999987602 0.004774686 -1.991981506 -0.011767968 -0.004790489 0.999919295 138.019744873
0.999942601 -0.000157645 0.010712988 -0.565535188 0.000103418 0.999987125 0.005062208 -2.010529041 -0.010713645 -0.005060809 0.999929845 139.362228394
0.999958754 0.000141166 0.009083102 -0.551056981 -0.000183233 0.999989212 0.004630669 -2.023264408 -0.009082351 -0.004632141 0.999948025 140.717391968
0.999967217 -0.000728454 0.008063428 -0.548953056 0.000693854 0.999990523 0.004292940 -2.043899536 -0.008066479 -0.004287206 0.999958277 142.057312012
0.999976218 -0.000115573 0.006895377 -0.544256330 0.000090114 0.999993205 0.003692493 -2.059072971 -0.006895756 -0.003691784 0.999969423 143.386611938
0.999978900 -0.002949293 0.005784754 -0.542657554 0.002941659 0.999994814 0.001327800 -2.078053951 -0.005788640 -0.001310755 0.999982417 144.720794678
0.999952912 -0.008373998 0.004898887 -0.533191502 0.008370347 0.999964654 0.000764968 -2.095952034 -0.004905120 -0.000723926 0.999987721 146.085830688
0.999870539 -0.015434974 0.004541301 -0.535546064 0.015419535 0.999875307 0.003415103 -2.115821362 -0.004593447 -0.003344637 0.999983847 147.425903320
0.999744892 -0.022379994 0.003034046 -0.527751088 0.022364922 0.999737799 0.004913716 -2.134328604 -0.003143219 -0.004844606 0.999983311 148.785583496
0.999671161 -0.025612464 0.001231453 -0.508767307 0.025611062 0.999671340 0.001141975 -2.149300575 -0.001260297 -0.001110061 0.999998569 150.118865967
0.999668598 -0.025672216 0.001917089 -0.511586905 0.025676221 0.999668181 -0.002096008 -2.169791222 -0.001862643 0.002144536 0.999995947 151.461242676
0.999755859 -0.021938469 0.002602549 -0.523804784 0.021948749 0.999751151 -0.003990718 -2.203561306 -0.002514351 0.004046866 0.999988675 152.789764404
0.999748051 -0.022149114 0.003639285 -0.532781005 0.022162290 0.999747872 -0.003620515 -2.237145901 -0.003558176 0.003700258 0.999986887 154.113906860
0.999679148 -0.025041454 0.003817822 -0.524299622 0.025043383 0.999686241 -0.000457777 -2.257323742 -0.003805161 0.000553241 0.999992609 155.470108032
0.999533474 -0.030210810 0.004492443 -0.515774369 0.030201213 0.999541402 0.002187953 -2.278539896 -0.004556483 -0.002051255 0.999987543 156.825347900
0.999400795 -0.034343742 0.004313983 -0.511340737 0.034327563 0.999403536 0.003768477 -2.302650690 -0.004440832 -0.003618130 0.999983609 158.163711548
0.999359131 -0.035527412 0.004368451 -0.507314146 0.035512894 0.999363601 0.003356064 -2.315585613 -0.004484903 -0.003198777 0.999984860 159.505233765
0.999410927 -0.033887926 0.005426990 -0.514078021 0.033864558 0.999417007 0.004342927 -2.341420174 -0.005571000 -0.004156586 0.999975801 160.849502563
0.999533355 -0.029857511 0.006463508 -0.520680189 0.029836738 0.999549329 0.003287919 -2.356479168 -0.006558765 -0.003093535 0.999973655 162.191436768
0.999633372 -0.025993085 0.007579352 -0.520795345 0.025984468 0.999661565 0.001232568 -2.378818512 -0.007608826 -0.001035171 0.999970496 163.528320312
0.999698818 -0.023037918 0.008460955 -0.520533442 0.023034051 0.999734402 0.000554223 -2.397209883 -0.008471477 -0.000359166 0.999964058 164.876449585
0.999739707 -0.021046000 0.008805067 -0.522713661 0.021030869 0.999777198 0.001807346 -2.419682264 -0.008841143 -0.001621697 0.999959588 166.224227905
0.999779046 -0.019423790 0.008039768 -0.505477905 0.019412098 0.999810398 0.001529694 -2.444684982 -0.008067952 -0.001373288 0.999966443 167.589126587
0.999820232 -0.017079845 0.008231734 -0.516939044 0.017088976 0.999853432 -0.001040152 -2.462530851 -0.008212762 0.001180637 0.999965549 168.945022583
0.999878407 -0.013572604 0.007674366 -0.516959071 0.013602618 0.999899983 -0.003872160 -2.482626915 -0.007621042 0.003976081 0.999963045 170.290344238
0.999940276 -0.007713594 0.007744641 -0.525890231 0.007752962 0.999957085 -0.005066192 -2.516343594 -0.007705230 0.005125935 0.999957204 171.651290894
0.999960780 -0.003530011 0.008124333 -0.531771541 0.003561597 0.999986172 -0.003876687 -2.542073250 -0.008110537 0.003905470 0.999959469 173.017257690
0.999961793 -0.000180611 0.008742622 -0.538060069 0.000199690 0.999997616 -0.002181510 -2.565278053 -0.008742208 0.002183172 0.999959409 174.372070312
0.999961674 0.000883345 0.008711280 -0.535264254 -0.000882713 0.999999583 -0.000076378 -2.588040829 -0.008711345 0.000068686 0.999961972 175.750396729
0.999966919 -0.002491414 0.007744067 -0.529134989 0.002483669 0.999996364 0.001009579 -2.611217976 -0.007746556 -0.000990312 0.999969482 177.124969482
0.999970019 -0.004654326 0.006179554 -0.516690731 0.004647935 0.999988794 0.001048207 -2.631198406 -0.006184362 -0.001019454 0.999980271 178.526199341
0.999979794 -0.004690029 0.004291416 -0.518155932 0.004705136 0.999982774 -0.003516903 -2.652547836 -0.004274848 0.003537023 0.999984503 179.921234131
0.999989450 -0.003764622 0.002634234 -0.514521956 0.003783315 0.999967456 -0.007127478 -2.685751438 -0.002607316 0.007137369 0.999971092 181.314132690
0.999997318 0.001065253 0.002051255 -0.529008031 -0.001049326 0.999969423 -0.007749944 -2.715953350 -0.002059447 0.007747771 0.999967873 182.714218140
0.999986827 0.004710150 0.002027685 -0.540547013 -0.004696077 0.999965191 -0.006890595 -2.747999191 -0.002060071 0.006880983 0.999974191 184.103378296
0.999975741 0.006521790 0.002413869 -0.554719329 -0.006513898 0.999973476 -0.003262938 -2.780560732 -0.002435085 0.003247136 0.999991775 185.498138428
0.999970675 0.007163317 0.002705161 -0.560746133 -0.007160202 0.999973714 -0.001160100 -2.804983616 -0.002713399 0.001140696 0.999995649 186.901962280
0.999972224 0.006870494 0.002917957 -0.564891696 -0.006869347 0.999976397 -0.000402901 -2.823896646 -0.002920655 0.000382846 0.999995649 188.296829224
0.999982595 0.005125347 0.002919105 -0.565548301 -0.005125829 0.999986827 0.000157772 -2.848762035 -0.002918258 -0.000172732 0.999995708 189.733764648
0.999992788 0.002251734 0.003064308 -0.564064443 -0.002254598 0.999997020 0.000931410 -2.875857115 -0.003062201 -0.000938312 0.999994874 191.157638550
0.999995410 -0.000726164 0.002922350 -0.561932981 0.000723332 0.999999285 0.000969958 -2.896494627 -0.002923052 -0.000967840 0.999995291 192.580902100
0.999985754 -0.003916261 0.003627775 -0.563121855 0.003909312 0.999990523 0.001920633 -2.915553570 -0.003635262 -0.001906423 0.999991596 194.002426147
0.999955416 -0.008489052 0.004151034 -0.566368103 0.008474158 0.999957621 0.003592423 -2.937536001 -0.004181354 -0.003557086 0.999984920 195.427246094
0.999928713 -0.011062339 0.004492714 -0.556603789 0.011046270 0.999932528 0.003586170 -2.959291220 -0.004532082 -0.003536286 0.999983490 196.848587036
0.999948859 -0.008888770 0.004820623 -0.557493925 0.008892526 0.999960184 -0.000758266 -2.980099916 -0.004813690 0.000801094 0.999988019 198.286010742
0.999985039 -0.001616117 0.005220113 -0.565124631 0.001646429 0.999981821 -0.005807857 -3.001621723 -0.005210632 0.005816365 0.999969423 199.704376221
0.999949574 0.007569612 0.006589461 -0.576929212 -0.007530162 0.999953687 -0.005990890 -3.031499863 -0.006634505 0.005940968 0.999960363 201.147094727
0.999862790 0.014701485 0.007635826 -0.590854049 -0.014685272 0.999889791 -0.002174941 -3.059724569 -0.007666959 0.002062507 0.999968529 202.579803467
0.999821842 0.016712561 0.008774608 -0.594770789 -0.016712550 0.999860227 -0.000074663 -3.086294174 -0.008774631 -0.000071996 0.999961495 204.017150879
0.999865830 0.014324374 0.007951159 -0.582793593 -0.014327843 0.999897242 0.000379230 -3.107294798 -0.007944909 -0.000493102 0.999968350 205.463195801
0.999919295 0.010568835 0.007059396 -0.578256845 -0.010573458 0.999943852 0.000617810 -3.137082338 -0.007052471 -0.000692403 0.999974847 206.912567139
0.999932170 0.009902827 0.006132804 -0.568382025 -0.009900367 0.999950886 -0.000431195 -3.150519609 -0.006136773 0.000370449 0.999981105 208.374191284
0.999931514 0.010324880 0.005503551 -0.562461257 -0.010319464 0.999946237 -0.001011551 -3.170707464 -0.005513698 0.000954688 0.999984384 209.844848633
0.999919176 0.011618207 0.005166518 -0.561280131 -0.011614389 0.999932170 -0.000768202 -3.197245359 -0.005175092 0.000708134 0.999986410 211.301803589
0.999917984 0.011814385 0.004937469 -0.561316848 -0.011815921 0.999930084 0.000281873 -3.227655172 -0.004933794 -0.000340191 0.999987781 212.774765015
0.999919653 0.011792647 0.004653207 -0.563697338 -0.011790513 0.999930322 -0.000485848 -3.247042418 -0.004658612 0.000430945 0.999989092 214.244064331
0.999925017 0.011407430 0.004434443 -0.564470351 -0.011401689 0.999934077 -0.001318248 -3.274843216 -0.004449188 0.001267589 0.999989271 215.706817627
0.999926150 0.011313098 0.004444566 -0.567281127 -0.011304197 0.999934018 -0.002022841 -3.292442322 -0.004467159 0.001972449 0.999988079 217.170608521
0.999932230 0.010944502 0.003970653 -0.569593906 -0.010937727 0.999938607 -0.001724326 -3.325339317 -0.003989281 0.001680779 0.999990582 218.644912720
0.999928534 0.011352212 0.003733946 -0.574776709 -0.011344620 0.999933541 -0.002047407 -3.347600222 -0.003756941 0.002004901 0.999990880 220.125854492
0.999927521 0.011583572 0.003286925 -0.575962007 -0.011575746 0.999930143 -0.002389958 -3.372066736 -0.003314381 0.002351735 0.999991715 221.614868164
0.999920487 0.012267626 0.002918229 -0.577414393 -0.012260705 0.999922037 -0.002377733 -3.405680418 -0.002947170 0.002341765 0.999992907 223.074310303
0.999917984 0.012450093 0.003017356 -0.586281419 -0.012442322 0.999919295 -0.002581100 -3.429206848 -0.003049247 0.002543346 0.999992073 224.561157227
0.999913454 0.012922386 0.002526159 -0.589596927 -0.012916102 0.999913454 -0.002488414 -3.458051682 -0.002558096 0.002455570 0.999993682 226.052917480
0.999923766 0.012090030 0.002521785 -0.594727755 -0.012082222 0.999922276 -0.003087948 -3.476097822 -0.002558922 0.003057244 0.999992073 227.551406860
0.999938130 0.010853094 0.002418162 -0.596409619 -0.010846356 0.999937296 -0.002782658 -3.515017271 -0.002448210 0.002756257 0.999993205 229.039123535
0.999949276 0.009718049 0.002674570 -0.602758884 -0.009710985 0.999949336 -0.002641350 -3.542246342 -0.002700103 0.002615242 0.999992967 230.538208008
0.999961317 0.008325337 0.002843044 -0.603242755 -0.008320617 0.999963880 -0.001668116 -3.570022583 -0.002856829 0.001644395 0.999994576 232.038513184
0.999961555 0.008383941 0.002571220 -0.605194151 -0.008379986 0.999963701 -0.001545237 -3.595121145 -0.002584081 0.001523631 0.999995530 233.539215088
0.999959052 0.008564215 0.002920743 -0.614337981 -0.008559220 0.999961853 -0.001718288 -3.629633427 -0.002935347 0.001693218 0.999994218 235.043182373
0.999951482 0.009311914 0.003207047 -0.618044734 -0.009304527 0.999954045 -0.002310290 -3.657843351 -0.003228412 0.002280338 0.999992192 236.550079346
0.999939561 0.010362563 0.003669254 -0.622659266 -0.010357242 0.999945283 -0.001466141 -3.688238382 -0.003684246 0.001428049 0.999992251 238.050979614
0.999927223 0.011136610 0.004630025 -0.634629369 -0.011138263 0.999937832 0.000331388 -3.711463213 -0.004626046 -0.000382935 0.999989212 239.570678711
0.999926567 0.010848991 0.005392527 -0.637069225 -0.010853819 0.999940693 0.000866613 -3.736602306 -0.005382805 -0.000925079 0.999985099 241.081802368
0.999914825 0.011618177 0.005943919 -0.638195872 -0.011613508 0.999932230 -0.000819808 -3.760181427 -0.005953041 0.000750709 0.999981999 242.581344604
0.999905288 0.011987893 0.006749521 -0.636058927 -0.011971772 0.999925375 -0.002424071 -3.782739878 -0.006778077 0.002343037 0.999974310 244.094985962
0.999908388 0.011814225 0.006607703 -0.631085396 -0.011805250 0.999929368 -0.001395555 -3.817014217 -0.006623723 0.001317421 0.999977171 245.625503540
0.999916255 0.011430651 0.006056163 -0.619183064 -0.011428917 0.999934614 -0.000321065 -3.844463348 -0.006059438 0.000251823 0.999981582 247.166519165
0.999906003 0.012211021 0.006237631 -0.625543356 -0.012211300 0.999925435 0.000006710 -3.870044947 -0.006237085 -0.000082879 0.999980509 248.684478760
0.999909282 0.012145794 0.005826011 -0.626127124 -0.012146823 0.999926209 0.000141196 -3.898082733 -0.005823867 -0.000211951 0.999983013 250.237319946
0.999892473 0.013301316 0.006173565 -0.625684142 -0.013303846 0.999911427 0.000368902 -3.921743393 -0.006168111 -0.000450995 0.999980807 251.778549194
0.999863982 0.015120065 0.006582914 -0.636718750 -0.015122999 0.999885559 0.000396438 -3.948899984 -0.006576166 -0.000495938 0.999978185 253.311233521
0.999854028 0.015574352 0.007039988 -0.637232423 -0.015577618 0.999878585 0.000409155 -3.968102455 -0.007032760 -0.000518762 0.999975085 254.854278564
0.999879718 0.013992519 0.006687012 -0.637675285 -0.013999722 0.999901474 0.001031807 -4.000890255 -0.006671914 -0.001125299 0.999977112 256.400848389
0.999900639 0.012384745 0.006720156 -0.632379055 -0.012396550 0.999921679 0.001718024 -4.022606373 -0.006698352 -0.001801161 0.999975979 257.930145264
0.999929011 0.009906954 0.006624349 -0.626327157 -0.009923039 0.999947846 0.002399630 -4.041813850 -0.006600232 -0.002465193 0.999975204 259.448547363
0.999938786 0.008241362 0.007377030 -0.646966219 -0.008254874 0.999964237 0.001802781 -4.068365574 -0.007361910 -0.001863567 0.999971092 260.984802246
0.999949634 0.007113607 0.007081049 -0.643977165 -0.007117989 0.999974489 0.000593911 -4.087855339 -0.007076644 -0.000644283 0.999974728 262.536590576
0.999955952 0.005466381 0.007647152 -0.636035681 -0.005486374 0.999981523 0.002595941 -4.117194653 -0.007632821 -0.002637781 0.999967396 264.084899902
0.999959528 0.003304257 0.008380425 -0.633040905 -0.003340784 0.999984920 0.004348443 -4.137506008 -0.008365931 -0.004376264 0.999955416 265.631591797
0.999964416 0.002811554 0.007950423 -0.617464066 -0.002837130 0.999990761 0.003207561 -4.152719975 -0.007941332 -0.003230003 0.999963224 267.218017578
0.999963701 0.002511227 0.008139482 -0.602933645 -0.002527660 0.999994755 0.002009387 -4.168458462 -0.008134391 -0.002029887 0.999964833 268.774719238
0.999958932 0.002866938 0.008591914 -0.592600346 -0.002883879 0.999993920 0.001960001 -4.194900513 -0.008586242 -0.001984699 0.999961138 270.330596924
0.999942362 0.004645492 0.009672903 -0.591406345 -0.004667821 0.999986470 0.002287009 -4.222557068 -0.009662147 -0.002332029 0.999950588 271.858856201
0.999923825 0.006281264 0.010623325 -0.586470842 -0.006297359 0.999979079 0.001482280 -4.240607738 -0.010613793 -0.001549066 0.999942422 273.412811279
0.999901950 0.007687639 0.011697702 -0.577748060 -0.007703262 0.999969542 0.001291142 -4.265573978 -0.011687420 -0.001381126 0.999930680 274.963287354
0.999890447 0.008172849 0.012339736 -0.557946682 -0.008186364 0.999965906 0.001044995 -4.291251183 -0.012330775 -0.001145898 0.999923289 276.511901855
0.999884665 0.008417142 0.012637346 -0.544533014 -0.008420311 0.999964535 0.000197700 -4.315599442 -0.012635234 -0.000304088 0.999920130 278.067718506
0.999879658 0.007347115 0.013663898 -0.532974243 -0.007346580 0.999972999 -0.000089289 -4.339202881 -0.013664188 -0.000011104 0.999906659 279.634796143
0.999867678 0.006961561 0.014704376 -0.519822121 -0.006965977 0.999975681 0.000249048 -4.366770267 -0.014702287 -0.000351445 0.999891877 281.192565918
0.999862611 0.006088476 0.015413392 -0.508780956 -0.006106333 0.999980748 0.001111758 -4.388073444 -0.015406327 -0.001205725 0.999880612 282.754119873
0.999859869 0.005467169 0.015824070 -0.491939068 -0.005484801 0.999984443 0.001071087 -4.412375927 -0.015817966 -0.001157729 0.999874294 284.313110352
0.999868512 0.004892541 0.015458494 -0.464714050 -0.004874301 0.999987304 -0.001217426 -4.440154552 -0.015464255 0.001141917 0.999879718 285.874847412
0.999880433 0.003358226 0.015090022 -0.440782547 -0.003309537 0.999989212 -0.003250341 -4.470056534 -0.015100776 0.003200012 0.999880850 287.436126709
0.999889851 0.003196349 0.014492206 -0.425348282 -0.003148772 0.999989569 -0.003304628 -4.498187065 -0.014502618 0.003258632 0.999889433 289.005371094
0.999905884 0.001844995 0.013595267 -0.411152363 -0.001801430 0.999993145 -0.003215907 -4.526484013 -0.013601109 0.003191113 0.999902368 290.564453125
0.999918699 0.001769442 0.012631526 -0.408583164 -0.001720917 0.999991179 -0.003851358 -4.552826881 -0.012638230 0.003829307 0.999912798 292.102691650
0.999923885 0.002540541 0.012074134 -0.384230375 -0.002488099 0.999987364 -0.004356422 -4.586303711 -0.012085052 0.004326049 0.999917626 293.687408447
0.999938369 0.002232440 0.010877458 -0.361044645 -0.002190823 0.999990225 -0.003836349 -4.617956161 -0.010885917 0.003812283 0.999933481 295.261383057
0.999950290 0.001720518 0.009821526 -0.351012468 -0.001684742 0.999991894 -0.003649769 -4.650703907 -0.009827725 0.003633041 0.999945104 296.830871582
0.999961436 0.001353200 0.008669213 -0.340445042 -0.001334144 0.999996662 -0.002203643 -4.681679249 -0.008672166 0.002191992 0.999960005 298.401947021
0.999965310 0.002616311 0.007909047 -0.335507393 -0.002608084 0.999996066 -0.001050354 -4.705202579 -0.007911764 0.001029690 0.999968171 299.978210449
0.999958754 0.002893434 0.008603123 -0.331583023 -0.002884707 0.999995291 -0.001026634 -4.730088234 -0.008606053 0.001001774 0.999962449 301.559173584
0.999950051 0.003190278 0.009470495 -0.323177814 -0.003180620 0.999994397 -0.001034668 -4.760216236 -0.009473741 0.001004494 0.999954641 303.155639648
0.999949515 0.001822027 0.009883581 -0.317544460 -0.001808886 0.999997497 -0.001338356 -4.783548832 -0.009885994 0.001320411 0.999950290 304.740234375
0.999950111 0.000038283 0.009986019 -0.302649975 -0.000016238 0.999997556 -0.002207617 -4.814284325 -0.009986079 0.002207345 0.999947727 306.321105957
0.999945045 -0.001526952 0.010366790 -0.286803484 0.001571203 0.999989688 -0.004261739 -4.841296196 -0.010360178 0.004277794 0.999937117 307.920196533
0.999948025 -0.001891372 0.010019836 -0.277491331 0.001944157 0.999984264 -0.005260921 -4.870475292 -0.010009730 0.005280127 0.999935985 309.518096924
0.999969542 -0.001056134 0.007729418 -0.272534609 0.001106624 0.999978065 -0.006530915 -4.897437096 -0.007722351 0.006539270 0.999948859 311.132629395
0.999985158 -0.000198178 0.005446527 -0.264289260 0.000229016 0.999983966 -0.005662036 -4.934088230 -0.005445317 0.005663199 0.999969125 312.739959717
0.999985516 0.000956221 0.005300042 -0.269682884 -0.000942776 0.999996424 -0.002538793 -4.962315083 -0.005302450 0.002533760 0.999982715 314.366821289
0.999985337 -0.000826314 0.005342160 -0.251724243 0.000823125 0.999999464 0.000598971 -4.994381905 -0.005342652 -0.000594565 0.999985576 316.009124756
0.999984920 -0.001917086 0.005150764 -0.248809695 0.001909450 0.999997079 0.001486934 -5.018277168 -0.005153600 -0.001477077 0.999985635 317.632202148
0.999980450 -0.002888357 0.005549889 -0.243787050 0.002887289 0.999995828 0.000200580 -5.045753956 -0.005550445 -0.000184552 0.999984562 319.257263184
0.999972880 -0.004525268 0.005817796 -0.246091127 0.004522081 0.999989629 0.000560844 -5.072031021 -0.005820273 -0.000534520 0.999982893 320.867950439
0.999970496 -0.004510565 0.006217432 -0.253363132 0.004506557 0.999989748 0.000658470 -5.095858574 -0.006220339 -0.000630432 0.999980450 322.478485107
0.999967396 -0.004314325 0.006822885 -0.251393080 0.004310612 0.999990523 0.000558975 -5.122517586 -0.006825232 -0.000529546 0.999976575 324.096282959
0.999970555 -0.003230211 0.006955728 -0.246949434 0.003233251 0.999994695 -0.000425912 -5.147416115 -0.006954316 0.000448390 0.999975681 325.711059570
0.999966383 -0.002054863 0.007937102 -0.249814272 0.002062578 0.999997437 -0.000963862 -5.181822300 -0.007935101 0.000980201 0.999968052 327.339416504
0.999959409 -0.003537125 0.008273959 -0.237682343 0.003528032 0.999993205 0.001113266 -5.210284233 -0.008277841 -0.001084029 0.999965191 328.980499268
0.999952197 -0.004535210 0.008665641 -0.234706879 0.004517952 0.999987781 0.002010073 -5.240406990 -0.008674651 -0.001970825 0.999960423 330.571533203
0.999945760 -0.005680443 0.008743732 -0.227723837 0.005676501 0.999983728 0.000475730 -5.263653278 -0.008746293 -0.000426070 0.999961615 332.200866699
0.999954522 -0.004369020 0.008474298 -0.214466095 0.004363319 0.999990225 0.000690942 -5.292870998 -0.008477234 -0.000653935 0.999963880 333.837432861
0.999963760 -0.002683697 0.008071215 -0.213827848 0.002694155 0.999995470 -0.001285138 -5.321090221 -0.008067730 0.001306836 0.999966621 335.442749023
0.999969423 -0.000570931 0.007794465 -0.215005159 0.000603402 0.999991059 -0.004164211 -5.353350639 -0.007792018 0.004168787 0.999960899 337.066589355
0.999975681 0.000567559 0.006950743 -0.211794376 -0.000540659 0.999992371 -0.003871352 -5.382036209 -0.006952886 0.003867500 0.999968350 338.690856934
0.999982417 0.001511212 0.005726156 -0.211339593 -0.001509084 0.999998808 -0.000375859 -5.413885117 -0.005726716 0.000367211 0.999983549 340.264923096
0.999987662 0.002145984 0.004469406 -0.204969168 -0.002158472 0.999993920 0.002791160 -5.447421551 -0.004463388 -0.002800772 0.999986112 341.898254395
0.999991417 0.002615939 0.003208292 -0.207264662 -0.002620862 0.999995530 0.001531543 -5.472616673 -0.003204271 -0.001539938 0.999993682 343.500640869
0.999997020 0.002108542 0.001225622 -0.210595548 -0.002108382 0.999997795 -0.000131964 -5.496944904 -0.001225897 0.000129380 0.999999166 345.092437744
0.999999523 0.000828790 -0.000524587 -0.212946832 -0.000828239 0.999999106 0.001049456 -5.522871017 0.000525456 -0.001049021 0.999999225 346.694854736
0.999998152 -0.000736312 -0.001750549 -0.217048168 0.000739276 0.999998331 0.001693062 -5.552847862 0.001749299 -0.001694354 0.999996960 348.290405273
0.999998629 -0.000618338 -0.001611876 -0.239924610 0.000619682 0.999999464 0.000833488 -5.575062752 0.001611360 -0.000834486 0.999998331 349.878601074
0.999995947 -0.001847439 -0.002177378 -0.245853007 0.001847142 0.999998212 -0.000138554 -5.599870205 0.002177631 0.000134531 0.999997616 351.473449707
0.999996364 -0.001686264 -0.002167295 -0.256005645 0.001685543 0.999998450 -0.000334335 -5.624549866 0.002167856 0.000330681 0.999997616 353.065063477
0.999994814 -0.002336496 -0.002201255 -0.265032053 0.002335240 0.999997079 -0.000573028 -5.649886131 0.002202588 0.000567884 0.999997437 354.658111572
0.999993145 -0.002680923 -0.002576779 -0.271979749 0.002677265 0.999995351 -0.001422243 -5.675773621 0.002580580 0.001415334 0.999995649 356.255493164
0.999994397 -0.002451881 -0.002288246 -0.285753787 0.002447621 0.999995291 -0.001862572 -5.709058285 0.002292802 0.001856960 0.999995649 357.857238770
0.999992788 -0.003077274 -0.002213764 -0.293903470 0.003073560 0.999993861 -0.001678955 -5.738182068 0.002218917 0.001672139 0.999996126 359.447814941
0.999991894 -0.003140439 -0.002511816 -0.298124790 0.003134485 0.999992251 -0.002370818 -5.770057201 0.002519242 0.002362926 0.999993980 361.043701172
0.999985814 -0.004693266 -0.002527716 -0.306271434 0.004683682 0.999981880 -0.003784193 -5.800613403 0.002545430 0.003772301 0.999989629 362.632751465
0.999978542 -0.006032099 -0.002525253 -0.315143704 0.006027627 0.999980271 -0.001774574 -5.832369328 0.002535908 0.001759315 0.999995232 364.239318848
0.999959886 -0.008404237 -0.003105175 -0.309599638 0.008401631 0.999964416 -0.000850992 -5.864512920 0.003112217 0.000824870 0.999994814 365.839813232
0.999963522 -0.008115947 -0.002660451 -0.323750257 0.008110121 0.999964654 -0.002193165 -5.887565136 0.002678156 0.002171508 0.999993980 367.428070068
0.999973714 -0.007060215 -0.001614852 -0.345119119 0.007055020 0.999970019 -0.003199717 -5.908599854 0.001637394 0.003188240 0.999993563 369.037445068
0.999982417 -0.005746310 -0.001556465 -0.360850453 0.005743535 0.999981940 -0.001781941 -5.952681065 0.001566676 0.001772970 0.999997199 370.624237061
0.999990821 -0.004023092 -0.001480947 -0.366496205 0.004021257 0.999991119 -0.001240598 -5.972619057 0.001485925 0.001234631 0.999998093 372.230865479
0.999988735 -0.004633700 -0.001008175 -0.375418335 0.004632680 0.999988735 -0.001012145 -6.012747765 0.001012853 0.001007463 0.999998927 373.814880371
0.999990404 -0.004348484 -0.000417643 -0.398497999 0.004347566 0.999988198 -0.002176025 -6.033093452 0.000427101 0.002174188 0.999997497 375.408111572
0.999990940 -0.004234417 -0.000266756 -0.401022255 0.004233893 0.999989152 -0.001931948 -6.073626041 0.000274933 0.001930801 0.999998033 377.015563965
0.999990225 -0.004406951 0.000006455 -0.397564232 0.004406956 0.999988854 -0.001676040 -6.107918739 0.000000931 0.001676053 0.999998569 378.643890381
0.999997735 -0.002106292 0.000262580 -0.416999042 0.002106872 0.999995291 -0.002228479 -6.125473976 -0.000257885 0.002229027 0.999997437 380.251312256
0.999999523 -0.000394933 0.000896468 -0.426716298 0.000396458 0.999998450 -0.001701467 -6.154845238 -0.000895795 0.001701822 0.999998152 381.852111816
0.999998569 0.001137757 0.001251190 -0.444133639 -0.001134545 0.999996066 -0.002564841 -6.181615353 -0.001254103 0.002563417 0.999995887 383.487213135
