1.000000000 0.000000000 0.000000000 0.000000000 0.000000000 1.000000000 0.000000000 0.000000000 0.000000000 0.000000000 1.000000000 0.000000000
1.000000000 -0.000066488 0.000121869 -0.014873076 0.000066312 0.999998987 0.001442441 -0.012670935 -0.000121965 -0.001442433 0.999998927 1.315639973
0.999998569 -0.001564099 -0.000671679 -0.009856225 0.001565287 0.999997139 0.001771422 -0.039658219 0.000668906 -0.001772470 0.999998212 2.619633913
0.999996006 -0.002740806 -0.000668758 -0.014799427 0.002741316 0.999995947 0.000763316 -0.055380184 0.000666663 -0.000765146 0.999999404 3.932835817
0.999995351 -0.002984664 -0.000581188 -0.024583526 0.002985128 0.999995291 0.000799895 -0.072502948 0.000578797 -0.000801626 0.999999523 5.261279583
0.999992967 -0.003685611 -0.000631525 -0.024243621 0.003686810 0.999991298 0.001907791 -0.101803944 0.000624488 -0.001910106 0.999997973 6.577051640
0.999986410 -0.005190679 -0.000459105 -0.029900361 0.005192008 0.999982119 0.002941841 -0.116053313 0.000443826 -0.002944184 0.999995589 7.901829243
0.999988973 -0.004659748 -0.000462034 -0.039032508 0.004661423 0.999982297 0.003690936 -0.138943285 0.000444827 -0.003693050 0.999993086 9.244210243
0.999993443 -0.003537538 -0.000682941 -0.048031665 0.003538630 0.999992430 0.001604862 -0.152202442 0.000677258 -0.001607268 0.999998450 10.590854645
0.999998510 -0.001321548 -0.001086074 -0.051872291 0.001321316 0.999999106 -0.000213712 -0.179734245 0.001086356 0.000212277 0.999999404 11.929812431
0.999996960 0.002376218 -0.000679159 -0.071312934 -0.002376946 0.999996662 -0.001072406 -0.202825561 0.000676609 0.001074017 0.999999166 13.266284943
0.999989033 0.004651926 -0.000491076 -0.091139644 -0.004652558 0.999988258 -0.001294599 -0.221334234 0.000485048 0.001296869 0.999999046 14.605914116
0.999983370 0.005720325 -0.000685688 -0.091737822 -0.005720685 0.999983490 -0.000522945 -0.241560087 0.000682685 0.000526859 0.999999642 15.964900017
0.999994338 0.003350259 0.000223906 -0.109404907 -0.003350767 0.999991834 0.002306740 -0.265350908 -0.000216176 -0.002307478 0.999997318 17.315217972
0.999999642 -0.000774967 0.000233821 -0.111052163 0.000774001 0.999991298 0.004100926 -0.283475846 -0.000236997 -0.004100745 0.999991596 18.668960571
0.999995470 -0.002995948 0.000077930 -0.117414519 0.002995810 0.999994099 0.001715550 -0.298810035 -0.000083069 -0.001715309 0.999998510 20.013893127
0.999989450 -0.004573290 -0.000128231 -0.117306009 0.004573313 0.999989510 0.000172217 -0.329136610 0.000127442 -0.000172802 0.999999940 21.388498306
0.999998033 -0.001669299 0.001056625 -0.140429318 0.001670842 0.999997556 -0.001460804 -0.345181227 -0.001054184 0.001462567 0.999998391 22.733526230
0.999998689 0.000713259 0.001446556 -0.142411545 -0.000714177 0.999999523 0.000633627 -0.369367868 -0.001446103 -0.000634659 0.999998748 24.117727280
0.999997616 0.001301095 0.001780326 -0.145636663 -0.001309132 0.999988973 0.004520702 -0.392528117 -0.001774424 -0.004523021 0.999988258 25.491046906
0.999997199 -0.001138749 0.002075208 -0.146151558 0.001125137 0.999977946 0.006548699 -0.406161994 -0.002082620 -0.006546346 0.999976397 26.862955093
0.999979734 -0.006084072 0.001859094 -0.140755206 0.006075810 0.999971807 0.004418032 -0.421043247 -0.001885921 -0.004406646 0.999988496 28.278839111
0.999981105 -0.005830933 0.001896368 -0.142687425 0.005827060 0.999980986 0.002041660 -0.432551324 -0.001908237 -0.002030571 0.999996066 29.656097412
0.999976814 -0.006180280 0.002846526 -0.155011490 0.006181804 0.999980748 -0.000526773 -0.455527782 -0.002843216 0.000544357 0.999995768 31.020023346
0.999989569 -0.002846619 0.003561130 -0.167195752 0.002850430 0.999995351 -0.001065621 -0.479686230 -0.003558080 0.001075760 0.999993086 32.400051117
0.999988496 -0.002191496 0.004261023 -0.179156080 0.002205021 0.999992549 -0.003171889 -0.507253766 -0.004254039 0.003181248 0.999985874 33.762710571
0.999990642 -0.001512237 0.004053617 -0.172722742 0.001522693 0.999995530 -0.002577673 -0.530099452 -0.004049701 0.002583822 0.999988437 35.156696320
0.999989808 -0.000951078 0.004417890 -0.194864631 0.000957474 0.999998510 -0.001445866 -0.554854929 -0.004416509 0.001450081 0.999989152 36.541774750
0.999992073 0.000298746 0.003973264 -0.196963742 -0.000299603 1.000000000 0.000215277 -0.577362418 -0.003973200 -0.000216465 0.999992073 37.942840576
0.999986529 0.002919311 0.004295250 -0.208390161 -0.002922551 0.999995470 0.000748359 -0.606689513 -0.004293045 -0.000760903 0.999990463 39.336017609
0.999975026 0.005329804 0.004659029 -0.216891021 -0.005331063 0.999985814 0.000257883 -0.626452506 -0.004657588 -0.000282715 0.999989152 40.730926514
0.999963820 0.007360118 0.004252752 -0.219371796 -0.007363137 0.999972582 0.000694343 -0.646592379 -0.004247525 -0.000725631 0.999990702 42.152915955
0.999961793 0.007853470 0.003829639 -0.218987539 -0.007855444 0.999969006 0.000500517 -0.664219081 -0.003825589 -0.000530581 0.999992490 43.555568695
0.999966562 0.007344133 0.003575411 -0.229298532 -0.007347419 0.999972582 0.000906745 -0.697556436 -0.003568654 -0.000932985 0.999993145 44.963169098
0.999977112 0.006253723 0.002593156 -0.225775883 -0.006255209 0.999980211 0.000565266 -0.717672646 -0.002589571 -0.000581473 0.999996483 46.367462158
0.999983907 0.005439643 0.001561564 -0.228556082 -0.005440860 0.999985039 0.000775264 -0.741092026 -0.001557323 -0.000783748 0.999998510 47.783546448
0.999983788 0.005674808 0.000456903 -0.231752321 -0.005675527 0.999982715 0.001585806 -0.755963266 -0.000447895 -0.001588373 0.999998689 49.210845947
0.999980867 0.006179165 -0.000388483 -0.248059928 -0.006178576 0.999979794 0.001499065 -0.781744242 0.000397738 -0.001496636 0.999998868 50.623928070
0.999981761 0.005799192 -0.001693573 -0.258509696 -0.005795905 0.999981344 0.001939144 -0.802873194 0.001704787 -0.001929293 0.999996662 52.040714264
0.999979556 0.005496775 -0.003266442 -0.266029954 -0.005485863 0.999979436 0.003340352 -0.827726722 0.003284736 -0.003322365 0.999989092 53.460247040
0.999983549 0.004509678 -0.003529934 -0.279376447 -0.004495998 0.999982417 0.003873557 -0.845860720 0.003547340 -0.003857623 0.999986291 54.912586212
0.999986410 0.002587636 -0.004527603 -0.282029837 -0.002567382 0.999986649 0.004473382 -0.867514074 0.004539118 -0.004461697 0.999979794 56.359546661
0.999988854 0.000417601 -0.004701207 -0.300810069 -0.000400182 0.999993086 0.003705579 -0.884648085 0.004702722 -0.003703656 0.999982119 57.793228149
0.999985874 -0.001706867 -0.005028141 -0.312370360 0.001728068 0.999989629 0.004215138 -0.910466015 0.005020895 -0.004223768 0.999978423 59.185138702
0.999985039 -0.002991716 -0.004564683 -0.323206872 0.003013509 0.999984145 0.004774903 -0.925319016 0.004550325 -0.004788588 0.999978244 60.614009857
0.999985158 -0.003593395 -0.004102368 -0.336474031 0.003615208 0.999979317 0.005321993 -0.944376826 0.004083159 -0.005336746 0.999977410 62.032886505
0.999980032 -0.005150301 -0.003665555 -0.351805508 0.005170137 0.999971986 0.005422547 -0.968267024 0.003637524 -0.005441390 0.999978542 63.428657532
0.999974072 -0.006553277 -0.002991925 -0.359278858 0.006566244 0.999969006 0.004345027 -0.991641164 0.002963359 -0.004364560 0.999986112 64.822250366
0.999971628 -0.007073756 -0.002590372 -0.357068956 0.007084193 0.999966681 0.004042142 -1.010138869 0.002561692 -0.004060378 0.999988496 66.235740662
0.999986172 -0.004854280 -0.002009084 -0.369545609 0.004861769 0.999981105 0.003740072 -1.030789971 0.001990891 -0.003749787 0.999991000 67.635749817
0.999997854 -0.001627420 -0.001300085 -0.388940036 0.001633914 0.999986112 0.005009389 -1.049305677 0.001291914 -0.005011501 0.999986529 69.031585693
0.999998450 0.001697804 -0.000511773 -0.404690027 -0.001694572 0.999979019 0.006252469 -1.067696333 0.000522378 -0.006251591 0.999980271 70.440208435
0.999984145 0.005629463 -0.000006724 -0.416768879 -0.005629273 0.999958932 0.007099855 -1.092597365 0.000046693 -0.007099705 0.999974728 71.801681519
0.999952972 0.009672691 0.000684188 -0.429254681 -0.009676831 0.999933124 0.006330144 -1.103098989 -0.000622913 -0.006336467 0.999979675 73.207756042
0.999911726 0.013189732 0.001591207 -0.456819206 -0.013198866 0.999895632 0.005871857 -1.123878956 -0.001513593 -0.005892340 0.999981523 74.581047058
0.999885380 0.014986120 0.002143739 -0.462351292 -0.014998253 0.999870896 0.005760096 -1.142324924 -0.002057140 -0.005791588 0.999981046 75.976211548
0.999883592 0.015066263 0.002399894 -0.471661836 -0.015080191 0.999868929 0.005895250 -1.153234005 -0.002310760 -0.005930753 0.999979675 77.381454468
0.999888420 0.014674672 0.002760996 -0.481221169 -0.014689888 0.999876559 0.005574170 -1.173211336 -0.002678856 -0.005614107 0.999980628 78.760360718
0.999912381 0.012977506 0.002590231 -0.483547211 -0.012989780 0.999904215 0.004779094 -1.194719434 -0.002527962 -0.004812322 0.999985218 80.114959717
0.999922991 0.012226904 0.002122315 -0.488137066 -0.012237215 0.999913156 0.004915761 -1.213997245 -0.002062026 -0.004941355 0.999985635 81.489814758
0.999925077 0.012120275 0.001727986 -0.485345364 -0.012128562 0.999914527 0.004868363 -1.231653929 -0.001668833 -0.004888956 0.999986649 82.825889587
0.999933779 0.011460064 0.001058832 -0.488579750 -0.011464611 0.999924600 0.004394872 -1.247263312 -0.001008387 -0.004406720 0.999989808 84.190841675
0.999930739 0.011761848 0.000477148 -0.505721331 -0.011764001 0.999919295 0.004792081 -1.260188937 -0.000420746 -0.004797363 0.999988377 85.543373108
0.999934375 0.011430872 -0.000745353 -0.501568496 -0.011426491 0.999918818 0.005639086 -1.286104321 0.000809752 -0.005630199 0.999983788 86.902915955
0.999957919 0.008964472 -0.001925508 -0.512200773 -0.008951325 0.999937296 0.006731852 -1.302191734 0.001985735 -0.006714334 0.999975502 88.302558899
0.999971449 0.006888812 -0.003102177 -0.518025815 -0.006866246 0.999950409 0.007226923 -1.323412895 0.003151808 -0.007205418 0.999969065 89.636734009
0.999982119 0.004535122 -0.003898089 -0.527272165 -0.004505927 0.999961913 0.007465822 -1.342775941 0.003931799 -0.007448124 0.999964535 90.990196228
0.999983907 0.003400336 -0.004538205 -0.537604153 -0.003368869 0.999970376 0.006923502 -1.361333489 0.004561612 -0.006908103 0.999965727 92.358558655
0.999984622 0.002546004 -0.004929790 -0.550163805 -0.002514830 0.999976873 0.006319207 -1.373798490 0.004945765 -0.006306712 0.999967873 93.694931030
0.999983907 0.003247502 -0.004672769 -0.572416186 -0.003221408 0.999979198 0.005581145 -1.388293028 0.004690796 -0.005566001 0.999973536 95.066314697
0.999985278 0.002873133 -0.004603270 -0.591120839 -0.002849303 0.999982595 0.005175040 -1.405587792 0.004618058 -0.005161848 0.999975979 96.422203064
0.999981582 0.004018158 -0.004533290 -0.604531169 -0.003998952 0.999982953 0.004237827 -1.423268080 0.004550241 -0.004219621 0.999980748 97.747367859
0.999977648 0.005319346 -0.004047665 -0.629548907 -0.005301473 0.999976218 0.004413698 -1.438565135 0.004071048 -0.004392141 0.999982119 99.086891174
0.999976099 0.005727025 -0.003879574 -0.633333683 -0.005703439 0.999965310 0.006063383 -1.460018039 0.003914165 -0.006041110 0.999974072 100.437767029
0.999968827 0.006710186 -0.004174500 -0.652994990 -0.006679733 0.999951243 0.007266635 -1.473469019 0.004223058 -0.007238523 0.999964833 101.766311646
0.999972463 0.006381704 -0.003782519 -0.661802232 -0.006359345 0.999962389 0.005894152 -1.497950792 0.003819991 -0.005869936 0.999975502 103.118423462
0.999972701 0.006619118 -0.003274302 -0.684187353 -0.006608258 0.999972701 0.003316609 -1.510416508 0.003296166 -0.003294881 0.999989152 104.443054199
0.999975085 0.005925639 -0.003831597 -0.690906346 -0.005917181 0.999980032 0.002215164 -1.533259749 0.003844647 -0.002192437 0.999990225 105.772994995
0.999987483 0.003235289 -0.003827066 -0.704334795 -0.003220357 0.999987125 0.003901667 -1.556825042 0.003839640 -0.003889294 0.999985099 107.097557068
0.999994397 0.001819257 -0.002808476 -0.728478968 -0.001804392 0.999984384 0.005286171 -1.567682981 0.002818049 -0.005281074 0.999982059 108.435569763
0.999997556 -0.000101802 -0.002230148 -0.736114562 0.000115028 0.999982417 0.005931161 -1.589937449 0.002229505 -0.005931403 0.999979913 109.766548157
0.999999225 -0.000554394 -0.001129894 -0.749200106 0.000559336 0.999990284 0.004378447 -1.604473114 0.001127456 -0.004379076 0.999989748 111.121078491
0.999998808 0.001547549 -0.000211390 -0.765203595 -0.001547042 0.999996006 0.002376216 -1.624707580 0.000215067 -0.002375886 0.999997139 112.441734314
0.999991417 0.004001874 0.001001538 -0.778943717 -0.004001911 0.999992013 0.000034605 -1.645392895 -0.001001391 -0.000038613 0.999999523 113.770309448
0.999973536 0.006879616 0.002380137 -0.789436042 -0.006880004 0.999976397 0.000155116 -1.665991306 -0.002379014 -0.000171487 0.999997199 115.089088440
0.999960244 0.008011216 0.003921310 -0.793948829 -0.008019636 0.999965549 0.002136217 -1.690865040 -0.003904062 -0.002167580 0.999989986 116.420341492
0.999954760 0.008162466 0.004878876 -0.792235970 -0.008183462 0.999957323 0.004299217 -1.707100391 -0.004843575 -0.004338949 0.999978840 117.750747681
0.999955356 0.007501079 0.005749425 -0.797646046 -0.007529604 0.999959350 0.004956104 -1.727484822 -0.005712016 -0.004999174 0.999971211 119.084648132
0.999946892 0.007975656 0.006530348 -0.793297887 -0.008004259 0.999958396 0.004365589 -1.742791176 -0.006495258 -0.004417628 0.999969244 120.429115295
0.999919653 0.009787654 0.008051617 -0.795483768 -0.009819587 0.999944031 0.003936054 -1.761652708 -0.008012640 -0.004014802 0.999959826 121.756248474
0.999888599 0.011655352 0.009317858 -0.787029326 -0.011691316 0.999924302 0.003814757 -1.778905153 -0.009272691 -0.003923270 0.999949336 123.098747253
0.999868512 0.012436194 0.010398944 -0.790142834 -0.012461737 0.999919474 0.002395003 -1.789902687 -0.010368321 -0.002524277 0.999943018 124.456886292
0.999836087 0.013905818 0.011590839 -0.788438618 -0.013921328 0.999902308 0.001258490 -1.803808451 -0.011572206 -0.001419644 0.999932051 125.804351807
0.999842823 0.012520260 0.012548040 -0.780395091 -0.012537720 0.999920547 0.001313686 -1.824850082 -0.012530593 -0.001470803 0.999920368 127.152908325
0.999840915 0.011850843 0.013325699 -0.768758595 -0.011885798 0.999926150 0.002546818 -1.843402028 -0.013294532 -0.002704799 0.999907911 128.499633789
0.999842882 0.010703436 0.014124934 -0.760647833 -0.010750006 0.999936998 0.003225295 -1.862156272 -0.014089523 -0.003376632 0.999895036 129.865859985
0.999839246 0.010215908 0.014731848 -0.748117387 -0.010265972 0.999941766 0.003326740 -1.875324965 -0.014697005 -0.003477443 0.999885976 131.220108032
0.999859035 0.007933564 0.014794688 -0.735628664 -0.007987739 0.999961615 0.003606410 -1.895991564 -0.014765508 -0.003724078 0.999884069 132.556427002
0.999868572 0.006267315 0.014953895 -0.740118802 -0.006333361 0.999970376 0.004373400 -1.914321303 -0.014926042 -0.004467532 0.999878645 133.908248901
0.999886394 0.004660715 0.014334596 -0.725946307 -0.004720072 0.999980450 0.004109734 -1.931758285 -0.014315160 -0.004176927 0.999888837 135.259841919
0.999909461 0.003482510 0.012995048 -0.717468917 -0.003534305 0.999985874 0.003965006 -1.947406650 -0.012981058 -0.004010575 0.999907672 136.590148926
0.999926031 0.002066991 0.011980823 -0.700948358 -0.002123482 0.999986708 0.004704310 -1.961743355 -0.011970937 -0.004729404 0.999917090 137.980590820
0.999933124 0.001246688 0.011500875 -0.699256837 -0.001302183 0.999987543 0.004819092 -1.978032827 -0.011494723 -0.004833746 0.999922216 139.328674316
0.999954283 0.000833801 0.009523529 -0.684807539 -0.000876311 0.999989688 0.004460374 -1.991440892 -0.009519711 -0.004468517 0.999944687 140.667358398
0.999967396 0.000352840 0.008073363 -0.676066160 -0.000385729 0.999991655 0.004072635 -2.012157440 -0.008071858 -0.004075616 0.999959171 142.006210327
0.999973834 0.000537755 0.007216372 -0.680503786 -0.000565357 0.999992549 0.003823420 -2.032994270 -0.007214262 -0.003827400 0.999966621 143.344467163
0.999978662 -0.002102015 0.006200688 -0.680847645 0.002093059 0.999996781 0.001450391 -2.051631689 -0.006203717 -0.001437382 0.999979675 144.677413940
0.999955833 -0.007810182 0.005232916 -0.668682337 0.007805463 0.999969125 0.000921266 -2.069552422 -0.005239948 -0.000880380 0.999985874 146.056686401
0.999878526 -0.014839857 0.004763602 -0.669251144 0.014823690 0.999884248 0.003411257 -2.087460041 -0.004813673 -0.003340228 0.999982834 147.399383545
0.999755859 -0.021899268 0.002940665 -0.662785351 0.021885060 0.999749064 0.004780016 -2.107874393 -0.003044606 -0.004714491 0.999984264 148.757980347
0.999677956 -0.025317904 0.001726077 -0.647224128 0.025315968 0.999678850 0.001133999 -2.120709419 -0.001754233 -0.001089936 0.999997854 150.115219116
0.999703646 -0.024246739 0.002161179 -0.649356008 0.024250755 0.999704123 -0.001850711 -2.148663759 -0.002115665 0.001902573 0.999995947 151.484542847
0.999779046 -0.020807527 0.002981814 -0.659347117 0.020819664 0.999774933 -0.004099518 -2.172837973 -0.002895842 0.004160692 0.999987125 152.810363770
0.999776244 -0.020773740 0.003978997 -0.661076725 0.020789361 0.999776125 -0.003925366 -2.203039885 -0.003896562 0.004007209 0.999984384 154.167800903
0.999700963 -0.024008119 0.004644524 -0.663009465 0.024010278 0.999711514 -0.000409193 -2.230272770 -0.004633361 0.000520587 0.999989092 155.505905151
0.999549747 -0.029578013 0.005042233 -0.651491225 0.029566351 0.999559999 0.002371819 -2.254858017 -0.005110168 -0.002221671 0.999984503 156.863265991
0.999434710 -0.033274096 0.004812282 -0.644612670 0.033255268 0.999439180 0.003940241 -2.274236441 -0.004940691 -0.003777981 0.999980688 158.192810059
0.999396682 -0.034377217 0.004937120 -0.637783408 0.034360487 0.999403596 0.003435004 -2.291519880 -0.005052262 -0.003263290 0.999981940 159.556564331
0.999438703 -0.033003125 0.005742414 -0.633286297 0.032977648 0.999445975 0.004478343 -2.311972618 -0.005887032 -0.004286459 0.999973536 160.906372070
0.999572396 -0.028556192 0.006292823 -0.619208515 0.028535277 0.999587059 0.003389531 -2.329802275 -0.006387016 -0.003208514 0.999974489 162.275054932
0.999654591 -0.024980670 0.008158104 -0.646513402 0.024972457 0.999687552 0.001106782 -2.347332954 -0.008183203 -0.000902672 0.999966085 163.592468262
0.999717176 -0.022010861 0.009000559 -0.641360998 0.022007981 0.999757707 0.000418936 -2.364411831 -0.009007599 -0.000220734 0.999959409 164.946533203
0.999760985 -0.019718496 0.009457041 -0.644630849 0.019703384 0.999804437 0.001689100 -2.390398502 -0.009488499 -0.001502360 0.999953866 166.291076660
0.999800801 -0.017986845 0.008665181 -0.627372086 0.017976027 0.999837458 0.001325151 -2.415577888 -0.008687609 -0.001169122 0.999961615 167.659576416
0.999848545 -0.015261790 0.008381885 -0.624163866 0.015275529 0.999882042 -0.001577481 -2.429086685 -0.008356821 0.001705279 0.999963582 169.018356323
0.999903858 -0.011355373 0.007954177 -0.625074685 0.011389843 0.999925852 -0.004301987 -2.452577114 -0.007904736 0.004392170 0.999959111 170.372879028
0.999952316 -0.005916270 0.007769509 -0.625386715 0.005959637 0.999966681 -0.005570404 -2.484010935 -0.007736294 0.005616442 0.999954283 171.736785889
0.999966025 -0.001347266 0.008145862 -0.629481971 0.001383828 0.999988973 -0.004484499 -2.509601593 -0.008139731 0.004495619 0.999956727 173.098449707
0.999960899 0.001584859 0.008700308 -0.632240057 -0.001563248 0.999995649 -0.002490159 -2.538535595 -0.008704217 0.002476461 0.999959052 174.456924438
0.999957800 0.002776555 0.008764170 -0.629920483 -0.002773516 0.999996006 -0.000358978 -2.559864283 -0.008765133 0.000334655 0.999961495 175.834884644
0.999967337 -0.001067730 0.008012257 -0.630592525 0.001061524 0.999999106 0.000778732 -2.584989786 -0.008013081 -0.000770202 0.999967575 177.201599121
0.999979258 -0.002387361 0.005988645 -0.622071028 0.002384282 0.999996960 0.000521166 -2.599298954 -0.005989873 -0.000506877 0.999981880 178.582351685
0.999986887 -0.002904890 0.004244314 -0.626282454 0.002920632 0.999988854 -0.003707456 -2.628213406 -0.004233498 0.003719804 0.999984145 179.962234497
0.999995470 -0.001456112 0.002629323 -0.622553349 0.001476951 0.999967396 -0.007941352 -2.655350924 -0.002617674 0.007945199 0.999965072 181.358825684
0.999991596 0.003656412 0.001844455 -0.630839586 -0.003640510 0.999956787 -0.008552553 -2.690529585 -0.001875647 0.008545768 0.999961734 182.760284424
0.999970317 0.007494422 0.001779917 -0.643283188 -0.007480359 0.999941766 -0.007780416 -2.720932961 -0.001838123 0.007766870 0.999968171 184.149887085
0.999951363 0.009650096 0.002041839 -0.657111764 -0.009641439 0.999944687 -0.004208292 -2.755710602 -0.002082336 0.004188401 0.999989033 185.532867432
0.999944568 0.010273585 0.002309963 -0.659409285 -0.010268738 0.999945045 -0.002100484 -2.783214808 -0.002331416 0.002076647 0.999995112 186.922012329
0.999950588 0.009654830 0.002379010 -0.663256884 -0.009651547 0.999952435 -0.001387668 -2.801929474 -0.002392295 0.001364638 0.999996185 188.335128784
0.999967098 0.007819980 0.002189853 -0.664965153 -0.007818102 0.999969065 -0.000865156 -2.823477268 -0.002196551 0.000848007 0.999997199 189.758346558
0.999982953 0.005418918 0.002176628 -0.660703897 -0.005418274 0.999985278 -0.000302340 -2.850885153 -0.002178234 0.000290541 0.999997497 191.203979492
0.999991417 0.003007627 0.002850515 -0.671676040 -0.003006814 0.999995470 -0.000289376 -2.873371363 -0.002851372 0.000280803 0.999995828 192.635559082
0.999995828 -0.000415654 0.002865063 -0.671337664 0.000413369 0.999999523 0.000798101 -2.896650553 -0.002865394 -0.000796913 0.999995589 194.030166626
0.999981225 -0.004912748 0.003669498 -0.677040875 0.004903818 0.999984980 0.002438655 -2.918769598 -0.003681424 -0.002420614 0.999990284 195.457916260
0.999962211 -0.007851241 0.003725011 -0.664376020 0.007842182 0.999966264 0.002440415 -2.941604137 -0.003744046 -0.002411111 0.999990106 196.892028809
0.999977052 -0.005362181 0.004112792 -0.669336498 0.005370421 0.999983549 -0.001995207 -2.962117910 -0.004102026 0.002017248 0.999989510 198.320175171
0.999988377 0.001576978 0.004557620 -0.673222899 -0.001543991 0.999972582 -0.007232238 -2.983455896 -0.004568900 0.007225116 0.999963462 199.767166138
0.999921978 0.011022685 0.005873842 -0.686205566 -0.010979231 0.999912441 -0.007379765 -3.015263319 -0.005954673 0.007314699 0.999955535 201.206695557
0.999795020 0.019006636 0.006972313 -0.705344737 -0.018978601 0.999811649 -0.004065407 -3.038649321 -0.007048270 0.003932249 0.999967396 202.641967773
0.999788344 0.019169297 0.007464469 -0.694187164 -0.019159989 0.999815702 -0.001315900 -3.077360630 -0.007488319 0.001172602 0.999971271 204.088790894
0.999827206 0.017377039 0.006599789 -0.682612717 -0.017366122 0.999847710 -0.001707556 -3.086551666 -0.006628457 0.001592649 0.999976754 205.541427612
0.999887168 0.013868068 0.005764096 -0.682656586 -0.013861572 0.999903262 -0.001165329 -3.120715380 -0.005779699 0.001085298 0.999982715 206.977371216
0.999908566 0.012460331 0.005257762 -0.695313811 -0.012451253 0.999920905 -0.001755852 -3.146027327 -0.005279226 0.001690226 0.999984622 208.397842407
0.999907553 0.012783531 0.004637796 -0.692023158 -0.012775465 0.999916792 -0.001765006 -3.174687624 -0.004659974 0.001705593 0.999987662 209.867355347
0.999895275 0.013797576 0.004362545 -0.694048762 -0.013789820 0.999903262 -0.001803105 -3.200099230 -0.004387002 0.001742758 0.999988794 211.320312500
0.999886036 0.014530864 0.004069520 -0.692773342 -0.014526857 0.999894023 -0.001012441 -3.226932049 -0.004083800 0.000953209 0.999991179 212.780578613
0.999890685 0.014231317 0.004045127 -0.702644706 -0.014225871 0.999897838 -0.001371706 -3.254734993 -0.004064236 0.001314011 0.999990880 214.258178711
0.999901235 0.013537733 0.003773259 -0.702411652 -0.013529654 0.999906063 -0.002158781 -3.287559748 -0.003802130 0.002107517 0.999990523 215.731735229
0.999910653 0.012960414 0.003266174 -0.703770280 -0.012951459 0.999912262 -0.002748022 -3.305570364 -0.003301502 0.002705475 0.999990880 217.200057983
0.999903500 0.013550496 0.003055128 -0.712782204 -0.013541846 0.999904156 -0.002833856 -3.332949877 -0.003093235 0.002792211 0.999991238 218.673873901
0.999896348 0.014060363 0.003105844 -0.725350678 -0.014050864 0.999896526 -0.003059732 -3.358621359 -0.003148544 0.003015774 0.999990523 220.151275635
0.999897361 0.014089274 0.002574572 -0.727403343 -0.014080659 0.999895275 -0.003333994 -3.386219263 -0.002621276 0.003297400 0.999991179 221.641708374
0.999884069 0.015015234 0.002522584 -0.740950048 -0.015006687 0.999881685 -0.003373199 -3.419418335 -0.002572936 0.003334953 0.999991119 223.102584839
0.999884427 0.015015296 0.002369052 -0.749339342 -0.015006544 0.999880612 -0.003669014 -3.445342779 -0.002423861 0.003633039 0.999990404 224.586074829
0.999879539 0.015362246 0.002228769 -0.764665484 -0.015354390 0.999875903 -0.003500600 -3.474121571 -0.002282269 0.003465957 0.999991417 226.070434570
0.999893486 0.014378591 0.002513588 -0.775363982 -0.014369142 0.999889731 -0.003738245 -3.500806332 -0.002567061 0.003701729 0.999989927 227.567535400
0.999911308 0.013140909 0.002173535 -0.777502060 -0.013132909 0.999907076 -0.003655713 -3.534364462 -0.002221372 0.003626845 0.999990940 229.055633545
0.999923408 0.012113017 0.002548068 -0.787395060 -0.012104817 0.999921620 -0.003208854 -3.566277981 -0.002586737 0.003177765 0.999991596 230.548828125
0.999937952 0.010706873 0.003081243 -0.798787594 -0.010698942 0.999939442 -0.002578908 -3.593201637 -0.003108669 0.002545782 0.999991953 232.056625366
0.999936044 0.010966405 0.002794765 -0.799047828 -0.010959655 0.999936998 -0.002419458 -3.619515896 -0.002821123 0.002388673 0.999993205 233.560791016
0.999934018 0.011084831 0.003019388 -0.808154464 -0.011076563 0.999934852 -0.002741818 -3.652252913 -0.003049584 0.002708192 0.999991655 235.074005127
0.999928892 0.011506489 0.003113203 -0.809164166 -0.011496695 0.999928951 -0.003146403 -3.683634043 -0.003149186 0.003110389 0.999990225 236.580581665
0.999911726 0.012783364 0.003619363 -0.815112889 -0.012774602 0.999915421 -0.002433848 -3.712378740 -0.003650170 0.002387398 0.999990463 238.081359863
0.999899745 0.013394215 0.004590961 -0.829841614 -0.013391577 0.999910116 -0.000605115 -3.737201929 -0.004598653 0.000543575 0.999989212 239.590652466
0.999900937 0.013086329 0.005175530 -0.829935372 -0.013085723 0.999914348 -0.000151204 -3.761356115 -0.005177066 0.000083464 0.999986589 241.114227295
0.999894083 0.013416708 0.005627767 -0.830260217 -0.013406843 0.999908447 -0.001787123 -3.784852982 -0.005651229 0.001711483 0.999982595 242.583190918
0.999881983 0.014157907 0.005960048 -0.823389530 -0.014136816 0.999893725 -0.003565999 -3.806298494 -0.006009901 0.003481322 0.999975920 244.098602295
0.999889016 0.013602767 0.006077250 -0.821711421 -0.013588835 0.999904931 -0.002327979 -3.843488216 -0.006108339 0.002245138 0.999978840 245.624816895
0.999895990 0.013310421 0.005556449 -0.810856342 -0.013303859 0.999910772 -0.001216005 -3.873363733 -0.005572140 0.001141956 0.999983847 247.166351318
0.999886036 0.014013043 0.005619456 -0.815424860 -0.014007357 0.999901354 -0.001049724 -3.898681641 -0.005633613 0.000970890 0.999983728 248.686172485
0.999890924 0.013837478 0.005160651 -0.811157763 -0.013835218 0.999904096 -0.000473857 -3.935494423 -0.005166713 0.000402407 0.999986589 250.236190796
0.999865294 0.015380912 0.005729658 -0.814592600 -0.015379391 0.999881566 -0.000309509 -3.958928108 -0.005733741 0.000221348 0.999983549 251.778732300
0.999836087 0.017130217 0.005852904 -0.822787285 -0.017127343 0.999853194 -0.000540700 -3.981225252 -0.005861307 0.000440367 0.999982655 253.323455811
0.999833822 0.017193815 0.006057505 -0.826315939 -0.017190576 0.999852121 -0.000585774 -4.001435757 -0.006066680 0.000481545 0.999981403 254.854766846
0.999855042 0.015908184 0.006068927 -0.827297926 -0.015907699 0.999873340 -0.000128341 -4.032166958 -0.006070200 0.000031780 0.999981582 256.408416748
0.999879539 0.014361377 0.005894632 -0.820383251 -0.014364337 0.999896646 0.000460295 -4.054197788 -0.005887412 -0.000544912 0.999982595 257.937561035
0.999914289 0.011643126 0.005989430 -0.820751667 -0.011650049 0.999931455 0.001122392 -4.076834202 -0.005975952 -0.001192073 0.999981463 259.451354980
0.999925494 0.010434508 0.006334676 -0.830632687 -0.010437297 0.999945581 0.000407407 -4.101535320 -0.006330080 -0.000473493 0.999979854 260.999542236
0.999938548 0.009331983 0.005992471 -0.829171777 -0.009326177 0.999956131 -0.000996081 -4.120721340 -0.006001503 0.000940132 0.999981582 262.550598145
0.999948978 0.007809130 0.006394181 -0.819357395 -0.007814696 0.999969125 0.000845893 -4.147961617 -0.006387378 -0.000895819 0.999979198 264.108734131
0.999958575 0.005689717 0.007098023 -0.817932010 -0.005709338 0.999979913 0.002747095 -4.172488689 -0.007082250 -0.002787506 0.999971032 265.658264160
0.999966323 0.005046865 0.006468081 -0.801638424 -0.005056516 0.999986112 0.001476726 -4.188372135 -0.006460538 -0.001509382 0.999977946 267.249084473
0.999966979 0.004635555 0.006667490 -0.788954496 -0.004639479 0.999988973 0.000573099 -4.210201263 -0.006664759 -0.000604014 0.999977648 268.806457520
0.999960184 0.004987943 0.007400804 -0.785776258 -0.004990469 0.999987483 0.000322858 -4.239731312 -0.007399101 -0.000359779 0.999972582 270.348175049
0.999939859 0.006733838 0.008659361 -0.789334416 -0.006739293 0.999977052 0.000600968 -4.268100262 -0.008655115 -0.000659289 0.999962330 271.870086670
0.999921679 0.008421764 0.009256946 -0.786945641 -0.008420565 0.999964535 -0.000168444 -4.287667274 -0.009258036 0.000090482 0.999957144 273.407012939
0.999906242 0.009422373 0.009933406 -0.775174141 -0.009419332 0.999955535 -0.000352688 -4.315821171 -0.009936288 0.000259089 0.999950588 274.964782715
0.999882042 0.010903758 0.010816187 -0.760374069 -0.010895516 0.999940276 -0.000820794 -4.342470646 -0.010824490 0.000702849 0.999941170 276.484375000
0.999867558 0.011437213 0.011579794 -0.759212852 -0.011415181 0.999932885 -0.001966926 -4.367619514 -0.011601512 0.001834480 0.999930978 278.036437988
0.999874592 0.010216398 0.012099641 -0.737030387 -0.010195389 0.999946415 -0.001796679 -4.400691032 -0.012117347 0.001673093 0.999925196 279.579254150
0.999863923 0.009943653 0.013157471 -0.728591859 -0.009924531 0.999949574 -0.001517876 -4.428846836 -0.013171902 0.001387088 0.999912262 281.137054443
0.999863625 0.009238061 0.013688517 -0.715066075 -0.009228338 0.999957085 -0.000773278 -4.450999737 -0.013695073 0.000646850 0.999906003 282.707916260
0.999870002 0.008200928 0.013880247 -0.698107481 -0.008191869 0.999966204 -0.000709323 -4.479707718 -0.013885595 0.000595526 0.999903381 284.256469727
0.999877572 0.007963683 0.013470405 -0.672551036 -0.007921940 0.999963641 -0.003149476 -4.506857872 -0.013494997 0.003042379 0.999904335 285.848907471
0.999890685 0.006519854 0.013267610 -0.655755639 -0.006446952 0.999963880 -0.005530099 -4.535044670 -0.013303187 0.005443959 0.999896765 287.408630371
0.999900699 0.006467544 0.012522433 -0.637319446 -0.006401044 0.999965250 -0.005343245 -4.569040775 -0.012556556 0.005262558 0.999907315 288.974456787
0.999921501 0.005072961 0.011458549 -0.623016298 -0.005012948 0.999973595 -0.005260033 -4.600586891 -0.011484932 0.005202178 0.999920487 290.526428223
0.999936759 0.004808050 0.010163005 -0.615651906 -0.004749389 0.999971986 -0.005788326 -4.633182526 -0.010190549 0.005739693 0.999931574 292.073913574
0.999940932 0.004970386 0.009659477 -0.610785782 -0.004910168 0.999968410 -0.006247941 -4.663151264 -0.009690227 0.006200143 0.999933779 293.645324707
0.999950230 0.004858945 0.008708520 -0.596151054 -0.004809292 0.999972105 -0.005713420 -4.697992325 -0.008736039 0.005671253 0.999945760 295.217407227
0.999961376 0.004276582 0.007673870 -0.592263758 -0.004234462 0.999975920 -0.005496649 -4.733747482 -0.007697192 0.005463942 0.999955475 296.782806396
0.999971271 0.003947491 0.006474495 -0.587503433 -0.003921903 0.999984443 -0.003959878 -4.770508289 -0.006490026 0.003934372 0.999971211 298.342559814
0.999969900 0.005288608 0.005677699 -0.586878121 -0.005272330 0.999981880 -0.002877995 -4.797644138 -0.005692817 0.002847974 0.999979734 299.912292480
0.999962926 0.005594520 0.006545575 -0.585183382 -0.005576473 0.999980628 -0.002772085 -4.827289581 -0.006560957 0.002735481 0.999974728 301.508422852
0.999955058 0.006008408 0.007323124 -0.579900861 -0.005986912 0.999977648 -0.002953762 -4.857103825 -0.007340707 0.002909787 0.999968827 303.116058350
0.999959171 0.004654134 0.007762598 -0.579464316 -0.004629453 0.999984205 -0.003194468 -4.885648251 -0.007777343 0.003158401 0.999964774 304.694488525
0.999963760 0.002998889 0.007960107 -0.569258571 -0.002966623 0.999987364 -0.004062179 -4.920077801 -0.007972187 0.004038418 0.999960065 306.285766602
0.999964535 0.001394425 0.008308779 -0.558670700 -0.001343656 0.999980330 -0.006112707 -4.949928284 -0.008317140 0.006101327 0.999946773 307.877410889
0.999966502 0.001092780 0.008107839 -0.553435802 -0.001036261 0.999975145 -0.006971763 -4.986225128 -0.008115256 0.006963127 0.999942839 309.466705322
0.999980271 0.001970261 0.005964164 -0.556284428 -0.001921753 0.999965131 -0.008128068 -5.019886971 -0.005979971 0.008116447 0.999949157 311.073364258
0.999989986 0.002665631 0.003592397 -0.542864084 -0.002639151 0.999969482 -0.007355860 -5.055318356 -0.003611895 0.007346305 0.999966502 312.684600830
0.999988556 0.003595812 0.003177283 -0.546220958 -0.003582655 0.999984980 -0.004137109 -5.088854790 -0.003192111 0.004125678 0.999986351 314.313262939
0.999991119 0.002106764 0.003640884 -0.535198271 -0.002102965 0.999997258 -0.001046817 -5.121944427 -0.003643079 0.001039151 0.999992847 315.952575684
0.999994278 0.001301826 0.003123592 -0.527859390 -0.001300446 0.999999046 -0.000443892 -5.145792007 -0.003124167 0.000439827 0.999994993 317.575683594
0.999993086 0.000315308 0.003697631 -0.534450114 -0.000309668 0.999998808 -0.001525741 -5.174782276 -0.003698108 0.001524586 0.999992013 319.196044922
0.999990582 -0.001072791 0.004195131 -0.541880131 0.001078164 0.999998629 -0.001278685 -5.202753067 -0.004193754 0.001283196 0.999990404 320.805450439
0.999988437 -0.001311300 0.004630596 -0.554106474 0.001316189 0.999998510 -0.001052733 -5.229803085 -0.004629209 0.001058816 0.999988735 322.414825439
0.999987304 -0.001123327 0.004907539 -0.548951745 0.001130096 0.999998331 -0.001376779 -5.255110741 -0.004905986 0.001382308 0.999987006 324.035766602
0.999988198 -0.000011646 0.004871755 -0.542741477 0.000023403 0.999997020 -0.002413305 -5.282997131 -0.004871713 0.002413391 0.999985278 325.659667969
0.999982595 0.000912255 0.005830841 -0.548868477 -0.000896204 0.999995828 -0.002754715 -5.322413445 -0.005833329 0.002749441 0.999979198 327.264404297
0.999980271 -0.000652992 0.006253567 -0.541164756 0.000657180 0.999999583 -0.000667704 -5.354737282 -0.006253128 0.000671801 0.999980211 328.906402588
0.999975979 -0.001599413 0.006745884 -0.545380533 0.001597885 0.999998689 0.000231939 -5.386484146 -0.006746246 -0.000221154 0.999977171 330.497772217
0.999974906 -0.003000397 0.006422249 -0.534823537 0.003008074 0.999994755 -0.001186025 -5.415760040 -0.006418657 0.001205314 0.999978662 332.132720947
0.999977410 -0.001080555 0.006637359 -0.533250332 0.001088300 0.999998868 -0.001163411 -5.444099426 -0.006636093 0.001170608 0.999977291 333.748626709
0.999981761 0.000415355 0.006040005 -0.536105990 -0.000397731 0.999995589 -0.002918705 -5.474895477 -0.006041190 0.002916249 0.999977529 335.342773438
0.999978840 0.002509466 0.006002027 -0.542248607 -0.002473623 0.999979079 -0.005971904 -5.510792255 -0.006016887 0.005956932 0.999964178 336.951049805
0.999979913 0.003701535 0.005144923 -0.544779241 -0.003673268 0.999978185 -0.005492812 -5.545453072 -0.005165143 0.005473803 0.999971628 338.563659668
0.999982536 0.004609746 0.003699396 -0.544561863 -0.004601315 0.999986827 -0.002284179 -5.575874805 -0.003709877 0.002267117 0.999990523 340.147277832
0.999983668 0.005073015 0.002626198 -0.544952333 -0.005075945 0.999986529 0.001109854 -5.615394115 -0.002620531 -0.001123166 0.999995887 341.754425049
0.999982834 0.005688837 0.001349914 -0.552737594 -0.005688501 0.999983728 -0.000253511 -5.642251015 -0.001351334 0.000245828 0.999999046 343.349700928
0.999986827 0.005105655 -0.000480258 -0.559594810 -0.005106548 0.999985218 -0.001879038 -5.669112206 0.000470658 0.001881465 0.999998033 344.944580078
0.999989927 0.003702280 -0.002531144 -0.563605905 -0.003704207 0.999992847 -0.000756699 -5.695098400 0.002528324 0.000766067 0.999996483 346.540344238
0.999991298 0.002063085 -0.003603078 -0.572402239 -0.002063703 0.999997854 -0.000167569 -5.727343559 0.003602725 0.000175003 0.999993443 348.135101318
0.999990225 0.002325770 -0.003739937 -0.599003732 -0.002330327 0.999996662 -0.001214793 -5.748755455 0.003737099 0.001223497 0.999992251 349.719268799
0.999991119 0.001183542 -0.004033137 -0.612205684 -0.001192778 0.999996662 -0.002288331 -5.775911808 0.004030414 0.002293121 0.999989212 351.306762695
0.999990761 0.001115982 -0.004144437 -0.624268115 -0.001126395 0.999996185 -0.002511078 -5.803359509 0.004141619 0.002515723 0.999988258 352.906951904
0.999990821 0.000504330 -0.004260641 -0.638215184 -0.000516234 0.999995947 -0.002793196 -5.832494736 0.004259215 0.002795370 0.999987006 354.500366211
0.999989748 0.000001648 -0.004546479 -0.649012446 -0.000017923 0.999993563 -0.003579829 -5.862084866 0.004546445 0.003579873 0.999983251 356.096282959
0.999990880 0.000747187 -0.004189825 -0.668464422 -0.000763690 0.999991953 -0.003938768 -5.901569843 0.004186848 0.003941932 0.999983430 357.723815918
0.999990463 0.000171253 -0.004364293 -0.677740097 -0.000188391 0.999992192 -0.003926849 -5.931694508 0.004363586 0.003927634 0.999982774 359.309020996
0.999989450 0.000035664 -0.004581274 -0.687717617 -0.000056068 0.999990106 -0.004453697 -5.969335079 0.004581069 0.004453907 0.999979556 360.903320312
0.999988437 -0.001573222 -0.004534025 -0.700136721 0.001546775 0.999981821 -0.005830443 -6.003650665 0.004543116 0.005823364 0.999972701 362.493652344
0.999985754 -0.002942266 -0.004482150 -0.714070320 0.002924902 0.999988198 -0.003875554 -6.039040089 0.004493500 0.003862388 0.999982417 364.106689453
0.999974072 -0.005231051 -0.004958190 -0.715543866 0.005217362 0.999982476 -0.002769772 -6.076445580 0.004972592 0.002743831 0.999983847 365.702697754
0.999979973 -0.004797752 -0.004134119 -0.743780732 0.004780197 0.999979496 -0.004246154 -6.100364685 0.004154406 0.004226306 0.999982417 367.310760498
0.999988794 -0.003478844 -0.003201873 -0.770713866 0.003462250 0.999980628 -0.005173821 -6.125108242 0.003219810 0.005162676 0.999981523 368.926300049
0.999991238 -0.002567370 -0.003298946 -0.781421065 0.002554661 0.999989331 -0.003850689 -6.173612118 0.003308797 0.003842228 0.999987125 370.530181885
0.999993920 -0.000916295 -0.003346978 -0.791231930 0.000906398 0.999995351 -0.002957219 -6.202675343 0.003349672 0.002954168 0.999990046 372.133361816
0.999995351 -0.001201329 -0.002812054 -0.805835605 0.001191768 0.999993503 -0.003399182 -6.237473488 0.002816119 0.003395815 0.999990225 373.739440918
0.999996960 -0.000843870 -0.002332643 -0.830449700 0.000833348 0.999989450 -0.004507853 -6.262867928 0.002336423 0.004505896 0.999987066 375.330169678
0.999997139 -0.000547287 -0.002331196 -0.838728607 0.000536854 0.999989867 -0.004473764 -6.301912785 0.002333621 0.004472500 0.999987245 376.926025391
0.999997675 -0.000533516 -0.002093451 -0.840054750 0.000524160 0.999989867 -0.004467116 -6.336655617 0.002095813 0.004466007 0.999987841 378.557617188
0.999997675 0.001493985 -0.001568165 -0.867200196 -0.001500862 0.999989152 -0.004393443 -6.369108677 0.001561584 0.004395788 0.999989092 380.200531006
0.999994874 0.003057665 -0.001036913 -0.878145039 -0.003061226 0.999989390 -0.003450462 -6.404728889 0.001026352 0.003453619 0.999993503 381.805358887
0.999990165 0.004411409 -0.000429733 -0.902524710 -0.004413311 0.999979973 -0.004530636 -6.433465958 0.000409738 0.004532488 0.999989569 383.438232422
