1.000000000 0.000000000 0.000000000 0.000000000 0.000000000 0.999999940 -0.000000000 -0.000000030 0.000000000 -0.000000000 1.000000000 0.000000119
0.999997675 -0.001622384 -0.001435348 -0.002483399 0.001621047 0.999998212 -0.000932040 -0.007702792 0.001436858 0.000929711 0.999998510 0.564240634
0.999995470 -0.001811100 -0.002399490 -0.007897151 0.001804909 0.999994993 -0.002579510 -0.017666025 0.002404150 0.002575167 0.999993801 1.119493246
0.999986529 -0.002513163 -0.004535705 -0.008936154 0.002497114 0.999990582 -0.003540453 -0.035180662 0.004544560 0.003529079 0.999983430 1.685302734
0.999970257 -0.004361345 -0.006364316 -0.020141624 0.004326043 0.999975204 -0.005550134 -0.041310910 0.006388365 0.005522437 0.999964356 2.251799107
0.999947488 -0.007136722 -0.007349297 -0.034486949 0.007084983 0.999950051 -0.007042130 -0.065087520 0.007399188 0.006989690 0.999948144 2.802426815
0.999926329 -0.008375384 -0.008786948 -0.041511394 0.008308939 0.999936938 -0.007571433 -0.079175428 0.008849807 0.007497866 0.999932766 3.372978926
0.999912500 -0.008415740 -0.010206476 -0.052091084 0.008345474 0.999941409 -0.006907822 -0.091595940 0.010264012 0.006822040 0.999924064 3.953651428
0.999900520 -0.008760604 -0.011054548 -0.065676108 0.008678796 0.999934733 -0.007426793 -0.104417227 0.011118889 0.007330115 0.999911368 4.547947407
0.999889374 -0.008205189 -0.012397761 -0.072463103 0.008079117 0.999915481 -0.010184897 -0.120042801 0.012480284 0.010083608 0.999871254 5.142456055
0.999885619 -0.006612752 -0.013592481 -0.086352468 0.006422980 0.999881923 -0.013958121 -0.135157332 0.013683178 0.013869222 0.999810219 5.748186588
0.999874055 -0.005348725 -0.014936257 -0.103067800 0.005084390 0.999830663 -0.017679848 -0.147383645 0.015028296 0.017601678 0.999732077 6.358962059
0.999865472 -0.003215854 -0.016083356 -0.120923281 0.002930877 0.999838889 -0.017711109 -0.161655605 0.016137723 0.017661588 0.999713719 6.991363049
0.999848008 -0.001212794 -0.017388474 -0.131218731 0.001025908 0.999941647 -0.010752586 -0.172661170 0.017400503 0.010733114 0.999790967 7.630196095
0.999841571 -0.000200602 -0.017794874 -0.153916761 0.000199500 0.999999940 -0.000063711 -0.186528444 0.017794887 0.000060150 0.999841690 8.292811394
0.999821782 0.000540075 -0.018870449 -0.167549506 -0.000415714 0.999978185 0.006593531 -0.197803542 0.018873598 -0.006584510 0.999800265 8.976979256
0.999792397 0.003017225 -0.020142816 -0.185934052 -0.002904934 0.999980092 0.005601683 -0.212815389 0.020159317 -0.005542009 0.999781489 9.668170929
0.999776125 0.005286019 -0.020487593 -0.217421964 -0.005324244 0.999984145 -0.001811652 -0.218905464 0.020477692 0.001920328 0.999788404 10.354149818
0.999749303 0.004714290 -0.021890223 -0.232755274 -0.004881182 0.999959409 -0.007576854 -0.221234992 0.021853615 0.007681805 0.999731600 11.065690041
0.999741614 0.002528863 -0.022590773 -0.258668005 -0.002671668 0.999976575 -0.006293425 -0.221799180 0.022574330 0.006352154 0.999724984 11.805607796
0.999733925 0.002079987 -0.022974674 -0.278366864 -0.002013841 0.999993682 0.002901884 -0.229321942 0.022980569 -0.002854845 0.999731779 12.570251465
0.999720514 0.001862045 -0.023566499 -0.298483044 -0.001614505 0.999943316 0.010518547 -0.237401292 0.023584751 -0.010477559 0.999666989 13.350635529
0.999710917 0.000919962 -0.024025487 -0.320438713 -0.000605075 0.999913871 0.013110364 -0.240027934 0.024035482 -0.013092036 0.999625444 14.137577057
0.999704540 -0.000780291 -0.024295578 -0.338484168 0.001072354 0.999927402 0.012010522 -0.240804926 0.024284443 -0.012033028 0.999632776 14.936704636
0.999719858 -0.001251320 -0.023636259 -0.362264603 0.001476423 0.999953628 0.009508615 -0.240578339 0.023623271 -0.009540849 0.999675512 15.767254829
0.999727070 0.001325388 -0.023324439 -0.390320271 -0.001184703 0.999981105 0.006044455 -0.239897683 0.023332011 -0.006015173 0.999709725 16.607252121
0.999749362 -0.001859034 -0.022308635 -0.406789780 0.001868982 0.999998152 0.000425111 -0.243570819 0.022307804 -0.000466700 0.999751031 17.464124680
0.999753118 -0.004710974 -0.021709094 -0.420601219 0.004584447 0.999972224 -0.005874393 -0.252081066 0.021736166 0.005773419 0.999747038 18.338163376
0.999773562 -0.003590979 -0.020975562 -0.437910765 0.003357165 0.999931931 -0.011171565 -0.265614986 0.021014255 0.011098617 0.999717653 19.233325958
0.999785066 -0.001864997 -0.020646608 -0.467078239 0.001618557 0.999927223 -0.011946383 -0.283409774 0.020667385 0.011910398 0.999715507 20.139081955
0.999778628 -0.002154158 -0.020928593 -0.495722353 0.001915915 0.999933183 -0.011396967 -0.303494006 0.020951744 0.011354348 0.999716103 21.081020355
0.999778986 -0.000527693 -0.021013513 -0.500905573 0.000255072 0.999915779 -0.012974193 -0.324602097 0.021018589 0.012965968 0.999694943 22.019945145
0.999776423 0.002119022 -0.021036755 -0.524790585 -0.002436168 0.999883592 -0.015061601 -0.344519198 0.021002389 0.015109483 0.999665201 22.974487305
0.999759555 0.005545894 -0.021214306 -0.554740369 -0.005879922 0.999859154 -0.015715571 -0.367934823 0.021124164 0.015836531 0.999651372 23.936870575
0.999751687 0.007772141 -0.020883795 -0.589821756 -0.008103071 0.999842167 -0.015808629 -0.396565557 0.020757629 0.015973927 0.999656856 24.914979935
0.999739587 0.008319215 -0.021250131 -0.613057375 -0.008660436 0.999834239 -0.016016131 -0.422957569 0.021113366 0.016195998 0.999645948 25.893201828
0.999733746 0.008224124 -0.021556892 -0.631911337 -0.008567693 0.999836922 -0.015894087 -0.450701207 0.021422660 0.016074548 0.999641240 26.881559372
0.999712825 0.009762707 -0.021883961 -0.662085295 -0.010080563 0.999844611 -0.014461691 -0.483516604 0.021739371 0.014678142 0.999655902 27.886354446
0.999700785 0.010438200 -0.022117671 -0.684956312 -0.010716684 0.999864280 -0.012510050 -0.513823390 0.021984089 0.012743335 0.999677062 28.901975632
0.999688566 0.011322726 -0.022234717 -0.717585623 -0.011573997 0.999870181 -0.011204826 -0.543638945 0.022104966 0.011458680 0.999689996 29.923685074
0.999684989 0.010880323 -0.022616515 -0.741509557 -0.011158715 0.999863088 -0.012219766 -0.571089268 0.022480465 0.012468290 0.999669552 30.948690414
0.999670446 0.012128604 -0.022619918 -0.774695516 -0.012432992 0.999833345 -0.013364964 -0.594834685 0.022454053 0.013641795 0.999654830 31.986072540
0.999670744 0.011992192 -0.022684399 -0.807711959 -0.012278178 0.999846280 -0.012510163 -0.620705426 0.022530891 0.012784565 0.999664426 33.035800934
0.999643326 0.011648065 -0.024031026 -0.826339900 -0.011900083 0.999875367 -0.010370950 -0.640144229 0.023907233 0.010653220 0.999657393 34.086421967
0.999634206 0.012407670 -0.024031240 -0.860798895 -0.012578098 0.999896705 -0.006953807 -0.659495115 0.023942480 0.007253530 0.999687076 35.142887115
0.999633253 0.011918473 -0.024317592 -0.895721495 -0.012021932 0.999919236 -0.004112740 -0.688411713 0.024266614 0.004403574 0.999695837 36.210697174
0.999619901 0.011347726 -0.025124636 -0.917552590 -0.011435980 0.999928892 -0.003371737 -0.716308355 0.025084589 0.003657780 0.999678671 37.293762207
0.999610126 0.011048374 -0.025643324 -0.946010351 -0.011180357 0.999924958 -0.005009197 -0.732742012 0.025586056 0.005293945 0.999658704 38.370475769
0.999582648 0.011417744 -0.026536880 -0.980955422 -0.011573391 0.999916613 -0.005719142 -0.749294579 0.026469372 0.006023876 0.999631524 39.461513519
0.999567389 0.011316738 -0.027145999 -1.016384602 -0.011442618 0.999924481 -0.004486290 -0.772231221 0.027093178 0.004794971 0.999621511 40.522529602
0.999548018 0.011179426 -0.027905598 -1.053803444 -0.011254511 0.999933362 -0.002535133 -0.792162836 0.027875399 0.002848051 0.999607325 41.636680603
0.999529719 0.011612854 -0.028380498 -1.091371417 -0.011617754 0.999932408 -0.000007826 -0.811894596 0.028378494 0.000337540 0.999597192 42.722221375
0.999504149 0.012798341 -0.028770439 -1.128871441 -0.012798650 0.999917984 0.000173418 -0.836861432 0.028770305 0.000194891 0.999586046 43.797889709
0.999471307 0.014220666 -0.029240549 -1.166656137 -0.014334054 0.999890447 -0.003671771 -0.861814618 0.029185133 0.004088965 0.999565661 44.902091980
0.999458432 0.015397409 -0.029081630 -1.209605336 -0.015633995 0.999846280 -0.007925482 -0.879963100 0.028955132 0.008375851 0.999545634 45.979656219
0.999453366 0.015803270 -0.029039949 -1.248657465 -0.016053397 0.999835849 -0.008400436 -0.901749015 0.028902430 0.008862033 0.999542952 47.063610077
0.999464333 0.016189104 -0.028442841 -1.290910840 -0.016351622 0.999851167 -0.005490580 -0.930648208 0.028349727 0.005952726 0.999580383 48.138092041
0.999432445 0.016878396 -0.029153667 -1.319738865 -0.016978113 0.999850750 -0.003176382 -0.958864033 0.029095707 0.003669552 0.999569952 49.255836487
0.999469221 0.014939400 -0.028949039 -1.354162455 -0.015004547 0.999885321 -0.002034514 -0.978557765 0.028915329 0.002467802 0.999578834 50.360099792
0.999492526 0.014981114 -0.028112702 -1.395304680 -0.015066731 0.999882400 -0.002836177 -1.002000809 0.028066911 0.003258304 0.999600768 51.447139740
0.999501169 0.013867686 -0.028373564 -1.426891208 -0.014008423 0.999890447 -0.004767464 -1.020413399 0.028304342 0.005162555 0.999586046 52.539676666
0.999513805 0.013925940 -0.027894249 -1.463307738 -0.014129425 0.999874890 -0.007111142 -1.044058084 0.027791731 0.007501814 0.999585569 53.625888824
0.999532282 0.012736687 -0.027801869 -1.494845629 -0.013007587 0.999869466 -0.009584947 -1.070934057 0.027676160 0.009942098 0.999567509 54.723384857
0.999550760 0.011251058 -0.027778812 -1.528166533 -0.011604193 0.999853432 -0.012584017 -1.107015371 0.027633158 0.012900713 0.999534905 55.807598114
0.999577284 0.009574984 -0.027453043 -1.559128881 -0.009969715 0.999848306 -0.014277798 -1.141525269 0.027312173 0.014545461 0.999521136 56.889385223
0.999599218 0.008155528 -0.027110828 -1.595044613 -0.008478355 0.999894261 -0.011814151 -1.175254583 0.027011611 0.012039271 0.999562681 57.977054596
0.999616742 0.006783564 -0.026843643 -1.627320528 -0.006946038 0.999958038 -0.005964017 -1.201443076 0.026802063 0.006148187 0.999621868 59.072124481
0.999628961 0.005058388 -0.026763625 -1.654216409 -0.005069547 0.999987006 -0.000349123 -1.221413612 0.026761515 0.000484673 0.999641776 60.179347992
0.999633431 0.003130013 -0.026890354 -1.682547092 -0.003126836 0.999995053 0.000160196 -1.238922596 0.026890727 -0.000076056 0.999638379 61.269443512
0.999650180 -0.000105424 -0.026450055 -1.714421988 0.000029529 0.999995828 -0.002869748 -1.257445335 0.026450247 0.002867963 0.999646127 62.360301971
0.999651611 -0.001033851 -0.026372036 -1.748118281 0.000878816 0.999982297 -0.005889656 -1.282174349 0.026377657 0.005864428 0.999634862 63.463638306
0.999654055 0.000964156 -0.026284451 -1.787298203 -0.001225311 0.999950051 -0.009921421 -1.308243752 0.026273569 0.009950195 0.999605298 64.551002502
0.999652565 0.001062422 -0.026335286 -1.819197178 -0.001430756 0.999901354 -0.013971460 -1.338949561 0.026317842 0.014004285 0.999555528 65.630630493
0.999671280 0.004029260 -0.025319999 -1.861960292 -0.004407320 0.999879420 -0.014893268 -1.365960360 0.025256934 0.014999964 0.999568462 66.736907959
0.999664366 0.008189425 -0.024577273 -1.902191043 -0.008469427 0.999900162 -0.011310368 -1.398787737 0.024482194 0.011514729 0.999633968 67.846717834
0.999661386 0.009270621 -0.024313530 -1.936746716 -0.009493345 0.999913812 -0.009061138 -1.427486062 0.024227437 0.009288886 0.999663353 68.941307068
0.999668956 0.008271267 -0.024362870 -1.967097282 -0.008473689 0.999930263 -0.008217222 -1.454153895 0.024293208 0.008420945 0.999669433 70.025474548
0.999668300 0.007630400 -0.024596637 -1.990938067 -0.007821755 0.999939799 -0.007692896 -1.482230306 0.024536459 0.007882734 0.999667883 71.143318176
0.999667406 0.006408073 -0.024981104 -2.018310547 -0.006562402 0.999959826 -0.006100733 -1.511972666 0.024941007 0.006262639 0.999669373 72.237434387
0.999665856 0.004641636 -0.025424464 -2.047314882 -0.004747604 0.999980211 -0.004109168 -1.537137032 0.025404887 0.004228500 0.999668360 73.333679199
0.999656081 0.004212453 -0.025885098 -2.085475922 -0.004274138 0.999988079 -0.002328142 -1.567309856 0.025874987 0.002437978 0.999662220 74.440582275
0.999647737 0.003560001 -0.026299926 -2.119165897 -0.003647898 0.999987841 -0.003294855 -1.594733357 0.026287880 0.003389634 0.999648690 75.531242371
0.999626696 0.003113942 -0.027144438 -2.146722794 -0.003305858 0.999969780 -0.007028162 -1.619624257 0.027121734 0.007115274 0.999606788 76.597900391
0.999613345 0.004440217 -0.027450023 -2.191422701 -0.004702152 0.999943972 -0.009485059 -1.645065308 0.027406367 0.009610468 0.999578178 77.702796936
0.999586225 0.006261879 -0.028075647 -2.225328445 -0.006476584 0.999950409 -0.007562973 -1.673134565 0.028026897 0.007741680 0.999577165 78.786087036
0.999564409 0.007579318 -0.028522667 -2.268276691 -0.007684148 0.999964058 -0.003567502 -1.694495440 0.028494606 0.003785121 0.999586821 79.875633240
0.999534667 0.008802560 -0.029207043 -2.303959608 -0.008793135 0.999961257 0.000451127 -1.717325568 0.029209886 -0.000194096 0.999573350 80.947868347
0.999508142 0.009892460 -0.029759018 -2.344387293 -0.009856732 0.999950528 0.001347057 -1.743389010 0.029770873 -0.001053068 0.999556243 82.029945374
0.999506772 0.009742375 -0.029855870 -2.394573212 -0.009774656 0.999951780 -0.000935424 -1.764131784 0.029845318 0.001226793 0.999553800 83.090705872
0.999503970 0.009697447 -0.029965652 -2.436323643 -0.009745810 0.999951482 -0.001468286 -1.786439776 0.029949959 0.001759597 0.999549866 84.156204224
0.999501348 0.009702533 -0.030049101 -2.481871605 -0.009761249 0.999950647 -0.001807819 -1.805501699 0.030030081 0.002100234 0.999546766 85.222457886
0.999453902 0.007795866 -0.032110497 -2.496821642 -0.007852046 0.999967992 -0.001623873 -1.827830553 0.032096796 0.001875120 0.999482989 86.242492676
0.999448180 0.006607062 -0.032552354 -2.533997536 -0.006629847 0.999977887 -0.000592035 -1.844376206 0.032547716 0.000807525 0.999469876 87.267730713
0.999427676 0.006701789 -0.033158466 -2.570388317 -0.006617735 0.999974608 0.002644054 -1.875305891 0.033175334 -0.002423107 0.999446571 88.277770996
0.999409676 0.005665201 -0.033888023 -2.611483335 -0.005543671 0.999977887 0.003679105 -1.895406961 0.033908121 -0.003489068 0.999418914 89.254257202
0.999344468 0.004577422 -0.035911638 -2.649396181 -0.004444824 0.999983072 0.003771294 -1.912745953 0.035928287 -0.003609201 0.999347925 90.207489014
0.999229848 0.004491043 -0.038980916 -2.695320368 -0.004390036 0.999986768 0.002676421 -1.935792804 0.038992416 -0.002503232 0.999236465 91.141181946
0.999074280 0.003768995 -0.042852201 -2.733928680 -0.003691436 0.999991417 0.001888905 -1.949959755 0.042858951 -0.001728970 0.999079645 92.081611633
0.998953402 0.003371164 -0.045614883 -2.779971600 -0.003272634 0.999992192 0.002234560 -1.968668222 0.045622058 -0.002082941 0.998956621 92.968894958
0.998782516 0.004541608 -0.049120087 -2.827431679 -0.004376765 0.999984384 0.003462953 -1.988350153 0.049135048 -0.003243750 0.998786867 93.845596313
0.998615384 0.005135466 -0.052354325 -2.873358965 -0.004892047 0.999976575 0.004776573 -2.009042263 0.052377634 -0.004513839 0.998617172 94.687416077
0.998460650 0.006668771 -0.055062346 -2.932188749 -0.006340428 0.999961138 0.006135667 -2.021251440 0.055101119 -0.005777102 0.998464048 95.500259399
0.998298109 0.008088217 -0.057753537 -2.981440544 -0.007697864 0.999946117 0.006978252 -2.037921190 0.057806861 -0.006521797 0.998306453 96.293807983
0.998110116 0.010481006 -0.060550652 -3.031841755 -0.010061893 0.999923408 0.007222474 -2.051883459 0.060621705 -0.006599570 0.998139024 97.053276062
0.997960150 0.012077901 -0.062687084 -3.097766638 -0.011697127 0.999910831 0.006437632 -2.072055340 0.062759250 -0.005691241 0.998012483 97.775329590
0.997770607 0.013403754 -0.065376870 -3.147960186 -0.013250251 0.999908388 0.002780969 -2.088254213 0.065408148 -0.001908509 0.997856796 98.474151611
0.997575760 0.015549295 -0.067829236 -3.204974651 -0.015636317 0.999877453 -0.000752252 -2.104928255 0.067809224 0.001811028 0.997696698 99.140205383
0.997401237 0.017063623 -0.069997557 -3.261999846 -0.017351089 0.999843359 -0.003500788 -2.117881060 0.069926850 0.004706224 0.997541010 99.788520813
0.997306705 0.019583872 -0.070681475 -3.310635567 -0.019942097 0.999791622 -0.004366023 -2.134988070 0.070581235 0.005763801 0.997489452 100.404777527
0.997321129 0.021708364 -0.069851831 -3.357201099 -0.022031594 0.999749780 -0.003860191 -2.152236700 0.069750555 0.005388798 0.997549951 100.992156982
0.997447789 0.025751708 -0.066593297 -3.404573679 -0.025961915 0.999660194 -0.002292959 -2.166890621 0.066511631 0.004015997 0.997777641 101.557235718
0.997731984 0.028193664 -0.061123163 -3.443920612 -0.028305590 0.999598801 -0.000965883 -2.180270433 0.061071411 0.002693819 0.998129845 102.098136902
0.998120964 0.029177155 -0.053881675 -3.467169523 -0.029155148 0.999574006 0.001194589 -2.196061611 0.053893585 0.000378583 0.998546660 102.616279602
0.998605192 0.029010892 -0.044115596 -3.491141796 -0.028873149 0.999575853 0.003756442 -2.211071491 0.044205867 -0.002477448 0.999019444 103.119262695
0.999067128 0.028499085 -0.032443620 -3.493889809 -0.028355692 0.999585927 0.004871374 -2.221823931 0.032569017 -0.003946871 0.999461710 103.602317810
0.999436021 0.027469911 -0.019316364 -3.493118286 -0.027378887 0.999612749 0.004961327 -2.235293865 0.019445175 -0.004429668 0.999801159 104.058044434
0.999614775 0.027429590 -0.004261781 -3.484098434 -0.027412001 0.999615669 0.004132204 -2.246101618 0.004373486 -0.004013787 0.999982476 104.496421814
0.999571085 0.025875917 0.013719783 -3.467062712 -0.025893494 0.999664128 0.001104863 -2.256835699 -0.013686591 -0.001459642 0.999905407 104.923141479
0.999068558 0.025589814 0.034744866 -3.433104992 -0.025490429 0.999669611 -0.003300365 -2.273670197 -0.034817845 0.002411630 0.999390781 105.335830688
0.997985721 0.023271672 0.059017457 -3.387141466 -0.022817615 0.999704599 -0.008355958 -2.280919552 -0.059194487 0.006992492 0.998221993 105.737731934
0.996035337 0.021211877 0.086393356 -3.331521511 -0.020329457 0.999731898 -0.011081113 -2.292786837 -0.086605251 0.009280852 0.996199548 106.136260986
0.993054390 0.018456861 0.116199858 -3.256677389 -0.017141540 0.999777317 -0.012308709 -2.304513454 -0.116401166 0.010231375 0.993149638 106.533164978
0.988822281 0.015783312 0.148261994 -3.169610739 -0.013800748 0.999801099 -0.014391365 -2.318001509 -0.148459673 0.012184377 0.988843441 106.912796021
0.982716322 0.013450378 0.184628636 -3.087538958 -0.010716815 0.999817789 -0.015795700 -2.332513094 -0.184807450 0.013544062 0.982681453 107.240409851
0.974737763 0.010404070 0.223109633 -2.968798876 -0.006898287 0.999840260 -0.016486904 -2.343694210 -0.223245531 0.014531334 0.974653900 107.603836060
0.964693010 0.008095285 0.263252318 -2.846220016 -0.003676492 0.999844074 -0.017273678 -2.359402180 -0.263351113 0.015695952 0.964572370 107.951797485
0.952347815 0.008848206 0.304885864 -2.712553740 -0.003498762 0.999830246 -0.018087639 -2.379032135 -0.304994196 0.016158998 0.952217162 108.281295776
0.936899841 0.010995437 0.349424958 -2.574573517 -0.004731314 0.999812484 -0.018775439 -2.389937878 -0.349565893 0.015937468 0.936776280 108.596260071
0.918734908 0.011419857 0.394709677 -2.408648491 -0.004884844 0.999833882 -0.017557420 -2.402100086 -0.394844621 0.014202521 0.918638170 108.926094055
0.898558438 0.010335759 0.438732207 -2.218853235 -0.003372323 0.999855638 -0.016648056 -2.411527872 -0.438840926 0.013479705 0.898463726 109.228927612
0.875398636 0.008964128 0.483318627 -2.027700186 -0.000998222 0.999859393 -0.016736424 -2.428248167 -0.483400702 0.014168583 0.875284612 109.504829407
0.850279033 0.010302093 0.526231349 -1.804439068 -0.000133259 0.999812603 -0.019358128 -2.439802647 -0.526332140 0.016389687 0.850121081 109.793823242
0.822322845 0.012305313 0.568888128 -1.582535744 0.000948563 0.999735057 -0.022995872 -2.455419064 -0.569020391 0.019449659 0.822093427 110.065620422
0.792547941 0.015641870 0.609609067 -1.326955676 0.000462149 0.999655247 -0.026250841 -2.482945204 -0.609809518 0.021086780 0.792267442 110.333992004
0.758454323 0.022050524 0.651353121 -1.075852990 -0.003081294 0.999537587 -0.030249806 -2.494387627 -0.651718974 0.020936081 0.758171439 110.588119507
0.720773399 0.026641063 0.692658663 -0.805729032 -0.005000412 0.999434888 -0.033236932 -2.502491236 -0.693152666 0.020492718 0.720499396 110.837654114
0.681381345 0.027058432 0.731428385 -0.511716247 -0.003153541 0.999415636 -0.034034580 -2.518775225 -0.731921792 0.020883940 0.681068480 111.062461853
0.640660703 0.024166776 0.767443776 -0.198445365 0.001356255 0.999467313 -0.032605391 -2.532028437 -0.767822921 0.021929845 0.640286684 111.259490967
0.596769989 0.022378691 0.802100301 0.128201231 0.003115720 0.999538779 -0.030205375 -2.536908150 -0.802406371 0.020524783 0.596425056 111.456024170
0.550871193 0.021082945 0.834323943 0.456171453 0.003868923 0.999605656 -0.027814021 -2.552169085 -0.834581316 0.018549880 0.550572336 111.612533569
0.502676845 0.018474381 0.864276946 0.812736094 0.005671034 0.999679625 -0.024667041 -2.563850880 -0.864455819 0.017300894 0.502410948 111.777038574
0.452038676 0.014833832 0.891875029 1.184453726 0.008987858 0.999735177 -0.021183196 -2.571138382 -0.891952991 0.017591670 0.451785594 111.922775269
0.399431050 0.014776364 0.916644156 1.544312835 0.005601044 0.999812067 -0.018557712 -2.596690178 -0.916746140 0.012546690 0.399273187 112.056472778
0.348391205 0.020338142 0.937128603 1.931546569 0.001278319 0.999753356 -0.022172496 -2.606106997 -0.937348366 0.008922653 0.348279268 112.172180176
0.298085362 0.025277663 0.954204559 2.316815853 0.001104658 0.999639511 -0.026826356 -2.619257927 -0.954538584 0.009050613 0.297949970 112.257446289
0.251307726 0.027479183 0.967517138 2.711729765 0.002541094 0.999574840 -0.029049711 -2.631659031 -0.967903852 0.009758970 0.251131028 112.328086853
0.210101932 0.027266789 0.977299213 3.139978170 0.009611534 0.999505103 -0.029952642 -2.648263693 -0.977632225 0.015686454 0.209735900 112.381011963
0.174988613 0.026882811 0.984203398 3.577253819 0.018250242 0.999366999 -0.030541826 -2.664451122 -0.984401345 0.023306424 0.174387172 112.421607971
0.144545957 0.028277239 0.989094079 4.033274651 0.022398412 0.999242008 -0.031840660 -2.675326586 -0.989244580 0.026756572 0.143803030 112.458656311
0.116380975 0.026695976 0.992845774 4.484336376 0.020532355 0.999360383 -0.029277937 -2.694330931 -0.992992461 0.023792855 0.115758404 112.506813049
0.090592645 0.023342432 0.995614409 4.976340771 0.014106645 0.999594927 -0.024719339 -2.707895517 -0.995788157 0.016284168 0.090226658 112.549423218
0.066780373 0.019072246 0.997585356 5.479451656 0.009527053 0.999759495 -0.019751573 -2.725941896 -0.997722328 0.010823066 0.066582605 112.577140808
0.044078548 0.016758585 0.998887479 6.000640869 0.013601747 0.999756575 -0.017373379 -2.741906404 -0.998935580 0.014352406 0.043839868 112.584312439
0.024014369 0.017404482 0.999560058 6.549058914 0.021288622 0.999612689 -0.017916860 -2.762349129 -0.999485016 0.021709517 0.023634542 112.572860718
0.006558794 0.020037284 0.999777734 7.118246555 0.025116300 0.999480486 -0.020196101 -2.782145739 -0.999663055 0.025243180 0.006052125 112.564605713
-0.007614319 0.025290234 0.999651194 7.691584110 0.026059758 0.999345601 -0.025084011 -2.793618679 -0.999631405 0.025859669 -0.008268393 112.551055908
-0.018532112 0.030048607 0.999376655 8.298690796 0.024081910 0.999271810 -0.029598888 -2.802255869 -0.999538183 0.023518369 -0.019242244 112.543083191
-0.025103016 0.029791694 0.999240816 8.914921761 0.024964076 0.999262869 -0.029165199 -2.827000618 -0.999373198 0.024212988 -0.025828237 112.524581909
-0.027211083 0.026881441 0.999268174 9.581459045 0.031738743 0.999157548 -0.026014190 -2.841435909 -0.999125719 0.031007642 -0.028041344 112.492897034
-0.026897920 0.024989555 0.999325693 10.237602234 0.033384636 0.999152184 -0.024086636 -2.864509344 -0.999080479 0.032714248 -0.027709387 112.473274231
-0.025001049 0.024641192 0.999383688 10.907374382 0.031917199 0.999206126 -0.023838362 -2.888900280 -0.999177754 0.031301539 -0.025767680 112.461471558
-0.023371333 0.024956914 0.999415398 11.613472939 0.028783355 0.999290705 -0.024280706 -2.913274527 -0.999312401 0.028199054 -0.024073102 112.453834534
-0.022155663 0.026241926 0.999410033 12.328805923 0.028124044 0.999276161 -0.025614932 -2.929326773 -0.999358952 0.027539937 -0.022877654 112.443183899
-0.021573110 0.027227404 0.999396443 13.056211472 0.027213797 0.999274671 -0.026636641 -2.955489397 -0.999396741 0.026622739 -0.022298425 112.438552856
-0.020989833 0.026755868 0.999421656 13.796963692 0.026479624 0.999305964 -0.026196647 -2.979475975 -0.999428988 0.025914447 -0.021683753 112.436370850
-0.019758847 0.025292601 0.999484837 14.551607132 0.026010698 0.999354601 -0.024775101 -3.007020712 -0.999466300 0.025507774 -0.020403977 112.408912659
-0.019175950 0.024232425 0.999522507 15.318806648 0.026871210 0.999357581 -0.023712903 -3.030465126 -0.999454975 0.026403666 -0.019814791 112.395759583
-0.019810896 0.021678548 0.999568701 16.100437164 0.027556889 0.999396861 -0.021128666 -3.062127113 -0.999423862 0.027126428 -0.020396344 112.382133484
-0.020931229 0.019866889 0.999583542 16.894451141 0.024612380 0.999509811 -0.019350043 -3.091407299 -0.999477863 0.024197109 -0.021409940 112.371734619
-0.022358209 0.018903274 0.999571264 17.687343597 0.024000609 0.999543250 -0.018365903 -3.113335848 -0.999461889 0.023579692 -0.022801686 112.360466003
-0.023322038 0.016401792 0.999593377 18.481811523 0.026869655 0.999514341 -0.015773587 -3.136831999 -0.999366879 0.026490860 -0.023751426 112.337333679
-0.024430871 0.014986864 0.999589205 19.299518585 0.028153634 0.999501228 -0.014297445 -3.155894041 -0.999305069 0.027792770 -0.024840627 112.317337036
-0.026146531 0.014032966 0.999559641 20.132389069 0.025737884 0.999579370 -0.013359990 -3.184195518 -0.999326825 0.025377234 -0.026496714 112.299659729
-0.027317196 0.018815819 0.999449670 20.949861526 0.022002725 0.999591827 -0.018217111 -3.207502365 -0.999384642 0.021492977 -0.027720047 112.289787292
-0.027973602 0.023433225 0.999333918 21.781789780 0.024009857 0.999452472 -0.022763913 -3.233524323 -0.999320269 0.023357078 -0.028520912 112.264129639
-0.029063705 0.025025837 0.999264181 22.624071121 0.024088219 0.999413729 -0.024328973 -3.261480331 -0.999287307 0.023363402 -0.029649498 112.242103577
-0.030991156 0.023033390 0.999254167 23.469247818 0.020702804 0.999534726 -0.022397773 -3.287265301 -0.999305308 0.019993234 -0.031453591 112.230361938
-0.032357309 0.018703150 0.999301314 24.319723129 0.017428163 0.999683261 -0.018145975 -3.321565866 -0.999324501 0.016828828 -0.032673027 112.218132019
-0.032032333 0.013337004 0.999397755 25.158315659 0.016525997 0.999781370 -0.012812435 -3.351118803 -0.999350190 0.016105633 -0.032245733 112.183883667
-0.032045286 0.007799947 0.999455988 26.008548737 0.012795754 0.999890804 -0.007393073 -3.371897697 -0.999404490 0.012551880 -0.032141592 112.160827637
-0.031937800 0.006012060 0.999471724 26.856866837 0.010308751 0.999930739 -0.005685406 -3.401203394 -0.999436736 0.010121727 -0.031997565 112.145027161
-0.031634286 0.012990329 0.999415040 27.689788818 0.012580672 0.999841452 -0.012597658 -3.430061340 -0.999420285 0.012174795 -0.031792693 112.127746582
-0.029796144 0.023901718 0.999270201 28.516330719 0.015445954 0.999605656 -0.023449173 -3.459555626 -0.999436557 0.014735988 -0.030153582 112.090911865
-0.029454337 0.029634815 0.999126732 29.341604233 0.017879196 0.999416113 -0.029116321 -3.479631424 -0.999406219 0.017005980 -0.029966990 112.075180054
-0.028337276 0.024325253 0.999302387 30.182502747 0.019555308 0.999526024 -0.023776164 -3.510205030 -0.999407172 0.018867915 -0.028799536 112.054443359
-0.027093556 0.016592389 0.999495208 31.022251129 0.022426596 0.999620736 -0.015986549 -3.544017792 -0.999381304 0.021982143 -0.027455393 112.027732849
-0.027126621 0.013204067 0.999544799 31.851097107 0.022883615 0.999659002 -0.012584533 -3.575862408 -0.999369979 0.022531824 -0.027419530 112.008728027
-0.026842486 0.013609095 0.999547064 32.662944794 0.022960983 0.999651849 -0.012993912 -3.606513023 -0.999375880 0.022601793 -0.027145620 111.986930847
-0.027673040 0.014751269 0.999508262 33.479496002 0.019761572 0.999703765 -0.014207020 -3.630777597 -0.999421656 0.019358704 -0.027956346 111.970573425
-0.029782178 0.015163773 0.999441445 34.295665741 0.018596970 0.999720216 -0.014613834 -3.653708220 -0.999383450 0.018151348 -0.030055841 111.956092834
-0.031927068 0.014828674 0.999380171 35.103820801 0.017453691 0.999745786 -0.014276505 -3.683934689 -0.999337852 0.016987070 -0.032177761 111.936691284
-0.034341101 0.015114292 0.999295831 35.917629242 0.016233407 0.999762177 -0.014563477 -3.712004900 -0.999278307 0.015721854 -0.034578282 111.915946960
-0.036564238 0.015747378 0.999207139 36.721714020 0.014590808 0.999777734 -0.015222439 -3.735707283 -0.999224842 0.014022646 -0.036785871 111.893310547
-0.038677562 0.014605283 0.999144912 37.523315430 0.012662596 0.999820113 -0.014124971 -3.761806726 -0.999171555 0.012105452 -0.038855538 111.867225647
-0.040601995 0.013716867 0.999081194 38.315822601 0.013218648 0.999825716 -0.013189887 -3.786707640 -0.999087989 0.012670969 -0.040776230 111.836357117
-0.042108804 0.013194318 0.999025881 39.102760315 0.012180932 0.999845207 -0.012691714 -3.821307898 -0.999038815 0.011634635 -0.042263009 111.799537659
-0.044083986 0.014168088 0.998927236 39.887645721 0.012296182 0.999831378 -0.013638263 -3.844917059 -0.998952150 0.011681764 -0.044250768 111.770278931
-0.045205764 0.014504902 0.998872280 40.682300568 0.012652672 0.999822676 -0.013946082 -3.868728876 -0.998897672 0.012007964 -0.045381278 111.743843079
-0.045869432 0.013431134 0.998857141 41.452056885 0.014444154 0.999813855 -0.012780696 -3.891515493 -0.998843074 0.013841405 -0.046054903 111.702987671
-0.047898028 0.012685611 0.998771608 42.241714478 0.015121170 0.999813855 -0.011973686 -3.917583466 -0.998737872 0.014529084 -0.048080944 111.678817749
-0.049160011 0.012014138 0.998718619 42.990444183 0.013419393 0.999845326 -0.011367147 -3.949499846 -0.998700738 0.012843390 -0.049313631 111.642593384
-0.050648123 0.011212649 0.998653591 43.745784760 0.011727557 0.999874651 -0.010631578 -3.969689608 -0.998647690 0.011173298 -0.050773274 111.615226746
-0.051550731 0.009671974 0.998623490 44.485057831 0.010469958 0.999903321 -0.009143890 -3.996056318 -0.998615563 0.009984173 -0.051647015 111.587821960
-0.052246295 0.009562533 0.998588443 45.195858002 0.010910632 0.999899924 -0.009004245 -4.017715454 -0.998574555 0.010424795 -0.052345406 111.550506592
-0.051980931 0.012017261 0.998575747 45.895519257 0.011169814 0.999872029 -0.011451414 -4.041127682 -0.998585641 0.010558651 -0.052108508 111.515213013
-0.052217837 0.015019511 0.998522699 46.615566254 0.011092210 0.999833941 -0.014459166 -4.061155319 -0.998574138 0.010320799 -0.052375760 111.481216431
-0.052239757 0.016852258 0.998492360 47.312381744 0.009406772 0.999821484 -0.016382543 -4.082625389 -0.998590291 0.008536769 -0.052388962 111.450317383
-0.052439526 0.017522819 0.998470306 48.006927490 0.009155142 0.999812424 -0.017065546 -4.107769966 -0.998582125 0.008246229 -0.052590106 111.416839600
-0.052487951 0.017140225 0.998474419 48.710384369 0.011199716 0.999799848 -0.016574226 -4.134976387 -0.998558700 0.010312686 -0.052669425 111.381462097
-0.052841231 0.016541054 0.998465836 49.397846222 0.011069529 0.999811053 -0.015977509 -4.160083294 -0.998541534 0.010208277 -0.053014349 111.347923279
-0.053267092 0.016916564 0.998436987 50.093208313 0.007652768 0.999833941 -0.016531952 -4.180213928 -0.998550951 0.006760199 -0.053387709 111.324234009
-0.053408328 0.016970562 0.998428524 50.782176971 0.005165041 0.999846816 -0.016718378 -4.208411694 -0.998559356 0.004264025 -0.053487800 111.300956726
-0.053273223 0.015584387 0.998458326 51.459625244 0.007470106 0.999856353 -0.015207635 -4.230320454 -0.998552024 0.006648432 -0.053381994 111.267608643
-0.053753220 0.015131823 0.998439550 52.128578186 0.007906159 0.999860287 -0.014727708 -4.250160694 -0.998522997 0.007102160 -0.053865347 111.223983765
-0.057487492 0.014438258 0.998241842 52.802017212 0.004051949 0.999890566 -0.014228757 -4.275260448 -0.998338044 0.003226849 -0.057539709 111.194885254
-0.062833905 0.013800221 0.997928619 53.475532532 0.000216892 0.999904513 -0.013813891 -4.300492287 -0.998024046 -0.000651540 -0.062830903 111.163177490
-0.068406023 0.017889952 0.997497201 54.132350922 0.004567306 0.999834359 -0.017618656 -4.318571091 -0.997647166 0.003350651 -0.068476394 111.112861633
-0.074173063 0.020898988 0.997026443 54.807983398 0.007653262 0.999762893 -0.020386990 -4.337237358 -0.997216046 0.006118338 -0.074315421 111.043350220
-0.082281306 0.022604076 0.996352792 55.503276825 0.005529560 0.999737859 -0.022224223 -4.361140728 -0.996593833 0.003680754 -0.082384720 111.002059937
-0.088463791 0.021170303 0.995854497 56.141895294 0.002254597 0.999775767 -0.021053389 -4.394106865 -0.996076882 0.000382788 -0.088491693 110.944976807
-0.093532287 0.020107189 0.995413244 56.830173492 0.002368420 0.999797642 -0.019973213 -4.415915012 -0.995613515 0.000489416 -0.093560994 110.879776001
-0.098586269 0.020656740 0.994914114 57.525859833 -0.000150805 0.999784231 -0.020772798 -4.439706802 -0.995128572 -0.002197951 -0.098561876 110.821289062
-0.102685489 0.019993730 0.994512916 58.213428497 -0.002558758 0.999789298 -0.020364007 -4.461331844 -0.994710565 -0.004635806 -0.102612704 110.757026672
-0.105104357 0.016120611 0.994330466 58.917785645 -0.002770692 0.999859929 -0.016503129 -4.490464687 -0.994457364 -0.004489536 -0.105044983 110.681304932
-0.106515296 0.012964905 0.994226515 59.637847900 -0.000462648 0.999914110 -0.013088640 -4.516538143 -0.994310975 -0.001854118 -0.106500164 110.601600647
-0.108127087 0.010900273 0.994077325 60.345149994 -0.000327119 0.999939442 -0.011000133 -4.532585621 -0.994137049 -0.001514594 -0.108116955 110.527160645
-0.109197684 0.010847580 0.993960917 61.070442200 -0.001196233 0.999938250 -0.011044234 -4.548181057 -0.994019449 -0.002395014 -0.109177954 110.450988770
-0.109841861 0.014702855 0.993840337 61.804061890 0.000386746 0.999891162 -0.014749625 -4.566159725 -0.993949115 -0.001235763 -0.109835573 110.378158569
-0.110015035 0.018172374 0.993763804 62.542346954 0.006037453 0.999826670 -0.017614864 -4.594586372 -0.993911624 0.004061903 -0.110105671 110.291023254
-0.110633291 0.022955524 0.993596137 63.281806946 0.012890629 0.999682248 -0.021660810 -4.622914314 -0.993777692 0.010411671 -0.110894047 110.198097229
-0.111391254 0.024065429 0.993485272 64.034782410 0.014224596 0.999643087 -0.022619702 -4.645645618 -0.993674815 0.011612289 -0.111693799 110.114524841
-0.111535870 0.021475615 0.993528426 64.785362244 0.011937779 0.999723315 -0.020269359 -4.673264027 -0.993688703 0.009599761 -0.111761384 110.037460327
-0.111692287 0.016526800 0.993605494 65.533836365 0.012645917 0.999804378 -0.015208370 -4.698721409 -0.993662417 0.010866394 -0.111879446 109.957145691
-0.111924775 0.014802363 0.993606448 66.287284851 0.014232745 0.999810398 -0.013291541 -4.721629620 -0.993614852 0.012654093 -0.112114236 109.873535156
-0.112646610 0.014438202 0.993530214 67.026283264 0.015117619 0.999803483 -0.012815326 -4.747428894 -0.993520081 0.013576209 -0.112842761 109.784278870
-0.114266030 0.015000831 0.993336916 67.772186279 0.013541391 0.999816537 -0.013540980 -4.772521019 -0.993357956 0.011903890 -0.114448205 109.705665588
-0.116507538 0.015817150 0.993063807 68.504936218 0.012585740 0.999816298 -0.014448124 -4.794464588 -0.993110120 0.010815128 -0.116685219 109.625152588
-0.119028009 0.016078163 0.992760658 69.248451233 0.013775438 0.999799311 -0.014540540 -4.818363667 -0.992795289 0.011944980 -0.119225606 109.540237427
-0.120897911 0.016408056 0.992529333 69.992263794 0.013947452 0.999792695 -0.014829222 -4.839181423 -0.992566943 0.012050432 -0.121101707 109.452323914
-0.122696705 0.015972694 0.992315710 70.737174988 0.013964665 0.999799192 -0.014366467 -4.863227367 -0.992345989 0.012094639 -0.122895136 109.355613708
-0.124317735 0.016165879 0.992110729 71.485366821 0.011760132 0.999821067 -0.014817894 -4.885412693 -0.992172778 0.009825227 -0.124485590 109.266876221
-0.125386342 0.017751621 0.991949141 72.235679626 0.011788394 0.999795914 -0.016401948 -4.908850193 -0.992038012 0.009636908 -0.125569999 109.175926208
-0.126089692 0.017944090 0.991856575 72.995468140 0.010775047 0.999802172 -0.016718062 -4.931361198 -0.991960406 0.008579328 -0.126258105 109.082679749
-0.127445206 0.017832346 0.991685331 73.759468079 0.009912032 0.999811292 -0.016704638 -4.959986687 -0.991796076 0.007700691 -0.127597913 108.987190247
-0.128885880 0.016685044 0.991519094 74.551979065 0.010919992 0.999821663 -0.015405290 -4.973446846 -0.991599262 0.008841855 -0.129045114 108.897705078
-0.129554763 0.014262944 0.991469741 75.331809998 0.008953713 0.999872625 -0.013213850 -4.995810986 -0.991531849 0.007165418 -0.129665941 108.798004150
-0.131897032 0.012718590 0.991181910 76.124908447 0.005476028 0.999911785 -0.012101911 -5.009307384 -0.991248310 0.003831533 -0.131955072 108.708915710
-0.133632600 0.011768647 0.990960956 76.889366150 0.006566959 0.999918044 -0.010989456 -5.037984371 -0.991009176 0.005039052 -0.133698925 108.595832825
-0.135261595 0.012618546 0.990729511 77.687004089 0.008038138 0.999899983 -0.011637921 -5.055960655 -0.990777373 0.006389457 -0.135349467 108.491439819
-0.137653500 0.014014569 0.990381241 78.485206604 0.007453851 0.999886215 -0.013113058 -5.074922085 -0.990452409 0.005577096 -0.137742296 108.384490967
-0.139229104 0.016895674 0.990116000 79.273254395 0.008248691 0.999839544 -0.015901677 -5.106576443 -0.990225911 0.005953184 -0.139346123 108.273643494
-0.139629528 0.020769885 0.989985883 80.080497742 0.010540635 0.999754548 -0.019488158 -5.131524563 -0.990147829 0.007713960 -0.139814168 108.160270691
-0.140860766 0.024799036 0.989718676 80.932708740 0.011640001 0.999658585 -0.023391442 -5.163870811 -0.989961028 0.008225391 -0.141101331 108.047523499
-0.140933946 0.026243260 0.989670992 81.757537842 0.013874884 0.999602735 -0.024530770 -5.189696789 -0.989921808 0.010274354 -0.141242072 107.933967590
-0.140055105 0.024940079 0.989829481 82.589569092 0.016916856 0.999597132 -0.022792546 -5.227448940 -0.989999235 0.013552593 -0.140420571 107.813682556
-0.140037507 0.022763617 0.989884496 83.421508789 0.017303856 0.999639273 -0.020539992 -5.262202740 -0.989995062 0.014252451 -0.140380874 107.695343018
-0.138880119 0.021694165 0.990071535 84.263786316 0.017014291 0.999664664 -0.019517729 -5.285023212 -0.990163028 0.014134742 -0.139202654 107.575813293
-0.137675449 0.019174727 0.990291774 85.120658875 0.016260516 0.999721587 -0.017096695 -5.312772751 -0.990343928 0.013748861 -0.137948960 107.475433350
-0.136386186 0.016218551 0.990522981 85.977294922 0.016755393 0.999760687 -0.014062741 -5.336212158 -0.990514100 0.014678638 -0.136625305 107.368469238
-0.134494483 0.012867518 0.990830779 86.821571350 0.017272359 0.999794185 -0.010639387 -5.362199306 -0.990763843 0.015683047 -0.134689063 107.250602722
-0.132798433 0.012429475 0.991065145 87.676948547 0.015115200 0.999830484 -0.010514037 -5.389982700 -0.991027772 0.013583898 -0.132963821 107.147544861
-0.131560028 0.016528202 0.991170466 88.528602600 0.015793037 0.999768972 -0.014575349 -5.418177605 -0.991182387 0.013736057 -0.131790668 107.038963318
-0.129513070 0.022758709 0.991316497 89.379753113 0.016830919 0.999643087 -0.020750951 -5.443843365 -0.991434872 0.013997248 -0.129849911 106.928611755
-0.128149256 0.026162969 0.991409779 90.230445862 0.014456132 0.999594986 -0.024510382 -5.471069336 -0.991649568 0.011190964 -0.128475577 106.827644348
-0.126573294 0.023826731 0.991671145 91.089981079 0.013284689 0.999662519 -0.022323132 -5.499588490 -0.991868317 0.010348530 -0.126847103 106.720909119
