1.000000000 -0.000000000 0.000000000 -0.000000000 -0.000000000 0.999999940 0.000000000 0.000000015 0.000000000 0.000000000 1.000000000 0.000000119
0.999997675 -0.001608205 -0.001434858 -0.002643547 0.001606880 0.999998212 -0.000924163 -0.007817267 0.001436342 0.000921856 0.999998569 0.563854814
0.999995530 -0.001791295 -0.002402528 -0.007804634 0.001785088 0.999994993 -0.002582939 -0.017637599 0.002407143 0.002578639 0.999993801 1.119468689
0.999986529 -0.002533794 -0.004530864 -0.009231037 0.002517787 0.999990523 -0.003535000 -0.035370629 0.004539779 0.003523545 0.999983490 1.684800863
0.999970078 -0.004385788 -0.006369285 -0.020262862 0.004350625 0.999975204 -0.005524093 -0.041407283 0.006393355 0.005496218 0.999964476 2.251377821
0.999950230 -0.006743420 -0.007352686 -0.034503177 0.006687595 0.999948919 -0.007590789 -0.056098886 0.007403498 0.007541241 0.999944091 2.800582886
0.999930620 -0.007905630 -0.008722464 -0.042867657 0.007834790 0.999936283 -0.008125961 -0.070715189 0.008786148 0.008057060 0.999928951 3.369419336
0.999918103 -0.007881785 -0.010077341 -0.053979862 0.007806312 0.999941349 -0.007506904 -0.082772069 0.010135920 0.007427624 0.999921024 3.952673912
0.999904335 -0.008316104 -0.011047760 -0.065794036 0.008228653 0.999934614 -0.007937609 -0.097092308 0.011113049 0.007845943 0.999907434 4.545289516
0.999892592 -0.007837259 -0.012384969 -0.073323749 0.007704681 0.999912858 -0.010716313 -0.112502620 0.012467878 0.010619738 0.999865830 5.137282848
0.999890029 -0.006083183 -0.013520550 -0.089624636 0.005887442 0.999877930 -0.014470226 -0.128426522 0.013606926 0.014389033 0.999803841 5.740423679
0.999876559 -0.004929332 -0.014918436 -0.104249269 0.004657461 0.999823391 -0.018203942 -0.140476614 0.015005535 0.018132214 0.999723017 6.353804111
0.999867857 -0.002820733 -0.016004752 -0.121366605 0.002529044 0.999830782 -0.018216163 -0.155816525 0.016053427 0.018173281 0.999706030 6.982843876
0.999849260 -0.000755586 -0.017345745 -0.132968724 0.000558816 0.999935567 -0.011346067 -0.166012123 0.017353194 0.011334664 0.999785185 7.624326706
0.999844313 0.000286988 -0.017642764 -0.154186219 -0.000300520 0.999999642 -0.000764293 -0.179246292 0.017642535 0.000769475 0.999844074 8.282467842
0.999824166 0.000986078 -0.018731132 -0.169840679 -0.000875293 0.999982119 0.005921788 -0.191143900 0.018736636 -0.005904351 0.999807060 8.970758438
0.999792874 0.003520054 -0.020046564 -0.188776612 -0.003420054 0.999981523 0.005020429 -0.208163857 0.020063862 -0.004950830 0.999786437 9.661028862
0.999771714 0.005456970 -0.020655591 -0.214827016 -0.005505832 0.999982119 -0.002309397 -0.213693559 0.020642616 0.002422597 0.999784112 10.347751617
0.999750614 0.004940238 -0.021781331 -0.234600678 -0.005118851 0.999953628 -0.008152159 -0.215915665 0.021740049 0.008261621 0.999729514 11.057670593
0.999734044 0.002664888 -0.022905588 -0.252179682 -0.002821481 0.999972761 -0.006806857 -0.217248380 0.022886824 0.006869676 0.999714434 11.795613289
0.999728322 0.002154403 -0.023206616 -0.275465995 -0.002098544 0.999994755 0.002431114 -0.225053415 0.023211734 -0.002381753 0.999727726 12.562956810
0.999714136 0.002149333 -0.023812026 -0.295832694 -0.001910739 0.999947846 0.010038116 -0.236117065 0.023832357 -0.009989748 0.999665976 13.348966599
0.999705493 0.001213283 -0.024238583 -0.316842228 -0.000909522 0.999921083 0.012539227 -0.238946810 0.024251886 -0.012513488 0.999627471 14.133113861
0.999704659 -0.000359355 -0.024301128 -0.338578850 0.000636603 0.999934852 0.011402039 -0.239499927 0.024295449 -0.011414143 0.999639630 14.933700562
0.999714196 -0.000836569 -0.023892157 -0.365202725 0.001053516 0.999958396 0.009069068 -0.241126105 0.023883576 -0.009091649 0.999673367 15.773081779
0.999719381 0.001536640 -0.023634620 -0.387912810 -0.001402344 0.999982834 0.005697690 -0.241091371 0.023642965 -0.005662950 0.999704361 16.606145859
0.999747634 -0.001653922 -0.022404240 -0.408604652 0.001654466 0.999998629 0.000005717 -0.246302962 0.022404196 -0.000042783 0.999749005 17.471357346
0.999752820 -0.004612938 -0.021748621 -0.423212737 0.004479555 0.999970973 -0.006177664 -0.255681276 0.021776482 0.006078713 0.999744415 18.344125748
0.999780178 -0.003215762 -0.020717064 -0.445031583 0.002978390 0.999929667 -0.011478493 -0.270985663 0.020752519 0.011414268 0.999719501 19.233591080
0.999782443 -0.001808700 -0.020778121 -0.468781859 0.001550594 0.999921501 -0.012431418 -0.285098523 0.020798972 0.012396495 0.999706805 20.144950867
0.999779284 -0.001904862 -0.020923648 -0.496683955 0.001657341 0.999928415 -0.011840691 -0.307480305 0.020944707 0.011803400 0.999710977 21.088689804
0.999779344 -0.000598046 -0.020995755 -0.505815148 0.000319030 0.999911606 -0.013289989 -0.329749465 0.021001846 0.013280356 0.999691248 22.036083221
0.999780178 0.002005936 -0.020871185 -0.532055080 -0.002327197 0.999879003 -0.015379667 -0.349758685 0.020837810 0.015424858 0.999663889 22.990898132
0.999761462 0.005546145 -0.021123860 -0.561660767 -0.005889304 0.999851167 -0.016217686 -0.372305632 0.021030763 0.016338224 0.999645352 23.953659058
0.999751568 0.007721951 -0.020908259 -0.596738815 -0.008061579 0.999836147 -0.016208522 -0.401848972 0.020779667 0.016373044 0.999650002 24.932638168
0.999740601 0.008221211 -0.021239573 -0.620029569 -0.008567968 0.999830604 -0.016286980 -0.429687262 0.021102078 0.016464733 0.999641657 25.912656784
0.999738872 0.008303048 -0.021288164 -0.641400874 -0.008647766 0.999832153 -0.016152432 -0.458626211 0.021150481 0.016332308 0.999642849 26.902824402
0.999711633 0.009700773 -0.021966888 -0.668849587 -0.010027056 0.999840319 -0.014792293 -0.491706222 0.021819882 0.015008292 0.999649227 27.902139664
0.999706924 0.010210820 -0.021952767 -0.698369265 -0.010494700 0.999862254 -0.012855318 -0.520256996 0.021818480 0.013081939 0.999676347 28.917732239
0.999697626 0.010972713 -0.022006901 -0.731632590 -0.011228967 0.999870181 -0.011554717 -0.549891233 0.021877255 0.011798339 0.999691129 29.939914703
0.999687493 0.010674455 -0.022608528 -0.752428591 -0.010958695 0.999862075 -0.012485816 -0.579362571 0.022472128 0.012729675 0.999666393 30.963798523
0.999678314 0.011880225 -0.022412831 -0.789312720 -0.012188781 0.999832213 -0.013680954 -0.602638364 0.022246536 0.013949738 0.999655187 32.002929688
0.999676049 0.011844129 -0.022527764 -0.820710480 -0.012138356 0.999842227 -0.012969057 -0.627147853 0.022370601 0.013238303 0.999662101 33.055450439
0.999651372 0.011410301 -0.023811648 -0.839855731 -0.011665967 0.999875486 -0.010625890 -0.648856759 0.023687439 0.010899968 0.999660015 34.106384277
0.999642849 0.012275863 -0.023735113 -0.875668049 -0.012451399 0.999896049 -0.007262081 -0.668047071 0.023643496 0.007555021 0.999691904 35.165622711
0.999636948 0.011739496 -0.024248615 -0.905752301 -0.011849351 0.999920189 -0.004391670 -0.700601399 0.024195122 0.004677406 0.999696314 36.240272522
0.999620676 0.011905394 -0.024830850 -0.935859621 -0.012009098 0.999919772 -0.004031416 -0.718768239 0.024780853 0.004328082 0.999683619 37.312824249
0.999616861 0.011454699 -0.025198948 -0.968097568 -0.011588497 0.999919534 -0.005169994 -0.745368183 0.025137691 0.005460030 0.999669135 38.397510529
0.999597490 0.011818465 -0.025792226 -1.008708358 -0.011975496 0.999910653 -0.005942327 -0.761723280 0.025719689 0.006248808 0.999649704 39.475524902
0.999585032 0.010965536 -0.026632225 -1.039407492 -0.011093807 0.999927521 -0.004673484 -0.787590861 0.026579041 0.004966998 0.999634445 40.574405670
0.999551117 0.011608168 -0.027619265 -1.073818922 -0.011691584 0.999927521 -0.002860687 -0.804833829 0.027584057 0.003182316 0.999614418 41.661495209
0.999547005 0.011027469 -0.028004548 -1.114087224 -0.011026203 0.999939144 0.000199678 -0.834663212 0.028005047 0.000109196 0.999607742 42.752677917
0.999517441 0.012442793 -0.028460266 -1.154938340 -0.012447886 0.999922454 -0.000001823 -0.857056260 0.028458042 0.000356092 0.999594867 43.831550598
0.999486685 0.013844695 -0.028891355 -1.183847189 -0.013969327 0.999893963 -0.004116484 -0.879212260 0.028831294 0.004517964 0.999574065 44.923320770
0.999470770 0.015149234 -0.028787635 -1.225129962 -0.015390837 0.999847949 -0.008189619 -0.899872363 0.028659189 0.008628348 0.999552011 46.002452850
0.999472022 0.015302762 -0.028664850 -1.264630198 -0.015552325 0.999842823 -0.008503631 -0.926126301 0.028530212 0.008944944 0.999552965 47.085506439
0.999463916 0.016076259 -0.028520856 -1.301955700 -0.016246960 0.999851465 -0.005763620 -0.952197313 0.028423956 0.006223908 0.999576569 48.186962128
0.999463022 0.016339604 -0.028400883 -1.339582801 -0.016449982 0.999857962 -0.003657168 -0.978422880 0.028337093 0.004122399 0.999589920 49.288322449
0.999490976 0.014857187 -0.028233029 -1.375970840 -0.014929618 0.999885738 -0.002356335 -1.000726223 0.028194796 0.002776644 0.999598622 50.375980377
0.999491334 0.015069144 -0.028106000 -1.409327626 -0.015168476 0.999879360 -0.003324385 -1.023809910 0.028052513 0.003749019 0.999599397 51.466243744
0.999509275 0.014406407 -0.027814997 -1.450168610 -0.014556395 0.999880552 -0.005197414 -1.046068907 0.027736798 0.005599749 0.999599576 52.555717468
0.999520302 0.014038771 -0.027605647 -1.477705479 -0.014247312 0.999871314 -0.007372136 -1.072462082 0.027498601 0.007761904 0.999591708 53.642040253
0.999536693 0.013216215 -0.027417438 -1.510049820 -0.013496418 0.999858320 -0.010060051 -1.097731352 0.027280595 0.010425427 0.999573469 54.735000610
0.999565780 0.011803045 -0.026997959 -1.548089385 -0.012168756 0.999835849 -0.013421861 -1.131770134 0.026835104 0.013744563 0.999545455 55.822097778
0.999581277 0.009637109 -0.027285511 -1.568038940 -0.010039296 0.999842405 -0.014641506 -1.169318199 0.027140109 0.014909302 0.999520421 56.900741577
0.999603868 0.008220681 -0.026920069 -1.602477074 -0.008550165 0.999889612 -0.012147307 -1.202736139 0.026817238 0.012372666 0.999563754 57.987869263
0.999619663 0.006878418 -0.026707761 -1.633827925 -0.007051208 0.999954760 -0.006380853 -1.229170799 0.026662664 0.006566748 0.999622822 59.083522797
0.999632120 0.005120708 -0.026637429 -1.660341382 -0.005141076 0.999986529 -0.000696222 -1.249716401 0.026633510 0.000832911 0.999644876 60.180084229
0.999631524 0.003415946 -0.026928870 -1.686999202 -0.003421314 0.999994099 -0.000153249 -1.267900348 0.026928188 0.000245325 0.999637306 61.273483276
0.999651015 0.000368376 -0.026409255 -1.720010996 -0.000451300 0.999994934 -0.003134070 -1.286877513 0.026407963 0.003144895 0.999646246 62.363540649
0.999655247 -0.001067506 -0.026236232 -1.753008127 0.000899956 0.999979138 -0.006397204 -1.309275746 0.026242515 0.006371386 0.999635339 63.452827454
0.999654710 0.001063569 -0.026254153 -1.791059017 -0.001334083 0.999946177 -0.010288301 -1.337188482 0.026241796 0.010319773 0.999602377 64.539779663
0.999662280 0.001407744 -0.025948262 -1.826570511 -0.001786007 0.999892414 -0.014560174 -1.365707874 0.025924975 0.014601601 0.999557316 65.620010376
0.999664962 0.003888452 -0.025588062 -1.858276844 -0.004284731 0.999871373 -0.015450314 -1.393396139 0.025524693 0.015554775 0.999553204 66.729637146
0.999665618 0.007796333 -0.024655445 -1.902236462 -0.008093337 0.999895513 -0.011969463 -1.421838284 0.024559554 0.012165006 0.999624372 67.834014893
0.999658048 0.009629347 -0.024309183 -1.940937400 -0.009872185 0.999902308 -0.009889351 -1.454473853 0.024211584 0.010125954 0.999655664 68.935249329
0.999653280 0.009232793 -0.024659151 -1.959563732 -0.009448943 0.999917746 -0.008663455 -1.491020322 0.024577137 0.008893453 0.999658287 70.012496948
0.999669194 0.007663176 -0.024551654 -1.988222837 -0.007857789 0.999938369 -0.007840055 -1.519830585 0.024490064 0.008030382 0.999667764 71.107856750
0.999669909 0.006717613 -0.024799664 -2.024084330 -0.006876295 0.999956429 -0.006318869 -1.547370076 0.024756135 0.006487312 0.999672413 72.202430725
0.999674678 0.004844410 -0.025041088 -2.056993961 -0.004959609 0.999977410 -0.004540346 -1.570750952 0.025018526 0.004663062 0.999676108 73.306678772
0.999654293 0.003382643 -0.026073365 -2.081773281 -0.003468756 0.999988616 -0.003258215 -1.590088010 0.026062047 0.003347530 0.999654710 74.397743225
0.999646425 0.002254321 -0.026494242 -2.111968040 -0.002362751 0.999989033 -0.004062027 -1.622663975 0.026484791 0.004123190 0.999640703 75.475364685
0.999633312 0.003174547 -0.026891762 -2.152737856 -0.003380037 0.999965429 -0.007599354 -1.656152010 0.026866704 0.007687462 0.999609411 76.566856384
0.999601662 0.003861197 -0.027958810 -2.182295561 -0.004129097 0.999946058 -0.009530512 -1.682584763 0.027920507 0.009642160 0.999563515 77.648834229
0.999580681 0.005758565 -0.028373290 -2.219378948 -0.005989204 0.999949634 -0.008050550 -1.708186388 0.028325500 0.008217108 0.999564946 78.724624634
0.999553978 0.006771307 -0.029086538 -2.255039692 -0.006884096 0.999969125 -0.003779313 -1.731669664 0.029060049 0.003977860 0.999569714 79.802230835
0.999532759 0.007888560 -0.029530475 -2.294063568 -0.007881613 0.999968886 0.000351692 -1.760479450 0.029532336 -0.000118780 0.999563813 80.882827759
0.999503970 0.009194791 -0.030118773 -2.336042881 -0.009167021 0.999957442 0.001059978 -1.781240463 0.030127235 -0.000783352 0.999545813 81.950263977
0.999490559 0.009135025 -0.030578677 -2.375538111 -0.009179402 0.999957025 -0.001311135 -1.797057152 0.030565385 0.001591162 0.999531507 83.018310547
0.999481142 0.008719891 -0.031007802 -2.416547298 -0.008782923 0.999959588 -0.001897147 -1.823365569 0.030990008 0.002168502 0.999517322 84.092483521
0.999471247 0.008020832 -0.031511422 -2.452771187 -0.008087356 0.999965310 -0.001984179 -1.846462011 0.031494416 0.002237974 0.999501407 85.145538330
0.999448061 0.006837348 -0.032508515 -2.489828587 -0.006900325 0.999974549 -0.001825504 -1.862499475 0.032495201 0.002048816 0.999469757 86.187606812
0.999439955 0.005575698 -0.032994509 -2.523866177 -0.005593562 0.999984145 -0.000449138 -1.888803482 0.032991488 0.000633444 0.999455452 87.217796326
0.999423265 0.005921044 -0.033436712 -2.562595129 -0.005846157 0.999980092 0.002337029 -1.910869122 0.033449888 -0.002140205 0.999438107 88.221923828
0.999388218 0.004784096 -0.034643587 -2.602273941 -0.004666933 0.999983072 0.003462043 -1.934399605 0.034659564 -0.003298246 0.999393702 89.201843262
0.999322891 0.003877121 -0.036587216 -2.644303322 -0.003749927 0.999986649 0.003544419 -1.954891682 0.036600471 -0.003404821 0.999324203 90.164970398
0.999194264 0.002829613 -0.040035486 -2.682927847 -0.002733566 0.999993145 0.002453568 -1.972499728 0.040042158 -0.002342151 0.999195278 91.097488403
0.999063373 0.002886845 -0.043171715 -2.732516050 -0.002821296 0.999994695 0.001579188 -1.991523504 0.043176040 -0.001455908 0.999066412 92.019134521
0.998926938 0.002550503 -0.046242390 -2.781915903 -0.002447570 0.999994397 0.002282414 -2.013119221 0.046247955 -0.002166784 0.998927593 92.910507202
0.998770237 0.003768232 -0.049433950 -2.830268383 -0.003612832 0.999988317 0.003232557 -2.029412270 0.049445547 -0.003049985 0.998772144 93.776290894
0.998621345 0.004562986 -0.052292809 -2.886737347 -0.004331474 0.999980271 0.004539696 -2.049415827 0.052312493 -0.004306933 0.998621464 94.621818542
0.998441100 0.005956335 -0.055496961 -2.936163425 -0.005628953 0.999965787 0.006053541 -2.063721180 0.055531118 -0.005731715 0.998440444 95.438629150
0.998289526 0.007279878 -0.058009468 -2.992980957 -0.006908450 0.999954343 0.006600859 -2.076105356 0.058054876 -0.006188813 0.998294175 96.226226807
0.998126924 0.009200673 -0.060480975 -3.044558048 -0.008765294 0.999933898 0.007459935 -2.097842693 0.060545597 -0.006915829 0.998141527 96.990509033
0.997913957 0.010829609 -0.063644476 -3.092422724 -0.010454781 0.999926031 0.006219463 -2.110558748 0.063707113 -0.005541098 0.997953296 97.721542358
0.997747302 0.012159775 -0.065974176 -3.151397943 -0.012019636 0.999924600 0.002520666 -2.128860712 0.065999858 -0.001722002 0.997818172 98.414741516
0.997546196 0.014698825 -0.068451583 -3.211380482 -0.014808298 0.999889791 -0.001092122 -2.141769886 0.068427972 0.002103095 0.997653842 99.088111877
0.997376144 0.016572326 -0.070470847 -3.258286953 -0.016890641 0.999849617 -0.003923464 -2.158463001 0.070395224 0.005103467 0.997506082 99.736267090
0.997270346 0.018673407 -0.071435645 -3.307534695 -0.019055832 0.999807417 -0.004675615 -2.175747871 0.071334563 0.006024118 0.997434258 100.353927612
0.997288585 0.021109957 -0.070496507 -3.360352516 -0.021466093 0.999760270 -0.004297997 -2.190050364 0.070388868 0.005799628 0.997502744 100.936897278
0.997459650 0.024796097 -0.066780336 -3.423926353 -0.025036279 0.999682724 -0.002761976 -2.207204103 0.066690654 0.004426890 0.997763872 101.510200500
0.997675717 0.027225280 -0.062466323 -3.438925028 -0.027369687 0.999624312 -0.001457072 -2.220801592 0.062403180 0.003163369 0.998046041 102.055221558
0.998129725 0.028080368 -0.054299913 -3.484272957 -0.028075289 0.999605417 0.000856536 -2.239101648 0.054302543 0.000669551 0.998524368 102.575607300
0.998604476 0.028130796 -0.044698097 -3.502929688 -0.028013840 0.999602258 0.003240954 -2.248625278 0.044771478 -0.001984266 0.998995304 103.071250916
0.999067545 0.027464394 -0.033311203 -3.492089033 -0.027321311 0.999615371 0.004742990 -2.268278837 0.033428658 -0.003828463 0.999433756 103.543052673
0.999449790 0.026577786 -0.019840132 -3.493225336 -0.026484704 0.999636948 0.004939667 -2.279706478 0.019964214 -0.004411491 0.999790907 103.998657227
0.999635160 0.026589269 -0.004731093 -3.485557556 -0.026571130 0.999639392 0.003856541 -2.288308620 0.004831927 -0.003729424 0.999981344 104.441413879
0.999597251 0.025152301 0.013139702 -3.462338924 -0.025164673 0.999682963 0.000776832 -2.299041748 -0.013116002 -0.001107176 0.999913335 104.865943909
0.999094188 0.024790827 0.034584098 -3.438936234 -0.024677604 0.999688447 -0.003696901 -2.312208414 -0.034664992 0.002840101 0.999394953 105.282447815
0.998043597 0.022595443 0.058294587 -3.383678436 -0.022128150 0.999717653 -0.008649234 -2.320925474 -0.058473583 0.007342362 0.998261988 105.690322876
0.996107161 0.020335682 0.085772805 -3.329277992 -0.019406008 0.999743700 -0.011658782 -2.330064297 -0.085987911 0.009948887 0.996246576 106.105224609
0.993179858 0.017518269 0.115268752 -3.253011703 -0.016188528 0.999791205 -0.012462102 -2.346319675 -0.115463018 0.010511079 0.993256152 106.491157532
0.988869786 0.015102318 0.148014799 -3.175337791 -0.013112877 0.999810219 -0.014407516 -2.359654427 -0.148204297 0.012306260 0.988880157 106.830947876
0.982767642 0.012836166 0.184398755 -3.085264206 -0.010109274 0.999825299 -0.015720597 -2.374995232 -0.184568346 0.013585557 0.982725739 107.201904297
0.974882901 0.009402948 0.222519889 -2.963954926 -0.005846590 0.999844551 -0.016635582 -2.385917664 -0.222641706 0.014916760 0.974786282 107.567909241
0.964884937 0.007483359 0.262566268 -2.836652756 -0.003057118 0.999846280 -0.017262092 -2.402991056 -0.262655079 0.015853237 0.964759588 107.916305542
0.952586770 0.007726367 0.304168820 -2.711149216 -0.002481320 0.999841511 -0.017626628 -2.426626444 -0.304256797 0.016036151 0.952455103 108.230224609
0.937315762 0.010082357 0.348335177 -2.564414978 -0.003919013 0.999823153 -0.018393844 -2.436696291 -0.348459005 0.015875708 0.937189579 108.557205200
0.919528604 0.010636390 0.392879158 -2.391284943 -0.004057096 0.999837339 -0.017572951 -2.443950415 -0.393002182 0.014564883 0.919422209 108.878646851
0.899232984 0.009288779 0.437371224 -2.209247589 -0.002199522 0.999857843 -0.016712528 -2.450019598 -0.437464356 0.014066451 0.899125695 109.183799744
0.876176298 0.008141173 0.481921792 -2.015808105 -0.000076369 0.999859571 -0.016751928 -2.468586922 -0.481990516 0.014640841 0.876054108 109.456604004
0.850729227 0.009720892 0.525514245 -1.799022675 0.000545801 0.999812067 -0.019377958 -2.480731964 -0.525603890 0.016772222 0.850564122 109.751281738
0.823285937 0.010562708 0.567528725 -1.585357666 0.002350220 0.999754727 -0.022016549 -2.505199909 -0.567622066 0.019459732 0.823059201 109.996170044
0.792067528 0.015187525 0.610244632 -1.353279114 0.000633403 0.999669373 -0.025701500 -2.526497126 -0.610433280 0.020743856 0.791796088 110.263305664
0.758274138 0.021442240 0.651583135 -1.098007202 -0.002664646 0.999552488 -0.029792227 -2.535345316 -0.651930511 0.020854436 0.757991970 110.514320374
0.720718205 0.026315521 0.692728519 -0.827182770 -0.004355351 0.999431372 -0.033435289 -2.537304640 -0.693214476 0.021080345 0.720422983 110.762329102
0.681772113 0.026181033 0.731095970 -0.530544281 -0.002328015 0.999432027 -0.033619367 -2.558136940 -0.731561005 0.021218747 0.681445897 110.983520508
0.640808940 0.023700677 0.767334402 -0.218696594 0.001818084 0.999473631 -0.032389067 -2.570647001 -0.767698169 0.022150286 0.640428722 111.184806824
0.596272111 0.022004906 0.802480698 0.107292175 0.003161071 0.999552011 -0.029757608 -2.580165863 -0.802776337 0.020280331 0.595935464 111.395690918
0.552257955 0.020738024 0.833415270 0.437347412 0.004506603 0.999601603 -0.027859543 -2.586100101 -0.833661079 0.019141525 0.551944554 111.514076233
0.504178584 0.018342296 0.863404512 0.796077728 0.006452180 0.999666452 -0.025004765 -2.594843388 -0.863575280 0.018177710 0.503892183 111.680770874
0.453210652 0.014613189 0.891283572 1.163944244 0.009514056 0.999729335 -0.021229044 -2.604880810 -0.891352713 0.018100949 0.452948958 111.828201294
0.400916457 0.014732903 0.915996075 1.523441315 0.005879106 0.999808550 -0.018654134 -2.629826069 -0.916095734 0.012863986 0.400753170 111.960296631
0.349374413 0.019523816 0.936779678 1.910514832 0.002561087 0.999759197 -0.021791561 -2.642160416 -0.936979711 0.010012588 0.349240392 112.079513550
0.299218327 0.025183138 0.953852296 2.330905914 0.001467793 0.999638319 -0.026852399 -2.652698994 -0.954183578 0.009434788 0.299073130 112.179718018
0.252694130 0.027235461 0.967162728 2.738683701 0.003327042 0.999573410 -0.029017419 -2.665164709 -0.967540503 0.010550325 0.252495736 112.250129700
0.211717963 0.027024578 0.976957023 3.159225464 0.010251920 0.999501169 -0.029869905 -2.682171106 -0.977277040 0.016339682 0.211335286 112.297180176
0.176270768 0.026965359 0.983972371 3.587072372 0.018383246 0.999360204 -0.030680276 -2.691854715 -0.984170079 0.023496643 0.175662309 112.340789795
0.145769104 0.028174866 0.988917232 4.038263321 0.022711208 0.999235630 -0.031816531 -2.708388567 -0.989058018 0.027097374 0.145017758 112.379425049
0.117779016 0.026430331 0.992688000 4.514236450 0.020912040 0.999358058 -0.029089063 -2.727856874 -0.992819607 0.024185212 0.117150679 112.422958374
0.092303589 0.022988321 0.995465517 5.029717445 0.014967557 0.999588430 -0.024471385 -2.741762400 -0.995618463 0.017158484 0.091921508 112.468009949
0.068851560 0.018971361 0.997446477 5.509263992 0.009902908 0.999756873 -0.019698881 -2.759861708 -0.997577786 0.011233919 0.068646953 112.492401123
0.046138451 0.016410828 0.998800159 6.033369064 0.014121864 0.999754310 -0.017078849 -2.779501438 -0.998835266 0.014892913 0.045895368 112.499816895
0.026084900 0.017266192 0.999510646 6.571566582 0.021646161 0.999606550 -0.017832767 -2.795182467 -0.999425352 0.022100734 0.025700893 112.484870911
0.008795965 0.019705638 0.999767065 7.124736786 0.027099010 0.999433875 -0.019937489 -2.811705351 -0.999594033 0.027268069 0.008256979 112.467292786
-0.006318890 0.025030082 0.999666631 7.730273247 0.025742030 0.999359369 -0.024859671 -2.831982613 -0.999648631 0.025576368 -0.006959192 112.479476929
-0.017129891 0.030047871 0.999401569 8.347683907 0.024477601 0.999261320 -0.029624103 -2.833188057 -0.999553561 0.023955498 -0.017852746 112.477455139
-0.022970822 0.029556097 0.999299109 8.964524269 0.025616810 0.999252200 -0.028965849 -2.859920025 -0.999407887 0.024933493 -0.023710778 112.440490723
-0.025565499 0.026608398 0.999318898 9.611371040 0.032208789 0.999148667 -0.025779864 -2.876146555 -0.999154091 0.031527780 -0.026400760 112.416633606
-0.025033178 0.024679570 0.999381900 10.267386436 0.033833537 0.999143422 -0.023826193 -2.899759531 -0.999113917 0.033216182 -0.025846733 112.394416809
-0.023060232 0.024715722 0.999428511 10.961036682 0.032279618 0.999191463 -0.023965061 -2.916635275 -0.999212742 0.031708531 -0.023839403 112.388961792
-0.021578666 0.024682246 0.999462545 11.656564713 0.028754836 0.999296904 -0.024057338 -2.949090958 -0.999353468 0.028220255 -0.022273233 112.378982544
-0.020471361 0.025976220 0.999452949 12.370774269 0.028183613 0.999280095 -0.025394456 -2.964251041 -0.999393165 0.027648333 -0.021188723 112.370880127
-0.019754540 0.026717171 0.999447882 13.098502159 0.027371299 0.999282658 -0.026171749 -2.991377354 -0.999430060 0.026839174 -0.020471651 112.364593506
-0.018666510 0.026407721 0.999476969 13.846484184 0.026561134 0.999311328 -0.025907282 -3.017164946 -0.999472857 0.026063642 -0.019355074 112.355400085
-0.018212045 0.025038624 0.999520540 14.604335785 0.025380557 0.999375701 -0.024572546 -3.042443514 -0.999511957 0.024920871 -0.018836170 112.347023010
-0.017571483 0.023823014 0.999561787 15.364114761 0.026502805 0.999375999 -0.023352683 -3.067902327 -0.999494255 0.026080847 -0.018191891 112.333312988
-0.018224655 0.021608513 0.999600351 16.166362762 0.026636608 0.999422014 -0.021119015 -3.093908787 -0.999478996 0.026241079 -0.018789699 112.324531555
-0.019471196 0.019907512 0.999612153 16.956933975 0.024076656 0.999521077 -0.019436715 -3.121605158 -0.999520421 0.023688864 -0.019941177 112.318626404
-0.020884208 0.019029608 0.999600768 17.741760254 0.023302445 0.999556422 -0.018541915 -3.143763065 -0.999510229 0.022905907 -0.021318385 112.307418823
-0.021654567 0.016463567 0.999629915 18.541807175 0.025913065 0.999537706 -0.015900705 -3.165543795 -0.999429643 0.025559152 -0.022071173 112.281059265
-0.023065612 0.015151514 0.999619186 19.359342575 0.027184388 0.999524832 -0.014522822 -3.184516430 -0.999364257 0.026839055 -0.023466541 112.266159058
-0.024835922 0.014013533 0.999593258 20.186147690 0.024619533 0.999607027 -0.013402028 -3.215114117 -0.999388337 0.024276666 -0.025171168 112.252418518
-0.025446843 0.018577699 0.999503493 20.994749069 0.021548988 0.999605119 -0.018030966 -3.239838600 -0.999443829 0.021079460 -0.025837125 112.229423523
-0.026239438 0.023535512 0.999378562 21.835548401 0.023440067 0.999462426 -0.022922046 -3.261534691 -0.999380827 0.022824049 -0.026777007 112.211502075
-0.027217776 0.025128739 0.999313653 22.678596497 0.023500424 0.999423802 -0.024491441 -3.289557457 -0.999353230 0.022817696 -0.027792629 112.189743042
-0.029309653 0.023060311 0.999304354 23.522891998 0.020159321 0.999544203 -0.022474570 -3.317004681 -0.999366999 0.019486578 -0.029761178 112.181373596
-0.030525625 0.018720452 0.999358594 24.372354507 0.016845614 0.999692202 -0.018212143 -3.350939989 -0.999392033 0.016278874 -0.030831588 112.167663574
-0.030216934 0.013191381 0.999456346 25.204139709 0.015880961 0.999792993 -0.012715689 -3.384074926 -0.999417126 0.015488098 -0.030420173 112.134162903
-0.030486811 0.007743559 0.999505162 26.054031372 0.012096399 0.999899507 -0.007377651 -3.404230118 -0.999461949 0.011865490 -0.030577417 112.115425110
-0.030687677 0.005949454 0.999511361 26.903280258 0.009695872 0.999936998 -0.005654298 -3.433550835 -0.999481976 0.009517617 -0.030743428 112.103599548
-0.029913893 0.012794157 0.999470592 27.735080719 0.012187404 0.999848366 -0.012434226 -3.466982126 -0.999478161 0.011808995 -0.030065289 112.083091736
-0.028100850 0.023885757 0.999319732 28.558116913 0.014786917 0.999614894 -0.023477007 -3.490751028 -0.999495685 0.014117132 -0.028443234 112.048332214
-0.027805705 0.029776990 0.999169707 29.389766693 0.017092774 0.999424160 -0.029308904 -3.510891438 -0.999467194 0.016263627 -0.028298665 112.034515381
-0.026406730 0.024082515 0.999361098 30.229345322 0.018657979 0.999547482 -0.023593992 -3.545122147 -0.999477208 0.018023018 -0.026844110 112.012054443
-0.025334848 0.016420128 0.999544144 31.071893692 0.021712773 0.999638259 -0.015871331 -3.578567028 -0.999443173 0.021300780 -0.025682217 111.988815308
-0.025359856 0.013221450 0.999590933 31.901428223 0.021910947 0.999679625 -0.012666736 -3.609532833 -0.999438167 0.021580761 -0.025641430 111.972389221
-0.025123835 0.013763177 0.999589741 32.715023041 0.021982398 0.999671042 -0.013211789 -3.638566256 -0.999442577 0.021641444 -0.025418121 111.953369141
-0.026099568 0.015025355 0.999546468 33.531772614 0.018972557 0.999714315 -0.014532477 -3.661505699 -0.999479294 0.018584659 -0.026377179 111.939872742
-0.028483100 0.015208381 0.999478579 34.354167938 0.017212225 0.999743462 -0.014721898 -3.687561274 -0.999446034 0.016783927 -0.028737567 111.930999756
-0.030467700 0.014748391 0.999426961 35.157394409 0.016113527 0.999768376 -0.014262209 -3.719944954 -0.999405861 0.015669758 -0.030698299 111.910301208
-0.032525845 0.015066994 0.999357283 35.971553802 0.015618894 0.999772012 -0.014564901 -3.747263432 -0.999348819 0.015135120 -0.032753758 111.884841919
-0.034665506 0.015596160 0.999277174 36.778285980 0.013699611 0.999791682 -0.015128941 -3.771457672 -0.999305069 0.013165257 -0.034871943 111.863952637
-0.036950182 0.014826211 0.999207020 37.574905396 0.012013935 0.999824286 -0.014391096 -3.795432806 -0.999244869 0.011472658 -0.037121810 111.839660645
-0.038697705 0.013557604 0.999158919 38.363269806 0.012395388 0.999837518 -0.013086732 -3.822542191 -0.999173999 0.011878537 -0.038859464 111.808013916
-0.040486701 0.013256943 0.999092102 39.171539307 0.011573276 0.999851048 -0.012798024 -3.855344534 -0.999112964 0.011044620 -0.040634103 111.779739380
-0.042212836 0.014307255 0.999006271 39.954902649 0.011545002 0.999837637 -0.013831332 -3.878716469 -0.999041915 0.010949669 -0.042371165 111.749084473
-0.043604940 0.014631986 0.998941660 40.752391815 0.012080571 0.999827266 -0.014117625 -3.902675867 -0.998975754 0.011452189 -0.043774176 111.728157043
-0.044516418 0.013522108 0.998917103 41.528366089 0.013795277 0.999821305 -0.012919564 -3.925471783 -0.998913288 0.013205207 -0.044695009 111.691741943
-0.046170682 0.012738563 0.998852253 42.312297821 0.015433117 0.999808371 -0.012037379 -3.950049877 -0.998814285 0.014859632 -0.046358429 111.662597656
-0.047455780 0.012122838 0.998799801 43.053867340 0.012884356 0.999850571 -0.011523420 -3.983095169 -0.998790264 0.012322040 -0.047604881 111.627792358
-0.048814818 0.011410983 0.998742640 43.809356689 0.011249570 0.999877632 -0.010874112 -4.002599716 -0.998744547 0.010704609 -0.048937216 111.600509644
-0.049880669 0.009963069 0.998705447 44.547458649 0.009986782 0.999905169 -0.009476245 -4.027999878 -0.998705328 0.009501173 -0.049975429 111.575454712
-0.050644163 0.009466071 0.998671889 45.261520386 0.010372505 0.999906123 -0.008951765 -4.053246498 -0.998662949 0.009905376 -0.050737593 111.540634155
-0.050720725 0.012273507 0.998637378 45.961696625 0.010599714 0.999874651 -0.011750355 -4.073982716 -0.998656631 0.009989286 -0.050844457 111.510314941
-0.050610986 0.015083408 0.998604596 46.676265717 0.010645660 0.999837279 -0.014562488 -4.096076012 -0.998661697 0.009893782 -0.050763316 111.473838806
-0.050833385 0.016810445 0.998565733 47.373867035 0.008930118 0.999825954 -0.016377062 -4.118075371 -0.998667181 0.008084807 -0.050974660 111.445732117
-0.051024884 0.017301634 0.998547554 48.070880890 0.008739682 0.999819398 -0.016877081 -4.145677090 -0.998659134 0.007865837 -0.051166870 111.413650513
-0.050858356 0.017288273 0.998556256 48.767692566 0.010707744 0.999802053 -0.016764477 -4.168577194 -0.998648465 0.009839671 -0.051033400 111.377960205
-0.051185377 0.016706424 0.998549461 49.455650330 0.010499281 0.999813795 -0.016189387 -4.193888187 -0.998634040 0.009655390 -0.051351249 111.345108032
-0.052044168 0.017241521 0.998495996 50.148452759 0.007122337 0.999831855 -0.016893361 -4.213050842 -0.998619437 0.006232424 -0.052158218 111.324981689
-0.051794242 0.017143015 0.998510718 50.838081360 0.004640718 0.999846041 -0.016925219 -4.241633892 -0.998647094 0.003757176 -0.051865812 111.301239014
-0.051495351 0.015612060 0.998551250 51.515518188 0.007188077 0.999857664 -0.015261799 -4.266156197 -0.998647451 0.006391750 -0.051600244 111.265419006
-0.052445453 0.015241176 0.998507500 52.191295624 0.007481867 0.999861360 -0.014868866 -4.286930561 -0.998595774 0.006690895 -0.052552227 111.229385376
-0.055992447 0.014455472 0.998326600 52.860889435 0.003730791 0.999891162 -0.014268883 -4.312332153 -0.998424232 0.002925599 -0.056040291 111.198387146
-0.061520554 0.014009123 0.998007536 53.538406372 -0.000070406 0.999901354 -0.014040049 -4.336607933 -0.998105884 -0.000934018 -0.061513506 111.170532227
-0.066901386 0.018330393 0.997591257 54.192798615 0.004352448 0.999826968 -0.018079588 -4.352333546 -0.997750103 0.003132413 -0.066969596 111.118354797
-0.073091641 0.020977709 0.997104585 54.871295929 0.006921122 0.999765277 -0.020526344 -4.374609947 -0.997301221 0.005400778 -0.073219687 111.056434631
-0.081110612 0.022539651 0.996450245 55.568023682 0.005100918 0.999740541 -0.022198863 -4.403191566 -0.996692061 0.003282248 -0.081204541 111.014465332
-0.087098844 0.021259436 0.995972753 56.217002869 0.001777261 0.999773979 -0.021185149 -4.432443619 -0.996198118 -0.000075098 -0.087116927 110.955924988
-0.092388220 0.020294540 0.995516181 56.905925751 0.001761297 0.999794066 -0.020218289 -4.453054428 -0.995721459 -0.000114531 -0.092404924 110.894508362
-0.096878871 0.020813189 0.995078504 57.597038269 -0.000577321 0.999779940 -0.020967731 -4.477907181 -0.995295942 -0.002605809 -0.096845545 110.829986572
-0.101247489 0.020183859 0.994656503 58.289676666 -0.003061103 0.999783039 -0.020599484 -4.499612808 -0.994856656 -0.005130392 -0.101163745 110.769752502
-0.103956193 0.016447354 0.994445860 58.994895935 -0.003086974 0.999853075 -0.016859487 -4.527494907 -0.994577050 -0.004822476 -0.103890151 110.697502136
-0.104982972 0.013327835 0.994384646 59.711841583 -0.000843973 0.999908566 -0.013490974 -4.552631378 -0.994473696 -0.002255557 -0.104962125 110.614768982
-0.106809840 0.010982909 0.994218826 60.405746460 -0.000954736 0.999937356 -0.011148653 -4.570256233 -0.994278967 -0.002140003 -0.106792666 110.544845581
-0.108053125 0.010982194 0.994084418 61.132003784 -0.001698235 0.999935448 -0.011231426 -4.585438251 -0.994143665 -0.002901780 -0.108027503 110.471305847
-0.108551554 0.014981760 0.993977964 61.864727020 0.000061678 0.999886572 -0.015064081 -4.602353096 -0.994090736 -0.001573922 -0.108540155 110.397140503
-0.108797133 0.018514460 0.993891597 62.601013184 0.005661122 0.999821782 -0.018005231 -4.630403519 -0.994047821 0.003667623 -0.108882584 110.311859131
-0.109431230 0.023023665 0.993727744 63.346187592 0.012408240 0.999685407 -0.021795282 -4.661188602 -0.993916869 0.009945326 -0.109682485 110.222778320
-0.109885849 0.024241047 0.993648589 64.086364746 0.013927540 0.999642015 -0.022847043 -4.682178974 -0.993846595 0.011328515 -0.110184118 110.134742737
-0.110122040 0.021643130 0.993682444 64.837448120 0.011711135 0.999721706 -0.020476822 -4.709990978 -0.993848979 0.009382197 -0.110344879 110.059585571
-0.110064097 0.016882867 0.993781149 65.585227966 0.012380803 0.999801457 -0.015613936 -4.734778404 -0.993847370 0.010585276 -0.110251255 109.978446960
-0.110167727 0.015216609 0.993796527 66.334724426 0.014083638 0.999806225 -0.013747383 -4.757690430 -0.993813276 0.012481753 -0.110360689 109.893272400
-0.111136816 0.014599671 0.993697882 67.072853088 0.014624457 0.999807775 -0.013053816 -4.783863068 -0.993697524 0.013081531 -0.111328959 109.809402466
-0.112757124 0.015197925 0.993506372 67.818893433 0.013031083 0.999819636 -0.013815551 -4.809205532 -0.993537128 0.011388659 -0.112934828 109.732025146
-0.115000837 0.015970353 0.993237078 68.553985596 0.012118518 0.999818921 -0.014673058 -4.831269264 -0.993291557 0.010349146 -0.115173548 109.653083801
-0.117393121 0.016393228 0.992950141 69.293243408 0.013582058 0.999796629 -0.014900495 -4.854167938 -0.992992640 0.011737091 -0.117591918 109.566177368
-0.119350307 0.016822129 0.992709637 70.035942078 0.013725659 0.999788821 -0.015291894 -4.875065804 -0.992757380 0.011800502 -0.119555987 109.479675293
-0.121175706 0.016210446 0.992498696 70.785888672 0.013610517 0.999799788 -0.014667965 -4.900625706 -0.992537737 0.011731018 -0.121372089 109.386512756
-0.122787155 0.016463526 0.992296398 71.534736633 0.011386479 0.999819875 -0.015179385 -4.923292160 -0.992367804 0.009434927 -0.122952528 109.299163818
-0.123827130 0.018055294 0.992139518 72.283004761 0.011269855 0.999795496 -0.016788052 -4.947237492 -0.992239714 0.009102454 -0.124005295 109.208587646
-0.124565855 0.018201839 0.992044330 73.044525146 0.010471967 0.999800086 -0.017029230 -4.970839024 -0.992155969 0.008267398 -0.124731556 109.117256165
-0.125923961 0.018430112 0.991868675 73.808898926 0.009733037 0.999802172 -0.017341854 -4.993211269 -0.991992116 0.007470141 -0.126078427 109.023773193
-0.127282813 0.017083114 0.991719365 74.592964172 0.010575119 0.999818146 -0.015865352 -5.011662483 -0.991810024 0.008468163 -0.127440274 108.933258057
-0.127994880 0.014562342 0.991667986 75.371032715 0.008422198 0.999872148 -0.013595764 -5.035016537 -0.991739035 0.006611836 -0.128101140 108.835044861
-0.129999280 0.012903617 0.991430104 76.162498474 0.005033029 0.999910951 -0.012354051 -5.050921440 -0.991501331 0.003383879 -0.130052641 108.744552612
-0.132072583 0.012081871 0.991166353 76.940567017 0.006243736 0.999916017 -0.011356550 -5.074621201 -0.991220474 0.004688692 -0.132136926 108.636505127
-0.133578718 0.012876095 0.990954459 77.737426758 0.007681990 0.999899030 -0.011956800 -5.093873501 -0.991008341 0.006015330 -0.133664131 108.532783508
-0.135965571 0.014264331 0.990610898 78.531883240 0.007024816 0.999885082 -0.013433689 -5.112851143 -0.990688622 0.005132340 -0.136050150 108.424423218
-0.137645692 0.017152805 0.990333021 79.322540283 0.008014080 0.999836564 -0.016203536 -5.145320415 -0.990449131 0.005706261 -0.137760669 108.318885803
-0.137903467 0.021166632 0.990219533 80.143501282 0.010184954 0.999749064 -0.019951917 -5.167540073 -0.990393281 0.007333901 -0.138084441 108.206283569
-0.139275610 0.025186831 0.989933312 80.958923340 0.011297278 0.999651790 -0.023844661 -5.202054024 -0.990189254 0.007862573 -0.139511660 108.091720581
-0.139230251 0.026479622 0.989905953 81.784469604 0.013430013 0.999601007 -0.024850028 -5.229592800 -0.990168929 0.009834575 -0.139530361 107.978645325
-0.138624564 0.025557432 0.990015149 82.616249084 0.016815450 0.999583483 -0.023449896 -5.262575626 -0.990202308 0.013396822 -0.138996556 107.861221313
-0.138539851 0.023730924 0.990072548 83.449050903 0.017665528 0.999612927 -0.021487679 -5.292890549 -0.990199387 0.014513253 -0.138905466 107.744491577
-0.137513712 0.022359811 0.990247428 84.307258606 0.016592830 0.999656856 -0.020268058 -5.321728706 -0.990360975 0.013643871 -0.137837514 107.632743835
-0.136062428 0.019661311 0.990505159 85.147926331 0.016368711 0.999711156 -0.017595530 -5.348810196 -0.990565002 0.013819203 -0.136344999 107.528961182
-0.134682178 0.016700238 0.990748107 86.004524231 0.016848367 0.999751985 -0.014561642 -5.372706413 -0.990745544 0.014731293 -0.134930164 107.422538757
-0.132862985 0.013218770 0.991046190 86.852882385 0.017266793 0.999790192 -0.011020550 -5.400562763 -0.990984023 0.015647966 -0.133063361 107.308395386
-0.131175384 0.012963872 0.991274416 87.697052002 0.015200499 0.999823213 -0.011064190 -5.425965786 -0.991242588 0.013616515 -0.131349251 107.204292297
-0.129826859 0.017178422 0.991387904 88.549705505 0.015916873 0.999757171 -0.015239053 -5.453507900 -0.991408825 0.013801355 -0.130068764 107.096275330
-0.127846822 0.023381216 0.991518319 89.399650574 0.017002402 0.999626815 -0.021380130 -5.479630947 -0.991648138 0.014124809 -0.128196657 106.989593506
-0.126416862 0.026801972 0.991615117 90.256492615 0.014467531 0.999578357 -0.025172804 -5.506198406 -0.991871774 0.011163954 -0.126751274 106.884994507
-0.124777839 0.024427397 0.991883993 91.116737366 0.013352674 0.999647617 -0.022938844 -5.535287857 -0.992094874 0.010382043 -0.125060007 106.779228210
