1.000000000 0.000000000 0.000000000 0.000000000 0.000000000 1.000000000 0.000000000 0.000000000 0.000000000 0.000000000 1.000000000 0.000000000
0.999997318 0.001040487 0.002066654 -0.009288395 -0.001038267 0.999998868 -0.001074677 -0.016919423 -0.002067770 0.001072528 0.999997258 1.206140995
0.999971509 0.002332839 0.007179587 -0.074311823 -0.002327954 0.999997020 -0.000688734 -0.038158119 -0.007181173 0.000672000 0.999973953 2.412133694
0.999962330 0.002065517 0.008431183 -0.074322477 -0.002062623 0.999997914 -0.000351931 -0.057466898 -0.008431892 0.000334527 0.999964416 3.613808393
0.999953389 0.001957167 0.009464534 -0.069299735 -0.001952767 0.999997914 -0.000474113 -0.077754192 -0.009465443 0.000455609 0.999955118 4.813172340
0.999950111 0.001967042 0.009789543 -0.062719330 -0.001966015 0.999998033 -0.000114552 -0.100482188 -0.009789748 0.000095299 0.999952078 6.028377056
0.999944627 0.002128811 0.010313514 -0.052850429 -0.002116869 0.999997139 -0.001168615 -0.122274734 -0.010315971 0.001146718 0.999946177 7.229894638
0.999928832 0.002498976 0.011669920 -0.060875393 -0.002485088 0.999996305 -0.001204432 -0.147889078 -0.011672887 0.001175345 0.999931216 8.425437927
0.999925613 0.002225194 0.011996084 -0.059214041 -0.002226800 0.999997497 0.000120450 -0.169011682 -0.011995785 -0.000147154 0.999928057 9.628876686
0.999940813 0.001798454 0.010735756 -0.055208288 -0.001811543 0.999997616 0.001209604 -0.192585751 -0.010733554 -0.001228981 0.999941647 10.819816589
0.999964058 0.000225403 0.008474533 -0.057871267 -0.000231670 0.999999702 0.000738486 -0.214564264 -0.008474364 -0.000740423 0.999963820 12.030158997
0.999977112 0.000584064 0.006743889 -0.063337244 -0.000585978 0.999999821 0.000281801 -0.231678322 -0.006743723 -0.000285746 0.999977231 13.229214668
0.999986172 0.000442713 0.005223584 -0.055310670 -0.000443460 0.999999821 0.000141814 -0.255328566 -0.005223521 -0.000144129 0.999986351 14.422880173
0.999985993 0.001787837 0.004971676 -0.074693210 -0.001787578 0.999998391 -0.000056480 -0.279311776 -0.004971769 0.000047592 0.999987602 15.621630669
0.999988735 0.001625052 0.004445365 -0.075074300 -0.001625311 0.999998629 0.000054836 -0.299073398 -0.004445271 -0.000062061 0.999990046 16.820682526
0.999993086 0.000902608 0.003577280 -0.070712350 -0.000903727 0.999999464 0.000311319 -0.318136632 -0.003576997 -0.000314550 0.999993563 18.012001038
0.999993980 0.001128079 0.003297681 -0.081241637 -0.001131158 0.999998868 0.000931934 -0.345584065 -0.003296626 -0.000935658 0.999994159 19.197809219
0.999997079 0.001348270 0.002048063 -0.080399990 -0.001348556 0.999999046 0.000138108 -0.368111253 -0.002047875 -0.000140869 0.999997973 20.392017365
0.999996126 0.001162617 0.002547820 -0.104041465 -0.001160670 0.999998987 -0.000765853 -0.392909706 -0.002548708 0.000762893 0.999996424 21.586696625
0.999995708 0.002246131 0.001910055 -0.108029306 -0.002245558 0.999997437 -0.000301935 -0.411937237 -0.001910729 0.000297644 0.999998093 22.787157059
0.999997020 0.001871428 0.001574360 -0.128423780 -0.001870581 0.999998093 -0.000539694 -0.435924411 -0.001575368 0.000536748 0.999998569 23.950567245
0.999998033 0.001957222 0.000441351 -0.129890725 -0.001956724 0.999997437 -0.001127856 -0.457081765 -0.000443557 0.001126990 0.999999285 25.143089294
0.999997139 0.002363686 -0.000306311 -0.142496571 -0.002363734 0.999997139 -0.000153505 -0.488210529 0.000305947 0.000154228 0.999999940 26.318559647
0.999999285 0.000834037 -0.000839096 -0.150854796 -0.000832703 0.999998331 0.001588690 -0.507661879 0.000840419 -0.001587991 0.999998391 27.525581360
0.999998033 0.000836793 -0.001803207 -0.156251416 -0.000833932 0.999998331 0.001586586 -0.529560685 0.001804532 -0.001585079 0.999997020 28.699672699
0.999996006 0.000045425 -0.002824609 -0.164765328 -0.000042721 0.999999523 0.000957258 -0.552270472 0.002824650 -0.000957133 0.999995530 29.898521423
0.999993801 -0.000052302 -0.003494795 -0.168914735 0.000051390 0.999999881 -0.000260926 -0.569404602 0.003494811 0.000260744 0.999993861 31.074249268
0.999990582 0.000594876 -0.004289647 -0.179582953 -0.000595775 0.999999821 -0.000208404 -0.589937687 0.004289523 0.000210958 0.999990761 32.261791229
0.999987662 0.000594028 -0.004915039 -0.191392139 -0.000592605 0.999999881 0.000290954 -0.611008823 0.004915211 -0.000288038 0.999987900 33.467014313
0.999984264 -0.000418524 -0.005583643 -0.198051527 0.000421538 0.999999762 0.000538523 -0.631397009 0.005583416 -0.000540868 0.999984205 34.635959625
0.999980330 -0.000978627 -0.006192783 -0.206359372 0.000983796 0.999999166 0.000831671 -0.655798078 0.006191963 -0.000837747 0.999980450 35.834903717
0.999977052 -0.000817555 -0.006726067 -0.219606623 0.000821761 0.999999464 0.000622596 -0.675482810 0.006725556 -0.000628109 0.999977171 37.015289307
0.999977887 -0.001525130 -0.006464884 -0.236480623 0.001533997 0.999997795 0.001366877 -0.699859738 0.006462785 -0.001376764 0.999978185 38.206298828
0.999977231 -0.001043935 -0.006671501 -0.245607242 0.001059968 0.999996483 0.002400053 -0.713425696 0.006668972 -0.002407070 0.999974906 39.410915375
0.999976754 -0.000714669 -0.006776714 -0.258243471 0.000734703 0.999995351 0.002954107 -0.730738521 0.006774572 -0.002959017 0.999972701 40.607448578
0.999977648 -0.000142754 -0.006681979 -0.269250125 0.000162357 0.999995649 0.002933307 -0.753481030 0.006681529 -0.002934327 0.999973357 41.791648865
0.999978423 0.000904650 -0.006508893 -0.280341238 -0.000887574 0.999996245 0.002625780 -0.766355813 0.006511243 -0.002619947 0.999975443 42.986953735
0.999976635 0.003325983 -0.005963575 -0.295731723 -0.003297981 0.999983549 0.004699095 -0.783732831 0.005979105 -0.004679319 0.999971211 44.200241089
0.999986053 0.003286186 -0.004111621 -0.319393367 -0.003253944 0.999964118 0.007824054 -0.802793920 0.004137185 -0.007810567 0.999960899 45.401752472
0.999990642 0.003614532 -0.002354775 -0.332836390 -0.003589589 0.999938309 0.010511814 -0.812276542 0.002392625 -0.010503263 0.999941945 46.602230072
0.999991059 0.004119989 -0.000875492 -0.330492586 -0.004107542 0.999896705 0.013773512 -0.816810310 0.000932149 -0.013769791 0.999904752 47.800186157
0.999992847 0.003675249 0.000884269 -0.350622177 -0.003688193 0.999879062 0.015110911 -0.827209055 -0.000828625 -0.015114064 0.999885380 49.014183044
0.999995530 0.001493151 0.002595711 -0.353550643 -0.001528331 0.999906301 0.013604453 -0.829989195 -0.002575153 -0.013608360 0.999904096 50.228363037
0.999987185 0.003040557 0.004052489 -0.361167729 -0.003088607 0.999924362 0.011904036 -0.833600879 -0.004015987 -0.011916401 0.999920964 51.420337677
0.999984741 0.003050642 0.004612254 -0.359730095 -0.003104136 0.999927461 0.011636084 -0.841035903 -0.004576421 -0.011650222 0.999921679 52.630081177
0.999984801 0.002650345 0.004840864 -0.365444869 -0.002704108 0.999934316 0.011133602 -0.848191738 -0.004811038 -0.011146522 0.999926329 53.821517944
0.999988437 0.001919935 0.004401908 -0.363782763 -0.001962389 0.999951422 0.009660740 -0.854439378 -0.004383146 -0.009669268 0.999943674 55.049716949
0.999994814 0.002066203 0.002473310 -0.362327367 -0.002091664 0.999944329 0.010336020 -0.862090528 -0.002451815 -0.010341139 0.999943614 56.264213562
0.999996841 0.001945733 0.001577178 -0.375112623 -0.001963597 0.999933004 0.011405267 -0.872530222 -0.001554881 -0.011408325 0.999933720 57.459770203
0.999998748 0.001309226 0.000924991 -0.381299913 -0.001320077 0.999929130 0.011828411 -0.881472111 -0.000909440 -0.011829616 0.999929607 58.667659760
0.999995768 0.002872876 -0.000333433 -0.382392377 -0.002868757 0.999926686 0.011757599 -0.891455054 0.000367185 -0.011756591 0.999930799 59.867164612
0.999993980 0.003313852 -0.001024787 -0.387665808 -0.003301921 0.999929190 0.011433342 -0.896479547 0.001062603 -0.011429888 0.999934077 61.072704315
0.999997437 0.002103370 -0.000827457 -0.398651540 -0.002094239 0.999938548 0.010885612 -0.904380620 0.000850302 -0.010883851 0.999940395 62.270370483
0.999998868 0.001048046 -0.001049657 -0.404092789 -0.001037279 0.999947369 0.010205674 -0.915295005 0.001060298 -0.010204574 0.999947369 63.480159760
0.999998868 0.000590347 -0.001363034 -0.410749346 -0.000574479 0.999932408 0.011612429 -0.931290448 0.001369798 -0.011611635 0.999931633 64.668174744
0.999998093 0.000451163 -0.001827345 -0.414821565 -0.000427480 0.999916136 0.012939737 -0.933719993 0.001833029 -0.012938933 0.999914646 65.862953186
0.999998093 0.001068255 -0.001615776 -0.432462275 -0.001049407 0.999931872 0.011621677 -0.948015034 0.001628080 -0.011619960 0.999931097 67.069602966
0.999994874 0.003034771 -0.000988947 -0.450496763 -0.003024325 0.999941289 0.010398799 -0.955102503 0.001020448 -0.010395754 0.999945343 68.267669678
0.999986768 0.004984450 -0.001261404 -0.455385655 -0.004970552 0.999929368 0.010791313 -0.964498878 0.001315103 -0.010784899 0.999940991 69.465019226
0.999972939 0.007272954 -0.001060396 -0.464662880 -0.007260887 0.999913394 0.010970842 -0.972167253 0.001140094 -0.010962848 0.999939263 70.651847839
0.999965072 0.008316644 -0.000756349 -0.477577925 -0.008307422 0.999899685 0.011471985 -0.980141103 0.000851682 -0.011465303 0.999933898 71.859313965
0.999960065 0.008921517 0.000573164 -0.488238811 -0.008927845 0.999885738 0.012197169 -0.985605478 -0.000464281 -0.012201796 0.999925435 73.055770874
0.999940336 0.010735160 0.002013113 -0.487344205 -0.010759981 0.999860704 0.012754339 -0.989544690 -0.001875912 -0.012775240 0.999916553 74.249145508
0.999940991 0.009750567 0.004784192 -0.483024448 -0.009801959 0.999893188 0.010838857 -1.002289176 -0.004677996 -0.010885113 0.999929845 75.430702209
0.999948680 0.007123063 0.007203521 -0.477829993 -0.007163643 0.999958515 0.005623473 -1.010565281 -0.007163166 -0.005674788 0.999958277 76.604927063
0.999912262 0.008336692 0.010294489 -0.476998270 -0.008393350 0.999949694 0.005472633 -1.025171995 -0.010248348 -0.005558558 0.999932051 77.786003113
0.999897242 0.006958240 0.012530874 -0.461266637 -0.007072824 0.999933302 0.009123109 -1.039938450 -0.012466556 -0.009210801 0.999879956 78.969909668
0.999842823 0.007604355 0.016010279 -0.447750181 -0.007767466 0.999918282 0.010150422 -1.049061298 -0.015931783 -0.010273186 0.999820292 80.154457092
0.999762297 0.007892778 0.020321932 -0.433020920 -0.008063395 0.999932826 0.008327468 -1.058325887 -0.020254841 -0.008489353 0.999758780 81.320724487
0.999698758 0.006309608 0.023717918 -0.410425097 -0.006442153 0.999964058 0.005516126 -1.074373722 -0.023682259 -0.005667259 0.999703526 82.492752075
0.999619722 0.005052605 0.027109856 -0.382994980 -0.005109392 0.999984860 0.002025822 -1.089421749 -0.027099211 -0.002163565 0.999630392 83.654876709
0.999523997 0.004743818 0.030486634 -0.350711524 -0.004777984 0.999988079 0.001047931 -1.106168866 -0.030481301 -0.001193097 0.999534667 84.811973572
0.999410868 0.004250692 0.034055803 -0.316685408 -0.004351792 0.999986351 0.002895065 -1.128189325 -0.034043036 -0.003041563 0.999415636 85.981979370
0.999257624 0.005510527 0.038128827 -0.286763579 -0.005652965 0.999977410 0.003628907 -1.151818037 -0.038107973 -0.003841753 0.999266207 87.146255493
0.999119043 0.005012373 0.041664746 -0.239399925 -0.005068635 0.999986410 0.001244815 -1.169114351 -0.041657940 -0.001454902 0.999130845 88.297065735
0.998978555 0.004787420 0.044932537 -0.191637024 -0.004752968 0.999988437 -0.000873555 -1.190424919 -0.044936195 0.000659099 0.998989642 89.445838928
0.998828113 0.005180508 0.048121106 -0.143196478 -0.005118550 0.999985933 -0.001410674 -1.205772638 -0.048127741 0.001162710 0.998840511 90.614936829
0.998691082 0.004457947 0.050953951 -0.087383650 -0.004451232 0.999990046 -0.000245266 -1.224401355 -0.050954539 0.000018137 0.998700976 91.773704529
0.998540103 0.003145439 0.053924188 -0.034918353 -0.003220511 0.999993980 0.001305353 -1.246832371 -0.053919751 -0.001477110 0.998544097 92.934097290
0.998393714 0.002373679 0.056607034 0.028698519 -0.002548264 0.999992251 0.003012173 -1.263579845 -0.056599438 -0.003151585 0.998391926 94.095138550
0.998267472 0.000807568 0.058833830 0.100462444 -0.001037849 0.999992013 0.003883642 -1.278388739 -0.058830213 -0.003937974 0.998260200 95.257118225
0.998118639 -0.000143445 0.061312322 0.159911051 0.000041677 0.999998629 0.001661103 -1.297064304 -0.061312482 -0.001655423 0.998117268 96.405509949
0.997975886 -0.001477987 0.063574880 0.232790977 0.001604713 0.999996841 -0.001942308 -1.314078093 -0.063571803 0.002040396 0.997975171 97.563423157
0.997845054 -0.000556175 0.065611325 0.300715476 0.000864382 0.999988794 -0.004669175 -1.333511591 -0.065607987 0.004715826 0.997834325 98.723129272
0.997732222 -0.000608001 0.067304887 0.377973676 0.000986481 0.999983907 -0.005590273 -1.357821703 -0.067300394 0.005643990 0.997716784 99.897575378
0.997717440 -0.000320446 0.067526743 0.456929713 0.000663883 0.999986887 -0.005063562 -1.377697110 -0.067524239 0.005096834 0.997704625 101.079864502
0.997754097 -0.000552501 0.066980064 0.526220620 0.000759326 0.999994993 -0.003062418 -1.408941031 -0.066978030 0.003106400 0.997749567 102.260627747
0.997844934 -0.000565290 0.065612756 0.598000824 0.000674365 0.999998391 -0.001640245 -1.427094817 -0.065611735 0.001680957 0.997843742 103.461166382
0.997957230 -0.000466674 0.063883640 0.661812842 0.000525651 0.999999464 -0.000906390 -1.445306778 -0.063883185 0.000938119 0.997956872 104.640960693
0.998145103 -0.000588392 0.060876552 0.737029135 0.000621191 0.999999702 -0.000519871 -1.463902354 -0.060876228 0.000556722 0.998145103 105.844474792
0.998284280 0.000224341 0.058552343 0.791597307 -0.000199007 0.999999881 -0.000438497 -1.483641863 -0.058552433 0.000426092 0.998284280 107.043258667
0.998498917 0.001625615 0.054747067 0.847433448 -0.001562318 0.999998033 -0.001198941 -1.496960044 -0.054748911 0.001111609 0.998499572 108.245597839
0.998709142 0.001825630 0.050762113 0.905233443 -0.001798762 0.999998212 -0.000574981 -1.519240975 -0.050763074 0.000482930 0.998710632 109.462623596
0.998911142 0.002106371 0.046606649 0.960514486 -0.002138579 0.999997556 0.000641198 -1.539973855 -0.046605188 -0.000740172 0.998913169 110.687347412
0.999099553 0.002646102 0.042344216 1.005676746 -0.002712654 0.999995172 0.001514322 -1.562144279 -0.042339999 -0.001627823 0.999101937 111.895469666
0.999272227 0.002742299 0.038046591 1.043317437 -0.002821072 0.999993980 0.002016868 -1.578118205 -0.038040832 -0.002122733 0.999273956 113.115081787
0.999446988 0.003406191 0.033078320 1.079557300 -0.003477899 0.999991655 0.002110514 -1.593149662 -0.033070862 -0.002224390 0.999450564 114.333251953
0.999594092 0.004016750 0.028204255 1.106520057 -0.004083786 0.999988973 0.002319602 -1.618289828 -0.028194625 -0.002433840 0.999599516 115.575523376
0.999719501 0.004347241 0.023280000 1.126329303 -0.004398128 0.999988079 0.002135124 -1.635061860 -0.023270441 -0.002236914 0.999726713 116.798538208
0.999806941 0.005662967 0.018822974 1.140499830 -0.005684684 0.999983191 0.001100410 -1.648565292 -0.018816428 -0.001207200 0.999822140 118.041076660
0.999853730 0.007491429 0.015372553 1.153140664 -0.007508767 0.999971211 0.001070443 -1.664993525 -0.015364092 -0.001185716 0.999881268 119.282020569
0.999873996 0.009105742 0.013008036 1.164450169 -0.009124790 0.999957323 0.001405718 -1.686215281 -0.012994682 -0.001524236 0.999914408 120.504287720
0.999864757 0.010764118 0.012436681 1.162321806 -0.010778052 0.999941349 0.001053941 -1.711285710 -0.012424606 -0.001187841 0.999922097 121.758865356
0.999848664 0.013143899 0.011407247 1.166378498 -0.013160498 0.999912381 0.001381377 -1.727751493 -0.011388090 -0.001531293 0.999933958 123.000808716
0.999844849 0.014144874 0.010500070 1.173246026 -0.014168753 0.999897182 0.002203427 -1.745576739 -0.010467823 -0.002351859 0.999942362 124.235923767
0.999854445 0.013838771 0.009970443 1.177055597 -0.013864275 0.999900758 0.002493237 -1.759883285 -0.009934949 -0.002631108 0.999947190 125.479553223
0.999807894 0.017421857 0.008978364 1.181760550 -0.017462524 0.999837518 0.004470962 -1.774127603 -0.008899011 -0.004626887 0.999949753 126.725852966
0.999787688 0.018742854 0.008554032 1.178801060 -0.018809650 0.999792814 0.007796392 -1.788649321 -0.008406132 -0.007955636 0.999933004 127.963272095
0.999816895 0.017512048 0.007712733 1.188627839 -0.017568974 0.999818444 0.007375792 -1.801061869 -0.007582168 -0.007509944 0.999943018 129.216613770
0.999831498 0.017104326 0.006665742 1.198644161 -0.017145481 0.999834001 0.006166467 -1.813603044 -0.006559162 -0.006279716 0.999958754 130.453140259
0.999865711 0.014900004 0.006822171 1.186774492 -0.014946530 0.999865055 0.006819827 -1.817904711 -0.006719633 -0.006920879 0.999953449 131.734619141
0.999910414 0.012088964 0.005741184 1.193356276 -0.012138329 0.999889016 0.008642509 -1.828527570 -0.005636067 -0.008711424 0.999946117 132.989273071
0.999940932 0.009267938 0.005666466 1.199023008 -0.009327187 0.999901056 0.010520449 -1.839434505 -0.005568403 -0.010572679 0.999928594 134.250778198
0.999961615 0.007299903 0.004829570 1.208012342 -0.007356039 0.999904275 0.011709452 -1.847385287 -0.004743631 -0.011744530 0.999919772 135.516021729
0.999983549 0.002622176 0.005097010 1.215181708 -0.002671734 0.999949098 0.009740623 -1.853739023 -0.005071209 -0.009754080 0.999939561 136.785217285
0.999984920 0.000315251 0.005479530 1.215896368 -0.000361502 0.999964356 0.008441780 -1.858048916 -0.005476673 -0.008443632 0.999949336 138.055541992
0.999984145 -0.001051410 0.005539759 1.220891476 0.001003080 0.999961495 0.008719997 -1.874526381 -0.005548715 -0.008714301 0.999946594 139.323181152
0.999980390 -0.000453255 0.006242750 1.219768882 0.000399655 0.999962986 0.008584418 -1.874778628 -0.006246412 -0.008581757 0.999943614 140.608123779
0.999976814 -0.000305869 0.006794249 1.221252203 0.000231408 0.999939859 0.010957452 -1.887753129 -0.006797193 -0.010955625 0.999916852 141.884506226
0.999969006 0.002418232 0.007495294 1.224941134 -0.002510213 0.999921322 0.012286701 -1.895679593 -0.007464994 -0.012305133 0.999896407 143.175384521
0.999965549 0.002437296 0.007945037 1.230458379 -0.002521071 0.999941170 0.010551392 -1.902213573 -0.007918854 -0.010571058 0.999912739 144.450149536
0.999959886 0.002680809 0.008547075 1.232667089 -0.002757292 0.999956191 0.008949298 -1.917411447 -0.008522708 -0.008972506 0.999923408 145.721206665
0.999955952 0.002545114 0.009035101 1.238217831 -0.002603896 0.999975502 0.006500064 -1.928551078 -0.009018335 -0.006523305 0.999938071 146.997634888
0.999953449 0.001440006 0.009534565 1.244374037 -0.001465656 0.999995410 0.002683678 -1.949880719 -0.009530654 -0.002697528 0.999950945 148.254699707
0.999948859 0.001756554 0.009962157 1.250738621 -0.001745719 0.999997854 -0.001096154 -1.969829082 -0.009964061 0.001078707 0.999949753 149.535293579
0.999948442 0.001220294 0.010082166 1.257922411 -0.001201114 0.999997377 -0.001908199 -1.993059278 -0.010084467 0.001895991 0.999947309 150.810363770
0.999948859 0.001009858 0.010062431 1.267794251 -0.000990848 0.999997735 -0.001894029 -2.016041994 -0.010064321 0.001883962 0.999947608 152.085784912
0.999952734 0.001729592 0.009564347 1.276385188 -0.001715312 0.999997437 -0.001501097 -2.038265467 -0.009566917 0.001484621 0.999953210 153.350891113
0.999948740 0.002655536 0.009769240 1.280593276 -0.002652331 0.999996364 -0.000341093 -2.062213898 -0.009770111 0.000315164 0.999952197 154.609207153
0.999952137 0.003098609 0.009278792 1.288554788 -0.003101495 0.999995112 0.000296579 -2.085375071 -0.009277827 -0.000325343 0.999956906 155.878753662
0.999954641 0.003037220 0.009026037 1.291680574 -0.003036074 0.999995530 -0.000140544 -2.105991125 -0.009026421 0.000113134 0.999959230 157.139724731
0.999960423 0.003434537 0.008212646 1.292940140 -0.003435671 0.999994159 0.000123945 -2.126547813 -0.008212171 -0.000152156 0.999966264 158.407226562
0.999966323 0.002826008 0.007706121 1.302798390 -0.002836412 0.999995112 0.001339534 -2.151419878 -0.007702298 -0.001361346 0.999969423 159.679092407
0.999965489 0.003925904 0.007325467 1.297646046 -0.003940052 0.999990404 0.001918065 -2.173890114 -0.007317866 -0.001946861 0.999971330 160.926208496
0.999969363 0.004370993 0.006491209 1.307665825 -0.004375363 0.999990225 0.000659248 -2.192373276 -0.006488264 -0.000687629 0.999978721 162.205474854
0.999970555 0.004681610 0.006080859 1.305207729 -0.004678424 0.999988973 -0.000537862 -2.215464830 -0.006083309 0.000509398 0.999981403 163.470886230
0.999968946 0.005836719 0.005297711 1.306061268 -0.005835169 0.999982893 -0.000308012 -2.240563869 -0.005299418 0.000277089 0.999985874 164.729476929
0.999974310 0.005617232 0.004454068 1.303310394 -0.005612098 0.999983549 -0.001164393 -2.263334036 -0.004460535 0.001139366 0.999989390 166.004394531
0.999974310 0.006026986 0.003877691 1.298052311 -0.006019788 0.999980152 -0.001865389 -2.291605949 -0.003888856 0.001841998 0.999990702 167.289733887
0.999974251 0.006497922 0.003069778 1.305904746 -0.006491646 0.999976873 -0.002050060 -2.305040121 -0.003083028 0.002030079 0.999993205 168.551101685
0.999973595 0.006788553 0.002634148 1.300413370 -0.006786944 0.999976814 -0.000619875 -2.330019236 -0.002638293 0.000601981 0.999996424 169.831085205
0.999976993 0.006554014 0.001755822 1.302387357 -0.006553835 0.999978542 -0.000107431 -2.355177164 -0.001756489 0.000095921 0.999998450 171.085998535
0.999975681 0.006943393 0.000652980 1.300631404 -0.006943468 0.999975920 0.000112319 -2.375001907 -0.000652184 -0.000116851 0.999999821 172.356933594
0.999972224 0.007467299 0.000139803 1.290899396 -0.007467341 0.999972165 0.000297332 -2.395720005 -0.000137580 -0.000298368 0.999999940 173.641525269
0.999969602 0.007793340 0.000142157 1.276874185 -0.007793240 0.999969363 -0.000689522 -2.415200233 -0.000147526 0.000688393 0.999999762 174.892395020
0.999962866 0.008609349 -0.000410288 1.266837120 -0.008609908 0.999961913 -0.001375948 -2.435370922 0.000398426 0.001379429 0.999998927 176.160766602
0.999964893 0.008328510 -0.000849628 1.253158569 -0.008329289 0.999964774 -0.000917119 -2.456448793 0.000841959 0.000924164 0.999999285 177.417694092
0.999965012 0.008306745 -0.000976350 1.246559978 -0.008308809 0.999963164 -0.002128282 -2.481896162 0.000958636 0.002136319 0.999997258 178.659729004
0.999973297 0.007253810 -0.000911742 1.237743497 -0.007257189 0.999966562 -0.003757838 -2.504025698 0.000884453 0.003764354 0.999992549 179.929595947
0.999990821 0.004115402 -0.001195530 1.232403755 -0.004119786 0.999984741 -0.003688685 -2.530010223 0.001180332 0.003693576 0.999992490 181.193710327
0.999987304 0.004722427 -0.001713634 1.238224745 -0.004722476 0.999988854 -0.000025256 -2.550095558 0.001713496 0.000033348 0.999998450 182.448852539
0.999991655 0.003776748 -0.001509804 1.228094697 -0.003770567 0.999984622 0.004075900 -2.570471764 0.001525174 -0.004070173 0.999990523 183.715805054
0.999986053 0.005091100 -0.001484023 1.220602870 -0.005085821 0.999980807 0.003540244 -2.585736513 0.001502021 -0.003532646 0.999992609 184.967376709
0.999975979 0.006865770 -0.000965081 1.205106974 -0.006865399 0.999976397 0.000387354 -2.603559732 0.000967717 -0.000380718 0.999999464 186.216278076
0.999976397 0.006644040 -0.001771197 1.198793650 -0.006646822 0.999976695 -0.001569207 -2.626855850 0.001760728 0.001580942 0.999997139 187.456985474
0.999975264 0.006756823 -0.001980467 1.190740943 -0.006759330 0.999976337 -0.001261547 -2.650308132 0.001971896 0.001274902 0.999997258 188.707214355
0.999978423 0.006375039 -0.001609200 1.180665135 -0.006375249 0.999979615 -0.000124569 -2.674471855 0.001608375 0.000134825 0.999998689 189.972488403
0.999976277 0.006756680 -0.001389094 1.172428846 -0.006753602 0.999974787 0.002209078 -2.697915077 0.001403987 -0.002199644 0.999996603 191.222930908
0.999982655 0.005856542 -0.000643352 1.164023280 -0.005854633 0.999978602 0.002930349 -2.719881058 0.000660499 -0.002926532 0.999995410 192.477691650
0.999982178 0.005921000 0.000801743 1.158113718 -0.005922838 0.999979854 0.002310197 -2.739361525 -0.000788049 -0.002314905 0.999996960 193.720535278
0.999985456 0.004880571 0.002307652 1.153455615 -0.004882731 0.999987662 0.000931081 -2.763205051 -0.002303080 -0.000942335 0.999996901 194.944076538
0.999983311 0.004583766 0.003529936 1.149478078 -0.004581615 0.999989390 -0.000617161 -2.785353899 -0.003532726 0.000600978 0.999993622 196.177947998
0.999977410 0.004317718 0.005134612 1.147121191 -0.004311831 0.999990046 -0.001157032 -2.809862614 -0.005139557 0.001134866 0.999986112 197.400588989
0.999966621 0.004521898 0.006799355 1.147999644 -0.004517993 0.999989629 -0.000589732 -2.832754850 -0.006801951 0.000558993 0.999976695 198.609710693
0.999960542 0.004210340 0.007812508 1.157946467 -0.004219530 0.999990463 0.001160222 -2.851788759 -0.007807549 -0.001193141 0.999968827 199.848281860
0.999947906 0.005122862 0.008819221 1.160862088 -0.005136260 0.999985695 0.001497260 -2.874775171 -0.008811424 -0.001542480 0.999960005 201.063812256
0.999936223 0.004786075 0.010229046 1.164805651 -0.004800662 0.999987543 0.001401977 -2.892460108 -0.010222207 -0.001450993 0.999946713 202.273040771
0.999930143 0.004637601 0.010871658 1.177579522 -0.004651908 0.999988437 0.001291032 -2.906928062 -0.010865542 -0.001341516 0.999940097 203.480850220
0.999908090 0.004925145 0.012631865 1.173682690 -0.004945712 0.999986529 0.001597481 -2.933052540 -0.012623825 -0.001659808 0.999918938 204.674575806
0.999897659 0.005230537 0.013319037 1.185516715 -0.005250446 0.999985218 0.001460270 -2.952970028 -0.013311201 -0.001530051 0.999910235 205.869735718
0.999878228 0.004944482 0.014804546 1.181182027 -0.004972261 0.999985933 0.001840143 -2.981163502 -0.014795238 -0.001913531 0.999888718 207.045623779
0.999878943 0.004044936 0.015020852 1.200008035 -0.004067086 0.999990642 0.001444405 -2.994267225 -0.015014869 -0.001505321 0.999886096 208.210113525
0.999871910 0.003889885 0.015523584 1.208317041 -0.003931788 0.999988675 0.002669652 -3.021296740 -0.015513025 -0.002730347 0.999875903 209.363861084
0.999876976 0.003677497 0.015244874 1.217432618 -0.003728230 0.999987543 0.003300769 -3.037920237 -0.015232546 -0.003357200 0.999878347 210.490280151
0.999881566 0.003671721 0.014946095 1.227584839 -0.003723926 0.999987006 0.003466525 -3.061329603 -0.014933173 -0.003521772 0.999882340 211.603088379
0.999886453 0.004606292 0.014347975 1.235453844 -0.004639343 0.999986708 0.002271115 -3.080844164 -0.014337324 -0.002337423 0.999894381 212.719390869
0.999890804 0.004969652 0.013919710 1.246144891 -0.004986890 0.999986947 0.001203904 -3.097432613 -0.013913544 -0.001273188 0.999902368 213.804306030
0.999898732 0.004616953 0.013463975 1.251723647 -0.004635650 0.999988377 0.001357861 -3.120705128 -0.013457548 -0.001420138 0.999908447 214.878555298
0.999914885 0.004117339 0.012385882 1.258972049 -0.004134254 0.999990642 0.001340439 -3.140446663 -0.012380244 -0.001391532 0.999922454 215.940704346
0.999937654 0.003798191 0.010513227 1.269452333 -0.003821266 0.999990344 0.002175514 -3.162186623 -0.010504864 -0.002215551 0.999942362 216.983718872
0.999958456 0.003018092 0.008605703 1.270279408 -0.003049641 0.999988616 0.003655147 -3.180495977 -0.008594574 -0.003681240 0.999956250 218.023544312
0.999971509 0.003373021 0.006766084 1.270700455 -0.003408009 0.999980807 0.005166186 -3.196232557 -0.006748531 -0.005189097 0.999963760 219.065292358
0.999985695 0.003089048 0.004377306 1.268872976 -0.003114319 0.999978423 0.005778053 -3.218390703 -0.004359363 -0.005791605 0.999973774 220.058792114
0.999993265 0.003209886 0.001818932 1.268051028 -0.003219125 0.999981821 0.005099143 -3.230150461 -0.001802531 -0.005104964 0.999985456 221.053237915
0.999993622 0.003362589 -0.001269109 1.263148427 -0.003355796 0.999980152 0.005318106 -3.247785091 0.001286968 -0.005313812 0.999985099 222.034790039
0.999982119 0.004217444 -0.004243431 1.254679561 -0.004193417 0.999975264 0.005655103 -3.262414217 0.004267175 -0.005637206 0.999974906 222.971694946
0.999963522 0.004494109 -0.007266139 1.241664648 -0.004454400 0.999975145 0.005471834 -3.280513763 0.007290547 -0.005439267 0.999958575 223.900039673
0.999936759 0.004882932 -0.010128491 1.224994898 -0.004835049 0.999977112 0.004746750 -3.293169260 0.010151432 -0.004697477 0.999937356 224.808807373
0.999900877 0.004438586 -0.013363029 1.207267880 -0.004383144 0.999981761 0.004175389 -3.309154510 0.013381320 -0.004116402 0.999902010 225.690475464
0.999856532 0.005216679 -0.016119307 1.188217044 -0.005149547 0.999977887 0.004203476 -3.330677986 0.016140882 -0.004119867 0.999861240 226.550750732
0.999806345 0.005615321 -0.018864822 1.162565112 -0.005548595 0.999978185 0.003587500 -3.346506834 0.018884555 -0.003482132 0.999815643 227.381530762
0.999745965 0.006794657 -0.021496302 1.138872623 -0.006718253 0.999970853 0.003624499 -3.364133835 0.021520300 -0.003479160 0.999762356 228.200408936
0.999724209 0.007767343 -0.022167932 1.115600824 -0.007684435 0.999963224 0.003822738 -3.374497414 0.022196807 -0.003651336 0.999746978 229.004455566
0.999727428 0.008367799 -0.021791454 1.095148921 -0.008261114 0.999953449 0.004981104 -3.391946316 0.021832125 -0.004799725 0.999750137 229.784149170
0.999735117 0.008110688 -0.021536773 1.076172709 -0.007996680 0.999953568 0.005374499 -3.404310942 0.021579366 -0.005200852 0.999753594 230.545425415
0.999745667 0.007892718 -0.021121103 1.057268143 -0.007784104 0.999956071 0.005219764 -3.420142174 0.021161374 -0.005054028 0.999763310 231.290481567
0.999752998 0.008880317 -0.020371286 1.035339117 -0.008811918 0.999955237 0.003444895 -3.432563543 0.020400969 -0.003264534 0.999786556 232.022705078
0.999771535 0.008629360 -0.019556660 1.020362377 -0.008603810 0.999961972 0.001390156 -3.446200609 0.019567918 -0.001221576 0.999807775 232.753631592
0.999793828 0.008797165 -0.018297890 1.003295779 -0.008800354 0.999961317 -0.000093797 -3.461029530 0.018296361 0.000254805 0.999832571 233.476394653
0.999807894 0.009588243 -0.017093308 0.989728808 -0.009600910 0.999953687 -0.000659165 -3.470563173 0.017086202 0.000823150 0.999853671 234.209869385
0.999842584 0.009125265 -0.015213574 0.975474954 -0.009137965 0.999957919 -0.000765415 -3.484234333 0.015205950 0.000904316 0.999883950 234.929855347
0.999869287 0.009214800 -0.013279687 0.962399542 -0.009226671 0.999957085 -0.000833024 -3.500930548 0.013271440 0.000955443 0.999911487 235.640090942
0.999892831 0.009051037 -0.011505002 0.950943530 -0.009061672 0.999958515 -0.000872482 -3.516383171 0.011496633 0.000976644 0.999933422 236.364379883
0.999913514 0.008779542 -0.009789421 0.946750700 -0.008791429 0.999960601 -0.001171903 -3.531644583 0.009778748 0.001257864 0.999951363 237.074172974
0.999938488 0.008929649 -0.006572050 0.933033466 -0.008934828 0.999959707 -0.000758647 -3.544981956 0.006565015 0.000817320 0.999978065 237.786514282
0.999965131 0.007643905 -0.003365142 0.936081290 -0.007643473 0.999970734 0.000141624 -3.561846733 0.003366127 -0.000115898 0.999994338 238.485427856
0.999976099 0.006884002 -0.000487961 0.930844903 -0.006884018 0.999976218 -0.000030227 -3.568628550 0.000487743 0.000033585 0.999999881 239.186706543
0.999977052 0.006376157 0.002259763 0.934198141 -0.006376474 0.999979615 0.000132904 -3.583941936 -0.002258867 -0.000147311 0.999997437 239.883514404
0.999965072 0.006291279 0.005485595 0.934699178 -0.006291497 0.999980152 0.000022462 -3.599380970 -0.005485346 -0.000056974 0.999984920 240.567932129
0.999941409 0.006170361 0.008894457 0.934486032 -0.006165902 0.999980867 -0.000528750 -3.610789299 -0.008897550 0.000473876 0.999960303 241.260467529
0.999910951 0.007123140 0.011288054 0.945027471 -0.007103984 0.999973297 -0.001736224 -3.619909525 -0.011300120 0.001655878 0.999934852 241.952087402
0.999866307 0.007525387 0.014516197 0.950714231 -0.007493019 0.999969304 -0.002282980 -3.631115675 -0.014532933 0.002173905 0.999891996 242.647796631
0.999819458 0.007498106 0.017459011 0.960738719 -0.007482634 0.999971449 -0.000951376 -3.650465488 -0.017465647 0.000820565 0.999847114 243.352416992
0.999779761 0.007712278 0.019519683 0.975311637 -0.007708240 0.999970198 -0.000282107 -3.663105488 -0.019521279 0.000131583 0.999809384 244.056808472
0.999728858 0.007414346 0.022076515 0.986894786 -0.007400580 0.999972224 -0.000705265 -3.675072432 -0.022081135 0.000541694 0.999755979 244.759765625
0.999674559 0.007207309 0.024466576 1.001184344 -0.007153450 0.999971688 -0.002288135 -3.686701536 -0.024482375 0.002112370 0.999697983 245.469116211
0.999620497 0.007458532 0.026516413 1.014446616 -0.007334803 0.999961734 -0.004760284 -3.698284626 -0.026550902 0.004563985 0.999637008 246.176574707
0.999606013 0.006256012 0.027360508 1.034019589 -0.006081417 0.999960601 -0.006459832 -3.710667610 -0.027399844 0.006290897 0.999604702 246.892242432
0.999606311 0.006623953 0.027265709 1.055694938 -0.006442136 0.999956608 -0.006750769 -3.726774931 -0.027309241 0.006572464 0.999605358 247.619064331
0.999619842 0.005229367 0.027073165 1.076653719 -0.005039595 0.999962389 -0.007073105 -3.743705511 -0.027109133 0.006933978 0.999608457 248.347702026
0.999606609 0.006465768 0.027292242 1.093489647 -0.006263890 0.999952614 -0.007475893 -3.759628534 -0.027339282 0.007301996 0.999599516 249.086868286
0.999591947 0.006944451 0.027711334 1.108365417 -0.006726472 0.999945700 -0.007951601 -3.775658369 -0.027765054 0.007761957 0.999584317 249.822784424
0.999593258 0.005816455 0.027919497 1.127985477 -0.005540980 0.999935269 -0.009934018 -3.791230202 -0.027975474 0.009775278 0.999560833 250.569686890
0.999590278 0.002216072 0.028535208 1.146910429 -0.001872947 0.999925733 -0.012045719 -3.810072899 -0.028559783 0.011987339 0.999520183 251.314743042
0.999576926 -0.001047082 0.029063908 1.171030521 0.001422676 0.999915719 -0.012905303 -3.826956511 -0.029047947 0.012941194 0.999494255 252.082321167
0.999558806 0.001539608 0.029660217 1.191009879 -0.001269838 0.999957681 -0.009112076 -3.840714693 -0.029672990 0.009070392 0.999518573 252.861953735
0.999523222 0.005293897 0.030420449 1.199528217 -0.005201607 0.999981642 -0.003112161 -3.852307320 -0.030436365 0.002952442 0.999532342 253.640441895
0.999506652 0.004379481 0.031099932 1.222973704 -0.004399123 0.999990165 0.000563154 -3.872214079 -0.031097159 -0.000699688 0.999516129 254.426300049
0.999431491 0.003384439 0.033543766 1.251080751 -0.003321882 0.999992669 -0.001920493 -3.881539583 -0.033550017 0.001807973 0.999435365 255.229370117
0.999290586 0.004248309 0.037421066 1.277850509 -0.003953571 0.999960601 -0.007946739 -3.894498110 -0.037453353 0.007793154 0.999267995 256.014587402
0.999131083 0.006478551 0.041171499 1.302474499 -0.006009477 0.999915779 -0.011506741 -3.908741951 -0.041242577 0.011249324 0.999085844 256.818969727
0.998982549 0.008382428 0.044313747 1.334369898 -0.007885952 0.999904275 -0.011366642 -3.925350189 -0.044404790 0.011005620 0.998953044 257.633361816
0.998850882 0.006818087 0.047439877 1.378215075 -0.006390902 0.999937654 -0.009150615 -3.941258430 -0.047499310 0.008836917 0.998832107 258.469787598
0.998724520 0.003657071 0.050360799 1.423932314 -0.003370106 0.999977589 -0.005781931 -3.961485386 -0.050380822 0.005604836 0.998714328 259.305999756
0.998576581 0.000567007 0.053335510 1.466325045 -0.000338211 0.999990642 -0.004298691 -3.978635550 -0.053337455 0.004274534 0.998567343 260.144500732
0.998395324 0.001712331 0.056602586 1.509446502 -0.001492849 0.999991238 -0.003919656 -3.994186640 -0.056608800 0.003828867 0.998389065 260.990600586
0.998244643 0.003955915 0.059093308 1.555102229 -0.003604222 0.999975204 -0.006056900 -4.009234428 -0.059115801 0.005833283 0.998234034 261.832794189
0.998082519 0.005051301 0.061690714 1.598293543 -0.004548767 0.999955356 -0.008283759 -4.029278755 -0.061729804 0.007987257 0.998060882 262.668670654
0.997928858 0.004949318 0.064136930 1.648061752 -0.004419710 0.999955118 -0.008396698 -4.048902512 -0.064175621 0.008095842 0.997905791 263.509368896
0.997728407 0.005863632 0.067109205 1.695664644 -0.005463428 0.999966204 -0.006145449 -4.070878506 -0.067142978 0.005764844 0.997726738 264.349670410
0.997481644 0.007603650 0.070516050 1.746340275 -0.007275180 0.999961436 -0.004913750 -4.085370064 -0.070550703 0.004388359 0.997498512 265.194580078
0.997286499 0.007777854 0.073204421 1.810538411 -0.007434408 0.999960005 -0.004962905 -4.104208946 -0.073240086 0.004405207 0.997304559 266.067749023
0.997112691 0.008066716 0.075505331 1.873866677 -0.007669257 0.999955058 -0.005552467 -4.120748520 -0.075546734 0.004957367 0.997129917 266.911346436
0.996935189 0.006011682 0.078000084 1.940405846 -0.005561568 0.999966562 -0.005986633 -4.135787010 -0.078033470 0.005534482 0.996935368 267.753082275
0.996800125 0.003105918 0.079874717 2.012562752 -0.002690431 0.999982238 -0.005308834 -4.157232285 -0.079889797 0.005076949 0.996790826 268.617126465
0.996754408 0.002623307 0.080460064 2.086806536 -0.002212964 0.999984026 -0.005188718 -4.176037312 -0.080472395 0.004993822 0.996744394 269.467956543
0.996724784 0.001816176 0.080849342 2.149010420 -0.001420776 0.999986649 -0.004947840 -4.198499203 -0.080857262 0.004816765 0.996714115 270.309082031
0.996680975 0.001784465 0.081388548 2.221451998 -0.001351299 0.999984562 -0.005376965 -4.211817741 -0.081396900 0.005249138 0.996667922 271.187194824
0.996683717 0.002066053 0.081347987 2.284078836 -0.001668135 0.999986291 -0.004959208 -4.226997852 -0.081357121 0.004807062 0.996673405 272.048400879
0.996752799 0.002642373 0.080479048 2.351493120 -0.002276406 0.999986589 -0.004638780 -4.243679047 -0.080490224 0.004440514 0.996745527 272.901428223
0.996863663 0.002336977 0.079103008 2.425050735 -0.001930122 0.999984443 -0.005219425 -4.267015934 -0.079113960 0.005050376 0.996852815 273.767578125
0.996980846 0.002366894 0.077611536 2.486546993 -0.001892478 0.999979138 -0.006185677 -4.286122799 -0.077624552 0.006020124 0.996964514 274.619079590
0.997111976 0.002964894 0.075887129 2.554834127 -0.002468239 0.999974966 -0.006637607 -4.310282230 -0.075904906 0.006431130 0.997094274 275.491394043
0.997210026 0.003976289 0.074541330 2.609946966 -0.003445900 0.999967873 -0.007242626 -4.326372147 -0.074567728 0.006965557 0.997191668 276.344024658
0.997351527 0.005191522 0.072546206 2.670055628 -0.004694978 0.999964416 -0.007013358 -4.354294300 -0.072580032 0.006654181 0.997340381 277.196685791
0.997502983 0.005811762 0.070386149 2.724345922 -0.005358815 0.999963820 -0.006622296 -4.370582581 -0.070422076 0.006228573 0.997497857 278.041198730
0.997703791 0.005700987 0.067487262 2.777847290 -0.005364533 0.999972284 -0.005165607 -4.390071392 -0.067514829 0.004791708 0.997706771 278.906463623
0.997969925 0.004241469 0.063545607 2.823473215 -0.004079307 0.999988139 -0.002681420 -4.410048485 -0.063556224 0.002416754 0.997975409 279.744628906
0.998302639 0.002319633 0.058194168 2.874231100 -0.002288983 0.999997139 -0.000593332 -4.433063507 -0.058195382 0.000459119 0.998305082 280.595031738
0.998564899 0.001746228 0.053528816 2.919058561 -0.001784221 0.999998212 0.000661993 -4.449499607 -0.053527568 -0.000756550 0.998566091 281.441070557
0.998795033 0.002247907 0.049026292 2.948117971 -0.002298858 0.999996901 0.000982904 -4.459158897 -0.049023934 -0.001094424 0.998796999 282.261047363
0.999027789 0.001084040 0.044071160 2.989650488 -0.001168175 0.999997556 0.001883378 -4.477453709 -0.044069018 -0.001933030 0.999026597 283.079467773
0.999223232 0.000231540 0.039405260 3.015558481 -0.000302298 0.999998391 0.001789694 -4.489089966 -0.039404783 -0.001800216 0.999221742 283.880584717
0.999371827 0.000116181 0.035436794 3.039106607 -0.000175181 0.999998629 0.001661854 -4.505313873 -0.035436548 -0.001667018 0.999370515 284.667877197
0.999501586 0.000422172 0.031566210 3.059855700 -0.000467875 0.999998868 0.001440502 -4.519598961 -0.031565562 -0.001454553 0.999500632 285.439147949
0.999616027 0.000562681 0.027700871 3.075245380 -0.000602131 0.999998808 0.001415869 -4.535389900 -0.027700040 -0.001432006 0.999615252 286.187042236
