1.000000000 0.000000000 0.000000000 0.000000000 0.000000000 1.000000000 0.000000000 0.000000000 0.000000000 0.000000000 1.000000000 0.000000000
0.999997318 0.001029338 0.002085672 -0.009833712 -0.001027113 0.999998927 -0.001067539 -0.016891507 -0.002086768 0.001065394 0.999997258 1.206220031
0.999985874 0.001386740 0.005127198 -0.039579269 -0.001380900 0.999998331 -0.001142367 -0.030993585 -0.005128774 0.001135271 0.999986172 2.409339428
0.999979615 0.001041486 0.006289303 -0.037079938 -0.001035892 0.999999046 -0.000892564 -0.049702730 -0.006290226 0.000886030 0.999979794 3.607953548
0.999972522 0.000962933 0.007343540 -0.034049228 -0.000955289 0.999998927 -0.001044292 -0.070207916 -0.007344537 0.001037247 0.999972522 4.808096886
0.999968052 0.000579730 0.007977140 -0.025123913 -0.000572988 0.999999464 -0.000847385 -0.092111565 -0.007977628 0.000842787 0.999967813 6.008340836
0.999963403 0.000779088 0.008526941 -0.016409952 -0.000763211 0.999997973 -0.001865126 -0.114265651 -0.008528377 0.001858550 0.999961913 7.208411694
0.999952197 0.000713862 0.009756301 -0.018557206 -0.000694680 0.999997795 -0.001969344 -0.140862539 -0.009757685 0.001962472 0.999950469 8.382948875
0.999951065 0.000370648 0.009880318 -0.010259643 -0.000366535 0.999999821 -0.000418176 -0.164423138 -0.009880471 0.000414534 0.999951124 9.576979637
0.999963582 -0.000373420 0.008529647 -0.005775288 0.000366398 0.999999583 0.000824776 -0.190624043 -0.008529953 -0.000821621 0.999963343 10.768605232
0.999979436 -0.001696417 0.006187270 -0.003226504 0.001695364 0.999998689 0.000175370 -0.210244253 -0.006187559 -0.000164876 0.999980867 11.971316338
0.999990046 -0.001427385 0.004234443 -0.006282214 0.001428926 0.999998987 -0.000360759 -0.228185400 -0.004233925 0.000366807 0.999991000 13.165200233
0.999994755 -0.001367792 0.002942916 -0.007676736 0.001369104 0.999998987 -0.000443782 -0.251787454 -0.002942306 0.000447809 0.999995649 14.362872124
0.999997914 0.000096635 0.002031295 -0.004985444 -0.000095234 0.999999762 -0.000690054 -0.270908535 -0.002031361 0.000689859 0.999997675 15.562132835
0.999998629 -0.000138037 0.001582415 -0.010376042 0.000139089 0.999999702 -0.000664594 -0.291345239 -0.001582323 0.000664814 0.999998510 16.763061523
0.999999225 -0.001032267 0.000615243 -0.010205326 0.001032444 0.999999464 -0.000287595 -0.311410248 -0.000614945 0.000288230 0.999999762 17.950387955
0.999999344 -0.001055557 0.000429293 -0.012676770 0.001055468 0.999999404 0.000207785 -0.336322069 -0.000429512 -0.000207332 0.999999881 19.145151138
0.999999344 -0.000819676 -0.000699923 -0.015899025 0.000819256 0.999999464 -0.000599719 -0.359868735 0.000700414 0.000599145 0.999999523 20.340959549
0.999998987 -0.001396400 -0.000521746 -0.033050809 0.001395557 0.999997675 -0.001611729 -0.383316815 0.000523995 0.001610999 0.999998569 21.557838440
0.999999166 -0.000101767 -0.001275349 -0.039867587 0.000100339 0.999999344 -0.001119501 -0.402693242 0.001275462 0.001119372 0.999998629 22.755075455
0.999998033 -0.000667462 -0.001929575 -0.052825328 0.000665070 0.999998987 -0.001239993 -0.427460313 0.001930400 0.001238708 0.999997377 23.945360184
0.999995530 -0.000631375 -0.002907735 -0.062483557 0.000625721 0.999997795 -0.001945023 -0.448432207 0.002908957 0.001943195 0.999993920 25.138849258
0.999992132 -0.000446969 -0.003931804 -0.070769832 0.000443854 0.999999583 -0.000793157 -0.481976122 0.003932157 0.000791405 0.999991953 26.337606430
0.999987185 -0.002076437 -0.004601194 -0.082099631 0.002080920 0.999997377 0.000969604 -0.502682507 0.004599169 -0.000979166 0.999988973 27.538461685
0.999982774 -0.002014164 -0.005493788 -0.093195714 0.002018098 0.999997675 0.000710686 -0.522639215 0.005492344 -0.000721761 0.999984682 28.739963531
0.999976456 -0.002712158 -0.006301814 -0.102833658 0.002713013 0.999996305 0.000127305 -0.546075821 0.006301443 -0.000144399 0.999980092 29.930540085
0.999967277 -0.003273612 -0.007394823 -0.111759402 0.003267344 0.999994278 -0.000859573 -0.567682922 0.007397593 0.000835384 0.999972224 31.126823425
0.999965847 -0.002389275 -0.007905575 -0.131781995 0.002384589 0.999996960 -0.000602087 -0.591598749 0.007906990 0.000583214 0.999968529 32.331123352
0.999958754 -0.002906855 -0.008594654 -0.143675506 0.002905751 0.999995768 -0.000140849 -0.612425983 0.008595025 0.000115869 0.999963045 33.529800415
0.999952018 -0.003334375 -0.009203984 -0.159615159 0.003335144 0.999994397 0.000068207 -0.635083318 0.009203706 -0.000098900 0.999957681 34.716442108
0.999945402 -0.004067844 -0.009624077 -0.180033803 0.004069291 0.999991715 0.000130749 -0.657125831 0.009623465 -0.000169905 0.999953687 35.934223175
0.999941647 -0.003870802 -0.010090677 -0.198762596 0.003870287 0.999992549 -0.000070625 -0.675582767 0.010090875 0.000031567 0.999949157 37.139705658
0.999937356 -0.004857449 -0.010075972 -0.218681231 0.004865507 0.999987841 0.000775394 -0.703861475 0.010072083 -0.000824370 0.999948919 38.320522308
0.999939501 -0.004585830 -0.009991348 -0.230499312 0.004605577 0.999987483 0.001954260 -0.718920231 0.009982260 -0.002000158 0.999948144 39.524475098
0.999942780 -0.003719187 -0.010024109 -0.249047056 0.003745674 0.999989450 0.002624796 -0.738521099 0.010014242 -0.002662193 0.999946296 40.730690002
0.999941409 -0.003180277 -0.010338176 -0.262406021 0.003201981 0.999992788 0.002083587 -0.752289295 0.010331474 -0.002116567 0.999944389 41.906051636
0.999942899 -0.002396327 -0.010398026 -0.275598526 0.002414295 0.999995589 0.001715787 -0.765310764 0.010393866 -0.001740793 0.999944448 43.096782684
0.999949753 0.000078621 -0.010018865 -0.294601560 -0.000038952 0.999992073 0.003959630 -0.785690904 0.010019098 -0.003959041 0.999941945 44.314014435
0.999970257 0.000250961 -0.007700864 -0.320018917 -0.000197351 0.999975741 0.006961535 -0.803134203 0.007702422 -0.006959809 0.999946058 45.508884430
0.999981046 0.000670581 -0.006108904 -0.336024195 -0.000612726 0.999954998 0.009467525 -0.811247587 0.006114978 -0.009463605 0.999936461 46.706012726
0.999987364 0.001385880 -0.004818573 -0.338087589 -0.001323447 0.999915421 0.012936018 -0.819719911 0.004836094 -0.012929479 0.999904692 47.907737732
0.999996662 0.000975810 -0.002367997 -0.372810304 -0.000942087 0.999898672 0.014200753 -0.824503303 0.002381614 -0.014198475 0.999896348 49.123050690
0.999998927 -0.001156660 -0.000861819 -0.377745867 0.001167409 0.999920249 0.012577999 -0.827414632 0.000847202 -0.012578989 0.999920487 50.336437225
0.999999702 0.000349848 0.000617628 -0.389279813 -0.000356456 0.999942303 0.010730866 -0.828065991 -0.000613838 -0.010731085 0.999942243 51.529468536
0.999998868 0.000510861 0.001403501 -0.394504517 -0.000525110 0.999948204 0.010171056 -0.833015919 -0.001398232 -0.010171783 0.999947309 52.737808228
0.999999285 0.000203351 0.001201308 -0.396877229 -0.000215062 0.999952376 0.009756319 -0.842364192 -0.001199267 -0.009756572 0.999951661 53.934082031
0.999999106 -0.000853228 0.000979847 -0.407153249 0.000844709 0.999962151 0.008662242 -0.853318572 -0.000987200 -0.008661406 0.999961972 55.148349762
0.999999523 -0.000439092 -0.000881331 -0.411301136 0.000447233 0.999957085 0.009257872 -0.860558212 0.000877228 -0.009258263 0.999956727 56.362728119
0.999998033 -0.000647304 -0.001882155 -0.425346911 0.000666758 0.999946177 0.010354068 -0.871446550 0.001875351 -0.010355303 0.999944568 57.552864075
0.999994755 -0.001357852 -0.002917895 -0.431680143 0.001388773 0.999942601 0.010621150 -0.880100965 0.002903306 -0.010625147 0.999939322 58.759822845
0.999991953 0.000310253 -0.003983119 -0.440583020 -0.000267263 0.999941707 0.010789064 -0.894065082 0.003986234 -0.010787912 0.999933839 59.953502655
0.999989152 0.000648329 -0.004604441 -0.452443749 -0.000600785 0.999946475 0.010319681 -0.898175895 0.004610888 -0.010316800 0.999936104 61.158378601
0.999989748 -0.000350089 -0.004493159 -0.466705024 0.000395225 0.999949396 0.010048417 -0.910515904 0.004489413 -0.010050090 0.999939442 62.359386444
0.999987721 -0.001374099 -0.004742477 -0.477473497 0.001418347 0.999955356 0.009339337 -0.921829700 0.004729434 -0.009345950 0.999945164 63.567554474
0.999985695 -0.001983157 -0.004964441 -0.490911901 0.002035651 0.999941766 0.010591288 -0.935281277 0.004943149 -0.010601242 0.999931574 64.748634338
0.999982774 -0.002426850 -0.005335285 -0.499842167 0.002490289 0.999925852 0.011916010 -0.941591740 0.005305970 -0.011929091 0.999914765 65.945213318
0.999983609 -0.001392157 -0.005542193 -0.516706884 0.001449586 0.999945104 0.010371628 -0.952558398 0.005527448 -0.010379493 0.999930799 67.148063660
0.999986291 0.000494403 -0.005213138 -0.535353005 -0.000446636 0.999957979 0.009159925 -0.961358607 0.005217447 -0.009157472 0.999944389 68.346496582
0.999982178 0.002404331 -0.005463484 -0.547309577 -0.002351800 0.999951184 0.009601060 -0.972587526 0.005486300 -0.009588039 0.999938905 69.542205811
0.999976039 0.004668090 -0.005123646 -0.563814282 -0.004619110 0.999943972 0.009530069 -0.978043675 0.005167846 -0.009506175 0.999941468 70.727592468
0.999968410 0.005921575 -0.005294016 -0.575850010 -0.005868011 0.999932051 0.010076671 -0.989593804 0.005353327 -0.010045288 0.999935210 71.933135986
0.999969482 0.006702370 -0.004029226 -0.590775192 -0.006656399 0.999913871 0.011316270 -1.000694752 0.004104724 -0.011289104 0.999927878 73.129631042
0.999962866 0.008290433 -0.002378939 -0.596117556 -0.008261899 0.999896705 0.011764118 -1.006130815 0.002476224 -0.011744025 0.999927938 74.319908142
0.999972820 0.007373584 0.000257301 -0.600050509 -0.007375740 0.999925435 0.009734436 -1.020200968 -0.000185505 -0.009736067 0.999952614 75.496627808
0.999985278 0.004680923 0.002768069 -0.601408362 -0.004692838 0.999979675 0.004313522 -1.028228045 -0.002747821 -0.004326449 0.999986887 76.671806335
0.999966383 0.006093086 0.005493922 -0.601865947 -0.006115299 0.999973178 0.004035481 -1.043803215 -0.005469186 -0.004068941 0.999976754 77.852485657
0.999956310 0.004849543 0.007990639 -0.594790578 -0.004910185 0.999959230 0.007587129 -1.058649540 -0.007953518 -0.007626033 0.999939263 79.034858704
0.999919951 0.005390257 0.011450848 -0.587012887 -0.005490633 0.999946654 0.008752569 -1.070302010 -0.011403058 -0.008814742 0.999896169 80.210998535
0.999866784 0.005315539 0.015431611 -0.574353099 -0.005425376 0.999960244 0.007084516 -1.082366467 -0.015393337 -0.007167294 0.999855876 81.380081177
0.999805331 0.004269270 0.019262405 -0.560198426 -0.004349474 0.999981999 0.004123762 -1.098664999 -0.019244455 -0.004206740 0.999805927 82.542350769
0.999738991 0.003104616 0.022633424 -0.538044810 -0.003119759 0.999994874 0.000633762 -1.115180135 -0.022631347 -0.000704207 0.999743640 83.701622009
0.999651015 0.002670235 0.026283212 -0.513169765 -0.002664569 0.999996424 -0.000250590 -1.134789228 -0.026283788 0.000180470 0.999654591 84.854797363
0.999557555 0.002218804 0.029661095 -0.479354858 -0.002267307 0.999996185 0.001601714 -1.158583045 -0.029657431 -0.001668256 0.999558747 86.024543762
0.999427080 0.003349209 0.033678092 -0.455842495 -0.003429412 0.999991477 0.002323974 -1.182160378 -0.033670023 -0.002438139 0.999430060 87.186538696
0.999295652 0.003181001 0.037391238 -0.411796093 -0.003181854 0.999994874 -0.000036709 -1.201046228 -0.037391160 -0.000082290 0.999300718 88.336463928
0.999165773 0.003077192 0.040721130 -0.369991541 -0.002990682 0.999993145 -0.002185223 -1.222343326 -0.040727574 0.002061617 0.999168158 89.484169006
0.999038756 0.002938105 0.043736089 -0.319394112 -0.002823039 0.999992430 -0.002692446 -1.243144155 -0.043743666 0.002566389 0.999039471 90.656318665
0.998912394 0.001769339 0.046592608 -0.267880440 -0.001701786 0.999997437 -0.001489489 -1.265004158 -0.046595123 0.001408578 0.998912871 91.811866760
0.998781323 0.001248372 0.049336132 -0.215774536 -0.001252754 0.999999225 0.000057902 -1.285157442 -0.049336016 -0.000119637 0.998782218 92.971794128
0.998641849 0.000341383 0.052098934 -0.160511494 -0.000436802 0.999998271 0.001820123 -1.304538488 -0.052098230 -0.001840408 0.998640239 94.135696411
0.998503506 -0.001157258 0.054674082 -0.103341579 0.001012563 0.999996006 0.002674133 -1.319656253 -0.054676954 -0.002614770 0.998500645 95.291679382
0.998384893 -0.001977476 0.056776732 -0.037858486 0.001958572 0.999997973 0.000388599 -1.337594271 -0.056777384 -0.000276770 0.998386800 96.449821472
0.998255074 -0.003506848 0.058944333 0.032445908 0.003700532 0.999988079 -0.003177051 -1.357513905 -0.058932491 0.003389633 0.998256207 97.611068726
0.998142540 -0.002689634 0.060863338 0.098731518 0.003058129 0.999977529 -0.005962110 -1.379054546 -0.060845938 0.006137164 0.998128235 98.774360657
0.998027444 -0.002705772 0.062721163 0.167545795 0.003137459 0.999972045 -0.006785179 -1.403179407 -0.062701046 0.006968581 0.998008013 99.950546265
0.998023629 -0.002467218 0.062790707 0.243336201 0.002864904 0.999976397 -0.006244274 -1.425242543 -0.062773809 0.006411823 0.998007178 101.132087708
0.998053491 -0.002573942 0.062310830 0.305008411 0.002845153 0.999986768 -0.004264208 -1.456375360 -0.062299028 0.004433192 0.998047709 102.312088013
0.998143435 -0.002861165 0.060839329 0.374539852 0.003038170 0.999991417 -0.002817064 -1.476988792 -0.060830735 0.002996675 0.998143673 103.515800476
0.998251796 -0.002607574 0.059046250 0.434671879 0.002727708 0.999994338 -0.001954062 -1.499025106 -0.059040818 0.002111708 0.998253286 104.702407837
0.998417258 -0.002478560 0.056184903 0.501829624 0.002574306 0.999995351 -0.001631787 -1.516588092 -0.056180596 0.001773841 0.998419046 105.906219482
0.998557687 -0.001894220 0.053655561 0.555971146 0.001989339 0.999996662 -0.001719431 -1.536848545 -0.053652111 0.001823691 0.998558044 107.109298706
0.998755932 -0.000101842 0.049866423 0.605654716 0.000221286 0.999997139 -0.002389779 -1.550662994 -0.049866028 0.002397841 0.998753071 108.314964294
0.998938382 -0.000196958 0.046065789 0.651767731 0.000280669 0.999998331 -0.001810749 -1.574272633 -0.046065349 0.001821756 0.998936772 109.515625000
0.999120355 0.000276727 0.041933142 0.702196836 -0.000252138 0.999999762 -0.000591682 -1.595984221 -0.041933302 0.000580589 0.999120235 110.740249634
0.999298394 0.000632091 0.037448339 0.749203682 -0.000638294 0.999999762 0.000153658 -1.616724730 -0.037448235 -0.000177454 0.999298573 111.954582214
0.999453485 0.000650769 0.033049610 0.783991098 -0.000670859 0.999999523 0.000596802 -1.634011626 -0.033049203 -0.000618647 0.999453545 113.174827576
0.999608815 0.001046535 0.027950000 0.815802336 -0.001068066 0.999999106 0.000755412 -1.653290987 -0.027949190 -0.000784969 0.999608994 114.390838623
0.999730885 0.001783493 0.023130525 0.838903427 -0.001806062 0.999997914 0.000954853 -1.676676750 -0.023128774 -0.000996371 0.999732018 115.634376526
0.999832034 0.002107798 0.018204244 0.851855516 -0.002121715 0.999997497 0.000745181 -1.693453193 -0.018202627 -0.000783679 0.999834001 116.851676941
0.999899983 0.003459235 0.013712496 0.855745912 -0.003455883 0.999993980 -0.000268108 -1.709841132 -0.013713342 0.000220693 0.999905944 118.093215942
0.999933600 0.005289586 0.010244783 0.862408757 -0.005287378 0.999985993 -0.000242596 -1.729195118 -0.010245923 0.000188412 0.999947488 119.329582214
0.999946415 0.006965532 0.007668682 0.870290041 -0.006966436 0.999975681 0.000091162 -1.752065301 -0.007667862 -0.000144581 0.999970555 120.549797058
0.999938369 0.008543847 0.007086963 0.865984976 -0.008540107 0.999963284 -0.000558100 -1.770161390 -0.007091471 0.000497542 0.999974728 121.813880920
0.999926388 0.010592395 0.005918927 0.866764724 -0.010591246 0.999943852 -0.000225906 -1.789292574 -0.005920988 0.000163200 0.999982476 123.062362671
0.999916017 0.011926571 0.005064981 0.858744025 -0.011929205 0.999928713 0.000490004 -1.806613207 -0.005058776 -0.000550384 0.999987066 124.302497864
0.999922991 0.011602931 0.004383928 0.858490229 -0.011606713 0.999932289 0.000838456 -1.824445248 -0.004373903 -0.000889275 0.999990046 125.546318054
0.999873102 0.015491216 0.003701356 0.846925676 -0.015502566 0.999875128 0.003057600 -1.847503424 -0.003653528 -0.003114593 0.999988437 126.799034119
0.999860168 0.016446777 0.003031960 0.841782689 -0.016466158 0.999843359 0.006481420 -1.863940716 -0.002924887 -0.006530439 0.999974370 128.050537109
0.999884486 0.015031297 0.002245198 0.843390942 -0.015044490 0.999868929 0.005979539 -1.878704071 -0.002155022 -0.006012626 0.999979615 129.310867310
0.999889553 0.014710085 0.002082543 0.830889344 -0.014718841 0.999882638 0.004253547 -1.888580441 -0.002019730 -0.004283731 0.999988794 130.567291260
0.999926567 0.012067118 0.001034083 0.833313525 -0.012072322 0.999913752 0.005183376 -1.899242640 -0.000971445 -0.005195480 0.999986053 131.823883057
0.999953806 0.009599873 -0.000156027 0.833248973 -0.009598526 0.999928832 0.007086559 -1.913920879 0.000224045 -0.007084736 0.999974847 133.088180542
0.999977827 0.006655838 0.000184736 0.822518408 -0.006657264 0.999934912 0.009269155 -1.930916667 -0.000123029 -0.009270179 0.999957025 134.353561401
0.999989569 0.004518851 -0.000744759 0.825059474 -0.004510785 0.999934793 0.010497210 -1.941470742 0.000792146 -0.010493742 0.999944568 135.620437622
1.000000000 0.000421321 -0.000279524 0.824904621 -0.000418936 0.999963999 0.008478824 -1.948185444 0.000283086 -0.008478705 0.999963939 136.894058228
0.999997795 -0.002119097 -0.000143336 0.821271896 0.002120130 0.999968708 0.007632008 -1.959072471 0.000127158 -0.007632296 0.999970794 138.168426514
0.999994576 -0.003285650 -0.000212285 0.820397317 0.003287118 0.999967813 0.007326849 -1.970745325 0.000188203 -0.007327508 0.999973059 139.428848267
0.999994695 -0.003178466 0.000573274 0.812634349 0.003174038 0.999966264 0.007565876 -1.978157759 -0.000597303 -0.007564016 0.999971151 140.733581543
0.999994636 -0.003169943 0.000781594 0.811156034 0.003162367 0.999949753 0.009512120 -1.988471508 -0.000811707 -0.009509597 0.999954462 142.006607056
0.999998093 -0.000530193 0.001888519 0.800160408 0.000508884 0.999936402 0.011266638 -2.002301931 -0.001894373 -0.011265657 0.999934733 143.294219971
0.999997735 -0.000630394 0.002059020 0.802321255 0.000610634 0.999953806 0.009583693 -2.010861874 -0.002064967 -0.009582415 0.999951959 144.571014404
0.999996722 -0.000413269 0.002506969 0.796717107 0.000393179 0.999967813 0.008008646 -2.028421164 -0.002510199 -0.008007635 0.999964774 145.843185425
0.999993920 -0.000128467 0.003490466 0.797658563 0.000110012 0.999985933 0.005286873 -2.036308527 -0.003491096 -0.005286457 0.999979913 147.122497559
0.999991357 -0.001581192 0.003841783 0.797464967 0.001577443 0.999998212 0.000978775 -2.050027847 -0.003843323 -0.000972707 0.999992192 148.402618408
0.999989390 -0.001006153 0.004503028 0.794352710 0.001016262 0.999996960 -0.002243214 -2.075752735 -0.004500757 0.002247765 0.999987364 149.670440674
0.999989867 -0.001642689 0.004175352 0.804894567 0.001656859 0.999992847 -0.003392681 -2.097024679 -0.004169749 0.003399564 0.999985516 150.950683594
0.999990344 -0.001540832 0.004104542 0.801728725 0.001554475 0.999993265 -0.003322710 -2.121383190 -0.004099394 0.003329058 0.999986053 152.218399048
0.999991477 -0.001138988 0.003963646 0.806991756 0.001148030 0.999996722 -0.002279856 -2.153903961 -0.003961036 0.002284387 0.999989569 153.480087280
0.999993265 -0.000987353 0.003541033 0.810403585 0.000991330 0.999998808 -0.001121581 -2.179749727 -0.003539922 0.001125084 0.999993086 154.739288330
0.999993145 0.000038034 0.003708780 0.798613667 -0.000035463 0.999999762 -0.000693256 -2.202367544 -0.003708805 0.000693120 0.999992907 156.008407593
0.999994516 0.000675673 0.003257797 0.794550955 -0.000672969 0.999999464 -0.000830973 -2.226206779 -0.003258357 0.000828776 0.999994278 157.274917603
0.999996960 0.000442184 0.002420145 0.794993997 -0.000439979 0.999999464 -0.000911445 -2.246872425 -0.002420549 0.000910378 0.999996603 158.541122437
0.999998093 -0.000053932 0.001964145 0.788594723 0.000053551 1.000000000 0.000193797 -2.267043829 -0.001964156 -0.000193691 0.999998033 159.809417725
0.999998987 0.000720301 0.001236245 0.786808372 -0.000721527 0.999999225 0.000991289 -2.298011541 -0.001235529 -0.000992180 0.999998748 161.087722778
0.999999702 0.000686486 0.000312809 0.784766316 -0.000686422 0.999999702 -0.000208595 -2.316698074 -0.000312951 0.000208380 0.999999940 162.357147217
0.999998987 0.001360038 -0.000172032 0.778885424 -0.001360285 0.999997973 -0.001449101 -2.336833954 0.000170061 0.001449333 0.999998927 163.613677979
0.999996662 0.002429886 -0.000923210 0.771876574 -0.002431307 0.999995887 -0.001540332 -2.357993603 0.000919463 0.001542572 0.999998391 164.874588013
0.999996185 0.002325496 -0.001473055 0.760784984 -0.002328919 0.999994576 -0.002326493 -2.383966684 0.001467637 0.002329915 0.999996126 166.151870728
0.999993503 0.002451571 -0.002635169 0.756772876 -0.002461109 0.999990404 -0.003622387 -2.405825138 0.002626263 0.003628849 0.999989927 167.420715332
0.999992609 0.002624004 -0.002789017 0.742230177 -0.002632550 0.999991834 -0.003064913 -2.435422659 0.002780951 0.003072233 0.999991417 168.687545776
0.999988496 0.002741726 -0.003931680 0.736236513 -0.002748779 0.999994576 -0.001789551 -2.460000753 0.003926752 0.001800338 0.999990642 169.962646484
0.999986649 0.002716409 -0.004424181 0.727039993 -0.002721271 0.999995708 -0.001093347 -2.488425732 0.004421191 0.001105372 0.999989629 171.228332520
0.999981463 0.003266856 -0.005132088 0.712555707 -0.003270801 0.999994338 -0.000760336 -2.510505676 0.005129573 0.000777108 0.999986589 172.499221802
0.999977291 0.003584003 -0.005718992 0.694353580 -0.003586714 0.999993503 -0.000463846 -2.535312176 0.005717293 0.000484348 0.999983490 173.793395996
0.999972582 0.003975227 -0.006250977 0.683853865 -0.003983611 0.999991179 -0.001329332 -2.557731867 0.006245640 0.001354197 0.999979556 175.036758423
0.999966621 0.004826842 -0.006593617 0.663452268 -0.004842313 0.999985576 -0.002332566 -2.574841022 0.006582263 0.002364417 0.999975562 176.306015015
0.999962509 0.005024626 -0.007059182 0.640625119 -0.005040697 0.999984682 -0.002260680 -2.591818810 0.007047713 0.002296178 0.999972463 177.567214966
0.999961257 0.004985793 -0.007247381 0.625673413 -0.005007674 0.999982953 -0.003004158 -2.621908903 0.007232279 0.003040334 0.999969184 178.817489624
0.999965310 0.004031668 -0.007283422 0.608060241 -0.004066417 0.999980390 -0.004762480 -2.644679070 0.007264079 0.004791933 0.999962091 180.080612183
0.999972641 0.000509673 -0.007370636 0.591760278 -0.000543038 0.999989629 -0.004525592 -2.673970222 0.007368253 0.004529470 0.999962509 181.346740723
0.999967396 0.001138592 -0.007986430 0.585308552 -0.001144550 0.999999046 -0.000741540 -2.694883585 0.007985577 0.000750656 0.999967813 182.616409302
0.999966741 0.000420909 -0.008131489 0.570000052 -0.000389658 0.999992490 0.003844408 -2.720298767 0.008133046 -0.003841111 0.999959588 183.883880615
0.999966860 0.001080455 -0.008060344 0.553910017 -0.001057525 0.999995410 0.002848547 -2.733804703 0.008063384 -0.002839929 0.999963403 185.140579224
0.999966741 0.002866512 -0.007619433 0.530898690 -0.002869691 0.999995828 -0.000406309 -2.751570225 0.007618239 0.000428161 0.999970853 186.387954712
0.999962091 0.002938024 -0.008198687 0.514324665 -0.002955645 0.999993384 -0.002137961 -2.776984930 0.008192352 0.002162113 0.999963999 187.635223389
0.999959052 0.003178465 -0.008472457 0.498860955 -0.003194648 0.999993145 -0.001897222 -2.800778389 0.008466365 0.001924210 0.999962211 188.886856079
0.999963284 0.002611017 -0.008158957 0.479954958 -0.002616007 0.999996424 -0.000601018 -2.827445984 0.008157359 0.000622340 0.999966502 190.141464233
0.999962807 0.002786845 -0.008151759 0.464318633 -0.002771783 0.999994457 0.001858460 -2.853758335 0.008156895 -0.001835797 0.999965012 191.389389038
0.999972463 0.002169738 -0.007086643 0.445429325 -0.002153256 0.999994993 0.002332593 -2.872399330 0.007091670 -0.002317270 0.999972165 192.639450073
0.999981642 0.002081527 -0.005681063 0.430648565 -0.002072414 0.999996603 0.001609434 -2.892077923 0.005684395 -0.001597631 0.999982536 193.882141113
0.999990880 0.001271889 -0.004082361 0.417762399 -0.001271098 0.999999285 0.000196146 -2.915102005 0.004082606 -0.000190955 0.999991655 195.108413696
0.999995053 0.000738226 -0.003061360 0.408574402 -0.000741783 0.999999046 -0.001160916 -2.939007759 0.003060500 0.001163181 0.999994636 196.337722778
0.999998808 0.000503245 -0.001471553 0.399234146 -0.000505935 0.999998152 -0.001827665 -2.964608192 0.001470631 0.001828408 0.999997258 197.555145264
0.999999821 0.000629963 0.000096815 0.392379612 -0.000629861 0.999999225 -0.001043847 -2.990200758 -0.000097471 0.001043786 0.999999523 198.769012451
0.999999225 0.000239220 0.001247807 0.391445041 -0.000240048 0.999999881 0.000663995 -3.010574818 -0.001247648 -0.000664293 0.999998987 200.002288818
0.999997377 0.001083796 0.002066778 0.388724327 -0.001086156 0.999998868 0.001140936 -3.035451174 -0.002065539 -0.001143178 0.999997258 201.215332031
0.999993145 0.000954291 0.003616037 0.382112294 -0.000957840 0.999999046 0.000979884 -3.054553747 -0.003615099 -0.000983341 0.999992907 202.423553467
0.999990880 0.000697520 0.004226397 0.385742038 -0.000700081 0.999999583 0.000604491 -3.067725658 -0.004225974 -0.000607445 0.999990821 203.633117676
0.999982238 0.001176589 0.005840443 0.378533483 -0.001183470 0.999998629 0.001174871 -3.096949100 -0.005839053 -0.001181762 0.999982238 204.822616577
0.999976099 0.001481347 0.006760545 0.379735112 -0.001486910 0.999998629 0.000817961 -3.115462542 -0.006759324 -0.000827993 0.999976873 206.022125244
0.999968171 0.001075821 0.007914214 0.371773124 -0.001086707 0.999998510 0.001371314 -3.145219326 -0.007912728 -0.001379870 0.999967694 207.189285278
0.999966681 0.000070937 0.008163512 0.384155631 -0.000079881 0.999999523 0.001095405 -3.159869671 -0.008163430 -0.001096020 0.999966025 208.349563599
0.999963462 0.000028347 0.008544112 0.384244323 -0.000045585 0.999997973 0.002017399 -3.185109138 -0.008544037 -0.002017715 0.999961436 209.503875732
0.999966264 -0.000337603 0.008210180 0.389961481 0.000312977 0.999995410 0.003000561 -3.204458475 -0.008211157 -0.002997892 0.999961734 210.628646851
0.999967575 -0.000207704 0.008053657 0.387145877 0.000184863 0.999995947 0.002836681 -3.225234509 -0.008054214 -0.002835101 0.999963522 211.744186401
0.999973238 0.000575341 0.007295428 0.393055916 -0.000589844 0.999997973 0.001985996 -3.248897791 -0.007294270 -0.001990246 0.999971449 212.852386475
0.999977291 0.000932478 0.006669746 0.396229863 -0.000939554 0.999998987 0.001057879 -3.266573429 -0.006668753 -0.001064121 0.999977291 213.939605713
0.999980032 0.000579731 0.006297742 0.394726336 -0.000585973 0.999999464 0.000989406 -3.288549185 -0.006297165 -0.000993076 0.999979615 215.010971069
0.999987245 0.000140034 0.005058650 0.394117892 -0.000145166 0.999999464 0.001014267 -3.308760881 -0.005058506 -0.001014988 0.999986708 216.074234009
0.999993980 -0.000431158 0.003444677 0.395736128 0.000424692 0.999998152 0.001877625 -3.331490993 -0.003445480 -0.001876151 0.999992311 217.115707397
0.999998152 -0.001312072 0.001442582 0.389281332 0.001307306 0.999993742 0.003299465 -3.350122929 -0.001446902 -0.003297572 0.999993503 218.156082153
0.999999344 -0.001080424 -0.000502569 0.381637812 0.001082962 0.999986470 0.005078220 -3.369232178 0.000497075 -0.005078760 0.999986947 219.189880371
0.999995470 -0.000901451 -0.002872750 0.375460804 0.000916697 0.999985456 0.005310426 -3.388827801 0.002867923 -0.005313035 0.999981761 220.186950684
0.999983907 -0.000935851 -0.005600048 0.365538955 0.000961639 0.999988973 0.004603979 -3.400873423 0.005595678 -0.004609290 0.999973655 221.180145264
0.999963284 -0.000509156 -0.008552391 0.352670074 0.000550270 0.999988317 0.004805492 -3.419584513 0.008549844 -0.004810022 0.999951899 222.164367676
0.999931872 -0.000002623 -0.011669555 0.341104031 0.000066488 0.999984980 0.005472368 -3.438338280 0.011669366 -0.005472771 0.999916911 223.106323242
0.999896407 0.000375141 -0.014388261 0.319018602 -0.000299105 0.999985933 0.005286397 -3.456618309 0.014390044 -0.005281545 0.999882460 224.030792236
0.999851406 0.000561043 -0.017226454 0.294947147 -0.000483562 0.999989748 0.004501599 -3.469026089 0.017228801 -0.004492600 0.999841392 224.942184448
0.999788582 0.000371757 -0.020556327 0.272070408 -0.000294064 0.999992847 0.003782391 -3.484389067 0.020557582 -0.003775547 0.999781489 225.823028564
0.999726832 0.001180481 -0.023342855 0.241594315 -0.001092599 0.999992371 0.003777238 -3.506722450 0.023347134 -0.003750703 0.999720395 226.678878784
0.999656916 0.001512222 -0.026146272 0.210153580 -0.001430771 0.999994040 0.003133635 -3.522578001 0.026150854 -0.003095151 0.999653220 227.508514404
0.999585271 0.002983583 -0.028645014 0.179066181 -0.002898199 0.999991298 0.003021812 -3.539319277 0.028653773 -0.002937539 0.999585092 228.329971313
0.999553919 0.003617203 -0.029647971 0.154783249 -0.003511487 0.999987304 0.003617026 -3.553836823 0.029660678 -0.003511303 0.999553800 229.131576538
0.999564946 0.004217106 -0.029189210 0.124653339 -0.004087094 0.999981463 0.004512335 -3.569859505 0.029207699 -0.004391073 0.999563634 229.906356812
0.999572933 0.004000955 -0.028946893 0.101334572 -0.003850426 0.999978781 0.005254074 -3.585299253 0.028967302 -0.005140373 0.999567091 230.665145874
0.999583364 0.003655685 -0.028630113 0.076799870 -0.003518040 0.999981999 0.004856593 -3.599762440 0.028647356 -0.004753848 0.999578238 231.410415649
0.999596655 0.004809504 -0.027987773 0.050255299 -0.004730905 0.999984682 0.002873862 -3.610081196 0.028001172 -0.002740296 0.999604046 232.147338867
0.999620438 0.004543150 -0.027172372 0.029839993 -0.004525269 0.999989510 0.000719526 -3.622992754 0.027175354 -0.000596291 0.999630451 232.878112793
0.999651432 0.004694883 -0.025981870 0.007794857 -0.004710496 0.999988735 -0.000539735 -3.639653921 0.025979044 0.000661934 0.999662220 233.603652954
0.999683857 0.005326002 -0.024574567 -0.013825893 -0.005349839 0.999985397 -0.000904335 -3.653043032 0.024569388 0.001035519 0.999697626 234.333007812
0.999733448 0.004866006 -0.022572227 -0.034251690 -0.004892931 0.999987483 -0.001137749 -3.665841103 0.022566404 0.001247890 0.999744534 235.052261353
0.999771714 0.004651510 -0.020857353 -0.051332474 -0.004671332 0.999988675 -0.000901740 -3.684769154 0.020852922 0.000998965 0.999782145 235.761077881
0.999807954 0.004937549 -0.018966429 -0.067824364 -0.004961459 0.999986947 -0.001213810 -3.698749542 0.018960191 0.001307678 0.999819398 236.477554321
0.999839365 0.004549464 -0.017340977 -0.074791908 -0.004576481 0.999988377 -0.001518643 -3.713186741 0.017333871 0.001597759 0.999848485 237.184997559
0.999890089 0.004711771 -0.014058269 -0.093974590 -0.004725588 0.999988377 -0.000949780 -3.727361679 0.014053635 0.001016109 0.999900699 237.897567749
0.999935389 0.003556997 -0.010794709 -0.102006912 -0.003558025 0.999993682 -0.000076024 -3.744748592 0.010794373 0.000114427 0.999941826 238.599441528
0.999965906 0.002759385 -0.007793562 -0.108191490 -0.002760986 0.999996185 -0.000194539 -3.753298759 0.007792994 0.000216051 0.999969542 239.288208008
0.999984384 0.002240788 -0.005115804 -0.108815193 -0.002241018 0.999997556 -0.000039091 -3.768444061 0.005115704 0.000050555 0.999986887 239.986312866
0.999996126 0.002063351 -0.001854416 -0.115192562 -0.002063830 0.999997854 -0.000255988 -3.782737970 0.001853885 0.000259815 0.999998212 240.671325684
0.999997258 0.001970602 0.001292564 -0.116500139 -0.001969658 0.999997795 -0.000730571 -3.796365976 -0.001294000 0.000728023 0.999998927 241.370223999
0.999988675 0.002780397 0.003871860 -0.111880302 -0.002773558 0.999994516 -0.001770609 -3.807425261 -0.003876762 0.001759850 0.999990940 242.060958862
0.999969065 0.003326199 0.007143734 -0.111145973 -0.003309249 0.999991655 -0.002383215 -3.818382502 -0.007151601 0.002359501 0.999971688 242.751144409
0.999943793 0.003416077 0.010039045 -0.105743885 -0.003405527 0.999993622 -0.001067809 -3.836833477 -0.010042628 0.001033561 0.999949038 243.446868896
0.999917865 0.003700175 0.012266809 -0.098340273 -0.003694685 0.999993026 -0.000470112 -3.849061251 -0.012268463 0.000424751 0.999924600 244.151748657
0.999890268 0.003666694 0.014356764 -0.088555098 -0.003652248 0.999992788 -0.001032275 -3.860100269 -0.014360445 0.000979727 0.999896407 244.855957031
0.999848306 0.003590045 0.017037975 -0.082323551 -0.003547776 0.999990582 -0.002510444 -3.871913910 -0.017046824 0.002449617 0.999851644 245.563629150
0.999812901 0.003875267 0.018949699 -0.073328018 -0.003782342 0.999980688 -0.004937151 -3.883806229 -0.018968465 0.004864553 0.999808192 246.271301270
0.999806523 0.001950826 0.019573854 -0.055432320 -0.001825141 0.999977589 -0.006436886 -3.899066210 -0.019585971 0.006399915 0.999787688 246.989044189
0.999804199 0.001692507 0.019716104 -0.044002533 -0.001561840 0.999976754 -0.006640925 -3.914777517 -0.019726884 0.006608832 0.999783516 247.706848145
0.999803126 0.001509805 0.019784156 -0.029698372 -0.001363005 0.999971390 -0.007431436 -3.930282831 -0.019794811 0.007403007 0.999776661 248.435897827
0.999797344 0.002786767 0.019937906 -0.018072605 -0.002631302 0.999965906 -0.007819446 -3.944961548 -0.019959019 0.007765398 0.999770582 249.171478271
0.999789476 0.003303080 0.020251004 -0.006532669 -0.003138239 0.999961853 -0.008166282 -3.961057901 -0.020277202 0.008101011 0.999761581 249.910614014
0.999788523 0.002280127 0.020437364 0.008691311 -0.002073432 0.999946535 -0.010129075 -3.977411270 -0.020459367 0.010084556 0.999739826 250.659149170
0.999779522 -0.001488061 0.020940527 0.024168015 0.001743293 0.999924362 -0.012175491 -3.997102022 -0.020920824 0.012209314 0.999706507 251.404922485
0.999758363 -0.004834865 0.021441631 0.043580055 0.005115128 0.999901950 -0.013035479 -4.012422085 -0.021376505 0.013142006 0.999685109 252.170379639
0.999754906 -0.002284157 0.022017082 0.058172703 0.002489035 0.999953806 -0.009282546 -4.025561810 -0.021994865 0.009335073 0.999714494 252.949371338
0.999740362 0.001559536 0.022730792 0.061334610 -0.001487723 0.999993861 -0.003175820 -4.041057110 -0.022735605 0.003141179 0.999736488 253.730331421
0.999723911 0.000764345 0.023483265 0.077762127 -0.000773293 0.999999642 0.000371945 -4.059020042 -0.023482973 -0.000390002 0.999724090 254.517364502
0.999669254 -0.000406016 0.025716839 0.101233482 0.000454381 0.999998152 -0.001874867 -4.070585251 -0.025716031 0.001885932 0.999667406 255.316848755
0.999557078 0.000489829 0.029755924 0.121430397 -0.000248280 0.999966979 -0.008120842 -4.080277443 -0.029758919 0.008109858 0.999524236 256.115234375
0.999418736 0.002850376 0.033970300 0.134931564 -0.002454219 0.999928534 -0.011697877 -4.094388962 -0.034001216 0.011607708 0.999354422 256.921051025
0.999303043 0.004513209 0.037054699 0.161211967 -0.004096641 0.999927700 -0.011310229 -4.113238335 -0.037103064 0.011150546 0.999249220 257.734710693
0.999206305 0.003185061 0.039707001 0.202673912 -0.002820719 0.999953449 -0.009228390 -4.128643513 -0.039734546 0.009109063 0.999168754 258.576416016
0.999100745 -0.000065018 0.042398930 0.245702744 0.000312753 0.999982893 -0.005836355 -4.149295807 -0.042397831 0.005844368 0.999083757 259.412322998
0.998964846 -0.002862269 0.045398314 0.280068398 0.003070310 0.999985099 -0.004513497 -4.165699959 -0.045384724 0.004648212 0.998958707 260.250335693
0.998797894 -0.001643392 0.048988406 0.314898491 0.001841287 0.999990344 -0.003994780 -4.181435585 -0.048981361 0.004080180 0.998791337 261.103546143
0.998683751 0.000446247 0.051286705 0.356516838 -0.000134510 0.999981523 -0.006081601 -4.197357178 -0.051288467 0.006066698 0.998665452 261.943634033
0.998545647 0.000975738 0.053901426 0.390776634 -0.000539102 0.999966979 -0.008114562 -4.221414566 -0.053907558 0.008073702 0.998513281 262.777069092
0.998408020 0.001455753 0.056385282 0.437108994 -0.000989040 0.999965012 -0.008304239 -4.238300800 -0.056395400 0.008235252 0.998374522 263.624542236
0.998239040 0.002427500 0.059270039 0.480634689 -0.002071871 0.999979496 -0.006060867 -4.259727478 -0.059283543 0.005927395 0.998223543 264.467620850
0.998044074 0.004132282 0.062378064 0.527774811 -0.003854865 0.999982119 -0.004567050 -4.277249336 -0.062395819 0.004317658 0.998042107 265.315948486
0.997873664 0.004495105 0.065023005 0.584381104 -0.004175058 0.999978483 -0.005057124 -4.292207718 -0.065044343 0.004774897 0.997870982 266.183837891
0.997704268 0.004737988 0.067555517 0.638746262 -0.004377823 0.999975443 -0.005478456 -4.310523987 -0.067579813 0.005170134 0.997700453 267.028717041
0.997550845 0.002650901 0.069895245 0.701210022 -0.002233971 0.999979258 -0.006042567 -4.325556755 -0.069909826 0.005871625 0.997536063 267.862884521
0.997409582 -0.000672200 0.071929708 0.762243271 0.001038887 0.999986649 -0.005060558 -4.348016262 -0.071925357 0.005122175 0.997396827 268.741302490
0.997355044 -0.001061811 0.072675951 0.827501297 0.001439139 0.999985754 -0.005139747 -4.364743233 -0.072669469 0.005230743 0.997342348 269.591583252
0.997318208 -0.001859218 0.073163994 0.883804321 0.002212506 0.999986291 -0.004747967 -4.388999939 -0.073154166 0.004897110 0.997308612 270.436370850
0.997299552 -0.002288249 0.073405482 0.951908112 0.002668267 0.999983549 -0.005079341 -4.401738167 -0.073392652 0.005261490 0.997289240 271.311737061
0.997302830 -0.002005535 0.073370263 1.007204056 0.002339054 0.999987364 -0.004460062 -4.420251846 -0.073360384 0.004619650 0.997294784 272.174224854
0.997350037 -0.001596032 0.072734706 1.065761566 0.001895498 0.999989986 -0.004048384 -4.436684608 -0.072727524 0.004175525 0.997343063 273.024536133
0.997452319 -0.002011306 0.071307220 1.132627487 0.002364497 0.999985278 -0.004869023 -4.457977772 -0.071296394 0.005025223 0.997442484 273.889587402
0.997573137 -0.001900099 0.069599800 1.189437866 0.002300426 0.999981284 -0.005672139 -4.478295326 -0.069587730 0.005818482 0.997558832 274.742126465
0.997674167 -0.001340316 0.068150423 1.245389938 0.001775406 0.999978542 -0.006324097 -4.498678684 -0.068140484 0.006430383 0.997654974 275.621063232
0.997781157 -0.000277814 0.066578656 1.297472000 0.000729917 0.999976873 -0.006766289 -4.516282082 -0.066575252 0.006799872 0.997758210 276.472320557
0.997894406 0.001185730 0.064851031 1.345911026 -0.000737485 0.999975681 -0.006935421 -4.539546490 -0.064857684 0.006872991 0.997870862 277.327453613
0.998031318 0.001626234 0.062697791 1.394758224 -0.001231850 0.999979198 -0.006328374 -4.557898521 -0.062706776 0.006238682 0.998012483 278.171203613
0.998212039 0.001365286 0.059756074 1.441817284 -0.001080388 0.999988019 -0.004799728 -4.579215527 -0.059761897 0.004726587 0.998201430 279.033660889
0.998455882 0.000099320 0.055549808 1.485116959 0.000035997 0.999997020 -0.002434943 -4.598043442 -0.055549882 0.002433182 0.998452961 279.875183105
0.998725712 -0.001768751 0.050436139 1.525887489 0.001795951 0.999998212 -0.000493998 -4.621273041 -0.050435171 0.000583949 0.998727262 280.723388672
0.998945594 -0.001917060 0.045868274 1.562628746 0.001881718 0.999997914 0.000813700 -4.635281086 -0.045869730 -0.000726531 0.998947263 281.569854736
0.999153316 -0.001750111 0.041103944 1.588524818 0.001700339 0.999997795 0.001245813 -4.647023678 -0.041106034 -0.001174868 0.999154150 282.388336182
0.999331832 -0.002641197 0.036453996 1.618474960 0.002569767 0.999994695 0.002006209 -4.663776875 -0.036459103 -0.001911191 0.999333322 283.207763672
0.999488473 -0.003547231 0.031783279 1.638611317 0.003486965 0.999992013 0.001951349 -4.676080227 -0.031789947 -0.001839524 0.999492884 284.009185791
0.999602735 -0.003748348 0.027931074 1.653356552 0.003701887 0.999991655 0.001714932 -4.690947533 -0.027937267 -0.001610854 0.999608397 284.796752930
0.999708772 -0.003266727 0.023905955 1.670310497 0.003232852 0.999993682 0.001455648 -4.703922749 -0.023910558 -0.001377939 0.999713123 285.569488525
0.999792397 -0.003128959 0.020131698 1.678746223 0.003101191 0.999994159 0.001410374 -4.719048977 -0.020135993 -0.001347649 0.999796331 286.315917969
