1.000000000 0.000000000 0.000000000 0.000000000 0.000000000 1.000000000 0.000000000 0.000000000 0.000000000 0.000000000 1.000000000 0.000000000
0.999978960 0.000411033 -0.006474751 -0.008227189 -0.000408488 0.999999821 0.000394472 -0.001930735 0.006474912 -0.000391819 0.999978960 0.091791593
0.999907374 0.000955206 -0.013577217 -0.016430395 -0.000952836 0.999999523 0.000181045 -0.001959670 0.013577384 -0.000168091 0.999907792 0.188467637
0.999772489 0.001389738 -0.021285601 -0.026079327 -0.001402039 0.999998868 -0.000563011 -0.002151252 0.021284794 0.000592726 0.999773264 0.285383999
0.999541759 0.001703535 -0.030221414 -0.042955492 -0.001764266 0.999996483 -0.001982975 -0.001878876 0.030217929 0.002035385 0.999541283 0.390655696
0.999125302 0.001929115 -0.041771580 -0.058944449 -0.002074255 0.999991953 -0.003431563 -0.004857433 0.041764624 0.003515207 0.999121308 0.501262009
0.998479426 0.001735128 -0.055097878 -0.084340319 -0.001961319 0.999989867 -0.004051442 -0.007879253 0.055090290 0.004153347 0.998472750 0.626043916
0.997428119 0.001854022 -0.071649551 -0.108740166 -0.002177061 0.999987841 -0.004430765 -0.004091554 0.071640462 0.004575355 0.997420013 0.761201501
0.995905936 0.000204633 -0.090395316 -0.134867176 -0.000584254 0.999991119 -0.004173127 -0.009387376 0.090393662 0.004208856 0.995897233 0.916828573
0.993913651 -0.000768058 -0.110159352 -0.176294148 0.000289093 0.999990463 -0.004363834 -0.012771956 0.110161647 0.004305428 0.993904352 1.075237155
0.991228402 -0.001112947 -0.132155076 -0.224488914 0.000493244 0.999988735 -0.004721856 -0.015476272 0.132158846 0.004615253 0.991217792 1.236939907
0.987695217 0.002790747 -0.156365559 -0.270676523 -0.003872572 0.999970615 -0.006614346 -0.011668178 0.156342477 0.007138495 0.987677097 1.395298362
0.983308077 0.006827890 -0.181819946 -0.334884644 -0.008462174 0.999930382 -0.008214226 -0.015472778 0.181751192 0.009615706 0.983297527 1.568656445
0.977935195 0.009952389 -0.208671167 -0.407592088 -0.012162906 0.999882579 -0.009312806 -0.018653652 0.208553970 0.011645368 0.977941573 1.746523619
0.971214533 0.010375990 -0.237980381 -0.487977445 -0.013002382 0.999870658 -0.009469081 -0.021447489 0.237851337 0.012290820 0.971223772 1.936899900
0.963151991 0.012409761 -0.268671334 -0.575014412 -0.015372254 0.999841988 -0.008925469 -0.024795845 0.268518150 0.012726667 0.963190556 2.129085541
0.953656137 0.014195601 -0.300563574 -0.671990216 -0.017423352 0.999815702 -0.008061193 -0.026431002 0.300393730 0.012924429 0.953727722 2.319497347
0.942462444 0.016296685 -0.333914518 -0.761558712 -0.019579200 0.999787331 -0.006467054 -0.034301084 0.333738118 0.012632734 0.942581117 2.487404108
0.929937959 0.018559959 -0.367247939 -0.866124690 -0.022220973 0.999736607 -0.005742859 -0.040168777 0.367044628 0.013501109 0.930105329 2.665987968
0.916030705 0.021340355 -0.400539994 -0.989208043 -0.025576387 0.999659121 -0.005232122 -0.038953770 0.400291800 0.015037148 0.916264355 2.852734089
0.899955928 0.021566857 -0.435447007 -1.107518077 -0.026192587 0.999646187 -0.004622709 -0.037477296 0.435193241 0.015565718 0.900202453 3.030887604
0.881453872 0.016877342 -0.471968502 -1.240789652 -0.021979757 0.999744415 -0.005299316 -0.036186598 0.471758425 0.015044856 0.881599426 3.226169348
0.860271394 0.012010913 -0.509694815 -1.372259617 -0.017370027 0.999832630 -0.005756455 -0.039976411 0.509540319 0.013805526 0.860336065 3.391911268
0.835186064 0.014483989 -0.549776673 -1.521269798 -0.018677654 0.999823451 -0.002033339 -0.051167969 0.549650192 0.011966754 0.835309148 3.559444427
0.805982947 0.020090697 -0.591597557 -1.703059196 -0.023390494 0.999724269 0.002083877 -0.057898264 0.591476262 0.012158189 0.806230724 3.728820086
0.773526609 0.023047063 -0.633344650 -1.901903391 -0.026737919 0.999635518 0.003720207 -0.057914190 0.633199632 0.014056638 0.773860931 3.895921230
0.737329245 0.021986550 -0.675175607 -2.108834982 -0.025802946 0.999657452 0.004374791 -0.059475325 0.675040543 0.014195857 0.737644076 4.061927795
0.697588384 0.018137289 -0.716269076 -2.334944248 -0.019923136 0.999783993 0.005912894 -0.060997766 0.716221631 0.010145559 0.697799265 4.238751411
0.654559731 0.014407328 -0.755872905 -2.571504354 -0.014454123 0.999874115 0.006541351 -0.060072668 0.755872071 0.006643774 0.654685616 4.399343014
0.609682739 0.013905269 -0.792523503 -2.831311703 -0.011783659 0.999894500 0.008478628 -0.058927670 0.792557836 0.004169554 0.609782398 4.548287868
0.561216652 0.014915421 -0.827534497 -3.111286163 -0.009564580 0.999887705 0.011535404 -0.060272422 0.827613711 0.001441160 0.561296284 4.691105843
0.512484908 0.014985073 -0.858565509 -3.403462172 -0.008352731 0.999887407 0.012465838 -0.048520375 0.858655751 0.000782814 0.512552321 4.781496048
0.459995836 0.016469339 -0.887768328 -3.721357346 -0.007860344 0.999864340 0.014476051 -0.042101581 0.887886226 0.000319243 0.460062861 4.888836861
0.405388653 0.018473383 -0.913957715 -4.058307648 -0.006891170 0.999829054 0.017152460 -0.034684300 0.914118469 -0.000655174 0.405446738 4.987952232
0.349906683 0.020567406 -0.936558723 -4.411600590 -0.006532185 0.999788165 0.019515481 -0.031858876 0.936761796 -0.000710821 0.349967003 5.074638844
0.294141948 0.023575593 -0.955470920 -4.750268459 -0.003210826 0.999714375 0.023678817 -0.031602986 0.955756307 -0.003897084 0.294133753 5.143954277
0.240082040 0.025111016 -0.970427752 -5.132772446 0.001437191 0.999655008 0.026222866 -0.026518403 0.970751524 -0.007690330 0.239963144 5.203853607
0.189415663 0.026150715 -0.981548667 -5.504846096 0.003788099 0.999618351 0.027363148 -0.029555701 0.981889665 -0.008901213 0.189244315 5.236099720
0.141937956 0.027207704 -0.989501595 -5.912944317 0.001418198 0.999615550 0.027689237 -0.025182007 0.989874482 -0.005333463 0.141844839 5.254555702
0.099393651 0.027241791 -0.994675159 -6.354591846 -0.001833348 0.999628484 0.027194254 -0.008312901 0.995046496 -0.000879350 0.099406652 5.258498192
0.061821532 0.025683103 -0.997756660 -6.786894798 -0.001063911 0.999669969 0.025666431 -0.002655334 0.998086691 -0.000525213 0.061828461 5.254231453
0.027373478 0.023114910 -0.999357998 -7.244600773 -0.000116755 0.999732614 0.023120379 0.004220696 0.999625385 -0.000516205 0.027368862 5.239282131
-0.003747514 0.020370631 -0.999785483 -7.722224712 -0.000044129 0.999792397 0.020370942 0.009693105 0.999992967 0.000120460 -0.003745834 5.209046364
-0.030241394 0.018440915 -0.999372482 -8.211415291 -0.001028816 0.999828637 0.018480465 0.016539894 0.999542177 0.001587046 -0.030217236 5.170182705
-0.051318996 0.015793070 -0.998557389 -8.721632004 -0.001505717 0.999872565 0.015891254 0.029648082 0.998681128 0.002319068 -0.051288679 5.132605553
-0.067644931 0.014935491 -0.997597575 -9.245554924 -0.001448411 0.999885321 0.015067955 0.041445110 0.997708321 0.002464202 -0.067615539 5.082126617
-0.080743335 0.015247067 -0.996618211 -9.781424522 -0.000029597 0.999882936 0.015299410 0.049243301 0.996734858 0.001264823 -0.080733433 5.030187130
-0.090228274 0.016545543 -0.995783627 -10.336784363 -0.000525739 0.999861002 0.016660929 0.052474476 0.995920956 0.002026809 -0.090207070 4.969251633
-0.097131960 0.017826149 -0.995111823 -10.902105331 -0.002577587 0.999831676 0.018162297 0.053653210 0.995268166 0.004329127 -0.097069673 4.907758713
-0.101402223 0.018872125 -0.994666517 -11.494568825 -0.002522656 0.999811947 0.019226927 0.058873516 0.994842350 0.004458855 -0.101335548 4.836924076
-0.102598302 0.019597284 -0.994529784 -12.112448692 -0.000447433 0.999804914 0.019747391 0.067203052 0.994722784 0.002471034 -0.102569513 4.766269684
-0.101866953 0.021574365 -0.994564056 -12.729454994 0.001513407 0.999766946 0.021532221 0.079752423 0.994796872 0.000688242 -0.101875871 4.709735394
-0.100382984 0.024043610 -0.994658351 -13.367309570 0.001051299 0.999709964 0.024059623 0.085906677 0.994948268 0.001369494 -0.100379162 4.643707752
-0.098610334 0.024184810 -0.994832098 -14.015871048 -0.001409626 0.999700248 0.024442878 0.088662684 0.995125115 0.003812661 -0.098546669 4.573969364
-0.096911319 0.021714540 -0.995056093 -14.673100471 -0.002866632 0.999751687 0.022096198 0.097619131 0.995288849 0.004993832 -0.096825004 4.505543232
-0.095747478 0.021424616 -0.995175064 -15.365556717 -0.003953510 0.999752283 0.021903532 0.108252943 0.995397806 0.006031644 -0.095639072 4.435213566
-0.094051994 0.024147019 -0.995274425 -16.069438934 -0.003410217 0.999692142 0.024576461 0.123464383 0.995561481 0.005705568 -0.093940698 4.367569447
-0.091817372 0.027663000 -0.995391488 -16.785137177 -0.004814868 0.999590039 0.028223811 0.131397963 0.995764256 0.007384115 -0.091646537 4.295867920
-0.090167187 0.029859656 -0.995478928 -17.521575928 -0.005048119 0.999523938 0.030438226 0.138653889 0.995913863 0.007769825 -0.089973524 4.225395679
-0.088513292 0.029187087 -0.995647252 -18.241123199 -0.006905044 0.999528527 0.029914729 0.152053803 0.996051073 0.009522839 -0.088270053 4.159490108
-0.086987466 0.025791647 -0.995875478 -19.000137329 -0.009361934 0.999599516 0.026705837 0.170495883 0.996165454 0.011646393 -0.086711176 4.086477757
-0.085160360 0.025328223 -0.996045232 -19.778932571 -0.010283767 0.999601245 0.026297892 0.186076462 0.996314168 0.012482636 -0.084865943 4.008131027
-0.083824813 0.027204527 -0.996109128 -20.544857025 -0.007829101 0.999578416 0.027958116 0.203797221 0.996449828 0.010142222 -0.083576493 3.949580193
-0.082629718 0.029601872 -0.996140480 -21.332355499 -0.005245417 0.999531925 0.030137761 0.210108846 0.996566534 0.007715446 -0.082435764 3.884554625
-0.081135809 0.031447969 -0.996206760 -22.130821228 -0.004735785 0.999478579 0.031936958 0.224848524 0.996691823 0.007309051 -0.080944583 3.813566923
-0.080468781 0.026750676 -0.996398032 -22.935804367 -0.004688219 0.999618530 0.027215753 0.237256095 0.996746123 0.006861349 -0.080312677 3.743862152
-0.080169514 0.019795051 -0.996584654 -23.741647720 -0.003321796 0.999791980 0.020125974 0.244116753 0.996775746 0.004923939 -0.080087088 3.678489208
-0.080418356 0.015162827 -0.996645808 -24.556308746 -0.000301795 0.999883831 0.015236438 0.254667133 0.996761203 0.001526070 -0.080404438 3.612366676
-0.080781609 0.016222332 -0.996599793 -25.380218506 0.001042451 0.999868333 0.016191037 0.260282665 0.996731281 0.000269032 -0.080787890 3.542433023
-0.080516502 0.024010079 -0.996464014 -26.221630096 0.000582405 0.999710798 0.024041250 0.262447238 0.996753156 0.001355372 -0.080507204 3.462625265
-0.081146866 0.031212745 -0.996213317 -27.062311172 -0.000635187 0.999507666 0.031367704 0.273011059 0.996701896 0.003178173 -0.081087105 3.398113251
-0.081240498 0.036476538 -0.996026814 -27.893150330 -0.002840978 0.999317467 0.036828771 0.283698231 0.996690512 0.005821678 -0.081081420 3.319302320
-0.081930749 0.036700979 -0.995962024 -28.742586136 -0.004679122 0.999296546 0.037208769 0.294932246 0.996627033 0.007708770 -0.081701405 3.241433382
-0.082273357 0.033200417 -0.996056616 -29.578922272 -0.004523151 0.999422133 0.033686206 0.310590625 0.996599555 0.007276791 -0.082075648 3.168555498
-0.082631238 0.030385977 -0.996116817 -30.416051865 -0.004800031 0.999511361 0.030887697 0.326655418 0.996568620 0.007333680 -0.082445018 3.092829227
-0.082821079 0.031582110 -0.996063888 -31.251657486 -0.005729582 0.999466062 0.032166384 0.341376364 0.996547937 0.008371084 -0.082595900 3.019471884
-0.082532600 0.034178056 -0.996002078 -32.082744598 -0.007552214 0.999361575 0.034919132 0.345782757 0.996559739 0.010403988 -0.082221799 2.944758177
-0.082543582 0.032656580 -0.996052206 -32.914783478 -0.007857545 0.999410570 0.033417836 0.358887315 0.996556461 0.010584953 -0.082238331 2.872771502
-0.082109630 0.027179388 -0.996252596 -33.754062653 -0.008732002 0.999569952 0.027989568 0.372232556 0.996585011 0.010997493 -0.081837013 2.791332722
-0.081830762 0.023350181 -0.996372640 -34.559894562 -0.010022387 0.999655664 0.024250245 0.379142165 0.996595860 0.011970448 -0.081568576 2.725686789
-0.081491739 0.024057575 -0.996383607 -35.396411896 -0.009937378 0.999639332 0.024948936 0.388510853 0.996624529 0.011934574 -0.081223279 2.657602549
-0.080606028 0.026561530 -0.996392012 -36.234050751 -0.008501907 0.999590158 0.027334569 0.395058572 0.996709764 0.010674562 -0.080347180 2.577855587
-0.080151387 0.031603523 -0.996281564 -37.062446594 -0.008252157 0.999441922 0.032367662 0.401109368 0.996748567 0.010815787 -0.079845876 2.507389307
-0.079487562 0.037052061 -0.996147037 -37.905651093 -0.007173277 0.999261796 0.037740309 0.418395787 0.996810138 0.010145525 -0.079163112 2.437690735
-0.079905078 0.040334798 -0.995986044 -38.744701385 -0.007803231 0.999125004 0.041087948 0.430101782 0.996771991 0.011055046 -0.079520434 2.369899035
-0.079103135 0.040054478 -0.996061444 -39.570335388 -0.006905743 0.999146342 0.040726960 0.455211103 0.996842563 0.010100174 -0.078759030 2.292168617
-0.079427324 0.035674863 -0.996202052 -40.381847382 -0.007342986 0.999311268 0.036371659 0.469398737 0.996813536 0.010204000 -0.079110682 2.232266665
-0.078976892 0.031328686 -0.996384025 -41.211090088 -0.008272113 0.999450982 0.032080796 0.486126989 0.996842027 0.010775843 -0.078674398 2.157664299
-0.078858390 0.029013498 -0.996463478 -42.032196045 -0.012394445 0.999470472 0.030081924 0.490970045 0.996808767 0.014722824 -0.078457035 2.078969479
-0.079511955 0.027339371 -0.996458948 -42.846763611 -0.016092379 0.999458373 0.028705748 0.501470745 0.996703982 0.018317843 -0.079028942 2.013395786
-0.080001779 0.025090659 -0.996478856 -43.666099548 -0.014105984 0.999554574 0.026300592 0.515101135 0.996694863 0.016160408 -0.079612240 1.941234231
-0.081112072 0.021463012 -0.996473789 -44.480934143 -0.009742169 0.999703228 0.022325573 0.517932653 0.996657372 0.011518691 -0.080878906 1.878628612
-0.081698827 0.020104583 -0.996454239 -45.307704926 -0.005389756 0.999772966 0.020613445 0.526249886 0.996642470 0.007054739 -0.081571922 1.807942152
-0.083790407 0.023394376 -0.996208727 -46.128616333 -0.005419819 0.999698877 0.023932196 0.532672048 0.996468604 0.007404560 -0.083638385 1.737614870
-0.085397266 0.030103590 -0.995892048 -46.944061279 -0.003282902 0.999529541 0.030495048 0.531287372 0.996341527 0.005873610 -0.085258268 1.661973357
-0.087127134 0.033726875 -0.995626092 -47.740688324 -0.000975259 0.999423325 0.033940844 0.541177452 0.996196747 0.003928162 -0.087044008 1.593842387
-0.088411622 0.032915968 -0.995540023 -48.550697327 -0.001002370 0.999450386 0.033134270 0.549968898 0.996083558 0.003927355 -0.088330038 1.514846563
-0.089902729 0.028941598 -0.995529950 -49.349487305 -0.004250991 0.999557376 0.029442569 0.559362769 0.995941520 0.006878957 -0.089739926 1.437884927
-0.090832874 0.025225800 -0.995546639 -50.143730164 -0.009031017 0.999617219 0.026152920 0.567184091 0.995825291 0.011366346 -0.090570293 1.350084066
-0.092180200 0.023863183 -0.995456338 -50.931392670 -0.013243460 0.999594986 0.025188755 0.575275540 0.995654285 0.015505189 -0.091826819 1.265621662
-0.093181066 0.024870625 -0.995338440 -51.729713440 -0.014976713 0.999539852 0.026377685 0.581868529 0.995536566 0.017364802 -0.092765719 1.182617664
-0.093846664 0.026532160 -0.995232999 -52.515323639 -0.015327631 0.999487877 0.028090926 0.585534871 0.995468676 0.017890805 -0.093391910 1.100092292
-0.095111057 0.026065614 -0.995125353 -53.299655914 -0.016882731 0.999471009 0.027793040 0.592734993 0.995323479 0.019443860 -0.094620690 1.022930503
-0.095803343 0.025917752 -0.995062828 -54.078769684 -0.017545786 0.999461591 0.027721610 0.599558294 0.995245576 0.020114984 -0.095297039 0.941917658
-0.096171014 0.027794834 -0.994976580 -54.851772308 -0.015887097 0.999439836 0.029455103 0.605987191 0.995238006 0.018640023 -0.095675580 0.864410162
-0.096345991 0.030464947 -0.994881570 -55.625782013 -0.015421977 0.999365807 0.032095753 0.617846549 0.995228410 0.018435339 -0.095815070 0.786533833
-0.096647583 0.034886785 -0.994706988 -56.406349182 -0.015172295 0.999217689 0.036519155 0.626004875 0.995203018 0.018621480 -0.096042670 0.705953062
-0.097225845 0.036978874 -0.994575083 -57.168567657 -0.015621303 0.999129653 0.038675297 0.638750017 0.995139778 0.019296799 -0.096563570 0.629210055
-0.097892389 0.036982663 -0.994509578 -57.918754578 -0.014958986 0.999141693 0.038627375 0.649565876 0.995084584 0.018658182 -0.097255133 0.552352071
-0.098174244 0.035049848 -0.994551837 -58.659671783 -0.014469485 0.999223590 0.036642808 0.657961726 0.995064139 0.017988032 -0.097590879 0.478055924
-0.098264933 0.031505123 -0.994661391 -59.380466461 -0.014531195 0.999346673 0.033089101 0.668171942 0.995054185 0.017705118 -0.097742938 0.405313551
-0.098031096 0.028563105 -0.994773328 -60.128257751 -0.014566743 0.999439836 0.030132586 0.681077421 0.995076716 0.017444544 -0.097560108 0.319664478
-0.096940674 0.026169937 -0.994946003 -60.837280273 -0.015195770 0.999498785 0.027770262 0.690251172 0.995174170 0.017811043 -0.096494436 0.248835102
-0.094363861 0.025388921 -0.995213926 -61.527439117 -0.018086730 0.999465942 0.027212342 0.694024980 0.995373487 0.020568028 -0.093854271 0.174513236
-0.089849688 0.026286300 -0.995608330 -62.219623566 -0.017782703 0.999449909 0.027992545 0.700381875 0.995796621 0.020219730 -0.089332812 0.105624802
-0.084162034 0.028279228 -0.996050656 -62.874214172 -0.017775217 0.999395490 0.029876122 0.699423909 0.996293545 0.020219455 -0.083608493 0.051254272
-0.077459484 0.029732630 -0.996552050 -63.512870789 -0.016294237 0.999383926 0.031083634 0.705810905 0.996862292 0.018645776 -0.076927297 0.010421929
-0.068485133 0.030917691 -0.997172952 -64.151687622 -0.017564014 0.999327421 0.032190774 0.712248802 0.997497499 0.019718949 -0.067896038 -0.036257755
-0.056670435 0.032635409 -0.997859359 -64.776893616 -0.019575672 0.999237239 0.033792213 0.719063103 0.998201013 0.021448787 -0.055988349 -0.075855985
-0.041774169 0.034291543 -0.998538375 -65.379379272 -0.022555014 0.999123812 0.035255238 0.724520802 0.998872399 0.023994805 -0.040964123 -0.102478266
-0.023378810 0.035292726 -0.999103487 -65.979354858 -0.023830354 0.999073029 0.035849273 0.736064136 0.999442637 0.024647104 -0.022516107 -0.111867897
-0.001665864 0.036282063 -0.999340177 -66.538200378 -0.024797656 0.999032736 0.036312237 0.745005429 0.999691069 0.024841784 -0.000764558 -0.092333011
0.024364050 0.037021957 -0.999017298 -67.045433044 -0.024393979 0.999038458 0.036427811 0.743306756 0.999405444 0.023482487 0.025243733 -0.073282488
0.053829014 0.036275476 -0.997890949 -67.569755554 -0.023003355 0.999119639 0.035079274 0.753832579 0.998285174 0.021066558 0.054616086 -0.027907858
0.087901890 0.036236979 -0.995469749 -68.078102112 -0.021913920 0.999166548 0.034436509 0.761038244 0.995888114 0.018787615 0.088622734 0.040621139
0.124841005 0.036409974 -0.991508424 -68.552131653 -0.021484535 0.999191225 0.033986982 0.767654657 0.991944075 0.017059131 0.125522301 0.135897547
0.166563511 0.036506154 -0.985354662 -68.997016907 -0.021200413 0.999215901 0.033435997 0.766177118 0.985802770 0.015320712 0.167206869 0.220101520
0.211749688 0.037565522 -0.976601720 -69.418685913 -0.021023342 0.999204814 0.033876617 0.774144351 0.977097690 0.013358072 0.212371096 0.331267715
0.259692639 0.036132727 -0.965015054 -69.851119995 -0.017151570 0.999314666 0.032801375 0.771568954 0.965538979 0.008033250 0.260134369 0.490562618
0.309350222 0.031097973 -0.950439513 -70.254013062 -0.009599074 0.999516308 0.029579427 0.773920059 0.950899720 -0.000027064 0.309499145 0.669315398
0.361249864 0.026280990 -0.932098567 -70.603744507 -0.004951950 0.999642730 0.026266221 0.767422616 0.932455897 -0.004872964 0.361250937 0.835740089
0.413459063 0.021519367 -0.910268247 -70.986907959 -0.000152449 0.999722302 0.023564871 0.775852919 0.910522640 -0.009604340 0.413347512 1.053481698
0.464547157 0.020656571 -0.885307372 -71.365432739 -0.000292594 0.999731421 0.023172852 0.788517833 0.885548294 -0.010505846 0.464428455 1.291267872
0.513226390 0.019795178 -0.858024955 -71.739334106 0.001228793 0.999715984 0.023799080 0.789832592 0.858252406 -0.013268650 0.513056278 1.544349432
0.557618082 0.015102124 -0.829960167 -72.088485718 0.009139373 0.999662220 0.024330445 0.800059319 0.830047309 -0.021152411 0.557291746 1.840918422
0.601504564 0.008534382 -0.798823655 -72.410507202 0.019532060 0.999486923 0.025385607 0.800148010 0.798630536 -0.030872233 0.601029277 2.143825293
0.644787252 0.004462184 -0.764348984 -72.704750061 0.019976027 0.999543011 0.022686541 0.793478966 0.764100909 -0.029896650 0.644403577 2.430828571
0.686072588 -0.000495985 -0.727532804 -73.009468079 0.017549919 0.999720037 0.015868247 0.797443748 0.727321267 -0.023654912 0.685889363 2.751912594
0.726637840 -0.007220174 -0.686982751 -73.290916443 0.014031650 0.999892235 0.004332763 0.800631583 0.686877310 -0.012787853 0.726660907 3.090728045
0.765924513 -0.010134761 -0.642850697 -73.564956665 0.009536088 0.999944925 -0.004402697 0.807745099 0.642859817 -0.002758146 0.765978932 3.455781460
0.802668214 -0.009552047 -0.596349359 -73.793983459 0.006788320 0.999953210 -0.006879916 0.796676695 0.596387208 0.001474079 0.802695572 3.824793816
0.836479485 -0.010975352 -0.547888398 -74.026695251 0.007453039 0.999934673 -0.008651990 0.791874409 0.547947526 0.003153779 0.836506784 4.251003742
0.866848052 -0.009539521 -0.498481214 -74.248474121 0.004716134 0.999929070 -0.010934564 0.786708295 0.498550117 0.007127702 0.866831601 4.697309017
0.892441511 -0.008279023 -0.451087266 -74.447944641 0.004308745 0.999942362 -0.009827910 0.773718297 0.451142639 0.006827215 0.892425776 5.172147751
0.914000869 -0.001602490 -0.405709088 -74.669242859 -0.002263867 0.999956489 -0.009049828 0.766348839 0.405705899 0.009190021 0.913957417 5.667174339
0.931381762 0.002501676 -0.364035457 -74.852355957 -0.006956392 0.999916077 -0.010926383 0.760562181 0.363977551 0.012709005 0.931321025 6.181139946
0.944792449 0.007655143 -0.327579916 -75.030349731 -0.011365622 0.999891102 -0.009414027 0.751018286 0.327472091 0.012617450 0.944776595 6.723325253
0.954723895 0.008016699 -0.297385454 -75.183624268 -0.010762064 0.999913216 -0.007595520 0.739867270 0.297298759 0.010452104 0.954727352 7.272027969
0.962002933 0.007812230 -0.272927165 -75.345489502 -0.009867394 0.999932289 -0.006158276 0.729349077 0.272860527 0.008617357 0.962014914 7.852557659
0.967762530 0.008270838 -0.251728415 -75.488914490 -0.009649378 0.999944448 -0.004242389 0.722045481 0.251679331 0.006534647 0.967788637 8.447649956
0.972328901 0.010105764 -0.233397484 -75.630508423 -0.010760214 0.999940932 -0.001530869 0.713975072 0.233368233 0.003999916 0.972380161 9.065220833
0.975864828 0.015455841 -0.217827633 -75.781845093 -0.015910272 0.999873340 -0.000332337 0.709186554 0.217794910 0.003790013 0.975987196 9.707533836
0.978600025 0.019180343 -0.204875901 -75.920463562 -0.019348532 0.999812007 0.001182500 0.697699904 0.204860076 0.002806853 0.978787243 10.351495743
0.981223106 0.017549589 -0.192076281 -76.040260315 -0.017683586 0.999843001 0.001016740 0.690395415 0.192063987 0.002398948 0.981379509 11.014616966
0.983861625 0.017946154 -0.178028971 -76.163658142 -0.018117584 0.999835610 0.000662850 0.680964887 0.178011626 0.002573302 0.984025002 11.692662239
0.986371279 0.018238900 -0.163520753 -76.273719788 -0.018274950 0.999832153 0.001283942 0.675024152 0.163516730 0.001721890 0.986539066 12.393054008
0.988564432 0.019228958 -0.149568260 -76.377220154 -0.019200604 0.999814332 0.001633691 0.670746922 0.149571896 0.001256792 0.988750041 13.103981018
0.990443230 0.019704156 -0.136505693 -76.485000610 -0.020042827 0.999798596 -0.001106904 0.655423284 0.136456400 0.003832286 0.990638614 13.824237823
0.991916418 0.020087868 -0.125292644 -76.574417114 -0.021037364 0.999759138 -0.006259582 0.641994238 0.125136733 0.008844810 0.992100060 14.548315048
0.993070424 0.018730344 -0.116017692 -76.657684326 -0.020317053 0.999715269 -0.012508922 0.631395221 0.115750387 0.014779379 0.993168294 15.291819572
0.994006395 0.018327840 -0.107774399 -76.743591309 -0.019807391 0.999723494 -0.012673748 0.620924056 0.107512332 0.014732517 0.994094551 16.051254272
0.994717062 0.020465992 -0.100593276 -76.827301025 -0.021249883 0.999751568 -0.006727217 0.605935991 0.100430615 0.008829272 0.994904876 16.807981491
0.995079517 0.024616614 -0.095972642 -76.919357300 -0.024569800 0.999696732 0.001669663 0.583719075 0.095984653 0.000696582 0.995382607 17.622646332
0.995499849 0.025682345 -0.091216713 -76.997711182 -0.025300831 0.999665737 0.005336560 0.570587933 0.091323279 -0.003004686 0.995816827 18.388006210
0.995842576 0.024114819 -0.087841496 -77.069015503 -0.023814632 0.999706447 0.004463915 0.558663309 0.087923355 -0.002353444 0.996124506 19.163455963
0.996070981 0.023850109 -0.085287072 -77.131233215 -0.023658803 0.999714851 0.003253236 0.550491333 0.085340351 -0.001222664 0.996351123 19.935447693
0.996371567 0.023065655 -0.081924528 -77.203346252 -0.022672486 0.999726474 0.005726351 0.537174702 0.082034208 -0.003848142 0.996622145 20.707445145
0.996602356 0.020558143 -0.079756141 -77.263168335 -0.019963169 0.999766648 0.008250180 0.528271973 0.079907142 -0.006629965 0.996780276 21.487297058
0.996889174 0.018352507 -0.076649651 -77.324348450 -0.017643414 0.999795139 0.009918085 0.519455850 0.076815978 -0.008534870 0.997008801 22.255603790
0.997090042 0.017738242 -0.074139632 -77.383071899 -0.017319053 0.999830186 0.006293186 0.508406043 0.074238665 -0.004990847 0.997227967 23.013753891
0.997175336 0.020627493 -0.072220840 -77.446762085 -0.020713257 0.999785423 -0.000438767 0.493480414 0.072196290 0.001933455 0.997388542 23.765987396
0.997282267 0.021130234 -0.070580125 -77.500419617 -0.021762794 0.999729455 -0.008205308 0.481116384 0.070387654 0.009719026 0.997472346 24.504758835
0.997363925 0.021507237 -0.069300160 -77.564346313 -0.022441939 0.999666989 -0.012737474 0.472031832 0.069003128 0.014259129 0.997514486 25.293613434
0.997487307 0.023188751 -0.066942990 -77.623565674 -0.023981240 0.999651253 -0.011058947 0.451242656 0.066663183 0.012636535 0.997695506 26.053264618
0.997537911 0.027064698 -0.064694948 -77.684448242 -0.027542861 0.999599397 -0.006510510 0.423230559 0.064492814 0.008276365 0.997883797 26.825248718
0.997626483 0.029777598 -0.062085170 -77.742927551 -0.029938685 0.999550343 -0.001665758 0.408665240 0.062007666 0.003520553 0.998069465 27.563337326
0.997844875 0.027436620 -0.059604228 -77.789924622 -0.027498007 0.999621809 -0.000209761 0.398322642 0.059575938 0.001848306 0.998222113 28.323265076
0.997997820 0.024789603 -0.058188181 -77.839645386 -0.024829991 0.999691665 0.000028895 0.380426377 0.058170967 0.001415975 0.998305619 29.086034775
0.998125553 0.022558507 -0.056887098 -77.884590149 -0.022604395 0.999744475 -0.000163346 0.366668552 0.056868881 0.001448939 0.998380542 29.839036942
0.998164535 0.022289319 -0.056308102 -77.925262451 -0.022434974 0.999746382 -0.001955853 0.352734506 0.056250222 0.003215534 0.998411477 30.585739136
0.998252988 0.020106848 -0.055555731 -77.967521667 -0.020313036 0.999788642 -0.003149075 0.340345383 0.055480666 0.004272080 0.998450577 31.342704773
0.998313427 0.019040426 -0.054842114 -78.011421204 -0.019231781 0.999810696 -0.002963583 0.326279044 0.054775298 0.004013297 0.998490572 32.102313995
0.998292804 0.023219792 -0.053593893 -78.071525574 -0.023367045 0.999724746 -0.002122572 0.313966990 0.053529851 0.003371280 0.998560548 32.885349274
0.998297155 0.022489792 -0.053822864 -78.112709045 -0.022682860 0.999738276 -0.002978904 0.301718891 0.053741783 0.004194688 0.998546004 33.658920288
0.998214304 0.021878568 -0.055582318 -78.156761169 -0.022083914 0.999751389 -0.003082867 0.287378371 0.055501059 0.004304837 0.998449266 34.435810089
0.998160005 0.019293889 -0.057483613 -78.205413818 -0.019465389 0.999807596 -0.002424937 0.273738682 0.057425767 0.003539416 0.998343408 35.217884064
0.997945249 0.021055635 -0.060512081 -78.262870789 -0.021245558 0.999771178 -0.002496819 0.262332976 0.060445666 0.003777301 0.998164237 36.013427734
0.997690022 0.025312549 -0.063037790 -78.327484131 -0.025510563 0.999671817 -0.002338154 0.237265751 0.062957920 0.003940882 0.998008370 36.814125061
0.997490585 0.026454907 -0.065669507 -78.389244080 -0.027019193 0.999605000 -0.007719482 0.233350545 0.065439351 0.009474448 0.997811556 37.611698151
0.997338355 0.026928468 -0.067756452 -78.458137512 -0.027757222 0.999550581 -0.011319653 0.222738162 0.067421176 0.013170256 0.997637689 38.418972015
0.997211099 0.026542269 -0.069752552 -78.518119812 -0.027495861 0.999540627 -0.012746495 0.202895015 0.069382198 0.014628854 0.997482896 39.226730347
0.997062445 0.026329862 -0.071923241 -78.588829041 -0.027207565 0.999566436 -0.011250869 0.181739300 0.071595825 0.013174677 0.997346699 40.059772491
0.996896088 0.025233129 -0.074574977 -78.653839111 -0.026064266 0.999608219 -0.010192687 0.159783125 0.074288577 0.012104793 0.997163296 40.888095856
0.996790588 0.024276894 -0.076283343 -78.714073181 -0.025058696 0.999642611 -0.009308130 0.153898358 0.076030113 0.011189818 0.997042716 41.694545746
0.996723175 0.023795458 -0.077309646 -78.785049438 -0.024311991 0.999687910 -0.005746912 0.138236240 0.077148758 0.007607633 0.996990561 42.533016205
0.996633887 0.023331499 -0.078590527 -78.850799561 -0.023447726 0.999724805 -0.000556315 0.121442437 0.078555934 0.002397211 0.996906757 43.378688812
0.996727467 0.023756169 -0.077266090 -78.927474976 -0.023721622 0.999717712 0.001365016 0.107480876 0.077276707 0.000472329 0.997009516 44.220161438
0.996794641 0.026368009 -0.075532101 -79.003059387 -0.026314430 0.999652267 0.001704710 0.092424661 0.075550787 0.000288339 0.997141898 45.104717255
0.996955693 0.026246764 -0.073419109 -79.069664001 -0.026316129 0.999653578 0.000022612 0.085562170 0.073394276 0.001909563 0.997301161 45.965393066
0.997113585 0.024161713 -0.071976304 -79.136726379 -0.024378393 0.999700487 -0.002133370 0.072545134 0.071903192 0.003881879 0.997404039 46.831924438
0.997312248 0.020765495 -0.070263192 -79.193534851 -0.021066977 0.999771714 -0.003552363 0.054701921 0.070173383 0.005023048 0.997522116 47.707546234
0.997487724 0.019090081 -0.068219177 -79.256881714 -0.019395884 0.999804497 -0.003823085 0.041521117 0.068132862 0.005136651 0.997663021 48.580764771
0.997597635 0.017222630 -0.067099422 -79.323165894 -0.017359206 0.999848187 -0.001452850 0.027238082 0.067064211 0.002614152 0.997745156 49.462844849
0.997701883 0.014355122 -0.066218518 -79.380134583 -0.014304946 0.999896884 0.001231847 0.011741102 0.066229366 -0.000281764 0.997804344 50.338718414
0.997752488 0.013658927 -0.065600477 -79.435699463 -0.013571999 0.999906242 0.001770617 -0.008324297 0.065618508 -0.000876309 0.997844338 51.215454102
0.997804463 0.015902342 -0.064290538 -79.496978760 -0.016052971 0.999869466 -0.001827037 -0.020801941 0.064253084 0.002855080 0.997929573 52.090480804
0.997803688 0.018268665 -0.063670300 -79.569427490 -0.018805377 0.999792397 -0.007840432 -0.039753597 0.063513838 0.009020555 0.997940183 52.951751709
0.997820616 0.019906962 -0.062909737 -79.622009277 -0.020783246 0.999695420 -0.013305606 -0.059783041 0.062625699 0.014584078 0.997930527 53.813358307
0.997778296 0.025004750 -0.061750609 -79.693916321 -0.026246997 0.999467373 -0.019388499 -0.083413824 0.061232917 0.020966195 0.997903228 54.664329529
0.997845829 0.025148060 -0.060590226 -79.753814697 -0.026411181 0.999448299 -0.020136951 -0.113636561 0.060050391 0.021693831 0.997959554 55.519344330
0.997933388 0.021448756 -0.060571469 -79.805801392 -0.022336351 0.999652147 -0.014014701 -0.139868394 0.060249802 0.015338685 0.998065412 56.374324799
0.997904241 0.021502284 -0.061030395 -79.873146057 -0.021862384 0.999747276 -0.005238629 -0.161685750 0.060902320 0.006561919 0.998122156 57.249038696
0.997873187 0.020061057 -0.062019795 -79.929801941 -0.019924561 0.999797523 0.002818580 -0.186281636 0.062063776 -0.001576870 0.998070955 58.101753235
0.997771680 0.018282628 -0.064167254 -79.990173340 -0.018273065 0.999832809 0.000735935 -0.203110710 0.064169981 0.000438238 0.997938812 58.940639496
0.997745931 0.013463643 -0.065739527 -80.055221558 -0.013678043 0.999902487 -0.002812381 -0.218233749 0.065695256 0.003705230 0.997832775 59.785572052
0.997579455 0.012332820 -0.068432458 -80.121131897 -0.012660109 0.999910474 -0.004351054 -0.241574585 0.068372659 0.005206884 0.997646272 60.630786896
0.997346401 0.013836397 -0.071473740 -80.182929993 -0.014347346 0.999874949 -0.006640294 -0.258070141 0.071372934 0.007648134 0.997420371 61.446319580
0.997099698 0.015312293 -0.074549943 -80.254089355 -0.016107190 0.999819458 -0.010073048 -0.277727157 0.074382260 0.011244623 0.997166455 62.267337799
0.996811569 0.016161401 -0.078136712 -80.328559875 -0.017232459 0.999766231 -0.013052662 -0.303879470 0.077907503 0.014357534 0.996857166 63.079593658
0.996512711 0.018150179 -0.081441425 -80.402755737 -0.019603085 0.999662042 -0.017075861 -0.329208225 0.081103958 0.018612817 0.996531785 63.894378662
0.996132433 0.023466617 -0.084672555 -80.491409302 -0.025020976 0.999536455 -0.017342892 -0.353381634 0.084226348 0.019394405 0.996257901 64.697990417
0.995725572 0.027117947 -0.088289574 -80.572456360 -0.028570477 0.999475718 -0.015229752 -0.378314465 0.087830298 0.017687127 0.995978415 65.502571106
0.995301902 0.029904589 -0.092085510 -80.658561707 -0.030906610 0.999477327 -0.009474345 -0.401406825 0.091754049 0.012275882 0.995706022 66.301773071
0.994899690 0.030408897 -0.096176483 -80.741065979 -0.030929679 0.999513805 -0.003928333 -0.423867196 0.096010275 0.006883005 0.995356560 67.120170593
0.994425535 0.030053373 -0.101067558 -80.828453064 -0.030232808 0.999542773 -0.000243772 -0.441725016 0.101014033 0.003297969 0.994879603 67.916267395
0.993781149 0.029381020 -0.107404791 -80.922111511 -0.029444644 0.999565840 0.000993785 -0.458323210 0.107387364 0.002174891 0.994214952 68.707328796
0.993182719 0.026909506 -0.113418736 -81.008773804 -0.026553061 0.999636531 0.004652462 -0.469313562 0.113502704 -0.001609130 0.993536413 69.493881226
0.992407739 0.027646706 -0.119843490 -81.110374451 -0.027349131 0.999617338 0.004127353 -0.481224060 0.119911738 -0.000818402 0.992784202 70.272094727
0.991554677 0.032278903 -0.125608131 -81.231254578 -0.032090504 0.999478757 0.003523525 -0.494899720 0.125656411 0.000537060 0.992073715 71.045913696
0.990714252 0.033512119 -0.131765753 -81.340583801 -0.033823021 0.999427736 -0.000121481 -0.507071733 0.131686300 0.004577070 0.991280854 71.813919067
0.989905357 0.032677557 -0.137911201 -81.447578430 -0.033384696 0.999438584 -0.002816834 -0.517446458 0.137741700 0.007392520 0.990440547 72.559204102
0.989076138 0.034169953 -0.143390387 -81.565551758 -0.035104241 0.999375641 -0.003990116 -0.533231497 0.143164515 0.008980137 0.989658117 73.326011658
0.988355100 0.035975207 -0.147851139 -81.691749573 -0.036231432 0.999342859 0.000960726 -0.541095436 0.147788540 0.004407319 0.989009082 74.097434998
0.987432659 0.036763329 -0.153704539 -81.821098328 -0.036416288 0.999323726 0.005073614 -0.551220059 0.153787136 0.000587497 0.988103807 74.855270386
0.986448824 0.036370117 -0.159986615 -81.949554443 -0.035628863 0.999336839 0.007500254 -0.569977283 0.160153314 -0.001698475 0.987090647 75.614318848
0.985316694 0.033886075 -0.167340130 -82.081352234 -0.033770137 0.999423265 0.003539248 -0.574964345 0.167363569 0.002163819 0.985892892 76.364555359
0.983943403 0.031262327 -0.175721437 -82.222755432 -0.032406606 0.999468148 -0.003645392 -0.585767984 0.175514013 0.009281394 0.984433174 77.109169006
0.982338309 0.028646840 -0.184907585 -82.360969543 -0.030098533 0.999534130 -0.005048156 -0.601966262 0.184676856 0.010524442 0.982742906 77.836578369
0.980314791 0.027840370 -0.195467919 -82.517807007 -0.028796364 0.999583185 -0.002050136 -0.614883542 0.195329353 0.007638543 0.980707943 78.577247620
0.978026927 0.028090434 -0.206577331 -82.682464600 -0.027838513 0.999603927 0.004126751 -0.624669254 0.206611425 0.001714729 0.978421569 79.319816589
0.975451052 0.029803976 -0.218190432 -82.866188049 -0.027978014 0.999542892 0.011454083 -0.628278255 0.218432099 -0.005068361 0.975839019 80.054328918
0.972892046 0.031070102 -0.229162663 -83.039817810 -0.028233465 0.999478877 0.015647374 -0.646048009 0.229529411 -0.008753146 0.973262370 80.768966675
0.969946086 0.034262009 -0.240895212 -83.231826782 -0.032514881 0.999408245 0.011225001 -0.654822826 0.241137221 -0.003054966 0.970486224 81.480880737
0.966974795 0.034385029 -0.252541989 -83.437072754 -0.034929410 0.999387026 0.002328712 -0.663017094 0.252467275 0.006569338 0.967583120 82.183937073
0.963684261 0.031796448 -0.265144289 -83.640014648 -0.033710610 0.999428093 -0.002670720 -0.664066195 0.264907688 0.011511907 0.964205086 82.894363403
0.960442007 0.031175956 -0.276729494 -83.859687805 -0.031774271 0.999492347 0.002322796 -0.671834946 0.276661396 0.006561970 0.960945070 83.607238770
0.957049489 0.031633727 -0.288193703 -84.079208374 -0.030142447 0.999499321 0.009611860 -0.679885209 0.288353533 -0.000512163 0.957523823 84.334686279
0.953411996 0.031538226 -0.300018400 -84.316459656 -0.028410291 0.999486923 0.014783543 -0.683824241 0.300330758 -0.005571196 0.953818798 85.050598145
0.949307740 0.029224498 -0.312986761 -84.552894592 -0.026379788 0.999563217 0.013320661 -0.691458762 0.313239366 -0.004388882 0.949663997 85.757041931
0.945577621 0.026933029 -0.324280143 -84.800674438 -0.025318718 0.999637067 0.009197113 -0.697725296 0.324410170 -0.000486228 0.945916295 86.452133179
0.942838192 0.023107728 -0.332449049 -85.074584961 -0.023661505 0.999717116 0.002382998 -0.706222117 0.332410097 0.005619462 0.943118155 87.130485535
0.939774632 0.018844644 -0.341274798 -85.318939209 -0.021288875 0.999767482 -0.003418012 -0.718661487 0.341131061 0.010477518 0.939957321 87.864074707
0.937106490 0.018549442 -0.348550349 -85.588180542 -0.021769069 0.999748826 -0.005322470 -0.728848815 0.348364055 0.012575335 0.937274992 88.570816040
0.934149206 0.023975689 -0.356076539 -85.880073547 -0.027616821 0.999605298 -0.005144967 -0.747111678 0.355812639 0.014639868 0.934442639 89.275276184
0.931041241 0.024416706 -0.364096254 -86.158843994 -0.027397061 0.999620020 -0.003022182 -0.761595190 0.363884121 0.012788944 0.931356430 89.975166321
0.928038955 0.025239546 -0.371627092 -86.450332642 -0.025596647 0.999664426 0.003972793 -0.769839942 0.371602595 0.005825500 0.928373635 90.681533813
0.925221026 0.026850045 -0.378477484 -86.740318298 -0.024030102 0.999637008 0.012172851 -0.774793208 0.378666937 -0.002167725 0.925530553 91.391616821
0.922683120 0.037064616 -0.383773327 -87.061470032 -0.032218784 0.999299228 0.019050088 -0.785417140 0.384210557 -0.005212487 0.923230886 92.094490051
0.919855595 0.043712378 -0.389813900 -87.377098083 -0.040659074 0.999043643 0.016084841 -0.787250757 0.390144199 0.001053742 0.920753241 92.792747498
0.917575836 0.040728223 -0.395469069 -87.670654297 -0.040346958 0.999142528 0.009284948 -0.799751043 0.395508140 0.007436330 0.918432415 93.455802917
0.915654480 0.032090865 -0.400683194 -87.975585938 -0.034624293 0.999399960 0.000917726 -0.789447308 0.400472224 0.013033053 0.916216195 94.172897339
0.914033771 0.032343250 -0.404346526 -88.293113708 -0.035304315 0.999376595 0.000132931 -0.792243719 0.404098779 0.014153675 0.914605796 94.867874146
0.911849678 0.038606517 -0.408704996 -88.628952026 -0.039809797 0.999191761 0.005565787 -0.802266836 0.408589572 0.011195302 0.912649632 95.567420959
0.909385860 0.041335836 -0.413894564 -88.955184937 -0.040750671 0.999116898 0.010247163 -0.813219965 0.413952589 0.007547856 0.910267174 96.262557983
0.907139003 0.038047623 -0.419107556 -89.270751953 -0.037999731 0.999241889 0.008464992 -0.829072475 0.419111937 0.008247049 0.907897174 96.939392090
0.904982030 0.036649771 -0.423868150 -89.617454529 -0.039480183 0.999218106 0.002105044 -0.835963607 0.423613846 0.014829365 0.905721486 97.652946472
0.902853489 0.034051236 -0.428597748 -89.955909729 -0.039718352 0.999201715 -0.004283272 -0.845043480 0.428109735 0.020890364 0.903485298 98.344360352
