1.000000000 -0.000000000 -0.000000000 0.000000000 -0.000000000 1.000000000 0.000000000 0.000000000 -0.000000000 0.000000000 1.000000000 0.000000000
0.999978960 0.000411381 -0.006475554 -0.008147044 -0.000408830 0.999999821 0.000395275 -0.001899070 0.006475716 -0.000392619 0.999978960 0.091585808
0.999907434 0.000915539 -0.013574511 -0.016388841 -0.000913443 0.999999583 0.000160670 -0.001711453 0.013574652 -0.000148256 0.999907851 0.188314050
0.999772370 0.001380622 -0.021291720 -0.025980420 -0.001393021 0.999998868 -0.000567545 -0.002009760 0.021290913 0.000597076 0.999773145 0.285342246
0.999541819 0.001719172 -0.030219689 -0.042991847 -0.001780035 0.999996424 -0.001987242 -0.001798754 0.030216165 0.002040124 0.999541283 0.390553176
0.999125123 0.001930736 -0.041776206 -0.058705851 -0.002075730 0.999991953 -0.003427631 -0.004950875 0.041769251 0.003511348 0.999121130 0.500989497
0.998479366 0.001742574 -0.055098731 -0.084193617 -0.001968534 0.999989867 -0.004047000 -0.007914299 0.055091124 0.004149310 0.998472691 0.625740469
0.997427642 0.001850392 -0.071657017 -0.108546913 -0.002174008 0.999987781 -0.004438455 -0.003908836 0.071647927 0.004582821 0.997419477 0.760933697
0.995904684 0.000234821 -0.090408802 -0.134750083 -0.000615629 0.999991059 -0.004184197 -0.009026363 0.090407014 0.004222719 0.995895922 0.916105866
0.993914008 -0.000738546 -0.110156462 -0.176191598 0.000259223 0.999990463 -0.004365553 -0.012602869 0.110158630 0.004310430 0.993904650 1.075114846
0.991240025 -0.000753554 -0.132071480 -0.218395784 0.000143829 0.999989271 -0.004626107 -0.012833074 0.132073566 0.004566587 0.991229415 1.226061344
0.987728775 0.002712174 -0.156155691 -0.273985624 -0.003696690 0.999975026 -0.006014640 -0.017244712 0.156135455 0.006518092 0.987714171 1.394990444
0.983346283 0.007098434 -0.181603566 -0.340347171 -0.008574750 0.999936342 -0.007345490 -0.024341371 0.181539863 0.008780366 0.983344376 1.569605589
0.977951050 0.010009688 -0.208594739 -0.412906766 -0.012039455 0.999891758 -0.008463264 -0.027261995 0.208487421 0.010788025 0.977965593 1.750985861
0.971268892 0.010730539 -0.237743050 -0.492525429 -0.013198662 0.999874294 -0.008792097 -0.028207390 0.237618819 0.011677379 0.971288323 1.937212110
0.963198125 0.012478171 -0.268503070 -0.580870926 -0.015242872 0.999850094 -0.008214448 -0.032947436 0.268360257 0.012004897 0.963243842 2.133854628
0.953815222 0.014603405 -0.300038725 -0.675609350 -0.017576551 0.999819577 -0.007212454 -0.035452671 0.299879253 0.012152997 0.953899741 2.312719584
0.942554832 0.016419390 -0.333647728 -0.776280403 -0.019590100 0.999789178 -0.006140665 -0.035799190 0.333476543 0.012324106 0.942677855 2.502143860
0.930012643 0.018606441 -0.367056221 -0.877809644 -0.022134349 0.999740303 -0.005404126 -0.041799463 0.366860330 0.013150455 0.930183053 2.680042505
0.916184604 0.021418663 -0.400183678 -1.002099633 -0.025487535 0.999663353 -0.004847366 -0.041116439 0.399945110 0.014640778 0.916422188 2.864001989
0.900100946 0.022264734 -0.435111940 -1.115577936 -0.026718462 0.999634445 -0.004120142 -0.043225929 0.434861183 0.015334066 0.900366902 3.035975218
0.881739140 0.018178551 -0.471386969 -1.238839507 -0.023012692 0.999724984 -0.004492355 -0.046721686 0.471175671 0.014808966 0.881915092 3.209728241
0.860476375 0.013834191 -0.509302437 -1.372763753 -0.018796040 0.999812722 -0.004598341 -0.052577578 0.509143472 0.013529636 0.860575318 3.385225534
0.835455537 0.015422912 -0.549341500 -1.534380198 -0.019399434 0.999810755 -0.001433301 -0.055428099 0.549215496 0.011854374 0.835596681 3.565050125
0.806299984 0.021077374 -0.591131151 -1.711743832 -0.024067042 0.999706268 0.002818213 -0.062962048 0.591017008 0.011954452 0.806570530 3.729295492
0.773655951 0.024209127 -0.633143187 -1.913558245 -0.027467715 0.999611735 0.004657981 -0.064913288 0.633010268 0.013787321 0.774020672 3.906885147
0.737935126 0.023338836 -0.674467921 -2.127560616 -0.026534172 0.999632418 0.005559583 -0.067300454 0.674349785 0.013793840 0.738283157 4.071809769
0.697830617 0.018901944 -0.716013193 -2.344164371 -0.020473700 0.999769628 0.006439004 -0.063667603 0.715969980 0.010166110 0.698056936 4.240941048
0.654952109 0.015165204 -0.755518079 -2.582764149 -0.014913639 0.999863207 0.007141337 -0.063462846 0.755523145 0.006590292 0.655088723 4.404250622
0.611273706 0.014788434 -0.791281044 -2.845327139 -0.012376246 0.999881744 0.009126225 -0.062942266 0.791322529 0.004214467 0.611384451 4.536008358
0.562918246 0.015390560 -0.826369226 -3.122959137 -0.009873739 0.999880433 0.011896148 -0.060660701 0.826453626 0.001462795 0.563002944 4.675421715
0.511940718 0.015867427 -0.858874142 -3.418550014 -0.008086471 0.999874055 0.013652330 -0.054680333 0.858982801 -0.000043923 0.512004554 4.800391197
0.459614962 0.017156063 -0.887952507 -3.722918034 -0.007707329 0.999852777 0.015328675 -0.045647025 0.888084769 -0.000201545 0.459679604 4.898738861
0.405020684 0.019354934 -0.914102674 -4.056454659 -0.006317872 0.999811232 0.018370379 -0.043422304 0.914285600 -0.001665201 0.405066520 4.994893074
0.349359393 0.021245779 -0.936747909 -4.409694195 -0.006176981 0.999773383 0.020371523 -0.034831643 0.936968327 -0.001330709 0.349411517 5.082789898
0.293959856 0.024546729 -0.955502450 -4.788786888 -0.003503339 0.999691129 0.024604131 -0.031600907 0.955811262 -0.003885177 0.293955028 5.158483028
0.240510449 0.026080092 -0.970296085 -5.139103889 0.000975137 0.999631882 0.027110305 -0.030607581 0.970646024 -0.007466486 0.240396500 5.212754250
0.189627841 0.026542664 -0.981497228 -5.528554916 0.003193300 0.999612510 0.027649518 -0.026175484 0.981850863 -0.008377333 0.189469576 5.247583866
0.141939551 0.027551305 -0.989491761 -5.940752983 0.000743159 0.999609351 0.027939623 -0.018231541 0.989875019 -0.004701088 0.141863585 5.268878460
0.099449769 0.027902585 -0.994651258 -6.376408577 -0.000363057 0.999607623 0.028005328 -0.008230150 0.995042443 -0.002424008 0.099420890 5.273241997
0.061730877 0.026652960 -0.997736871 -6.814914227 -0.002327483 0.999644518 0.026559923 -0.000974551 0.998090029 0.000682648 0.061770946 5.259889603
0.027177973 0.023786452 -0.999347508 -7.284196854 -0.000099151 0.999716878 0.023792548 0.004627347 0.999630570 -0.000547547 0.027172638 5.260378838
-0.003974283 0.021167401 -0.999767900 -7.759059906 0.000261529 0.999775887 0.021166528 0.009239972 0.999992013 -0.000177347 -0.003978930 5.231047153
-0.030678153 0.019291993 -0.999342978 -8.251430511 -0.000110568 0.999813616 0.019304469 0.015907243 0.999529302 0.000702721 -0.030670304 5.192357540
-0.051211521 0.016885323 -0.998544991 -8.758816719 -0.001094150 0.999855518 0.016963594 0.027261682 0.998687208 0.001961290 -0.051185653 5.144661903
-0.067843325 0.015835386 -0.997570217 -9.272541046 0.000104342 0.999874055 0.015864862 0.040758923 0.997695982 0.000972237 -0.067836434 5.104789734
-0.080870897 0.016186301 -0.996593118 -9.810112000 0.000448636 0.999868631 0.016203098 0.049606718 0.996724486 0.000863251 -0.080867529 5.050144196
-0.090396762 0.017688839 -0.995748818 -10.367424011 0.000265502 0.999842644 0.017737465 0.051140763 0.995905817 0.001339036 -0.090387240 4.989796162
-0.097354308 0.018889736 -0.995070457 -10.936779022 -0.001376268 0.999816358 0.019114479 0.051756352 0.995248795 0.003230361 -0.097310424 4.928815365
-0.101738065 0.019878039 -0.994612575 -11.536540031 -0.001681336 0.999795556 0.020153608 0.055904746 0.994809747 0.003722667 -0.101683840 4.857141018
-0.103076778 0.020518323 -0.994461715 -12.147126198 0.000398678 0.999787986 0.020586895 0.068389505 0.994673193 0.001725561 -0.103063114 4.788590431
-0.102208532 0.022702426 -0.994503796 -12.760621071 0.002258196 0.999742329 0.022589926 0.074216798 0.994760394 0.000063099 -0.102233455 4.728367329
-0.100566693 0.024985885 -0.994616508 -13.405795097 0.001358831 0.999687195 0.024975877 0.083943874 0.994929254 0.001160226 -0.100569189 4.658233643
-0.098876268 0.025057413 -0.994784176 -14.062441826 -0.000424064 0.999681830 0.025222931 0.087037414 0.995099783 0.002915800 -0.098834172 4.589271545
-0.097306982 0.022553436 -0.994998813 -14.729720116 -0.002076404 0.999736369 0.022863889 0.097152069 0.995252252 0.004290835 -0.097234495 4.521827698
-0.095910884 0.022250004 -0.995141208 -15.409145355 -0.002242143 0.999742746 0.022568986 0.112137690 0.995387435 0.004395860 -0.095836319 4.453276634
-0.093969792 0.024944779 -0.995262504 -16.114255905 -0.003029428 0.999674261 0.025341386 0.121899426 0.995570421 0.005396400 -0.093863621 4.379415989
-0.092292652 0.028726535 -0.995317340 -16.829917908 -0.003951119 0.999565303 0.029215509 0.128520399 0.995724082 0.006628996 -0.092139043 4.311961651
-0.090591297 0.030730490 -0.995413840 -17.559673309 -0.003877117 0.999505281 0.031209651 0.141266704 0.995880604 0.006686660 -0.090427339 4.241156578
-0.088787585 0.030059887 -0.995596766 -18.302328110 -0.005924177 0.999510884 0.030706381 0.152623415 0.996033013 0.008624438 -0.088566080 4.168188095
-0.087146409 0.026778804 -0.995835483 -19.057197571 -0.008659272 0.999580443 0.027637295 0.171193361 0.996157885 0.011031700 -0.086877979 4.092705727
-0.085622944 0.026201561 -0.995982945 -19.831932068 -0.009057844 0.999592364 0.027075201 0.186682731 0.996286452 0.011339718 -0.085350715 4.028840065
-0.084058888 0.028810479 -0.996044278 -20.607118607 -0.006883687 0.999541223 0.029492566 0.197656155 0.996436954 0.009335568 -0.083822019 3.962390184
-0.082900561 0.030899242 -0.996078610 -21.396888733 -0.004936116 0.999494195 0.031416010 0.211985558 0.996545613 0.007521166 -0.082706109 3.895585775
-0.081551574 0.032723367 -0.996131718 -22.197759628 -0.003898657 0.999442756 0.033151306 0.224435061 0.996661544 0.006587117 -0.081378542 3.828223705
-0.080822527 0.028191490 -0.996329606 -23.003652573 -0.003807042 0.999583960 0.028592395 0.233983368 0.996721268 0.006103979 -0.080681555 3.755409718
-0.080664314 0.021023624 -0.996519506 -23.800525665 -0.002687893 0.999769330 0.021309756 0.245664775 0.996737719 0.004397477 -0.080589198 3.694653988
-0.080889903 0.016642315 -0.996584117 -24.624114990 0.001271911 0.999861479 0.016593814 0.254392952 0.996722162 0.000074705 -0.080899872 3.627911091
-0.081329592 0.017241200 -0.996538222 -25.453680038 0.002542479 0.999850631 0.017091017 0.266876280 0.996684015 -0.001143672 -0.081361301 3.559169769
-0.081300028 0.024921339 -0.996378124 -26.293399811 0.001796874 0.999689400 0.024857543 0.271481693 0.996688068 0.000230553 -0.081319593 3.483295918
-0.081869610 0.031951908 -0.996130764 -27.149969101 0.000016283 0.999485970 0.032058191 0.282037914 0.996643066 0.002608372 -0.081828050 3.413766623
-0.081971191 0.037442811 -0.995931149 -27.971393585 -0.001870087 0.999286532 0.037722874 0.288968921 0.996632874 0.004954667 -0.081842676 3.331122637
-0.082457267 0.037662618 -0.995882690 -28.815292358 -0.003655483 0.999267459 0.038093291 0.302449286 0.996587813 0.006781500 -0.082259178 3.256073713
-0.082613967 0.034085196 -0.995998502 -29.654367447 -0.003745393 0.999397337 0.034512173 0.319312155 0.996574521 0.006581593 -0.082436487 3.176328421
-0.082709715 0.031180102 -0.996085763 -30.500200272 -0.003977150 0.999492168 0.031616971 0.338557959 0.996565759 0.006576613 -0.082543693 3.090936422
-0.082904063 0.032786716 -0.996017933 -31.328920364 -0.005263975 0.999430239 0.033337183 0.349418938 0.996543646 0.008006802 -0.082684226 3.016840458
-0.082913660 0.034984991 -0.995942473 -32.169685364 -0.006231603 0.999345839 0.035623334 0.361216426 0.996537268 0.009159978 -0.082641423 2.944339752
-0.082747042 0.033689249 -0.996000946 -32.995674133 -0.007182968 0.999382257 0.034400385 0.369667351 0.996544719 0.010000775 -0.082453944 2.868969917
-0.082526758 0.028501928 -0.996181190 -33.821086884 -0.007775974 0.999541938 0.029242273 0.382538378 0.996558547 0.010159550 -0.082267337 2.799223900
-0.082150444 0.024100600 -0.996328473 -34.654106140 -0.009343012 0.999644876 0.024951182 0.397234857 0.996576130 0.011358460 -0.081896119 2.717996836
-0.081554770 0.025026117 -0.996354580 -35.480133057 -0.009244132 0.999622643 0.025864866 0.401403666 0.996625960 0.011319839 -0.081292659 2.649005413
-0.080912285 0.027436379 -0.996343493 -36.308300018 -0.007884280 0.999572098 0.028165560 0.409528852 0.996689975 0.010134392 -0.080661349 2.579060316
-0.080184050 0.032481439 -0.996250749 -37.158752441 -0.007709456 0.999418795 0.033205234 0.420735538 0.996750295 0.010343080 -0.079887033 2.497659206
-0.079826340 0.038032740 -0.996082962 -37.987922668 -0.007053605 0.999225259 0.038718000 0.438251734 0.996783853 0.010116694 -0.079496227 2.434684515
-0.079843871 0.041328959 -0.995950162 -38.839088440 -0.007655934 0.999085367 0.042072818 0.452416539 0.996778011 0.010984187 -0.079454429 2.353804588
-0.079570942 0.041388679 -0.995969534 -39.670875549 -0.007002570 0.999089777 0.042077802 0.471532822 0.996804655 0.010322518 -0.079208694 2.284563780
-0.079350173 0.036680065 -0.996171772 -40.491825104 -0.007646114 0.999271035 0.037403233 0.493742228 0.996817470 0.010584797 -0.079011865 2.215282440
-0.079133660 0.032569457 -0.996331811 -41.328014374 -0.007950731 0.999413788 0.033301689 0.508679807 0.996832311 0.010556851 -0.078828305 2.136353731
-0.078760803 0.029587515 -0.996454298 -42.149295807 -0.012522221 0.999451220 0.030666269 0.522964358 0.996814966 0.014893121 -0.078347079 2.056782246
-0.079105705 0.028061947 -0.996471167 -42.974266052 -0.015287246 0.999452114 0.029359482 0.530645251 0.996749043 0.017555805 -0.078633368 1.979570866
-0.080041423 0.026117705 -0.996449292 -43.796825409 -0.013819217 0.999531448 0.027308542 0.538724899 0.996695757 0.015955964 -0.079643011 1.920665741
-0.081210151 0.022137923 -0.996451080 -44.626407623 -0.010321793 0.999680936 0.023050899 0.549984574 0.996643543 0.012157130 -0.080955759 1.855034113
-0.081610374 0.020852447 -0.996446133 -45.448009491 -0.005900797 0.999753416 0.021404944 0.558472693 0.996646941 0.007626691 -0.081467204 1.780574083
-0.083682969 0.024512907 -0.996190965 -46.271903992 -0.005908773 0.999667525 0.025094816 0.561076462 0.996474922 0.007986275 -0.083510324 1.707364798
-0.085196704 0.030647110 -0.995892644 -47.096336365 -0.003559597 0.999511003 0.031062976 0.567160428 0.996357858 0.006191440 -0.085045971 1.628204107
-0.087000743 0.034806028 -0.995599985 -47.890148163 -0.001414230 0.999384105 0.035061907 0.573516130 0.996207297 0.004458419 -0.086897932 1.563962460
-0.088488467 0.033697110 -0.995507002 -48.699977875 -0.001355159 0.999422550 0.033950109 0.586038232 0.996076286 0.004353263 -0.088391691 1.486980438
-0.089793578 0.029755984 -0.995515764 -49.496994019 -0.004785597 0.999529064 0.030307600 0.596405864 0.995949030 0.007485565 -0.089608908 1.408179760
-0.090774097 0.026217211 -0.995526254 -50.284561157 -0.009893813 0.999580264 0.027226117 0.601886451 0.995822489 0.012320978 -0.090476602 1.318690777
-0.092250451 0.025366016 -0.995412588 -51.071342468 -0.013624473 0.999549687 0.026734097 0.606741548 0.995642662 0.016028209 -0.091863319 1.235857010
-0.092907585 0.025971357 -0.995335937 -51.861858368 -0.015998621 0.999491632 0.027573150 0.615543604 0.995546222 0.018485751 -0.092444859 1.153492451
-0.094031908 0.027743021 -0.995182455 -52.649612427 -0.015851147 0.999443233 0.029359521 0.622251272 0.995442986 0.018535517 -0.093539782 1.075478077
-0.094796710 0.027026935 -0.995129645 -53.431480408 -0.017757453 0.999426305 0.028835215 0.629983306 0.995338261 0.020404449 -0.094262414 0.991946697
-0.095338486 0.026936192 -0.995080411 -54.209156036 -0.018491620 0.999413371 0.028825164 0.637752533 0.995273054 0.021148797 -0.094784483 0.910335541
-0.095901810 0.028688554 -0.994977295 -54.985160828 -0.016700465 0.999397397 0.030425696 0.647026181 0.995250642 0.019534465 -0.095364906 0.834091187
-0.096050665 0.031535536 -0.994876742 -55.755500793 -0.016180797 0.999316454 0.033238444 0.658893585 0.995244920 0.019290473 -0.095474720 0.758059025
-0.096297868 0.035806317 -0.994708359 -56.532859802 -0.016048910 0.999166906 0.037520513 0.668140888 0.995223165 0.019577133 -0.095643014 0.677267551
-0.096853368 0.037945904 -0.994575024 -57.294143677 -0.016164819 0.999081075 0.039691985 0.681596875 0.995167375 0.019921428 -0.096150994 0.600547314
-0.097593315 0.037918426 -0.994503796 -58.045768738 -0.015858559 0.999087751 0.039649446 0.692823172 0.995100021 0.019640917 -0.096902937 0.525114536
-0.097867444 0.036190305 -0.994541228 -58.787185669 -0.015160893 0.999168396 0.037850585 0.701189399 0.995083928 0.018782474 -0.097237363 0.449902534
-0.097869419 0.032263368 -0.994676173 -59.516162872 -0.014447792 0.999323010 0.033835661 0.720155239 0.995094419 0.017682347 -0.097336993 0.371833324
-0.097631715 0.029376503 -0.994788945 -60.251827240 -0.015363352 0.999400616 0.031020500 0.727939248 0.995104015 0.018311873 -0.097121865 0.291108131
-0.096509337 0.027047379 -0.994964480 -60.957874298 -0.015742566 0.999464214 0.028696693 0.737861276 0.995207548 0.018432796 -0.096031815 0.221011639
-0.094104819 0.026245922 -0.995216310 -61.651565552 -0.018647745 0.999430478 0.028120343 0.742587388 0.995387614 0.021204798 -0.093561821 0.146641731
-0.089364901 0.027044194 -0.995631695 -62.350372314 -0.018473754 0.999414206 0.028805090 0.750710964 0.995827615 0.020967221 -0.088812955 0.071437836
-0.083965838 0.029019272 -0.996046007 -62.995796204 -0.018438080 0.999359429 0.030670119 0.748781919 0.996298015 0.020940416 -0.083376989 0.026140690
-0.077030048 0.030516965 -0.996561587 -63.639354706 -0.017120095 0.999343574 0.031925470 0.757224560 0.996881783 0.019520449 -0.076457039 -0.016713142
-0.068098664 0.031680252 -0.997175395 -64.277168274 -0.018323435 0.999287426 0.032998681 0.763617635 0.997510314 0.020518849 -0.067469634 -0.061602116
-0.056268334 0.033558469 -0.997851491 -64.900527954 -0.020196453 0.999192238 0.034742415 0.770756125 0.998211443 0.022107963 -0.055545114 -0.100541592
-0.041304339 0.034894250 -0.998537064 -65.505119324 -0.023220301 0.999086440 0.035873950 0.780156493 0.998876631 0.024668084 -0.040456358 -0.127841473
-0.023065019 0.036250975 -0.999076486 -66.098587036 -0.024467450 0.999022484 0.036813874 0.787970066 0.999434531 0.025293970 -0.022155501 -0.135051012
-0.001035377 0.036743507 -0.999324143 -66.664466858 -0.025731321 0.998992801 0.036757976 0.804139018 0.999668300 0.025751993 -0.000088871 -0.118979327
0.024893627 0.037411481 -0.998989880 -67.178565979 -0.025449563 0.998999417 0.036777664 0.804083586 0.999366105 0.024508325 0.025820818 -0.099482536
0.054223806 0.036870245 -0.997847974 -67.702560425 -0.024100948 0.999075294 0.035605937 0.812902689 0.998237967 0.022118393 0.055062260 -0.052129507
0.088668942 0.036339719 -0.995398045 -68.209579468 -0.022861063 0.999145329 0.034440082 0.825651526 0.995798767 0.019702096 0.089423910 0.012064457
0.125840813 0.036496356 -0.991378963 -68.684967041 -0.022512943 0.999170840 0.033925526 0.834053516 0.991795003 0.018049641 0.126558080 0.103762627
0.167220414 0.036817063 -0.985231996 -69.133857727 -0.022549257 0.999184012 0.033511214 0.830307603 0.985661685 0.016612489 0.167914137 0.192378044
0.212446839 0.037769135 -0.976442456 -69.559265137 -0.022156961 0.999182105 0.033827968 0.838880539 0.976921320 0.014448360 0.213109910 0.304089546
0.260295093 0.036494736 -0.964839220 -69.970794678 -0.018306779 0.999292314 0.032859091 0.832483172 0.965355456 0.009110038 0.260778993 0.456916809
0.309860706 0.031612538 -0.950256348 -70.376525879 -0.010739230 0.999499798 0.029748872 0.831438899 0.950721323 0.000987018 0.310045183 0.637744904
0.362363607 0.026842745 -0.931650162 -70.750289917 -0.005631250 0.999629974 0.026611121 0.825123966 0.932019770 -0.004396547 0.362380773 0.807060242
0.414441943 0.022359414 -0.909800947 -71.131347656 -0.000854130 0.999707162 0.024179883 0.830021739 0.910075366 -0.009244072 0.414339751 1.026283264
0.465859711 0.021129578 -0.884606242 -71.514480591 -0.001110154 0.999728024 0.023294725 0.848003209 0.884857833 -0.009870024 0.465756476 1.261631012
0.513699830 0.020402025 -0.857727289 -71.876647949 0.000416472 0.999711156 0.024028704 0.846707344 0.857969761 -0.012700759 0.513543010 1.521141052
0.558482051 0.015336148 -0.829374790 -72.229576111 0.008614650 0.999667883 0.024285993 0.860379577 0.829471767 -0.020708064 0.558164477 1.814094543
0.601979494 0.008714546 -0.798464000 -72.544784546 0.019234657 0.999491990 0.025410024 0.859088242 0.798279762 -0.030654494 0.601506114 2.121440887
0.644557595 0.003809726 -0.764546216 -72.869720459 0.020332880 0.999548554 0.022122566 0.861466050 0.764285266 -0.029804695 0.644189119 2.437808990
0.686748087 0.000655222 -0.726895094 -73.141220093 0.016107138 0.999740243 0.016118687 0.846137226 0.726717055 -0.022777677 0.686559200 2.716392517
0.727391064 -0.006477979 -0.686192572 -73.425117493 0.013135404 0.999903560 0.004484482 0.851560652 0.686097503 -0.012275386 0.727406204 3.057884216
0.766681969 -0.008804319 -0.641966641 -73.697479248 0.008196997 0.999958634 -0.003924606 0.854987860 0.641974807 -0.002253272 0.766722560 3.422199249
0.803396523 -0.009296437 -0.595371664 -73.948860168 0.006354154 0.999954998 -0.007039499 0.850947618 0.595410526 0.001872430 0.803419590 3.819156647
0.836922169 -0.010259905 -0.547225595 -74.173744202 0.006991356 0.999943018 -0.008055367 0.835778356 0.547277093 0.002915872 0.836946487 4.239105225
0.867844522 -0.008111702 -0.496769547 -74.431785583 0.003138766 0.999936283 -0.010844513 0.833564043 0.496825874 0.007852108 0.867814720 4.698228836
0.893613338 -0.006703120 -0.448787630 -74.639526367 0.002687293 0.999950409 -0.009584461 0.821430385 0.448829621 0.007358777 0.893587053 5.177091599
0.914536655 -0.000880100 -0.404502034 -74.830726624 -0.002944753 0.999956667 -0.008833447 0.812144995 0.404492259 0.009269670 0.914494455 5.672966003
0.931886077 0.003539031 -0.362733930 -75.016731262 -0.007847184 0.999915063 -0.010404186 0.803912163 0.362666309 0.012541956 0.931834579 6.190105438
0.945139050 0.008456507 -0.326558888 -75.187820435 -0.012117989 0.999884427 -0.009179523 0.794874847 0.326443493 0.012633163 0.945132315 6.725530624
0.955144465 0.009406194 -0.295990676 -75.356597900 -0.012127559 0.999899268 -0.007359427 0.783430517 0.295891613 0.010618960 0.955162466 7.271287918
0.962338448 0.008640382 -0.271716923 -75.503677368 -0.010690737 0.999924362 -0.006066526 0.773956120 0.271643877 0.008742906 0.962358117 7.854070663
0.968059897 0.009118197 -0.250553250 -75.645698547 -0.010377821 0.999939263 -0.003706631 0.759469330 0.250504225 0.006188438 0.968095660 8.451036453
0.972642660 0.011558719 -0.232018679 -75.791824341 -0.012200312 0.999924660 -0.001330476 0.755259573 0.231985778 0.004124776 0.972710490 9.069507599
0.976102889 0.016610488 -0.216672987 -75.930274963 -0.017035203 0.999854803 -0.000092465 0.751942933 0.216639996 0.003781323 0.976244211 9.697635651
0.978783667 0.020320047 -0.203886628 -76.050109863 -0.020431785 0.999789953 0.001557138 0.736634851 0.203875378 0.002641666 0.978993297 10.331905365
0.981547415 0.018932009 -0.190280020 -76.202636719 -0.019080162 0.999817371 0.001053582 0.733818829 0.190265238 0.002596433 0.981729209 11.020923615
0.984067500 0.018866256 -0.176791370 -76.315338135 -0.019027386 0.999818563 0.000784021 0.725456715 0.176774114 0.002592348 0.984248042 11.701280594
0.986639917 0.018940739 -0.161811113 -76.429344177 -0.019013539 0.999818563 0.001098759 0.724354029 0.161802575 0.001992522 0.986821175 12.399217606
0.988819063 0.020373898 -0.147722244 -76.531814575 -0.020361405 0.999791384 0.001596963 0.717821002 0.147723958 0.001428725 0.989027619 13.102942467
0.990657449 0.021021677 -0.134744719 -76.641212463 -0.021345275 0.999771714 -0.000957167 0.704119027 0.134693831 0.003824387 0.990879893 13.838453293
0.992033243 0.021320917 -0.124158695 -76.729660034 -0.022256684 0.999733269 -0.006154560 0.686022639 0.123994373 0.008868888 0.992243290 14.568020821
0.993261695 0.019590823 -0.114226222 -76.816680908 -0.021143708 0.999699473 -0.012399029 0.676754117 0.113949008 0.014730644 0.993377328 15.307662010
0.994173706 0.019517798 -0.106008500 -76.900161743 -0.020987581 0.999698162 -0.012766853 0.667281032 0.105727345 0.014917329 0.994283319 16.065849304
0.994818151 0.021196943 -0.099436194 -76.974502563 -0.021949699 0.999738038 -0.006482219 0.649932742 0.099272743 0.008631223 0.995022714 16.834335327
0.995213211 0.026029918 -0.094196893 -77.053741455 -0.025995331 0.999660730 0.001594438 0.629260540 0.094206423 0.000861873 0.995552301 17.601959229
0.995575011 0.026758373 -0.090079248 -77.140830994 -0.026396370 0.999637902 0.005207851 0.620956659 0.090185992 -0.002807042 0.995920956 18.401489258
0.995915830 0.025665203 -0.086562350 -77.208503723 -0.025393998 0.999668539 0.004232930 0.609166801 0.086642303 -0.002017478 0.996237457 19.170829773
0.996168435 0.025809024 -0.083560511 -77.272750854 -0.025622429 0.999666274 0.003304837 0.597241104 0.083617911 -0.001151150 0.996497333 19.936059952
0.996477246 0.024837034 -0.080102071 -77.345298767 -0.024486177 0.999685764 0.005359578 0.590417445 0.080210023 -0.003379304 0.996772289 20.707563400
0.996725857 0.022465451 -0.077671617 -77.414169312 -0.021897737 0.999726892 0.008153317 0.575902402 0.077833571 -0.006425790 0.996945739 21.490949631
0.996959388 0.019575721 -0.075423323 -77.455001831 -0.018901732 0.999774814 0.009639682 0.571778417 0.075595036 -0.008184742 0.997105122 22.252025604
0.997221470 0.018220769 -0.072231226 -77.530204773 -0.017846370 0.999823689 0.005825465 0.560927033 0.072324648 -0.004520213 0.997370899 23.017948151
0.997289419 0.020853063 -0.070561282 -77.590560913 -0.021015096 0.999777973 -0.001554686 0.552694559 0.070513189 0.003033324 0.997506320 23.771064758
0.997408867 0.021943018 -0.068513878 -77.650588989 -0.022595635 0.999706209 -0.008764839 0.532850862 0.068301439 0.010290240 0.997611582 24.520254135
0.997432470 0.022640821 -0.067939579 -77.699104309 -0.023590200 0.999634504 -0.013204132 0.520751953 0.067615777 0.014772939 0.997602046 25.275835037
0.997552097 0.024971629 -0.065315425 -77.761589050 -0.025767809 0.999603212 -0.011375749 0.496181965 0.065005437 0.013030943 0.997799754 26.025833130
0.997625291 0.028154468 -0.062856436 -77.820381165 -0.028677322 0.999561131 -0.007431460 0.475814730 0.062619619 0.009216369 0.997994900 26.789115906
0.997686863 0.031250712 -0.060366929 -77.876983643 -0.031444855 0.999502897 -0.002268520 0.458259910 0.060266025 0.004161504 0.998173714 27.544582367
0.997892857 0.029199189 -0.057941359 -77.920822144 -0.029262502 0.999571800 -0.000244452 0.440256745 0.057909425 0.001939446 0.998319983 28.292163849
0.998063684 0.026439782 -0.056301128 -77.967353821 -0.026499391 0.999648750 -0.000312285 0.425966263 0.056273095 0.001803625 0.998413861 29.045936584
0.998164475 0.024946949 -0.055183575 -78.009429932 -0.024997549 0.999687374 -0.000226786 0.408384234 0.055160671 0.001605824 0.998476207 29.793985367
0.998209298 0.024684681 -0.054485790 -78.049789429 -0.024832232 0.999689519 -0.002032695 0.394710600 0.054418691 0.003382059 0.998512506 30.540735245
0.998319387 0.022468157 -0.053418625 -78.102218628 -0.022683712 0.999736786 -0.003432254 0.384102434 0.053327441 0.004638217 0.998566270 31.300903320
0.998367429 0.021316350 -0.052991860 -78.142395020 -0.021527760 0.999762297 -0.003421785 0.370829463 0.052906331 0.004556995 0.998589098 32.062446594
0.998338878 0.024824888 -0.051991820 -78.195152283 -0.024980407 0.999685168 -0.002343342 0.357628703 0.051917281 0.003638226 0.998644650 32.835044861
0.998351216 0.024856649 -0.051737543 -78.243621826 -0.025071543 0.999679506 -0.003508515 0.347538501 0.051633753 0.004799871 0.998654485 33.609657288
0.998287380 0.024016662 -0.053341661 -78.292800903 -0.024222510 0.999701440 -0.003215811 0.330180585 0.053248495 0.004502372 0.998571098 34.373329163
0.998213232 0.022702584 -0.055270202 -78.334182739 -0.022881914 0.999734759 -0.002613881 0.313767463 0.055196200 0.003873898 0.998467922 35.153629303
0.997991383 0.024494769 -0.058420531 -78.386100769 -0.024708835 0.999690354 -0.002944621 0.303577632 0.058330309 0.004382210 0.998287737 35.937644958
0.997729957 0.028078007 -0.061207235 -78.448493958 -0.028313752 0.999594629 -0.002987544 0.286196440 0.061098535 0.004713769 0.998120546 36.730117798
0.997547388 0.028536012 -0.063912585 -78.507904053 -0.029098447 0.999545455 -0.007886447 0.270300955 0.063658491 0.009726861 0.997924328 37.523632050
0.997358263 0.029961018 -0.066172756 -78.569435120 -0.030797139 0.999457717 -0.011651514 0.263937593 0.065787762 0.013658666 0.997740269 38.331806183
0.997291327 0.029181616 -0.067516930 -78.638877869 -0.030116908 0.999463439 -0.012876383 0.242896736 0.067104951 0.014874907 0.997635007 39.140007019
0.997135460 0.030261721 -0.069319054 -78.712318420 -0.031104963 0.999454319 -0.011117564 0.217071235 0.068944797 0.013241883 0.997532606 39.957000732
0.996984124 0.027915962 -0.072412126 -78.762619019 -0.028803714 0.999521732 -0.011244352 0.208221316 0.072063617 0.013296179 0.997311413 40.785114288
0.996848941 0.027604271 -0.074365340 -78.824859619 -0.028390272 0.999551356 -0.009533018 0.192473412 0.074068837 0.011614230 0.997185469 41.614292145
0.996802390 0.026643056 -0.075332947 -78.896438599 -0.027123576 0.999617696 -0.005362506 0.168402433 0.075161278 0.007388658 0.997143984 42.449169159
0.996755481 0.025999440 -0.076173514 -78.963859558 -0.026111158 0.999658883 -0.000470849 0.153949276 0.076135300 0.002458300 0.997094452 43.302673340
0.996790767 0.025662957 -0.075826615 -79.029754639 -0.025632825 0.999670446 0.001370771 0.141981736 0.075836800 0.000577278 0.997120082 44.162796021
0.996856391 0.029226864 -0.073641241 -79.100242615 -0.029210778 0.999572337 0.001295703 0.130803198 0.073647618 0.000859488 0.997283995 45.013526917
0.997033775 0.028393405 -0.071535036 -79.171775818 -0.028437005 0.999595463 0.000408987 0.115280032 0.071517713 0.001626468 0.997437894 45.871452332
0.997186780 0.026035178 -0.070289336 -79.228767395 -0.026241427 0.999653578 -0.002012345 0.102554969 0.070212603 0.003851176 0.997524559 46.734279633
0.997386754 0.022074789 -0.068791114 -79.283058167 -0.022363828 0.999743938 -0.003434311 0.085208669 0.068697691 0.004963769 0.997625113 47.605613708
0.997570038 0.021000762 -0.066428944 -79.353096008 -0.021309363 0.999765158 -0.003940473 0.075711340 0.066330574 0.005346457 0.997783363 48.477977753
0.997671425 0.018504163 -0.065643616 -79.409355164 -0.018619169 0.999826014 -0.001140614 0.057215866 0.065611102 0.002360188 0.997842431 49.351974487
0.997801304 0.015996566 -0.064317778 -79.473571777 -0.015975067 0.999871969 0.000848581 0.048553642 0.064323135 0.000180766 0.997929096 50.229110718
0.997824788 0.015825743 -0.063995108 -79.525161743 -0.015767453 0.999874651 0.001415829 0.028070413 0.064009517 -0.000403709 0.997949183 51.109420776
0.997888684 0.017819654 -0.062453482 -79.588439941 -0.017980339 0.999836266 -0.002011693 0.010919370 0.062407404 0.003130381 0.998045802 51.974399567
0.997903585 0.020156624 -0.061498269 -79.654434204 -0.020648180 0.999759674 -0.007367933 -0.012713730 0.061334975 0.008622314 0.998079956 52.831180573
0.997915626 0.022084102 -0.060636368 -79.710571289 -0.022916429 0.999652028 -0.013065493 -0.029989183 0.060326718 0.014427828 0.998074353 53.691646576
0.997849166 0.026990779 -0.059738334 -79.776268005 -0.028177109 0.999420285 -0.019106070 -0.052738667 0.059188012 0.020748228 0.998031139 54.542354584
0.997897685 0.026781084 -0.059016678 -79.825714111 -0.027973803 0.999418914 -0.019477040 -0.087010622 0.058460757 0.021087013 0.998066902 55.393657684
0.997968912 0.023966992 -0.059022482 -79.877853394 -0.024816386 0.999598026 -0.013700169 -0.106382906 0.058670424 0.015137061 0.998162627 56.244712830
0.997952044 0.023712773 -0.059409194 -79.935821533 -0.024028277 0.999700546 -0.004601799 -0.131587863 0.059282299 0.006019874 0.998223126 57.101001740
0.997898281 0.022629259 -0.060720704 -79.989028931 -0.022478774 0.999742270 0.003160378 -0.154349983 0.060776576 -0.001788812 0.998149753 57.956951141
0.997800708 0.019585697 -0.063327372 -80.043411255 -0.019591616 0.999807894 0.000527568 -0.164249942 0.063325532 0.000714277 0.997992635 58.785362244
0.997790337 0.015394405 -0.064633876 -80.100830078 -0.015586046 0.999875486 -0.002461754 -0.187691748 0.064587921 0.003463699 0.997905970 59.620033264
0.997632027 0.013934739 -0.067352466 -80.161544800 -0.014240908 0.999890327 -0.004067707 -0.205971897 0.067288406 0.005017235 0.997720897 60.435844421
0.997404993 0.015910154 -0.070214108 -80.224662781 -0.016394854 0.999845564 -0.006332230 -0.226162344 0.070102505 0.007466948 0.997511864 61.259056091
0.997165620 0.017494833 -0.073175915 -80.298957825 -0.018259639 0.999785244 -0.009795617 -0.247867346 0.072988838 0.011104019 0.997270942 62.074100494
0.996859074 0.018574875 -0.076986417 -80.374000549 -0.019643856 0.999720454 -0.013151241 -0.267843604 0.076720625 0.014622244 0.996945381 62.888484955
0.996569872 0.020602010 -0.080149554 -80.443786621 -0.022012975 0.999617219 -0.016760448 -0.297823370 0.079773568 0.018467290 0.996641934 63.689876556
0.996207476 0.025542751 -0.083175600 -80.534523010 -0.027031083 0.999493062 -0.016817013 -0.323087454 0.082703903 0.019001564 0.996392965 64.484542847
0.995804012 0.029099112 -0.086761452 -80.614784241 -0.030514212 0.999421239 -0.015028641 -0.345370293 0.086273916 0.017613040 0.996115744 65.288223267
0.995392203 0.032087673 -0.090358920 -80.701675415 -0.033035133 0.999413371 -0.009009102 -0.369774461 0.090016857 0.011952607 0.995868504 66.089614868
0.994992852 0.032576676 -0.094488017 -80.785316467 -0.033029683 0.999449134 -0.003233935 -0.392037630 0.094330631 0.006338650 0.995520711 66.904197693
0.994538963 0.031812850 -0.099398933 -80.867637634 -0.031948771 0.999489427 0.000224381 -0.408439279 0.099355325 0.002952518 0.995047629 67.694808960
0.993879855 0.031361546 -0.105921119 -80.957298279 -0.031399138 0.999506056 0.001313096 -0.421302378 0.105909981 0.002020772 0.994373679 68.485153198
0.993364096 0.028746996 -0.111361504 -81.052810669 -0.028361661 0.999584913 0.005043164 -0.434617341 0.111460261 -0.001851302 0.993767142 69.264099121
0.992556691 0.030308822 -0.117951483 -81.147476196 -0.029967092 0.999539912 0.004670082 -0.446428418 0.118038751 -0.001100658 0.993008375 70.046241760
0.991676092 0.035153508 -0.123865411 -81.257865906 -0.034950655 0.999381721 0.003810920 -0.457991958 0.123922780 0.000549979 0.992291689 70.817672729
0.990901053 0.037457872 -0.129275024 -81.377914429 -0.037722781 0.999288082 0.000399616 -0.471312344 0.129197970 0.004480634 0.991608739 71.579925537
0.990078092 0.036098551 -0.135802731 -81.484611511 -0.036783472 0.999320030 -0.002536787 -0.480504453 0.135618821 0.007506914 0.990732670 72.336883545
0.989268780 0.037358489 -0.141250670 -81.601005554 -0.038214318 0.999263942 -0.003350456 -0.497720361 0.141021535 0.008712301 0.989968181 73.101341248
0.988554478 0.039271064 -0.145663694 -81.724647522 -0.039458696 0.999219835 0.001602030 -0.506122530 0.145612955 0.004164005 0.989332855 73.869178772
0.987648010 0.039628390 -0.151594892 -81.851081848 -0.039215051 0.999214411 0.005716519 -0.515899837 0.151702330 0.000298892 0.988426149 74.633148193
0.986684144 0.039244004 -0.157842681 -81.977928162 -0.038428012 0.999227524 0.008219466 -0.535198092 0.158043325 -0.002044437 0.987430096 75.391593933
0.985600531 0.037240103 -0.164938301 -82.111175537 -0.037009720 0.999304950 0.004470835 -0.544160903 0.164990187 0.001697863 0.986293793 76.140663147
0.984228253 0.034469407 -0.173512399 -82.247817993 -0.035485692 0.999366343 -0.002757474 -0.549288392 0.173307449 0.008871192 0.984827816 76.880325317
0.982643068 0.031904988 -0.182742134 -82.391410828 -0.033278760 0.999436080 -0.004455158 -0.560795069 0.182496980 0.010459261 0.983150840 77.624702454
0.980579197 0.031626038 -0.193556562 -82.539710999 -0.032496270 0.999471009 -0.001321853 -0.577946663 0.193412378 0.007586047 0.981088221 78.358619690
0.978296399 0.031579439 -0.204789653 -82.703125000 -0.031267412 0.999499619 0.004760222 -0.583591700 0.204837546 0.001746334 0.978794456 79.097961426
0.975843668 0.032636613 -0.216018409 -82.874969482 -0.030622536 0.999450684 0.012665017 -0.595001221 0.216313154 -0.005744044 0.976307094 79.819038391
0.973277032 0.033268005 -0.227211237 -83.055656433 -0.030405702 0.999408185 0.016086962 -0.602337837 0.227611959 -0.008748555 0.973712683 80.544845581
0.970403790 0.036603548 -0.238697976 -83.248542786 -0.034686960 0.999323368 0.012226461 -0.615292072 0.238984048 -0.003584895 0.971017003 81.261901855
0.967380583 0.036299028 -0.250713408 -83.446510315 -0.036763769 0.999319971 0.002831103 -0.619471431 0.250645727 0.006478415 0.968057215 81.962104797
0.964229345 0.034033917 -0.262875199 -83.653648376 -0.035845615 0.999355137 -0.002097678 -0.620485246 0.262634248 0.011445565 0.964827597 82.670471191
0.960874736 0.032697096 -0.275046468 -83.858299255 -0.033112407 0.999446690 0.003134469 -0.626649439 0.274996728 0.006095620 0.961425841 83.391593933
0.957530856 0.033898678 -0.286331058 -84.083450317 -0.032241479 0.999424875 0.010501721 -0.633550882 0.286522388 -0.000823986 0.958073139 84.115432739
0.953969002 0.033779144 -0.297996730 -84.319786072 -0.030403176 0.999410331 0.015958328 -0.638287902 0.298360080 -0.006163703 0.954433501 84.825561523
0.949938715 0.031423684 -0.310851723 -84.559280396 -0.028436748 0.999495566 0.014137503 -0.641077399 0.311139137 -0.004590151 0.950353265 85.539115906
0.946220696 0.029891955 -0.322137892 -84.810760498 -0.028157499 0.999553084 0.010043452 -0.647497773 0.322294146 -0.000432725 0.946639538 86.234939575
0.943150640 0.025153669 -0.331412315 -85.053771973 -0.025541011 0.999668658 0.003187302 -0.653232157 0.331382781 0.005458502 0.943480551 86.924690247
0.940392315 0.021241512 -0.339427471 -85.309883118 -0.023524789 0.999719799 -0.002613137 -0.660855174 0.339276791 0.010442336 0.940628588 87.628532410
0.937861979 0.020749731 -0.346387774 -85.579742432 -0.023936735 0.999701321 -0.004924596 -0.666586518 0.346182108 0.012909984 0.938078463 88.330696106
0.934848011 0.026557315 -0.354053825 -85.867721558 -0.030070219 0.999537885 -0.004423155 -0.686659753 0.353772849 0.014781456 0.935214520 89.038558960
0.931768358 0.026289137 -0.362100184 -86.135749817 -0.029003659 0.999577165 -0.002062057 -0.698300481 0.361892849 0.012423590 0.932136893 89.728637695
0.928709865 0.026630906 -0.369849592 -86.422393799 -0.026850104 0.999629080 0.004556102 -0.702106357 0.369833678 0.005699204 0.929080427 90.435455322
0.925890088 0.028473217 -0.376718491 -86.709205627 -0.025488021 0.999591768 0.012907492 -0.709404111 0.376932263 -0.002349108 0.926237881 91.145744324
0.923376083 0.038923860 -0.381918222 -87.032310486 -0.033887330 0.999227345 0.019907497 -0.721342087 0.382398009 -0.005439918 0.923981726 91.844253540
0.920652509 0.045313407 -0.387744308 -87.343841553 -0.042125456 0.998972416 0.016722169 -0.716725826 0.388103694 0.000938603 0.921615243 92.537139893
0.918317258 0.041885689 -0.393622726 -87.645919800 -0.041578732 0.999091923 0.009311403 -0.717954159 0.393655270 0.007815516 0.919224977 93.225593567
0.916453898 0.034268405 -0.398669988 -87.948837280 -0.036558058 0.999329865 0.001860335 -0.721642375 0.398466617 0.012869693 0.917092562 93.918319702
0.914569199 0.034567863 -0.402949274 -88.253677368 -0.037258711 0.999304950 0.001161838 -0.724656522 0.402709424 0.013950795 0.915221572 94.614669800
0.912725329 0.041338235 -0.406477034 -88.605682373 -0.042376392 0.999080956 0.006451136 -0.735054135 0.406370163 0.011336915 0.913638234 95.312179565
0.910172582 0.043404881 -0.411948889 -88.925521851 -0.042783167 0.999026656 0.010735739 -0.740483880 0.412013888 0.007853096 0.911143720 96.023445129
0.907992184 0.039546475 -0.417116731 -89.247993469 -0.039515376 0.999180973 0.008713255 -0.749755621 0.417119652 0.008570955 0.908811152 96.721755981
0.905746162 0.038136803 -0.422101140 -89.581558228 -0.040825084 0.999162793 0.002671639 -0.760898232 0.421849638 0.014812486 0.906544745 97.409355164
0.903665483 0.035515230 -0.426763624 -89.920944214 -0.041075211 0.999148786 -0.003827074 -0.767170906 0.426264495 0.020987801 0.904355168 98.103530884
