1.000000000 0.000000000 0.000000000 0.000000000 0.000000000 1.000000000 0.000000000 0.000000000 0.000000000 0.000000000 1.000000000 0.000000000
0.999995649 0.002946995 0.000151024 -0.005929156 -0.002947202 0.999994695 0.001383992 -0.012906854 -0.000146945 -0.001384431 0.999999046 0.772523761
0.999984682 0.005492263 0.000647508 -0.013206097 -0.005493484 0.999983132 0.001899502 -0.029784314 -0.000637065 -0.001903031 0.999997973 1.537320375
0.999976516 0.006738870 0.001227070 -0.023233278 -0.006741079 0.999975622 0.001804518 -0.048118729 -0.001214880 -0.001812747 0.999997616 2.270665169
0.999962091 0.008631358 0.001114816 -0.025936352 -0.008633039 0.999961555 0.001512600 -0.061662562 -0.001101717 -0.001522167 0.999998212 2.998472214
0.999958217 0.008937514 0.001918890 -0.038024679 -0.008939993 0.999959230 0.001286580 -0.075932555 -0.001907313 -0.001303681 0.999997258 3.713091373
0.999956250 0.009140654 0.001949428 -0.032193933 -0.009144738 0.999956071 0.002096533 -0.087527670 -0.001930178 -0.002114268 0.999995887 4.410884857
0.999944389 0.010072973 0.003120019 -0.051806632 -0.010089231 0.999935448 0.005240070 -0.105129533 -0.003067034 -0.005271257 0.999981403 5.079818726
0.999940395 0.009943659 0.004514433 -0.044763815 -0.009983554 0.999910474 0.008902601 -0.108185060 -0.004425505 -0.008947140 0.999950111 5.749086857
0.999941170 0.009221781 0.005716654 -0.041749861 -0.009293226 0.999877393 0.012599666 -0.120349705 -0.005599762 -0.012652048 0.999904275 6.376500607
0.999940455 0.008450712 0.006905909 -0.043591592 -0.008551461 0.999855459 0.014691722 -0.127573609 -0.006780756 -0.014749902 0.999868214 6.981787682
0.999931037 0.009013651 0.007518133 -0.024556642 -0.009123286 0.999850631 0.014678064 -0.139196739 -0.007384708 -0.014745641 0.999863923 7.567669868
0.999917507 0.009619673 0.008508504 -0.020467872 -0.009722763 0.999878824 0.012158778 -0.148049667 -0.008390510 -0.012240501 0.999889851 8.122974396
0.999909699 0.009633019 0.009364557 -0.020110661 -0.009718005 0.999911606 0.009072433 -0.149954215 -0.009276335 -0.009162619 0.999915004 8.649062157
0.999909461 0.008049955 0.010782157 -0.007911408 -0.008133430 0.999937057 0.007720544 -0.159647658 -0.010719330 -0.007807540 0.999912083 9.149686813
0.999908388 0.004136033 0.012890024 -0.006727142 -0.004204487 0.999977171 0.005288077 -0.163635939 -0.012867859 -0.005341789 0.999902964 9.608854294
0.999887288 0.002218044 0.014848752 0.003798594 -0.002283767 0.999987662 0.004410629 -0.172132507 -0.014838784 -0.004444043 0.999880016 10.053786278
0.999842048 0.006548381 0.016520238 0.012591437 -0.006589855 0.999975264 0.002457259 -0.183112562 -0.016503738 -0.002565738 0.999860525 10.470877647
0.999746561 0.010966220 0.019661376 0.012998213 -0.011001661 0.999938011 0.001695322 -0.190266237 -0.019641569 -0.001911200 0.999805212 10.859121323
0.999672711 0.011173164 0.023011416 0.017904082 -0.011242988 0.999932528 0.002907205 -0.202008560 -0.022977380 -0.003164971 0.999730885 11.199081421
0.999630928 0.007020499 0.026240811 0.030622976 -0.007111959 0.999968946 0.003393696 -0.206550121 -0.026216168 -0.003579067 0.999649823 11.517539978
0.999580383 0.002688028 0.028841818 0.047927745 -0.002770494 0.999992192 0.002819679 -0.205473945 -0.028834015 -0.002898401 0.999579966 11.801102638
0.999514818 -0.000817382 0.031136122 0.063744694 0.000686349 0.999990880 0.004218871 -0.211044312 -0.031139286 -0.004195454 0.999506235 12.058089256
0.999435186 -0.001098248 0.033588056 0.073228501 0.000921040 0.999985635 0.005290950 -0.217167690 -0.033593383 -0.005257025 0.999421775 12.289473534
0.999352157 -0.000521566 0.035986543 0.075538702 0.000364155 0.999990344 0.004380570 -0.222631216 -0.035988480 -0.004364627 0.999342740 12.493945122
0.999297619 -0.000031576 0.037473399 0.097243458 -0.000093695 0.999994397 0.003341173 -0.233507350 -0.037473295 -0.003342337 0.999292076 12.689985275
0.999173105 0.002659317 0.040572803 0.094830491 -0.002752234 0.999993682 0.002234446 -0.235099480 -0.040566612 -0.002344264 0.999174058 12.848983765
0.999090970 0.005480118 0.042277317 0.098362230 -0.005556360 0.999983191 0.001686094 -0.240748957 -0.042267371 -0.001919469 0.999104559 13.017921448
0.999022722 0.007061960 0.043631293 0.102985851 -0.007078308 0.999974906 0.000220214 -0.248221204 -0.043628648 -0.000528834 0.999047697 13.173652649
0.998943985 0.005953073 0.045557786 0.112281196 -0.005895897 0.999981642 -0.001389294 -0.255753875 -0.045565221 0.001119223 0.998960793 13.322593689
0.998879194 0.004713433 0.047096886 0.120174281 -0.004585080 0.999985576 -0.002832951 -0.256880701 -0.047109555 0.002613832 0.998886287 13.464007378
0.998819351 0.003926745 0.048418544 0.127559483 -0.003743361 0.999985456 -0.003877576 -0.259029150 -0.048433069 0.003691751 0.998819590 13.602532387
0.998742402 0.004854067 0.049901113 0.133508608 -0.004596754 0.999975562 -0.005269952 -0.262107164 -0.049925473 0.005033940 0.998740256 13.735374451
0.998674452 0.005354105 0.051191073 0.139588058 -0.004999547 0.999962568 -0.007051717 -0.268994927 -0.051226914 0.006786439 0.998663962 13.856931686
0.998628378 0.005541616 0.052063767 0.147915661 -0.005057369 0.999942780 -0.009428179 -0.270408660 -0.052113034 0.009151940 0.998599291 13.983469963
0.998599529 0.004906443 0.052676097 0.157819852 -0.004297263 0.999922633 -0.011671679 -0.274194837 -0.052729286 0.011428971 0.998543441 14.111553192
0.998618066 0.004143800 0.052389354 0.161332428 -0.003446099 0.999904215 -0.013400963 -0.279694200 -0.052439868 0.013201904 0.998536766 14.234490395
0.998731375 0.003529835 0.050230127 0.167499438 -0.002791684 0.999887168 -0.014757977 -0.281933188 -0.050276559 0.014599029 0.998628676 14.358372688
0.998879135 0.003787341 0.047181349 0.173971236 -0.003054203 0.999873579 -0.015601145 -0.284505576 -0.047234476 0.015439556 0.998764455 14.489719391
0.999050975 0.004366712 0.043335170 0.169355616 -0.003632553 0.999848723 -0.017005734 -0.284759879 -0.043402877 0.016832177 0.998915792 14.609687805
0.999283254 0.004140226 0.037626639 0.166513681 -0.003454275 0.999826908 -0.018277248 -0.287767708 -0.037695806 0.018134179 0.999124646 14.732004166
0.999523342 0.003833464 0.030634182 0.169297978 -0.003263826 0.999821365 -0.018623250 -0.295159072 -0.030700093 0.018514389 0.999357164 14.857402802
0.999715030 0.004245872 0.023491122 0.163682595 -0.003785215 0.999800384 -0.019619664 -0.295309544 -0.023569735 0.019525155 0.999531507 14.980891228
0.999879122 0.003625639 0.015123071 0.160826206 -0.003318733 0.999789059 -0.020269811 -0.300164700 -0.015193371 0.020217169 0.999680161 15.113595009
0.999980867 0.002861155 0.005480398 0.146392792 -0.002741575 0.999760687 -0.021704243 -0.301086724 -0.005541186 0.021688802 0.999749422 15.248186111
0.999969304 0.001299409 -0.007735698 0.141467288 -0.001478046 0.999731362 -0.023131793 -0.306935787 0.007703555 0.023142517 0.999702454 15.397355080
0.999715328 0.000493094 -0.023853716 0.119706161 -0.001093786 0.999682426 -0.025175855 -0.308907092 0.023833724 0.025194777 0.999398351 15.550932884
0.999072969 0.000810538 -0.043041460 0.091855094 -0.001946557 0.999650657 -0.026358243 -0.309214085 0.043005064 0.026417591 0.998725474 15.727921486
0.997902274 0.001945165 -0.064709507 0.057220779 -0.003615533 0.999662995 -0.025706265 -0.319581777 0.064637691 0.025886299 0.997572958 15.890988350
0.996064365 0.002101018 -0.088607989 0.021524761 -0.004262208 0.999697864 -0.024208322 -0.325605154 0.088530347 0.024490712 0.995772362 16.105344772
0.993345737 0.003162736 -0.115126945 -0.029151201 -0.005832697 0.999721527 -0.022861972 -0.330131114 0.115022600 0.023381341 0.993087590 16.313253403
0.989395320 0.004213388 -0.145186648 -0.094986111 -0.007235678 0.999767780 -0.020294804 -0.341915488 0.145067453 0.021130105 0.989196062 16.537567139
0.983984828 0.004362003 -0.178198606 -0.173121557 -0.007516429 0.999826670 -0.017030466 -0.344142497 0.178093463 0.018097134 0.983847141 16.789955139
0.976570904 0.005380116 -0.215128526 -0.255702227 -0.008385324 0.999879539 -0.013059146 -0.351482809 0.215032384 0.014557103 0.976498425 17.035217285
0.966929555 0.006988324 -0.254947722 -0.362135798 -0.009243881 0.999927998 -0.007650047 -0.356592059 0.254875898 0.009753761 0.966924548 17.303125381
0.955145001 0.010497399 -0.295952410 -0.490532339 -0.011927078 0.999924302 -0.003025773 -0.356957108 0.295898229 0.006419900 0.955197871 17.565525055
0.941003442 0.014026443 -0.338106275 -0.630311549 -0.014484386 0.999894381 0.001168589 -0.359341919 0.338086933 0.003797615 0.941107213 17.840574265
0.924333870 0.016478274 -0.381228715 -0.780214190 -0.014940584 0.999863803 0.006993032 -0.363778353 0.381292045 -0.000768115 0.924454272 18.111318588
0.904887855 0.020096663 -0.425175488 -0.943857551 -0.015187589 0.999773145 0.014932755 -0.371494383 0.425379097 -0.007055079 0.904987752 18.394382477
0.883119166 0.024079023 -0.468530506 -1.118301749 -0.016018301 0.999647260 0.021182111 -0.367514789 0.468875319 -0.011201264 0.883193314 18.651794434
0.858411252 0.029862890 -0.512091994 -1.328204632 -0.019247159 0.999476075 0.026021231 -0.372790724 0.512600720 -0.012480605 0.858536363 18.927293777
0.830368757 0.032857291 -0.556244671 -1.553619146 -0.019927589 0.999372482 0.029284630 -0.368660688 0.556857884 -0.013232427 0.830502450 19.200729370
0.799554348 0.036984213 -0.599454045 -1.801418185 -0.022519264 0.999246478 0.031613711 -0.371109813 0.600171506 -0.011777617 0.799784660 19.459466934
0.765430808 0.039994553 -0.642274261 -2.073529720 -0.023143083 0.999131978 0.034635376 -0.363330662 0.643101990 -0.011646775 0.765692055 19.737932205
0.728862464 0.044013191 -0.683243990 -2.386656523 -0.024530219 0.998969615 0.038183551 -0.345415533 0.684220672 -0.011070429 0.729191065 20.007148743
0.689984322 0.043656599 -0.722506583 -2.722904682 -0.021205522 0.998970211 0.040110592 -0.318878502 0.723513663 -0.012354552 0.690199494 20.279638290
0.648727775 0.043504346 -0.759775996 -3.073428869 -0.018640067 0.998973548 0.041285019 -0.304535449 0.760792255 -0.012620460 0.648872733 20.542299271
0.607009113 0.042459264 -0.793559790 -3.456753016 -0.013223552 0.998973131 0.043334905 -0.293752044 0.794584811 -0.015811006 0.606947184 20.778989792
0.561550260 0.042333093 -0.826359034 -3.864659309 -0.008710152 0.998937488 0.045255061 -0.273903042 0.827396870 -0.018215273 0.561322212 21.034410477
0.515395105 0.044139042 -0.855815172 -4.289291859 -0.006506861 0.998845339 0.047597285 -0.258144557 0.856927931 -0.018962739 0.515087366 21.244394302
0.465293348 0.043603964 -0.884081841 -4.743776321 -0.005381552 0.998906791 0.046434946 -0.234532088 0.885140121 -0.016848138 0.465019405 21.443536758
0.413558483 0.042589858 -0.909480929 -5.233560085 0.000335586 0.998898149 0.046929751 -0.216158092 0.910477519 -0.019713407 0.413088560 21.628087997
0.359082401 0.041753784 -0.932371497 -5.741602898 0.005440120 0.998888195 0.046827704 -0.195019841 0.933290064 -0.021887217 0.358456045 21.806612015
0.305526942 0.040708099 -0.951312840 -6.251980782 0.007935843 0.998942137 0.045294929 -0.171930209 0.952150345 -0.021388294 0.304880679 21.934892654
0.252165228 0.046359755 -0.966573000 -6.807737827 0.008684009 0.998703063 0.050166342 -0.141121849 0.967645228 -0.021043936 0.251435578 22.041027069
0.200513482 0.051799957 -0.978320599 -7.407665253 0.011311254 0.998412311 0.055182088 -0.116577290 0.979625642 -0.022130786 0.199609205 22.135965347
0.152715385 0.052905601 -0.986853063 -7.993159294 0.017026551 0.998277009 0.056152888 -0.090965062 0.988123536 -0.025378110 0.151551425 22.200008392
0.108192332 0.054369707 -0.992642105 -8.610072136 0.019512879 0.998194814 0.056800637 -0.069341093 0.993938386 -0.025514700 0.106936127 22.242513657
0.068290181 0.052621741 -0.996276677 -9.243988037 0.019217633 0.998353422 0.054048695 -0.040068321 0.997480392 -0.022837078 0.067166470 22.251239777
0.032528225 0.048189752 -0.998308420 -9.880913734 0.016969591 0.998666346 0.048759952 -0.006862102 0.999326706 -0.018526960 0.031667080 22.250251770
0.004305379 0.048034836 -0.998836398 -10.556771278 0.014508399 0.998737514 0.048092615 0.029898865 0.999885440 -0.014698573 0.003603030 22.224992752
-0.016659623 0.052375395 -0.998488545 -11.260523796 0.013713959 0.998545110 0.052149560 0.058387984 0.999767184 -0.012824437 -0.017353654 22.194648743
-0.029950159 0.058497474 -0.997838199 -11.984581947 0.015370393 0.998194933 0.058057044 0.088488802 0.999433219 -0.013598346 -0.030795226 22.175872803
-0.037783362 0.060921203 -0.997427225 -12.726862907 0.014687034 0.998065889 0.060403865 0.124679610 0.999178052 -0.012366987 -0.038605034 22.137485504
-0.041625876 0.058243264 -0.997434199 -13.492755890 0.015995415 0.998210371 0.057621051 0.157329485 0.999005198 -0.013555847 -0.042483017 22.098070145
-0.040658664 0.054328658 -0.997694910 -14.268806458 0.023241140 0.998301864 0.053414576 0.194574133 0.998902738 -0.021015802 -0.041852280 22.069189072
-0.036671415 0.052828632 -0.997930050 -15.083058357 0.035476603 0.998041093 0.051530831 0.238440409 0.998697460 -0.033513449 -0.038473759 22.061155319
-0.031050000 0.052919641 -0.998115897 -15.907606125 0.035752043 0.998017251 0.051802207 0.277247101 0.998878181 -0.034076225 -0.032880422 22.037200928
-0.025806371 0.051790457 -0.998324633 -16.760404587 0.033987459 0.998125196 0.050901562 0.304988682 0.999089003 -0.032616921 -0.027518217 22.006717682
-0.022985721 0.045161404 -0.998715222 -17.619884491 0.037773326 0.998305082 0.044273499 0.343916088 0.999021888 -0.036707137 -0.024652658 21.998699188
-0.020567138 0.034358677 -0.999197900 -18.514286041 0.035381611 0.998808265 0.033616994 0.381330311 0.999162138 -0.034661826 -0.021758296 21.975690842
-0.019975619 0.026282337 -0.999454975 -19.405994415 0.027820703 0.999281943 0.025721746 0.403227627 0.999413311 -0.027291736 -0.020692470 21.939483643
-0.021205878 0.023275446 -0.999504149 -20.322433472 0.022312004 0.999491036 0.022801759 0.428123385 0.999526083 -0.021817412 -0.021714408 21.904392242
-0.024678160 0.029568482 -0.999258101 -21.290397644 0.012690593 0.999491215 0.029261963 0.446727037 0.999614894 -0.011959045 -0.025040841 21.865913391
-0.029880809 0.037778057 -0.998839319 -22.258256912 0.008178824 0.999261320 0.037549343 0.472041100 0.999520004 -0.007047323 -0.030167714 21.821617126
-0.034064915 0.047323152 -0.998298645 -23.229755402 0.006643958 0.998866975 0.047123384 0.504923344 0.999397516 -0.005027398 -0.034340728 21.770988464
-0.036042396 0.057239231 -0.997709632 -24.266151428 0.005291473 0.998355269 0.057085112 0.546366632 0.999336243 -0.003221870 -0.036285993 21.739603043
-0.037037838 0.065210186 -0.997183919 -25.285224915 0.007338769 0.997859418 0.064981773 0.591253638 0.999286950 -0.004911318 -0.037437119 21.700017929
-0.038589340 0.065781049 -0.997087657 -26.311079025 0.008417584 0.997816741 0.065503381 0.647644758 0.999219716 -0.005865336 -0.039058816 21.661041260
-0.040176950 0.062974401 -0.997206211 -27.313282013 0.006902840 0.998005629 0.062746771 0.696577251 0.999168754 -0.004362581 -0.040531531 21.609722137
-0.042667408 0.058147989 -0.997395754 -28.331827164 0.006523469 0.998299778 0.057921633 0.743670404 0.999068081 -0.004035114 -0.042974196 21.556812286
-0.047277391 0.052802380 -0.997485220 -29.363134384 0.006511829 0.998596966 0.052552588 0.790273011 0.998860598 -0.004010905 -0.047554895 21.500307083
-0.052882195 0.048456602 -0.997424424 -30.385911942 0.006967573 0.998815596 0.048154779 0.827546775 0.998576462 -0.004403096 -0.053157195 21.439298630
-0.059571709 0.046471063 -0.997141778 -31.408803940 0.006011066 0.998914421 0.046194565 0.868663073 0.998205960 -0.003241995 -0.059786383 21.362319946
-0.066457503 0.048857287 -0.996592402 -32.459827423 0.006130199 0.998801708 0.048556786 0.911604226 0.997770429 -0.002882346 -0.066677369 21.291166306
-0.072648719 0.053623583 -0.995915055 -33.528205872 0.004519261 0.998561084 0.053436387 0.953693867 0.997347355 -0.000618714 -0.072786540 21.204181671
-0.078986123 0.056700651 -0.995261908 -34.591499329 0.001333543 0.998386264 0.056772813 0.992858708 0.996874809 0.003157040 -0.078934275 21.111513138
-0.083749600 0.058859468 -0.994746983 -35.649967194 -0.000960879 0.998248756 0.059147563 1.042350650 0.996486366 0.005909417 -0.083546400 21.016809464
-0.086416781 0.060120236 -0.994443476 -36.725131989 -0.005749098 0.998130798 0.060842756 1.093027711 0.996242464 0.010974988 -0.085909627 20.910442352
-0.088200413 0.061401132 -0.994208515 -37.800998688 -0.009712745 0.997997999 0.062496811 1.144438982 0.996055365 0.015168738 -0.087427467 20.806907654
-0.089373909 0.060877841 -0.994135916 -38.884292603 -0.010713861 0.998013735 0.062078491 1.198002815 0.995940447 0.016199229 -0.088544168 20.693822861
-0.090523921 0.060366210 -0.994063079 -39.965068817 -0.011187168 0.998036504 0.061626270 1.247378588 0.995831430 0.016699398 -0.089670867 20.582298279
-0.091812104 0.059116315 -0.994020045 -41.056461334 -0.012272039 0.998093188 0.060492061 1.306941509 0.995700717 0.017752552 -0.090911560 20.483217239
-0.092308275 0.058172658 -0.994029760 -42.140872955 -0.014480978 0.998107970 0.059756059 1.359397769 0.995625138 0.019910499 -0.091291219 20.365583420
-0.093190365 0.055726424 -0.994087636 -43.214111328 -0.018957876 0.998152137 0.057731472 1.404142737 0.995467842 0.024225799 -0.091961697 20.254131317
-0.093689576 0.050968420 -0.994296074 -44.305324554 -0.023859186 0.998286963 0.053421184 1.448106766 0.995315552 0.028728096 -0.092313021 20.147701263
-0.092767164 0.050239902 -0.994419515 -45.408370972 -0.025635500 0.998274624 0.052826148 1.499102235 0.995357752 0.030392971 -0.091319188 20.034111023
-0.090978406 0.054636538 -0.994352937 -46.522499084 -0.026474224 0.998008251 0.057259645 1.540399432 0.995500863 0.031534113 -0.089350745 19.927785873
-0.089390837 0.057788260 -0.994318783 -47.642696381 -0.026644003 0.997819364 0.060387049 1.587553024 0.995640159 0.031890683 -0.087656200 19.825267792
-0.088109583 0.057216614 -0.994466186 -48.750667572 -0.024533086 0.997921467 0.059589043 1.644046426 0.995808661 0.029647689 -0.086522736 19.726871490
-0.085213944 0.056468755 -0.994761229 -49.860683441 -0.024543690 0.997970760 0.058753431 1.694424391 0.996060252 0.029421721 -0.083655082 19.622905731
-0.081490822 0.056781914 -0.995055318 -51.015552521 -0.028923886 0.997820556 0.059308454 1.752178073 0.996254325 0.033613961 -0.079670846 19.524780273
-0.075196564 0.057444368 -0.995512724 -52.142845154 -0.033971857 0.997612178 0.060131591 1.808152199 0.996589899 0.038341105 -0.073065512 19.418909073
-0.069277257 0.056931999 -0.995971560 -53.271102905 -0.037694499 0.997507930 0.059641749 1.861950159 0.996885061 0.041674469 -0.066958576 19.326688766
-0.063862987 0.056132067 -0.996378779 -54.415180206 -0.039476793 0.997493327 0.058725122 1.918029308 0.997177541 0.043084200 -0.061486982 19.247383118
-0.058082193 0.055262916 -0.996781051 -55.549423218 -0.039209027 0.997569919 0.057591353 1.973351717 0.997541547 0.042427838 -0.055774242 19.176811218
-0.052587092 0.054839399 -0.997109532 -56.697765350 -0.037751082 0.997668087 0.056861099 2.024123430 0.997902513 0.040632121 -0.050394218 19.106773376
-0.047322042 0.055592604 -0.997331440 -57.837665558 -0.036521330 0.997686148 0.057345256 2.073686123 0.998211801 0.039137568 -0.045182232 19.052724838
-0.041080251 0.057044234 -0.997526109 -59.006088257 -0.035856705 0.997641563 0.058527499 2.128135681 0.998512268 0.038172320 -0.038937952 18.994964600
-0.035556622 0.058245853 -0.997668862 -60.161716461 -0.036281358 0.997566700 0.059532948 2.181269884 0.998708963 0.038313568 -0.033356860 18.952810287
-0.030713651 0.057439018 -0.997876465 -61.328094482 -0.035880707 0.997640550 0.058529817 2.231181860 0.998884082 0.037602171 -0.028580232 18.921257019
-0.026084168 0.053271841 -0.998239338 -62.482883453 -0.035840046 0.997887254 0.054189552 2.272230625 0.999017060 0.037190434 -0.024119794 18.887477875
-0.021864554 0.047849346 -0.998615265 -63.634346008 -0.035726316 0.998178661 0.048610646 2.317548037 0.999122441 0.036739700 -0.020115249 18.863052368
-0.017726231 0.047598679 -0.998709261 -64.824371338 -0.035323296 0.998212874 0.048201978 2.358316422 0.999218762 0.036132146 -0.016013207 18.825321198
-0.015228435 0.050682664 -0.998598695 -66.003555298 -0.034427632 0.998095751 0.051182151 2.382624388 0.999291122 0.035158813 -0.013454554 18.821846008
-0.012685516 0.050487507 -0.998644114 -67.173751831 -0.035186637 0.998083472 0.050906122 2.427232027 0.999300182 0.035784699 -0.010884718 18.793512344
-0.011985289 0.050162718 -0.998669147 -68.333190918 -0.037023101 0.998033762 0.050575122 2.473089933 0.999242544 0.037579980 -0.010104544 18.778612137
-0.011059937 0.050973393 -0.998638749 -69.513793945 -0.037681334 0.997969270 0.051356539 2.515177727 0.999228597 0.038198046 -0.009116732 18.753713608
-0.009720509 0.050571766 -0.998673081 -70.692337036 -0.038300041 0.997968554 0.050908878 2.556877375 0.999219000 0.038744081 -0.007763862 18.734193802
-0.008716202 0.048944745 -0.998763442 -71.857101440 -0.038493931 0.998044729 0.049245454 2.590394497 0.999220788 0.038875572 -0.006815083 18.713510513
-0.008195277 0.047504932 -0.998837411 -73.071746826 -0.036846269 0.998178244 0.047775898 2.636632442 0.999287367 0.037194975 -0.006429967 18.707035065
-0.008353214 0.047217228 -0.998849750 -74.258422852 -0.033569876 0.998308241 0.047472369 2.678242445 0.999401450 0.033927809 -0.006754006 18.702707291
-0.007624105 0.048103672 -0.998813272 -75.432975769 -0.031618219 0.998331249 0.048321806 2.712708950 0.999470949 0.031949103 -0.006090430 18.689773560
-0.007800630 0.051018879 -0.998667240 -76.621200562 -0.031119728 0.998201549 0.051238161 2.752202749 0.999485254 0.031477943 -0.006198907 18.677986145
-0.007290496 0.054580834 -0.998482764 -77.805633545 -0.032956939 0.997953773 0.054792557 2.794636965 0.999430239 0.033306397 -0.005476761 18.667024612
-0.007108755 0.054819055 -0.998471022 -78.983253479 -0.035780143 0.997842908 0.055039320 2.832811356 0.999334395 0.036116712 -0.005131987 18.658809662
-0.006699040 0.052495837 -0.998598695 -80.159729004 -0.037086181 0.997921109 0.052709006 2.880214691 0.999289572 0.037387311 -0.004738243 18.643934250
-0.005843536 0.050203491 -0.998722017 -81.340148926 -0.037099943 0.998040557 0.050386310 2.920534372 0.999294460 0.037346955 -0.003969539 18.616165161
-0.006955914 0.049777072 -0.998736262 -82.525505066 -0.034553058 0.998151898 0.049988609 2.958153248 0.999378681 0.034857102 -0.005223109 18.624944687
-0.007049244 0.051101603 -0.998668611 -83.701904297 -0.033205926 0.998130739 0.051308464 3.001044512 0.999423742 0.033523399 -0.005339191 18.618221283
-0.006015357 0.053686947 -0.998539686 -84.884384155 -0.032430563 0.998021960 0.053854484 3.045778990 0.999455929 0.032707155 -0.004262360 18.593833923
-0.005864486 0.056388311 -0.998391688 -86.041336060 -0.033034381 0.997852981 0.056551930 3.082432032 0.999437034 0.033312902 -0.003989141 18.588279724
-0.005527678 0.056452181 -0.998389959 -87.204605103 -0.034560915 0.997797966 0.056610059 3.128626347 0.999387324 0.034818202 -0.003564466 18.572586060
-0.005825324 0.054568909 -0.998493016 -88.380294800 -0.033861082 0.997926533 0.054735504 3.171702385 0.999409616 0.034128912 -0.003965483 18.565500259
-0.004999424 0.053000972 -0.998581886 -89.553001404 -0.032959133 0.998043120 0.053137388 3.217040539 0.999444187 0.033178054 -0.003242775 18.553215027
-0.004917808 0.054168593 -0.998519659 -90.714607239 -0.031336080 0.998033047 0.054296527 3.258451939 0.999496877 0.031556711 -0.003210703 18.543502808
-0.004513016 0.056782596 -0.998376369 -91.888626099 -0.029246543 0.997951865 0.056890663 3.309646130 0.999562025 0.029455807 -0.002843079 18.528484344
-0.004654622 0.059215318 -0.998234391 -93.045646667 -0.027241562 0.997867167 0.059320565 3.353791475 0.999618053 0.027469577 -0.003031576 18.531961441
-0.004448746 0.061138455 -0.998119414 -94.214363098 -0.027818417 0.997735441 0.061238926 3.400664568 0.999603093 0.028038537 -0.002737897 18.522960663
-0.003911800 0.062797777 -0.998018682 -95.377563477 -0.030781502 0.997545719 0.062888674 3.457171679 0.999518454 0.030966526 -0.001969190 18.504785538
-0.003264247 0.062405266 -0.998045564 -96.535766602 -0.032764513 0.997508347 0.062478829 3.499832869 0.999457777 0.032904431 -0.001211435 18.492092133
-0.003293983 0.057829186 -0.998321056 -97.687767029 -0.035107117 0.997704387 0.057909302 3.557240486 0.999378085 0.035238937 -0.001256204 18.478004456
-0.002863562 0.056353420 -0.998406768 -98.845756531 -0.036437575 0.997741938 0.056420397 3.604327202 0.999331892 0.036541086 -0.000803714 18.464031219
-0.002604958 0.054764241 -0.998495877 -100.015190125 -0.035978816 0.997847617 0.054822553 3.644901991 0.999349117 0.036067501 -0.000628999 18.461336136
-0.002599107 0.055390187 -0.998461366 -101.183547974 -0.034821127 0.997854173 0.055447154 3.690129995 0.999390125 0.034911662 -0.000664781 18.461677551
-0.002559711 0.057377227 -0.998349309 -102.326080322 -0.034969982 0.997736812 0.057431687 3.736037254 0.999385059 0.035059258 -0.000547438 18.449460983
-0.002667104 0.059473641 -0.998226345 -103.496757507 -0.033779535 0.997654855 0.059529841 3.784554720 0.999425709 0.033878386 -0.000651857 18.446899414
-0.003198555 0.058274508 -0.998295486 -104.647720337 -0.037734784 0.997582555 0.058353793 3.836803913 0.999282658 0.037857112 -0.000991847 18.434144974
-0.003249206 0.059657086 -0.998213649 -105.815124512 -0.041318979 0.997358382 0.059740469 3.888737917 0.999140739 0.041439280 -0.000775653 18.419616699
-0.003488472 0.058947623 -0.998254955 -106.982978821 -0.045029018 0.997239232 0.059044998 3.941252470 0.998979568 0.045156419 -0.000824487 18.399641037
-0.003900403 0.054825161 -0.998488307 -108.155120850 -0.045830246 0.997437000 0.054946449 3.994626522 0.998941600 0.045975283 -0.001377756 18.395074844
-0.004253116 0.051082414 -0.998685360 -109.335235596 -0.045575615 0.997646749 0.051223382 4.037674427 0.998951852 0.045733560 -0.001914994 18.378965378
-0.005351771 0.050278872 -0.998720944 -110.532081604 -0.042220052 0.997833252 0.050460432 4.083251953 0.999094009 0.042436108 -0.003217398 18.371509552
-0.005865914 0.049609423 -0.998751402 -111.710098267 -0.037828192 0.998042703 0.049796395 4.124260902 0.999267042 0.038073067 -0.003977798 18.374517441
-0.005836532 0.051299129 -0.998666286 -112.917633057 -0.036840908 0.997994184 0.051479924 4.173877239 0.999304116 0.037092239 -0.003934918 18.356180191
-0.006729833 0.055446841 -0.998438895 -114.140556335 -0.035812639 0.997807741 0.055653170 4.211605072 0.999335825 0.036131274 -0.004729381 18.341938019
-0.007505611 0.055465486 -0.998432517 -115.382461548 -0.034278527 0.997859418 0.055691350 4.273480892 0.999384105 0.034642790 -0.005588270 18.338525772
-0.008570581 0.051036436 -0.998660028 -116.603332520 -0.033962540 0.998105586 0.051299572 4.323231220 0.999386370 0.034356698 -0.006821017 18.327482224
-0.009185807 0.047337774 -0.998836815 -117.837051392 -0.034588542 0.998266041 0.047628831 4.366539001 0.999359369 0.034985807 -0.007532534 18.304813385
-0.009396286 0.045889739 -0.998902321 -119.082832336 -0.033591922 0.998368084 0.046181191 4.413838387 0.999391437 0.033988975 -0.007839430 18.290473938
-0.010348805 0.046945840 -0.998843849 -120.325424194 -0.035521977 0.998249590 0.047285940 4.460726738 0.999315381 0.035970267 -0.008663082 18.271938324
-0.010210321 0.052111696 -0.998589039 -121.587135315 -0.040434252 0.997802794 0.052484095 4.501519680 0.999129951 0.040913079 -0.008080791 18.238636017
-0.010699944 0.055272005 -0.998413980 -122.848503113 -0.045701556 0.997400701 0.055705689 4.549107075 0.998897851 0.046225119 -0.008146115 18.209741592
-0.010856777 0.054937679 -0.998430729 -124.109375000 -0.052961342 0.997056603 0.055437960 4.604876041 0.998537540 0.053480111 -0.007915248 18.180753708
-0.009913914 0.052532159 -0.998570085 -125.360763550 -0.056828387 0.996975482 0.053012479 4.659508228 0.998334706 0.057272691 -0.006898611 18.142358780
-0.010958560 0.051449984 -0.998615444 -126.624237061 -0.058865786 0.996910155 0.052008111 4.707760334 0.998205781 0.059354220 -0.007896056 18.125320435
-0.011997449 0.050642293 -0.998644769 -127.886611938 -0.058602665 0.996964335 0.051261116 4.751438618 0.998209298 0.059138242 -0.008993257 18.108896255
-0.011764155 0.050331052 -0.998663306 -129.178146362 -0.056636810 0.997095525 0.050919224 4.793870449 0.998325467 0.057160128 -0.008879395 18.081998825
-0.012411070 0.050974797 -0.998622775 -130.429885864 -0.056575071 0.997064173 0.051598355 4.838272095 0.998321176 0.057137549 -0.009490731 18.065734863
-0.012942766 0.056017920 -0.998345792 -131.691619873 -0.056667984 0.996783674 0.056664929 4.884578705 0.998309195 0.057307635 -0.009726715 18.043548584
-0.013357930 0.060226914 -0.998095274 -132.970031738 -0.055890441 0.996578813 0.060883410 4.937230587 0.998347580 0.056597259 -0.009946122 18.019952774
-0.013145491 0.059138130 -0.998163223 -134.215148926 -0.055980232 0.996640325 0.059785143 4.986337185 0.998345375 0.056663308 -0.009790761 17.990533829
-0.012626815 0.057314236 -0.998276293 -135.484893799 -0.055688612 0.996766090 0.057931915 5.044987679 0.998368323 0.056324113 -0.009394231 17.975416183
-0.011349871 0.056835141 -0.998319030 -136.734481812 -0.054686598 0.996853888 0.057373457 5.097136021 0.998439074 0.055245854 -0.008206040 17.953388214
-0.010724447 0.055930678 -0.998377025 -137.984756470 -0.055171270 0.996880531 0.056439485 5.146680832 0.998419285 0.055687018 -0.007605225 17.938598633
-0.009950529 0.058272604 -0.998251081 -139.243118286 -0.055250809 0.996743441 0.058735330 5.195700169 0.998422921 0.055738635 -0.006698515 17.925611496
-0.009330369 0.061390586 -0.998070180 -140.491012573 -0.056228470 0.996502221 0.061819788 5.256996155 0.998374343 0.056696765 -0.005845835 17.907691956
-0.007932555 0.062729836 -0.997999012 -141.749984741 -0.057765666 0.996335089 0.063084386 5.309124470 0.998298705 0.058150504 -0.004279851 17.889549255
-0.006606167 0.060314886 -0.998157561 -143.006423950 -0.059875060 0.996364474 0.060602818 5.358025074 0.998184025 0.060165100 -0.002970792 17.869007111
-0.006683478 0.057404440 -0.998328626 -144.251403809 -0.058435615 0.996622443 0.057697535 5.411326408 0.998268843 0.058723573 -0.003306439 17.858634949
-0.006369906 0.055890039 -0.998416603 -145.490722656 -0.055607479 0.996872127 0.056158356 5.456898689 0.998432398 0.055877153 -0.003242078 17.850662231
-0.007012590 0.055107672 -0.998455882 -146.727371216 -0.053440746 0.997032821 0.055404469 5.506656647 0.998546362 0.053746756 -0.004046787 17.845417023
-0.007127292 0.055872496 -0.998412490 -147.954971313 -0.051155504 0.997110188 0.056164797 5.545268059 0.998665273 0.051474597 -0.004248509 17.837512970
-0.006917308 0.054141827 -0.998509228 -149.198593140 -0.049776740 0.997276604 0.054419830 5.604385853 0.998736441 0.050078973 -0.004203466 17.819318771
-0.006701209 0.053915430 -0.998522997 -150.440002441 -0.048765957 0.997339725 0.054178812 5.657650948 0.998787820 0.049056992 -0.004054145 17.805101395
-0.007085864 0.056797344 -0.998360515 -151.671905518 -0.046647418 0.997280002 0.057066951 5.705980301 0.998886287 0.046975315 -0.004417141 17.796436310
-0.007236816 0.058008313 -0.998289824 -152.904861450 -0.044082541 0.997326970 0.058271926 5.757851601 0.999001622 0.044428855 -0.004660319 17.787343979
-0.006948710 0.056862883 -0.998357832 -154.132400513 -0.041889697 0.997488976 0.057104964 5.802002907 0.999098122 0.042217717 -0.004549293 17.770967484
-0.008082420 0.057111189 -0.998335123 -155.370758057 -0.043260962 0.997413158 0.057408668 5.855874538 0.999031067 0.043652944 -0.005590827 17.761817932
-0.007913277 0.061622884 -0.998068154 -156.597839355 -0.043981418 0.997112095 0.061912566 5.912606716 0.999001026 0.044386387 -0.005180162 17.746789932
-0.007010493 0.068113714 -0.997652948 -157.835876465 -0.049000222 0.996455550 0.068376288 5.969816685 0.998774111 0.049364567 -0.003648058 17.723264694
-0.006163039 0.068568781 -0.997627378 -159.085128784 -0.053516999 0.996193945 0.068800867 6.026922226 0.998547852 0.053814046 -0.002469987 17.705633163
-0.004786644 0.064389303 -0.997913361 -160.314804077 -0.057161562 0.996275485 0.064557798 6.093273163 0.998353422 0.057351306 -0.001088224 17.683889389
-0.002819462 0.059280079 -0.998237431 -161.535812378 -0.059206344 0.996480286 0.059342954 6.145471096 0.998241782 0.059269298 0.000700218 17.665431976
-0.002234704 0.058121696 -0.998306990 -162.758682251 -0.061884202 0.996388078 0.058148492 6.193816662 0.998080850 0.061909378 0.001370183 17.654790878
-0.000927833 0.054646410 -0.998505354 -163.953964233 -0.056757264 0.996893287 0.054610927 6.240320206 0.998387516 0.056723095 0.002176630 17.662425995
-0.000298607 0.049865216 -0.998755932 -165.173980713 -0.053593893 0.997319758 0.049809538 6.292837620 0.998562694 0.053542089 0.002374664 17.653974533
-0.001016406 0.046588443 -0.998913646 -166.392654419 -0.047666516 0.997776389 0.046583910 6.330702782 0.998862743 0.047662079 0.001206562 17.656965256
-0.001776427 0.049647480 -0.998765230 -167.623382568 -0.045497932 0.997728467 0.049676869 6.374788284 0.998962820 0.045529999 0.000486465 17.651050568
-0.001078465 0.056023620 -0.998428822 -168.850112915 -0.046397176 0.997351408 0.056013271 6.420042038 0.998922527 0.046384681 0.001523729 17.641078949
0.000303010 0.059389751 -0.998234808 -170.050613403 -0.047448061 0.997111440 0.059308503 6.464329243 0.998873651 0.047346342 0.003120063 17.639436722
0.002067700 0.055579972 -0.998452067 -171.263290405 -0.048244484 0.997297049 0.055415768 6.519369125 0.998833358 0.048055224 0.004743539 17.634553909
0.002790430 0.056160942 -0.998417854 -172.486206055 -0.050524123 0.997154415 0.055948667 6.566102982 0.998718858 0.050288063 0.005619972 17.629133224
0.003769260 0.056790669 -0.998378992 -173.708969116 -0.049289536 0.997183084 0.056536555 6.620595932 0.998777390 0.048996538 0.006557829 17.628812790
0.004360488 0.055172216 -0.998467267 -174.917739868 -0.049024027 0.997287929 0.054892957 6.664156914 0.998788059 0.048709523 0.007053426 17.629795074
0.006069094 0.053803314 -0.998533070 -176.105163574 -0.049119417 0.997362137 0.053441674 6.706190586 0.998774409 0.048723023 0.008695872 17.633012772
0.007816347 0.055386942 -0.998434365 -177.262557983 -0.050479248 0.997213721 0.054924056 6.752710819 0.998694539 0.049970910 0.010590460 17.631057739
0.009113129 0.057333894 -0.998313487 -178.403350830 -0.050435923 0.997110486 0.056804411 6.787810326 0.998685718 0.049833190 0.011978485 17.636823654
0.009563493 0.059162777 -0.998202562 -179.482604980 -0.051591087 0.996947885 0.058594134 6.814645290 0.998622417 0.050937992 0.012586575 17.644205093
0.009747622 0.060112454 -0.998144031 -180.559600830 -0.051915787 0.996875703 0.059529074 6.854693890 0.998603880 0.051239163 0.012837952 17.649471283
0.009618494 0.061317239 -0.998071969 -181.619415283 -0.051042650 0.996847093 0.060750086 6.887893677 0.998650074 0.050359916 0.012717961 17.652664185
0.010332410 0.060344785 -0.998124123 -182.651931763 -0.051578112 0.996880829 0.059735693 6.929214954 0.998615503 0.050864138 0.013412652 17.652784348
0.011610957 0.060566083 -0.998096645 -183.622451782 -0.052312452 0.996833801 0.059880905 6.954791069 0.998563290 0.051517617 0.014742558 17.668304443
0.012878904 0.061458088 -0.998026490 -184.581909180 -0.053049155 0.996745646 0.060694646 6.991546154 0.998508871 0.052162789 0.016097292 17.678855896
0.012328338 0.059728067 -0.998138547 -185.528869629 -0.051561069 0.996924520 0.059018556 7.024729252 0.998593748 0.050737496 0.015370064 17.685827255
0.009084452 0.056577783 -0.998356879 -186.470718384 -0.049153574 0.997216344 0.056065883 7.057004929 0.998749912 0.048563477 0.011840166 17.695672989
0.004178872 0.053248227 -0.998572588 -187.393722534 -0.049040332 0.997390628 0.052979980 7.086779594 0.998788059 0.048748922 0.006779280 17.695875168
-0.000841260 0.049961012 -0.998750865 -188.321701050 -0.050768193 0.997461081 0.049939260 7.124379158 0.998710096 0.050746780 0.001697307 17.684799194
-0.004871481 0.049303301 -0.998771966 -189.264755249 -0.052331351 0.997402668 0.049490951 7.156600952 0.998617887 0.052508179 -0.002278719 17.681062698
-0.007420760 0.050263934 -0.998708427 -190.181442261 -0.054335181 0.997240186 0.050593767 7.179633141 0.998495102 0.054640450 -0.004669178 17.661293030
-0.009617774 0.052110445 -0.998595059 -191.107040405 -0.052835949 0.997219741 0.052547548 7.212646484 0.998556852 0.053267106 -0.006837728 17.650560379
-0.011307390 0.053329676 -0.998512924 -192.042587280 -0.050594438 0.997267246 0.053836077 7.248782635 0.998655200 0.051127948 -0.008578305 17.644664764
-0.012458568 0.053881779 -0.998469591 -192.946075439 -0.048227616 0.997352660 0.054423265 7.273113728 0.998758614 0.048831847 -0.009826996 17.628034592
-0.013236990 0.052730367 -0.998521030 -193.851058960 -0.049295921 0.997359931 0.053322535 7.307043076 0.998696446 0.049928840 -0.010602650 17.613662720
-0.014082693 0.051460631 -0.998575687 -194.762573242 -0.051082231 0.997333705 0.052117024 7.341536522 0.998595178 0.051743422 -0.011416418 17.595842361
-0.014131970 0.050595846 -0.998619258 -195.659576416 -0.054675136 0.997185707 0.051296946 7.375858307 0.998404205 0.055324573 -0.011325863 17.576066971
-0.012866159 0.049218867 -0.998705089 -196.555725098 -0.057473853 0.997100115 0.049880199 7.398927689 0.998264194 0.058041193 -0.010000049 17.548822403
-0.011770383 0.046640959 -0.998842359 -197.473648071 -0.057332486 0.997236788 0.047241602 7.430697918 0.998285711 0.057822164 -0.009063815 17.527061462
-0.011288594 0.044436693 -0.998948395 -198.394088745 -0.056981996 0.997360051 0.045009959 7.457269669 0.998311400 0.057430170 -0.008726703 17.519250870
-0.010725227 0.043763611 -0.998984277 -199.317092896 -0.056897525 0.997396529 0.044304911 7.490407944 0.998322487 0.057314914 -0.008207262 17.504362106
-0.009987608 0.046588697 -0.998864174 -200.250656128 -0.054532629 0.997402012 0.047065768 7.517566681 0.998462021 0.054940760 -0.007421057 17.488861084
-0.010237359 0.048232276 -0.998783648 -201.183258057 -0.053454388 0.997381508 0.048712462 7.541473389 0.998517871 0.053888056 -0.007632324 17.476306915
-0.009333254 0.044093069 -0.998983741 -202.119735718 -0.048810620 0.997816384 0.044497561 7.578751564 0.998764396 0.049176332 -0.007160664 17.476236343
-0.008854634 0.040731084 -0.999130845 -203.063430786 -0.047283676 0.998035371 0.041105468 7.611427307 0.998842239 0.047606561 -0.006911322 17.464553833
-0.008684068 0.040931474 -0.999124229 -204.019638062 -0.051785760 0.997802794 0.041327443 7.644486904 0.998620570 0.052099295 -0.006545319 17.450458527
-0.007615906 0.045485288 -0.998935938 -204.986877441 -0.053223021 0.997530520 0.045827061 7.669289589 0.998553693 0.053515404 -0.005176235 17.440996170
-0.005197647 0.045142006 -0.998967052 -205.932281494 -0.050991412 0.997668922 0.045348655 7.698015213 0.998685539 0.051174454 -0.002883676 17.430738449
-0.002825915 0.046137460 -0.998931170 -206.893844604 -0.049841437 0.997687101 0.046220999 7.738589287 0.998753130 0.049918778 -0.000519822 17.424537659
-0.001820493 0.050586198 -0.998718023 -207.865753174 -0.050871678 0.997421920 0.050613280 7.775184155 0.998703539 0.050898608 0.000757606 17.424127579
0.000099190 0.054632131 -0.998506546 -208.884841919 -0.047738642 0.997368336 0.054565113 7.814428329 0.998859882 0.047661930 0.002706992 17.427825928
0.001415062 0.054857865 -0.998493135 -209.876739502 -0.047418036 0.997374654 0.054729212 7.858804226 0.998874128 0.047269139 0.004012600 17.424514771
0.003113631 0.055557027 -0.998450637 -210.886108398 -0.050561201 0.997187197 0.055329051 7.903622150 0.998716116 0.050310593 0.005913903 17.427801132
0.006327894 0.057844110 -0.998305500 -211.923309326 -0.053245470 0.996928751 0.057426840 7.944357395 0.998561382 0.052791860 0.009388397 17.418672562
0.009623075 0.058221083 -0.998257220 -212.951858521 -0.054417212 0.996854722 0.057614699 7.989048004 0.998471856 0.053767942 0.012761037 17.428459167
0.012508574 0.054965261 -0.998409927 -213.975372314 -0.057087764 0.996898592 0.054166842 8.037922859 0.998290777 0.056319434 0.015607623 17.432468414
