1.000000000 0.000000000 0.000000000 0.000000000 0.000000000 1.000000000 0.000000000 0.000000000 0.000000000 0.000000000 1.000000000 0.000000000
0.999995649 0.002943518 0.000157545 -0.005986309 -0.002943734 0.999994695 0.001389175 -0.012956882 -0.000153455 -0.001389633 0.999999046 0.772474170
0.999985397 0.005384519 0.000661778 -0.013609383 -0.005385792 0.999983609 0.001936197 -0.030389149 -0.000651341 -0.001939733 0.999997854 1.538718700
0.999977350 0.006616490 0.001213041 -0.021566020 -0.006618654 0.999976516 0.001788327 -0.048137836 -0.001201180 -0.001796316 0.999997616 2.275557995
0.999962449 0.008595518 0.001105999 -0.024662374 -0.008597161 0.999961913 0.001489442 -0.061268263 -0.001093154 -0.001498895 0.999998271 3.003116131
0.999959648 0.008790935 0.001849963 -0.036251862 -0.008793225 0.999960601 0.001233976 -0.075280316 -0.001839042 -0.001250193 0.999997556 3.718617678
0.999957979 0.008982897 0.001817410 -0.030319346 -0.008986579 0.999957561 0.002029249 -0.087244757 -0.001799104 -0.002045495 0.999996364 4.415489197
0.999945939 0.009921485 0.003102080 -0.051097896 -0.009937330 0.999937415 0.005134841 -0.104074471 -0.003050941 -0.005165389 0.999982059 5.082405090
0.999943495 0.009658400 0.004444857 -0.043029658 -0.009697207 0.999914289 0.008793903 -0.107566260 -0.004359541 -0.008836508 0.999951482 5.759551525
0.999943912 0.008952071 0.005653790 -0.038260285 -0.009021292 0.999883115 0.012338927 -0.118373409 -0.005542671 -0.012389240 0.999907970 6.391478539
0.999942064 0.008243335 0.006922645 -0.042306393 -0.008343870 0.999858260 0.014621525 -0.127475381 -0.006801134 -0.014678441 0.999869168 6.992976665
0.999931097 0.008923918 0.007626520 -0.025306545 -0.009034864 0.999852002 0.014638575 -0.137992203 -0.007494757 -0.014706471 0.999863744 7.582017899
0.999917209 0.009599266 0.008557593 -0.022837184 -0.009702345 0.999879897 0.012086528 -0.147047609 -0.008440544 -0.012168556 0.999890327 8.132451057
0.999908566 0.009576983 0.009541281 -0.023149185 -0.009663969 0.999911785 0.009112729 -0.150748119 -0.009453166 -0.009204106 0.999912918 8.663673401
0.999908447 0.007967221 0.010931876 -0.008495897 -0.008051786 0.999937832 0.007713697 -0.159825951 -0.010869739 -0.007801014 0.999910474 9.172823906
0.999906898 0.004009646 0.013041519 -0.003652215 -0.004078576 0.999977827 0.005263158 -0.163228035 -0.013020128 -0.005315861 0.999901116 9.631683350
0.999886036 0.002279408 0.014918362 0.005654290 -0.002341975 0.999988556 0.004177882 -0.169969261 -0.014908667 -0.004212345 0.999880016 10.069264412
0.999835670 0.006592632 0.016886972 0.010075569 -0.006628278 0.999975979 0.002055815 -0.179235667 -0.016873010 -0.002167410 0.999855280 10.484652519
0.999739408 0.010939005 0.020039424 0.009034052 -0.010969896 0.999938786 0.001432346 -0.188037530 -0.020022532 -0.001651804 0.999798179 10.871765137
0.999673188 0.011263804 0.022951934 0.021235093 -0.011326770 0.999932468 0.002615226 -0.198458463 -0.022920925 -0.002874342 0.999733210 11.214638710
0.999632776 0.006752240 0.026245438 0.035848677 -0.006838436 0.999971509 0.003195850 -0.205729991 -0.026223112 -0.003374154 0.999650419 11.536908150
0.999579310 0.002749013 0.028871920 0.049984246 -0.002831738 0.999992013 0.002824765 -0.207367346 -0.028863924 -0.002905334 0.999579132 11.817389488
0.999511003 -0.000679187 0.031261291 0.065778673 0.000545831 0.999990702 0.004274188 -0.214169949 -0.031263907 -0.004255034 0.999502122 12.073652267
0.999432981 -0.001193022 0.033648599 0.076017529 0.001013778 0.999985278 0.005343508 -0.220088571 -0.033654481 -0.005306366 0.999419510 12.305959702
0.999356508 -0.000571678 0.035864718 0.080751330 0.000415882 0.999990523 0.004351321 -0.224582329 -0.035866864 -0.004333605 0.999347210 12.508577347
0.999296844 -0.000000248 0.037492178 0.100140452 -0.000119919 0.999994874 0.003202885 -0.233189330 -0.037491985 -0.003205129 0.999291778 12.707405090
0.999166250 0.002608220 0.040743034 0.095202684 -0.002705635 0.999993682 0.002336018 -0.238226905 -0.040736683 -0.002444306 0.999166846 12.860765457
0.999085605 0.005550225 0.042392466 0.098931998 -0.005622012 0.999982953 0.001574360 -0.242538095 -0.042383004 -0.001811251 0.999099791 13.034027100
0.999030590 0.006895531 0.043477558 0.107077092 -0.006913818 0.999976099 0.000270230 -0.250900984 -0.043474652 -0.000570564 0.999054432 13.188059807
0.998936415 0.006129710 0.045700379 0.112515122 -0.006071401 0.999980569 -0.001414599 -0.257759571 -0.045708165 0.001135629 0.998954177 13.340817451
0.998871863 0.005001787 0.047221307 0.117704451 -0.004872160 0.999984086 -0.002859788 -0.262718052 -0.047234863 0.002626492 0.998880386 13.478158951
0.998816133 0.004167219 0.048466124 0.130228877 -0.003985065 0.999984622 -0.003854405 -0.262438595 -0.048481438 0.003656701 0.998817384 13.613935471
0.998758197 0.004793839 0.049588371 0.141529918 -0.004543599 0.999976337 -0.005157837 -0.266102135 -0.049611930 0.004926122 0.998756409 13.750538826
0.998678386 0.005551290 0.051095154 0.143997848 -0.005202242 0.999962151 -0.006961795 -0.273973435 -0.051131871 0.006686783 0.998669505 13.866810799
0.998621881 0.005914137 0.052147169 0.147641599 -0.005416688 0.999938488 -0.009675520 -0.270769775 -0.052201182 0.009379721 0.998592436 13.992483139
0.998588681 0.005163485 0.052856434 0.155608833 -0.004549882 0.999920845 -0.011722626 -0.276844472 -0.052912779 0.011465593 0.998533309 14.114153862
0.998614669 0.004382999 0.052434862 0.162903130 -0.003678602 0.999901831 -0.013522745 -0.279990733 -0.052488979 0.013311125 0.998532712 14.240696907
0.998727918 0.003906599 0.050272144 0.169886172 -0.003162236 0.999884307 -0.014877718 -0.283439159 -0.050324444 0.014699819 0.998624742 14.367309570
0.998875499 0.003764191 0.047261309 0.173650324 -0.003036826 0.999876022 -0.015452659 -0.289019287 -0.047313612 0.015291757 0.998762965 14.494359970
0.999053895 0.004501491 0.043254901 0.176003724 -0.003764152 0.999846399 -0.017112745 -0.285640419 -0.043325283 0.016933737 0.998917520 14.621935844
0.999296188 0.004224285 0.037274122 0.178484559 -0.003546937 0.999827743 -0.018219540 -0.289525568 -0.037344664 0.018074509 0.999138951 14.757521629
0.999516726 0.004257870 0.030792000 0.170833558 -0.003684960 0.999819517 -0.018638674 -0.296396643 -0.030865803 0.018516202 0.999351978 14.862015724
0.999706328 0.004669306 0.023777030 0.164506778 -0.004206220 0.999801278 -0.019489110 -0.296158135 -0.023863301 0.019383378 0.999527276 14.987413406
0.999871373 0.003928869 0.015550748 0.158439040 -0.003610510 0.999784470 -0.020447705 -0.300400347 -0.015627727 0.020388927 0.999669969 15.117302895
0.999980390 0.003108231 0.005431194 0.152005792 -0.002989486 0.999759376 -0.021736462 -0.301543772 -0.005497443 0.021719800 0.999749064 15.251839638
0.999968350 0.001764406 -0.007753793 0.144245967 -0.001943663 0.999729633 -0.023172269 -0.307086498 0.007710814 0.023186609 0.999701440 15.400376320
0.999718308 0.000719668 -0.023718720 0.121668160 -0.001316432 0.999682724 -0.025154086 -0.309360206 0.023693100 0.025178224 0.999402165 15.554787636
0.999074161 0.001195932 -0.043004543 0.094918668 -0.002331289 0.999649763 -0.026360430 -0.309570640 0.042957962 0.026436280 0.998727083 15.736670494
0.997893572 0.001935924 -0.064842373 0.062208295 -0.003623118 0.999657691 -0.025912454 -0.318108499 0.064770013 0.026092803 0.997559071 15.909054756
0.996077418 0.002167420 -0.088459522 0.024157286 -0.004334546 0.999695003 -0.024313757 -0.326417327 0.088379845 0.024601815 0.995783091 16.108465195
0.993364275 0.003159161 -0.114966370 -0.027331114 -0.005815091 0.999723673 -0.022773765 -0.331463575 0.114862651 0.023291180 0.993108273 16.325214386
0.989414692 0.004293588 -0.145051718 -0.092959881 -0.007333332 0.999764383 -0.020428093 -0.341121823 0.144929826 0.021275569 0.989213169 16.548807144
0.983976662 0.004383939 -0.178243145 -0.167829037 -0.007571718 0.999823213 -0.017208118 -0.342551887 0.178136200 0.018282000 0.983835995 16.807033539
0.976663828 0.005627845 -0.214700297 -0.262796640 -0.008655420 0.999875903 -0.013163878 -0.349249601 0.214599535 0.014715005 0.976591229 17.054031372
0.967021644 0.007012039 -0.254597366 -0.368367910 -0.009320887 0.999925554 -0.007863329 -0.353675008 0.254523277 0.009977083 0.967015147 17.314325333
0.955147862 0.010779840 -0.295932949 -0.488434315 -0.012192606 0.999921381 -0.002928870 -0.358246028 0.295878112 0.006405698 0.955204248 17.583793640
0.940999627 0.014113772 -0.338113189 -0.626836777 -0.014563303 0.999893248 0.001207295 -0.359133303 0.338094145 0.003787980 0.941104710 17.855875015
0.924283564 0.016590051 -0.381345809 -0.779076576 -0.014999631 0.999862015 0.007142725 -0.364172697 0.381411672 -0.000881858 0.924404919 18.131683350
0.904953301 0.020227138 -0.425029784 -0.926244736 -0.015290543 0.999770164 0.015023089 -0.373593032 0.425235987 -0.007096258 0.905054688 18.390178680
0.883276224 0.024379756 -0.468218744 -1.121499538 -0.016286906 0.999639928 0.021325810 -0.369732171 0.468570054 -0.011210745 0.883355260 18.671852112
0.858452797 0.029657682 -0.512034357 -1.330223560 -0.019040748 0.999481440 0.025968403 -0.369081974 0.512538910 -0.012543133 0.858572364 18.950664520
0.830488443 0.032946177 -0.556060791 -1.554056168 -0.019894890 0.999366879 0.029498288 -0.369619697 0.556680441 -0.013435222 0.830618143 19.218763351
0.799462855 0.036758956 -0.599589825 -1.801387787 -0.022606837 0.999260068 0.031118661 -0.363153994 0.600289941 -0.011323388 0.799702287 19.485206604
0.765505672 0.040075883 -0.642179787 -2.075031281 -0.023397915 0.999132216 0.034460530 -0.359318793 0.643003464 -0.011354067 0.765779138 19.758268356
0.728723228 0.043903504 -0.683399439 -2.383304596 -0.024388887 0.998973668 0.038170476 -0.344301581 0.684373915 -0.011148362 0.729046106 20.026531219
0.690136373 0.044084050 -0.722335339 -2.719726562 -0.021650072 0.998953760 0.040281057 -0.319886982 0.723355412 -0.012160808 0.690368831 20.293680191
0.648829579 0.043943640 -0.759663761 -3.068614006 -0.019053120 0.998956263 0.041512515 -0.306480587 0.760695159 -0.012460578 0.648989797 20.556444168
0.606706977 0.042772606 -0.793774009 -3.451498032 -0.013411642 0.998960018 0.043578129 -0.295111358 0.794812441 -0.015793342 0.606649697 20.799636841
0.561623573 0.042872041 -0.826281548 -3.859191895 -0.008729262 0.998908043 0.045895599 -0.280598104 0.827346921 -0.018563215 0.561384559 21.047660828
0.515559256 0.044388000 -0.855703413 -4.282713890 -0.006582826 0.998833001 0.047846440 -0.260505259 0.856828630 -0.019034727 0.515249789 21.255802155
0.465530902 0.043840844 -0.883945048 -4.738121986 -0.005523756 0.998896837 0.046632990 -0.236052632 0.885014474 -0.016826401 0.465259492 21.454364777
0.413710177 0.043233506 -0.909381509 -5.225309372 -0.000040704 0.998872697 0.047469545 -0.220554829 0.910408676 -0.019601617 0.413245529 21.637201309
0.358991921 0.042121585 -0.932389677 -5.739190578 0.005412730 0.998870373 0.047208935 -0.198121130 0.933324933 -0.021994403 0.358358413 21.824344635
0.305543959 0.041073080 -0.951291800 -6.243453979 0.007920113 0.998925030 0.045673549 -0.175072908 0.952145040 -0.021489613 0.304890215 21.949338913
0.252003521 0.046830863 -0.966592491 -6.802719593 0.008968854 0.998672426 0.050723407 -0.145520449 0.967684865 -0.021451702 0.251248837 22.058797836
0.200390294 0.052000213 -0.978335142 -7.391349792 0.011186548 0.998403847 0.055358216 -0.118077517 0.979652286 -0.022037445 0.199488714 22.148492813
0.152731791 0.053109799 -0.986839533 -7.988426208 0.016921574 0.998268008 0.056343783 -0.091544509 0.988122761 -0.025304366 0.151568562 22.216596603
0.108173087 0.054552387 -0.992634177 -8.606693268 0.019228585 0.998191655 0.056953263 -0.068713725 0.993946195 -0.025247760 0.106928498 22.260166168
0.068127431 0.052729577 -0.996282220 -9.239376068 0.019107938 0.998350203 0.054145668 -0.039947033 0.997493684 -0.022725707 0.067007475 22.269418716
0.032584902 0.048428550 -0.998295009 -9.877048492 0.016770689 0.998658299 0.048993580 -0.007110536 0.999328256 -0.018338544 0.031729002 22.265544891
0.004294416 0.048304792 -0.998823464 -10.553984642 0.014211234 0.998728752 0.048361327 0.029544175 0.999889791 -0.014402195 0.003602494 22.240875244
-0.016665045 0.052675657 -0.998472631 -11.259350777 0.013666417 0.998530090 0.052450582 0.057279885 0.999767780 -0.012771452 -0.017360441 22.211925507
-0.029740313 0.058664292 -0.997834802 -11.977007866 0.015046746 0.998189390 0.058236688 0.089621961 0.999444425 -0.013282184 -0.030569175 22.188650131
-0.037721239 0.061253786 -0.997409225 -12.719049454 0.014625343 0.998046517 0.060739808 0.123829186 0.999181211 -0.012296272 -0.038543411 22.151662827
-0.041369438 0.058413513 -0.997434914 -13.486160278 0.015698241 0.998204291 0.057807472 0.158855617 0.999020576 -0.013266508 -0.042212136 22.109195709
-0.040353924 0.054494508 -0.997698247 -14.263668060 0.023119211 0.998295188 0.053592011 0.196769774 0.998917878 -0.020903347 -0.041544996 22.081735611
-0.035834249 0.053027160 -0.997949898 -15.066853523 0.035021793 0.998044431 0.051774625 0.239991665 0.998743892 -0.033094689 -0.037621289 22.065589905
-0.030940367 0.053082827 -0.998110652 -15.906091690 0.035639957 0.998012364 0.051972799 0.282441080 0.998885632 -0.033964563 -0.032770738 22.053855896
-0.025899900 0.052004948 -0.998310924 -16.745258331 0.033682466 0.998124301 0.051121380 0.310139596 0.999096930 -0.032301530 -0.027602976 22.023483276
-0.022809029 0.045426842 -0.998707175 -17.626893997 0.037278824 0.998311043 0.044557422 0.350968838 0.999044478 -0.036214318 -0.024463966 22.016040802
-0.020980008 0.034549750 -0.999182701 -18.502038956 0.035366610 0.998802900 0.033794008 0.384038568 0.999154150 -0.034628708 -0.022176797 22.000190735
-0.019947205 0.026398245 -0.999452472 -19.395212173 0.027464766 0.999288619 0.025845768 0.409878314 0.999423742 -0.026934180 -0.020658035 21.955446243
-0.021361735 0.023398057 -0.999497890 -20.316490173 0.021906992 0.999497056 0.022929827 0.434718102 0.999531746 -0.021406177 -0.021863569 21.930047989
-0.024879582 0.029641351 -0.999250829 -21.262666702 0.012472500 0.999491751 0.029337952 0.454143345 0.999612629 -0.011733239 -0.025236635 21.883024216
-0.029699426 0.037759505 -0.998845398 -22.222738266 0.007559897 0.999266148 0.037550628 0.479565501 0.999530315 -0.006435938 -0.029963087 21.832290649
-0.034197710 0.047197927 -0.998300016 -23.236227036 0.006069034 0.998875618 0.047017235 0.509523988 0.999396622 -0.004450836 -0.034445703 21.791154861
-0.035906877 0.057083704 -0.997723520 -24.250114441 0.004614688 0.998366117 0.056954395 0.555016518 0.999344409 -0.002559128 -0.036111638 21.749420166
-0.036547158 0.064987414 -0.997216642 -25.274740219 0.006704634 0.997876763 0.064784706 0.600223362 0.999309540 -0.004318274 -0.036905274 21.706666946
-0.038273986 0.065693587 -0.997105539 -26.296373367 0.007508583 0.997827351 0.065452933 0.652754426 0.999239087 -0.004981705 -0.038684100 21.667554855
-0.040099271 0.062815368 -0.997219265 -27.316904068 0.006398045 0.998017609 0.062608391 0.706465483 0.999175251 -0.003869702 -0.040421680 21.621139526
-0.042720627 0.058183625 -0.997391403 -28.339244843 0.006357639 0.998298407 0.057964224 0.749716640 0.999066830 -0.003864786 -0.043017842 21.567770004
-0.047263615 0.053013943 -0.997474670 -29.358980179 0.006307948 0.998586535 0.052774146 0.794908464 0.998862445 -0.003797722 -0.047531221 21.513544083
-0.052886024 0.048259385 -0.997433782 -30.386966705 0.006145438 0.998828411 0.048001017 0.836932242 0.998581529 -0.003591085 -0.053120635 21.454603195
-0.059417211 0.046447579 -0.997152030 -31.413646698 0.005328374 0.998917460 0.046212312 0.876750052 0.998218954 -0.002567393 -0.059600376 21.375396729
-0.066468835 0.048958298 -0.996586680 -32.489791870 0.005881502 0.998797357 0.048674636 0.916594028 0.997771144 -0.002626081 -0.066676848 21.306608200
-0.072583593 0.053784061 -0.995911181 -33.559196472 0.004469701 0.998552442 0.053600956 0.958349288 0.997352302 -0.000560875 -0.072718911 21.217060089
-0.078674316 0.056745257 -0.995284021 -34.620559692 0.001845780 0.998385251 0.056776166 1.001278639 0.996898770 0.002629751 -0.078652024 21.121791840
-0.083362058 0.058870446 -0.994778812 -35.693080902 -0.001565366 0.998244464 0.059206713 1.050804377 0.996518075 0.006492787 -0.083123565 21.021989822
-0.085662924 0.060341127 -0.994495153 -36.768321991 -0.005847796 0.998116732 0.061064571 1.096468210 0.996307135 0.011046575 -0.085148737 20.912359238
-0.087495916 0.061385058 -0.994271755 -37.836681366 -0.009997374 0.997995198 0.062494732 1.150292516 0.996114671 0.015408137 -0.086706825 20.809137344
-0.088582754 0.060629778 -0.994221807 -38.916007996 -0.011031196 0.998024881 0.061844546 1.207787633 0.996007800 0.016445816 -0.087738954 20.695350647
-0.089855507 0.060067315 -0.994141757 -39.996116638 -0.012600398 0.998031199 0.061441202 1.252319336 0.995875180 0.018047413 -0.088921733 20.583475113
-0.091227137 0.059221171 -0.994067550 -41.071273804 -0.012649919 0.998080611 0.060621142 1.306913853 0.995749772 0.018105168 -0.090302892 20.486030579
-0.092180364 0.058372620 -0.994029820 -42.159812927 -0.015145771 0.998082519 0.060015135 1.360540032 0.995627165 0.020587567 -0.091119513 20.373538971
-0.092736073 0.055850562 -0.994123042 -43.242851257 -0.019708604 0.998126984 0.057914000 1.408530116 0.995495617 0.024963487 -0.091461629 20.259241104
-0.093098544 0.051117197 -0.994343877 -44.329101562 -0.024317062 0.998266637 0.053595617 1.454169273 0.995359898 0.029169194 -0.091694139 20.149726868
-0.092114478 0.050394267 -0.994472384 -45.439064026 -0.026139170 0.998251975 0.053006977 1.497590184 0.995405257 0.030877393 -0.090636209 20.034267426
-0.090606019 0.054487530 -0.994395137 -46.549690247 -0.026997333 0.998000801 0.057145007 1.543799162 0.995520771 0.032023698 -0.088953868 19.930265427
-0.088540927 0.057993598 -0.994382799 -47.652050018 -0.027118556 0.997793257 0.060607161 1.586997271 0.995703340 0.032332439 -0.086772844 19.826871872
-0.087100752 0.057621360 -0.994531691 -48.769195557 -0.024978826 0.997885704 0.060003310 1.640895128 0.995886326 0.030068571 -0.085477270 19.725685120
-0.084530011 0.056683864 -0.994807422 -49.876708984 -0.024848282 0.997950196 0.058974333 1.693411589 0.996111095 0.029704351 -0.082948245 19.626964569
-0.080418713 0.056914065 -0.995134950 -51.010807037 -0.029492576 0.997795522 0.059449576 1.752129436 0.996324778 0.034129944 -0.078562893 19.522502899
-0.074449286 0.057662774 -0.995556295 -52.132904053 -0.034498144 0.997580290 0.060359836 1.806836843 0.996627927 0.038838595 -0.072279893 19.420341492
-0.068642050 0.057227194 -0.995998681 -53.267936707 -0.038478341 0.997458696 0.059962928 1.861835957 0.996899009 0.042440355 -0.066265620 19.332338333
-0.062807478 0.056461021 -0.996427357 -54.397094727 -0.040022705 0.997452855 0.059041876 1.914083004 0.997222841 0.043587986 -0.060387783 19.250598907
-0.057076670 0.055576041 -0.996821702 -55.530712128 -0.039361648 0.997547865 0.057870310 1.967870235 0.997593582 0.042539600 -0.054749146 19.181053162
-0.051606994 0.055340089 -0.997133017 -56.668121338 -0.038104180 0.997627318 0.057339624 2.015478849 0.997940361 0.040954061 -0.049375858 19.115543365
-0.045850877 0.055743407 -0.997391760 -57.822582245 -0.036927879 0.997664809 0.057456274 2.074811935 0.998265505 0.039465975 -0.043685332 19.056520462
-0.040105473 0.057081357 -0.997563601 -58.968204498 -0.036042403 0.997634530 0.058534436 2.131531239 0.998545170 0.038302142 -0.037953258 19.005914688
-0.034065474 0.058551468 -0.997702897 -60.116085052 -0.036936004 0.997526646 0.059802257 2.181221008 0.998736918 0.038888354 -0.031818561 18.949926376
-0.029517082 0.057944100 -0.997883379 -61.281562805 -0.036290944 0.997598052 0.059001010 2.225759029 0.998905241 0.037955675 -0.027343333 18.926103592
-0.024605459 0.053364005 -0.998271942 -62.424980164 -0.036671802 0.997853875 0.054245565 2.274545670 0.999024391 0.037943166 -0.022595702 18.890920639
-0.020045929 0.047742851 -0.998658478 -63.589885712 -0.036744498 0.998149276 0.048456069 2.324423075 0.999123693 0.037666555 -0.018254541 18.863782883
-0.016432362 0.047782965 -0.998722553 -64.765266418 -0.036029678 0.998180449 0.048349835 2.358816147 0.999215603 0.036778156 -0.014680855 18.842388153
-0.012696244 0.050128583 -0.998662055 -65.935653687 -0.035588551 0.998087168 0.050552163 2.401805162 0.999285817 0.036182754 -0.010887953 18.817214966
-0.010916878 0.050133493 -0.998682857 -67.105239868 -0.035465166 0.998094618 0.050491635 2.436447859 0.999311209 0.035969667 -0.009118084 18.801544189
-0.009643434 0.049716827 -0.998716772 -68.279762268 -0.037450891 0.998044550 0.050044984 2.485799551 0.999251902 0.037885435 -0.007762636 18.779165268
-0.008547611 0.050575227 -0.998683751 -69.433448792 -0.038957238 0.997945130 0.050871260 2.527681351 0.999204338 0.039340783 -0.006559775 18.763763428
-0.008022857 0.050368760 -0.998698473 -70.629188538 -0.039305117 0.997942924 0.050646413 2.566248417 0.999195039 0.039660282 -0.006026606 18.752918243
-0.006854673 0.047769673 -0.998834908 -71.802291870 -0.039963495 0.998047292 0.048006266 2.615056515 0.999177694 0.040246002 -0.004932245 18.737039566
-0.006023830 0.046482638 -0.998900950 -72.975982666 -0.038086131 0.998183548 0.046678934 2.656536579 0.999256253 0.038325462 -0.004242545 18.727245331
-0.006109179 0.046609640 -0.998894513 -74.187530518 -0.034605723 0.998304904 0.046793774 2.690065145 0.999382377 0.034853328 -0.004485865 18.723449707
-0.005706253 0.047013562 -0.998877943 -75.374076843 -0.032602265 0.998354435 0.047175169 2.734240294 0.999452174 0.032834873 -0.004164116 18.713445663
-0.005971036 0.050316498 -0.998715460 -76.576049805 -0.031801187 0.998218656 0.050481591 2.766632080 0.999476492 0.032061756 -0.004360275 18.708011627
-0.004712323 0.053810157 -0.998540103 -77.755592346 -0.034462478 0.997949183 0.053940959 2.808941841 0.999394953 0.034666341 -0.002848228 18.681970596
-0.004746576 0.053989679 -0.998530328 -78.952247620 -0.036330074 0.997872949 0.054126844 2.851810932 0.999328673 0.036533590 -0.002775031 18.677360535
-0.004113235 0.051877409 -0.998645008 -80.128936768 -0.037523020 0.997942090 0.051995441 2.895573854 0.999287188 0.037686042 -0.002158173 18.663146973
-0.003603687 0.049647927 -0.998760343 -81.317672729 -0.037075087 0.998073518 0.049747556 2.936335564 0.999305964 0.037208401 -0.001756043 18.644802094
-0.004724874 0.048640475 -0.998805106 -82.516319275 -0.034802027 0.998203218 0.048775796 2.982410192 0.999383032 0.034990910 -0.003023596 18.654436111
-0.004385461 0.049828239 -0.998748124 -83.691818237 -0.033745624 0.998181581 0.049948137 3.025549889 0.999420881 0.033922426 -0.002696001 18.645334244
-0.003888193 0.052769579 -0.998599112 -84.871215820 -0.032127149 0.998084664 0.052867476 3.064778566 0.999476254 0.032287706 -0.002185408 18.634710312
-0.003599292 0.055264521 -0.998465240 -86.033172607 -0.033302557 0.997911215 0.055353906 3.100498438 0.999438763 0.033450682 -0.001751324 18.625001907
-0.003185700 0.055361722 -0.998461246 -87.199447632 -0.034736082 0.997857690 0.055439088 3.146222115 0.999391437 0.034859244 -0.001255825 18.611038208
-0.003401773 0.053292766 -0.998573184 -88.371520996 -0.034261763 0.997986495 0.053378172 3.187889576 0.999407113 0.034394458 -0.001569019 18.605669022
-0.002919760 0.051871836 -0.998649478 -89.546913147 -0.033381782 0.998092055 0.051940482 3.229022503 0.999438405 0.033488352 -0.001182615 18.599555969
-0.002897898 0.052929480 -0.998593986 -90.710403442 -0.031670000 0.998092473 0.052994799 3.270995378 0.999494195 0.031779055 -0.001216093 18.592821121
-0.002033597 0.055572886 -0.998452544 -91.880134583 -0.029705534 0.998010635 0.055608790 3.319954872 0.999556661 0.029772658 -0.000378729 18.575931549
-0.002605072 0.058224782 -0.998300076 -93.034393311 -0.027815493 0.997913003 0.058274798 3.360983849 0.999609709 0.027920023 -0.000980083 18.586650848
-0.002215318 0.059946205 -0.998199105 -94.202529907 -0.028387055 0.997795641 0.059984971 3.409534454 0.999594510 0.028468817 -0.000508739 18.578054428
-0.001716576 0.061701998 -0.998093069 -95.367851257 -0.031305268 0.997602105 0.061725482 3.462734461 0.999508440 0.031351533 0.000219138 18.562459946
-0.001140291 0.061371207 -0.998114347 -96.524024963 -0.033377100 0.997556567 0.061375041 3.504100800 0.999442101 0.033384152 0.000910888 18.552261353
-0.001044391 0.056918979 -0.998378217 -97.676391602 -0.035688847 0.997740746 0.056919962 3.558768034 0.999362350 0.035690412 0.000989342 18.538402557
-0.000455859 0.055276796 -0.998471022 -98.834213257 -0.037065495 0.997784019 0.055255689 3.607035160 0.999312699 0.037034020 0.001594014 18.525537491
-0.000484447 0.053682584 -0.998557866 -99.996032715 -0.036739372 0.997882962 0.053664118 3.645190477 0.999324739 0.036712397 0.001488843 18.527811050
-0.000503031 0.054113343 -0.998534679 -101.159721375 -0.035424419 0.997907102 0.054097183 3.690357924 0.999372184 0.035399731 0.001414956 18.532346725
-0.000426060 0.056369927 -0.998409808 -102.309272766 -0.035586834 0.997776628 0.056349371 3.732813120 0.999366462 0.035554264 0.001580915 18.521362305
-0.000506064 0.058446545 -0.998290360 -103.475708008 -0.034426693 0.997697771 0.058429297 3.779506445 0.999407113 0.034397412 0.001507223 18.521278381
-0.001137185 0.057246249 -0.998359442 -104.633338928 -0.038367961 0.997622609 0.057247687 3.831753254 0.999263048 0.038370121 0.001061941 18.511951447
-0.001133128 0.058650669 -0.998277903 -105.800315857 -0.041763823 0.997404814 0.058646772 3.882299900 0.999126852 0.041758362 0.001319289 18.500738144
-0.001432543 0.057830907 -0.998325348 -106.976104736 -0.045398664 0.997293234 0.057836272 3.934157133 0.998967946 0.045405492 0.001196781 18.483232498
-0.001819528 0.053596262 -0.998561025 -108.150955200 -0.046451151 0.997480273 0.053622894 3.987718582 0.998919010 0.046481874 0.000674664 18.479419708
-0.002145717 0.050072875 -0.998743236 -109.323295593 -0.046102550 0.997678638 0.050118547 4.025420666 0.998934388 0.046152152 0.000167751 18.466539383
-0.003193760 0.049173817 -0.998785138 -110.520759583 -0.042717293 0.997871757 0.049265441 4.071127892 0.999082088 0.042822734 -0.001086390 18.461223602
-0.003656385 0.048558950 -0.998813629 -111.704414368 -0.038332369 0.998079419 0.048663579 4.110641956 0.999258339 0.038464826 -0.001787983 18.462833405
-0.003809361 0.050252054 -0.998729289 -112.914833069 -0.037416108 0.998030186 0.050359584 4.159207344 0.999292493 0.037560403 -0.001921620 18.451931000
-0.004590183 0.054412976 -0.998507917 -114.165016174 -0.036718264 0.997835994 0.054545153 4.194809437 0.999315143 0.036913861 -0.002582300 18.440771103
-0.005330526 0.054570414 -0.998495698 -115.374038696 -0.035079896 0.997885108 0.054724321 4.254068851 0.999370277 0.035318844 -0.003404928 18.434383392
-0.006436765 0.050022803 -0.998727322 -116.592933655 -0.034782741 0.998132467 0.050217185 4.304196358 0.999374151 0.035061717 -0.004684813 18.426322937
-0.006773789 0.046265673 -0.998906255 -117.831703186 -0.035067357 0.998303711 0.046475567 4.348279476 0.999362051 0.035343815 -0.005139884 18.408464432
-0.007155112 0.044965204 -0.998962939 -119.080436707 -0.034546122 0.998381019 0.045186445 4.391592503 0.999377489 0.034833614 -0.005590155 18.394767761
-0.007997383 0.045934379 -0.998912513 -120.322723389 -0.036529519 0.998264194 0.046197023 4.438573360 0.999300539 0.036859255 -0.006305540 18.377712250
-0.008156784 0.051357865 -0.998646975 -121.586051941 -0.041233692 0.997813582 0.051651783 4.473090649 0.999116182 0.041599222 -0.006021275 18.350442886
-0.008427160 0.054328803 -0.998487532 -122.857437134 -0.046913266 0.997402012 0.054665674 4.524271488 0.998863399 0.047302987 -0.005856525 18.321563721
-0.008428063 0.054011859 -0.998504698 -124.118568420 -0.054033548 0.997056723 0.054389603 4.579062939 0.998503566 0.054411158 -0.005484803 18.293684006
-0.007926881 0.051899828 -0.998620868 -125.377624512 -0.057269692 0.996989429 0.052269641 4.629330635 0.998327196 0.057605039 -0.004930730 18.263687134
-0.008754643 0.050628338 -0.998679161 -126.643325806 -0.059968490 0.996893346 0.051063497 4.678169250 0.998161852 0.060336329 -0.005691340 18.247205734
-0.009608333 0.049732227 -0.998716354 -127.905532837 -0.059554063 0.996961057 0.050217774 4.721332073 0.998178840 0.059960127 -0.006617378 18.232234955
-0.009504592 0.049598604 -0.998723924 -129.191741943 -0.057889447 0.997066677 0.050067212 4.759460926 0.998277724 0.058291450 -0.006605477 18.208644867
-0.010024570 0.050117951 -0.998692930 -130.441787720 -0.057598200 0.997055948 0.050613951 4.803506374 0.998289526 0.058030307 -0.007108354 18.195306778
-0.010808638 0.055234309 -0.998414934 -131.711120605 -0.057735711 0.996773005 0.055768512 4.849068642 0.998273373 0.058246974 -0.007584766 18.177612305
-0.011222902 0.059316467 -0.998176157 -132.992080688 -0.056986567 0.996578634 0.059862264 4.902392387 0.998311937 0.057554465 -0.007804262 18.155984879
-0.011000471 0.058165159 -0.998246372 -134.241760254 -0.057013437 0.996646285 0.058700204 4.951444626 0.998312831 0.057559188 -0.007647383 18.126434326
-0.010524960 0.056466546 -0.998349011 -135.516647339 -0.056648586 0.996767163 0.056974284 5.005065441 0.998338699 0.057154708 -0.007292187 18.120275497
-0.009166140 0.055765968 -0.998401761 -136.766784668 -0.055504370 0.996876001 0.056190319 5.058100700 0.998416305 0.055930704 -0.006042252 18.100099564
-0.008361280 0.054831285 -0.998460650 -138.016921997 -0.056154847 0.996894121 0.055215504 5.105589867 0.998387039 0.056530077 -0.005256269 18.085660934
-0.007539705 0.057388142 -0.998323500 -139.268264771 -0.056266785 0.996745765 0.057722401 5.151302814 0.998387396 0.056607664 -0.004286121 18.073038101
-0.006943883 0.061005369 -0.998113394 -140.515243530 -0.057249017 0.996475935 0.061303586 5.203806877 0.998335779 0.057566684 -0.003426916 18.057870865
-0.005588150 0.061825626 -0.998071313 -141.766860962 -0.058852226 0.996336579 0.062047675 5.263350487 0.998251081 0.059085459 -0.001929102 18.040859222
-0.003998939 0.059164766 -0.998240232 -143.033859253 -0.061087202 0.996369362 0.059298605 5.315632820 0.998124540 0.061216839 -0.000370210 18.022035599
-0.004212067 0.056142319 -0.998413861 -144.274703979 -0.059437107 0.996643364 0.056293521 5.367562294 0.998223126 0.059579942 -0.000860991 18.016460419
-0.003970599 0.054747511 -0.998492301 -145.515563965 -0.056647904 0.996884406 0.054884616 5.410380840 0.998386443 0.056780420 -0.000856896 18.013280869
-0.004668987 0.054001525 -0.998529911 -146.749481201 -0.054742839 0.997029603 0.054176360 5.456382751 0.998489559 0.054915313 -0.001698921 18.009754181
-0.004535010 0.054770615 -0.998488665 -147.978042603 -0.052610043 0.997102976 0.054933552 5.495243073 0.998604894 0.052779656 -0.001640387 18.001743317
-0.004671873 0.053130820 -0.998576581 -149.221008301 -0.051005092 0.997275054 0.053300191 5.552386284 0.998687387 0.051181514 -0.001949200 17.995098114
-0.004525950 0.052873947 -0.998590887 -150.462722778 -0.049983367 0.997340977 0.053034294 5.604157448 0.998739719 0.050152972 -0.001871098 17.984481812
-0.004923268 0.055578846 -0.998442113 -151.691635132 -0.048020057 0.997289240 0.055751450 5.652599335 0.998834193 0.048219729 -0.002241022 17.981657028
-0.004751896 0.056957729 -0.998365223 -152.936141968 -0.045599122 0.997325659 0.057115443 5.703586102 0.998948455 0.045795988 -0.002141966 17.966917038
-0.004640783 0.055576093 -0.998443663 -154.164123535 -0.043633025 0.997492194 0.055725940 5.752472401 0.999036849 0.043823730 -0.002204192 17.953554153
-0.005765256 0.055963051 -0.998416185 -155.396728516 -0.044107653 0.997446835 0.056163412 5.799332142 0.999010146 0.044361599 -0.003282138 17.949272156
-0.005876994 0.060634285 -0.998142719 -156.627746582 -0.045147572 0.997125983 0.060838357 5.853365898 0.998963058 0.045421265 -0.003122614 17.938915253
-0.005225942 0.067285076 -0.997720122 -157.860885620 -0.050044023 0.996465921 0.067462623 5.905596256 0.998733342 0.050282478 -0.001840258 17.923563004
-0.003801580 0.067584127 -0.997706354 -159.104293823 -0.054395299 0.996222377 0.067690879 5.959433556 0.998512268 0.054527871 -0.000110961 17.904006958
-0.002659129 0.063389219 -0.997985303 -160.333663940 -0.058197796 0.996287525 0.063436441 6.023980618 0.998301566 0.058249231 0.001039856 17.887300491
-0.000626003 0.058691520 -0.998275936 -161.556365967 -0.060040977 0.996472955 0.058623165 6.067292213 0.998195648 0.059974167 0.002900101 17.873052597
-0.000286749 0.057307675 -0.998356581 -162.776123047 -0.062636867 0.996395171 0.057213083 6.118126869 0.998036325 0.062550336 0.003303858 17.868284225
0.001273919 0.054019690 -0.998539031 -163.982116699 -0.057922401 0.996867418 0.053855360 6.161278725 0.998320282 0.057769179 0.004398879 17.873918533
0.001572506 0.049392469 -0.998778164 -165.196746826 -0.054873068 0.997278929 0.049231932 6.210578918 0.998492062 0.054728601 0.004278544 17.868267059
0.001124720 0.045830362 -0.998948634 -166.430862427 -0.048657741 0.997768521 0.045721427 6.252610207 0.998814821 0.048555162 0.003352211 17.874366760
-0.000029963 0.048780996 -0.998809576 -167.657684326 -0.046376746 0.997734666 0.048729897 6.296190739 0.998924017 0.046322994 0.002232409 17.875673294
0.000648723 0.055052437 -0.998483360 -168.891967773 -0.047351301 0.997365177 0.054960020 6.342806816 0.998878181 0.047243822 0.003253818 17.868591309
0.002365459 0.058688752 -0.998273551 -170.099243164 -0.048518352 0.997107387 0.058505226 6.383585930 0.998819470 0.048296202 0.005206098 17.865942001
0.004043812 0.055140581 -0.998470366 -171.312332153 -0.049549457 0.997263193 0.054873228 6.435674667 0.998763502 0.049251776 0.006764930 17.862884521
0.004861630 0.055507220 -0.998446405 -172.534164429 -0.051951613 0.997124076 0.055180725 6.486421108 0.998637736 0.051602643 0.007731335 17.861968994
0.005952092 0.056658290 -0.998375893 -173.741760254 -0.050386414 0.997142375 0.056287892 6.531094074 0.998712003 0.049969561 0.008789894 17.863538742
0.006265135 0.054029673 -0.998519599 -174.943725586 -0.050370414 0.997288764 0.053647015 6.585133076 0.998710930 0.049959742 0.008969646 17.871850967
0.008547161 0.052784249 -0.998569369 -176.143280029 -0.050781414 0.997340262 0.052284613 6.627054214 0.998673201 0.050261881 0.011204886 17.868135452
0.009606051 0.054581083 -0.998463094 -177.306396484 -0.051738475 0.997198880 0.054014206 6.667845726 0.998614490 0.051140100 0.012403085 17.885721207
0.011370949 0.056537416 -0.998335719 -178.426330566 -0.051925618 0.997086585 0.055875264 6.701991081 0.998586237 0.051203839 0.014273562 17.880992889
0.011855553 0.057850774 -0.998254895 -179.516021729 -0.052846149 0.996966064 0.057148475 6.737854958 0.998532355 0.052076403 0.014876775 17.888650894
0.012092475 0.059527349 -0.998153389 -180.599273682 -0.053220306 0.996849775 0.058804844 6.764564514 0.998509526 0.052410945 0.015222446 17.891393661
0.011751179 0.060278717 -0.998112381 -181.651443481 -0.052476939 0.996842921 0.059584219 6.804471970 0.998552978 0.051677704 0.014877324 17.905151367
0.012595193 0.059516069 -0.998148024 -182.676467896 -0.053171936 0.996854544 0.058768000 6.839624882 0.998505890 0.052333269 0.015720164 17.906167984
0.013967220 0.059675064 -0.998120129 -183.651702881 -0.053825721 0.996815026 0.058843818 6.870554924 0.998452663 0.052902646 0.017134788 17.917694092
0.015273953 0.060378209 -0.998058677 -184.615219116 -0.054571133 0.996737659 0.059463155 6.903927326 0.998393059 0.053556953 0.018519033 17.930809021
0.015024263 0.058837816 -0.998154461 -185.552215576 -0.053218443 0.996899247 0.057962775 6.934449196 0.998469949 0.052249379 0.018108932 17.937507629
0.011465457 0.055714022 -0.998380959 -186.485443115 -0.050707489 0.997194350 0.055065479 6.965209007 0.998647749 0.049994040 0.014258407 17.950799942
0.006388871 0.052018467 -0.998625755 -187.410278320 -0.050515480 0.997387886 0.051630810 6.997769356 0.998702943 0.050116196 0.008999920 17.954721451
0.001619513 0.049170576 -0.998789012 -188.332000732 -0.052081604 0.997439027 0.049019661 7.028644085 0.998641491 0.051939152 0.004176248 17.944890976
-0.001969581 0.048212960 -0.998835027 -189.268493652 -0.054370120 0.997354388 0.048248697 7.061797619 0.998518884 0.054401804 0.000656974 17.933176041
-0.004503909 0.049149912 -0.998781264 -190.182739258 -0.056100622 0.997205913 0.049325373 7.086520195 0.998414934 0.056254402 -0.001733984 17.912790298
-0.006504353 0.050638799 -0.998695791 -191.116043091 -0.054970767 0.997188807 0.050920397 7.121222496 0.998466790 0.055230279 -0.003702414 17.902513504
-0.008574422 0.052255385 -0.998596966 -192.034927368 -0.051745821 0.997272491 0.052630391 7.148455620 0.998623431 0.052124497 -0.005847037 17.907577515
-0.009983934 0.052414194 -0.998575509 -192.950088501 -0.050210923 0.997339249 0.052851323 7.183112621 0.998688757 0.050667055 -0.007325604 17.895381927
-0.010710073 0.051283132 -0.998626769 -193.851699829 -0.050826758 0.997365117 0.051763456 7.216168404 0.998650014 0.051311348 -0.008075298 17.877702713
-0.011371617 0.050308574 -0.998668969 -194.766647339 -0.052547079 0.997323513 0.050839130 7.242452621 0.998553634 0.053055264 -0.008697612 17.857408524
-0.011617455 0.050080430 -0.998677611 -195.671020508 -0.055844676 0.997153878 0.050653644 7.267727375 0.998371899 0.056359310 -0.008787661 17.847417831
-0.011152540 0.047987312 -0.998785675 -196.587539673 -0.058575090 0.997101188 0.048560437 7.302575111 0.998220742 0.059045535 -0.008309350 17.833858490
-0.010392274 0.045855042 -0.998893976 -197.498291016 -0.058506854 0.997208774 0.046386369 7.324493408 0.998232901 0.058924202 -0.007680433 17.824518204
-0.009318877 0.043071792 -0.999028504 -198.420883179 -0.058574479 0.997332931 0.043545056 7.354777336 0.998239577 0.058923360 -0.006771113 17.798604965
-0.008221207 0.042902373 -0.999045432 -199.330368042 -0.058145851 0.997368336 0.043308828 7.377997875 0.998274267 0.058446404 -0.005704978 17.786508560
-0.008423153 0.045684244 -0.998920381 -200.261947632 -0.055708975 0.997382998 0.046083681 7.404635429 0.998411596 0.056037001 -0.005856088 17.787559509
-0.007923418 0.046820555 -0.998871922 -201.203414917 -0.055201810 0.997359574 0.047187548 7.433456421 0.998443723 0.055513427 -0.005317917 17.770523071
-0.006982493 0.043258954 -0.999039471 -202.126159668 -0.050230827 0.997787356 0.043555804 7.461139202 0.998713255 0.050486699 -0.004794111 17.765586853
-0.006621202 0.040001556 -0.999177635 -203.066085815 -0.048779316 0.997997284 0.040277537 7.491773605 0.998787582 0.049005885 -0.004656693 17.756509781
-0.006226414 0.040381625 -0.999164939 -204.008224487 -0.053390827 0.997745633 0.040656984 7.523703098 0.998554230 0.053599391 -0.004056368 17.740449905
-0.004811347 0.044348743 -0.999004602 -204.955078125 -0.054215714 0.997535288 0.044544626 7.551743507 0.998517632 0.054376058 -0.002395089 17.731679916
-0.002485166 0.044132102 -0.999022603 -205.932373047 -0.051991314 0.997668803 0.044201631 7.580718994 0.998644471 0.052050352 -0.000184887 17.720258713
-0.000361504 0.045087952 -0.998982906 -206.892852783 -0.050774045 0.997693658 0.045048133 7.620341301 0.998710096 0.050738692 0.001928627 17.718864441
0.000796441 0.049502756 -0.998773634 -207.861206055 -0.051830471 0.997433543 0.049395006 7.656772614 0.998655617 0.051727571 0.003360149 17.720478058
0.002674689 0.053694718 -0.998553753 -208.862731934 -0.048954535 0.997367084 0.053499781 7.689836502 0.998797417 0.048740637 0.005296246 17.724836349
0.003955888 0.053918917 -0.998537540 -209.853485107 -0.048469368 0.997381985 0.053664509 7.733103752 0.998816907 0.048186190 0.006558946 17.725734711
0.005584164 0.054933827 -0.998474360 -210.869506836 -0.051777292 0.997166455 0.054572295 7.773165703 0.998642981 0.051393557 0.008412665 17.728837967
0.009032226 0.056835458 -0.998342693 -211.898818970 -0.054414388 0.996932030 0.056262854 7.816853523 0.998477578 0.053816024 0.012097185 17.724603653
0.012444433 0.057001308 -0.998296499 -212.925827026 -0.055450365 0.996876895 0.056229010 7.862796783 0.998383880 0.054656163 0.015566310 17.737207413
0.015301421 0.054244552 -0.998410463 -213.949569702 -0.058252778 0.996879578 0.053268608 7.905428886 0.998184562 0.057345092 0.018413574 17.741518021
