1.000000000 0.000000000 0.000000000 0.000000000 0.000000000 1.000000000 0.000000000 0.000000000 0.000000000 0.000000000 1.000000000 0.000000000
0.999933600 -0.002527930 0.011241050 0.015696483 0.002516973 0.999996364 0.000988761 -0.003852801 -0.011243508 -0.000960402 0.999936342 0.295357645
0.999828339 -0.004551088 0.017960723 0.025830347 0.004530424 0.999989033 0.001191023 -0.008756825 -0.017965946 -0.001109449 0.999837995 0.582654774
0.999777079 -0.007454291 0.019752854 0.038459025 0.007456075 0.999972224 -0.000016685 -0.012740358 -0.019752180 0.000163960 0.999804914 0.886754870
0.999815106 -0.008681152 0.017159402 0.049890205 0.008713586 0.999960363 -0.001816313 -0.009948508 -0.017142955 0.001965497 0.999851108 1.201283455
0.999882758 -0.011537787 0.010067747 0.056531169 0.011572521 0.999927282 -0.003398669 -0.010758092 -0.010027802 0.003514780 0.999943554 1.519824266
0.999909997 -0.013262355 -0.002003758 0.056424960 0.013250805 0.999896109 -0.005671330 -0.008381887 0.002078765 0.005644267 0.999981940 1.860436201
0.999749959 -0.012437959 -0.018581146 0.036973964 0.012326767 0.999905527 -0.006086641 -0.011614433 0.018655095 0.005856073 0.999808848 2.196094990
0.999238193 -0.007841809 -0.038232252 0.005511691 0.007622923 0.999953747 -0.005867602 -0.018975994 0.038276494 0.005571689 0.999251664 2.539139509
0.998299658 -0.004370470 -0.058126774 -0.035505239 0.003943789 0.999964476 -0.007453244 -0.020168649 0.058157280 0.007211329 0.998281419 2.888573170
0.996907175 -0.004214072 -0.078474864 -0.068483688 0.003628883 0.999964535 -0.007598144 -0.027708445 0.078504100 0.007289868 0.996887147 3.254256010
0.994976401 -0.005778943 -0.099942856 -0.113719285 0.005103883 0.999962389 -0.007008830 -0.030174837 0.099979602 0.006463523 0.994968474 3.633876324
0.992770493 -0.007280293 -0.119806886 -0.171419144 0.006566343 0.999958217 -0.006352871 -0.034742728 0.119848117 0.005520250 0.992776930 4.025056362
0.990474463 -0.006334690 -0.137550831 -0.242308259 0.005572742 0.999966919 -0.005923795 -0.037573267 0.137583807 0.005100832 0.990476966 4.416259766
0.988171995 -0.005055073 -0.153266549 -0.318684697 0.004292816 0.999976695 -0.005303929 -0.044402413 0.153289780 0.004583250 0.988170683 4.824810982
0.985908389 -0.004387626 -0.167228624 -0.398863733 0.003538156 0.999979258 -0.005377304 -0.052849770 0.167248771 0.004709849 0.985903502 5.246341228
0.983771205 -0.005937988 -0.179329485 -0.489667952 0.004867500 0.999967575 -0.006408820 -0.058123738 0.179361731 0.005431926 0.983768165 5.676379204
0.982021987 -0.009718541 -0.188516170 -0.578791678 0.008282715 0.999930501 -0.008402758 -0.069838069 0.188584715 0.006690269 0.982034147 6.114011765
0.980444670 -0.008872362 -0.196595207 -0.674997151 0.006985963 0.999922693 -0.010286750 -0.077473648 0.196671277 0.008712181 0.980430782 6.578116417
0.978880346 -0.008397093 -0.204261258 -0.779938877 0.006044625 0.999907970 -0.012138169 -0.082828477 0.204344437 0.010647133 0.978841186 7.046909332
0.977202773 -0.009339486 -0.212102488 -0.896726131 0.006343251 0.999870300 -0.014802434 -0.094111100 0.212213218 0.013119560 0.977135360 7.526952267
0.975508034 -0.012759488 -0.219593272 -1.008911252 0.009360721 0.999819875 -0.016511112 -0.103304036 0.219764411 0.014051174 0.975451708 8.013435364
0.973519027 -0.019284578 -0.227790758 -1.117867708 0.015622272 0.999718249 -0.017869746 -0.114955314 0.228071198 0.013837929 0.973546088 8.527523994
0.971434414 -0.019772867 -0.236483008 -1.247254491 0.015411489 0.999675632 -0.020277148 -0.130763337 0.236807257 0.016053366 0.971423984 9.042442322
0.969331086 -0.016278015 -0.245219216 -1.400005341 0.010462590 0.999632716 -0.024999367 -0.137782663 0.245536119 0.021667037 0.969145298 9.585356712
0.967115939 -0.013324696 -0.253986478 -1.556762576 0.006490175 0.999594390 -0.027728010 -0.157453388 0.254252970 0.025167786 0.966810226 10.121016502
0.964844465 -0.015787568 -0.262347132 -1.711114049 0.008274796 0.999524117 -0.029716978 -0.177720279 0.262691438 0.026501395 0.964515924 10.675265312
0.962347746 -0.018843777 -0.271167248 -1.866392612 0.010540055 0.999430835 -0.032046091 -0.196635082 0.271616668 0.027981371 0.961998641 11.256240845
0.960144758 -0.018314002 -0.278902411 -2.045759916 0.009069471 0.999366939 -0.034400579 -0.219721049 0.279355824 0.030500043 0.959703088 11.832432747
0.957744181 -0.017683052 -0.287077576 -2.232388020 0.007041798 0.999250770 -0.038057867 -0.244914219 0.287535459 0.034428157 0.957150996 12.428594589
0.955421925 -0.018290823 -0.294676691 -2.418419361 0.005827272 0.999053001 -0.043118428 -0.277484924 0.295186341 0.039479133 0.954623640 13.020527840
0.953664541 -0.019940522 -0.300210536 -2.617709160 0.004982886 0.998711288 -0.050507288 -0.312854260 0.300830752 0.046671096 0.952534795 13.626786232
0.952282190 -0.020726139 -0.304514796 -2.825541496 0.002929252 0.998266459 -0.058784455 -0.349832386 0.305205286 0.055087380 0.950691938 14.244211197
0.950959265 -0.020804798 -0.308615446 -3.028012276 -0.000121943 0.997710168 -0.067634732 -0.386513144 0.309315860 0.064355493 0.948779225 14.863705635
0.949628592 -0.019962611 -0.312741011 -3.249616861 -0.004186442 0.997071803 -0.076356225 -0.439034313 0.313349515 0.073819324 0.946764350 15.501315117
0.948304713 -0.019957807 -0.316733181 -3.477330208 -0.006883310 0.996492445 -0.083399139 -0.492111951 0.317286730 0.081267968 0.944841027 16.144710541
0.946703851 -0.017834041 -0.321611196 -3.714178801 -0.011765043 0.995885313 -0.089855917 -0.549932599 0.321890354 0.088850707 0.942598581 16.799442291
0.945029497 -0.017011723 -0.326542377 -3.959321737 -0.015170962 0.995289147 -0.095756605 -0.615351737 0.326633066 0.095446765 0.940319479 17.473180771
0.943390489 -0.015122913 -0.331339210 -4.208578110 -0.019549651 0.994688153 -0.101061217 -0.690590739 0.331107467 0.101817749 0.938083708 18.140331268
0.941637814 -0.012628514 -0.336390615 -4.461320400 -0.023912059 0.994262457 -0.104261376 -0.757679999 0.335777223 0.106220260 0.935933113 18.804910660
0.940010428 -0.011669007 -0.340945959 -4.733121872 -0.025887636 0.994093239 -0.105397128 -0.839237034 0.340161979 0.107900687 0.934155881 19.507240295
0.937700272 -0.011624341 -0.347250700 -5.005496025 -0.026416425 0.994162023 -0.104613647 -0.920899630 0.346439540 0.107269377 0.931918919 20.206254959
0.935227692 -0.011308727 -0.353865951 -5.262384415 -0.027045105 0.994287431 -0.103252254 -0.996950924 0.353012145 0.106134713 0.929579318 20.880109787
0.932728052 -0.011461700 -0.360398263 -5.551201344 -0.026945503 0.994484425 -0.101363704 -1.080708027 0.359572291 0.104255892 0.927274704 21.597835541
0.929446578 -0.010656685 -0.368802667 -5.841741562 -0.027776062 0.994725227 -0.098743416 -1.154069901 0.367909551 0.102020636 0.924247921 22.306476593
0.926109135 -0.008877555 -0.377151400 -6.154174805 -0.028319487 0.995266378 -0.092966564 -1.233950138 0.376191467 0.096777901 0.921473801 23.044570923
0.922480464 -0.005645894 -0.386002392 -6.477492809 -0.030602187 0.995676994 -0.087697394 -1.316430926 0.384828806 0.092711657 0.918319821 23.795959473
0.918825865 -0.001907164 -0.394658446 -6.808201790 -0.034004170 0.995887160 -0.083979525 -1.391003609 0.393195421 0.090582594 0.914982021 24.544897079
0.915042520 -0.000389398 -0.403356999 -7.154527187 -0.035803247 0.995974004 -0.082183599 -1.465067625 0.401765078 0.089642987 0.911344588 25.284055710
0.910901129 -0.001375190 -0.412622213 -7.502735615 -0.035481788 0.996029437 -0.081648864 -1.533934236 0.411096156 0.089014627 0.907235563 26.046760559
0.907226682 -0.000618513 -0.420641601 -7.874358177 -0.036615059 0.996087074 -0.080434866 -1.608701944 0.419045478 0.088374481 0.903654158 26.812788010
0.903204501 0.000546394 -0.429210395 -8.265240669 -0.037998252 0.996174395 -0.078693047 -1.684741735 0.427525491 0.087385155 0.899769902 27.601470947
0.899490237 -0.000146399 -0.436940879 -8.653677940 -0.037018802 0.996378958 -0.076541066 -1.756191373 0.435369909 0.085022971 0.896227777 28.392053604
0.895720243 0.000204152 -0.444618195 -9.063032150 -0.035968885 0.996755481 -0.072004624 -1.830379128 0.443160951 0.080488414 0.892821372 29.180778503
0.891862392 0.002754294 -0.452298403 -9.471132278 -0.036804050 0.997107446 -0.066499963 -1.901620865 0.450806946 0.075955227 0.889383972 29.963438034
0.887973905 0.002805056 -0.459885150 -9.894560814 -0.035270583 0.997451663 -0.062018644 -1.968544006 0.458539218 0.071291365 0.885809898 30.768936157
0.884341896 0.002050865 -0.466835350 -10.326756477 -0.034020659 0.997614622 -0.060063835 -2.035459995 0.465598643 0.068999007 0.882302105 31.569307327
0.880938768 0.001602803 -0.473227650 -10.766261101 -0.033736616 0.997662604 -0.059423495 -2.094336271 0.472026229 0.068313554 0.878933847 32.394538879
0.877757967 0.002156434 -0.479099452 -11.227168083 -0.033751637 0.997783720 -0.057345323 -2.155805349 0.477913946 0.066505715 0.875885427 33.225471497
0.874644637 -0.000271013 -0.484764427 -11.685026169 -0.030742997 0.997955859 -0.056026507 -2.209424496 0.483788669 0.063906401 0.872848451 34.052261353
0.872127771 -0.001131744 -0.489276737 -12.185041428 -0.030167758 0.997970283 -0.056081936 -2.272534370 0.488347143 0.063671000 0.870323479 34.900123596
0.869739294 -0.002792977 -0.493503392 -12.639772415 -0.028988643 0.997968197 -0.056736935 -2.325241804 0.492659181 0.063652337 0.867891312 35.735519409
0.868334889 -0.002342236 -0.495972723 -13.143490791 -0.029865030 0.997927427 -0.056999575 -2.388341427 0.495078206 0.064306960 0.866465330 36.600582123
0.867882311 -0.002291821 -0.496764541 -13.642561913 -0.029532151 0.997982740 -0.056198917 -2.449704409 0.495891184 0.063444585 0.866063893 37.456890106
0.867676139 -0.002065869 -0.497125536 -14.153395653 -0.029002892 0.998077750 -0.054768894 -2.510037899 0.496283054 0.061939746 0.865948379 38.339683533
0.867468297 -0.003052076 -0.497483134 -14.671035767 -0.027582025 0.998148084 -0.054218832 -2.574105740 0.496727288 0.060754720 0.865777612 39.211486816
0.866675675 -0.005415116 -0.498842508 -15.191300392 -0.025296921 0.998177588 -0.054785769 -2.639426947 0.498230129 0.060100682 0.864959359 40.119789124
0.865579486 -0.008003537 -0.500707865 -15.724073410 -0.022609347 0.998228073 -0.055041157 -2.705191612 0.500261188 0.058963165 0.863864660 41.029441833
0.863898098 -0.008340174 -0.503597677 -16.267578125 -0.021448947 0.998346686 -0.053328469 -2.765948296 0.503209710 0.056872003 0.862290859 41.965919495
0.861852288 -0.007346421 -0.507106125 -16.810880661 -0.020628035 0.998559833 -0.049524471 -2.827523232 0.506739676 0.053143382 0.860459566 42.872592926
0.859105110 -0.007214974 -0.511748374 -17.360158920 -0.018846544 0.998776436 -0.045720339 -2.890603781 0.511452198 0.048923265 0.857917964 43.786380768
0.855043292 -0.007583765 -0.518501103 -17.931781769 -0.017475262 0.998903811 -0.043428175 -2.958302021 0.518261909 0.046193920 0.853973448 44.706668854
0.849605620 -0.011076258 -0.527302265 -18.493270874 -0.015605490 0.998813748 -0.046124641 -3.014850140 0.527187645 0.047416568 0.848424971 45.615711212
0.843564332 -0.015082485 -0.536816299 -19.062751770 -0.013482173 0.998695672 -0.049245708 -3.073251486 0.536858916 0.048779368 0.842260718 46.508533478
0.837492287 -0.015133288 -0.546239495 -19.651271820 -0.013509541 0.998737514 -0.048382297 -3.135475874 0.546282113 0.047899246 0.836230576 47.394840240
0.831566274 -0.011704685 -0.555302322 -20.245267868 -0.014814535 0.998954773 -0.043240800 -3.198558092 0.555228114 0.044184126 0.830523670 48.276691437
0.826335549 -0.006850556 -0.563136399 -20.851589203 -0.018256202 0.999074638 -0.038942549 -3.257904530 0.562882066 0.042460337 0.825445890 49.153991699
0.822365046 -0.006546615 -0.568922520 -21.472469330 -0.019866541 0.998993576 -0.040212113 -3.315659761 0.568613291 0.044371556 0.821407378 50.016689301
0.818719983 -0.009515674 -0.574114144 -22.083425522 -0.019541804 0.998821676 -0.044422746 -3.374675274 0.573860407 0.047589015 0.817569315 50.901447296
0.815715909 -0.011780686 -0.578332841 -22.711580276 -0.022233415 0.998415291 -0.051697157 -3.432809353 0.578025401 0.055028506 0.814161241 51.771411896
0.812538862 -0.012759067 -0.582767367 -23.344347000 -0.022383638 0.998340070 -0.053066570 -3.496921778 0.582477212 0.056163099 0.810904503 52.646472931
0.809247375 -0.011231912 -0.587360859 -23.984031677 -0.021573255 0.998574674 -0.048818376 -3.565435648 0.587071955 0.052177425 0.807851553 53.508270264
0.806041181 -0.008637710 -0.591796517 -24.617221832 -0.021966593 0.998767972 -0.044496797 -3.617255688 0.591451764 0.048865996 0.804858387 54.353286743
0.803293288 -0.006185730 -0.595551491 -25.261592865 -0.022616921 0.998907983 -0.040881418 -3.683534384 0.595154047 0.046309303 0.802276194 55.204093933
0.800061047 -0.005999485 -0.599888623 -25.913520813 -0.023920000 0.998835802 -0.041891038 -3.732573748 0.599441528 0.047864720 0.798986077 56.065273285
0.796526253 -0.007477027 -0.604557633 -26.573389053 -0.023436708 0.998790145 -0.043231498 -3.791176796 0.604149461 0.048603859 0.795387328 56.925678253
0.792241991 -0.010258424 -0.610120714 -27.216199875 -0.022140568 0.998717070 -0.045541722 -3.858218908 0.609805048 0.049588498 0.790998518 57.764720917
0.787949741 -0.011677192 -0.615628898 -27.886959076 -0.021265665 0.998707592 -0.046161536 -3.916066647 0.615372181 0.049464729 0.786683083 58.618457794
0.783233464 -0.011347671 -0.621624172 -28.561777115 -0.021207450 0.998763978 -0.044953249 -3.979737759 0.621365905 0.048391957 0.782024682 59.465744019
0.778477728 -0.011288642 -0.627570689 -29.252012253 -0.020864600 0.998820305 -0.043848380 -4.048406124 0.627325177 0.047229003 0.777323902 60.300891876
0.773372889 -0.012653767 -0.633825123 -29.933032990 -0.020437349 0.998783469 -0.044876833 -4.107382774 0.633621871 0.047660239 0.772173405 61.109241486
0.768184304 -0.013900102 -0.640077829 -30.640592575 -0.020183541 0.998741627 -0.045912061 -4.166586876 0.639910460 0.048187971 0.766937077 61.946094513
0.762259185 -0.015272541 -0.647091746 -31.337265015 -0.019407123 0.998732865 -0.046433058 -4.232678413 0.646980941 0.047952212 0.760996878 62.775539398
0.756548405 -0.016687935 -0.653724730 -32.060874939 -0.019159224 0.998679519 -0.047666516 -4.293948174 0.653656960 0.048586883 0.755229652 63.599735260
0.750589311 -0.018441260 -0.660511613 -32.792461395 -0.018071197 0.998663604 -0.048418023 -4.362060547 0.660521805 0.048278283 0.749253035 64.420059204
0.744404674 -0.019383168 -0.667447388 -33.531875610 -0.017268945 0.998685420 -0.048262633 -4.430438995 0.667505443 0.047453042 0.743091345 65.242385864
0.737828076 -0.019394839 -0.674710155 -34.281127930 -0.016422115 0.998775423 -0.046668619 -4.492659092 0.674789011 0.045513574 0.736606061 66.058486938
0.731422901 -0.019878561 -0.681634188 -35.049503326 -0.016024832 0.998797894 -0.046323370 -4.551919937 0.681735754 0.044805050 0.730225265 66.877899170
0.724975049 -0.021168044 -0.688449740 -35.814331055 -0.015006889 0.998804927 -0.046513725 -4.628700256 0.688611627 0.044052783 0.723790884 67.663841248
0.718497813 -0.023287710 -0.695139229 -36.597434998 -0.014295891 0.998733699 -0.048234638 -4.689695358 0.695382237 0.044594120 0.717255056 68.469673157
0.712460697 -0.022287346 -0.701357961 -37.415142059 -0.016244788 0.998703718 -0.048238181 -4.751333714 0.701523900 0.045761216 0.711175144 69.282203674
0.707080781 -0.021790832 -0.706796944 -38.228160858 -0.016273746 0.998758852 -0.047072418 -4.817641735 0.706945419 0.044786230 0.705848575 70.084327698
0.702044129 -0.021245385 -0.711816430 -39.051898956 -0.017405195 0.998744369 -0.046975486 -4.888283730 0.711920738 0.045368161 0.700792789 70.883293152
0.697492898 -0.022190928 -0.716248035 -39.879707336 -0.017310863 0.998706937 -0.047799703 -4.957151413 0.716382563 0.045738816 0.696206927 71.670547485
0.692514479 -0.024228033 -0.720997155 -40.716949463 -0.017978955 0.998545706 -0.050823357 -5.018281460 0.721179962 0.048158675 0.691071808 72.449562073
0.687131822 -0.026776459 -0.726039171 -41.555053711 -0.017294489 0.998434544 -0.053190161 -5.092588425 0.726326883 0.049105130 0.685593128 73.247032166
0.681725740 -0.027496040 -0.731090963 -42.402332306 -0.017348440 0.998404920 -0.053726643 -5.162488461 0.731402099 0.049310125 0.680161297 74.035644531
0.677053452 -0.026487807 -0.735457003 -43.273849487 -0.017758882 0.998473048 -0.052309077 -5.238848209 0.735719562 0.048476934 0.675549150 74.824729919
0.671816289 -0.026634624 -0.740238845 -44.147911072 -0.017129542 0.998527408 -0.051474348 -5.308795452 0.740519762 0.047261260 0.670370698 75.613044739
0.666686893 -0.027654445 -0.744824588 -45.027282715 -0.016770441 0.998501897 -0.052084275 -5.383105755 0.745149076 0.047214944 0.665224433 76.392631531
0.662059963 -0.028650448 -0.748902977 -45.908657074 -0.016006416 0.998500586 -0.052349497 -5.453728199 0.749279916 0.046645764 0.660608709 77.162055969
0.657901227 -0.029057892 -0.752543390 -46.805591583 -0.015534378 0.998519063 -0.052136447 -5.526799679 0.752943993 0.045990925 0.656475544 77.926574707
0.653683484 -0.030058663 -0.756170809 -47.702598572 -0.014238247 0.998545468 -0.052001804 -5.601343155 0.756634057 0.044759274 0.652304709 78.702316284
0.649762809 -0.032920800 -0.759423792 -48.627120972 -0.011355659 0.998529792 -0.053001888 -5.677350998 0.760052204 0.043062408 0.648433745 79.486648560
0.645483911 -0.037109219 -0.762871861 -49.535614014 -0.009122673 0.998373091 -0.056283884 -5.750359535 0.763719380 0.043289769 0.644095302 80.246070862
0.640986979 -0.041593004 -0.766423941 -50.462657928 -0.004873859 0.998290002 -0.058252305 -5.821824551 0.767536163 0.041074414 0.639688194 81.016510010
0.633694768 -0.045016017 -0.772272348 -51.391723633 -0.000016573 0.998304605 -0.058205120 -5.899394035 0.773583174 0.036897074 0.632619619 81.795074463
0.626012206 -0.048598289 -0.778297424 -52.329502106 0.004718745 0.998273909 -0.058538575 -5.986060143 0.779798985 0.032973271 0.625161052 82.536064148
0.617012024 -0.049776059 -0.785377920 -53.282268524 0.007687962 0.998331189 -0.057232875 -6.067966938 0.786916256 0.029275414 0.616365016 83.276145935
0.608313382 -0.048004575 -0.792243838 -54.255538940 0.007777628 0.998481810 -0.054529253 -6.147069454 0.793658853 0.027009098 0.607763231 84.014038086
0.599386454 -0.048160888 -0.799009562 -55.238334656 0.007137436 0.998470247 -0.054829292 -6.220711231 0.800427973 0.027161054 0.598813295 84.747665405
0.589483321 -0.049934518 -0.806235611 -56.238746643 0.006547586 0.998350084 -0.057045899 -6.294925213 0.807754099 0.028348709 0.588837624 85.481819153
0.579946876 -0.051778745 -0.813007116 -57.241756439 0.006994550 0.998257756 -0.058587518 -6.380393505 0.814624190 0.028291034 0.579298675 86.166725159
0.570135236 -0.053621162 -0.819799125 -58.274200439 0.007371018 0.998161316 -0.060161207 -6.459197998 0.821517766 0.028257269 0.569482267 86.879653931
0.559526145 -0.053951524 -0.827054918 -59.300815582 0.009954505 0.998244524 -0.058384292 -6.550447464 0.828752875 0.024434617 0.559080958 87.592208862
0.549784243 -0.054160617 -0.833548963 -60.333267212 0.011457410 0.998290777 -0.057307910 -6.631683350 0.835228145 0.021956671 0.549465120 88.253242493
0.539899051 -0.055134982 -0.839922071 -61.393959045 0.011800666 0.998250067 -0.057942674 -6.711835384 0.841647089 0.021371553 0.539604902 88.918136597
0.528949320 -0.055769674 -0.846818984 -62.465312958 0.011336515 0.998213708 -0.058659077 -6.804446697 0.848577738 0.021427700 0.528636754 89.591018677
0.518703163 -0.056714583 -0.853071153 -63.533126831 0.010270572 0.998138607 -0.060114142 -6.884839058 0.854892731 0.022419870 0.518320203 90.246734619
0.508836687 -0.057757635 -0.858923316 -64.616661072 0.009588732 0.998065054 -0.061433632 -6.974534512 0.860809684 0.023023706 0.508405983 90.882492065
0.498826921 -0.057812985 -0.864771247 -65.708717346 0.008585077 0.998053372 -0.061771221 -7.062485218 0.866659164 0.023389019 0.498352200 91.513519287
0.490619242 -0.055295348 -0.869617879 -66.813629150 0.007562313 0.998217046 -0.059205957 -7.154784679 0.871341288 0.022471257 0.490162641 92.118316650
0.482576340 -0.054134313 -0.874179423 -67.930740356 0.008067888 0.998320520 -0.057368118 -7.236674309 0.875816762 0.020631714 0.482202619 92.732200623
0.475157887 -0.053778660 -0.878255546 -69.040031433 0.007911639 0.998351216 -0.056852151 -7.330477238 0.879864991 0.020065306 0.474799931 93.324523926
0.467023432 -0.056910079 -0.882411659 -70.135025024 0.010045436 0.998203814 -0.059061326 -7.417255878 0.884187877 0.018718811 0.466756254 93.916450500
0.459953874 -0.060097862 -0.885906696 -71.269912720 0.012796019 0.998051941 -0.061061967 -7.508967400 0.887850642 0.016749606 0.459826857 94.504913330
0.454102814 -0.063162535 -0.888707519 -72.407325745 0.013828713 0.997863412 -0.063854434 -7.602653027 0.890841961 0.016706795 0.454006016 95.080940247
0.448398829 -0.066784471 -0.891335130 -73.549346924 0.015868803 0.997642398 -0.066766657 -7.700606823 0.893692732 0.015793666 0.448401421 95.657745361
0.443658620 -0.067730911 -0.893632770 -74.687515259 0.019036546 0.997627258 -0.066161931 -7.802996635 0.895993650 0.012341630 0.443895370 96.225440979
0.439392418 -0.065309562 -0.895917892 -75.835235596 0.020768834 0.997825503 -0.062552467 -7.900458813 0.898055136 0.008877910 0.439793378 96.789573669
0.435818195 -0.063937455 -0.897760808 -76.975143433 0.024325402 0.997945905 -0.059263747 -7.997132778 0.899705946 0.003989826 0.436478347 97.338279724
0.432141364 -0.062844597 -0.899613440 -78.118515015 0.024634933 0.998019159 -0.057885252 -8.085355759 0.901469350 0.002852693 0.432833612 97.898269653
0.429515362 -0.062747329 -0.900876880 -79.250572205 0.026437698 0.998029113 -0.056909297 -8.175078392 0.902672529 0.000626302 0.430327743 98.428657532
0.427305520 -0.061266653 -0.902028918 -80.385681152 0.027392995 0.998120606 -0.054816779 -8.273068428 0.903692186 -0.001285764 0.428180695 98.951408386
0.424519092 -0.061295670 -0.903341770 -81.525131226 0.030422719 0.998108089 -0.053429034 -8.346646309 0.904907763 -0.004800468 0.425580710 99.494407654
0.421803266 -0.062619761 -0.904522359 -82.660736084 0.033280917 0.998009205 -0.053572029 -8.426691055 0.906076491 -0.007506477 0.423047602 100.031768799
0.419268042 -0.062858053 -0.905683815 -83.751853943 0.034936707 0.997978389 -0.053090412 -8.508109093 0.907190025 -0.009382489 0.420616478 100.549446106
0.417013049 -0.062053721 -0.906779706 -84.854576111 0.038236771 0.997981191 -0.050710447 -8.588532448 0.908095837 -0.013525403 0.418543875 101.066627502
0.414930612 -0.061426736 -0.907777131 -85.969871521 0.040245548 0.997981012 -0.049134970 -8.669888496 0.908962548 -0.016146390 0.416565031 101.571037292
0.413491547 -0.063070118 -0.908320844 -87.062934875 0.042539015 0.997846782 -0.049921554 -8.746346474 0.909513712 -0.017996939 0.415284216 102.068229675
0.411721081 -0.063470908 -0.909096897 -88.140266418 0.043728650 0.997798443 -0.049859565 -8.836797714 0.910260141 -0.019225350 0.413590163 102.564689636
0.411145568 -0.064536467 -0.909282327 -89.211036682 0.043343391 0.997746587 -0.051216874 -8.916333199 0.910538614 -0.018353788 0.413016289 103.043632507
0.410929143 -0.065202497 -0.909332693 -90.255119324 0.043383911 0.997707665 -0.051934045 -8.998935699 0.910634458 -0.018109197 0.412815928 103.536399841
0.413640976 -0.065006532 -0.908116341 -91.309890747 0.040414259 0.997775435 -0.053016264 -9.076468468 0.909542620 -0.014771148 0.415348023 104.003387451
0.417815983 -0.065343082 -0.906178832 -92.345832825 0.038498428 0.997787714 -0.054198209 -9.155010223 0.907715619 -0.012241575 0.419407308 104.479942322
0.422568440 -0.065942705 -0.903928876 -93.380928040 0.037104420 0.997772038 -0.055443108 -9.235311508 0.905571103 -0.010111248 0.424073756 104.957283020
0.428881258 -0.065606765 -0.900975347 -94.392211914 0.036696304 0.997801483 -0.055189244 -9.320876122 0.902615249 -0.009392831 0.430345833 105.429321289
0.435678005 -0.064493880 -0.897789001 -95.398826599 0.035445675 0.997885406 -0.054483391 -9.396304131 0.899404466 -0.008085525 0.437042743 105.917312622
0.444350719 -0.062765390 -0.893651426 -96.413688660 0.034179796 0.998004019 -0.053099331 -9.477928162 0.895200610 -0.006950103 0.445609152 106.404037476
0.453146756 -0.062515341 -0.889241159 -97.389526367 0.033489604 0.998027563 -0.053097334 -9.550498962 0.890806615 -0.005719450 0.454346657 106.895919800
0.462593853 -0.062091224 -0.884393394 -98.375068665 0.032591943 0.998061180 -0.053023931 -9.623173714 0.885971010 -0.004295548 0.463720679 107.404785156
0.472012550 -0.062353011 -0.879383981 -99.347930908 0.031239670 0.998052239 -0.053999204 -9.704542160 0.881038189 -0.001983365 0.473041058 107.930923462
0.482606322 -0.064399041 -0.873466611 -100.312080383 0.030417396 0.997923911 -0.056768872 -9.774917603 0.875309169 0.000828432 0.483563215 108.453254700
0.494047314 -0.065297827 -0.866979480 -101.266204834 0.028700914 0.997857153 -0.058799889 -9.850513458 0.868961155 0.004166818 0.494862735 108.992439270
0.506569147 -0.063542612 -0.859854639 -102.217895508 0.026916876 0.997959971 -0.057890855 -9.932584763 0.861779094 0.006181114 0.507246077 109.543395996
0.519311428 -0.060864374 -0.852414846 -103.140068054 0.024948172 0.998115182 -0.056068689 -10.010601044 0.854220808 0.007850914 0.519851029 110.093338013
0.531794131 -0.058550276 -0.844847202 -104.055053711 0.024289032 0.998251319 -0.053892732 -10.088292122 0.846525311 0.008139314 0.532286286 110.662803650
0.543657482 -0.057994209 -0.837301195 -104.957504272 0.024292637 0.998279214 -0.053370930 -10.160914421 0.838955581 0.008675254 0.544130802 111.242073059
0.555392146 -0.056992177 -0.829633236 -105.829795837 0.023768740 0.998329103 -0.052669022 -10.250054359 0.831248820 0.009532626 0.555818796 111.820060730
0.566927433 -0.058510832 -0.821687043 -106.710784912 0.023728115 0.998220265 -0.054710101 -10.313278198 0.823425889 0.011519574 0.567306876 112.413078308
0.577113569 -0.059699219 -0.814478874 -107.558197021 0.026185157 0.998164415 -0.054608930 -10.396760941 0.816243947 0.010188298 0.577617526 113.025222778
0.588308930 -0.059197437 -0.806466520 -108.410217285 0.026856931 0.998196959 -0.053679265 -10.482839584 0.808190107 0.009920780 0.588838100 113.642990112
0.599018633 -0.057213336 -0.798688531 -109.242668152 0.025951326 0.998307288 -0.052049283 -10.549149513 0.800314426 0.010451459 0.599489450 114.260307312
0.609065890 -0.053904131 -0.791285694 -110.046333313 0.026044551 0.998508930 -0.047973718 -10.624967575 0.792691827 0.008610477 0.609561741 114.875625610
0.618709683 -0.052089047 -0.783891022 -110.840927124 0.024786973 0.998597085 -0.046792258 -10.696096420 0.785228610 0.009520536 0.619132757 115.502105713
0.628658891 -0.052114453 -0.775933087 -111.624778748 0.023295518 0.998566270 -0.048193339 -10.756608963 0.777332187 0.012221408 0.628971577 116.134803772
0.638007641 -0.051012900 -0.768338442 -112.386970520 0.021032257 0.998585403 -0.048835244 -10.828199387 0.769742727 0.014997365 0.638177991 116.773239136
0.647488594 -0.050506730 -0.760399461 -113.159736633 0.021071473 0.998606443 -0.048386142 -10.895650864 0.761783659 0.015306742 0.647650659 117.415176392
0.656419933 -0.048123084 -0.752859175 -113.897346497 0.020469621 0.998732090 -0.045991860 -10.961496353 0.754117966 0.014779226 0.656572759 118.066246033
0.665148735 -0.046835881 -0.745240569 -114.624496460 0.021045085 0.998810351 -0.043988548 -11.020397186 0.746414185 0.013575274 0.665343225 118.707977295
0.673090279 -0.046272140 -0.738111317 -115.351112366 0.021339953 0.998840332 -0.043157134 -11.080677986 0.739252269 0.013297386 0.673297226 119.382545471
0.680692077 -0.045379318 -0.731162727 -116.049049377 0.020164996 0.998861969 -0.043220922 -11.135275841 0.732291996 0.014676246 0.680832565 120.036468506
0.688472867 -0.044239715 -0.723911583 -116.745567322 0.019434834 0.998904765 -0.042561706 -11.192461967 0.725001633 0.015233479 0.688578665 120.688964844
0.695612311 -0.041669756 -0.717207909 -117.427398682 0.018613236 0.999026656 -0.039990649 -11.246021271 0.718176246 0.014468420 0.695710838 121.347602844
0.702868760 -0.039020695 -0.710248470 -118.088890076 0.017590029 0.999142289 -0.037485119 -11.296681404 0.711102068 0.013853829 0.702952325 122.009544373
0.710485876 -0.037636064 -0.702704370 -118.741119385 0.016649794 0.999188244 -0.036681250 -11.345883369 0.703514457 0.014361626 0.710535884 122.660675049
0.717779994 -0.036631715 -0.695305705 -119.384094238 0.016240915 0.999224126 -0.035877585 -11.402369499 0.696080565 0.014459814 0.717818081 123.321472168
0.725694895 -0.033620559 -0.687194705 -120.008460999 0.013348244 0.999305248 -0.034794290 -11.444639206 0.687887132 0.016077196 0.725639582 123.974998474
0.734825611 -0.030845292 -0.677554250 -120.612380981 0.012815529 0.999418437 -0.031599201 -11.496006012 0.678134918 0.014536687 0.734793603 124.625045776
0.744351685 -0.027023772 -0.667240739 -121.200950623 0.010888979 0.999539137 -0.028334729 -11.537214279 0.667698979 0.013825435 0.744302928 125.278404236
0.754380345 -0.024666430 -0.655973971 -121.782661438 0.008945812 0.999587297 -0.027299415 -11.582445145 0.656376600 0.014725925 0.754289687 125.939445496
0.764138341 -0.023768999 -0.644614398 -122.332809448 0.007400552 0.999578178 -0.028084900 -11.619913101 0.645009935 0.016690247 0.763991892 126.596153259
0.774109542 -0.025238549 -0.632548273 -122.878524780 0.007842817 0.999510646 -0.030282263 -11.654623985 0.633003056 0.018480822 0.773928583 127.264175415
0.784207761 -0.024174985 -0.620027125 -123.410446167 0.007439723 0.999535263 -0.029562350 -11.696078300 0.620453715 0.018570194 0.784023106 127.939712524
0.794377625 -0.022708984 -0.606999576 -123.929725647 0.007089584 0.999579489 -0.028118026 -11.730025291 0.607382834 0.018032957 0.794204593 128.623413086
0.804616332 -0.020371415 -0.593445480 -124.434349060 0.006866169 0.999663711 -0.025006391 -11.769828796 0.593755364 0.016045855 0.804485679 129.303939819
0.814288020 -0.018906603 -0.580152988 -124.939544678 0.007005069 0.999716759 -0.022747619 -11.799877167 0.580418706 0.014459103 0.814189792 130.008880615
0.823473990 -0.017345883 -0.567088723 -125.414871216 0.007521346 0.999778450 -0.019659016 -11.839550018 0.567304015 0.011923419 0.823422074 130.702636719
0.831700206 -0.016664699 -0.554974854 -125.884765625 0.008278625 0.999810576 -0.017615587 -11.864475250 0.555163264 0.010056459 0.831680596 131.405883789
0.839123964 -0.016813159 -0.543680310 -126.340408325 0.009683088 0.999825537 -0.015974306 -11.893419266 0.543853998 0.008139920 0.839140356 132.109786987
0.845537126 -0.016545378 -0.533660173 -126.795822144 0.009645269 0.999829948 -0.015716240 -11.927157402 0.533829510 0.008141368 0.845552862 132.844085693
0.852137685 -0.016030736 -0.523072064 -127.233543396 0.008980626 0.999831438 -0.016011762 -11.946417809 0.523240507 0.008946711 0.852138042 133.563201904
0.858910084 -0.013865496 -0.511938751 -127.681404114 0.007169186 0.999860942 -0.015052357 -11.970371246 0.512076259 0.009258439 0.858890057 134.312423706
0.865230441 -0.012692302 -0.501213729 -128.106033325 0.006334727 0.999876440 -0.014384557 -12.001047134 0.501334310 0.009270905 0.865203977 135.050430298
0.871296287 -0.013266365 -0.490578085 -128.529327393 0.007062921 0.999870062 -0.014494624 -12.025533676 0.490706623 0.009164196 0.871276677 135.796936035
0.876210332 -0.014721027 -0.481704026 -128.936813354 0.008181045 0.999843657 -0.015674379 -12.045382500 0.481859475 0.009793208 0.876193762 136.552215576
0.880621970 -0.014853590 -0.473586708 -129.356735229 0.008351441 0.999839842 -0.015829731 -12.075127602 0.473745942 0.009984877 0.880604863 137.332763672
0.884171844 -0.014235534 -0.466945022 -129.767074585 0.008054757 0.999851584 -0.015230127 -12.094449043 0.467092544 0.009704920 0.884155154 138.107666016
0.887423933 -0.012444546 -0.460786164 -130.176589966 0.007823514 0.999898136 -0.011937213 -12.115321159 0.460887849 0.006988402 0.887430906 138.893493652
0.890456557 -0.008334164 -0.454991907 -130.585006714 0.005331535 0.999954700 -0.007882087 -12.131070137 0.455037057 0.004592849 0.890460670 139.696990967
0.893919587 -0.005514888 -0.448193461 -130.994888306 0.003810966 0.999981701 -0.004703527 -12.155391693 0.448211193 0.002496525 0.893924236 140.498550415
0.897201419 -0.002742269 -0.441612929 -131.402557373 0.001804536 0.999995112 -0.002543458 -12.166652679 0.441617787 0.001485087 0.897202075 141.322418213
0.900520146 -0.001188645 -0.434812635 -131.806625366 0.001116072 0.999999285 -0.000422247 -12.174719810 0.434812903 -0.000105040 0.900520802 142.153793335
0.903934121 0.000342199 -0.427671880 -132.225112915 0.000752529 0.999996841 0.002390698 -12.182043076 0.427671343 -0.002482869 0.903930902 143.014770508
0.907386839 0.000261798 -0.420296609 -132.625610352 0.001682063 0.999989510 0.004254321 -12.189750671 0.420293331 -0.004567280 0.907376766 143.878097534
0.910907805 -0.000185350 -0.412609935 -133.024154663 0.002561407 0.999983132 0.005205543 -12.195207596 0.412602007 -0.005798632 0.910892963 144.768981934
0.914695501 -0.000588167 -0.404143542 -133.434768677 0.002993737 0.999981344 0.005320389 -12.200987816 0.404132873 -0.006076435 0.914680123 145.674209595
0.918386102 -0.003466216 -0.395670265 -133.806320190 0.005777481 0.999972522 0.004649923 -12.198924065 0.395643264 -0.006556402 0.918380857 146.593368530
0.922680140 -0.004697313 -0.385537505 -134.201171875 0.006488106 0.999973416 0.003344054 -12.202925682 0.385511547 -0.005586901 0.922686040 147.517745972
0.927131593 -0.006008217 -0.374687612 -134.579910278 0.007014337 0.999974549 0.001321498 -12.211890221 0.374670088 -0.003853388 0.927150130 148.454040527
0.932264566 -0.004100013 -0.361754090 -134.947692871 0.004529561 0.999989688 0.000339397 -12.211090088 0.361748964 -0.001954995 0.932273507 149.406555176
0.938561618 -0.000835120 -0.345110714 -135.318923950 0.001390049 0.999998152 0.001360514 -12.216251373 0.345108926 -0.001756647 0.938561022 150.383789062
0.945045412 0.003241817 -0.326922864 -135.666473389 -0.001823950 0.999987543 0.004643485 -12.226943970 0.326933801 -0.003792015 0.945039630 151.381484985
0.951743782 0.006228755 -0.306830436 -136.016983032 -0.004563171 0.999970675 0.006145423 -12.227614403 0.306859702 -0.004448749 0.951744378 152.412506104
0.958200574 0.007889411 -0.285988569 -136.320999146 -0.006182339 0.999957263 0.006871441 -12.230795860 0.286030561 -0.004816140 0.958208382 153.448867798
0.964306593 0.009434373 -0.264619976 -136.619049072 -0.007491432 0.999937057 0.008350633 -12.233666420 0.264682025 -0.006070187 0.964316607 154.507797241
0.969969094 0.010009019 -0.243022352 -136.892517090 -0.007545519 0.999910235 0.011065658 -12.231488228 0.243111327 -0.008899615 0.969957530 155.585586548
0.975264966 0.012979851 -0.220657617 -137.150344849 -0.009990663 0.999842644 0.014657388 -12.236095428 0.220813185 -0.012090320 0.975241184 156.667800903
0.979999423 0.015301380 -0.198411182 -137.379928589 -0.011841057 0.999756634 0.018615017 -12.227862358 0.198647738 -0.015893308 0.979942083 157.770187378
0.984355628 0.017198851 -0.175352290 -137.597717285 -0.013567507 0.999668419 0.021886790 -12.220342636 0.175670564 -0.019165292 0.984262466 158.891159058
0.988045216 0.019037129 -0.152984872 -137.784515381 -0.015890636 0.999636829 0.021763923 -12.208770752 0.153343663 -0.019072711 0.987988889 160.041931152
0.991166174 0.018495031 -0.131330088 -137.939697266 -0.016078008 0.999681652 0.019440817 -12.194115639 0.131647870 -0.017157553 0.991147995 161.203933716
0.993764639 0.018590966 -0.109937884 -138.079971313 -0.016661251 0.999691069 0.018445518 -12.182631493 0.110246837 -0.016498797 0.993767321 162.369537354
0.995785475 0.017474165 -0.090032943 -138.178222656 -0.015706500 0.999670446 0.020304797 -12.173421860 0.090358064 -0.018805120 0.995731771 163.549392700
0.997374415 0.017463574 -0.070279419 -138.261245728 -0.015958026 0.999632239 0.021927066 -12.159286499 0.070636496 -0.020747978 0.997286320 164.754379272
0.998585820 0.018570364 -0.049814660 -138.324340820 -0.017441453 0.999583244 0.023002004 -12.154832840 0.050221063 -0.022100639 0.998493552 165.948181152
0.999353051 0.020664405 -0.029437665 -138.371673584 -0.019975720 0.999524295 0.023499770 -12.138080597 0.029909268 -0.022896528 0.999290347 167.188201904
0.999738634 0.021066122 -0.008883945 -138.390930176 -0.020845661 0.999489307 0.024218388 -12.127112389 0.009389595 -0.024026869 0.999667227 168.432022095
0.999664903 0.023171460 0.011551498 -138.386001587 -0.023438936 0.999447048 0.023584170 -12.109928131 -0.010998634 -0.023847016 0.999655128 169.684890747
0.999201953 0.024204683 0.031776678 -138.360427856 -0.024913443 0.999445260 0.022101337 -12.090440750 -0.031224091 -0.022875361 0.999250650 170.963836670
0.998397648 0.024543082 0.050986499 -138.296997070 -0.025574526 0.999479234 0.019676762 -12.075469017 -0.050477006 -0.020949190 0.998505473 172.245697021
0.997202158 0.026203472 0.070010908 -138.214736938 -0.027460340 0.999477446 0.017050587 -12.064352036 -0.069527552 -0.018925402 0.997400522 173.535598755
0.995659232 0.026551075 0.089207731 -138.109420776 -0.028000275 0.999494791 0.015033023 -12.054673195 -0.088763542 -0.017465606 0.995899498 174.835479736
0.993795931 0.026750000 0.107954033 -137.974746704 -0.028194739 0.999531865 0.011878571 -12.048727989 -0.107585736 -0.014848612 0.994084835 176.151077271
0.991540611 0.028055655 0.126728356 -137.818420410 -0.029123949 0.999554038 0.006584379 -12.050480843 -0.126487136 -0.010219509 0.991915524 177.464904785
0.989072919 0.028970344 0.144552723 -137.633499146 -0.029238205 0.999572456 -0.000271452 -12.055429459 -0.144498751 -0.003957975 0.989497066 178.790573120
0.986298323 0.031335622 0.161968216 -137.428298950 -0.030888880 0.999508917 -0.005276235 -12.073932648 -0.162054002 0.000200925 0.986781895 180.116210938
0.983162165 0.033647835 0.179610655 -137.195739746 -0.032461207 0.999427438 -0.009542518 -12.095252991 -0.179828897 0.003551466 0.983691514 181.462783813
0.979690373 0.035878360 0.197280213 -136.939559937 -0.034149505 0.999342680 -0.012159572 -12.126032829 -0.197586834 0.005175593 0.980271637 182.802642822
0.976001441 0.035256159 0.214891002 -136.656021118 -0.033423342 0.999367476 -0.012157879 -12.153276443 -0.215183720 0.004683733 0.976562381 184.173019409
0.972144783 0.034356575 0.231849328 -136.343246460 -0.032262973 0.999397278 -0.012816884 -12.184979439 -0.232149944 0.004979717 0.972667336 185.529693604
0.967934787 0.034673400 0.248797089 -136.002700806 -0.031207627 0.999353230 -0.017862063 -12.226747513 -0.249255553 0.009524946 0.968390822 186.878356934
0.963590860 0.035601605 0.265000433 -135.642929077 -0.030740431 0.999274790 -0.022470105 -12.262797356 -0.265608162 0.013505760 0.963986456 188.226776123
0.958813846 0.037921138 0.281492501 -135.246612549 -0.032851677 0.999202371 -0.022708392 -12.303934097 -0.282129049 0.012525619 0.959294677 189.605590820
0.953453183 0.040056493 0.298868477 -134.827590942 -0.034606855 0.999124527 -0.023506679 -12.349904060 -0.299548388 0.012069624 0.954004765 190.982574463
0.947573245 0.043626316 0.316546530 -134.393630981 -0.037041150 0.998954415 -0.026793869 -12.398175240 -0.317384481 0.013663905 0.948198497 192.362258911
0.941707313 0.044125311 0.333527029 -133.917709351 -0.035981756 0.998885155 -0.030557713 -12.456016541 -0.334503651 0.016775534 0.942245066 193.734848022
0.935231447 0.045354310 0.351119608 -133.427032471 -0.036104422 0.998807967 -0.032849945 -12.516088486 -0.352190912 0.018045329 0.935754180 195.104736328
0.928606927 0.046122804 0.368187368 -132.897445679 -0.034479074 0.998677075 -0.038144421 -12.583827972 -0.369459599 0.022726420 0.928968847 196.473693848
0.920632422 0.049213313 0.387316197 -132.348464966 -0.034791760 0.998418331 -0.044163000 -12.659103394 -0.388877034 0.027182488 0.920888603 197.849151611
0.911341310 0.052588575 0.408278465 -131.749023438 -0.036163658 0.998199642 -0.047850814 -12.739790916 -0.410059780 0.028843585 0.911602437 199.222106934
0.900229335 0.055405181 0.431876600 -131.146316528 -0.037898943 0.998077333 -0.049043931 -12.831053734 -0.433763534 0.027783116 0.900598288 200.562789917
