1.000000000 0.000000000 0.000000000 0.000000000 0.000000000 1.000000000 0.000000000 0.000000000 0.000000000 0.000000000 1.000000000 0.000000000
0.999933898 -0.002504300 0.011219496 0.016071629 0.002493205 0.999996364 0.001002781 -0.003636961 -0.011221967 -0.000974742 0.999936581 0.295812905
0.999828815 -0.004522990 0.017940326 0.025702182 0.004502678 0.999989152 0.001172413 -0.008611317 -0.017945433 -0.001091433 0.999838352 0.582378864
0.999779582 -0.007453502 0.019627498 0.040802054 0.007455828 0.999972224 -0.000045340 -0.012523625 -0.019626614 0.000191669 0.999807358 0.886655688
0.999816060 -0.008600458 0.017142663 0.050293807 0.008633285 0.999961019 -0.001841891 -0.009692236 -0.017126154 0.001989550 0.999851346 1.201196432
0.999883533 -0.011482693 0.010050758 0.056550145 0.011517339 0.999927878 -0.003396042 -0.010756986 -0.010011038 0.003511405 0.999943733 1.519312382
0.999911308 -0.013160326 -0.002040109 0.058203265 0.013148515 0.999897242 -0.005698658 -0.008432402 0.002114896 0.005671327 0.999981701 1.863538027
0.999749303 -0.012405355 -0.018639179 0.038740914 0.012295758 0.999906480 -0.005983095 -0.012387716 0.018711658 0.005752412 0.999808371 2.201433659
0.999225199 -0.007854234 -0.038563780 0.012050204 0.007643593 0.999954998 -0.005606579 -0.022117939 0.038606092 0.005307470 0.999240518 2.542222977
0.998305917 -0.004404674 -0.058016248 -0.034247220 0.003997535 0.999966502 -0.007131859 -0.022687608 0.058045719 0.006887855 0.998290122 2.897020817
0.996901035 -0.004055603 -0.078559987 -0.073388755 0.003469737 0.999965191 -0.007592627 -0.026681459 0.078588039 0.007296516 0.996880472 3.263500690
0.994995117 -0.005559551 -0.099768654 -0.119311512 0.004846370 0.999960959 -0.007389273 -0.025508059 0.099805847 0.006868775 0.994983196 3.635361910
0.992866993 -0.007340119 -0.119001210 -0.183222413 0.006660156 0.999959111 -0.006110603 -0.037871547 0.119041204 0.005274449 0.992875278 4.016159534
0.990617931 -0.005879638 -0.136534274 -0.260217220 0.005097669 0.999968588 -0.006076206 -0.036901705 0.136565700 0.005323191 0.990616739 4.412351131
0.988210440 -0.004963964 -0.153021768 -0.325697780 0.004274302 0.999979138 -0.004835586 -0.050490241 0.153042570 0.004124514 0.988210976 4.821630955
0.986094296 -0.003875990 -0.166141406 -0.413423419 0.003059558 0.999981880 -0.005169740 -0.054779593 0.166158438 0.004589533 0.986088395 5.240952015
0.983931124 -0.005695585 -0.178457677 -0.499863863 0.004677242 0.999970257 -0.006126558 -0.060737915 0.178487256 0.005193422 0.983928502 5.673753262
0.982059300 -0.009406356 -0.188337371 -0.586741507 0.007970996 0.999933183 -0.008377178 -0.068004400 0.188403577 0.006725649 0.982068658 6.126982689
0.980531812 -0.008417553 -0.196179837 -0.686654568 0.006543954 0.999926627 -0.010196665 -0.076868236 0.196251273 0.008714363 0.980514824 6.581779957
0.979067206 -0.007798592 -0.203387693 -0.795188427 0.005449813 0.999911785 -0.012105802 -0.080819555 0.203464180 0.010743969 0.979023457 7.048745155
0.977340996 -0.008622108 -0.211495072 -0.905165553 0.005536944 0.999869525 -0.015175289 -0.088608004 0.211598322 0.013660396 0.977261305 7.531173706
0.975583911 -0.012514729 -0.219270051 -1.020712614 0.009045420 0.999817550 -0.016818890 -0.100130610 0.219440550 0.014424850 0.975519240 8.028949738
0.973596096 -0.018990757 -0.227486491 -1.129322529 0.015205949 0.999715388 -0.018378686 -0.109457783 0.227770805 0.014434267 0.973607838 8.544596672
0.971592665 -0.019591348 -0.235847726 -1.254652739 0.015285374 0.999681652 -0.020072103 -0.133679613 0.236165926 0.015896887 0.971582711 9.052583694
0.969478190 -0.015580812 -0.244682431 -1.403922081 0.009792744 0.999643207 -0.024854261 -0.140859053 0.244982392 0.021699551 0.969284713 9.577884674
0.967331767 -0.012367166 -0.253212303 -1.563736558 0.005520839 0.999600172 -0.027730651 -0.159595698 0.253454030 0.025426790 0.967013240 10.123834610
0.964905500 -0.015170332 -0.262158871 -1.717198014 0.007550726 0.999520004 -0.030047864 -0.174986720 0.262488842 0.027013861 0.964556873 10.698320389
0.962538242 -0.018385077 -0.270521849 -1.870433211 0.010212057 0.999448717 -0.031588763 -0.198880494 0.270953476 0.027642811 0.962195456 11.252701759
0.960315287 -0.017980453 -0.278336495 -2.046776772 0.008870233 0.999383926 -0.033955883 -0.221890569 0.278775543 0.030139441 0.959883273 11.826936722
0.958074987 -0.016985858 -0.286013812 -2.241474628 0.006481027 0.999270439 -0.037635110 -0.247926787 0.286444396 0.034203589 0.957486212 12.418398857
0.955763638 -0.017387897 -0.293621480 -2.431828976 0.005050510 0.999074042 -0.042724065 -0.280017555 0.294092476 0.039351173 0.954966664 13.019660950
0.953858197 -0.019475151 -0.299624890 -2.620117188 0.004640972 0.998731375 -0.050141398 -0.313969731 0.300221324 0.046437234 0.952738523 13.620912552
0.952463388 -0.020189196 -0.303983241 -2.825828552 0.002516809 0.998289108 -0.058416001 -0.348556966 0.304642618 0.054874025 0.950884700 14.240351677
0.951195121 -0.019946106 -0.307944506 -3.038010120 -0.000774051 0.997751534 -0.067017056 -0.391141057 0.308588803 0.063984662 0.949041069 14.856562614
0.949953437 -0.019487541 -0.311782867 -3.264933348 -0.004373207 0.997124970 -0.075648345 -0.441959977 0.312360704 0.073225886 0.947137117 15.499040604
0.948866427 -0.018912528 -0.315110743 -3.501302719 -0.007573030 0.996552765 -0.082615808 -0.495620608 0.315586925 0.080777712 0.945452154 16.139724731
0.946984291 -0.017255325 -0.320816129 -3.728544712 -0.012084763 0.995936930 -0.089238971 -0.555298150 0.321052462 0.088384889 0.942928135 16.809570312
0.945462346 -0.016218828 -0.325327665 -3.973245144 -0.015652444 0.995343626 -0.095110588 -0.623788834 0.325355381 0.095015645 0.940805972 17.465921402
0.943789363 -0.014908540 -0.330211163 -4.227606297 -0.019472111 0.994739950 -0.100565031 -0.693923473 0.329973489 0.101342119 0.938534617 18.143434525
0.942044854 -0.011816699 -0.335278749 -4.482069492 -0.024288876 0.994354606 -0.103290744 -0.773224473 0.334606528 0.105448075 0.936439633 18.831657410
0.940266967 -0.010632462 -0.340271831 -4.751217842 -0.026692502 0.994132638 -0.104822502 -0.850042105 0.339389890 0.107643843 0.934466302 19.535280228
0.938040614 -0.010644467 -0.346361756 -5.016199112 -0.027070245 0.994222641 -0.103868142 -0.934038997 0.345466316 0.106808655 0.932333052 20.232576370
0.935713112 -0.010349711 -0.352610052 -5.293560028 -0.027471649 0.994395912 -0.102088109 -1.017369986 0.351690561 0.105211988 0.930185020 20.950737000
0.933171809 -0.010994537 -0.359262437 -5.575578690 -0.026912155 0.994589210 -0.100340895 -1.100350738 0.358421683 0.103303835 0.927826524 21.662628174
0.929870725 -0.010137547 -0.367746711 -5.875050545 -0.027703684 0.994852304 -0.097475260 -1.179789543 0.366841853 0.100827336 0.924803197 22.401205063
0.926546216 -0.008523243 -0.376084715 -6.182045460 -0.027940737 0.995422602 -0.091395915 -1.262466192 0.375142187 0.095190622 0.922066689 23.129865646
0.923107982 -0.004488537 -0.384514481 -6.503086567 -0.031168327 0.995768487 -0.086449988 -1.340750933 0.383275419 0.091787353 0.919062018 23.875873566
0.919487059 -0.000604302 -0.393119842 -6.837588310 -0.034561437 0.996002495 -0.082368471 -1.418895245 0.391598135 0.089323528 0.915790558 24.622394562
0.915573418 0.000383135 -0.402150691 -7.181106567 -0.035910796 0.996082425 -0.080808863 -1.490951657 0.400544345 0.088427991 0.912000358 25.379825592
0.911647677 -0.000056847 -0.410972625 -7.534189701 -0.036104210 0.996122539 -0.080226623 -1.557357550 0.409383655 0.087976240 0.908110738 26.131414413
0.907857835 0.000370121 -0.419277966 -7.904244423 -0.036911018 0.996187627 -0.079043612 -1.628437281 0.417650253 0.087236337 0.904410362 26.903291702
0.903756022 0.000703052 -0.428047359 -8.290026665 -0.037503634 0.996283054 -0.077546775 -1.693650961 0.426401913 0.086136691 0.900423229 27.696786880
0.899956822 0.000058227 -0.435978979 -8.647287369 -0.036385071 0.996521413 -0.074973702 -1.770436525 0.434458077 0.083336227 0.896828473 28.435197830
0.896186709 0.000170343 -0.443677127 -9.045566559 -0.035240106 0.996867955 -0.070799023 -1.839591265 0.442275465 0.079084367 0.893385828 29.226127625
0.892349660 0.002662635 -0.451336861 -9.460853577 -0.035891850 0.997234404 -0.065079570 -1.908327341 0.449915409 0.074273050 0.889977336 30.019681931
0.888535917 0.002720622 -0.458798975 -9.886028290 -0.034582015 0.997534990 -0.061058234 -1.970539689 0.457501858 0.070118628 0.886439800 30.828680038
0.884880424 0.001681438 -0.465815246 -10.319065094 -0.033058237 0.997698724 -0.059197325 -2.032319307 0.464643806 0.067781582 0.882899702 31.632257462
0.881458163 0.001066733 -0.472260922 -10.756439209 -0.032312322 0.997790277 -0.058056008 -2.095418453 0.471155405 0.066433795 0.879544854 32.456291199
0.878307641 0.001703669 -0.478092968 -11.215635300 -0.032427814 0.997902989 -0.056017339 -2.155034542 0.476995021 0.064703964 0.876521051 33.284244537
0.875190198 -0.000454694 -0.483778834 -11.672997475 -0.029740237 0.998057604 -0.054740265 -2.207723141 0.482863992 0.062295824 0.873476744 34.114227295
0.872524619 -0.001342152 -0.488568217 -12.170528412 -0.029146057 0.998072267 -0.054793198 -2.268700600 0.487699956 0.062048253 0.870803595 34.966522217
0.870270014 -0.003372363 -0.492563486 -12.631736755 -0.027397126 0.998097181 -0.055239268 -2.323292732 0.491812408 0.061567899 0.868521690 35.809593201
0.868779182 -0.002998303 -0.495190591 -13.132263184 -0.028336214 0.998042166 -0.055757008 -2.382228851 0.494388282 0.062472347 0.866993368 36.676326752
0.868442118 -0.002980096 -0.495781630 -13.635925293 -0.027839342 0.998111069 -0.054764684 -2.443667412 0.495008379 0.061362188 0.866718769 37.532871246
0.868188500 -0.002965173 -0.496225625 -14.144372940 -0.027019018 0.998216271 -0.053236838 -2.504982948 0.495498389 0.059627134 0.866559803 38.415390015
0.867927969 -0.003783745 -0.496675640 -14.662631035 -0.025743516 0.998284340 -0.052591208 -2.568147659 0.496022522 0.058431566 0.866341412 39.302169800
0.867165685 -0.005993636 -0.497983634 -15.185241699 -0.023683140 0.998299956 -0.053256080 -2.630514145 0.497456312 0.057975661 0.865549624 40.213283539
0.866088688 -0.008534500 -0.499817520 -15.717690468 -0.021083409 0.998340905 -0.053580437 -2.695122719 0.499445587 0.056943268 0.864471793 41.123992920
0.864446640 -0.008844937 -0.502646744 -16.261857986 -0.019983714 0.998450398 -0.051937241 -2.752111197 0.502327204 0.054941718 0.862930357 42.059833527
0.862371206 -0.008247548 -0.506209254 -16.802452087 -0.018576497 0.998678505 -0.047917888 -2.815636396 0.505935550 0.050726607 0.861078262 42.970424652
0.859617412 -0.008150364 -0.510873139 -17.356065750 -0.016693212 0.998890936 -0.044024829 -2.876244068 0.510665298 0.046372622 0.858528078 43.891460419
0.855518579 -0.008610149 -0.517700493 -17.922136307 -0.015177052 0.999015093 -0.041695759 -2.945008993 0.517549634 0.043528672 0.854545295 44.813796997
0.850245833 -0.012154933 -0.526245415 -18.487192154 -0.013222844 0.998924732 -0.044436544 -2.998218298 0.526219606 0.044740457 0.849170923 45.718536377
0.844053507 -0.016292613 -0.536011398 -19.050676346 -0.010858751 0.998814285 -0.047459174 -3.059145927 0.536149025 0.045878492 0.842875659 46.617908478
0.837944388 -0.016141798 -0.545516908 -19.636154175 -0.011112877 0.998850644 -0.046625901 -3.119641304 0.545642436 0.045132175 0.836801887 47.503112793
0.831995964 -0.012932942 -0.554630876 -20.233531952 -0.012237244 0.999057114 -0.041653086 -3.179484367 0.554646671 0.041442350 0.831053317 48.396842957
0.826756775 -0.008004155 -0.562502384 -20.839134216 -0.015730161 0.999178886 -0.037337799 -3.236954212 0.562339365 0.039717540 0.825952172 49.275058746
0.822817802 -0.008015733 -0.568248630 -21.461589813 -0.016898921 0.999113202 -0.038562972 -3.293758392 0.568053782 0.041333094 0.821952879 50.143875122
0.819234967 -0.010864455 -0.573355019 -22.075378418 -0.016698968 0.998944700 -0.042789143 -3.352301836 0.573214769 0.044628795 0.818188906 51.031143188
0.816354692 -0.012976388 -0.577404976 -22.704494476 -0.019426230 0.998565078 -0.049906842 -3.409867287 0.577224016 0.051958486 0.814931154 51.896163940
0.813045681 -0.013940546 -0.582032919 -23.333824158 -0.019721061 0.998480082 -0.051463544 -3.470879078 0.581865788 0.053320520 0.811534941 52.770648956
0.809780419 -0.012405172 -0.586601734 -23.973318100 -0.019031215 0.998695135 -0.047391750 -3.535435677 0.586424232 0.049540661 0.808487535 53.633453369
0.806489408 -0.009823941 -0.591166794 -24.608680725 -0.018780716 0.998931825 -0.042221397 -3.596640348 0.590950191 0.045153655 0.805443406 54.497673035
0.803861737 -0.007101550 -0.594773829 -25.259059906 -0.020367347 0.999013722 -0.039455470 -3.648476839 0.594467402 0.043830708 0.802924275 55.345397949
0.800529420 -0.006937493 -0.599253356 -25.908790588 -0.021668741 0.998944044 -0.040511474 -3.695410728 0.598901570 0.045415688 0.799533784 56.206317902
0.796973526 -0.008419289 -0.603955567 -26.572093964 -0.021003880 0.998911798 -0.041641582 -3.754877090 0.603648961 0.045872655 0.795929432 57.076351166
0.792797208 -0.011224336 -0.609382153 -27.213434219 -0.020094052 0.998805642 -0.044539262 -3.813726425 0.609154165 0.047555566 0.791624665 57.915935516
0.788688481 -0.012337697 -0.614669204 -27.885047913 -0.019268241 0.998811543 -0.044771507 -3.874531507 0.614491045 0.047154363 0.787513256 58.764099121
0.783932745 -0.012563643 -0.620718777 -28.561233521 -0.018771211 0.998858511 -0.043924335 -3.933648109 0.620562017 0.046085365 0.782801867 59.614105225
0.779107749 -0.012174501 -0.626771867 -29.242307663 -0.018715138 0.998913944 -0.042666864 -4.001360893 0.626610637 0.044972207 0.778033793 60.444747925
0.773783326 -0.013895331 -0.633297920 -29.927761078 -0.018085789 0.998867214 -0.044014145 -4.052650452 0.633192062 0.045511108 0.772655487 61.270214081
0.768618107 -0.015238971 -0.639526367 -30.634742737 -0.017596809 0.998834312 -0.044949561 -4.112693787 0.639465868 0.045802675 0.767453909 62.104103088
0.762791872 -0.016500387 -0.646433473 -31.331340790 -0.017018268 0.998815894 -0.045576613 -4.177031517 0.646420002 0.045766648 0.761607885 62.934112549
0.757063985 -0.018510276 -0.653078437 -32.059413910 -0.015833324 0.998785198 -0.046663042 -4.240886688 0.653148890 0.045667317 0.755851150 63.770355225
0.750871122 -0.020233966 -0.660138726 -32.788841248 -0.014885932 0.998758197 -0.047544934 -4.304656506 0.660281003 0.045526903 0.749637425 64.597991943
0.744776905 -0.021645140 -0.666962385 -33.548057556 -0.013812914 0.998759627 -0.047837529 -4.370212555 0.667170525 0.044840984 0.743554115 65.424972534
0.738168418 -0.021482568 -0.674274266 -34.304187775 -0.012827407 0.998865187 -0.045867052 -4.437796593 0.674494445 0.042506803 0.737055123 66.255981445
0.731940091 -0.022040602 -0.681012332 -35.077606201 -0.012271396 0.998888075 -0.045517560 -4.492895603 0.681258440 0.041673098 0.730855763 67.068367004
0.725351572 -0.023640124 -0.687972546 -35.835994720 -0.011110700 0.998877883 -0.046037827 -4.560600758 0.688288927 0.041037466 0.724274933 67.869750977
0.718470454 -0.026043771 -0.695069730 -36.620800018 -0.009977055 0.998810053 -0.047737662 -4.624207020 0.695485890 0.041232847 0.717355728 68.692695618
0.712788165 -0.025355099 -0.700920880 -37.426128387 -0.011489995 0.998790085 -0.047814753 -4.684792042 0.701285183 0.042135362 0.711634517 69.486236572
0.707235038 -0.024737399 -0.706545591 -38.237438202 -0.011782007 0.998836458 -0.046764523 -4.749858856 0.706880331 0.041398041 0.706120670 70.289978027
0.701994956 -0.024677601 -0.711754203 -39.052516937 -0.012410381 0.998823762 -0.046870962 -4.810709953 0.712073743 0.041736320 0.700863063 71.092498779
0.697299600 -0.024989918 -0.716344118 -39.879966736 -0.013453744 0.998759687 -0.047938157 -4.875448227 0.716653585 0.043064766 0.696098506 71.888732910
0.692230344 -0.026917111 -0.721174479 -40.725833893 -0.014073823 0.998610616 -0.050781112 -4.948708057 0.721539378 0.045301907 0.690889776 72.677597046
0.687400043 -0.029976025 -0.725660086 -41.574325562 -0.012547898 0.998508513 -0.053133339 -5.016532898 0.726170599 0.045629371 0.685998797 73.465713501
0.681936860 -0.030171786 -0.730788410 -42.428283691 -0.013511219 0.998458683 -0.053831015 -5.089726925 0.731286108 0.046583198 0.680478275 74.263694763
0.677077293 -0.029628444 -0.735315263 -43.309036255 -0.013551841 0.998517692 -0.052712329 -5.158485889 0.735787034 0.045655187 0.675672293 75.061737061
0.672277689 -0.029769853 -0.739700258 -44.187904358 -0.012755686 0.998576939 -0.051781591 -5.229848862 0.740189135 0.044246990 0.670941293 75.843307495
0.666716933 -0.030863564 -0.744671702 -45.068473816 -0.012307291 0.998550057 -0.052404702 -5.304146767 0.745209396 0.044103991 0.665370405 76.636573792
0.662126839 -0.031935204 -0.748710990 -45.945816040 -0.011276473 0.998553872 -0.052564312 -5.374925613 0.749306977 0.043247063 0.660809219 77.405242920
0.657758832 -0.032763451 -0.752515733 -46.861412048 -0.010363532 0.998565257 -0.052534655 -5.449841499 0.753157437 0.042353846 0.656475544 78.187614441
0.653465629 -0.033572767 -0.756211340 -47.758460999 -0.009006007 0.998600364 -0.052116245 -5.526508331 0.756902635 0.040866617 0.652248621 78.965583801
0.649634540 -0.036654048 -0.759362519 -48.683300018 -0.005980993 0.998559713 -0.053316705 -5.602153778 0.760223150 0.039178118 0.648479640 79.749465942
0.645359516 -0.040992770 -0.762778342 -49.592887878 -0.003547098 0.998387396 -0.056655817 -5.674170494 0.763870776 0.039269015 0.644173384 80.510421753
0.640838206 -0.045399942 -0.766332448 -50.520950317 0.000558097 0.998277009 -0.058674373 -5.745566368 0.767675757 0.037173096 0.639759421 81.280868530
0.633858919 -0.048806962 -0.771907270 -51.453197479 0.005580836 0.998269677 -0.058536887 -5.825930119 0.773428500 0.032796249 0.633034468 82.056762695
0.625784516 -0.052658673 -0.778216362 -52.385231018 0.010274009 0.998188436 -0.059281670 -5.911148071 0.779928207 0.029102160 0.625191927 82.800910950
0.616678417 -0.053415738 -0.785400808 -53.338722229 0.012879318 0.998246312 -0.057778988 -5.995654106 0.787109733 0.025515631 0.616284907 83.544548035
0.608176470 -0.051842693 -0.792107165 -54.301765442 0.013351923 0.998391986 -0.055092301 -6.078915119 0.793689549 0.022929685 0.607890725 84.271606445
0.599165201 -0.051805153 -0.798947573 -55.284042358 0.012877508 0.998398840 -0.055080529 -6.157305241 0.800521791 0.022713881 0.598873019 85.007339478
0.589638770 -0.053182594 -0.805914283 -56.283531189 0.012360751 0.998307109 -0.056835055 -6.239760399 0.807572424 0.023550449 0.589298010 85.721206665
0.579820931 -0.055258036 -0.812867939 -57.288684845 0.012657506 0.998188019 -0.058827281 -6.324584961 0.814645648 0.023820408 0.579469681 86.425399780
0.570113420 -0.057311419 -0.819564581 -58.321479797 0.013131120 0.998072088 -0.060659889 -6.400500774 0.821461082 0.023821214 0.569766879 87.138748169
0.559333861 -0.057506401 -0.826945424 -59.349250793 0.015855640 0.998150349 -0.058687609 -6.495841980 0.828790903 0.019714218 0.559211075 87.853767395
0.549632370 -0.057744797 -0.833408535 -60.389316559 0.017029757 0.998175383 -0.057929974 -6.576528549 0.835233033 0.017647445 0.549612939 88.519500732
0.539584517 -0.058746796 -0.839879334 -61.447738647 0.017382625 0.998127401 -0.058648169 -6.656489372 0.841751933 0.017046336 0.539595306 89.185852051
0.529082417 -0.059311103 -0.846495032 -62.521156311 0.016704910 0.998089015 -0.059491765 -6.751029968 0.848405898 0.017335435 0.529062331 89.852844238
0.518684030 -0.060266484 -0.852839231 -63.590934753 0.016119188 0.998024523 -0.060722649 -6.834668159 0.854813933 0.017748792 0.518630862 90.507148743
0.508793592 -0.061160062 -0.858713269 -64.673690796 0.015576717 0.997963905 -0.061848592 -6.927073479 0.860747635 0.018092234 0.508710325 91.143302917
0.498726964 -0.061068162 -0.864605248 -65.766029358 0.014314308 0.997959197 -0.062230255 -7.016469479 0.866640866 0.018659687 0.498583347 91.776641846
0.490514576 -0.058854289 -0.869443238 -66.884315491 0.013347134 0.998107135 -0.060033731 -7.107124329 0.871330738 0.017842839 0.490371674 92.393310547
0.482712537 -0.057670955 -0.873877883 -68.001571655 0.013796973 0.998206437 -0.058254752 -7.190245628 0.875670195 0.016063426 0.482642382 93.004638672
0.474893689 -0.057318050 -0.878174663 -69.106765747 0.013562841 0.998234987 -0.057819907 -7.284940720 0.879938662 0.015547764 0.474832833 93.603393555
0.466996163 -0.060483288 -0.882188380 -70.209205627 0.015401351 0.998062909 -0.060274828 -7.372170448 0.884125113 0.014561221 0.467023134 94.188796997
0.459924638 -0.063819595 -0.885661542 -71.342468262 0.018338112 0.997883737 -0.062383175 -7.464762688 0.887768507 0.012450200 0.460121632 94.777267456
0.453802347 -0.066729493 -0.888600409 -72.480545044 0.019519264 0.997697353 -0.064953782 -7.564013481 0.890888751 0.012131345 0.454059780 95.357971191
0.447959065 -0.070592575 -0.891262770 -73.621849060 0.021803331 0.997443974 -0.068044066 -7.661483765 0.893788218 0.011048455 0.448353231 95.940078735
0.443220437 -0.071443230 -0.893561184 -74.755050659 0.025049658 0.997416794 -0.067321800 -7.768477440 0.896062732 0.007455001 0.443865091 96.499595642
0.439015538 -0.068847306 -0.895837903 -75.903808594 0.026695531 0.997619152 -0.063586995 -7.868985176 0.898082793 0.004000817 0.439808279 97.063919067
0.434986174 -0.067368619 -0.897913456 -77.039169312 0.030381482 0.997727454 -0.060139433 -7.967253685 0.899924397 -0.001120122 0.436044425 97.619873047
0.431770623 -0.066663638 -0.899516642 -78.182876587 0.030935755 0.997772753 -0.059096213 -8.056144714 0.901452959 -0.002311219 0.432871163 98.164062500
0.428891480 -0.066717669 -0.900888920 -79.313835144 0.032720942 0.997761905 -0.058314193 -8.144809723 0.902763307 -0.004467478 0.430114567 98.699935913
0.427150071 -0.065496013 -0.901805460 -80.452178955 0.033880159 0.997831881 -0.056422479 -8.242318153 0.903545797 -0.006452443 0.428442985 99.217735291
0.423929691 -0.065169819 -0.903347373 -81.564010620 0.036732901 0.997824311 -0.054747332 -8.322416306 0.904949903 -0.009973541 0.425401270 99.760993958
0.421220601 -0.066407286 -0.904523730 -82.699638367 0.039510667 0.997712612 -0.054849509 -8.404769897 0.906097174 -0.012634593 0.422880977 100.298095703
0.418811977 -0.066554666 -0.905630708 -83.785583496 0.041287381 0.997674763 -0.054225482 -8.489712715 0.907133877 -0.014680843 0.420586020 100.811904907
0.416358590 -0.065830305 -0.906814039 -84.892807007 0.044517327 0.997655094 -0.051985033 -8.570083618 0.908110023 -0.018724531 0.418312907 101.331932068
0.414448142 -0.065169714 -0.907736480 -86.002868652 0.046480905 0.997646749 -0.050402753 -8.652652740 0.908885181 -0.021303089 0.416501969 101.833755493
0.413038999 -0.066903085 -0.908252656 -87.097953796 0.048765346 0.997491956 -0.051299941 -8.729206085 0.909406900 -0.023102378 0.415265620 102.330696106
0.411099792 -0.067452095 -0.909091413 -88.176818848 0.050460637 0.997413456 -0.051186565 -8.820660591 0.910192609 -0.024830543 0.413440198 102.827865601
0.410626441 -0.068502739 -0.909226775 -89.239807129 0.049948532 0.997366428 -0.052585509 -8.900985718 0.910434604 -0.023821538 0.412966609 103.304229736
0.411173791 -0.069136530 -0.908931315 -90.289596558 0.049372222 0.997345090 -0.053527050 -8.984401703 0.910218894 -0.022867046 0.413495600 103.782760620
0.413238347 -0.069014877 -0.908003867 -91.332756042 0.047233440 0.997406125 -0.054313861 -9.064479828 0.909397066 -0.020443579 0.415426224 104.254318237
0.417528898 -0.069134727 -0.906029820 -92.370056152 0.045102067 0.997449100 -0.055325951 -9.146006584 0.907543600 -0.017763633 0.419581890 104.730865479
0.422499746 -0.069408394 -0.903701484 -93.406890869 0.043656729 0.997464657 -0.056199364 -9.231538773 0.905311048 -0.015708439 0.424458623 105.206710815
0.428503454 -0.069550060 -0.900859356 -94.426528931 0.043556873 0.997464001 -0.056290016 -9.313351631 0.902489662 -0.015118155 0.430446208 105.688926697
0.434987217 -0.068342589 -0.897839248 -95.431968689 0.042422771 0.997563720 -0.055380419 -9.392017365 0.899436831 -0.013999055 0.436826706 106.182022095
0.443599015 -0.066596679 -0.893747628 -96.447647095 0.041048374 0.997698486 -0.053968698 -9.473142624 0.895284832 -0.012746423 0.445311755 106.669494629
0.452589452 -0.066484407 -0.889237106 -97.421081543 0.040532116 0.997719944 -0.053965803 -9.547548294 0.890797377 -0.011618298 0.454252273 107.157226562
0.462060958 -0.066223405 -0.884372175 -98.407058716 0.039499179 0.997755349 -0.054076463 -9.618824005 0.885968208 -0.009945353 0.463639498 107.665443420
0.471780926 -0.066665091 -0.879192054 -99.380195618 0.038360301 0.997745335 -0.055070039 -9.700956345 0.880881011 -0.007745071 0.473274589 108.186462402
0.482135683 -0.068218850 -0.873436451 -100.351181030 0.037072528 0.997659385 -0.057457156 -9.772638321 0.875311792 -0.004678349 0.483536303 108.718330383
0.493649155 -0.069553748 -0.866875291 -101.306350708 0.035449434 0.997577429 -0.059853677 -9.844978333 0.868938386 -0.001183523 0.494918972 109.257194519
0.506447494 -0.067321450 -0.859638751 -102.259597778 0.033235438 0.997730672 -0.058555603 -9.929992676 0.861630023 0.001084863 0.507535636 109.803253174
0.519019485 -0.064150199 -0.852351725 -103.188896179 0.030820776 0.997935832 -0.056339644 -10.011720657 0.854206383 0.002971227 0.519925356 110.360816956
0.531479180 -0.061821748 -0.844812512 -104.102890015 0.030215777 0.998082101 -0.054028720 -10.089811325 0.846532345 0.003188468 0.532327712 110.930465698
0.543378532 -0.061167624 -0.837256432 -105.007064819 0.030118929 0.998120368 -0.053372737 -10.163477898 0.838947356 0.003784331 0.544199347 111.510765076
0.555245399 -0.060416456 -0.829489231 -105.880821228 0.030074744 0.998164237 -0.052570526 -10.253552437 0.831142604 0.004242864 0.556043088 112.085762024
0.566672802 -0.061792683 -0.821622610 -106.759399414 0.030031830 0.998070121 -0.054350037 -10.318690300 0.823395431 0.006123853 0.567434907 112.677833557
0.576599956 -0.063548215 -0.814551413 -107.607597351 0.032654691 0.997966349 -0.054742139 -10.395594597 0.816373825 0.004965384 0.577502429 113.299171448
0.588298082 -0.062750734 -0.806205750 -108.460388184 0.033213448 0.998018324 -0.053444143 -10.484940529 0.807961822 0.004664212 0.589216411 113.902976990
0.598898590 -0.060667917 -0.798523486 -109.293449402 0.032556038 0.998146474 -0.051417023 -10.553888321 0.800162792 0.004796828 0.599763751 114.521781921
0.609147847 -0.057338249 -0.790981174 -110.098571777 0.032544203 0.998350024 -0.047307588 -10.628990173 0.792388797 0.003075458 0.610008776 115.135238647
0.618841946 -0.055490155 -0.783553064 -110.900505066 0.030845279 0.998449028 -0.046347518 -10.696203232 0.784909666 0.004512871 0.619593680 115.761993408
0.628743231 -0.055215452 -0.775650203 -111.680541992 0.029216642 0.998448908 -0.047392558 -10.760347366 0.777063966 0.007135856 0.629381239 116.395240784
0.638171375 -0.054391444 -0.767970681 -112.446487427 0.027081529 0.998469889 -0.048212208 -10.828306198 0.769417822 0.009969831 0.638667881 117.032440186
0.647618711 -0.053939190 -0.760052979 -113.219017029 0.027024271 0.998489618 -0.047833890 -10.893444061 0.761485159 0.010438250 0.648098290 117.672592163
0.656805217 -0.051541485 -0.752296686 -113.960296631 0.026440717 0.998621881 -0.045333255 -10.958337784 0.753596604 0.009883852 0.657262921 118.321029663
0.665395498 -0.050102390 -0.744807661 -114.687309265 0.026737720 0.998704493 -0.043294832 -11.017841339 0.746011972 0.008893730 0.665873110 118.965927124
0.673433721 -0.049254887 -0.737604916 -115.400093079 0.026875725 0.998749495 -0.042155739 -11.079975128 0.738758862 0.008565428 0.673915446 119.627830505
0.681309760 -0.048452586 -0.730389774 -116.102508545 0.025712788 0.998775125 -0.042271778 -11.133304596 0.731543422 0.010019821 0.681721210 120.278488159
0.688522100 -0.047460657 -0.723660588 -116.790763855 0.025247166 0.998820007 -0.041485511 -11.188993454 0.724775553 0.010293313 0.688908160 120.939353943
0.695856929 -0.044763394 -0.716784120 -117.466308594 0.024361376 0.998952508 -0.038734779 -11.242685318 0.717767119 0.009492015 0.696218431 121.586837769
0.703170002 -0.042209558 -0.709767759 -118.129325867 0.023333861 0.999068558 -0.036297183 -11.290557861 0.710638821 0.008961465 0.703499913 122.249420166
0.710989058 -0.040734492 -0.702022314 -118.786071777 0.022432974 0.999126494 -0.035254307 -11.341585159 0.702845156 0.009316982 0.711281776 122.898429871
0.718192697 -0.039657991 -0.694713235 -119.419197083 0.021837628 0.999167323 -0.034462206 -11.395334244 0.695501506 0.009579617 0.718460739 123.554428101
0.726232767 -0.036788419 -0.686463833 -120.044281006 0.019122669 0.999261796 -0.033321124 -11.436828613 0.687182963 0.011071871 0.726400137 124.209114075
0.735198677 -0.033883758 -0.677004099 -120.648101807 0.018370606 0.999379098 -0.030068757 -11.485921860 0.677602530 0.009669537 0.735364795 124.861434937
0.744795501 -0.029990738 -0.666618466 -121.235725403 0.016332274 0.999509513 -0.026719667 -11.525745392 0.667092860 0.009013291 0.744920015 125.511367798
0.754848897 -0.027657911 -0.655315459 -121.815330505 0.014383393 0.999568284 -0.025619240 -11.569970131 0.655740976 0.009912993 0.754920721 126.172897339
0.764624894 -0.026628196 -0.643925130 -122.365348816 0.012703206 0.999574661 -0.026251001 -11.606231689 0.644350290 0.011892255 0.764638007 126.829536438
0.774638176 -0.027977077 -0.631785512 -122.916046143 0.012974750 0.999513805 -0.028352560 -11.640041351 0.632271588 0.013765717 0.774624527 127.500892639
0.784651875 -0.027144466 -0.619341969 -123.445953369 0.012683908 0.999534726 -0.027738122 -11.677612305 0.619806707 0.013909096 0.784631193 128.177429199
0.794853985 -0.025520833 -0.606263936 -123.963592529 0.012246693 0.999586344 -0.026021589 -11.711992264 0.606677055 0.013258632 0.794837654 128.859893799
0.805002689 -0.023192968 -0.592817664 -124.466346741 0.012008074 0.999667764 -0.022804210 -11.749992371 0.593149602 0.011238848 0.805013776 129.543670654
0.814648330 -0.021799868 -0.579545438 -124.958618164 0.012221520 0.999716640 -0.020425411 -11.781451225 0.579826474 0.009556600 0.814683914 130.232147217
0.823910594 -0.020564256 -0.566346586 -125.446304321 0.012818019 0.999761999 -0.017654320 -11.804958344 0.566574872 0.007286140 0.823978126 130.940795898
0.832242668 -0.019482126 -0.554068983 -125.916511536 0.013272937 0.999796093 -0.015218048 -11.836309433 0.554252446 0.005310988 0.832331657 131.638366699
0.839336216 -0.019829011 -0.543251097 -126.368041992 0.014787507 0.999797523 -0.013646191 -11.867029190 0.543411791 0.003420411 0.839459360 132.350708008
0.845757425 -0.019637454 -0.533206344 -126.808677673 0.014784298 0.999801338 -0.013371229 -11.887020111 0.533362985 0.003425732 0.845879555 133.067718506
0.852669477 -0.018853284 -0.522110343 -127.249877930 0.014006514 0.999814451 -0.013228723 -11.911757469 0.522262931 0.003966782 0.852775335 133.782196045
0.859450281 -0.016628165 -0.510948777 -127.704650879 0.012162433 0.999853015 -0.012080888 -11.938330650 0.511074662 0.004168541 0.859526157 134.525726318
0.865577161 -0.015702480 -0.500529230 -128.128448486 0.011467551 0.999867618 -0.011536488 -11.957540512 0.500644147 0.004245875 0.865642726 135.269561768
0.871854305 -0.015982812 -0.489504486 -128.561096191 0.011898523 0.999863625 -0.011454141 -11.983578682 0.489620835 0.004161960 0.871925533 136.013427734
0.876695871 -0.017604008 -0.480722785 -128.968261719 0.013134267 0.999833584 -0.012660770 -12.003065109 0.480865717 0.004785705 0.876781225 136.781433105
0.880992949 -0.018251747 -0.472777158 -129.370620728 0.013714829 0.999820948 -0.013041683 -12.020931244 0.472930580 0.005005574 0.881085575 137.547866821
0.884473205 -0.017569441 -0.466260105 -129.774841309 0.013275977 0.999833822 -0.012491477 -12.040571213 0.466402113 0.004858319 0.884559572 138.322235107
0.887898564 -0.014972824 -0.459795296 -130.200637817 0.012216978 0.999885082 -0.008968485 -12.064115524 0.459876716 0.002345797 0.887979627 139.117370605
0.891072035 -0.011017426 -0.453728169 -130.608963013 0.009964367 0.999939203 -0.004711603 -12.077794075 0.453752488 -0.000322736 0.891127646 139.918502808
0.894414246 -0.008072485 -0.447166502 -131.013198853 0.008175657 0.999965131 -0.001699099 -12.099653244 0.447164625 -0.002136181 0.894449115 140.720306396
0.897774220 -0.005235509 -0.440424860 -131.423690796 0.006079601 0.999981403 0.000505642 -12.108671188 0.440413952 -0.003131560 0.897789359 141.545227051
0.900974631 -0.003925783 -0.433854192 -131.826095581 0.005676479 0.999980152 0.002739762 -12.114771843 0.433834851 -0.004931220 0.900978982 142.383682251
0.904316425 -0.002264854 -0.426856518 -132.239486694 0.005152797 0.999970913 0.005610717 -12.120090485 0.426831454 -0.007273369 0.904301941 143.243865967
0.907758653 -0.002781675 -0.419483453 -132.642242432 0.006497042 0.999951243 0.007428675 -12.123010635 0.419442415 -0.009468845 0.907732546 144.118759155
0.911358416 -0.002906148 -0.411603421 -133.045410156 0.007021334 0.999939322 0.008486275 -12.125490189 0.411553830 -0.010624045 0.911323488 145.005584717
0.915120959 -0.003398423 -0.403165281 -133.446624756 0.007477236 0.999935567 0.008543323 -12.126357079 0.403110236 -0.010832736 0.915087283 145.911148071
0.918923020 -0.006263212 -0.394387156 -133.821472168 0.010166091 0.999917805 0.007807450 -12.119837761 0.394305795 -0.011183821 0.918911278 146.814758301
0.922906697 -0.006975694 -0.384960234 -134.223831177 0.010475561 0.999920666 0.006995074 -12.136000633 0.384880960 -0.010488474 0.922906578 147.766189575
0.927624762 -0.007900001 -0.373429775 -134.613952637 0.010496247 0.999932885 0.004919550 -12.138361931 0.373365879 -0.008483107 0.927645385 148.712478638
0.932781577 -0.005907012 -0.360393673 -134.983947754 0.007988008 0.999958932 0.004285025 -12.143149376 0.360353529 -0.006875819 0.932790458 149.675704956
0.938875198 -0.002482388 -0.344248682 -135.363937378 0.004649365 0.999974251 0.005469445 -12.148158073 0.344226211 -0.006735665 0.938862503 150.669281006
0.945534408 0.001020621 -0.325520545 -135.718353271 0.001844606 0.999962270 0.008493233 -12.149238586 0.325516939 -0.008631101 0.945496738 151.677886963
0.952143669 0.004176399 -0.305622637 -136.050796509 -0.001101388 0.999946952 0.010233204 -12.153449059 0.305649221 -0.009406869 0.952097714 152.680267334
0.958664775 0.005748467 -0.284479678 -136.370193481 -0.002667100 0.999933481 0.011217773 -12.152324677 0.284525245 -0.009995352 0.958616376 153.723953247
0.964739144 0.007143932 -0.263110816 -136.660217285 -0.003962794 0.999912500 0.012619182 -12.152158737 0.263178021 -0.011131566 0.964683056 154.761428833
0.970347106 0.007855266 -0.241587788 -136.932647705 -0.004300283 0.999874532 0.015238823 -12.143766403 0.241677240 -0.013748054 0.970259249 155.841918945
0.975499749 0.010421293 -0.219753578 -137.180831909 -0.006366064 0.999796391 0.019153625 -12.146092415 0.219908386 -0.017285392 0.975367486 156.923461914
0.980299592 0.013015936 -0.197087213 -137.415832520 -0.008605010 0.999693274 0.023220474 -12.133308411 0.197329029 -0.021067079 0.980110943 158.024749756
0.984534025 0.014983337 -0.174551353 -137.631652832 -0.010483273 0.999589205 0.026674334 -12.118918419 0.174879313 -0.024431920 0.984286726 159.161575317
0.988185763 0.016803805 -0.152336493 -137.815505981 -0.012914538 0.999565780 0.026484428 -12.101196289 0.152715385 -0.024204174 0.987973869 160.312057495
0.991312921 0.016156528 -0.130528361 -137.966217041 -0.013054558 0.999612510 0.024585579 -12.088247299 0.130874991 -0.022668010 0.991139710 161.460266113
0.993869781 0.016098382 -0.109378204 -138.109466553 -0.013618939 0.999633849 0.023377959 -12.065573692 0.109714501 -0.021745034 0.993725240 162.641052246
0.995918810 0.015267425 -0.088952526 -138.215866089 -0.013070823 0.999596238 0.025224524 -12.049160004 0.089301720 -0.023958892 0.995716393 163.833328247
0.997492433 0.015574057 -0.069038369 -138.310394287 -0.013727818 0.999537468 0.027136460 -12.032550812 0.069429062 -0.026120668 0.997244835 165.039062500
0.998674989 0.016073667 -0.048885047 -138.373489380 -0.014715592 0.999499142 0.028015088 -12.011472702 0.049310863 -0.027258599 0.998411298 166.256423950
0.999442875 0.017762013 -0.028255332 -138.419052124 -0.016950741 0.999444544 0.028696945 -11.993738174 0.028749343 -0.028202010 0.999188840 167.491958618
0.999804556 0.018240752 -0.007625810 -138.439086914 -0.018010171 0.999408782 0.029284557 -11.969757080 0.008155475 -0.029141488 0.999541938 168.730148315
0.999703884 0.020612398 0.012940200 -138.435958862 -0.020979436 0.999362111 0.028900273 -11.949073792 -0.012336242 -0.029163191 0.999498546 169.986602783
0.999209106 0.021998178 0.033125207 -138.406463623 -0.022916744 0.999356031 0.027610563 -11.927437782 -0.032496501 -0.028347848 0.999069750 171.266891479
0.998372495 0.021958675 0.052630905 -138.345291138 -0.023303332 0.999413967 0.025072733 -11.903748512 -0.052049499 -0.026258402 0.998299181 172.555374146
0.997165859 0.024142411 0.071255498 -138.256607056 -0.025815433 0.999410152 0.022652263 -11.889498711 -0.070666574 -0.024427557 0.997200966 173.846481323
0.995634139 0.024162874 0.090159014 -138.144210815 -0.026144676 0.999440372 0.020865137 -11.875638008 -0.089604378 -0.023131223 0.995708764 175.143325806
0.993753314 0.024507707 0.108874187 -138.007232666 -0.026609361 0.999485731 0.017892580 -11.864528656 -0.108379684 -0.020677887 0.993894458 176.455001831
0.991514385 0.025226612 0.127525508 -137.844284058 -0.027009567 0.999559879 0.012271029 -11.851861000 -0.127159789 -0.015611309 0.991759479 177.771774292
0.989026785 0.026969586 0.145253971 -137.660842896 -0.028107835 0.999588132 0.005789320 -11.857079506 -0.145038009 -0.009808567 0.989377439 179.087554932
0.986267090 0.028845683 0.162620381 -137.452346802 -0.029325152 0.999569774 0.000548229 -11.862080574 -0.162534609 -0.005309567 0.986688554 180.413986206
0.983161151 0.031205606 0.180056602 -137.217681885 -0.031076001 0.999510765 -0.003541234 -11.876947403 -0.180079028 -0.002113835 0.983649850 181.758743286
0.979653716 0.033306599 0.197912246 -136.965057373 -0.032703321 0.999445081 -0.006316893 -11.898622513 -0.198012829 -0.000284020 0.980199397 183.093505859
0.976016939 0.032491185 0.215256900 -136.676071167 -0.031945702 0.999471605 -0.006013607 -11.923541069 -0.215338528 -0.001007150 0.976538956 184.457336426
0.972124338 0.031740241 0.232307449 -136.362548828 -0.031005844 0.999495924 -0.006812993 -11.945294380 -0.232406586 -0.000579813 0.972618520 185.816986084
0.967848599 0.031985469 0.249491349 -136.028274536 -0.029987060 0.999480546 -0.011807688 -11.975743294 -0.249739423 0.003946543 0.968304992 187.179000854
0.963578045 0.033159483 0.265363544 -135.659194946 -0.029938728 0.999421000 -0.016173976 -12.007179260 -0.265746176 0.007640244 0.964012742 188.528701782
0.958759844 0.035309821 0.282015502 -135.261077881 -0.031978711 0.999353886 -0.016407261 -12.039583206 -0.282412708 0.006712130 0.959269464 189.914810181
0.953292966 0.037601858 0.299697518 -134.845870972 -0.034041118 0.999274194 -0.017095234 -12.077846527 -0.300122827 0.006094729 0.953881085 191.293182373
0.947441339 0.041362297 0.317244440 -134.409393311 -0.036848851 0.999116302 -0.020216666 -12.118662834 -0.317800343 0.007464010 0.948128283 192.669189453
0.941352665 0.042131484 0.334783375 -133.942749023 -0.036112219 0.999054968 -0.024186775 -12.165109634 -0.335486084 0.010678514 0.941984594 194.042282104
0.935004652 0.043093342 0.352007329 -133.443679810 -0.036099799 0.998999238 -0.026410595 -12.217490196 -0.352793187 0.011986637 0.935624540 195.413040161
0.928246498 0.043734282 0.369385600 -132.920333862 -0.034477681 0.998904884 -0.031627107 -12.278812408 -0.370364249 0.016622197 0.928737819 196.785308838
0.920329511 0.046959389 0.388314754 -132.369903564 -0.035062183 0.998674870 -0.037671473 -12.344776154 -0.389569253 0.021055007 0.920756400 198.149581909
0.910842538 0.050608426 0.409639567 -131.782821655 -0.036977842 0.998469293 -0.041133605 -12.418394089 -0.411094069 0.022318646 0.911319613 199.515258789
0.899693370 0.053475685 0.433234543 -131.169250488 -0.038889434 0.998340666 -0.042467497 -12.498585701 -0.434786648 0.021359481 0.900280118 200.858795166
