1.000000000 0.000000000 0.000000000 0.000000000 0.000000000 1.000000000 0.000000000 0.000000000 0.000000000 0.000000000 1.000000000 0.000000000
0.999873817 0.001512464 0.015813427 0.010609625 -0.001497439 0.999998391 -0.000961943 -0.003095646 -0.015814858 0.000938142 0.999874473 0.126271382
0.999292016 0.004312946 0.037375055 0.027103290 -0.004300619 0.999990642 -0.000410192 -0.004676249 -0.037376475 0.000249166 0.999301195 0.272606313
0.997894645 0.005987888 0.064579122 0.056184418 -0.006064433 0.999981105 0.000989328 -0.005137347 -0.064571977 -0.001378881 0.997912109 0.436106205
0.995130181 0.005664450 0.098406509 0.102646157 -0.006011569 0.999976814 0.003231250 -0.004167643 -0.098385923 -0.003807092 0.995140970 0.608636379
0.990627706 0.002555779 0.136565760 0.163403407 -0.003300865 0.999980867 0.005229699 -0.005383528 -0.136549786 -0.005631470 0.990617216 0.792431474
0.984400511 -0.000300245 0.175941661 0.240280330 -0.000654641 0.999985397 0.005369221 -0.004495047 -0.175940707 -0.005400643 0.984385908 0.987805128
0.975562215 -0.000483995 0.219722852 0.319842279 -0.001005745 0.999977291 0.006668179 -0.001533535 -0.219721049 -0.006726210 0.975539565 1.190549493
0.963421881 -0.000212344 0.267989248 0.412091047 -0.002423505 0.999951839 0.009504826 0.001733157 -0.267978400 -0.009806632 0.963374972 1.404986620
0.948932767 -0.003868819 0.315455049 0.528811872 -0.001473827 0.999859512 0.016696002 -0.003398084 -0.315475285 -0.016308308 0.948793650 1.618299961
0.931971729 -0.013291198 0.362287313 0.670847416 0.004604694 0.999681115 0.024829781 -0.008850401 -0.362501770 -0.021472432 0.931735694 1.827955604
0.910575211 -0.018423170 0.412932724 0.824991703 0.007093358 0.999555707 0.028953735 -0.004991315 -0.413282573 -0.023435477 0.910301149 2.051981449
0.885141253 -0.019834613 0.464899510 0.993556738 0.005171492 0.999448776 0.032794561 0.000211430 -0.465293676 -0.026623599 0.884755909 2.280765295
0.856762886 -0.021877881 0.515246153 1.166954041 0.003033197 0.999296188 0.037387475 0.001485113 -0.515701532 -0.030469362 0.856226265 2.485224485
0.824177742 -0.026315361 0.565719545 1.367128015 0.003468144 0.999135613 0.041423790 0.009370890 -0.566320658 -0.032178566 0.823556602 2.700574636
0.788178623 -0.032173552 0.614605010 1.599481821 0.005605399 0.998966455 0.045105796 0.007933142 -0.615420997 -0.032106318 0.787544370 2.912297964
0.749765456 -0.035788283 0.660735130 1.841298223 0.005898469 0.998858154 0.047409248 0.018152062 -0.661677301 -0.031648494 0.749120474 3.123415709
0.709714115 -0.039108548 0.703403354 2.114797354 0.007087043 0.998803914 0.048381891 0.030358482 -0.704454005 -0.029352268 0.709142387 3.328375340
0.667147994 -0.040586405 0.743818700 2.414644480 0.005799273 0.998767495 0.049296148 0.049298920 -0.744902670 -0.028574221 0.666561067 3.552719116
0.624293864 -0.040545914 0.780136645 2.733108044 0.000702588 0.998680890 0.051342048 0.065270483 -0.781189263 -0.031504408 0.623498917 3.767202377
0.582847059 -0.041290861 0.811532021 3.068084240 -0.002427756 0.998615146 0.052553292 0.076548778 -0.812578261 -0.032600738 0.581939578 3.962841988
0.542211950 -0.042354539 0.839173615 3.445663691 -0.004237473 0.998578131 0.053137902 0.098247841 -0.840231121 -0.032367982 0.541261554 4.171454430
0.503197908 -0.044514313 0.863023937 3.855466366 -0.005970199 0.998469472 0.054981526 0.117781408 -0.864150584 -0.032819014 0.502161920 4.381814957
0.466452539 -0.044032775 0.883449674 4.293393135 -0.009078689 0.998469293 0.054559037 0.136393309 -0.884499609 -0.033469763 0.465338826 4.578372955
0.429652452 -0.043388627 0.901951313 4.750980854 -0.010239163 0.998546600 0.052912887 0.156605542 -0.902936280 -0.031969380 0.428583771 4.771730900
0.396222830 -0.041865669 0.917199373 5.239324093 -0.009144570 0.998730421 0.049537547 0.179839537 -0.918108821 -0.028015302 0.395336956 4.950954437
0.367150217 -0.039827216 0.929308593 5.756268024 -0.006847825 0.998940110 0.045516837 0.205402583 -0.930136383 -0.023075264 0.366488367 5.119107723
0.341475487 -0.038313817 0.939109445 6.307459831 -0.005556275 0.999069035 0.042780403 0.223583430 -0.939874232 -0.019826408 0.340944707 5.310400009
0.321610808 -0.037586689 0.946125686 6.878061771 -0.004180438 0.999145746 0.041114047 0.248703480 -0.946862698 -0.017177943 0.321178973 5.483042717
0.306830645 -0.037922725 0.951008320 7.478411674 -0.003269496 0.999158025 0.040897623 0.276245594 -0.951758504 -0.015657961 0.306448311 5.669227600
0.295318037 -0.039950855 0.954563320 8.111323357 -0.001808155 0.999100208 0.042374227 0.293787390 -0.955397189 -0.014239872 0.294980049 5.851169109
0.284114242 -0.041481301 0.957892656 8.769571304 -0.003756819 0.999007940 0.044376064 0.319724202 -0.958783090 -0.016206503 0.283676535 6.059398174
0.273438603 -0.043391757 0.960910201 9.444047928 -0.005074905 0.998903036 0.046551522 0.345608145 -0.961876154 -0.017605510 0.272918433 6.249655247
0.263323635 -0.044977657 0.963658452 10.145072937 -0.006016373 0.998816550 0.048262622 0.375987947 -0.964688778 -0.018506417 0.262741417 6.442077160
0.253185213 -0.046982445 0.966276228 10.869179726 -0.006962178 0.998705626 0.050383467 0.406170249 -0.967392802 -0.019483738 0.252530456 6.631693363
0.243065804 -0.048027631 0.968820214 11.613011360 -0.007608618 0.998648345 0.051415235 0.438933015 -0.969979942 -0.019868666 0.242371887 6.807840824
0.232983589 -0.049224183 0.971234083 12.373756409 -0.007508352 0.998597264 0.052412145 0.474499941 -0.972451627 -0.019503536 0.232287213 6.980639458
0.222712249 -0.052114259 0.973490357 13.153179169 -0.008845459 0.998421073 0.055472523 0.508223057 -0.974844098 -0.020965381 0.221899658 7.159016609
0.211175367 -0.055368029 0.975878775 13.943994522 -0.010658113 0.998204589 0.058941089 0.545875311 -0.977390110 -0.022847930 0.210206091 7.338712215
0.198928267 -0.059654936 0.978196681 14.724768639 -0.011221202 0.997941554 0.063141033 0.578387380 -0.979949772 -0.023537081 0.197849378 7.494441032
0.185769618 -0.061520476 0.980665565 15.521045685 -0.012214827 0.997816384 0.064910293 0.620158136 -0.982517481 -0.024037022 0.184612498 7.643314838
0.172385946 -0.062303852 0.983057141 16.329586029 -0.012711009 0.997773886 0.065465525 0.655971885 -0.984947503 -0.023780985 0.171210229 7.775743961
0.157431677 -0.061398972 0.985619366 17.133182526 -0.013479325 0.997838676 0.064313218 0.692433596 -0.987437904 -0.023410421 0.156263828 7.910687447
0.140740171 -0.060165241 0.988216758 17.965820312 -0.014562988 0.997917950 0.062829919 0.734082758 -0.989939451 -0.023234081 0.139570966 8.029307365
0.120510504 -0.058414161 0.990991890 18.788595200 -0.017133480 0.997996211 0.060910560 0.773436189 -0.992564142 -0.024319503 0.119268186 8.125176430
0.094423510 -0.057207659 0.993887126 19.612449646 -0.022226067 0.997977674 0.059554685 0.808502316 -0.995283961 -0.027713563 0.092961065 8.211400032
0.064515971 -0.056443416 0.996319115 20.450866699 -0.025684401 0.997974515 0.058200363 0.843094468 -0.997586071 -0.029344715 0.062935576 8.255849838
0.030685710 -0.056294296 0.997942507 21.262275696 -0.028466815 0.997958481 0.057170521 0.875777245 -0.999123573 -0.030162564 0.029020566 8.287609100
-0.003614183 -0.055994127 0.998424530 22.141834259 -0.030988738 0.997957826 0.055855777 0.906412780 -0.999513149 -0.030738046 -0.005341990 8.276613235
-0.037935860 -0.054466277 0.997794688 22.991989136 -0.032150060 0.998063087 0.053258594 0.941388369 -0.998762846 -0.030058749 -0.039613474 8.240359306
-0.070226274 -0.052706346 0.996137679 23.833057404 -0.033901844 0.998152375 0.050422918 0.966570556 -0.996954858 -0.030229896 -0.071883380 8.166921616
-0.102983907 -0.049792938 0.993435919 24.667316437 -0.035929240 0.998280704 0.046311185 0.990013599 -0.994033873 -0.030924091 -0.104595885 8.081743240
-0.135239750 -0.045573194 0.989764273 25.510480881 -0.033142596 0.998590708 0.041451044 1.006370902 -0.990258396 -0.027197536 -0.136559576 7.959999561
-0.166754603 -0.039553322 0.985204756 26.347656250 -0.028026341 0.998981476 0.035362713 1.026839972 -0.985599995 -0.021714792 -0.167693272 7.800308704
-0.196972117 -0.033215765 0.979846299 27.175334930 -0.021104194 0.999338031 0.029634075 1.037076592 -0.980181992 -0.014841785 -0.197542727 7.614576817
-0.225773782 -0.027509198 0.973791420 27.992633820 -0.014795407 0.999582767 0.024807477 1.041115165 -0.974067390 -0.008806760 -0.226086602 7.408533096
-0.253249228 -0.021281727 0.967167020 28.810445786 -0.006346556 0.999773026 0.020337373 1.045109391 -0.967380166 -0.000987756 -0.253326803 7.170798779
-0.279374152 -0.010850255 0.960120976 29.604726791 0.000356966 0.999934912 0.011404059 1.037356257 -0.960182250 0.003528730 -0.279352069 6.919850349
-0.305068016 0.004844670 0.952318251 30.393657684 0.005107387 0.999980986 -0.003451025 1.025519848 -0.952316821 0.003811061 -0.305086941 6.654740810
-0.329704553 0.021671876 0.943835497 31.175489426 0.005345044 0.999763310 -0.021088915 1.000729799 -0.944069028 -0.001908269 -0.329742432 6.375326157
-0.354879141 0.036540158 0.934197843 31.939468384 0.005919026 0.999303758 -0.036838215 0.968101144 -0.934893429 -0.007543573 -0.354848355 6.076367855
-0.379321158 0.046710301 0.924085259 32.704753876 0.009483102 0.998868704 -0.046597775 0.922900736 -0.925216496 -0.008912329 -0.379335016 5.751422405
-0.402674884 0.051279292 0.913905501 33.447437286 0.012274393 0.998642147 -0.050625671 0.879504859 -0.915260792 -0.009168050 -0.402757555 5.423237324
-0.425484002 0.050622754 0.903548956 34.200721741 0.015989305 0.998698831 -0.048424270 0.821681261 -0.904824734 -0.006156630 -0.425739765 5.060997009
-0.445291042 0.046678588 0.894168317 34.943283081 0.019955603 0.998909533 -0.042208634 0.767146945 -0.895163476 -0.000951458 -0.445736945 4.671917915
-0.463359296 0.045698527 0.884991407 35.666599274 0.027750608 0.998927951 -0.037052367 0.717951953 -0.885735929 0.007390492 -0.464130729 4.278539181
-0.476811856 0.045770533 0.877812922 36.380638123 0.029408231 0.998915017 -0.036110967 0.672552466 -0.878513336 0.008596783 -0.477640480 3.881235600
-0.487705648 0.050150488 0.871566474 37.076221466 0.033596169 0.998687267 -0.038665559 0.627703428 -0.872361362 0.010423876 -0.488750309 3.479550838
-0.497710913 0.052213214 0.865769982 37.770774841 0.033646483 0.998597324 -0.040881246 0.582688868 -0.866690040 0.008783068 -0.498769552 3.076162100
-0.508638680 0.051512428 0.859437764 38.458251953 0.027747076 0.998670816 -0.043436214 0.531041145 -0.860532761 0.001753540 -0.509391963 2.679660797
-0.519744456 0.049868651 0.852865040 39.160709381 0.026479341 0.998755574 -0.042262372 0.485527277 -0.853911340 0.000617674 -0.520418167 2.256692410
-0.528144896 0.051252652 0.847606122 39.836311340 0.028588057 0.998684227 -0.042574704 0.441839933 -0.848673046 0.001745802 -0.528915167 1.824382305
-0.535345495 0.054266356 0.842888117 40.518146515 0.031698521 0.998521686 -0.044153530 0.393330991 -0.844038248 0.003080914 -0.536274254 1.387732625
-0.538777053 0.057231396 0.840502083 41.214199066 0.033137333 0.998357356 -0.046738427 0.348590225 -0.841796279 0.002670399 -0.539788604 0.933643103
-0.538552105 0.059491049 0.840489328 41.916542053 0.032923859 0.998228312 -0.049559746 0.301673502 -0.841948628 0.000981647 -0.539556742 0.485077262
-0.535300493 0.059722472 0.842547655 42.642028809 0.034871042 0.998209298 -0.048601452 0.253093570 -0.843941569 0.003364140 -0.536424577 0.027881151
-0.529482961 0.058519751 0.846299767 43.376663208 0.033646129 0.998281479 -0.047978435 0.193252072 -0.847653091 0.003070953 -0.530541956 -0.425287843
-0.522704959 0.057082053 0.850600421 44.128627777 0.030747280 0.998368979 -0.048103891 0.148862004 -0.851958990 0.001009512 -0.523607433 -0.874645710
-0.515239656 0.056597572 0.855175316 44.899173737 0.029168757 0.998397171 -0.048502274 0.097321019 -0.856549680 -0.000045886 -0.516064584 -1.337481260
-0.509641230 0.055159084 0.858617067 45.687366486 0.026302449 0.998475254 -0.048531719 0.042940047 -0.859984815 -0.002150031 -0.510314941 -1.786811233
-0.504675686 0.052899193 0.861686766 46.496349335 0.021973677 0.998584688 -0.048433777 -0.010174270 -0.863029301 -0.005508919 -0.505123794 -2.262010336
-0.503281772 0.050336726 0.862654984 47.323040009 0.017826561 0.998694241 -0.047874540 -0.063107088 -0.863938451 -0.008716211 -0.503521919 -2.733674526
-0.504067302 0.047505088 0.862356901 48.152462006 0.014740173 0.998813927 -0.046406198 -0.122330673 -0.863538563 -0.010680559 -0.504169703 -3.197019815
-0.504779696 0.046385027 0.862001240 49.014347076 0.013863314 0.998862088 -0.045631412 -0.184734210 -0.863136888 -0.011083619 -0.504848421 -3.706428766
-0.505078554 0.045723304 0.861861408 49.870479584 0.013248964 0.998888791 -0.045228537 -0.235192880 -0.862971723 -0.011425195 -0.505123138 -4.202628613
-0.505296171 0.045171574 0.861762941 50.752597809 0.013729869 0.998923421 -0.044310678 -0.295510560 -0.862836778 -0.010558122 -0.505372405 -4.720931530
-0.505381584 0.044257477 0.861760199 51.632881165 0.013992110 0.998972833 -0.043098602 -0.353223950 -0.862782419 -0.009723397 -0.505481780 -5.232880592
-0.505534708 0.044032745 0.861681998 52.518550873 0.013674412 0.998980343 -0.043026257 -0.411344439 -0.862698078 -0.009968271 -0.505621314 -5.747126102
-0.505810082 0.042504065 0.861597061 53.413654327 0.011392272 0.999027431 -0.042595781 -0.466020942 -0.862569571 -0.011729828 -0.505802512 -6.265883923
-0.506246150 0.041640688 0.861383080 54.301193237 0.010610819 0.999058664 -0.042060040 -0.525555909 -0.862323701 -0.012152753 -0.506211579 -6.775273800
-0.505169511 0.040919654 0.862049460 55.196720123 0.009773841 0.999082446 -0.041696750 -0.587299764 -0.862964690 -0.012638393 -0.505106032 -7.303016663
-0.503692210 0.039457820 0.862981617 56.088191986 0.009063171 0.999142766 -0.040393613 -0.645059109 -0.863835692 -0.012524595 -0.503618002 -7.819912910
-0.501955926 0.037280008 0.864089370 56.971157074 0.009973285 0.999253690 -0.037317939 -0.709154129 -0.864835620 -0.010114154 -0.501953185 -8.323661804
-0.499417543 0.035758786 0.865623176 57.853389740 0.010101467 0.999320328 -0.035453800 -0.766680539 -0.866302490 -0.008962187 -0.499439359 -8.828875542
-0.497076452 0.035525933 0.866979182 58.750541687 0.010281796 0.999332428 -0.035054337 -0.819391906 -0.867645860 -0.008510585 -0.497109920 -9.337786674
-0.495073676 0.035786331 0.868113637 59.636234283 0.010038822 0.999320269 -0.035470061 -0.871737123 -0.868793011 -0.008845456 -0.495096445 -9.838579178
-0.494286656 0.036281243 0.868541539 60.517715454 0.010619507 0.999306142 -0.035700072 -0.929540992 -0.869234085 -0.008422584 -0.494328976 -10.332771301
-0.495060861 0.037796460 0.868035793 61.398990631 0.010285383 0.999238253 -0.037643354 -0.984944403 -0.868797362 -0.009707672 -0.495072544 -10.831593513
-0.498062193 0.039582051 0.866237462 62.269798279 0.008425840 0.999131441 -0.040809911 -1.040109873 -0.867100358 -0.013027094 -0.497963101 -11.322994232
-0.502448380 0.040163547 0.863673806 63.170452118 0.007363813 0.999082983 -0.042176552 -1.097697377 -0.864575863 -0.014831604 -0.502283335 -11.838952065
-0.507951736 0.038848609 0.860509038 64.034004211 0.008909182 0.999166071 -0.039849404 -1.156392336 -0.861339450 -0.012575145 -0.507874191 -12.345290184
-0.513030469 0.036318418 0.857601702 64.891242981 0.010345555 0.999293566 -0.036130030 -1.217177153 -0.858308017 -0.009663440 -0.513043821 -12.864147186
-0.519018650 0.033838760 0.854092836 65.758033752 0.007008994 0.999350965 -0.035334565 -1.270627499 -0.854734123 -0.012352968 -0.518918991 -13.368940353
-0.524038911 0.037145279 0.850884020 66.605957031 0.009623493 0.999242961 -0.037695006 -1.326918125 -0.851640046 -0.011565170 -0.523999572 -13.887635231
-0.529142499 0.039537158 0.847611427 67.447654724 0.010380673 0.999140739 -0.040124908 -1.372265339 -0.848469496 -0.012433014 -0.529098213 -14.409602165
-0.533863664 0.039925434 0.844627440 68.279640198 0.008580783 0.999088943 -0.041803159 -1.434966564 -0.845527053 -0.015069623 -0.533719838 -14.926386833
-0.537560046 0.040073104 0.842272818 69.103103638 0.007517847 0.999058187 -0.042734455 -1.494326472 -0.843191981 -0.016640259 -0.537355006 -15.448426247
-0.540871263 0.039342791 0.840184689 69.926132202 0.008219960 0.999104977 -0.041492824 -1.549118757 -0.841065109 -0.015535994 -0.540710628 -15.971342087
-0.543002963 0.032620735 0.839096844 70.749404907 0.009147255 0.999415696 -0.032933842 -1.599612474 -0.839680851 -0.010207744 -0.542984188 -16.506237030
-0.545418561 0.023580382 0.837832093 71.573722839 0.007883004 0.999704361 -0.023004454 -1.647632003 -0.838126719 -0.005942425 -0.545443177 -17.032320023
-0.547313571 0.022479333 0.836625695 72.389625549 0.009576703 0.999741971 -0.020597111 -1.691139936 -0.836872876 -0.003260963 -0.547387540 -17.562631607
-0.548171699 0.027084811 0.835927069 73.197158813 0.009800480 0.999614894 -0.025961637 -1.731857896 -0.836308300 -0.006038950 -0.548226118 -18.090545654
-0.549593806 0.033652574 0.834753931 73.992202759 0.011719109 0.999400616 -0.032574452 -1.774180651 -0.835349798 -0.008120149 -0.549658835 -18.608592987
-0.549972832 0.037170365 0.834354877 74.777748108 0.017214160 0.999301374 -0.033171821 -1.822823286 -0.835005045 -0.003880885 -0.550228536 -19.130014420
-0.549519777 0.038896285 0.834574759 75.588851929 0.020668825 0.999242842 -0.032961585 -1.866462946 -0.835225046 -0.000863362 -0.549907684 -19.684616089
-0.548672795 0.035272624 0.835292697 76.378852844 0.018692046 0.999377370 -0.029923456 -1.906794667 -0.835828125 -0.000804857 -0.548990548 -20.209505081
-0.548791766 0.030127045 0.835416079 77.172706604 0.016516024 0.999546051 -0.025196441 -1.940439224 -0.835796058 -0.000029841 -0.549040139 -20.708787918
-0.548172176 0.023323962 0.836040199 77.964225769 0.013561592 0.999727547 -0.018998515 -1.982263327 -0.836255491 0.000923581 -0.548339069 -21.215290070
-0.548384905 0.017643357 0.836039901 78.763793945 0.005399045 0.999831200 -0.017558524 -2.024770737 -0.836208642 -0.005115010 -0.548387527 -21.711017609
-0.546526372 0.012666389 0.837346137 79.570663452 -0.002656590 0.999854326 -0.016858554 -2.046394110 -0.837437749 -0.011438128 -0.546413004 -22.224321365
-0.544222534 0.013350592 0.838834703 80.355743408 0.001335346 0.999885857 -0.015047478 -2.085236073 -0.838939846 -0.007069039 -0.544178128 -22.736888885
-0.540596306 0.016696023 0.841116488 81.173728943 0.004840236 0.999848247 -0.016735943 -2.117225885 -0.841268122 -0.004976186 -0.540595174 -23.275478363
-0.535107076 0.020006076 0.844547331 81.963722229 0.006757916 0.999789059 -0.019401688 -2.144326448 -0.844757199 -0.004674602 -0.535129309 -23.778106689
-0.527642608 0.022137187 0.849177957 82.755874634 0.011345711 0.999754846 -0.019012833 -2.176229477 -0.849390686 -0.000397454 -0.527764380 -24.268234253
-0.518919826 0.026171876 0.854422212 83.557739258 0.018764084 0.999639034 -0.019223956 -2.205593824 -0.854616940 0.006056759 -0.519223630 -24.773845673
-0.509288073 0.025401698 0.860221207 84.372734070 0.016939485 0.999666572 -0.019490507 -2.239672899 -0.860429406 0.004645423 -0.509548485 -25.247804642
-0.498690099 0.022322750 0.866492808 85.177040100 0.014368923 0.999743879 -0.017485879 -2.273863077 -0.866661251 0.003730533 -0.498883069 -25.697210312
-0.487403721 0.019070335 0.872968376 85.988235474 0.014469284 0.999800622 -0.013762406 -2.305236340 -0.873056948 0.005923379 -0.487582386 -26.141164780
-0.475877374 0.018234523 0.879322648 86.804260254 0.013771404 0.999817073 -0.013280319 -2.335190535 -0.879403830 0.005789703 -0.476041347 -26.583850861
-0.464710534 0.017566554 0.885288477 87.629714966 0.014194099 0.999822557 -0.012388378 -2.357800722 -0.885348916 0.006808860 -0.464877397 -26.996189117
-0.452520669 0.018586492 0.891560137 88.459243774 0.015911648 0.999792039 -0.012766694 -2.389052391 -0.891611934 0.008409002 -0.452722192 -27.419733047
-0.440514147 0.022429017 0.897465408 89.287239075 0.015876099 0.999726176 -0.017192002 -2.425945044 -0.897605240 0.006674931 -0.440749556 -27.821229935
-0.429154783 0.031114882 0.902694881 90.113418579 0.017853672 0.999503493 -0.025963860 -2.460335732 -0.903054476 0.004973906 -0.429497182 -28.209058762
-0.415927023 0.036795806 0.908653259 90.949882507 0.017482508 0.999319971 -0.032464903 -2.486406088 -0.909229875 0.002382511 -0.416287422 -28.595649719
-0.404523551 0.032691434 0.913943052 91.789268494 0.015165317 0.999463201 -0.029038092 -2.526437521 -0.914401829 0.002113644 -0.404802263 -28.961826324
-0.392929494 0.028899599 0.919114351 92.632301331 0.013141382 0.999580443 -0.025811624 -2.567311525 -0.919474781 0.001936286 -0.393144429 -29.315654755
-0.382733136 0.029735010 0.923380315 93.485679626 0.010549076 0.999557376 -0.027815592 -2.611726761 -0.923798740 -0.000905138 -0.382877380 -29.664899826
-0.375835687 0.034025781 0.926061451 94.332344055 0.006080533 0.999394655 -0.034252480 -2.657624483 -0.926666379 -0.007242358 -0.375815094 -29.996599197
-0.370735735 0.039109837 0.927914560 95.174072266 0.000598915 0.999122739 -0.041871838 -2.701324224 -0.928738117 -0.014967646 -0.370433956 -30.320592880
-0.367783070 0.041420523 0.928988755 96.021553040 -0.001345442 0.998982847 -0.045073979 -2.754153967 -0.929910719 -0.017827347 -0.367353261 -30.640401840
-0.364232957 0.040910844 0.930408835 96.853027344 -0.003281642 0.998972058 -0.045210313 -2.806804657 -0.931302011 -0.019520354 -0.363724262 -30.956216812
-0.359700352 0.041037202 0.932165027 97.688270569 -0.004316622 0.998948455 -0.045642924 -2.858244658 -0.933057845 -0.020441581 -0.359144926 -31.266584396
-0.353368759 0.036534350 0.934770465 98.552925110 -0.007554713 0.999093056 -0.041904207 -2.912146807 -0.935453594 -0.021869561 -0.352772206 -31.591758728
-0.348137349 0.032917596 0.936865449 99.391281128 -0.007391508 0.999255776 -0.037856404 -2.962846279 -0.937414408 -0.020104079 -0.347634941 -31.894178391
-0.342408329 0.029782100 0.939079046 100.247108459 -0.009731609 0.999331474 -0.035241306 -3.014628887 -0.939500809 -0.021205666 -0.341889560 -32.198131561
-0.336890608 0.027849298 0.941131830 101.098960876 -0.018421182 0.999176204 -0.036161005 -3.061648130 -0.941363573 -0.029519066 -0.336100042 -32.481834412
-0.330852896 0.028206548 0.943260729 101.950042725 -0.024868786 0.998945475 -0.038594540 -3.109319687 -0.943354547 -0.036226865 -0.329802603 -32.759719849
-0.323809326 0.031951394 0.945582688 102.801963806 -0.022734458 0.998878360 -0.041537538 -3.166522980 -0.945849180 -0.034947552 -0.322719753 -33.049072266
-0.316640466 0.035601147 0.947877288 103.666412354 -0.021708405 0.998761714 -0.044764049 -3.210838079 -0.948297083 -0.034751017 -0.315475613 -33.334415436
-0.310583025 0.033770945 0.949946225 104.525184631 -0.022861797 0.998814225 -0.042982846 -3.259932041 -0.950271249 -0.035067219 -0.309442699 -33.605262756
-0.303894728 0.028913688 0.952266753 105.378547668 -0.023023413 0.999024570 -0.037680805 -3.310035944 -0.952427328 -0.033375438 -0.302932680 -33.864910126
-0.296271086 0.025914518 0.954752266 106.239051819 -0.024608815 0.999092996 -0.034754451 -3.364094019 -0.954786718 -0.033792060 -0.295364618 -34.128639221
-0.290023088 0.028694239 0.956589401 107.095649719 -0.026874181 0.998912096 -0.038111601 -3.410282135 -0.956642151 -0.036760803 -0.288936406 -34.380462646
-0.283974797 0.031983677 0.958298147 107.947647095 -0.026996441 0.998780668 -0.041334722 -3.454920769 -0.958451629 -0.037608672 -0.282765061 -34.618553162
-0.277283341 0.032485157 0.960238874 108.803245544 -0.029224535 0.998680711 -0.042224675 -3.503421783 -0.960343599 -0.039770737 -0.275968134 -34.854175568
-0.270443082 0.031899739 0.962207317 109.663276672 -0.029206380 0.998719037 -0.041319098 -3.555009604 -0.962292850 -0.039277058 -0.269164979 -35.087757111
-0.262210280 0.031838119 0.964485407 110.522056580 -0.025234599 0.998887599 -0.039834168 -3.605259895 -0.964680791 -0.034783337 -0.261115164 -35.322147369
-0.254524142 0.033097990 0.966499865 111.379295349 -0.022360489 0.998945475 -0.040097650 -3.654613972 -0.966807902 -0.031817235 -0.253515661 -35.547683716
-0.247728571 0.033584584 0.968247175 112.240341187 -0.021380709 0.998966038 -0.040120404 -3.704391241 -0.968593597 -0.030640785 -0.246754393 -35.765541077
-0.241531551 0.032386940 0.969852328 113.115409851 -0.027329091 0.998819530 -0.040160280 -3.755361319 -0.970008075 -0.036205165 -0.240361288 -35.958728790
-0.235498369 0.030468298 0.971397042 113.980072021 -0.031605452 0.998739660 -0.038988110 -3.806065798 -0.971360743 -0.039883081 -0.234238625 -36.156536102
-0.231333405 0.030665161 0.972391129 114.849411011 -0.029263226 0.998831511 -0.038460746 -3.848370075 -0.972434342 -0.037352555 -0.230165735 -36.350910187
-0.226587757 0.030744813 0.973505318 115.710227966 -0.027127389 0.998914719 -0.037861302 -3.903118610 -0.973612905 -0.034987576 -0.225507811 -36.552856445
-0.221479207 0.032154504 0.974634767 116.580360413 -0.026476873 0.998889446 -0.038971394 -3.948319197 -0.974805593 -0.034436639 -0.220381930 -36.749904633
-0.215376109 0.031524528 0.976022184 117.445968628 -0.020323712 0.999117613 -0.036755264 -3.991322756 -0.976319671 -0.027752602 -0.214545339 -36.943096161
-0.210762754 0.030284656 0.977068007 118.314277649 -0.013428984 0.999336004 -0.033871613 -4.035892963 -0.977444947 -0.020259909 -0.210216105 -37.128097534
-0.205733910 0.029153751 0.978173614 119.169990540 -0.011793099 0.999409735 -0.032267049 -4.084962368 -0.978536904 -0.018174127 -0.205268651 -37.308673859
-0.201431632 0.030765349 0.979019403 120.065979004 -0.013843797 0.999317288 -0.034251552 -4.129938602 -0.979404688 -0.020452688 -0.200868234 -37.490955353
-0.197829545 0.032612775 0.979693770 120.935615540 -0.015491285 0.999217629 -0.036390848 -4.170569897 -0.980114043 -0.022375900 -0.197169527 -37.660316467
-0.195646420 0.032234576 0.980144560 121.808326721 -0.018206844 0.999167919 -0.036494479 -4.216046810 -0.980505466 -0.024985354 -0.194896743 -37.830524445
-0.194854409 0.031206464 0.980335653 122.688705444 -0.018311040 0.999203742 -0.035446644 -4.259819508 -0.980661213 -0.024857903 -0.194127843 -37.998611450
-0.194494247 0.026390385 0.980548561 123.559394836 -0.017560204 0.999384105 -0.030380437 -4.303013802 -0.980746448 -0.023127457 -0.193911076 -38.160320282
-0.193510711 0.021421310 0.980864286 124.431549072 -0.019016203 0.999491930 -0.025579752 -4.343996525 -0.980913818 -0.023602270 -0.193005055 -38.326541901
-0.192334220 0.019419363 0.981137335 125.289207458 -0.018090501 0.999564171 -0.023330396 -4.385093689 -0.981162786 -0.022236500 -0.191899076 -38.495571136
-0.191180989 0.024089770 0.981259167 126.154212952 -0.017987786 0.999444902 -0.028040826 -4.422646523 -0.981389940 -0.023011548 -0.190641537 -38.659046173
-0.191282853 0.028098097 0.981132746 127.006233215 -0.017903082 0.999324024 -0.032109469 -4.457966328 -0.981371701 -0.023707289 -0.190650493 -38.819389343
-0.191350430 0.026885625 0.981153488 127.867080688 -0.021787383 0.999262035 -0.031630944 -4.498381138 -0.981279910 -0.027429361 -0.190623447 -38.976036072
-0.190806568 0.025940223 0.981284916 128.702865601 -0.023269022 0.999250293 -0.030939702 -4.543984890 -0.981351852 -0.028737033 -0.190059915 -39.130306244
-0.189926222 0.026932525 0.981428921 129.539901733 -0.018717576 0.999342620 -0.031046342 -4.585319996 -0.981619954 -0.024266480 -0.189297229 -39.297534943
-0.188615948 0.029640492 0.981603503 130.372543335 -0.020524023 0.999207079 -0.034115758 -4.623270988 -0.981836379 -0.026581228 -0.187858060 -39.459655762
-0.189704016 0.030577758 0.981365085 131.205032349 -0.028416105 0.998925269 -0.036617916 -4.667886734 -0.981430054 -0.034833141 -0.188631207 -39.597427368
-0.188776329 0.031493582 0.981514990 132.045349121 -0.034829710 0.998641968 -0.038741991 -4.717186451 -0.981402218 -0.041499451 -0.187423095 -39.745933533
-0.188113689 0.035202451 0.981516182 132.867858887 -0.031459186 0.998628676 -0.041845545 -4.763360977 -0.981643379 -0.038749419 -0.186748296 -39.902709961
-0.188156649 0.036098085 0.981475413 133.699096680 -0.030356197 0.998633146 -0.042548660 -4.813925266 -0.981669724 -0.037799675 -0.186803669 -40.055007935
-0.186395019 0.037340201 0.981765032 134.518356323 -0.031483121 0.998537302 -0.043955404 -4.860033512 -0.981970310 -0.039102092 -0.184946790 -40.204940796
-0.184229597 0.036789034 0.982194483 135.342178345 -0.022576639 0.998877227 -0.041648585 -4.909138680 -0.982623935 -0.029847553 -0.183192179 -40.366020203
-0.180549666 0.033566486 0.982992947 136.157897949 -0.016053714 0.999183714 -0.037068002 -4.959355354 -0.983434856 -0.022473300 -0.179863438 -40.525268555
-0.178733885 0.028473755 0.983485401 136.974105835 -0.012843147 0.999428391 -0.031269398 -5.006060600 -0.983813703 -0.018219946 -0.178266048 -40.674121857
-0.174901277 0.028258491 0.984180331 137.781799316 -0.010747662 0.999473691 -0.030607598 -5.047750950 -0.984527290 -0.015930945 -0.174505517 -40.817970276
-0.169747800 0.033056967 0.984932959 138.582092285 -0.009266342 0.999339521 -0.035137493 -5.094699860 -0.985443950 -0.015091238 -0.169329360 -40.958808899
-0.163301215 0.036358379 0.985906065 139.377929688 -0.008652971 0.999229491 -0.038282964 -5.135982037 -0.986538231 -0.014782675 -0.162860766 -41.084823608
-0.155301616 0.037232514 0.987165213 140.177307129 -0.008635296 0.999200165 -0.039044950 -5.172622681 -0.987829328 -0.014588209 -0.154855877 -41.203334808
-0.145737752 0.032965310 0.988773882 140.973373413 -0.007535220 0.999378741 -0.034429513 -5.212290764 -0.989294589 -0.012468305 -0.145398811 -41.316410065
-0.134009019 0.031557038 0.990477502 141.766647339 -0.004068471 0.999466956 -0.032393899 -5.255641937 -0.990971804 -0.008370804 -0.133809179 -41.421394348
-0.119823247 0.034326065 0.992201567 142.557174683 0.000255020 0.999403119 -0.034544408 -5.293379307 -0.992795229 -0.003886191 -0.119760461 -41.520942688
-0.105804384 0.035411716 0.993756175 143.343643188 -0.000191155 0.999364972 -0.035631932 -5.332347393 -0.994387031 -0.003959975 -0.105730414 -41.598449707
-0.091698691 0.035346121 0.995159209 144.136688232 0.000831875 0.999372303 -0.035419103 -5.374012947 -0.995786428 -0.002420037 -0.091670536 -41.670822144
-0.078143656 0.037056964 0.996253133 144.917724609 0.001644506 0.999312341 -0.037041765 -5.416959286 -0.996940732 -0.001256234 -0.078150861 -41.727886200
-0.064574994 0.043187272 0.996977925 145.688674927 -0.001228262 0.999058902 -0.043356970 -5.468367577 -0.997912109 -0.004024327 -0.064461179 -41.766647339
-0.051880907 0.052442275 0.997275352 146.452575684 -0.008290905 0.998563230 -0.052941311 -5.513610840 -0.998618901 -0.011014959 -0.051371574 -41.790130615
-0.038286600 0.060379092 0.997440994 147.218978882 -0.012509053 0.998065650 -0.060897063 -5.562957287 -0.999188483 -0.014808583 -0.037457258 -41.803497314
-0.025128817 0.061117589 0.997814238 147.983764648 -0.013269900 0.998021066 -0.061464444 -5.614640236 -0.999596059 -0.014785424 -0.024268065 -41.814903259
-0.013105952 0.057290357 0.998271525 148.757965088 -0.017294038 0.998194933 -0.057513010 -5.670435429 -0.999764502 -0.018017905 -0.012091513 -41.816280365
-0.002407942 0.054745030 0.998497486 149.522583008 -0.021207800 0.998272955 -0.054783862 -5.730021954 -0.999772191 -0.021307848 -0.001242762 -41.804374695
0.006112396 0.061258506 0.998103201 150.280441284 -0.025597354 0.997804403 -0.061083406 -5.790401459 -0.999653637 -0.025175439 0.007667032 -41.784763336
0.012665096 0.069047660 0.997532964 151.027023315 -0.028684765 0.997227490 -0.068662316 -5.845587254 -0.999508202 -0.027744386 0.014610599 -41.763793945
0.016079040 0.071953505 0.997278512 151.774917603 -0.031457726 0.996949971 -0.071422622 -5.901392937 -0.999375761 -0.030223701 0.018293491 -41.747203827
0.015756419 0.067554742 0.997591257 152.530395508 -0.033932887 0.997176409 -0.066990703 -5.960873604 -0.999299943 -0.032795608 0.018004255 -41.725845337
0.014178878 0.063118741 0.997905254 153.288650513 -0.035632305 0.997403622 -0.062580720 -6.028717995 -0.999264359 -0.034670349 0.016391132 -41.710899353
0.011351400 0.060155485 0.998124421 154.039749146 -0.034174543 0.997628987 -0.059736960 -6.085112095 -0.999351382 -0.033432353 0.013380272 -41.702346802
0.008396965 0.060529333 0.998131156 154.780426025 -0.032763232 0.997647047 -0.060224358 -6.135284901 -0.999427855 -0.032196302 0.010360343 -41.691352844
0.004597517 0.060863767 0.998135507 155.533340454 -0.031616136 0.997655869 -0.060688887 -6.190396309 -0.999489486 -0.031278171 0.006511017 -41.688190460
-0.000031051 0.059450492 0.998231292 156.272644043 -0.032439187 0.997705758 -0.059420209 -6.246651173 -0.999473691 -0.032383651 0.001897546 -41.682552338
-0.005717453 0.059990384 0.998182595 157.007919312 -0.033049982 0.997642159 -0.060147211 -6.296032429 -0.999437273 -0.033333812 -0.003721292 -41.679367065
-0.011275896 0.058064628 0.998249173 157.763000488 -0.035142083 0.997672915 -0.058428064 -6.349234104 -0.999318719 -0.035739381 -0.009209144 -41.690979004
-0.016945619 0.055308238 0.998325467 158.499404907 -0.032988813 0.997894406 -0.055844296 -6.407430649 -0.999312043 -0.033879887 -0.015085382 -41.704216003
-0.022477517 0.055403817 0.998210967 159.243118286 -0.034030408 0.997842252 -0.056149639 -6.459468842 -0.999168038 -0.035231631 -0.020543600 -41.715713501
-0.027956940 0.056831572 0.997992277 159.965194702 -0.035848018 0.997683346 -0.057818197 -6.507603168 -0.998966098 -0.037392460 -0.025854874 -41.728115082
-0.030995620 0.058789346 0.997789085 160.705444336 -0.034983497 0.997593403 -0.059864540 -6.569883347 -0.998907089 -0.036761694 -0.028864363 -41.759727478
-0.033590581 0.060930401 0.997576654 161.424362183 -0.034937952 0.997458220 -0.062099613 -6.625314713 -0.998824775 -0.036939237 -0.031376418 -41.782840729
-0.034439374 0.062516883 0.997449517 162.142440796 -0.031685598 0.997471511 -0.063612290 -6.679944515 -0.998904288 -0.033795547 -0.032371409 -41.815364838
-0.034558412 0.061478458 0.997509956 162.865295410 -0.029088855 0.997621417 -0.062493097 -6.730083466 -0.998979270 -0.031176096 -0.032687873 -41.832965851
-0.029562639 0.057067126 0.997932553 163.597305298 -0.025267677 0.998007238 -0.057819922 -6.791700363 -0.999243498 -0.026924752 -0.028061774 -41.868679047
-0.021891711 0.056807745 0.998145103 164.299041748 -0.024482735 0.998054504 -0.057339557 -6.847796917 -0.999460518 -0.025692582 -0.020458313 -41.881603241
-0.010884808 0.058048028 0.998254478 164.994354248 -0.022233898 0.998052776 -0.058278732 -6.896808147 -0.999693573 -0.022829441 -0.009572977 -41.880271912
0.002976785 0.057897326 0.998318017 165.686141968 -0.020060005 0.998125076 -0.057826318 -6.948652267 -0.999794245 -0.019854130 0.004132624 -41.870063782
0.018774325 0.055847287 0.998262823 166.364822388 -0.020595504 0.998248458 -0.055459153 -6.996295452 -0.999611616 -0.019518519 0.019891649 -41.856479645
0.034776554 0.050999701 0.998093009 167.048049927 -0.025734764 0.998411655 -0.050119311 -7.043638229 -0.999063730 -0.023942713 0.036033779 -41.814640045
0.051088583 0.044251211 0.997713268 167.731063843 -0.026933501 0.998715460 -0.042916521 -7.088078499 -0.998330951 -0.024679363 0.052214801 -41.767009735
0.067914844 0.037000250 0.997004867 168.407882690 -0.027595254 0.998999417 -0.035194520 -7.124480724 -0.997309446 -0.025122371 0.068867929 -41.703895569
0.085624561 0.029796226 0.995881975 169.079513550 -0.026765049 0.999260902 -0.027596101 -7.158900738 -0.995967925 -0.024291925 0.086358763 -41.645175934
0.102724962 0.024155824 0.994416475 169.742218018 -0.028727496 0.999360085 -0.021308316 -7.190447807 -0.994294882 -0.026378198 0.103353158 -41.563266754
0.120520592 0.021757055 0.992472470 170.393783569 -0.030013246 0.999382615 -0.018263893 -7.220448017 -0.992257059 -0.027586142 0.121099189 -41.469951630
0.138536230 0.020631559 0.990142465 171.033645630 -0.028276153 0.999457777 -0.016869392 -7.240113735 -0.989953637 -0.025660392 0.139044493 -41.372764587
0.156016901 0.020003531 0.987551868 171.671829224 -0.029018242 0.999456167 -0.015660258 -7.259372711 -0.987328053 -0.026213747 0.156512544 -41.258350372
0.171320602 0.018873831 0.985034525 172.301406860 -0.034374833 0.999322236 -0.013169006 -7.279003620 -0.984615505 -0.031604275 0.171853259 -41.123317719
0.186869577 0.015150514 0.982267857 172.920074463 -0.035492659 0.999332428 -0.008661490 -7.300896645 -0.981743336 -0.033244722 0.187282547 -41.005271912
0.198667124 0.011291930 0.980001986 173.543762207 -0.032156751 0.999470472 -0.004997396 -7.316580296 -0.979539275 -0.030520862 0.198925003 -40.870227814
0.209346741 0.010324215 0.977786899 174.161209106 -0.030300787 0.999532580 -0.004066343 -7.332151413 -0.977371871 -0.028776439 0.209561691 -40.733776093
0.219628170 0.014403955 0.975477338 174.765380859 -0.034810532 0.999369979 -0.006919185 -7.349845409 -0.974962413 -0.032437239 0.219991177 -40.587539673
0.228100657 0.021399222 0.973402321 175.352416992 -0.039817080 0.999127209 -0.012634284 -7.372122765 -0.972823083 -0.035876151 0.228753611 -40.425617218
0.237095818 0.030934591 0.970993638 175.935379028 -0.039440807 0.998975396 -0.022195447 -7.390669823 -0.970685303 -0.033034332 0.238072962 -40.279796600
0.245525479 0.036838643 0.968689978 176.525894165 -0.034315407 0.998981714 -0.029292986 -7.406761169 -0.968782544 -0.026048819 0.246539578 -40.134479523
0.251934528 0.034837477 0.967117071 177.127334595 -0.033611253 0.999063969 -0.027232517 -7.426024914 -0.967160404 -0.025645208 0.252869606 -39.972129822
0.257860363 0.027286548 0.965796828 177.727905273 -0.036793496 0.999153316 -0.018405387 -7.446967125 -0.965481341 -0.030789023 0.258645982 -39.800251007
0.261708349 0.016968507 0.964997828 178.348312378 -0.040346615 0.999163687 -0.006627241 -7.462794781 -0.964303315 -0.037199993 0.262174129 -39.612819672
0.263972968 0.009019393 0.964487910 178.956954956 -0.040817775 0.999164760 0.001827834 -7.482477188 -0.963666022 -0.039850745 0.264120638 -39.442516327
0.264998645 0.007988781 0.964215696 179.555191040 -0.037799861 0.999283135 0.002109336 -7.500263214 -0.963507652 -0.037006188 0.265110612 -39.277996063
0.265973777 0.010262247 0.963925600 180.153289795 -0.033771232 0.999428689 -0.001321805 -7.505492210 -0.963388443 -0.032201383 0.266168445 -39.116844177
0.268285096 0.009651302 0.963291168 180.759338379 -0.030363832 0.999537647 -0.001557863 -7.513338566 -0.962860882 -0.028831258 0.268454134 -38.956359863
0.269664407 0.007705153 0.962923527 181.369232178 -0.032649599 0.999466121 0.001145880 -7.514025211 -0.962400675 -0.031748064 0.269772053 -38.775115967
0.272624344 0.004067967 0.962111950 181.975982666 -0.033049967 0.999440432 0.005139252 -7.523919582 -0.961552680 -0.033198856 0.272606254 -38.601020813
0.274913430 -0.001093979 0.961468339 182.568786621 -0.033009320 0.999399066 0.010575520 -7.537750244 -0.960902095 -0.034644768 0.274712086 -38.414855957
0.279388458 -0.003733008 0.960170925 183.190612793 -0.031561483 0.999416292 0.013069280 -7.538058281 -0.959659219 -0.033955820 0.279107571 -38.233844757
0.285636216 -0.005852862 0.958320200 183.800506592 -0.029708268 0.999446690 0.014958862 -7.534266472 -0.957877457 -0.032742824 0.285304278 -38.044883728
0.293314874 -0.009117213 0.955972433 184.418197632 -0.028220592 0.999436200 0.018190475 -7.537666321 -0.955599248 -0.032313645 0.292892247 -37.849014282
0.303506732 -0.011222580 0.952763200 185.046691895 -0.025463980 0.999477983 0.019884491 -7.542648315 -0.952488959 -0.030296220 0.303062588 -37.655879974
0.314790845 -0.009121105 0.949117243 185.662033081 -0.027047696 0.999461591 0.018575747 -7.543349743 -0.948775589 -0.031518910 0.314374715 -37.443183899
0.326092839 -0.005542735 0.945321441 186.272399902 -0.028300708 0.999477386 0.015622720 -7.544804573 -0.944914043 -0.031847727 0.325765550 -37.218505859
0.337588429 -0.002427878 0.941290677 186.880249023 -0.029071832 0.999492645 0.013004441 -7.543323994 -0.940844774 -0.031755190 0.337346613 -36.988315582
0.349191099 -0.002077321 0.937049210 187.497650146 -0.027763013 0.999535561 0.012561723 -7.539536953 -0.936640143 -0.030401748 0.348971307 -36.752067566
0.360858381 -0.004745709 0.932608545 188.131210327 -0.026951360 0.999516308 0.015514590 -7.534275055 -0.932231069 -0.030733641 0.360555977 -36.506675720
