1.000000000 0.000000000 0.000000000 0.000000000 0.000000000 1.000000000 0.000000000 0.000000000 0.000000000 0.000000000 1.000000000 0.000000000
0.999873996 0.001490802 0.015804013 0.010776847 -0.001476368 0.999998510 -0.000924897 -0.003421810 -0.015805369 0.000901448 0.999874651 0.126250952
0.999292314 0.004320556 0.037365805 0.027263463 -0.004308339 0.999990642 -0.000407475 -0.004703173 -0.037367214 0.000246202 0.999301553 0.272670984
0.997894824 0.005984880 0.064576261 0.056239825 -0.006061314 0.999981165 0.000987788 -0.005072210 -0.064569131 -0.001377125 0.997912288 0.436199486
0.995132089 0.005646432 0.098388098 0.103055209 -0.005990624 0.999976933 0.003203245 -0.004121370 -0.098367743 -0.003777059 0.995142937 0.609216094
0.990631461 0.002651519 0.136536837 0.163912788 -0.003394679 0.999980688 0.005210381 -0.005513655 -0.136520401 -0.005625066 0.990621209 0.793188930
0.984352052 -0.000162578 0.176212803 0.237142026 -0.000804963 0.999985039 0.005419258 -0.004522549 -0.176211014 -0.005476304 0.984337151 0.988012910
0.975565791 -0.000316372 0.219707862 0.320053756 -0.001161737 0.999977529 0.006598378 -0.000883148 -0.219705015 -0.006692395 0.975543380 1.194549561
0.963375807 -0.000085777 0.268155068 0.411551058 -0.002534616 0.999952316 0.009425746 0.003103076 -0.268143058 -0.009760207 0.963329613 1.412686348
0.948931932 -0.003743381 0.315458775 0.528014362 -0.001588525 0.999860168 0.016643250 -0.002748590 -0.315476984 -0.016294423 0.948793352 1.620700598
0.931933224 -0.013148162 0.362391621 0.669852614 0.004525904 0.999686420 0.024631359 -0.005945008 -0.362601846 -0.021314632 0.931700408 1.832823277
0.910581768 -0.018260237 0.412925392 0.824778616 0.006958297 0.999559283 0.028857738 -0.004678711 -0.413270354 -0.023404073 0.910307586 2.054201841
0.885033906 -0.019610459 0.465113372 0.993877590 0.004948549 0.999452114 0.032723386 0.000445932 -0.465500236 -0.026659664 0.884646177 2.288219690
0.856753051 -0.021702113 0.515270054 1.169238329 0.002890589 0.999300599 0.037282225 0.002131321 -0.515718758 -0.030452233 0.856216609 2.490528345
0.824221730 -0.026229190 0.565659523 1.373820305 0.003409457 0.999138415 0.041361362 0.009315692 -0.566257060 -0.032162335 0.823601007 2.708669424
0.788069904 -0.031961974 0.614755452 1.600660086 0.005481082 0.998975933 0.044911787 0.008816093 -0.615561366 -0.032024104 0.787438035 2.919141054
0.749678493 -0.035835389 0.660831392 1.848210573 0.005946039 0.998857260 0.047420315 0.017011553 -0.661775529 -0.031620651 0.749034941 3.132901430
0.709570229 -0.038819734 0.703564584 2.111505985 0.006806666 0.998812318 0.048245486 0.030816734 -0.704601884 -0.029444631 0.708991706 3.333511353
0.667105973 -0.040568497 0.743857443 2.414621830 0.005724159 0.998765707 0.049337156 0.045894980 -0.744940877 -0.028655155 0.666514874 3.557089806
0.624082088 -0.040445052 0.780311406 2.731697559 0.000595756 0.998683691 0.051287241 0.064498439 -0.781358600 -0.031542569 0.623284757 3.775115252
0.582837343 -0.041239943 0.811541557 3.066293240 -0.002408040 0.998619258 0.052476041 0.073798805 -0.812585235 -0.032539230 0.581933260 3.965108395
0.542161763 -0.042369273 0.839205325 3.443650484 -0.004197318 0.998578846 0.053127278 0.095389768 -0.840263724 -0.032325987 0.541213393 4.174934387
0.503152788 -0.044200722 0.863066435 3.858058691 -0.006042478 0.998486698 0.054658752 0.118081689 -0.864176214 -0.032716766 0.502124369 4.386773109
0.466347337 -0.043854326 0.883513987 4.285739899 -0.009009526 0.998483121 0.054316483 0.136100724 -0.884555817 -0.033290390 0.465244830 4.580291748
0.429604560 -0.043136396 0.901986241 4.743832111 -0.010156684 0.998564422 0.052592624 0.156695455 -0.902959943 -0.031755224 0.428549767 4.773338318
0.395821273 -0.041618340 0.917384088 5.234069824 -0.008948375 0.998750329 0.049170561 0.181352317 -0.918283999 -0.027671847 0.394954175 4.959104538
0.366559416 -0.039810523 0.929542542 5.755379677 -0.006727706 0.998944700 0.045435905 0.202994227 -0.930370331 -0.022908650 0.365904659 5.136187553
0.341396183 -0.038082510 0.939147711 6.302697182 -0.005623738 0.999078155 0.042557023 0.225212798 -0.939902723 -0.019810325 0.340867281 5.311403275
0.320762098 -0.037643760 0.946411431 6.873768806 -0.004363677 0.999140501 0.041220028 0.247943550 -0.947149813 -0.017351657 0.320322156 5.497782707
0.305750042 -0.038377676 0.951337993 7.483936787 -0.003476210 0.999135613 0.041423075 0.269292951 -0.952105522 -0.015972158 0.305352300 5.694579124
0.294550598 -0.039122749 0.954834640 8.121515274 -0.002538322 0.999126077 0.041720539 0.300035059 -0.955632508 -0.014712488 0.294193923 5.880334854
0.283534020 -0.040516671 0.958105803 8.778888702 -0.003732314 0.999052763 0.043352757 0.332261503 -0.958954871 -0.015867935 0.283114225 6.073517799
0.272699028 -0.042517062 0.961159527 9.450409889 -0.005031629 0.998946309 0.045616131 0.355383039 -0.962086320 -0.017275672 0.272197753 6.269544601
0.263114929 -0.044370301 0.963743627 10.150091171 -0.006043120 0.998846412 0.047636274 0.381113350 -0.964745462 -0.018357832 0.262543291 6.446096420
0.252717733 -0.046173390 0.966437697 10.883009911 -0.007219748 0.998742819 0.049604755 0.409559995 -0.967513144 -0.019513441 0.252066642 6.645258427
0.242538050 -0.047347680 0.968985796 11.626939774 -0.007173446 0.998693466 0.050594810 0.446074158 -0.970115423 -0.019222131 0.241881505 6.825487137
0.231663734 -0.048608694 0.971580803 12.379953384 -0.007322076 0.998635411 0.051708136 0.477867961 -0.972768366 -0.019092882 0.230991706 7.013388634
0.221527115 -0.051800188 0.973777413 13.160617828 -0.008921028 0.998438656 0.055141516 0.508456826 -0.975113451 -0.020902434 0.220719129 7.184499741
0.210052103 -0.055226389 0.976129174 13.963832855 -0.010767224 0.998212099 0.058792766 0.545418978 -0.977630854 -0.022859745 0.209081903 7.360759735
0.198047131 -0.059103068 0.978409052 14.764002800 -0.011394735 0.997974217 0.062591441 0.582619071 -0.980126202 -0.023544766 0.196972460 7.516486645
0.184749126 -0.061119311 0.980883360 15.558633804 -0.012477498 0.997838020 0.064525887 0.620103955 -0.982706606 -0.024160070 0.183587074 7.669879436
0.170167536 -0.061556861 0.983490646 16.369201660 -0.012681901 0.997827590 0.064648479 0.659297943 -0.985333502 -0.023473602 0.169017166 7.815373421
0.155871466 -0.060240153 0.985938847 17.169954300 -0.014709043 0.997886419 0.063295573 0.697864771 -0.987667799 -0.024368189 0.154655963 7.945328236
0.139196306 -0.059406385 0.988481343 17.988969803 -0.015313763 0.997950494 0.062131926 0.732595325 -0.990146279 -0.023785906 0.138001308 8.059319496
0.118914828 -0.057931125 0.991213024 18.807943344 -0.017676497 0.998014688 0.060449280 0.768160224 -0.992747128 -0.024709489 0.117654726 8.151788712
0.093805537 -0.056237638 0.994000971 19.636016846 -0.021962352 0.998043537 0.058538985 0.805458009 -0.995348275 -0.027321879 0.092386901 8.224577904
0.063759156 -0.055796444 0.996404231 20.495676041 -0.025751200 0.998011470 0.057534233 0.839946032 -0.997633040 -0.029326944 0.062195562 8.266458511
0.029450662 -0.056121457 0.997989416 21.324598312 -0.028844751 0.997959077 0.056970950 0.864408374 -0.999149978 -0.030464591 0.027771743 8.310374260
-0.005224170 -0.055762667 0.998430371 22.170091629 -0.030130748 0.997999489 0.055580936 0.892902136 -0.999532402 -0.029793091 -0.006893896 8.300962448
-0.039326757 -0.054190189 0.997755885 23.021642685 -0.031068519 0.998111963 0.052984945 0.928050637 -0.998743355 -0.028915074 -0.040936112 8.260241508
-0.071849771 -0.052609459 0.996027052 23.871255875 -0.033041351 0.998185456 0.050339974 0.952572465 -0.996868074 -0.029293165 -0.073457681 8.189045906
-0.104465574 -0.050183497 0.993261576 24.713426590 -0.036689751 0.998240769 0.046576239 0.971797585 -0.993851542 -0.031576905 -0.106123008 8.103017807
-0.136740237 -0.045318380 0.989569783 25.560127258 -0.033522610 0.998592556 0.041099384 0.992524207 -0.990039706 -0.027553020 -0.138066977 7.979903221
-0.168661237 -0.039600376 0.984878242 26.397211075 -0.028472012 0.998971403 0.035291184 1.009701490 -0.985262752 -0.022089211 -0.169615269 7.822572708
-0.198859110 -0.032658212 0.979483783 27.225704193 -0.021599388 0.999347925 0.028935332 1.025918126 -0.979790092 -0.015402195 -0.199434847 7.634593487
-0.227403253 -0.027272165 0.973418713 28.034107208 -0.015677460 0.999580741 0.024342686 1.026592374 -0.973674476 -0.009725126 -0.227735445 7.430486202
-0.255268395 -0.021132777 0.966639340 28.851753235 -0.006968437 0.999775350 0.020016991 1.029258847 -0.966845155 -0.001626260 -0.255358309 7.193654537
-0.281047285 -0.010658137 0.959634721 29.647457123 -0.000481812 0.999939799 0.010964677 1.021068335 -0.959693789 0.002619229 -0.281035513 6.938409805
-0.306657255 0.005167321 0.951806009 30.437837601 0.004130107 0.999983072 -0.004098216 1.009855866 -0.951810956 0.002674311 -0.306673378 6.671855927
-0.331269771 0.021910679 0.943281651 31.211791992 0.004334294 0.999755144 -0.021700298 0.985737503 -0.943526089 -0.003100193 -0.331283689 6.392028809
-0.356791496 0.036762662 0.933460355 31.981332779 0.004680265 0.999283254 -0.037566066 0.953133225 -0.934172273 -0.009034411 -0.356707811 6.094059944
-0.381053329 0.047025349 0.923356354 32.738910675 0.008341765 0.998839736 -0.047427125 0.908061147 -0.924515426 -0.010369841 -0.381003439 5.768749237
-0.404126942 0.051536318 0.913249910 33.489517212 0.011508177 0.998618960 -0.051261302 0.861592054 -0.914630532 -0.010206229 -0.404161900 5.430036545
-0.426902324 0.051040307 0.902856171 34.242912292 0.015377424 0.998671234 -0.049185939 0.803962111 -0.904167056 -0.007113988 -0.427119911 5.066015244
-0.446724623 0.046821568 0.893445492 34.980545044 0.018908387 0.998900712 -0.042893764 0.748693466 -0.894471645 -0.002268094 -0.447118878 4.677227974
-0.464689255 0.045813840 0.884287834 35.707649231 0.027073517 0.998928845 -0.037526235 0.698311448 -0.885059774 0.006502743 -0.465431809 4.279232979
-0.478098631 0.045804288 0.877111018 36.415081024 0.028406799 0.998923182 -0.036681458 0.650814533 -0.877846718 0.007378557 -0.478884846 3.884565353
-0.489032596 0.050317887 0.870813012 37.112068176 0.032724913 0.998690307 -0.039329268 0.606169820 -0.871651411 0.009263983 -0.490038812 3.479353905
-0.498948783 0.052482776 0.865040839 37.804649353 0.032875333 0.998592377 -0.041623235 0.561023116 -0.866007686 0.007670650 -0.499971777 3.075812340
-0.509821475 0.051828403 0.858717561 38.492332458 0.026917659 0.998655915 -0.044293415 0.510355830 -0.859858990 0.000532939 -0.510531306 2.675750732
-0.521060705 0.050209165 0.852041483 39.195789337 0.025809485 0.998738647 -0.043070111 0.463052154 -0.853129208 -0.000451386 -0.521699369 2.254447937
-0.529327989 0.051545780 0.846849918 39.870147705 0.027954780 0.998670399 -0.043313459 0.418471098 -0.847956598 0.000746481 -0.530065119 1.819908142
-0.536889791 0.054612130 0.841882885 40.551452637 0.030940948 0.998505950 -0.045040295 0.370433569 -0.843084753 0.001866984 -0.537777424 1.386646271
-0.540108085 0.057429951 0.839633882 41.245689392 0.032443836 0.998348296 -0.047415785 0.321236014 -0.840970039 0.001631289 -0.541079223 0.932224274
-0.539795339 0.059656523 0.839679778 41.947048187 0.032148674 0.998218894 -0.050253168 0.273565292 -0.841182113 -0.000131840 -0.540751874 0.482685089
-0.536382973 0.059945177 0.841843128 42.675148010 0.033931624 0.998199582 -0.049459230 0.228368282 -0.843292356 0.002036008 -0.537451386 0.015876770
-0.530666411 0.058709156 0.845544875 43.411540985 0.032554857 0.998273790 -0.048882127 0.168323159 -0.846955240 0.001586484 -0.531661808 -0.438667297
-0.523820400 0.057167005 0.849908292 44.155014038 0.030342694 0.998364508 -0.048451573 0.116508722 -0.851288140 0.000408584 -0.524698317 -0.882266998
-0.516661942 0.056726329 0.854308307 44.928195953 0.028778318 0.998389602 -0.048889041 0.064831972 -0.855705678 -0.000673551 -0.517462373 -1.343997955
-0.510688722 0.055319220 0.857984126 45.719375610 0.025733672 0.998464346 -0.049059603 0.011650681 -0.859380424 -0.002975105 -0.511327982 -1.800889969
-0.506040871 0.052893758 0.860886097 46.527870178 0.021174124 0.998578787 -0.048907306 -0.041527271 -0.862249553 -0.006520580 -0.506441653 -2.274322510
-0.504649878 0.050226472 0.861861765 47.352085114 0.016952889 0.998690248 -0.048273876 -0.095303416 -0.863157630 -0.009750358 -0.504840314 -2.745561600
-0.505153060 0.047640093 0.861713886 48.194038391 0.014104531 0.998797655 -0.046950456 -0.155161500 -0.862914503 -0.011563098 -0.505217612 -3.226844788
-0.506168902 0.046508815 0.861179471 49.039031982 0.012908765 0.998841465 -0.046356104 -0.212731838 -0.862337708 -0.012347254 -0.506182849 -3.715051651
-0.506552100 0.045830607 0.860990345 49.906047821 0.012704972 0.998874605 -0.045695409 -0.267544270 -0.862115800 -0.012208243 -0.506564438 -4.223119736
-0.506806850 0.045338459 0.860866487 50.773979187 0.013011876 0.998904526 -0.044948068 -0.325265050 -0.861961424 -0.011578497 -0.506841600 -4.729536057
-0.506963372 0.044372443 0.860824704 51.651695251 0.012629285 0.998949289 -0.044054527 -0.381288886 -0.861875057 -0.011462435 -0.506991088 -5.239255905
-0.506932795 0.044170696 0.860853076 52.537353516 0.012746157 0.998961091 -0.043751210 -0.441151500 -0.861891329 -0.011206355 -0.506969094 -5.758037567
-0.507165551 0.042652186 0.860792577 53.436203003 0.010438641 0.999005377 -0.043350335 -0.496862054 -0.861785352 -0.013000291 -0.507106304 -6.283317566
-0.507320464 0.041790925 0.860743582 54.313911438 0.009630792 0.999035954 -0.042828947 -0.558071971 -0.861703694 -0.013438360 -0.507233858 -6.788169861
-0.506870508 0.040995006 0.861046910 55.207424164 0.008731872 0.999061525 -0.042425796 -0.621172547 -0.861977994 -0.013985835 -0.506752789 -7.306369781
-0.505355895 0.039572809 0.862003148 56.088287354 0.008370107 0.999125719 -0.040960785 -0.678986073 -0.862870455 -0.013484715 -0.505245268 -7.825414658
-0.503062308 0.037404995 0.863440275 56.974983215 0.008561241 0.999229670 -0.038299501 -0.739264011 -0.864207804 -0.011874918 -0.502994955 -8.340286255
-0.500870168 0.035971362 0.864774585 57.860401154 0.008732962 0.999295175 -0.036508854 -0.797624230 -0.865478218 -0.010734152 -0.500831366 -8.843526840
-0.498331487 0.035710000 0.866250753 58.747520447 0.008996920 0.999310613 -0.036019515 -0.853061438 -0.866939843 -0.010156070 -0.498309314 -9.349897385
-0.496563971 0.035745379 0.867263794 59.633052826 0.008989586 0.999309897 -0.036040716 -0.910596609 -0.867953658 -0.010100175 -0.496542633 -9.848281860
-0.495322764 0.036601182 0.867937565 60.512866974 0.009080755 0.999275565 -0.036957454 -0.962206006 -0.868661582 -0.010424339 -0.495296270 -10.354557037
-0.496193349 0.038184218 0.867371917 61.387420654 0.008964758 0.999204516 -0.038859434 -1.019586802 -0.868165791 -0.011506015 -0.496140867 -10.849473953
-0.499366999 0.039759822 0.865477741 62.261573792 0.007132980 0.999101281 -0.041782822 -1.078417301 -0.866361260 -0.014691532 -0.499201775 -11.342115402
-0.503600597 0.040371034 0.862992823 63.131874084 0.005950723 0.999045908 -0.043263089 -1.136304736 -0.863916099 -0.016651882 -0.503360391 -11.848897934
-0.509297371 0.038970027 0.859707892 63.995601654 0.007484895 0.999136984 -0.040856160 -1.196492791 -0.860558152 -0.014373109 -0.509149492 -12.354907990
-0.514394581 0.036597095 0.856772244 64.853637695 0.008775342 0.999261260 -0.037414916 -1.256292582 -0.857508659 -0.011727564 -0.514335871 -12.872699738
-0.519959033 0.033968762 0.853515387 65.715187073 0.005788065 0.999326169 -0.036245752 -1.314812541 -0.854171515 -0.013906108 -0.519805253 -13.382434845
-0.525136828 0.037213437 0.850203812 66.561599731 0.008574054 0.999224126 -0.038440209 -1.373743057 -0.850974619 -0.012896678 -0.525048494 -13.899948120
-0.530053914 0.039094802 0.847062230 67.402053833 0.008401000 0.999129832 -0.040856250 -1.421487331 -0.847922325 -0.014539852 -0.529921055 -14.422082901
-0.535076320 0.040013887 0.843855500 68.227287292 0.007142776 0.999056280 -0.042844053 -1.478193879 -0.844773531 -0.016897367 -0.534857094 -14.931564331
-0.538336217 0.040309906 0.841765523 69.035232544 0.006404866 0.999022245 -0.043744389 -1.537478805 -0.842705786 -0.018157791 -0.538068056 -15.453786850
-0.541891336 0.040072732 0.839492738 69.853187561 0.007698583 0.999057472 -0.042720038 -1.592787504 -0.840413272 -0.016686713 -0.541689038 -15.973089218
-0.543754816 0.032935657 0.838597596 70.674575806 0.008178921 0.999390185 -0.033947445 -1.642820358 -0.839204192 -0.011600265 -0.543692648 -16.511173248
-0.546243310 0.023374218 0.837300360 71.491653442 0.006381163 0.999697685 -0.023744741 -1.700077415 -0.837602258 -0.007627458 -0.546227336 -17.039918900
-0.548021436 0.022142205 0.836171150 72.306701660 0.007458052 0.999739110 -0.021585599 -1.740685225 -0.836431086 -0.005593165 -0.548043609 -17.568536758
-0.548587501 0.027112842 0.835653424 73.096679688 0.008222731 0.999600649 -0.027034091 -1.784944415 -0.836052656 -0.007959212 -0.548591435 -18.087198257
-0.550560534 0.032773547 0.834151626 73.901344299 0.009114681 0.999405503 -0.033250399 -1.828778505 -0.834745526 -0.010703334 -0.550531864 -18.599870682
-0.550257087 0.036908250 0.834179103 74.673522949 0.015418518 0.999301374 -0.034043416 -1.875840545 -0.834852934 -0.005870828 -0.550441682 -19.132913589
-0.550012887 0.038418163 0.834272027 75.464302063 0.019092470 0.999258757 -0.033428628 -1.925786495 -0.834938049 -0.002457861 -0.550338626 -19.665584564
-0.549625397 0.035027061 0.834676564 76.265357971 0.017357340 0.999383748 -0.030509355 -1.967394114 -0.835230827 -0.002280949 -0.549894691 -20.186124802
-0.548991740 0.030145006 0.835283935 77.059738159 0.015493992 0.999544680 -0.025889646 -2.003890276 -0.835684299 -0.001271319 -0.549208820 -20.707765579
-0.548871100 0.023111928 0.835587502 77.860137939 0.012873013 0.999732852 -0.019196235 -2.051168680 -0.835807860 0.000220271 -0.549021900 -21.207763672
-0.548665345 0.017622324 0.835856378 78.660667419 0.004264338 0.999823868 -0.018280091 -2.084435225 -0.836031258 -0.006465277 -0.548643827 -21.705850601
-0.547038317 0.012747096 0.837010384 79.455101013 -0.002701736 0.999852002 -0.016992813 -2.115946293 -0.837103188 -0.011557102 -0.546922982 -22.208059311
-0.545439541 0.013172771 0.838046670 80.248985291 -0.000373291 0.999872506 -0.015959375 -2.147765636 -0.838150144 -0.009017710 -0.545365274 -22.714488983
-0.541659176 0.016827958 0.840429783 81.037322998 0.005015572 0.999846458 -0.016787414 -2.185295105 -0.840583146 -0.004877822 -0.541660368 -23.237903595
-0.536226630 0.020121744 0.843834162 81.826835632 0.006736692 0.999785960 -0.019559585 -2.211620808 -0.844047189 -0.004803720 -0.536247492 -23.740074158
-0.528540671 0.022141606 0.848619163 82.616569519 0.011860951 0.999754846 -0.018697647 -2.247997046 -0.848825216 0.000182964 -0.528673589 -24.233345032
-0.520127296 0.025759898 0.853700221 83.422096252 0.018539768 0.999650002 -0.018868271 -2.277777910 -0.853887558 0.006013501 -0.520422876 -24.741294861
-0.510515809 0.025004281 0.859504700 84.223693848 0.016920472 0.999675632 -0.019031901 -2.312663078 -0.859701872 0.004827141 -0.510773361 -25.207523346
-0.499766052 0.022772901 0.865861058 85.031951904 0.014824947 0.999732733 -0.017737038 -2.342020750 -0.866033554 0.003971974 -0.499970138 -25.663034439
-0.488125652 0.019430805 0.872557044 85.839019775 0.015254003 0.999789417 -0.013730724 -2.376260996 -0.872640014 0.006607670 -0.488319337 -26.108297348
-0.476864696 0.018715821 0.878777444 86.649894714 0.014092437 0.999807596 -0.013646266 -2.400974274 -0.878863692 0.005876695 -0.477036744 -26.546554565
-0.465707600 0.017478971 0.884766042 87.496994019 0.014030456 0.999825180 -0.012366910 -2.428231716 -0.884827435 0.006654305 -0.465871394 -26.979019165
-0.453629941 0.018651629 0.890995085 88.315711975 0.015030123 0.999798894 -0.013277028 -2.453770638 -0.891063392 0.007368905 -0.453819036 -27.393695831
-0.441142261 0.022348419 0.897158980 89.136344910 0.014850214 0.999734819 -0.017601598 -2.491333961 -0.897314310 0.005558191 -0.441357225 -27.798667908
-0.429786235 0.031438246 0.902383268 89.958992004 0.017666092 0.999495029 -0.026407557 -2.526028872 -0.902757823 0.004591980 -0.430124640 -28.185684204
-0.417019159 0.035924129 0.908187449 90.809181213 0.016507072 0.999353051 -0.031950597 -2.559770823 -0.908747733 0.001667504 -0.417342424 -28.581165314
-0.405492514 0.032252956 0.913529158 91.651390076 0.014475701 0.999478638 -0.028862072 -2.600898504 -0.913983703 0.001520620 -0.405748010 -28.947147369
-0.394294500 0.028649731 0.918537438 92.503128052 0.013250293 0.999587238 -0.025489852 -2.644990921 -0.918888628 0.002120381 -0.394511312 -29.299739838
-0.384244621 0.028750874 0.922783494 93.350830078 0.008199896 0.999581814 -0.027729237 -2.682268143 -0.923194885 -0.003088083 -0.384319782 -29.650083542
-0.377468050 0.033091888 0.925431132 94.188880920 0.003280457 0.999402702 -0.034398947 -2.728332520 -0.926016748 -0.009948666 -0.377351195 -29.976741791
-0.372729033 0.038243812 0.927151799 95.032524109 -0.002229619 0.999110520 -0.042108364 -2.771073818 -0.927937508 -0.017762206 -0.372312248 -30.297151566
-0.369144589 0.040239099 0.928500414 95.886085510 -0.005032827 0.998960972 -0.045293599 -2.824891567 -0.929358363 -0.021392871 -0.368558586 -30.632427216
-0.365095317 0.040054988 0.930108070 96.724105835 -0.005791653 0.998956978 -0.045293342 -2.881107330 -0.930952191 -0.021923253 -0.364482492 -30.956115723
-0.360806048 0.040023774 0.931781828 97.555686951 -0.006888774 0.998937130 -0.045575853 -2.934519768 -0.932615459 -0.022862876 -0.360146821 -31.262214661
-0.354788721 0.035817087 0.934260249 98.406105042 -0.009548472 0.999074996 -0.041927975 -2.986192226 -0.934897780 -0.023796331 -0.354118526 -31.582942963
-0.349486530 0.032021213 0.936393976 99.255920410 -0.009888532 0.999234021 -0.037860777 -3.037573338 -0.936889231 -0.022491394 -0.348902166 -31.891414642
-0.343994617 0.029006213 0.938523531 100.094802856 -0.012179764 0.999300718 -0.035348833 -3.085745811 -0.938892543 -0.023590801 -0.343400776 -32.186111450
-0.338324875 0.027055353 0.940640390 100.958168030 -0.020498753 0.999137521 -0.036110785 -3.137532473 -0.940806031 -0.031499136 -0.337478459 -32.477378845
-0.332042962 0.027315773 0.942868650 101.808158875 -0.026569091 0.998913109 -0.038296066 -3.186179638 -0.942889988 -0.037767090 -0.330956340 -32.760940552
-0.325360596 0.031331889 0.945070744 102.650558472 -0.024508005 0.998835683 -0.041551754 -3.237716913 -0.945272326 -0.036681097 -0.324213892 -33.044231415
-0.318436682 0.034615472 0.947311938 103.501831055 -0.023110632 0.998752534 -0.044263735 -3.286116123 -0.947662413 -0.035988171 -0.317239463 -33.326965332
-0.312022328 0.033039369 0.949500084 104.360633850 -0.024439083 0.998785317 -0.042785432 -3.333923340 -0.949760318 -0.036554925 -0.310835928 -33.598281860
-0.304727346 0.027971661 0.952028811 105.211547852 -0.025486026 0.998971283 -0.037508503 -3.384739637 -0.952098608 -0.035693295 -0.303700984 -33.868461609
-0.297851175 0.025274165 0.954277694 106.071861267 -0.026399257 0.999049067 -0.034699738 -3.435951710 -0.954247236 -0.035527579 -0.296900690 -34.127788544
-0.291326463 0.028630275 0.956195176 106.926750183 -0.028572923 0.998845637 -0.038612701 -3.478628159 -0.956196785 -0.038570195 -0.290172160 -34.377239227
-0.284956604 0.031203097 0.958032429 107.782417297 -0.028044568 0.998770773 -0.040871501 -3.531038523 -0.958130181 -0.038514204 -0.283731222 -34.625530243
-0.278200895 0.031754017 0.959997833 108.638847351 -0.030126475 0.998673260 -0.041763734 -3.578850031 -0.960050344 -0.040540066 -0.276875138 -34.862281799
-0.271236867 0.031263676 0.962004781 109.502388000 -0.030414566 0.998694837 -0.041031428 -3.632525206 -0.962031960 -0.040388193 -0.269931972 -35.102039337
-0.262967438 0.031025540 0.964305758 110.363037109 -0.026440008 0.998875678 -0.039348010 -3.683182478 -0.964442492 -0.035843495 -0.261851400 -35.338188171
-0.255333096 0.032245424 0.966315329 111.219825745 -0.023727093 0.998933673 -0.039603379 -3.732933998 -0.966562033 -0.033039905 -0.254295737 -35.564521790
-0.248717591 0.032850999 0.968018770 112.079887390 -0.022187360 0.998969138 -0.039602049 -3.780092955 -0.968321919 -0.031327505 -0.247732297 -35.779689789
-0.242298350 0.031611532 0.969686627 112.948112488 -0.028255908 0.998815179 -0.039621495 -3.828108072 -0.969790280 -0.036999606 -0.241118044 -35.977722168
-0.236356676 0.029677721 0.971213162 113.814910889 -0.033392455 0.998694956 -0.038643964 -3.876311779 -0.971092403 -0.041564930 -0.235057235 -36.178543091
-0.232003599 0.029713599 0.972261071 114.692359924 -0.030906316 0.998803496 -0.037899725 -3.925294399 -0.972223759 -0.038841881 -0.230807677 -36.380962372
-0.227578834 0.029752696 0.973304987 115.558296204 -0.029317707 0.998870611 -0.037389297 -3.976402760 -0.973318219 -0.037044082 -0.226449519 -36.572971344
-0.222382352 0.031581420 0.974447906 116.429885864 -0.027948940 0.998857975 -0.038750876 -4.023138523 -0.974558771 -0.035852298 -0.221245751 -36.775630951
-0.216347158 0.030310173 0.975845814 117.286811829 -0.021565991 0.999125719 -0.035814479 -4.072827339 -0.976078272 -0.028793449 -0.215504363 -36.967411041
-0.211107478 0.029471342 0.977018416 118.163536072 -0.014545836 0.999339938 -0.033287626 -4.113047600 -0.977354646 -0.021238815 -0.210539475 -37.163391113
-0.206123054 0.028889991 0.978099465 119.037109375 -0.012591437 0.999403059 -0.032172728 -4.159721375 -0.978445053 -0.018947216 -0.205636263 -37.344799042
-0.201912463 0.030310920 0.978934407 119.907295227 -0.014668081 0.999315321 -0.033967379 -4.202284813 -0.979293644 -0.021217527 -0.201329634 -37.517959595
-0.198319718 0.031905226 0.979617953 120.792411804 -0.016017852 0.999231100 -0.035786763 -4.249187946 -0.980006516 -0.022788595 -0.197656155 -37.693283081
-0.196407869 0.031418178 0.980018795 121.661491394 -0.018785521 0.999182522 -0.035797395 -4.292891979 -0.980342329 -0.025441056 -0.195657104 -37.858753204
-0.195821702 0.030274261 0.980172038 122.536125183 -0.019000961 0.999218643 -0.034658611 -4.336876392 -0.980455518 -0.025411122 -0.195093438 -38.020759583
-0.194610566 0.025279831 0.980554819 123.408210754 -0.017915329 0.999409556 -0.029321581 -4.383574486 -0.980717003 -0.023273254 -0.194042757 -38.194820404
-0.194157034 0.020813666 0.980749607 124.286689758 -0.019339437 0.999499381 -0.025040166 -4.420194626 -0.980779827 -0.023828866 -0.193657279 -38.359413147
-0.193490222 0.018971207 0.980918765 125.155494690 -0.018866174 0.999556243 -0.023053091 -4.458996773 -0.980920792 -0.022966733 -0.193046451 -38.524887085
-0.192120954 0.023231374 0.981096268 126.009902954 -0.019228986 0.999438763 -0.027431179 -4.502256870 -0.981182814 -0.024135593 -0.191566408 -38.689796448
-0.191967040 0.026912387 0.981032252 126.891082764 -0.018766232 0.999340534 -0.031086782 -4.542940140 -0.981221914 -0.024377922 -0.191335425 -38.860466003
-0.192213908 0.026310893 0.981000304 127.722244263 -0.022137793 0.999269903 -0.031138487 -4.576277733 -0.981103301 -0.027702438 -0.191491082 -39.010860443
-0.192015365 0.024686912 0.981081307 128.573730469 -0.024304021 0.999257386 -0.029901007 -4.624348640 -0.981090963 -0.029585676 -0.191272765 -39.165504456
-0.191034302 0.026506182 0.981225431 129.414123535 -0.019482750 0.999336064 -0.030788496 -4.661783695 -0.981389880 -0.024998628 -0.190391034 -39.334861755
-0.189647436 0.028598152 0.981435716 130.267669678 -0.021743644 0.999208331 -0.033317659 -4.702631950 -0.981611371 -0.027658602 -0.188875481 -39.502353668
-0.190004572 0.029894385 0.981328070 131.104919434 -0.028143270 0.998959839 -0.035880599 -4.748704910 -0.981379747 -0.034435257 -0.188965589 -39.647125244
-0.189113438 0.030952124 0.981467307 131.939773560 -0.034157079 0.998690903 -0.038076829 -4.796348095 -0.981360972 -0.040724888 -0.187808633 -39.797233582
-0.188796297 0.034892019 0.981396198 132.766387939 -0.030481083 0.998678744 -0.041370284 -4.843111992 -0.981543124 -0.037724577 -0.187483341 -39.951644897
-0.188464165 0.035914667 0.981423140 133.583862305 -0.029115425 0.998687506 -0.042137533 -4.893679142 -0.981648326 -0.036515970 -0.187171146 -40.105735779
-0.186639339 0.036894187 0.981735528 134.405319214 -0.030479116 0.998596072 -0.043322254 -4.940200329 -0.981955647 -0.038008064 -0.185252845 -40.257148743
-0.184702411 0.036652133 0.982110798 135.231170654 -0.021039255 0.998927891 -0.041236520 -4.988439560 -0.982569277 -0.028279368 -0.183733284 -40.417930603
-0.180794314 0.033507630 0.982949972 136.051345825 -0.014935020 0.999210715 -0.036808945 -5.037805557 -0.983407497 -0.021335226 -0.180151179 -40.581203461
-0.178766280 0.028349087 0.983483136 136.866912842 -0.011340635 0.999458969 -0.030870970 -5.085038662 -0.983826101 -0.016672011 -0.178348079 -40.731014252
-0.175093591 0.028081652 0.984151244 137.675842285 -0.009247919 0.999502063 -0.030165004 -5.127508640 -0.984508276 -0.014383051 -0.174746737 -40.874557495
-0.170194998 0.032831401 0.984863341 138.476333618 -0.008670686 0.999356210 -0.034812924 -5.174778938 -0.985372245 -0.014464428 -0.169800788 -41.012687683
-0.163538501 0.035834145 0.985885918 139.270278931 -0.007264362 0.999269247 -0.037525598 -5.217388630 -0.986510217 -0.013298712 -0.163158685 -41.139945984
-0.155273601 0.036845174 0.987184167 140.073104858 -0.006795318 0.999240696 -0.038363989 -5.255134106 -0.987848282 -0.012665144 -0.154905319 -41.261833191
-0.145675883 0.032215614 0.988807857 140.874801636 -0.005514327 0.999427736 -0.033374012 -5.298431396 -0.989316940 -0.010314399 -0.145414859 -41.375648499
-0.133900255 0.031109544 0.990506411 141.658126831 -0.001668567 0.999498606 -0.031617533 -5.339391232 -0.990993440 -0.005886322 -0.133781180 -41.478969574
-0.119735092 0.033772916 0.992231309 142.443817139 0.002497152 0.999428391 -0.033716548 -5.377117157 -0.992802799 -0.001559301 -0.119750954 -41.576354980
-0.105858214 0.034667786 0.993776739 143.231964111 0.001762885 0.999397039 -0.034676056 -5.416517258 -0.994379699 -0.001918831 -0.105855517 -41.656059265
-0.091808043 0.034616869 0.995174825 144.016418457 0.003816792 0.999400377 -0.034411740 -5.457641602 -0.995769441 0.000639101 -0.091885127 -41.724746704
-0.078659452 0.036261421 0.996241808 144.794250488 0.003641366 0.999341965 -0.036086742 -5.498210430 -0.996894836 0.000789116 -0.078739762 -41.778671265
-0.064671546 0.042638972 0.996995211 145.567565918 0.001057917 0.999089122 -0.042659890 -5.545455456 -0.997905970 -0.001704143 -0.064657755 -41.820404053
-0.052120320 0.051947247 0.997288823 146.333694458 -0.006511206 0.998607218 -0.052356213 -5.592763901 -0.998619556 -0.009222376 -0.051709492 -41.843955994
-0.038588595 0.060085341 0.997447133 147.096069336 -0.010544550 0.998110473 -0.060533244 -5.639360905 -0.999199450 -0.012853526 -0.037882112 -41.858478546
-0.025478175 0.060793035 0.997825146 147.860794067 -0.011444939 0.998066008 -0.061099939 -5.688982964 -0.999610007 -0.012976761 -0.024733124 -41.870037079
-0.013406565 0.056835286 0.998293519 148.625183105 -0.015043381 0.998258770 -0.057035334 -5.746107101 -0.999796987 -0.015782358 -0.012528224 -41.868232727
-0.003148251 0.054687493 0.998498559 149.390625000 -0.019398965 0.998312294 -0.054738443 -5.801693439 -0.999806881 -0.019542169 -0.002082057 -41.854629517
0.005737852 0.061377548 0.998098075 150.142211914 -0.023097405 0.997856438 -0.061229892 -5.858932495 -0.999716699 -0.022702152 0.007143214 -41.836551666
0.012256455 0.069067240 0.997536719 150.896163940 -0.027118513 0.997267663 -0.068715423 -5.915088177 -0.999557197 -0.026209502 0.014095963 -41.818519592
0.015383087 0.071932912 0.997290850 151.645477295 -0.029742748 0.997000396 -0.071453184 -5.969304562 -0.999439240 -0.028563002 0.017476426 -41.798389435
0.015463945 0.067336254 0.997610509 152.401016235 -0.031871010 0.997255981 -0.066818297 -6.029362679 -0.999372363 -0.030761577 0.017567590 -41.780628204
0.013601953 0.063009679 0.997920156 153.155120850 -0.033415150 0.997483790 -0.062526651 -6.095878124 -0.999348938 -0.032495178 0.015673203 -41.763694763
0.010629725 0.060197905 0.998129845 153.908386230 -0.031858146 0.997699916 -0.059832696 -6.150420189 -0.999435842 -0.031162571 0.012523069 -41.753005981
0.007935248 0.060460187 0.998139083 154.651580811 -0.029886832 0.997738957 -0.060198355 -6.203110218 -0.999521852 -0.029353522 0.009724271 -41.749935150
0.003982388 0.060170442 0.998180151 155.394500732 -0.028874207 0.997778773 -0.060031049 -6.262354374 -0.999575198 -0.028582588 0.005710916 -41.741714478
0.000171313 0.058887850 0.998264611 156.143203735 -0.028199766 0.997867823 -0.058859605 -6.324143887 -0.999602318 -0.028140742 0.001831571 -41.744834900
-0.005048639 0.058946569 0.998248458 156.881149292 -0.029047849 0.997831166 -0.059068844 -6.374831676 -0.999565363 -0.029295182 -0.003325418 -41.745803833
-0.011072490 0.057407033 0.998289466 157.620544434 -0.030260496 0.997874200 -0.057718784 -6.425768852 -0.999480724 -0.030847827 -0.009311786 -41.746582031
-0.016351067 0.054593947 0.998374760 158.379013062 -0.027935522 0.998093486 -0.055036087 -6.486731529 -0.999476016 -0.028790019 -0.014794784 -41.774894714
-0.021399261 0.054378349 0.998291016 159.113983154 -0.028560802 0.998078942 -0.054979015 -6.538113594 -0.999363005 -0.029688505 -0.019805063 -41.791564941
-0.027851965 0.056083653 0.998037517 159.825180054 -0.030936817 0.997898221 -0.056939170 -6.584259987 -0.999133289 -0.032461971 -0.026058376 -41.789005280
-0.031474557 0.058296360 0.997803032 160.562271118 -0.030661374 0.997771442 -0.059261691 -6.643124580 -0.999034166 -0.032459244 -0.029616971 -41.814487457
-0.033589240 0.060467731 0.997604787 161.287399292 -0.029619850 0.997669339 -0.061468933 -6.697570324 -0.998996675 -0.031613592 -0.031719904 -41.841377258
-0.034968849 0.062100988 0.997457147 161.999206543 -0.026822779 0.997649670 -0.063053325 -6.747435570 -0.999028385 -0.028959475 -0.033220943 -41.868000031
-0.034237385 0.060508657 0.997580409 162.718994141 -0.023818541 0.997832596 -0.061341416 -6.801684856 -0.999129832 -0.025861077 -0.032721948 -41.894344330
-0.029495396 0.056829758 0.997948170 163.443878174 -0.020777196 0.998131990 -0.057454318 -6.858243942 -0.999348998 -0.022429202 -0.028259527 -41.923107147
-0.022655562 0.056551225 0.998142719 164.147598267 -0.020595744 0.998160601 -0.057019725 -6.915800095 -0.999531150 -0.021849304 -0.021449178 -41.929004669
-0.011501604 0.057585731 0.998274267 164.839859009 -0.018615987 0.998154998 -0.057793330 -6.964456081 -0.999760568 -0.019248579 -0.010408365 -41.931888580
0.003376717 0.057421263 0.998344243 165.531356812 -0.015829146 0.998228014 -0.057361022 -7.017332077 -0.999868929 -0.015609247 0.004279664 -41.928695679
0.018091226 0.054876763 0.998329222 166.221343994 -0.016395044 0.998374701 -0.054582149 -7.065538406 -0.999701917 -0.015380194 0.018961525 -41.899181366
0.034506567 0.049980789 0.998153925 166.895553589 -0.020612692 0.998571754 -0.049289133 -7.114815235 -0.999191821 -0.018873837 0.035487529 -41.864940643
0.050724298 0.042970654 0.997787833 167.574462891 -0.021531854 0.998888731 -0.041923463 -7.159500599 -0.998480558 -0.019357683 0.051593170 -41.817291260
0.067867592 0.035684910 0.997055948 168.252563477 -0.021839729 0.999173701 -0.034274127 -7.197457314 -0.997455299 -0.019449327 0.068590865 -41.758819580
0.085132793 0.028767388 0.995954216 168.914047241 -0.022877643 0.999375999 -0.026910672 -7.230877876 -0.996106923 -0.020494103 0.085737802 -41.692405701
0.101776458 0.022907194 0.994543552 169.575744629 -0.024703030 0.999484658 -0.020493027 -7.262800217 -0.994500458 -0.022482531 0.102289900 -41.607017517
0.120121285 0.020550437 0.992546558 170.231292725 -0.025800560 0.999512553 -0.017572206 -7.292725086 -0.992423892 -0.023497457 0.120592967 -41.517688751
0.138144568 0.019281752 0.990224361 170.871795654 -0.024465349 0.999571800 -0.016050648 -7.313899994 -0.990109801 -0.022008868 0.138557151 -41.424949646
0.155403912 0.018978242 0.987668693 171.509521484 -0.025289662 0.999564111 -0.015227634 -7.331130981 -0.987527251 -0.022611370 0.155816153 -41.310039520
0.170747623 0.017718786 0.985155463 172.138626099 -0.030667497 0.999449492 -0.012660569 -7.350999832 -0.984837472 -0.028050488 0.171197012 -41.174713135
0.186125442 0.014413756 0.982420206 172.753601074 -0.032112509 0.999447465 -0.008579664 -7.368691444 -0.982001066 -0.029951086 0.186485440 -41.056953430
0.197979376 0.010390893 0.980151176 173.377822876 -0.028715407 0.999576092 -0.004796637 -7.385073662 -0.979785502 -0.027195806 0.198193848 -40.922935486
0.208723620 0.009252874 0.977930903 173.995712280 -0.026535407 0.999640644 -0.003794729 -7.402047634 -0.977614760 -0.025157746 0.208894119 -40.787284851
0.218772933 0.013146592 0.975687206 174.598556519 -0.031244414 0.999490857 -0.006461564 -7.420375347 -0.975275457 -0.029071163 0.219072327 -40.639076233
0.227923691 0.020157000 0.973470330 175.184814453 -0.035289057 0.999299765 -0.012429426 -7.442393780 -0.973039329 -0.031519886 0.228475407 -40.491039276
0.236981481 0.029700002 0.971060038 175.773376465 -0.035040751 0.999143481 -0.022007449 -7.460163593 -0.970882118 -0.028811315 0.237819239 -40.340305328
0.245418817 0.035791326 0.968756258 176.365325928 -0.029992141 0.999120116 -0.029315114 -7.476614952 -0.968953192 -0.021860592 0.246276349 -40.192897797
0.251661867 0.033511885 0.967234850 176.957061768 -0.028760621 0.999217927 -0.027136868 -7.496763229 -0.967387795 -0.020988965 0.252428859 -40.037593842
0.257670641 0.026162051 0.965878546 177.562545776 -0.031771101 0.999322295 -0.018592231 -7.514628887 -0.965710342 -0.025896352 0.258327216 -39.865516663
0.261927724 0.015306808 0.964966178 178.166198730 -0.035547093 0.999348819 -0.006203404 -7.536260605 -0.964432597 -0.032676902 0.262301296 -39.687717438
0.264402270 0.007157877 0.964385867 178.760940552 -0.036031142 0.999347687 0.002461160 -7.560913086 -0.963739157 -0.035398662 0.264487743 -39.525077820
0.264556497 0.007315156 0.964342415 179.386260986 -0.033768009 0.999428213 0.001682566 -7.567820549 -0.963778794 -0.033009052 0.264652193 -39.343044281
0.265881419 0.009336365 0.963960469 179.985900879 -0.030085456 0.999546349 -0.001382802 -7.575157642 -0.963536143 -0.028633526 0.266041696 -39.180789948
0.267919034 0.008497162 0.963404059 180.586196899 -0.026427157 0.999649704 -0.001467554 -7.583887577 -0.963078976 -0.025066836 0.268049747 -39.019081116
0.269369394 0.006455051 0.963015258 181.201828003 -0.028937533 0.999580204 0.001394106 -7.587508202 -0.962602079 -0.028242806 0.269443184 -38.833034515
0.271835029 0.002761999 0.962339878 181.797592163 -0.028666425 0.999575377 0.005228626 -7.594976425 -0.961916804 -0.029008172 0.271798790 -38.658348083
0.274859339 -0.002518223 0.961481094 182.414154053 -0.027944108 0.999553323 0.010606344 -7.604772568 -0.961078286 -0.029782988 0.274666220 -38.477893829
0.279267102 -0.005157208 0.960199594 183.032424927 -0.026382655 0.999566853 0.013041856 -7.605406761 -0.959850967 -0.028974779 0.279010147 -38.293365479
0.285596043 -0.007248891 0.958322763 183.644821167 -0.024901465 0.999577641 0.014981998 -7.603005409 -0.958026528 -0.028142435 0.285294890 -38.106132507
0.293516546 -0.010736865 0.955893695 184.268081665 -0.023125058 0.999564588 0.018328167 -7.608859062 -0.955674171 -0.027484715 0.293140411 -37.915428162
0.303427756 -0.012781168 0.952768743 184.885833740 -0.019978929 0.999604940 0.019772144 -7.609463692 -0.952645004 -0.025034716 0.303052515 -37.715858459
0.314739645 -0.010554337 0.949119389 185.504714966 -0.021771243 0.999594867 0.018335242 -7.611220360 -0.948928297 -0.026434336 0.314382344 -37.504680634
0.326028526 -0.007024269 0.945333838 186.113815308 -0.023064608 0.999615729 0.015382176 -7.613289356 -0.945078611 -0.026818786 0.325741172 -37.279350281
0.337703109 -0.004204685 0.941243291 186.720077515 -0.023948152 0.999627948 0.013057715 -7.615448952 -0.940947890 -0.026950665 0.337476790 -37.054752350
0.349353522 -0.004059466 0.936982214 187.335922241 -0.022205576 0.999673903 0.012610418 -7.612488270 -0.936727822 -0.025211722 0.349149466 -36.818950653
0.360611260 -0.006846575 0.932691157 187.966781616 -0.021405945 0.999648929 0.015614380 -7.609187126 -0.932470560 -0.025595855 0.360338092 -36.570140839
